"chr1","7339975","7340286","JH378105","30074426","30074735","44","22734451"
"chr1","56622930","56623242","JH378234","2806107","2806409","52","53816823"
"chr1","197132242","197132554","JH378114","36876536","36876843","45","160255706"
"chr1","1441756","1442074","JH378151","5903380","5903673","67","4461624"
"chr1","11140981","11141282","JH378293","867202","867495","45","10273779"
"chr1","17170368","17170657","JH378109","33226384","33226670","44","16056016"
"chr1","18218867","18219178","JH378139","15546874","15547182","46","2671993"
"chr1","20447149","20447450","JH378228","5526219","5526521","54","14920930"
"chr1","39452545","39452836","JH378111","44623372","44623662","37","5170827"
"chr1","61603819","61604128","JH378115","28553246","28553551","47","33050573"
"chr1","97910674","97910987","JH378117","8273843","8274143","48","89636831"
"chr1","106561301","106561562","JH378149","13828440","13828697","44","92732861"
"chr1","123207524","123207802","JH378122","7809799","7810085","46","115397725"
"chr1","211156972","211157274","JH378118","17331774","17332076","44","193825198"
"chr1","225967937","225968232","JH378123","29482551","29482848","45","196485386"
"chr1","227409692","227409998","JH378113","15232832","15233136","39","212176860"
"chr1","806113","806419","JH378193","4088336","4088639","46","3282223"
"chr1","871067","871361","JH378125","15313063","15313352","52","14441996"
"chr1","883784","884059","JH378112","14425894","14426167","50","13542110"
"chr1","923971","924257","JH378135","2083499","2083789","43","1159528"
"chr1","930545","930814","JH378236","2562853","2563118","52","1632308"
"chr1","1016208","1016497","JH378135","17707279","17707571","49","16691071"
"chr1","1072891","1073173","JH378154","14273514","14273808","53","13200623"
"chr1","1078601","1078904","JH378199","1555773","1556071","57","477172"
"chr1","1100336","1100637","JH378200","886572","886874","37","213764"
"chr1","1151745","1152055","JH378314","184239","184548","52","967506"
"chr1","1182600","1182896","JH378262","3361970","3362261","39","2179370"
"chr1","1234413","1234701","JH378117","6076538","6076831","41","4842125"
"chr1","1334825","1335058","JH378211","2321219","2321454","43","986394"
"chr1","1361771","1362064","JH378153","13038261","13038552","52","11676490"
"chr1","1364926","1365179","JH378172","1936923","1937169","47","571997"
"chr1","1414789","1414975","JH378137","19323143","19323313","56","17908354"
"chr1","1415241","1415383","JH378232","5487123","5487266","30","4071882"
"chr1","1421879","1422167","JH378164","6799720","6800008","52","5377841"
"chr1","1446261","1446518","JH378105","21076785","21077036","48","19630524"
"chr1","1446525","1446741","JH378107","3340768","3340992","68","1894243"
"chr1","1447033","1447087","JH378134","22123990","22124046","18","20676957"
"chr1","1473818","1474140","JH378111","34678603","34678901","63","33204785"
"chr1","1478526","1478842","JH378156","6640727","6641043","43","5162201"
"chr1","1489050","1489290","JH378115","35683459","35683705","43","34194409"
"chr1","1489691","1489968","JH378134","21732976","21733249","49","20243285"
"chr1","1515038","1515324","JH378108","24083744","24084033","43","22568706"
"chr1","1536698","1536832","JH378105","22915833","22915964","19","21379135"
"chr1","1582663","1582957","JH378109","15102213","15102512","42","13519550"
"chr1","1610543","1610806","JH378139","209730","209992","36","1400813"
"chr1","1665121","1665425","JH378118","10693452","10693756","47","9028331"
"chr1","1674260","1674557","JH378188","7232167","7232465","44","5557907"
"chr1","1679758","1680041","JH378105","37094152","37094433","40","35414394"
"chr1","1689215","1689513","JH378106","69562637","69562935","37","67873422"
"chr1","1694161","1694434","JH378168","2967958","2968218","43","1273797"
"chr1","1720573","1720867","JH378117","6076538","6076831","44","4355965"
"chr1","1723075","1723390","JH378171","11133259","11133559","76","9410184"
"chr1","1733486","1733768","JH378110","7125375","7125650","53","5391889"
"chr1","1739275","1739574","JH378112","20863173","20863471","39","19123898"
"chr1","1743672","1743955","JH378107","189732","190020","51","1553940"
"chr1","1771319","1771556","JH378111","20524956","20525178","50","18753637"
"chr1","1810270","1810572","JH378140","16247165","16247461","43","14436895"
"chr1","1816526","1816617","JH378124","5052722","5052813","10","3236196"
"chr1","1854650","1854917","JH378153","2114272","2114538","43","259622"
"chr1","1860616","1860906","JH378141","9524229","9524528","41","7663613"
"chr1","1864931","1865228","JH378148","2011019","2011312","38","146088"
"chr1","1867792","1868073","JH378112","19879719","19880008","41","18011927"
"chr1","1869962","1870225","JH378221","5865267","5865524","33","3995305"
"chr1","1874322","1874633","JH378110","15808603","15808903","46","13934281"
"chr1","1878090","1878389","JH378124","15766356","15766649","53","13888266"
"chr1","1923062","1923362","JH378242","734891","735189","38","1188171"
"chr1","1948693","1949001","JH378108","30957686","30957982","49","29008993"
"chr1","2000756","2001044","JH378115","16549844","16550133","37","14549088"
"chr1","2003421","2003752","JH378223","370427","370753","47","1632994"
"chr1","2087238","2087539","JH378153","12888892","12889194","41","10801654"
"chr1","2097714","2098027","JH378244","3845104","3845415","45","1747390"
"chr1","2106980","2107287","JH378206","2642476","2642775","44","535496"
"chr1","2108461","2108771","JH378249","1601829","1602137","46","506632"
"chr1","2124703","2124956","JH378221","5283905","5284160","40","3159202"
"chr1","2132434","2132743","JH378176","11220714","11221018","48","9088280"
"chr1","2231400","2231719","JH378221","5533597","5533908","43","3302197"
"chr1","2254558","2254850","JH378221","5511066","5511358","43","3256508"
"chr1","2277108","2277393","JH378111","43268192","43268483","40","40991084"
"chr1","2291309","2291594","JH378193","2263082","2263366","56","28227"
"chr1","2443566","2443816","JH378116","11400503","11400756","46","8956937"
"chr1","2452273","2452573","JH378221","5322261","5322568","48","2869988"
"chr1","2490533","2490838","JH378141","19020351","19020656","39","16529818"
"chr1","2583712","2584005","JH378271","3155632","3155922","47","571920"
"chr1","2642022","2642330","JH378117","15749415","15749721","41","13107393"
"chr1","2949139","2949448","JH378152","16029844","16030148","52","13080705"
"chr1","3424326","3424601","JH378108","23694983","23695262","55","20270657"
"chr1","3518078","3518378","JH378123","5667081","5667374","41","2149003"
"chr1","3532841","3533129","JH378106","68479909","68480208","47","64947068"
"chr1","3587344","3587612","JH378154","16232662","16232924","52","12645318"
"chr1","3633239","3633544","JH378108","26901048","26901345","42","23267809"
"chr1","3635793","3636091","JH378138","6648162","6648458","41","3012369"
"chr1","3648983","3649238","JH378156","1380668","1380930","42","2268315"
"chr1","3662094","3662385","JH378115","34769363","34769654","35","31107269"
"chr1","3669606","3669916","JH378119","28438122","28438435","45","24768516"
"chr1","3693828","3694131","JH378262","1936694","1936996","33","1757134"
"chr1","3706338","3706620","JH378223","5259349","5259635","46","1553011"
"chr1","3709432","3709724","JH378121","20749858","20750157","47","17040426"
"chr1","3727938","3728241","JH378109","25988945","25989247","40","22261007"
"chr1","3729348","3729651","JH378113","4126123","4126428","42","396775"
"chr1","3756596","3756889","JH378221","4088336","4088619","41","331740"
"chr1","3765561","3765811","JH378139","17358360","17358597","52","13592799"
"chr1","3775400","3775709","JH378204","3945411","3945718","48","170011"
"chr1","3795716","3796015","JH378141","14454762","14455052","46","10659046"
"chr1","3804633","3804940","JH378129","10477083","10477384","39","6672450"
"chr1","3847217","3847513","JH378152","13776460","13776759","52","9929243"
"chr1","3950849","3951144","JH378127","22815027","22815328","51","18864178"
"chr1","3954205","3954489","JH378173","10880896","10881187","50","6926691"
"chr1","3965234","3965544","JH378153","14175225","14175527","41","10209991"
"chr1","4020560","4020848","JH378153","14658508","14658797","46","10637948"
"chr1","4027996","4028298","JH378135","21833062","21833364","51","17805066"
"chr1","4177988","4178238","JH378135","4436418","4436677","40","258430"
"chr1","4205004","4205297","JH378109","8720176","8720466","45","4515172"
"chr1","4232354","4232625","JH378127","20137462","20137737","43","15905108"
"chr1","4270358","4270690","JH378117","19004041","19004369","68","14733683"
"chr1","4296482","4296761","JH378221","3588462","3588726","46","708020"
"chr1","4300384","4300691","JH378280","3023588","3023891","47","1276796"
"chr1","4336683","4336970","JH378108","51058639","51058929","43","46721956"
"chr1","4359042","4359349","JH378224","2515142","2515446","45","1843900"
"chr1","4359904","4360188","JH378142","8582255","8582540","57","4222351"
"chr1","4432424","4432706","JH378188","8291764","8292058","53","3859340"
"chr1","4465160","4465445","JH378133","9743043","9743332","41","5277883"
"chr1","4692764","4693049","JH378148","3031128","3031420","37","1661636"
"chr1","4821133","4821444","JH378152","15090372","15090678","49","10269239"
"chr1","4823933","4824244","JH378220","1403361","1403672","35","3420572"
"chr1","4928061","4928330","JH378177","5640956","5641241","53","712895"
"chr1","5061678","5061995","JH378114","41614179","41614488","46","36552501"
"chr1","5158330","5158625","JH378156","1920","2211","44","5156410"
"chr1","5172036","5172329","JH378131","2330308","2330597","36","2841728"
"chr1","5642652","5642950","JH378255","3447746","3448043","38","2194906"
"chr1","5786454","5786751","JH378221","5809724","5810019","52","23270"
"chr1","5836965","5837242","JH378137","1542358","1542638","47","4294607"
"chr1","5963082","5963375","JH378113","29975858","29976154","51","24012776"
"chr1","5984777","5985077","JH378127","20579756","20580057","55","14594979"
"chr1","5989126","5989424","JH378148","12384260","12384561","52","6395134"
"chr1","5991781","5992088","JH378204","3945411","3945718","44","2046370"
"chr1","6029389","6029706","JH378112","33452684","33452993","50","27423295"
"chr1","6074901","6075190","JH378123","5667081","5667374","34","407820"
"chr1","6086630","6086923","JH378111","16422425","16422715","40","10335795"
"chr1","6098413","6098678","JH378213","818596","818865","39","5279817"
"chr1","6103678","6103977","JH378118","10693452","10693756","47","4589774"
"chr1","6133326","6133629","JH378262","1936694","1936996","32","4196632"
"chr1","6133630","6133931","JH378106","69063427","69063728","37","62929797"
"chr1","6159617","6159917","JH378198","396866","397166","47","5762751"
"chr1","6163417","6163678","JH378106","5142374","5142640","57","1021043"
"chr1","6178161","6178457","JH378128","12437864","12438161","42","6259703"
"chr1","6209517","6209813","JH378173","9472851","9473151","40","3263334"
"chr1","6228186","6228455","JH378136","12418870","12419139","49","6190684"
"chr1","6243617","6243919","JH378252","4291425","4291721","41","1952192"
"chr1","6251627","6251874","JH378129","9423803","9424054","65","3172176"
"chr1","6278778","6278929","JH378109","26054998","26055129","43","19776220"
"chr1","6279142","6279285","JH378167","5324079","5324221","27","955063"
"chr1","6337925","6338212","JH378119","10249605","10249888","42","3911680"
"chr1","6340799","6341094","JH378114","37013997","37014291","39","30673198"
"chr1","6348102","6348419","JH378205","4278012","4278319","44","2070090"
"chr1","6356344","6356487","JH378128","25274620","25274764","14","18918276"
"chr1","6356788","6356939","JH378144","18282379","18282526","40","11925591"
"chr1","6368669","6368973","JH378149","384599","384898","44","5984070"
"chr1","6374727","6375032","JH378288","2786677","2786981","47","3588050"
"chr1","6392875","6393180","JH378139","10433692","10433994","40","4040817"
"chr1","6393282","6393580","JH378242","734891","735189","42","5658391"
"chr1","6394064","6394360","JH378242","734891","735189","47","5659173"
"chr1","6423392","6423646","JH378122","6183298","6183540","42","240094"
"chr1","6426622","6426928","JH378131","12718360","12718656","51","6291738"
"chr1","6429860","6429969","JH378195","3840863","3840961","19","2588997"
"chr1","6454095","6454400","JH378118","10693452","10693756","41","4239357"
"chr1","6480737","6481031","JH378146","775831","776122","50","5704906"
"chr1","6493825","6494082","JH378106","27411404","27411662","42","20917579"
"chr1","6508092","6508379","JH378173","4678251","4678536","41","1829841"
"chr1","6550963","6551277","JH378127","14973650","14973958","49","8422687"
"chr1","6564888","6565184","JH378220","4350061","4350357","45","2214827"
"chr1","6586204","6586475","JH378213","4422853","4423134","45","2163351"
"chr1","6614044","6614339","JH378141","9524229","9524528","49","2910185"
"chr1","6647449","6647657","JH378199","443122","443323","37","6204327"
"chr1","6649368","6649666","JH378123","5667081","5667374","47","982287"
"chr1","6686958","6687270","JH378112","23716016","23716324","46","17029058"
"chr1","6739865","6740125","JH378299","666691","666951","33","6073174"
"chr1","6749805","6750028","JH378139","7853096","7853322","34","1103291"
"chr1","6750180","6750492","JH378110","2590007","2590314","43","4160173"
"chr1","6754626","6754934","JH378206","2427764","2428073","45","4326862"
"chr1","6762324","6762618","JH378136","839654","839946","39","5922670"
"chr1","6782175","6782461","JH378165","3554292","3554583","47","3227883"
"chr1","6786099","6786411","JH378246","2033796","2034100","46","4752303"
"chr1","6793151","6793455","JH378118","10693452","10693756","37","3900301"
"chr1","6807797","6808114","JH378106","2172328","2172633","59","4635469"
"chr1","6809931","6810226","JH378115","16549844","16550133","48","9739913"
"chr1","6835775","6836077","JH378262","1936694","1936996","41","4899081"
"chr1","6849604","6849897","JH378110","7881643","7881940","62","1032039"
"chr1","6878159","6878468","JH378126","782415","782718","42","6095744"
"chr1","6878494","6878781","JH378235","1235067","1235353","48","5643427"
"chr1","6950275","6950570","JH378115","16549844","16550133","49","9599569"
"chr1","6965085","6965391","JH378255","1058410","1058705","45","5906675"
"chr1","7002157","7002443","JH378221","1085122","1085403","51","5917035"
"chr1","7022398","7022707","JH378197","3241273","3241575","41","3781125"
"chr1","7034182","7034487","JH378118","10693452","10693756","42","3659270"
"chr1","7051168","7051466","JH378119","360557","360852","36","6690611"
"chr1","7097016","7097312","JH378195","2148198","2148495","41","4948818"
"chr1","7143392","7143670","JH378300","781632","781913","46","6361760"
"chr1","7144484","7144766","JH378114","30421755","30422034","40","23277271"
"chr1","7153237","7153524","JH378181","227616","227898","40","6925621"
"chr1","7183711","7184024","JH378221","898166","898458","54","6285545"
"chr1","7255246","7255531","JH378221","828783","829082","49","6426463"
"chr1","7353802","7354133","JH378196","3872159","3872491","60","3481643"
"chr1","7391376","7391646","JH378122","2843350","2843620","45","4548026"
"chr1","7463336","7463647","JH378134","9261505","9261814","47","1798169"
"chr1","7546654","7546968","JH378127","1791547","1791857","44","5755107"
"chr1","7555461","7555772","JH378127","1791547","1791857","42","5763914"
"chr1","7629776","7630024","JH378145","582483","582727","36","7047293"
"chr1","7649567","7649859","JH378278","3122874","3123168","51","4526693"
"chr1","7663774","7664083","JH378137","16253596","16253904","45","8589822"
"chr1","7682115","7682416","JH378262","1936694","1936996","44","5745421"
"chr1","7697718","7698015","JH378105","55574476","55574778","44","47876758"
"chr1","7740877","7741175","JH378105","45886739","45887040","41","38145862"
"chr1","7742374","7742661","JH378221","354531","354820","30","7387843"
"chr1","7746964","7747212","JH378275","1692408","1692657","34","6054556"
"chr1","7755789","7756083","JH378191","967537","967830","37","6788252"
"chr1","7758280","7758582","JH378242","734891","735189","44","7023389"
"chr1","7759537","7759845","JH378119","2681409","2681712","44","5078128"
"chr1","7766650","7766959","JH378135","16046002","16046306","39","8279352"
"chr1","7769080","7769350","JH378229","2648106","2648374","45","5120974"
"chr1","7776245","7776536","JH378140","5325520","5325814","36","2450725"
"chr1","7794554","7794844","JH378221","300120","300403","42","7494434"
"chr1","7807337","7807633","JH378126","782415","782718","43","7024922"
"chr1","7815921","7816211","JH378115","28716128","28716418","40","20900207"
"chr1","7818979","7819273","JH378213","3242672","3242967","34","4576307"
"chr1","7849169","7849449","JH378206","17099","17389","50","7832070"
"chr1","7859477","7859761","JH378171","5901188","5901476","49","1958289"
"chr1","7871432","7871728","JH378112","34723890","34724187","43","26852458"
"chr1","7919200","7919497","JH378234","2806107","2806409","44","5113093"
"chr1","7964749","7965034","JH378194","7963931","7964213","43","818"
"chr1","7965708","7966017","JH378118","20140583","20140886","38","12174875"
"chr1","7981099","7981396","JH378105","69163567","69163856","49","61182468"
"chr1","7995398","7995700","JH378143","6011946","6012241","49","1983452"
"chr1","8001521","8001818","JH378106","69562637","69562935","48","61561116"
"chr1","8002276","8002565","JH378200","261439","261727","47","7740837"
"chr1","8005550","8005856","JH378117","32289208","32289505","46","24283658"
"chr1","8010088","8010391","JH378152","13742000","13742297","43","5731912"
"chr1","8013253","8013559","JH378116","22378952","22379256","44","14365699"
"chr1","8045811","8046103","JH378123","21695970","21696268","43","13650159"
"chr1","8049620","8049913","JH378127","16083164","16083457","58","8033544"
"chr1","8065189","8065490","JH378148","5678256","5678554","50","2386933"
"chr1","8070636","8070940","JH378118","10693452","10693756","47","2622816"
"chr1","8074970","8075148","JH378105","45345926","45346101","27","37270956"
"chr1","8075698","8075987","JH378163","8365625","8365922","47","289927"
"chr1","8076331","8076631","JH378148","13262362","13262662","35","5186031"
"chr1","8077023","8077324","JH378129","5150668","5150949","61","2926355"
"chr1","8085483","8085790","JH378118","10693452","10693756","44","2607969"
"chr1","8094872","8095138","JH378154","11102614","11102873","45","3007742"
"chr1","8122221","8122528","JH378131","2434394","2434708","32","5687827"
"chr1","8132981","8133281","JH378205","7517678","7517968","59","615303"
"chr1","8133297","8133596","JH378139","2261573","2261873","30","5871724"
"chr1","8138606","8138882","JH378119","5541960","5542223","55","2596646"
"chr1","8146937","8147221","JH378105","50034667","50034949","41","41887730"
"chr1","8151765","8152058","JH378189","3786344","3786637","39","4365421"
"chr1","8153103","8153411","JH378301","920694","921000","42","7232409"
"chr1","8154335","8154627","JH378148","12335761","12336055","39","4181426"
"chr1","8155615","8155906","JH378113","39319250","39319536","42","31163635"
"chr1","8176772","8177074","JH378151","6150117","6150421","38","2026655"
"chr1","8189543","8189825","JH378108","20497499","20497784","41","12307956"
"chr1","8197633","8197761","JH378135","301532","301659","18","7896101"
"chr1","8200357","8200648","JH378136","50874","51166","42","8149483"
"chr1","8209139","8209429","JH378144","872582","872874","45","7336557"
"chr1","8225893","8226196","JH378131","2337347","2337654","32","5888546"
"chr1","8236438","8236733","JH378172","9370200","9370493","32","1133762"
"chr1","8276221","8276533","JH378106","2172328","2172633","46","6103893"
"chr1","8276567","8276699","JH378213","4209495","4209630","18","4067072"
"chr1","8277005","8277059","JH378118","28940531","28940576","18","20663526"
"chr1","8280790","8281087","JH378156","3853230","3853526","37","4427560"
"chr1","8287433","8287739","JH378221","5880620","5880917","50","2406813"
"chr1","8289076","8289372","JH378148","3195871","3196169","35","5093205"
"chr1","8296104","8296399","JH378242","734891","735189","43","7561213"
"chr1","8300817","8301135","JH378152","16188403","16188709","56","7887586"
"chr1","8302513","8302822","JH378110","40011605","40011912","45","31709092"
"chr1","8324489","8324798","JH378220","6273810","6274113","39","2050679"
"chr1","8337719","8337981","JH378167","8273333","8273599","35","64386"
"chr1","8445936","8446235","JH378220","4350061","4350357","36","4095875"
"chr1","8448308","8448603","JH378125","15313063","15313352","39","6864755"
"chr1","8470508","8470775","JH378213","6815104","6815369","44","1655404"
"chr1","8522839","8523110","JH378114","33998852","33999125","53","25476013"
"chr1","8524077","8524232","JH378143","2383120","2383278","32","6140957"
"chr1","8524531","8524667","JH378107","55895704","55895839","16","47371173"
"chr1","8546551","8546849","JH378118","23039489","23039776","42","14492938"
"chr1","8551382","8551696","JH378206","1268945","1269256","47","7282437"
"chr1","8577353","8577647","JH378105","47354649","47354946","46","38777296"
"chr1","8594411","8594630","JH378113","41905483","41905699","34","33311072"
"chr1","8601675","8601807","JH378234","2807132","2807268","15","5794543"
"chr1","8604096","8604405","JH378141","19020351","19020656","50","10416255"
"chr1","8616022","8616321","JH378220","3170241","3170542","49","5445781"
"chr1","8713757","8714044","JH378203","7885064","7885353","41","828693"
"chr1","8732127","8732340","JH378260","3723216","3723423","49","5008911"
"chr1","8741451","8741741","JH378147","15759138","15759416","44","7017687"
"chr1","8757031","8757335","JH378166","13698898","13699202","49","4941867"
"chr1","8759940","8760240","JH378113","2184682","2184974","56","6575258"
"chr1","8772341","8772630","JH378106","6660208","6660505","39","2112133"
"chr1","8773397","8773576","JH378157","8977299","8977479","29","203902"
"chr1","8790614","8790909","JH378109","34030083","34030375","77","25239469"
"chr1","8794196","8794458","JH378114","20734954","20735221","48","11940758"
"chr1","8806779","8807064","JH378326","204096","204381","38","8602683"
"chr1","8808049","8808327","JH378117","36078925","36079198","44","27270876"
"chr1","8819125","8819411","JH378127","5317720","5318008","34","3501405"
"chr1","8827080","8827361","JH378164","6714567","6714844","41","2112513"
"chr1","8832909","8833214","JH378115","2763171","2763458","70","6069738"
"chr1","8833404","8833669","JH378131","1687914","1688186","43","7145490"
"chr1","8841153","8841364","JH378111","19001225","19001437","49","10160072"
"chr1","8863626","8863926","JH378131","1654837","1655135","39","7208789"
"chr1","8884577","8884646","JH378216","5906472","5906540","8","2978105"
"chr1","8888377","8888650","JH378232","2920110","2920380","41","5968267"
"chr1","8894299","8894572","JH378122","7809799","7810085","46","1084500"
"chr1","8895372","8895508","JH378149","10169880","10170014","19","1274508"
"chr1","8897054","8897367","JH378135","16449037","16449347","41","7551983"
"chr1","8905619","8905951","JH378128","10880524","10880831","69","1974905"
"chr1","8912538","8912811","JH378184","5326135","5326413","37","3586403"
"chr1","8921941","8922222","JH378190","2110516","2110800","44","6811425"
"chr1","8923659","8923954","JH378163","14312901","14313198","43","5389242"
"chr1","8925564","8925849","JH378193","1868175","1868464","50","7057389"
"chr1","8929502","8929663","JH378105","10557376","10557537","36","1627874"
"chr1","8929971","8930115","JH378108","31569309","31569458","24","22639338"
"chr1","8942278","8942579","JH378198","396866","397166","37","8545412"
"chr1","8944800","8945092","JH378191","967537","967830","38","7977263"
"chr1","8948023","8948315","JH378140","13990409","13990701","33","5042386"
"chr1","8961683","8961979","JH378135","16046002","16046306","54","7084319"
"chr1","8966479","8966784","JH378105","55161570","55161870","46","46195091"
"chr1","8971912","8972204","JH378187","2759115","2759407","41","6212797"
"chr1","8982197","8982492","JH378113","14532240","14532539","54","5550043"
"chr1","8983095","8983359","JH378131","1551088","1551349","41","7432007"
"chr1","8990943","8991070","JH378152","4496049","4496169","21","4494894"
"chr1","8997180","8997412","JH378141","15808367","15808597","48","6811187"
"chr1","9004680","9004894","JH378111","19001225","19001437","33","9996545"
"chr1","9011218","9011527","JH378117","15749415","15749721","41","6738197"
"chr1","9019020","9019210","JH378255","529289","529473","25","8489731"
"chr1","9020749","9020873","JH378112","13291402","13291526","22","4270653"
"chr1","9035915","9036219","JH378166","9428708","9429013","52","392793"
"chr1","9036407","9036718","JH378131","1500567","1500875","41","7535840"
"chr1","9046538","9046840","JH378105","8442381","8442678","49","604157"
"chr1","9051541","9051814","JH378105","22316938","22317211","56","13265397"
"chr1","9053104","9053414","JH378204","3945411","3945718","39","5107693"
"chr1","9053873","9054175","JH378113","14308366","14308666","44","5254493"
"chr1","9058104","9058415","JH378118","10693452","10693756","43","1635348"
"chr1","9060519","9060825","JH378200","886572","886874","42","8173947"
"chr1","9063022","9063336","JH378135","9840354","9840669","49","777332"
"chr1","9067203","9067421","JH378293","1950043","1950263","40","7117160"
"chr1","9076441","9076721","JH378256","1961202","1961481","41","7115239"
"chr1","9096747","9097028","JH378110","34162160","34162442","39","25065413"
"chr1","9097566","9097709","JH378108","35260894","35261037","18","26163328"
"chr1","9098004","9098161","JH378167","508244","508403","33","8589760"
"chr1","9099444","9099749","JH378193","3655622","3655925","49","5443822"
"chr1","9100294","9100603","JH378120","4438901","4439206","41","4661393"
"chr1","9103726","9104033","JH378148","12335761","12336055","64","3232035"
"chr1","9110847","9111152","JH378126","782415","782718","36","8328432"
"chr1","9112365","9112530","JH378219","6396636","6396804","22","2715729"
"chr1","9114708","9114989","JH378179","2770478","2770770","45","6344230"
"chr1","9131734","9132035","JH378242","734891","735189","49","8396843"
"chr1","9134337","9134559","JH378109","48953753","48953976","34","39819416"
"chr1","9136043","9136328","JH378189","7335796","7336075","51","1800247"
"chr1","9136337","9136530","JH378167","12576421","12576619","39","3440084"
"chr1","9143095","9143392","JH378157","1154304","1154607","49","7988791"
"chr1","9153440","9153741","JH378178","8042470","8042765","41","1110970"
"chr1","9162977","9163257","JH378277","169900","170182","41","8993077"
"chr1","9165380","9165670","JH378107","53276825","53277112","45","44111445"
"chr1","9166641","9166759","JH378105","56601369","56601491","27","47434728"
"chr1","9167620","9167924","JH378160","13103182","13103478","43","3935562"
"chr1","9177971","9178072","JH378137","919412","919513","13","8258559"
"chr1","9183890","9184196","JH378135","1618015","1618319","50","7565875"
"chr1","9197424","9197716","JH378118","10693452","10693756","48","1496028"
"chr1","9201389","9201686","JH378188","7232167","7232465","35","1969222"
"chr1","9204858","9205151","JH378185","912659","912955","47","8292199"
"chr1","9208279","9208423","JH378127","21235722","21235868","28","12027443"
"chr1","9211334","9211491","JH378136","13734238","13734384","45","4522904"
"chr1","9211786","9211921","JH378133","7666290","7666425","11","1545496"
"chr1","9213519","9213823","JH378143","5579727","5580030","42","3633792"
"chr1","9216694","9216992","JH378116","28282701","28282994","35","19066007"
"chr1","9229088","9229398","JH378106","63132227","63132529","56","53903139"
"chr1","9238790","9239080","JH378137","1180480","1180771","42","8058310"
"chr1","9246847","9247155","JH378167","4158411","4158718","37","5088436"
"chr1","9268121","9268418","JH378111","8498303","8498600","36","769818"
"chr1","9269787","9269986","JH378111","34084751","34084947","24","24814964"
"chr1","9310225","9310524","JH378135","3207581","3207895","72","6102644"
"chr1","9327941","9328235","JH378148","12335761","12336055","33","3007820"
"chr1","9360665","9360965","JH378148","13262362","13262662","33","3901697"
"chr1","9373504","9373784","JH378105","50034667","50034949","47","40661163"
"chr1","9375286","9375581","JH378119","28803177","28803468","40","19427891"
"chr1","9387520","9387813","JH378131","1137873","1138177","51","8249647"
"chr1","9390177","9390413","JH378262","2943023","2943258","30","6447154"
"chr1","9393405","9393714","JH378140","6128865","6129171","41","3264540"
"chr1","9395595","9395915","JH378118","10693452","10693756","54","1297857"
"chr1","9397466","9397652","JH378267","358566","358737","40","9038900"
"chr1","9397946","9398080","JH378124","17682396","17682531","14","8284450"
"chr1","9409985","9410276","JH378131","1111821","1112112","31","8298164"
"chr1","9423259","9423554","JH378116","19694866","19695160","53","10271607"
"chr1","9432301","9432597","JH378110","6965048","6965350","44","2467253"
"chr1","9440611","9440919","JH378108","18569772","18570078","45","9129161"
"chr1","9450496","9450612","JH378165","2374563","2374679","10","7075933"
"chr1","9453272","9453355","JH378131","8931391","8931474","8","521881"
"chr1","9455035","9455335","JH378131","1064476","1064779","38","8390559"
"chr1","9463833","9463984","JH378125","6922374","6922528","23","2541459"
"chr1","9473660","9473965","JH378115","26968615","26968913","42","17494955"
"chr1","9479072","9479365","JH378167","11202084","11202374","50","1723012"
"chr1","9484169","9484479","JH378314","184239","184548","45","9299930"
"chr1","9487884","9488143","JH378146","9756021","9756280","42","268137"
"chr1","9488484","9488710","JH378131","1027767","1027994","33","8460717"
"chr1","9490995","9491144","JH378126","23493847","23493997","24","14002852"
"chr1","9493063","9493080","JH378105","48290961","48290972","7","38797898"
"chr1","9493110","9493392","JH378105","50034667","50034949","41","40541557"
"chr1","9496209","9496509","JH378114","20734954","20735221","71","11238745"
"chr1","9499346","9499642","JH378164","1985629","1985927","41","7513717"
"chr1","9508101","9508255","JH378152","12893231","12893382","26","3385130"
"chr1","9510834","9511021","JH378267","1578253","1578442","27","7932581"
"chr1","9516956","9517093","JH378125","4589691","4589826","16","4927265"
"chr1","9518665","9518906","JH378204","1849445","1849686","44","7669220"
"chr1","9522106","9522390","JH378139","17086414","17086694","52","7564308"
"chr1","9527603","9527910","JH378108","50609420","50609729","43","41081817"
"chr1","9543381","9543711","JH378125","9079890","9080218","64","463491"
"chr1","9544956","9545260","JH378225","6103213","6103503","50","3441743"
"chr1","9556178","9556425","JH378275","1692408","1692657","33","7863770"
"chr1","9561115","9561409","JH378153","2856479","2856773","38","6704636"
"chr1","9562854","9563155","JH378131","969136","969431","43","8593718"
"chr1","9568982","9569317","JH378122","29052182","29052494","84","19483200"
"chr1","9590529","9590797","JH378157","6000937","6001194","46","3589592"
"chr1","9602658","9602959","JH378323","767953","768259","44","8834705"
"chr1","9628317","9628621","JH378131","901572","901879","36","8726745"
"chr1","9651184","9651498","JH378110","2590007","2590314","48","7061177"
"chr1","9657230","9657531","JH378129","1199150","1199451","39","8458080"
"chr1","9657857","9657991","JH378216","7116473","7116605","15","2541384"
"chr1","9658286","9658444","JH378157","12402064","12402214","36","2743778"
"chr1","9668439","9668744","JH378107","529179","529482","52","9139260"
"chr1","9672639","9672939","JH378118","10693452","10693756","44","1020813"
"chr1","9688673","9688990","JH378133","8263869","8264178","53","1424804"
"chr1","9689711","9690004","JH378111","43268192","43268483","39","33578481"
"chr1","9704886","9705178","JH378167","7541085","7541377","41","2163801"
"chr1","9708001","9708312","JH378115","14987072","14987385","41","5279071"
"chr1","9734466","9734764","JH378149","14546048","14546350","41","4811582"
"chr1","9736147","9736297","JH378125","5599410","5599561","17","4136737"
"chr1","9757172","9757396","JH378158","9154126","9154346","47","603046"
"chr1","9759253","9759552","JH378216","4809975","4810272","36","4949278"
"chr1","9760939","9761232","JH378199","7196909","7197202","45","2564030"
"chr1","9773688","9773918","JH378105","45639946","45640176","42","35866258"
"chr1","9780525","9780664","JH378296","887584","887721","31","8892941"
"chr1","9780980","9781145","JH378148","2046250","2046409","33","7734730"
"chr1","9781916","9782064","JH378186","1895634","1895782","18","7886282"
"chr1","9792466","9792757","JH378141","14454762","14455052","42","4662296"
"chr1","9796010","9796213","JH378120","3180126","3180329","30","6615884"
"chr1","9807562","9807691","JH378136","1806802","1806930","14","8000760"
"chr1","9807970","9808118","JH378105","7893701","7893843","34","1914269"
"chr1","9819155","9819460","JH378118","10693452","10693756","42","874297"
"chr1","9833241","9833544","JH378242","734891","735189","39","9098350"
"chr1","9839112","9839377","JH378110","7925750","7926017","33","1913362"
"chr1","9852920","9853210","JH378182","1921178","1921467","45","7931742"
"chr1","9854132","9854400","JH378130","8812952","8813212","44","1041180"
"chr1","9909648","9909948","JH378262","1936694","1936996","40","7972954"
"chr1","9917033","9917199","JH378149","1124237","1124383","46","8792796"
"chr1","9917500","9917634","JH378206","438225","438357","27","9479275"
"chr1","9932273","9932581","JH378115","19583909","19584219","58","9651636"
"chr1","9932597","9932734","JH378131","16208116","16208252","19","6275519"
"chr1","9938349","9938623","JH378125","5366702","5366979","53","4571647"
"chr1","9939080","9939382","JH378110","6207232","6207533","52","3731848"
"chr1","9944013","9944292","JH378232","3348298","3348573","42","6595715"
"chr1","9944320","9944335","JH378185","5729091","5729102","4","4215229"
"chr1","9948384","9948719","JH378189","3948588","3948904","71","5999796"
"chr1","9949775","9950064","JH378114","37013997","37014291","48","27064222"
"chr1","9957383","9957643","JH378119","31401450","31401705","48","21444067"
"chr1","9966318","9966453","JH378107","55895704","55895839","22","45929386"
"chr1","9967590","9967846","JH378244","3128296","3128550","40","6839294"
"chr1","9972450","9972746","JH378110","6965048","6965350","45","3007402"
"chr1","9979602","9979884","JH378279","1666661","1666937","47","8312941"
"chr1","9986598","9986887","JH378135","5609813","5610105","41","4376785"
"chr1","9989757","9990039","JH378283","2933790","2934070","46","7055967"
"chr1","10001329","10001636","JH378111","12898365","12898668","52","2897036"
"chr1","10004805","10005103","JH378105","12770941","12771250","65","2766136"
"chr1","10008881","10009166","JH378221","506746","507023","45","9502135"
"chr1","10014149","10014242","JH378108","45286143","45286235","18","35271994"
"chr1","10014543","10014748","JH378254","343341","343553","52","9671202"
"chr1","10020435","10020711","JH378135","16429609","16429870","52","6409174"
"chr1","10027163","10027294","JH378123","25088543","25088674","15","15061380"
"chr1","10029941","10030252","JH378248","3387134","3387441","42","6642807"
"chr1","10039165","10039478","JH378131","477242","477545","45","9561923"
"chr1","10041403","10041689","JH378171","8952847","8953132","43","1088556"
"chr1","10044331","10044604","JH378262","154443","154718","51","9889888"
"chr1","10055326","10055608","JH378159","5476349","5476632","45","4578977"
"chr1","10069163","10069421","JH378206","3843876","3844134","44","6225287"
"chr1","10073082","10073363","JH378139","1856531","1856816","51","8216551"
"chr1","10078812","10079093","JH378257","303275","303558","44","9775537"
"chr1","10092706","10093008","JH378151","6150117","6150421","38","3942589"
"chr1","10095348","10095630","JH378253","2354623","2354905","39","7740725"
"chr1","10096319","10096605","JH378107","57287252","57287540","43","47190933"
"chr1","10097041","10097344","JH378105","54530604","54530910","46","44433563"
"chr1","10097392","10097664","JH378118","16901832","16902106","42","6804440"
"chr1","10098469","10098766","JH378111","43268192","43268483","42","33169723"
"chr1","10111107","10111413","JH378127","5659021","5659323","38","4452086"
"chr1","10114008","10114298","JH378141","14454762","14455052","39","4340754"
"chr1","10114619","10114714","JH378148","17166877","17166973","9","7052258"
"chr1","10114725","10114998","JH378151","9077199","9077465","39","1037526"
"chr1","10141533","10141799","JH378154","11102614","11102873","50","961081"
"chr1","10144855","10145162","JH378148","1606698","1607008","44","8538157"
"chr1","10155816","10156121","JH378105","55574476","55574778","37","45418660"
"chr1","10163595","10163730","JH378213","4209495","4209630","15","5954100"
"chr1","10174797","10175053","JH378125","19456698","19456951","46","9281901"
"chr1","10188667","10188963","JH378139","8066225","8066520","38","2122442"
"chr1","10194842","10195120","JH378279","1666661","1666937","38","8528181"
"chr1","10196219","10196539","JH378135","16449037","16449347","56","6252818"
"chr1","10205955","10206249","JH378114","4775468","4775765","36","5430487"
"chr1","10208585","10208880","JH378122","8372983","8373280","42","1835602"
"chr1","10216727","10217035","JH378118","10693452","10693756","36","476725"
"chr1","10219039","10219260","JH378293","1320467","1320687","25","8898572"
"chr1","10222840","10223138","JH378121","27451419","27451720","55","17228579"
"chr1","10225995","10226303","JH378111","19551489","19551796","62","9325494"
"chr1","10227494","10227788","JH378204","7978351","7978644","38","2249143"
"chr1","10230408","10230697","JH378108","50685837","50686123","41","40455429"
"chr1","10239228","10239465","JH378308","870384","870623","39","9368844"
"chr1","10242106","10242407","JH378164","5362251","5362554","46","4879855"
"chr1","10243867","10244157","JH378111","43268192","43268483","39","33024325"
"chr1","10244635","10244923","JH378119","11553220","11553504","43","1308585"
"chr1","10253782","10254102","JH378148","13262362","13262662","52","3008580"
"chr1","10259988","10260164","JH378153","9756344","9756517","28","503644"
"chr1","10263420","10263705","JH378105","66031056","66031341","47","55767636"
"chr1","10271074","10271310","JH378110","38257656","38257901","64","27986582"
"chr1","10281000","10281274","JH378236","730247","730519","46","9550753"
"chr1","10326821","10327047","JH378131","154115","154352","36","10172706"
"chr1","10331158","10331400","JH378156","1741769","1742011","49","8589389"
"chr1","10345819","10346101","JH378105","49336187","49336472","38","38990368"
"chr1","10361593","10361886","JH378106","12852151","12852449","41","2490558"
"chr1","10380106","10380310","JH378125","6583282","6583470","41","3796824"
"chr1","10381495","10381713","JH378113","41905483","41905699","34","31523988"
"chr1","10382781","10382953","JH378105","45345926","45346101","22","34963145"
"chr1","10391030","10391369","JH378135","18214402","18214733","81","7823372"
"chr1","10395614","10395907","JH378148","2569469","2569763","40","7826145"
"chr1","10414273","10414564","JH378131","63232","63529","36","10351041"
"chr1","10432721","10433010","JH378105","69163567","69163856","40","58730846"
"chr1","10451851","10452143","JH378116","14428154","14428454","47","3976303"
"chr1","10472143","10472437","JH378173","12616169","12616458","46","2144026"
"chr1","10489010","10489286","JH378111","32631993","32632265","45","22142983"
"chr1","10511479","10511751","JH378118","23705639","23705917","44","13194160"
"chr1","10542819","10543130","JH378110","2590007","2590314","43","7952812"
"chr1","10551507","10551795","JH378127","12965702","12965993","44","2414195"
"chr1","10552729","10553037","JH378108","31634555","31634857","40","21081826"
"chr1","10557747","10558049","JH378151","4578678","4578981","39","5979069"
"chr1","10584098","10584400","JH378152","13742000","13742297","39","3157902"
"chr1","10594467","10594765","JH378123","97512","97808","40","10496955"
"chr1","10603671","10603792","JH378118","14956607","14956728","20","4352936"
"chr1","10603829","10603998","JH378120","11385773","11385932","41","781944"
"chr1","10604002","10604068","JH378111","17103761","17103827","9","6499759"
"chr1","10701168","10701515","JH378189","6147070","6147394","85","4554098"
"chr1","10712127","10712414","JH378105","37094152","37094433","44","26382025"
"chr1","10725004","10725308","JH378118","10693452","10693756","34","31552"
"chr1","10739438","10739741","JH378201","122224","122525","38","10617214"
"chr1","10740251","10740562","JH378166","2088727","2089032","38","8651524"
"chr1","10750137","10750443","JH378188","9401785","9402089","37","1348352"
"chr1","10750786","10751086","JH378115","26968615","26968913","41","16217829"
"chr1","10751453","10751743","JH378153","2856479","2856773","32","7894974"
"chr1","10765495","10765791","JH378114","41541862","41542163","37","30776367"
"chr1","10766478","10766761","JH378200","7476156","7476436","38","3290322"
"chr1","10805414","10805705","JH378227","823038","823329","53","9982376"
"chr1","10808021","10808314","JH378141","15518519","15518815","37","4710498"
"chr1","10829193","10829488","JH378112","16541777","16542068","52","5712584"
"chr1","10830650","10830962","JH378195","8547789","8548098","52","2282861"
"chr1","10855424","10855732","JH378203","4131805","4132112","44","6723619"
"chr1","10878187","10878493","JH378110","31358400","31358705","44","20480213"
"chr1","10881461","10881761","JH378123","5667081","5667374","47","5214380"
"chr1","10891181","10891466","JH378186","4923456","4923748","38","5967725"
"chr1","10907034","10907327","JH378123","5667081","5667374","42","5239953"
"chr1","10912454","10912745","JH378173","2881761","2882050","78","8030693"
"chr1","10914488","10914794","JH378141","18437190","18437494","42","7522702"
"chr1","10915775","10916028","JH378163","13662209","13662456","29","2746434"
"chr1","10916764","10917017","JH378281","2535487","2535738","43","8381277"
"chr1","10932078","10932379","JH378205","4278012","4278319","45","6654066"
"chr1","10933162","10933461","JH378111","8498303","8498600","42","2434859"
"chr1","10935615","10935912","JH378188","9186121","9186411","48","1749494"
"chr1","10944747","10945052","JH378185","1907892","1908171","67","9036855"
"chr1","10945250","10945551","JH378216","6521976","6522275","37","4423274"
"chr1","10946193","10946514","JH378114","41499633","41499943","43","30553440"
"chr1","10948689","10948953","JH378145","10974284","10974540","60","25595"
"chr1","10953422","10953715","JH378123","5667081","5667374","36","5286341"
"chr1","10959340","10959475","JH378106","1342311","1342445","16","9617029"
"chr1","10959707","10959835","JH378193","7056947","7057060","36","3902760"
"chr1","10969000","10969295","JH378186","1525813","1526111","41","9443187"
"chr1","10974505","10974815","JH378152","13332030","13332334","37","2357525"
"chr1","10983744","10984039","JH378153","1207598","1207894","40","9776146"
"chr1","10991857","10992149","JH378156","3853230","3853526","38","7138627"
"chr1","11000001","11000143","JH378141","7661361","7661504","13","3338640"
"chr1","11017479","11017724","JH378159","1676346","1676591","43","9341133"
"chr1","11019033","11019318","JH378139","17086414","17086694","40","6067381"
"chr1","11029495","11029794","JH378186","7052685","7052979","45","3976810"
"chr1","11031330","11031623","JH378106","16369530","16369822","40","5338200"
"chr1","11038991","11039278","JH378115","25492548","25492832","54","14453557"
"chr1","11058133","11058433","JH378131","23697009","23697304","40","12638876"
"chr1","11062803","11063095","JH378135","858419","858710","35","10204384"
"chr1","11077985","11078304","JH378197","8739003","8739306","61","2338982"
"chr1","11079032","11079307","JH378215","1545722","1545996","42","9533310"
"chr1","11082732","11082937","JH378108","22310384","22310591","30","11227652"
"chr1","11098337","11098644","JH378151","4578678","4578981","40","6519659"
"chr1","11107160","11107297","JH378108","51032347","51032483","19","39925187"
"chr1","11107602","11107777","JH378148","3582720","3582883","36","7524882"
"chr1","11108411","11108672","JH378133","5322371","5322636","37","5786040"
"chr1","11124510","11124803","JH378141","14454762","14455052","42","3330252"
"chr1","11127652","11127783","JH378139","17895906","17896037","20","6768254"
"chr1","11129703","11129817","JH378217","100735","100849","12","11028968"
"chr1","11132597","11132908","JH378188","7232167","7232465","42","3900430"
"chr1","11143148","11143456","JH378290","732996","733294","43","10410152"
"chr1","11160341","11160623","JH378208","977101","977389","68","10183240"
"chr1","11162789","11163103","JH378120","4438901","4439206","41","6723888"
"chr1","11184616","11184906","JH378121","20605828","20606119","42","9421212"
"chr1","11189994","11190290","JH378178","8042470","8042765","37","3147524"
"chr1","11190344","11190607","JH378167","3940307","3940574","45","7250037"
"chr1","11196797","11197085","JH378106","70968827","70969116","40","59772030"
"chr1","11207902","11208198","JH378105","22547233","22547531","41","11339331"
"chr1","11217562","11217847","JH378248","1097470","1097748","52","10120092"
"chr1","11227031","11227333","JH378204","3129799","3130101","41","8097232"
"chr1","11230011","11230309","JH378131","23697009","23697304","48","12466998"
"chr1","11241521","11241813","JH378189","3786344","3786637","31","7455177"
"chr1","11255504","11255639","JH378106","1342311","1342445","11","9913193"
"chr1","11263610","11263858","JH378141","10931765","10932005","37","331845"
"chr1","11264749","11265059","JH378108","50609420","50609729","62","39344671"
"chr1","11277198","11277488","JH378112","19879719","19880008","49","8602521"
"chr1","11277826","11278126","JH378300","910138","910439","40","10367688"
"chr1","11289459","11289758","JH378152","13742000","13742297","42","2452541"
"chr1","11293830","11294143","JH378188","7232167","7232465","45","4061663"
"chr1","11300456","11300766","JH378188","7490346","7490651","33","3810110"
"chr1","11301602","11301902","JH378290","1449167","1449465","32","9852435"
"chr1","11307186","11307503","JH378185","1546036","1546349","46","9761150"
"chr1","11312394","11312757","JH378157","8954009","8954328","85","2358385"
"chr1","11318822","11319095","JH378105","37094152","37094433","41","25775330"
"chr1","11334335","11334644","JH378149","16695001","16695300","47","5360666"
"chr1","11340113","11340410","JH378232","3296848","3297155","56","8043265"
"chr1","11343775","11344092","JH378117","28807170","28807479","45","17463395"
"chr1","11345221","11345513","JH378195","2148198","2148495","45","9197023"
"chr1","11357604","11357911","JH378112","30721676","30721989","39","19364072"
"chr1","11363726","11364037","JH378185","1479643","1479936","46","9884083"
"chr1","11371325","11371634","JH378321","392603","392910","41","10978722"
"chr1","11380346","11380583","JH378216","2032845","2033090","42","9347501"
"chr1","11384366","11384654","JH378152","14378257","14378534","42","2993891"
"chr1","11386005","11386308","JH378118","10693452","10693756","41","692553"
"chr1","11395500","11395787","JH378121","16577236","16577527","39","5181736"
"chr1","11398725","11399037","JH378117","24069896","24070207","43","12671171"
"chr1","11402790","11403081","JH378111","43268192","43268483","33","31865402"
"chr1","11405908","11406231","JH378105","21295293","21295608","56","9889385"
"chr1","11410752","11411046","JH378224","1671956","1672248","45","9738796"
"chr1","11439384","11439642","JH378147","10698721","10698977","40","740663"
"chr1","11474454","11474746","JH378125","15313063","15313352","37","3838609"
"chr1","11476111","11476416","JH378134","7594347","7594649","38","3881764"
"chr1","11546970","11547270","JH378106","69562637","69562935","39","58015667"
"chr1","11553386","11553705","JH378167","6083744","6084058","56","5469642"
"chr1","11557073","11557369","JH378185","1278081","1278369","44","10278992"
"chr1","11569355","11569662","JH378262","1936694","1936996","34","9632661"
"chr1","11575360","11575664","JH378206","7015531","7015837","42","4559829"
"chr1","11611959","11612240","JH378157","3899293","3899570","39","7712666"
"chr1","11612281","11612577","JH378148","12396814","12397108","40","784533"
"chr1","11618433","11618743","JH378205","4278012","4278319","42","7340421"
"chr1","11622855","11623149","JH378315","434462","434755","46","11188393"
"chr1","11642213","11642493","JH378145","10589996","10590274","53","1052217"
"chr1","11649426","11649548","JH378105","52105338","52105461","13","40455912"
"chr1","11666691","11666952","JH378235","401588","401852","58","11265103"
"chr1","11675870","11676187","JH378153","13805769","13806076","58","2129899"
"chr1","11688067","11688321","JH378172","9908734","9908991","39","1779333"
"chr1","11695251","11695543","JH378185","1136081","1136370","39","10559170"
"chr1","11696382","11696677","JH378197","8546632","8546928","37","3149750"
"chr1","11705605","11705910","JH378248","3387134","3387441","39","8318471"
"chr1","11713194","11713503","JH378117","18590051","18590356","42","6876857"
"chr1","11718854","11719153","JH378170","1616807","1617104","41","10102047"
"chr1","11738965","11739269","JH378262","1936694","1936996","37","9802271"
"chr1","11750804","11750936","JH378105","1845742","1845874","17","9905062"
"chr1","11753162","11753474","JH378183","2373415","2373723","38","9379747"
"chr1","11765429","11765736","JH378119","28438122","28438435","51","16672693"
"chr1","11792863","11793159","JH378177","10173752","10174049","40","1619111"
"chr1","11793713","11794011","JH378195","8607946","8608249","43","3185767"
"chr1","11800753","11801043","JH378191","967537","967830","39","10833216"
"chr1","11831311","11831507","JH378106","60226529","60226724","23","48395218"
"chr1","11833512","11833802","JH378127","20988283","20988571","40","9154771"
"chr1","11836279","11836579","JH378112","33033903","33034201","38","21197624"
"chr1","11857390","11857674","JH378190","9040170","9040456","40","2817220"
"chr1","11904156","11904464","JH378118","10693452","10693756","39","1210704"
"chr1","11908361","11908653","JH378122","7809799","7810085","51","4098562"
"chr1","11912025","11912334","JH378112","34581616","34581927","39","22669591"
"chr1","11913330","11913600","JH378106","8135346","8135612","47","3777984"
"chr1","11914774","11915077","JH378150","8762710","8763014","47","3152064"
"chr1","11917113","11917406","JH378111","20627266","20627560","45","8710153"
"chr1","11917597","11917849","JH378249","3404289","3404539","38","8513308"
"chr1","11944919","11945197","JH378216","4686440","4686716","49","7258479"
"chr1","11952661","11952727","JH378234","4989922","4989987","7","6962739"
"chr1","11952741","11953014","JH378114","23925316","23925563","63","11972575"
"chr1","11985659","11985747","JH378108","53979242","53979329","13","41993583"
"chr1","12000996","12001289","JH378123","21695970","21696268","39","9694974"
"chr1","12003699","12004006","JH378120","4438901","4439206","47","7564798"
"chr1","12009552","12009857","JH378188","8091152","8091459","50","3918400"
"chr1","12010545","12010845","JH378148","3100313","3100608","45","8910232"
"chr1","12025466","12025776","JH378111","9912952","9913260","43","2112514"
"chr1","12039952","12040253","JH378141","10158367","10158665","44","1881585"
"chr1","12040649","12040925","JH378153","1513061","1513342","38","10527588"
"chr1","12044044","12044346","JH378151","2895274","2895576","40","9148770"
"chr1","12049101","12049399","JH378166","10626590","10626882","42","1422511"
"chr1","12059063","12059305","JH378170","12630941","12631182","42","571878"
"chr1","12060132","12060431","JH378151","5890359","5890655","37","6169773"
"chr1","12064707","12065006","JH378106","65370916","65371216","42","53306209"
"chr1","12066238","12066538","JH378185","1790869","1791170","36","10275369"
"chr1","12078910","12079042","JH378115","34893467","34893598","15","22814557"
"chr1","12087368","12087660","JH378185","723336","723639","33","11364032"
"chr1","12094414","12094727","JH378108","45386138","45386447","45","33291724"
"chr1","12099500","12099798","JH378197","2965788","2966081","41","9133712"
"chr1","12104038","12104224","JH378114","10654899","10655083","28","1449139"
"chr1","12112012","12112313","JH378308","686068","686367","36","11425944"
"chr1","12118286","12118595","JH378125","7536511","7536811","52","4581775"
"chr1","12134393","12134700","JH378150","15636556","15636859","49","3502163"
"chr1","12134722","12135076","AGCE01150506","79","412","76","12134643"
"chr1","12137885","12138197","JH378279","2532931","2533234","41","9604954"
"chr1","12139584","12139869","JH378280","206067","206344","37","11933517"
"chr1","12150671","12150982","JH378134","9261505","9261814","45","2889166"
"chr1","12159478","12159788","JH378244","4212944","4213253","44","7946534"
"chr1","12160410","12160714","JH378109","17047217","17047514","53","4886807"
"chr1","12169546","12169814","JH378185","641076","641339","34","11528470"
"chr1","12174401","12174669","JH378196","3015906","3016171","46","9158495"
"chr1","12189348","12189628","JH378213","2627578","2627851","43","9561770"
"chr1","12210102","12210333","JH378212","4659592","4659834","52","7550510"
"chr1","12222304","12222581","JH378235","810506","810796","53","11411798"
"chr1","12225664","12225964","JH378109","27721498","27721795","46","15495834"
"chr1","12233122","12233422","JH378106","65370916","65371216","47","53137794"
"chr1","12234332","12234631","JH378262","1936694","1936996","34","10297638"
"chr1","12236971","12237021","JH378296","1271880","1271924","16","10965091"
"chr1","12237022","12237191","JH378159","16150928","16151100","27","3913906"
"chr1","12243102","12243387","JH378213","4778033","4778317","47","7465069"
"chr1","12247862","12248156","JH378142","1173704","1174003","42","11074158"
"chr1","12251491","12251791","JH378185","553755","554056","36","11697736"
"chr1","12286649","12286892","JH378147","11254455","11254697","42","1032194"
"chr1","12306020","12306314","JH378123","9608291","9608584","41","2697729"
"chr1","12314660","12314922","JH378148","6780762","6781018","41","5533898"
"chr1","12324097","12324404","JH378173","10534998","10535293","45","1789099"
"chr1","12350225","12350539","JH378111","34735037","34735341","45","22384812"
"chr1","12353510","12353630","JH378110","29956872","29956987","30","17603362"
"chr1","12386388","12386686","JH378216","3323731","3324020","51","9062657"
"chr1","12420226","12420486","JH378185","374740","375000","31","12045486"
"chr1","12420944","12421238","JH378203","2021950","2022247","36","10398994"
"chr1","12482832","12483110","JH378119","10871760","10872045","40","1611072"
"chr1","12486918","12487229","JH378125","17972994","17973301","50","5486076"
"chr1","12495074","12495373","JH378112","21361007","21361304","41","8865933"
"chr1","12496037","12496342","JH378242","734891","735189","38","11761146"
"chr1","12573160","12573439","JH378213","4422853","4423134","39","8150307"
"chr1","12575333","12575635","JH378119","13478581","13478885","53","903248"
"chr1","12579017","12579326","JH378204","3945411","3945718","39","8633606"
"chr1","12590849","12590932","JH378119","26447332","26447413","10","13856483"
"chr1","12603389","12603627","JH378127","5384271","5384500","45","7219118"
"chr1","12609381","12609678","JH378173","10880896","10881187","38","1728485"
"chr1","12613819","12614114","JH378111","44623372","44623662","51","32009553"
"chr1","12686910","12687213","JH378124","5168153","5168455","43","7518757"
"chr1","12712055","12712356","JH378136","12869197","12869493","38","157142"
"chr1","12717284","12717454","JH378158","8843270","8843438","26","3874014"
"chr1","12756976","12757259","JH378177","5640956","5641241","49","7116020"
"chr1","12759137","12759368","JH378185","35378","35615","47","12723759"
"chr1","12790441","12790710","JH378112","19831173","19831431","49","7040732"
"chr1","12804695","12804979","JH378119","10249605","10249888","51","2555090"
"chr1","13536037","13536207","JH378119","34092724","34092888","34","20556687"
"chr1","13536434","13536570","JH378213","4209495","4209630","18","9326939"
"chr1","13541568","13541699","JH378161","5435041","5435173","16","8106527"
"chr1","13546433","13546722","JH378116","22659343","22659632","49","9112910"
"chr1","13549934","13550213","JH378191","967537","967830","47","12582397"
"chr1","13553366","13553522","JH378153","1127152","1127311","25","12426214"
"chr1","13555489","13555675","JH378153","1570376","1570560","30","11985113"
"chr1","13556741","13557014","JH378113","22006241","22006515","49","8449500"
"chr1","13558149","13558447","JH378111","8498303","8498600","41","5059846"
"chr1","13569320","13569624","JH378117","37732677","37732982","45","24163357"
"chr1","13571189","13571433","JH378204","6110233","6110492","40","7460956"
"chr1","13584847","13585130","JH378170","4300963","4301254","52","9283884"
"chr1","13585934","13586170","JH378105","15297925","15298155","49","1711991"
"chr1","13597590","13597897","JH378120","24798638","24798942","47","11201048"
"chr1","13604067","13604363","JH378253","1812488","1812781","45","11791579"
"chr1","13634207","13634520","JH378153","9926861","9927172","40","3707346"
"chr1","13667346","13667658","JH378118","6633242","6633554","53","7034104"
"chr1","13670512","13670772","JH378337","395402","395648","49","13275110"
"chr1","13677021","13677332","JH378148","16955481","16955786","40","3278460"
"chr1","13703688","13703978","JH378108","33279431","33279725","56","19575743"
"chr1","13734512","13734795","JH378149","3971703","3971984","41","9762809"
"chr1","13765509","13765801","JH378244","3283576","3283868","35","10481933"
"chr1","13806909","13807218","JH378119","10233202","10233515","41","3573707"
"chr1","13834569","13834860","JH378255","368440","368733","42","13466129"
"chr1","13863493","13863782","JH378171","5901188","5901476","38","7962305"
"chr1","13884835","13885141","JH378105","23798291","23798595","59","9913456"
"chr1","14069970","14070273","JH378117","28666592","28666888","49","14596622"
"chr1","14187426","14187758","JH378108","30647914","30648246","54","16460488"
"chr1","14242714","14243016","JH378196","284916","285210","50","13957798"
"chr1","14406750","14407030","JH378173","11897122","11897410","49","2509628"
"chr1","14476826","14477137","JH378157","1154304","1154607","54","13322522"
"chr1","14486643","14486941","JH378123","21695970","21696268","45","7209327"
"chr1","14549670","14549965","JH378108","33547500","33547795","48","18997830"
"chr1","14593990","14594284","JH378113","14459499","14459789","38","134491"
"chr1","14597236","14597539","JH378124","13618146","13618450","42","979090"
"chr1","14604925","14605216","JH378108","47108985","47109267","45","32504060"
"chr1","14629755","14630051","JH378166","8279452","8279742","43","6350303"
"chr1","14664934","14665238","JH378115","30401019","30401318","43","15736085"
"chr1","14701626","14701862","JH378118","11979639","11979865","33","2721987"
"chr1","14736547","14736856","JH378111","33933929","33934235","45","19197382"
"chr1","14832263","14832570","JH378115","26938492","26938795","52","12106229"
"chr1","14862631","14862929","JH378106","65370916","65371216","42","50508285"
"chr1","14872940","14873249","JH378137","8390402","8390708","53","6482538"
"chr1","14883649","14883938","JH378144","16357464","16357756","33","1473815"
"chr1","14887749","14888064","JH378158","8010216","8010527","58","6877533"
"chr1","14926010","14926299","JH378110","16059900","16060187","47","1133890"
"chr1","14932239","14932504","JH378118","15202568","15202829","56","270329"
"chr1","14948968","14949268","JH378200","886572","886874","43","14062396"
"chr1","14979924","14980206","JH378173","11307521","11307803","31","3672403"
"chr1","15001526","15001818","JH378260","2075551","2075845","45","12925975"
"chr1","15011722","15012029","JH378110","12334503","12334809","47","2677219"
"chr1","15046029","15046327","JH378106","69974841","69975137","49","54928812"
"chr1","15048076","15048377","JH378118","29847467","29847762","46","14799391"
"chr1","15062612","15062922","JH378110","29243294","29243603","44","14180682"
"chr1","15071596","15071904","JH378105","51969456","51969760","52","36897860"
"chr1","15106178","15106482","JH378133","5072220","5072527","48","10033958"
"chr1","15129465","15129764","JH378113","15236196","15236492","38","106731"
"chr1","15133279","15133412","JH378186","47418","47549","20","15085861"
"chr1","15145484","15145780","JH378105","69163567","69163856","55","54018083"
"chr1","15153751","15153846","JH378111","12082824","12082919","11","3070927"
"chr1","15154631","15154922","JH378291","915200","915491","41","14239431"
"chr1","15163445","15163528","JH378334","248585","248669","9","14914860"
"chr1","15167819","15168123","JH378148","4097728","4098035","47","11070091"
"chr1","15171325","15171587","JH378153","3126618","3126874","36","12044707"
"chr1","15185588","15185878","JH378316","391481","391778","51","14794107"
"chr1","15192987","15193280","JH378246","4313059","4313359","35","10879928"
"chr1","15215871","15216164","JH378117","9425420","9425726","47","5790451"
"chr1","15220432","15220683","JH378173","11061500","11061754","41","4158932"
"chr1","15284002","15284300","JH378152","11289022","11289319","45","3994980"
"chr1","15304431","15304729","JH378116","14428154","14428454","32","876277"
"chr1","15329583","15329865","JH378109","9926904","9927192","43","5402679"
"chr1","15346875","15347186","JH378113","15232832","15233136","40","114043"
"chr1","15356376","15356662","JH378122","7809799","7810085","43","7546577"
"chr1","15360849","15361136","JH378108","45525160","45525454","49","30164311"
"chr1","15362840","15363137","JH378294","668279","668579","36","14694561"
"chr1","15363584","15363876","JH378173","10908637","10908938","42","4454947"
"chr1","15370870","15371181","JH378308","1397452","1397755","41","13973418"
"chr1","15387902","15388183","JH378141","14454762","14455052","39","933140"
"chr1","15422729","15422995","JH378151","16799157","16799431","47","1376428"
"chr1","15424246","15424444","JH378161","14738893","14739092","29","685353"
"chr1","15433958","15434247","JH378106","65370916","65371216","46","49936958"
"chr1","15484171","15484481","JH378173","1542816","1543125","45","13941355"
"chr1","15500281","15500598","JH378135","16449037","16449347","45","948756"
"chr1","15548145","15548451","JH378118","12197167","12197472","40","3350978"
"chr1","15558588","15558881","JH378219","3831758","3832053","36","11726830"
"chr1","15566470","15566765","JH378198","1639176","1639469","44","13927294"
"chr1","15569505","15569809","JH378167","6525421","6525739","55","9044084"
"chr1","15589260","15589581","JH378206","1268945","1269256","50","14320315"
"chr1","15596662","15596953","JH378121","21400908","21401205","52","5804246"
"chr1","15597892","15598189","JH378148","16955481","16955786","41","1357589"
"chr1","15599165","15599453","JH378125","15313063","15313352","33","286102"
"chr1","15604119","15604410","JH378140","5325520","5325814","44","10278599"
"chr1","15608257","15608569","JH378277","308065","308370","41","15300192"
"chr1","15616060","15616352","JH378151","4710169","4710461","44","10905891"
"chr1","15617313","15617606","JH378170","1616807","1617104","38","14000506"
"chr1","15622976","15623273","JH378115","39565442","39565741","36","23942466"
"chr1","15626676","15626974","JH378137","14128205","14128508","38","1498471"
"chr1","15638442","15638757","JH378188","9061292","9061593","45","6577150"
"chr1","15643720","15644016","JH378105","47354649","47354946","39","31710929"
"chr1","15647036","15647345","JH378173","4731101","4731408","48","10915935"
"chr1","15651006","15651324","JH378118","6633242","6633554","49","9017764"
"chr1","15662926","15663216","JH378213","4435380","4435669","40","11227546"
"chr1","15665575","15665881","JH378110","33212174","33212480","44","17546599"
"chr1","15672012","15672316","JH378112","19776976","19777275","44","4104964"
"chr1","15679675","15679968","JH378123","9608291","9608584","41","6071384"
"chr1","15693505","15693803","JH378216","2430281","2430576","42","13263224"
"chr1","15712530","15712829","JH378105","55752907","55753203","37","40040377"
"chr1","15735087","15735317","JH378108","53093957","53094187","40","37358870"
"chr1","15743011","15743304","JH378123","21695970","21696268","40","5952959"
"chr1","15751108","15751418","JH378148","16955481","16955786","47","1204373"
"chr1","15768948","15769022","JH378133","7490123","7490199","13","8278825"
"chr1","15775259","15775552","JH378165","3154850","3155140","41","12620409"
"chr1","15776994","15777138","JH378255","2932105","2932245","19","12844889"
"chr1","15777438","15777518","JH378198","5242303","5242376","21","10535135"
"chr1","15811868","15812164","JH378242","734891","735189","35","15076977"
"chr1","15812512","15812817","JH378204","3129799","3130101","39","12682713"
"chr1","15820054","15820223","JH378196","989088","989254","28","14830966"
"chr1","15820484","15820618","JH378106","1342311","1342445","19","14478173"
"chr1","15821902","15822202","JH378172","9553918","9554219","38","6267984"
"chr1","15826278","15826566","JH378167","11202084","11202374","38","4624194"
"chr1","15829258","15829567","JH378110","31963517","31963828","40","16134259"
"chr1","15836477","15836777","JH378123","21695970","21696268","39","5859493"
"chr1","15846908","15847169","JH378256","147021","147285","34","15699887"
"chr1","15879903","15880130","JH378130","7629546","7629779","44","8250357"
"chr1","15880842","15881001","JH378185","2409829","2409986","33","13471013"
"chr1","15894215","15894513","JH378290","1449167","1449465","36","14445048"
"chr1","15896056","15896228","JH378137","19323143","19323313","44","3427087"
"chr1","15896465","15896584","JH378221","1337579","1337704","17","14558886"
"chr1","15903755","15904036","JH378144","601452","601724","64","15302303"
"chr1","15908244","15908546","JH378323","37550","37854","51","15870694"
"chr1","15912989","15913291","JH378118","10693452","10693756","40","5219537"
"chr1","15915289","15915518","JH378148","12365305","12365534","38","3549984"
"chr1","15919180","15919472","JH378139","1188333","1188633","44","14730847"
"chr1","15921819","15922102","JH378141","14454762","14455052","45","1467057"
"chr1","15925176","15925477","JH378252","4291425","4291721","42","11633751"
"chr1","15940349","15940638","JH378203","3909775","3910068","36","12030574"
"chr1","15944370","15944680","JH378110","40011605","40011912","38","24067235"
"chr1","15953965","15954216","JH378193","9320139","9320384","42","6633826"
"chr1","15959691","15959903","JH378254","827136","827430","106","15132555"
"chr1","15960110","15960245","JH378120","16781777","16781909","21","821667"
"chr1","15966980","15967273","JH378110","29563136","29563434","49","13596156"
"chr1","15986246","15986381","JH378119","7179468","7179603","16","8806778"
"chr1","16013022","16013311","JH378291","130444","130734","39","15882578"
"chr1","16020283","16020575","JH378157","3286469","3286756","42","12733814"
"chr1","16021378","16021643","JH378113","33567293","33567559","43","17545915"
"chr1","16033193","16033457","JH378145","10974284","10974540","70","5058909"
"chr1","16039595","16039884","JH378246","1887976","1888270","40","14151619"
"chr1","16049229","16049517","JH378153","2244676","2244958","46","13804553"
"chr1","16068823","16068957","JH378132","10354198","10354328","21","5714625"
"chr1","16070278","16070576","JH378120","26742224","26742518","56","10671946"
"chr1","16086987","16087270","JH378201","379959","380244","38","15707028"
"chr1","16105197","16105496","JH378242","734891","735189","41","15370306"
"chr1","16111145","16111427","JH378105","50034667","50034949","32","33923522"
"chr1","16111700","16111817","JH378170","1275491","1275608","22","14836209"
"chr1","16115520","16115814","JH378173","10134748","10135046","40","5980772"
"chr1","16116833","16117123","JH378213","5682799","5683083","44","10434034"
"chr1","16133339","16133574","JH378123","21974595","21974818","43","5841256"
"chr1","16183890","16184185","JH378242","734891","735189","46","15448999"
"chr1","16205852","16205998","JH378128","25274620","25274764","16","9068768"
"chr1","16215375","16215665","JH378135","1661661","1661952","36","14553714"
"chr1","16216975","16217273","JH378152","13742000","13742297","40","2474975"
"chr1","16233226","16233530","JH378242","734891","735189","44","15498335"
"chr1","16239818","16239921","JH378110","32195847","32195950","13","15956029"
"chr1","16244548","16244841","JH378124","15766356","15766649","43","478192"
"chr1","16244851","16244964","JH378159","5519593","5519707","17","10725258"
"chr1","16250689","16250989","JH378134","15452039","15452337","49","798650"
"chr1","16286187","16286487","JH378173","9975152","9975432","43","6311035"
"chr1","16287201","16287491","JH378188","7232167","7232465","43","9055034"
"chr1","16289112","16289430","JH378190","8664772","8665060","60","7624340"
"chr1","16298221","16298511","JH378213","7165146","7165437","36","9133075"
"chr1","16308570","16308883","JH378180","144400","144709","43","16164170"
"chr1","16309151","16309448","JH378198","1639176","1639469","48","14669975"
"chr1","16317043","16317350","JH378118","10693452","10693756","52","5623591"
"chr1","16326407","16326667","JH378153","2114272","2114538","34","14212135"
"chr1","16343036","16343317","JH378139","5498701","5498983","47","10844335"
"chr1","16349746","16349895","JH378128","25274620","25274764","16","8924874"
"chr1","16351472","16351779","JH378220","6273810","6274113","43","10077662"
"chr1","16373797","16374094","JH378255","1058410","1058705","41","15315387"
"chr1","16387946","16388259","JH378122","4736465","4736776","47","11651481"
"chr1","16398260","16398568","JH378194","7860755","7861064","59","8537505"
"chr1","16406014","16406249","JH378225","1669956","1670188","36","14736058"
"chr1","16410235","16410581","JH378189","8223134","8223480","74","8187101"
"chr1","16416927","16417223","JH378235","3957900","3958200","41","12459027"
"chr1","16425965","16426264","JH378148","3092528","3092826","38","13333437"
"chr1","16428917","16429215","JH378106","69562637","69562935","37","53133720"
"chr1","16448914","16449005","JH378171","5304225","5304313","14","11144689"
"chr1","16451694","16451995","JH378109","15504574","15504879","47","947120"
"chr1","16456071","16456366","JH378262","1936694","1936996","39","14519377"
"chr1","16460378","16460677","JH378179","7098788","7099088","43","9361590"
"chr1","16464461","16464766","JH378114","42185910","42186213","47","25721449"
"chr1","16467176","16467475","JH378116","14428154","14428454","43","2039022"
"chr1","16475195","16475417","JH378225","1669956","1670188","41","14805239"
"chr1","16475613","16475909","JH378188","8291764","8292058","45","8183849"
"chr1","16479007","16479303","JH378198","5076486","5076787","67","11402521"
"chr1","16493949","16494245","JH378116","14428154","14428454","37","2065795"
"chr1","16508776","16508936","JH378119","34092724","34092888","35","17583948"
"chr1","16509242","16509372","JH378167","794034","794161","24","15715208"
"chr1","16515210","16515489","JH378209","6070862","6071141","48","10444348"
"chr1","16515753","16516000","JH378173","9741573","9741820","58","6774180"
"chr1","16521955","16522236","JH378163","12552178","12552457","47","3969777"
"chr1","16535888","16536185","JH378173","9708624","9708917","34","6827264"
"chr1","16544730","16545028","JH378168","3584634","3584929","37","12960096"
"chr1","16550814","16551088","JH378117","33467080","33467351","52","16916266"
"chr1","16565464","16565755","JH378203","3909775","3910068","34","12655689"
"chr1","16589538","16589824","JH378176","9100046","9100345","45","7489492"
"chr1","16591115","16591411","JH378224","2110609","2110901","44","14480506"
"chr1","16602788","16603083","JH378174","580779","581067","42","16022009"
"chr1","16617600","16617785","JH378125","6583282","6583470","23","10034318"
"chr1","16620169","16620304","JH378108","51032347","51032483","14","34412178"
"chr1","16625345","16625496","JH378173","6882446","6882597","18","9742899"
"chr1","16626123","16626443","JH378288","629003","629310","42","15997120"
"chr1","16631599","16631831","JH378134","15052368","15052597","33","1579231"
"chr1","16896585","16896870","JH378114","11345439","11345731","48","5551146"
"chr1","16900188","16900469","JH378105","50034667","50034949","43","33134479"
"chr1","16900496","16900523","JH378122","22681110","22681132","10","5780614"
"chr1","16910422","16910658","JH378105","50037741","50037977","43","33127319"
"chr1","16918759","16919070","JH378113","26550017","26550324","37","9631258"
"chr1","16930792","16931072","JH378245","691477","691755","37","16239315"
"chr1","16949027","16949327","JH378120","845792","846095","50","16103235"
"chr1","16965958","16966168","JH378198","1299151","1299362","29","15666807"
"chr1","17006498","17006792","JH378116","28282701","28282994","34","11276203"
"chr1","17010366","17010629","JH378140","6607165","6607427","39","10403201"
"chr1","17015582","17015873","JH378110","44230531","44230836","50","27214949"
"chr1","17017669","17017976","JH378113","26659002","26659308","42","9641333"
"chr1","17026141","17026448","JH378205","4278012","4278319","45","12748129"
"chr1","17034347","17034592","JH378262","2751970","2752213","33","14282377"
"chr1","17041013","17041321","JH378114","21011141","21011449","44","3970128"
"chr1","17047227","17047536","JH378193","9221589","9221900","39","7825638"
"chr1","17063531","17063841","JH378173","1691460","1691768","41","15372071"
"chr1","17081152","17081445","JH378226","6485812","6486107","38","10595340"
"chr1","17110210","17110508","JH378213","3242672","3242967","35","13867538"
"chr1","17110578","17110886","JH378140","15805893","15806195","47","1304685"
"chr1","17128050","17128304","JH378144","7090384","7090634","46","10037666"
"chr1","17137713","17138019","JH378116","22378952","22379256","42","5241239"
"chr1","17140240","17140545","JH378220","3583875","3584178","42","13556365"
"chr1","17175987","17176276","JH378133","9743043","9743332","33","7432944"
"chr1","17187964","17188269","JH378162","1980014","1980319","59","15207950"
"chr1","17191404","17191683","JH378173","9365393","9365666","37","7826011"
"chr1","17216893","17217199","JH378204","3945411","3945718","36","13271482"
"chr1","17259038","17259365","JH378105","22547233","22547531","64","5288195"
"chr1","17275698","17275983","JH378142","18497200","18497482","36","1221502"
"chr1","17281139","17281446","JH378118","10693452","10693756","41","6587687"
"chr1","17289790","17290088","JH378147","13356292","13356588","48","3933498"
"chr1","17294248","17294540","JH378290","1190569","1190859","41","16103679"
"chr1","17302074","17302310","JH378115","25107790","25108023","48","7805716"
"chr1","17316225","17316523","JH378114","42118001","42118296","39","24801776"
"chr1","17329997","17330295","JH378196","5971792","5972090","51","11358205"
"chr1","17344767","17345061","JH378205","7517678","7517968","40","9827089"
"chr1","17356082","17356380","JH378107","28361675","28361967","56","11005593"
"chr1","17367235","17367539","JH378143","5977166","5977465","46","11390069"
"chr1","17386314","17386571","JH378276","2103243","2103506","41","15283071"
"chr1","17395287","17395527","JH378119","33846135","33846378","53","16450848"
"chr1","17401451","17401665","JH378139","1594662","1594875","39","15806789"
"chr1","17406306","17406605","JH378129","3247646","3247946","52","14158660"
"chr1","17407934","17408215","JH378245","872964","873252","36","16534970"
"chr1","17416488","17416616","JH378193","1582065","1582194","18","15834423"
"chr1","17429599","17429899","JH378139","2657566","2657873","49","14772033"
"chr1","17448039","17448301","JH378114","33998852","33999125","43","16550813"
"chr1","17451582","17451882","JH378123","21695970","21696268","42","4244388"
"chr1","17456617","17456914","JH378152","13742000","13742297","60","3714617"
"chr1","17457550","17457842","JH378109","8720176","8720466","47","8737374"
"chr1","17469733","17470036","JH378247","561987","562291","45","16907746"
"chr1","17470208","17470514","JH378116","23955111","23955408","37","6484903"
"chr1","17475113","17475394","JH378204","4012532","4012811","48","13462581"
"chr1","17477397","17477692","JH378198","1639176","1639469","53","15838221"
"chr1","17483536","17483784","JH378139","17356999","17357232","55","126537"
"chr1","17484089","17484255","JH378176","10944127","10944293","33","6539962"
"chr1","17484546","17484670","JH378171","3903704","3903835","23","13580842"
"chr1","17508913","17509141","JH378186","5607171","5607396","39","11901742"
"chr1","17509891","17510197","JH378112","34588773","34589078","37","17078882"
"chr1","17526521","17526837","JH378173","9042859","9043169","53","8483662"
"chr1","17529828","17530129","JH378110","6965048","6965350","38","10564780"
"chr1","17542085","17542221","JH378193","8439895","8440029","14","9102190"
"chr1","17542520","17542654","JH378281","1478377","1478508","40","16064143"
"chr1","17548392","17548692","JH378202","3018638","3018934","44","14529754"
"chr1","17567341","17567633","JH378111","43268192","43268483","41","25700851"
"chr1","17576981","17577280","JH378188","7232167","7232465","38","10344814"
"chr1","17580966","17581274","JH378188","7490346","7490651","35","10090620"
"chr1","17598048","17598346","JH378117","6076538","6076831","43","11521510"
"chr1","17600709","17600987","JH378153","5348910","5349192","42","12251799"
"chr1","17601019","17601037","JH378110","39932633","39932649","6","22331614"
"chr1","17601379","17601681","JH378117","37445869","37446169","51","19844490"
"chr1","17650465","17650720","JH378125","5710297","5710554","42","11940168"
"chr1","17727165","17727457","JH378204","3222855","3223147","40","14504310"
"chr1","17733273","17733568","JH378139","18076977","18077276","43","343704"
"chr1","17812707","17813001","JH378175","1729771","1730052","54","16082936"
"chr1","17816842","17817141","JH378184","715734","716032","54","17101108"
"chr1","17865405","17865705","JH378216","4809975","4810272","37","13055430"
"chr1","17942352","17942647","JH378152","13742000","13742297","33","4200352"
"chr1","17998945","17999228","JH378161","5257029","5257320","57","12741916"
"chr1","18001737","18002047","JH378115","28553246","28553551","49","10551509"
"chr1","18006668","18006995","JH378111","38062819","38063141","58","20056151"
"chr1","18022974","18023281","JH378161","9835663","9835963","45","8187311"
"chr1","18078638","18078929","JH378220","2465579","2465874","54","15613059"
"chr1","18211314","18211624","JH378139","11244771","11245079","49","6966543"
"chr1","18232771","18233051","JH378180","2674233","2674516","40","15558538"
"chr1","18282025","18282306","JH378110","10950543","10950836","43","7331482"
"chr1","18283743","18284051","JH378105","1205541","1205846","50","17078202"
"chr1","18351169","18351466","JH378113","14532240","14532539","42","3818929"
"chr1","18380639","18380931","JH378141","14454762","14455052","41","3925877"
"chr1","18429148","18429451","JH378257","3585233","3585537","40","14843915"
"chr1","18433909","18434215","JH378173","8126743","8127045","30","10307166"
"chr1","18443993","18444293","JH378294","2382570","2382870","42","16061423"
"chr1","18460250","18460558","JH378137","4045758","4046064","48","14414492"
"chr1","18482192","18482500","JH378173","8078996","8079299","43","10403196"
"chr1","18497504","18497779","JH378260","2450704","2450976","38","16046800"
"chr1","18572630","18572933","JH378189","177130","177409","62","18395500"
"chr1","18573715","18574011","JH378133","4730868","4731166","40","13842847"
"chr1","18587230","18587474","JH378189","9054177","9054432","49","9533053"
"chr1","18591319","18591612","JH378123","9608291","9608584","37","8983028"
"chr1","18594708","18595016","JH378126","23120999","23121305","40","4526291"
"chr1","18595565","18595880","JH378242","3990301","3990608","44","14605264"
"chr1","18605513","18605821","JH378262","1270213","1270521","43","17335300"
"chr1","18619294","18619566","JH378167","12845338","12845615","48","5773956"
"chr1","18664823","18665126","JH378173","7890839","7891137","34","10773984"
"chr1","18710474","18710785","JH378110","29725141","29725440","47","11014667"
"chr1","18715791","18716107","JH378117","37732677","37732982","40","19016886"
"chr1","18721217","18721509","JH378141","18583347","18583640","43","137870"
"chr1","18722354","18722630","JH378124","9865185","9865466","41","8857169"
"chr1","18722674","18722687","JH378185","5729091","5729102","4","12993583"
"chr1","18784233","18784538","JH378177","2562934","2563231","40","16221299"
"chr1","18787921","18788200","JH378173","7768656","7768950","40","11019265"
"chr1","18790014","18790305","JH378105","59615212","59615509","41","40825198"
"chr1","18805237","18805550","JH378291","1305578","1305884","43","17499659"
"chr1","18851410","18851716","JH378149","15885379","15885676","47","2966031"
"chr1","18874536","18874838","JH378112","19776976","19777275","44","902440"
"chr1","18877743","18878046","JH378153","14704937","14705234","44","4172806"
"chr1","18897240","18897544","JH378173","7669119","7669423","35","11228121"
"chr1","18898726","18899021","JH378123","5667081","5667374","38","13231645"
"chr1","18901230","18901529","JH378226","6485812","6486107","38","12415418"
"chr1","18903430","18903735","JH378113","3991520","3991821","38","14911910"
"chr1","18904080","18904388","JH378114","41499633","41499943","49","22595553"
"chr1","18921319","18921619","JH378197","6701048","6701344","49","12220271"
"chr1","18922748","18923044","JH378173","7642695","7642995","43","11280053"
"chr1","18993326","18993630","JH378120","3496219","3496521","45","15497107"
"chr1","18995067","18995373","JH378188","9401785","9402089","40","9593282"
"chr1","18996961","18997257","JH378199","281986","282282","40","18714975"
"chr1","19000352","19000657","JH378173","7563243","7563544","41","11437109"
"chr1","19029946","19030226","JH378293","1597717","1597985","50","17432229"
"chr1","19058502","19058794","JH378173","7500826","7501134","43","11557676"
"chr1","19062391","19062702","JH378118","10693452","10693756","42","8368939"
"chr1","19068911","19069222","JH378136","14817827","14818135","38","4251084"
"chr1","19117473","19117833","JH378162","11573780","11574131","93","7543693"
"chr1","19128933","19129227","JH378214","2096352","2096643","43","17032581"
"chr1","19148615","19148886","JH378198","2573118","2573391","49","16575497"
"chr1","19164581","19164877","JH378173","7389463","7389774","50","11775118"
"chr1","19181706","19181812","JH378172","9862252","9862357","10","9319454"
"chr1","19188830","19189130","JH378242","734891","735189","31","18453939"
"chr1","19220937","19221250","JH378109","49313689","49313996","50","30092752"
"chr1","19222531","19222795","JH378175","5749317","5749577","44","13473214"
"chr1","19233906","19234196","JH378120","3464324","3464618","41","15769582"
"chr1","19241812","19242107","JH378119","28803177","28803468","36","9561365"
"chr1","19251276","19251576","JH378235","366992","367283","47","18884284"
"chr1","19251670","19251976","JH378173","4317644","4317951","49","14934026"
"chr1","19265529","19265654","JH378293","1878928","1879050","15","17386601"
"chr1","19281920","19282224","JH378193","9036845","9037148","42","10245075"
"chr1","19296194","19296506","JH378135","16449037","16449347","41","2847157"
"chr1","19297734","19298034","JH378173","7257711","7258019","43","12040023"
"chr1","19307943","19308237","JH378123","7171716","7172005","56","12136227"
"chr1","19315651","19315933","JH378172","12128013","12128289","46","7187638"
"chr1","19319769","19320075","JH378105","12770941","12771250","42","6548828"
"chr1","19333601","19333901","JH378258","1807287","1807590","40","17526314"
"chr1","19359598","19359902","JH378152","16188403","16188709","36","3171195"
"chr1","19362529","19362830","JH378106","69063427","69063728","40","49700898"
"chr1","19387580","19387877","JH378140","5919208","5919512","46","13468372"
"chr1","19396326","19396628","JH378107","529179","529482","48","18867147"
"chr1","19401051","19401364","JH378122","9828776","9829084","51","9572275"
"chr1","19408410","19408664","JH378105","60476588","60476842","48","41068178"
"chr1","19408673","19408968","JH378108","30678485","30678775","47","11269812"
"chr1","19427902","19428062","JH378130","17756650","17756800","36","1671252"
"chr1","19428368","19428502","JH378115","32282747","32282879","19","12854379"
"chr1","19432524","19432844","JH378312","1133234","1133538","50","18299290"
"chr1","19490891","19491030","JH378255","2932105","2932245","16","16558786"
"chr1","19492801","19493101","JH378140","15256022","15256323","35","4236779"
"chr1","19512424","19512723","JH378115","33236669","33236972","48","13724245"
"chr1","19518397","19518718","JH378139","6598672","6598987","50","12919725"
"chr1","19531602","19531897","JH378173","7024056","7024346","45","12507546"
"chr1","19535310","19535440","JH378118","14708915","14709045","11","4826395"
"chr1","19567763","19568019","JH378139","1363865","1364120","37","18203898"
"chr1","19568307","19568593","JH378115","16549844","16550133","51","3018463"
"chr1","19580501","19580812","JH378154","13561581","13561891","38","6018920"
"chr1","19584977","19585230","JH378105","46973148","46973394","35","27388171"
"chr1","19610379","19610714","JH378139","1188333","1188633","74","18422046"
"chr1","19633919","19634249","JH378139","3255687","3256005","60","16378232"
"chr1","19640046","19640384","JH378105","68646782","68647109","52","49006736"
"chr1","19647399","19647681","JH378122","7809799","7810085","34","11837600"
"chr1","19672122","19672418","JH378157","12870367","12870663","42","6801755"
"chr1","19681476","19681757","JH378118","10699643","10699933","46","8981833"
"chr1","19690530","19690584","JH378106","21464701","21464751","22","1774171"
"chr1","19753598","19753883","JH378237","397242","397525","45","19356356"
"chr1","19757283","19757584","JH378116","14428154","14428454","41","5329129"
"chr1","19761525","19761831","JH378245","1065043","1065345","41","18696482"
"chr1","19766245","19766537","JH378220","3229265","3229557","37","16536980"
"chr1","19775726","19776029","JH378246","2033796","2034100","51","17741930"
"chr1","19776569","19776871","JH378170","5226402","5226703","41","14550167"
"chr1","19783975","19784278","JH378252","4291425","4291721","36","15492550"
"chr1","19792140","19792437","JH378255","3447746","3448043","47","16344394"
"chr1","19804640","19804939","JH378126","782415","782718","44","19022225"
"chr1","19818199","19818508","JH378118","37200099","37200407","53","17381900"
"chr1","19825091","19825393","JH378122","8069574","8069874","48","11755517"
"chr1","19829166","19829454","JH378171","5901188","5901476","36","13927978"
"chr1","19841768","19842066","JH378116","14428154","14428454","39","5413614"
"chr1","19854210","19854505","JH378200","261439","261727","52","19592771"
"chr1","19860998","19861286","JH378137","3073918","3074209","41","16787080"
"chr1","19873626","19873932","JH378148","2797982","2798286","41","17075644"
"chr1","19899003","19899307","JH378112","16541777","16542068","51","3357226"
"chr1","19923046","19923350","JH378141","9192526","9192825","38","10730520"
"chr1","19933134","19933439","JH378106","2172328","2172633","39","17760806"
"chr1","19945736","19945974","JH378127","5384271","5384500","42","14561465"
"chr1","19946009","19946132","JH378191","2315067","2315186","12","17630942"
"chr1","19989004","19989304","JH378173","6575149","6575450","41","13413855"
"chr1","20015082","20015366","JH378198","2729398","2729684","44","17285684"
"chr1","20021409","20021697","JH378112","32039521","32039815","52","12018112"
"chr1","20056823","20057026","JH378116","37395357","37395556","31","17338534"
"chr1","20069737","20070031","JH378148","3100313","3100608","46","16969424"
"chr1","20071510","20071789","JH378167","7961661","7961938","40","12109849"
"chr1","20078230","20078510","JH378143","2285984","2286261","52","17792246"
"chr1","20105034","20105266","JH378173","6478331","6478571","28","13626703"
"chr1","20114759","20114994","JH378113","24689921","24690173","60","4575162"
"chr1","20143493","20143805","JH378131","1383377","1383686","46","18760116"
"chr1","20226613","20226914","JH378173","6367744","6368047","40","13858869"
"chr1","20238346","20238643","JH378167","11202084","11202374","38","9036262"
"chr1","20261344","20261656","JH378157","10235774","10236085","42","10025570"
"chr1","20327719","20328010","JH378173","6271202","6271484","48","14056517"
"chr1","20394691","20394928","JH378106","18000001","18000251","44","2394690"
"chr1","20395890","20396215","JH378105","54610411","54610729","59","34214521"
"chr1","20426488","20426769","JH378136","14898747","14899023","37","5527741"
"chr1","20436422","20436735","JH378173","6159195","6159507","38","14277227"
"chr1","20441110","20441410","JH378156","3853230","3853526","56","16587880"
"chr1","20443877","20444166","JH378279","2389310","2389604","51","18054567"
"chr1","20499456","20499740","JH378173","6098303","6098580","36","14401153"
"chr1","20506401","20506700","JH378145","10500061","10500358","41","10006340"
"chr1","20509427","20509668","JH378225","1669956","1670188","35","18839471"
"chr1","20512751","20513043","JH378242","734891","735189","48","19777860"
"chr1","20514274","20514563","JH378129","2446692","2446987","45","18067582"
"chr1","20533567","20533701","JH378106","1342311","1342445","16","19191256"
"chr1","20534033","20534204","JH378271","2288630","2288806","36","18245403"
"chr1","20538254","20538503","JH378153","15864013","15864256","38","4674241"
"chr1","20544414","20544696","JH378133","10040192","10040484","43","10504222"
"chr1","20571252","20571511","JH378141","11419718","11419974","47","9151534"
"chr1","20571904","20572207","JH378118","10693452","10693756","39","9878452"
"chr1","20594934","20595244","JH378124","15184578","15184884","48","5410356"
"chr1","20615888","20616031","JH378232","3703074","3703213","18","16912814"
"chr1","20644360","20644655","JH378111","38162771","38163069","45","17518411"
"chr1","20660247","20660547","JH378114","10865098","10865397","44","9795149"
"chr1","20667636","20667907","JH378147","15759138","15759416","45","4908498"
"chr1","20671421","20671731","JH378153","11183648","11183951","43","9487773"
"chr1","20676071","20676356","JH378114","36224521","36224801","42","15548450"
"chr1","20678211","20678513","JH378151","15568006","15568306","37","5110205"
"chr1","20688765","20689076","JH378118","10693452","10693756","37","9995313"
"chr1","20693655","20693963","JH378232","2963368","2963675","43","17730287"
"chr1","20706796","20707078","JH378122","7809799","7810085","36","12896997"
"chr1","20728704","20728970","JH378137","2425625","2425897","52","18303079"
"chr1","20754528","20754818","JH378242","734891","735189","40","20019637"
"chr1","20804393","20804588","JH378131","689486","689682","29","20114907"
"chr1","20809094","20809380","JH378165","3554292","3554583","55","17254802"
"chr1","20836418","20836727","JH378118","10693452","10693756","46","10142966"
"chr1","20852586","20852880","JH378120","6588422","6588722","46","14264164"
"chr1","20854689","20855000","JH378112","30721676","30721989","45","9866987"
"chr1","20894824","20895117","JH378198","1639176","1639469","39","19255648"
"chr1","20901024","20901304","JH378173","4795221","4795500","39","16105803"
"chr1","20941220","20941452","JH378119","27366391","27366618","29","6425171"
"chr1","20956130","20956404","JH378115","31073885","31074145","50","10117755"
"chr1","20964142","20964435","JH378177","4835569","4835864","50","16128573"
"chr1","20964855","20965153","JH378141","15518519","15518815","46","5446336"
"chr1","21007832","21008127","JH378111","8498303","8498600","40","12509529"
"chr1","21022352","21022640","JH378153","6431962","6432251","40","14590390"
"chr1","21028040","21028342","JH378158","4601756","4602058","48","16426284"
"chr1","21051171","21051470","JH378242","734891","735189","40","20316280"
"chr1","21053151","21053455","JH378117","11657123","11657410","57","9396028"
"chr1","21068064","21068360","JH378193","9017789","9018083","43","12050275"
"chr1","21071444","21071716","JH378153","11512518","11512794","51","9558926"
"chr1","21075434","21075741","JH378176","9169030","9169331","42","11906404"
"chr1","21086314","21086622","JH378271","1789712","1790018","65","19296602"
"chr1","21097840","21098136","JH378255","2480546","2480842","43","18617294"
"chr1","21120201","21120365","JH378152","13725685","13725847","23","7394516"
"chr1","21125503","21125788","JH378105","50192547","50192838","57","29067044"
"chr1","21149628","21149902","JH378246","3647232","3647503","46","17502396"
"chr1","21151183","21151488","JH378105","66327437","66327742","46","45176254"
"chr1","21155158","21155292","JH378155","13896820","13896957","18","7258338"
"chr1","21169113","21169407","JH378174","8493300","8493593","44","12675813"
"chr1","21198656","21198900","JH378121","1618605","1618843","48","19580051"
"chr1","21209459","21209754","JH378191","967537","967830","44","20241922"
"chr1","21214604","21214908","JH378117","8273843","8274143","44","12940761"
"chr1","21218704","21218993","JH378190","6946850","6947147","50","14271854"
"chr1","21280035","21280333","JH378190","1394904","1395199","33","19885131"
"chr1","21287675","21287966","JH378117","26028048","26028339","44","4740373"
"chr1","21301901","21302191","JH378153","3096872","3097166","39","18205029"
"chr1","21308016","21308291","JH378216","6403971","6404254","36","14904045"
"chr1","21310196","21310507","JH378150","8762710","8763014","40","12547486"
"chr1","21319790","21320090","JH378173","5260509","5260809","30","16059281"
"chr1","21326824","21327114","JH378161","6255787","6256079","42","15071037"
"chr1","21339156","21339434","JH378106","67924879","67925160","44","46585723"
"chr1","21340521","21340814","JH378108","18171101","18171385","49","3169420"
"chr1","21355452","21355759","JH378113","4126123","4126428","38","17229329"
"chr1","21360549","21360680","JH378273","798972","799104","7","20561577"
"chr1","21372785","21373084","JH378166","2017964","2018259","37","19354821"
"chr1","21379032","21379302","JH378106","59305283","59305541","42","37926251"
"chr1","21586746","21586908","JH378141","9151732","9151889","28","12435014"
"chr1","21594993","21595280","JH378173","3211541","3211835","34","18383452"
"chr1","21632614","21632888","JH378114","33998852","33999125","50","12366238"
"chr1","21645444","21645727","JH378181","6507831","6508111","45","15137613"
"chr1","21658752","21659080","JH378148","15427393","15427715","54","6231359"
"chr1","21659261","21659564","JH378213","5758371","5758671","45","15900890"
"chr1","21663596","21663903","JH378195","1511637","1511938","49","20151959"
"chr1","21678152","21678451","JH378140","15256022","15256323","42","6422130"
"chr1","21708120","21708426","JH378181","1862137","1862448","41","19845983"
"chr1","21713846","21714142","JH378105","14432202","14432497","41","7281644"
"chr1","21715087","21715383","JH378186","7052685","7052979","39","14662402"
"chr1","21736927","21737225","JH378106","70893445","70893746","47","49156518"
"chr1","21793415","21793722","JH378288","629003","629310","39","21164412"
"chr1","21802505","21802764","JH378173","5017801","5018063","29","16784704"
"chr1","21809926","21810276","JH378110","7881643","7881940","87","13928283"
"chr1","21835441","21835730","JH378141","14454762","14455052","39","7380679"
"chr1","21841049","21841338","JH378255","1058410","1058705","50","20782639"
"chr1","21863306","21863588","JH378220","2931512","2931797","50","18931794"
"chr1","21873939","21874271","JH378177","5873160","5873489","61","16000779"
"chr1","21875456","21875774","JH378138","6995433","6995750","57","14880023"
"chr1","21878201","21878494","JH378152","13742000","13742297","45","8136201"
"chr1","21885105","21885393","JH378148","3100313","3100608","56","18784792"
"chr1","21887006","21887247","JH378112","23634946","23635184","43","1747940"
"chr1","21888093","21888388","JH378204","7978351","7978644","38","13909742"
"chr1","21909036","21909295","JH378116","10219399","10219673","62","11689637"
"chr1","21914380","21914683","JH378242","734891","735189","45","21179489"
"chr1","21920894","21921185","JH378133","9743043","9743332","43","12177851"
"chr1","21925005","21925295","JH378145","11332003","11332298","46","10593002"
"chr1","21931995","21932263","JH378213","529026","529292","67","21402969"
"chr1","21937101","21937374","JH378119","11553220","11553504","55","10383881"
"chr1","21944172","21944282","JH378176","2669671","2669782","28","19274501"
"chr1","21952867","21953178","JH378279","1763380","1763689","37","20189487"
"chr1","21957392","21957678","JH378158","10838105","10838387","47","11119287"
"chr1","21975574","21975886","JH378128","11625540","11625842","43","10350034"
"chr1","21992729","21992985","JH378151","8083771","8084026","39","13908958"
"chr1","22000625","22000910","JH378117","3427458","3427743","39","18573167"
"chr1","22036745","22037041","JH378148","3092528","3092826","32","18944217"
"chr1","22038750","22039063","JH378117","15749415","15749721","48","6289335"
"chr1","22049685","22049984","JH378173","4781098","4781395","42","17268587"
"chr1","22057757","22057989","JH378105","49091399","49091632","35","27033642"
"chr1","22069771","22070063","JH378191","967537","967830","37","21102234"
"chr1","22076181","22076478","JH378111","40734534","40734829","34","18658353"
"chr1","22076949","22077238","JH378173","4751597","4751883","37","17325352"
"chr1","22082924","22083141","JH378164","11414062","11414284","41","10668862"
"chr1","22087536","22087834","JH378116","25790477","25790774","39","3702941"
"chr1","22097148","22097444","JH378127","15510679","15510974","30","6586469"
"chr1","22114330","22114621","JH378252","161626","161904","46","21952704"
"chr1","22119841","22120143","JH378151","4578678","4578981","36","17541163"
"chr1","22121032","22121330","JH378144","4331150","4331446","52","17789882"
"chr1","22150440","22150735","JH378141","9524229","9524528","40","12626211"
"chr1","22154140","22154227","JH378146","9949063","9949149","11","12205077"
"chr1","22155932","22156141","JH378105","45800047","45800258","36","23644115"
"chr1","22170711","22170920","JH378105","45800047","45800258","27","23629336"
"chr1","22180409","22180712","JH378204","3945411","3945718","45","18234998"
"chr1","22182467","22182768","JH378113","15232832","15233136","44","6949635"
"chr1","22201726","22201971","JH378119","7477232","7477478","43","14724494"
"chr1","22211626","22211873","JH378137","10103030","10103275","37","12108596"
"chr1","22286950","22287250","JH378192","5404726","5405023","36","16882224"
"chr1","22304803","22305102","JH378112","20815144","20815441","42","1489659"
"chr1","22322011","22322317","JH378124","3082582","3082895","39","19239429"
"chr1","22373898","22374179","JH378220","2670610","2670882","57","19703288"
"chr1","22414413","22414526","JH378131","827823","827936","16","21586590"
"chr1","22428435","22428729","JH378110","9867313","9867609","42","12561122"
"chr1","22444852","22445134","JH378139","369956","370243","35","22074896"
"chr1","22446035","22446372","JH378130","19132729","19133057","62","3313306"
"chr1","22481952","22482256","JH378153","14175225","14175527","42","8306727"
"chr1","22487399","22487703","JH378139","18214306","18214611","47","4273093"
"chr1","22487881","22488186","JH378145","10500061","10500358","38","11987820"
"chr1","22501763","22502054","JH378113","10845621","10845903","45","11656142"
"chr1","22502089","22502102","JH378196","2334629","2334642","4","20167460"
"chr1","22548774","22548906","JH378108","22384104","22384234","18","164670"
"chr1","22548907","22549211","JH378290","1449167","1449465","44","21099740"
"chr1","22555395","22555584","JH378114","10654899","10655083","32","11900496"
"chr1","22586824","22587145","JH378139","6598672","6598987","45","15988152"
"chr1","22600352","22600650","JH378173","4216253","4216551","34","18384099"
"chr1","22602288","22602577","JH378123","29146890","29147186","47","6544602"
"chr1","22642008","22642317","JH378137","1875711","1876013","42","20766297"
"chr1","22674543","22674854","JH378128","7746589","7746895","38","14927954"
"chr1","22680956","22681277","JH378181","1862137","1862448","50","20818819"
"chr1","22690019","22690316","JH378113","21187417","21187709","40","1502602"
"chr1","22730195","22730501","JH378115","16666421","16666731","49","6063774"
"chr1","22755833","22756143","JH378262","1936694","1936996","37","20819139"
"chr1","22758742","22758990","JH378108","44604172","44604416","38","21845430"
"chr1","22774457","22774753","JH378123","5667081","5667374","37","17107376"
"chr1","22785477","22785780","JH378242","734891","735189","38","22050586"
"chr1","22803018","22803316","JH378149","16273373","16273672","52","6529645"
"chr1","22815082","22815373","JH378194","8035993","8036286","41","14779089"
"chr1","22830906","22831201","JH378115","15001483","15001774","35","7829423"
"chr1","22849828","22850130","JH378106","1173984","1174280","46","21675844"
"chr1","22859892","22860203","JH378169","4302649","4302955","36","18557243"
"chr1","22872633","22872942","JH378112","33452684","33452993","40","10580051"
"chr1","22882475","22882769","JH378170","2816096","2816392","41","20066379"
"chr1","22897984","22898263","JH378108","45795367","45795646","42","22897383"
"chr1","22911498","22911760","JH378144","16421291","16421555","40","6490207"
"chr1","22967839","22968149","JH378181","1862137","1862448","41","21105702"
"chr1","22979310","22979618","JH378247","561987","562291","44","22417323"
"chr1","22992679","22992973","JH378123","21695970","21696268","31","1296709"
"chr1","23031041","23031342","JH378114","41541862","41542163","39","18510821"
"chr1","23031350","23031666","JH378115","19583909","19584219","52","3447441"
"chr1","23037252","23037567","JH378118","10693452","10693756","50","12343800"
"chr1","23060208","23060508","JH378116","14428154","14428454","46","8632054"
"chr1","23061081","23061384","JH378151","4578678","4578981","47","18482403"
"chr1","23075229","23075530","JH378173","3742186","3742492","40","19333043"
"chr1","23076720","23077031","JH378158","4130633","4130943","38","18946087"
"chr1","23110528","23110659","JH378157","8419135","8419267","14","14691393"
"chr1","23123611","23123917","JH378137","19447464","19447770","40","3676147"
"chr1","23125057","23125247","JH378125","6583282","6583470","19","16541775"
"chr1","23146589","23146891","JH378113","26550017","26550324","40","3403428"
"chr1","23148244","23148552","JH378120","4438901","4439206","43","18709343"
"chr1","23151060","23151362","JH378199","281986","282282","34","22869074"
"chr1","23176034","23176316","JH378142","18497200","18497482","39","4678834"
"chr1","23182149","23182448","JH378255","3447746","3448043","33","19734403"
"chr1","23204242","23204534","JH378204","7978351","7978644","44","15225891"
"chr1","23230790","23231086","JH378158","4146260","4146554","43","19084530"
"chr1","23238305","23238613","JH378301","920694","921000","51","22317611"
"chr1","23293317","23293609","JH378105","69163567","69163856","33","45870250"
"chr1","23312379","23312662","JH378173","3555312","3555589","38","19757067"
"chr1","23334702","23335003","JH378113","15232832","15233136","35","8101870"
"chr1","23344729","23345025","JH378114","23078690","23078986","40","266039"
"chr1","23350315","23350621","JH378131","11111973","11112271","51","12238342"
"chr1","23354005","23354125","JH378199","2975853","2975969","12","20378152"
"chr1","23361679","23361982","JH378294","668279","668579","43","22693400"
"chr1","23381161","23381438","JH378146","4379556","4379832","49","19001605"
"chr1","23386343","23386647","JH378220","3042426","3042720","45","20343917"
"chr1","23389411","23389707","JH378125","19474059","19474357","46","3915352"
"chr1","23392087","23392385","JH378107","45449868","45450165","42","22057781"
"chr1","23401698","23401999","JH378213","6894565","6894865","48","16507133"
"chr1","23404384","23404493","JH378199","106641","106749","8","23297743"
"chr1","23405046","23405379","JH378114","37484884","37485190","68","14079838"
"chr1","23412493","23412706","JH378131","1523112","1523325","31","21889381"
"chr1","23414934","23415214","JH378111","43330700","43330975","42","19915766"
"chr1","23422995","23423285","JH378111","45676990","45677276","49","22253995"
"chr1","23425184","23425445","JH378106","5142374","5142640","51","18282810"
"chr1","23440278","23440586","JH378205","4278012","4278319","45","19162266"
"chr1","23444919","23445190","JH378107","921814","922092","49","22523105"
"chr1","23449890","23450128","JH378172","11736740","11736979","56","11713150"
"chr1","23475798","23476065","JH378196","3015906","3016171","42","20459892"
"chr1","23482421","23482635","JH378173","3364467","3364692","50","20117954"
"chr1","23509003","23509301","JH378204","7978351","7978644","44","15530652"
"chr1","23510116","23510400","JH378122","7809799","7810085","39","15700317"
"chr1","23556785","23557103","JH378173","4261686","4262005","47","19295099"
"chr1","23558817","23559129","JH378108","28754876","28755186","45","5196059"
"chr1","23559356","23559613","JH378173","3293192","3293449","33","20266164"
"chr1","23565889","23565955","JH378244","3944461","3944527","7","19621428"
"chr1","23588597","23588902","JH378148","16955481","16955786","40","6633116"
"chr1","23589226","23589537","JH378167","4158411","4158718","41","19430815"
"chr1","23591188","23591477","JH378110","29149026","29149318","57","5557838"
"chr1","23597582","23597881","JH378173","10651343","10651645","48","12946239"
"chr1","23638148","23638457","JH378135","1618015","1618319","42","22020133"
"chr1","23652557","23652867","JH378249","1601829","1602137","40","22050728"
"chr1","23665782","23666080","JH378112","21224228","21224511","70","2441554"
"chr1","23674128","23674409","JH378124","5131942","5132232","46","18542186"
"chr1","23684097","23684406","JH378191","1053330","1053642","42","22630767"
"chr1","23687202","23687486","JH378123","13436584","13436870","41","10250618"
"chr1","23696465","23696665","JH378242","517775","517964","41","23178690"
"chr1","23700523","23700831","JH378118","10693452","10693756","47","13007071"
"chr1","23716593","23716861","JH378279","1666661","1666937","38","22049932"
"chr1","23717873","23718177","JH378107","51667756","51668056","44","27949883"
"chr1","23726517","23726826","JH378115","20304728","20305036","42","3421789"
"chr1","23740863","23741140","JH378276","484205","484481","53","23256658"
"chr1","23743729","23744034","JH378118","10693452","10693756","46","13050277"
"chr1","23759356","23759651","JH378111","26034614","26034912","52","2275258"
"chr1","23778244","23778485","JH378167","1604831","1605049","70","22173413"
"chr1","23788349","23788609","JH378232","2920110","2920380","46","20868239"
"chr1","23795057","23795363","JH378118","10693452","10693756","38","13101605"
"chr1","23795998","23796298","JH378141","14454762","14455052","40","9341236"
"chr1","23801981","23802293","JH378153","14175225","14175527","44","9626756"
"chr1","23814308","23814607","JH378175","11316625","11316922","40","12497683"
"chr1","23819631","23819944","JH378220","707046","707356","46","23112585"
"chr1","23821470","23821765","JH378204","7978351","7978644","38","15843119"
"chr1","23826550","23826862","JH378173","2157396","2157705","39","21669154"
"chr1","23835190","23835498","JH378204","3945411","3945718","40","19889779"
"chr1","23844215","23844508","JH378148","2797982","2798286","51","21046233"
"chr1","23844522","23844812","JH378117","6076538","6076831","41","17767984"
"chr1","23846397","23846511","JH378165","2374563","2374679","22","21471834"
"chr1","23846568","23846765","JH378125","6925084","6925263","57","16921484"
"chr1","23855134","23855432","JH378197","6837065","6837367","38","17018069"
"chr1","23863480","23863611","JH378168","5338377","5338506","13","18525103"
"chr1","23865575","23865656","JH378123","28785851","28785928","8","4920276"
"chr1","23866869","23867178","JH378173","2974417","2974713","40","20892452"
"chr1","23868057","23868361","JH378118","10693452","10693756","41","13174605"
"chr1","23880759","23881068","JH378276","134131","134438","43","23746628"
"chr1","23898086","23898213","JH378151","1942393","1942519","14","21955693"
"chr1","23901459","23901705","JH378160","11535044","11535288","30","12366415"
"chr1","23911093","23911374","JH378279","1666661","1666937","43","22244432"
"chr1","23917361","23917581","JH378131","1523112","1523325","35","22394249"
"chr1","23940306","23940585","JH378199","3667727","3667998","45","20272579"
"chr1","23941953","23942233","JH378167","11185455","11185738","39","12756498"
"chr1","23945589","23945886","JH378115","16549844","16550133","51","7395745"
"chr1","23952096","23952390","JH378197","8546632","8546928","39","15405464"
"chr1","23959318","23959613","JH378189","3786344","3786637","42","20172974"
"chr1","23981793","23982097","JH378119","6938385","6938678","47","17043408"
"chr1","23996731","23997020","JH378213","4435380","4435669","43","19561351"
"chr1","24002944","24003250","JH378290","1006881","1007187","36","22996063"
"chr1","24008000","24008311","JH378112","23716016","23716324","42","291984"
"chr1","24020761","24020984","JH378166","11801768","11802000","42","12218993"
"chr1","24037644","24037935","JH378137","306737","307026","47","23730907"
"chr1","24045582","24045885","JH378225","820768","821067","37","23224814"
"chr1","24059432","24059709","JH378114","20734954","20735221","54","3324478"
"chr1","24061389","24061690","JH378118","10693452","10693756","42","13367937"
"chr1","24067371","24067670","JH378116","21584425","21584722","46","2482946"
"chr1","24076220","24076524","JH378135","21300881","21301186","49","2775339"
"chr1","24090585","24090900","JH378118","6633242","6633554","51","17457343"
"chr1","24097679","24097976","JH378107","28369082","28369380","64","4271403"
"chr1","24123964","24124266","JH378301","920694","921000","43","23203270"
"chr1","24124269","24124572","JH378145","10500061","10500358","47","13624208"
"chr1","24129979","24130114","AGCE01150063","86","218","13","24129893"
"chr1","24130115","24130419","JH378185","1464210","1464514","43","22665905"
"chr1","24130420","24130525","JH378174","6084115","6084196","41","18046305"
"chr1","24157035","24157321","JH378173","2728737","2729030","57","21428298"
"chr1","24167572","24167866","JH378123","5667081","5667374","41","18500491"
"chr1","24172414","24172516","JH378221","2528361","2528462","11","21644053"
"chr1","24176848","24177156","JH378114","31686654","31686965","46","7509806"
"chr1","24182071","24182372","JH378257","3101020","3101316","55","21081051"
"chr1","24184489","24184780","JH378235","5966662","5966955","36","18217827"
"chr1","24194406","24194636","JH378165","986020","986257","36","23208386"
"chr1","24195387","24195697","JH378117","28807170","28807479","39","4611783"
"chr1","24196472","24196771","JH378152","14233840","14234141","42","9962632"
"chr1","24200936","24201244","JH378135","21300881","21301186","39","2900055"
"chr1","24213366","24213659","JH378178","8042470","8042765","41","16170896"
"chr1","24219347","24219639","JH378263","403647","403936","39","23815700"
"chr1","24220823","24221134","JH378112","36482668","36482971","42","12261845"
"chr1","24231761","24232065","JH378156","6301995","6302299","38","17929766"
"chr1","24234434","24234732","JH378121","20933847","20934138","50","3300587"
"chr1","24235311","24235613","JH378188","7232167","7232465","42","17003144"
"chr1","24236660","24236949","JH378110","5477556","5477869","71","18759104"
"chr1","24249837","24250165","JH378198","2805494","2805811","55","21444343"
"chr1","24307992","24308321","JH378217","5994423","5994749","59","18313569"
"chr1","24318613","24318924","JH378112","33452684","33452993","51","9134071"
"chr1","24327423","24327612","JH378183","7306836","7307026","27","17020587"
"chr1","24327682","24327761","JH378151","16530559","16530634","29","7797123"
"chr1","24333199","24333529","JH378161","9109654","9109959","76","15223545"
"chr1","24348401","24348695","JH378220","4350061","4350357","36","19998340"
"chr1","24385630","24385912","JH378200","4317868","4318159","40","20067762"
"chr1","24426195","24426497","JH378262","1936694","1936996","37","22489501"
"chr1","24428941","24429246","JH378216","1583905","1584206","53","22845036"
"chr1","24429533","24429829","JH378105","14432202","14432497","41","9997331"
"chr1","24462507","24462820","JH378153","1940574","1940884","46","22521933"
"chr1","24498949","24499214","JH378113","5817895","5818160","42","18681054"
"chr1","24542941","24543245","JH378115","27581787","27582086","49","3038846"
"chr1","24551480","24551782","JH378173","2354778","2355079","29","22196702"
"chr1","24554088","24554384","JH378279","1984984","1985277","42","22569104"
"chr1","24554673","24554959","JH378191","8253001","8253284","36","16301672"
"chr1","24587828","24588081","JH378107","29767249","29767499","35","5179421"
"chr1","24626094","24626186","JH378151","14418888","14418981","21","10207206"
"chr1","24639557","24639756","JH378136","18225043","18225229","35","6414514"
"chr1","24639877","24640151","JH378111","32631993","32632265","36","7992116"
"chr1","24645555","24645857","JH378139","1188333","1188633","39","23457222"
"chr1","24670467","24670757","JH378118","11558432","11558720","40","13112035"
"chr1","24675193","24675476","JH378113","2501930","2502215","65","22173263"
"chr1","24675763","24676055","JH378173","2227025","2227318","45","22448738"
"chr1","24694845","24695104","JH378135","4436418","4436677","42","20258427"
"chr1","24699807","24700130","JH378111","34735037","34735341","51","10035230"
"chr1","24716428","24716730","JH378105","46995355","46995661","45","22278927"
"chr1","24726414","24726719","JH378301","920694","921000","36","23805720"
"chr1","24732039","24732321","JH378114","41996207","41996493","42","17264168"
"chr1","24737686","24737996","JH378111","34264825","34265132","62","9527139"
"chr1","24753072","24753366","JH378105","36677350","36677644","35","11924278"
"chr1","24755632","24755920","JH378125","15313063","15313352","38","9442569"
"chr1","24759483","24759762","JH378110","9023891","9024177","49","15735592"
"chr1","24773046","24773337","JH378141","9303491","9303778","37","15469555"
"chr1","24774672","24774743","JH378110","22537669","22537742","9","2237003"
"chr1","24777727","24778009","JH378184","6124360","6124638","46","18653367"
"chr1","24788643","24788936","JH378131","23697009","23697304","40","1091634"
"chr1","24791911","24792148","JH378105","68828205","68828437","49","44036294"
"chr1","24793606","24793901","JH378111","11435677","11435973","47","13357929"
"chr1","24794381","24794680","JH378140","14147137","14147431","43","10647244"
"chr1","24802089","24802382","JH378117","32546315","32546609","44","7744226"
"chr1","24809012","24809308","JH378173","6575149","6575450","50","18233863"
"chr1","24809572","24809896","JH378127","24515465","24515779","51","294107"
"chr1","24816913","24817218","JH378118","10693452","10693756","39","14123461"
"chr1","24859809","24860119","JH378108","50609420","50609729","50","25749611"
"chr1","24877117","24877409","JH378111","8498303","8498600","40","16378814"
"chr1","24890042","24890148","JH378111","28283961","28284064","10","3393919"
"chr1","24896075","24896374","JH378242","734891","735189","35","24161184"
"chr1","24917689","24918000","JH378225","820768","821067","51","24096921"
"chr1","24926165","24926454","JH378167","7961661","7961938","51","16964504"
"chr1","24926596","24926899","JH378173","1954660","1954959","50","22971936"
"chr1","24965654","24965848","JH378196","41463","41652","29","24924191"
"chr1","24974870","24975149","JH378188","7808260","7808546","48","17166610"
"chr1","24979923","24980230","JH378113","15232832","15233136","47","9747091"
"chr1","24998733","24999030","JH378255","1058410","1058705","37","23940323"
"chr1","25011308","25011422","JH378328","423017","423132","16","24588291"
"chr1","25028467","25028779","JH378106","64277322","64277634","57","39248855"
"chr1","25047655","25047960","JH378220","6273810","6274113","46","18773845"
"chr1","25088427","25088729","JH378139","11244771","11245079","34","13843656"
"chr1","25149960","25150256","JH378173","1731869","1732165","48","23418091"
"chr1","25172722","25173025","JH378153","14704937","14705234","35","10467785"
"chr1","25187350","25187651","JH378173","1692713","1693017","41","23494637"
"chr1","25188632","25188938","JH378242","734891","735189","41","24453741"
"chr1","25268886","25269099","JH378254","343341","343553","56","24925545"
"chr1","25272511","25272826","JH378120","3234972","3235279","53","22037539"
"chr1","25280886","25281184","JH378118","28231777","28232075","41","2950891"
"chr1","25293227","25293357","JH378125","15315416","15315544","14","9977811"
"chr1","25293358","25293664","JH378110","16074360","16074662","47","9218998"
"chr1","25311749","25312044","JH378120","3464324","3464618","35","21847425"
"chr1","25340936","25341237","JH378173","1539996","1540287","56","23800940"
"chr1","25353244","25353552","JH378120","24798638","24798942","42","554606"
"chr1","25362233","25362539","JH378173","1691460","1691768","40","23670773"
"chr1","25364487","25364768","JH378261","3876575","3876858","40","21487912"
"chr1","25382809","25383114","JH378138","3451738","3452041","42","21931071"
"chr1","25390161","25390450","JH378133","8241350","8241642","46","17148811"
"chr1","25399816","25400109","JH378177","10173752","10174049","44","15226064"
"chr1","25402625","25402917","JH378291","130444","130734","37","25272181"
"chr1","25783599","25783915","JH378220","1403361","1403672","51","24380238"
"chr1","25791236","25791566","JH378247","561987","562291","65","25229249"
"chr1","25794345","25794639","JH378242","734891","735189","37","25059454"
"chr1","25799343","25799631","JH378114","6959737","6960037","48","18839606"
"chr1","25806615","25806914","JH378142","2765405","2765702","45","23041210"
"chr1","25808482","25808785","JH378188","7490346","7490651","47","18318136"
"chr1","25810377","25810572","JH378133","19630377","19630571","22","6180000"
"chr1","25827963","25828251","JH378113","38251432","38251721","51","12423469"
"chr1","25828299","25828585","JH378131","782846","783128","45","25045453"
"chr1","25853012","25853313","JH378157","6596557","6596851","46","19256455"
"chr1","25859782","25860067","JH378139","2221184","2221469","36","23638598"
"chr1","25867781","25867970","JH378119","33505519","33505715","28","7637738"
"chr1","25888022","25888242","JH378136","14993492","14993715","45","10894530"
"chr1","25910419","25910529","JH378160","4392820","4392932","12","21517599"
"chr1","25923084","25923375","JH378136","354228","354520","33","25568856"
"chr1","25924695","25925001","JH378173","1164979","1165284","43","24759716"
"chr1","25929550","25929873","JH378126","1862201","1862513","53","24067349"
"chr1","25931527","25931834","JH378105","1765115","1765420","44","24166412"
"chr1","25934738","25935031","JH378114","37013997","37014291","36","11079259"
"chr1","25953455","25953720","JH378142","11453510","11453780","45","14499945"
"chr1","25957939","25958193","JH378312","1010038","1010291","42","24947901"
"chr1","25962971","25963274","JH378176","9100046","9100345","39","16862925"
"chr1","25969705","25969911","JH378125","6583282","6583470","42","19386423"
"chr1","25982255","25982551","JH378125","5364994","5365289","38","20617261"
"chr1","25984617","25984912","JH378107","6452956","6453247","54","19531661"
"chr1","25998538","25998828","JH378118","1868546","1868837","51","24129992"
"chr1","26010359","26010647","JH378197","8546632","8546928","42","17463727"
"chr1","26018624","26018930","JH378176","5469588","5469888","46","20549036"
"chr1","26029254","26029555","JH378119","13478581","13478885","49","12550673"
"chr1","26054394","26054690","JH378190","9042514","9042812","63","17011880"
"chr1","26090356","26090643","JH378122","7809799","7810085","44","18280557"
"chr1","26091767","26092074","JH378118","10693452","10693756","41","15398315"
"chr1","26172112","26172407","JH378242","734891","735189","33","25437221"
"chr1","26173226","26173528","JH378106","2172328","2172633","44","24000898"
"chr1","26173638","26173937","JH378173","907007","907313","55","25266631"
"chr1","26182035","26182344","JH378106","69063427","69063728","37","42881392"
"chr1","26194329","26194623","JH378262","336971","337263","45","25857358"
"chr1","26236233","26236515","JH378189","177130","177409","39","26059103"
"chr1","26242754","26243049","JH378197","2965788","2966081","45","23276966"
"chr1","26260833","26261133","JH378110","6965048","6965350","38","19295785"
"chr1","26261846","26262144","JH378242","734891","735189","34","25526955"
"chr1","26269889","26270198","JH378117","37732677","37732982","51","11462788"
"chr1","26275976","26276287","JH378117","37445869","37446169","49","11169893"
"chr1","26276685","26276975","JH378259","3560296","3560587","35","22716389"
"chr1","26278142","26278403","JH378107","29393673","29393934","27","3115531"
"chr1","26295038","26295356","JH378113","15232832","15233136","46","11062206"
"chr1","26324670","26324928","JH378131","1474328","1474605","47","24850342"
"chr1","26332036","26332298","JH378226","894343","894603","51","25437693"
"chr1","26350948","26351243","JH378195","2148198","2148495","38","24202750"
"chr1","26361896","26362186","JH378146","775831","776122","35","25586065"
"chr1","26381325","26381622","JH378173","675105","675399","28","25706220"
"chr1","26389585","26389869","JH378189","177130","177409","43","26212455"
"chr1","26393094","26393405","JH378219","4070109","4070411","40","22322985"
"chr1","26410741","26410907","JH378110","32538099","32538262","49","6127358"
"chr1","26414020","26414324","JH378156","10837845","10838152","49","15576175"
"chr1","26416431","26416739","JH378245","1065043","1065345","37","25351388"
"chr1","26426051","26426352","JH378242","734891","735189","38","25691160"
"chr1","26427361","26427662","JH378106","6660208","6660505","49","19767153"
"chr1","26428220","26428527","JH378105","22631508","22631815","47","3796712"
"chr1","26433575","26433892","JH378146","10070657","10070972","52","16362918"
"chr1","26436872","26437167","JH378120","3564285","3564577","36","22872587"
"chr1","26462455","26462763","JH378224","2515142","2515446","44","23947313"
"chr1","26470250","26470520","JH378153","7149137","7149421","59","19321113"
"chr1","26472585","26472877","JH378108","32912059","32912352","36","6439474"
"chr1","26481293","26481584","JH378293","867202","867495","45","25614091"
"chr1","26485485","26485776","JH378190","8159027","8159328","43","18326458"
"chr1","26504592","26504902","JH378156","10672285","10672594","41","15832307"
"chr1","26508962","26509260","JH378148","3092528","3092826","38","23416434"
"chr1","26520378","26520576","JH378173","547641","547837","31","25972737"
"chr1","26522327","26522612","JH378153","6431962","6432251","40","20090365"
"chr1","26536177","26536471","JH378154","14273514","14273808","37","12262663"
"chr1","26546901","26547190","JH378220","3229265","3229557","47","23317636"
"chr1","26636922","26637199","JH378187","6699600","6699879","72","19937322"
"chr1","26646304","26646611","JH378114","38818344","38818646","62","12172040"
"chr1","26657010","26657325","JH378154","13561581","13561891","46","13095429"
"chr1","26677186","26677476","JH378198","1639176","1639469","32","25038010"
"chr1","26702341","26702648","JH378118","10693452","10693756","42","16008889"
"chr1","26705400","26705701","JH378249","2234944","2235237","54","24470456"
"chr1","26736782","26737071","JH378342","243194","243483","41","26493588"
"chr1","26744475","26744783","JH378148","2797982","2798286","37","23946493"
"chr1","26748414","26748712","JH378141","14454762","14455052","50","12293652"
"chr1","26765706","26766002","JH378113","10401647","10401939","38","16364059"
"chr1","26809716","26809888","JH378249","1227223","1227393","21","25582493"
"chr1","26818372","26818643","JH378136","14898747","14899023","40","11919625"
"chr1","26837547","26837837","JH378145","4052907","4053198","45","22784640"
"chr1","26842472","26842638","JH378141","9151732","9151889","27","17690740"
"chr1","26847393","26847692","JH378105","22547233","22547531","42","4300160"
"chr1","26874049","26874215","JH378213","680995","681165","29","26193054"
"chr1","26875451","26875743","JH378133","9743043","9743332","37","17132408"
"chr1","26875852","26876031","JH378137","19323143","19323313","37","7552709"
"chr1","26876324","26876470","JH378106","60814583","60814716","31","33938259"
"chr1","26885230","26885529","JH378173","176596","176893","40","26708634"
"chr1","26894426","26894697","JH378173","165965","166203","54","26728461"
"chr1","26930172","26930483","JH378140","15378059","15378364","43","11552113"
"chr1","26935897","26935998","JH378149","16141952","16142054","11","10793945"
"chr1","26950846","26951153","JH378184","5011284","5011593","37","21939562"
"chr1","26952672","26952804","JH378119","14399663","14399793","20","12553009"
"chr1","26974360","26974670","JH378115","3922473","3922776","46","23051887"
"chr1","26975629","26975918","JH378173","66427","66719","41","26909202"
"chr1","26979292","26979604","JH378117","15749415","15749721","45","11229877"
"chr1","26979746","26979882","JH378119","7179468","7179603","14","19800278"
"chr1","26982522","26982588","JH378263","1335535","1335602","8","25646987"
"chr1","26982589","26982885","JH378112","41231328","41231622","54","14248739"
"chr1","26983612","26983885","JH378236","2089533","2089804","41","24894079"
"chr1","26991329","26991622","JH378123","9608291","9608584","47","17383038"
"chr1","26995007","26995132","JH378112","32634143","32634269","12","5639136"
"chr1","26996033","26996148","JH378262","3333933","3334044","17","23662100"
"chr1","27033226","27033540","JH378105","20992815","20993124","52","6040411"
"chr1","27058848","27059151","JH378288","2786677","2786981","55","24272171"
"chr1","27060315","27060587","JH378124","10016046","10016322","42","17044269"
"chr1","27072696","27072986","JH378115","34769363","34769654","38","7696667"
"chr1","27080962","27081276","JH378106","69752564","69752871","59","42671602"
"chr1","27091588","27091895","JH378107","57164828","57165125","46","30073240"
"chr1","27098912","27099227","JH378203","2021950","2022247","57","25076962"
"chr1","27136145","27136430","JH378127","5317720","5318008","39","21818425"
"chr1","27160616","27160917","JH378262","1936694","1936996","36","25223922"
"chr1","27191496","27191798","JH378105","64694145","64694448","38","37502649"
"chr1","27203699","27203982","JH378117","26189716","26190001","38","1013983"
"chr1","27210844","27211018","JH378196","989088","989254","28","26221756"
"chr1","27211311","27211449","JH378108","49180782","49180912","33","21969471"
"chr1","27214946","27215228","JH378115","28716128","28716418","37","1501182"
"chr1","27218141","27218431","JH378153","11011004","11011290","45","16207137"
"chr1","27222538","27222848","JH378117","8273843","8274143","44","18948695"
"chr1","27237034","27237163","JH378159","15379035","15379163","20","11857999"
"chr1","27238294","27238581","JH378116","22659343","22659632","50","4578951"
"chr1","27242950","27243271","JH378119","5503589","5503900","47","21739361"
"chr1","27265026","27265173","JH378141","14700671","14700816","20","12564355"
"chr1","27265472","27265634","JH378119","34092724","34092888","27","6827252"
"chr1","27271179","27271459","JH378184","3320679","3320960","49","23950500"
"chr1","27274893","27275129","JH378158","4853985","4854214","36","22420908"
"chr1","27281753","27281885","JH378125","15468977","15469109","13","11812776"
"chr1","27319637","27319930","JH378226","6485812","6486107","36","20833825"
"chr1","27333068","27333350","JH378283","2933790","2934070","44","24399278"
"chr1","27333377","27333503","JH378152","14893090","14893217","19","12440287"
"chr1","27336473","27336669","JH378127","17641836","17642033","29","9694637"
"chr1","27341554","27341653","JH378220","4239588","4239689","13","23101966"
"chr1","27349853","27349984","JH378158","3234628","3234759","14","24115225"
"chr1","27351783","27352079","JH378116","28282701","28282994","39","930918"
"chr1","27372635","27372948","JH378148","3195871","3196169","43","24176764"
"chr1","27378707","27379010","JH378140","15256022","15256323","41","12122685"
"chr1","27383942","27384074","JH378120","16781777","16781909","13","10602165"
"chr1","27403249","27403526","JH378144","13429319","13429607","41","13973930"
"chr1","27409895","27410200","JH378143","8853254","8853566","46","18556641"
"chr1","27410565","27410872","JH378118","10693452","10693756","41","16717113"
"chr1","27412989","27413255","JH378114","20734954","20735221","37","6678035"
"chr1","27451117","27451380","JH378122","5341619","5341861","58","22109498"
"chr1","27452684","27452994","JH378113","15232832","15233136","43","12219852"
"chr1","27459441","27459735","JH378126","23251656","23251955","44","4207785"
"chr1","27460572","27460867","JH378107","57560653","57560955","37","30100081"
"chr1","27477784","27478095","JH378161","2879461","2879765","43","24598323"
"chr1","27494730","27494836","JH378172","7390272","7390381","13","20104458"
"chr1","27494837","27495132","JH378126","2342041","2342334","46","25152796"
"chr1","27502074","27502390","JH378107","57603419","57603725","44","30101345"
"chr1","27506802","27507107","JH378114","20897206","20897509","47","6609596"
"chr1","27510035","27510249","JH378283","75723","75948","79","27434312"
"chr1","27523426","27523734","JH378167","3626557","3626863","44","23896869"
"chr1","27530908","27531182","JH378105","50034667","50034949","47","22503759"
"chr1","27533088","27533387","JH378107","57643592","57643899","45","30110504"
"chr1","27535979","27536289","JH378108","38073678","38073985","44","10537699"
"chr1","27550324","27550613","JH378106","501033","501324","39","27049291"
"chr1","27571961","27572252","JH378142","1173704","1174003","45","26398257"
"chr1","27585322","27585611","JH378123","17942931","17943218","37","9642391"
"chr1","27621132","27621434","JH378167","6875653","6875957","45","20745479"
"chr1","27623270","27623563","JH378107","57744204","57744495","39","30120934"
"chr1","27624894","27625033","JH378242","2896198","2896337","16","24728696"
"chr1","27625330","27625496","JH378137","19323143","19323313","34","8302187"
"chr1","27637467","27637760","JH378213","4435380","4435669","35","23202087"
"chr1","27678932","27679237","JH378122","7400305","7400610","40","20278627"
"chr1","27686760","27687064","JH378224","2515142","2515446","37","25171618"
"chr1","27695169","27695230","JH378129","2055847","2055908","16","25639322"
"chr1","27695524","27695609","JH378119","26447332","26447413","12","1248192"
"chr1","27711391","27711693","JH378157","2913099","2913406","46","24798292"
"chr1","27731789","27732069","JH378252","4291425","4291721","46","23440364"
"chr1","27734926","27735228","JH378110","2590007","2590314","36","25144919"
"chr1","27749272","27749566","JH378126","22770602","22770897","47","4978670"
"chr1","27749745","27750068","JH378112","28085961","28086297","74","336216"
"chr1","27756382","27756679","JH378107","57875682","57875970","49","30119300"
"chr1","27757135","27757437","JH378113","15232832","15233136","34","12524303"
"chr1","27764910","27765044","JH378157","8419135","8419267","18","19345775"
"chr1","27766369","27766619","JH378139","1363865","1364120","43","26402504"
"chr1","27770446","27770729","JH378105","21194547","21194822","54","6575899"
"chr1","27782487","27782805","JH378114","19454155","19454463","62","8328332"
"chr1","27784501","27784770","JH378125","16056763","16057023","51","11727738"
"chr1","27786749","27787040","JH378126","21851720","21852006","43","5935029"
"chr1","27789827","27789945","JH378107","30071454","30071572","16","2281627"
"chr1","27790252","27790421","JH378137","19323143","19323313","28","8467109"
"chr1","27797692","27798033","JH378244","3779094","3779431","79","24018598"
"chr1","27801609","27801907","JH378113","20938971","20939266","43","6862638"
"chr1","27813836","27813935","JH378107","57935541","57935641","10","30121705"
"chr1","27821625","27821906","JH378153","6890101","6890384","37","20931524"
"chr1","27844608","27844908","JH378118","10693452","10693756","37","17151156"
"chr1","27914532","27914823","JH378123","5667081","5667374","36","22247451"
"chr1","27926496","27926786","JH378145","6241795","6242082","39","21684701"
"chr1","27944035","27944326","JH378232","3502872","3503164","44","24441163"
"chr1","27945021","27945311","JH378137","6406344","6406639","40","21538677"
"chr1","27947990","27948292","JH378107","58081070","58081374","50","30133080"
"chr1","27957532","27957851","JH378169","11210797","11211123","62","16746735"
"chr1","27970890","27971194","JH378106","49065940","49066239","44","21095050"
"chr1","27983221","27983515","JH378242","734891","735189","40","27248330"
"chr1","28012700","28013045","JH378220","3718175","3718504","91","24294525"
"chr1","28020530","28020821","JH378212","1795711","1796000","81","26224819"
"chr1","28027116","28027428","JH378115","33936739","33937047","44","5909623"
"chr1","28037108","28037408","JH378139","10433692","10433994","45","17603416"
"chr1","28041120","28041269","JH378125","4589691","4589826","28","23451429"
"chr1","28051698","28052005","JH378126","782415","782718","45","27269283"
"chr1","28065171","28065468","JH378107","58193840","58194139","41","30128669"
"chr1","28071747","28071982","JH378133","7648492","7648727","40","20423255"
"chr1","28072694","28073004","JH378134","15452039","15452337","50","12620655"
"chr1","28074402","28074634","JH378105","45639946","45640176","43","17565544"
"chr1","28084134","28084432","JH378105","69163567","69163856","47","41079433"
"chr1","28100270","28100612","JH378131","891411","891731","81","27208859"
"chr1","28111738","28112026","JH378131","782846","783128","40","27328892"
"chr1","28116583","28116878","JH378177","11066061","11066358","47","17050522"
"chr1","28119296","28119512","JH378167","33469","33680","31","28085827"
"chr1","28124947","28125260","JH378167","9008884","9009195","46","19116063"
"chr1","28127900","28128206","JH378105","45886739","45887040","45","17758839"
"chr1","28132725","28133032","JH378142","1173704","1174003","39","26959021"
"chr1","28145760","28146030","JH378196","3015906","3016171","46","25129854"
"chr1","28159539","28159836","JH378193","850283","850583","42","27309256"
"chr1","28160472","28160603","JH378262","310456","310588","10","27850016"
"chr1","28199559","28199691","JH378115","34391970","34392102","17","6192411"
"chr1","28200424","28200664","JH378106","69729139","69729374","36","41528715"
"chr1","28200932","28201190","JH378127","6025424","6025676","49","22175508"
"chr1","28206007","28206109","JH378105","10574654","10574760","15","17631353"
"chr1","28209608","28209897","JH378110","19596750","19597032","47","8612858"
"chr1","28219039","28219335","JH378117","28666592","28666888","45","447553"
"chr1","28250535","28250842","JH378114","42121182","42121484","49","13870647"
"chr1","28262087","28262393","JH378232","4131362","4131658","57","24130725"
"chr1","28295315","28295610","JH378127","15510679","15510974","41","12784636"
"chr1","28298210","28298508","JH378153","7175186","7175482","39","21123024"
"chr1","28300221","28300507","JH378239","758573","758858","44","27541648"
"chr1","28313002","28313302","JH378148","13262362","13262662","38","15050640"
"chr1","28315450","28315759","JH378111","26034614","26034912","43","2280836"
"chr1","28332972","28333126","JH378119","14760426","14760576","24","13572546"
"chr1","28354170","28354472","JH378242","734891","735189","38","27619279"
"chr1","28361447","28361733","JH378129","11437057","11437332","54","16924390"
"chr1","28371979","28372195","JH378110","29662952","29663160","39","1290973"
"chr1","28375018","28375274","JH378106","67554016","67554267","45","39178998"
"chr1","28396365","28396661","JH378154","14273514","14273808","40","14122851"
"chr1","28399420","28399620","JH378166","2170300","2170502","26","26229120"
"chr1","28402355","28402671","JH378167","10539860","10540171","49","17862495"
"chr1","28405954","28406265","JH378145","23363","23674","46","28382591"
"chr1","28409569","28409874","JH378247","561987","562291","33","27847582"
"chr1","28414871","28415089","JH378165","11345809","11346027","37","17069062"
"chr1","28418480","28418784","JH378106","69658436","69658736","51","41239956"
"chr1","28427853","28428141","JH378216","3323731","3324020","45","25104122"
"chr1","28433956","28434224","JH378148","15577863","15578139","46","12856093"
"chr1","28436917","28437217","JH378112","20815144","20815441","45","7621773"
"chr1","28454997","28455328","JH378323","541266","541613","57","27913731"
"chr1","28463288","28463597","JH378118","20140583","20140886","39","8322705"
"chr1","28466158","28466459","JH378123","21695970","21696268","43","6770188"
"chr1","28467209","28467504","JH378116","17309650","17309943","37","11157559"
"chr1","28475696","28476012","JH378118","20140583","20140886","48","8335113"
"chr1","28476986","28477268","JH378235","937934","938194","52","27539052"
"chr1","28477479","28477857","JH378149","2873662","2873991","93","25603817"
"chr1","28482148","28482458","JH378123","17415533","17415834","44","11066615"
"chr1","28485038","28485303","JH378235","4632077","4632354","62","23852961"
"chr1","28487208","28487490","JH378245","3817099","3817384","50","24670109"
"chr1","28494774","28495085","JH378195","2148198","2148495","52","26346576"
"chr1","28504628","28504916","JH378204","7978351","7978644","38","20526277"
"chr1","28509391","28509685","JH378148","3100313","3100608","47","25409078"
"chr1","28511732","28512043","JH378135","3487580","3487886","47","25024152"
"chr1","28520336","28520630","JH378111","43268192","43268483","32","14747856"
"chr1","28539314","28539388","JH378153","13681409","13681484","14","14857905"
"chr1","28540270","28540577","JH378117","37732677","37732982","42","9192407"
"chr1","28549729","28550019","JH378116","22659343","22659632","41","5890386"
"chr1","28572681","28572960","JH378121","2976112","2976395","48","25596569"
"chr1","28578969","28579258","JH378152","14449530","14449815","36","14129439"
"chr1","28579699","28579926","JH378152","14498341","14498566","66","14081358"
"chr1","28583825","28584117","JH378139","16988807","16989096","50","11595018"
"chr1","28585851","28586122","JH378238","1405402","1405674","33","27180449"
"chr1","28588575","28588868","JH378128","3862805","3863098","42","24725770"
"chr1","28594675","28594978","JH378118","10693452","10693756","59","17901223"
"chr1","28597711","28597994","JH378308","264797","265077","55","28332914"
"chr1","28610802","28611092","JH378229","5664521","5664806","37","22946281"
"chr1","28623173","28623468","JH378191","967537","967830","42","27655636"
"chr1","28637910","28638216","JH378247","561987","562291","45","28075923"
"chr1","28641240","28641541","JH378115","23035121","23035419","53","5606119"
"chr1","28643362","28643594","JH378196","2334376","2334598","36","26308986"
"chr1","28646436","28646722","JH378290","1190569","1190859","41","27455867"
"chr1","28670440","28670745","JH378111","44623372","44623662","56","15952932"
"chr1","28696643","28696944","JH378121","23124574","23124872","41","5572069"
"chr1","28698896","28699120","JH378293","1320467","1320687","32","27378429"
"chr1","28701549","28701846","JH378114","22526707","22527002","38","6174842"
"chr1","28705623","28705794","JH378129","7281850","7282020","25","21423773"
"chr1","28709815","28710115","JH378106","43265742","43266042","46","14555927"
"chr1","28729994","28730305","JH378105","64694145","64694448","40","35964151"
"chr1","28765577","28765868","JH378271","1015797","1016086","33","27749780"
"chr1","28765999","28766224","JH378137","8528832","8529057","33","20237167"
"chr1","28773311","28773608","JH378107","6573476","6573770","41","22199835"
"chr1","28775955","28776255","JH378179","9954226","9954525","41","18821729"
"chr1","28777196","28777490","JH378116","21938901","21939189","48","6838295"
"chr1","28781196","28781487","JH378180","10344448","10344746","52","18436748"
"chr1","28789513","28789797","JH378204","3222855","3223147","46","25566658"
"chr1","28796923","28797240","JH378323","208115","208412","44","28588808"
"chr1","28798530","28798822","JH378323","203425","203712","37","28595105"
"chr1","28807785","28808088","JH378197","8295826","8296131","38","20511959"
"chr1","28833618","28833869","JH378122","6183298","6183540","40","22650320"
"chr1","28847875","28848112","JH378143","4314656","4314897","36","24533219"
"chr1","28866375","28866664","JH378105","50034667","50034949","46","21168292"
"chr1","28869421","28869520","JH378135","17277264","17277357","18","11592157"
"chr1","28872841","28872971","JH378159","3700403","3700534","20","25172438"
"chr1","28882279","28882567","JH378114","42121182","42121484","48","13238903"
"chr1","28894161","28894454","JH378213","1684902","1685192","40","27209259"
"chr1","28899092","28899394","JH378111","45819890","45820181","51","16920798"
"chr1","28905707","28905977","JH378323","92867","93137","32","28812840"
"chr1","28908339","28908644","JH378137","15935777","15936084","39","12972562"
"chr1","28920828","28921114","JH378175","2692212","2692499","46","26228616"
"chr1","28929848","28930156","JH378204","3945411","3945718","36","24984437"
"chr1","28938419","28938554","JH378141","15622998","15623132","12","13315421"
"chr1","28946281","28946527","JH378156","1741769","1742011","37","27204512"
"chr1","28957497","28957800","JH378145","1780512","1780818","44","27176985"
"chr1","28966196","28966498","JH378122","7809799","7810085","53","21156397"
"chr1","28967172","28967446","JH378106","59486942","59487216","47","30519770"
"chr1","28986753","28987048","JH378234","3910030","3910327","40","25076723"
"chr1","28995327","28995634","JH378148","3195871","3196169","42","25799456"
"chr1","29025412","29025724","JH378281","1512369","1512678","44","27513043"
"chr1","29027649","29027913","JH378108","31290146","31290413","51","2262497"
"chr1","29030668","29030962","JH378191","967537","967830","44","28063131"
"chr1","29031894","29032187","JH378141","14454762","14455052","36","14577132"
"chr1","29043690","29043934","JH378139","1837109","1837357","63","27206581"
"chr1","29043937","29044231","JH378148","3100313","3100608","49","25943624"
"chr1","29064224","29064526","JH378127","13202957","13203249","55","15861267"
"chr1","29071079","29071361","JH378142","14013464","14013754","44","15057615"
"chr1","29072711","29072838","JH378198","8751419","8751544","14","20321292"
"chr1","29072852","29073067","JH378105","54704185","54704402","41","25631333"
"chr1","29085009","29085272","JH378342","63308","63574","35","29021701"
"chr1","29086446","29086743","JH378195","2148198","2148495","44","26938248"
"chr1","29087365","29087660","JH378141","12716977","12717272","39","16370388"
"chr1","29088211","29088505","JH378191","967537","967830","38","28120674"
"chr1","29090565","29090868","JH378186","1525813","1526111","42","27564752"
"chr1","29093904","29094197","JH378105","14432202","14432497","38","14661702"
"chr1","29101586","29101885","JH378106","3058385","3058676","38","26043201"
"chr1","29117903","29118203","JH378151","5756127","5756418","43","23361776"
"chr1","29120378","29120662","JH378121","20933847","20934138","39","8186531"
"chr1","29122667","29122940","JH378126","21481402","21481676","45","7641265"
"chr1","29123857","29124155","JH378110","7850107","7850410","39","21273750"
"chr1","29126969","29127276","JH378134","18193314","18193616","49","10933655"
"chr1","29153758","29154050","JH378153","14175225","14175527","49","14978533"
"chr1","29169728","29170030","JH378105","6860629","6860928","41","22309099"
"chr1","29199391","29199698","JH378246","4313059","4313359","43","24886332"
"chr1","29214409","29214698","JH378109","50062235","50062525","34","20847826"
"chr1","29215357","29215653","JH378123","21695970","21696268","38","7519387"
"chr1","29217533","29217830","JH378184","5011284","5011593","50","24206249"
"chr1","29242246","29242520","JH378176","4982227","4982507","42","24260019"
"chr1","29250443","29250606","JH378152","13725685","13725847","21","15524758"
"chr1","29256848","29257146","JH378129","11810131","11810431","43","17446717"
"chr1","29257474","29257602","JH378198","8572906","8573029","23","20684568"
"chr1","29262201","29262491","JH378117","28666592","28666888","49","595609"
"chr1","29291457","29291765","JH378118","10693452","10693756","43","18598005"
"chr1","29335369","29335554","JH378152","6176533","6176724","33","23158836"
"chr1","29342259","29342549","JH378192","5415267","5415549","49","23926992"
"chr1","29349350","29349643","JH378200","4317868","4318159","36","25031482"
"chr1","29364747","29364889","JH378296","556970","557110","14","28807777"
"chr1","29365168","29365328","JH378138","6922561","6922717","31","22442607"
"chr1","29375263","29375550","JH378153","851337","851628","48","28523926"
"chr1","29377412","29377704","JH378204","7795535","7795827","59","21581877"
"chr1","29387221","29387487","JH378198","8439462","8439728","32","20947759"
"chr1","29395965","29396230","JH378198","8428026","8428306","55","20967939"
"chr1","29411550","29411858","JH378113","26550017","26550324","37","2861533"
"chr1","29412589","29412894","JH378111","8498303","8498600","40","20914286"
"chr1","29436626","29436759","JH378175","8173761","8173897","18","21262865"
"chr1","29454431","29454722","JH378291","130444","130734","45","29323987"
"chr1","29469812","29469998","JH378114","10654899","10655083","26","18814913"
"chr1","29501619","29501915","JH378197","8546632","8546928","35","20954987"
"chr1","29516519","29516827","JH378108","34552149","34552452","53","5035630"
"chr1","29543270","29543564","JH378226","6485812","6486107","41","23057458"
"chr1","29547625","29547910","JH378139","17676474","17676761","49","11871151"
"chr1","29561872","29562171","JH378136","18824175","18824470","41","10737697"
"chr1","29571166","29571455","JH378198","8233723","8234022","38","21337443"
"chr1","29611017","29611311","JH378198","8186276","8186573","38","21424741"
"chr1","29645293","29645599","JH378135","21300881","21301186","45","8344412"
"chr1","29650204","29650513","JH378284","2533277","2533588","44","27116927"
"chr1","29740846","29741144","JH378265","117843","118145","35","29623003"
"chr1","29902815","29903092","JH378198","7918608","7918870","44","21984207"
"chr1","29955955","29956268","JH378105","17829351","17829662","45","12126604"
"chr1","29962943","29963236","JH378214","5755548","5755843","38","24207395"
"chr1","29981911","29982221","JH378126","782415","782718","46","29199496"
"chr1","30091623","30091930","JH378129","3247646","3247946","39","26843977"
"chr1","30170994","30171296","JH378198","7632528","7632824","50","22538466"
"chr1","30198403","30198687","JH378213","4422853","4423134","39","25775550"
"chr1","30205617","30205917","JH378242","734891","735189","44","29470726"
"chr1","30227685","30227987","JH378114","22526707","22527002","39","7700978"
"chr1","30245081","30245375","JH378123","5667081","5667374","39","24578000"
"chr1","30352226","30352475","JH378116","29153274","29153524","46","1198952"
"chr1","30391847","30392142","JH378204","3222855","3223147","42","27168992"
"chr1","30463588","30463881","JH378105","4196799","4197087","42","26266789"
"chr1","30549062","30549358","JH378140","5325520","5325814","47","25223542"
"chr1","30563576","30563874","JH378153","14175225","14175527","44","16388351"
"chr1","30636932","30637234","JH378172","9553918","9554219","46","21083014"
"chr1","30648540","30648837","JH378213","4603416","4603708","39","26045124"
"chr1","30659100","30659400","JH378299","351741","352037","41","30307359"
"chr1","30673842","30674120","JH378105","4721746","4722025","49","25952096"
"chr1","30831005","30831282","JH378129","7569227","7569492","51","23261778"
"chr1","30858867","30859174","JH378151","4578678","4578981","44","26280189"
"chr1","30968165","30968456","JH378111","43268192","43268483","48","12300027"
"chr1","30987250","30987467","JH378198","6877254","6877474","22","24109996"
"chr1","31052010","31052299","JH378153","12544489","12544777","38","18507521"
"chr1","31076177","31076448","JH378182","1174655","1174927","45","29901522"
"chr1","31086154","31086423","JH378144","4721929","4722197","49","26364225"
"chr1","31111315","31111602","JH378169","5420985","5421269","45","25690330"
"chr1","31120797","31121087","JH378123","9608291","9608584","42","21512506"
"chr1","31126190","31126501","JH378125","739984","740293","41","30386206"
"chr1","31127402","31127685","JH378198","4413303","4413578","43","26714099"
"chr1","31135608","31135921","JH378198","6728513","6728818","46","24407095"
"chr1","31154328","31154619","JH378271","1015797","1016086","35","30138531"
"chr1","31161707","31161999","JH378123","9608291","9608584","30","21553416"
"chr1","31195785","31196051","JH378315","1029299","1029565","50","30166486"
"chr1","31217743","31217973","JH378148","12365305","12365534","36","18852438"
"chr1","31222248","31222500","JH378106","59701248","59701521","56","28479000"
"chr1","31225854","31226139","JH378152","14449530","14449815","40","16776324"
"chr1","31236507","31236813","JH378258","1807287","1807590","48","29429220"
"chr1","31237006","31237293","JH378135","20298147","20298439","47","10938859"
"chr1","31260876","31261186","JH378198","6605026","6605327","38","24655850"
"chr1","31274046","31274329","JH378113","14574210","14574483","47","16699836"
"chr1","31292084","31292385","JH378118","11964184","11964485","48","19327900"
"chr1","31329545","31329694","JH378107","55895704","55895839","47","24566159"
"chr1","31332683","31332985","JH378148","3178240","3178539","58","28154443"
"chr1","31333690","31333828","JH378134","19988706","19988844","25","11344984"
"chr1","31345201","31345503","JH378194","8035993","8036286","41","23309208"
"chr1","31347104","31347347","JH378227","989230","989466","40","30357874"
"chr1","31357271","31357555","JH378131","1429015","1429300","41","29928256"
"chr1","31359182","31359492","JH378183","2373415","2373723","46","28985767"
"chr1","31367807","31368109","JH378116","14428154","14428454","38","16939653"
"chr1","31369067","31369353","JH378122","7104036","7104320","48","24265031"
"chr1","31374253","31374548","JH378111","8498303","8498600","41","22875950"
"chr1","31377389","31377688","JH378186","1525813","1526111","36","29851576"
"chr1","31394708","31395020","JH378166","9428708","9429013","44","21966000"
"chr1","31401560","31401627","JH378137","7144095","7144162","15","24257465"
"chr1","31406937","31407032","JH378139","343256","343354","14","31063681"
"chr1","31414903","31415239","JH378127","2654603","2654919","66","28760300"
"chr1","31425620","31425927","JH378136","18824175","18824470","52","12601445"
"chr1","31433926","31434229","JH378161","9835663","9835963","52","21598263"
"chr1","31437349","31437651","JH378152","13742000","13742297","50","17695349"
"chr1","31438171","31438461","JH378145","6047527","6047818","42","25390644"
"chr1","31447139","31447443","JH378121","151701","152000","43","31295438"
"chr1","31454367","31454458","JH378131","16176535","16176629","9","15277832"
"chr1","31461563","31461854","JH378172","9343322","9343615","47","22118241"
"chr1","31465439","31465744","JH378135","16449037","16449347","49","15016402"
"chr1","31474595","31474790","JH378108","45126441","45126635","32","13651846"
"chr1","31494685","31494982","JH378116","25790477","25790774","41","5704208"
"chr1","31500020","31500218","JH378111","34084751","34084947","23","2584731"
"chr1","31515411","31515717","JH378284","887377","887688","59","30628034"
"chr1","31529205","31529496","JH378263","403647","403936","38","31125558"
"chr1","31550983","31551291","JH378108","44664521","44664828","49","13113538"
"chr1","31552248","31552528","JH378161","438306","438590","39","31113942"
"chr1","31584038","31584302","JH378196","3015906","3016171","43","28568132"
"chr1","31585090","31585389","JH378152","13742000","13742297","40","17843090"
"chr1","31587715","31588014","JH378116","27863685","27863978","57","3724030"
"chr1","31592335","31592622","JH378105","18392353","18392643","41","13199982"
"chr1","31602215","31602522","JH378113","15232832","15233136","39","16369383"
"chr1","31605509","31605823","JH378149","422089","422391","58","31183420"
"chr1","31614911","31615166","JH378108","49766575","49766816","41","18151664"
"chr1","31628428","31628731","JH378128","10277367","10277671","50","21351061"
"chr1","31641912","31642199","JH378114","41996207","41996493","36","10354295"
"chr1","31651033","31651343","JH378118","4589604","4589912","41","27061429"
"chr1","31655332","31655629","JH378152","13742000","13742297","33","17913332"
"chr1","31659655","31659974","JH378198","6197829","6198154","43","25461826"
"chr1","31683647","31683945","JH378188","7232167","7232465","36","24451480"
"chr1","31688133","31688420","JH378247","1658500","1658792","47","30029633"
"chr1","31691161","31691456","JH378127","23469237","23469532","41","8221924"
"chr1","31692041","31692349","JH378113","17168263","17168574","47","14523778"
"chr1","31693320","31693652","JH378198","6163041","6163356","60","25530279"
"chr1","31698745","31699032","JH378220","4840478","4840764","50","26858267"
"chr1","31699217","31699520","JH378148","16271022","16271321","39","15428195"
"chr1","31701894","31702182","JH378153","7259153","7259438","43","24442741"
"chr1","31702285","31702591","JH378111","12898365","12898668","42","18803920"
"chr1","31717287","31717597","JH378117","15749415","15749721","41","15967872"
"chr1","31722601","31722879","JH378131","782846","783128","43","30939755"
"chr1","31740362","31740669","JH378116","22378952","22379256","43","9361410"
"chr1","31749568","31749855","JH378125","23409225","23409506","56","8340343"
"chr1","31795188","31795499","JH378105","55255219","55255522","46","23460031"
"chr1","31821319","31821603","JH378255","3171665","3171954","42","28649654"
"chr1","31856782","31857090","JH378135","21300881","21301186","35","10555901"
"chr1","31858662","31858933","JH378198","6007625","6007874","46","25851037"
"chr1","31866688","31866922","JH378203","1307857","1308090","32","30558831"
"chr1","31874001","31874288","JH378198","5995972","5996259","26","25878029"
"chr1","31900072","31900375","JH378135","21300881","21301186","46","10599191"
"chr1","31900531","31900833","JH378301","496735","497037","41","31403796"
"chr1","31911917","31912211","JH378105","69163567","69163856","41","37251650"
"chr1","31913002","31913346","JH378198","5957879","5958224","67","25955123"
"chr1","31978376","31978685","JH378198","5889745","5890046","39","26088631"
"chr1","31988394","31988693","JH378118","21379521","21379824","36","10608873"
"chr1","32011475","32011767","JH378191","2563353","2563653","46","29448122"
"chr1","32119878","32120187","JH378188","7490346","7490651","47","24629532"
"chr1","32141637","32141935","JH378228","2015002","2015296","49","30126635"
"chr1","32148122","32148423","JH378151","6150117","6150421","38","25998005"
"chr1","32153957","32154248","JH378110","9867313","9867609","36","22286644"
"chr1","32160776","32161072","JH378167","11202084","11202374","44","20958692"
"chr1","32164507","32164796","JH378137","3073918","3074209","39","29090589"
"chr1","32165110","32165397","JH378255","3171665","3171954","41","28993445"
"chr1","32166854","32167123","JH378183","7334954","7335216","45","24831900"
"chr1","32170959","32171251","JH378198","5696367","5696658","25","26474592"
"chr1","32172335","32172629","JH378108","32912059","32912352","40","739724"
"chr1","32172934","32173231","JH378123","29416076","29416371","37","2756858"
"chr1","32179661","32179948","JH378140","5325520","5325814","49","26854141"
"chr1","32200355","32200580","JH378193","1462886","1463103","33","30737469"
"chr1","32201441","32201734","JH378226","6485812","6486107","38","25715629"
"chr1","32203943","32204246","JH378116","25790477","25790774","36","6413466"
"chr1","32236870","32237125","JH378198","5627321","5627572","28","26609549"
"chr1","32262262","32262553","JH378232","2593736","2594029","42","29668526"
"chr1","32264857","32265101","JH378262","2751970","2752213","30","29512887"
"chr1","32271648","32271951","JH378108","46614470","46614770","41","14342822"
"chr1","32278145","32278433","JH378152","3881684","3881955","69","28396461"
"chr1","32296816","32297108","JH378141","14454762","14455052","37","17842054"
"chr1","32298839","32299015","JH378130","169328","169505","30","32129511"
"chr1","32316394","32316693","JH378135","1618015","1618319","37","30698379"
"chr1","32317819","32318142","JH378262","2934164","2934486","54","29383655"
"chr1","32345864","32346161","JH378114","37013997","37014291","39","4668133"
"chr1","32380546","32380840","JH378117","6076538","6076831","35","26304008"
"chr1","32381528","32381837","JH378115","33936739","33937047","41","1555211"
"chr1","32391149","32391455","JH378198","5474970","5475266","41","26916179"
"chr1","32412335","32412632","JH378120","3564285","3564577","41","28848050"
"chr1","32419515","32419821","JH378198","5441010","5441306","52","26978505"
"chr1","32429324","32429596","JH378234","702241","702509","43","31727083"
"chr1","32433500","32433678","JH378107","4101427","4101597","39","28332073"
"chr1","32433973","32434103","JH378125","4589691","4589826","19","27844282"
"chr1","32483948","32484221","JH378173","10573389","10573662","53","21910559"
"chr1","32490497","32490524","JH378113","38140728","38140753","8","5650231"
"chr1","32490578","32490877","JH378146","4007250","4007546","50","28483328"
"chr1","32515337","32515527","JH378181","5471187","5471377","22","27044150"
"chr1","32516825","32517130","JH378137","14128205","14128508","35","18388620"
"chr1","32527347","32527636","JH378125","4533400","4533689","48","27993947"
"chr1","32553484","32553770","JH378148","12186907","12187195","43","20366577"
"chr1","32557149","32557431","JH378105","6621498","6621779","40","25935651"
"chr1","32591888","32592183","JH378121","20933847","20934138","35","11658041"
"chr1","32593464","32593747","JH378172","970360","970642","50","31623104"
"chr1","32597676","32597976","JH378118","10693452","10693756","52","21904224"
"chr1","32605544","32605844","JH378232","5151720","5152018","40","27453824"
"chr1","32613529","32613698","JH378108","4842185","4842354","20","27771344"
"chr1","32615050","32615340","JH378152","13742000","13742297","39","18873050"
"chr1","32618519","32618819","JH378141","14454762","14455052","37","18163757"
"chr1","32632988","32633255","JH378123","23199722","23199987","46","9433266"
"chr1","32639209","32639518","JH378204","3945411","3945718","44","28693798"
"chr1","32641876","32642179","JH378115","26968615","26968913","43","5673261"
"chr1","32660756","32661060","JH378134","18193314","18193616","43","14467442"
"chr1","32673993","32674245","JH378337","395402","395648","35","32278591"
"chr1","32677221","32677508","JH378180","2674233","2674516","42","30002988"
"chr1","32702065","32702364","JH378135","15931802","15932093","46","16770263"
"chr1","32703720","32704017","JH378290","1449167","1449465","40","31254553"
"chr1","32716010","32716283","JH378115","32779834","32780106","53","63824"
"chr1","32728430","32728734","JH378220","4350061","4350357","37","28378369"
"chr1","32919106","32919425","JH378171","6146061","6146380","54","26773045"
"chr1","32929164","32929407","JH378198","5082455","5082697","27","27846709"
"chr1","32931824","32932109","JH378105","50034667","50034949","40","17102843"
"chr1","32934492","32934804","JH378167","6217684","6217994","42","26716808"
"chr1","32935009","32935304","JH378198","5075944","5076246","38","27859065"
"chr1","32937223","32937511","JH378107","30469662","30469949","37","2467561"
"chr1","32946526","32946833","JH378137","4784087","4784395","53","28162439"
"chr1","32947750","32948061","JH378118","10693452","10693756","39","22254298"
"chr1","32971980","32972279","JH378105","5425605","5425907","37","27546375"
"chr1","32973352","32973646","JH378106","65370916","65371216","46","32397564"
"chr1","32975078","32975340","JH378144","4721929","4722197","42","28253149"
"chr1","32979203","32979492","JH378105","55255219","55255522","57","22276016"
"chr1","32987253","32987554","JH378308","686068","686367","39","32301185"
"chr1","32991874","32992162","JH378157","8897571","8897861","36","24094303"
"chr1","33006028","33006321","JH378113","20938971","20939266","40","12067057"
"chr1","33014322","33014607","JH378127","20988283","20988571","40","12026039"
"chr1","33017905","33018216","JH378198","4983953","4984266","38","28033952"
"chr1","33037582","33037879","JH378127","13043813","13044101","55","19993769"
"chr1","33040966","33041264","JH378185","6039029","6039324","44","27001937"
"chr1","33054231","33054464","JH378198","6742889","6743125","47","26311342"
"chr1","33057791","33058101","JH378193","3645069","3645373","54","29412722"
"chr1","33058273","33058579","JH378129","10477083","10477384","43","22581190"
"chr1","33070515","33070807","JH378255","1058410","1058705","39","32012105"
"chr1","33078971","33079266","JH378123","5667081","5667374","40","27411890"
"chr1","33085609","33085919","JH378297","218770","219080","42","32866839"
"chr1","33103402","33103683","JH378204","7033898","7034181","45","26069504"
"chr1","33103787","33103995","JH378131","1523112","1523325","33","31580675"
"chr1","33116381","33116688","JH378127","5659021","5659323","41","27457360"
"chr1","33131296","33131611","JH378141","9239081","9239369","88","23892215"
"chr1","33138699","33138869","JH378136","17836957","17837129","32","15301742"
"chr1","33180145","33180458","JH378108","45065405","45065697","82","11885260"
"chr1","33181614","33181822","JH378148","12634675","12634882","41","20546939"
"chr1","33209384","33209659","JH378137","276303","276579","49","32933081"
"chr1","33221425","33221728","JH378231","5061048","5061340","47","28160377"
"chr1","33277350","33277643","JH378163","8407121","8407413","45","24870229"
"chr1","33292289","33292595","JH378114","38761470","38761775","45","5469181"
"chr1","33298815","33299124","JH378118","6633242","6633554","56","26665573"
"chr1","33310536","33310839","JH378262","1936694","1936996","44","31373842"
"chr1","33317212","33317521","JH378151","4578678","4578981","40","28738534"
"chr1","33329821","33330114","JH378116","14428154","14428454","41","18901667"
"chr1","33377128","33377360","JH378137","2884671","2884926","63","30492457"
"chr1","33398107","33398394","JH378129","12033076","12033373","51","21365031"
"chr1","33400982","33401289","JH378198","4598894","4599195","39","28802088"
"chr1","33408611","33408914","JH378235","3957900","3958200","38","29450711"
"chr1","33413558","33413842","JH378148","3194804","3195090","50","30218754"
"chr1","33433479","33433613","JH378106","1342311","1342445","25","32091168"
"chr1","33433835","33434012","JH378135","21272418","21272516","89","12161417"
"chr1","33435169","33435455","JH378141","14454762","14455052","38","18980407"
"chr1","33446032","33446343","JH378127","1791547","1791857","46","31654485"
"chr1","33453326","33453442","JH378108","10284231","10284347","9","23169095"
"chr1","33468564","33468855","JH378247","4426259","4426553","32","29042305"
"chr1","33492613","33492906","JH378115","15001483","15001774","39","18491130"
"chr1","33494099","33494398","JH378110","46302780","46303079","44","12808681"
"chr1","33529008","33529301","JH378113","14532240","14532539","46","18996768"
"chr1","33538259","33538556","JH378127","13202957","13203249","52","20335302"
"chr1","33545855","33546154","JH378112","34634654","34634948","42","1088799"
"chr1","33548933","33549194","JH378196","3015906","3016171","32","30533027"
"chr1","33560274","33560557","JH378194","7963931","7964213","39","25596343"
"chr1","33564853","33565144","JH378153","14658508","14658797","33","18906345"
"chr1","33569871","33570161","JH378108","49447470","49447762","37","15877599"
"chr1","33576015","33576201","JH378125","21289642","21289832","35","12286373"
"chr1","33577210","33577507","JH378235","3957900","3958200","33","29619310"
"chr1","33578186","33578491","JH378198","4407955","4408254","40","29170231"
"chr1","33618339","33618638","JH378139","10433692","10433994","45","23184647"
"chr1","33623990","33624263","JH378127","12721842","12722114","35","20902148"
"chr1","33702855","33703145","JH378148","2754402","2754696","48","30948453"
"chr1","33703992","33704287","JH378316","391481","391778","36","33312511"
"chr1","33707386","33707664","JH378173","6660455","6660738","43","27046931"
"chr1","33756369","33756661","JH378157","8047049","8047337","42","25709320"
"chr1","33759686","33759995","JH378199","281986","282282","56","33477700"
"chr1","33776775","33777069","JH378121","16577236","16577527","42","17199539"
"chr1","33932420","33932735","JH378198","4062113","4062419","50","29870307"
"chr1","33978616","33978900","JH378141","19040416","19040695","51","14938200"
"chr1","34038159","34038464","JH378119","2681409","2681712","42","31356750"
"chr1","34040145","34040410","JH378122","4971225","4971495","41","29068920"
"chr1","34048267","34048575","JH378269","2798798","2799107","48","31249469"
"chr1","34086279","34086586","JH378109","15504574","15504879","38","18581705"
"chr1","34099994","34100052","JH378145","17784334","17784388","7","16315660"
"chr1","34112104","34112414","JH378117","15749415","15749721","48","18362689"
"chr1","34258217","34258521","JH378156","10837845","10838152","38","23420372"
"chr1","34415906","34416211","JH378293","1508849","1509149","45","32907057"
"chr1","34763255","34763582","JH378115","32950367","32950678","61","1812888"
"chr1","34830179","34830460","JH378201","379959","380244","42","34450220"
"chr1","34907985","34908256","JH378292","854202","854474","54","34053783"
"chr1","35076554","35076849","JH378148","17106733","17107032","51","17969821"
"chr1","35079566","35079865","JH378188","7232167","7232465","42","27847399"
"chr1","35115306","35115491","JH378199","8753265","8753448","25","26362041"
"chr1","35156082","35156375","JH378127","15510679","15510974","39","19645403"
"chr1","35161497","35161507","JH378185","5729091","5729102","2","29432406"
"chr1","35161551","35161828","JH378142","18497200","18497482","45","16664351"
"chr1","35176898","35177190","JH378114","11994163","11994456","40","23182735"
"chr1","35182044","35182369","JH378108","24222949","24223267","56","10959095"
"chr1","35248990","35249216","JH378105","22417213","22417444","43","12831777"
"chr1","35253726","35254012","JH378198","2729398","2729684","27","32524328"
"chr1","35260927","35261226","JH378114","42118001","42118296","41","6857074"
"chr1","35278609","35278891","JH378186","9051659","9051958","45","26226950"
"chr1","35282429","35282737","JH378119","5503589","5503900","43","29778840"
"chr1","35284756","35285030","JH378221","506746","507023","39","34778010"
"chr1","35302217","35302519","JH378135","1618015","1618319","40","33684202"
"chr1","35367071","35367380","JH378108","50609420","50609729","39","15242349"
"chr1","35387306","35387597","JH378242","2757307","2757599","42","32629999"
"chr1","35411636","35411919","JH378221","5874009","5874305","46","29537627"
"chr1","35415336","35415632","JH378192","5953596","5953883","54","29461740"
"chr1","35416116","35416398","JH378142","18497200","18497482","39","16918916"
"chr1","35442979","35443283","JH378131","1383377","1383686","41","34059602"
"chr1","35470854","35471154","JH378117","26590694","26590991","45","8880160"
"chr1","35473999","35474294","JH378117","26028048","26028339","42","9445951"
"chr1","35480626","35480917","JH378123","5667081","5667374","43","29813545"
"chr1","35487373","35487607","JH378121","1698302","1698531","36","33789071"
"chr1","35490960","35491265","JH378118","10693452","10693756","36","24797508"
"chr1","35494589","35494892","JH378124","10805017","10805321","38","24689572"
"chr1","35495992","35496283","JH378131","1430233","1430529","40","34065759"
"chr1","35515738","35516023","JH378201","379959","380244","38","35135779"
"chr1","35521388","35521573","JH378134","13555812","13555997","28","21965576"
"chr1","35521885","35522137","JH378142","2945454","2945711","56","32576431"
"chr1","35532587","35532898","JH378153","13255573","13255882","48","22277014"
"chr1","35541028","35541332","JH378153","7998003","7998310","40","27543025"
"chr1","35547747","35548042","JH378216","4809975","4810272","43","30737772"
"chr1","35549175","35549294","JH378119","26231802","26231921","31","9317373"
"chr1","35555376","35555686","JH378128","10880524","10880831","42","24674852"
"chr1","35601478","35601622","JH378191","4035314","4035457","24","31566164"
"chr1","35601919","35602105","JH378167","5904738","5904927","37","29697181"
"chr1","35606602","35606842","JH378249","1876385","1876620","52","33730217"
"chr1","35611899","35612202","JH378114","41499633","41499943","43","5887734"
"chr1","35615670","35616000","JH378238","4855283","4855594","55","30760387"
"chr1","35620739","35621018","JH378173","4795221","4795500","41","30825518"
"chr1","35647691","35647952","JH378161","436667","436886","71","35211024"
"chr1","35652626","35652909","JH378182","136111","136392","41","35516515"
"chr1","35657515","35657768","JH378120","15958310","15958562","47","19699205"
"chr1","35665282","35665543","JH378223","5716467","5716719","39","29948815"
"chr1","35668537","35668829","JH378291","130444","130734","42","35538093"
"chr1","35681987","35682081","JH378108","54595137","54595231","11","18913150"
"chr1","35682388","35682610","JH378162","9928658","9928887","49","25753730"
"chr1","35687249","35687511","JH378255","3706587","3706845","45","31980662"
"chr1","35691054","35691350","JH378135","2042783","2043077","40","33648271"
"chr1","35697186","35697481","JH378174","3305539","3305827","49","32391647"
"chr1","35705940","35706241","JH378113","14308366","14308666","44","21397574"
"chr1","35710979","35711280","JH378167","11931552","11931850","37","23779427"
"chr1","35722924","35723219","JH378122","7329467","7329761","45","28393457"
"chr1","35729239","35729505","JH378198","2242045","2242319","49","33487194"
"chr1","35735826","35736104","JH378111","32631993","32632265","45","3103833"
"chr1","35750457","35750696","JH378115","14365271","14365526","49","21385186"
"chr1","35752595","35752656","JH378208","6407945","6408013","13","29344650"
"chr1","35755877","35756169","JH378198","2216326","2216624","43","33539551"
"chr1","35764864","35765169","JH378118","10693452","10693756","42","25071412"
"chr1","35773332","35773634","JH378290","1449167","1449465","43","34324165"
"chr1","35783477","35783761","JH378193","3572939","3573221","45","32210538"
"chr1","35803295","35803564","JH378105","60846167","60846436","55","25042872"
"chr1","35823162","35823449","JH378127","19331819","19332107","35","16491343"
"chr1","35850136","35850202","JH378380","1","67","5","35850135"
"chr1","35888600","35888883","JH378105","50034667","50034949","38","14146067"
"chr1","35917390","35917673","JH378198","2043614","2043892","39","33873776"
"chr1","35925642","35925939","JH378130","1568570","1568862","41","34357072"
"chr1","35958253","35958564","JH378136","14817827","14818135","37","21140426"
"chr1","35966679","35966936","JH378109","26799752","26800012","38","9166927"
"chr1","35997924","35998231","JH378352","170976","171281","51","35826948"
"chr1","36024016","36024259","JH378214","2216720","2216969","35","33807296"
"chr1","36024514","36024797","JH378153","504411","504699","49","35520103"
"chr1","36043710","36044003","JH378110","44314385","44314677","42","8270675"
"chr1","36047432","36047730","JH378110","9867313","9867609","57","26180119"
"chr1","36053468","36053770","JH378116","25790477","25790774","40","10262991"
"chr1","36056923","36057219","JH378149","936787","937080","39","35120136"
"chr1","36062444","36062717","JH378173","10573389","10573662","42","25489055"
"chr1","36069848","36070154","JH378115","30401019","30401318","38","5668829"
"chr1","36071358","36071647","JH378153","7052266","7052556","35","29019092"
"chr1","36111229","36111353","JH378113","2270603","2270729","16","33840626"
"chr1","36111383","36111560","JH378248","4037784","4037963","29","32073599"
"chr1","36113276","36113568","JH378136","16138444","16138721","48","19974832"
"chr1","36122601","36122907","JH378141","14434556","14434857","47","21688045"
"chr1","36124862","36124980","JH378159","5519593","5519707","14","30605269"
"chr1","36125773","36126065","JH378198","1835772","1836068","39","34290001"
"chr1","36127057","36127143","JH378111","25905740","25905818","18","10221317"
"chr1","36130429","36130727","JH378238","5034133","5034426","47","31096296"
"chr1","36133854","36134162","JH378235","3957900","3958200","46","32175954"
"chr1","36136101","36136398","JH378124","21810409","21810705","48","14325692"
"chr1","36141727","36141979","JH378111","10925864","10926126","40","25215863"
"chr1","36154648","36154925","JH378283","1409036","1409310","43","34745612"
"chr1","36157727","36158026","JH378167","8045788","8046082","42","28111939"
"chr1","36169096","36169391","JH378327","446691","446982","37","35722405"
"chr1","36169562","36169871","JH378140","18974767","18975076","42","17194795"
"chr1","36170334","36170633","JH378129","11810131","11810431","44","24360203"
"chr1","36177965","36178278","JH378198","1787038","1787371","54","34390927"
"chr1","36183184","36183475","JH378242","734891","735189","37","35448293"
"chr1","36183695","36183991","JH378105","37949554","37949854","39","1765859"
"chr1","36202017","36202290","JH378120","5363206","5363479","43","30838811"
"chr1","36232819","36233130","JH378141","14415409","14415719","44","21817410"
"chr1","36234240","36234532","JH378123","5667081","5667374","52","30567159"
"chr1","36252701","36253000","JH378157","8297547","8297844","79","27955154"
"chr1","36259889","36260199","JH378110","12334503","12334809","38","23925386"
"chr1","36261844","36262147","JH378153","14175225","14175527","38","22086619"
"chr1","36263381","36263666","JH378116","22659343","22659632","49","13604038"
"chr1","36272491","36272792","JH378116","24984391","24984685","46","11288100"
"chr1","36276495","36276688","JH378133","19630377","19630571","24","16646118"
"chr1","36278403","36278715","JH378198","1675486","1675798","40","34602917"
"chr1","36279393","36279683","JH378122","7809799","7810085","43","28469594"
"chr1","36280295","36280567","JH378296","1000752","1001015","51","35279543"
"chr1","36283895","36284187","JH378141","15242660","15242959","43","21041235"
"chr1","36288567","36288878","JH378117","9425420","9425726","38","26863147"
"chr1","36306512","36306814","JH378117","15749415","15749721","40","20557097"
"chr1","36332821","36333128","JH378148","16955481","16955786","50","19377340"
"chr1","36346724","36347011","JH378125","15313063","15313352","45","21033661"
"chr1","36350052","36350351","JH378220","4188358","4188661","40","32161694"
"chr1","36357589","36357892","JH378116","25790477","25790774","46","10567112"
"chr1","36359761","36360080","JH378198","1584234","1584549","35","34775527"
"chr1","36382663","36382812","JH378108","45860523","45860675","24","9477860"
"chr1","36384446","36384712","JH378227","2709571","2709829","53","33674875"
"chr1","36398266","36398563","JH378136","18824175","18824470","43","17574091"
"chr1","36399199","36399462","JH378206","917207","917478","52","35481992"
"chr1","36411864","36412163","JH378113","15232832","15233136","40","21179032"
"chr1","36436129","36436423","JH378198","1500872","1501165","38","34935257"
"chr1","36437451","36437761","JH378113","17168263","17168574","47","19269188"
"chr1","36442501","36442794","JH378144","10905959","10906250","44","25536542"
"chr1","36458045","36458340","JH378203","2021950","2022247","50","34436095"
"chr1","36461081","36461366","JH378245","691477","691755","44","35769604"
"chr1","36481643","36481934","JH378153","2856479","2856773","34","33625164"
"chr1","36485239","36485565","JH378106","2172328","2172633","55","34312911"
"chr1","36489519","36489808","JH378198","1450512","1450787","51","35039007"
"chr1","36491001","36491275","JH378115","34339575","34339848","36","2151426"
"chr1","36491916","36492015","JH378114","36734686","36734785","12","242770"
"chr1","36525792","36526108","JH378255","1987046","1987357","46","34538746"
"chr1","36551218","36551482","JH378107","29393673","29393934","46","7157545"
"chr1","36561888","36562166","JH378156","737359","737632","45","35824529"
"chr1","36587789","36588060","JH378125","18508989","18509262","51","18078800"
"chr1","36588898","36589032","JH378173","4707069","4707205","17","31881829"
"chr1","36631941","36632249","JH378242","533674","533973","50","36098267"
"chr1","36636635","36636902","JH378123","23199722","23199987","43","13436913"
"chr1","36636984","36637178","JH378110","8494578","8494768","32","28142406"
"chr1","36645456","36645699","JH378254","3557534","3557776","37","33087922"
"chr1","36647309","36647604","JH378124","1325218","1325513","42","35322091"
"chr1","36652049","36652359","JH378110","2590007","2590314","48","34062042"
"chr1","36659127","36659418","JH378114","42300955","42301248","46","5641828"
"chr1","36662748","36663033","JH378198","1285906","1286205","51","35376842"
"chr1","36671454","36671744","JH378123","9608291","9608584","39","27063163"
"chr1","36677969","36678273","JH378127","9046189","9046489","42","27631780"
"chr1","36679814","36680066","JH378115","14364925","14365169","54","22314889"
"chr1","36685144","36685396","JH378137","10103030","10103275","40","26582114"
"chr1","36693080","36693412","JH378114","19953097","19953419","60","16739983"
"chr1","36703390","36703691","JH378160","12202742","12203045","43","24500648"
"chr1","36705403","36705700","JH378114","37013997","37014291","36","308594"
"chr1","36711086","36711379","JH378111","8498303","8498600","41","28212783"
"chr1","36736832","36737160","JH378150","2634839","2635156","54","34101993"
"chr1","36757896","36758204","JH378245","1065043","1065345","41","35692853"
"chr1","36758828","36758964","JH378107","55895704","55895839","15","19136876"
"chr1","36806851","36807137","JH378135","2083499","2083789","37","34723352"
"chr1","36828389","36828648","JH378139","13387568","13387813","42","23440821"
"chr1","36847573","36847866","JH378123","5667081","5667374","31","31180492"
"chr1","36855264","36855548","JH378198","1082183","1082464","38","35773081"
"chr1","36868857","36869165","JH378109","32780054","32780365","45","4088803"
"chr1","36883946","36884253","JH378204","7795535","7795827","63","29088411"
"chr1","36894082","36894367","JH378173","2558012","2558297","34","34336070"
"chr1","36905572","36905715","JH378128","25274620","25274764","14","11630952"
"chr1","36916265","36916577","JH378113","4126123","4126428","40","32790142"
"chr1","36936496","36936802","JH378220","4350061","4350357","46","32586435"
"chr1","37170197","37170493","JH378116","27863685","27863978","38","9306512"
"chr1","37214774","37215065","JH378141","9303491","9303778","38","27911283"
"chr1","37252130","37252438","JH378114","36279685","36279996","39","972445"
"chr1","37260023","37260319","JH378105","49483592","49483887","42","12223569"
"chr1","37304035","37304326","JH378105","17592520","17592809","45","19711515"
"chr1","37344842","37345137","JH378111","43268192","43268483","40","5923350"
"chr1","37521332","37521625","JH378220","2606837","2607128","44","34914495"
"chr1","37527835","37528136","JH378192","5404726","5405023","40","32123109"
"chr1","37606066","37606363","JH378109","48013855","48014153","45","10407789"
"chr1","37662962","37663272","JH378158","4130633","4130943","34","33532329"
"chr1","37730585","37730893","JH378108","50609420","50609729","41","12878835"
"chr1","37802849","37803147","JH378165","1378573","1378868","45","36424276"
"chr1","37968219","37968497","JH378189","177130","177409","33","37791089"
"chr1","38000810","38001113","JH378127","18175083","18175385","44","19825727"
"chr1","38015920","38016217","JH378156","1923711","1924009","30","36092209"
"chr1","38033794","38034102","JH378135","3487580","3487886","39","34546214"
"chr1","38035551","38035849","JH378105","11543737","11544033","43","26491814"
"chr1","38036507","38036822","JH378151","14423847","14424153","46","23612660"
"chr1","38039805","38040101","JH378118","10693452","10693756","47","27346353"
"chr1","38054557","38054848","JH378125","15313063","15313352","36","22741494"
"chr1","38083374","38083681","JH378184","6209781","6210092","40","31873593"
"chr1","38084879","38085206","JH378260","445434","445733","61","37639445"
"chr1","38087744","38088057","JH378288","2552639","2552947","46","35535105"
"chr1","38126494","38126654","JH378114","10631036","10631162","51","27495458"
"chr1","38151056","38151327","JH378144","4721929","4722197","49","33429127"
"chr1","38169075","38169386","JH378262","3364377","3364686","42","34804698"
"chr1","38170151","38170446","JH378133","9812784","9813080","42","28357367"
"chr1","38200627","38200921","JH378195","2148198","2148495","38","36052429"
"chr1","38259721","38260022","JH378115","25675129","25675433","43","12584592"
"chr1","38278713","38279006","JH378193","9223924","9224211","36","29054789"
"chr1","38281113","38281424","JH378243","90680","90981","42","38190433"
"chr1","38285116","38285424","JH378197","4147026","4147335","47","34138090"
"chr1","38302499","38302789","JH378148","2011019","2011312","38","36291480"
"chr1","38310254","38310542","JH378193","1923833","1924114","47","36386421"
"chr1","38324612","38324910","JH378242","734891","735189","28","37589721"
"chr1","38325378","38325676","JH378163","12637070","12637367","40","25688308"
"chr1","38361604","38361894","JH378290","389647","389937","50","37971957"
"chr1","38369441","38369696","JH378175","2204617","2204872","45","36164824"
"chr1","38371034","38371345","JH378135","3487580","3487886","40","34883454"
"chr1","38376658","38376966","JH378127","22815027","22815328","52","15561631"
"chr1","38382665","38382983","JH378110","31963517","31963828","46","6419148"
"chr1","38390282","38390579","JH378123","9608291","9608584","44","28781991"
"chr1","38394478","38394766","JH378197","6701048","6701344","47","31693430"
"chr1","38410921","38411221","JH378116","37812207","37812513","41","598714"
"chr1","38420232","38420510","JH378137","276303","276579","40","38143929"
"chr1","38428131","38428426","JH378184","5621805","5622094","47","32806326"
"chr1","38439549","38439862","JH378112","30721676","30721989","43","7717873"
"chr1","38449556","38449840","JH378105","50034667","50034949","41","11585111"
"chr1","38456717","38457014","JH378125","26891855","26892143","70","11564862"
"chr1","38475387","38475681","JH378193","9017789","9018083","32","29457598"
"chr1","38479010","38479304","JH378110","30393505","30393795","36","8085505"
"chr1","38497844","38498139","JH378108","30678485","30678775","46","7819359"
"chr1","38499424","38499717","JH378127","23687084","23687370","54","14812340"
"chr1","38502533","38502791","JH378212","1684204","1684469","48","36818329"
"chr1","38524336","38524630","JH378193","8960743","8961033","40","29563593"
"chr1","38527973","38528288","JH378158","8078840","8079156","45","30449133"
"chr1","38538447","38538731","JH378122","7809799","7810085","42","30728648"
"chr1","38576519","38576588","JH378131","906971","907041","9","37669548"
"chr1","38577802","38578095","JH378177","2562934","2563231","44","36014868"
"chr1","38585748","38586050","JH378301","920694","921000","44","37665054"
"chr1","38598977","38599111","JH378108","51032347","51032483","17","12433370"
"chr1","38599424","38599506","JH378166","13767419","13767511","23","24832005"
"chr1","38605903","38606197","JH378117","6076538","6076831","37","32529365"
"chr1","38630972","38631283","JH378108","50609420","50609729","48","11978448"
"chr1","38639349","38639651","JH378262","1936694","1936996","37","36702655"
"chr1","38653193","38653295","JH378153","12438139","12438241","9","26215054"
"chr1","38701618","38701929","JH378152","13742000","13742297","54","24959618"
"chr1","38706148","38706434","JH378159","1568331","1568626","55","37137817"
"chr1","38715894","38716164","JH378236","2089533","2089804","40","36626361"
"chr1","38719323","38719626","JH378293","1508849","1509149","52","37210474"
"chr1","38751931","38752222","JH378129","1376219","1376514","55","37375712"
"chr1","38761346","38761650","JH378189","8992244","8992548","47","29769102"
"chr1","38785141","38785445","JH378147","11751076","11751385","48","27034065"
"chr1","38864608","38864910","JH378148","13262362","13262662","34","25602246"
"chr1","38899384","38899683","JH378122","29698719","29699010","58","9200665"
"chr1","38901841","38902147","JH378204","3129799","3130101","42","35772042"
"chr1","38927162","38927463","JH378148","16271022","16271321","43","22656140"
"chr1","39035081","39035386","JH378113","27819653","27819957","43","11215428"
"chr1","39036413","39036712","JH378177","11066061","11066358","40","27970352"
"chr1","39051485","39051795","JH378148","2797982","2798286","41","36253503"
"chr1","39056611","39056908","JH378163","12974010","12974311","38","26082601"
"chr1","39058684","39058969","JH378117","26189716","26190001","46","12868968"
"chr1","39067067","39067349","JH378140","13887101","13887383","35","25179966"
"chr1","39079071","39079364","JH378226","6485812","6486107","34","32593259"
"chr1","39087480","39087615","JH378111","26751366","26751502","12","12336114"
"chr1","39108961","39109077","JH378159","5519593","5519707","14","33589368"
"chr1","39146011","39146313","JH378148","2599194","2599496","40","36546817"
"chr1","39155105","39155420","JH378153","14175225","14175527","49","24979880"
"chr1","39185535","39185841","JH378139","15546874","15547182","42","23638661"
"chr1","39246780","39247078","JH378127","19348533","19348831","39","19898247"
"chr1","39280629","39280923","JH378154","14273514","14273808","35","25007115"
"chr1","39295050","39295353","JH378152","16029844","16030148","43","23265206"
"chr1","39301987","39302287","JH378148","2021721","2022019","47","37280266"
"chr1","39303459","39303765","JH378114","42121182","42121484","41","2817723"
"chr1","39307565","39307860","JH378108","30957686","30957982","42","8349879"
"chr1","39374509","39374773","JH378193","8115334","8115603","39","31259175"
"chr1","39381016","39381318","JH378113","15232832","15233136","40","24148184"
"chr1","39392689","39393005","JH378125","23471973","23472284","44","15920716"
"chr1","39428275","39428570","JH378290","1449167","1449465","38","37979108"
"chr1","39472633","39472930","JH378195","2148198","2148495","34","37324435"
"chr1","39476238","39476527","JH378110","18838355","18838644","46","20637883"
"chr1","39476970","39477276","JH378115","26938492","26938795","40","12538478"
"chr1","39495812","39496101","JH378107","4825596","4825887","57","34670216"
"chr1","39497865","39497992","JH378119","7539270","7539395","15","31958595"
"chr1","39517139","39517335","JH378113","17085710","17085907","31","22431429"
"chr1","39531823","39532066","JH378193","7963523","7963783","46","31568300"
"chr1","39536141","39536409","JH378108","49411639","49411900","45","9875498"
"chr1","39537671","39537940","JH378105","53237026","53237308","56","13699355"
"chr1","39541758","39542069","JH378148","2011019","2011312","51","37530739"
"chr1","39552375","39552678","JH378198","6605026","6605327","52","32947349"
"chr1","39555679","39555958","JH378234","702241","702509","64","38853438"
"chr1","39567836","39567922","JH378132","19500684","19500767","16","20067152"
"chr1","39568218","39568385","JH378148","2046250","2046409","35","37521968"
"chr1","39582422","39582712","JH378136","12221741","12222036","40","27360681"
"chr1","39587824","39588155","JH378105","68954435","68954753","60","29366611"
"chr1","39597750","39598036","JH378246","1887976","1888270","45","37709774"
"chr1","39601569","39601868","JH378116","22659343","22659632","36","16942226"
"chr1","39602082","39602392","JH378151","4578678","4578981","50","35023404"
"chr1","39613580","39613874","JH378176","9100046","9100345","51","30513534"
"chr1","39614165","39614449","JH378257","303275","303558","52","39310890"
"chr1","39661004","39661294","JH378152","12933723","12934001","58","26727281"
"chr1","39661646","39661925","JH378116","34388937","34389216","48","5272709"
"chr1","39754849","39755039","JH378115","32349419","32349618","33","7405430"
"chr1","39761634","39761952","JH378106","7154686","7154996","45","32606948"
"chr1","39764728","39765032","JH378115","2599841","2600150","56","37164887"
"chr1","39765493","39765779","JH378184","715734","716032","50","39049759"
"chr1","39794999","39795300","JH378148","3100313","3100608","31","36694686"
"chr1","39795599","39795881","JH378137","2251451","2251735","39","37544148"
"chr1","39819362","39819604","JH378141","13359300","13359542","37","26460062"
"chr1","39825152","39825451","JH378197","8016613","8016914","40","31808539"
"chr1","39826323","39826609","JH378176","11007251","11007542","39","28819072"
"chr1","39832628","39832852","JH378141","12077269","12077487","43","27755359"
"chr1","39832933","39833234","JH378115","16549844","16550133","65","23283089"
"chr1","39834106","39834413","JH378148","13262362","13262662","40","26571744"
"chr1","39835545","39835796","JH378164","6881616","6881870","40","32953929"
"chr1","39844434","39844730","JH378193","7646191","7646475","51","32198243"
"chr1","39854477","39854774","JH378143","6673988","6674287","37","33180489"
"chr1","39855159","39855461","JH378249","1292757","1293061","44","38562402"
"chr1","39866283","39866584","JH378160","7512448","7512752","60","32353835"
"chr1","39875098","39875390","JH378193","7612544","7612840","40","32262554"
"chr1","39917450","39917728","JH378138","6147044","6147323","45","33770406"
"chr1","39918601","39918873","JH378105","53352473","53352736","42","13433872"
"chr1","39919337","39919617","JH378118","13302149","13302427","47","26617188"
"chr1","39963630","39963928","JH378170","1616807","1617104","40","38346823"
"chr1","39964564","39964805","JH378116","493072","493318","47","39471492"
"chr1","39984828","39985134","JH378204","3945411","3945718","37","36039417"
"chr1","40000620","40000924","JH378193","7481125","7481422","42","32519495"
"chr1","40015553","40015839","JH378193","7465649","7465928","52","32549904"
"chr1","40029585","40029879","JH378193","7451076","7451373","33","32578509"
"chr1","40049481","40049772","JH378115","21579565","21579851","45","18469916"
"chr1","40075559","40075858","JH378242","734891","735189","48","39340668"
"chr1","40163625","40163930","JH378291","836169","836477","43","39327456"
"chr1","40200148","40200451","JH378148","3129670","3129972","43","37070478"
"chr1","40206611","40206923","JH378113","15232832","15233136","44","24973779"
"chr1","40221694","40221988","JH378191","967537","967830","41","39254157"
"chr1","40229437","40229740","JH378161","2236995","2237295","46","37992442"
"chr1","40310581","40310833","JH378137","5498867","5499118","62","34811714"
"chr1","40320535","40320823","JH378149","936787","937080","39","39383748"
"chr1","40341209","40341513","JH378113","24898313","24898596","65","15442896"
"chr1","40351717","40352001","JH378123","9831839","9832126","48","30519878"
"chr1","40399946","40400171","JH378193","7077022","7077242","32","33322924"
"chr1","40402796","40402856","JH378112","32643329","32643385","19","7759467"
"chr1","40413053","40413335","JH378171","11039853","11040131","42","29373200"
"chr1","40419004","40419303","JH378131","23697009","23697304","39","16721995"
"chr1","40421869","40422174","JH378146","775831","776122","59","39646038"
"chr1","40430088","40430278","JH378186","4474088","4474281","23","35956000"
"chr1","40439558","40439857","JH378119","360557","360852","42","40079001"
"chr1","40446363","40446616","JH378269","147305","147558","51","40299058"
"chr1","40474685","40474993","JH378249","1601829","1602137","52","38872856"
"chr1","40524945","40525074","JH378276","30067","30186","27","40494878"
"chr1","40529863","40530176","JH378136","14817827","14818135","47","25712036"
"chr1","40530271","40530474","JH378232","4918703","4918887","52","35611568"
"chr1","40531082","40531217","JH378186","5128203","5128339","15","35402879"
"chr1","40531678","40531974","JH378141","15518519","15518815","47","25013159"
"chr1","40532702","40532980","JH378193","6956077","6956357","43","33576625"
"chr1","40547829","40548127","JH378114","37107689","37107986","35","3440140"
"chr1","40559557","40559848","JH378108","963806","964098","43","39595751"
"chr1","40562707","40562976","JH378291","978377","978647","42","39584330"
"chr1","40566174","40566473","JH378113","11803158","11803457","48","28763016"
"chr1","40601965","40602257","JH378119","5505381","5505671","37","35096584"
"chr1","40605217","40605303","JH378211","3772345","3772430","13","36832872"
"chr1","40608869","40609163","JH378188","7232167","7232465","42","33376702"
"chr1","40628354","40628733","JH378244","3779094","3779431","101","36849260"
"chr1","40642061","40642344","JH378173","4795221","4795500","39","35846840"
"chr1","40642677","40642991","JH378149","14367499","14367804","46","26275178"
"chr1","40654603","40654908","JH378129","10477083","10477384","44","30177520"
"chr1","40656554","40656860","JH378158","516472","516776","44","40140082"
"chr1","40669475","40669764","JH378283","1461668","1461966","45","39207807"
"chr1","40674362","40674623","JH378149","15252894","15253155","49","25421468"
"chr1","40690485","40690792","JH378151","4578678","4578981","36","36111807"
"chr1","40719580","40719861","JH378173","4795221","4795500","39","35924359"
"chr1","40734176","40734471","JH378191","4021305","4021605","47","36712871"
"chr1","40739201","40739493","JH378133","9743043","9743332","42","30996158"
"chr1","40739890","40740185","JH378116","28282701","28282994","47","12457189"
"chr1","40752181","40752479","JH378193","6760132","6760429","40","33992049"
"chr1","40762071","40762371","JH378156","6301995","6302299","40","34460076"
"chr1","40765977","40766271","JH378226","6485812","6486107","41","34280165"
"chr1","40792854","40793160","JH378148","2797982","2798286","41","37994872"
"chr1","40796916","40797123","JH378105","63927396","63927601","30","23130480"
"chr1","40797514","40797791","JH378197","8620183","8620461","48","32177331"
"chr1","40814794","40815055","JH378125","5710297","5710554","38","35104497"
"chr1","40819302","40819590","JH378105","17592520","17592809","46","23226782"
"chr1","40828436","40828732","JH378177","2562934","2563231","42","38265502"
"chr1","40836943","40837241","JH378154","2415687","2415984","36","38421256"
"chr1","40839362","40839645","JH378198","2487022","2487311","46","38352340"
"chr1","40841749","40842035","JH378144","702800","703085","43","40138949"
"chr1","40856527","40856807","JH378151","10113364","10113638","40","30743163"
"chr1","40858288","40858573","JH378141","14454762","14455052","43","26403526"
"chr1","40863218","40863512","JH378106","3058385","3058676","44","37804833"
"chr1","40865287","40865576","JH378165","2768423","2768681","79","38096864"
"chr1","40891189","40891490","JH378173","6575149","6575450","46","34316040"
"chr1","40905719","40905983","JH378139","209730","209992","51","40695989"
"chr1","40906016","40906319","JH378142","1173704","1174003","43","39732312"
"chr1","40915013","40915318","JH378140","6180514","6180816","37","34734499"
"chr1","40925128","40925432","JH378193","6554525","6554825","38","34370603"
"chr1","40931439","40931753","JH378301","920694","921000","46","40010745"
"chr1","40973346","40973652","JH378113","15232832","15233136","45","25740514"
"chr1","40989248","40989517","JH378163","5050776","5051062","49","35938472"
"chr1","41040107","41040394","JH378193","6438777","6439059","39","34601330"
"chr1","41041534","41041829","JH378123","5667081","5667374","39","35374453"
"chr1","41049997","41050273","JH378205","2498842","2499119","50","38551155"
"chr1","41098174","41098465","JH378114","34102214","34102504","58","6995960"
"chr1","41110490","41110791","JH378262","1270213","1270521","48","39840277"
"chr1","41112975","41113253","JH378131","15851503","15851777","43","25261472"
"chr1","41147312","41147621","JH378247","561987","562291","42","40585325"
"chr1","41150866","41151160","JH378220","3229265","3229557","41","37921601"
"chr1","41151982","41152246","JH378113","26740689","26740959","47","14411293"
"chr1","41204498","41204797","JH378140","16737561","16737856","33","24466937"
"chr1","41225112","41225399","JH378120","2945255","2945548","43","38279857"
"chr1","41256462","41256594","JH378105","36868256","36868387","15","4388206"
"chr1","41268546","41268858","JH378105","12770941","12771250","50","28497605"
"chr1","41284357","41284666","JH378161","9835663","9835963","44","31448694"
"chr1","41290549","41290848","JH378117","6076538","6076831","42","35214011"
"chr1","41327452","41327735","JH378193","6176037","6176312","38","35151415"
"chr1","41346039","41346341","JH378193","6158560","6158867","35","35187479"
"chr1","41390094","41390378","JH378116","17309650","17309943","46","24080444"
"chr1","41456758","41457039","JH378189","719706","719987","36","40737052"
"chr1","41457065","41457083","JH378105","48290961","48290972","8","6833896"
"chr1","41469704","41470013","JH378154","13561581","13561891","45","27908123"
"chr1","41477374","41477676","JH378116","14428154","14428454","39","27049220"
"chr1","41479737","41480043","JH378184","748241","748547","45","40731496"
"chr1","41486146","41486431","JH378108","8187273","8187559","45","33298873"
"chr1","41517642","41517959","JH378125","7123869","7124179","46","34393773"
"chr1","41552539","41552827","JH378112","41321108","41321398","43","231431"
"chr1","41553567","41553874","JH378213","5758371","5758671","42","35795196"
"chr1","41561443","41561691","JH378118","21655265","21655515","43","19906178"
"chr1","41570316","41570621","JH378173","10651343","10651645","39","30918973"
"chr1","41573518","41573824","JH378133","10040192","10040484","74","31533326"
"chr1","41574006","41574298","JH378118","23669356","23669648","42","17904650"
"chr1","41576631","41576782","JH378126","23493847","23493997","26","18082784"
"chr1","41577080","41577242","JH378131","11949009","11949176","30","29628071"
"chr1","41594019","41594309","JH378113","31875434","31875724","40","9718585"
"chr1","41612276","41612581","JH378188","9061292","9061593","45","32550984"
"chr1","41637557","41637844","JH378123","29792372","29792668","42","11845185"
"chr1","41641139","41641424","JH378105","16462587","16462873","43","25178552"
"chr1","41654962","41655261","JH378181","1679423","1679729","38","39975539"
"chr1","41669091","41669378","JH378193","638846","639137","54","41030245"
"chr1","41673667","41673983","JH378142","3937410","3937726","57","37736257"
"chr1","41674140","41674408","JH378206","2236628","2236894","37","39437512"
"chr1","41678124","41678443","JH378166","9428708","9429013","58","32249416"
"chr1","41717973","41718279","JH378173","3211541","3211835","49","38506432"
"chr1","41729588","41729881","JH378151","9450568","9450862","43","32279020"
"chr1","41802957","41803102","JH378193","5680855","5680998","18","36122102"
"chr1","41876724","41877019","JH378123","9608291","9608584","39","32268433"
"chr1","41880514","41880825","JH378151","5524653","5524965","43","36355861"
"chr1","41901412","41901716","JH378131","2419332","2419639","53","39482080"
"chr1","41913876","41914130","JH378139","16945237","16945485","46","24968639"
"chr1","41915464","41915753","JH378141","18394121","18394412","44","23521343"
"chr1","41961931","41962232","JH378111","38162771","38163069","38","3799160"
"chr1","41967637","41967737","JH378112","21682946","21683043","8","20284691"
"chr1","42006476","42006783","JH378224","2515142","2515446","42","39491334"
"chr1","42209036","42209336","JH378115","34593366","34593663","42","7615670"
"chr1","42213607","42213912","JH378220","3583875","3584178","48","38629732"
"chr1","42258489","42258786","JH378193","5237810","5238109","31","37020679"
"chr1","42300932","42301238","JH378262","1936694","1936996","38","40364238"
"chr1","42306741","42306998","JH378153","3699431","3699686","42","38607310"
"chr1","42365599","42365902","JH378119","10276861","10277167","48","32088738"
"chr1","42394207","42394515","JH378148","16955481","16955786","53","25438726"
"chr1","42401448","42401747","JH378122","22447926","22448218","41","19953522"
"chr1","42431076","42431374","JH378110","13199558","13199861","44","29231518"
"chr1","42522372","42522664","JH378140","5325520","5325814","40","37196852"
"chr1","42563480","42563768","JH378256","1557719","1558003","42","41005761"
"chr1","42564891","42565185","JH378156","3510296","3510594","40","39054595"
"chr1","42703097","42703374","JH378153","12355481","12355767","46","30347616"
"chr1","42758431","42758725","JH378195","2148198","2148495","39","40610233"
"chr1","42804039","42804324","JH378232","1116914","1117205","47","41687125"
"chr1","42811659","42811966","JH378193","4744275","4744582","46","38067384"
"chr1","42861031","42861318","JH378123","9831839","9832126","38","33029192"
"chr1","42885409","42885712","JH378135","21300881","21301186","44","21584528"
"chr1","42890555","42890831","JH378193","4644462","4644729","39","38246093"
"chr1","42915916","42916217","JH378105","45886739","45887040","46","2970823"
"chr1","42942306","42942619","JH378252","603677","603984","48","42338629"
"chr1","42953100","42953403","JH378262","1936694","1936996","40","41016406"
"chr1","42980571","42980870","JH378108","51386201","51386494","51","8405630"
"chr1","43012493","43012777","JH378114","19860438","19860722","43","23152055"
"chr1","43017808","43018093","JH378249","3333171","3333463","46","39684637"
"chr1","43028520","43028831","JH378115","4860657","4860961","48","38167863"
"chr1","43040213","43040511","JH378234","3910030","3910327","40","39130183"
"chr1","43058021","43058323","JH378122","9835188","9835489","39","33222833"
"chr1","43058724","43058973","JH378144","7090384","7090634","43","35968340"
"chr1","43067420","43067703","JH378114","36224521","36224801","48","6842899"
"chr1","43068844","43069126","JH378108","51722","52001","54","43017122"
"chr1","43070156","43070448","JH378153","7052266","7052556","42","36017890"
"chr1","43070650","43070957","JH378193","4467811","4468108","44","38602839"
"chr1","43089494","43089791","JH378177","5655931","5656226","40","37433563"
"chr1","43125367","43125665","JH378213","3242672","3242967","41","39882695"
"chr1","43126591","43126879","JH378141","15518519","15518815","41","27608072"
"chr1","43152232","43152465","JH378117","35426179","35426413","35","7726053"
"chr1","43263358","43263666","JH378137","12255201","12255493","55","31008157"
"chr1","43274303","43274611","JH378118","10693452","10693756","35","32580851"
"chr1","43285022","43285279","JH378153","997197","997452","46","42287825"
"chr1","43289045","43289368","JH378111","10636509","10636833","59","32652536"
"chr1","43293933","43294239","JH378110","7850107","7850410","46","35443826"
"chr1","43301168","43301406","JH378148","12365305","12365534","47","30935863"
"chr1","43347228","43347398","JH378135","19510219","19510388","27","23837009"
"chr1","43357049","43357328","JH378119","2525767","2526046","47","40831282"
"chr1","43398191","43398504","JH378260","149355","149666","42","43248836"
"chr1","43404115","43404413","JH378177","2930717","2931010","48","40473398"
"chr1","43435701","43435989","JH378116","22659343","22659632","43","20776358"
"chr1","43437752","43438041","JH378228","1924369","1924647","36","41513383"
"chr1","43440164","43440461","JH378123","5667081","5667374","38","37773083"
"chr1","43445348","43445620","JH378235","4632077","4632354","48","38813271"
"chr1","43450302","43450586","JH378151","9450568","9450862","52","33999734"
"chr1","43467538","43467835","JH378242","734891","735189","36","42732647"
"chr1","43585336","43585618","JH378264","3796978","3797250","52","39788358"
"chr1","43606458","43606757","JH378111","8498303","8498600","48","35108155"
"chr1","43622349","43622579","JH378142","12820138","12820384","68","30802211"
"chr1","43665172","43665472","JH378255","1058410","1058705","38","42606762"
"chr1","43695672","43695976","JH378142","1173704","1174003","40","42521968"
"chr1","43703526","43703835","JH378224","2515142","2515446","44","41188384"
"chr1","43768406","43768697","JH378242","734891","735189","40","43033515"
"chr1","43797889","43798175","JH378163","11135350","11135637","38","32662539"
"chr1","43839070","43839383","JH378164","12780276","12780585","44","31058794"
"chr1","43861627","43861758","JH378137","4690946","4691068","22","39170681"
"chr1","43862000","43862150","JH378124","5053207","5053351","43","38808793"
"chr1","43878404","43878693","JH378213","7165146","7165437","45","36713258"
"chr1","43891170","43891483","JH378159","3867405","3867714","46","40023765"
"chr1","43898201","43898490","JH378193","3695810","3696089","52","40202391"
"chr1","43904384","43904675","JH378111","43268192","43268483","37","636192"
"chr1","43910069","43910369","JH378365","35743","36035","50","43874326"
"chr1","43933792","43933937","JH378150","8693528","8693672","16","35240264"
"chr1","43942951","43943255","JH378151","4578678","4578981","37","39364273"
"chr1","43945165","43945464","JH378166","9070120","9070417","37","34875045"
"chr1","43956592","43956886","JH378171","5901188","5901476","40","38055404"
"chr1","43965740","43966037","JH378161","13823093","13823389","39","30142647"
"chr1","43968393","43968691","JH378197","6837065","6837367","44","37131328"
"chr1","43977371","43977676","JH378247","561987","562291","42","43415384"
"chr1","43997572","43997870","JH378136","354228","354520","35","43643344"
"chr1","44022431","44022712","JH378173","4795221","4795500","36","39227210"
"chr1","44037998","44038298","JH378163","12974010","12974311","49","31063988"
"chr1","44054365","44054670","JH378193","3539231","3539539","41","40515134"
"chr1","44137872","44138145","JH378107","6584424","6584695","36","37553448"
"chr1","44139720","44140023","JH378120","18067329","18067633","43","26072391"
"chr1","44142971","44143278","JH378204","3129799","3130101","36","41013172"
"chr1","44160886","44161187","JH378148","13262362","13262662","38","30898524"
"chr1","44166249","44166542","JH378193","3432843","3433132","43","40733406"
"chr1","44178006","44178314","JH378105","12770941","12771250","39","31407065"
"chr1","44181526","44181821","JH378134","11412220","11412508","62","32769306"
"chr1","44194204","44194446","JH378130","19354875","19355121","41","24839329"
"chr1","44232710","44233006","JH378193","3360798","3361093","34","40871912"
"chr1","44237810","44238103","JH378122","7809799","7810085","41","36428011"
"chr1","44308194","44308468","JH378105","65209596","65209868","41","20901402"
"chr1","44311724","44312024","JH378158","11100144","11100444","38","33211580"
"chr1","44317268","44317534","JH378114","8652597","8652872","51","35664671"
"chr1","44331368","44331659","JH378115","32008554","32008855","43","12322814"
"chr1","44347149","44347445","JH378149","936787","937080","36","43410362"
"chr1","44361127","44361252","JH378111","20157961","20158082","17","24203166"
"chr1","44368886","44369184","JH378116","14428154","14428454","35","29940732"
"chr1","44384538","44384829","JH378122","7809799","7810085","41","36574739"
"chr1","44389400","44389696","JH378117","28666592","28666888","48","15722808"
"chr1","44393248","44393487","JH378105","22531671","22531909","38","21861577"
"chr1","44400264","44400561","JH378149","16695001","16695300","38","27705263"
"chr1","44402743","44403029","JH378193","3190096","3190359","55","41212647"
"chr1","44418693","44418765","JH378323","153572","153656","22","44265121"
"chr1","44458969","44459280","JH378115","14987072","14987385","37","29471897"
"chr1","44484409","44484718","JH378148","12754921","12755229","44","31729488"
"chr1","44569639","44569931","JH378122","9969574","9969861","67","34600065"
"chr1","44591482","44591767","JH378257","2208354","2208639","44","42383128"
"chr1","44661471","44661603","JH378195","5812925","5813057","25","38848546"
"chr1","44661925","44662098","JH378118","17270905","17271080","29","27391020"
"chr1","44711282","44711589","JH378139","16420727","16421037","45","28290555"
"chr1","44719999","44720304","JH378242","734891","735189","43","43985108"
"chr1","44723872","44724165","JH378119","360557","360852","37","44363315"
"chr1","44726136","44726427","JH378106","68479909","68480208","42","23753773"
"chr1","44733088","44733377","JH378135","20298147","20298439","35","24434941"
"chr1","44740888","44741182","JH378114","3276483","3276784","50","41464405"
"chr1","44747843","44747937","JH378148","17166877","17166973","15","27580966"
"chr1","44749895","44750195","JH378139","18076977","18077276","43","26672918"
"chr1","44764038","44764327","JH378111","41545356","41545648","50","3218682"
"chr1","44769114","44769425","JH378157","11907979","11908290","40","32861135"
"chr1","44772672","44773011","JH378114","19953097","19953419","67","24819575"
"chr1","44782249","44782561","JH378112","33452684","33452993","41","11329565"
"chr1","44800292","44800560","JH378193","2786693","2786942","44","42013599"
"chr1","44803914","44804205","JH378193","2783269","2783554","39","42020645"
"chr1","44816993","44817292","JH378108","34552149","34552452","50","10264844"
"chr1","44819829","44820147","JH378108","18569772","18570078","56","26250057"
"chr1","44828808","44829104","JH378141","14454762","14455052","34","30374046"
"chr1","44835429","44835715","JH378123","9831839","9832126","36","35003590"
"chr1","44853871","44854172","JH378161","2236995","2237295","40","42616876"
"chr1","44861161","44861439","JH378157","2454250","2454532","64","42406911"
"chr1","44867745","44868053","JH378108","50609420","50609729","49","5741675"
"chr1","44871342","44871643","JH378213","5758371","5758671","40","39112971"
"chr1","44878136","44878430","JH378188","73386","73680","42","44804750"
"chr1","44880288","44880583","JH378114","42121182","42121484","37","2759106"
"chr1","45016065","45016340","JH378166","9548375","9548654","44","35467690"
"chr1","45023126","45023418","JH378153","14658508","14658797","37","30364618"
"chr1","45045550","45045801","JH378334","459854","460107","35","44585696"
"chr1","45066361","45066671","JH378169","5478519","5478822","60","39587842"
"chr1","45075034","45075331","JH378265","2448867","2449168","50","42626167"
"chr1","45104350","45104634","JH378129","7452820","7453091","43","37651530"
"chr1","45107067","45107368","JH378288","2437251","2437554","48","42669816"
"chr1","45115828","45116137","JH378142","1945045","1945354","56","43170783"
"chr1","45123818","45123951","JH378248","1131095","1131226","14","43992723"
"chr1","45133120","45133401","JH378192","5247422","5247695","49","39885698"
"chr1","45139786","45140084","JH378128","7103907","7104203","40","38035879"
"chr1","45143455","45143750","JH378143","8639762","8640057","30","36503693"
"chr1","45148977","45149243","JH378145","734041","734307","41","44414936"
"chr1","45151629","45151896","JH378122","7809799","7810085","49","37341830"
"chr1","45153643","45153935","JH378144","16357464","16357756","41","28796179"
"chr1","45158547","45158668","JH378108","52166363","52166483","13","7007816"
"chr1","45158710","45158799","JH378223","4623949","4624038","28","40534761"
"chr1","45159333","45159644","JH378193","2393727","2394034","36","42765606"
"chr1","45173666","45173962","JH378116","25790477","25790774","37","19383189"
"chr1","45199044","45199334","JH378193","2351303","2351592","29","42847741"
"chr1","45225831","45226127","JH378308","686068","686367","41","44539763"
"chr1","45230024","45230322","JH378235","3957900","3958200","40","41272124"
"chr1","45240410","45240708","JH378131","23697009","23697304","40","21543401"
"chr1","45247329","45247472","JH378128","25274620","25274764","18","19972709"
"chr1","45247779","45248079","JH378110","39593522","39593822","51","5654257"
"chr1","45282583","45282871","JH378105","37094152","37094433","50","8188431"
"chr1","45327514","45327803","JH378122","7809799","7810085","37","37517715"
"chr1","45344401","45344694","JH378116","28282701","28282994","36","17061700"
"chr1","45355121","45355407","JH378193","2185337","2185631","38","43169784"
"chr1","45363219","45363535","JH378135","16449037","16449347","37","28914182"
"chr1","45368152","45368434","JH378148","2102907","2103181","46","43265245"
"chr1","45371052","45371360","JH378114","41499633","41499943","49","3871419"
"chr1","45380164","45380233","JH378116","24125041","24125112","15","21255123"
"chr1","45380513","45380582","AGCE01150112","464","537","21","45380049"
"chr1","45389245","45389558","JH378110","2986481","2986792","43","42402764"
"chr1","45397095","45397406","JH378185","2114490","2114799","50","43282605"
"chr1","45404507","45404629","JH378151","14446059","14446181","17","30958448"
"chr1","45410658","45410969","JH378107","32879132","32879427","61","12531526"
"chr1","45411384","45411683","JH378176","9100046","9100345","37","36311338"
"chr1","45424656","45424957","JH378113","16132866","16133166","55","29291790"
"chr1","45442789","45443094","JH378151","1068911","1069214","44","44373878"
"chr1","45446508","45446796","JH378141","15550326","15550615","48","29896182"
"chr1","45450805","45451044","JH378149","16347574","16347809","31","29103231"
"chr1","45457958","45458258","JH378111","41545356","41545648","53","3912602"
"chr1","45487529","45487859","JH378262","2203336","2203643","69","43284193"
"chr1","45521767","45522075","JH378227","3516504","3516809","43","42005263"
"chr1","45523806","45524091","JH378226","6485812","6486107","39","39037994"
"chr1","45528113","45528399","JH378193","1998159","1998447","37","43529954"
"chr1","45534561","45534859","JH378110","21383801","21384099","36","24150760"
"chr1","45538928","45539221","JH378153","14658508","14658797","45","30880420"
"chr1","45557338","45557633","JH378140","16247165","16247461","43","29310173"
"chr1","45557727","45557912","JH378107","27381801","27381987","27","18175926"
"chr1","45585451","45585738","JH378245","3817099","3817384","40","41768352"
"chr1","45588386","45588506","JH378162","5907631","5907755","16","39680755"
"chr1","45589197","45589497","JH378105","37949554","37949854","39","7639643"
"chr1","45601720","45601997","JH378152","14449530","14449815","48","31152190"
"chr1","45605402","45605701","JH378157","6175235","6175536","39","39430167"
"chr1","45606197","45606493","JH378122","7809799","7810085","44","37796398"
"chr1","45626410","45626693","JH378111","33754947","33755229","47","11871463"
"chr1","45634507","45634813","JH378122","29745550","29745857","40","15888957"
"chr1","45636044","45636336","JH378260","2075551","2075845","40","43560493"
"chr1","45646505","45646794","JH378141","19004616","19004908","40","26641889"
"chr1","45648421","45648694","JH378169","2428004","2428275","71","43220417"
"chr1","45657213","45657481","JH378228","5654163","5654435","57","40003050"
"chr1","45661397","45661466","JH378281","1347939","1348010","9","44313458"
"chr1","45664116","45664412","JH378116","25790477","25790774","40","19873639"
"chr1","45669323","45669607","JH378193","1868175","1868464","46","43801148"
"chr1","45689344","45689643","JH378195","2148198","2148495","35","43541146"
"chr1","45699660","45699959","JH378262","1936694","1936996","40","43762966"
"chr1","45716634","45716899","JH378193","1819754","1820019","40","43896880"
"chr1","45719588","45719876","JH378148","3031128","3031420","51","42688460"
"chr1","45720582","45720880","JH378290","1449167","1449465","43","44271415"
"chr1","45721399","45721699","JH378152","13742000","13742297","40","31979399"
"chr1","45752789","45753084","JH378117","6076538","6076831","37","39676251"
"chr1","45763866","45764156","JH378137","3073918","3074209","36","42689948"
"chr1","45786488","45786730","JH378163","5021780","5022033","52","40764708"
"chr1","45802211","45802508","JH378112","33033903","33034201","46","12768308"
"chr1","45836219","45836529","JH378131","18081632","18081941","42","27754587"
"chr1","45869920","45870220","JH378111","8498303","8498600","39","37371617"
"chr1","45879580","45879878","JH378105","55317452","55317750","41","9437872"
"chr1","45887165","45887474","JH378142","1173704","1174003","36","44713461"
"chr1","45892251","45892543","JH378119","28803177","28803468","41","17089074"
"chr1","45918465","45918776","JH378166","5889862","5890166","49","40028603"
"chr1","45925327","45925594","JH378304","58779","59040","47","45866548"
"chr1","45940110","45940392","JH378107","57287252","57287540","38","11347142"
"chr1","45945690","45945981","JH378141","14454762","14455052","37","31490928"
"chr1","45956848","45957073","JH378164","13872139","13872360","26","32084709"
"chr1","45970851","45971083","JH378143","11773545","11773775","33","34197306"
"chr1","45977339","45977513","JH378130","169328","169505","26","45808011"
"chr1","45991991","45992120","JH378182","1664093","1664220","12","44327898"
"chr1","45998464","45998773","JH378114","19895493","19895794","68","26102971"
"chr1","46008582","46008871","JH378165","5435835","5436134","47","40572747"
"chr1","46027402","46027686","JH378193","1576618","1576898","35","44450784"
"chr1","46051620","46051950","JH378113","4935416","4935725","71","41116204"
"chr1","46056051","46056344","JH378146","775831","776122","44","45280220"
"chr1","46057442","46057736","JH378189","8992244","8992548","50","37065198"
"chr1","46058142","46058412","JH378279","1623221","1623489","38","44434921"
"chr1","46059600","46059866","JH378193","1542828","1543100","45","44516772"
"chr1","46102784","46103003","JH378198","8407113","8407327","36","37695671"
"chr1","46104363","46104666","JH378157","1154304","1154607","43","44950059"
"chr1","46119310","46119606","JH378232","61928","62224","30","46057382"
"chr1","46135711","46136010","JH378242","734891","735189","37","45400820"
"chr1","46136727","46137000","JH378185","1553447","1553720","49","44583280"
"chr1","46155683","46155969","JH378220","4350061","4350357","42","41805622"
"chr1","46190421","46190486","JH378182","3954579","3954645","9","42235842"
"chr1","46197830","46198095","JH378198","4223330","4223597","45","41974500"
"chr1","46219823","46220115","JH378213","4085900","4086195","43","42133923"
"chr1","46241144","46241435","JH378213","4603416","4603708","44","41637728"
"chr1","46256566","46256672","JH378105","10574654","10574760","10","35681912"
"chr1","46278785","46279060","JH378109","33080408","33080681","52","13198377"
"chr1","46302891","46303184","JH378116","14428154","14428454","36","31874737"
"chr1","46320278","46320580","JH378153","14175225","14175527","41","32145053"
"chr1","46321967","46322273","JH378113","15232832","15233136","47","31089135"
"chr1","46325666","46325973","JH378193","1245592","1245888","46","45080074"
"chr1","46334144","46334445","JH378151","17066381","17066684","40","29267763"
"chr1","46340898","46341213","JH378214","1830540","1830863","70","44510358"
"chr1","46354318","46354622","JH378235","3957900","3958200","45","42396418"
"chr1","46362409","46362699","JH378123","21695970","21696268","51","24666439"
"chr1","46372121","46372398","JH378297","842854","843136","52","45529267"
"chr1","46388222","46388528","JH378152","16029844","16030148","61","30358378"
"chr1","46400852","46401118","JH378135","16429609","16429870","60","29971243"
"chr1","46401910","46402214","JH378257","2900295","2900593","51","43501615"
"chr1","46423225","46423507","JH378105","50034667","50034949","39","3611442"
"chr1","46432703","46433005","JH378153","14175225","14175527","51","32257478"
"chr1","46434108","46434241","JH378105","36868256","36868387","21","9565852"
"chr1","46450053","46450354","JH378166","5541269","5541564","51","40908784"
"chr1","46453407","46453713","JH378154","13561581","13561891","44","32891826"
"chr1","46488880","46489174","JH378249","721031","721325","36","45767849"
"chr1","46512600","46512878","JH378279","2969781","2970070","46","43542819"
"chr1","46518365","46518605","JH378106","9286142","9286375","38","37232223"
"chr1","46539876","46540172","JH378209","4913580","4913867","46","41626296"
"chr1","46556093","46556380","JH378204","4012532","4012811","45","42543561"
"chr1","46577444","46577751","JH378198","5696367","5696658","58","40881077"
"chr1","46590987","46591258","JH378122","8503071","8503350","44","38087916"
"chr1","46627414","46627703","JH378235","3957900","3958200","46","42669514"
"chr1","46628032","46628321","JH378122","22447926","22448218","41","24180106"
"chr1","46637236","46637411","JH378193","940198","940374","20","45697038"
"chr1","46640928","46641217","JH378193","936716","937008","42","45704212"
"chr1","46654360","46654650","JH378213","4435380","4435669","45","42218980"
"chr1","46660989","46661294","JH378127","5659021","5659323","38","41001968"
"chr1","46673699","46673805","JH378253","1220343","1220450","12","45453356"
"chr1","46692936","46693069","JH378106","60814583","60814716","14","14121647"
"chr1","46723812","46724129","JH378135","21300881","21301186","48","25422931"
"chr1","46738569","46738864","JH378105","22384355","22384643","43","24354214"
"chr1","46770063","46770224","JH378244","3944142","3944302","29","42825921"
"chr1","46770255","46770374","JH378108","52166363","52166483","13","5396108"
"chr1","46782294","46782582","JH378115","28716128","28716418","34","18066166"
"chr1","46800904","46801189","JH378114","36553731","36554011","36","10247173"
"chr1","46810385","46810687","JH378216","7247274","7247579","51","39563111"
"chr1","46823103","46823372","JH378123","8767974","8768262","56","38055129"
"chr1","46823509","46823816","JH378114","42118001","42118296","45","4705508"
"chr1","46828752","46829039","JH378111","8331295","8331586","46","38497457"
"chr1","46838946","46839236","JH378117","6076538","6076831","39","40762408"
"chr1","46843291","46843558","JH378114","20734954","20735221","35","26108337"
"chr1","46859665","46859963","JH378242","734891","735189","39","46124774"
"chr1","46863123","46863425","JH378242","734891","735189","35","46128232"
"chr1","46867818","46868111","JH378159","6984417","6984714","47","39883401"
"chr1","46883308","46883617","JH378118","10693452","10693756","44","36189856"
"chr1","46885176","46885458","JH378114","36224521","36224801","44","10660655"
"chr1","46914710","46915011","JH378308","686068","686367","30","46228642"
"chr1","46921601","46921904","JH378148","3015296","3015593","47","43906305"
"chr1","46923009","46923224","JH378113","41905483","41905699","39","5017526"
"chr1","46929187","46929480","JH378124","5131942","5132232","43","41797245"
"chr1","46939582","46939878","JH378122","5272066","5272363","37","41667516"
"chr1","46948838","46949085","JH378108","44604172","44604416","36","2344666"
"chr1","46951609","46951870","JH378110","13305764","13306003","67","33645845"
"chr1","46957633","46957912","JH378156","15693115","15693398","40","31264518"
"chr1","46973095","46973231","JH378113","23326051","23326192","29","23647044"
"chr1","46992266","46992550","JH378105","63280943","63281232","47","16288677"
"chr1","47026754","47027051","JH378288","1269643","1269936","43","45757111"
"chr1","47031688","47031996","JH378115","26970535","26970844","43","20061153"
"chr1","47036076","47036346","JH378137","2660646","2660911","35","44375430"
"chr1","47037692","47037920","JH378143","11773545","11773775","40","35264147"
"chr1","47101668","47101941","JH378127","12721842","12722114","40","34379826"
"chr1","47121335","47121655","JH378105","1099330","1099658","60","46022005"
"chr1","47134199","47134480","JH378122","7104036","7104320","45","40030163"
"chr1","47143128","47143432","JH378172","7187643","7187946","40","39955485"
"chr1","47159964","47160206","JH378167","9828409","9828658","50","37331555"
"chr1","47230474","47230772","JH378241","4776446","4776753","48","42454028"
"chr1","47231984","47232287","JH378148","16955481","16955786","33","30276503"
"chr1","47251601","47251904","JH378193","360764","361065","36","46890837"
"chr1","47281279","47281554","JH378198","7606860","7607135","46","39674419"
"chr1","47291832","47292137","JH378193","302678","302985","38","46989154"
"chr1","47298569","47298880","JH378193","296372","296662","47","47002197"
"chr1","47317389","47317689","JH378161","2236995","2237295","42","45080394"
"chr1","47318494","47318788","JH378110","19827299","19827595","37","27491195"
"chr1","47329474","47329745","JH378110","29311133","29311408","42","18018341"
"chr1","47336868","47337140","JH378129","7904556","7904829","50","39432312"
"chr1","47339999","47340256","JH378106","43365513","43365770","44","3974486"
"chr1","47398655","47398939","JH378193","190342","190630","35","47208313"
"chr1","47463439","47463758","JH378133","5257131","5257435","58","42206308"
"chr1","47505637","47505804","JH378193","3669","3830","21","47501968"
"chr1","47533245","47533459","JH378139","1594662","1594875","35","45938583"
"chr1","47534005","47534301","JH378122","22447926","22448218","50","25086079"
"chr1","47535602","47535741","JH378106","62166250","62166392","24","14630648"
"chr1","47679661","47679964","JH378118","10693452","10693756","40","36986209"
"chr1","47684716","47684995","JH378110","34162160","34162442","43","13522556"
"chr1","47723917","47724225","JH378254","2748165","2748472","41","44975752"
"chr1","47726236","47726446","JH378115","16716555","16716779","38","31009681"
"chr1","47888030","47888327","JH378227","1179126","1179421","42","46708904"
"chr1","47909047","47909251","JH378170","384851","385068","42","47524196"
"chr1","47932016","47932182","JH378193","3669","3830","22","47928347"
"chr1","48072163","48072465","JH378148","2121804","2122106","44","45950359"
"chr1","48083536","48083847","JH378246","1705721","1706027","43","46377815"
"chr1","48087563","48087856","JH378242","734891","735189","43","47352672"
"chr1","48107513","48107810","JH378123","5667081","5667374","37","42440432"
"chr1","48108766","48109071","JH378173","6575149","6575450","43","41533617"
"chr1","48109818","48109913","JH378151","1065491","1065581","13","47044327"
"chr1","48112582","48112812","JH378110","38527517","38527732","62","9585065"
"chr1","48119486","48119797","JH378149","422089","422391","48","47697397"
"chr1","48128076","48128328","JH378105","60476588","60476842","39","12348512"
"chr1","48129907","48130210","JH378204","3129799","3130101","46","45000108"
"chr1","48131576","48131865","JH378116","24384563","24384855","42","23747013"
"chr1","48137673","48137981","JH378142","14547168","14547469","53","33590505"
"chr1","48142415","48142704","JH378133","9743043","9743332","44","38399372"
"chr1","48158885","48159191","JH378108","38126967","38127251","62","10031918"
"chr1","48162315","48162499","JH378108","34627722","34627906","50","13534593"
"chr1","48162537","48162688","JH378157","12402064","12402214","38","35760473"
"chr1","48165783","48166077","JH378173","5787088","5787384","39","42378695"
"chr1","48169890","48170197","JH378152","12406026","12406325","50","35763864"
"chr1","48172077","48172371","JH378198","1639176","1639469","34","46532901"
"chr1","48174128","48174419","JH378165","1378573","1378868","48","46795555"
"chr1","48190123","48190437","JH378156","10672285","10672594","36","37517838"
"chr1","48193570","48193868","JH378108","38080392","38080682","40","10113178"
"chr1","48195085","48195382","JH378108","32912059","32912352","39","15283026"
"chr1","48199528","48199822","JH378176","5060132","5060429","35","43139396"
"chr1","48200430","48200730","JH378108","38072788","38073082","40","10127642"
"chr1","48233889","48234197","JH378112","6301540","6301846","43","41932349"
"chr1","48473022","48473321","JH378129","2446692","2446987","40","46026330"
"chr1","48754828","48755139","JH378176","8682633","8682942","43","40072195"
"chr1","48772023","48772304","JH378167","7155169","7155451","40","41616854"
"chr1","49209130","49209414","JH378141","16031106","16031391","50","33178024"
"chr1","49490512","49490796","JH378205","5678161","5678444","47","43812351"
"chr1","49490834","49490844","JH378185","5729091","5729102","2","43761743"
"chr1","49581045","49581284","JH378122","5341619","5341861","31","44239426"
"chr1","49632568","49632880","JH378115","14987072","14987385","43","34645496"
"chr1","49709118","49709411","JH378341","459391","459680","50","49249727"
"chr1","50084614","50084939","JH378105","54610411","54610729","53","4525797"
"chr1","50110175","50110457","JH378113","23979764","23980044","39","26130411"
"chr1","50438976","50439259","JH378122","7809799","7810085","40","42629177"
"chr1","50460204","50460504","JH378334","224546","224841","54","50235658"
"chr1","50615801","50616099","JH378112","23509058","23509354","57","27106743"
"chr1","50667164","50667455","JH378304","1591250","1591535","39","49075914"
"chr1","50774151","50774430","JH378129","21695439","21695731","59","29078712"
"chr1","50776052","50776344","JH378140","14147137","14147431","55","36628915"
"chr1","50776555","50776849","JH378108","35596560","35596861","42","15179995"
"chr1","50909936","50910221","JH378107","57287252","57287540","42","6377316"
"chr1","51015975","51016262","JH378137","3073918","3074209","41","47942057"
"chr1","51107381","51107512","JH378106","1342311","1342445","12","49765070"
"chr1","51137013","51137313","JH378151","7046645","7046944","38","44090368"
"chr1","51154692","51154997","JH378114","37107689","37107986","43","14047003"
"chr1","51197176","51197472","JH378121","9612204","9612501","36","41584972"
"chr1","51203093","51203349","JH378129","7569227","7569492","45","43633866"
"chr1","51215776","51215912","JH378220","1447971","1448106","15","49767805"
"chr1","51225189","51225484","JH378117","32546315","32546609","37","18678874"
"chr1","51237097","51237406","JH378110","17905050","17905353","53","33332047"
"chr1","51260100","51260404","JH378194","8864526","8864819","48","42395574"
"chr1","51273626","51273922","JH378135","17996725","17997019","46","33276901"
"chr1","51281164","51281443","JH378163","11135350","11135637","44","40145814"
"chr1","51304789","51305076","JH378111","33939520","33939809","52","17365269"
"chr1","51334795","51335038","JH378213","1962860","1963108","39","49371935"
"chr1","51349276","51349582","JH378288","2786677","2786981","41","48562599"
"chr1","51390431","51390723","JH378140","4991556","4991842","42","46398875"
"chr1","51403599","51403908","JH378118","12197167","12197472","40","39206432"
"chr1","51412898","51413132","JH378149","16347574","16347809","38","35065324"
"chr1","51417644","51417923","JH378105","6621498","6621779","49","44796146"
"chr1","51418115","51418408","JH378118","28802926","28803223","37","22615189"
"chr1","51429995","51430292","JH378108","34929457","34929753","40","16500538"
"chr1","51437782","51438070","JH378112","20260210","20260496","48","31177572"
"chr1","51480000","51480271","JH378105","8677838","8678110","46","42802162"
"chr1","51496732","51497039","JH378108","34863203","34863507","40","16633529"
"chr1","51498801","51499109","JH378119","5341365","5341669","42","46157436"
"chr1","51504344","51504478","JH378107","55895704","55895839","15","4391360"
"chr1","51515485","51515780","JH378191","967537","967830","39","50547948"
"chr1","51529370","51529657","JH378114","41996207","41996493","36","9533163"
"chr1","51544663","51544870","JH378119","2845696","2845911","47","48698967"
"chr1","51556546","51556827","JH378108","18205252","18205537","50","33351294"
"chr1","51561525","51561839","JH378157","3416922","3417228","44","48144603"
"chr1","51571964","51572257","JH378108","34786960","34787253","39","16785004"
"chr1","51575848","51576155","JH378114","41499633","41499943","48","10076215"
"chr1","51627536","51627869","JH378284","371461","371790","55","51256075"
"chr1","51629555","51629855","JH378114","31003149","31003455","52","20626406"
"chr1","51646892","51647174","JH378254","8516","8803","56","51638376"
"chr1","51656351","51656661","JH378110","3185833","3186137","43","48470518"
"chr1","51656704","51656993","JH378113","21234201","21234490","42","30422503"
"chr1","51670986","51671250","JH378111","8805108","8805363","53","42865878"
"chr1","51692397","51692695","JH378139","11244771","11245079","45","40447626"
"chr1","51694819","51695122","JH378108","34664165","34664467","40","17030654"
"chr1","51705878","51706179","JH378139","3058396","3058693","39","48647482"
"chr1","51731860","51732187","JH378105","68646782","68647109","51","16914922"
"chr1","51735153","51735467","JH378117","15749415","15749721","39","35985738"
"chr1","51745185","51745473","JH378108","34617672","34617960","53","17127513"
"chr1","51751960","51752269","JH378158","4130633","4130943","38","47621327"
"chr1","51754431","51754731","JH378106","2023633","2023929","44","49730798"
"chr1","51771093","51771387","JH378148","13262362","13262662","48","38508731"
"chr1","51782185","51782474","JH378122","22447926","22448218","45","29334259"
"chr1","51784673","51784967","JH378221","5880620","5880917","49","45904053"
"chr1","51796653","51796945","JH378204","3222855","3223147","40","48573798"
"chr1","51797575","51797872","JH378195","2148198","2148495","34","49649377"
"chr1","51811202","51811507","JH378110","2590007","2590314","46","49221195"
"chr1","51824222","51824510","JH378149","1955740","1956029","40","49868482"
"chr1","51829933","51830227","JH378108","34529498","34529792","28","17300435"
"chr1","51832277","51832572","JH378178","8042470","8042765","38","43789807"
"chr1","51853106","51853411","JH378112","22081503","22081808","47","29771603"
"chr1","51857454","51857732","JH378108","34509140","34509416","36","17348314"
"chr1","51860295","51860609","JH378177","9865797","9866102","49","41994498"
"chr1","51879633","51879935","JH378196","6910302","6910603","37","44969331"
"chr1","51881127","51881408","JH378158","3395069","3395345","44","48486058"
"chr1","51884263","51884500","JH378188","9093795","9094018","48","42790468"
"chr1","51888596","51888890","JH378259","3560296","3560587","40","48328300"
"chr1","51892604","51892903","JH378143","8639762","8640057","35","43252842"
"chr1","51906286","51906549","JH378153","2014992","2015267","46","49891294"
"chr1","51906906","51907210","JH378106","37801882","37802187","55","14105024"
"chr1","51913810","51913983","JH378145","7597537","7597700","31","44316273"
"chr1","51917728","51917995","JH378151","5490377","5490645","40","46427351"
"chr1","51929539","51929834","JH378108","34461804","34462102","43","17467735"
"chr1","51938954","51939235","JH378197","8620183","8620461","44","43318771"
"chr1","51940933","51941210","JH378204","4012532","4012811","36","47928401"
"chr1","51944538","51944834","JH378221","5809724","5810019","43","46134814"
"chr1","51960364","51960676","JH378142","3019206","3019515","45","48941158"
"chr1","51967435","51967567","JH378108","34423496","34423628","13","17543939"
"chr1","51969264","51969531","JH378257","457493","457770","49","51511771"
"chr1","51970794","51970923","JH378158","3234628","3234759","12","48736166"
"chr1","51976281","51976589","JH378173","2124263","2124571","46","49852018"
"chr1","51978363","51978663","JH378216","2126143","2126440","49","49852220"
"chr1","51982521","51982821","JH378308","686068","686367","37","51296453"
"chr1","51995375","51995684","JH378189","8456362","8456672","37","43539013"
"chr1","51998005","51998298","JH378213","4435380","4435669","45","47562625"
"chr1","52008330","52008632","JH378290","389647","389937","48","51618683"
"chr1","52013620","52013823","JH378108","34383708","34383911","21","17629912"
"chr1","52017752","52018060","JH378153","9926861","9927172","41","42090891"
"chr1","52024465","52024758","JH378123","9608291","9608584","38","42416174"
"chr1","52040426","52040723","JH378116","13180532","13180832","45","38859894"
"chr1","52053215","52053445","JH378265","343126","343345","51","51710089"
"chr1","52062870","52063179","JH378108","34335653","34335962","39","17727217"
"chr1","52064055","52064366","JH378121","23760097","23760404","38","28303958"
"chr1","52070891","52071183","JH378194","8035993","8036286","40","44034898"
"chr1","52078231","52078551","JH378157","10762524","10762837","43","41315707"
"chr1","52081563","52081873","JH378135","16449037","16449347","39","35632526"
"chr1","52094023","52094316","JH378108","34303107","34303412","38","17790916"
"chr1","52101727","52102031","JH378108","34295376","34295676","41","17806351"
"chr1","52106053","52106346","JH378115","34769363","34769654","35","17336690"
"chr1","52110297","52110596","JH378135","2042783","2043077","40","50067514"
"chr1","52111608","52111899","JH378227","3592000","3592283","41","48519608"
"chr1","52116765","52116991","JH378227","501198","501426","33","51615567"
"chr1","52119649","52119952","JH378262","1936694","1936996","40","50182955"
"chr1","52122400","52122695","JH378151","7107312","7107607","46","45015088"
"chr1","52123056","52123352","JH378113","20466200","20466489","53","31656856"
"chr1","52142038","52142334","JH378106","69063427","69063728","48","16921389"
"chr1","52142344","52142636","JH378189","3786344","3786637","52","48356000"
"chr1","52167407","52167713","JH378117","15749415","15749721","45","36417992"
"chr1","52173062","52173364","JH378158","3359829","3360132","42","48813233"
"chr1","52180217","52180504","JH378115","39164004","39164294","51","13016213"
"chr1","52211102","52211411","JH378191","8293824","8294135","47","43917278"
"chr1","52212613","52212912","JH378110","6965048","6965350","42","45247565"
"chr1","52224717","52224984","JH378108","34165698","34165967","40","18059019"
"chr1","52246856","52247157","JH378151","16960974","16961279","45","35285882"
"chr1","52270520","52270820","JH378136","2665556","2665855","58","49604964"
"chr1","52277033","52277312","JH378108","34104672","34104946","49","18172361"
"chr1","52279459","52279743","JH378117","36041941","36042223","35","16237518"
"chr1","52282863","52283161","JH378140","16383226","16383525","51","35899637"
"chr1","52290554","52290854","JH378242","734891","735189","41","51555663"
"chr1","52296632","52296942","JH378124","27126736","27127048","35","25169896"
"chr1","52302213","52302503","JH378108","34074247","34074535","34","18227966"
"chr1","52304175","52304486","JH378204","3945411","3945718","47","48358764"
"chr1","52310014","52310299","JH378105","50062072","50062354","58","2247942"
"chr1","52323589","52323872","JH378167","7155169","7155451","37","45168420"
"chr1","52328346","52328638","JH378137","19960365","19960651","47","32367981"
"chr1","52332025","52332283","JH378108","18001461","18001735","48","34330564"
"chr1","52354902","52355189","JH378271","2255310","2255598","40","50099592"
"chr1","52356032","52356343","JH378110","35064293","35064593","51","17291739"
"chr1","52371996","52372304","JH378189","8992244","8992548","42","43379752"
"chr1","52373211","52373514","JH378108","34008637","34008943","37","18364574"
"chr1","52394089","52394391","JH378158","5787707","5788016","46","46606382"
"chr1","52396676","52396964","JH378259","3560296","3560587","44","48836380"
"chr1","52415885","52416197","JH378242","734891","735189","44","51680994"
"chr1","52423745","52424004","JH378160","5805313","5805566","50","46618432"
"chr1","52427929","52428240","JH378219","6145381","6145680","54","46282548"
"chr1","52432089","52432393","JH378136","6588505","6588803","39","45843584"
"chr1","52432971","52433252","JH378121","21898794","21899078","47","30534177"
"chr1","52467035","52467349","JH378195","2039474","2039780","48","50427561"
"chr1","52516579","52516885","JH378122","22693768","22694067","50","29822811"
"chr1","52518671","52518975","JH378198","4433033","4433330","45","48085638"
"chr1","52549345","52549640","JH378135","3588887","3589186","41","48960458"
"chr1","52564724","52565018","JH378173","10880896","10881187","41","41683828"
"chr1","52577705","52578015","JH378109","11357836","11358144","42","41219869"
"chr1","52579964","52580260","JH378255","3447746","3448043","36","49132218"
"chr1","52581085","52581337","JH378135","11365199","11365451","37","41215886"
"chr1","52590700","52590996","JH378111","26034614","26034912","46","26556086"
"chr1","52591495","52591798","JH378115","28547771","28548071","47","24043724"
"chr1","52631212","52631505","JH378122","7809799","7810085","58","44821413"
"chr1","52654817","52655063","JH378220","3151981","3152218","49","49502836"
"chr1","52676140","52676433","JH378135","10580024","10580316","50","42096116"
"chr1","52685498","52685786","JH378135","10580024","10580316","51","42105474"
"chr1","52687173","52687468","JH378123","5667081","5667374","41","47020092"
"chr1","52689940","52690225","JH378125","6538044","6538329","35","46151896"
"chr1","52702240","52702546","JH378151","10109922","10110220","45","42592318"
"chr1","52708602","52708905","JH378213","5758371","5758671","45","46950231"
"chr1","52718771","52719058","JH378139","12769555","12769846","43","39949216"
"chr1","52729316","52729624","JH378232","4458000","4458310","39","48271316"
"chr1","52729917","52730179","JH378120","24589503","24589764","41","28140414"
"chr1","52730509","52730794","JH378190","9040170","9040456","42","43690339"
"chr1","52738647","52738959","JH378122","29745550","29745857","46","22993097"
"chr1","52748333","52748624","JH378114","7097919","7098212","41","45650414"
"chr1","52754708","52754806","JH378121","3099983","3100079","24","49654725"
"chr1","52756947","52757223","JH378108","33573296","33573566","36","19183651"
"chr1","52881606","52881741","JH378120","16781777","16781909","14","36099829"
"chr1","52882824","52883101","JH378108","33558619","33558897","40","19324205"
"chr1","52893176","52893470","JH378123","5667081","5667374","41","47226095"
"chr1","52894205","52894502","JH378108","33547500","33547795","30","19346705"
"chr1","52901489","52901624","JH378157","8419135","8419267","19","44482354"
"chr1","52903457","52903735","JH378108","33534015","33534298","44","19369442"
"chr1","52916092","52916383","JH378242","734891","735189","37","52181201"
"chr1","52939782","52940085","JH378188","7490346","7490651","49","45449436"
"chr1","52945838","52946113","JH378118","8798965","8799246","48","44146873"
"chr1","52952721","52952994","JH378181","6870756","6871022","54","46081965"
"chr1","52953908","52954127","JH378109","48953753","48953976","30","4000155"
"chr1","52954193","52954494","JH378148","3195871","3196169","46","49758322"
"chr1","52983047","52983279","JH378149","16347574","16347809","29","36635473"
"chr1","52987348","52987640","JH378157","10612889","10613179","42","42374459"
"chr1","53004895","53005022","JH378108","49180782","49180912","23","3824113"
"chr1","53005587","53005882","JH378151","5566611","5566910","45","47438976"
"chr1","53021157","53021367","JH378113","23554561","23554760","68","29466596"
"chr1","53059686","53059988","JH378183","10336480","10336781","37","42723206"
"chr1","53060581","53060868","JH378110","29311133","29311408","57","23749448"
"chr1","53061853","53062147","JH378108","33381527","33381822","32","19680326"
"chr1","53071506","53071815","JH378116","22378952","22379256","47","30692554"
"chr1","53088555","53088845","JH378291","130444","130734","32","52958111"
"chr1","53089767","53090064","JH378135","10051376","10051674","35","43038391"
"chr1","53099343","53099644","JH378186","9104801","9105108","41","43994542"
"chr1","53119542","53119851","JH378108","33320450","33320766","43","19799092"
"chr1","53129424","53129713","JH378108","33310990","33311276","39","19818434"
"chr1","53136231","53136518","JH378106","62829850","62830129","52","9693619"
"chr1","53148262","53148575","JH378118","10693452","10693756","48","42454810"
"chr1","53151607","53151915","JH378108","33289780","33290089","44","19861827"
"chr1","53154505","53154787","JH378108","33286855","33287143","44","19867650"
"chr1","53160653","53160953","JH378108","33279431","33279725","37","19881222"
"chr1","53169766","53170051","JH378148","16213270","16213542","61","36956496"
"chr1","53174185","53174317","JH378140","6797097","6797227","17","46377088"
"chr1","53175386","53175653","JH378110","34952260","34952536","48","18223126"
"chr1","53183181","53183325","JH378147","16075859","16075997","33","37107322"
"chr1","53183554","53183698","JH378112","32642992","32643119","33","20540562"
"chr1","53201465","53201754","JH378123","9831839","9832126","38","43369626"
"chr1","53201969","53202250","JH378252","4291425","4291721","48","48910544"
"chr1","53241799","53242073","JH378110","7125375","7125650","42","46116424"
"chr1","53248606","53248876","JH378283","2933790","2934070","46","50314816"
"chr1","53257154","53257458","JH378148","2349723","2350033","47","50907431"
"chr1","53264523","53264655","JH378248","1131095","1131226","17","52133428"
"chr1","53272139","53272233","JH378112","21682946","21683043","14","31589193"
"chr1","53276823","53277034","JH378167","33469","33680","25","53243354"
"chr1","53278549","53278837","JH378153","2856479","2856773","43","50422070"
"chr1","53310878","53311175","JH378203","4058222","4058515","42","49252656"
"chr1","53329122","53329381","JH378106","61927616","61927885","33","8598494"
"chr1","53343150","53343436","JH378190","9040170","9040456","41","44302980"
"chr1","53368276","53368580","JH378110","6965048","6965350","49","46403228"
"chr1","53379229","53379534","JH378124","5678150","5678455","59","47701079"
"chr1","53383684","53383986","JH378151","2895274","2895576","40","50488410"
"chr1","53390901","53391150","JH378201","3186680","3186936","45","50204221"
"chr1","53392817","53393120","JH378249","2234944","2235237","57","51157873"
"chr1","53407499","53407799","JH378242","734891","735189","42","52672608"
"chr1","53415253","53415568","JH378141","2645179","2645491","57","50770074"
"chr1","53426829","53427121","JH378107","28361675","28361967","49","25065154"
"chr1","53428946","53429211","JH378290","825761","826024","40","52603185"
"chr1","53431573","53431821","JH378283","292826","293075","31","53138747"
"chr1","53432479","53432779","JH378110","6965048","6965350","40","46467431"
"chr1","53452139","53452401","JH378107","29393673","29393934","38","24058466"
"chr1","53487089","53487402","JH378134","15276798","15277108","47","38210291"
"chr1","53489906","53490221","JH378153","2274333","2274644","47","51215573"
"chr1","53495424","53495732","JH378220","4563341","4563637","63","48932083"
"chr1","53499925","53500000","JH378148","12535486","12535558","7","40964439"
"chr1","53516250","53516554","JH378148","16955481","16955786","45","36560769"
"chr1","53523126","53523439","JH378131","1383377","1383686","44","52139749"
"chr1","53526276","53526567","JH378130","1568570","1568862","37","51957706"
"chr1","53538438","53538756","JH378279","2532931","2533234","49","51005507"
"chr1","53553964","53554262","JH378170","1616807","1617104","33","51937157"
"chr1","53558780","53559054","JH378172","11247159","11247445","48","42311621"
"chr1","53561249","53561588","JH378140","6774114","6774453","66","46787135"
"chr1","53562975","53563273","JH378249","721031","721325","39","52841944"
"chr1","53564442","53564567","JH378172","10643459","10643587","13","42920983"
"chr1","53584870","53585162","JH378213","4435380","4435669","43","49149490"
"chr1","53586656","53586961","JH378204","3129799","3130101","41","50456857"
"chr1","53589137","53589263","JH378248","1131095","1131226","16","52458042"
"chr1","53603855","53604001","JH378119","19557309","19557454","31","34046546"
"chr1","53604422","53604530","JH378267","301562","301670","12","53302860"
"chr1","53605558","53605833","JH378110","34952260","34952536","43","18653298"
"chr1","53611411","53611719","JH378167","1391300","1391604","41","52220111"
"chr1","53613038","53613288","JH378230","1938789","1939034","36","51674249"
"chr1","53618705","53619000","JH378188","7232167","7232465","39","46386538"
"chr1","53620768","53621085","JH378165","5633445","5633783","71","47987323"
"chr1","53626788","53627078","JH378136","2698913","2699197","44","50927875"
"chr1","53640059","53640357","JH378109","15102213","15102512","43","38537846"
"chr1","53642791","53642938","JH378164","7654387","7654532","23","45988404"
"chr1","53647751","53648049","JH378221","5880620","5880917","50","47767131"
"chr1","53650401","53650637","JH378149","16347574","16347809","29","37302827"
"chr1","53689974","53690265","JH378167","2123508","2123794","47","51566466"
"chr1","53701781","53702098","JH378118","10693452","10693756","49","43008329"
"chr1","53703001","53703222","JH378167","11084417","11084635","39","42618584"
"chr1","53712324","53712639","JH378197","6611785","6612095","59","47100539"
"chr1","53714688","53715011","JH378204","5008958","5009284","68","48705730"
"chr1","53716670","53716962","JH378149","15885379","15885676","59","37831291"
"chr1","53719618","53719788","JH378129","7281850","7282020","23","46437768"
"chr1","53722699","53722869","JH378129","7281850","7282020","26","46440849"
"chr1","53724538","53724679","JH378286","794629","794755","33","52929909"
"chr1","53743061","53743354","JH378135","5200861","5201154","54","48542200"
"chr1","53753226","53753541","JH378113","15232832","15233136","54","38520394"
"chr1","53754318","53754483","JH378135","1413316","1413475","26","52341002"
"chr1","53809830","53810131","JH378173","1691460","1691768","52","52118370"
"chr1","53830525","53830807","JH378153","4332695","4332974","41","49497830"
"chr1","53835385","53835693","JH378150","15636556","15636859","57","38198829"
"chr1","53845634","53845952","JH378108","18571555","18571860","64","35274079"
"chr1","53861362","53861475","JH378206","1255077","1255189","9","52606285"
"chr1","53873131","53873422","JH378220","3166926","3167219","48","50706205"
"chr1","53891706","53891999","JH378110","10950543","10950836","46","42941163"
"chr1","53894555","53894847","JH378109","19305318","19305606","37","34589237"
"chr1","53906665","53906936","JH378114","20734954","20735221","41","33171711"
"chr1","53907302","53907602","JH378114","22526707","22527002","51","31380595"
"chr1","53910170","53910467","JH378140","15378059","15378364","44","38532111"
"chr1","54020554","54020870","JH378124","3082582","3082895","44","50937972"
"chr1","54036889","54037187","JH378108","32361370","32361676","36","21675519"
"chr1","54042980","54043291","JH378153","1940574","1940884","35","52102406"
"chr1","54071965","54072256","JH378108","32332891","32333185","44","21739074"
"chr1","54086444","54086744","JH378148","7478775","7479080","37","46607669"
"chr1","54097269","54097562","JH378108","30957686","30957982","50","23139583"
"chr1","54109493","54109786","JH378173","10880896","10881187","39","43228597"
"chr1","54218577","54218895","JH378117","37732677","37732982","52","16485900"
"chr1","54261091","54261218","JH378158","5681514","5681646","21","48579577"
"chr1","54289113","54289435","JH378120","19281578","19281889","56","35007535"
"chr1","54311364","54311577","JH378220","1766740","1766955","41","52544624"
"chr1","54340951","54341261","JH378148","3100313","3100608","46","51240638"
"chr1","54363108","54363417","JH378142","1173704","1174003","42","53189404"
"chr1","54363428","54363740","JH378167","3626557","3626863","50","50736871"
"chr1","54387161","54387442","JH378221","2265605","2265881","54","52121556"
"chr1","54493705","54493912","JH378153","7138870","7139080","27","47354835"
"chr1","54519142","54519453","JH378108","31887379","31887696","45","22631763"
"chr1","54546546","54546854","JH378118","10693452","10693756","35","43853094"
"chr1","54629404","54629715","JH378188","7490346","7490651","37","47139058"
"chr1","54647869","54648176","JH378115","33936739","33937047","46","20711130"
"chr1","54659112","54659381","JH378166","2823386","2823656","52","51835726"
"chr1","54675593","54675893","JH378188","73386","73680","42","54602207"
"chr1","54690746","54691035","JH378127","19331819","19332107","35","35358927"
"chr1","54694979","54695252","JH378283","2933790","2934070","40","51761189"
"chr1","54706826","54707117","JH378232","3502872","3503164","46","51203954"
"chr1","54742711","54742999","JH378114","41996207","41996493","36","12746504"
"chr1","54754157","54754236","JH378127","23625505","23625582","9","31128652"
"chr1","54765750","54766072","JH378107","6613714","6614043","55","48152036"
"chr1","54767024","54767333","JH378115","4860657","4860961","40","49906367"
"chr1","54768891","54769191","JH378152","13742000","13742297","40","41026891"
"chr1","54772135","54772426","JH378213","4603416","4603708","40","50168719"
"chr1","54775191","54775526","JH378105","1099330","1099658","53","53675861"
"chr1","54812085","54812372","JH378291","915200","915491","58","53896885"
"chr1","54812677","54812815","JH378108","31597416","31597556","25","23215261"
"chr1","54836925","54837226","JH378110","6965048","6965350","34","47871877"
"chr1","54839096","54839391","JH378197","8546632","8546928","36","46292464"
"chr1","54849442","54849740","JH378112","33033903","33034201","38","21815539"
"chr1","54888937","54889243","JH378141","18437190","18437494","43","36451747"
"chr1","54900572","54900879","JH378153","5534456","5534758","42","49366116"
"chr1","54901768","54902065","JH378170","1616807","1617104","40","53284961"
"chr1","54903272","54903562","JH378166","8279452","8279742","48","46623820"
"chr1","54921976","54922275","JH378105","58347030","58347340","53","3425054"
"chr1","54942793","54943116","JH378115","22456618","22456922","59","32486175"
"chr1","54971860","54972159","JH378108","31436495","31436801","39","23535365"
"chr1","54990828","54991120","JH378115","34769363","34769654","36","20221465"
"chr1","55000047","55000348","JH378141","15518519","15518815","53","39481528"
"chr1","55012786","55013100","JH378148","2797982","2798286","37","52214804"
"chr1","55016526","55016815","JH378115","3024391","3024685","49","51992135"
"chr1","55049746","55050032","JH378170","1616807","1617104","42","53432939"
"chr1","55057449","55057744","JH378108","31355017","31355311","40","23702432"
"chr1","55072911","55073173","JH378140","3280034","3280299","44","51792877"
"chr1","55073321","55073636","JH378167","3626557","3626863","57","51446764"
"chr1","55100981","55101292","JH378146","9971204","9971512","45","45129777"
"chr1","55103492","55103818","JH378157","1277342","1277653","58","53826150"
"chr1","55122084","55122393","JH378112","33452684","33452993","45","21669400"
"chr1","55143732","55144035","JH378118","20140583","20140886","43","35003149"
"chr1","55165138","55165437","JH378188","7232167","7232465","34","47932971"
"chr1","55175972","55176101","JH378274","1788975","1789104","18","53386997"
"chr1","55222373","55222676","JH378262","336971","337263","42","54885402"
"chr1","55235049","55235336","JH378201","3289541","3289837","42","51945508"
"chr1","55286217","55286528","JH378105","64694145","64694448","51","9407928"
"chr1","55287619","55287823","JH378116","37702081","37702283","33","17585538"
"chr1","55291254","55291548","JH378105","14432202","14432497","39","40859052"
"chr1","55303756","55304035","JH378297","842854","843136","41","54460902"
"chr1","55304135","55304441","JH378118","10693452","10693756","46","44610683"
"chr1","55305720","55306030","JH378205","4278012","4278319","38","51027708"
"chr1","55357217","55357344","JH378635","1","129","16","55357216"
"chr1","55360142","55360431","JH378200","261439","261727","46","55098703"
"chr1","55373284","55373589","JH378117","15749415","15749721","48","39623869"
"chr1","55379773","55380091","JH378155","6070776","6071079","75","49308997"
"chr1","55383772","55384084","JH378164","12780276","12780585","40","42603496"
"chr1","55389459","55389769","JH378112","24083994","24084305","53","31305465"
"chr1","55394576","55394872","JH378255","3447746","3448043","41","51946830"
"chr1","55395355","55395654","JH378122","22447926","22448218","46","32947429"
"chr1","55414202","55414490","JH378120","3329205","3329494","55","52084997"
"chr1","55414533","55414828","JH378117","26590694","26590991","41","28823839"
"chr1","55416753","55417009","JH378155","5190897","5191151","44","50225856"
"chr1","55425496","55425798","JH378224","2061177","2061472","44","53364319"
"chr1","55428111","55428405","JH378111","8498303","8498600","39","46929808"
"chr1","55435379","55435674","JH378242","734891","735189","39","54700488"
"chr1","55449476","55449769","JH378110","3397028","3397322","32","52052448"
"chr1","55460478","55460774","JH378108","30944458","30944764","47","24516020"
"chr1","55478567","55478875","JH378205","4518399","4518706","44","50960168"
"chr1","55487933","55488264","JH378219","3311406","3311721","73","52176527"
"chr1","55488796","55489101","JH378262","1270213","1270521","36","54218583"
"chr1","55490726","55491025","JH378235","3957900","3958200","44","51532826"
"chr1","55499172","55499421","JH378112","32952210","32952469","44","22546962"
"chr1","55500300","55500581","JH378124","6796198","6796485","44","48704102"
"chr1","55519786","55519953","JH378124","19105188","19105350","22","36414598"
"chr1","55527726","55528020","JH378152","13742000","13742297","44","41785726"
"chr1","55535120","55535418","JH378117","28666592","28666888","51","26868528"
"chr1","55540379","55540669","JH378189","7062123","7062413","38","48478256"
"chr1","55557161","55557443","JH378177","10064943","10065231","40","45492218"
"chr1","55560207","55560492","JH378108","30856210","30856493","40","24703997"
"chr1","55562381","55562683","JH378129","14233578","14233874","42","41328803"
"chr1","55574792","55575098","JH378139","11244771","11245079","40","44330021"
"chr1","55599161","55599468","JH378255","1987046","1987357","37","53612115"
"chr1","55627108","55627413","JH378116","22378952","22379256","44","33248156"
"chr1","55655575","55655875","JH378316","391481","391778","42","55264094"
"chr1","55683382","55683678","JH378149","15885379","15885676","50","39798003"
"chr1","55698971","55699270","JH378167","8771565","8771861","47","46927406"
"chr1","55756062","55756346","JH378200","261439","261727","46","55494623"
"chr1","55794636","55794940","JH378242","734891","735189","44","55059745"
"chr1","55804504","55804798","JH378135","1343448","1343737","38","54461056"
"chr1","55880639","55880930","JH378173","10671195","10671487","47","45209444"
"chr1","55889764","55890045","JH378173","4795221","4795500","45","51094543"
"chr1","55945947","55946258","JH378123","21766727","21767041","51","34179220"
"chr1","55980459","55980748","JH378127","2035209","2035489","51","53945250"
"chr1","56079021","56079324","JH378151","4578678","4578981","40","51500343"
"chr1","56089019","56089216","JH378133","19630377","19630571","28","36458642"
"chr1","56097423","56097557","JH378262","310456","310588","10","55786967"
"chr1","56098443","56098646","JH378193","7954713","7954909","31","48143730"
"chr1","56125520","56125832","JH378131","940078","940383","41","55185442"
"chr1","56163046","56163331","JH378173","4743114","4743401","47","51419932"
"chr1","56215563","56215852","JH378148","3100313","3100608","43","53115250"
"chr1","56309855","56310146","JH378225","6103213","6103503","41","50206642"
"chr1","56317348","56317642","JH378278","3122874","3123168","36","53194474"
"chr1","56451969","56452161","JH378114","10654899","10655083","29","45797070"
"chr1","56502313","56502614","JH378140","6180514","6180816","36","50321799"
"chr1","56837172","56837481","JH378124","27109694","27110002","49","29727478"
"chr1","56980115","56980409","JH378108","29622051","29622329","58","27358064"
"chr1","57009123","57009404","JH378125","19061536","19061817","43","37947587"
"chr1","57183376","57183660","JH378172","9343322","9343615","60","47840054"
"chr1","57275662","57275963","JH378142","11680625","11680923","41","45595037"
"chr1","57349478","57349769","JH378117","28380219","28380513","47","28969259"
"chr1","57376936","57377234","JH378148","3100313","3100608","34","54276623"
"chr1","57396453","57396777","JH378284","371461","371790","53","57024992"
"chr1","57397297","57397584","JH378300","334787","335075","35","57062510"
"chr1","57450144","57450446","JH378117","31869538","31869844","46","25580606"
"chr1","57463806","57464097","JH378114","36553731","36554011","46","20910075"
"chr1","57487108","57487394","JH378144","6298394","6298685","42","51188714"
"chr1","57527298","57527552","JH378126","23877123","23877373","41","33650175"
"chr1","57536991","57537289","JH378153","14175225","14175527","58","43361766"
"chr1","57550980","57551083","JH378288","403448","403553","18","57147532"
"chr1","57588510","57588788","JH378122","10060523","10060794","45","47527987"
"chr1","57588963","57589261","JH378129","3247646","3247946","38","54341317"
"chr1","57598815","57599133","JH378167","5197659","5197969","61","52401156"
"chr1","57616105","57616373","JH378112","14425894","14426167","45","43190211"
"chr1","57626929","57627061","JH378168","5338377","5338506","19","52288552"
"chr1","57643529","57643835","JH378118","10693452","10693756","39","46950077"
"chr1","57671371","57671674","JH378118","10693452","10693756","54","46977919"
"chr1","57682760","57683057","JH378141","15518519","15518815","41","42164241"
"chr1","57688518","57688805","JH378108","28940306","28940596","46","28748212"
"chr1","57710457","57710766","JH378117","15749415","15749721","47","41961042"
"chr1","57852776","57853066","JH378111","25322591","25322881","44","32530185"
"chr1","57908775","57909090","JH378225","820768","821067","57","57088007"
"chr1","57936908","57937203","JH378153","14632399","14632691","38","43304509"
"chr1","58039844","58040154","JH378227","2142960","2143270","39","55896884"
"chr1","58166304","58166617","JH378153","9926861","9927172","41","48239443"
"chr1","58193660","58193964","JH378246","4313059","4313359","51","53880601"
"chr1","58283432","58283766","JH378105","20165482","20165818","55","38117950"
"chr1","58327429","58327708","JH378118","21278795","21279078","46","37048634"
"chr1","58372967","58373270","JH378131","1383377","1383686","41","56989590"
"chr1","58471026","58471333","JH378117","37732677","37732982","45","20738349"
"chr1","58475450","58475749","JH378108","28115250","28115544","41","30360200"
"chr1","58583931","58584231","JH378242","734891","735189","40","57849040"
"chr1","58611696","58611987","JH378112","32590536","32590832","34","26021160"
"chr1","58732683","58732944","JH378124","22204229","22204485","42","36528454"
"chr1","58759081","58759213","JH378108","27840440","27840571","12","30918641"
"chr1","58949804","58950087","JH378269","679042","679330","38","58270762"
"chr1","58976692","58976994","JH378172","9553918","9554219","44","49422774"
"chr1","58992311","58992613","JH378148","13262362","13262662","42","45729949"
"chr1","59012461","59012771","JH378108","27583376","27583688","40","31429085"
"chr1","59105012","59105317","JH378105","51969456","51969760","51","7135556"
"chr1","59171175","59171441","JH378109","21239816","21240085","46","37931359"
"chr1","59264156","59264461","JH378188","7490346","7490651","45","51773810"
"chr1","59272232","59272545","JH378109","8789275","8789581","44","50482957"
"chr1","59426862","59427179","JH378108","27139601","27139901","53","32287261"
"chr1","59510703","59511012","JH378118","10693452","10693756","38","48817251"
"chr1","59521773","59521899","JH378119","7539270","7539395","12","51982503"
"chr1","59521957","59522134","JH378140","4982439","4982610","34","54539518"
"chr1","59557753","59558030","JH378239","5566205","5566489","65","53991548"
"chr1","59565324","59565606","JH378108","27018516","27018790","42","32546808"
"chr1","59583952","59584263","JH378204","5941995","5942305","42","53641957"
"chr1","59615128","59615410","JH378108","17624768","17625053","36","41990360"
"chr1","59632559","59632863","JH378106","62000386","62000676","49","2367827"
"chr1","59699744","59700064","JH378108","26901048","26901345","66","32798696"
"chr1","59881113","59881414","JH378143","1682752","1683051","42","58198361"
"chr1","60108176","60108478","JH378152","13742000","13742297","40","46366176"
"chr1","60109377","60109683","JH378265","117843","118145","47","59991534"
"chr1","60216505","60216802","JH378116","37714587","37714884","43","22501918"
"chr1","60302401","60302696","JH378107","53276825","53277112","42","7025576"
"chr1","60367849","60368140","JH378108","46126423","46126715","47","14241426"
"chr1","60426021","60426325","JH378148","16955481","16955786","32","43470540"
"chr1","60475652","60475942","JH378110","10950543","10950836","32","49525109"
"chr1","60567918","60568173","JH378152","6390449","6390706","42","54177469"
"chr1","60568210","60568502","JH378151","16600236","16600530","39","43967974"
"chr1","60632357","60632490","JH378108","26007709","26007841","11","34624648"
"chr1","60684140","60684446","JH378135","21300881","21301186","41","39383259"
"chr1","60717207","60717515","JH378116","37812207","37812513","59","22905000"
"chr1","60760255","60760563","JH378108","25885605","25885910","42","34874650"
"chr1","60782063","60782357","JH378242","734891","735189","32","60047172"
"chr1","60832188","60832488","JH378151","4578678","4578981","37","56253510"
"chr1","60895705","60895984","JH378105","5769531","5769800","51","55126174"
"chr1","60923611","60923868","JH378112","32952210","32952469","44","27971401"
"chr1","61066664","61066953","JH378110","10664064","10664358","57","50402600"
"chr1","61198853","61199132","JH378125","21805500","21805777","36","39393353"
"chr1","61335171","61335458","JH378167","7541085","7541377","51","53794086"
"chr1","61532030","61532341","JH378115","23399834","23400144","47","38132196"
"chr1","61559137","61559446","JH378115","35238423","35238733","51","26320714"
"chr1","61917558","61917837","JH378112","12605686","12605972","40","49311872"
"chr1","61956278","61956589","JH378118","20140583","20140886","43","41815695"
"chr1","61980632","61980936","JH378203","7036188","7036492","43","54944444"
"chr1","62018144","62018445","JH378139","8353802","8354100","40","53664342"
"chr1","62039197","62039549","JH378225","5943856","5944182","83","56095341"
"chr1","62093062","62093347","JH378281","1616584","1616872","38","60476478"
"chr1","62100355","62100664","JH378115","33936739","33937047","53","28163616"
"chr1","62107350","62107661","JH378135","16449037","16449347","40","45658313"
"chr1","62111989","62112291","JH378192","5404726","5405023","40","56707263"
"chr1","62131730","62132027","JH378111","43268192","43268483","41","18863538"
"chr1","62136123","62136418","JH378290","1449167","1449465","45","60686956"
"chr1","62138361","62138668","JH378119","5503589","5503900","43","56634772"
"chr1","62144687","62144983","JH378157","8047049","8047337","42","54097638"
"chr1","62200957","62201178","JH378190","9349905","9350131","29","52851052"
"chr1","62209945","62210279","JH378114","10789294","10789629","60","51420651"
"chr1","62218530","62218835","JH378205","4278012","4278319","43","57940518"
"chr1","62225841","62226134","JH378137","14089045","14089336","51","48136796"
"chr1","62232003","62232282","JH378105","50034667","50034949","40","12197336"
"chr1","62244342","62244649","JH378113","15232832","15233136","43","47011510"
"chr1","62246106","62246393","JH378118","33304548","33304836","49","28941558"
"chr1","62270636","62270923","JH378108","24503048","24503338","38","37767588"
"chr1","62326741","62327048","JH378108","24446980","24447289","28","37879761"
"chr1","62334288","62334574","JH378142","14013464","14013754","43","48320824"
"chr1","62351449","62351754","JH378108","24421015","24421313","38","37930434"
"chr1","62353786","62354090","JH378109","26422799","26423098","46","35930987"
"chr1","62374443","62374735","JH378118","25064150","25064441","42","37310293"
"chr1","62399217","62399515","JH378242","734891","735189","35","61664326"
"chr1","62403805","62404109","JH378123","21695970","21696268","38","40707835"
"chr1","62433948","62434244","JH378105","13410546","13410840","42","49023402"
"chr1","62454893","62455189","JH378220","3229265","3229557","39","59225628"
"chr1","62466584","62466885","JH378108","24302523","24302815","51","38164061"
"chr1","62559936","62560235","JH378177","10638333","10638621","45","51921603"
"chr1","62568581","62568890","JH378204","3129799","3130101","42","59438782"
"chr1","62574140","62574436","JH378112","33033903","33034201","37","29540237"
"chr1","62611443","62611733","JH378167","11202084","11202374","37","51409359"
"chr1","62683435","62683731","JH378108","17650525","17650818","49","45032910"
"chr1","62685472","62685758","JH378148","3031128","3031420","40","59654344"
"chr1","62690647","62690954","JH378214","242924","243221","42","62447723"
"chr1","62703777","62704039","JH378183","7582469","7582732","48","55121308"
"chr1","62722237","62722536","JH378123","17721662","17721962","45","45000575"
"chr1","62732758","62733068","JH378108","24039539","24039852","38","38693219"
"chr1","62736848","62737148","JH378115","23399834","23400144","58","39337014"
"chr1","62737710","62738012","JH378273","688413","688708","49","62049297"
"chr1","62745639","62745937","JH378110","7881643","7881940","39","54863996"
"chr1","62781930","62782210","JH378203","8055546","8055833","47","54726384"
"chr1","62782225","62782527","JH378105","65699340","65699639","54","2917115"
"chr1","62786714","62786993","JH378165","6914194","6914462","58","55872520"
"chr1","62792754","62793012","JH378125","5710297","5710554","41","57082457"
"chr1","62794791","62795082","JH378148","2011019","2011312","41","60783772"
"chr1","62804635","62804934","JH378156","1923711","1924009","44","60880924"
"chr1","62812832","62813144","JH378206","1446672","1446986","42","61366160"
"chr1","62814823","62815130","JH378119","2681409","2681712","67","60133414"
"chr1","62817174","62817392","JH378113","41905483","41905699","42","20911691"
"chr1","62819835","62820143","JH378152","13332030","13332334","46","49487805"
"chr1","62829001","62829292","JH378316","363115","363407","41","62465886"
"chr1","62849425","62849729","JH378152","16188403","16188709","35","46661022"
"chr1","62862912","62863219","JH378137","1875711","1876013","46","60987201"
"chr1","62904121","62904406","JH378216","3323731","3324020","43","59580390"
"chr1","62906135","62906432","JH378117","6076538","6076831","40","56829597"
"chr1","62915245","62915542","JH378108","23863164","23863460","37","39052081"
"chr1","62930430","62930734","JH378108","23847849","23848149","39","39082581"
"chr1","62937084","62937374","JH378115","28716128","28716418","33","34220956"
"chr1","62942951","62943278","JH378121","27528745","27529076","58","35414206"
"chr1","62949581","62949881","JH378178","8042470","8042765","37","54907111"
"chr1","62957026","62957314","JH378105","64864326","64864605","63","1907300"
"chr1","62970653","62970947","JH378148","3092528","3092826","55","59878125"
"chr1","62977673","62977976","JH378119","29049356","29049658","39","33928317"
"chr1","62981044","62981333","JH378148","15577863","15578139","53","47403181"
"chr1","63005182","63005477","JH378123","9608291","9608584","43","53396891"
"chr1","63009984","63010264","JH378297","1153627","1153908","41","61856357"
"chr1","63018212","63018534","JH378105","55317452","55317750","74","7700760"
"chr1","63018537","63018836","JH378106","70960385","70960680","42","7941848"
"chr1","63031958","63032247","JH378114","12032627","12032914","38","50999331"
"chr1","63038340","63038637","JH378176","9100046","9100345","38","53938294"
"chr1","63053190","63053486","JH378185","1479643","1479936","43","61573547"
"chr1","63065797","63066106","JH378114","41499633","41499943","38","21566164"
"chr1","63067104","63067404","JH378195","2148198","2148495","42","60918906"
"chr1","63071444","63071749","JH378142","1173704","1174003","38","61897740"
"chr1","63086268","63086464","JH378253","2025934","2026126","41","61060334"
"chr1","63129642","63129931","JH378108","23639931","23640226","45","39489711"
"chr1","63135068","63135364","JH378216","2126143","2126440","48","61008925"
"chr1","63138536","63138823","JH378253","1812488","1812781","48","61326048"
"chr1","63151102","63151407","JH378131","2379402","2379697","37","60771700"
"chr1","63155768","63156023","JH378121","16053473","16053729","38","47102295"
"chr1","63173934","63174234","JH378173","3211541","3211835","40","59962393"
"chr1","63194482","63194784","JH378301","920694","921000","48","62273788"
"chr1","63196149","63196451","JH378177","10173752","10174049","42","53022397"
"chr1","63202220","63202492","JH378297","842854","843136","41","62359366"
"chr1","63205423","63205716","JH378117","6076538","6076831","35","57128885"
"chr1","63215655","63215961","JH378133","19850966","19851274","34","43364689"
"chr1","63222862","63223029","JH378129","7281850","7282020","19","55941012"
"chr1","63228723","63229003","JH378113","38251432","38251721","49","24977291"
"chr1","63252804","63253104","JH378242","734891","735189","40","62517913"
"chr1","63254044","63254353","JH378220","1403361","1403672","47","61850683"
"chr1","63267328","63267628","JH378172","9553918","9554219","39","53713410"
"chr1","63272769","63272859","JH378116","22865223","22865307","29","40407546"
"chr1","63273167","63273307","JH378256","3727610","3727746","31","59545557"
"chr1","63284589","63284877","JH378151","4710169","4710461","50","58574420"
"chr1","63288033","63288335","JH378115","18963511","18963808","44","44324522"
"chr1","63289283","63289589","JH378111","11464738","11465037","46","51824545"
"chr1","63292375","63292570","JH378181","4922315","4922510","27","58370060"
"chr1","63295541","63295629","JH378117","34529070","34529159","13","28766471"
"chr1","63299911","63300215","JH378148","13262362","13262662","41","50037549"
"chr1","63301777","63301921","JH378110","32570542","32570685","20","30731235"
"chr1","63302939","63303203","JH378125","1947845","1948105","41","61355094"
"chr1","63304816","63305066","JH378113","882539","882772","46","62422277"
"chr1","63308000","63308300","JH378140","15256022","15256323","50","48051978"
"chr1","63312700","63312992","JH378148","3031128","3031420","38","60281572"
"chr1","63318827","63319127","JH378242","734891","735189","36","62583936"
"chr1","63329652","63329951","JH378107","45959180","45959476","46","17370472"
"chr1","63362779","63363064","JH378191","1430937","1431220","44","61931842"
"chr1","63378296","63378602","JH378108","23424710","23425014","35","39953586"
"chr1","63417602","63417898","JH378135","17707279","17707571","36","45710323"
"chr1","63424852","63425162","JH378144","12904604","12904907","43","50520248"
"chr1","63426056","63426353","JH378203","4058222","4058515","39","59367834"
"chr1","63433845","63433955","JH378105","55001560","55001669","15","8432285"
"chr1","63439645","63439946","JH378290","1449167","1449465","43","61990478"
"chr1","63443242","63443548","JH378142","11680625","11680923","37","51762617"
"chr1","63517619","63517919","JH378114","10865098","10865397","48","52652521"
"chr1","63607943","63608236","JH378148","3031128","3031420","46","60576815"
"chr1","63608746","63609048","JH378151","4578678","4578981","39","59030068"
"chr1","63643128","63643424","JH378137","8058904","8059195","44","55584224"
"chr1","63703949","63704246","JH378141","10158367","10158665","37","53545582"
"chr1","63705746","63706042","JH378191","967537","967830","37","62738209"
"chr1","63728366","63728680","JH378142","3019206","3019515","54","60709160"
"chr1","63756606","63756883","JH378152","12845481","12845764","54","50911125"
"chr1","63781297","63781589","JH378337","236552","236846","35","63544745"
"chr1","63805807","63806110","JH378203","7036188","7036492","44","56769619"
"chr1","63837842","63838104","JH378309","55869","56133","41","63781973"
"chr1","63841093","63841411","JH378197","3241273","3241575","54","60599820"
"chr1","63842261","63842542","JH378109","9181080","9181368","42","54661181"
"chr1","63853317","63853612","JH378107","8700595","8700886","38","55152722"
"chr1","63855286","63855593","JH378124","22709447","22709750","42","41145839"
"chr1","63944326","63944606","JH378135","16248526","16248805","43","47695800"
"chr1","64017657","64017967","JH378188","7232167","7232465","44","56785490"
"chr1","64027782","64028093","JH378281","1512369","1512678","37","62515413"
"chr1","64043645","64043962","JH378135","5847077","5847384","63","58196568"
"chr1","64055991","64056266","JH378148","6553078","6553358","47","57502913"
"chr1","64078572","64078852","JH378152","3881684","3881955","58","60196888"
"chr1","64096768","64097043","JH378152","12498412","12498689","36","51598356"
"chr1","64135573","64135877","JH378118","10693452","10693756","42","53442121"
"chr1","64181725","64182016","JH378170","8556433","8556725","44","55625292"
"chr1","64237072","64237379","JH378114","20897206","20897509","43","43339866"
"chr1","64240868","64241133","JH378112","23035222","23035478","52","41205646"
"chr1","64244906","64245214","JH378191","9178922","9179230","40","55065984"
"chr1","64256561","64256854","JH378122","8447096","8447391","37","55809465"
"chr1","64299632","64299934","JH378171","12144029","12144342","43","52155603"
"chr1","64313051","64313358","JH378119","13478581","13478885","40","50834470"
"chr1","64314629","64314922","JH378156","1920","2211","45","64312709"
"chr1","64319498","64319807","JH378148","16955481","16955786","44","47364017"
"chr1","64320530","64320825","JH378168","3584634","3584929","40","60735896"
"chr1","64325752","64326047","JH378143","8639762","8640057","40","55685990"
"chr1","64338212","64338496","JH378172","12037594","12037870","52","52300618"
"chr1","64351894","64352180","JH378111","25496611","25496896","46","38855283"
"chr1","64355731","64356039","JH378111","11464738","11465037","43","52890993"
"chr1","64359079","64359370","JH378114","7097919","7098212","49","57261160"
"chr1","64404894","64405202","JH378224","2515142","2515446","45","61889752"
"chr1","64406132","64406451","JH378248","3387134","3387441","46","61018998"
"chr1","64409836","64410134","JH378123","21695970","21696268","44","42713866"
"chr1","64423469","64423764","JH378144","872582","872874","53","63550887"
"chr1","64423891","64424197","JH378119","2332471","2332779","44","62091420"
"chr1","64439135","64439371","JH378224","4116746","4116982","40","60322389"
"chr1","64441028","64441309","JH378108","22321556","22321841","38","42119472"
"chr1","64453556","64453762","JH378149","15616467","15616672","32","48837089"
"chr1","64468025","64468208","JH378114","10654899","10655083","21","53813126"
"chr1","64489146","64489444","JH378114","10865098","10865397","43","53624048"
"chr1","64493331","64493606","JH378141","19313862","19314135","35","45179469"
"chr1","64511326","64511636","JH378166","9428708","9429013","44","55082618"
"chr1","64512234","64512530","JH378148","12335761","12336055","40","52176473"
"chr1","64559806","64560108","JH378108","23566444","23566748","50","40993362"
"chr1","64601762","64602077","JH378197","8136535","8136854","50","56465227"
"chr1","64609363","64609674","JH378139","15546874","15547182","45","49062489"
"chr1","64682777","64683064","JH378108","22082441","22082690","72","42600336"
"chr1","64742452","64742693","JH378105","14461344","14461582","29","50281108"
"chr1","64747635","64747922","JH378108","22016538","22016829","39","42731097"
"chr1","64748536","64748852","JH378157","659382","659697","49","64089154"
"chr1","64757924","64758028","JH378153","12438139","12438241","10","52319785"
"chr1","64765082","64765386","JH378242","734891","735189","43","64030191"
"chr1","64835963","64836257","JH378197","5864211","5864512","46","58971752"
"chr1","64926740","64927038","JH378117","23693197","23693497","36","41233543"
"chr1","65118541","65118853","JH378108","21645991","21646280","52","43472550"
"chr1","65291378","65291689","JH378112","30721676","30721989","34","34569702"
"chr1","65310845","65311139","JH378108","21530707","21531004","38","43780138"
"chr1","65448059","65448353","JH378139","9987715","9988010","36","55460344"
"chr1","65484939","65485233","JH378105","69163567","69163856","44","3678628"
"chr1","65489800","65490090","JH378242","2795079","2795370","51","62694721"
"chr1","65563072","65563389","JH378133","8458715","8459025","65","57104357"
"chr1","65603726","65604034","JH378155","1653878","1654188","42","63949848"
"chr1","65661902","65662186","JH378108","21167767","21168051","41","44494135"
"chr1","65729561","65729813","JH378130","8251901","8252167","47","57477660"
"chr1","65766668","65766969","JH378135","1618015","1618319","37","64148653"
"chr1","65821327","65821618","JH378167","6098594","6098882","40","59722733"
"chr1","65834639","65834943","JH378113","15232832","15233136","44","50601807"
"chr1","65842443","65842746","JH378173","6575149","6575450","39","59267294"
"chr1","65867935","65868237","JH378140","15256022","15256323","42","50611913"
"chr1","65916150","65916446","JH378127","15510679","15510974","41","50405471"
"chr1","65925833","65926126","JH378214","5755548","5755843","37","60170285"
"chr1","65938925","65939229","JH378135","16449037","16449347","46","49489888"
"chr1","65940619","65940904","JH378226","5211015","5211300","40","60729604"
"chr1","66019424","66019709","JH378115","14114008","14114285","58","51905416"
"chr1","66035844","66036140","JH378242","734891","735189","40","65300953"
"chr1","66049377","66049687","JH378124","10805017","10805321","49","55244360"
"chr1","66053393","66053690","JH378153","1207598","1207894","30","64845795"
"chr1","66055387","66055693","JH378118","10693452","10693756","45","55361935"
"chr1","66079116","66079415","JH378107","51667756","51668056","43","14411360"
"chr1","66092447","66092752","JH378114","36871907","36872207","47","29220540"
"chr1","66101436","66101745","JH378110","32866257","32866559","41","33235179"
"chr1","66109742","66110032","JH378119","28803177","28803468","39","37306565"
"chr1","66127912","66128212","JH378108","20674398","20674697","49","45453514"
"chr1","66151218","66151527","JH378114","41499633","41499943","39","24651585"
"chr1","66183285","66183417","JH378222","6375468","6375600","15","59807817"
"chr1","66220949","66221076","JH378108","20564768","20564897","18","45656181"
"chr1","66225130","66225471","JH378108","20560053","20560364","66","45665077"
"chr1","66232225","66232531","JH378148","13262362","13262662","46","52969863"
"chr1","66233201","66233487","JH378132","17148236","17148523","39","49084965"
"chr1","66271744","66272048","JH378111","9912952","9913260","50","56358792"
"chr1","66281271","66281552","JH378108","20497499","20497784","37","45783772"
"chr1","66290932","66291250","JH378113","26474699","26474997","57","39816233"
"chr1","66302185","66302485","JH378262","1936694","1936996","42","64365491"
"chr1","66307139","66307376","JH378128","11746885","11747130","42","54560254"
"chr1","66308143","66308438","JH378153","6970657","6970956","46","59337486"
"chr1","66316680","66316968","JH378170","1616807","1617104","44","64699873"
"chr1","66323042","66323342","JH378139","1944019","1944317","41","64379023"
"chr1","66331158","66331437","JH378117","36041941","36042223","35","30289217"
"chr1","66338960","66339254","JH378235","5966662","5966955","42","60372298"
"chr1","66349174","66349470","JH378151","4182049","4182342","35","62167125"
"chr1","66355507","66355811","JH378135","1618015","1618319","40","64737492"
"chr1","66372366","66372660","JH378106","65370916","65371216","48","1001450"
"chr1","66375912","66376213","JH378152","13742000","13742297","40","52633912"
"chr1","66380857","66381162","JH378197","8295826","8296131","38","58085031"
"chr1","66383613","66383902","JH378149","936787","937080","37","65446826"
"chr1","66387664","66387794","JH378105","57428491","57428620","27","8959173"
"chr1","66391626","66391925","JH378128","24011445","24011747","40","42380181"
"chr1","66404362","66404658","JH378106","826462","826760","41","65577900"
"chr1","66405949","66406261","JH378167","3626557","3626863","48","62779392"
"chr1","66416206","66416492","JH378148","3100313","3100608","49","63315893"
"chr1","66426218","66426516","JH378111","8498303","8498600","41","57927915"
"chr1","66490108","66490407","JH378187","3161300","3161602","60","63328808"
"chr1","66516567","66516862","JH378127","15510679","15510974","40","51005888"
"chr1","66527074","66527363","JH378108","20237497","20237783","45","46289577"
"chr1","66656302","66656484","JH378114","10654899","10655083","26","56001403"
"chr1","66657782","66658090","JH378115","30401019","30401318","50","36256763"
"chr1","66691897","66692195","JH378151","6229404","6229701","41","60462493"
"chr1","66732668","66732929","JH378110","29627540","29627799","51","37105128"
"chr1","66768397","66768708","JH378114","36876536","36876843","53","29891861"
"chr1","66816407","66816712","JH378108","19982582","19982878","38","46833825"
"chr1","66929709","66930018","JH378135","2654071","2654378","42","64275638"
"chr1","66940714","66941009","JH378247","2599253","2599547","38","64341461"
"chr1","66959823","66960108","JH378115","3373630","3373913","42","63586193"
"chr1","67085833","67086122","JH378154","16220242","16220534","40","50865591"
"chr1","67133566","67133864","JH378268","447930","448230","45","66685636"
"chr1","67247278","67247576","JH378242","734891","735189","40","66512387"
"chr1","67411586","67411808","JH378274","519147","519372","40","66892439"
"chr1","67427597","67427885","JH378118","872137","872429","59","66555460"
"chr1","67474231","67474549","JH378115","34846816","34847136","57","32627415"
"chr1","67611413","67611716","JH378122","2902593","2902899","50","64708820"
"chr1","67665376","67665508","JH378152","10907464","10907596","15","56757912"
"chr1","67679267","67679560","JH378105","50034667","50034949","50","17644600"
"chr1","67748318","67748625","JH378113","5527589","5527890","52","62220729"
"chr1","67758236","67758544","JH378137","15088563","15088867","42","52669673"
"chr1","67818443","67818759","JH378224","2776615","2776924","57","65041828"
"chr1","67927114","67927394","JH378118","12534528","12534812","44","55392586"
"chr1","67960279","67960568","JH378173","2227025","2227318","41","65733254"
"chr1","67964458","67964770","JH378167","5297205","5297514","49","62667253"
"chr1","67978128","67978418","JH378115","3628861","3629152","42","64349267"
"chr1","67998971","67999270","JH378106","60838862","60839158","42","7160109"
"chr1","67999857","68000000","JH378109","13136270","13136420","26","54863587"
"chr1","68024055","68024315","JH378153","14035326","14035571","58","53988729"
"chr1","68024338","68024671","JH378184","6043250","6043562","66","61981088"
"chr1","68046989","68047281","JH378111","34264825","34265132","58","33782164"
"chr1","68072075","68072380","JH378205","5760275","5760577","46","62311800"
"chr1","68076462","68076762","JH378172","9553918","9554219","44","58522544"
"chr1","68084830","68085128","JH378108","18759616","18759917","37","49325214"
"chr1","68088304","68088619","JH378198","2805494","2805811","45","65282810"
"chr1","68089407","68089720","JH378173","4731101","4731408","39","63358306"
"chr1","68128698","68129005","JH378108","18720147","18720453","37","49408551"
"chr1","68149700","68149995","JH378113","15232832","15233136","46","52916868"
"chr1","68157752","68158052","JH378162","9942259","9942553","49","58215493"
"chr1","68158209","68158507","JH378187","3545924","3546220","33","64612285"
"chr1","68216474","68216764","JH378135","15465651","15465938","35","52750823"
"chr1","68219058","68219352","JH378116","19694866","19695160","60","48524192"
"chr1","68226438","68226746","JH378118","20140583","20140886","50","48085855"
"chr1","68233679","68233981","JH378135","2083499","2083789","50","66150180"
"chr1","68255027","68255310","JH378197","3910749","3911032","32","64344278"
"chr1","68255770","68256067","JH378188","7232167","7232465","39","61023603"
"chr1","68258471","68258785","JH378298","1142615","1142925","56","67115856"
"chr1","68259586","68259878","JH378135","2083499","2083789","43","66176087"
"chr1","68291230","68291362","JH378186","47418","47549","15","68243812"
"chr1","68291953","68292250","JH378173","2227025","2227318","54","66064928"
"chr1","68314879","68315173","JH378113","2184682","2184974","40","66130197"
"chr1","68333094","68333387","JH378117","26028048","26028339","44","42305046"
"chr1","68346086","68346375","JH378213","4435380","4435669","40","63910706"
"chr1","68352548","68352838","JH378156","3853230","3853526","45","64499318"
"chr1","68362220","68362523","JH378113","15232832","15233136","41","53129388"
"chr1","68384544","68384843","JH378122","9421425","9421726","45","58963119"
"chr1","68390487","68390741","JH378275","1692408","1692657","43","66698079"
"chr1","68409040","68409357","JH378153","3758639","3758950","47","64650401"
"chr1","68411838","68412098","JH378129","14468264","14468523","48","53943574"
"chr1","68419835","68420110","JH378105","50034667","50034949","46","18385168"
"chr1","68435559","68435843","JH378108","18404645","18404922","36","50030914"
"chr1","68451329","68451459","JH378123","27473814","27473948","21","40977515"
"chr1","68452237","68452533","JH378108","18216305","18216601","42","50235932"
"chr1","68454259","68454556","JH378106","6321473","6321763","41","62132786"
"chr1","68455634","68455950","JH378173","4268303","4268612","40","64187331"
"chr1","68462507","68462669","JH378167","508244","508403","36","67954263"
"chr1","68462965","68463109","JH378125","15377380","15377523","28","53085585"
"chr1","68465224","68465535","JH378301","920694","921000","33","67544530"
"chr1","68465851","68466159","JH378288","629003","629310","46","67836848"
"chr1","68473559","68473813","JH378108","18238371","18238617","36","50235188"
"chr1","68479796","68480092","JH378148","2797982","2798286","49","65681814"
"chr1","68491230","68491535","JH378118","10693452","10693756","42","57797778"
"chr1","68491921","68492210","JH378145","10818566","10818852","40","57673355"
"chr1","68507085","68507306","JH378220","6235210","6235421","42","62271875"
"chr1","68518219","68518498","JH378257","303275","303558","50","68214944"
"chr1","68535359","68535652","JH378173","12616169","12616458","47","55919190"
"chr1","68537131","68537245","JH378110","8291571","8291687","14","60245560"
"chr1","68544543","68544852","JH378122","9329495","9329803","38","59215048"
"chr1","68546915","68547202","JH378193","7695673","7695957","49","60851242"
"chr1","68560432","68560740","JH378135","1618015","1618319","41","66942417"
"chr1","68575566","68575862","JH378186","4814679","4814977","41","63760887"
"chr1","68578951","68579243","JH378130","12502533","12502827","39","56076418"
"chr1","68579633","68579927","JH378119","11191097","11191395","48","57388536"
"chr1","68583926","68584227","JH378153","14583585","14583884","41","54000341"
"chr1","68592645","68592942","JH378196","5639686","5639983","44","62952959"
"chr1","68599435","68599734","JH378106","69063427","69063728","35","463992"
"chr1","68613340","68613637","JH378122","5272066","5272363","49","63341274"
"chr1","68614256","68614318","JH378225","5718635","5718698","10","62895621"
"chr1","68689752","68690032","JH378161","2314911","2315185","50","66374841"
"chr1","68693957","68694257","JH378152","13766469","13766760","38","54927488"
"chr1","68695871","68696148","JH378216","4067913","4068190","41","64627958"
"chr1","68705830","68706128","JH378116","25790477","25790774","42","42915353"
"chr1","68706988","68707278","JH378269","1668607","1668898","46","67038381"
"chr1","68715869","68716175","JH378113","15232832","15233136","37","53483037"
"chr1","68717373","68717626","JH378116","493072","493318","58","68224301"
"chr1","68738424","68738716","JH378139","369956","370243","40","68368468"
"chr1","68792929","68793235","JH378105","48749959","48750266","47","20042970"
"chr1","68809744","68810053","JH378145","23363","23674","42","68786381"
"chr1","68813102","68813394","JH378148","12304982","12305271","40","56508120"
"chr1","68816314","68816624","JH378173","4731101","4731408","42","64085213"
"chr1","68817006","68817304","JH378265","600286","600580","46","68216720"
"chr1","68818702","68819005","JH378301","920694","921000","52","67898008"
"chr1","68846592","68846891","JH378242","734891","735189","42","68111701"
"chr1","68860510","68860813","JH378157","12870367","12870663","40","55990143"
"chr1","68870983","68871307","JH378167","6083744","6084058","60","62787239"
"chr1","68912657","68912957","JH378151","14423847","14424153","37","54488810"
"chr1","68942484","68942784","JH378173","6575149","6575450","40","62367335"
"chr1","68981924","68982206","JH378194","8522910","8523184","45","60459014"
"chr1","69109358","69109651","JH378115","28716128","28716418","35","40393230"
"chr1","69116029","69116327","JH378114","31003149","31003455","49","38112880"
"chr1","69137074","69137377","JH378108","17772889","17773185","33","51364185"
"chr1","69213756","69214057","JH378113","2986334","2986635","40","66227422"
"chr1","69287989","69288288","JH378108","17650525","17650818","32","51637464"
"chr1","69442128","69442279","JH378125","6922374","6922528","22","62519754"
"chr1","69442531","69442600","JH378115","20338637","20338703","18","49103894"
"chr1","69469262","69469577","JH378110","37269715","37270016","54","32199547"
"chr1","69498618","69498916","JH378139","18076977","18077276","55","51421641"
"chr1","69511125","69511374","JH378105","41466580","41466823","38","28044545"
"chr1","69551816","69552106","JH378123","5667081","5667374","43","63884735"
"chr1","69562512","69562817","JH378220","6273810","6274113","49","63288702"
"chr1","69576155","69576455","JH378105","47354649","47354946","37","22221506"
"chr1","69614717","69615037","JH378139","3255687","3256005","55","66359030"
"chr1","69640495","69640782","JH378110","28847584","28847863","40","40792911"
"chr1","69700718","69701025","JH378242","3670085","3670386","45","66030633"
"chr1","69721770","69722076","JH378108","17243714","17244016","51","52478056"
"chr1","69762011","69762296","JH378119","360557","360852","42","69401454"
"chr1","69828058","69828107","JH378127","11639933","11639971","20","58188125"
"chr1","69987016","69987245","JH378113","37935219","37935456","62","32051797"
"chr1","70035259","70035563","JH378121","22242887","22243195","49","47792372"
"chr1","70066279","70066578","JH378136","12869197","12869493","59","57197082"
"chr1","70068142","70068443","JH378110","21383801","21384099","44","48684341"
"chr1","70396801","70397097","JH378107","17563700","17563995","46","52833101"
"chr1","70415374","70415660","JH378115","16549844","16550133","44","53865530"
"chr1","70445127","70445403","JH378110","5153735","5154007","45","65291392"
"chr1","70855773","70856059","JH378108","16174491","16174777","37","54681282"
"chr1","71002973","71003277","JH378110","10780596","10780898","46","60222377"
"chr1","71067682","71067986","JH378105","18443007","18443317","47","52624675"
"chr1","71110195","71110490","JH378173","2227025","2227318","38","68883170"
"chr1","71235584","71235864","JH378184","8135519","8135814","47","63100065"
"chr1","71294505","71294800","JH378111","43268192","43268483","41","28026313"
"chr1","71303906","71304194","JH378108","15720582","15720869","40","55583324"
"chr1","71350186","71350480","JH378121","16387639","16387936","43","54962547"
"chr1","71354445","71354716","JH378185","9869807","9870074","42","61484638"
"chr1","71365594","71365918","JH378108","15657241","15657557","51","55708353"
"chr1","71388533","71388830","JH378172","10564003","10564298","39","60824530"
"chr1","71404841","71405139","JH378223","5905936","5906230","43","65498905"
"chr1","71427882","71428193","JH378249","1601829","1602137","47","69826053"
"chr1","71435863","71436162","JH378108","15576560","15576859","43","55859303"
"chr1","71454183","71454490","JH378127","22815027","22815328","48","48639156"
"chr1","71475592","71475902","JH378156","1108342","1108647","48","70367250"
"chr1","71485366","71485679","JH378135","16449037","16449347","60","55036329"
"chr1","71495668","71495963","JH378123","21695970","21696268","43","49799698"
"chr1","71498188","71498520","JH378120","26633579","26633882","66","44864609"
"chr1","71499472","71499762","JH378105","47770147","47770437","44","23729325"
"chr1","71505004","71505298","JH378123","21695970","21696268","42","49809034"
"chr1","71505436","71505675","JH378144","7090384","7090634","41","64415052"
"chr1","71534123","71534267","JH378167","5324079","5324221","21","66210044"
"chr1","71539949","71540208","JH378275","2534431","2534689","66","69005518"
"chr1","71560323","71560615","JH378124","5835056","5835352","36","65725267"
"chr1","71568782","71569083","JH378108","15432714","15433006","44","56136068"
"chr1","71577872","71578174","JH378111","44419713","44420022","52","27158159"
"chr1","71582909","71583185","JH378110","34162160","34162442","46","37420749"
"chr1","71595315","71595616","JH378118","10693452","10693756","43","60901863"
"chr1","71609822","71610120","JH378140","16383226","16383525","44","55226596"
"chr1","71622746","71623038","JH378242","734891","735189","37","70887855"
"chr1","71626006","71626308","JH378123","5667081","5667374","59","65958925"
"chr1","71627246","71627522","JH378173","4795221","4795500","39","66832025"
"chr1","71635205","71635416","JH378111","19001225","19001437","47","52633980"
"chr1","71635703","71636008","JH378118","10693452","10693756","42","60942251"
"chr1","71636668","71636973","JH378139","10433692","10433994","54","61202976"
"chr1","71645478","71645782","JH378151","4578678","4578981","36","67066800"
"chr1","71646395","71646677","JH378133","19355724","19356005","36","52290671"
"chr1","71653778","71654116","JH378156","1108342","1108647","74","70545436"
"chr1","71689081","71689383","JH378135","21300881","21301186","42","50388200"
"chr1","71708478","71708778","JH378110","35790499","35790794","47","35917979"
"chr1","71729570","71729881","JH378206","1268945","1269256","42","70460625"
"chr1","71731623","71731923","JH378135","21300881","21301186","41","50430742"
"chr1","71785207","71785518","JH378193","3688745","3689057","43","68096462"
"chr1","71813826","71814127","JH378290","1449167","1449465","37","70364659"
"chr1","71847397","71847663","JH378111","6614313","6614591","47","65233084"
"chr1","72090441","72090769","JH378151","6339487","6339802","59","65750954"
"chr1","72099208","72099496","JH378121","20933847","20934138","34","51165361"
"chr1","72163367","72163651","JH378167","7155169","7155451","48","65008198"
"chr1","72203517","72203815","JH378114","23078690","23078986","44","49124827"
"chr1","72236137","72236419","JH378142","18497200","18497482","36","53738937"
"chr1","72250418","72250697","JH378139","17086414","17086694","47","55164004"
"chr1","72283776","72284094","JH378108","23424710","23425014","63","48859066"
"chr1","72295563","72295853","JH378218","6008880","6009162","56","66286683"
"chr1","72326292","72326591","JH378114","31003149","31003455","58","41323143"
"chr1","72414122","72414394","JH378151","5490377","5490645","38","66923745"
"chr1","72483763","72484044","JH378106","9962324","9962614","43","62521439"
"chr1","72495022","72495329","JH378112","33033903","33034201","47","39461119"
"chr1","72500235","72500521","JH378108","14618445","14618731","32","57881790"
"chr1","72606836","72607131","JH378242","734891","735189","37","71871945"
"chr1","72646410","72646715","JH378268","447930","448230","56","72198480"
"chr1","72649385","72649678","JH378198","1639176","1639469","41","71010209"
"chr1","72655345","72655639","JH378131","1430233","1430529","40","71225112"
"chr1","72657546","72657858","JH378131","2261287","2261590","46","70396259"
"chr1","72702273","72702581","JH378105","2123649","2123959","44","70578624"
"chr1","72932412","72932720","JH378107","45850918","45851228","73","27081494"
"chr1","72956373","72956666","JH378200","4317868","4318159","43","68638505"
"chr1","72968145","72968446","JH378135","1618015","1618319","44","71350130"
"chr1","72983884","72984191","JH378262","2057384","2057694","42","70926500"
"chr1","72984256","72984541","JH378254","3520920","3521201","46","69463336"
"chr1","73075764","73076065","JH378153","4332695","4332974","56","68743069"
"chr1","73098655","73098913","JH378108","13982684","13982938","23","59115971"
"chr1","73172158","73172448","JH378223","458650","458936","54","72713508"
"chr1","73205284","73205553","JH378106","9912009","9912285","59","63293275"
"chr1","73269765","73270088","JH378148","16619329","16619642","68","56650436"
"chr1","73362510","73362834","JH378171","6146061","6146380","57","67216449"
"chr1","73383047","73383339","JH378141","19167149","19167435","50","54215898"
"chr1","73648868","73649148","JH378172","1760894","1761177","41","71887974"
"chr1","73673611","73673896","JH378106","71227716","71228002","40","2445895"
"chr1","73679380","73679613","JH378158","4853985","4854214","36","68825395"
"chr1","73726674","73726967","JH378148","3100313","3100608","41","70626361"
"chr1","73735045","73735346","JH378149","14276770","14277061","54","59458275"
"chr1","73829457","73829758","JH378124","10171952","10172251","50","63657505"
"chr1","74072778","74073090","JH378124","13618146","13618450","45","60454632"
"chr1","74104242","74104494","JH378199","751029","751287","53","73353213"
"chr1","74181884","74182185","JH378179","839502","839800","46","73342382"
"chr1","74208465","74208689","JH378140","14307321","14307563","50","59901144"
"chr1","74365191","74365499","JH378148","13262362","13262662","42","61102829"
"chr1","74412998","74413264","JH378124","15600825","15601100","56","58812173"
"chr1","74610669","74610964","JH378131","23697009","23697304","46","50913660"
"chr1","74630732","74631036","JH378108","12546978","12547283","43","62083754"
"chr1","74685631","74685920","JH378106","1447614","1447903","49","73238017"
"chr1","74876200","74876506","JH378108","12321124","12321432","35","62555076"
"chr1","74953285","74953576","JH378105","69163567","69163856","44","5789718"
"chr1","74978529","74978825","JH378107","30465183","30465481","44","44513346"
"chr1","74990729","74991029","JH378114","20958944","20959246","37","54031785"
"chr1","75111692","75112007","JH378153","2477877","2478188","45","72633815"
"chr1","75322604","75322877","JH378197","5558331","5558611","41","69764273"
"chr1","75464570","75464869","JH378121","23760097","23760404","53","51704473"
"chr1","75617115","75617419","JH378213","5758371","5758671","40","69858744"
"chr1","75620250","75620541","JH378141","10158367","10158665","46","65461883"
"chr1","75751002","75751300","JH378242","734891","735189","48","75016111"
"chr1","76022688","76023002","JH378105","12770941","12771250","40","63251747"
"chr1","76140886","76141189","JH378135","10051376","10051674","52","66089510"
"chr1","76203389","76203685","JH378145","15965219","15965511","63","60238170"
"chr1","76230123","76230419","JH378108","11051207","11051501","44","65178916"
"chr1","76257561","76257853","JH378191","967537","967830","42","75290024"
"chr1","76426996","76427303","JH378279","2532931","2533234","49","73894065"
"chr1","76493260","76493554","JH378142","3051183","3051477","55","73442077"
"chr1","76517348","76517634","JH378111","20566416","20566706","45","55950932"
"chr1","76531472","76531761","JH378213","7165146","7165437","42","69366326"
"chr1","76567198","76567497","JH378145","10800823","10801120","44","65766375"
"chr1","76613156","76613427","JH378271","2150445","2150714","45","74462711"
"chr1","76646447","76646742","JH378112","20815144","20815441","42","55831303"
"chr1","76708089","76708383","JH378122","22447926","22448218","36","54260163"
"chr1","76845321","76845617","JH378122","5272066","5272363","57","71573255"
"chr1","76878346","76878463","JH378111","20157961","20158082","14","56720385"
"chr1","76913535","76913788","JH378158","3722254","3722508","53","73191281"
"chr1","76916916","76917214","JH378112","16541777","16542068","49","60375139"
"chr1","76917309","76917607","JH378204","3129799","3130101","50","73787510"
"chr1","76922312","76922614","JH378112","19976534","19976836","53","56945778"
"chr1","76938802","76939106","JH378151","3413908","3414208","54","73524894"
"chr1","76959669","76959963","JH378135","1661661","1661952","42","75298008"
"chr1","76975266","76975549","JH378111","11813439","11813719","64","65161827"
"chr1","76999358","76999667","JH378216","4809975","4810272","46","72189383"
"chr1","77000579","77000893","JH378204","3945411","3945718","46","73055168"
"chr1","77038538","77038824","JH378125","6538044","6538329","37","70500494"
"chr1","77064481","77064781","JH378262","1936694","1936996","49","75127787"
"chr1","77094827","77095107","JH378280","206067","206344","37","76888760"
"chr1","77150066","77150353","JH378141","14454762","14455052","42","62695304"
"chr1","77207018","77207280","JH378109","26799752","26800012","43","50407266"
"chr1","77210955","77211239","JH378135","15619309","15619595","41","61591646"
"chr1","77229339","77229616","JH378114","36224521","36224801","38","41004818"
"chr1","77414586","77414869","JH378105","1741814","1742090","47","75672772"
"chr1","77423663","77423962","JH378118","12197167","12197472","46","65226496"
"chr1","77485426","77485686","JH378114","19666205","19666462","38","57819221"
"chr1","77584133","77584441","JH378108","9915655","9915962","42","67668478"
"chr1","77757706","77758002","JH378108","9726252","9726547","46","68031454"
"chr1","77938942","77939246","JH378213","5758371","5758671","45","72180571"
"chr1","78205541","78205831","JH378105","14432202","14432497","41","63773339"
"chr1","78276834","78277152","JH378220","3122091","3122403","54","75154743"
"chr1","78296020","78296315","JH378225","4302379","4302669","56","73993641"
"chr1","78427445","78427739","JH378148","3092528","3092826","38","75334917"
"chr1","78440358","78440670","JH378141","19020351","19020656","47","59420007"
"chr1","78460758","78461080","JH378267","1005604","1005931","41","77455154"
"chr1","78515639","78515913","JH378144","4258691","4258965","39","74256948"
"chr1","78589244","78589536","JH378108","8941879","8942168","39","69647365"
"chr1","78615011","78615315","JH378118","10693452","10693756","41","67921559"
"chr1","78649157","78649449","JH378105","69163567","69163856","55","9485590"
"chr1","78695750","78696055","JH378148","3485416","3485723","40","75210334"
"chr1","78708494","78708798","JH378140","6180514","6180816","42","72527980"
"chr1","78729075","78729383","JH378141","9524229","9524528","40","69204846"
"chr1","78764061","78764354","JH378255","3447746","3448043","41","75316315"
"chr1","78775893","78776194","JH378108","8724471","8724769","34","70051422"
"chr1","78786143","78786438","JH378242","734891","735189","40","78051252"
"chr1","78787501","78787794","JH378122","8069574","8069874","44","70717927"
"chr1","78789457","78789753","JH378110","6965048","6965350","43","71824409"
"chr1","78809164","78809494","JH378149","9630100","9630424","73","69179064"
"chr1","78817115","78817336","JH378157","1726188","1726408","27","77090927"
"chr1","78820345","78820652","JH378188","9401785","9402089","45","69418560"
"chr1","78836785","78837055","JH378126","1079320","1079599","41","77757465"
"chr1","78850421","78850702","JH378151","7886262","7886543","45","70964159"
"chr1","78858911","78859194","JH378111","5887497","5887781","42","72971414"
"chr1","78872933","78873235","JH378117","139232","139532","41","78733701"
"chr1","78884564","78884851","JH378108","8618392","8618682","39","70266172"
"chr1","78886742","78887047","JH378153","14175225","14175527","46","64711517"
"chr1","78896213","78896486","JH378124","10016046","10016322","44","68880167"
"chr1","78921566","78921868","JH378157","1154304","1154607","48","77767262"
"chr1","78929586","78929897","JH378116","36267689","36268001","40","42661897"
"chr1","78939549","78939853","JH378106","2172328","2172633","36","76767221"
"chr1","78952559","78952855","JH378290","1449167","1449465","53","77503392"
"chr1","78969745","78970033","JH378107","6863146","6863424","50","72106599"
"chr1","78978133","78978433","JH378116","14428154","14428454","39","64549979"
"chr1","78985059","78985371","JH378141","14454762","14455052","47","64530297"
"chr1","78994489","78994763","JH378123","15594971","15595249","48","63399518"
"chr1","78996116","78996403","JH378114","41016841","41017126","38","37979275"
"chr1","79002586","79002871","JH378213","4603416","4603708","43","74399170"
"chr1","79029055","79029353","JH378173","10880896","10881187","44","68148159"
"chr1","79060628","79060921","JH378108","8434701","8434992","43","70625927"
"chr1","79069486","79069750","JH378197","8365584","8365854","46","70703902"
"chr1","79073592","79073848","JH378189","9086731","9086991","50","69986861"
"chr1","79074061","79074345","JH378120","17069259","17069560","48","62004802"
"chr1","79076079","79076213","JH378213","4209495","4209630","11","74866584"
"chr1","79080126","79080417","JH378164","13884652","13884936","51","65195474"
"chr1","79083330","79083632","JH378166","2361289","2361587","48","76722041"
"chr1","79092620","79092829","JH378111","19001225","19001437","36","60091395"
"chr1","79095958","79096260","JH378153","14175225","14175527","41","64920733"
"chr1","79109895","79110154","JH378115","23426751","23427010","42","55683144"
"chr1","79117962","79118276","JH378247","2977688","2977994","48","76140274"
"chr1","79126351","79126677","JH378136","14817827","14818135","60","64308524"
"chr1","79137035","79137345","JH378208","1608154","1608459","47","77528881"
"chr1","79153175","79153494","JH378116","33152892","33153203","49","46000283"
"chr1","79153999","79154300","JH378242","734891","735189","38","78419108"
"chr1","79163982","79164265","JH378157","1093317","1093600","39","78070665"
"chr1","79169530","79169824","JH378154","14273514","14273808","44","64896016"
"chr1","79179311","79179609","JH378242","734891","735189","37","78444420"
"chr1","79184820","79185122","JH378105","54605243","54605541","40","24579577"
"chr1","79185180","79185475","JH378133","10040192","10040484","41","69144988"
"chr1","79186274","79186567","JH378106","765844","766137","44","78420430"
"chr1","79195031","79195307","JH378122","8503071","8503350","43","70691960"
"chr1","79202885","79203189","JH378156","10837845","10838152","45","68365040"
"chr1","79214122","79214417","JH378123","9608291","9608584","49","69605831"
"chr1","79214536","79214866","JH378118","1566599","1566923","55","77647937"
"chr1","79223151","79223446","JH378169","1779519","1779816","39","77443632"
"chr1","79271990","79272243","JH378108","8238914","8239181","40","71033076"
"chr1","79277450","79277741","JH378108","8233995","8234289","45","71043455"
"chr1","79312374","79312673","JH378115","34769363","34769654","38","44543011"
"chr1","79320752","79321043","JH378118","11558432","11558720","45","67762320"
"chr1","79364617","79364914","JH378197","8546632","8546928","41","70817985"
"chr1","79373003","79373290","JH378127","19331819","19332107","39","60041184"
"chr1","79383748","79384058","JH378129","8134180","8134492","41","71249568"
"chr1","79400138","79400417","JH378216","3656081","3656356","45","75744057"
"chr1","79406975","79407269","JH378132","23158844","23159136","44","56248131"
"chr1","79424026","79424278","JH378277","723899","724149","43","78700127"
"chr1","79745163","79745293","JH378193","1582065","1582194","14","78163098"
"chr1","79846145","79846448","JH378152","14479116","14479426","46","65367029"
"chr1","79866460","79866748","JH378134","11412220","11412508","39","68454240"
"chr1","79891138","79891410","JH378161","2314911","2315185","42","77576227"
"chr1","79915015","79915305","JH378262","3146699","3146985","40","76768316"
"chr1","79917707","79918004","JH378108","7643901","7644185","51","72273806"
"chr1","80057544","80057792","JH378146","1313726","1313972","42","78743818"
"chr1","80121314","80121621","JH378248","3387134","3387441","57","76734180"
"chr1","80283332","80283630","JH378133","20682739","20683028","49","59600593"
"chr1","80376685","80376979","JH378318","295683","295949","64","80081002"
"chr1","80480556","80480860","JH378114","41499633","41499943","49","38980923"
"chr1","80483323","80483618","JH378141","14454762","14455052","42","66028561"
"chr1","80488736","80489042","JH378123","7367131","7367438","57","73121605"
"chr1","80505323","80505612","JH378167","11202084","11202374","44","69303239"
"chr1","80590013","80590280","JH378106","61927616","61927885","48","18662397"
"chr1","80622358","80622661","JH378114","8252726","8253028","38","72369632"
"chr1","80671474","80671784","JH378118","9621995","9622303","50","71049479"
"chr1","80688407","80688674","JH378116","19988130","19988407","54","60700277"
"chr1","80703232","80703508","JH378189","177130","177409","43","80526102"
"chr1","80743868","80744162","JH378109","33110890","33111173","66","47632978"
"chr1","81023223","81023492","JH378123","1155144","1155418","48","79868079"
"chr1","81046434","81046714","JH378139","17086414","17086694","54","63960020"
"chr1","81055514","81055830","JH378290","972990","973300","59","80082524"
"chr1","81091066","81091350","JH378301","1550129","1550408","46","79540937"
"chr1","81251403","81251595","JH378141","2946794","2946974","36","78304609"
"chr1","81284408","81284687","JH378149","3971703","3971984","45","77312705"
"chr1","81508599","81508893","JH378111","8498303","8498600","40","73010296"
"chr1","81557377","81557680","JH378141","16083954","16084252","48","65473423"
"chr1","81584267","81584548","JH378176","9399651","9399930","47","72184616"
"chr1","81607627","81607927","JH378242","734891","735189","44","80872736"
"chr1","81662162","81662444","JH378112","12605686","12605972","46","69056476"
"chr1","81691628","81691902","JH378108","6070859","6071126","45","75620769"
"chr1","81713841","81714126","JH378119","33774924","33775213","57","47938917"
"chr1","81726827","81727139","JH378279","2532931","2533234","45","79193896"
"chr1","81835618","81835921","JH378108","5948538","5948838","34","75887080"
"chr1","81878176","81878325","JH378129","7281575","7281704","37","74596601"
"chr1","81878326","81878623","JH378136","12221741","12222036","42","69656585"
"chr1","81878624","81878765","JH378109","11564668","11564802","21","70313956"
"chr1","81925340","81925624","JH378108","5859909","5860191","49","76065431"
"chr1","81935961","81936268","JH378113","15232832","15233136","51","66703129"
"chr1","81950978","81951284","JH378113","26550017","26550324","46","55400961"
"chr1","82056772","82057077","JH378125","7489678","7489979","51","74567094"
"chr1","82167164","82167457","JH378135","9776635","9776928","47","72390529"
"chr1","82243919","82244171","JH378105","8320364","8320612","45","73923555"
"chr1","82284350","82284640","JH378137","4545019","4545309","55","77739331"
"chr1","82416769","82417042","JH378108","5369408","5369677","48","77047361"
"chr1","82442066","82442361","JH378105","22547233","22547531","42","59894833"
"chr1","82501351","82501374","JH378156","1706801","1706826","8","80794550"
"chr1","82501423","82501707","JH378153","6890101","6890384","46","75611322"
"chr1","82504121","82504411","JH378108","5286939","5287227","45","77217182"
"chr1","82602379","82602666","JH378108","5196344","5196645","55","77406035"
"chr1","82613073","82613355","JH378170","4300963","4301254","48","78312110"
"chr1","82617240","82617520","JH378194","7963931","7964213","45","74653309"
"chr1","82654893","82655191","JH378188","7232167","7232465","48","75422726"
"chr1","82675079","82675390","JH378127","4606612","4606923","46","78068467"
"chr1","82696690","82696950","JH378144","4721929","4722197","40","77974761"
"chr1","82751216","82751527","JH378204","3129799","3130101","53","79621417"
"chr1","82754277","82754568","JH378191","967537","967830","38","81786740"
"chr1","82865474","82865775","JH378189","4850090","4850388","57","78015384"
"chr1","82871524","82871812","JH378179","1613653","1613943","41","81257871"
"chr1","82928515","82928663","JH378110","3175487","3175615","30","79753028"
"chr1","82930317","82930615","JH378111","38162771","38163069","41","44767546"
"chr1","82957569","82957870","JH378283","2146703","2147009","48","80810866"
"chr1","82959675","82959975","JH378135","1618015","1618319","42","81341660"
"chr1","82963208","82963498","JH378108","4839137","4839416","41","78124071"
"chr1","82985202","82985459","JH378235","937934","938194","39","82047268"
"chr1","82994556","82994868","JH378262","1936694","1936996","43","81057862"
"chr1","83015932","83016226","JH378141","2327726","2328016","38","80688206"
"chr1","83021230","83021531","JH378105","47354649","47354946","41","35666581"
"chr1","83045855","83046151","JH378204","3129799","3130101","45","79916056"
"chr1","83056146","83056437","JH378112","33033903","33034201","46","50022243"
"chr1","83093149","83093444","JH378220","3658629","3658919","44","79434520"
"chr1","83186423","83186720","JH378290","1449167","1449465","50","81737256"
"chr1","83237169","83237480","JH378108","4558867","4559177","45","78678302"
"chr1","83282468","83282774","JH378123","21695970","21696268","56","61586498"
"chr1","83331390","83331678","JH378130","23874766","23875045","44","59456624"
"chr1","83334416","83334711","JH378125","9334388","9334679","51","74000028"
"chr1","83344671","83344982","JH378135","16046002","16046306","44","67298669"
"chr1","83377622","83377927","JH378108","4414181","4414490","42","78963441"
"chr1","83480599","83480751","JH378232","3703074","3703213","35","79777525"
"chr1","83480791","83481000","JH378153","12037683","12037872","54","71443108"
"chr1","83486966","83487288","JH378159","6119055","6119368","57","77367911"
"chr1","83512613","83512886","JH378124","11250921","11251195","37","72261692"
"chr1","83543740","83544060","JH378225","5943856","5944182","57","77599884"
"chr1","83548830","83549137","JH378205","3376097","3376398","51","80172733"
"chr1","83616637","83616929","JH378115","16549844","16550133","43","67066793"
"chr1","83722681","83722995","JH378173","2124263","2124571","61","81598418"
"chr1","83724249","83724511","JH378173","10573389","10573662","70","73150860"
"chr1","83786580","83786696","JH378105","46538044","46538159","19","37248536"
"chr1","83814291","83814526","JH378140","8156602","8156836","31","75657689"
"chr1","83839968","83840272","JH378260","445434","445733","45","83394534"
"chr1","83871064","83871364","JH378108","3915224","3915513","55","79955840"
"chr1","83955213","83955525","JH378148","17042980","17043289","43","66912233"
"chr1","83958720","83959020","JH378143","1682752","1683051","43","82275968"
"chr1","84021959","84022253","JH378216","2499104","2499400","49","81522855"
"chr1","84049691","84050000","JH378120","4438901","4439206","46","79610790"
"chr1","84195158","84195426","JH378112","35229846","35230117","55","48965312"
"chr1","84236562","84236862","JH378148","3195871","3196169","38","81040691"
"chr1","84260894","84261197","JH378125","19474059","19474357","56","64786835"
"chr1","84339772","84340034","JH378119","19182451","19182696","63","65157321"
"chr1","84352247","84352507","JH378114","20734954","20735221","41","63617293"
"chr1","84965772","84966065","JH378128","3862805","3863098","40","81102967"
"chr1","85153494","85153745","JH378154","11102614","11102873","49","74050880"
"chr1","85235604","85235914","JH378148","2797982","2798286","41","82437622"
"chr1","85238364","85238656","JH378108","2685416","2685710","38","82552948"
"chr1","85364508","85364802","JH378173","8101802","8102096","40","77262706"
"chr1","85410219","85410506","JH378177","10638333","10638621","45","74771886"
"chr1","85521650","85521957","JH378148","2797982","2798286","43","82723668"
"chr1","85558708","85559000","JH378166","8279452","8279742","48","77279256"
"chr1","85559422","85559744","JH378109","18583031","18583350","51","66976391"
"chr1","85567483","85567749","JH378132","22682891","22683156","58","62884592"
"chr1","85595620","85595928","JH378204","6690782","6691087","47","78904838"
"chr1","85609213","85609491","JH378120","26802495","26802777","38","58806718"
"chr1","85617217","85617489","JH378185","9869807","9870074","44","75747410"
"chr1","85623839","85624136","JH378115","27550836","27551133","45","58073003"
"chr1","85650339","85650644","JH378236","14671","14976","39","85635668"
"chr1","85715255","85715567","JH378176","11022050","11022365","56","74693205"
"chr1","85715601","85715618","JH378110","39932633","39932649","5","45782968"
"chr1","85840673","85840965","JH378108","2116408","2116711","36","83724265"
"chr1","85843490","85843794","JH378116","14428154","14428454","47","71415336"
"chr1","85867822","85868125","JH378119","2681409","2681712","47","83186413"
"chr1","85869552","85869826","JH378177","3761735","3762014","63","82107817"
"chr1","85923945","85924247","JH378198","5075944","5076246","42","80848001"
"chr1","85934314","85934586","JH378108","16747947","16748220","40","69186367"
"chr1","85940468","85940763","JH378199","3061218","3061509","51","82879250"
"chr1","85953866","85954170","JH378216","7114050","7114358","39","78839816"
"chr1","85967692","85967983","JH378124","5010422","5010713","48","80957270"
"chr1","85994172","85994479","JH378164","12780276","12780585","46","73213896"
"chr1","86049400","86049695","JH378108","1910172","1910462","34","84139228"
"chr1","86081240","86081534","JH378154","14273514","14273808","40","71807726"
"chr1","86085210","86085512","JH378172","12134260","12134556","45","73950950"
"chr1","86142261","86142550","JH378123","9608291","9608584","40","76533970"
"chr1","86170940","86171242","JH378216","2499104","2499400","52","83671836"
"chr1","86202939","86203234","JH378220","3572768","3573063","45","82630171"
"chr1","86215951","86216268","JH378108","1741101","1741414","61","84474850"
"chr1","86217675","86217964","JH378120","3262959","3263245","42","82954716"
"chr1","86353675","86353983","JH378113","3991520","3991821","43","82362155"
"chr1","86418106","86418402","JH378139","1944019","1944317","41","84474087"
"chr1","86469281","86469569","JH378108","1503324","1503613","21","84965957"
"chr1","86515306","86515586","JH378116","24131102","24131385","45","62384204"
"chr1","86549811","86550119","JH378110","2590007","2590314","38","83959804"
"chr1","86575536","86575837","JH378108","1389243","1389549","44","85186293"
"chr1","86648498","86648779","JH378141","8990095","8990384","42","77658403"
"chr1","86649399","86649651","JH378144","7090384","7090634","43","79559015"
"chr1","86656010","86656342","JH378231","1922295","1922580","96","84733715"
"chr1","86720407","86720647","JH378142","7731951","7732191","39","78988456"
"chr1","86737842","86738116","JH378107","27218012","27218283","54","59519830"
"chr1","86738150","86738175","JH378113","38140728","38140753","9","48597422"
"chr1","86752595","86752899","JH378114","36871907","36872207","46","49880688"
"chr1","86849462","86849782","JH378157","6175235","6175536","63","80674227"
"chr1","86889256","86889580","JH378108","1049037","1049365","50","85840219"
"chr1","86901019","86901304","JH378108","1036437","1036721","36","85864582"
"chr1","86911752","86912053","JH378111","15833029","15833328","41","71078723"
"chr1","86928164","86928297","JH378108","1015593","1015723","13","85912571"
"chr1","86954685","86954996","JH378262","1793239","1793545","40","85161446"
"chr1","86978537","86978644","JH378225","6628099","6628207","13","80350438"
"chr1","86988237","86988351","JH378165","2374563","2374679","13","84613674"
"chr1","87053698","87053872","JH378267","358566","358737","32","86695132"
"chr1","87054163","87054298","JH378123","21246621","21246755","19","65807542"
"chr1","87102637","87102956","JH378242","1684742","1685053","56","85417895"
"chr1","87106393","87106699","JH378123","21695970","21696268","37","65410423"
"chr1","87116506","87116751","JH378108","825332","825578","31","86291174"
"chr1","87139716","87140010","JH378200","261439","261727","49","86878277"
"chr1","87153027","87153327","JH378109","10887377","10887677","44","76265650"
"chr1","87155945","87156233","JH378130","8441222","8441493","62","78714723"
"chr1","87172846","87173159","JH378150","8762710","8763014","38","78410136"
"chr1","87191242","87191525","JH378108","18171101","18171385","46","69020141"
"chr1","87286576","87286868","JH378175","9239988","9240282","46","78046588"
"chr1","87289426","87289702","JH378213","5304097","5304379","48","81985329"
"chr1","87317701","87318011","JH378141","19020351","19020656","48","68297350"
"chr1","87318978","87319239","JH378135","4436418","4436677","46","82882560"
"chr1","87357204","87357486","JH378262","1695586","1695867","38","85661618"
"chr1","87552168","87552487","JH378143","41011","41319","51","87511157"
"chr1","87574105","87574379","JH378119","28769527","28769800","51","58804578"
"chr1","87617299","87617618","JH378115","30401019","30401318","56","57216280"
"chr1","87744363","87744656","JH378108","206498","206803","45","87537865"
"chr1","87829005","87829282","JH378153","15006959","15007234","39","72822046"
"chr1","87846735","87847022","JH378261","2935084","2935374","46","84911651"
"chr1","87914162","87914461","JH378116","14428154","14428454","43","73486008"
"chr1","87924463","87924773","JH378133","19850966","19851274","38","68073497"
"chr1","87937888","87938038","JH378213","3254719","3254868","16","84683169"
"chr1","87959288","87959572","JH378118","8798965","8799246","44","79160323"
"chr1","88024721","88025029","JH378148","16955481","16955786","65","71069240"
"chr1","88062030","88062254","JH378112","35473948","35474168","58","52588082"
"chr1","88075732","88076022","JH378119","28803177","28803468","37","59272555"
"chr1","88090918","88091224","JH378197","3241273","3241575","46","84849645"
"chr1","88112715","88113028","JH378262","1936694","1936996","50","86176021"
"chr1","88203354","88203660","JH378107","51667756","51668056","41","36535598"
"chr1","88221495","88221790","JH378106","6660208","6660505","36","81561287"
"chr1","88287794","88288074","JH378110","34952260","34952536","45","53335534"
"chr1","88313066","88313364","JH378127","8259557","8259855","39","80053509"
"chr1","88317810","88318118","JH378105","10752942","10753244","46","77564868"
"chr1","88320954","88321242","JH378180","5047484","5047772","43","83273470"
"chr1","88338859","88339143","JH378115","28716128","28716418","38","59622731"
"chr1","88555860","88556111","JH378108","13982684","13982938","40","74573176"
"chr1","88587517","88587811","JH378172","9553918","9554219","48","79033599"
"chr1","88611725","88611992","JH378131","748687","748955","45","87863038"
"chr1","88744650","88744953","JH378110","40011605","40011912","48","48733045"
"chr1","89194756","89195060","JH378131","1492352","1492650","46","87702404"
"chr1","89280073","89280377","JH378117","6076538","6076831","44","83203535"
"chr1","89300638","89300948","JH378151","14992089","14992403","70","74308549"
"chr1","89411755","89412057","JH378105","17597150","17597448","43","71814605"
"chr1","89458270","89458546","JH378282","1741198","1741472","41","87717072"
"chr1","89586641","89586856","JH378282","1602521","1602759","45","87984120"
"chr1","89828584","89828892","JH378126","24693986","24694294","47","65134598"
"chr1","89866307","89866620","JH378207","7231848","7232157","42","82634459"
"chr1","90065463","90065768","JH378282","1109777","1110080","50","88955686"
"chr1","90072081","90072164","JH378124","6444915","6444996","9","83627166"
"chr1","90086231","90086502","JH378112","35832612","35832884","43","54253619"
"chr1","90087910","90088205","JH378112","32590536","32590832","44","57497374"
"chr1","90172990","90173280","JH378255","54742","55039","44","90118248"
"chr1","90229099","90229425","JH378118","6633242","6633554","63","83595857"
"chr1","90240367","90240658","JH378137","20150823","20151112","42","70089544"
"chr1","90269095","90269390","JH378288","1815155","1815455","43","88453940"
"chr1","90285133","90285439","JH378105","68559645","68559948","37","21725488"
"chr1","90306616","90306897","JH378113","26778643","26778931","46","63527973"
"chr1","90311421","90311723","JH378110","14082764","14083060","46","76228657"
"chr1","90374441","90374739","JH378115","31325114","31325419","44","59049327"
"chr1","90381424","90381670","JH378220","3737863","3738116","42","86643561"
"chr1","90401597","90401885","JH378105","69163567","69163856","40","21238030"
"chr1","90402467","90402598","JH378107","18802418","18802549","12","71600049"
"chr1","90407391","90407680","JH378282","773045","773334","31","89634346"
"chr1","90473666","90473934","JH378282","679715","679981","45","89793951"
"chr1","90487018","90487321","JH378191","967537","967830","50","89519481"
"chr1","90510463","90510782","JH378116","36267689","36268001","62","54242774"
"chr1","90564638","90564938","JH378151","4578678","4578981","47","85985960"
"chr1","90578020","90578302","JH378282","613417","613701","28","89964603"
"chr1","90639781","90640068","JH378105","69163567","69163856","45","21476214"
"chr1","90809115","90809402","JH378136","272512","272800","44","90536603"
"chr1","90813693","90813987","JH378290","1449167","1449465","37","89364526"
"chr1","90815805","90816073","JH378114","20734954","20735221","40","70080851"
"chr1","90956359","90956657","JH378186","1525813","1526111","42","89430546"
"chr1","91010035","91010335","JH378293","1508849","1509149","39","89501186"
"chr1","91032033","91032321","JH378126","21851720","21852006","42","69180313"
"chr1","91099950","91100256","JH378199","5339957","5340265","44","85759993"
"chr1","91113653","91113921","JH378282","112164","112414","45","91001489"
"chr1","91124570","91124868","JH378153","12115656","12115953","48","79008914"
"chr1","91163395","91163696","JH378106","69063427","69063728","39","22099968"
"chr1","91174095","91174396","JH378187","3252575","3252870","34","87921520"
"chr1","91184024","91184323","JH378141","14454762","14455052","37","76729262"
"chr1","91255635","91255918","JH378268","2914954","2915237","43","88340681"
"chr1","91300215","91300516","JH378160","15483349","15483646","48","75816866"
"chr1","91340750","91341022","JH378167","706338","706607","38","90634412"
"chr1","91352291","91352542","JH378160","15427440","15427700","34","75924851"
"chr1","91359802","91360101","JH378112","33033903","33034201","41","58325899"
"chr1","91374586","91374895","JH378276","134131","134438","40","91240455"
"chr1","91441706","91442002","JH378144","9042022","9042312","41","82399684"
"chr1","91446677","91446979","JH378118","10693452","10693756","40","80753225"
"chr1","91518694","91518988","JH378153","14632399","14632691","39","76886295"
"chr1","91556969","91557294","JH378240","3050012","3050331","64","88506957"
"chr1","91561417","91561718","JH378110","9867313","9867609","38","81694104"
"chr1","91603802","91604101","JH378116","25790477","25790774","51","65813325"
"chr1","91749393","91749528","JH378125","4589691","4589826","12","87159702"
"chr1","91878559","91878840","JH378297","1153627","1153908","42","90724932"
"chr1","91878872","91878883","JH378105","48290961","48290972","3","43587911"
"chr1","91890725","91891037","JH378122","7538056","7538364","54","84352669"
"chr1","92038030","92038342","JH378108","21011106","21011416","48","71026924"
"chr1","92071973","92072268","JH378110","45937042","45937335","41","46134931"
"chr1","92200036","92200352","JH378158","516472","516776","46","91683564"
"chr1","92219243","92219547","JH378158","3359829","3360132","38","88859414"
"chr1","92220120","92220425","JH378151","1068911","1069214","41","91151209"
"chr1","92261370","92261687","JH378139","15546874","15547182","43","76714496"
"chr1","92359901","92360194","JH378119","360557","360852","39","91999344"
"chr1","92389862","92390096","JH378115","26335450","26335686","38","66054412"
"chr1","92428274","92428567","JH378137","1413874","1414165","35","91014400"
"chr1","92440968","92441271","JH378152","13742000","13742297","37","78698968"
"chr1","92460514","92460806","JH378242","734891","735189","47","91725623"
"chr1","92461800","92462045","JH378105","71228113","71228357","31","21233687"
"chr1","92471870","92472105","JH378148","12313883","12314126","41","80157987"
"chr1","92551631","92551893","JH378160","14255529","14255785","37","78296102"
"chr1","92554145","92554449","JH378113","15232832","15233136","36","77321313"
"chr1","92624789","92625074","JH378204","7978351","7978644","43","84646438"
"chr1","92702323","92702634","JH378246","4313059","4313359","46","88389264"
"chr1","92719631","92719943","JH378204","3945411","3945718","45","88774220"
"chr1","92778919","92779168","JH378163","6724825","6725073","48","86054094"
"chr1","92830250","92830504","JH378160","14015001","14015249","31","78815249"
"chr1","92908142","92908437","JH378262","1936694","1936996","37","90971448"
"chr1","92920279","92920545","JH378157","1109305","1109569","57","91810974"
"chr1","92994799","92995081","JH378213","4422853","4423134","40","88571946"
"chr1","93078475","93078614","JH378158","9193726","9193860","16","83884749"
"chr1","93078749","93079047","JH378141","9524229","9524528","44","83554520"
"chr1","93172995","93173126","JH378140","6963141","6963271","19","86209854"
"chr1","93174075","93174364","JH378123","5667081","5667374","42","87506994"
"chr1","93187636","93187897","JH378308","264797","265077","64","92922839"
"chr1","93229074","93229382","JH378262","1936694","1936996","45","91292380"
"chr1","93258189","93258489","JH378252","4291425","4291721","44","88966764"
"chr1","93268995","93269297","JH378152","13332030","13332334","42","79936965"
"chr1","93273277","93273578","JH378115","7530212","7530515","45","85743065"
"chr1","93281730","93282018","JH378206","2077548","2077843","50","91204182"
"chr1","93286665","93286987","JH378153","2356339","2356645","64","90930326"
"chr1","93288295","93288606","JH378127","5659021","5659323","39","87629274"
"chr1","93292667","93292953","JH378271","1015797","1016086","41","92276870"
"chr1","93308985","93309292","JH378112","36482668","36482971","45","56826317"
"chr1","93318781","93318924","JH378141","7661361","7661504","25","85657420"
"chr1","93319910","93320215","JH378145","10500061","10500358","41","82819849"
"chr1","93322273","93322555","JH378291","130444","130734","51","93191829"
"chr1","93323365","93323655","JH378171","5901188","5901476","40","87422177"
"chr1","93337171","93337476","JH378204","5941995","5942305","45","87395176"
"chr1","93341803","93341835","JH378124","5512019","5512057","13","87829784"
"chr1","93341877","93342116","JH378127","5384271","5384500","49","87957606"
"chr1","93345057","93345367","JH378235","456349","456656","48","92888708"
"chr1","93346528","93346831","JH378118","10693452","10693756","42","82653076"
"chr1","93355039","93355343","JH378118","20140583","20140886","48","73214456"
"chr1","93357691","93358002","JH378151","6150117","6150421","55","87207574"
"chr1","93359345","93359634","JH378123","9831839","9832126","52","83527506"
"chr1","93383413","93383711","JH378197","4356244","4356549","47","89027169"
"chr1","93386679","93386955","JH378190","2110516","2110800","51","91276163"
"chr1","93387381","93387666","JH378122","7809799","7810085","41","85577582"
"chr1","93411543","93411839","JH378160","13359848","13360143","44","80051695"
"chr1","93416270","93416577","JH378160","13353793","13354096","45","80062477"
"chr1","93422064","93422366","JH378306","261984","262284","42","93160080"
"chr1","93423327","93423573","JH378167","10730723","10730968","55","82692604"
"chr1","93428663","93429000","JH378153","14175225","14175527","76","79253438"
"chr1","93435262","93435559","JH378111","40734534","40734829","50","52700728"
"chr1","93484980","93485244","JH378153","528124","528390","39","92956856"
"chr1","93488694","93488913","JH378193","1462886","1463103","27","92025808"
"chr1","93514223","93514519","JH378135","858419","858710","42","92655804"
"chr1","93523569","93523822","JH378123","27543938","27544198","47","65979631"
"chr1","93531098","93531362","JH378111","32631993","32632265","49","60899105"
"chr1","93534158","93534466","JH378197","3241273","3241575","43","90292885"
"chr1","93569107","93569418","JH378275","2569469","2569780","41","90999638"
"chr1","93596921","93597207","JH378148","14428456","14428747","48","79168465"
"chr1","93600702","93601009","JH378160","13152912","13153217","46","80447790"
"chr1","93603712","93603999","JH378144","6298394","6298685","54","87305318"
"chr1","93616191","93616480","JH378131","5028913","5029203","40","88587278"
"chr1","93624407","93624714","JH378117","25694461","25694770","41","67929946"
"chr1","93639993","93640287","JH378195","2148198","2148495","34","91491795"
"chr1","93642021","93642274","JH378106","18260892","18261167","54","75381129"
"chr1","93663308","93663599","JH378151","4710169","4710461","39","88953139"
"chr1","93679287","93679576","JH378122","7809799","7810085","50","85869488"
"chr1","93704794","93705075","JH378122","7809799","7810085","39","85894995"
"chr1","93724692","93724836","JH378246","4462695","4462831","26","89261997"
"chr1","93743259","93743561","JH378118","12197167","12197472","52","81546092"
"chr1","93746379","93746665","JH378106","501033","501324","45","93245346"
"chr1","93752894","93753176","JH378153","7052266","7052556","43","86700628"
"chr1","93758389","93758512","JH378112","32634143","32634269","10","61124246"
"chr1","93777771","93778070","JH378107","6573476","6573770","41","87204295"
"chr1","93781861","93782181","JH378150","2634839","2635156","53","91147022"
"chr1","93786538","93786804","JH378135","11365199","11365451","45","82421339"
"chr1","93797515","93797809","JH378160","12953153","12953450","54","80844362"
"chr1","93810615","93810897","JH378116","24131102","24131385","43","69679513"
"chr1","93810935","93810956","JH378113","38140728","38140753","7","55670207"
"chr1","93820148","93820443","JH378190","9348511","9348806","41","84471637"
"chr1","93820612","93820897","JH378113","39319250","39319536","43","54501362"
"chr1","93842344","93842644","JH378197","3241273","3241575","44","90601071"
"chr1","93860319","93860605","JH378141","12570236","12570528","59","81290083"
"chr1","93862176","93862470","JH378106","6660208","6660505","40","87201968"
"chr1","93908598","93908891","JH378242","734891","735189","37","93173707"
"chr1","93913148","93913459","JH378112","33452684","33452993","43","60460464"
"chr1","93914393","93914700","JH378167","6875653","6875957","46","87038740"
"chr1","93921661","93921962","JH378140","15256022","15256323","38","78665639"
"chr1","93924059","93924381","JH378125","23471973","23472284","47","70452086"
"chr1","93927376","93927688","JH378173","4731101","4731408","44","89196275"
"chr1","93957533","93957842","JH378192","5476857","5477164","54","88480676"
"chr1","93961424","93961693","JH378140","14516820","14517092","42","79444604"
"chr1","93975299","93975603","JH378106","65370916","65371216","50","28604383"
"chr1","93982946","93983249","JH378114","43778369","43778670","38","50204577"
"chr1","93996382","93996465","JH378118","23626013","23626095","8","70370369"
"chr1","94009072","94009360","JH378291","130444","130734","33","93878628"
"chr1","94011977","94012284","JH378204","3129799","3130101","37","90882178"
"chr1","94037248","94037520","JH378160","12750102","12750358","40","81287146"
"chr1","94093737","94094043","JH378117","37445869","37446169","45","56647868"
"chr1","94113056","94113343","JH378106","71227716","71228002","45","22885340"
"chr1","94152900","94153183","JH378105","48908860","48909139","38","45244040"
"chr1","94155816","94156124","JH378177","5524458","5524765","47","88631358"
"chr1","94159642","94159919","JH378273","968350","968628","57","93191292"
"chr1","94161135","94161424","JH378135","2083499","2083789","40","92077636"
"chr1","94167457","94167760","JH378114","42725127","42725431","39","51442330"
"chr1","94168460","94168754","JH378116","25790477","25790774","40","68377983"
"chr1","94175470","94175760","JH378205","7517678","7517968","44","86657792"
"chr1","94179531","94179826","JH378110","7881643","7881940","48","86297888"
"chr1","94183782","94183894","JH378125","4721499","4721611","12","89462283"
"chr1","94201948","94202251","JH378195","8607946","8608249","38","85594002"
"chr1","94206345","94206637","JH378120","3564285","3564577","40","90642060"
"chr1","94218180","94218485","JH378105","55574476","55574778","38","38643704"
"chr1","94263050","94263362","JH378108","10430688","10430998","46","83832362"
"chr1","94266831","94267109","JH378123","11556860","11557137","43","82709971"
"chr1","94274709","94275007","JH378216","4809975","4810272","47","89464734"
"chr1","94277685","94277869","JH378107","4549779","4549958","32","89727906"
"chr1","94297062","94297339","JH378160","12540558","12540828","45","81756504"
"chr1","94327821","94328129","JH378151","14423847","14424153","43","79903974"
"chr1","94331294","94331585","JH378204","7978351","7978644","35","86352943"
"chr1","94336304","94336458","JH378118","8337979","8338128","21","85998325"
"chr1","94337530","94337812","JH378114","12032627","12032914","48","82304903"
"chr1","94343531","94343821","JH378204","7978351","7978644","39","86365180"
"chr1","94358167","94358476","JH378112","33452684","33452993","43","60905483"
"chr1","94400337","94400640","JH378172","9553918","9554219","40","84846419"
"chr1","94409924","94410221","JH378114","42118001","42118296","40","52291923"
"chr1","94414788","94415089","JH378170","1616807","1617104","43","92797981"
"chr1","94448368","94448705","JH378160","12391681","12392018","40","82056687"
"chr1","94471768","94472080","JH378205","4278012","4278319","48","90193756"
"chr1","94488851","94489141","JH378177","2562934","2563231","45","91925917"
"chr1","94491207","94491503","JH378160","12355681","12355971","40","82135526"
"chr1","94500101","94500401","JH378152","13742000","13742297","43","80758101"
"chr1","94509631","94509936","JH378137","15935777","15936084","44","78573854"
"chr1","94537411","94537702","JH378153","12544489","12544777","42","81992922"
"chr1","94552298","94552403","JH378149","13130724","13130827","15","81421574"
"chr1","94564651","94564944","JH378136","839654","839946","41","93724997"
"chr1","94565678","94565969","JH378115","34356522","34356811","43","60209156"
"chr1","94566021","94566325","JH378173","10651343","10651645","50","83914678"
"chr1","94579488","94579795","JH378123","29109560","29109856","48","65469928"
"chr1","94597065","94597346","JH378200","1821306","1821584","41","92775759"
"chr1","94598219","94598520","JH378116","14428154","14428454","51","80170065"
"chr1","94666474","94666546","JH378122","1093882","1093953","8","93572592"
"chr1","94685515","94685816","JH378123","21695970","21696268","41","72989545"
"chr1","94690775","94691083","JH378151","4578678","4578981","45","90112097"
"chr1","94716503","94716798","JH378152","12904963","12905265","38","81811540"
"chr1","94721400","94721691","JH378123","5667081","5667374","35","89054319"
"chr1","94725687","94725983","JH378152","13742000","13742297","45","80983687"
"chr1","94819700","94819997","JH378111","40734534","40734829","44","54085166"
"chr1","94866748","94867030","JH378122","7809799","7810085","41","87056949"
"chr1","94897488","94897775","JH378122","7809799","7810085","34","87087689"
"chr1","94907869","94908153","JH378160","11957499","11957777","40","82950370"
"chr1","94916404","94916510","JH378141","9930388","9930493","18","84986016"
"chr1","94965789","94966050","JH378133","7556101","7556363","36","87409688"
"chr1","94966935","94967242","JH378153","9926861","9927172","38","85040074"
"chr1","94990303","94990611","JH378127","14973650","14973958","41","80016653"
"chr1","95029472","95029789","JH378117","15749415","15749721","63","79280057"
"chr1","95033551","95033863","JH378144","14556977","14557284","47","80476574"
"chr1","95046815","95047105","JH378143","6673988","6674287","35","88372827"
"chr1","95049128","95049413","JH378149","1955740","1956029","44","93093388"
"chr1","95060114","95060250","JH378105","1845742","1845874","16","93214372"
"chr1","95083485","95083791","JH378167","5198584","5198889","39","89884901"
"chr1","95086051","95086361","JH378164","3639861","3640172","43","91446190"
"chr1","95106159","95106451","JH378140","5325520","5325814","31","89780639"
"chr1","95192767","95193073","JH378105","55574476","55574778","43","39618291"
"chr1","95267658","95267956","JH378247","4426259","4426553","42","90841399"
"chr1","95298197","95298493","JH378160","11573044","11573341","43","83725153"
"chr1","95312361","95312673","JH378148","12754921","12755229","44","82557440"
"chr1","95335329","95335628","JH378213","5758371","5758671","49","89576958"
"chr1","95346869","95347167","JH378242","734891","735189","38","94611978"
"chr1","95367408","95367691","JH378139","369956","370243","32","94997452"
"chr1","95368794","95369095","JH378153","14632399","14632691","44","80736395"
"chr1","95392323","95392599","JH378284","2883586","2883861","43","92508737"
"chr1","95451655","95451993","JH378249","4248097","4248439","72","91203558"
"chr1","95482943","95483245","JH378114","42121182","42121484","51","53361761"
"chr1","95560331","95560641","JH378167","5297205","5297514","47","90263126"
"chr1","95609876","95610167","JH378135","9827021","9827316","42","85782855"
"chr1","95704925","95705215","JH378111","43268192","43268483","39","52436733"
"chr1","95828977","95829257","JH378198","1639176","1639469","46","94189801"
"chr1","95843926","95844226","JH378121","237727","238025","41","95606199"
"chr1","95891921","95892137","JH378131","1523112","1523325","31","94368809"
"chr1","95913064","95913366","JH378136","7170399","7170706","51","88742665"
"chr1","95920464","95920776","JH378115","15327275","15327586","43","80593189"
"chr1","95981407","95981679","JH378115","36823075","36823347","49","59158332"
"chr1","95985250","95985545","JH378110","9867313","9867609","36","86117937"
"chr1","96036501","96036563","JH378189","9054546","9054601","20","86981955"
"chr1","96070841","96071136","JH378141","14454762","14455052","38","81616079"
"chr1","96134441","96134741","JH378220","667156","667455","38","95467285"
"chr1","96194161","96194432","JH378107","6863146","6863424","47","89331015"
"chr1","96329300","96329599","JH378213","4603416","4603708","54","91725884"
"chr1","96343852","96344153","JH378116","25790477","25790774","40","70553375"
"chr1","96345148","96345444","JH378197","8546632","8546928","36","87798516"
"chr1","96349366","96349680","JH378118","10693452","10693756","52","85655914"
"chr1","96383873","96384161","JH378107","19957506","19957791","40","76426367"
"chr1","96389885","96390186","JH378152","13742000","13742297","42","82647885"
"chr1","96406556","96406867","JH378264","3336401","3336713","46","93070155"
"chr1","96414948","96415142","JH378116","27857474","27857668","27","68557474"
"chr1","96437432","96437753","JH378108","44664521","44664828","63","51772911"
"chr1","96440771","96441066","JH378160","10521686","10521972","40","85919085"
"chr1","96459461","96459750","JH378105","59615212","59615509","45","36844249"
"chr1","96494660","96494962","JH378160","10472575","10472872","59","86022085"
"chr1","96497722","96498020","JH378242","734891","735189","39","95762831"
"chr1","96502749","96503034","JH378122","9789305","9789594","49","86713444"
"chr1","96514215","96514524","JH378111","8524809","8525116","63","87989406"
"chr1","96520248","96520542","JH378116","20819224","20819520","41","75701024"
"chr1","96588631","96588939","JH378160","10384690","10384995","40","86203941"
"chr1","96637006","96637307","JH378119","26008242","26008530","58","70628764"
"chr1","96638947","96639248","JH378173","6575149","6575450","40","90063798"
"chr1","96653807","96654101","JH378167","11202084","11202374","36","85451723"
"chr1","96745737","96746027","JH378126","22867235","22867530","48","73878502"
"chr1","96812693","96812971","JH378129","2871668","2871943","37","93941025"
"chr1","97147379","97147684","JH378257","3585233","3585537","43","93562146"
"chr1","97266649","97266938","JH378140","13990409","13990701","41","83276240"
"chr1","97384065","97384352","JH378182","2109353","2109642","46","95274712"
"chr1","97418930","97419048","JH378117","21414699","21414816","15","76004231"
"chr1","97419074","97419271","JH378247","1801109","1801300","39","95617965"
"chr1","97435366","97435658","JH378153","2856479","2856773","36","94578887"
"chr1","97605852","97606139","JH378106","1447614","1447903","42","96158238"
"chr1","97834244","97834532","JH378146","9383210","9383499","39","88451034"
"chr1","97847476","97847779","JH378127","4712903","4713204","47","93134573"
"chr1","97990359","97990646","JH378107","57287252","57287540","38","40703107"
"chr1","98014515","98014801","JH378164","2307183","2307463","37","95707332"
"chr1","98044615","98044921","JH378203","7036188","7036492","45","91008427"
"chr1","98066544","98066854","JH378118","10693452","10693756","47","87373092"
"chr1","98083834","98084108","JH378111","32631993","32632265","41","65451841"
"chr1","98112823","98113101","JH378156","3213769","3214050","44","94899054"
"chr1","98204619","98204914","JH378128","7103907","7104203","41","91100712"
"chr1","98284204","98284481","JH378284","922009","922270","50","97362195"
"chr1","98327554","98327834","JH378297","842854","843136","48","97484700"
"chr1","98357348","98357626","JH378171","8047817","8048095","46","90309531"
"chr1","98368951","98369236","JH378159","3650966","3651251","45","94717985"
"chr1","98534571","98534820","JH378108","45702819","45703060","66","52831752"
"chr1","98566739","98567045","JH378160","8531586","8531893","44","90035153"
"chr1","98741912","98742176","JH378162","15121251","15121508","57","83620661"
"chr1","98759211","98759516","JH378205","4278012","4278319","38","94481199"
"chr1","98781527","98781817","JH378105","17352517","17352807","41","81429010"
"chr1","98791469","98791738","JH378232","3348298","3348573","48","95443171"
"chr1","98925343","98925643","JH378242","734891","735189","39","98190452"
"chr1","98934199","98934511","JH378197","8660298","8660600","51","90273901"
"chr1","98939621","98939908","JH378124","5490003","5490289","40","93449618"
"chr1","99074847","99075155","JH378118","10693452","10693756","41","88381395"
"chr1","99109207","99109497","JH378122","7809799","7810085","49","91299408"
"chr1","99262478","99262786","JH378157","13289590","13289892","56","85972888"
"chr1","99553209","99553500","JH378124","6001393","6001683","36","93551816"
"chr1","99603215","99603493","JH378105","50034667","50034949","46","49568548"
"chr1","99617747","99618027","JH378146","453293","453569","45","99164454"
"chr1","99733300","99733410","JH378160","7330859","7330967","13","92402441"
"chr1","99768233","99768541","JH378140","15256022","15256323","50","84512211"
"chr1","99774765","99775049","JH378203","919532","919816","41","98855233"
"chr1","99829854","99830113","JH378120","22730124","22730375","50","77099730"
"chr1","99854550","99854855","JH378135","1859095","1859393","49","97995455"
"chr1","99861838","99862153","JH378110","15808603","15808903","53","84053235"
"chr1","99871616","99871907","JH378171","5901188","5901476","42","93970428"
"chr1","99904867","99905142","JH378127","12304178","12304454","49","87600689"
"chr1","99983174","99983502","JH378111","8712659","8712969","72","91270515"
"chr1","100040871","100041174","JH378105","9785471","9785774","38","90255400"
"chr1","100089900","100090148","JH378110","18696591","18696839","35","81393309"
"chr1","100210209","100210428","JH378131","1523112","1523325","37","98687097"
"chr1","100319833","100320083","JH378213","529026","529292","53","99790807"
"chr1","100329716","100330022","JH378105","55574476","55574778","38","44755240"
"chr1","100425762","100426054","JH378120","1193735","1194018","42","99232027"
"chr1","100630638","100630934","JH378195","2148198","2148495","41","98482440"
"chr1","100634431","100634727","JH378242","734891","735189","34","99899540"
"chr1","100670317","100670614","JH378203","139748","140045","39","100530569"
"chr1","100737748","100738052","JH378153","14485872","14486182","44","86251876"
"chr1","100752694","100752968","JH378110","34952260","34952536","51","65800434"
"chr1","100808308","100808603","JH378157","10612889","10613179","41","90195419"
"chr1","100919980","100920266","JH378167","12797016","12797302","37","88122964"
"chr1","100927466","100927751","JH378160","6528680","6528961","39","94398786"
"chr1","100938216","100938491","JH378126","1079320","1079599","47","99858896"
"chr1","100972148","100972234","JH378244","4421115","4421199","17","96551033"
"chr1","101027981","101028292","JH378291","836169","836477","45","100191812"
"chr1","101053596","101053877","JH378105","69163567","69163856","39","31890029"
"chr1","101058214","101058508","JH378144","6298394","6298685","40","94759820"
"chr1","101078798","101079030","JH378106","9286142","9286375","34","91792656"
"chr1","101094188","101094488","JH378246","1887976","1888270","42","99206212"
"chr1","101168631","101168943","JH378135","1618015","1618319","42","99550616"
"chr1","101178207","101178490","JH378125","15313063","15313352","43","85865144"
"chr1","101189527","101189778","JH378281","385207","385455","53","100804320"
"chr1","101196889","101197199","JH378197","8295826","8296131","41","92901063"
"chr1","101207242","101207557","JH378109","32780054","32780365","53","68427188"
"chr1","101214063","101214228","JH378140","7563971","7564140","23","93650092"
"chr1","101220206","101220503","JH378125","15313063","15313352","49","85907143"
"chr1","101257675","101257973","JH378111","43268192","43268483","62","57989483"
"chr1","101286913","101287206","JH378116","37908832","37909127","51","63378081"
"chr1","101288409","101288702","JH378151","9450568","9450862","54","91837841"
"chr1","101304427","101304727","JH378108","53797351","53797653","49","47507076"
"chr1","101308809","101309091","JH378110","7125375","7125650","43","94183434"
"chr1","101330094","101330355","JH378160","5876693","5876955","33","95453401"
"chr1","101337280","101337591","JH378112","30721676","30721989","44","70615604"
"chr1","101346932","101347232","JH378116","14428154","14428454","44","86918778"
"chr1","101379390","101379715","JH378316","391481","391778","73","100987909"
"chr1","101395543","101395815","JH378118","33690082","33690351","41","67705461"
"chr1","101422572","101422862","JH378173","12616169","12616458","33","88806403"
"chr1","101425192","101425493","JH378245","1275818","1276129","56","100149374"
"chr1","101428394","101428582","JH378149","256341","256525","45","101172053"
"chr1","101428888","101429022","JH378106","1342311","1342445","14","100086577"
"chr1","101437306","101437429","JH378157","13350001","13350126","18","88087305"
"chr1","101452824","101453119","JH378160","5735820","5736099","46","95717004"
"chr1","101455388","101455699","JH378120","4438901","4439206","48","97016487"
"chr1","101469250","101469558","JH378120","4438901","4439206","56","97030349"
"chr1","101470850","101471139","JH378125","26150308","26150592","45","75320542"
"chr1","101473996","101474284","JH378108","49447470","49447762","37","52026526"
"chr1","101499758","101499989","JH378224","4116746","4116982","47","97383012"
"chr1","101501271","101501595","JH378114","10789294","10789629","55","90711977"
"chr1","101507014","101507335","JH378176","9717666","9717975","65","91789348"
"chr1","101529124","101529191","JH378160","5639312","5639379","6","95889812"
"chr1","101536993","101537291","JH378216","6521976","6522275","39","95015017"
"chr1","101549064","101549293","JH378158","8742429","8742652","27","92806635"
"chr1","101561328","101561630","JH378246","4313059","4313359","51","97248269"
"chr1","101593417","101593508","JH378119","79291","79377","21","101514126"
"chr1","101597556","101597858","JH378198","7006580","7006878","40","94590976"
"chr1","101599877","101600189","JH378148","16955481","16955786","50","84644396"
"chr1","101600517","101600818","JH378160","5566509","5566811","43","96034008"
"chr1","101622943","101623022","JH378160","5543451","5543530","9","96079492"
"chr1","101653687","101653980","JH378115","34867821","34868125","47","66785866"
"chr1","101654783","101655072","JH378138","15984850","15985147","63","85669933"
"chr1","101655134","101655421","JH378174","8695069","8695365","57","92960065"
"chr1","101675582","101675857","JH378114","21069080","21069353","48","80606502"
"chr1","101713697","101713991","JH378115","28716128","28716418","41","72997569"
"chr1","101720638","101720935","JH378185","1479643","1479936","46","100240995"
"chr1","101731847","101732143","JH378178","8042470","8042765","38","93689377"
"chr1","101757415","101757687","JH378119","29922833","29923107","46","71834582"
"chr1","101758042","101758200","JH378232","1051070","1051235","34","100706972"
"chr1","101790653","101790952","JH378124","22709447","22709750","46","79081206"
"chr1","101800628","101800930","JH378246","2033796","2034100","45","99766832"
"chr1","101815257","101815557","JH378160","5355412","5355710","38","96459845"
"chr1","101849256","101849565","JH378151","4578678","4578981","43","97270578"
"chr1","101917497","101917798","JH378110","7881643","7881940","45","94035854"
"chr1","102082239","102082416","JH378188","1294606","1294788","37","100787633"
"chr1","102082454","102082566","JH378200","1028382","1028494","22","101054072"
"chr1","102133044","102133334","JH378106","61689646","61689937","37","40443398"
"chr1","102143096","102143401","JH378242","734891","735189","43","101408205"
"chr1","102163846","102164152","JH378118","10693452","10693756","41","91470394"
"chr1","102206785","102207073","JH378108","22250706","22250996","39","79956079"
"chr1","102357798","102358089","JH378122","7809799","7810085","39","94547999"
"chr1","102358132","102358145","JH378196","2334629","2334642","3","100023503"
"chr1","102414122","102414398","JH378198","4413303","4413578","39","98000819"
"chr1","102442022","102442308","JH378239","1819654","1819936","36","100622368"
"chr1","102458147","102458446","JH378242","734891","735189","36","101723256"
"chr1","102538020","102538327","JH378148","3100313","3100608","43","99437707"
"chr1","102576108","102576406","JH378135","1618015","1618319","46","100958093"
"chr1","102576920","102577228","JH378206","918187","918493","46","101658733"
"chr1","102579659","102579968","JH378199","3558279","3558591","45","99021380"
"chr1","102583463","102583748","JH378198","6180573","6180856","36","96402890"
"chr1","102589069","102589371","JH378115","39164004","39164294","46","63425065"
"chr1","102597323","102597457","JH378119","7179468","7179603","15","95417855"
"chr1","102597464","102597765","JH378216","7236213","7236512","43","95361251"
"chr1","102616550","102616853","JH378153","14175225","14175527","46","88441325"
"chr1","102625098","102625372","JH378136","18286667","18286951","58","84338431"
"chr1","102625639","102625934","JH378111","43268192","43268483","39","59357447"
"chr1","102675821","102676116","JH378145","6047527","6047818","43","96628294"
"chr1","102686806","102687133","JH378125","23471973","23472284","67","79214833"
"chr1","102695862","102696158","JH378126","22867235","22867530","46","79828627"
"chr1","102772437","102772709","JH378235","4632077","4632354","55","98140360"
"chr1","102808139","102808437","JH378148","2754402","2754696","42","100053737"
"chr1","102822750","102823048","JH378198","396866","397166","42","102425884"
"chr1","102827793","102828086","JH378139","8066225","8066520","38","94761568"
"chr1","102831773","102832071","JH378172","8506970","8507269","40","94324803"
"chr1","102851859","102852148","JH378116","25790477","25790774","47","77061382"
"chr1","102951180","102951471","JH378130","1568570","1568862","34","101382610"
"chr1","103053629","103053898","JH378179","33089","33350","53","103020540"
"chr1","103198063","103198338","JH378186","4629841","4630126","48","98568222"
"chr1","103206632","103206892","JH378213","818596","818865","63","102388036"
"chr1","103229166","103229449","JH378186","2517547","2517815","70","100711619"
"chr1","103283636","103283921","JH378117","26189716","26190001","46","77093920"
"chr1","103474152","103474469","JH378140","16382912","16383222","65","87091240"
"chr1","103495907","103496239","JH378115","4860657","4860961","71","98635250"
"chr1","103496953","103497262","JH378112","33033903","33034201","55","70463050"
"chr1","103528303","103528584","JH378160","3793482","3793758","50","99734821"
"chr1","103707838","103708109","JH378114","36238518","36238799","51","67469320"
"chr1","103747463","103747582","JH378118","14956607","14956728","14","88790856"
"chr1","103756943","103757241","JH378135","10580024","10580316","41","93176919"
"chr1","103772899","103773177","JH378165","3574044","3574325","47","100198855"
"chr1","103773183","103773305","JH378131","729084","729205","23","103044099"
"chr1","103970682","103970955","JH378136","14898747","14899023","41","89071935"
"chr1","104056288","104056588","JH378114","10440447","10440745","45","93615841"
"chr1","104159305","104159598","JH378119","33622582","33622874","49","70536723"
"chr1","104184191","104184489","JH378239","610960","611261","48","103573231"
"chr1","104381485","104381787","JH378216","1307384","1307680","52","103074101"
"chr1","104568841","104569168","JH378195","2599973","2600283","66","101968868"
"chr1","104802502","104802807","JH378188","7232167","7232465","41","97570335"
"chr1","104808612","104808914","JH378110","7850107","7850410","52","96958505"
"chr1","104843371","104843616","JH378141","13359300","13359542","42","91484071"
"chr1","105347999","105348286","JH378189","7501508","7501793","43","97846491"
"chr1","105383440","105383745","JH378110","6965048","6965350","57","98418392"
"chr1","105577705","105578010","JH378137","8390402","8390708","50","97187303"
"chr1","105620207","105620509","JH378108","803124","803417","55","104817083"
"chr1","105661118","105661385","JH378146","9756021","9756280","50","95905097"
"chr1","105841551","105841831","JH378206","5619994","5620277","50","100221557"
"chr1","105841858","105841872","JH378105","48290961","48290972","4","57550897"
"chr1","105878219","105878528","JH378264","2811617","2811923","38","103066602"
"chr1","105921447","105921768","JH378206","918187","918493","69","105003260"
"chr1","105981344","105981650","JH378205","3376097","3376398","56","102605247"
"chr1","106007274","106007604","JH378105","1099330","1099658","56","104907944"
"chr1","106030492","106030801","JH378108","51834895","51835200","48","54195597"
"chr1","106150862","106151166","JH378140","15805893","15806195","46","90344969"
"chr1","106244072","106244363","JH378113","31887462","31887749","65","74356610"
"chr1","106352194","106352397","JH378191","783840","784038","43","105568354"
"chr1","106416618","106416905","JH378135","20298147","20298439","49","86118471"
"chr1","106451039","106451333","JH378146","4007250","4007546","50","102443789"
"chr1","106538608","106538909","JH378111","34591288","34591592","51","71947320"
"chr1","106691888","106692202","JH378128","12189931","12190244","60","94501957"
"chr1","106858460","106858709","JH378139","16945237","16945485","42","89913223"
"chr1","106887021","106887315","JH378121","15444791","15445073","57","91442230"
"chr1","106887678","106887948","JH378245","2478506","2478773","39","104409172"
"chr1","106932069","106932382","JH378206","1268945","1269256","38","105663124"
"chr1","106982215","106982507","JH378106","69063427","69063728","53","37918788"
"chr1","107091625","107091925","JH378108","30978585","30978876","45","76113040"
"chr1","107118463","107118764","JH378288","2786677","2786981","61","104331786"
"chr1","107192763","107193070","JH378148","2369665","2369963","45","104823098"
"chr1","107233684","107233976","JH378177","3420206","3420507","53","103813478"
"chr1","107367791","107368044","JH378203","2497935","2498193","56","104869856"
"chr1","107438344","107438654","JH378281","1512369","1512678","48","105925975"
"chr1","107475512","107475647","JH378152","10907464","10907596","15","96568048"
"chr1","107520945","107521237","JH378141","2327726","2328016","60","105193219"
"chr1","107578323","107578650","JH378116","25720911","25721239","56","81857412"
"chr1","107665344","107665651","JH378151","16559820","16560126","58","91105524"
"chr1","107677341","107677636","JH378124","16834558","16834852","42","90842783"
"chr1","107699619","107699930","JH378220","3122091","3122403","44","104577528"
"chr1","107724769","107724897","JH378315","459998","460139","36","107264771"
"chr1","107750751","107751053","JH378275","1841898","1842192","44","105908853"
"chr1","107812556","107812847","JH378207","6847700","6847979","52","100964856"
"chr1","107893488","107893806","JH378190","9332331","9332643","59","98561157"
"chr1","108002176","108002466","JH378204","7978351","7978644","39","100023825"
"chr1","108031159","108031463","JH378128","24171397","24171700","56","83859762"
"chr1","108077427","108077712","JH378190","9040170","9040456","38","99037257"
"chr1","108097581","108097891","JH378122","5165399","5165711","49","102932182"
"chr1","108126068","108126384","JH378115","27581787","27582086","51","80544281"
"chr1","108134721","108135014","JH378124","2190687","2190982","50","105944034"
"chr1","108148051","108148341","JH378143","2450294","2450584","45","105697757"
"chr1","108285319","108285613","JH378191","967537","967830","40","107317782"
"chr1","108314561","108314856","JH378107","5795821","5796115","43","102518740"
"chr1","108323216","108323514","JH378242","734891","735189","43","107588325"
"chr1","108353622","108353929","JH378137","8390402","8390708","49","99963220"
"chr1","108425073","108425385","JH378137","4045758","4046064","45","104379315"
"chr1","108465187","108465504","JH378137","4857222","4857527","63","103607965"
"chr1","108581585","108581877","JH378204","7978351","7978644","36","100603234"
"chr1","108667437","108667752","JH378118","10693452","10693756","49","97973985"
"chr1","108777954","108778258","JH378108","23566444","23566748","45","85211510"
"chr1","108988286","108988316","JH378113","38140728","38140753","8","70847558"
"chr1","108988352","108988634","JH378115","3373630","3373913","50","105614722"
"chr1","109078820","109079128","JH378140","6180514","6180816","45","102898306"
"chr1","109115325","109115582","JH378201","3632506","3632762","51","105482819"
"chr1","109135801","109136098","JH378111","40734534","40734829","44","68401267"
"chr1","109159205","109159512","JH378113","17168263","17168574","53","91990942"
"chr1","109270917","109271226","JH378151","17066381","17066684","48","92204536"
"chr1","109283013","109283332","JH378107","7808906","7809223","55","101474107"
"chr1","109301877","109302180","JH378110","2295622","2295927","45","107006255"
"chr1","109620735","109620997","JH378110","7925750","7926017","37","101694985"
"chr1","109681697","109682011","JH378200","4894871","4895180","52","104786826"
"chr1","109720471","109720784","JH378119","13478581","13478885","51","96241890"
"chr1","109802684","109803006","JH378108","10430688","10430998","58","99371996"
"chr1","109839761","109839998","JH378106","9286142","9286375","38","100553619"
"chr1","109868036","109868320","JH378114","41996207","41996493","48","67871829"
"chr1","109961330","109961609","JH378173","2652292","2652568","44","107309038"
"chr1","109982344","109982587","JH378262","2751970","2752213","34","107230374"
"chr1","110030639","110030910","JH378161","4749496","4749769","43","105281143"
"chr1","110043584","110043886","JH378188","7232167","7232465","42","102811417"
"chr1","110046079","110046368","JH378255","1058410","1058705","47","108987669"
"chr1","110135716","110136017","JH378107","18459762","18460063","46","91675954"
"chr1","110184866","110185157","JH378123","5667081","5667374","34","104517785"
"chr1","110206777","110207060","JH378173","2558012","2558297","38","107648765"
"chr1","110265478","110265783","JH378220","3942885","3943187","45","106322593"
"chr1","110267718","110268015","JH378161","4968724","4969024","39","105298994"
"chr1","110309179","110309482","JH378188","7232167","7232465","46","103077012"
"chr1","110324221","110324504","JH378211","2387838","2388117","45","107936383"
"chr1","110344650","110344934","JH378173","2558012","2558297","33","107786638"
"chr1","110375050","110375354","JH378137","7326807","7327101","49","103048243"
"chr1","110379810","110380063","JH378229","3870707","3870967","43","106509103"
"chr1","110383737","110384019","JH378122","10066427","10066714","39","100317310"
"chr1","110384061","110384071","JH378105","48290961","48290972","3","62093100"
"chr1","110386930","110387211","JH378201","3588553","3588837","40","106798377"
"chr1","110398653","110398978","JH378284","371461","371790","54","110027192"
"chr1","110454690","110454820","JH378186","47418","47549","14","110407272"
"chr1","110461491","110461733","JH378216","2032845","2033090","36","108428646"
"chr1","110470993","110471284","JH378190","5062737","5063029","38","105408256"
"chr1","110472885","110473183","JH378185","1479643","1479936","37","108993242"
"chr1","110474305","110474601","JH378327","153981","154275","42","110320324"
"chr1","110478095","110478399","JH378141","15518519","15518815","40","94959576"
"chr1","110484994","110485294","JH378142","13337841","13338143","45","97147153"
"chr1","110487980","110488121","JH378296","556970","557110","19","109931010"
"chr1","110493210","110493492","JH378167","11500083","11500384","69","98993127"
"chr1","110494634","110494934","JH378134","18476109","18476404","41","92018525"
"chr1","110500717","110501007","JH378116","17309650","17309943","41","93191067"
"chr1","110504713","110505012","JH378116","14428154","14428454","53","96076559"
"chr1","110509378","110509412","JH378119","28756263","28756297","11","81753115"
"chr1","110510155","110510258","JH378112","21682946","21683043","12","88827209"
"chr1","110511064","110511353","JH378142","2765405","2765702","37","107745659"
"chr1","110531064","110531354","JH378141","14454762","14455052","41","96076302"
"chr1","110539152","110539428","JH378114","11400633","11400910","34","99138519"
"chr1","110542117","110542279","JH378124","5053207","5053351","42","105488910"
"chr1","110542567","110542738","JH378138","6922561","6922717","40","103620006"
"chr1","110543050","110543330","JH378108","34095581","34095868","49","76447469"
"chr1","110550340","110550616","JH378255","3804849","3805130","38","106745491"
"chr1","110563286","110563458","JH378167","6155819","6155989","23","104407467"
"chr1","110564215","110564518","JH378247","561987","562291","38","110002228"
"chr1","110574245","110574532","JH378124","6001393","6001683","38","104572852"
"chr1","110580619","110580932","JH378206","1446672","1446986","48","109133947"
"chr1","110587534","110587834","JH378135","4531365","4531638","59","106056169"
"chr1","110591179","110591464","JH378141","14454762","14455052","49","96136417"
"chr1","110594889","110595005","JH378125","3308196","3308310","26","107286693"
"chr1","110601199","110601475","JH378155","2506721","2506992","36","108094478"
"chr1","110602027","110602313","JH378291","1322249","1322537","38","109279778"
"chr1","110612337","110612641","JH378148","3100313","3100608","42","107512024"
"chr1","110614571","110614814","JH378232","307176","307420","30","110307395"
"chr1","110622703","110622981","JH378111","16968059","16968321","59","93654644"
"chr1","110638416","110638517","JH378129","7768071","7768169","11","102870345"
"chr1","110641463","110641774","JH378118","10693452","10693756","54","99948011"
"chr1","110648875","110649186","JH378133","19850966","19851274","48","90797909"
"chr1","110653846","110654130","JH378114","36224521","36224801","49","74429325"
"chr1","110659865","110660143","JH378161","5383754","5384029","56","105276111"
"chr1","110665809","110665948","JH378125","4589691","4589826","19","106076118"
"chr1","110667042","110667333","JH378141","18583347","18583640","42","92083695"
"chr1","110668404","110668692","JH378281","1616584","1616872","43","109051820"
"chr1","110677730","110678027","JH378316","239304","239604","43","110438426"
"chr1","110680328","110680616","JH378133","20682739","20683028","51","89997589"
"chr1","110712109","110712402","JH378166","4933469","4933757","42","105778640"
"chr1","110716353","110716646","JH378123","9608291","9608584","34","101108062"
"chr1","110747325","110747626","JH378301","496735","497037","42","110250590"
"chr1","110757034","110757343","JH378105","13849185","13849491","49","96907849"
"chr1","110763218","110763399","JH378305","902480","902652","65","109860738"
"chr1","110769277","110769589","JH378134","9453404","9453718","56","101315873"
"chr1","110775630","110775773","JH378112","19565815","19565959","14","91209815"
"chr1","110818261","110818558","JH378213","7097079","7097381","54","103721182"
"chr1","110832625","110832920","JH378111","10125047","10125338","44","100707578"
"chr1","110832921","110833055","JH378106","1342311","1342445","15","109490610"
"chr1","110878526","110878811","JH378105","69163567","69163856","42","41714959"
"chr1","111014202","111014500","JH378173","10662849","10663154","44","100351353"
"chr1","111026775","111027001","JH378290","1195101","1195331","47","109831674"
"chr1","111065546","111065835","JH378119","28803177","28803468","47","82262369"
"chr1","111066275","111066576","JH378152","16029844","16030148","51","95036431"
"chr1","111069468","111069758","JH378115","28803919","28804218","59","82265549"
"chr1","111080384","111080714","JH378161","5733023","5733338","51","105347361"
"chr1","111100515","111100831","JH378118","10693452","10693756","43","100407063"
"chr1","111119869","111120159","JH378281","1616584","1616872","47","109503285"
"chr1","111142796","111143106","JH378109","32780054","32780365","37","78362742"
"chr1","111168631","111168923","JH378117","15500096","15500389","55","95668535"
"chr1","111177144","111177434","JH378148","2011019","2011312","40","109166125"
"chr1","111201563","111201868","JH378176","9169030","9169331","39","102032533"
"chr1","111202399","111202690","JH378232","3348298","3348573","48","107854101"
"chr1","111260740","111261036","JH378114","37107689","37107986","46","74153051"
"chr1","112117726","112118006","JH378125","26150308","26150592","44","85967418"
"chr1","112162315","112162595","JH378189","177130","177409","32","111985185"
"chr1","112193290","112193354","JH378192","5558705","5558774","10","106634585"
"chr1","112244092","112244396","JH378121","9727786","9728090","51","102516306"
"chr1","112246297","112246605","JH378142","1173704","1174003","50","111072593"
"chr1","112382700","112382999","JH378153","14421312","14421611","41","97961388"
"chr1","112516786","112517085","JH378117","23693197","23693497","39","88823589"
"chr1","112540294","112540583","JH378194","8035993","8036286","38","104504301"
"chr1","112558124","112558435","JH378222","1253361","1253669","38","111304763"
"chr1","112564708","112564997","JH378131","782846","783128","42","111781862"
"chr1","112643241","112643351","JH378267","301562","301670","13","112341679"
"chr1","112686470","112686780","JH378117","9425420","9425726","46","103261050"
"chr1","112706872","112707170","JH378139","10433692","10433994","48","102273180"
"chr1","112735853","112736157","JH378106","69063427","69063728","46","43672426"
"chr1","112739714","112739837","JH378112","13291402","13291526","17","99448312"
"chr1","112814643","112814942","JH378115","25675129","25675433","60","87139514"
"chr1","112831837","112832095","JH378165","2768423","2768681","38","110063414"
"chr1","112885118","112885406","JH378153","14658508","14658797","48","98226610"
"chr1","112918926","112919226","JH378111","26034614","26034912","45","86884312"
"chr1","112936607","112936900","JH378123","21695970","21696268","44","91240637"
"chr1","112963159","112963444","JH378152","14449530","14449815","46","98513629"
"chr1","112968710","112968877","JH378312","374716","374883","39","112593994"
"chr1","112968912","112969028","JH378216","6968657","6968773","19","106000255"
"chr1","112990582","112990844","JH378315","357797","358060","39","112632785"
"chr1","113019591","113019887","JH378178","8042470","8042765","40","104977121"
"chr1","113059672","113059969","JH378127","13202957","13203249","47","99856715"
"chr1","113065388","113065517","JH378335","58834","58957","22","113006554"
"chr1","113542772","113543067","JH378153","2856479","2856773","37","110686293"
"chr1","113584117","113584420","JH378199","281986","282282","45","113302131"
"chr1","113605043","113605313","JH378228","5654163","5654435","43","107950880"
"chr1","113621080","113621381","JH378108","29501194","29501485","51","84119886"
"chr1","113642830","113643133","JH378163","12425279","12425581","44","101217551"
"chr1","113647583","113647875","JH378133","9812784","9813080","32","103834799"
"chr1","113648840","113649127","JH378316","364079","364370","41","113284761"
"chr1","113662318","113662598","JH378316","349715","349989","37","113312603"
"chr1","113662923","113663207","JH378152","14449530","14449815","45","99213393"
"chr1","113671364","113671675","JH378148","16955481","16955786","42","96715883"
"chr1","113676706","113676983","JH378221","506746","507023","44","113169960"
"chr1","113684188","113684500","JH378205","4278012","4278319","39","109406176"
"chr1","113688950","113689255","JH378131","11111973","11112271","53","102576977"
"chr1","113703624","113703934","JH378111","8712659","8712969","41","104990965"
"chr1","113706201","113706454","JH378297","2116238","2116489","58","111589963"
"chr1","113711052","113711323","JH378136","19783701","19783970","51","93927351"
"chr1","113715803","113716122","JH378150","2634839","2635156","48","111080964"
"chr1","113722083","113722389","JH378152","13742000","13742297","42","99980083"
"chr1","113729418","113729715","JH378138","6151545","6151845","47","107577873"
"chr1","113731117","113731415","JH378113","20938971","20939266","49","92792146"
"chr1","113745301","113745611","JH378149","17442486","17442791","49","96302815"
"chr1","113748134","113748439","JH378242","734891","735189","41","113013243"
"chr1","113748713","113748998","JH378122","7809799","7810085","32","105938914"
"chr1","113754419","113754679","JH378105","60476588","60476842","55","53277831"
"chr1","113772026","113772314","JH378127","4308793","4309081","35","109463233"
"chr1","113799002","113799308","JH378106","69063427","69063728","52","44735575"
"chr1","113800495","113800791","JH378123","21695970","21696268","52","92104525"
"chr1","113822379","113822675","JH378152","13742000","13742297","36","100080379"
"chr1","113840279","113840598","JH378190","9040170","9040456","62","104800109"
"chr1","113896914","113897221","JH378149","11349420","11349725","60","102547494"
"chr1","113908627","113908859","JH378154","13638108","13638333","44","100270519"
"chr1","113909668","113909945","JH378206","4101991","4102278","55","109807677"
"chr1","113912264","113912501","JH378122","6183298","6183540","46","107728966"
"chr1","113913002","113913306","JH378128","1631494","1631788","45","112281508"
"chr1","113921214","113921487","JH378111","37233117","37233391","38","76688097"
"chr1","113935139","113935429","JH378113","28935201","28935493","44","84999938"
"chr1","113956363","113956447","JH378252","3354744","3354829","11","110601619"
"chr1","113956912","113956967","JH378157","8565789","8565842","13","105391123"
"chr1","113962983","113963101","JH378149","3747832","3747949","17","110215151"
"chr1","117594094","117594404","JH378115","22456618","22456922","44","95137476"
"chr1","117687008","117687312","JH378106","65370916","65371216","55","52316092"
"chr1","117768600","117768879","JH378181","6507831","6508111","43","111260769"
"chr1","117793352","117793701","JH378125","4723480","4723807","76","113069872"
"chr1","117876776","117877074","JH378109","15102213","15102512","40","102774563"
"chr1","118080807","118081096","JH378184","5621805","5622094","66","112459002"
"chr1","118132706","118132988","JH378124","9865185","9865466","65","108267521"
"chr1","118211212","118211497","JH378159","12573495","12573776","51","105637717"
"chr1","118265072","118265360","JH378108","51058639","51058929","48","67206433"
"chr1","118283251","118283530","JH378192","5415267","5415549","38","112867984"
"chr1","118283751","118284059","JH378161","15051175","15051483","44","103232576"
"chr1","118285940","118286224","JH378244","3743113","3743406","54","114542827"
"chr1","118318540","118318848","JH378158","4130633","4130943","45","114187907"
"chr1","118337022","118337310","JH378241","528722","529011","39","117808300"
"chr1","118362965","118363277","JH378115","19583909","19584219","49","98779056"
"chr1","118375550","118375682","JH378106","1342311","1342445","12","117033239"
"chr1","118399552","118399857","JH378107","8856652","8856962","43","109542900"
"chr1","118401721","118402008","JH378197","6701048","6701344","48","111700673"
"chr1","118418570","118418853","JH378121","28833695","28833981","33","89584875"
"chr1","118437162","118437451","JH378153","2856479","2856773","39","115580683"
"chr1","118459727","118460030","JH378113","15232832","15233136","39","103226895"
"chr1","118472419","118472717","JH378146","775831","776122","53","117696588"
"chr1","118490528","118490822","JH378118","10693452","10693756","43","107797076"
"chr1","118573735","118574027","JH378111","26034614","26034912","40","92539121"
"chr1","118721568","118721851","JH378119","33025718","33025989","64","85695850"
"chr1","118776278","118776542","JH378148","2608523","2608785","47","116167755"
"chr1","118970960","118971124","JH378110","32538099","32538262","35","86432861"
"chr1","118971150","118971292","JH378116","38816749","38816881","27","80154401"
"chr1","118992671","118992982","JH378193","1868175","1868464","65","117124496"
"chr1","118993435","118993745","JH378139","15546874","15547182","48","103446561"
"chr1","119078844","119079151","JH378113","4126123","4126428","50","114952721"
"chr1","119094973","119095201","JH378190","9349905","9350131","32","109745068"
"chr1","119239647","119239924","JH378131","23998020","23998301","48","95241627"
"chr1","119317767","119318050","JH378148","15615368","15615649","55","103702399"
"chr1","119437534","119437732","JH378186","9064586","9064786","34","110372948"
"chr1","119500001","119500297","JH378116","25678224","25678517","59","93821777"
"chr1","119539856","119540175","JH378135","16449037","16449347","50","103090819"
"chr1","119575326","119575624","JH378148","13262362","13262662","47","106312964"
"chr1","119577067","119577351","JH378232","5884400","5884682","43","113692667"
"chr1","119587133","119587295","JH378148","2046250","2046409","32","117540883"
"chr1","119587324","119587438","JH378219","3394998","3395112","17","116192326"
"chr1","119603274","119603584","JH378188","7490346","7490651","39","112112928"
"chr1","119653254","119653519","JH378151","9077199","9077465","35","110576055"
"chr1","119718640","119718936","JH378105","58654423","58654726","43","61064217"
"chr1","119766632","119766932","JH378113","28735043","28735349","49","91031589"
"chr1","119824001","119824125","JH378115","22192485","22192607","15","97631516"
"chr1","119968364","119968660","JH378220","1011665","1011962","34","118956699"
"chr1","119969589","119969866","JH378161","13401104","13401381","40","106568485"
"chr1","120023917","120024221","JH378151","4578678","4578981","36","115445239"
"chr1","120029224","120029500","JH378204","4012532","4012811","42","116016692"
"chr1","120053365","120053658","JH378161","13310208","13310505","49","106743157"
"chr1","120206372","120206678","JH378106","1345438","1345748","43","118860934"
"chr1","120211339","120211625","JH378122","7809799","7810085","41","112401540"
"chr1","120221624","120221928","JH378277","308065","308370","42","119913559"
"chr1","120245688","120245820","JH378161","13123294","13123425","10","107122394"
"chr1","120261722","120262035","JH378137","11224068","11224379","42","109037654"
"chr1","120301965","120302260","JH378203","139748","140045","53","120162217"
"chr1","120337225","120337530","JH378119","2681409","2681712","44","117655816"
"chr1","120344422","120344728","JH378115","33120815","33121115","50","87223607"
"chr1","120388198","120388482","JH378151","8701610","8701895","50","111686588"
"chr1","120430298","120430560","JH378107","29393673","29393934","41","91036625"
"chr1","120436588","120436892","JH378247","561987","562291","42","119874601"
"chr1","120447407","120447694","JH378108","30957686","30957982","43","89489721"
"chr1","120450530","120450734","JH378126","10398390","10398580","40","110052140"
"chr1","120462257","120462563","JH378148","16955481","16955786","47","103506776"
"chr1","120489818","120490129","JH378148","3485416","3485723","42","117004402"
"chr1","120506733","120507025","JH378105","14432202","14432497","38","106074531"
"chr1","120541606","120541891","JH378253","4126633","4126923","45","116414973"
"chr1","120592668","120592965","JH378161","12781033","12781328","39","107811635"
"chr1","120621008","120621139","JH378200","3514102","3514234","15","117106906"
"chr1","120628739","120629036","JH378128","24011445","24011747","49","96617294"
"chr1","120647726","120648021","JH378252","574573","574872","47","120073153"
"chr1","120671192","120671486","JH378135","20298147","20298439","36","100373045"
"chr1","120742081","120742374","JH378141","15518519","15518815","37","105223562"
"chr1","120744889","120745190","JH378118","14888017","14888318","40","105856872"
"chr1","120788383","120788662","JH378117","3427458","3427743","50","117360925"
"chr1","120828724","120829027","JH378129","2351181","2351488","40","118477543"
"chr1","120847424","120847731","JH378109","40710999","40711306","44","80136425"
"chr1","120854858","120855152","JH378111","34678603","34678901","38","86176255"
"chr1","121030757","121031006","JH378300","799950","800197","41","120230807"
"chr1","121046649","121046959","JH378314","184239","184548","53","120862410"
"chr1","121060247","121060542","JH378110","21383801","21384099","37","99676446"
"chr1","121156133","121156424","JH378116","17309650","17309943","43","103846483"
"chr1","121172929","121173007","JH378137","16947378","16947454","13","104225551"
"chr1","121173017","121173323","JH378185","1464210","1464514","49","119708807"
"chr1","121176666","121176974","JH378276","134131","134438","49","121042535"
"chr1","121247069","121247378","JH378247","561987","562291","46","120685082"
"chr1","121259243","121259497","JH378206","3843876","3844134","45","117415367"
"chr1","121341290","121341599","JH378115","5066399","5066714","48","116274891"
"chr1","121365458","121365596","JH378301","60620","60752","19","121304838"
"chr1","121388427","121388735","JH378114","43778369","43778670","45","77610058"
"chr1","121395413","121395705","JH378111","8498303","8498600","50","112897110"
"chr1","121415564","121415875","JH378115","19583909","19584219","47","101831655"
"chr1","121522142","121522430","JH378126","21828051","21828342","49","99694091"
"chr1","121573242","121573531","JH378177","1170014","1170294","34","120403228"
"chr1","121628027","121628321","JH378201","863847","864133","45","120764180"
"chr1","121709779","121710079","JH378176","5060132","5060429","32","116649647"
"chr1","121724014","121724326","JH378154","13561581","13561891","37","108162433"
"chr1","121742492","121742789","JH378117","28380219","28380513","54","93362273"
"chr1","121748397","121748706","JH378161","11744495","11744801","38","110003902"
"chr1","121838127","121838428","JH378153","14175225","14175527","48","107662902"
"chr1","121869269","121869583","JH378157","10762524","10762837","53","111106745"
"chr1","121923344","121923633","JH378149","1955740","1956029","41","119967604"
"chr1","121934235","121934535","JH378118","10693452","10693756","39","111240783"
"chr1","121939320","121939605","JH378109","16678057","16678340","43","105261263"
"chr1","122005865","122006150","JH378257","303275","303558","47","121702590"
"chr1","122025163","122025451","JH378119","5505381","5505671","47","116519782"
"chr1","122054864","122055172","JH378224","2515142","2515446","44","119539722"
"chr1","122081869","122082171","JH378113","14308366","14308666","61","107773503"
"chr1","122117452","122117737","JH378156","3213769","3214050","41","118903683"
"chr1","122252883","122253166","JH378127","20988283","20988571","41","101264600"
"chr1","122337198","122337491","JH378200","4317868","4318159","37","118019330"
"chr1","122487887","122488177","JH378136","354228","354520","34","122133659"
"chr1","122603535","122603825","JH378131","2379402","2379697","43","120224133"
"chr1","122662455","122662747","JH378159","12573495","12573776","47","110088960"
"chr1","122669134","122669430","JH378161","10865965","10866262","43","111803169"
"chr1","122703273","122703582","JH378124","27126736","27127048","43","95576537"
"chr1","122737766","122738089","JH378135","16449037","16449347","54","106288729"
"chr1","122755701","122756012","JH378118","4589604","4589912","47","118166097"
"chr1","122780800","122781090","JH378306","1121831","1122118","60","121658969"
"chr1","122791912","122792209","JH378203","1924018","1924303","44","120867894"
"chr1","122826683","122826992","JH378281","1512369","1512678","39","121314314"
"chr1","122853659","122853890","JH378186","5607171","5607396","32","117246488"
"chr1","122864420","122864719","JH378247","4426259","4426553","48","118438161"
"chr1","122865330","122865623","JH378161","10726233","10726525","48","112139097"
"chr1","122898592","122898903","JH378177","9865797","9866102","51","113032795"
"chr1","122906243","122906543","JH378159","8831239","8831544","55","114075004"
"chr1","122909281","122909565","JH378167","12386560","12386845","36","110522721"
"chr1","122917796","122918091","JH378123","97512","97808","47","122820284"
"chr1","122919208","122919501","JH378138","6648162","6648458","38","116271046"
"chr1","122926022","122926333","JH378284","98325","98634","43","122827697"
"chr1","122954053","122954343","JH378213","4435380","4435669","45","118518673"
"chr1","122959380","122959737","JH378214","2164971","2165307","107","120794409"
"chr1","122964844","122965129","JH378157","314143","314431","42","122650701"
"chr1","122969887","122970066","JH378215","1466439","1466607","33","121503448"
"chr1","122971000","122971300","JH378106","63132227","63132529","55","59838773"
"chr1","122980210","122980503","JH378161","10613645","10613943","42","112366565"
"chr1","122982092","122982399","JH378113","4126123","4126428","45","118855969"
"chr1","122990594","122990893","JH378290","1449167","1449465","48","121541427"
"chr1","122998756","122999047","JH378161","10595844","10596137","32","112402912"
"chr1","123008059","123008360","JH378151","17066381","17066684","39","105941678"
"chr1","123009244","123009541","JH378123","21695970","21696268","38","101313274"
"chr1","123014833","123015113","JH378126","1079320","1079599","36","121935513"
"chr1","123027288","123027573","JH378141","14454762","14455052","39","108572526"
"chr1","123031076","123031391","JH378145","23363","23674","51","123007713"
"chr1","123033407","123033715","JH378110","40162987","40163301","65","82870420"
"chr1","123058146","123058394","JH378214","2216720","2216969","38","120841426"
"chr1","123058878","123059189","JH378125","4533400","4533689","63","118525478"
"chr1","123064974","123065196","JH378135","20232986","20233206","44","102831988"
"chr1","123083300","123083595","JH378127","5317720","5318008","39","117765580"
"chr1","123083817","123083951","JH378161","10512091","10512225","16","112571726"
"chr1","123094492","123094797","JH378262","1936694","1936996","46","121157798"
"chr1","123111401","123111673","JH378167","623995","624268","42","122487406"
"chr1","123119165","123119463","JH378127","4712903","4713204","40","118406262"
"chr1","123119989","123120273","JH378137","3926804","3927087","45","119193185"
"chr1","123125124","123125352","JH378213","791413","791651","50","122333711"
"chr1","123157704","123158066","JH378152","16329204","16329555","80","106828500"
"chr1","123203583","123203894","JH378114","36876536","36876843","50","86327047"
"chr1","123221951","123222243","JH378116","25790477","25790774","54","97431474"
"chr1","123226514","123226806","JH378106","66182477","66182768","48","57044037"
"chr1","123250357","123250656","JH378199","281986","282282","35","122968371"
"chr1","123251282","123251541","JH378114","20734954","20735221","35","102516328"
"chr1","123262073","123262396","JH378265","653541","653852","53","122608532"
"chr1","123263417","123263713","JH378153","2856479","2856773","32","120406938"
"chr1","123290484","123290794","JH378118","10693452","10693756","44","112597032"
"chr1","123294332","123294666","JH378105","1099330","1099658","53","122195002"
"chr1","123333378","123333673","JH378135","14597687","14597982","44","108735691"
"chr1","123369988","123370307","JH378121","15643222","15643539","66","107726766"
"chr1","123543894","123544177","JH378228","2004712","2004995","53","121539182"
"chr1","123611948","123612257","JH378161","9987688","9987999","43","113624260"
"chr1","123668587","123668889","JH378126","782415","782718","46","122886172"
"chr1","123680146","123680435","JH378105","13378547","13378835","41","110301599"
"chr1","123713464","123713716","JH378115","29620472","29620729","49","94092992"
"chr1","123739226","123739504","JH378161","9856618","9856896","29","113882608"
"chr1","123744478","123744610","JH378153","10082661","10082792","13","113661817"
"chr1","123763042","123763345","JH378114","29824875","29825176","45","93938167"
"chr1","123764685","123765006","JH378198","2805494","2805811","55","120959191"
"chr1","123776012","123776290","JH378177","5640956","5641241","47","118135056"
"chr1","123802425","123802717","JH378111","43268192","43268483","43","80534233"
"chr1","123803396","123803701","JH378156","1589991","1590295","40","122213405"
"chr1","123826106","123826416","JH378137","4045758","4046064","43","119780348"
"chr1","123951585","123951885","JH378123","21695970","21696268","39","102255615"
"chr1","124689678","124689942","JH378156","2634405","2634673","61","122055273"
"chr1","124698861","124699155","JH378139","1944019","1944317","40","122754842"
"chr1","124711287","124711578","JH378140","4991556","4991842","39","119719731"
"chr1","124712662","124712958","JH378149","14276770","14277061","43","110435892"
"chr1","124731703","124731996","JH378141","14454762","14455052","41","110276941"
"chr1","124740298","124740591","JH378115","18945573","18945870","41","105794725"
"chr1","124749055","124749147","JH378153","789346","789444","11","123959709"
"chr1","124749259","124749534","JH378111","6614313","6614591","40","118134946"
"chr1","124758120","124758414","JH378200","261439","261727","40","124496681"
"chr1","124765528","124765597","JH378192","5558705","5558774","9","119206823"
"chr1","124766904","124767192","JH378127","19331819","19332107","50","105435085"
"chr1","124794965","124795259","JH378226","6485812","6486107","35","118309153"
"chr1","124800208","124800498","JH378121","16577236","16577527","36","108222972"
"chr1","124817417","124817716","JH378123","21695970","21696268","43","103121447"
"chr1","124823486","124823795","JH378235","3957900","3958200","44","120865586"
"chr1","124836041","124836349","JH378241","4776446","4776753","58","120059595"
"chr1","124843032","124843330","JH378197","8660298","8660600","51","116182734"
"chr1","124845022","124845323","JH378144","12633878","12634181","59","112211144"
"chr1","124852971","124853275","JH378114","38793298","38793595","46","86059673"
"chr1","124871624","124871922","JH378240","3063301","3063598","49","121808323"
"chr1","124899775","124900068","JH378117","6076538","6076831","38","118823237"
"chr1","124927819","124928127","JH378140","6180514","6180816","45","118747305"
"chr1","124936664","124936930","JH378115","34636045","34636311","38","90300619"
"chr1","125008789","125009082","JH378259","3560296","3560587","47","121448493"
"chr1","125058071","125058370","JH378115","14334590","14334886","44","110723481"
"chr1","125070773","125071070","JH378161","8634095","8634377","52","116436678"
"chr1","125093162","125093462","JH378239","93475","93776","45","124999687"
"chr1","125125979","125126262","JH378221","506746","507023","40","124619233"
"chr1","125157382","125157693","JH378123","28766081","28766389","41","96391301"
"chr1","125159768","125160064","JH378141","14454762","14455052","35","110705006"
"chr1","125161664","125161949","JH378122","7809799","7810085","48","117351865"
"chr1","125209064","125209366","JH378115","34860842","34861138","51","90348222"
"chr1","125209417","125209708","JH378135","1343448","1343737","44","123865969"
"chr1","125233606","125233901","JH378242","734891","735189","40","124498715"
"chr1","125245431","125245739","JH378188","9401785","9402089","41","115843646"
"chr1","125253582","125253718","JH378106","1342311","1342445","18","123911271"
"chr1","125253719","125254004","JH378131","19204543","19204827","38","106049176"
"chr1","125264050","125264334","JH378118","1029341","1029628","41","124234709"
"chr1","125267102","125267396","JH378123","15726416","15726711","58","109540686"
"chr1","125284468","125284772","JH378153","2856479","2856773","50","122427989"
"chr1","125288193","125288494","JH378116","14428154","14428454","34","110860039"
"chr1","125305264","125305596","JH378121","27528745","27529076","55","97776519"
"chr1","125356718","125356930","JH378161","8345102","8345310","31","117011616"
"chr1","125394299","125394608","JH378140","18900674","18900984","47","106493625"
"chr1","125419955","125420255","JH378148","2121804","2122106","45","123298151"
"chr1","125523890","125524188","JH378140","17784224","17784519","36","107739666"
"chr1","125562459","125562744","JH378115","3373630","3373913","42","122188829"
"chr1","125997047","125997359","JH378131","16707957","16708257","52","109289090"
"chr1","126014201","126014508","JH378112","30721676","30721989","45","95292525"
"chr1","126108931","126109224","JH378242","734891","735189","38","125374040"
"chr1","126138054","126138364","JH378161","7566175","7566477","42","118571879"
"chr1","126152259","126152557","JH378116","25790477","25790774","50","100361782"
"chr1","126154819","126155066","JH378126","23877123","23877373","42","102277696"
"chr1","126158437","126158745","JH378262","1936694","1936996","39","124221743"
"chr1","126160829","126161120","JH378112","35581034","35581316","49","90579795"
"chr1","126367119","126367429","JH378183","433816","434121","48","125933303"
"chr1","126380631","126380941","JH378161","7415320","7415626","36","118965311"
"chr1","126480276","126480573","JH378113","14532240","14532539","47","111948036"
"chr1","126520467","126520763","JH378148","2011019","2011312","40","124509448"
"chr1","126542924","126543248","JH378238","4855283","4855594","65","121687641"
"chr1","126567819","126568118","JH378106","69063427","69063728","42","57504392"
"chr1","126593785","126594034","JH378106","59305283","59305541","35","67288502"
"chr1","126630493","126630785","JH378171","5901188","5901476","47","120729305"
"chr1","126657844","126658132","JH378161","7192536","7192820","35","119465308"
"chr1","126723225","126723532","JH378197","8660298","8660600","45","118062927"
"chr1","126734283","126734577","JH378148","12335761","12336055","45","114398522"
"chr1","126813015","126813292","JH378189","719706","719987","42","126093309"
"chr1","126842374","126842697","JH378139","3255687","3256005","47","123586687"
"chr1","126846590","126846896","JH378161","7036379","7036678","36","119810211"
"chr1","126902344","126902654","JH378127","22231357","22231665","50","104670987"
"chr1","126998253","126998549","JH378135","14597687","14597982","48","112400566"
"chr1","127014199","127014507","JH378119","29592845","29593151","48","97421354"
"chr1","127051071","127051365","JH378123","23199722","23199987","60","103851349"
"chr1","127149402","127149664","JH378140","6607165","6607427","42","120542237"
"chr1","127189073","127189369","JH378115","30401019","30401318","46","96788054"
"chr1","127200810","127201096","JH378161","6715286","6715577","48","120485524"
"chr1","127244327","127244627","JH378123","5667081","5667374","40","121577246"
"chr1","127258958","127259259","JH378116","14428154","14428454","41","112830804"
"chr1","127260840","127261154","JH378113","17168263","17168574","44","110092577"
"chr1","127271057","127271358","JH378255","3447746","3448043","35","123823311"
"chr1","127282988","127283283","JH378123","9608291","9608584","38","117674697"
"chr1","127283562","127283865","JH378151","4578678","4578981","37","122704884"
"chr1","127297781","127298082","JH378111","40734534","40734829","51","86563247"
"chr1","127304114","127304404","JH378161","6608138","6608426","43","120695976"
"chr1","127323552","127323844","JH378127","4742669","4742955","46","122580883"
"chr1","127330473","127330776","JH378106","6755249","6755548","40","120575224"
"chr1","127331549","127331850","JH378148","16955481","16955786","44","110376068"
"chr1","127338150","127338435","JH378220","3631066","3631357","56","123707084"
"chr1","127342882","127343147","JH378225","5615843","5616109","44","121727039"
"chr1","127357784","127358093","JH378204","3129799","3130101","51","124227985"
"chr1","127367148","127367448","JH378216","4809975","4810272","43","122557173"
"chr1","127369847","127370163","JH378206","7466801","7467112","48","119903046"
"chr1","127427931","127428230","JH378255","1058410","1058705","34","126369521"
"chr1","127429540","127429607","JH378161","6492827","6492892","9","120936713"
"chr1","127582627","127582935","JH378161","6337113","6337425","41","121245514"
"chr1","127614066","127614341","JH378133","15571704","15571988","41","112042362"
"chr1","127621106","127621294","JH378152","13120743","13120919","34","114500363"
"chr1","127641996","127642290","JH378290","1945849","1946143","46","125696147"
"chr1","127660055","127660385","JH378194","2892291","2892620","61","124767764"
"chr1","127667970","127668269","JH378181","3775734","3776035","41","123892236"
"chr1","127736614","127736894","JH378115","15001483","15001774","49","112735131"
"chr1","127740698","127740985","JH378112","19879719","19880008","35","107860979"
"chr1","127746237","127746546","JH378115","35609886","35610189","42","92136351"
"chr1","127746698","127746979","JH378192","5415267","5415549","48","122331431"
"chr1","127750180","127750476","JH378145","10500061","10500358","43","117250119"
"chr1","127824358","127824664","JH378110","21383801","21384099","39","106440557"
"chr1","127863372","127863642","JH378116","22123523","22123786","56","105739849"
"chr1","127869756","127870045","JH378108","24083744","24084033","41","103786012"
"chr1","127883918","127884204","JH378105","58742195","58742484","45","69141723"
"chr1","127895741","127895992","JH378161","6031998","6032266","42","121863743"
"chr1","128419776","128420078","JH378137","4045758","4046064","59","124374018"
"chr1","128423467","128423759","JH378114","36465963","36466259","45","91957504"
"chr1","128429838","128430135","JH378246","535736","536035","56","127894102"
"chr1","128453131","128453419","JH378141","2327726","2328016","47","126125405"
"chr1","128463501","128463822","JH378148","2797982","2798286","60","125665519"
"chr1","128465105","128465392","JH378245","2901271","2901555","48","125563834"
"chr1","128470451","128470750","JH378242","734891","735189","43","127735560"
"chr1","128541014","128541272","JH378315","357797","358060","42","128183217"
"chr1","128578557","128578852","JH378154","1232178","1232470","38","127346379"
"chr1","128590086","128590374","JH378144","9471579","9471864","63","119118507"
"chr1","128619299","128619608","JH378277","1770030","1770327","59","126849269"
"chr1","128620374","128620470","JH378248","129091","129190","21","128491283"
"chr1","128650287","128650519","JH378105","45639946","45640176","34","83010341"
"chr1","128656491","128656768","JH378225","701243","701513","52","127955248"
"chr1","128659096","128659392","JH378174","5416113","5416416","43","123242983"
"chr1","128680086","128680391","JH378158","4130633","4130943","49","124549453"
"chr1","128690766","128691068","JH378145","10500061","10500358","44","118190705"
"chr1","128713939","128714069","JH378105","334433","334565","17","128379506"
"chr1","128721990","128722284","JH378291","915200","915491","41","127806790"
"chr1","128730398","128730693","JH378257","4044934","4045228","39","124685464"
"chr1","128741134","128741432","JH378206","931152","931446","42","127809982"
"chr1","128791405","128791717","JH378151","14190592","14190902","51","114600813"
"chr1","128792941","128793224","JH378189","719706","719987","37","128073235"
"chr1","128819604","128819900","JH378114","22526707","22527002","44","106292897"
"chr1","128891585","128891881","JH378281","467526","467818","53","128424059"
"chr1","128939168","128939465","JH378125","5364994","5365289","44","123574174"
"chr1","128958856","128959166","JH378154","13561581","13561891","37","115397275"
"chr1","128964289","128964425","JH378257","3818083","3818219","15","125146206"
"chr1","128984056","128984365","JH378127","10876181","10876484","41","118107875"
"chr1","128994240","128994544","JH378204","3129799","3130101","38","125864441"
"chr1","128999114","128999424","JH378194","3136266","3136578","47","125862848"
"chr1","128999615","128999899","JH378124","6796198","6796485","40","122203417"
"chr1","129003188","129003500","JH378109","8789275","8789581","43","120213913"
"chr1","129014255","129014560","JH378219","3311406","3311721","68","125702849"
"chr1","129019249","129019552","JH378148","3092528","3092826","37","125926721"
"chr1","129023746","129024027","JH378117","26189716","26190001","33","102834030"
"chr1","129037190","129037500","JH378269","2798798","2799107","45","126238392"
"chr1","129042878","129043171","JH378180","6000964","6001266","39","123041914"
"chr1","129043778","129044073","JH378225","671237","671529","45","128372541"
"chr1","129053265","129053570","JH378157","10039092","10039395","41","119014173"
"chr1","129070164","129070464","JH378152","13742000","13742297","36","115328164"
"chr1","129086980","129087289","JH378214","2093135","2093445","55","126993845"
"chr1","129095950","129096235","JH378127","58177","58449","54","129037773"
"chr1","129112695","129112942","JH378131","15410992","15411249","46","113701703"
"chr1","129116501","129116795","JH378110","3397028","3397322","39","125719473"
"chr1","129122568","129122891","JH378114","19770959","19771270","50","109351609"
"chr1","129126028","129126330","JH378188","7232167","7232465","51","121893861"
"chr1","129134572","129134871","JH378107","58193840","58194139","42","70940732"
"chr1","129137526","129137538","JH378105","48290961","48290972","3","80846565"
"chr1","129137565","129137858","JH378111","33703293","33703577","47","95434272"
"chr1","129140962","129141253","JH378109","8720176","8720466","34","120420786"
"chr1","129145232","129145521","JH378105","59770216","59770503","38","69375016"
"chr1","129155744","129156035","JH378288","2566365","2566649","41","126589379"
"chr1","129173074","129173369","JH378111","38162771","38163069","41","91010303"
"chr1","129182293","129182584","JH378163","9182756","9183045","37","119999537"
"chr1","129182797","129183057","JH378124","10666788","10667063","51","118516009"
"chr1","129186387","129186684","JH378146","775831","776122","46","128410556"
"chr1","129189646","129189944","JH378259","3560296","3560587","40","125629350"
"chr1","129192628","129192925","JH378114","22526707","22527002","50","106665921"
"chr1","129198404","129198712","JH378234","2806107","2806409","51","126392297"
"chr1","129201066","129201362","JH378146","1661176","1661473","52","127539890"
"chr1","129201382","129201689","JH378151","4578678","4578981","39","124622704"
"chr1","129213653","129213957","JH378148","2011019","2011312","56","127202634"
"chr1","129222890","129223200","JH378148","16955481","16955786","41","112267409"
"chr1","129237670","129237980","JH378158","4130633","4130943","44","125107037"
"chr1","129260816","129261099","JH378216","3323731","3324020","47","125937085"
"chr1","129272061","129272374","JH378124","27126736","27127048","42","102145325"
"chr1","129273424","129273736","JH378220","4418359","4418666","45","124855065"
"chr1","129283498","129283799","JH378176","9100046","9100345","44","120183452"
"chr1","129285521","129285815","JH378110","35275112","35275411","51","94010409"
"chr1","129296051","129296342","JH378121","16577236","16577527","34","112718815"
"chr1","129302298","129302537","JH378139","13387568","13387813","36","115914730"
"chr1","129304765","129305061","JH378141","14454762","14455052","39","114850003"
"chr1","129309374","129309701","JH378287","88175","88493","54","129221199"
"chr1","129313303","129313591","JH378117","26189716","26190001","51","103123587"
"chr1","129319015","129319294","JH378216","6403971","6404254","54","122915044"
"chr1","129325464","129325733","JH378342","63308","63574","35","129262156"
"chr1","129329590","129329611","JH378113","38140728","38140753","7","91188862"
"chr1","129329654","129329890","JH378213","3884619","3884863","57","125445035"
"chr1","129342759","129343049","JH378141","14454762","14455052","43","114887997"
"chr1","129365612","129365916","JH378213","5758371","5758671","52","123607241"
"chr1","129368076","129368375","JH378115","26968615","26968913","35","102399461"
"chr1","129373751","129374003","JH378167","6373970","6374217","41","122999781"
"chr1","129389131","129389423","JH378137","4545019","4545309","49","124844112"
"chr1","129393187","129393465","JH378260","2450704","2450976","40","126942483"
"chr1","129400774","129401055","JH378269","679042","679330","53","128721732"
"chr1","129414916","129415212","JH378156","1663797","1664092","42","127751119"
"chr1","129421576","129421881","JH378115","4860657","4860961","41","124560919"
"chr1","129428915","129429224","JH378110","7850107","7850410","38","121578808"
"chr1","129442265","129442571","JH378277","308065","308370","44","129134200"
"chr1","129453594","129453907","JH378137","5882066","5882368","57","123571528"
"chr1","129473597","129473661","JH378133","15781856","15781921","25","113691741"
"chr1","129474132","129474439","JH378123","28766081","28766389","42","100708051"
"chr1","129487450","129487756","JH378115","26968615","26968913","42","102518835"
"chr1","129494032","129494320","JH378116","14428154","14428454","48","115065878"
"chr1","129508723","129509016","JH378153","12427000","12427301","56","117081723"
"chr1","129516604","129516905","JH378214","5755548","5755843","39","123761056"
"chr1","129558486","129558785","JH378120","10329871","10330161","44","119228615"
"chr1","129580663","129580932","JH378105","59531397","59531667","43","70049266"
"chr1","129609703","129609999","JH378118","35534669","35534967","39","94075034"
"chr1","129621431","129621735","JH378148","2797982","2798286","41","126823449"
"chr1","129630828","129630959","JH378158","3234628","3234759","16","126396200"
"chr1","129642197","129642326","JH378107","16636589","16636724","18","113005608"
"chr1","129656921","129657215","JH378158","516472","516776","40","129140449"
"chr1","129657263","129657553","JH378146","775831","776122","40","128881432"
"chr1","129685631","129685755","JH378167","53709","53832","21","129631922"
"chr1","129691617","129691925","JH378135","16680524","16680831","41","113011093"
"chr1","129695851","129696131","JH378246","3722473","3722758","56","125973378"
"chr1","129697205","129697344","JH378204","5096599","5096740","20","124600606"
"chr1","129701315","129701626","JH378206","1268945","1269256","39","128432370"
"chr1","129710942","129711252","JH378108","8388787","8389097","43","121322155"
"chr1","129713828","129714121","JH378257","3101020","3101316","28","126612808"
"chr1","129738164","129738470","JH378257","3076859","3077160","45","126661305"
"chr1","129743181","129743414","JH378167","8605574","8605818","56","121137607"
"chr1","129743442","129743465","JH378113","38140728","38140753","9","91602714"
"chr1","129778030","129778181","JH378264","1606297","1606420","49","128171733"
"chr1","129778485","129778632","JH378110","32570542","32570685","25","97207943"
"chr1","129784158","129784464","JH378269","1106814","1107118","48","128677344"
"chr1","129793388","129793667","JH378194","7963931","7964213","41","121829457"
"chr1","129800897","129801190","JH378257","3016435","3016741","44","126784462"
"chr1","129821510","129821847","JH378257","2994774","2995081","57","126826736"
"chr1","129824005","129824314","JH378148","16955481","16955786","39","112868524"
"chr1","129829627","129829927","JH378180","768623","768922","51","129061004"
"chr1","129832766","129833061","JH378135","3487580","3487886","50","126345186"
"chr1","129839485","129839785","JH378153","10068801","10069097","45","119770684"
"chr1","129844506","129844806","JH378257","2967900","2968190","49","126876606"
"chr1","129894167","129894483","JH378113","17168263","17168574","52","112725904"
"chr1","129896191","129896486","JH378177","11102320","11102611","51","118793871"
"chr1","129909810","129909975","JH378267","358566","358737","28","129551244"
"chr1","129910282","129910422","JH378127","1911446","1911575","18","127998836"
"chr1","129917972","129918227","JH378163","5021780","5022033","46","124896192"
"chr1","129920589","129920840","JH378127","19182180","19182431","51","110738409"
"chr1","129928030","129928332","JH378135","3487580","3487886","56","126440450"
"chr1","129946843","129947138","JH378177","1504464","1504762","45","128442379"
"chr1","129953934","129954217","JH378131","1474328","1474605","42","128479606"
"chr1","129959080","129959375","JH378123","5667081","5667374","36","124291999"
"chr1","129973520","129973651","JH378284","1704878","1705008","19","128268642"
"chr1","129985054","129985351","JH378257","2825254","2825547","40","127159800"
"chr1","129988179","129988423","JH378254","3557534","3557776","43","126430645"
"chr1","129990214","129990483","JH378232","2920110","2920380","44","127070104"
"chr1","129993940","129994248","JH378158","4130633","4130943","43","125863307"
"chr1","130002266","130002577","JH378125","858229","858541","49","129144037"
"chr1","130008441","130008721","JH378156","2268126","2268391","47","127740315"
"chr1","130028239","130028538","JH378265","117843","118145","58","129910396"
"chr1","130050281","130050574","JH378109","6610832","6611124","41","123439449"
"chr1","130076922","130077280","JH378309","1102050","1102379","70","128974872"
"chr1","130078629","130078945","JH378301","920694","921000","46","129157935"
"chr1","130098013","130098305","JH378152","12845481","12845764","39","117252532"
"chr1","130104927","130105231","JH378130","600101","600403","51","129504826"
"chr1","130106645","130106949","JH378131","1383377","1383686","48","128723268"
"chr1","130107788","130107946","JH378172","7149327","7149485","29","122958461"
"chr1","130118964","130119251","JH378105","2788745","2789032","40","127330219"
"chr1","130161330","130161639","JH378112","30721676","30721989","51","99439654"
"chr1","130165373","130165681","JH378191","1053330","1053642","42","129112043"
"chr1","130181041","130181311","JH378107","57243311","57243584","43","72937730"
"chr1","130183827","130184122","JH378242","734891","735189","35","129448936"
"chr1","130196891","130197191","JH378179","9954226","9954525","42","120242665"
"chr1","130198905","130199192","JH378227","3592000","3592283","56","126606905"
"chr1","130204463","130204692","JH378137","8528832","8529057","31","121675631"
"chr1","130212465","130212730","JH378110","7925750","7926017","41","122286715"
"chr1","130216914","130217189","JH378283","1409036","1409310","36","128807878"
"chr1","130223421","130223672","JH378109","36503543","36503787","40","93719878"
"chr1","130224234","130224524","JH378232","648657","648945","52","129575577"
"chr1","130241318","130241621","JH378148","2754402","2754696","52","127486916"
"chr1","130280441","130280626","JH378152","13120743","13120919","38","117159698"
"chr1","130289337","130289469","JH378152","10907464","10907596","15","119381873"
"chr1","130289777","130289947","JH378196","989088","989254","35","129300689"
"chr1","130294759","130295049","JH378191","923121","923417","43","129371638"
"chr1","130332594","130332896","JH378156","5158705","5158995","46","125173889"
"chr1","130343262","130343562","JH378110","28215334","28215630","46","102127928"
"chr1","130344518","130344730","JH378151","5514359","5514566","32","124830159"
"chr1","130355845","130356142","JH378116","25790477","25790774","39","104565368"
"chr1","130358101","130358415","JH378173","6914461","6914770","43","123443640"
"chr1","130358548","130358864","JH378291","836169","836477","45","129522379"
"chr1","130361358","130361641","JH378193","2263082","2263366","36","128098276"
"chr1","130366092","130366397","JH378173","6638457","6638763","46","123727635"
"chr1","130371838","130372132","JH378168","3584634","3584929","41","126787204"
"chr1","130372597","130372713","JH378105","13604037","13604153","17","116768560"
"chr1","130438531","130438829","JH378111","8498303","8498600","44","121940228"
"chr1","130439993","130440289","JH378148","2754402","2754696","40","127685591"
"chr1","130449960","130450273","JH378199","949028","949335","43","129500932"
"chr1","130451879","130452206","JH378157","1154304","1154607","85","129297575"
"chr1","130455327","130455541","JH378120","3191152","3191356","40","127264175"
"chr1","130470897","130471181","JH378257","2342173","2342453","29","128128724"
"chr1","130472181","130472251","JH378126","23799482","23799549","9","106672699"
"chr1","130482178","130482492","JH378115","28553246","28553551","47","101928932"
"chr1","130489376","130489622","JH378114","36661328","36661567","49","93828048"
"chr1","130493171","130493473","JH378149","14546048","14546350","39","115947123"
"chr1","130498514","130498790","JH378111","16422425","16422715","47","114076089"
"chr1","130513242","130513485","JH378275","1692408","1692657","49","128820834"
"chr1","130527938","130528235","JH378194","8035993","8036286","50","122491945"
"chr1","130545947","130546264","JH378106","64277322","64277634","63","66268625"
"chr1","130547009","130547288","JH378107","4953032","4953313","38","125593977"
"chr1","130553036","130553339","JH378188","7232167","7232465","42","123320869"
"chr1","130579197","130579493","JH378125","8254774","8255068","43","122324423"
"chr1","130592960","130593272","JH378188","9401785","9402089","43","121191175"
"chr1","130598748","130599041","JH378188","7232167","7232465","41","123366581"
"chr1","130604037","130604347","JH378127","1791547","1791857","39","128812490"
"chr1","130605810","130606103","JH378151","5890359","5890655","50","124715451"
"chr1","130625233","130625525","JH378176","9100046","9100345","41","121525187"
"chr1","130649246","130649551","JH378124","22709447","22709750","49","107939799"
"chr1","130684224","130684521","JH378151","4578678","4578981","41","126105546"
"chr1","130698028","130698336","JH378107","596113","596420","43","130101915"
"chr1","130725223","130725529","JH378235","3957900","3958200","45","126767323"
"chr1","130734535","130734809","JH378105","37154920","37155200","58","93579615"
"chr1","130735567","130735839","JH378105","65209596","65209868","40","65525971"
"chr1","130737157","130737448","JH378239","1961169","1961462","49","128775988"
"chr1","130774734","130775040","JH378113","18598460","18598758","55","112176274"
"chr1","130784592","130784870","JH378242","2504263","2504551","47","128280329"
"chr1","130845082","130845395","JH378123","2791068","2791377","46","128054014"
"chr1","130851435","130851739","JH378231","1687321","1687626","48","129164114"
"chr1","130895782","130896091","JH378153","14826800","14827104","48","116068982"
"chr1","130896538","130896849","JH378106","2172328","2172633","49","128724210"
"chr1","130905379","130905674","JH378128","11635122","11635422","50","119270257"
"chr1","130914077","130914365","JH378116","34932791","34933077","40","95981286"
"chr1","130924388","130924697","JH378108","34552149","34552452","43","96372239"
"chr1","130929732","130930034","JH378123","9608291","9608584","50","121321441"
"chr1","130931838","130932129","JH378114","36871907","36872207","56","94059931"
"chr1","130933865","130934164","JH378173","10651343","10651645","43","120282522"
"chr1","130957143","130957436","JH378159","1162193","1162478","48","129794950"
"chr1","131032428","131032732","JH378204","3945411","3945718","42","127087017"
"chr1","131049222","131049520","JH378177","6714938","6715237","45","124334284"
"chr1","131051136","131051448","JH378152","14479116","14479426","42","116572020"
"chr1","131068309","131068609","JH378123","21695970","21696268","37","109372339"
"chr1","131123576","131123867","JH378235","3916222","3916515","42","127207354"
"chr1","131373914","131374209","JH378195","2148198","2148495","44","129225716"
"chr1","131374367","131374653","JH378114","22451301","22451589","50","108923066"
"chr1","131397803","131398105","JH378125","5364994","5365289","47","126032809"
"chr1","131461597","131461895","JH378112","32590536","32590832","46","98871061"
"chr1","131529664","131529961","JH378180","5882610","5882908","43","125647054"
"chr1","131601392","131601701","JH378119","29806443","29806746","52","101794949"
"chr1","131788646","131788933","JH378213","4435380","4435669","41","127353266"
"chr1","131791518","131791832","JH378114","4107648","4107959","48","127683870"
"chr1","131854389","131854670","JH378141","17717619","17717902","42","114136770"
"chr1","131919064","131919354","JH378197","4649745","4650019","52","127269319"
"chr1","131936869","131937170","JH378158","3359829","3360132","42","128577040"
"chr1","131965480","131965789","JH378160","14190992","14191297","76","117774488"
"chr1","132052027","132052267","JH378124","2039486","2039714","66","130012541"
"chr1","132249705","132249981","JH378149","16237459","16237717","58","116012246"
"chr1","132379117","132379407","JH378153","2856479","2856773","47","129522638"
"chr1","132432783","132433095","JH378166","2088727","2089032","54","130344056"
"chr1","132434566","132434823","JH378163","6724825","6725073","39","125709741"
"chr1","132465705","132465994","JH378213","4603416","4603708","43","127862289"
"chr1","132476067","132476353","JH378186","5678393","5678671","39","126797674"
"chr1","132494345","132494629","JH378139","17086414","17086694","37","115407931"
"chr1","132509121","132509415","JH378116","28282701","28282994","49","104226420"
"chr1","132542453","132542721","JH378107","57899856","57900122","45","74642597"
"chr1","132544874","132545174","JH378170","1616807","1617104","42","130928067"
"chr1","132577068","132577356","JH378255","368440","368733","39","132208628"
"chr1","132577842","132578108","JH378297","1010237","1010497","47","131567605"
"chr1","132585907","132586215","JH378137","9364016","9364309","66","123221891"
"chr1","132586604","132586781","JH378135","1592367","1592548","24","130994237"
"chr1","132603980","132604117","JH378107","55895704","55895839","21","76708276"
"chr1","132604425","132604584","JH378119","34092724","34092888","33","98511701"
"chr1","132616991","132617293","JH378137","15935777","15936084","44","116681214"
"chr1","132637591","132637888","JH378116","9373534","9373824","45","123264057"
"chr1","132638884","132639185","JH378238","5034133","5034426","40","127604751"
"chr1","132639186","132639471","JH378235","4632077","4632354","43","128007109"
"chr1","132640589","132640740","JH378296","2110063","2110211","33","130530526"
"chr1","132678420","132678725","JH378173","6575149","6575450","39","126103271"
"chr1","132692199","132692506","JH378263","1798857","1799153","69","130893342"
"chr1","132706353","132706651","JH378116","29523631","29523920","46","103182722"
"chr1","132710346","132710637","JH378191","1251109","1251401","39","131459237"
"chr1","132741378","132741500","JH378112","36789237","36789359","12","95952141"
"chr1","132770526","132770835","JH378220","6273810","6274113","51","126496716"
"chr1","132795109","132795403","JH378257","558291","558579","43","132236818"
"chr1","132795735","132795866","JH378108","45182926","45183057","15","87612809"
"chr1","132801493","132801742","JH378248","541773","542023","30","132259720"
"chr1","132814561","132814864","JH378257","536423","536730","44","132278138"
"chr1","132816335","132816630","JH378116","25790477","25790774","32","107025858"
"chr1","132820105","132820414","JH378109","32780054","32780365","44","100040051"
"chr1","132820651","132820943","JH378246","1705721","1706027","43","131114930"
"chr1","132824114","132824407","JH378127","5317720","5318008","44","127506394"
"chr1","132834052","132834345","JH378216","3323731","3324020","43","129510321"
"chr1","132834384","132834675","JH378153","2856479","2856773","45","129977905"
"chr1","132838983","132839276","JH378214","5921263","5921560","49","126917720"
"chr1","132843951","132844253","JH378113","15232832","15233136","37","117611119"
"chr1","132856302","132856600","JH378123","29109560","29109856","42","103746742"
"chr1","132862189","132862484","JH378216","1307384","1307680","40","131554805"
"chr1","132879099","132879393","JH378220","4350061","4350357","40","128529038"
"chr1","132885947","132886237","JH378198","1639176","1639469","46","131246771"
"chr1","132891096","132891409","JH378109","25470458","25470760","53","107420638"
"chr1","132900740","132901039","JH378144","4904705","4905002","48","127996035"
"chr1","132909285","132909582","JH378290","389647","389937","55","132519638"
"chr1","132923125","132923415","JH378225","6103213","6103503","36","126819912"
"chr1","132946233","132946543","JH378151","16960974","16961279","40","115985259"
"chr1","132986418","132986540","JH378126","22718362","22718486","19","110268056"
"chr1","132986567","132986739","JH378137","19323143","19323313","34","113663424"
"chr1","132998134","132998442","JH378107","12157527","12157838","42","120840607"
"chr1","133010280","133010578","JH378204","3222855","3223147","54","129787425"
"chr1","133011170","133011420","JH378172","9586019","9586267","41","123425151"
"chr1","133011638","133011830","JH378134","16523957","16524145","44","116487681"
"chr1","133012146","133012261","JH378111","7278855","7278970","21","125733291"
"chr1","133014817","133015127","JH378150","2634839","2635156","77","130379978"
"chr1","133016425","133016604","JH378244","3902835","3903009","37","129113590"
"chr1","133037299","133037589","JH378117","6076538","6076831","40","126960761"
"chr1","133050638","133050938","JH378106","69562637","69562935","39","63488001"
"chr1","133059122","133059417","JH378141","14454762","14455052","42","118604360"
"chr1","133077877","133078187","JH378224","2515142","2515446","42","130562735"
"chr1","133087477","133087609","JH378200","3514102","3514234","14","129573375"
"chr1","133094990","133095177","JH378129","2060689","2060879","30","131034301"
"chr1","133096464","133096768","JH378113","17876306","17876608","41","115220158"
"chr1","133102628","133102936","JH378314","118646","118951","49","132983982"
"chr1","133123737","133124045","JH378127","5025823","5026129","47","128097914"
"chr1","133150734","133151037","JH378323","331732","332037","49","132819002"
"chr1","133159111","133159393","JH378127","23042151","23042450","59","110116960"
"chr1","133184468","133184769","JH378140","16383226","16383525","36","116801242"
"chr1","133186782","133187056","JH378144","4721929","4722197","50","128464853"
"chr1","133196769","133197074","JH378152","16188403","16188709","37","117008366"
"chr1","133200505","133200805","JH378152","13742000","13742297","49","119458505"
"chr1","133204521","133204765","JH378308","870384","870623","39","132334137"
"chr1","133207732","133208040","JH378115","20304728","20305036","39","112903004"
"chr1","133219596","133219892","JH378257","110021","110314","45","133109575"
"chr1","133246232","133246535","JH378105","55574476","55574778","42","77671756"
"chr1","133248775","133248936","JH378105","10557376","10557537","35","122691399"
"chr1","133249225","133249361","JH378262","310456","310588","15","132938769"
"chr1","133266492","133266584","JH378131","16176535","16176629","12","117089957"
"chr1","133271797","133272071","JH378177","3333638","3333912","41","129938159"
"chr1","133274388","133274695","JH378117","33050836","33051141","51","100223552"
"chr1","133281192","133281502","JH378153","9926861","9927172","48","123354331"
"chr1","133285247","133285548","JH378118","20140583","20140886","44","113144664"
"chr1","133290111","133290223","JH378137","146517","146632","13","133143594"
"chr1","133290479","133290671","JH378226","6467331","6467516","39","126823148"
"chr1","133326737","133327041","JH378115","30401019","30401318","40","102925718"
"chr1","133330533","133330832","JH378123","10199199","10199492","60","123131334"
"chr1","133338901","133339185","JH378199","3061218","3061509","51","130277683"
"chr1","133353538","133353811","JH378106","18260892","18261167","40","115092646"
"chr1","133356540","133356851","JH378113","17168263","17168574","47","116188277"
"chr1","133366309","133366592","JH378172","2033965","2034248","51","131332344"
"chr1","133379938","133380237","JH378115","30401019","30401318","38","102978919"
"chr1","133389668","133389943","JH378153","3126618","3126874","46","130263050"
"chr1","133404013","133404312","JH378262","1936694","1936996","40","131467319"
"chr1","133421164","133421455","JH378121","19110765","19111057","58","114310399"
"chr1","133423308","133423609","JH378120","30268530","30268831","41","103154778"
"chr1","133429050","133429352","JH378220","3583875","3584178","43","129845175"
"chr1","133441440","133441739","JH378213","2951141","2951439","42","130490299"
"chr1","133450643","133450947","JH378157","1154304","1154607","47","132296339"
"chr1","133482278","133482587","JH378117","15749415","15749721","46","117732863"
"chr1","133490353","133490630","JH378109","8720176","8720466","50","124770177"
"chr1","133494033","133494168","JH378220","4663942","4664077","15","128830091"
"chr1","133502313","133502583","JH378118","33690082","33690351","37","99812231"
"chr1","133561852","133562148","JH378116","14428154","14428454","43","119133698"
"chr1","133575832","133575944","JH378107","13345254","13345366","18","120230578"
"chr1","133592782","133593004","JH378111","19001225","19001437","32","114591557"
"chr1","133614724","133615058","JH378119","11191097","11191395","69","122423627"
"chr1","133634758","133635059","JH378131","16707957","16708257","52","116926801"
"chr1","133650223","133650525","JH378115","26968615","26968913","40","106681608"
"chr1","133723648","133723950","JH378120","18009640","18009944","63","115714008"
"chr1","133728732","133729014","JH378110","3044870","3045157","40","130683862"
"chr1","133756803","133757096","JH378195","2148198","2148495","33","131608605"
"chr1","133785489","133785768","JH378153","6890101","6890384","36","126895388"
"chr1","133811688","133811972","JH378173","2558012","2558297","34","131253676"
"chr1","133812889","133813169","JH378225","5884949","5885234","39","127927940"
"chr1","133845950","133846246","JH378110","14082764","14083060","45","119763186"
"chr1","133851901","133852036","JH378125","4589691","4589826","11","129262210"
"chr1","133852586","133852883","JH378199","3408544","3408837","44","130444042"
"chr1","133857889","133858194","JH378172","9553918","9554219","45","124303971"
"chr1","133860968","133861271","JH378152","13766469","13766760","49","120094499"
"chr1","133865631","133865929","JH378199","3420154","3420448","41","130445477"
"chr1","133873401","133873696","JH378110","9867313","9867609","34","124006088"
"chr1","133874145","133874439","JH378122","22447926","22448218","36","111426219"
"chr1","133875604","133875913","JH378129","11577246","11577547","43","122298358"
"chr1","133878496","133878779","JH378167","6098594","6098882","37","127779902"
"chr1","133889959","133890075","JH378134","9437537","9437654","12","124452422"
"chr1","133891803","133892103","JH378120","3259844","3260142","45","130631959"
"chr1","133935367","133935661","JH378199","3495342","3495639","37","130440025"
"chr1","133952784","133952961","JH378191","9202969","9203141","26","124749815"
"chr1","133953788","133953963","JH378116","4521334","4521505","40","129432454"
"chr1","133954267","133954402","JH378213","4209495","4209630","14","129744772"
"chr1","133978197","133978503","JH378321","240477","240779","46","133737720"
"chr1","133984011","133984301","JH378172","9374043","9374343","51","124609968"
"chr1","134004275","134004574","JH378156","6301995","6302299","42","127702280"
"chr1","134025940","134026235","JH378199","3593752","3594049","42","130432188"
"chr1","134048334","134048647","JH378189","8460610","8460920","48","125587724"
"chr1","134061465","134061754","JH378122","7809799","7810085","42","126251666"
"chr1","134062562","134062797","JH378110","27013300","27013537","29","107049262"
"chr1","134071815","134071907","JH378196","6300738","6300829","13","127771077"
"chr1","134072146","134072452","JH378288","2786677","2786981","57","131285469"
"chr1","134075517","134075820","JH378106","69658436","69658736","51","64417081"
"chr1","134097177","134097456","JH378110","34952260","34952536","41","99144917"
"chr1","134101318","134101628","JH378157","1277342","1277653","41","132823976"
"chr1","134103808","134104106","JH378178","8042470","8042765","37","126061338"
"chr1","134120190","134120495","JH378248","3387134","3387441","40","130733056"
"chr1","134124138","134124425","JH378123","9608291","9608584","40","124515847"
"chr1","134176668","134176987","JH378107","7808906","7809223","73","126367762"
"chr1","134178740","134179023","JH378167","12148502","12148780","46","122030238"
"chr1","134180096","134180370","JH378137","4142276","4142556","44","130037820"
"chr1","134189379","134189703","JH378143","9311161","9311472","62","124878218"
"chr1","134199653","134199754","JH378105","21695878","21695977","14","112503775"
"chr1","134200055","134200219","JH378137","19323143","19323313","31","114876912"
"chr1","134220395","134220697","JH378160","4712657","4712945","55","129507738"
"chr1","134283366","134283496","JH378186","47418","47549","16","134235948"
"chr1","134295795","134296111","JH378112","26021544","26021849","55","108274251"
"chr1","134307749","134308046","JH378233","1138046","1138337","55","133169703"
"chr1","134320085","134320154","JH378128","11722002","11722070","8","122598083"
"chr1","134332578","134332888","JH378220","2808607","2808918","44","131523971"
"chr1","134333804","134334116","JH378111","34264825","34265132","56","100068979"
"chr1","134336872","134337178","JH378247","2977688","2977994","43","131359184"
"chr1","134339156","134339463","JH378116","37211612","37211922","56","97127544"
"chr1","134353139","134353440","JH378262","3725954","3726254","47","130627185"
"chr1","134364020","134364308","JH378169","9426904","9427180","52","124937116"
"chr1","134376652","134376933","JH378125","2156741","2157036","68","132219911"
"chr1","134377367","134377661","JH378116","28282701","28282994","50","106094666"
"chr1","134384820","134385113","JH378255","1058410","1058705","41","133326410"
"chr1","134402108","134402412","JH378118","10693452","10693756","38","123708656"
"chr1","134409393","134409693","JH378111","26034614","26034912","40","108374779"
"chr1","134419602","134419904","JH378128","24171397","24171700","57","110248205"
"chr1","134422743","134423024","JH378199","3953205","3953493","47","130469538"
"chr1","134439944","134440232","JH378127","5317720","5318008","76","129122224"
"chr1","134459537","134459808","JH378106","61927616","61927885","46","72531921"
"chr1","134474130","134474432","JH378114","41541862","41542163","42","92932268"
"chr1","134477633","134477945","JH378105","1767718","1768017","43","132709915"
"chr1","134485067","134485382","JH378199","4016622","4016929","47","130468445"
"chr1","134492672","134492803","JH378146","367683","367813","15","134124989"
"chr1","134492807","134493033","JH378137","8528832","8529057","38","125963975"
"chr1","134501374","134501680","JH378163","12425279","12425581","41","122076095"
"chr1","134517042","134517348","JH378179","1607840","1608151","43","132909202"
"chr1","134525289","134525580","JH378273","688413","688708","42","133836876"
"chr1","134537319","134537613","JH378255","368440","368733","38","134168879"
"chr1","134543178","134543482","JH378149","14546048","14546350","49","119997130"
"chr1","134548670","134549011","JH378172","10539244","10539578","68","124009426"
"chr1","134551614","134551915","JH378123","21695970","21696268","46","112855644"
"chr1","134588965","134589266","JH378220","667156","667455","40","133921809"
"chr1","134598162","134598441","JH378123","7572596","7572869","46","127025566"
"chr1","134599708","134599972","JH378159","4412909","4413179","53","130186799"
"chr1","134602919","134603208","JH378176","9399651","9399930","55","125203268"
"chr1","134609073","134609370","JH378148","3100313","3100608","47","131508760"
"chr1","134617911","134618219","JH378153","2356339","2356645","49","132261572"
"chr1","134874828","134874997","JH378255","3376293","3376463","45","131498535"
"chr1","134875297","134875443","JH378110","32570542","32570685","22","102304755"
"chr1","134890686","134890987","JH378199","4159367","4159667","35","130731319"
"chr1","134898803","134899105","JH378111","11464738","11465037","37","123434065"
"chr1","134905441","134905696","JH378277","723899","724149","48","134181542"
"chr1","134906103","134906358","JH378148","6780762","6781018","40","128125341"
"chr1","134922763","134923043","JH378111","15544222","15544505","53","119378541"
"chr1","134931371","134931682","JH378198","2114873","2115184","44","132816498"
"chr1","134934371","134934674","JH378115","3922473","3922776","45","131011898"
"chr1","134937977","134938290","JH378199","4201378","4201678","53","130736599"
"chr1","134947241","134947545","JH378113","15232832","15233136","42","119714409"
"chr1","134947758","134948068","JH378113","15232832","15233136","47","119714926"
"chr1","134952845","134953130","JH378149","15374195","15374486","60","119578650"
"chr1","134955331","134955633","JH378242","734891","735189","37","134220440"
"chr1","134964742","134964925","JH378124","26492984","26493153","35","108471758"
"chr1","134975475","134975598","JH378194","4656246","4656371","15","130319229"
"chr1","134979781","134980078","JH378123","5667081","5667374","35","129312700"
"chr1","134982040","134982320","JH378199","4236835","4237125","41","130745205"
"chr1","134986062","134986360","JH378193","1488263","1488558","53","133497799"
"chr1","134986964","134987267","JH378119","5341365","5341669","42","129645599"
"chr1","134995719","134995991","JH378106","4312538","4312809","63","130683181"
"chr1","134999159","134999378","JH378127","18694929","18695155","36","116304230"
"chr1","135005918","135006223","JH378234","2806107","2806409","36","132199811"
"chr1","135017662","135017751","JH378338","320172","320259","14","134697490"
"chr1","135018054","135018127","JH378310","1366119","1366185","19","133651935"
"chr1","135025284","135025577","JH378118","10693452","10693756","49","124331832"
"chr1","135030228","135030518","JH378197","8546632","8546928","37","126483596"
"chr1","135032682","135032988","JH378139","11244771","11245079","38","123787911"
"chr1","135040844","135041132","JH378125","15313063","15313352","39","119727781"
"chr1","135051694","135051975","JH378242","734891","735189","54","134316803"
"chr1","135062039","135062275","JH378131","1407299","1407539","43","133654740"
"chr1","135069934","135070229","JH378135","5007548","5007844","38","130062386"
"chr1","135073437","135073730","JH378153","6831439","6831735","42","128241998"
"chr1","135100781","135100967","JH378199","8753265","8753448","34","126347516"
"chr1","135118689","135118915","JH378135","5854951","5855163","40","129263738"
"chr1","135124805","135125135","JH378111","11716689","11717010","60","123408116"
"chr1","135150712","135151021","JH378114","19810892","19811201","40","115339820"
"chr1","135155123","135155254","JH378128","24085476","24085608","12","111069647"
"chr1","135172184","135172492","JH378181","1862137","1862448","37","133310047"
"chr1","135177527","135177833","JH378151","4578678","4578981","39","130598849"
"chr1","135188724","135189042","JH378118","36469122","36469432","58","98719602"
"chr1","135191468","135191779","JH378281","1512369","1512678","42","133679099"
"chr1","135195919","135196214","JH378150","243318","243602","47","134952601"
"chr1","135234180","135234471","JH378111","43268192","43268483","35","91965988"
"chr1","135242629","135242924","JH378114","37013997","37014291","42","98228632"
"chr1","135264217","135264513","JH378111","8498303","8498600","47","126765914"
"chr1","135278653","135278922","JH378199","3667727","3667998","46","131610926"
"chr1","135293004","135293244","JH378275","1692408","1692657","38","133600596"
"chr1","135316558","135316828","JH378105","22316938","22317211","44","112999620"
"chr1","135322754","135323059","JH378242","734891","735189","44","134587863"
"chr1","135334648","135334815","JH378279","855894","856057","22","134478754"
"chr1","135362523","135362827","JH378249","721031","721325","42","134641492"
"chr1","135390998","135391281","JH378139","17086414","17086694","41","118304584"
"chr1","135391505","135391811","JH378106","69752564","69752871","41","65638941"
"chr1","135399767","135400070","JH378148","2797982","2798286","40","132601785"
"chr1","135434943","135435036","JH378148","17166877","17166973","13","118268066"
"chr1","135459692","135459963","JH378260","2450704","2450976","34","133008988"
"chr1","135469610","135469693","JH378107","11685350","11685431","15","123784260"
"chr1","135471867","135472149","JH378213","4422853","4423134","38","131049014"
"chr1","135486098","135486398","JH378167","7780812","7781105","50","127705286"
"chr1","135494620","135494893","JH378174","6746834","6747100","42","128747786"
"chr1","135517894","135518199","JH378242","734891","735189","38","134783003"
"chr1","135537854","135538166","JH378114","36279685","36279996","49","99258169"
"chr1","135545492","135545788","JH378213","4603416","4603708","45","130942076"
"chr1","135551556","135551856","JH378220","2699046","2699342","45","132852510"
"chr1","135574983","135575273","JH378123","20103628","20103919","38","115471355"
"chr1","135615350","135615655","JH378118","10693452","10693756","42","124921898"
"chr1","135639408","135639710","JH378110","6965048","6965350","39","128674360"
"chr1","135673017","135673325","JH378133","4730868","4731166","52","130942149"
"chr1","135686924","135687240","JH378184","748241","748547","46","134938683"
"chr1","135688816","135689110","JH378337","236552","236846","42","135452264"
"chr1","135689963","135690270","JH378188","7490346","7490651","45","128199617"
"chr1","135699697","135699833","JH378115","25272332","25272464","16","110427365"
"chr1","135702324","135702624","JH378110","29725141","29725440","38","105977183"
"chr1","135719690","135719837","JH378105","10557376","10557537","43","125162314"
"chr1","135724966","135725256","JH378129","21695439","21695731","44","114029527"
"chr1","135729134","135729424","JH378105","69163567","69163856","36","66565567"
"chr1","135745130","135745411","JH378235","4632077","4632354","46","131113053"
"chr1","135746551","135746849","JH378291","1756680","1756969","40","133989871"
"chr1","135755919","135756218","JH378112","32590536","32590832","40","103165383"
"chr1","135756759","135757062","JH378224","2515142","2515446","42","133241617"
"chr1","135757330","135757543","JH378134","14095096","14095309","31","121662234"
"chr1","135780512","135780825","JH378191","9178922","9179230","47","126601590"
"chr1","135785239","135785551","JH378199","5050281","5050592","48","130734958"
"chr1","135788034","135788328","JH378199","5053563","5053860","40","130734471"
"chr1","135796988","135797307","JH378148","15427393","15427715","58","120369595"
"chr1","135798646","135798956","JH378316","391481","391778","58","135407165"
"chr1","135800895","135801209","JH378288","1095320","1095641","58","134705575"
"chr1","135817497","135817783","JH378193","9017789","9018083","44","126799708"
"chr1","135849783","135850095","JH378115","23836083","23836394","47","112013700"
"chr1","135850677","135850913","JH378108","43688304","43688536","62","92162373"
"chr1","135853504","135853803","JH378242","533674","533973","37","135319830"
"chr1","135861240","135861397","JH378110","32538099","32538262","25","103323141"
"chr1","135861692","135861809","JH378125","3308196","3308310","17","132553496"
"chr1","135867046","135867356","JH378133","20682739","20683028","61","115184307"
"chr1","135881588","135881877","JH378199","5143745","5144022","44","130737843"
"chr1","135884198","135884505","JH378106","6660208","6660505","64","129223990"
"chr1","135901108","135901384","JH378199","5164050","5164324","41","130737058"
"chr1","135927871","135928069","JH378199","1340395","1340568","58","134587476"
"chr1","135945746","135946053","JH378244","3652438","3652745","42","132293308"
"chr1","135953499","135953808","JH378110","15808603","15808903","51","120144896"
"chr1","135954333","135954636","JH378151","4578678","4578981","48","131375655"
"chr1","136015950","136016186","JH378149","16347574","16347809","35","119668376"
"chr1","136083995","136084269","JH378115","34636045","34636311","46","101447950"
"chr1","136085326","136085628","JH378135","10051376","10051674","36","126033950"
"chr1","136094260","136094574","JH378105","1898501","1898812","51","134195759"
"chr1","136150425","136150715","JH378220","3042426","3042720","33","133107999"
"chr1","136222940","136223243","JH378293","1508849","1509149","40","134714091"
"chr1","136231146","136231456","JH378199","5478455","5478766","39","130752691"
"chr1","136243900","136244199","JH378129","12052338","12052637","42","124191562"
"chr1","136244465","136244758","JH378131","7038986","7039269","44","129205479"
"chr1","136262401","136262693","JH378109","9181080","9181368","39","127081321"
"chr1","136274389","136274676","JH378107","34428534","34428822","44","101845855"
"chr1","136661490","136661803","JH378105","12770941","12771250","51","123890549"
"chr1","136734260","136734523","JH378114","20734954","20735221","36","115999306"
"chr1","136749658","136749957","JH378114","37013997","37014291","40","99735661"
"chr1","136903082","136903369","JH378196","3337122","3337394","55","133565960"
"chr1","136991382","136991645","JH378199","5956354","5956601","51","131035028"
"chr1","137089459","137089743","JH378141","9239081","9239369","38","127850378"
"chr1","137125052","137125359","JH378118","10693452","10693756","45","126431600"
"chr1","137137850","137138084","JH378178","8098860","8099093","43","129038990"
"chr1","137166338","137166631","JH378199","6055252","6055552","38","131111086"
"chr1","137179034","137179341","JH378135","16046002","16046306","44","121133032"
"chr1","137270546","137270845","JH378119","29049356","29049658","47","108221190"
"chr1","137281990","137282292","JH378148","2797982","2798286","40","134484008"
"chr1","137296328","137296641","JH378269","2798798","2799107","40","134497530"
"chr1","137330629","137330914","JH378257","2342173","2342453","57","134988456"
"chr1","137420825","137421131","JH378204","3945411","3945718","39","133475414"
"chr1","137692412","137692703","JH378119","28803177","28803468","41","108889235"
"chr1","137822234","137822553","JH378245","4665826","4666150","62","133156408"
"chr1","137843001","137843120","JH378149","3747832","3747949","18","134095169"
"chr1","137843163","137843325","JH378157","13816103","13816255","38","124027060"
"chr1","138029895","138029965","JH378134","16680989","16681052","17","121348906"
"chr1","138156791","138157070","JH378199","6572766","6573039","45","131584025"
"chr1","138163493","138163783","JH378154","9747353","9747642","40","128416140"
"chr1","138206342","138206640","JH378242","734891","735189","35","137471451"
"chr1","138242532","138242840","JH378119","224305","224607","43","138018227"
"chr1","138285801","138286108","JH378167","9008884","9009195","36","129276917"
"chr1","138313384","138313669","JH378113","21075394","21075684","44","117237990"
"chr1","138399884","138400178","JH378137","3073918","3074209","44","135325966"
"chr1","138436082","138436404","JH378150","2634839","2635156","54","135801243"
"chr1","138544737","138545039","JH378200","1283624","1283930","44","137261113"
"chr1","138903226","138903500","JH378137","6749267","6749518","58","132153959"
"chr1","139036560","139036875","JH378142","3019206","3019515","50","136017354"
"chr1","139088550","139088840","JH378132","138361","138652","43","138950189"
"chr1","139089309","139089616","JH378224","2515142","2515446","42","136574167"
"chr1","139158754","139159036","JH378141","13306055","13306336","40","125852699"
"chr1","139176583","139176889","JH378108","50609420","50609729","53","88567163"
"chr1","139189376","139189464","JH378228","5500001","5500085","15","133689375"
"chr1","139261508","139261792","JH378118","10699643","10699933","43","128561865"
"chr1","139290062","139290350","JH378108","34846271","34846564","43","104443791"
"chr1","139322647","139322935","JH378131","1474328","1474605","52","137848319"
"chr1","139419950","139420255","JH378109","25846015","25846327","46","113573935"
"chr1","139429086","139429377","JH378199","7604712","7604976","50","131824374"
"chr1","139440959","139441263","JH378145","10500061","10500358","44","128940898"
"chr1","139446182","139446481","JH378117","3249909","3250205","41","136196273"
"chr1","139471556","139471864","JH378112","33452684","33452993","38","106018872"
"chr1","139510275","139510553","JH378115","15569490","15569772","43","123940785"
"chr1","139510876","139511177","JH378294","668279","668579","40","138842597"
"chr1","139538383","139538687","JH378110","10277710","10278010","54","129260673"
"chr1","139540971","139541249","JH378276","1115902","1116188","58","138425069"
"chr1","139542921","139543226","JH378199","7728736","7729045","42","131814185"
"chr1","139561858","139562148","JH378125","15313063","15313352","40","124248795"
"chr1","139577770","139578081","JH378197","8739003","8739306","60","130838767"
"chr1","139595199","139595493","JH378242","734891","735189","41","138860308"
"chr1","139596361","139596646","JH378122","7809799","7810085","41","131786562"
"chr1","139604663","139604942","JH378218","4432776","4433050","43","135171887"
"chr1","139620601","139620910","JH378224","2515142","2515446","50","137105459"
"chr1","139622578","139622859","JH378107","4953032","4953313","39","134669546"
"chr1","139653480","139653783","JH378151","6150117","6150421","45","133503363"
"chr1","139655078","139655389","JH378117","15749415","15749721","45","123905663"
"chr1","139655534","139655830","JH378111","40734534","40734829","39","98921000"
"chr1","139656495","139656798","JH378141","15389831","15390132","45","124266664"
"chr1","139668171","139668455","JH378245","3817099","3817384","38","135851072"
"chr1","139707631","139707871","JH378199","7885776","7886021","46","131821855"
"chr1","139721976","139722273","JH378120","3464324","3464618","38","136257652"
"chr1","139724117","139724407","JH378123","5667081","5667374","37","134057036"
"chr1","139761131","139761442","JH378127","1791547","1791857","46","137969584"
"chr1","139823780","139824079","JH378173","10880896","10881187","42","128942884"
"chr1","139846688","139846976","JH378113","14574210","14574483","51","125272478"
"chr1","139990748","139991051","JH378199","8100667","8100960","40","131890081"
"chr1","139995086","139995391","JH378110","40011605","40011912","51","99983481"
"chr1","140025499","140025809","JH378118","11558432","11558720","57","128467067"
"chr1","140033214","140033508","JH378148","3031128","3031420","40","137002086"
"chr1","140108000","140108314","JH378220","4418359","4418666","48","135689641"
"chr1","140124029","140124328","JH378242","734891","735189","46","139389138"
"chr1","140131598","140131887","JH378119","26008242","26008530","41","114123356"
"chr1","140139228","140139520","JH378127","19331819","19332107","43","120807409"
"chr1","140142632","140142938","JH378133","5072220","5072527","50","135070412"
"chr1","140144018","140144306","JH378170","1616807","1617104","39","138527211"
"chr1","140153429","140153558","JH378158","3234628","3234759","21","136918801"
"chr1","140156768","140157054","JH378198","6453034","6453321","43","133703734"
"chr1","140162852","140163124","JH378117","36078925","36079198","46","104083927"
"chr1","140169893","140170193","JH378136","18824175","18824470","45","121345718"
"chr1","140178636","140178930","JH378278","3122874","3123168","34","137055762"
"chr1","140180895","140181238","JH378152","13678883","13679221","52","126502012"
"chr1","140207427","140207742","JH378199","8196589","8196895","54","132010838"
"chr1","140214477","140214754","JH378198","4413303","4413578","44","135801174"
"chr1","140215935","140216010","JH378148","12535486","12535558","9","127680449"
"chr1","140240462","140240747","JH378290","632809","633090","43","139607653"
"chr1","140273427","140273520","JH378131","16176535","16176629","10","124096892"
"chr1","140303965","140304261","JH378195","7859880","7860176","48","132444085"
"chr1","140304828","140305139","JH378111","34735037","34735341","39","105569791"
"chr1","140310314","140310605","JH378146","8438043","8438323","53","131872271"
"chr1","140317097","140317393","JH378135","5477834","5478133","42","134839263"
"chr1","140330370","140330651","JH378158","1376172","1376456","48","138954198"
"chr1","140330969","140331260","JH378204","3222855","3223147","42","137108114"
"chr1","140331527","140331746","JH378149","4899633","4899850","31","135431894"
"chr1","140335682","140335945","JH378106","45884923","45885211","58","94450759"
"chr1","140337036","140337325","JH378263","403647","403936","42","139933389"
"chr1","140340637","140340797","JH378114","30214257","30214421","25","110126380"
"chr1","140341879","140342017","JH378237","4199797","4199937","18","136142082"
"chr1","140342332","140342492","JH378196","989088","989254","29","139353244"
"chr1","140356538","140356842","JH378118","10693452","10693756","34","129663086"
"chr1","140367207","140367489","JH378150","2708015","2708302","39","137659192"
"chr1","140387851","140388150","JH378199","8325396","8325698","39","132062455"
"chr1","140390426","140390631","JH378186","9064586","9064786","34","131325840"
"chr1","140391280","140391529","JH378220","3737863","3738116","41","136653417"
"chr1","140420865","140421164","JH378114","42118001","42118296","41","98302864"
"chr1","140435387","140435494","JH378131","827823","827936","15","139607564"
"chr1","140435755","140436054","JH378106","6660208","6660505","46","133775547"
"chr1","140441917","140442196","JH378141","13306055","13306336","38","127135862"
"chr1","140463273","140463565","JH378162","11681967","11682260","40","128781306"
"chr1","140465763","140466052","JH378153","7052266","7052556","37","133413497"
"chr1","140471198","140471482","JH378121","28641881","28642155","50","111829317"
"chr1","140532021","140532302","JH378184","9104467","9104745","48","131427554"
"chr1","140535655","140535967","JH378105","58654423","58654726","44","81881232"
"chr1","140545953","140546260","JH378106","7154686","7154996","38","133391267"
"chr1","140558434","140558566","JH378200","3514102","3514234","10","137044332"
"chr1","140562832","140563131","JH378242","734891","735189","40","139827941"
"chr1","140568469","140568776","JH378171","5750103","5750393","77","134818366"
"chr1","140571246","140571529","JH378122","7809799","7810085","45","132761447"
"chr1","140587253","140587549","JH378163","7979184","7979478","36","132608069"
"chr1","140587805","140588106","JH378111","8498303","8498600","42","132089502"
"chr1","140623035","140623348","JH378134","15276798","15277108","46","125346237"
"chr1","140634027","140634339","JH378117","15749415","15749721","43","124884612"
"chr1","140640676","140640982","JH378277","308065","308370","46","140332611"
"chr1","140668772","140669076","JH378110","6965048","6965350","40","133703724"
"chr1","140669812","140670127","JH378124","22212308","22212622","56","118457504"
"chr1","140675320","140675613","JH378115","18767083","18767371","45","121908237"
"chr1","140681045","140681290","JH378108","44604172","44604416","33","96076873"
"chr1","140692341","140692641","JH378242","734891","735189","45","139957450"
"chr1","140695567","140695859","JH378242","734891","735189","30","139960676"
"chr1","140705025","140705283","JH378219","6315047","6315306","32","134389978"
"chr1","140712474","140712770","JH378143","6011946","6012241","54","134700528"
"chr1","140721524","140721836","JH378246","1705721","1706027","45","139015803"
"chr1","140731870","140731933","JH378128","11722002","11722070","15","129009868"
"chr1","140737583","140737883","JH378204","3222855","3223147","47","137514728"
"chr1","140738829","140739124","JH378200","4317868","4318159","33","136420961"
"chr1","140881273","140881551","JH378232","4875587","4875862","40","136005686"
"chr1","140912602","140912912","JH378105","17620825","17621134","42","123291777"
"chr1","140957386","140957698","JH378115","30678647","30678954","71","110278739"
"chr1","140969409","140969589","JH378157","8977299","8977479","28","131992110"
"chr1","140991413","140991703","JH378133","9743043","9743332","39","131248370"
"chr1","141010865","141011131","JH378110","7925750","7926017","32","133085115"
"chr1","141021253","141021555","JH378204","2548096","2548400","37","138473157"
"chr1","141093076","141093373","JH378144","16357464","16357756","48","124735612"
"chr1","141102020","141102322","JH378242","734891","735189","38","140367129"
"chr1","141109858","141110158","JH378128","23827705","23828009","50","117282153"
"chr1","141111035","141111297","JH378141","14432406","14432670","46","126678629"
"chr1","141147761","141148040","JH378284","319941","320238","48","140827820"
"chr1","141208624","141208909","JH378105","50034667","50034949","36","91173957"
"chr1","141237684","141237979","JH378110","40011605","40011912","44","101226079"
"chr1","141283151","141283486","JH378149","10648518","10648846","58","130634633"
"chr1","141292385","141292549","JH378114","30214257","30214421","24","111078128"
"chr1","141313004","141313312","JH378108","38073678","38073985","49","103239326"
"chr1","141364775","141365075","JH378225","962832","963129","48","140401943"
"chr1","141428895","141429198","JH378113","15232832","15233136","35","126196063"
"chr1","141479724","141480018","JH378197","8546632","8546928","55","132933092"
"chr1","141606136","141606423","JH378141","16031106","16031391","39","125575030"
"chr1","141612031","141612310","JH378114","21069080","21069353","43","120542951"
"chr1","141622313","141622553","JH378291","484901","485138","38","141137412"
"chr1","141625294","141625596","JH378161","9835663","9835963","41","131789631"
"chr1","141629799","141630091","JH378118","28802926","28803223","41","112826873"
"chr1","141641464","141641754","JH378141","15518519","15518815","50","126122945"
"chr1","141642758","141643066","JH378141","11253032","11253337","47","130389726"
"chr1","141645447","141645693","JH378114","20927609","20927856","42","120717838"
"chr1","141653867","141654147","JH378109","13259523","13259801","38","128394344"
"chr1","141674669","141674973","JH378193","3688745","3689057","44","137985924"
"chr1","141675499","141675804","JH378126","782415","782718","44","140893084"
"chr1","141687559","141687866","JH378135","1618015","1618319","42","140069544"
"chr1","141692346","141692645","JH378156","4478624","4478910","55","137213722"
"chr1","141714006","141714304","JH378111","40734534","40734829","47","100979472"
"chr1","141715446","141715744","JH378148","2011019","2011312","41","139704427"
"chr1","141718522","141718797","JH378114","36224521","36224801","51","105494001"
"chr1","141718821","141719103","JH378121","20933847","20934138","53","120784974"
"chr1","141720042","141720357","JH378156","10837845","10838152","40","130882197"
"chr1","141728853","141729137","JH378284","844006","844300","51","140884847"
"chr1","141743234","141743511","JH378184","4794300","4794577","47","136948934"
"chr1","141744358","141744637","JH378158","8978232","8978508","53","132766126"
"chr1","141746774","141746905","JH378138","3030003","3030135","12","138716771"
"chr1","141752048","141752343","JH378213","4085900","4086195","42","137666148"
"chr1","141780559","141780858","JH378110","9867313","9867609","40","131913246"
"chr1","141781723","141782028","JH378151","5890359","5890655","52","135891364"
"chr1","141792703","141793013","JH378247","561987","562291","40","141230716"
"chr1","141797845","141798052","JH378284","898963","899169","31","140898882"
"chr1","141802531","141802826","JH378153","14175225","14175527","43","127627306"
"chr1","141808850","141809163","JH378246","1705721","1706027","42","140103129"
"chr1","141821492","141821804","JH378161","2236995","2237295","43","139584497"
"chr1","141863310","141863622","JH378124","141948","142249","46","141721362"
"chr1","141863734","141864027","JH378284","966636","966923","38","140897098"
"chr1","141902800","141903112","JH378134","9453404","9453718","51","132449396"
"chr1","141908321","141908624","JH378116","21873490","21873789","43","120034831"
"chr1","141949929","141950232","JH378105","49304842","49305136","47","92645087"
"chr1","141998420","141998544","JH378232","4035468","4035592","11","137962952"
"chr1","142038343","142038646","JH378133","10040192","10040484","55","131998151"
"chr1","142218228","142218574","JH378198","8063985","8064328","65","134154243"
"chr1","142297277","142297561","JH378113","3187673","3187950","47","139109604"
"chr1","142311710","142311893","JH378137","18709485","18709661","36","123602225"
"chr1","142438543","142438815","JH378127","23456128","23456403","52","118982415"
"chr1","142454717","142455022","JH378131","1383377","1383686","58","141071340"
"chr1","142634856","142635139","JH378152","16250304","16250576","40","126384552"
"chr1","142949287","142949580","JH378128","25011601","25011889","52","117937686"
"chr1","143054666","143054948","JH378177","5640956","5641241","46","137413710"
"chr1","143097272","143097544","JH378177","2731243","2731515","43","140366029"
"chr1","143124592","143124735","JH378204","5096599","5096740","20","138027993"
"chr1","143124981","143125141","JH378267","358566","358737","36","142766415"
"chr1","143521646","143521958","JH378300","795205","795515","45","142726441"
"chr1","143613362","143613661","JH378242","734891","735189","32","142878471"
"chr1","143623835","143624136","JH378153","14175225","14175527","36","129448610"
"chr1","143661872","143662009","JH378186","595640","595773","18","143066232"
"chr1","143708088","143708387","JH378112","25483048","25483354","45","118225040"
"chr1","143749175","143749480","JH378173","6575149","6575450","41","137174026"
"chr1","143750493","143750785","JH378204","3222855","3223147","39","140527638"
"chr1","143759767","143760056","JH378166","9070120","9070417","47","134689647"
"chr1","143788418","143788717","JH378284","2625497","2625787","40","141162921"
"chr1","143790796","143791084","JH378137","6406344","6406639","42","137384452"
"chr1","143809829","143810123","JH378168","3584634","3584929","35","140225195"
"chr1","143883890","143884202","JH378153","7998003","7998310","48","135885887"
"chr1","143909465","143909758","JH378123","5667081","5667374","38","138242384"
"chr1","143969491","143969786","JH378123","21695970","21696268","33","122273521"
"chr1","144071793","144072073","JH378153","2014992","2015267","49","142056801"
"chr1","144088080","144088393","JH378115","14987072","14987385","39","129101008"
"chr1","144092228","144092543","JH378190","4910483","4910794","44","139181745"
"chr1","144095159","144095449","JH378216","3323731","3324020","39","140771428"
"chr1","144132340","144132663","JH378249","308631","308953","56","143823709"
"chr1","144152474","144152785","JH378112","37872057","37872365","46","106280417"
"chr1","144174507","144174805","JH378106","45875730","45876025","48","98298777"
"chr1","144348226","144348530","JH378114","42118001","42118296","41","102230225"
"chr1","144388708","144389005","JH378113","21234201","21234490","43","123154507"
"chr1","144396799","144396914","JH378119","11056906","11057021","18","133339893"
"chr1","144450078","144450362","JH378110","34162160","34162442","42","110287918"
"chr1","144473993","144474288","JH378260","445434","445733","36","144028559"
"chr1","144517377","144517674","JH378242","734891","735189","33","143782486"
"chr1","144621560","144621855","JH378116","19886043","19886337","46","124735517"
"chr1","144640023","144640328","JH378106","59446326","59446630","55","85193697"
"chr1","144693108","144693427","JH378132","438532","438858","44","144254576"
"chr1","144710813","144711106","JH378169","5356244","5356536","39","139354569"
"chr1","144727360","144727631","JH378118","33235597","33235862","40","111491763"
"chr1","144818448","144818729","JH378197","8620183","8620461","53","136198265"
"chr1","144824780","144825069","JH378105","63280943","63281232","43","81543837"
"chr1","144843099","144843399","JH378157","8047049","8047337","40","136796050"
"chr1","144846579","144846889","JH378151","14423847","14424153","41","130422732"
"chr1","144859673","144859959","JH378153","6890101","6890384","37","137969572"
"chr1","144865924","144866234","JH378262","1936694","1936996","43","142929230"
"chr1","144872811","144873102","JH378125","7431941","7432231","45","137440870"
"chr1","144908860","144909169","JH378114","41499633","41499943","33","103409227"
"chr1","144915823","144916130","JH378194","9140501","9140804","39","135775322"
"chr1","144956622","144956919","JH378290","1449167","1449465","34","143507455"
"chr1","144959139","144959413","JH378129","7569227","7569492","47","137389912"
"chr1","144968281","144968596","JH378163","12425279","12425581","47","132543002"
"chr1","144972092","144972396","JH378115","34867821","34868125","41","110104271"
"chr1","144974489","144974786","JH378265","117843","118145","50","144856646"
"chr1","144984507","144984814","JH378125","4180575","4180870","59","140803932"
"chr1","144992871","144993183","JH378118","6633242","6633554","45","138359629"
"chr1","144995042","144995343","JH378135","21300881","21301186","40","123694161"
"chr1","145033947","145034236","JH378136","839654","839946","37","144194293"
"chr1","145037187","145037475","JH378113","39319250","39319536","50","105717937"
"chr1","145060485","145060758","JH378173","4795221","4795500","42","140265264"
"chr1","145068855","145069141","JH378132","770960","771237","43","144297895"
"chr1","145090804","145091098","JH378115","34769363","34769654","45","110321441"
"chr1","145092054","145092356","JH378124","22709447","22709750","43","122382607"
"chr1","145100847","145101159","JH378125","5956058","5956371","42","139144789"
"chr1","145171691","145171981","JH378111","25322591","25322881","39","119849100"
"chr1","145172307","145172610","JH378132","881504","881801","44","144290803"
"chr1","145177535","145177829","JH378132","886119","886409","32","144291416"
"chr1","145179464","145179772","JH378132","888349","888638","47","144291115"
"chr1","145192621","145192901","JH378189","719706","719987","38","144472915"
"chr1","145207070","145207369","JH378116","21873490","21873789","42","123333580"
"chr1","145237966","145238290","JH378132","925822","926138","49","144312144"
"chr1","145270911","145271206","JH378188","7232167","7232465","34","138038744"
"chr1","145347472","145347765","JH378121","20933847","20934138","39","124413625"
"chr1","145515418","145515552","JH378109","45522569","45522694","32","99992849"
"chr1","145585938","145586054","JH378236","570333","570448","17","145015605"
"chr1","145668932","145669221","JH378153","14632399","14632691","45","131036533"
"chr1","145810481","145810774","JH378327","446691","446982","42","145363790"
"chr1","145826082","145826393","JH378173","4731101","4731408","39","141094981"
"chr1","145866455","145866754","JH378113","24898313","24898596","58","120968142"
"chr1","145882865","145883073","JH378140","6993546","6993750","29","138889319"
"chr1","145897649","145897703","JH378131","12968993","12969052","11","132928656"
"chr1","145919369","145919674","JH378118","10693452","10693756","40","135225917"
"chr1","145932829","145933125","JH378225","2679926","2680216","42","143252903"
"chr1","145939973","145940264","JH378111","43268192","43268483","46","102671781"
"chr1","145947073","145947356","JH378195","5418754","5419040","50","140528319"
"chr1","146029651","146029952","JH378185","6039029","6039324","41","139990622"
"chr1","146032633","146032941","JH378150","372421","372728","45","145660212"
"chr1","146072221","146072521","JH378132","1358595","1358887","46","144713626"
"chr1","146196806","146197109","JH378116","14428154","14428454","49","131768652"
"chr1","146265498","146265785","JH378141","14454762","14455052","41","131810736"
"chr1","146267650","146267952","JH378112","24083994","24084305","53","122183656"
"chr1","146329972","146330274","JH378276","134131","134438","51","146195841"
"chr1","146350582","146350843","JH378114","20734954","20735221","39","125615628"
"chr1","146366449","146366743","JH378105","3562705","3563008","46","142803744"
"chr1","146405350","146405649","JH378173","10651343","10651645","36","135754007"
"chr1","146418277","146418574","JH378132","1676130","1676424","34","144742147"
"chr1","146424611","146424911","JH378141","16083954","16084252","42","130340657"
"chr1","146443178","146443476","JH378173","9132197","9132491","37","137310981"
"chr1","146456121","146456416","JH378243","90680","90981","42","146365441"
"chr1","146480061","146480365","JH378149","936787","937080","44","145543274"
"chr1","146530570","146530865","JH378112","34121087","34121394","55","112409483"
"chr1","146558845","146559147","JH378301","920694","921000","50","145638151"
"chr1","146582552","146582855","JH378118","6633242","6633554","59","139949310"
"chr1","146599815","146600115","JH378161","2967686","2967982","42","143632129"
"chr1","146615785","146616065","JH378109","33486424","33486705","40","113129361"
"chr1","146617886","146618190","JH378141","18437190","18437494","48","128180696"
"chr1","146662835","146663150","JH378248","504714","505015","54","146158121"
"chr1","146687283","146687500","JH378105","54704185","54704402","41","91983098"
"chr1","146698844","146699143","JH378226","6485812","6486107","52","140213032"
"chr1","146764959","146765249","JH378132","2007697","2007992","33","144757262"
"chr1","146790742","146790882","JH378196","2700032","2700170","28","144090710"
"chr1","146791185","146791320","JH378107","55895704","55895839","16","90895481"
"chr1","146832297","146832598","JH378199","8124999","8125301","39","138707298"
"chr1","146874175","146874493","JH378108","49670881","49671191","49","97203294"
"chr1","146897882","146898178","JH378159","6984417","6984714","38","139913465"
"chr1","146917028","146917325","JH378111","40734534","40734829","34","106182494"
"chr1","146918219","146918493","JH378232","4875587","4875862","41","142042632"
"chr1","146940969","146941143","JH378143","2383120","2383278","48","144557849"
"chr1","146941449","146941577","JH378118","13046741","13046875","20","133894708"
"chr1","146945251","146945526","JH378157","13158200","13158473","49","133787051"
"chr1","146955040","146955306","JH378155","2506721","2506992","40","144448319"
"chr1","146965074","146965379","JH378108","50609420","50609729","37","96355654"
"chr1","146967678","146967975","JH378260","445434","445733","40","146522244"
"chr1","146971526","146971832","JH378148","13262362","13262662","46","133709164"
"chr1","147010226","147010526","JH378200","4317868","4318159","47","142692358"
"chr1","147011657","147011917","JH378315","357797","358060","34","146653860"
"chr1","147015007","147015302","JH378152","13742000","13742297","56","133273007"
"chr1","147030249","147030546","JH378135","1618015","1618319","39","145412234"
"chr1","147031071","147031345","JH378131","1474328","1474605","40","145556743"
"chr1","147038000","147038296","JH378132","2229026","2229323","32","144808974"
"chr1","147042559","147042848","JH378122","7809799","7810085","36","139232760"
"chr1","147047347","147047641","JH378203","7090053","7090349","39","139957294"
"chr1","147049486","147049781","JH378132","2240997","2241292","41","144808489"
"chr1","147066026","147066317","JH378116","28282701","28282994","43","118783325"
"chr1","147087900","147088204","JH378151","1068911","1069214","42","146018989"
"chr1","147096063","147096359","JH378226","6485812","6486107","37","140610251"
"chr1","147096868","147097168","JH378191","967537","967830","41","146129331"
"chr1","147108833","147109115","JH378213","2415288","2415565","49","144693545"
"chr1","147113131","147113416","JH378180","7784331","7784613","62","139328800"
"chr1","147154881","147155162","JH378164","6714567","6714844","38","140440314"
"chr1","147166736","147167038","JH378132","2355595","2355892","36","144811141"
"chr1","147178910","147179216","JH378262","3364377","3364686","41","143814533"
"chr1","147183191","147183507","JH378166","9999257","9999568","46","137183934"
"chr1","147185247","147185559","JH378125","858229","858541","51","146327018"
"chr1","147272332","147272634","JH378204","3129799","3130101","37","144142533"
"chr1","147274382","147274644","JH378146","740916","741182","37","146533466"
"chr1","147309670","147309975","JH378158","3359829","3360132","46","143949841"
"chr1","147354911","147355208","JH378114","41522840","41523134","42","105832071"
"chr1","147380674","147381002","JH378122","4663539","4663860","67","142717135"
"chr1","147399102","147399411","JH378167","4158411","4158718","45","143240691"
"chr1","147417439","147417721","JH378184","3320679","3320960","36","144096760"
"chr1","147452895","147453183","JH378132","2602212","2602512","53","144850683"
"chr1","147461082","147461367","JH378122","10084305","10084586","34","137376777"
"chr1","147484066","147484368","JH378153","9926861","9927172","39","137557205"
"chr1","147643401","147643704","JH378149","422089","422391","42","147221312"
"chr1","147654937","147655245","JH378110","31358400","31358705","46","116296537"
"chr1","147826509","147826800","JH378277","920625","920915","45","146905884"
"chr1","147857062","147857370","JH378122","24764885","24765192","52","123092177"
"chr1","147911469","147911760","JH378123","5667081","5667374","38","142244388"
"chr1","148006154","148006174","JH378152","13518039","13518058","8","134488115"
"chr1","148006205","148006483","JH378192","5415267","5415549","45","142590938"
"chr1","148061976","148062285","JH378151","4578678","4578981","43","143483298"
"chr1","148119289","148119553","JH378132","3111729","3111999","35","145007560"
"chr1","148197765","148198054","JH378142","14013464","14013754","45","134184301"
"chr1","148230407","148230717","JH378164","5616777","5617090","44","142613630"
"chr1","148233882","148233962","JH378119","26447332","26447413","12","121786550"
"chr1","148236621","148236923","JH378195","7859880","7860176","44","140376741"
"chr1","148279483","148279773","JH378132","3229229","3229502","70","145050254"
"chr1","148280458","148280777","JH378159","6119055","6119368","51","142161403"
"chr1","148282407","148282699","JH378140","6686089","6686388","49","141596318"
"chr1","148358454","148358757","JH378109","26397557","26397861","45","121960897"
"chr1","148381136","148381432","JH378108","17624768","17625053","63","130756368"
"chr1","148471939","148472244","JH378116","37812207","37812513","42","110659732"
"chr1","148502513","148502812","JH378159","6984417","6984714","45","141518096"
"chr1","148513256","148513548","JH378106","3250208","3250503","39","145263048"
"chr1","148520751","148521061","JH378124","13618146","13618450","43","134902605"
"chr1","148529327","148529621","JH378204","3222855","3223147","38","145306472"
"chr1","148566471","148566753","JH378136","14898747","14899023","42","133667724"
"chr1","148600784","148601051","JH378114","20734954","20735221","36","127865830"
"chr1","148623811","148623953","JH378296","556970","557110","18","148066841"
"chr1","148677993","148678304","JH378173","9472851","9473151","52","139205142"
"chr1","148681196","148681483","JH378139","1856531","1856816","45","146824665"
"chr1","148692402","148692688","JH378106","62848251","62848525","51","85844151"
"chr1","148784906","148785205","JH378171","5750103","5750393","53","143034803"
"chr1","148815298","148815591","JH378113","17041802","17042097","45","131773496"
"chr1","148828851","148829145","JH378199","1555773","1556071","50","147273078"
"chr1","148830679","148830935","JH378201","3186680","3186936","40","145643999"
"chr1","148832429","148832729","JH378204","2377432","2377730","48","146454997"
"chr1","148982676","148982967","JH378137","8058904","8059195","36","140923772"
"chr1","148982970","148983101","JH378118","37081911","37082042","13","111901059"
"chr1","149003556","149003856","JH378118","37051597","37051886","44","111951959"
"chr1","149016113","149016404","JH378123","9608291","9608584","40","139407822"
"chr1","149068180","149068497","JH378224","2515142","2515446","46","146553038"
"chr1","149163855","149164165","JH378118","10693452","10693756","42","138470403"
"chr1","149199399","149199660","JH378130","5980340","5980613","51","143219059"
"chr1","149227339","149227637","JH378242","734891","735189","38","148492448"
"chr1","149234230","149234542","JH378129","7325457","7325764","47","141908773"
"chr1","149288734","149289036","JH378173","10880896","10881187","39","138407838"
"chr1","149394022","149394299","JH378124","10016046","10016322","47","139377976"
"chr1","149415088","149415386","JH378156","2368738","2369030","50","147046350"
"chr1","149506006","149506296","JH378179","9954226","9954525","49","139551780"
"chr1","149629667","149629957","JH378167","11202084","11202374","62","138427583"
"chr1","149688720","149689013","JH378135","1859095","1859393","47","147829625"
"chr1","149804970","149805147","JH378148","3433370","3433550","34","146371600"
"chr1","149807441","149807542","JH378250","2776578","2776678","20","147030863"
"chr1","149888938","149889220","JH378198","1119444","1119723","35","148769494"
"chr1","149924369","149924688","JH378106","18766458","18766773","61","131157911"
"chr1","150036581","150036872","JH378143","4403555","4403851","41","145633026"
"chr1","150181733","150181920","JH378136","18225043","18225229","21","131956690"
"chr1","150210324","150210623","JH378111","16310264","16310555","56","133900060"
"chr1","150236631","150236935","JH378118","35970326","35970628","35","114266305"
"chr1","150381989","150382283","JH378117","6076538","6076831","43","144305451"
"chr1","150401600","150401898","JH378105","14432202","14432497","39","135969398"
"chr1","150462345","150462633","JH378105","4819692","4819976","41","145642653"
"chr1","150521211","150521487","JH378106","18260892","18261167","42","132260319"
"chr1","150528757","150529037","JH378139","17086414","17086694","41","133442343"
"chr1","150529576","150529872","JH378242","533674","533973","41","149995902"
"chr1","150534552","150534849","JH378294","668279","668579","37","149866273"
"chr1","150549688","150549982","JH378108","49791539","49791832","37","100758149"
"chr1","150577963","150578258","JH378193","190342","190630","56","150387621"
"chr1","150592743","150593052","JH378133","5257131","5257435","47","145335612"
"chr1","150600034","150600342","JH378130","2672854","2673164","41","147927180"
"chr1","150613988","150614242","JH378277","2791948","2792198","45","147822040"
"chr1","150619496","150619780","JH378213","5044001","5044294","52","145575495"
"chr1","150639001","150639302","JH378160","11489887","11490186","41","139149114"
"chr1","150648365","150648667","JH378211","1951298","1951606","47","148697067"
"chr1","150657492","150657801","JH378148","16955481","16955786","53","133702011"
"chr1","150662370","150662694","JH378111","18873913","18874219","54","131788457"
"chr1","150667085","150667370","JH378105","50034667","50034949","53","100632418"
"chr1","150686544","150686854","JH378118","10693452","10693756","51","139993092"
"chr1","150700963","150701297","JH378105","20165482","20165818","50","130535481"
"chr1","150704471","150704766","JH378125","5364994","5365289","44","145339477"
"chr1","150707765","150708074","JH378125","5364994","5365289","50","145342771"
"chr1","150710993","150711273","JH378219","3047371","3047654","44","147663622"
"chr1","150714307","150714426","JH378109","16175116","16175235","17","134539191"
"chr1","150733417","150733712","JH378200","4317868","4318159","33","146415549"
"chr1","150756122","150756296","JH378267","358566","358737","40","150397556"
"chr1","150756335","150756460","JH378141","15448200","15448323","21","135308135"
"chr1","150757177","150757496","JH378154","13561581","13561891","49","137195596"
"chr1","150787428","150787744","JH378105","54610411","54610729","53","96177017"
"chr1","150825323","150825612","JH378166","7382780","7383066","38","143442543"
"chr1","150845882","150846179","JH378208","2089522","2089811","51","148756360"
"chr1","150853850","150854150","JH378249","3272268","3272575","45","147581582"
"chr1","150887906","150888207","JH378113","21075394","21075684","68","129812512"
"chr1","150891788","150892088","JH378111","26034614","26034912","39","124857174"
"chr1","150938481","150938776","JH378117","6076538","6076831","39","144861943"
"chr1","150947431","150947700","JH378118","35398392","35398661","37","115549039"
"chr1","150978141","150978426","JH378163","13062219","13062505","41","137915922"
"chr1","150980511","150980815","JH378118","35387168","35387467","39","115593343"
"chr1","150987427","150987739","JH378262","1936694","1936996","44","149050733"
"chr1","151003730","151004022","JH378180","2674233","2674516","65","148329497"
"chr1","151007675","151007966","JH378162","11681967","11682260","45","139325708"
"chr1","151014900","151015210","JH378118","9621995","9622303","41","141392905"
"chr1","151022034","151022325","JH378145","12975453","12975750","39","138046581"
"chr1","151041646","151041937","JH378123","5799175","5799456","46","145242471"
"chr1","151046127","151046430","JH378243","90680","90981","46","150955447"
"chr1","151102054","151102188","JH378262","310456","310588","16","150791598"
"chr1","151117070","151117360","JH378124","6001393","6001683","45","145115677"
"chr1","151143857","151144162","JH378148","16955481","16955786","56","134188376"
"chr1","151314117","151314370","JH378163","5021780","5022033","46","146292337"
"chr1","151580697","151580983","JH378118","34829659","34829935","50","116751038"
"chr1","151623338","151623648","JH378108","21011106","21011416","41","130612232"
"chr1","151734738","151735028","JH378122","8027809","8028087","44","143706929"
"chr1","151810681","151810984","JH378204","7978351","7978644","55","143832330"
"chr1","151823137","151823426","JH378167","3568625","3568914","39","148254512"
"chr1","151851307","151851607","JH378242","734891","735189","37","151116416"
"chr1","151895128","151895431","JH378242","734891","735189","41","151160237"
"chr1","151949148","151949459","JH378105","17620825","17621134","45","134328323"
"chr1","152001862","152002164","JH378118","28802926","28803223","42","123198936"
"chr1","152048382","152048497","JH378106","50969566","50969687","18","101078816"
"chr1","152048543","152048706","JH378149","1124237","1124383","42","150924306"
"chr1","152173429","152173736","JH378134","15452039","15452337","44","136721390"
"chr1","152214476","152214762","JH378110","10134958","10135246","52","142079518"
"chr1","152300465","152300744","JH378105","65209596","65209868","43","87090869"
"chr1","152455277","152455583","JH378181","6257929","6258234","49","146197348"
"chr1","152505504","152505797","JH378154","9950865","9951159","69","142554639"
"chr1","152621739","152622043","JH378128","24171397","24171700","41","128450342"
"chr1","152679682","152679997","JH378158","4130633","4130943","46","148549049"
"chr1","152737842","152738108","JH378109","11150252","11150504","50","141587590"
"chr1","152741060","152741371","JH378113","15232832","15233136","34","137508228"
"chr1","152755277","152755530","JH378141","3308774","3309024","41","149446503"
"chr1","152837903","152838209","JH378111","33768422","33768723","55","119069481"
"chr1","152853639","152853905","JH378107","921814","922092","43","151931825"
"chr1","152881134","152881444","JH378185","2121596","2121910","42","150759538"
"chr1","152958086","152958400","JH378173","9472851","9473151","46","143485235"
"chr1","152966878","152967180","JH378134","18693785","18694094","51","134273093"
"chr1","152996499","152996802","JH378112","26021544","26021849","50","126974955"
"chr1","153021137","153021446","JH378118","33733848","33734147","43","119287289"
"chr1","153043972","153044265","JH378156","2368738","2369030","33","150675234"
"chr1","153066630","153066762","AGCE01150063","86","218","13","153066544"
"chr1","153070254","153070545","JH378334","317729","318024","38","152752525"
"chr1","153070857","153071140","JH378172","11247159","11247445","49","141823698"
"chr1","153076085","153076376","JH378255","368440","368733","38","152707645"
"chr1","153080500","153080792","JH378111","43268192","43268483","36","109812308"
"chr1","153086908","153087182","JH378107","2825160","2825435","57","150261748"
"chr1","153094912","153095210","JH378176","9100046","9100345","39","143994866"
"chr1","153135704","153135785","JH378312","1053710","1053791","12","152081994"
"chr1","153136085","153136095","JH378200","5428554","5428566","6","147707531"
"chr1","153137391","153137702","JH378301","920694","921000","41","152216697"
"chr1","153141685","153141965","JH378189","177130","177409","39","152964555"
"chr1","153152480","153152787","JH378115","4860657","4860961","41","148291823"
"chr1","153161209","153161462","JH378199","262129","262384","43","152899080"
"chr1","153179181","153179486","JH378235","3957900","3958200","37","149221281"
"chr1","153186763","153187050","JH378122","7809799","7810085","48","145376964"
"chr1","153191857","153192156","JH378242","734891","735189","35","152456966"
"chr1","153212360","153212657","JH378167","8045788","8046082","42","145166572"
"chr1","153229752","153230041","JH378125","15313063","15313352","37","137916689"
"chr1","153258387","153258511","JH378194","4656246","4656371","16","148602141"
"chr1","153269076","153269355","JH378122","7809799","7810085","40","145459277"
"chr1","153281871","153282193","JH378204","7448497","7448799","55","145833374"
"chr1","153293143","153293441","JH378167","6875653","6875957","38","146417490"
"chr1","153326588","153326872","JH378276","484205","484481","46","152842383"
"chr1","153332081","153332373","JH378191","1263156","1263450","48","152068925"
"chr1","153339886","153340168","JH378119","10871760","10872045","39","142468126"
"chr1","153369184","153369476","JH378110","36904366","36904660","33","116464818"
"chr1","153417978","153418273","JH378115","13491143","13491432","45","139926835"
"chr1","153422048","153422356","JH378118","33335090","33335380","43","120086958"
"chr1","153438493","153438802","JH378118","33324566","33324871","38","120113927"
"chr1","153440960","153441092","JH378203","3694672","3694805","14","149746288"
"chr1","153441387","153441549","JH378196","989088","989254","34","152452299"
"chr1","153442280","153442565","JH378107","53276825","53277112","39","100165455"
"chr1","153457529","153457827","JH378188","7232167","7232465","36","146225362"
"chr1","153463774","153464072","JH378114","42121182","42121484","41","111342592"
"chr1","153467396","153467693","JH378153","1207598","1207894","40","152259798"
"chr1","153499301","153499601","JH378115","33431650","33431946","54","120067651"
"chr1","153517173","153517473","JH378114","41541862","41542163","44","111975311"
"chr1","153540177","153540466","JH378107","57287252","57287540","40","96252925"
"chr1","153544258","153544555","JH378148","3100313","3100608","40","150443945"
"chr1","153551478","153551765","JH378165","3154850","3155140","40","150396628"
"chr1","153584586","153584866","JH378122","8503071","8503350","44","145081515"
"chr1","153628046","153628338","JH378123","9984954","9985244","39","143643092"
"chr1","153649800","153650093","JH378186","9024073","9024367","54","144625727"
"chr1","153667858","153668180","JH378203","3557833","3558132","63","150110025"
"chr1","153676880","153677161","JH378114","36224521","36224801","39","117452359"
"chr1","153708862","153709184","JH378169","4921267","4921580","47","148787595"
"chr1","153745111","153745406","JH378153","14658508","14658797","40","139086603"
"chr1","153817192","153817499","JH378143","598634","598941","44","153218558"
"chr1","153873127","153873385","JH378201","3632506","3632762","41","150240621"
"chr1","153896161","153896453","JH378154","2415687","2415984","45","151480474"
"chr1","153901418","153901707","JH378204","3222855","3223147","47","150678563"
"chr1","153949448","153949743","JH378116","14428154","14428454","42","139521294"
"chr1","153960563","153960830","JH378250","2718382","2718653","47","151242181"
"chr1","153978945","153979247","JH378262","1936694","1936996","34","152042251"
"chr1","154008045","154008354","JH378111","8712659","8712969","31","145295386"
"chr1","154010838","154011131","JH378111","43268192","43268483","37","110742646"
"chr1","154022086","154022389","JH378190","56389","56693","43","153965697"
"chr1","154023375","154023673","JH378107","9113306","9113604","43","144910069"
"chr1","154031292","154031582","JH378242","734891","735189","40","153296401"
"chr1","154040462","154040606","JH378238","3850079","3850212","34","150190383"
"chr1","154040897","154041112","JH378167","5904738","5904927","52","148136159"
"chr1","154063156","154063462","JH378108","50609420","50609729","40","103453736"
"chr1","154065342","154065640","JH378153","14175225","14175527","37","139890117"
"chr1","154073631","154073928","JH378177","11116369","11116664","41","142957262"
"chr1","154091484","154091782","JH378308","686068","686367","43","153405416"
"chr1","154096886","154097182","JH378115","16549844","16550133","51","137547042"
"chr1","154097829","154098124","JH378172","9370200","9370493","39","144727629"
"chr1","154098662","154098869","JH378105","60871118","60871323","28","93227544"
"chr1","154104822","154105127","JH378118","32776326","32776634","40","121328496"
"chr1","154110686","154110879","JH378118","32772173","32772368","21","121338513"
"chr1","154116089","154116378","JH378105","24058051","24058340","53","130058038"
"chr1","154122978","154123269","JH378109","8720176","8720466","42","145402802"
"chr1","154133588","154133886","JH378148","2797982","2798286","41","151335606"
"chr1","154148762","154149061","JH378115","16549844","16550133","51","137598918"
"chr1","154153459","154153692","JH378190","9349905","9350131","37","144803554"
"chr1","154162327","154162447","JH378198","4719292","4719405","24","149443035"
"chr1","154170979","154171284","JH378113","3991520","3991821","42","150179459"
"chr1","154172228","154172522","JH378105","34103160","34103453","32","120069068"
"chr1","154176742","154177045","JH378112","33033903","33034201","51","121142839"
"chr1","154206000","154206293","JH378186","1525813","1526111","49","152680187"
"chr1","154211527","154211822","JH378346","339595","339890","42","153871932"
"chr1","154221598","154221922","JH378106","44413685","44413986","70","109807913"
"chr1","154246149","154246455","JH378242","734891","735189","37","153511258"
"chr1","154258225","154258533","JH378154","13561581","13561891","40","140696644"
"chr1","154270278","154270570","JH378141","18158087","18158371","41","136112191"
"chr1","154286231","154286513","JH378108","20497499","20497784","43","133788732"
"chr1","154321125","154321264","JH378158","5896766","5896907","17","148424359"
"chr1","154321564","154321725","JH378131","11949009","11949176","25","142372555"
"chr1","154366665","154366970","JH378118","32515504","32515815","40","121851161"
"chr1","154412006","154412317","JH378167","5297205","5297514","46","149114801"
"chr1","154434125","154434434","JH378105","54679097","54679407","49","99755028"
"chr1","154492289","154492585","JH378242","734891","735189","42","153757398"
"chr1","154493664","154493967","JH378108","8194214","8194513","43","146299450"
"chr1","154546073","154546379","JH378118","32362444","32362740","44","122183629"
"chr1","154556583","154556904","JH378231","1634408","1634731","60","152922175"
"chr1","154568313","154568609","JH378110","28085821","28086114","40","126482492"
"chr1","154933092","154933398","JH378105","21212101","21212396","57","133720991"
"chr1","154934233","154934520","JH378109","37135286","37135583","58","117798947"
"chr1","154977824","154978114","JH378118","31942449","31942737","44","123035375"
"chr1","155196814","155197122","JH378197","8295826","8296131","46","146900988"
"chr1","155248225","155248467","JH378118","31695192","31695434","29","123553033"
"chr1","155261642","155261788","JH378158","4014718","4014862","26","151246924"
"chr1","155293012","155293290","JH378118","31656366","31656642","43","123636646"
"chr1","155370781","155371074","JH378153","14658508","14658797","56","140712273"
"chr1","155397187","155397474","JH378204","6750334","6750618","72","148646853"
"chr1","155428423","155428747","JH378297","1990571","1990881","53","153437852"
"chr1","155428811","155429084","JH378155","2506721","2506992","37","152922090"
"chr1","155444284","155444592","JH378148","2797982","2798286","45","152646302"
"chr1","155478519","155478800","JH378118","31494188","31494486","53","123984331"
"chr1","155478864","155479055","JH378186","4474088","4474281","27","151004776"
"chr1","155483520","155483788","JH378106","5263914","5264177","36","150219606"
"chr1","155540309","155540599","JH378116","25790477","25790774","48","129749832"
"chr1","155564814","155565114","JH378105","45886739","45887040","40","109678075"
"chr1","155694196","155694512","JH378118","31322285","31322589","47","124371911"
"chr1","155948631","155948926","JH378181","1470966","1471256","54","154477665"
"chr1","155971762","155972039","JH378141","18158087","18158371","44","137813675"
"chr1","156069910","156070211","AGCE01150011","403","708","51","156069507"
"chr1","156077181","156077505","JH378110","31358400","31358705","66","124718781"
"chr1","156127662","156127953","JH378116","24984391","24984685","53","131143271"
"chr1","156159871","156160176","JH378129","14233578","14233874","50","141926293"
"chr1","156215273","156215540","JH378191","8253001","8253284","49","147962272"
"chr1","156257920","156258229","JH378118","10693452","10693756","49","145564468"
"chr1","156289891","156290167","JH378118","15777452","15777729","64","140512439"
"chr1","156297552","156297795","JH378158","3766380","3766621","32","152531172"
"chr1","156505664","156505960","JH378265","600286","600580","46","155905378"
"chr1","156538208","156538497","JH378139","17676474","17676761","51","138861734"
"chr1","156750732","156751014","JH378118","30269530","30269804","41","126481202"
"chr1","156755253","156755552","JH378117","18867354","18867649","43","137887899"
"chr1","156878273","156878558","JH378115","15569490","15569772","46","141308783"
"chr1","156917182","156917449","JH378114","33998852","33999125","37","122918330"
"chr1","157088019","157088318","JH378116","14428154","14428454","34","142659865"
"chr1","157152247","157152538","JH378140","5233255","5233538","48","151918992"
"chr1","157206425","157206724","JH378118","29847467","29847762","35","127358958"
"chr1","157248332","157248618","JH378105","69163567","69163856","55","88084765"
"chr1","157288735","157289045","JH378114","41499633","41499943","44","115789102"
"chr1","157308839","157309133","JH378118","11963571","11963864","36","145345268"
"chr1","157357573","157357876","JH378203","6136292","6136592","44","151221281"
"chr1","157403660","157403802","JH378193","6510911","6511053","19","150892749"
"chr1","157404096","157404259","JH378157","8419595","8419760","30","148984501"
"chr1","157476585","157476882","JH378204","7978351","7978644","45","149498234"
"chr1","157566672","157566973","JH378218","192996","193291","41","157373676"
"chr1","157587821","157588120","JH378141","10158367","10158665","42","147429454"
"chr1","157633916","157634037","JH378115","4920691","4920813","21","152713225"
"chr1","157737217","157737531","JH378288","2552639","2552947","38","155184578"
"chr1","157741034","157741342","JH378185","6039029","6039324","54","151702005"
"chr1","157744077","157744374","JH378170","2816096","2816392","42","154927981"
"chr1","157762666","157762944","JH378213","4422853","4423134","43","153339813"
"chr1","157768732","157768930","JH378281","574189","574387","23","157194543"
"chr1","157782075","157782376","JH378106","6755249","6755548","39","151026826"
"chr1","157803585","157803888","JH378117","6076538","6076831","43","151727047"
"chr1","157807806","157808114","JH378151","7873083","7873395","40","149934723"
"chr1","157814290","157814599","JH378197","8660298","8660600","43","149153992"
"chr1","157823355","157823655","JH378119","2681409","2681712","42","155141946"
"chr1","157827381","157827668","JH378171","5901188","5901476","35","151926193"
"chr1","157853798","157854073","JH378118","29218361","29218634","38","128635437"
"chr1","157860561","157860877","JH378136","14817827","14818135","54","143042734"
"chr1","157868262","157868378","JH378121","27594546","27594667","21","130273716"
"chr1","157870450","157870767","JH378197","4873983","4874297","60","152996467"
"chr1","157874212","157874505","JH378170","1616807","1617104","40","156257405"
"chr1","157878619","157878944","JH378148","16955481","16955786","60","140923138"
"chr1","157884019","157884318","JH378118","29199738","29200045","64","128684281"
"chr1","157889338","157889632","JH378105","14432202","14432497","43","143457136"
"chr1","157894489","157894781","JH378141","14454762","14455052","34","143439727"
"chr1","157920774","157921081","JH378205","4278012","4278319","46","153642762"
"chr1","157922114","157922424","JH378255","1987046","1987357","46","155935068"
"chr1","157938882","157939180","JH378176","5060132","5060429","42","152878750"
"chr1","157951458","157951725","JH378255","3706587","3706845","46","154244871"
"chr1","157978862","157979153","JH378262","1094105","1094397","49","156884757"
"chr1","157994199","157994499","JH378262","1936694","1936996","42","156057505"
"chr1","157998342","157998634","JH378204","7795535","7795827","48","150202807"
"chr1","158015750","158016056","JH378105","22631508","22631815","48","135384242"
"chr1","158016366","158016677","JH378118","6633242","6633554","43","151383124"
"chr1","158029625","158029894","JH378297","842854","843136","49","157186771"
"chr1","158042883","158043157","JH378260","2450704","2450976","35","155592179"
"chr1","158087034","158087329","JH378232","3499603","3499896","41","154587431"
"chr1","158093927","158094238","JH378288","629003","629310","39","157464924"
"chr1","158108803","158109092","JH378172","9343322","9343615","44","148765481"
"chr1","158143635","158143938","JH378118","28945425","28945730","46","129198210"
"chr1","158148523","158148822","JH378135","9827021","9827316","39","148321502"
"chr1","158151832","158152132","JH378161","9835663","9835963","37","148316169"
"chr1","158159290","158159578","JH378112","21618915","21619202","36","136540375"
"chr1","158161258","158161565","JH378117","13686063","13686368","42","144475195"
"chr1","158177971","158178258","JH378118","28923693","28923986","35","129254278"
"chr1","158184361","158184648","JH378113","17041802","17042097","49","141142559"
"chr1","158186219","158186512","JH378127","5317720","5318008","42","152868499"
"chr1","158211271","158211568","JH378242","734891","735189","35","157476380"
"chr1","158230411","158230705","JH378122","22447926","22448218","41","135782485"
"chr1","158234427","158234669","JH378134","14648007","14648248","47","143586420"
"chr1","158238497","158238774","JH378115","4420108","4420389","49","153818389"
"chr1","158243381","158243690","JH378195","8547789","8548098","39","149695592"
"chr1","158251746","158252044","JH378141","9524229","9524528","46","148727517"
"chr1","158261519","158261784","JH378149","3907556","3907820","42","154353963"
"chr1","158271378","158271648","JH378114","42565554","42565819","42","115705824"
"chr1","158274699","158274984","JH378123","5667081","5667374","43","152607618"
"chr1","158289287","158289587","JH378290","1449167","1449465","42","156840120"
"chr1","158290010","158290322","JH378112","30721676","30721989","60","127568334"
"chr1","158295788","158296100","JH378247","561987","562291","44","157733801"
"chr1","158296365","158296656","JH378140","16737561","16737856","41","141558804"
"chr1","158297956","158298203","JH378105","56722992","56723237","47","101574964"
"chr1","158318897","158319208","JH378172","10103897","10104207","53","148215000"
"chr1","158327443","158327728","JH378105","50034667","50034949","54","108292776"
"chr1","158347488","158347722","JH378118","28757652","28757879","38","129589836"
"chr1","158350450","158350759","JH378144","4619021","4619322","52","153731429"
"chr1","158358274","158358563","JH378145","10818566","10818852","42","147539708"
"chr1","158388977","158389285","JH378197","8739003","8739306","51","149649974"
"chr1","158404113","158404396","JH378107","29025302","29025584","43","129378811"
"chr1","158414315","158414618","JH378129","3247646","3247946","39","155166669"
"chr1","158423277","158423544","JH378184","394271","394543","48","158029006"
"chr1","158427947","158428226","JH378114","36224521","36224801","35","122203426"
"chr1","158455158","158455461","JH378152","13332030","13332334","48","145123128"
"chr1","158456341","158456616","JH378116","4838684","4838956","44","153617657"
"chr1","158465711","158466003","JH378141","14454762","14455052","35","144010949"
"chr1","158475664","158475927","JH378139","5066031","5066300","56","153409633"
"chr1","158480848","158481165","JH378246","2033796","2034100","40","156447052"
"chr1","158497444","158497755","JH378112","30721676","30721989","43","127775768"
"chr1","158502344","158502475","JH378121","29008559","29008690","14","129493785"
"chr1","158507052","158507167","JH378217","100735","100849","11","158406317"
"chr1","158531093","158531390","JH378106","6755249","6755548","44","151775844"
"chr1","158532704","158532996","JH378118","28556077","28556361","40","129976627"
"chr1","158538186","158538485","JH378112","20815144","20815441","44","137723042"
"chr1","158542206","158542512","JH378118","28548409","28548720","33","129993797"
"chr1","158547980","158548275","JH378167","11202084","11202374","37","147345896"
"chr1","158552225","158552529","JH378122","9329495","9329803","44","149222730"
"chr1","158554044","158554172","JH378194","4656246","4656371","15","153897798"
"chr1","158564349","158564631","JH378114","36224521","36224801","34","122339828"
"chr1","158602277","158602569","JH378243","53586","53880","42","158548691"
"chr1","158647590","158647900","JH378120","18067329","18067633","45","140580261"
"chr1","158663535","158663822","JH378136","354228","354520","39","158309307"
"chr1","158675937","158676232","JH378186","4814679","4814977","39","153861258"
"chr1","158723439","158723729","JH378105","17352517","17352807","40","141370922"
"chr1","158782036","158782328","JH378149","1955740","1956029","32","156826296"
"chr1","158811414","158811722","JH378288","629003","629310","42","158182411"
"chr1","158822999","158823304","JH378118","28363172","28363473","25","130459827"
"chr1","158831044","158831343","JH378116","25790477","25790774","61","133040567"
"chr1","158854924","158855209","JH378109","16678057","16678340","44","142176867"
"chr1","158893896","158894200","JH378135","3487580","3487886","44","155406316"
"chr1","158910835","158911142","JH378122","3681294","3681592","47","155229541"
"chr1","158918792","158919090","JH378152","10370303","10370604","42","148548489"
"chr1","158937370","158937676","JH378156","6301995","6302299","51","152635375"
"chr1","158958258","158958561","JH378118","28231777","28232075","45","130726481"
"chr1","158967899","158968182","JH378108","42336136","42336414","51","116631763"
"chr1","158971822","158972113","JH378114","12032627","12032914","54","146939195"
"chr1","159017908","159018200","JH378110","9867313","9867609","52","149150595"
"chr1","159018649","159018926","JH378207","4048304","4048581","50","154970345"
"chr1","159061123","159061420","JH378148","3100313","3100608","38","155960810"
"chr1","159068567","159068676","JH378105","55001560","55001669","11","104067007"
"chr1","159090039","159090325","JH378116","14428154","14428454","54","144661885"
"chr1","159109902","159110196","JH378114","11994163","11994456","39","147115739"
"chr1","159122353","159122658","JH378118","10693452","10693756","41","148428901"
"chr1","159123053","159123340","JH378115","28716128","28716418","41","130406925"
"chr1","159163499","159163805","JH378148","7478775","7479080","47","151684724"
"chr1","159177883","159178188","JH378107","529179","529482","41","158648704"
"chr1","159182595","159182896","JH378116","25790477","25790774","45","133392118"
"chr1","159282259","159282488","JH378143","11773545","11773775","31","147508714"
"chr1","159290623","159290923","JH378242","734891","735189","38","158555732"
"chr1","159303279","159303569","JH378108","51058639","51058929","38","108244640"
"chr1","159333175","159333465","JH378148","3100313","3100608","36","156232862"
"chr1","159378640","159378936","JH378135","350947","351240","50","159027693"
"chr1","159456240","159456542","JH378110","32646420","32646715","47","126809820"
"chr1","159469121","159469412","JH378127","5317720","5318008","38","154151401"
"chr1","159480042","159480356","JH378173","4731101","4731408","52","154748941"
"chr1","159515934","159516238","JH378290","1449167","1449465","56","158066767"
"chr1","159545229","159545526","JH378110","9867313","9867609","42","149677916"
"chr1","159568125","159568407","JH378223","6629978","6630262","53","152938147"
"chr1","159605266","159605559","JH378112","18402828","18403116","65","141202438"
"chr1","159621246","159621541","JH378220","2699046","2699342","42","156922200"
"chr1","159639697","159639997","JH378262","1936694","1936996","45","157703003"
"chr1","159671416","159671645","JH378123","5689708","5689935","41","153981708"
"chr1","159694268","159694532","JH378110","12858707","12858979","55","146835561"
"chr1","159704914","159705217","JH378235","366992","367283","45","159337922"
"chr1","159709584","159709868","JH378139","13663749","13664032","47","146045835"
"chr1","159740380","159740689","JH378149","11008638","11008947","45","148731742"
"chr1","159782405","159782710","JH378204","3129799","3130101","39","156652606"
"chr1","159787149","159787456","JH378149","422089","422391","42","159365060"
"chr1","159826023","159826323","JH378242","734891","735189","38","159091132"
"chr1","159847753","159848036","JH378145","4052907","4053198","48","155794846"
"chr1","159891866","159892176","JH378140","18974767","18975076","47","140917099"
"chr1","159893613","159893875","JH378272","3237986","3238252","53","156655627"
"chr1","159907145","159907429","JH378149","2162935","2163218","60","157744210"
"chr1","159912287","159912578","JH378136","354228","354520","38","159558059"
"chr1","159958129","159958439","JH378112","33452684","33452993","44","126505445"
"chr1","159990295","159990591","JH378111","40734534","40734829","41","119255761"
"chr1","160021486","160021788","JH378255","3447746","3448043","37","156573740"
"chr1","160045873","160046122","JH378137","15932367","15932626","46","144113506"
"chr1","160056097","160056355","JH378120","24589503","24589764","41","135466594"
"chr1","160059837","160060032","JH378124","26304263","26304459","24","133755574"
"chr1","160085069","160085358","JH378110","30393505","30393795","43","129691564"
"chr1","160108007","160108295","JH378132","20919176","20919465","45","139188831"
"chr1","160154944","160155240","JH378123","5667081","5667374","44","154487863"
"chr1","160179247","160179574","JH378114","41843786","41844098","65","118335461"
"chr1","160197724","160198045","JH378116","36267689","36268001","51","123930035"
"chr1","160215420","160215711","JH378105","14432202","14432497","42","145783218"
"chr1","160257597","160257684","JH378263","679156","679241","9","159578441"
"chr1","160262133","160262419","JH378114","7734929","7735203","47","152527204"
"chr1","160264032","160264341","JH378154","13561581","13561891","42","146702451"
"chr1","160289161","160289470","JH378161","2236995","2237295","54","158052166"
"chr1","160343739","160344014","JH378297","842854","843136","45","159500885"
"chr1","160370930","160371226","JH378123","5667081","5667374","38","154703849"
"chr1","160481606","160481906","JH378151","4578678","4578981","41","155902928"
"chr1","160500485","160500766","JH378173","4795221","4795500","45","155705264"
"chr1","160542461","160542716","JH378129","11701253","11701513","38","148841208"
"chr1","160556730","160557026","JH378153","13038261","13038552","34","147518469"
"chr1","160573351","160573650","JH378112","33033903","33034201","38","127539448"
"chr1","160692444","160692755","JH378137","5836126","5836431","43","154856318"
"chr1","160763701","160764001","JH378110","21383801","21384099","35","139379900"
"chr1","161031942","161032219","JH378128","25390778","25391061","53","135641164"
"chr1","161092051","161092334","JH378118","26129053","26129343","40","134962998"
"chr1","161121429","161121733","JH378260","445434","445733","45","160675995"
"chr1","161124445","161124754","JH378201","122224","122525","47","161002221"
"chr1","161151673","161151953","JH378118","26071462","26071759","55","135080211"
"chr1","161159945","161160259","JH378123","17033428","17033740","48","144126517"
"chr1","161195049","161195354","JH378283","1555730","1556029","40","159639319"
"chr1","161196475","161196778","JH378114","36213376","36213681","42","124983099"
"chr1","161227186","161227488","JH378144","16325308","16325605","39","144901878"
"chr1","161259975","161260253","JH378279","1666661","1666937","37","159593314"
"chr1","161261449","161261594","JH378141","7661361","7661504","17","153600088"
"chr1","161261895","161262034","JH378141","10274156","10274290","31","150987739"
"chr1","161275997","161276284","JH378200","4317868","4318159","37","156958129"
"chr1","161294129","161294288","JH378119","34092724","34092888","29","127201405"
"chr1","161294596","161294733","JH378191","1159709","1159846","21","160134887"
"chr1","161299456","161299754","JH378116","28282701","28282994","40","133016755"
"chr1","161313046","161313357","JH378152","6166635","6166935","55","155146411"
"chr1","161329187","161329439","JH378118","27502774","27503024","37","133826413"
"chr1","161370393","161370515","JH378212","377259","377387","13","160993134"
"chr1","161399739","161400038","JH378152","13742000","13742297","39","147657739"
"chr1","161417993","161418283","JH378191","8733838","8734134","45","152684155"
"chr1","161448229","161448528","JH378221","5874009","5874305","49","155574220"
"chr1","161460572","161460864","JH378123","9608291","9608584","40","151852281"
"chr1","161464113","161464410","JH378115","28716128","28716418","43","132747985"
"chr1","161472099","161472386","JH378141","14454762","14455052","40","147017337"
"chr1","161475151","161475419","JH378122","10060523","10060794","45","151414628"
"chr1","161479612","161479908","JH378111","43268192","43268483","41","118211420"
"chr1","161495834","161496141","JH378107","46868219","46868530","42","114627615"
"chr1","161497860","161497987","JH378294","2256386","2256515","26","159241474"
"chr1","161499819","161499999","JH378165","5586020","5586201","23","155913799"
"chr1","161505046","161505379","JH378187","2858048","2858366","59","158646998"
"chr1","161532178","161532457","JH378175","5749317","5749577","55","155782861"
"chr1","161548691","161548995","JH378190","3857505","3857809","41","157691186"
"chr1","161555977","161556277","JH378148","12754921","12755229","49","148801056"
"chr1","161559245","161559561","JH378152","13742000","13742297","58","147817245"
"chr1","161573076","161573378","JH378117","23693197","23693497","36","137879879"
"chr1","161578876","161579183","JH378118","20140583","20140886","46","141438293"
"chr1","161581911","161582216","JH378200","4071612","4071915","39","157510299"
"chr1","161586375","161586661","JH378141","13201371","13201660","56","148385004"
"chr1","161589591","161589890","JH378140","7297403","7297700","38","154292188"
"chr1","161605103","161605388","JH378108","18171101","18171385","36","143434002"
"chr1","161626487","161626770","JH378111","10798818","10799104","47","150827669"
"chr1","161628066","161628370","JH378124","10805017","10805321","48","150823049"
"chr1","161655823","161656159","JH378195","2148198","2148495","89","159507625"
"chr1","161660524","161660805","JH378122","2716414","2716700","40","158944110"
"chr1","161670648","161670946","JH378109","26397557","26397861","45","135273091"
"chr1","161705097","161705390","JH378187","3086525","3086818","36","158618572"
"chr1","161742269","161742587","JH378118","25606165","25606459","56","136136104"
"chr1","161761971","161762257","JH378114","41699374","41699658","38","120062597"
"chr1","161864644","161864945","JH378242","734891","735189","36","161129753"
"chr1","161883315","161883626","JH378149","15144631","15144934","40","146738684"
"chr1","161926683","161926964","JH378113","10845621","10845903","40","151081062"
"chr1","161927004","161927027","JH378110","39932633","39932649","10","121994371"
"chr1","161944120","161944418","JH378118","25409028","25409322","37","136535092"
"chr1","161965880","161966167","JH378193","4524503","4524799","43","157441377"
"chr1","162001506","162001638","JH378131","12809826","12809958","27","149191680"
"chr1","162011566","162011843","JH378326","204096","204381","49","161807470"
"chr1","162012405","162012549","JH378141","14700671","14700816","14","147311734"
"chr1","162037243","162037314","JH378281","1347939","1348010","9","160689304"
"chr1","162047833","162048126","JH378133","10007863","10008159","42","152039970"
"chr1","162052144","162052373","JH378227","501198","501426","47","161550946"
"chr1","162075612","162075633","JH378196","2334629","2334642","8","159740983"
"chr1","162075666","162075943","JH378118","25211469","25211751","38","136864197"
"chr1","162078941","162079249","JH378173","6575149","6575450","44","155503792"
"chr1","162080587","162080881","JH378123","5667081","5667374","37","156413506"
"chr1","162085441","162085587","JH378128","25274620","25274764","19","136810821"
"chr1","162090447","162090696","JH378139","13387568","13387813","36","148702879"
"chr1","162622660","162622959","JH378116","14428154","14428454","42","148194506"
"chr1","162626285","162626592","JH378118","25274565","25274876","44","137351720"
"chr1","162626697","162626951","JH378124","5411632","5411889","61","157215065"
"chr1","162634632","162634926","JH378118","25267415","25267713","38","137367217"
"chr1","162643084","162643382","JH378111","26034614","26034912","44","136608470"
"chr1","162643849","162644205","JH378117","19004041","19004369","86","143639808"
"chr1","162655270","162655582","JH378227","1344036","1344340","57","161311234"
"chr1","162657967","162658096","JH378106","14825685","14825814","20","147832282"
"chr1","162664835","162665092","JH378120","24589503","24589764","46","138075332"
"chr1","162688876","162689155","JH378136","14898747","14899023","45","147790129"
"chr1","162697670","162697845","JH378196","989088","989254","34","161708582"
"chr1","162697846","162698135","JH378123","5667081","5667374","43","157030765"
"chr1","162698136","162698277","JH378141","7661361","7661504","21","155036775"
"chr1","162726417","162726723","JH378204","3945411","3945718","40","158781006"
"chr1","162756156","162756417","JH378116","11400503","11400756","40","151355653"
"chr1","162758204","162758452","JH378115","35807774","35808031","49","126950430"
"chr1","162775991","162776299","JH378262","1936694","1936996","43","160839297"
"chr1","162781837","162782165","JH378112","26626058","26626373","50","136155779"
"chr1","162822858","162823151","JH378118","25064150","25064441","40","137758708"
"chr1","162856490","162856797","JH378114","36876536","36876843","49","125979954"
"chr1","162859463","162859746","JH378224","5775040","5775321","50","157084423"
"chr1","162932606","162932901","JH378188","7232167","7232465","40","155700439"
"chr1","162933718","162933986","JH378113","5817895","5818160","41","157115823"
"chr1","162937473","162937779","JH378247","561987","562291","38","162375486"
"chr1","162975947","162976257","JH378129","10477083","10477384","38","152498864"
"chr1","162995688","162995990","JH378118","24890727","24891029","40","138104961"
"chr1","163003624","163003926","JH378205","4278012","4278319","44","158725612"
"chr1","163009200","163009495","JH378111","43268192","43268483","38","119741008"
"chr1","163056209","163056512","JH378115","30401019","30401318","37","132655190"
"chr1","163061197","163061483","JH378152","13766469","13766760","41","149294728"
"chr1","163063848","163064159","JH378141","14415409","14415719","49","148648439"
"chr1","163066633","163066930","JH378118","24819919","24820225","33","138246714"
"chr1","163094036","163094314","JH378140","14189234","14189523","55","148904802"
"chr1","163111436","163111618","JH378125","6583282","6583470","26","156528154"
"chr1","163120583","163120869","JH378227","2447913","2448199","42","160672670"
"chr1","163141093","163141402","JH378111","11464738","11465037","40","151676355"
"chr1","163148280","163148585","JH378151","4578678","4578981","47","158569602"
"chr1","163156727","163157038","JH378301","920694","921000","40","162236033"
"chr1","163214248","163214541","JH378105","69163567","69163856","41","94050681"
"chr1","163222665","163222928","JH378299","666691","666951","40","162555974"
"chr1","163245955","163246247","JH378177","5783190","5783479","43","157462765"
"chr1","163246790","163247072","JH378238","4822206","4822489","34","158424584"
"chr1","163256280","163256575","JH378153","6431962","6432251","43","156824318"
"chr1","163257708","163257998","JH378221","171580","171870","41","163086128"
"chr1","163268795","163269085","JH378172","4628811","4629098","41","158639984"
"chr1","163326600","163326909","JH378246","1705721","1706027","42","161620879"
"chr1","163465655","163465937","JH378232","3348298","3348573","45","160117357"
"chr1","163501299","163501595","JH378118","24415811","24416106","35","139085488"
"chr1","163667383","163667697","JH378154","13561581","13561891","57","150105802"
"chr1","163698594","163698896","JH378116","14428154","14428454","40","149270440"
"chr1","163744703","163744996","JH378111","8498303","8498600","46","155246400"
"chr1","163751521","163751830","JH378148","16955481","16955786","45","146796040"
"chr1","163895223","163895237","JH378105","48290961","48290972","5","115604262"
"chr1","163895267","163895539","JH378167","8762253","8762532","40","155133014"
"chr1","163913074","163913374","JH378139","18877381","18877680","43","145035693"
"chr1","163923692","163923963","JH378118","24029250","24029523","44","139894442"
"chr1","163953950","163954259","JH378153","7036113","7036415","42","156917837"
"chr1","163981337","163981625","JH378133","9743043","9743332","41","154238294"
"chr1","164017072","164017382","JH378107","51667756","51668056","50","112349316"
"chr1","164049843","164050133","JH378235","5966662","5966955","39","158083181"
"chr1","164133052","164133347","JH378112","32039521","32039815","44","132093531"
"chr1","164153888","164154172","JH378119","10065408","10065685","47","154088480"
"chr1","164155493","164155803","JH378151","14190592","14190902","40","149964901"
"chr1","164230968","164231266","JH378111","8498303","8498600","46","155732665"
"chr1","164249100","164249406","JH378105","17620825","17621134","45","146628275"
"chr1","164296518","164296828","JH378216","2499104","2499400","49","161797414"
"chr1","164326623","164326913","JH378146","775831","776122","40","163550792"
"chr1","164331345","164331647","JH378235","3957900","3958200","42","160373445"
"chr1","164352738","164353030","JH378198","1639176","1639469","29","162713562"
"chr1","164370476","164370763","JH378152","14449530","14449815","49","149920946"
"chr1","164416295","164416580","JH378108","50685837","50686123","43","113730458"
"chr1","164430253","164430556","JH378206","918187","918493","42","163512066"
"chr1","164457398","164457697","JH378118","23513185","23513489","38","140944213"
"chr1","164461078","164461397","JH378109","13817530","13817846","56","150643548"
"chr1","164473720","164474009","JH378156","1920","2211","39","164471800"
"chr1","164477508","164477812","JH378118","17151881","17152177","49","147325627"
"chr1","164481363","164481659","JH378121","16577236","16577527","39","147904127"
"chr1","164490670","164490965","JH378251","4062279","4062572","40","160428391"
"chr1","164491400","164491670","JH378106","1924417","1924689","46","162566983"
"chr1","164547286","164547579","JH378105","14432202","14432497","42","150115084"
"chr1","164554144","164554431","JH378220","941658","941941","54","163612486"
"chr1","164562758","164563042","JH378153","14658508","14658797","47","149904250"
"chr1","164576033","164576325","JH378127","19331819","19332107","35","145244214"
"chr1","164582119","164582406","JH378123","5667081","5667374","41","158915038"
"chr1","164603669","164603966","JH378109","14647068","14647361","49","149956601"
"chr1","164659655","164659953","JH378177","441165","441464","41","164218490"
"chr1","164688627","164688927","JH378112","33033903","33034201","40","131654724"
"chr1","164690507","164690625","JH378124","1986105","1986224","10","162704402"
"chr1","164695424","164695720","JH378127","22815027","22815328","37","141880397"
"chr1","164705954","164706255","JH378118","23306592","23306894","42","141399362"
"chr1","164719939","164720254","JH378176","9082089","9082394","49","155637850"
"chr1","164730850","164731148","JH378189","8929711","8930013","61","155801139"
"chr1","164731560","164731871","JH378322","16020","16327","59","164715540"
"chr1","164776500","164776609","JH378105","58475146","58475255","11","106301354"
"chr1","164799714","164800008","JH378107","8700595","8700886","42","156099119"
"chr1","164808879","164809107","JH378105","45639946","45640176","34","119168933"
"chr1","164809186","164809474","JH378291","130444","130734","41","164678742"
"chr1","164813082","164813386","JH378124","10805017","10805321","49","154008065"
"chr1","164843863","164844116","JH378148","6780762","6781018","43","158063101"
"chr1","164899278","164899589","JH378149","5129577","5129882","51","159769701"
"chr1","164951696","164951879","JH378114","10654899","10655083","29","154296797"
"chr1","164970819","164971126","JH378152","13742000","13742297","45","151228819"
"chr1","165007770","165008061","JH378228","5761274","5761558","42","159246496"
"chr1","165063172","165063499","JH378106","64277322","64277634","68","100785850"
"chr1","165107607","165107906","JH378116","14428154","14428454","41","150679453"
"chr1","165171494","165171795","JH378119","13478581","13478885","47","151692913"
"chr1","165231557","165231850","JH378232","3604210","3604501","41","161627347"
"chr1","165244703","165244825","JH378232","4035468","4035592","16","161209235"
"chr1","165327720","165327999","JH378122","8503071","8503350","36","156824649"
"chr1","165345221","165345525","JH378129","21763196","21763499","43","143582025"
"chr1","165400317","165400610","JH378135","15931802","15932093","39","149468515"
"chr1","165414226","165414536","JH378135","1618015","1618319","44","163796211"
"chr1","165420845","165421138","JH378191","923121","923417","41","164497724"
"chr1","165493588","165493870","JH378193","5129426","5129706","36","160364162"
"chr1","165510444","165510747","JH378127","13229242","13229553","43","152281202"
"chr1","165523623","165523933","JH378118","10693452","10693756","42","154830171"
"chr1","165620848","165621158","JH378128","12371824","12372134","38","153249024"
"chr1","165657860","165658164","JH378139","1944019","1944317","51","163713841"
"chr1","165724986","165725271","JH378200","261439","261727","43","165463547"
"chr1","166034394","166034700","JH378131","940078","940383","45","165094316"
"chr1","166100236","166100531","JH378118","22055949","22056245","36","144044287"
"chr1","166120563","166120862","JH378163","12759419","12759714","49","153361144"
"chr1","166124156","166124412","JH378183","6163115","6163380","61","159961041"
"chr1","166125769","166126064","JH378151","3413908","3414208","41","162711861"
"chr1","166130842","166131139","JH378145","9809575","9809867","41","156321267"
"chr1","166150449","166150758","JH378128","24171397","24171700","50","141979052"
"chr1","166176327","166176617","JH378118","21987996","21988275","55","144188331"
"chr1","166200729","166201021","JH378156","5158705","5158995","41","161042024"
"chr1","166227127","166227421","JH378105","63280943","63281232","48","102946184"
"chr1","166270485","166270786","JH378127","23469237","23469532","49","142801248"
"chr1","166299785","166300078","JH378114","37013997","37014291","40","129285788"
"chr1","166309388","166309664","JH378189","29762","30036","38","166279626"
"chr1","166312049","166312354","JH378167","4158411","4158718","50","162153638"
"chr1","166330732","166331025","JH378141","14454762","14455052","41","151875970"
"chr1","166349305","166349597","JH378147","15873763","15874055","43","150475542"
"chr1","166372558","166372828","JH378202","8265291","8265540","46","158107267"
"chr1","166393468","166393777","JH378135","18914588","18914888","67","147478880"
"chr1","166456550","166456847","JH378110","9867313","9867609","46","156589237"
"chr1","166456848","166456983","JH378202","8202003","8202137","11","158254845"
"chr1","166462127","166462417","JH378186","1525813","1526111","44","164936314"
"chr1","166471731","166472028","JH378123","9608291","9608584","40","156863440"
"chr1","166546352","166546655","JH378139","14171993","14172294","41","152374359"
"chr1","166577686","166577979","JH378202","8091416","8091726","49","158486270"
"chr1","166581532","166581843","JH378211","1951298","1951606","39","164630234"
"chr1","166606564","166606611","JH378135","15660031","15660074","19","150946533"
"chr1","166805173","166805489","JH378179","1607840","1608151","53","165197333"
"chr1","166868708","166869005","JH378114","36871907","36872207","44","129996801"
"chr1","166896178","166896484","JH378170","4722268","4722568","40","162173910"
"chr1","166969308","166969587","JH378245","691477","691755","50","166277831"
"chr1","166987236","166987451","JH378257","3509706","3509908","47","163477530"
"chr1","167053977","167054279","JH378157","6175235","6175536","49","160878742"
"chr1","167062372","167062656","JH378131","252787","253071","40","166809585"
"chr1","167084917","167085210","JH378145","10500061","10500358","50","156584856"
"chr1","167132950","167133253","JH378113","14729389","14729690","41","152403561"
"chr1","167170075","167170367","JH378188","9653970","9654259","45","157516105"
"chr1","167181527","167181662","JH378108","26007709","26007841","23","141173818"
"chr1","167181973","167182139","JH378115","34373550","34373715","40","132808423"
"chr1","167205089","167205344","JH378152","14595422","14595681","45","152609667"
"chr1","167235570","167235883","JH378111","44419713","44420022","48","122815857"
"chr1","167239492","167239799","JH378166","9428708","9429013","53","157810784"
"chr1","167266271","167266561","JH378133","23040102","23040390","59","144226169"
"chr1","167272548","167272733","JH378114","10654899","10655083","25","156617649"
"chr1","167278679","167278964","JH378122","7809799","7810085","47","159468880"
"chr1","167415205","167415502","JH378253","1473930","1474226","51","165941275"
"chr1","167457143","167457443","JH378116","14428154","14428454","45","153028989"
"chr1","167547152","167547456","JH378115","7530212","7530515","44","160016940"
"chr1","167631552","167631848","JH378105","55574476","55574778","42","112057076"
"chr1","167727486","167727788","JH378114","42121182","42121484","36","125606304"
"chr1","167745052","167745337","JH378216","6403971","6404254","49","161341081"
"chr1","167845878","167846178","JH378161","2236995","2237295","45","165608883"
"chr1","168044302","168044583","JH378113","32481782","32482060","41","135562520"
"chr1","168187323","168187633","JH378108","27985136","27985443","56","140202187"
"chr1","168204079","168204364","JH378163","11135350","11135637","40","157068729"
"chr1","168242493","168242772","JH378108","45438880","45439170","57","122803613"
"chr1","168316575","168316781","JH378109","2134674","2134878","55","166181901"
"chr1","168420261","168420575","JH378120","4438901","4439206","56","163981360"
"chr1","168428308","168428618","JH378262","1793239","1793545","33","166635069"
"chr1","168562078","168562391","JH378206","918187","918493","44","167643891"
"chr1","168606099","168606405","JH378212","192612","192916","49","168413487"
"chr1","168679244","168679563","JH378149","422089","422391","76","168257155"
"chr1","168724067","168724313","JH378259","3729612","3729863","69","164994455"
"chr1","168741878","168742160","JH378202","6345306","6345592","51","162396572"
"chr1","168840206","168840518","JH378157","10039092","10039395","44","158801114"
"chr1","168959698","168960004","JH378145","23363","23674","59","168936335"
"chr1","169000003","169000248","JH378193","2394588","2394828","50","166605415"
"chr1","169289957","169290255","JH378125","1296917","1297218","52","167993040"
"chr1","169302174","169302404","JH378148","12365305","12365534","37","156936869"
"chr1","169334931","169335153","JH378113","38203103","38203315","44","131131828"
"chr1","169351432","169351656","JH378111","16385749","16385975","39","152965683"
"chr1","169368080","169368332","JH378119","31401450","31401705","41","137966630"
"chr1","169432675","169432971","JH378109","26397557","26397861","46","143035118"
"chr1","169482507","169482733","JH378173","3526466","3526692","61","165956041"
"chr1","169581152","169581460","JH378168","1759484","1759793","51","167821668"
"chr1","170063794","170064097","JH378105","47354649","47354946","44","122709145"
"chr1","170211832","170212102","JH378148","16213270","16213542","51","153998562"
"chr1","170375313","170375619","JH378153","13255573","13255882","53","157119740"
"chr1","170388799","170389092","JH378185","6039029","6039324","52","164349770"
"chr1","170647200","170647495","JH378110","29311133","29311408","63","141336067"
"chr1","170747072","170747355","JH378172","970360","970642","44","169776712"
"chr1","170753723","170753909","JH378172","10313774","10313938","56","160439949"
"chr1","170763833","170764141","JH378129","10512559","10512869","49","160251274"
"chr1","170790143","170790447","JH378151","5890359","5890655","47","164899784"
"chr1","170864356","170864667","JH378219","3509280","3509589","48","167355076"
"chr1","170969651","170969951","JH378143","5977166","5977465","39","164992485"
"chr1","171181546","171181605","JH378206","331078","331140","16","170850468"
"chr1","171181906","171182062","JH378106","51595056","51595223","53","119586850"
"chr1","171215633","171215923","JH378202","4449268","4449555","39","166766365"
"chr1","171264330","171264616","JH378138","5772298","5772579","43","165492032"
"chr1","171272778","171273071","JH378114","41499633","41499943","47","129773145"
"chr1","171279689","171279999","JH378188","8305765","8306076","52","162973924"
"chr1","171286805","171287115","JH378156","1348139","1348446","43","169938666"
"chr1","171421296","171421382","JH378141","2864032","2864115","17","168557264"
"chr1","171459329","171459608","JH378184","5326135","5326413","40","166133194"
"chr1","171536069","171536371","JH378156","10837845","10838152","43","160698224"
"chr1","171636357","171636660","JH378176","9169030","9169331","41","162467327"
"chr1","171892972","171893268","JH378185","6039029","6039324","43","165853943"
"chr1","171909992","171910104","JH378115","29661998","29662108","12","142247994"
"chr1","171920194","171920476","JH378202","3840174","3840455","47","168080020"
"chr1","172251886","172252174","JH378216","3323731","3324020","39","168928155"
"chr1","172258815","172259057","JH378179","26435","26676","37","172232380"
"chr1","172340017","172340304","JH378213","4603416","4603708","37","167736601"
"chr1","172456332","172456632","JH378150","15636556","15636859","45","156819776"
"chr1","172523310","172523598","JH378321","470969","471256","51","172052341"
"chr1","172548388","172548696","JH378121","19751768","19752069","53","152796620"
"chr1","172613840","172614078","JH378111","16148408","16148644","38","156465432"
"chr1","172615629","172615936","JH378110","21383801","21384099","60","151231828"
"chr1","172714022","172714332","JH378213","691215","691525","39","172022807"
"chr1","172716073","172716350","JH378199","3667727","3667998","47","169048346"
"chr1","172743832","172744128","JH378107","49063729","49064028","45","123680103"
"chr1","172744132","172744427","JH378243","4645196","4645495","36","168098936"
"chr1","172762397","172762702","JH378142","3051183","3051477","43","169711214"
"chr1","172774881","172775152","JH378106","61927616","61927885","49","110847265"
"chr1","172779861","172780166","JH378235","3957900","3958200","40","168821961"
"chr1","172802850","172803168","JH378106","18766458","18766773","58","154036392"
"chr1","172850650","172850935","JH378115","16549844","16550133","53","156300806"
"chr1","172852576","172852885","JH378220","2808607","2808918","43","170043969"
"chr1","172882468","172882527","JH378112","32643329","32643385","17","140239139"
"chr1","172882831","172882966","JH378106","1342311","1342445","18","171540520"
"chr1","172897300","172897606","JH378189","8992244","8992548","41","163905056"
"chr1","172912801","172913098","JH378135","1618015","1618319","49","171294786"
"chr1","172915344","172915620","JH378191","8591085","8591368","43","164324259"
"chr1","172922237","172922537","JH378116","25790477","25790774","44","147131760"
"chr1","172924913","172925204","JH378123","5667081","5667374","45","167257832"
"chr1","172944387","172944681","JH378120","3564285","3564577","43","169380102"
"chr1","172950626","172950924","JH378114","36189207","36189504","37","136761419"
"chr1","172952408","172952725","JH378113","4126123","4126428","54","168826285"
"chr1","172981350","172981654","JH378204","3945411","3945718","49","169035939"
"chr1","173038022","173038338","JH378135","16449037","16449347","51","156588985"
"chr1","173072789","173073090","JH378137","14128205","14128508","47","158944584"
"chr1","173123934","173124211","JH378108","50685837","50686123","45","122438097"
"chr1","173135145","173135447","JH378283","1555730","1556029","39","171579415"
"chr1","173137686","173137980","JH378122","7809799","7810085","45","165327887"
"chr1","173174447","173174757","JH378152","13332030","13332334","46","159842417"
"chr1","173175647","173175968","JH378115","30274940","30275262","46","142900707"
"chr1","173248876","173249135","JH378108","31189068","31189328","47","142059808"
"chr1","173249767","173250061","JH378190","1394904","1395199","40","171854863"
"chr1","173292529","173292791","JH378243","2454364","2454624","54","170838165"
"chr1","173307232","173307543","JH378202","2576015","2576312","50","170731217"
"chr1","173337889","173338191","JH378116","37812207","37812513","44","135525682"
"chr1","173415318","173415608","JH378173","293845","294133","49","173121473"
"chr1","173517456","173517739","JH378201","379959","380244","44","173137497"
"chr1","173585964","173586221","JH378245","2852519","2852781","44","170733445"
"chr1","173762347","173762601","JH378250","4193593","4193843","59","169568754"
"chr1","173800529","173800831","JH378118","10693452","10693756","32","163107077"
"chr1","174102493","174102581","JH378166","270641","270731","11","173831852"
"chr1","174107834","174108134","JH378118","10693452","10693756","58","163414382"
"chr1","174142618","174142927","JH378216","1885142","1885446","44","172257476"
"chr1","174167359","174167665","JH378247","561987","562291","38","173605372"
"chr1","174177608","174177889","JH378105","48908860","48909139","40","125268748"
"chr1","174183646","174183944","JH378127","6969272","6969568","44","167214374"
"chr1","174263206","174263488","JH378105","50034667","50034949","44","124228539"
"chr1","174314304","174314596","JH378151","5890359","5890655","54","168423945"
"chr1","174318865","174319155","JH378133","9743043","9743332","37","164575822"
"chr1","174373800","174374086","JH378116","25790477","25790774","50","148583323"
"chr1","174376097","174376154","JH378121","1618486","1618542","7","172757611"
"chr1","174377069","174377141","JH378123","29388422","29388493","15","144988647"
"chr1","174377621","174377779","JH378241","4169023","4169180","42","170208598"
"chr1","174558889","174559188","JH378148","6840591","6840886","51","167718298"
"chr1","174622728","174622996","JH378115","30698161","30698437","61","143924567"
"chr1","174904115","174904422","JH378112","33452684","33452993","59","141451431"
"chr1","174982155","174982486","JH378202","1270910","1271211","74","173711245"
"chr1","174992372","174992641","JH378114","42565554","42565819","42","132426818"
"chr1","175162680","175162975","JH378108","15912590","15912886","45","159250090"
"chr1","175228841","175229161","JH378204","3222855","3223147","71","172005986"
"chr1","175352985","175353295","JH378120","10678417","10678722","56","164674568"
"chr1","175362934","175363235","JH378164","8219893","8220190","46","167143041"
"chr1","175409164","175409436","JH378117","181553","181816","72","175227611"
"chr1","175481460","175481746","JH378140","4991556","4991842","44","170489904"
"chr1","175591885","175592174","JH378141","9239081","9239369","48","166352804"
"chr1","175646655","175646902","JH378199","4765750","4766001","52","170880905"
"chr1","175681495","175681778","JH378127","19331819","19332107","42","156349676"
"chr1","175769407","175769705","JH378130","24157685","24157981","44","151611722"
"chr1","175825145","175825381","JH378109","34596471","34596713","49","141228674"
"chr1","175855212","175855504","JH378200","4317868","4318159","41","171537344"
"chr1","175898746","175899058","JH378154","13561581","13561891","48","162337165"
"chr1","175994381","175994760","JH378128","24471318","24471656","111","151523063"
"chr1","176058544","176058825","JH378146","453293","453569","47","175605251"
"chr1","176108363","176108678","JH378135","16449037","16449347","58","159659326"
"chr1","176160091","176160400","JH378156","2155662","2155958","55","174004429"
"chr1","176404625","176404918","JH378105","20902466","20902759","44","155502159"
"chr1","176421515","176421814","JH378186","1525813","1526111","44","174895702"
"chr1","176424315","176424610","JH378146","775831","776122","41","175648484"
"chr1","176470884","176471172","JH378110","3044870","3045157","44","173426014"
"chr1","176482440","176482746","JH378148","16955481","16955786","41","159526959"
"chr1","176523987","176524285","JH378108","45644079","45644375","48","130879908"
"chr1","176849449","176849744","JH378122","5272066","5272363","51","171577383"
"chr1","176853576","176853885","JH378139","4872682","4872993","55","171980894"
"chr1","177024464","177024753","JH378225","855028","855318","57","176169436"
"chr1","177041673","177041941","JH378173","10788593","10788859","55","166253080"
"chr1","177051458","177051754","JH378247","4426259","4426553","48","172625199"
"chr1","177052163","177052463","JH378114","42118001","42118296","56","134934162"
"chr1","177095579","177095882","JH378108","33279431","33279725","53","143816148"
"chr1","177132157","177132466","JH378177","8715572","8715872","59","168416585"
"chr1","177248162","177248447","JH378156","2368738","2369030","47","174879424"
"chr1","177257643","177257976","JH378148","15427393","15427715","60","161830250"
"chr1","177330597","177330897","JH378119","11191097","11191395","51","166139500"
"chr1","177394997","177395306","JH378118","10693452","10693756","37","166701545"
"chr1","177450775","177451073","JH378195","2148198","2148495","40","175302577"
"chr1","177610816","177611122","JH378173","4731101","4731408","46","172879715"
"chr1","177652921","177653187","JH378107","42596027","42596294","38","135056894"
"chr1","177657275","177657578","JH378157","10039092","10039395","41","167618183"
"chr1","177661203","177661500","JH378114","20824949","20825248","57","156836254"
"chr1","177667659","177667968","JH378120","4438901","4439206","48","173228758"
"chr1","177685031","177685323","JH378307","1292966","1293264","37","176392065"
"chr1","177691056","177691356","JH378114","23497267","23497569","58","154193789"
"chr1","177694142","177694422","JH378124","10618023","10618301","58","167076119"
"chr1","177718430","177718728","JH378116","14428154","14428454","36","163290276"
"chr1","177721085","177721377","JH378146","4677820","4678116","40","173043265"
"chr1","177771449","177771749","JH378307","1375435","1375736","40","176396014"
"chr1","177855574","177855868","JH378153","14421312","14421611","42","163434262"
"chr1","177867541","177867832","JH378111","8331295","8331586","38","169536246"
"chr1","177893643","177893928","JH378122","22447926","22448218","38","155445717"
"chr1","177901113","177901402","JH378133","9743043","9743332","43","168158070"
"chr1","177968702","177968988","JH378135","15619309","15619595","43","162349393"
"chr1","177983128","177983407","JH378153","4332695","4332974","48","173650433"
"chr1","178061094","178061410","JH378108","45548217","45548522","64","132512877"
"chr1","178248571","178248851","JH378213","4422853","4423134","40","173825718"
"chr1","178304418","178304711","JH378141","14454762","14455052","36","163849656"
"chr1","178339460","178339752","JH378105","54355920","54356203","49","123983540"
"chr1","178425895","178426006","JH378176","10640003","10640101","40","167785892"
"chr1","178426007","178426080","JH378269","815048","815122","11","177610959"
"chr1","178488010","178488315","JH378111","32956274","32956576","48","145531736"
"chr1","178514934","178515191","JH378137","15932367","15932626","58","162582567"
"chr1","178531670","178531980","JH378276","134131","134438","42","178397539"
"chr1","178549654","178549964","JH378157","7951050","7951361","53","170598604"
"chr1","178636415","178636700","JH378220","2931512","2931797","39","175704903"
"chr1","178637120","178637416","JH378114","37107689","37107986","35","141529431"
"chr1","178657137","178657438","JH378290","1449167","1449465","52","177207970"
"chr1","178684575","178684874","JH378266","344632","344930","53","178339943"
"chr1","178760288","178760591","JH378153","14175225","14175527","48","164585063"
"chr1","178801874","178802153","JH378106","63897148","63897430","64","114904726"
"chr1","178838041","178838354","JH378107","49513151","49513461","49","129324890"
"chr1","178839488","178839679","JH378183","7306836","7307026","36","171532652"
"chr1","179079319","179079627","JH378173","10807194","10807499","45","168272125"
"chr1","179125074","179125348","JH378233","253592","253866","41","178871482"
"chr1","179183962","179184280","JH378160","12202742","12203045","50","166981220"
"chr1","179373503","179373814","JH378171","1227829","1228136","40","178145674"
"chr1","179479437","179479736","JH378148","3195871","3196169","46","176283566"
"chr1","179527478","179527779","JH378106","6755249","6755548","50","172772229"
"chr1","179540692","179540984","JH378232","3499603","3499896","42","176041089"
"chr1","179570376","179570672","JH378118","10693452","10693756","42","168876924"
"chr1","179596769","179597069","JH378153","14175225","14175527","34","165421544"
"chr1","179649489","179649792","JH378204","1694865","1695172","49","177954624"
"chr1","179686820","179687124","JH378151","5524653","5524965","44","174162167"
"chr1","179735783","179736093","JH378204","1790971","1791278","38","177944812"
"chr1","179738713","179739024","JH378129","2351181","2351488","47","177387532"
"chr1","179743457","179743756","JH378169","1779519","1779816","41","177963938"
"chr1","179750715","179750993","JH378243","149882","150178","51","179600833"
"chr1","179754331","179754612","JH378263","977231","977517","60","178777100"
"chr1","179780617","179780928","JH378242","734891","735189","46","179045726"
"chr1","179784409","179784731","JH378115","19583909","19584219","51","160200500"
"chr1","179795430","179795728","JH378177","10173752","10174049","38","169621678"
"chr1","179797577","179797873","JH378153","14632399","14632691","49","165165178"
"chr1","179813864","179813959","JH378187","9677161","9677256","10","170136703"
"chr1","179818541","179818794","JH378126","23877123","23877373","39","155941418"
"chr1","179820992","179821300","JH378116","22378952","22379256","35","157442040"
"chr1","179826035","179826326","JH378139","18996574","18996864","39","160829461"
"chr1","179830034","179830169","JH378133","7666290","7666425","17","172163744"
"chr1","179831791","179832057","JH378112","17934735","17934997","50","161897056"
"chr1","179847241","179847378","JH378105","46725246","46725388","21","133121995"
"chr1","179849466","179849759","JH378125","15313063","15313352","37","164536403"
"chr1","179887183","179887482","JH378188","7232167","7232465","32","172655016"
"chr1","179895864","179895974","JH378172","10882625","10882730","18","169013239"
"chr1","179914658","179914957","JH378105","22547233","22547531","39","157367425"
"chr1","179919183","179919252","JH378139","6598281","6598351","9","173320902"
"chr1","179921716","179922004","JH378204","1975294","1975595","54","177946422"
"chr1","179924617","179924923","JH378204","1977347","1977626","51","177947270"
"chr1","179927915","179928012","JH378227","3413068","3413166","11","176514847"
"chr1","179930820","179931103","JH378239","5203122","5203400","35","174727698"
"chr1","180011300","180011603","JH378118","10693452","10693756","46","169317848"
"chr1","180016418","180016709","JH378124","2046853","2047143","35","177969565"
"chr1","180020541","180020846","JH378124","10805017","10805321","40","169215524"
"chr1","180025964","180026259","JH378140","16737561","16737856","34","163288403"
"chr1","180043357","180043696","JH378127","21705323","21705670","61","158338034"
"chr1","180077657","180077956","JH378116","14428154","14428454","44","165649503"
"chr1","180104999","180105293","JH378141","14454762","14455052","35","165650237"
"chr1","180136160","180136462","JH378204","2195318","2195618","39","177940842"
"chr1","180161283","180161584","JH378198","396866","397166","35","179764417"
"chr1","180164067","180164370","JH378204","2227367","2227665","42","177936700"
"chr1","180179725","180180024","JH378117","28666592","28666888","47","151513133"
"chr1","180187207","180187511","JH378204","2258608","2258918","40","177928599"
"chr1","180194746","180195070","JH378163","5136258","5136564","72","175058488"
"chr1","180211911","180212210","JH378122","9835188","9835489","39","170376723"
"chr1","180213287","180213593","JH378135","1618015","1618319","41","178595272"
"chr1","180252871","180253160","JH378108","51058639","51058929","38","129194232"
"chr1","180284690","180285001","JH378114","41499633","41499943","43","138785057"
"chr1","180291709","180292019","JH378151","9450568","9450862","86","170841141"
"chr1","180301227","180301514","JH378114","11994163","11994456","50","168307064"
"chr1","180327201","180327509","JH378110","31358400","31358705","47","148968801"
"chr1","180328100","180328392","JH378177","11116369","11116664","37","169211731"
"chr1","180347654","180347965","JH378117","37732677","37732982","44","142614977"
"chr1","180353000","180353308","JH378135","1618015","1618319","54","178734985"
"chr1","180364686","180364974","JH378291","130444","130734","38","180234242"
"chr1","180384151","180384445","JH378283","1461668","1461966","38","178922483"
"chr1","180391441","180391684","JH378216","2032845","2033090","42","178358596"
"chr1","180404558","180404871","JH378108","10430688","10430998","51","169973870"
"chr1","180429803","180430120","JH378188","8305765","8306076","51","172124038"
"chr1","180435202","180435503","JH378142","1173704","1174003","42","179261498"
"chr1","180451867","180452153","JH378141","14454762","14455052","40","165997105"
"chr1","180455579","180455888","JH378197","8016613","8016914","39","172438966"
"chr1","180459184","180459486","JH378192","5404726","5405023","48","175054458"
"chr1","180463300","180463596","JH378110","19827299","19827595","36","160636001"
"chr1","180469449","180469737","JH378213","4603416","4603708","39","175866033"
"chr1","180499145","180499455","JH378189","9237733","9238039","56","171261412"
"chr1","180515638","180515944","JH378114","36279685","36279996","44","144235953"
"chr1","180524580","180524869","JH378125","15313063","15313352","41","165211517"
"chr1","180542738","180543046","JH378224","2515142","2515446","41","178027596"
"chr1","180553345","180553634","JH378151","5490377","5490645","60","175062968"
"chr1","180571546","180571832","JH378190","9141952","9142241","38","171429594"
"chr1","180586309","180586603","JH378177","4835569","4835864","37","175750740"
"chr1","180593000","180593311","JH378150","15636556","15636859","48","164956444"
"chr1","180616652","180616949","JH378173","7754372","7754668","44","172862280"
"chr1","180623370","180623668","JH378105","69163567","69163856","46","111459803"
"chr1","180627292","180627575","JH378158","714570","714855","42","179912722"
"chr1","180654917","180655196","JH378281","664121","664402","37","179990796"
"chr1","180657005","180657307","JH378117","33502822","33503122","61","147154183"
"chr1","180666890","180667171","JH378198","4413303","4413578","43","176253587"
"chr1","180689566","180689862","JH378123","5667081","5667374","36","175022485"
"chr1","180728148","180728452","JH378204","3129799","3130101","34","177598349"
"chr1","180729603","180729902","JH378114","7076243","7076544","39","173653360"
"chr1","180736746","180737039","JH378132","2229026","2229323","54","178507720"
"chr1","180769081","180769375","JH378220","4350061","4350357","42","176419020"
"chr1","180773659","180773944","JH378191","6003716","6004010","45","174769943"
"chr1","180781993","180782283","JH378291","130444","130734","34","180651549"
"chr1","180807238","180807535","JH378172","9553918","9554219","41","171253320"
"chr1","180817572","180817864","JH378125","26150308","26150592","41","154667264"
"chr1","180829603","180829904","JH378110","6965048","6965350","39","173864555"
"chr1","180846238","180846518","JH378134","22236208","22236494","44","158610030"
"chr1","180854723","180855017","JH378141","12662021","12662311","46","168192702"
"chr1","180940194","180940472","JH378115","16549844","16550133","47","164390350"
"chr1","180944449","180944761","JH378301","920694","921000","44","180023755"
"chr1","180948478","180948798","JH378105","68646782","68647109","55","112301696"
"chr1","180948861","180949151","JH378185","6039029","6039324","51","174909832"
"chr1","180965618","180965918","JH378110","2590007","2590314","50","178375611"
"chr1","181015765","181016033","JH378137","18288929","18289201","51","162726836"
"chr1","181032769","181033053","JH378122","7809799","7810085","36","173222970"
"chr1","181070709","181071020","JH378257","3585233","3585537","47","177485476"
"chr1","181098506","181098794","JH378137","3073918","3074209","39","178024588"
"chr1","181104821","181104849","JH378113","38140728","38140753","12","142964093"
"chr1","181104905","181105180","JH378190","6135160","6135434","41","174969745"
"chr1","181179198","181179475","JH378192","5415267","5415549","43","175763931"
"chr1","181322850","181323151","JH378261","2935084","2935374","58","178387766"
"chr1","181333852","181334137","JH378204","3425216","3425500","36","177908636"
"chr1","181338111","181338408","JH378172","9553918","9554219","41","171784193"
"chr1","181338504","181338810","JH378118","314140","314443","39","181024364"
"chr1","181341943","181342243","JH378151","14423847","14424153","47","166918096"
"chr1","181344806","181345098","JH378124","6755288","6755572","41","174589518"
"chr1","181348912","181349193","JH378117","36078925","36079198","40","145269987"
"chr1","181402302","181402606","JH378108","18571555","18571860","47","162830747"
"chr1","181407674","181407954","JH378204","3504730","3505017","35","177902944"
"chr1","181409906","181410204","JH378206","918187","918493","43","180491719"
"chr1","181417636","181417947","JH378269","2798798","2799107","41","178618838"
"chr1","181423137","181423444","JH378257","2208823","2209127","41","179214314"
"chr1","181424729","181424868","JH378137","12501232","12501370","22","168923497"
"chr1","181463178","181463486","JH378125","5364994","5365289","39","176098184"
"chr1","181479380","181479676","JH378149","15885379","15885676","42","165594001"
"chr1","181488760","181489068","JH378153","9926861","9927172","48","171561899"
"chr1","181503299","181503613","JH378248","3387134","3387441","46","178116165"
"chr1","181506000","181506304","JH378153","6016386","6016692","43","175489614"
"chr1","181506413","181506607","JH378185","820578","820764","24","180685835"
"chr1","181526593","181526899","JH378148","2797982","2798286","48","178728611"
"chr1","181542681","181542972","JH378204","3650957","3651262","52","177891724"
"chr1","181573862","181574155","JH378115","39565442","39565741","46","142008420"
"chr1","181576073","181576372","JH378135","17461051","17461348","43","164115022"
"chr1","181576727","181577029","JH378198","5696367","5696658","61","175880360"
"chr1","181612887","181613076","JH378125","6583282","6583470","25","175029605"
"chr1","181621696","181621996","JH378136","354228","354520","44","181267468"
"chr1","181684438","181684727","JH378141","9303491","9303778","30","172380947"
"chr1","181704036","181704329","JH378291","2636731","2637026","47","179067305"
"chr1","181715382","181715681","JH378204","3821037","3821321","54","177894345"
"chr1","181760577","181760868","JH378116","27346910","27347202","39","154413667"
"chr1","181769811","181770001","JH378149","256341","256525","48","181513470"
"chr1","181770045","181770165","JH378106","50969566","50969687","14","130800479"
"chr1","181776403","181776657","JH378262","2751970","2752213","43","179024433"
"chr1","181812453","181812753","JH378271","1158664","1158967","45","180653789"
"chr1","181835893","181836190","JH378259","3560296","3560587","41","178275597"
"chr1","181865658","181865940","JH378105","50034667","50034949","33","131830991"
"chr1","181871421","181871499","JH378134","13861699","13861777","9","168009722"
"chr1","181875019","181875195","JH378190","8648227","8648399","23","173226792"
"chr1","181878852","181879109","JH378161","5500005","5500257","41","176378847"
"chr1","181896417","181896726","JH378110","9867313","9867609","58","172029104"
"chr1","181904841","181905089","JH378129","14460414","14460656","46","167444427"
"chr1","181932436","181932734","JH378204","4064641","4064947","31","177867795"
"chr1","181935739","181936036","JH378216","2499104","2499400","43","179436635"
"chr1","181938153","181938461","JH378109","14674239","14674540","38","167263914"
"chr1","181949109","181949245","JH378111","42232095","42232236","22","139717014"
"chr1","181955214","181955349","JH378125","4589691","4589826","17","177365523"
"chr1","181956782","181956915","JH378229","3970198","3970330","14","177986584"
"chr1","181958258","181958551","JH378105","17229073","17229367","39","164729185"
"chr1","181959856","181960151","JH378163","12425279","12425581","61","169534577"
"chr1","181967411","181967686","JH378274","2052998","2053275","60","179914413"
"chr1","181970755","181971065","JH378107","51667756","51668056","62","130302999"
"chr1","181980288","181980582","JH378106","69562637","69562935","35","112417651"
"chr1","181982168","181982483","JH378276","134131","134438","45","181848037"
"chr1","181999619","181999756","JH378256","3727610","3727746","22","178272009"
"chr1","182005002","182005248","JH378122","54411","54659","35","181950591"
"chr1","182010395","182010524","JH378296","1668385","1668515","16","180342010"
"chr1","182024675","182024967","JH378115","16549844","16550133","36","165474831"
"chr1","182025515","182025808","JH378204","4152725","4153017","42","177872790"
"chr1","182028984","182029283","JH378242","734891","735189","38","181294093"
"chr1","182040127","182040425","JH378242","734891","735189","46","181305236"
"chr1","182046237","182046521","JH378177","10638333","10638621","51","171407904"
"chr1","182053619","182053894","JH378108","33546314","33546586","55","148507305"
"chr1","182075985","182076206","JH378204","4205449","4205670","18","177870536"
"chr1","182081500","182081787","JH378145","2832780","2833065","45","179248720"
"chr1","182107265","182107564","JH378116","25790477","25790774","41","156316788"
"chr1","182194621","182194913","JH378123","9608291","9608584","46","172586330"
"chr1","182207004","182207314","JH378204","3129799","3130101","46","179077205"
"chr1","182234556","182234781","JH378186","5607171","5607396","29","176627385"
"chr1","182235385","182235686","JH378126","782415","782718","42","181452970"
"chr1","182258489","182258799","JH378262","1936694","1936996","42","180321795"
"chr1","182260984","182261276","JH378122","22447926","22448218","30","159813058"
"chr1","182267156","182267439","JH378189","177130","177409","36","182090026"
"chr1","182269114","182269419","JH378145","3235124","3235428","43","179033990"
"chr1","182282796","182283111","JH378177","10214156","10214454","56","172068640"
"chr1","182286904","182287212","JH378142","1173704","1174003","49","181113200"
"chr1","182315162","182315456","JH378148","2754402","2754696","41","179560760"
"chr1","182317472","182317785","JH378131","2419332","2419639","48","179898140"
"chr1","182326074","182326366","JH378172","9343322","9343615","38","172982752"
"chr1","182335634","182335926","JH378204","4474811","4475094","39","177860823"
"chr1","182349576","182349885","JH378193","2291860","2292169","41","180057716"
"chr1","182350853","182351162","JH378156","6301995","6302299","40","176048858"
"chr1","182369678","182369969","JH378141","14454762","14455052","41","167914916"
"chr1","182382029","182382340","JH378204","4535667","4535968","48","177846362"
"chr1","182397665","182397958","JH378273","1059585","1059873","43","181338080"
"chr1","182418381","182418680","JH378188","7232167","7232465","39","175186214"
"chr1","182449500","182449797","JH378220","1011665","1011962","39","181437835"
"chr1","182542817","182543105","JH378181","6614824","6615107","48","175927993"
"chr1","182606640","182606922","JH378212","132748","133021","47","182473892"
"chr1","182658101","182658317","JH378113","41905483","41905699","30","140752618"
"chr1","182662942","182663237","JH378290","1449167","1449465","39","181213775"
"chr1","182673530","182673846","JH378148","2797982","2798286","46","179875548"
"chr1","182683905","182684210","JH378151","4578678","4578981","40","178105227"
"chr1","182691405","182691707","JH378112","22442333","22442631","58","160249072"
"chr1","182710528","182710836","JH378262","1936694","1936996","41","180773834"
"chr1","182716088","182716321","JH378262","2943023","2943258","32","179773065"
"chr1","182722428","182722656","JH378109","48953753","48953976","47","133768675"
"chr1","182735423","182735704","JH378204","4902305","4902586","41","177833118"
"chr1","182763589","182763896","JH378204","4930670","4930967","43","177832919"
"chr1","182794865","182795153","JH378167","3568625","3568914","33","179226240"
"chr1","182800719","182801013","JH378126","22867235","22867530","32","159933484"
"chr1","182815877","182816169","JH378152","16288439","16288734","34","166527438"
"chr1","182820516","182820819","JH378135","3487580","3487886","43","179332936"
"chr1","182831304","182831565","JH378323","848193","848450","38","181983111"
"chr1","182864605","182864901","JH378137","18149059","18149360","54","164715546"
"chr1","182891604","182891894","JH378173","10710295","10710586","46","172181309"
"chr1","182899263","182899425","JH378119","11319443","11319613","38","171579820"
"chr1","182949542","182949850","JH378139","11244771","11245079","43","171704771"
"chr1","183028968","183029279","JH378204","5228167","5228479","45","177800801"
"chr1","183029517","183029814","JH378119","360557","360852","35","182668960"
"chr1","183031779","183032083","JH378247","561987","562291","41","182469792"
"chr1","183035205","183035511","JH378106","69063427","69063728","37","113971778"
"chr1","183037965","183038260","JH378223","458650","458936","42","182579315"
"chr1","183142821","183143108","JH378159","5476349","5476632","52","177666472"
"chr1","183144393","183144695","JH378111","26034614","26034912","39","157109779"
"chr1","183146163","183146259","JH378132","10279668","10279766","18","172866495"
"chr1","183146341","183146629","JH378111","25544585","25544870","38","157601756"
"chr1","183176258","183176551","JH378204","7978351","7978644","53","175197907"
"chr1","183190207","183190491","JH378118","23556748","23557036","48","159633459"
"chr1","183215231","183215512","JH378110","5201984","5202257","45","178013247"
"chr1","183232920","183233222","JH378105","37949554","37949854","46","145283366"
"chr1","183233782","183234024","JH378207","3307843","3308083","49","179925939"
"chr1","183274053","183274362","JH378194","8537632","8537937","39","174736421"
"chr1","183280979","183281274","JH378165","1378573","1378868","39","181902406"
"chr1","183284171","183284462","JH378204","5483216","5483509","41","177800955"
"chr1","183290703","183290997","JH378204","7978351","7978644","41","175312352"
"chr1","183292171","183292483","JH378148","16955481","16955786","55","166336690"
"chr1","183296505","183296795","JH378220","4350061","4350357","33","178946444"
"chr1","183431261","183431561","JH378260","3812063","3812362","36","179619198"
"chr1","183434509","183434804","JH378204","5626425","5626718","36","177808084"
"chr1","183446632","183446917","JH378123","5667081","5667374","41","177779551"
"chr1","183452187","183452482","JH378220","2699046","2699342","49","180753141"
"chr1","183483429","183483738","JH378301","920694","921000","37","182562735"
"chr1","183485900","183486105","JH378151","3312151","3312357","31","180173749"
"chr1","183493906","183494166","JH378129","7524499","7524760","45","175969407"
"chr1","183505778","183506084","JH378188","8091152","8091459","55","175414626"
"chr1","183511668","183511975","JH378110","15808603","15808903","38","167703065"
"chr1","183520459","183520763","JH378135","21833062","21833364","43","161687397"
"chr1","183531408","183531655","JH378204","5726738","5726981","38","177804670"
"chr1","183550095","183550395","JH378113","14532240","14532539","45","169017855"
"chr1","183592892","183593174","JH378111","16079625","16079902","41","167513267"
"chr1","183601416","183601713","JH378246","1887976","1888270","43","181713440"
"chr1","183615188","183615500","JH378150","2634839","2635156","45","180980349"
"chr1","183653299","183653589","JH378180","2674233","2674516","43","180979066"
"chr1","183655709","183656009","JH378255","1058410","1058705","47","182597299"
"chr1","183657984","183658275","JH378146","4942290","4942579","49","178715694"
"chr1","183664243","183664529","JH378117","36041941","36042223","41","147622302"
"chr1","183670102","183670402","JH378204","5868841","5869146","45","177801261"
"chr1","183674454","183674760","JH378106","69063427","69063728","41","114611027"
"chr1","183680986","183681252","JH378110","18999568","18999837","56","164681418"
"chr1","183686287","183686598","JH378116","19560473","19560782","47","164125814"
"chr1","183687031","183687321","JH378144","6298394","6298685","45","177388637"
"chr1","183699511","183699819","JH378148","16955481","16955786","42","166744030"
"chr1","183705141","183705442","JH378135","21833062","21833364","45","161872079"
"chr1","183708181","183708474","JH378113","21075394","21075684","41","162632787"
"chr1","183726530","183726721","JH378131","1312582","1312773","26","182413948"
"chr1","183737986","183738298","JH378118","10693452","10693756","46","173044534"
"chr1","183741679","183741977","JH378199","7734586","7734884","41","176007093"
"chr1","183748869","183749160","JH378122","7809799","7810085","40","175939070"
"chr1","183771249","183771546","JH378177","10173752","10174049","38","173597497"
"chr1","183779315","183779422","JH378162","7459807","7459915","10","176319508"
"chr1","183783798","183784091","JH378226","6485812","6486107","36","177297986"
"chr1","183784179","183784489","JH378181","6257929","6258234","55","177526250"
"chr1","183819148","183819442","JH378170","1616807","1617104","37","182202341"
"chr1","183821519","183821810","JH378111","43268192","43268483","40","140553327"
"chr1","183829629","183829925","JH378148","3100313","3100608","39","180729316"
"chr1","183834218","183834513","JH378119","360557","360852","43","183473661"
"chr1","183863405","183863703","JH378105","64694145","64694448","62","119169260"
"chr1","183900717","183901013","JH378246","1887976","1888270","39","182012741"
"chr1","183901841","183902125","JH378300","334787","335075","41","183567054"
"chr1","183925624","183925907","JH378121","15444791","15445073","37","168480833"
"chr1","183942057","183942364","JH378220","5749968","5750268","47","178192089"
"chr1","183950348","183950667","JH378123","28766081","28766389","49","155184267"
"chr1","183954992","183955285","JH378257","303275","303558","51","183651717"
"chr1","183958111","183958417","JH378190","6664878","6665186","53","177293233"
"chr1","183968080","183968396","JH378133","18370589","18370897","47","165597491"
"chr1","183981427","183981736","JH378127","1791547","1791857","37","182189880"
"chr1","184006005","184006330","JH378290","1006881","1007187","61","182999124"
"chr1","184008371","184008667","JH378308","686068","686367","37","183322303"
"chr1","184008705","184009007","JH378204","6230802","6231092","59","177777903"
"chr1","184022861","184023150","JH378205","2434359","2434646","60","181588502"
"chr1","184055664","184055962","JH378115","32476314","32476618","57","151579350"
"chr1","184074831","184075025","JH378135","5297078","5297274","22","178777753"
"chr1","184091093","184091393","JH378188","7232167","7232465","44","176858926"
"chr1","184096513","184096818","JH378188","9355257","9355562","40","174741256"
"chr1","184181293","184181586","JH378141","15518519","15518815","40","168662774"
"chr1","184225035","184225340","JH378204","6443757","6444062","39","177781278"
"chr1","184232320","184232616","JH378235","3957900","3958200","43","180274420"
"chr1","184234734","184235035","JH378126","782415","782718","36","183452319"
"chr1","184239709","184240006","JH378105","47354649","47354946","37","136885060"
"chr1","184263228","184263528","JH378183","7456715","7457010","51","176806513"
"chr1","184272274","184272567","JH378204","6491083","6491374","36","177781191"
"chr1","184339079","184339251","JH378113","29891332","29891504","37","154447747"
"chr1","184425125","184425418","JH378227","2447913","2448199","47","181977212"
"chr1","184445933","184446219","JH378114","21127772","21128054","53","163318161"
"chr1","184459424","184459722","JH378170","1616807","1617104","40","182842617"
"chr1","184479480","184479772","JH378135","15619309","15619595","43","168860171"
"chr1","184494362","184494647","JH378204","6734896","6735165","43","177759466"
"chr1","184521876","184522020","JH378177","10952000","10952150","18","173569876"
"chr1","184547183","184547481","JH378145","6668964","6669258","37","177878219"
"chr1","184555825","184556128","JH378153","9926861","9927172","37","174628964"
"chr1","184557455","184557741","JH378110","16059900","16060187","37","168497555"
"chr1","184581818","184582108","JH378290","722382","722672","39","183859436"
"chr1","184645619","184645929","JH378153","2201355","2201655","53","182444264"
"chr1","184650593","184650928","JH378105","54610411","54610729","63","130040182"
"chr1","184659985","184660294","JH378151","14190592","14190902","54","170469393"
"chr1","184668553","184668848","JH378204","6908093","6908384","42","177760460"
"chr1","184669836","184670128","JH378204","6909374","6909671","45","177760462"
"chr1","184683821","184684125","JH378167","653482","653786","49","184030339"
"chr1","184724212","184724509","JH378213","4435380","4435669","38","180288832"
"chr1","184740275","184740583","JH378108","32764084","32764390","46","151976191"
"chr1","184787084","184787346","JH378175","2204617","2204872","40","182582467"
"chr1","184809007","184809291","JH378112","19879719","19880008","47","164929288"
"chr1","184825263","184825567","JH378127","22815027","22815328","38","162010236"
"chr1","184899441","184899746","JH378262","1936694","1936996","36","182962747"
"chr1","184912167","184912493","JH378108","32599519","32599839","51","152312648"
"chr1","184916169","184916293","JH378120","18538513","18538637","11","166377656"
"chr1","184981643","184981952","JH378148","12754921","12755229","49","172226722"
"chr1","184984346","184984656","JH378153","9926861","9927172","39","175057485"
"chr1","184992435","184992740","JH378118","10693452","10693756","39","174298983"
"chr1","184994203","184994507","JH378262","1936694","1936996","41","183057509"
"chr1","184998123","184998415","JH378115","16549844","16550133","49","168448279"
"chr1","185005083","185005395","JH378264","2804046","2804352","47","182201037"
"chr1","185015692","185015984","JH378191","967537","967830","40","184048155"
"chr1","185016148","185016420","JH378110","7125375","7125650","39","177890773"
"chr1","185022428","185022702","JH378238","3904660","3904921","52","181117768"
"chr1","185050402","185050704","JH378186","5059685","5059987","44","179990717"
"chr1","185066979","185067262","JH378116","15310401","15310684","39","169756578"
"chr1","185068144","185068437","JH378118","35534669","35534967","47","149533475"
"chr1","185076093","185076367","JH378187","4524782","4525046","53","180551311"
"chr1","185077800","185078107","JH378132","10618647","10618952","61","174459153"
"chr1","185080229","185080529","JH378121","9612204","9612501","43","175468025"
"chr1","185088930","185089223","JH378124","6001393","6001683","36","179087537"
"chr1","185098490","185098755","JH378105","36936865","36937136","54","148161625"
"chr1","185102367","185102661","JH378113","20938971","20939266","38","164163396"
"chr1","185105130","185105415","JH378114","36700323","36700612","45","148404807"
"chr1","185177534","185177843","JH378124","6085987","6086296","42","179091547"
"chr1","185190897","185191201","JH378109","8720176","8720466","52","176470721"
"chr1","185193213","185193506","JH378129","12396986","12397278","40","172796227"
"chr1","185201309","185201624","JH378114","41499633","41499943","47","143701676"
"chr1","185217838","185218075","JH378167","6757158","6757397","42","178460680"
"chr1","185240726","185241034","JH378128","23665124","23665431","45","161575602"
"chr1","185264377","185264673","JH378149","3645044","3645337","43","181619333"
"chr1","185274768","185275033","JH378110","7925750","7926017","27","177349018"
"chr1","185283609","185283915","JH378184","748241","748547","31","184535368"
"chr1","185284643","185284944","JH378123","29555054","29555355","40","155729589"
"chr1","185286392","185286523","JH378131","15642061","15642192","12","169644331"
"chr1","185313511","185313800","JH378291","915200","915491","44","184398311"
"chr1","185314070","185314298","JH378204","7566896","7567124","18","177747174"
"chr1","185354389","185354512","JH378112","36789237","36789359","15","148565152"
"chr1","185364423","185364733","JH378115","14987072","14987385","42","170377351"
"chr1","185372053","185372309","JH378189","7169578","7169825","43","178202475"
"chr1","185374815","185375110","JH378152","12406026","12406325","42","172968789"
"chr1","185390982","185391261","JH378108","35183825","35184103","48","150207157"
"chr1","185403762","185404005","JH378105","15297925","15298155","44","170105837"
"chr1","185415275","185415587","JH378121","22242887","22243195","40","163172388"
"chr1","185416063","185416368","JH378166","8636952","8637253","42","176779111"
"chr1","185432735","185433040","JH378118","10693452","10693756","37","174739283"
"chr1","185442077","185442363","JH378135","15619309","15619595","44","169822768"
"chr1","185445447","185445757","JH378158","4130633","4130943","46","181314814"
"chr1","185447585","185447882","JH378116","25790477","25790774","44","159657108"
"chr1","185448213","185448433","JH378186","5607171","5607396","38","179841042"
"chr1","185451872","185452162","JH378116","17309650","17309943","40","168142222"
"chr1","185457071","185457371","JH378293","1508849","1509149","38","183948222"
"chr1","185468118","185468422","JH378114","42121182","42121484","50","143346936"
"chr1","185516096","185516382","JH378304","60228","60512","35","185455868"
"chr1","185539083","185539390","JH378288","2437251","2437554","40","183101832"
"chr1","185544418","185544712","JH378179","10057934","10058230","52","175486484"
"chr1","185568455","185568772","JH378137","15935777","15936084","47","169632678"
"chr1","185577773","185578011","JH378204","7834047","7834278","34","177743726"
"chr1","185584543","185584847","JH378153","14175225","14175527","43","171409318"
"chr1","185592895","185593192","JH378116","14428154","14428454","44","171164741"
"chr1","185593722","185594010","JH378114","41699374","41699658","50","143894348"
"chr1","185605847","185606158","JH378110","12334503","12334809","37","173271344"
"chr1","185617427","185617727","JH378161","2236995","2237295","45","183380432"
"chr1","185618053","185618192","AGCE01150063","86","218","22","185617967"
"chr1","185621963","185622257","JH378262","1936694","1936996","40","183685269"
"chr1","185632988","185633308","JH378249","721031","721325","69","184911957"
"chr1","185644457","185644769","JH378117","9425420","9425726","47","176219037"
"chr1","185646043","185646349","JH378117","37732677","37732982","46","147913366"
"chr1","185650771","185651082","JH378123","21695970","21696268","47","163954801"
"chr1","185652142","185652442","JH378108","34291594","34291891","43","151360548"
"chr1","185670896","185671201","JH378139","10433692","10433994","42","175237204"
"chr1","185695572","185695867","JH378204","7947276","7947577","31","177748296"
"chr1","185708352","185708614","JH378231","2478582","2478838","45","183229770"
"chr1","185717039","185717341","JH378114","36402436","36402729","54","149314603"
"chr1","185726404","185726698","JH378204","7978351","7978644","23","177748053"
"chr1","185738730","185739020","JH378168","3584634","3584929","41","182154096"
"chr1","185757997","185758288","JH378140","5325520","5325814","43","180432477"
"chr1","185791654","185791787","JH378105","36868256","36868387","14","148923398"
"chr1","185798684","185798979","JH378135","858419","858710","41","184940265"
"chr1","185809445","185809763","JH378204","8019500","8019799","54","177789945"
"chr1","185824089","185824397","JH378119","5503589","5503900","41","180320500"
"chr1","185833778","185834090","JH378124","27126736","27127048","45","158707042"
"chr1","185920756","185921004","JH378204","8125742","8125969","41","177795014"
"chr1","185956289","185956581","JH378244","3283576","3283868","35","182672713"
"chr1","185978345","185978649","JH378116","37812207","37812513","37","148166138"
"chr1","185989248","185989544","JH378123","21695970","21696268","41","164293278"
"chr1","185994113","185994419","JH378117","15749415","15749721","45","170244698"
"chr1","186021261","186021571","JH378127","1791547","1791857","45","184229714"
"chr1","186023052","186023361","JH378148","16955481","16955786","42","169067571"
"chr1","186025514","186025823","JH378115","28553246","28553551","47","157472268"
"chr1","186044619","186044895","JH378190","6135160","6135434","45","179909459"
"chr1","186050830","186051119","JH378190","9040170","9040456","35","177010660"
"chr1","186070401","186070712","JH378281","1512369","1512678","36","184558032"
"chr1","186086460","186086755","JH378114","42118001","42118296","39","143968459"
"chr1","186086765","186086905","JH378109","15324407","15324550","13","170762358"
"chr1","186087598","186087618","JH378137","16132200","16132221","8","169955398"
"chr1","186111543","186111723","JH378157","8977299","8977479","24","177134244"
"chr1","186165925","186166235","JH378252","895697","895997","55","185270228"
"chr1","186213186","186213491","JH378142","18948911","18949211","50","167264275"
"chr1","186221756","186222051","JH378142","18940092","18940384","39","167281664"
"chr1","186235266","186235499","JH378137","3813990","3814218","31","182421276"
"chr1","186239823","186240120","JH378110","11338627","11338925","47","174901196"
"chr1","186254921","186255221","JH378235","3957900","3958200","43","182297021"
"chr1","186255281","186255570","JH378142","14013464","14013754","41","172241817"
"chr1","186304768","186305070","JH378116","14428154","14428454","52","171876614"
"chr1","186309623","186309912","JH378197","6349651","6349940","60","179959972"
"chr1","186357007","186357316","JH378232","3130887","3131194","45","183226120"
"chr1","186422772","186423072","JH378255","1058410","1058705","36","185364362"
"chr1","186451988","186452291","JH378279","2629082","2629381","47","183822906"
"chr1","186463187","186463481","JH378107","49082217","49082512","43","137380970"
"chr1","186483135","186483444","JH378142","18664057","18664368","38","167819078"
"chr1","186490617","186490916","JH378106","69063427","69063728","32","117427190"
"chr1","186494652","186494806","JH378137","17349068","17349204","36","169145584"
"chr1","186495097","186495266","JH378108","34627722","34627906","44","151867375"
"chr1","186499218","186499510","JH378265","600286","600580","38","185898932"
"chr1","186503529","186503840","JH378127","9071221","9071525","48","177432308"
"chr1","186527157","186527463","JH378113","15232832","15233136","39","171294325"
"chr1","186537604","186537735","JH378106","8975987","8976118","18","177561617"
"chr1","186558165","186558468","JH378144","9290864","9291160","42","177267301"
"chr1","186594732","186595038","JH378157","6306574","6306871","47","180288158"
"chr1","186601502","186601812","JH378116","24984391","24984685","61","161617111"
"chr1","186607297","186607600","JH378293","1508849","1509149","40","185098448"
"chr1","186617843","186618141","JH378118","28802926","28803223","41","157814917"
"chr1","186628624","186628916","JH378119","360557","360852","34","186268067"
"chr1","186647642","186647950","JH378166","9428708","9429013","42","177218934"
"chr1","186648405","186648708","JH378173","10651343","10651645","36","175997062"
"chr1","186699492","186699799","JH378149","15144631","15144934","43","171554861"
"chr1","186704663","186704968","JH378142","18440465","18440774","47","168264198"
"chr1","186779636","186779941","JH378142","18378539","18378837","42","168401097"
"chr1","186816481","186816769","JH378129","14233578","14233874","48","172582903"
"chr1","186822302","186822603","JH378108","31529799","31530108","51","155292503"
"chr1","186835282","186835578","JH378127","22815027","22815328","52","164020255"
"chr1","186841793","186842115","JH378152","13678883","13679221","61","173162910"
"chr1","186946315","186946618","JH378130","1568570","1568862","56","185377745"
"chr1","186968936","186969178","JH378105","68280607","68280849","35","118688329"
"chr1","186995484","186995787","JH378153","14175225","14175527","41","172820259"
"chr1","187018591","187018881","JH378139","2128257","2128549","41","184890334"
"chr1","187026020","187026321","JH378135","968964","969267","37","186057056"
"chr1","187111492","187111794","JH378189","4262802","4263099","34","182848690"
"chr1","187204838","187205134","JH378135","10680074","10680370","38","176524764"
"chr1","187229048","187229342","JH378204","3222855","3223147","37","184006193"
"chr1","187245643","187245838","JH378176","8905480","8905680","36","178340163"
"chr1","187258350","187258633","JH378221","340538","340813","47","186917812"
"chr1","187260059","187260356","JH378123","5667081","5667374","44","181592978"
"chr1","187362126","187362427","JH378151","6150117","6150421","40","181212009"
"chr1","187381439","187381729","JH378142","17919905","17920186","54","169461534"
"chr1","187400488","187400786","JH378116","27346910","27347202","61","160053578"
"chr1","187409183","187409276","JH378166","13947531","13947628","18","173461652"
"chr1","187957059","187957189","JH378200","3514102","3514234","12","184442957"
"chr1","187961315","187961617","JH378148","16955481","16955786","43","171005834"
"chr1","188096137","188096436","JH378113","15232832","15233136","50","172863305"
"chr1","188266126","188266436","JH378247","561987","562291","44","187704139"
"chr1","188284049","188284357","JH378115","14987072","14987385","44","173296977"
"chr1","188318280","188318568","JH378131","23709610","23709901","36","164608670"
"chr1","188377871","188378176","JH378127","8181603","8181907","43","180196268"
"chr1","188502576","188502867","JH378115","28716128","28716418","41","159786448"
"chr1","188505278","188505591","JH378118","10693452","10693756","40","177811826"
"chr1","188650673","188650971","JH378142","17266651","17266938","45","171384022"
"chr1","188772964","188773269","JH378114","41541862","41542163","57","147231102"
"chr1","188806868","188807146","JH378128","11599210","11599486","39","177207658"
"chr1","188889106","188889415","JH378118","10693452","10693756","43","178195654"
"chr1","189090353","189090660","JH378242","734891","735189","47","188355462"
"chr1","189149950","189150251","JH378115","15308006","15308309","41","173841944"
"chr1","189231112","189231336","JH378144","9710610","9710838","46","179520502"
"chr1","189275776","189276078","JH378186","1525813","1526111","42","187749963"
"chr1","189301105","189301416","JH378110","32200055","32200357","50","157101050"
"chr1","189301860","189302154","JH378153","14632399","14632691","37","174669461"
"chr1","189368158","189368467","JH378151","4578678","4578981","51","184789480"
"chr1","189389224","189389501","JH378136","14898747","14899023","36","174490477"
"chr1","189412564","189412853","JH378106","3058385","3058676","37","186354179"
"chr1","189514407","189514615","JH378111","16162368","16162589","48","173352039"
"chr1","189520077","189520362","JH378167","12386560","12386845","44","177133517"
"chr1","189578428","189578712","JH378136","272512","272800","48","189305916"
"chr1","189629546","189629869","JH378190","4910483","4910794","50","184719063"
"chr1","189652259","189652564","JH378124","5131942","5132232","50","184520317"
"chr1","189724989","189725284","JH378106","69562637","69562935","42","120162352"
"chr1","189735482","189735795","JH378144","930229","930536","46","188805253"
"chr1","189759264","189759549","JH378122","7809799","7810085","43","181949465"
"chr1","189823232","189823531","JH378105","65397117","65397421","47","124426115"
"chr1","189827982","189828283","JH378172","7187643","7187946","39","182640339"
"chr1","189841196","189841506","JH378105","17620825","17621134","53","172220371"
"chr1","189944782","189945077","JH378116","14428154","14428454","41","175516628"
"chr1","190017158","190017439","JH378158","12271962","12272239","39","177745196"
"chr1","190024193","190024502","JH378113","2986334","2986635","39","187037859"
"chr1","190027162","190027461","JH378116","22537126","22537426","38","167490036"
"chr1","190099405","190099718","JH378221","1277720","1278016","51","188821685"
"chr1","190110897","190111184","JH378142","15864057","15864347","36","174246840"
"chr1","190113525","190113811","JH378135","71789","72083","44","190041736"
"chr1","190132988","190133279","JH378190","8675307","8675593","36","181457681"
"chr1","190134520","190134790","JH378232","1679524","1679795","49","188454996"
"chr1","190136587","190136855","JH378137","8077566","8077832","40","182059021"
"chr1","190147169","190147467","JH378190","5866264","5866568","54","184280905"
"chr1","190260891","190261195","JH378188","2935449","2935751","38","187325442"
"chr1","190262534","190262848","JH378142","15769494","15769800","43","174493040"
"chr1","190263159","190263421","JH378142","15768901","15769162","34","174494258"
"chr1","190273106","190273378","JH378112","27353640","27353910","48","162919466"
"chr1","190333124","190333394","JH378110","6835896","6836170","47","183497228"
"chr1","190335225","190335526","JH378106","765844","766137","50","189569381"
"chr1","190362686","190362983","JH378106","69562637","69562935","38","120800049"
"chr1","190363944","190364236","JH378123","9831839","9832126","47","180532105"
"chr1","190367786","190368083","JH378113","2184682","2184974","43","188183104"
"chr1","190376658","190376923","JH378158","9313871","9314144","44","181062787"
"chr1","190446120","190446410","JH378108","29501194","29501485","61","160944926"
"chr1","190490260","190490544","JH378142","15570255","15570540","38","174920005"
"chr1","190516047","190516361","JH378116","36267689","36268001","57","154248358"
"chr1","190550713","190551023","JH378161","2236995","2237295","48","188313718"
"chr1","190612798","190613093","JH378149","936787","937080","39","189676011"
"chr1","190631573","190631878","JH378260","2101343","2101639","49","188530230"
"chr1","190639323","190639625","JH378107","45444607","45444909","45","145194716"
"chr1","190702912","190703145","JH378225","1669956","1670188","41","189032956"
"chr1","190731240","190731518","JH378193","3629693","3629962","45","187101547"
"chr1","190740722","190740985","JH378161","5438799","5439061","47","185301923"
"chr1","190746425","190746731","JH378118","10693452","10693756","50","180052973"
"chr1","190753648","190753760","JH378239","4838259","4838368","19","185915389"
"chr1","190792236","190792495","JH378106","59305283","59305541","40","131486953"
"chr1","190792928","190793225","JH378151","17066381","17066684","63","173726547"
"chr1","190807141","190807446","JH378166","8636952","8637253","45","182170189"
"chr1","190809939","190810227","JH378122","7809799","7810085","40","183000140"
"chr1","190845125","190845416","JH378105","69163567","69163856","35","121681558"
"chr1","190847822","190848105","JH378177","1170014","1170294","34","189677808"
"chr1","190965442","190965742","JH378308","686068","686367","37","190279374"
"chr1","190969409","190969713","JH378111","34735037","34735341","50","156234372"
"chr1","190974652","190974943","JH378142","15120056","15120348","40","175854596"
"chr1","191007913","191008207","JH378188","9464882","9465174","43","181543031"
"chr1","191132924","191133197","JH378115","7936143","7936415","50","183196781"
"chr1","191141716","191142027","JH378142","14950891","14951186","43","176190825"
"chr1","191203845","191204066","JH378137","8528832","8529057","34","182675013"
"chr1","191224203","191224492","JH378122","4423388","4423673","41","186800815"
"chr1","191270655","191270959","JH378283","1461668","1461966","47","189808987"
"chr1","191301566","191301847","JH378300","61533","61817","47","191240033"
"chr1","191445896","191446211","JH378188","7490346","7490651","44","183955550"
"chr1","191470624","191470925","JH378110","6965048","6965350","36","184505576"
"chr1","191492116","191492411","JH378247","4426259","4426553","42","187065857"
"chr1","191542824","191543152","JH378119","25618010","25618327","59","165924814"
"chr1","191567398","191567583","JH378136","18225043","18225229","27","173342355"
"chr1","191568686","191568986","JH378151","4578678","4578981","37","186990008"
"chr1","191572804","191573115","JH378117","32856480","32856791","40","158716324"
"chr1","191576593","191576892","JH378129","7834151","7834449","36","183742442"
"chr1","191580481","191580786","JH378142","14540182","14540494","51","177040299"
"chr1","191598240","191598502","JH378105","50034667","50034949","41","141563573"
"chr1","191609689","191609983","JH378123","5667081","5667374","49","185942608"
"chr1","191614271","191614566","JH378170","1616807","1617104","41","189997464"
"chr1","191658330","191658646","JH378110","17905050","17905353","61","173753280"
"chr1","191662341","191662636","JH378138","6648162","6648458","32","185014179"
"chr1","191734480","191734765","JH378106","63123177","63123473","42","128611303"
"chr1","191751438","191751734","JH378242","2757307","2757599","40","188994131"
"chr1","191763913","191764222","JH378114","41499633","41499943","48","150264280"
"chr1","191789578","191789872","JH378129","12033076","12033373","43","179756502"
"chr1","191794154","191794397","JH378118","18451199","18451442","58","173342955"
"chr1","191822901","191823211","JH378249","1601829","1602137","47","190221072"
"chr1","191855630","191855905","JH378105","58733777","58734058","42","133121853"
"chr1","191866190","191866477","JH378152","14449530","14449815","41","177416660"
"chr1","191868241","191868536","JH378111","8498303","8498600","41","183369938"
"chr1","191872386","191872695","JH378129","10477083","10477384","44","181395303"
"chr1","191876368","191876488","JH378118","14956607","14956728","18","176919761"
"chr1","191876521","191876540","JH378155","3890863","3890884","7","187985658"
"chr1","191876570","191876741","JH378137","19323143","19323313","31","172553427"
"chr1","191878736","191879043","JH378118","10693452","10693756","37","181185284"
"chr1","191881146","191881459","JH378114","37013997","37014291","45","154867149"
"chr1","191898715","191899012","JH378116","28282701","28282994","44","163616014"
"chr1","191914669","191914962","JH378106","60746412","60746706","42","131168257"
"chr1","191938030","191938164","JH378284","1704878","1705008","16","190233152"
"chr1","191938468","191938646","JH378117","25291238","25291397","36","166647230"
"chr1","191941036","191941345","JH378204","3945411","3945718","40","187995625"
"chr1","191951454","191951770","JH378151","4578678","4578981","43","187372776"
"chr1","191957117","191957425","JH378177","9865797","9866102","40","182091320"
"chr1","191969093","191969379","JH378115","30698161","30698437","48","161270932"
"chr1","191987015","191987310","JH378142","14236196","14236482","40","177750819"
"chr1","192001400","192001698","JH378114","42118001","42118296","45","149883399"
"chr1","192016526","192016741","JH378247","3553551","3553767","31","188462975"
"chr1","192040643","192040932","JH378189","7501508","7501793","45","184539135"
"chr1","192059924","192060230","JH378110","13359677","13359980","47","178700247"
"chr1","192075710","192076009","JH378155","5966626","5966931","45","186109084"
"chr1","192078942","192079234","JH378276","2398204","2398492","39","189680738"
"chr1","192082942","192083226","JH378122","7809799","7810085","34","184273143"
"chr1","192103213","192103526","JH378148","16955481","16955786","44","175147732"
"chr1","192110361","192110613","JH378163","13893596","13893850","37","178216765"
"chr1","192134973","192135269","JH378142","14099355","14099663","45","178035618"
"chr1","192149827","192150119","JH378123","9608291","9608584","40","182541536"
"chr1","192153585","192153893","JH378142","14085967","14086269","45","178067618"
"chr1","192157430","192157727","JH378242","734891","735189","35","191422539"
"chr1","192196386","192196683","JH378151","5876322","5876617","41","186320064"
"chr1","192200065","192200362","JH378149","17386942","17387237","50","174813123"
"chr1","192200745","192201050","JH378317","721053","721359","43","191479692"
"chr1","192203373","192203660","JH378124","18213319","18213624","53","173990054"
"chr1","192205525","192205775","JH378154","11102614","11102873","44","181102911"
"chr1","192214833","192215125","JH378142","14021130","14021426","44","178193703"
"chr1","192216437","192216723","JH378149","17135581","17135871","51","175080856"
"chr1","192217620","192217913","JH378195","2148198","2148495","32","190069422"
"chr1","192222594","192222903","JH378204","3945411","3945718","36","188277183"
"chr1","192226139","192226442","JH378139","11244771","11245079","42","180981368"
"chr1","192249902","192250209","JH378142","13986448","13986759","39","178263454"
"chr1","192254709","192255006","JH378123","21695970","21696268","38","170558739"
"chr1","192256636","192256931","JH378145","10500061","10500358","48","181756575"
"chr1","192279834","192280125","JH378153","6431962","6432251","37","185847872"
"chr1","192293799","192294098","JH378191","9105890","9106189","36","183187909"
"chr1","192296265","192296582","JH378116","22378952","22379256","47","169917313"
"chr1","192296836","192297149","JH378109","25252974","25253282","54","167043862"
"chr1","192301436","192301674","JH378114","40832395","40832641","45","151469041"
"chr1","192308047","192308355","JH378110","6965048","6965350","43","185342999"
"chr1","192309765","192310067","JH378170","1616807","1617104","38","190692958"
"chr1","192310299","192310593","JH378142","13938788","13939083","34","178371511"
"chr1","192338734","192339040","JH378124","13618146","13618450","51","178720588"
"chr1","192356387","192356689","JH378195","7859880","7860176","41","184496507"
"chr1","192361810","192362111","JH378288","2786677","2786981","42","189575133"
"chr1","192377821","192378093","JH378141","13473158","13473437","48","178904663"
"chr1","192392385","192392661","JH378142","13861485","13861766","35","178530900"
"chr1","192393046","192393345","JH378197","8546632","8546928","34","183846414"
"chr1","192398779","192399067","JH378242","734891","735189","38","191663888"
"chr1","192428567","192428860","JH378141","14454762","14455052","42","177973805"
"chr1","192435020","192435303","JH378157","3286469","3286756","45","189148551"
"chr1","192474329","192474384","JH378121","1618486","1618542","10","190855843"
"chr1","192474385","192474682","JH378145","10800823","10801120","46","181673562"
"chr1","192474683","192474935","JH378120","17030190","17030429","71","175444493"
"chr1","192475166","192475455","JH378191","967537","967830","35","191507629"
"chr1","192476787","192476913","JH378105","1608148","1608276","15","190868639"
"chr1","192493511","192493803","JH378111","8498303","8498600","47","183995208"
"chr1","192529324","192529627","JH378150","572888","573192","39","191956436"
"chr1","192547125","192547427","JH378148","16955481","16955786","39","175591644"
"chr1","192551324","192551599","JH378121","28641881","28642155","39","163909443"
"chr1","192553234","192553456","JH378198","1299151","1299362","40","191254083"
"chr1","192557628","192557922","JH378114","22526707","22527002","36","170030921"
"chr1","192560367","192560674","JH378279","2532931","2533234","43","190027436"
"chr1","192584617","192584928","JH378117","15749415","15749721","42","176835202"
"chr1","192586734","192587016","JH378198","1119444","1119723","43","191467290"
"chr1","192588872","192589161","JH378141","9239081","9239369","32","183349791"
"chr1","192605392","192605682","JH378213","4435380","4435669","36","188170012"
"chr1","192677073","192677311","JH378142","13603886","13604133","36","179073187"
"chr1","192696509","192696799","JH378152","13742000","13742297","42","178954509"
"chr1","192730049","192730341","JH378111","25553118","25553412","38","167176931"
"chr1","192743476","192743770","JH378137","3073918","3074209","52","189669558"
"chr1","192752844","192753134","JH378167","8017494","8017782","39","184735350"
"chr1","192760804","192761093","JH378142","13530387","13530675","47","179230417"
"chr1","192762623","192762934","JH378110","2590007","2590314","45","190172616"
"chr1","192769490","192769785","JH378141","14454762","14455052","46","178314728"
"chr1","192789878","192790192","JH378262","1270213","1270521","42","191519665"
"chr1","192796969","192797267","JH378148","16271022","16271321","36","176525947"
"chr1","192829275","192829574","JH378148","5678256","5678554","36","187151019"
"chr1","192850803","192851110","JH378204","3945411","3945718","40","188905392"
"chr1","192867977","192868288","JH378115","15327275","15327586","35","177540702"
"chr1","192871405","192871700","JH378127","13202957","13203249","51","179668448"
"chr1","192909628","192909915","JH378136","354228","354520","44","192555400"
"chr1","192911530","192911831","JH378242","734891","735189","42","192176639"
"chr1","192927156","192927457","JH378142","13392415","13392714","43","179534741"
"chr1","192964487","192964782","JH378188","7232167","7232465","48","185732320"
"chr1","192965049","192965344","JH378226","6485812","6486107","40","186479237"
"chr1","192972641","192972905","JH378273","361264","361529","41","192611377"
"chr1","192976373","192976665","JH378191","967537","967830","38","192008836"
"chr1","192991453","192991769","JH378108","31529799","31530108","46","161461654"
"chr1","193008319","193008594","JH378142","13310818","13311097","47","179697501"
"chr1","193122336","193122600","JH378133","9655556","9655820","34","183466780"
"chr1","193139209","193139491","JH378291","915200","915491","51","192224009"
"chr1","193154110","193154386","JH378142","13177468","13177739","47","179976642"
"chr1","193178517","193178821","JH378114","41541862","41542163","45","151636655"
"chr1","193202714","193203016","JH378142","13152359","13152662","57","180050355"
"chr1","193224796","193225091","JH378111","8498303","8498600","43","184726493"
"chr1","193231200","193231519","JH378142","13128288","13128617","47","180102912"
"chr1","193248344","193248632","JH378171","5901188","5901476","40","187347156"
"chr1","193251154","193251438","JH378115","28716128","28716418","45","164535026"
"chr1","193269146","193269447","JH378122","8372983","8373280","41","184896163"
"chr1","193277416","193277595","JH378157","7433709","7433879","32","185843707"
"chr1","193292016","193292141","JH378151","14446059","14446181","14","178845957"
"chr1","193296484","193296790","JH378149","17075543","17075846","46","176220941"
"chr1","193298741","193299056","JH378112","30721676","30721989","53","162577065"
"chr1","193301270","193301566","JH378115","31087041","31087338","42","162214229"
"chr1","193314575","193314862","JH378242","734891","735189","48","192579684"
"chr1","193316228","193316523","JH378142","13050514","13050805","45","180265714"
"chr1","193359758","193359845","JH378135","3406153","3406239","18","189953605"
"chr1","193381604","193381884","JH378153","7052266","7052556","49","186329338"
"chr1","193386769","193387035","JH378142","12994187","12994443","34","180392582"
"chr1","193405402","193405690","JH378192","5953596","5953883","37","187451806"
"chr1","193438879","193439180","JH378110","28215334","28215630","40","165223545"
"chr1","193464396","193464704","JH378115","35238423","35238733","63","158225973"
"chr1","193502657","193502943","JH378115","15323127","15323412","36","178179530"
"chr1","193512612","193512905","JH378142","12884997","12885280","44","180627615"
"chr1","193517947","193518218","JH378236","409695","409969","52","193108252"
"chr1","193528482","193528794","JH378109","25252974","25253282","43","168275508"
"chr1","193578225","193578522","JH378142","12832055","12832356","40","180746170"
"chr1","193609866","193610181","JH378107","8361421","8361732","50","185248445"
"chr1","193610246","193610544","JH378266","202206","202503","64","193408040"
"chr1","193624272","193624573","JH378242","734891","735189","38","192889381"
"chr1","193706083","193706381","JH378290","1449167","1449465","34","192256916"
"chr1","193727718","193728017","JH378242","734891","735189","40","192992827"
"chr1","193737833","193738114","JH378142","12683559","12683854","43","181054274"
"chr1","193815791","193816098","JH378112","33452684","33452993","42","160363107"
"chr1","193849496","193849803","JH378113","17168263","17168574","52","176681233"
"chr1","193907986","193908284","JH378136","354228","354520","52","193553758"
"chr1","193913192","193913495","JH378133","9812784","9813080","40","184100408"
"chr1","194020133","194020442","JH378246","2033796","2034100","43","191986337"
"chr1","194025020","194025329","JH378113","15232832","15233136","45","178792188"
"chr1","194083668","194083972","JH378149","422089","422391","56","193661579"
"chr1","194106787","194107079","JH378205","7517678","7517968","42","186589109"
"chr1","194159769","194159905","JH378108","49180782","49180912","18","144978987"
"chr1","194286634","194286941","JH378110","31358400","31358705","48","162928234"
"chr1","194374259","194374504","JH378164","358253","358503","35","194016006"
"chr1","194523591","194523880","JH378153","14175225","14175527","46","180348366"
"chr1","194532853","194533145","JH378254","3924070","3924366","40","190608783"
"chr1","194663019","194663376","JH378142","11811623","11811919","96","182851396"
"chr1","194667569","194667821","JH378142","11807561","11807807","45","182860008"
"chr1","194669641","194669929","JH378235","1229113","1229394","49","193440528"
"chr1","194710668","194710945","JH378142","11763888","11764178","39","182946780"
"chr1","194718450","194718752","JH378116","25790477","25790774","45","168927973"
"chr1","194792587","194792876","JH378123","9831839","9832126","41","184960748"
"chr1","194812134","194812443","JH378135","16449037","16449347","37","178363097"
"chr1","194825747","194826034","JH378132","20919176","20919465","41","173906571"
"chr1","194829846","194830140","JH378164","14512197","14512493","46","180317649"
"chr1","194913179","194913477","JH378177","10638333","10638621","46","184274846"
"chr1","194940292","194940543","JH378142","11532874","11533125","34","183407418"
"chr1","194944500","194944795","JH378242","734891","735189","36","194209609"
"chr1","194951210","194951506","JH378114","42118001","42118296","40","152833209"
"chr1","194980890","194981181","JH378279","2413664","2413960","44","192567226"
"chr1","194982218","194982538","JH378108","32599519","32599839","57","162382699"
"chr1","195014126","195014419","JH378191","967537","967830","45","194046589"
"chr1","195017341","195017631","JH378112","19879719","19880008","44","175137622"
"chr1","195020567","195020872","JH378262","1936694","1936996","43","193083873"
"chr1","195022577","195022874","JH378114","22526707","22527002","37","172495870"
"chr1","195098143","195098449","JH378173","6575149","6575450","38","188522994"
"chr1","195103957","195104264","JH378114","41499633","41499943","44","153604324"
"chr1","195118853","195119157","JH378176","9169030","9169331","56","185949823"
"chr1","195135264","195135556","JH378170","4926625","4926916","50","190208639"
"chr1","195272827","195273114","JH378151","7107312","7107607","43","188165515"
"chr1","195325837","195326135","JH378117","6076538","6076831","53","189249299"
"chr1","195424000","195424307","JH378148","16955481","16955786","43","178468519"
"chr1","195478940","195479187","JH378137","8860442","8860683","39","186618498"
"chr1","195560721","195561008","JH378142","10966278","10966563","47","184594443"
"chr1","195663004","195663275","JH378105","36936865","36937136","47","158726139"
"chr1","195765354","195765625","JH378260","2450704","2450976","55","193314650"
"chr1","195770976","195771284","JH378173","4731101","4731408","65","191039875"
"chr1","195895621","195895933","JH378160","12202742","12203045","62","183692879"
"chr1","195941069","195941302","JH378121","19473565","19473803","43","176467504"
"chr1","196018968","196019286","JH378111","5714129","5714445","52","190304839"
"chr1","196068776","196069061","JH378118","8798965","8799246","42","187269811"
"chr1","196094497","196094819","JH378276","134131","134438","54","195960366"
"chr1","196212894","196213135","JH378105","41466580","41466823","42","154746314"
"chr1","196452910","196453190","JH378281","664121","664402","41","195788789"
"chr1","196534908","196535196","JH378107","2978082","2978371","48","193556826"
"chr1","196724620","196724927","JH378111","27170480","27170777","59","169554140"
"chr1","196741445","196741764","JH378135","10487623","10487936","55","186253822"
"chr1","196793997","196794297","JH378118","17447772","17448068","47","179346225"
"chr1","196902088","196902269","JH378114","10654899","10655083","34","186247189"
"chr1","196955884","196956181","JH378151","4578678","4578981","43","192377206"
"chr1","197015536","197015810","JH378172","970360","970642","41","196045176"
"chr1","197083984","197084294","JH378220","2465579","2465874","58","194618405"
"chr1","197099312","197099610","JH378111","25665996","25666290","38","171433316"
"chr1","197126742","197127036","JH378112","32590536","32590832","38","164536206"
"chr1","197194019","197194321","JH378184","748241","748547","39","196445778"
"chr1","197225030","197225338","JH378124","5078825","5079136","45","192146205"
"chr1","197289538","197289817","JH378177","3761735","3762014","47","193527803"
"chr1","197342140","197342440","JH378105","59285091","59285389","48","138057049"
"chr1","197416252","197416560","JH378118","9618755","9619062","63","187797497"
"chr1","197586631","197586937","JH378118","10693452","10693756","43","186893179"
"chr1","197644581","197644801","JH378127","5384271","5384500","40","192260310"
"chr1","197694890","197694906","JH378196","2334629","2334642","5","195360261"
"chr1","197694938","197695221","JH378326","204096","204381","43","197490842"
"chr1","197757122","197757418","JH378135","2445392","2445695","43","195311730"
"chr1","197808603","197808892","JH378205","2434359","2434646","53","195374244"
"chr1","197820024","197820292","JH378151","5246621","5246885","55","192573403"
"chr1","197854368","197854680","JH378118","10693452","10693756","48","187160916"
"chr1","197885477","197885785","JH378105","31296745","31297038","79","166588732"
"chr1","197905987","197906298","JH378139","11244771","11245079","41","186661216"
"chr1","197936377","197936634","JH378142","8693850","8694103","39","189242527"
"chr1","197939618","197939876","JH378105","21076785","21077036","44","176862833"
"chr1","197972996","197973290","JH378142","8658937","8659231","47","189314059"
"chr1","197998948","197999233","JH378112","12605686","12605972","38","185393262"
"chr1","198018391","198018684","JH378174","8695069","8695365","39","189323322"
"chr1","198023849","198024153","JH378116","22378952","22379256","40","175644897"
"chr1","198047057","198047327","JH378106","61927616","61927885","47","136119441"
"chr1","198050905","198051199","JH378131","23697009","23697304","40","174353896"
"chr1","198052623","198052902","JH378232","710491","710771","44","197342132"
"chr1","198061826","198061898","JH378142","8566601","8566672","7","189495225"
"chr1","198063788","198064062","JH378142","8563546","8563821","33","189500242"
"chr1","198077563","198077861","JH378125","7759615","7759914","39","190317948"
"chr1","198092620","198092919","JH378146","4677820","4678116","41","193414800"
"chr1","198108950","198109102","JH378126","23493847","23493997","19","174615103"
"chr1","198122588","198122886","JH378129","21692696","21692987","59","176429892"
"chr1","198151542","198151837","JH378119","26008242","26008530","40","172143300"
"chr1","198215958","198216267","JH378140","10376541","10376845","46","187839417"
"chr1","198222582","198222892","JH378220","4418359","4418666","42","193804223"
"chr1","198281871","198282171","JH378243","90680","90981","47","198191191"
"chr1","198287400","198287706","JH378225","885930","886227","51","197401470"
"chr1","198313228","198313383","JH378113","21327818","21327983","41","176985410"
"chr1","198313687","198313814","JH378138","6776489","6776612","19","191537198"
"chr1","198361843","198362096","JH378115","16716555","16716779","78","181645288"
"chr1","198409353","198409661","JH378161","2236995","2237295","42","196172358"
"chr1","198414514","198414785","JH378142","8243533","8243815","49","190170981"
"chr1","198462675","198462958","JH378149","2813486","2813776","52","195649189"
"chr1","198518771","198519079","JH378135","16449037","16449347","38","182069734"
"chr1","198547209","198547509","JH378142","8129779","8130077","39","190417430"
"chr1","198556049","198556356","JH378118","20140583","20140886","45","178415466"
"chr1","198599546","198599831","JH378142","8081817","8082103","49","190517729"
"chr1","198601457","198601733","JH378139","369956","370243","55","198231501"
"chr1","198677694","198677979","JH378154","4696281","4696575","43","193981413"
"chr1","198697395","198697693","JH378122","4711864","4712164","44","193985531"
"chr1","198704003","198704318","JH378110","18880040","18880344","58","179823963"
"chr1","198740771","198741063","JH378199","281986","282282","44","198458785"
"chr1","198746908","198747203","JH378108","32884359","32884660","53","165862549"
"chr1","198768325","198768622","JH378190","7486422","7486715","45","191281903"
"chr1","198791968","198792099","JH378200","3514102","3514234","17","195277866"
"chr1","198817597","198817884","JH378180","5047484","5047772","48","193770113"
"chr1","198825057","198825345","JH378253","1812488","1812781","42","197012569"
"chr1","198826555","198826796","JH378262","2751970","2752213","32","196074585"
"chr1","198866852","198867125","JH378189","719706","719987","38","198147146"
"chr1","198876957","198877241","JH378122","26412631","26412916","40","172464326"
"chr1","198895718","198896015","JH378197","8295826","8296131","51","190599892"
"chr1","198896649","198896946","JH378132","2229026","2229323","52","196667623"
"chr1","198903508","198903820","JH378106","69752564","69752871","41","129150944"
"chr1","198967995","198968287","JH378124","5835056","5835352","41","193132939"
"chr1","198976339","198976616","JH378232","3348298","3348573","43","195628041"
"chr1","199013337","199013637","JH378117","28666592","28666888","40","170346745"
"chr1","199019825","199020134","JH378173","4731101","4731408","55","194288724"
"chr1","199079927","199080207","JH378129","5828672","5828953","41","193251255"
"chr1","199127527","199127798","JH378110","7925750","7926017","41","191201777"
"chr1","199211136","199211432","JH378116","19694866","19695160","54","179516270"
"chr1","199309500","199309831","JH378142","7450139","7450448","58","191859361"
"chr1","199312324","199312624","JH378124","5168153","5168455","49","194144171"
"chr1","199440507","199440798","JH378142","7346811","7347102","48","192093696"
"chr1","199544422","199544709","JH378151","16578520","16578815","47","182965902"
"chr1","199774560","199774853","JH378189","3786344","3786637","44","195988216"
"chr1","199820567","199820858","JH378172","9343322","9343615","49","190477245"
"chr1","200255939","200256247","JH378118","21681593","21681897","47","178574346"
"chr1","200278929","200279220","JH378342","243194","243483","33","200035735"
"chr1","200288465","200288744","JH378115","13491143","13491432","53","186797322"
"chr1","200292367","200292674","JH378142","6731693","6731988","50","193560674"
"chr1","200384703","200384982","JH378122","7809799","7810085","39","192574904"
"chr1","200416566","200416848","JH378142","6623614","6623902","53","193792952"
"chr1","200479735","200480032","JH378153","13715769","13716065","46","186763966"
"chr1","200504340","200504640","JH378142","6538048","6538341","41","193966292"
"chr1","200504684","200504943","JH378173","10538496","10538753","51","189966188"
"chr1","200507181","200507446","JH378142","6535073","6535344","44","193972108"
"chr1","200511698","200512005","JH378247","561987","562291","38","199949711"
"chr1","200539178","200539477","JH378142","6504401","6504702","36","194034777"
"chr1","200561631","200561926","JH378112","33033903","33034201","36","167527728"
"chr1","200563745","200563877","JH378142","6478232","6478360","14","194085513"
"chr1","200610974","200611251","JH378105","50212288","50212568","57","150398686"
"chr1","200630575","200630870","JH378142","6411099","6411393","44","194219476"
"chr1","200640290","200640577","JH378120","3564285","3564577","41","197076005"
"chr1","200664299","200664420","JH378110","39608126","39608248","12","161056173"
"chr1","200667820","200668118","JH378135","2042783","2043077","48","198625037"
"chr1","200696385","200696683","JH378142","6343587","6343887","46","194352798"
"chr1","200704828","200705090","JH378199","2933325","2933588","34","197771503"
"chr1","200716194","200716478","JH378192","5415267","5415549","42","195300927"
"chr1","200718018","200718148","JH378172","10643459","10643587","15","190074559"
"chr1","200719363","200719686","JH378272","3268176","3268489","61","197451187"
"chr1","200729444","200729721","JH378177","3333638","3333912","45","197395806"
"chr1","200738001","200738295","JH378139","8066225","8066520","40","192671776"
"chr1","200744209","200744501","JH378141","14454762","14455052","39","186289447"
"chr1","200744976","200745268","JH378291","130444","130734","38","200614532"
"chr1","200760855","200761155","JH378142","6268742","6269041","35","194492113"
"chr1","200764743","200765037","JH378141","14454762","14455052","37","186309981"
"chr1","200768536","200768817","JH378115","26323089","26323369","39","174445447"
"chr1","200811495","200811805","JH378281","1512369","1512678","41","199299126"
"chr1","200823090","200823375","JH378173","6660455","6660738","42","194162635"
"chr1","200837692","200838001","JH378149","15885379","15885676","44","184952313"
"chr1","200902888","200903184","JH378226","6485812","6486107","38","194417076"
"chr1","200911920","200912198","JH378114","42081783","42082071","49","158830137"
"chr1","200948500","200948775","JH378163","13062219","13062505","50","187886281"
"chr1","201009025","201009316","JH378110","13366598","13366892","64","187642427"
"chr1","201016411","201016721","JH378173","6575149","6575450","51","194441262"
"chr1","201018870","201019158","JH378114","36224521","36224801","38","164794349"
"chr1","201038130","201038455","JH378115","19583909","19584219","51","181454221"
"chr1","201041394","201041678","JH378291","130444","130734","44","200910950"
"chr1","201118382","201118702","JH378276","134131","134438","49","200984251"
"chr1","201178813","201179098","JH378197","6349651","6349940","55","194829162"
"chr1","201200641","201200937","JH378106","69562637","69562935","42","131638004"
"chr1","201248365","201248651","JH378256","33154","33443","46","201215211"
"chr1","201259206","201259514","JH378113","15232832","15233136","45","186026374"
"chr1","201299586","201299856","JH378233","253592","253866","39","201045994"
"chr1","201350445","201350744","JH378142","5789846","5790140","32","195560599"
"chr1","201374620","201374917","JH378187","3086525","3086818","49","198288095"
"chr1","201571556","201571871","JH378150","572888","573192","42","200998668"
"chr1","201588798","201589109","JH378188","7490346","7490651","50","194098452"
"chr1","201615147","201615399","JH378142","5544390","5544642","36","196070757"
"chr1","201695300","201695631","JH378167","6083744","6084058","64","195611556"
"chr1","201697043","201697352","JH378150","15636556","15636859","50","186060487"
"chr1","201766505","201766779","JH378232","4875587","4875862","43","196890918"
"chr1","201769862","201770145","JH378142","5401640","5401921","39","196368222"
"chr1","201808952","201809243","JH378161","6580808","6581102","50","195228144"
"chr1","201911050","201911343","JH378156","3853230","3853526","46","198057820"
"chr1","201927279","201927573","JH378119","33475458","33475748","47","168451821"
"chr1","201940279","201940452","JH378198","617875","618054","46","201322404"
"chr1","201946487","201946775","JH378216","3323731","3324020","37","198622756"
"chr1","202033584","202033893","JH378158","4130633","4130943","41","197902951"
"chr1","202069653","202069955","JH378157","1154304","1154607","47","200915349"
"chr1","202268225","202268502","JH378134","22273223","22273498","48","179995002"
"chr1","202275947","202276223","JH378264","3122060","3122337","41","199153887"
"chr1","202298263","202298554","JH378123","5667081","5667374","40","196631182"
"chr1","202362616","202362892","JH378281","677057","677335","51","201685559"
"chr1","202420138","202420436","JH378106","69063427","69063728","39","133356711"
"chr1","202467762","202468018","JH378165","2768423","2768681","41","199699339"
"chr1","202592625","202592924","JH378142","4725300","4725600","50","197867325"
"chr1","202667792","202668101","JH378169","1630850","1631158","51","201036942"
"chr1","202738903","202738986","JH378110","5527700","5527783","8","197211203"
"chr1","202826777","202827079","JH378148","3100313","3100608","44","199726464"
"chr1","202861163","202861447","JH378198","4413303","4413578","50","198447860"
"chr1","202890416","202890723","JH378293","1508849","1509149","45","201381567"
"chr1","203126187","203126484","JH378293","1508849","1509149","35","201617338"
"chr1","203219670","203219962","JH378142","1101221","1101514","41","202118449"
"chr1","203230045","203230337","JH378149","15885379","15885676","45","187344666"
"chr1","203333173","203333406","JH378255","2925254","2925486","30","200407919"
"chr1","203375951","203376230","JH378135","683617","683897","45","202692334"
"chr1","203381868","203382161","JH378105","17592520","17592809","40","185789348"
"chr1","203388379","203388695","JH378112","30721676","30721989","44","172666703"
"chr1","203393275","203393552","JH378125","6029781","6030054","51","197363494"
"chr1","203393867","203394130","JH378106","59502813","59503069","46","143891054"
"chr1","203394699","203394990","JH378133","9743043","9743332","34","193651656"
"chr1","203402109","203402254","JH378158","5896766","5896907","15","197505343"
"chr1","203427817","203428125","JH378108","18692528","18692833","52","184735289"
"chr1","203449537","203449817","JH378189","177130","177409","38","203272407"
"chr1","203459100","203459410","JH378121","23760097","23760404","51","179699003"
"chr1","203466344","203466633","JH378189","3786344","3786637","39","199680000"
"chr1","203517036","203517325","JH378136","13594457","13594751","43","189922579"
"chr1","203518647","203518897","JH378195","2889100","2889358","44","200629547"
"chr1","203586932","203587243","JH378139","18076977","18077276","54","185509955"
"chr1","203634660","203634950","JH378238","5034133","5034426","43","198600527"
"chr1","203635174","203635477","JH378167","1344649","1344956","39","202290525"
"chr1","203640720","203641008","JH378164","5245806","5246093","36","198394914"
"chr1","203642929","203643236","JH378301","920694","921000","35","202722235"
"chr1","203670308","203670599","JH378174","8695069","8695365","59","194975239"
"chr1","203696434","203696737","JH378197","3241273","3241575","36","200455161"
"chr1","203702062","203702363","JH378193","360764","361065","42","203341298"
"chr1","203727972","203728280","JH378118","20140583","20140886","41","183587389"
"chr1","203730554","203730860","JH378246","1705721","1706027","41","202024833"
"chr1","203752620","203752930","JH378105","1126046","1126352","40","202626574"
"chr1","203758051","203758346","JH378111","26034614","26034912","45","177723437"
"chr1","203783605","203783908","JH378149","14367499","14367804","43","189416106"
"chr1","203793368","203793677","JH378142","3787925","3788227","42","200005443"
"chr1","203796078","203796382","JH378246","1705721","1706027","45","202090357"
"chr1","203803562","203803862","JH378220","1011665","1011962","45","202791897"
"chr1","203806599","203806906","JH378148","2797982","2798286","39","201008617"
"chr1","203807172","203807481","JH378108","38073678","38073985","38","165733494"
"chr1","203844710","203845014","JH378112","22952335","22952636","52","180892375"
"chr1","203891867","203892002","JH378130","7603822","7603951","15","196288045"
"chr1","203976771","203976970","JH378281","574189","574387","24","203402582"
"chr1","204101033","204101346","JH378112","30721676","30721989","54","173379357"
"chr1","204117361","204117659","JH378170","4300963","4301254","43","199816398"
"chr1","204214513","204214815","JH378105","68468057","68468352","52","135746456"
"chr1","204217023","204217303","JH378142","3416036","3416315","38","200800987"
"chr1","204257389","204257629","JH378226","5012150","5012397","36","199245239"
"chr1","204288906","204289222","JH378216","1807069","1807376","49","202481837"
"chr1","204292739","204293045","JH378157","10039092","10039395","47","194253647"
"chr1","204337952","204338250","JH378203","7090053","7090349","37","197247899"
"chr1","204378842","204379059","JH378113","41905483","41905699","33","162473359"
"chr1","204379060","204379323","JH378151","9806135","9806395","46","194572925"
"chr1","204379772","204379906","JH378165","4268479","4268612","20","200111293"
"chr1","204398705","204399012","JH378105","58654423","58654726","44","145744282"
"chr1","204416816","204417065","JH378144","4721929","4722197","50","199694887"
"chr1","204473949","204474230","JH378140","806275","806560","52","203667674"
"chr1","204488797","204488925","JH378172","10643459","10643587","15","193845338"
"chr1","204489224","204489422","JH378145","12581077","12581279","39","191908147"
"chr1","204513765","204514073","JH378262","2057384","2057694","47","202456381"
"chr1","204517279","204517577","JH378142","3143553","3143851","32","201373726"
"chr1","204521258","204521560","JH378152","16188403","16188709","48","188332855"
"chr1","204529822","204530116","JH378141","3029230","3029524","34","201500592"
"chr1","204532731","204532877","JH378254","4000654","4000799","25","200532077"
"chr1","204532878","204533190","JH378204","3945411","3945718","58","200587467"
"chr1","204533191","204533391","JH378176","10944127","10944293","68","193589064"
"chr1","204543194","204543480","JH378142","3122677","3122971","36","201420517"
"chr1","204547738","204548034","JH378242","734891","735189","35","203812847"
"chr1","204556476","204556778","JH378110","9867313","9867609","42","194689163"
"chr1","204564310","204564611","JH378148","13262362","13262662","40","191301948"
"chr1","204568603","204568890","JH378190","1394904","1395199","53","203173699"
"chr1","204569058","204569368","JH378144","5814985","5815295","47","198754073"
"chr1","204573967","204574262","JH378167","7541085","7541377","34","197032882"
"chr1","204578271","204578533","JH378107","29393673","29393934","35","175184598"
"chr1","204582592","204582893","JH378252","4379984","4380281","47","200202608"
"chr1","204583013","204583294","JH378192","5415267","5415549","35","199167746"
"chr1","204587733","204588019","JH378191","1430937","1431220","49","203156796"
"chr1","204596727","204596914","JH378119","13191937","13192124","24","191404790"
"chr1","204609235","204609525","JH378114","42521542","42521831","40","162087693"
"chr1","204615955","204616252","JH378107","45449868","45450165","44","159166087"
"chr1","204643349","204643656","JH378142","3019206","3019515","33","201624143"
"chr1","204653668","204653968","JH378242","734891","735189","39","203918777"
"chr1","204656323","204656616","JH378122","22447926","22448218","40","182208397"
"chr1","204672995","204673287","JH378157","10208687","10208976","46","194464308"
"chr1","204677959","204678260","JH378151","4578678","4578981","41","200099281"
"chr1","204685886","204686176","JH378173","10880896","10881187","45","193804990"
"chr1","204688315","204688610","JH378106","69562637","69562935","30","135125678"
"chr1","204692559","204692868","JH378113","37953816","37954122","48","166738743"
"chr1","204693801","204694092","JH378291","130444","130734","33","204563357"
"chr1","204699361","204699674","JH378135","16449037","16449347","44","188250324"
"chr1","204710815","204711119","JH378172","9553918","9554219","53","195156897"
"chr1","204712484","204712796","JH378153","11183648","11183951","45","193528836"
"chr1","204724038","204724312","JH378113","5988540","5988803","46","198735498"
"chr1","204726436","204726712","JH378128","12063025","12063300","57","192663411"
"chr1","204733170","204733462","JH378141","14454762","14455052","35","190278408"
"chr1","204736088","204736375","JH378235","2999717","3000000","43","201736371"
"chr1","204752649","204752940","JH378164","8985490","8985781","45","195767159"
"chr1","204769068","204769367","JH378216","2126143","2126440","43","202642925"
"chr1","204792675","204792972","JH378247","4426259","4426553","39","200366416"
"chr1","204797383","204797714","JH378193","3931066","3931390","70","200866317"
"chr1","204801199","204801415","JH378113","21571799","21572013","40","183229400"
"chr1","204807887","204808024","JH378155","13896820","13896957","14","190911067"
"chr1","204816127","204816425","JH378111","11464738","11465037","45","193351389"
"chr1","204832260","204832554","JH378129","10311891","10312185","40","194520369"
"chr1","204838425","204838534","JH378105","55001560","55001669","12","149836865"
"chr1","204854491","204854784","JH378105","37569986","37570278","38","167284505"
"chr1","204866785","204867071","JH378204","7978351","7978644","50","196888434"
"chr1","204928214","204928509","JH378151","4182049","4182342","36","200746165"
"chr1","204958349","204958661","JH378124","5168153","5168455","51","199790196"
"chr1","204975330","204975627","JH378142","2697399","2697703","51","202277931"
"chr1","204983991","204984269","JH378128","11289647","11289922","39","193694344"
"chr1","205014158","205014441","JH378122","7809799","7810085","42","197204359"
"chr1","205033581","205033865","JH378249","721031","721325","45","204312550"
"chr1","205183063","205183364","JH378142","2499029","2499324","41","202684034"
"chr1","205233932","205234237","JH378116","14428154","14428454","41","190805778"
"chr1","205266358","205266657","JH378294","668279","668579","37","204598079"
"chr1","205273719","205274068","JH378105","21150069","21150410","75","184123650"
"chr1","205288428","205288722","JH378146","4677820","4678116","43","200610608"
"chr1","205357084","205357382","JH378162","11681967","11682260","49","193675117"
"chr1","205358478","205358774","JH378167","11202084","11202374","38","194156394"
"chr1","205385110","205385398","JH378283","1461668","1461966","36","203923442"
"chr1","205562516","205562825","JH378227","3516504","3516809","52","202046012"
"chr1","205609203","205609488","JH378124","5131942","5132232","42","200477261"
"chr1","205629068","205629380","JH378110","44230531","44230836","40","161398537"
"chr1","205648455","205648763","JH378111","32956274","32956576","52","172692181"
"chr1","205751274","205751572","JH378127","22815027","22815328","46","182936247"
"chr1","205843187","205843478","JH378141","16086975","16087268","41","189756212"
"chr1","205844728","205845027","JH378294","668279","668579","49","205176449"
"chr1","205845067","205845362","JH378255","2480546","2480842","44","203364521"
"chr1","205848437","205848748","JH378148","16955481","16955786","40","188892956"
"chr1","205866683","205866989","JH378173","4317644","4317951","41","201549039"
"chr1","205899405","205899674","JH378133","5160471","5160742","50","200738934"
"chr1","205901733","205902043","JH378288","629003","629310","43","205272730"
"chr1","205903248","205903546","JH378216","4809975","4810272","39","201093273"
"chr1","205917503","205917814","JH378117","37732677","37732982","45","168184826"
"chr1","205918783","205919094","JH378115","23399834","23400144","41","182518949"
"chr1","205948219","205948393","JH378135","19510219","19510388","31","186438000"
"chr1","205967823","205968134","JH378255","1058410","1058705","44","204909413"
"chr1","205974673","205974930","JH378299","666691","666951","38","205307982"
"chr1","205979185","205979498","JH378304","968013","968311","61","205011172"
"chr1","205988422","205988719","JH378226","6485812","6486107","34","199502610"
"chr1","206021299","206021606","JH378109","7771130","7771433","45","198250169"
"chr1","206025918","206026210","JH378149","1955740","1956029","36","204070178"
"chr1","206028602","206028897","JH378216","2499104","2499400","41","203529498"
"chr1","206039475","206039776","JH378148","2369665","2369963","49","203669810"
"chr1","206049755","206050039","JH378188","7808260","7808546","54","198241495"
"chr1","206082504","206082803","JH378131","23697009","23697304","36","182385495"
"chr1","206138514","206138664","JH378125","5599410","5599561","18","200539104"
"chr1","206140103","206140191","JH378146","9949063","9949149","9","196191040"
"chr1","206144051","206144334","JH378169","5420985","5421269","47","200723066"
"chr1","206160387","206160696","JH378135","1618015","1618319","49","204542372"
"chr1","206178070","206178373","JH378113","14532240","14532539","40","191645830"
"chr1","206195470","206195773","JH378123","21695970","21696268","37","184499500"
"chr1","206201230","206201541","JH378193","3688745","3689057","39","202512485"
"chr1","206205973","206206282","JH378142","1596509","1596811","32","204609464"
"chr1","206221347","206221635","JH378221","506746","507023","53","205714601"
"chr1","206234166","206234467","JH378281","287090","287390","41","205947076"
"chr1","206248102","206248390","JH378114","36689582","36689871","45","169558520"
"chr1","206253408","206253562","JH378186","1017863","1018013","26","205235545"
"chr1","206266443","206266735","JH378141","14454762","14455052","42","191811681"
"chr1","206270373","206270670","JH378162","9942259","9942553","43","196328114"
"chr1","206283700","206283984","JH378152","12845481","12845764","37","193438219"
"chr1","206288622","206288905","JH378108","8813304","8813582","48","197475318"
"chr1","206325332","206325627","JH378153","14175225","14175527","34","192150107"
"chr1","206353217","206353524","JH378262","1936694","1936996","44","204416523"
"chr1","206356055","206356338","JH378308","264797","265077","45","206091258"
"chr1","206384785","206385062","JH378127","5317720","5318008","45","201067065"
"chr1","206390445","206390752","JH378110","40011605","40011912","55","166378840"
"chr1","206393855","206394166","JH378173","2124263","2124571","40","204269592"
"chr1","206420162","206420411","JH378186","2522426","2522676","48","203897736"
"chr1","206440780","206441077","JH378141","18729937","18730231","42","187710843"
"chr1","206444867","206445142","JH378142","1368361","1368638","55","205076506"
"chr1","206445831","206446138","JH378148","16271022","16271321","48","190174809"
"chr1","206462438","206462723","JH378142","1346796","1347081","34","205115642"
"chr1","206466338","206466648","JH378225","6581050","6581355","41","199885288"
"chr1","206467216","206467524","JH378118","10693452","10693756","44","195773764"
"chr1","206476348","206476483","JH378123","11570077","11570213","16","194906271"
"chr1","206494319","206494607","JH378110","46302370","46302658","37","160191949"
"chr1","206496078","206496373","JH378242","734891","735189","33","205761187"
"chr1","206500352","206500657","JH378153","14175225","14175527","37","192325127"
"chr1","206511198","206511433","JH378114","40832395","40832641","35","165678803"
"chr1","206514226","206514466","JH378139","1637137","1637378","35","204877089"
"chr1","206516523","206516819","JH378108","34291594","34291891","36","172224929"
"chr1","206517555","206517845","JH378109","34045254","34045552","48","172472301"
"chr1","206534577","206534714","JH378191","1159709","1159846","19","205374868"
"chr1","206535011","206535173","JH378155","3890651","3890811","36","202644360"
"chr1","206545003","206545311","JH378141","14415409","14415719","43","192129594"
"chr1","206549811","206550109","JH378143","8639762","8640057","33","197910049"
"chr1","206553389","206553691","JH378142","1255366","1255667","37","205298023"
"chr1","206560859","206561083","JH378115","16716555","16716779","33","189844304"
"chr1","206571150","206571479","JH378158","4130633","4130943","62","202440517"
"chr1","206576458","206576769","JH378111","40869835","40870146","46","165706623"
"chr1","206582475","206582732","JH378207","6918856","6919109","49","199663619"
"chr1","206585795","206586076","JH378113","14707725","14708008","47","191878070"
"chr1","206596893","206596979","JH378108","53979242","53979329","7","152617651"
"chr1","206597156","206597465","JH378117","9425420","9425726","40","197171736"
"chr1","206621743","206622046","JH378148","2599194","2599496","46","204022549"
"chr1","206636797","206637105","JH378329","534247","534554","60","206102550"
"chr1","206637196","206637485","JH378125","15313063","15313352","44","191324133"
"chr1","206650763","206651006","JH378111","9081856","9082098","35","197568907"
"chr1","206651951","206652248","JH378255","1058410","1058705","32","205593541"
"chr1","206652605","206652897","JH378153","2201355","2201655","46","204451250"
"chr1","206658894","206659192","JH378113","17510394","17510695","63","189148500"
"chr1","206661241","206661531","JH378105","69163567","69163856","36","137497674"
"chr1","206662094","206662361","JH378114","900779","901049","50","205761315"
"chr1","206670757","206671067","JH378157","11907979","11908290","40","194762778"
"chr1","206683971","206684262","JH378191","6003716","6004010","52","200680255"
"chr1","206696290","206696577","JH378112","12605686","12605972","37","194090604"
"chr1","206696586","206696858","JH378105","5769531","5769800","45","200927055"
"chr1","206698520","206698815","JH378106","68479909","68480208","36","138218611"
"chr1","206701647","206701958","JH378111","9912952","9913260","44","196788695"
"chr1","206705320","206705494","JH378137","19323143","19323313","36","187382177"
"chr1","206705788","206705920","JH378213","4209495","4209630","15","202496293"
"chr1","206711026","206711318","JH378140","16737561","16737856","36","189973465"
"chr1","206712915","206713194","JH378199","3308730","3309019","46","203404185"
"chr1","206718489","206718802","JH378197","8295826","8296131","51","198422663"
"chr1","206725949","206726245","JH378140","5325520","5325814","43","201400429"
"chr1","206727835","206728128","JH378111","8498303","8498600","38","198229532"
"chr1","206746223","206746499","JH378142","1069049","1069330","37","205677174"
"chr1","206749194","206749477","JH378180","5047484","5047772","37","201701710"
"chr1","206752616","206752946","JH378111","11716689","11717010","80","195035927"
"chr1","206754612","206754905","JH378252","4039701","4039998","39","202714911"
"chr1","206758961","206759226","JH378142","1056614","1056879","34","205702347"
"chr1","206772573","206772867","JH378246","171296","171589","42","206601277"
"chr1","206781748","206782059","JH378113","15232832","15233136","42","191548916"
"chr1","206783728","206784037","JH378120","11174810","11175117","50","195608918"
"chr1","206787430","206787562","JH378106","1342311","1342445","12","205445119"
"chr1","206787700","206788011","JH378113","15232832","15233136","42","191554868"
"chr1","206798826","206799136","JH378116","21873490","21873789","45","184925336"
"chr1","206801847","206802140","JH378111","43268192","43268483","40","163533655"
"chr1","206809426","206809731","JH378247","561987","562291","54","206247439"
"chr1","206839140","206839440","JH378213","4603416","4603708","39","202235724"
"chr1","206857533","206857832","JH378114","42118001","42118296","56","164739532"
"chr1","206894499","206894830","JH378121","27528745","27529076","46","179365754"
"chr1","206899475","206899758","JH378135","20298147","20298439","51","186601328"
"chr1","206966139","206966424","JH378174","8695069","8695365","42","198271070"
"chr1","206966998","206967264","JH378140","6607165","6607427","38","200359833"
"chr1","207045267","207045565","JH378172","9553918","9554219","37","197491349"
"chr1","207122366","207122672","JH378117","31869538","31869844","52","175252828"
"chr1","207194323","207194631","JH378153","14175225","14175527","38","193019098"
"chr1","207196602","207196886","JH378177","10638333","10638621","36","196558269"
"chr1","207205067","207205378","JH378137","15935777","15936084","44","191269290"
"chr1","207210672","207210973","JH378193","4573330","4573627","46","202637342"
"chr1","207217821","207218130","JH378114","41499633","41499943","44","165718188"
"chr1","207225255","207225543","JH378135","15079520","15079802","51","192145735"
"chr1","207226750","207227019","JH378144","4721929","4722197","60","202504821"
"chr1","207241561","207241844","JH378167","8374253","8374531","39","198867308"
"chr1","207256964","207257258","JH378145","9207826","9208117","40","198049138"
"chr1","207266821","207267114","JH378110","9867313","9867609","42","197399508"
"chr1","207290187","207290437","JH378249","359323","359570","47","206930864"
"chr1","207293159","207293471","JH378109","32780054","32780365","49","174513105"
"chr1","207311448","207311744","JH378142","572127","572421","36","206739321"
"chr1","207319458","207319751","JH378169","4837822","4838119","41","202481636"
"chr1","207354837","207355144","JH378150","9553963","9554269","42","197800874"
"chr1","207470538","207470831","JH378116","34448294","34448584","42","173022244"
"chr1","207473348","207473653","JH378173","10651343","10651645","47","196822005"
"chr1","207510048","207510351","JH378118","10693452","10693756","36","196816596"
"chr1","207538079","207538357","JH378228","5761274","5761558","41","201776805"
"chr1","207539864","207540151","JH378124","5131942","5132232","42","202407922"
"chr1","207600429","207600682","JH378129","9423803","9424054","63","198176626"
"chr1","207626618","207626867","JH378163","6724825","6725073","42","200901793"
"chr1","207649777","207650089","JH378142","250429","250741","47","207399348"
"chr1","207702505","207702763","JH378158","1249947","1250195","49","206452558"
"chr1","207711778","207712078","JH378123","29109560","29109856","41","178602218"
"chr1","207728738","207729038","JH378116","14428154","14428454","38","193300584"
"chr1","207733649","207733934","JH378118","29895585","29895870","55","177838064"
"chr1","207740246","207740555","JH378118","10693452","10693756","40","197046794"
"chr1","207745223","207745525","JH378111","8498303","8498600","44","199246920"
"chr1","207752896","207753190","JH378205","902077","902370","56","206850819"
"chr1","207770633","207770791","JH378105","10557376","10557537","32","197213257"
"chr1","207771098","207771240","JH378128","25274620","25274764","23","182496478"
"chr1","207788262","207788562","JH378142","3051183","3051477","43","204737079"
"chr1","207795563","207795858","JH378136","354228","354520","38","207441335"
"chr1","207806304","207806594","JH378127","5317720","5318008","38","202488584"
"chr1","207823832","207824127","JH378111","38162771","38163069","43","169661061"
"chr1","207827630","207827917","JH378281","427813","428090","48","207399817"
"chr1","207842293","207842548","JH378107","51935525","51935776","41","155906768"
"chr1","207844208","207844519","JH378204","3945411","3945718","43","203898797"
"chr1","207864461","207864764","JH378166","2361289","2361587","50","205503172"
"chr1","207871403","207871706","JH378200","4317868","4318159","46","203553535"
"chr1","207874356","207874640","JH378245","872964","873252","44","207001392"
"chr1","207894834","207895114","JH378283","2933790","2934070","45","204961044"
"chr1","207902931","207903235","JH378170","6231694","6231996","46","201671237"
"chr1","208135355","208135659","JH378121","15961888","15962191","50","192173467"
"chr1","208163608","208163902","JH378106","6755249","6755548","43","201408359"
"chr1","208195131","208195435","JH378226","4243108","4243416","44","203952023"
"chr1","208214492","208214785","JH378290","1449167","1449465","41","206765325"
"chr1","208234455","208234744","JH378111","10798818","10799104","49","197435637"
"chr1","208244122","208244402","JH378177","646975","647276","44","207597147"
"chr1","208309839","208310116","JH378139","8125437","8125720","47","200184402"
"chr1","208342791","208343067","JH378153","15006959","15007234","53","193335832"
"chr1","208605086","208605403","JH378288","629003","629310","55","207976083"
"chr1","208665799","208666052","JH378164","6881616","6881870","39","201784183"
"chr1","208716874","208717162","JH378123","5667081","5667374","42","203049793"
"chr1","208725105","208725399","JH378276","1463748","1464040","35","207261357"
"chr1","208746093","208746403","JH378107","8856652","8856962","54","199889441"
"chr1","208746725","208747035","JH378148","3031128","3031420","73","205715597"
"chr1","208797705","208798004","JH378277","884662","884955","39","207913043"
"chr1","208805669","208805941","JH378177","904823","905103","57","207900846"
"chr1","208835046","208835342","JH378185","1479643","1479936","42","207355403"
"chr1","208851612","208851787","JH378196","122966","123134","35","208728646"
"chr1","209000690","209000991","JH378288","2786677","2786981","43","206214013"
"chr1","209079369","209079655","JH378177","1160846","1161116","48","207918523"
"chr1","209103239","209103533","JH378119","11311026","11311320","37","197792213"
"chr1","209238723","209239048","JH378125","5956058","5956371","55","203282665"
"chr1","209241075","209241367","JH378115","28716128","28716418","50","180524947"
"chr1","209273273","209273574","JH378157","991709","992013","60","208281564"
"chr1","209283001","209283308","JH378139","11244771","11245079","44","198038230"
"chr1","209297556","209297853","JH378246","1887976","1888270","45","207409580"
"chr1","209353832","209354125","JH378190","1394904","1395199","38","207958928"
"chr1","209367376","209367673","JH378239","93475","93776","42","209273901"
"chr1","209393388","209393564","JH378155","6020772","6020944","32","203372616"
"chr1","209393565","209393858","JH378114","19929654","19929945","43","189463911"
"chr1","209393859","209393988","JH378121","28653249","28653375","17","180740610"
"chr1","209418150","209418477","JH378156","1957253","1957571","51","207460897"
"chr1","209450795","209451105","JH378140","15378059","15378364","49","194072736"
"chr1","209452159","209452418","JH378288","2379687","2379941","52","207072472"
"chr1","209651110","209651409","JH378190","7474749","7475047","38","202176361"
"chr1","209764671","209764749","JH378111","16255843","16255921","13","193508828"
"chr1","209767777","209768080","JH378151","4578678","4578981","39","205189099"
"chr1","209771815","209771946","JH378200","3514102","3514234","8","206257713"
"chr1","209800833","209801126","JH378191","6003716","6004010","46","203797117"
"chr1","209825259","209825578","JH378284","887377","887688","51","208937882"
"chr1","209831904","209832192","JH378213","4435380","4435669","45","205396524"
"chr1","209840513","209840815","JH378156","11323824","11324125","43","198516689"
"chr1","209855372","209855669","JH378255","1058410","1058705","35","208796962"
"chr1","209880895","209881179","JH378122","5502694","5502978","59","204378201"
"chr1","209898241","209898541","JH378216","6521976","6522275","35","203376265"
"chr1","209948130","209948453","JH378116","28293979","28294292","54","181654151"
"chr1","209952897","209953183","JH378111","10523022","10523316","45","199429875"
"chr1","209982873","209983162","JH378213","4435380","4435669","37","205547493"
"chr1","210005114","210005411","JH378242","734891","735189","37","209270223"
"chr1","210005733","210006029","JH378148","5678256","5678554","45","204327477"
"chr1","210013575","210013873","JH378153","14175225","14175527","33","195838350"
"chr1","210027151","210027457","JH378204","3129799","3130101","40","206897352"
"chr1","210056693","210056957","JH378164","6881616","6881870","49","203175077"
"chr1","210065523","210065807","JH378105","50034667","50034949","42","160030856"
"chr1","210091657","210091955","JH378110","9867313","9867609","39","200224344"
"chr1","210100161","210100474","JH378119","2332471","2332779","54","207767690"
"chr1","210126379","210126687","JH378136","14817827","14818135","45","195308552"
"chr1","210136435","210136749","JH378249","3924698","3924999","55","206211737"
"chr1","210144331","210144676","JH378151","4578678","4578981","72","205565653"
"chr1","210158438","210158734","JH378239","757203","757488","49","209401235"
"chr1","210191355","210191661","JH378110","13641899","13642211","45","196549456"
"chr1","210253899","210254188","JH378115","35017499","35017785","41","175236400"
"chr1","210298578","210298889","JH378173","10807194","10807499","49","199491384"
"chr1","210380237","210380528","JH378115","28716128","28716418","41","181664109"
"chr1","210414939","210415267","JH378112","30721676","30721989","55","179693263"
"chr1","210570221","210570526","JH378107","29843699","29843995","59","180726522"
"chr1","210617748","210618040","JH378139","18418860","18419147","46","192198888"
"chr1","210666480","210666818","JH378105","1099330","1099658","79","209567150"
"chr1","210846887","210847189","JH378242","734891","735189","41","210111996"
"chr1","210860346","210860649","JH378107","1333455","1333754","45","209526891"
"chr1","210890079","210890377","JH378152","6166635","6166935","39","204723444"
"chr1","210966680","210966976","JH378113","20466200","20466489","45","190500480"
"chr1","211008697","211008900","JH378171","11137426","11137615","48","199871271"
"chr1","211008946","211009071","JH378151","1942393","1942519","16","209066553"
"chr1","211012385","211012692","JH378129","10477083","10477384","43","200535302"
"chr1","211023080","211023364","JH378114","41996207","41996493","42","169026873"
"chr1","211027871","211028180","JH378158","4130633","4130943","46","206897238"
"chr1","211074683","211075001","JH378105","69079408","69079727","52","141995275"
"chr1","211082865","211083179","JH378239","1551562","1551868","45","209531303"
"chr1","211120078","211120368","JH378111","43268192","43268483","45","167851886"
"chr1","211207500","211207791","JH378213","4603416","4603708","41","206604084"
"chr1","211212659","211212974","JH378121","15961888","15962191","47","195250771"
"chr1","211260271","211260574","JH378148","13262362","13262662","43","197997909"
"chr1","211307204","211307412","JH378106","44024927","44025134","42","167282277"
"chr1","211308622","211308932","JH378106","69063427","69063728","45","142245195"
"chr1","211399300","211399594","JH378239","1819654","1819936","46","209579646"
"chr1","211457658","211457961","JH378124","4041596","4041902","39","207416062"
"chr1","211463234","211463560","JH378139","3255687","3256005","51","208207547"
"chr1","211484780","211484906","JH378220","4663942","4664077","19","206820838"
"chr1","211555834","211556136","JH378179","2577914","2578210","44","208977920"
"chr1","211559452","211559771","JH378239","1965062","1965362","67","209594390"
"chr1","211564585","211564886","JH378129","8195437","8195732","40","203369148"
"chr1","211590397","211590692","JH378242","2757307","2757599","43","208833090"
"chr1","211635295","211635578","JH378126","1079320","1079599","37","210555975"
"chr1","211706673","211706954","JH378116","24131102","24131385","43","187575571"
"chr1","211742596","211742891","JH378149","15885379","15885676","46","195857217"
"chr1","211778982","211779292","JH378154","13561581","13561891","44","198217401"
"chr1","211806383","211806679","JH378188","7232167","7232465","45","204574216"
"chr1","211821407","211821709","JH378135","16449037","16449347","52","195372370"
"chr1","211863618","211863927","JH378116","22378952","22379256","35","189484666"
"chr1","211898098","211898228","JH378238","5146694","5146821","20","206751404"
"chr1","211898800","211899080","JH378279","2998585","2998861","45","208900215"
"chr1","211932151","211932451","JH378242","734891","735189","31","211197260"
"chr1","211937559","211937854","JH378116","22378952","22379256","39","189558607"
"chr1","211950821","211951114","JH378117","18590051","18590356","41","193360770"
"chr1","211976403","211976712","JH378114","41312711","41313020","55","170663692"
"chr1","211978071","211978364","JH378115","16461952","16462241","43","195516119"
"chr1","211988810","211989078","JH378239","2300545","2300809","39","209688265"
"chr1","212008214","212008522","JH378105","4203833","4204145","47","207804381"
"chr1","212010556","212010854","JH378115","26968615","26968913","35","185041941"
"chr1","212021270","212021572","JH378111","26034614","26034912","42","185986656"
"chr1","212030739","212031048","JH378108","32764084","32764390","43","179266655"
"chr1","212033355","212033486","JH378146","367683","367813","15","211665672"
"chr1","212033528","212033621","JH378166","13767419","13767511","24","198266109"
"chr1","212034182","212034461","JH378105","34333776","34334054","53","177700406"
"chr1","212053586","212053888","JH378164","6503071","6503376","77","205550515"
"chr1","212057613","212057908","JH378293","1508849","1509149","41","210548764"
"chr1","212102160","212102423","JH378247","2659390","2659659","52","209442770"
"chr1","212107333","212107635","JH378141","16083954","16084252","64","196023379"
"chr1","212109425","212109741","JH378300","918638","918951","44","211190787"
"chr1","212113805","212114105","JH378129","12052338","12052637","49","200061467"
"chr1","212116244","212116535","JH378130","963780","964079","46","211152464"
"chr1","212123720","212123992","JH378133","5160471","5160742","33","206963249"
"chr1","212143018","212143313","JH378195","2148198","2148495","39","209994820"
"chr1","212149969","212150238","JH378155","2506721","2506992","39","209643248"
"chr1","212156462","212156751","JH378114","41996207","41996493","46","170160255"
"chr1","212163211","212163516","JH378204","3129799","3130101","45","209033412"
"chr1","212178857","212179163","JH378204","5941995","5942305","52","206236862"
"chr1","212209963","212210257","JH378170","1616807","1617104","39","210593156"
"chr1","212265431","212265729","JH378148","3100313","3100608","31","209165118"
"chr1","212342271","212342582","JH378222","1253361","1253669","47","211088910"
"chr1","212358771","212359082","JH378204","3945411","3945718","52","208413360"
"chr1","212364106","212364404","JH378126","22989289","22989590","38","189374817"
"chr1","212393180","212393476","JH378133","10007863","10008159","47","202385317"
"chr1","212517958","212518268","JH378184","5228496","5228807","45","207289462"
"chr1","212628372","212628500","JH378225","1738255","1738385","13","210890117"
"chr1","212628540","212628728","JH378154","11230436","11230617","43","201398104"
"chr1","212644805","212645117","JH378167","9305737","9306043","53","203339068"
"chr1","212864473","212864772","JH378186","4814679","4814977","46","208049794"
"chr1","212938521","212938830","JH378269","3011570","3011871","54","209926951"
"chr1","212951099","212951433","JH378114","10789294","10789629","44","202161805"
"chr1","213176470","213176746","JH378153","15006959","15007234","47","198169511"
"chr1","213201389","213201700","JH378290","1006881","1007187","43","212194508"
"chr1","213219590","213219876","JH378122","22086354","22086637","34","191133236"
"chr1","213268175","213268483","JH378114","20897206","20897509","43","192370969"
"chr1","213275176","213275477","JH378113","14308366","14308666","37","198966810"
"chr1","213291599","213291898","JH378118","10693452","10693756","40","202598147"
"chr1","213389756","213389911","JH378115","34373550","34373715","44","179016206"
"chr1","213409215","213409497","JH378172","970360","970642","45","212438855"
"chr1","213422399","213422683","JH378288","1300895","1301180","36","212121504"
"chr1","213454840","213454994","JH378219","2905990","2906142","17","210548850"
"chr1","213493543","213493823","JH378140","17700100","17700382","41","195793443"
"chr1","213511080","213511378","JH378197","8660298","8660600","48","204850782"
"chr1","213524398","213524695","JH378213","4085900","4086195","51","209438498"
"chr1","213587416","213587723","JH378118","10693452","10693756","37","202893964"
"chr1","213612235","213612538","JH378125","5364994","5365289","39","208247241"
"chr1","213621638","213621914","JH378113","21075394","21075684","58","192546244"
"chr1","213626996","213627276","JH378126","1079320","1079599","38","212547676"
"chr1","213631501","213631790","JH378239","3711665","3711948","45","209919836"
"chr1","213696160","213696458","JH378148","12335761","12336055","48","201360399"
"chr1","213704649","213704946","JH378239","3769194","3769488","24","209935455"
"chr1","213711662","213711941","JH378110","34952260","34952536","46","178759402"
"chr1","213718016","213718310","JH378242","734891","735189","41","212983125"
"chr1","213726477","213726770","JH378148","3195871","3196169","38","210530606"
"chr1","213769616","213769912","JH378135","1618015","1618319","37","212151601"
"chr1","213837997","213838274","JH378192","5415267","5415549","34","208422730"
"chr1","213855120","213855434","JH378105","16566204","16566513","51","197288916"
"chr1","213871217","213871529","JH378118","10693452","10693756","42","203177765"
"chr1","213884699","213885009","JH378115","28716128","28716418","52","185168571"
"chr1","214004659","214004958","JH378129","7238255","7238553","37","206766404"
"chr1","214026969","214027256","JH378157","8047049","8047337","40","205979920"
"chr1","214077857","214078172","JH378238","4855283","4855594","49","209222574"
"chr1","214118670","214118923","JH378121","16053473","16053729","38","198065197"
"chr1","214120277","214120588","JH378108","33670364","33670673","44","180449913"
"chr1","214137054","214137319","JH378129","7524499","7524760","47","206612555"
"chr1","214234225","214234460","JH378239","4204480","4204708","36","210029745"
"chr1","214305647","214305951","JH378252","341412","341714","51","213964235"
"chr1","214348061","214348369","JH378201","8405434","8405749","64","205942627"
"chr1","214428392","214428700","JH378148","2797982","2798286","43","211630410"
"chr1","214500062","214500327","JH378239","4384645","4384913","53","210115417"
"chr1","214533818","214534124","JH378118","6633242","6633554","47","207900576"
"chr1","214558408","214558554","JH378128","25274620","25274764","17","189283788"
"chr1","214580259","214580561","JH378183","277729","278029","45","214302530"
"chr1","214680320","214680633","JH378160","12202742","12203045","40","202477578"
"chr1","214746697","214747004","JH378131","12144246","12144549","47","202602451"
"chr1","214808421","214808713","JH378151","17114112","17114401","43","197694309"
"chr1","214816189","214816477","JH378114","41799116","41799408","45","173017073"
"chr1","214840667","214840977","JH378239","4663973","4664277","44","210176694"
"chr1","214866877","214867135","JH378219","6315047","6315306","41","208551830"
"chr1","214915307","214915605","JH378127","22815027","22815328","47","192100280"
"chr1","214922431","214922735","JH378288","2786677","2786981","40","212135754"
"chr1","214924208","214924501","JH378110","9343353","9343643","48","205580855"
"chr1","214927468","214927750","JH378158","3395069","3395345","40","211532399"
"chr1","214945958","214946256","JH378239","4753979","4754282","33","210191979"
"chr1","214947100","214947396","JH378122","5272066","5272363","34","209675034"
"chr1","214952535","214952796","JH378272","3237986","3238252","50","211714549"
"chr1","214968585","214968879","JH378134","14785263","14785558","36","200183322"
"chr1","214972038","214972336","JH378141","15242660","15242959","52","199729378"
"chr1","214977565","214977850","JH378122","7809799","7810085","41","207167766"
"chr1","214985907","214986042","JH378305","1383165","1383300","16","213602742"
"chr1","214986301","214986530","JH378112","21788125","21788350","66","193198176"
"chr1","215017102","215017355","JH378108","53798927","53799176","45","161218175"
"chr1","215027392","215027712","JH378239","4830064","4830382","41","210197328"
"chr1","215032850","215033145","JH378112","19879719","19880008","40","195153131"
"chr1","215044341","215044637","JH378116","14428154","14428454","39","200616187"
"chr1","215045074","215045374","JH378200","886572","886874","38","214158502"
"chr1","215062749","215063067","JH378153","12940716","12941025","45","202122033"
"chr1","215071274","215071573","JH378220","1011665","1011962","38","214059609"
"chr1","215086198","215086485","JH378129","10098677","10098967","40","204987521"
"chr1","215121980","215122248","JH378214","1695021","1695293","52","213426959"
"chr1","215152367","215152670","JH378265","117843","118145","43","215034524"
"chr1","215196250","215196551","JH378262","1936694","1936996","36","213259556"
"chr1","215207297","215207583","JH378200","261439","261727","38","214945858"
"chr1","215245401","215245708","JH378120","4438901","4439206","40","210806500"
"chr1","215251092","215251398","JH378112","33452684","33452993","42","181798408"
"chr1","215257871","215258186","JH378105","45886739","45887040","49","169371132"
"chr1","215322456","215322750","JH378115","31087041","31087338","39","184235415"
"chr1","215325961","215326304","JH378193","4108289","4108627","65","211217672"
"chr1","215351467","215351717","JH378114","40832395","40832641","34","174519072"
"chr1","215409455","215409696","JH378308","870384","870623","42","214539071"
"chr1","215413010","215413332","JH378216","1583905","1584206","65","213829105"
"chr1","215439229","215439528","JH378242","734891","735189","42","214704338"
"chr1","215526295","215526548","JH378105","45638622","45638863","51","169887673"
"chr1","215557923","215558220","JH378239","5336376","5336664","45","210221547"
"chr1","215558645","215558718","JH378151","14483330","14483395","13","201075315"
"chr1","215574386","215574681","JH378117","6076538","6076831","40","209497848"
"chr1","215575371","215575665","JH378136","20202278","20202570","40","195373093"
"chr1","215596082","215596384","JH378148","13262362","13262662","40","202333720"
"chr1","215597089","215597389","JH378197","8197853","8198151","60","207399236"
"chr1","215598809","215599082","JH378152","16250304","16250576","37","199348505"
"chr1","215605740","215606026","JH378262","2077406","2077689","38","213528334"
"chr1","215614055","215614376","JH378144","1120499","1120822","44","214493556"
"chr1","215623740","215624049","JH378115","28553246","28553551","49","187070494"
"chr1","215632329","215632625","JH378214","5755548","5755843","37","209876781"
"chr1","215636610","215636923","JH378118","12908133","12908433","55","202728477"
"chr1","215643353","215643657","JH378177","9865797","9866102","35","205777556"
"chr1","215652775","215653070","JH378247","561987","562291","44","215090788"
"chr1","215661959","215662203","AGCE01151362","1","244","42","215661958"
"chr1","215668715","215669008","JH378111","43268192","43268483","49","172400523"
"chr1","215675549","215675817","JH378123","15847372","15847638","69","199828177"
"chr1","215722157","215722454","JH378135","4763600","4763897","46","210958557"
"chr1","215747647","215747954","JH378107","28458725","28459036","51","187288922"
"chr1","215781179","215781474","JH378148","2011019","2011312","45","213770160"
"chr1","215783209","215783516","JH378220","6273810","6274113","38","209509399"
"chr1","215793763","215794073","JH378137","5836126","5836431","39","209957637"
"chr1","215852845","215853084","JH378139","13387568","13387813","46","202465277"
"chr1","215854949","215855240","JH378141","16086975","16087268","42","199767974"
"chr1","215856926","215857236","JH378116","37714587","37714884","47","178142339"
"chr1","215870185","215870492","JH378141","9524229","9524528","54","206345956"
"chr1","215873365","215873631","JH378130","8198056","8198327","56","207675309"
"chr1","215876530","215876815","JH378171","5901188","5901476","40","209975342"
"chr1","215883233","215883532","JH378177","11184103","11184402","43","204699130"
"chr1","215897787","215898002","JH378144","10083736","10083957","53","205814051"
"chr1","215907436","215907732","JH378124","5131942","5132232","42","210775494"
"chr1","215909800","215910044","JH378174","8227417","8227655","42","207682383"
"chr1","215914873","215915167","JH378213","4435380","4435669","38","211479493"
"chr1","215915668","215915965","JH378114","41541862","41542163","51","174373806"
"chr1","215919320","215919623","JH378105","12446066","12446363","54","203473254"
"chr1","215926542","215926829","JH378111","25503925","25504211","43","190422617"
"chr1","215927148","215927453","JH378188","8291764","8292058","54","207635384"
"chr1","215935345","215935647","JH378140","16383226","16383525","52","199552119"
"chr1","215935657","215935951","JH378149","4999090","4999380","41","210936567"
"chr1","215944396","215944717","JH378197","8660298","8660600","51","207284098"
"chr1","215956116","215956425","JH378154","11248597","11248905","55","204707519"
"chr1","215965532","215965832","JH378216","4692583","4692882","50","211272949"
"chr1","215977668","215977973","JH378204","3129799","3130101","41","212847869"
"chr1","215985541","215985648","JH378117","38192862","38192971","14","177792679"
"chr1","215987690","215987997","JH378234","2806107","2806409","46","213181583"
"chr1","215990747","215991041","JH378177","11116369","11116664","38","204874378"
"chr1","215991625","215991916","JH378168","3584634","3584929","41","212406991"
"chr1","216003587","216003889","JH378204","3945411","3945718","41","212058176"
"chr1","216005204","216005389","JH378199","8753265","8753448","27","207251939"
"chr1","216029507","216029796","JH378153","12935655","12935945","49","203093852"
"chr1","216041030","216041340","JH378152","16188403","16188709","50","199852627"
"chr1","216043139","216043437","JH378178","8042470","8042765","43","208000669"
"chr1","216047301","216047436","JH378118","13046741","13046875","27","203000560"
"chr1","216061809","216062110","JH378199","4201378","4201678","41","211860431"
"chr1","216071786","216072073","JH378148","3100313","3100608","50","212971473"
"chr1","216082799","216083106","JH378184","6209781","6210092","44","209873018"
"chr1","216086290","216086607","JH378167","5297205","5297514","48","210789085"
"chr1","216094521","216094805","JH378161","3414236","3414524","49","212680285"
"chr1","216097472","216097770","JH378142","2765405","2765702","39","213332067"
"chr1","216098024","216098334","JH378153","14175225","14175527","39","201922799"
"chr1","216100326","216100624","JH378151","4182049","4182342","43","211918277"
"chr1","216113440","216113688","JH378156","3275449","3275693","31","212837991"
"chr1","216123752","216124052","JH378247","561987","562291","42","215561765"
"chr1","216133349","216133654","JH378153","12639901","12640210","44","203493448"
"chr1","216134103","216134379","JH378106","5353865","5354142","50","210780238"
"chr1","216143499","216143630","JH378105","10368959","10369091","17","205774540"
"chr1","216144950","216145232","JH378110","29311133","29311408","49","186833817"
"chr1","216145659","216145959","JH378172","7187643","7187946","44","208958016"
"chr1","216162629","216162926","JH378137","13556624","13556914","41","202606005"
"chr1","216169133","216169431","JH378118","11963571","11963864","36","204205562"
"chr1","216169710","216170022","JH378148","16955481","16955786","49","199214229"
"chr1","216177323","216177628","JH378106","59671099","59671404","52","156506224"
"chr1","216179985","216180282","JH378114","42725127","42725431","49","173454858"
"chr1","216189249","216189555","JH378118","10693452","10693756","42","205495797"
"chr1","216192081","216192279","JH378140","1132673","1132867","31","215059408"
"chr1","216193116","216193251","JH378141","15622998","15623132","16","200570118"
"chr1","216193582","216193746","JH378196","989088","989254","29","215204494"
"chr1","216194785","216195083","JH378156","6136159","6136453","43","210058626"
"chr1","216219055","216219293","JH378111","16385749","16385975","44","199833306"
"chr1","216264328","216264644","JH378112","30721676","30721989","46","185542652"
"chr1","216276113","216276413","JH378114","20897206","20897509","37","195378907"
"chr1","216289331","216289625","JH378111","43268192","43268483","49","173021139"
"chr1","216301857","216302164","JH378203","7036188","7036492","47","209265669"
"chr1","216325108","216325413","JH378121","23760097","23760404","48","192565011"
"chr1","216343001","216343312","JH378161","9835663","9835963","49","206507338"
"chr1","216380704","216380990","JH378135","10248672","10248955","38","206132032"
"chr1","216382068","216382371","JH378111","26034614","26034912","45","190347454"
"chr1","216390668","216390973","JH378116","24058999","24059290","58","192331669"
"chr1","216398427","216398717","JH378142","14013464","14013754","46","202384963"
"chr1","216468496","216468794","JH378122","7809799","7810085","50","208658697"
"chr1","216482973","216483256","JH378195","8184681","8184959","46","208298292"
"chr1","216484256","216484539","JH378193","3572939","3573221","43","212911317"
"chr1","216551859","216552161","JH378116","22378952","22379256","38","194172907"
"chr1","216560301","216560590","JH378129","10098677","10098967","35","206461624"
"chr1","216572476","216572773","JH378176","9100046","9100345","45","207472430"
"chr1","216591646","216591935","JH378181","4413171","4413464","42","212178475"
"chr1","216594114","216594412","JH378255","3447746","3448043","30","213146368"
"chr1","216595580","216595887","JH378118","10693452","10693756","42","205902128"
"chr1","216597720","216598016","JH378123","9608291","9608584","41","206989429"
"chr1","216605505","216605798","JH378337","236552","236846","40","216368953"
"chr1","216616030","216616265","JH378149","16347574","16347809","40","200268456"
"chr1","216622833","216623141","JH378109","26397557","26397861","43","190225276"
"chr1","216667445","216667730","JH378189","177130","177409","44","216490315"
"chr1","216695558","216695832","JH378177","10503578","10503854","32","206191980"
"chr1","216696728","216697032","JH378107","8856652","8856962","44","207840076"
"chr1","216715031","216715302","JH378124","10016046","10016322","36","206698985"
"chr1","216734854","216734954","JH378177","10466608","10466708","13","206268246"
"chr1","216737900","216738197","JH378255","3447746","3448043","41","213290154"
"chr1","216745664","216745972","JH378113","17168263","17168574","39","199577401"
"chr1","216764191","216764497","JH378115","22456618","22456922","43","194307573"
"chr1","216765805","216766078","JH378232","3348298","3348573","40","213417507"
"chr1","216790193","216790490","JH378177","10414144","10414435","44","206376049"
"chr1","216791008","216791302","JH378117","37445869","37446169","49","179345139"
"chr1","216798403","216798702","JH378177","9865797","9866102","41","206932606"
"chr1","216818292","216818590","JH378137","9088819","9089119","37","207729473"
"chr1","216826788","216827092","JH378105","66327437","66327742","46","150499351"
"chr1","216830599","216830907","JH378107","358804","359113","47","216471795"
"chr1","216831445","216831745","JH378140","16737561","16737856","41","200093884"
"chr1","216832742","216833035","JH378133","7503648","7503942","45","209329094"
"chr1","216861578","216861879","JH378139","1188333","1188633","37","215673245"
"chr1","216863774","216864083","JH378118","20140583","20140886","48","196723191"
"chr1","216868555","216868858","JH378117","37445869","37446169","42","179422686"
"chr1","216885876","216886188","JH378166","9999257","9999568","40","206886619"
"chr1","216894950","216895230","JH378121","2976112","2976395","39","213918838"
"chr1","216897678","216897985","JH378135","1618015","1618319","44","215279663"
"chr1","216900079","216900382","JH378108","50882810","50883119","36","166017269"
"chr1","216903247","216903379","JH378166","13269859","13269991","14","203633388"
"chr1","216906476","216906771","JH378220","4350061","4350357","39","212556415"
"chr1","216909538","216909831","JH378232","3499603","3499896","35","213409935"
"chr1","216910523","216910758","JH378149","16347574","16347809","34","200562949"
"chr1","216912604","216912917","JH378139","11244771","11245079","45","205667833"
"chr1","216929189","216929488","JH378105","5718140","5718435","47","211211049"
"chr1","216932482","216932718","JH378129","7090781","7091022","44","209841701"
"chr1","216941694","216941990","JH378235","366992","367283","63","216574702"
"chr1","216946077","216946383","JH378156","15148662","15148963","45","201797415"
"chr1","216959357","216959669","JH378111","9912952","9913260","47","207046405"
"chr1","216964049","216964332","JH378177","10307414","10307694","31","206656635"
"chr1","216965123","216965417","JH378231","1922295","1922580","44","215042828"
"chr1","216966510","216966780","JH378113","28734278","28734558","62","188232232"
"chr1","216998682","216998988","JH378140","6686089","6686388","44","210312593"
"chr1","217005815","217005964","JH378293","987679","987829","21","216018136"
"chr1","217006247","217006555","JH378113","15232832","15233136","45","201773415"
"chr1","217017083","217017382","JH378279","2532931","2533234","52","214484152"
"chr1","217030601","217030736","JH378177","10268606","10268741","15","206761995"
"chr1","217056394","217056695","JH378115","3024391","3024685","52","214032003"
"chr1","217071087","217071398","JH378173","10651343","10651645","49","206419744"
"chr1","217076645","217076956","JH378116","38239651","38239957","57","178836994"
"chr1","217080366","217080664","JH378163","12637070","12637367","38","204443296"
"chr1","217081948","217082243","JH378125","15313063","15313352","52","201768885"
"chr1","217104327","217104607","JH378120","3251269","3251553","51","213853058"
"chr1","217137489","217137726","JH378177","10181205","10181442","34","206956284"
"chr1","217157435","217157729","JH378113","15232832","15233136","42","201924603"
"chr1","217160829","217161097","JH378107","29393673","29393934","38","187767156"
"chr1","217187100","217187444","JH378164","4941258","4941570","76","212245842"
"chr1","217196421","217196717","JH378105","47354649","47354946","48","169841772"
"chr1","217210882","217211184","JH378152","13742000","13742297","37","203468882"
"chr1","217222341","217222639","JH378116","14428154","14428454","40","202794187"
"chr1","217234695","217234997","JH378116","14428154","14428454","41","202806541"
"chr1","217271250","217271555","JH378135","21833062","21833364","37","195438188"
"chr1","217275873","217276175","JH378262","1936694","1936996","34","215339179"
"chr1","217308493","217308776","JH378177","10028226","10028507","33","207280267"
"chr1","217325771","217326036","JH378106","61927616","61927885","53","155398155"
"chr1","217347438","217347719","JH378128","13548388","13548666","45","203799050"
"chr1","217350048","217350224","JH378152","13120743","13120919","41","204229305"
"chr1","217350535","217350671","JH378125","4589691","4589826","18","212760844"
"chr1","217369344","217369572","JH378164","11414062","11414284","46","205955282"
"chr1","217391580","217391873","JH378204","3222855","3223147","40","214168725"
"chr1","217445701","217446010","JH378205","4278012","4278319","40","213167689"
"chr1","217475854","217476162","JH378139","11244771","11245079","51","206231083"
"chr1","217478838","217479112","JH378146","1696347","1696621","38","215782491"
"chr1","217529829","217530116","JH378203","1903645","1903942","42","215626184"
"chr1","217550172","217550465","JH378137","9481616","9481911","44","208068556"
"chr1","217561114","217561391","JH378108","17624768","17625053","41","199936346"
"chr1","217566619","217566896","JH378106","69967173","69967449","40","147599446"
"chr1","217642309","217642616","JH378136","14817827","14818135","42","202824482"
"chr1","217643405","217643719","JH378152","16029844","16030148","48","201613561"
"chr1","217653438","217653723","JH378114","36689582","36689871","35","180963856"
"chr1","217673185","217673466","JH378105","50034667","50034949","40","167638518"
"chr1","217705868","217706179","JH378255","1987046","1987357","33","215718822"
"chr1","217762136","217762414","JH378114","39045061","39045338","43","178717075"
"chr1","217767219","217767502","JH378232","3348298","3348573","40","214418921"
"chr1","217774945","217775251","JH378177","2562934","2563231","50","215212011"
"chr1","217781759","217782079","JH378152","15133479","15133786","73","202648280"
"chr1","217800849","217801158","JH378135","16449037","16449347","44","201351812"
"chr1","217813248","217813554","JH378262","1936694","1936996","37","215876554"
"chr1","217819855","217820156","JH378193","360764","361065","44","217459091"
"chr1","217884410","217884705","JH378148","5678256","5678554","39","212206154"
"chr1","217884806","217885102","JH378137","12255201","12255493","40","205629605"
"chr1","217898078","217898378","JH378118","10693452","10693756","47","207204626"
"chr1","217944574","217944849","JH378165","6914194","6914462","53","211030380"
"chr1","217946497","217946801","JH378135","968964","969267","47","216977533"
"chr1","217975656","217975949","JH378151","16960974","16961279","44","201014682"
"chr1","217982988","217983277","JH378122","7809799","7810085","48","210173189"
"chr1","217998186","217998454","JH378143","2304770","2305042","48","215693416"
"chr1","218001532","218001839","JH378188","7232167","7232465","50","210769365"
"chr1","218030455","218030691","JH378149","16347574","16347809","35","201682881"
"chr1","218071233","218071524","JH378141","9303491","9303778","40","208767742"
"chr1","218088731","218089034","JH378118","10693452","10693756","38","207395279"
"chr1","218114472","218114781","JH378235","801499","801810","51","217312973"
"chr1","218159177","218159461","JH378137","968762","969048","56","217190415"
"chr1","218191251","218191547","JH378213","3242672","3242967","36","214948579"
"chr1","218240082","218240323","JH378110","30768086","30768326","47","187471996"
"chr1","218270925","218271234","JH378139","15546874","15547182","40","202724051"
"chr1","218285574","218285898","JH378153","9926861","9927172","54","208358713"
"chr1","218346112","218346409","JH378152","13742000","13742297","39","204604112"
"chr1","218387751","218388048","JH378127","1087443","1087725","54","217300308"
"chr1","218405118","218405390","JH378177","8993950","8994229","40","209411168"
"chr1","218426829","218427116","JH378160","13103182","13103478","38","205323647"
"chr1","218450501","218450808","JH378152","15137602","15137902","67","203312899"
"chr1","218521088","218521378","JH378153","14632399","14632691","43","203888689"
"chr1","218535231","218535532","JH378106","826462","826760","45","217708769"
"chr1","218683478","218683790","JH378177","8743204","8743511","43","209940274"
"chr1","218722928","218723201","JH378108","8175376","8175642","48","210547552"
"chr1","218774296","218774605","JH378135","2654071","2654378","42","216120225"
"chr1","218883445","218883744","JH378242","734891","735189","39","218148554"
"chr1","218930199","218930363","JH378117","33740510","33740674","31","185189689"
"chr1","218930647","218930782","JH378158","3728909","3729044","16","215201738"
"chr1","218956901","218957219","JH378226","4243108","4243416","51","214713793"
"chr1","219027772","219028073","JH378144","7348417","7348719","60","211679355"
"chr1","219043626","219043923","JH378148","3195871","3196169","38","215847755"
"chr1","219069536","219069825","JH378239","5566205","5566489","50","213503331"
"chr1","219251664","219251963","JH378177","9865797","9866102","40","209385867"
"chr1","219263672","219263983","JH378127","22815027","22815328","42","196448645"
"chr1","219321259","219321551","JH378149","4577304","4577597","34","214743955"
"chr1","219337476","219337787","JH378213","3879776","3880077","52","215457700"
"chr1","219350401","219350695","JH378148","2859722","2860021","53","216490679"
"chr1","219437504","219437799","JH378242","734891","735189","47","218702613"
"chr1","219524170","219524460","JH378148","17122829","17123127","47","202401341"
"chr1","219618141","219618246","JH378323","139608","139714","15","219478533"
"chr1","219628805","219629089","JH378141","9239081","9239369","44","210389724"
"chr1","219757472","219757753","JH378135","18496484","18496765","42","201260988"
"chr1","219759221","219759547","JH378167","10481022","10481337","51","209278199"
"chr1","219789153","219789436","JH378114","36224521","36224801","43","183564632"
"chr1","219798427","219798614","JH378119","13191937","13192124","26","206606490"
"chr1","219806471","219806764","JH378151","2674798","2675090","49","217131673"
"chr1","219838101","219838376","JH378130","8258580","8258851","58","211579521"
"chr1","219857847","219858144","JH378227","938681","938976","46","218919166"
"chr1","219897200","219897476","JH378113","22006241","22006515","40","197890959"
"chr1","219938267","219938564","JH378249","721031","721325","36","219217236"
"chr1","220004153","220004460","JH378106","65370916","65371216","37","154633237"
"chr1","220069436","220069733","JH378111","8498303","8498600","41","211571133"
"chr1","220089422","220089543","JH378177","7750176","7750301","15","212339246"
"chr1","220121493","220121770","JH378186","5678393","5678671","39","214443100"
"chr1","220126309","220126599","JH378183","971348","971635","43","219154961"
"chr1","220189958","220190252","JH378148","3100313","3100608","37","217089645"
"chr1","220215601","220215858","JH378275","1692408","1692657","44","218523193"
"chr1","220300358","220300651","JH378190","1394904","1395199","38","218905454"
"chr1","220320019","220320327","JH378148","4097728","4098035","42","216222291"
"chr1","220322629","220322942","JH378111","9912952","9913260","53","210409677"
"chr1","220346112","220346429","JH378112","30721676","30721989","61","189624436"
"chr1","220390801","220391084","JH378140","5254232","5254511","47","215136569"
"chr1","220398719","220399010","JH378153","14658508","14658797","38","205740211"
"chr1","220425837","220426147","JH378153","10582814","10583118","42","209843023"
"chr1","220450486","220450788","JH378310","1312269","1312566","50","219138217"
"chr1","220464819","220465130","JH378297","1492093","1492395","52","218972726"
"chr1","220466827","220467100","JH378105","22316938","22317211","52","198149889"
"chr1","220583044","220583343","JH378164","7419507","7419795","59","213163537"
"chr1","220611825","220612104","JH378135","10052313","10052590","53","210559512"
"chr1","220651848","220652135","JH378111","11612660","11612943","46","209039188"
"chr1","220660471","220660766","JH378139","8353802","8354100","35","212306669"
"chr1","220661307","220661607","JH378125","11246904","11247204","49","209414403"
"chr1","220668803","220669084","JH378110","34952260","34952536","50","185716543"
"chr1","220669400","220669700","JH378114","42118001","42118296","44","178551399"
"chr1","220699516","220699790","JH378177","7223215","7223478","44","213476301"
"chr1","220844623","220844922","JH378109","12661750","12662048","41","208182873"
"chr1","220905234","220905550","JH378168","12334846","12335157","55","208570388"
"chr1","220943046","220943358","JH378140","14064509","14064818","51","206878537"
"chr1","221029598","221029868","JH378112","21081078","21081348","37","199948520"
"chr1","221040666","221040940","JH378117","36078925","36079198","39","184961741"
"chr1","221053975","221054267","JH378153","14724785","14725075","39","206329190"
"chr1","221058904","221059182","JH378224","5775040","5775321","53","215283864"
"chr1","221068909","221069215","JH378135","5666868","5667168","42","215402041"
"chr1","221075611","221075897","JH378213","4435380","4435669","41","216640231"
"chr1","221079313","221079624","JH378177","6848142","6848450","42","214231171"
"chr1","221108890","221109201","JH378148","16955481","16955786","42","204153409"
"chr1","221132810","221133104","JH378123","9608291","9608584","38","211524519"
"chr1","221140224","221140528","JH378117","37732677","37732982","34","183407547"
"chr1","221161520","221161825","JH378135","3487580","3487886","44","217673940"
"chr1","221176713","221176994","JH378105","50034667","50034949","37","171142046"
"chr1","221181379","221181524","JH378137","2028740","2028883","17","219152639"
"chr1","221181818","221181974","JH378105","10557376","10557537","35","210624442"
"chr1","221209033","221209335","JH378116","14428154","14428454","42","206780879"
"chr1","221209382","221209656","JH378112","14425894","14426167","52","206783488"
"chr1","221212811","221213105","JH378221","5874009","5874305","37","215338802"
"chr1","221219885","221220074","JH378125","6583282","6583470","24","214636603"
"chr1","221228408","221228699","JH378143","6673988","6674287","47","214554420"
"chr1","221248965","221249241","JH378128","11289647","11289922","40","209959318"
"chr1","221276291","221276592","JH378198","396866","397166","41","220879425"
"chr1","221283577","221283869","JH378156","3853230","3853526","38","217430347"
"chr1","221292975","221293270","JH378116","14428154","14428454","48","206864821"
"chr1","221296887","221297120","JH378158","4853985","4854214","42","216442902"
"chr1","221317745","221318038","JH378105","303719","304017","41","221014026"
"chr1","221320905","221321218","JH378185","2114490","2114799","51","219206415"
"chr1","221352570","221352873","JH378148","3100313","3100608","50","218252257"
"chr1","221404975","221405283","JH378143","8651748","8652053","54","212753227"
"chr1","221413876","221414166","JH378177","6574432","6574715","41","214839444"
"chr1","221419109","221419401","JH378142","14013464","14013754","45","207405645"
"chr1","221471705","221472010","JH378105","47354649","47354946","42","174117056"
"chr1","221507363","221507663","JH378161","6599061","6599361","50","214908302"
"chr1","221533589","221533879","JH378135","71789","72083","42","221461800"
"chr1","221541798","221542106","JH378173","1691460","1691768","44","219850338"
"chr1","221543511","221543795","JH378127","5317720","5318008","46","216225791"
"chr1","221548292","221548594","JH378235","3957900","3958200","40","217590392"
"chr1","221552444","221552698","JH378173","2295987","2296240","43","219256457"
"chr1","221553195","221553365","JH378196","989088","989254","32","220564107"
"chr1","221553392","221553519","JH378234","4856965","4857095","21","216696427"
"chr1","221568318","221568601","JH378177","5640956","5641241","41","215927362"
"chr1","221579359","221579673","JH378195","8547789","8548098","52","213031570"
"chr1","221618589","221618899","JH378173","6638457","6638763","43","214980132"
"chr1","221623325","221623605","JH378152","13406305","13406583","37","208217020"
"chr1","221662798","221663092","JH378153","2856479","2856773","48","218806319"
"chr1","221682484","221682794","JH378148","2202354","2202662","54","219480130"
"chr1","221684223","221684485","JH378206","3843876","3844134","40","217840347"
"chr1","221689559","221689840","JH378177","6347293","6347574","34","215342266"
"chr1","221723822","221724119","JH378245","2509141","2509433","47","219214681"
"chr1","221808168","221808461","JH378162","11681967","11682260","40","210126201"
"chr1","221885721","221886018","JH378308","686068","686367","44","221199653"
"chr1","221918328","221918630","JH378197","3241273","3241575","35","218677055"
"chr1","221962944","221963247","JH378107","18459762","18460063","41","203503182"
"chr1","221993678","221993945","JH378228","5436311","5436584","42","216557367"
"chr1","222128741","222129049","JH378200","3990495","3990806","49","218138246"
"chr1","222129462","222129765","JH378262","1936694","1936996","46","220192768"
"chr1","222130733","222131008","JH378135","858419","858710","46","221272314"
"chr1","222188371","222188585","JH378113","21571799","21572013","28","200616572"
"chr1","222278073","222278327","JH378145","582483","582727","43","221695590"
"chr1","222305749","222306038","JH378115","34769363","34769654","41","187536386"
"chr1","222347264","222347541","JH378205","2654491","2654767","46","219692773"
"chr1","222355526","222355832","JH378118","10693452","10693756","47","211662074"
"chr1","222392551","222392842","JH378152","13742000","13742297","45","208650551"
"chr1","222407735","222407967","JH378106","9286142","9286375","30","213121593"
"chr1","222409663","222409965","JH378129","2446692","2446987","43","219962971"
"chr1","222422562","222422868","JH378242","734891","735189","42","221687671"
"chr1","222430403","222430704","JH378204","6690782","6691087","38","215739621"
"chr1","222438628","222438920","JH378110","36469324","36469616","51","185969304"
"chr1","222440257","222440548","JH378242","734891","735189","48","221705366"
"chr1","222449308","222449600","JH378242","734891","735189","42","221714417"
"chr1","222450975","222451275","JH378109","17047217","17047514","39","205403758"
"chr1","222454359","222454668","JH378105","38646770","38647082","48","183807589"
"chr1","222456305","222456605","JH378124","10805017","10805321","34","211651288"
"chr1","222458429","222458729","JH378110","9867313","9867609","43","212591116"
"chr1","222464551","222464843","JH378225","413927","414219","42","222050624"
"chr1","222465145","222465437","JH378124","1852780","1853074","40","220612365"
"chr1","222471302","222471595","JH378167","8045788","8046082","42","214425514"
"chr1","222479492","222479776","JH378119","21820037","21820318","46","200659455"
"chr1","222483411","222483701","JH378111","20566416","20566706","41","201916995"
"chr1","222497717","222498026","JH378105","12770941","12771250","49","209726776"
"chr1","222498042","222498336","JH378129","12396986","12397278","55","210101056"
"chr1","222510752","222511039","JH378122","7104036","7104320","41","215406716"
"chr1","222524726","222525028","JH378148","3064946","3065247","38","219459780"
"chr1","222525870","222526164","JH378140","14147137","14147431","39","208378733"
"chr1","222526671","222526839","JH378137","17349068","17349204","49","205177603"
"chr1","222527131","222527277","JH378152","16606017","16606156","25","205921114"
"chr1","222527540","222527827","JH378106","71227716","71228002","38","151299824"
"chr1","222529015","222529317","JH378242","734891","735189","38","221794124"
"chr1","222560912","222561164","JH378161","5500005","5500257","42","217060907"
"chr1","222644321","222644613","JH378150","15632835","15633125","32","207011486"
"chr1","222655468","222655599","JH378248","1131095","1131226","16","221524373"
"chr1","222678381","222678512","JH378200","3514102","3514234","18","219164279"
"chr1","222679658","222679964","JH378154","13877143","13877446","42","208802515"
"chr1","222714947","222715237","JH378159","5314963","5315257","42","217399984"
"chr1","222721539","222721835","JH378203","4058222","4058515","32","218663317"
"chr1","222726623","222726923","JH378170","1616807","1617104","43","221109816"
"chr1","222737190","222737494","JH378131","940078","940383","37","221797112"
"chr1","222798864","222799166","JH378153","14175225","14175527","52","208623639"
"chr1","222802770","222803070","JH378141","14454762","14455052","48","208348008"
"chr1","223363857","223364106","JH378120","18410601","18410854","46","204953256"
"chr1","223365261","223365559","JH378137","276303","276579","62","223088958"
"chr1","223427437","223427732","JH378123","5667081","5667374","40","217760356"
"chr1","223437583","223437882","JH378290","1449167","1449465","40","221988416"
"chr1","223469409","223469698","JH378235","5966662","5966955","40","217502747"
"chr1","223486276","223486556","JH378137","1542358","1542638","48","221943918"
"chr1","223486956","223487262","JH378151","4578678","4578981","45","218908278"
"chr1","223494863","223495153","JH378235","1462087","1462373","43","222032776"
"chr1","223527799","223528090","JH378118","11963571","11963864","43","211564228"
"chr1","223559433","223559730","JH378188","8291764","8292058","40","215267669"
"chr1","223573511","223573813","JH378177","9865797","9866102","44","213707714"
"chr1","223612616","223612951","JH378195","5481504","5481829","56","218131112"
"chr1","223627936","223628180","JH378113","39237679","39237922","49","184390257"
"chr1","223639394","223639693","JH378170","4300963","4301254","56","219338431"
"chr1","223640420","223640721","JH378197","8295826","8296131","46","215344594"
"chr1","223654610","223654898","JH378149","14276770","14277061","38","209377840"
"chr1","223701109","223701371","JH378315","357797","358060","40","223343312"
"chr1","223704649","223704958","JH378106","67271498","67271802","48","156433151"
"chr1","223745124","223745424","JH378148","16271022","16271321","45","207474102"
"chr1","223761340","223761494","JH378131","12968539","12968693","36","210792801"
"chr1","223761522","223761646","JH378112","33865174","33865297","12","189896348"
"chr1","223765160","223765469","JH378107","8856652","8856962","43","214908508"
"chr1","223774754","223775056","JH378222","5817042","5817340","47","217957712"
"chr1","223776338","223776630","JH378123","5667081","5667374","34","218109257"
"chr1","223801847","223802146","JH378111","43268192","43268483","45","180533655"
"chr1","223860480","223860744","JH378136","8585309","8585562","63","215275171"
"chr1","223907196","223907454","JH378273","364483","364742","32","223542713"
"chr1","223940911","223941214","JH378144","17864149","17864454","47","206076762"
"chr1","223945328","223945628","JH378148","13262362","13262662","41","210682966"
"chr1","224130611","224130925","JH378124","27109694","27110002","46","197020917"
"chr1","224154805","224155098","JH378154","14273514","14273808","45","209881291"
"chr1","224155906","224156201","JH378148","3195871","3196169","41","220960035"
"chr1","224229066","224229364","JH378216","4809975","4810272","35","219419091"
"chr1","224241274","224241565","JH378111","21205497","21205789","39","203035777"
"chr1","224244965","224245258","JH378188","7232167","7232465","39","217012798"
"chr1","224278787","224279097","JH378157","10160989","10161299","50","214117798"
"chr1","224287957","224288244","JH378244","3973125","3973417","41","220314832"
"chr1","224294557","224294865","JH378151","2876124","2876434","37","221418433"
"chr1","224296858","224297148","JH378159","1162193","1162478","40","223134665"
"chr1","224303806","224304095","JH378255","207135","207424","43","224096671"
"chr1","224310396","224310710","JH378118","20181860","20182173","48","204128536"
"chr1","224335148","224335448","JH378242","734891","735189","39","223600257"
"chr1","224380661","224380940","JH378153","4332695","4332974","46","220047966"
"chr1","224383254","224383537","JH378153","12355481","12355767","56","212027773"
"chr1","224432774","224433075","JH378149","11992453","11992750","57","212440321"
"chr1","224436380","224436682","JH378242","734891","735189","43","223701489"
"chr1","224489684","224489983","JH378290","1449167","1449465","48","223040517"
"chr1","224548367","224548665","JH378108","33279431","33279725","50","191268936"
"chr1","224558512","224558791","JH378225","6452973","6453256","38","218105539"
"chr1","224593421","224593712","JH378221","1272281","1272572","57","223321140"
"chr1","224607116","224607425","JH378113","15232832","15233136","43","209374284"
"chr1","224628340","224628629","JH378106","3058385","3058676","41","221569955"
"chr1","224647943","224648243","JH378160","11489887","11490186","44","213158056"
"chr1","224668574","224668867","JH378197","6701048","6701344","45","217967526"
"chr1","224799275","224799582","JH378118","10693452","10693756","43","214105823"
"chr1","224859943","224860018","JH378198","618155","618230","6","224241788"
"chr1","224874101","224874392","JH378137","3073918","3074209","44","221800183"
"chr1","225002555","225002832","JH378177","3882515","3882790","35","221120040"
"chr1","225008267","225008531","JH378185","1446513","1446772","33","223561754"
"chr1","225071048","225071355","JH378106","65370916","65371216","46","159700132"
"chr1","225072188","225072395","JH378242","3223265","3223473","27","221848923"
"chr1","225095931","225096229","JH378106","6755249","6755548","43","218340682"
"chr1","225134194","225134505","JH378189","8743946","8744257","41","216390248"
"chr1","225170064","225170364","JH378149","15885379","15885676","46","209284685"
"chr1","225263208","225263494","JH378157","3286469","3286756","37","221976739"
"chr1","225268031","225268324","JH378115","34769363","34769654","42","190498668"
"chr1","225290628","225290940","JH378110","35064293","35064593","62","190226335"
"chr1","225314838","225315120","JH378115","3594627","3594899","44","221720211"
"chr1","225331176","225331468","JH378116","24384563","24384855","46","200946613"
"chr1","225347946","225348252","JH378115","27550836","27551133","49","197797110"
"chr1","225351560","225351876","JH378140","18974767","18975076","57","206376793"
"chr1","225354903","225355213","JH378148","16955481","16955786","37","208399422"
"chr1","225360276","225360579","JH378166","10368159","10368461","38","214992117"
"chr1","225368224","225368533","JH378135","16449037","16449347","40","208919187"
"chr1","225373206","225373494","JH378105","37949554","37949854","38","187423652"
"chr1","225453348","225453652","JH378177","3471096","3471393","42","221982252"
"chr1","225467884","225468168","JH378161","438306","438590","39","225029578"
"chr1","225554203","225554462","JH378139","1098881","1099137","62","224455322"
"chr1","225580324","225580630","JH378117","28807170","28807479","43","196773154"
"chr1","225582657","225582933","JH378177","3331548","3331828","32","222251109"
"chr1","225584474","225584791","JH378153","1940574","1940884","44","223643900"
"chr1","225613124","225613410","JH378176","1007519","1007789","49","224605605"
"chr1","225671002","225671265","JH378106","8135346","8135612","44","217535656"
"chr1","225676748","225677054","JH378242","734891","735189","41","224941857"
"chr1","225692937","225693209","JH378206","2223560","2223830","51","223469377"
"chr1","225694410","225694720","JH378114","41499633","41499943","50","184194777"
"chr1","225694908","225695203","JH378149","16808878","16809174","50","208886030"
"chr1","225697741","225697873","JH378137","4262914","4263045","15","221434827"
"chr1","225707012","225707274","JH378110","7925750","7926017","43","217781262"
"chr1","225716656","225716915","JH378165","2768423","2768681","40","222948233"
"chr1","225721041","225721347","JH378108","33103547","33103843","53","192617494"
"chr1","225722526","225722786","JH378119","13798835","13799102","41","211923691"
"chr1","225746724","225746927","JH378145","12581077","12581279","35","213165647"
"chr1","225747437","225747548","JH378108","32516742","32516853","17","193230695"
"chr1","225749937","225750226","JH378151","8701610","8701895","52","217048327"
"chr1","225756183","225756494","JH378108","21011106","21011416","44","204745077"
"chr1","225759400","225759675","JH378232","4875587","4875862","50","220883813"
"chr1","225759708","225760008","JH378203","2021950","2022247","50","223737758"
"chr1","225772566","225772865","JH378186","4814679","4814977","35","220957887"
"chr1","225774013","225774320","JH378277","308065","308370","40","225465948"
"chr1","225780263","225780565","JH378188","7232167","7232465","47","218548096"
"chr1","225787420","225787709","JH378204","3222855","3223147","40","222564565"
"chr1","225788558","225788781","JH378111","43763817","43764041","54","182024741"
"chr1","225793907","225794200","JH378220","3229265","3229557","37","222564642"
"chr1","225805030","225805329","JH378148","13262362","13262662","38","212542668"
"chr1","225807424","225807723","JH378141","14454762","14455052","36","211352662"
"chr1","225846357","225846601","JH378193","2135104","2135337","44","223711253"
"chr1","225861327","225861627","JH378172","9553918","9554219","43","216307409"
"chr1","225863736","225864016","JH378105","50034667","50034949","36","175829069"
"chr1","225867219","225867512","JH378157","10039092","10039395","41","215828127"
"chr1","225873981","225874306","JH378153","12639901","12640210","58","213234080"
"chr1","225880167","225880458","JH378141","10519531","10519821","48","215360636"
"chr1","225885680","225885981","JH378262","1936694","1936996","41","223948986"
"chr1","225886635","225886922","JH378405","8457","8752","53","225878178"
"chr1","225887356","225887483","JH378161","2552643","2552771","14","223334713"
"chr1","225891500","225891787","JH378219","2890767","2891055","48","223000733"
"chr1","225891942","225892184","JH378223","1367611","1367856","40","224524331"
"chr1","225904089","225904366","JH378146","453293","453569","43","225450796"
"chr1","225906674","225906992","JH378141","16592804","16593116","47","209313870"
"chr1","225907663","225907810","JH378203","1936367","1936513","17","223971296"
"chr1","225909952","225910245","JH378125","5818533","5818828","54","220091419"
"chr1","225910676","225910955","JH378200","1821306","1821584","39","224089370"
"chr1","225939386","225939666","JH378167","12000001","12000282","36","213939385"
"chr1","225945902","225946189","JH378269","2765021","2765311","39","223180881"
"chr1","225953701","225953971","JH378114","19477276","19477551","41","206476425"
"chr1","225957393","225957695","JH378204","3945411","3945718","44","222011982"
"chr1","225957699","225957831","JH378193","1582065","1582194","13","224375634"
"chr1","225960295","225960505","JH378111","12558573","12558784","35","213401722"
"chr1","225961369","225961675","JH378105","30074426","30074735","40","195886943"
"chr1","225964665","225964963","JH378242","734891","735189","37","225229774"
"chr1","225965304","225965614","JH378119","2681409","2681712","45","223283895"
"chr1","225966325","225966621","JH378152","13742000","13742297","38","212224325"
"chr1","225971400","225971559","JH378152","12603950","12604117","48","213367450"
"chr1","225987060","225987337","JH378105","37094152","37094433","54","188892908"
"chr1","225987411","225987701","JH378141","14108812","14109102","52","211878599"
"chr1","225990712","225991019","JH378197","3241273","3241575","37","222749439"
"chr1","225994612","225994925","JH378220","3489575","3489886","47","222505037"
"chr1","226010528","226010820","JH378124","16834558","16834852","41","209175970"
"chr1","226014650","226014952","JH378105","22631508","22631815","39","203383142"
"chr1","226015252","226015556","JH378171","1522752","1523056","40","224492500"
"chr1","226028620","226028884","JH378167","3999742","3999999","48","222028878"
"chr1","226042688","226042991","JH378177","2945862","2946160","44","223096826"
"chr1","226046025","226046231","JH378326","547403","547603","35","225498622"
"chr1","226062578","226062875","JH378125","15555750","15556048","39","210506828"
"chr1","226074807","226075114","JH378108","38073678","38073985","43","188001129"
"chr1","226090765","226091074","JH378232","2963368","2963675","45","223127397"
"chr1","226093404","226093705","JH378242","734891","735189","33","225358513"
"chr1","226097383","226097682","JH378172","7298177","7298478","38","218799206"
"chr1","226102163","226102472","JH378142","13337841","13338143","39","212764322"
"chr1","226127067","226127203","JH378105","56601369","56601491","29","169525698"
"chr1","226127510","226127647","JH378106","60814583","60814716","17","165312927"
"chr1","226130108","226130413","JH378118","10693452","10693756","39","215436656"
"chr1","226143577","226143849","JH378141","19313862","19314135","38","206829715"
"chr1","226179767","226180059","JH378225","6103213","6103503","43","220076554"
"chr1","226218911","226219158","JH378198","8435017","8435266","49","217783894"
"chr1","226226869","226227118","JH378125","9514744","9514996","46","216712125"
"chr1","226237359","226237650","JH378121","20570827","20571122","37","205666532"
"chr1","226252185","226252492","JH378120","4438901","4439206","45","221813284"
"chr1","226264073","226264368","JH378176","9100046","9100345","37","217164027"
"chr1","226274294","226274588","JH378116","25790477","25790774","31","200483817"
"chr1","226314152","226314482","JH378287","88175","88493","59","226225977"
"chr1","226336103","226336406","JH378161","2236995","2237295","44","224099108"
"chr1","226379003","226379305","JH378111","26034614","26034912","39","200344389"
"chr1","226384172","226384483","JH378114","42121182","42121484","39","184262990"
"chr1","226401379","226401639","JH378177","2612245","2612505","34","223789134"
"chr1","226442606","226442912","JH378158","4130633","4130943","42","222311973"
"chr1","226443575","226443857","JH378304","60228","60512","36","226383347"
"chr1","226480909","226481202","JH378106","3058385","3058676","34","223422524"
"chr1","226493096","226493388","JH378188","7232167","7232465","51","219260929"
"chr1","226510741","226511040","JH378105","22547233","22547531","43","203963508"
"chr1","226521038","226521333","JH378116","25790477","25790774","36","200730561"
"chr1","226528783","226529075","JH378232","61928","62224","42","226466855"
"chr1","226542153","226542466","JH378118","6633242","6633554","47","219908911"
"chr1","226590146","226590440","JH378121","9612204","9612501","41","216977942"
"chr1","226593777","226594065","JH378157","1093317","1093600","44","225500460"
"chr1","226635725","226636026","JH378220","4586364","4586656","51","222049361"
"chr1","226645540","226645814","JH378131","815415","815693","48","225830125"
"chr1","226647684","226648000","JH378156","10930177","10930488","43","215717507"
"chr1","226668768","226669067","JH378148","13262362","13262662","43","213406406"
"chr1","226772321","226772630","JH378232","2851326","2851612","71","223920995"
"chr1","226811354","226811526","JH378219","6396636","6396804","25","220414718"
"chr1","226884323","226884620","JH378135","15619309","15619595","47","211265014"
"chr1","226915165","226915463","JH378127","19348533","19348831","41","207566632"
"chr1","226926961","226927265","JH378120","4438901","4439206","38","222488060"
"chr1","226934942","226935234","JH378109","8720176","8720466","40","218214766"
"chr1","226960007","226960305","JH378163","12974010","12974311","38","213985997"
"chr1","226992529","226992839","JH378262","1270213","1270521","45","225722316"
"chr1","226996054","226996355","JH378106","69562637","69562935","46","157433417"
"chr1","227046074","227046348","JH378177","2020330","2020593","49","225025744"
"chr1","227137840","227138145","JH378114","31003149","31003455","52","196134691"
"chr1","227184619","227184925","JH378129","3247646","3247946","44","223936973"
"chr1","227210943","227211249","JH378112","33452684","33452993","49","193758259"
"chr1","227285814","227286075","JH378156","11244604","11244864","53","216041210"
"chr1","227292307","227292599","JH378151","4578678","4578981","55","222713629"
"chr1","227309538","227309837","JH378262","1936694","1936996","40","225372844"
"chr1","227355491","227355788","JH378197","6701048","6701344","38","220654443"
"chr1","227359481","227359792","JH378151","13206227","13206537","40","214153254"
"chr1","227363200","227363504","JH378156","10837845","10838152","43","216525355"
"chr1","227365449","227365744","JH378178","8042470","8042765","46","219322979"
"chr1","227378003","227378314","JH378114","36279685","36279996","38","191098318"
"chr1","227401277","227401574","JH378141","9856995","9857291","40","217544282"
"chr1","227411633","227411937","JH378153","10582814","10583118","49","216828819"
"chr1","227419931","227420210","JH378175","8037922","8038208","54","219382009"
"chr1","227442512","227442801","JH378174","7575179","7575467","50","219867333"
"chr1","227445153","227445465","JH378167","4158411","4158718","45","223286742"
"chr1","227446636","227446933","JH378188","7232167","7232465","41","220214469"
"chr1","227454011","227454275","JH378114","20734954","20735221","50","206719057"
"chr1","227458531","227458827","JH378148","3100313","3100608","44","224358218"
"chr1","227469637","227469946","JH378114","36871907","36872207","64","190597730"
"chr1","227517013","227517290","JH378204","4012532","4012811","56","223504481"
"chr1","227521060","227521449","JH378152","16329204","16329555","107","211191856"
"chr1","227527635","227527925","JH378115","28716128","28716418","41","198811507"
"chr1","227528824","227529127","JH378252","3280315","3280621","43","224248509"
"chr1","227542757","227543053","JH378121","19593845","19594139","36","207948912"
"chr1","227552425","227552725","JH378128","7746589","7746895","48","219805836"
"chr1","227557064","227557346","JH378271","1015797","1016086","39","226541267"
"chr1","227566471","227566751","JH378114","19966800","19967083","51","207599671"
"chr1","227715857","227716176","JH378121","27528745","27529076","56","200187112"
"chr1","227723013","227723312","JH378141","14415409","14415719","47","213307604"
"chr1","227726438","227726726","JH378154","12312436","12312722","41","215414002"
"chr1","227753650","227753956","JH378139","10433692","10433994","49","217319958"
"chr1","227775210","227775485","JH378125","11325808","11326080","35","216449402"
"chr1","227777925","227778242","JH378133","19850966","19851274","50","207926959"
"chr1","227794273","227794562","JH378115","16549844","16550133","50","211244429"
"chr1","227798103","227798414","JH378232","2963368","2963675","43","224834735"
"chr1","227800242","227800525","JH378114","41403997","41404287","40","186396245"
"chr1","227804543","227804843","JH378105","64694145","64694448","46","163110398"
"chr1","227830712","227831009","JH378294","668279","668579","34","227162433"
"chr1","227832771","227833066","JH378163","9182756","9183045","48","218650015"
"chr1","227841408","227841705","JH378226","6485812","6486107","40","221355596"
"chr1","227857441","227857741","JH378260","445434","445733","38","227412007"
"chr1","227864315","227864610","JH378106","501033","501324","34","227363282"
"chr1","227872404","227872698","JH378143","8826625","8826920","42","219045779"
"chr1","227896628","227896923","JH378161","12519065","12519356","49","215377563"
"chr1","227918494","227918784","JH378164","6799720","6800008","58","221118774"
"chr1","227922508","227922820","JH378161","2604679","2604987","41","225317829"
"chr1","227923192","227923505","JH378177","1347868","1348167","45","226575324"
"chr1","227943292","227943586","JH378112","19879719","19880008","52","208063573"
"chr1","227981202","227981502","JH378127","9046189","9046489","43","218935013"
"chr1","227992182","227992475","JH378225","6103213","6103503","37","221888969"
"chr1","228031217","228031502","JH378177","1236454","1236734","37","226794763"
"chr1","228043421","228043722","JH378110","7850107","7850410","38","220193314"
"chr1","228059841","228060130","JH378146","8023930","8024214","43","220035911"
"chr1","228075178","228075475","JH378140","17784224","17784519","48","210290954"
"chr1","228078630","228078936","JH378193","3688745","3689057","62","224389885"
"chr1","228084321","228084589","JH378116","38015478","38015747","53","190068843"
"chr1","228088486","228088705","JH378184","8659586","8659808","36","219428900"
"chr1","228160448","228160740","JH378148","2569469","2569763","42","225590979"
"chr1","228168980","228169276","JH378169","1779519","1779816","41","226389461"
"chr1","228222771","228223065","JH378151","15029722","15030017","40","213193049"
"chr1","228243946","228244252","JH378262","1936694","1936996","38","226307252"
"chr1","228287171","228287470","JH378177","522246","522546","40","227764925"
"chr1","228306505","228306828","JH378105","65390365","65390666","67","162916140"
"chr1","228331046","228331360","JH378111","12898365","12898668","51","215432681"
"chr1","228352303","228352502","JH378271","1508552","1508743","40","226843751"
"chr1","228353089","228353183","JH378112","21682946","21683043","11","206670143"
"chr1","228361971","228362233","JH378106","49070076","49070340","39","179291895"
"chr1","228366039","228366344","JH378213","6173502","6173802","47","222192537"
"chr1","228367357","228367516","JH378115","15507637","15507796","31","212859720"
"chr1","228402006","228402312","JH378111","26034614","26034912","60","202367392"
"chr1","228433160","228433454","JH378177","441165","441464","33","227991995"
"chr1","228460007","228460358","JH378144","6040189","6040512","77","222419818"
"chr1","228472471","228472777","JH378156","6301995","6302299","40","222170476"
"chr1","228489035","228489332","JH378163","14312901","14313198","45","214176134"
"chr1","228523335","228523604","JH378106","6586289","6586561","43","221937046"
"chr1","228627591","228627847","JH378165","2768423","2768681","35","225859168"
"chr1","228689920","228690232","JH378106","69063427","69063728","50","159626493"
"chr1","228762279","228762571","JH378119","23351213","23351510","57","205411066"
"chr1","228794936","228795224","JH378114","12032627","12032914","45","216762309"
"chr1","228818527","228818797","JH378116","8652458","8652721","57","220166069"
"chr1","228856469","228856771","JH378262","1936694","1936996","38","226919775"
"chr1","228958210","228958508","JH378198","6643049","6643347","42","222315161"
"chr1","228975546","228975832","JH378188","7232167","7232465","46","221743379"
"chr1","229014366","229014667","JH378152","13332030","13332334","47","215682336"
"chr1","229229019","229229289","JH378109","21239816","21240085","56","207989203"
"chr1","229257214","229257537","JH378124","27126736","27127048","58","202130478"
"chr1","229278924","229279205","JH378239","5566205","5566489","43","223712719"
"chr1","229387832","229388166","JH378114","36282607","36282929","72","193105225"
"chr1","229413928","229414156","JH378189","6890764","6891005","46","222523164"
"chr1","229633760","229633922","JH378141","9151732","9151889","26","220482028"
"chr1","229677269","229677540","JH378120","3262959","3263245","48","226414310"
"chr1","229697154","229697316","JH378105","1784263","1784420","36","227912891"
"chr1","229697655","229697789","JH378106","60814583","60814716","20","168883072"
"chr1","229758280","229758569","JH378225","6103213","6103503","41","223655067"
"chr3","41942907","41943210","JH378135","10051376","10051674","39","31891531"
"chr3","3145607","3145885","JH378135","16248526","16248805","37","13102919"
"chr3","10485419","10485776","JH378220","2808607","2808918","79","7676812"
"chr3","16252927","16253237","JH378105","45339034","45339332","59","29086107"
"chr3","42467315","42467588","JH378139","17086414","17086694","45","25380901"
"chr3","73137915","73138183","JH378110","7925750","7926017","35","65212165"
"chr3","77201299","77201579","JH378153","6890101","6890384","60","70311198"
"chr3","127139598","127139856","JH378167","706338","706607","39","126433260"
"chr3","160956339","160956612","JH378108","18001461","18001735","41","142954878"
"chr3","103458","103663","JH378110","29048038","29048239","34","28944580"
"chr3","153311","153589","JH378113","10700290","10700566","44","10546979"
"chr3","209146","209435","JH378219","180685","180971","40","28461"
"chr3","221798","222072","JH378153","12086940","12087213","62","11865142"
"chr3","232001","232311","JH378106","67271498","67271802","58","67039497"
"chr3","244536","244848","JH378152","13742000","13742297","49","13497464"
"chr3","254191","254472","JH378144","7655233","7655509","42","7401042"
"chr3","272023","272308","JH378114","41996207","41996493","39","41724184"
"chr3","325535","325829","JH378219","63707","63996","41","261828"
"chr3","424767","425075","JH378149","15885379","15885676","51","15460612"
"chr3","431666","431958","JH378123","21695970","21696268","46","21264304"
"chr3","451509","451811","JH378255","1058410","1058705","45","606901"
"chr3","461190","461501","JH378297","218770","219080","58","242420"
"chr3","526947","527244","JH378149","16695001","16695300","44","16168054"
"chr3","567231","567527","JH378167","7541085","7541377","44","6973854"
"chr3","716474","716780","JH378186","1525813","1526111","42","809339"
"chr3","763796","764098","JH378204","3129799","3130101","43","2366003"
"chr3","826448","826766","JH378113","26550017","26550324","42","25723569"
"chr3","1053659","1053926","JH378125","27338724","27338991","55","26285065"
"chr3","1065853","1066140","JH378115","28716128","28716418","47","27650275"
"chr3","1210783","1211083","JH378153","14175225","14175527","41","12964442"
"chr3","1240133","1240419","JH378125","27140956","27141235","55","25900823"
"chr3","1241010","1241190","JH378145","11506998","11507174","47","10265988"
"chr3","1241246","1241371","JH378119","7539270","7539395","20","6298024"
"chr3","1385017","1385305","JH378235","5966662","5966955","46","4581645"
"chr3","1410425","1410733","JH378173","6914461","6914770","50","5504036"
"chr3","1474295","1474586","JH378113","20058835","20059128","50","18584540"
"chr3","1503534","1503845","JH378287","2624355","2624667","46","1120821"
"chr3","1647817","1647941","JH378112","33865174","33865297","22","32217357"
"chr3","1676721","1676948","JH378228","5371992","5372209","43","3695271"
"chr3","1688350","1688667","JH378166","9428708","9429013","55","7740358"
"chr3","1818829","1819121","JH378111","43268192","43268483","39","41449363"
"chr3","1904970","1905271","JH378106","69063427","69063728","37","67158457"
"chr3","1910975","1911262","JH378129","10311891","10312185","41","8400916"
"chr3","1931959","1932269","JH378110","2590007","2590314","48","658048"
"chr3","2242860","2243168","JH378186","1525813","1526111","47","717047"
"chr3","2247954","2248260","JH378294","668279","668579","48","1579675"
"chr3","2320995","2321298","JH378188","8291764","8292058","42","5970769"
"chr3","2339036","2339336","JH378109","40710999","40711306","59","38371963"
"chr3","2378709","2378993","JH378126","1079320","1079599","41","1299389"
"chr3","2433802","2434107","JH378118","10693452","10693756","46","8259650"
"chr3","2458599","2458895","JH378105","47354649","47354946","36","44896050"
"chr3","2466304","2466606","JH378173","9472851","9473151","43","7006547"
"chr3","2529415","2529703","JH378141","9239081","9239369","39","6709666"
"chr3","2547067","2547355","JH378115","34769363","34769654","39","32222296"
"chr3","2635167","2635428","JH378125","5710297","5710554","43","3075130"
"chr3","2674760","2675050","JH378108","49447470","49447762","46","46772710"
"chr3","2681940","2682253","JH378301","920694","921000","57","1761246"
"chr3","2694951","2695079","JH378261","3867495","3867624","18","1172544"
"chr3","2707308","2707627","JH378118","6633242","6633554","51","3925934"
"chr3","2718959","2719271","JH378157","5130432","5130739","52","2411473"
"chr3","2720694","2720992","JH378134","14785263","14785558","47","12064569"
"chr3","2753946","2754243","JH378125","25748481","25748790","51","22994535"
"chr3","2781149","2781459","JH378108","44664521","44664828","70","41883372"
"chr3","2781463","2781756","JH378142","14013464","14013754","46","11232001"
"chr3","2793299","2793577","JH378139","1465575","1465851","55","1327724"
"chr3","2802623","2802914","JH378197","3241273","3241575","54","438650"
"chr3","2833456","2833751","JH378143","8639762","8640057","44","5806306"
"chr3","2855743","2856042","JH378115","15001483","15001774","36","12145740"
"chr3","2868222","2868526","JH378118","10693452","10693756","40","7825230"
"chr3","2868713","2869000","JH378213","4435380","4435669","34","1566667"
"chr3","2878308","2878608","JH378111","8498303","8498600","39","5619995"
"chr3","2902414","2902706","JH378114","42572010","42572296","58","39669596"
"chr3","2918902","2919205","JH378194","2282818","2283122","40","636084"
"chr3","2925769","2926083","JH378113","4126123","4126428","47","1200354"
"chr3","2934856","2935135","JH378125","25546652","25546939","42","22611796"
"chr3","2956557","2956866","JH378187","3165564","3165873","42","209007"
"chr3","2958762","2959052","JH378106","69562637","69562935","46","66603875"
"chr3","2962669","2962801","JH378248","1131095","1131226","13","1831574"
"chr3","3025263","3025561","JH378173","4317644","4317951","54","1292381"
"chr3","3064825","3065125","JH378189","8992244","8992548","56","5927419"
"chr3","3098583","3098894","JH378131","18081632","18081941","46","14983049"
"chr3","3124496","3124788","JH378116","28282701","28282994","37","25158205"
"chr3","3129708","3130008","JH378125","4533400","4533689","58","1403692"
"chr3","3144332","3144624","JH378204","3222855","3223147","43","78523"
"chr3","3148888","3149073","JH378125","25327145","25327327","31","22178257"
"chr3","3149941","3150227","JH378125","25326000","25326284","36","22176059"
"chr3","3167413","3167686","JH378107","12395758","12396023","58","9228345"
"chr3","3175287","3175585","JH378124","1932962","1933257","45","1242325"
"chr3","3215592","3215887","JH378114","1444637","1444931","49","1770955"
"chr3","3218667","3218972","JH378252","3311448","3311750","46","92781"
"chr3","3263078","3263365","JH378112","12605686","12605972","47","9342608"
"chr3","3276840","3277143","JH378136","6588505","6588803","47","3311665"
"chr3","3301492","3301796","JH378110","6965048","6965350","46","3663556"
"chr3","3303604","3303910","JH378204","5941995","5942305","38","2638391"
"chr3","3318143","3318442","JH378158","3359829","3360132","43","41686"
"chr3","3328351","3328653","JH378262","1270213","1270521","43","2058138"
"chr3","3374246","3374504","JH378226","6069792","6070053","52","2695546"
"chr3","3497083","3497390","JH378113","26550017","26550324","36","23052934"
"chr3","3500909","3501204","JH378122","7809799","7810085","49","4308890"
"chr3","3510017","3510288","JH378135","9879760","9880015","54","6369743"
"chr3","3545780","3546078","JH378125","24944870","24945164","44","21399090"
"chr3","3704748","3705048","JH378148","13262362","13262662","40","9557614"
"chr3","3715905","3716178","JH378125","24760120","24760404","46","21044215"
"chr3","3838106","3838418","JH378125","24637037","24637335","44","20798931"
"chr3","4001699","4001993","JH378202","5925997","5926292","46","1924298"
"chr3","4010960","4011245","JH378107","53276825","53277112","39","49265865"
"chr3","4017570","4017887","JH378148","13262362","13262662","48","9244792"
"chr3","4022844","4023108","JH378106","44930450","44930712","45","40907606"
"chr3","4090442","4090751","JH378125","24426943","24427249","40","20336501"
"chr3","4219118","4219374","JH378115","29620472","29620729","40","25401354"
"chr3","4243201","4243306","JH378113","32124383","32124485","24","27881182"
"chr3","4268750","4269039","JH378118","12724695","12724982","35","8455945"
"chr3","4370303","4370607","JH378148","16955481","16955786","39","12585178"
"chr3","4396842","4397129","JH378220","2931512","2931797","36","1465330"
"chr3","4429527","4429812","JH378121","20605828","20606119","44","16176301"
"chr3","4440587","4440897","JH378205","4278012","4278319","44","162575"
"chr3","4495047","4495356","JH378117","15749415","15749721","44","11254368"
"chr3","4541374","4541603","JH378271","2707123","2707341","44","1834251"
"chr3","4542668","4542954","JH378140","17057161","17057447","41","12514493"
"chr3","4561624","4561922","JH378114","41799116","41799408","46","37237492"
"chr3","4596990","4597260","JH378107","30469662","30469949","56","25872672"
"chr3","4599933","4600137","JH378125","23937519","23937721","22","19337586"
"chr3","4642118","4642428","JH378124","15184578","15184884","39","10542460"
"chr3","4665420","4665722","JH378197","8660298","8660600","39","3994878"
"chr3","4667825","4668126","JH378107","51667756","51668056","39","46999931"
"chr3","4680917","4681221","JH378109","7771130","7771433","34","3090213"
"chr3","4683341","4683641","JH378116","25790477","25790774","41","21107136"
"chr3","4687108","4687394","JH378110","34390965","34391253","44","29703857"
"chr3","4705757","4706049","JH378123","21197938","21198233","40","16492181"
"chr3","4719967","4720249","JH378152","14449530","14449815","38","9729563"
"chr3","4745614","4745734","JH378134","13845480","13845602","22","9099866"
"chr3","4747546","4747837","JH378105","63280943","63281232","37","58533397"
"chr3","4754984","4755289","JH378105","17620825","17621134","40","12865841"
"chr3","4780412","4780718","JH378191","1340022","1340324","43","3440390"
"chr3","4826253","4826565","JH378195","8547789","8548098","40","3721536"
"chr3","4841993","4842297","JH378157","14081078","14081387","42","9239085"
"chr3","4858836","4859146","JH378125","23682066","23682364","46","18823230"
"chr3","4899655","4899944","JH378255","3110079","3110370","48","1789576"
"chr3","4926528","4926824","JH378279","1702769","1703068","43","3223759"
"chr3","4927997","4928293","JH378239","588272","588564","42","4339725"
"chr3","4951562","4951848","JH378194","564549","564837","46","4387013"
"chr3","4969385","4969688","JH378189","6558899","6559199","53","1589514"
"chr3","4972078","4972373","JH378178","8042470","8042765","41","3070392"
"chr3","4998636","4998910","JH378135","4531365","4531638","55","467271"
"chr3","5000110","5000420","JH378135","1618015","1618319","43","3382095"
"chr3","5004772","5005083","JH378125","23519040","23519350","40","18514268"
"chr3","5008965","5009178","JH378113","41905483","41905699","29","36896518"
"chr3","5010079","5010391","JH378284","2533277","2533588","47","2476802"
"chr3","5014064","5014348","JH378158","2960962","2961244","50","2053102"
"chr3","5055244","5055582","JH378105","23797356","23797692","59","18742112"
"chr3","5061668","5061962","JH378139","16988807","16989096","40","11927139"
"chr3","5071561","5071864","JH378204","3129799","3130101","40","1941762"
"chr3","5074495","5074819","JH378125","23458821","23459129","60","18384326"
"chr3","5080861","5081154","JH378242","734891","735189","43","4345970"
"chr3","5081707","5081992","JH378144","4639174","4639455","40","442533"
"chr3","5087119","5087403","JH378118","33683606","33683888","43","28596487"
"chr3","5098920","5099220","JH378242","734891","735189","38","4364029"
"chr3","5102375","5102654","JH378205","3713744","3714032","50","1388631"
"chr3","5105198","5105492","JH378114","6331983","6332282","46","1226785"
"chr3","5116258","5116406","JH378128","25274620","25274764","23","20158362"
"chr3","5124110","5124405","JH378111","43268192","43268483","38","38144082"
"chr3","5146317","5146614","JH378149","10998601","10998897","40","5852284"
"chr3","5149071","5149336","JH378148","2608523","2608785","40","2540548"
"chr3","5152852","5153044","JH378189","8249234","8249433","33","3096382"
"chr3","5154581","5154884","JH378193","4524503","4524799","46","630078"
"chr3","5159313","5159589","JH378131","23931424","23931704","43","18772111"
"chr3","5166083","5166378","JH378204","7978351","7978644","33","2812268"
"chr3","5166467","5166809","JH378114","10789294","10789629","58","5622827"
"chr3","5178278","5178557","JH378110","19596750","19597032","60","14418472"
"chr3","5185087","5185395","JH378113","37969322","37969629","40","32784235"
"chr3","5197211","5197491","JH378164","6714567","6714844","35","1517356"
"chr3","5201481","5201779","JH378108","21835359","21835646","61","16633878"
"chr3","5202642","5202937","JH378257","3101020","3101316","46","2101622"
"chr3","5203152","5203457","JH378115","26938492","26938795","46","21735340"
"chr3","5203463","5203647","JH378125","23352367","23352549","22","18148904"
"chr3","5204710","5205018","JH378126","22867235","22867530","52","17662525"
"chr3","5217331","5217642","JH378125","23336165","23336477","46","18118834"
"chr3","5230269","5230559","JH378116","28282701","28282994","41","23052432"
"chr3","5246061","5246354","JH378106","63684131","63684434","43","58438070"
"chr3","5282033","5282270","JH378119","19182451","19182696","47","13900418"
"chr3","5282984","5283281","JH378125","23260944","23261248","41","17977960"
"chr3","5308713","5309009","JH378110","9867313","9867609","37","4558600"
"chr3","5314339","5314643","JH378279","1763380","1763689","46","3550959"
"chr3","5315776","5316080","JH378204","3945411","3945718","41","1370365"
"chr3","5401194","5401490","JH378246","1705721","1706027","45","3695473"
"chr3","5458010","5458303","JH378196","6910302","6910603","54","1452292"
"chr3","5531276","5531556","JH378193","5129426","5129706","49","401850"
"chr3","5578542","5578840","JH378290","1449167","1449465","31","4129375"
"chr3","5805337","5805631","JH378105","47354649","47354946","45","41549312"
"chr3","5876491","5876798","JH378189","9474259","9474565","49","3597768"
"chr3","5994901","5995205","JH378143","8639762","8640057","43","2644861"
"chr3","6153971","6154281","JH378117","37941819","37942125","49","31787848"
"chr3","6179383","6179684","JH378109","26422799","26423098","56","20243416"
"chr3","6280600","6280907","JH378131","18081632","18081941","51","11801032"
"chr3","6400646","6400955","JH378193","4524503","4524799","43","1876143"
"chr3","6416145","6416438","JH378106","501033","501324","41","5915112"
"chr3","6479698","6479777","JH378134","17909387","17909465","8","11429689"
"chr3","6501158","6501413","JH378177","10568010","10568264","52","4066852"
"chr3","6599388","6599697","JH378112","33452684","33452993","46","26853296"
"chr3","6623326","6623635","JH378137","8390402","8390708","48","1767076"
"chr3","6736547","6736827","JH378264","2190823","2191104","49","4545724"
"chr3","6759900","6759983","JH378146","9949063","9949149","9","3189163"
"chr3","6788824","6789102","JH378125","21879293","21879566","49","15090469"
"chr3","6795176","6795472","JH378216","6521976","6522275","43","273200"
"chr3","6848260","6848542","JH378191","1430937","1431220","50","5417323"
"chr3","6852064","6852367","JH378203","5647014","5647311","39","1205050"
"chr3","6863623","6863923","JH378106","58829721","58830021","44","51966098"
"chr3","6868880","6869183","JH378109","7961178","7961481","47","1092298"
"chr3","6875346","6875651","JH378173","6914461","6914770","45","39115"
"chr3","6881377","6881688","JH378125","21787987","21788298","56","14906610"
"chr3","6881914","6882219","JH378151","4578678","4578981","53","2303236"
"chr3","6900775","6901065","JH378123","7698367","7698657","40","797592"
"chr3","6966045","6966336","JH378124","5010422","5010713","45","1955623"
"chr3","6972959","6973268","JH378288","629003","629310","40","6343956"
"chr3","7064532","7064823","JH378106","71227716","71228002","44","64163184"
"chr3","7156328","7156600","JH378126","1079320","1079599","46","6077008"
"chr3","7359031","7359327","JH378262","1936694","1936996","38","5422337"
"chr3","7370517","7370813","JH378114","36477337","36477631","40","29106820"
"chr3","7373760","7374077","JH378291","698510","698813","54","6675250"
"chr3","7397227","7397549","JH378139","10102708","10103025","47","2705481"
"chr3","7505948","7506252","JH378242","734891","735189","44","6771057"
"chr3","7550570","7550869","JH378235","3957900","3958200","47","3592670"
"chr3","7553119","7553403","JH378304","1308090","1308381","48","6245029"
"chr3","7553438","7553733","JH378220","3229265","3229557","46","4324173"
"chr3","7629083","7629376","JH378126","23919877","23920166","66","16290794"
"chr3","7727562","7727857","JH378125","21106497","21106808","41","13378935"
"chr3","7779788","7780076","JH378263","403647","403936","40","7376141"
"chr3","7915699","7915993","JH378199","281986","282282","42","7633713"
"chr3","7943748","7944041","JH378125","20872957","20873262","53","12929209"
"chr3","8036770","8037081","JH378184","748241","748547","42","7288529"
"chr3","8054147","8054448","JH378123","18139539","18139832","48","10085392"
"chr3","8068147","8068459","JH378115","33936739","33937047","60","25868592"
"chr3","8189369","8189667","JH378216","4809975","4810272","38","3379394"
"chr3","8344370","8344384","JH378196","2334629","2334642","3","6009741"
"chr3","8344428","8344726","JH378191","2773886","2774184","55","5570542"
"chr3","8351333","8351646","JH378176","9717666","9717975","53","1366333"
"chr3","8367089","8367390","JH378214","242924","243221","44","8124165"
"chr3","8424738","8425044","JH378114","37484884","37485190","43","29060146"
"chr3","8632779","8633078","JH378125","20247209","20247507","41","11614430"
"chr3","8690565","8690873","JH378110","44230531","44230836","46","35539966"
"chr3","8788772","8789066","JH378125","20104901","20105195","40","11316129"
"chr3","8856154","8856470","JH378105","58654423","58654726","48","49798269"
"chr3","8884994","8885274","JH378182","8355765","8356044","52","529229"
"chr3","8887216","8887518","JH378177","3420206","3420507","44","5467010"
"chr3","9004331","9004636","JH378115","27432581","27432889","56","18428250"
"chr3","9028339","9028627","JH378193","8942258","8942565","62","86081"
"chr3","9054365","9054674","JH378161","5344531","5344832","44","3709834"
"chr3","9061091","9061399","JH378115","14987072","14987385","44","5925981"
"chr3","9094308","9094612","JH378242","734891","735189","40","8359417"
"chr3","9099115","9099240","JH378107","57134429","57134558","19","48035314"
"chr3","9099247","9099553","JH378133","5257131","5257435","47","3842116"
"chr3","9174263","9174553","JH378167","987517","987816","42","8186746"
"chr3","9219936","9220148","JH378184","8659586","8659808","63","560350"
"chr3","9239915","9240213","JH378105","46910526","46910822","46","37670611"
"chr3","9247868","9248202","JH378220","3718175","3718504","85","5529693"
"chr3","9321233","9321518","JH378153","12544489","12544777","36","3223256"
"chr3","9329239","9329534","JH378167","11202084","11202374","40","1872845"
"chr3","9331003","9331293","JH378119","28803177","28803468","42","19472174"
"chr3","9360881","9361196","JH378125","19592267","19592566","49","10231386"
"chr3","9374575","9374856","JH378114","36224521","36224801","49","26849946"
"chr3","9438032","9438327","JH378160","10577634","10577929","54","1139602"
"chr3","9439587","9439884","JH378265","117843","118145","35","9321744"
"chr3","9441863","9442162","JH378143","6673988","6674287","45","2767875"
"chr3","9473450","9473717","JH378106","59305283","59305541","46","49831833"
"chr3","9485507","9485802","JH378113","28550580","28550870","40","19065073"
"chr3","9493626","9493927","JH378128","24011445","24011747","38","14517819"
"chr3","9499614","9499910","JH378146","4677820","4678116","37","4821794"
"chr3","9504333","9504623","JH378127","6106107","6106390","41","3398226"
"chr3","9509857","9510146","JH378167","7961661","7961938","47","1548196"
"chr3","9528471","9528755","JH378125","19439463","19439747","37","9910992"
"chr3","9536968","9537085","JH378117","29797870","29797985","11","20260902"
"chr3","9551803","9552066","JH378146","3340897","3341164","52","6210906"
"chr3","9556970","9557259","JH378168","11083864","11084156","41","1526894"
"chr3","9566809","9567109","JH378138","6648162","6648458","37","2918647"
"chr3","9585855","9586152","JH378201","3222917","3223216","50","6362938"
"chr3","9656785","9656913","JH378125","4589691","4589826","19","5067094"
"chr3","9673097","9673386","JH378178","8042470","8042765","44","1630627"
"chr3","9677036","9677338","JH378105","53292236","53292532","52","43615200"
"chr3","9678523","9678825","JH378173","6575149","6575450","49","3103374"
"chr3","9682988","9683282","JH378166","13743029","13743319","49","4060041"
"chr3","9685989","9686286","JH378114","22526707","22527002","49","12840718"
"chr3","9687239","9687545","JH378107","53104226","53104533","50","43416987"
"chr3","9688051","9688352","JH378316","391481","391778","52","9296570"
"chr3","9690488","9690790","JH378106","69063427","69063728","39","59372939"
"chr3","9730204","9730452","JH378144","7637078","7637338","50","2093126"
"chr3","9739056","9739369","JH378189","667089","667398","42","9071967"
"chr3","9751378","9751687","JH378106","12998004","12998307","47","3246626"
"chr3","9752189","9752484","JH378125","19224550","19224840","33","9472361"
"chr3","9776054","9776358","JH378216","6521976","6522275","38","3254078"
"chr3","9778468","9778764","JH378148","3031128","3031420","44","6747340"
"chr3","9784277","9784564","JH378125","19208594","19208885","47","9424317"
"chr3","9806883","9807157","JH378117","36078925","36079198","44","26272042"
"chr3","9811861","9812177","JH378152","13332030","13332334","43","3520169"
"chr3","9818665","9818969","JH378225","820768","821067","47","8997897"
"chr3","9839282","9839578","JH378125","19179023","19179321","49","9339741"
"chr3","9842059","9842217","JH378105","10557376","10557537","31","715317"
"chr3","9842521","9842658","JH378220","4663942","4664077","15","5178579"
"chr3","9843107","9843335","JH378163","12988035","12988264","41","3144928"
"chr3","9849803","9850105","JH378148","3195871","3196169","37","6653932"
"chr3","9892385","9892675","JH378111","8498303","8498600","42","1394082"
"chr3","9898649","9898799","JH378122","13702070","13702218","21","3803421"
"chr3","9909583","9909888","JH378115","16549844","16550133","61","6640261"
"chr3","9916096","9916399","JH378108","31355017","31355311","42","21438921"
"chr3","9946002","9946260","JH378223","2422741","2423014","49","7523261"
"chr3","9964566","9964854","JH378232","219539","219832","50","9745027"
"chr3","9985203","9985499","JH378197","6701048","6701344","45","3284155"
"chr3","9990324","9990624","JH378152","13332030","13332334","34","3341706"
"chr3","10001234","10001378","JH378141","7661361","7661504","23","2339873"
"chr3","10001666","10001834","JH378196","989088","989254","33","9012578"
"chr3","10010480","10010773","JH378122","22447926","22448218","39","12437446"
"chr3","10024190","10024447","JH378122","10848040","10848308","79","823850"
"chr3","10049098","10049411","JH378164","12780276","12780585","41","2731178"
"chr3","10050705","10050994","JH378220","3229265","3229557","42","6821440"
"chr3","10171692","10172005","JH378118","1679282","1679587","57","8492410"
"chr3","10189120","10189343","JH378234","3924953","3925171","43","6264167"
"chr3","10214305","10214615","JH378155","5966626","5966931","46","4247679"
"chr3","10216263","10216554","JH378247","2823905","2824198","45","7392358"
"chr3","10220628","10220934","JH378293","1508849","1509149","43","8711779"
"chr3","10249928","10250226","JH378260","3829226","3829524","37","6420702"
"chr3","10260218","10260466","JH378262","2751970","2752213","31","7508248"
"chr3","10264532","10264805","JH378125","18846803","18847084","41","8582271"
"chr3","10268462","10268762","JH378187","3086525","3086818","38","7181937"
"chr3","10276654","10276954","JH378188","9401785","9402089","47","874869"
"chr3","10306889","10307172","JH378124","5131942","5132232","47","5174947"
"chr3","10352311","10352619","JH378191","1053330","1053642","43","9298981"
"chr3","10356803","10357101","JH378121","237727","238025","40","10119076"
"chr3","10360136","10360430","JH378134","15452039","15452337","40","5091903"
"chr3","10367177","10367450","JH378125","15409282","15409552","54","5042105"
"chr3","10371503","10371798","JH378119","360557","360852","49","10010946"
"chr3","10393392","10393672","JH378105","6621498","6621779","39","3771894"
"chr3","10395596","10395673","JH378125","18757266","18757336","13","8361670"
"chr3","10399036","10399337","JH378255","877066","877365","42","9521970"
"chr3","10408502","10408799","JH378204","2377432","2377730","41","8031070"
"chr3","10414164","10414463","JH378138","6648162","6648458","33","3766002"
"chr3","10418981","10419275","JH378200","4317868","4318159","47","6101113"
"chr3","10427563","10427871","JH378262","1936694","1936996","41","8490869"
"chr3","10446577","10446879","JH378189","8992244","8992548","44","1454333"
"chr3","10448563","10448861","JH378116","25790477","25790774","50","15341914"
"chr3","10461473","10461782","JH378125","18703444","18703746","46","8241971"
"chr3","10470672","10470973","JH378173","10651343","10651645","50","180671"
"chr3","10495853","10496151","JH378246","535736","536035","43","9960117"
"chr3","10506414","10506720","JH378153","11183648","11183951","37","677234"
"chr3","10514871","10515193","JH378105","54610411","54610729","55","44095540"
"chr3","10515580","10515878","JH378152","13742000","13742297","39","3226420"
"chr3","10518221","10518526","JH378235","3957900","3958200","44","6560321"
"chr3","10519142","10519451","JH378154","13561581","13561891","45","3042439"
"chr3","10519698","10519999","JH378125","18640213","18640503","46","8120515"
"chr3","10522263","10522570","JH378123","21695970","21696268","59","11173707"
"chr3","10539539","10539832","JH378130","1568570","1568862","43","8970969"
"chr3","10544596","10544891","JH378134","16320406","16320685","47","5775810"
"chr3","10545952","10546231","JH378122","7809799","7810085","58","2736153"
"chr3","10559340","10559647","JH378152","13742000","13742297","53","3182660"
"chr3","10560236","10560364","JH378137","16343875","16344001","15","5783639"
"chr3","10563081","10563389","JH378127","14973650","14973958","47","4410569"
"chr3","10569309","10569587","JH378110","34162160","34162442","43","23592851"
"chr3","10596521","10596631","JH378115","14298866","14298983","30","3702345"
"chr3","10597918","10598229","JH378130","600101","600403","42","9997817"
"chr3","10628809","10629109","JH378113","15232832","15233136","37","4604023"
"chr3","10648424","10648500","JH378113","28408602","28408678","8","17760178"
"chr3","10729393","10729684","JH378115","16549844","16550133","39","5820451"
"chr3","10774242","10774529","JH378153","4332695","4332974","41","6441547"
"chr3","10778769","10779064","JH378141","15518519","15518815","39","4739750"
"chr3","10808030","10808323","JH378115","26938492","26938795","46","16130462"
"chr3","10875060","10875356","JH378112","16541777","16542068","45","5666717"
"chr3","10893350","10893651","JH378225","885930","886227","32","10007420"
"chr3","10975229","10975531","JH378125","18176084","18176391","36","7200855"
"chr3","11096946","11097078","JH378120","16781777","16781909","13","5684831"
"chr3","11165738","11166031","JH378225","6447326","6447617","41","4718412"
"chr3","11172035","11172331","JH378107","529179","529482","42","10642856"
"chr3","11331310","11331590","JH378232","5884400","5884682","41","5446910"
"chr3","11342757","11343046","JH378125","15313063","15313352","43","3970306"
"chr3","11352936","11353240","JH378184","5228496","5228807","45","6124440"
"chr3","11398669","11398905","JH378224","4116746","4116982","40","7281923"
"chr3","11417630","11417908","JH378125","17726712","17726974","45","6309082"
"chr3","11454205","11454505","JH378105","58654423","58654726","41","47200218"
"chr3","11499599","11499879","JH378189","177130","177409","44","11322469"
"chr3","11527658","11527955","JH378177","2562934","2563231","42","8964724"
"chr3","11549938","11550199","JH378114","20734954","20735221","39","9185016"
"chr3","11574541","11574817","JH378114","20734954","20735221","34","9160413"
"chr3","11581019","11581318","JH378119","360557","360852","50","11220462"
"chr3","11623732","11624024","JH378130","1568570","1568862","36","10055162"
"chr3","11677392","11677649","JH378112","32952210","32952469","45","21274818"
"chr3","11678307","11678586","JH378173","4795221","4795500","37","6883086"
"chr3","11679924","11680219","JH378115","3928869","3929167","46","7751055"
"chr3","11684992","11685297","JH378188","9401785","9402089","45","2283207"
"chr3","11686846","11687156","JH378148","3136149","3136452","50","8550697"
"chr3","11703555","11703861","JH378203","1903645","1903942","41","9799910"
"chr3","11711927","11712183","JH378165","2768423","2768681","31","8943504"
"chr3","11749854","11750161","JH378148","2797982","2798286","45","8951872"
"chr3","11751897","11752186","JH378125","15313063","15313352","41","3561166"
"chr3","11764265","11764569","JH378106","69063427","69063728","52","57299162"
"chr3","11775153","11775455","JH378123","6972611","6972911","46","4802542"
"chr3","11785395","11785695","JH378177","2562934","2563231","37","9222461"
"chr3","11795163","11795454","JH378148","3031128","3031420","43","8764035"
"chr3","11809030","11809310","JH378198","4413303","4413578","43","7395727"
"chr3","11856355","11856639","JH378127","20988283","20988571","45","9131928"
"chr3","11864155","11864447","JH378112","33033903","33034201","40","21169748"
"chr3","11888019","11888332","JH378113","17682846","17683156","45","5794827"
"chr3","11913856","11914146","JH378105","17592520","17592809","50","5678664"
"chr3","11923770","11924066","JH378125","17252307","17252594","41","5328537"
"chr3","11924558","11924861","JH378124","10805017","10805321","40","1119541"
"chr3","11931252","11931532","JH378197","3921725","3922007","43","8009527"
"chr3","11946923","11947217","JH378125","17228432","17228729","37","5281509"
"chr3","11952939","11953236","JH378122","5272066","5272363","36","6680873"
"chr3","11961054","11961368","JH378167","11312318","11312618","67","648736"
"chr3","11962871","11963146","JH378138","2161476","2161752","51","9801395"
"chr3","11973214","11973513","JH378125","5364994","5365289","40","6608220"
"chr3","11978393","11978690","JH378117","28666592","28666888","48","16688199"
"chr3","11982831","11982961","JH378262","310456","310588","14","11672375"
"chr3","11989765","11990007","JH378254","3557534","3557776","27","8432231"
"chr3","11993169","11993301","JH378125","4589691","4589826","16","7403478"
"chr3","12005699","12006013","JH378135","3487580","3487886","46","8518119"
"chr3","12008712","12008958","JH378172","1936923","1937169","37","10071789"
"chr3","12027243","12027436","JH378186","4474088","4474281","32","7553155"
"chr3","12027670","12027964","JH378117","6076538","6076831","33","5951132"
"chr3","12029842","12030137","JH378116","25007624","25007916","36","12977782"
"chr3","12038404","12038718","JH378112","30721676","30721989","55","18683272"
"chr3","12045430","12045722","JH378126","22770602","22770897","37","10725172"
"chr3","12047459","12047695","JH378125","17137425","17137660","24","5089966"
"chr3","12051313","12051615","JH378115","4860657","4860961","40","7190656"
"chr3","12055892","12056185","JH378105","65699340","65699639","42","53643448"
"chr3","12062575","12062883","JH378136","5606971","5607271","46","6455604"
"chr3","12080581","12080856","JH378232","3348298","3348573","42","8732283"
"chr3","12090806","12091109","JH378151","4578678","4578981","36","7512128"
"chr3","12100841","12101137","JH378281","1616584","1616872","37","10484257"
"chr3","12101878","12102099","JH378262","2726057","2726274","44","9375821"
"chr3","12104782","12105090","JH378173","10662849","10663154","51","1441933"
"chr3","12113950","12114249","JH378125","7759615","7759914","41","4354335"
"chr3","12115693","12115999","JH378131","1383377","1383686","46","10732316"
"chr3","12126095","12126347","JH378169","8116161","8116410","38","4009934"
"chr3","12128721","12129013","JH378106","765844","766137","44","11362877"
"chr3","12132941","12133238","JH378123","29146890","29147186","50","17013949"
"chr3","12134390","12134726","JH378135","18214402","18214733","66","6080012"
"chr3","12169634","12169929","JH378134","15452039","15452337","38","3282405"
"chr3","12208704","12208999","JH378136","6588505","6588803","45","5620199"
"chr3","12243064","12243364","JH378114","22526707","22527002","42","10283643"
"chr3","12328980","12329265","JH378189","719706","719987","40","11609274"
"chr3","12489201","12489503","JH378247","561987","562291","45","11927214"
"chr3","12554048","12554347","JH378220","4418359","4418666","49","8135689"
"chr3","12557574","12557865","JH378187","3252575","3252870","46","9304999"
"chr3","12574710","12575008","JH378167","11202084","11202374","41","1372626"
"chr3","12585158","12585443","JH378139","369956","370243","38","12215202"
"chr3","12596156","12596366","JH378167","33469","33680","32","12562687"
"chr3","12633075","12633359","JH378112","12605686","12605972","42","27389"
"chr3","12645115","12645426","JH378156","5740522","5740833","42","6904593"
"chr3","12675267","12675575","JH378110","2590007","2590314","41","10085260"
"chr3","12703965","12704271","JH378125","16524182","16524492","42","3820217"
"chr3","12737209","12737526","JH378125","16488178","16488479","52","3750969"
"chr3","12760563","12760859","JH378111","38162771","38163069","37","25402208"
"chr3","12763916","12764229","JH378149","16695001","16695300","48","3931085"
"chr3","12771806","12772106","JH378135","16449037","16449347","52","3677231"
"chr3","12778705","12779060","JH378194","2671411","2671750","82","10107294"
"chr3","12791129","12791439","JH378167","11910343","11910645","47","880786"
"chr3","12793173","12793465","JH378115","28716128","28716418","53","15922955"
"chr3","12800854","12801154","JH378197","8546632","8546928","58","4254222"
"chr3","12806634","12806932","JH378316","391481","391778","35","12415153"
"chr3","12808091","12808388","JH378107","53276825","53277112","45","40468734"
"chr3","12816749","12817033","JH378309","732133","732419","48","12084616"
"chr3","12820075","12820384","JH378108","20363911","20364215","63","7543836"
"chr3","12835373","12835688","JH378127","1791547","1791857","57","11043826"
"chr3","12862748","12862993","JH378122","3727754","3728006","47","9134994"
"chr3","12865806","12866116","JH378115","15327275","15327586","41","2461469"
"chr3","12874969","12875251","JH378111","17574898","17575182","46","4699929"
"chr3","12886650","12886953","JH378232","2963368","2963675","48","9923282"
"chr3","12898185","12898450","JH378109","9337309","9337580","53","3560876"
"chr3","12910635","12910941","JH378118","10693452","10693756","53","2217183"
"chr3","12920889","12921093","JH378186","9064586","9064786","35","3856303"
"chr3","12922157","12922442","JH378263","2355619","2355903","42","10566538"
"chr3","12930112","12930419","JH378262","1936694","1936996","49","10993418"
"chr3","12948101","12948399","JH378116","14428154","14428454","40","1480053"
"chr3","12966533","12966823","JH378141","14454762","14455052","49","1488229"
"chr3","12982596","12982894","JH378148","3195871","3196169","46","9786725"
"chr3","12983196","12983452","JH378197","8189893","8190153","42","4793303"
"chr3","12998138","12998462","JH378105","12030116","12030416","76","968022"
"chr3","13008444","13008741","JH378106","69063427","69063728","38","56054983"
"chr3","13008920","13009227","JH378122","4474687","4474993","51","8534233"
"chr3","13026329","13026500","JH378167","6155819","6155989","22","6870510"
"chr3","13042057","13042350","JH378293","851840","852132","39","12190217"
"chr3","13048737","13049017","JH378141","15076832","15077114","54","2028095"
"chr3","13054316","13054629","JH378148","16955481","16955786","41","3901165"
"chr3","13061531","13061826","JH378109","7805984","7806280","51","5255547"
"chr3","13070214","13070489","JH378245","691477","691755","36","12378737"
"chr3","13074726","13075047","JH378138","14400992","14401302","48","1326266"
"chr3","13105567","13105866","JH378106","6660208","6660505","49","6445359"
"chr3","13157503","13157812","JH378118","10693452","10693756","52","2464051"
"chr3","13218135","13218395","JH378150","16095722","16095971","77","2877587"
"chr3","13268704","13269006","JH378122","4232791","4233084","46","9035913"
"chr3","13280795","13281064","JH378254","1106482","1106758","39","12174313"
"chr3","13384289","13384439","JH378146","850874","851025","22","12533415"
"chr3","13509386","13509684","JH378105","55574476","55574778","41","42065090"
"chr3","13563124","13563403","JH378192","5415267","5415549","35","8147857"
"chr3","13575281","13575555","JH378177","3329726","3330008","56","10245555"
"chr3","13577491","13577725","JH378157","7354888","7355123","35","6222603"
"chr3","13630186","13630484","JH378167","11202084","11202374","39","2428102"
"chr3","13659088","13659345","JH378172","9908734","9908991","37","3750354"
"chr3","13661878","13662180","JH378148","3195871","3196169","35","10466007"
"chr3","13682171","13682347","JH378129","7281850","7282020","30","6400321"
"chr3","13683153","13683470","JH378317","690194","690518","71","12992959"
"chr3","13705775","13706065","JH378220","1011665","1011962","39","12694110"
"chr3","13706100","13706111","JH378105","48290961","48290972","3","34584861"
"chr3","13707734","13708020","JH378105","50034667","50034949","40","36326933"
"chr3","13736931","13737239","JH378110","40023165","40023472","47","26286234"
"chr3","13753795","13754105","JH378114","19454155","19454463","57","5700360"
"chr3","13760749","13761060","JH378113","6573840","6574147","39","7186909"
"chr3","13761424","13761734","JH378118","10693452","10693756","39","3067972"
"chr3","13788529","13788825","JH378123","5667081","5667374","45","8121448"
"chr3","13806046","13806356","JH378122","3711533","3711837","41","10094513"
"chr3","13830732","13831027","JH378203","7090053","7090349","39","6740679"
"chr3","13854663","13854775","JH378125","9331999","9332109","11","4522664"
"chr3","13868260","13868534","JH378108","49411639","49411900","64","35543379"
"chr3","13873213","13873502","JH378148","5678256","5678554","45","8194957"
"chr3","13903551","13903863","JH378262","1936694","1936996","42","11966857"
"chr3","13953375","13953683","JH378122","3563844","3564142","46","10389531"
"chr3","13959879","13960179","JH378123","5667081","5667374","44","8292798"
"chr3","14012775","14013079","JH378118","10693452","10693756","49","3319323"
"chr3","14057129","14057424","JH378145","10500061","10500358","47","3557068"
"chr3","14115680","14115988","JH378116","14464889","14465189","47","349209"
"chr3","14180727","14181035","JH378154","13561581","13561891","43","619146"
"chr3","14240511","14240820","JH378105","4203833","4204145","47","10036678"
"chr3","14272351","14272642","JH378176","9658529","9658820","33","4613822"
"chr3","14319279","14319565","JH378123","9831839","9832126","41","4487440"
"chr3","14551821","14552129","JH378121","23760097","23760404","40","9208276"
"chr3","14586293","14586598","JH378135","1618015","1618319","45","12968278"
"chr3","14587299","14587620","JH378314","184239","184548","54","14403060"
"chr3","14614211","14614498","JH378195","2783430","2783724","57","11830781"
"chr3","14670413","14670686","JH378152","16250304","16250576","39","1579891"
"chr3","14682186","14682377","JH378122","3033444","3033637","24","11648742"
"chr3","14696536","14696830","JH378110","3397028","3397322","45","11299508"
"chr3","14700749","14701094","JH378194","2892291","2892620","60","11808458"
"chr3","14773225","14773525","JH378170","1616807","1617104","41","13156418"
"chr3","14815523","14815753","JH378164","11414062","11414284","42","3401461"
"chr3","14815970","14816280","JH378105","55255219","55255522","46","40439249"
"chr3","14875099","14875375","JH378122","2843350","2843620","44","12031749"
"chr3","14949908","14950203","JH378238","5034133","5034426","41","9915775"
"chr3","14957003","14957303","JH378124","22810751","22811051","40","7853748"
"chr3","14958603","14958868","JH378179","9515852","9516126","52","5442751"
"chr3","14970824","14971108","JH378129","22483649","22483934","36","7512825"
"chr3","14998382","14998689","JH378109","8789275","8789581","41","6209107"
"chr3","14998697","14998963","JH378140","6607165","6607427","37","8391532"
"chr3","15043188","15043468","JH378139","17676474","17676761","48","2633286"
"chr3","15051958","15052259","JH378157","10255211","10255516","50","4796747"
"chr3","15078620","15078922","JH378149","384599","384898","43","14694021"
"chr3","15101556","15101862","JH378242","734891","735189","41","14366665"
"chr3","15120622","15120935","JH378122","2602864","2603168","51","12517758"
"chr3","15163290","15163586","JH378152","13742000","13742297","38","1421290"
"chr3","15233010","15233299","JH378106","3058385","3058676","46","12174625"
"chr3","15235419","15235721","JH378111","26034614","26034912","34","10799195"
"chr3","15266347","15266620","JH378122","2464749","2465016","44","12801598"
"chr3","15293951","15294256","JH378105","37949554","37949854","35","22655603"
"chr3","15298890","15299022","JH378106","1342311","1342445","20","13956579"
"chr3","15299319","15299480","JH378267","358566","358737","29","14940753"
"chr3","15300112","15300396","JH378300","334787","335075","38","14965325"
"chr3","15329050","15329343","JH378148","3178240","3178539","45","12150810"
"chr3","15330250","15330437","JH378121","9165649","9165825","56","6164601"
"chr3","15330740","15330870","JH378149","643640","643769","12","14687100"
"chr3","15347359","15347665","JH378105","58654423","58654726","42","43307064"
"chr3","15363830","15364068","JH378244","3863245","3863476","35","11500585"
"chr3","15369055","15369345","JH378213","7165146","7165437","35","8203909"
"chr3","15371611","15371916","JH378110","28700702","28701003","51","13329091"
"chr3","15388157","15388361","JH378134","18725576","18725791","33","3337419"
"chr3","15401522","15401811","JH378242","2757307","2757599","41","12644215"
"chr3","15484338","15484603","JH378135","683617","683897","58","14800721"
"chr3","15503547","15503842","JH378148","3100313","3100608","46","12403234"
"chr3","15508557","15508868","JH378117","7803133","7803431","42","7705424"
"chr3","15536381","15536693","JH378246","1705721","1706027","46","13830660"
"chr3","15550885","15551173","JH378108","29501194","29501485","58","13950309"
"chr3","15588088","15588382","JH378137","14089045","14089336","50","1499043"
"chr3","15621590","15621887","JH378141","2994818","2995121","54","12626772"
"chr3","15621891","15622026","JH378107","55895704","55895839","17","40273813"
"chr3","15622554","15622846","JH378126","22770602","22770897","34","7148048"
"chr3","15628173","15628470","JH378148","3015296","3015593","47","12612877"
"chr3","15636210","15636506","JH378146","14315027","14315317","41","1321183"
"chr3","15652631","15652926","JH378123","5667081","5667374","39","9985550"
"chr3","15653047","15653336","JH378337","236552","236846","36","15416495"
"chr3","15660953","15661248","JH378173","9478567","9478856","37","6182386"
"chr3","15674510","15674801","JH378137","14089045","14089336","47","1585465"
"chr3","15686996","15687276","JH378185","1668250","1668532","58","14018746"
"chr3","15699595","15699886","JH378108","44402666","44402961","41","28703071"
"chr3","15701194","15701503","JH378118","10693452","10693756","45","5007742"
"chr3","15708897","15709029","JH378248","1131095","1131226","17","14577802"
"chr3","15719308","15719613","JH378232","4983111","4983410","40","10736197"
"chr3","15721342","15721635","JH378135","858419","858710","32","14862923"
"chr3","15721970","15722271","JH378116","22378952","22379256","39","6656982"
"chr3","15756320","15756568","JH378262","2751970","2752213","33","13004350"
"chr3","15822437","15822750","JH378152","13278707","13279012","47","2543730"
"chr3","15830454","15830646","JH378164","3104069","3104253","38","12726385"
"chr3","15856299","15856576","JH378157","9808983","9809259","46","6047316"
"chr3","15901517","15901808","JH378141","11611406","11611703","44","4290111"
"chr3","15904901","15905200","JH378117","7430991","7431282","29","8473910"
"chr3","15915575","15915691","JH378138","10027088","10027198","24","5888487"
"chr3","15919559","15919871","JH378255","1987046","1987357","41","13932513"
"chr3","15922679","15922974","JH378197","8546632","8546928","34","7376047"
"chr3","15933328","15933625","JH378122","5272066","5272363","44","10661262"
"chr3","15973364","15973671","JH378110","29725141","29725440","42","13751777"
"chr3","15977644","15977940","JH378260","2101343","2101639","41","13876301"
"chr3","15983398","15983702","JH378137","5836126","5836431","42","10147272"
"chr3","16013497","16013781","JH378115","6816410","6816692","46","9197087"
"chr3","16071803","16072078","JH378151","10113364","10113638","42","5958439"
"chr3","16090117","16090400","JH378119","11553220","11553504","44","4536897"
"chr3","16091625","16091919","JH378148","12335761","12336055","44","3755864"
"chr3","16120425","16120723","JH378116","25790477","25790774","39","9670052"
"chr3","16165710","16165999","JH378171","5901188","5901476","44","10264522"
"chr3","16192476","16192755","JH378105","65395855","65396137","35","49203379"
"chr3","16200920","16201221","JH378130","605373","605677","40","15595547"
"chr3","16215218","16215490","JH378108","50701171","50701432","46","34485953"
"chr3","16278196","16278506","JH378132","21936850","21937158","50","5658654"
"chr3","16468333","16468624","JH378118","11558432","11558720","56","4909901"
"chr3","16481007","16481303","JH378107","30465183","30465481","40","13984176"
"chr3","16487963","16488238","JH378122","4971225","4971495","56","11516738"
"chr3","16697176","16697483","JH378170","1616807","1617104","41","15080369"
"chr3","16702922","16703219","JH378213","6894565","6894865","46","9808357"
"chr3","16754315","16754623","JH378153","14175225","14175527","43","2579090"
"chr3","16867732","16868023","JH378135","858419","858710","45","16009313"
"chr3","16873578","16873873","JH378172","9553918","9554219","56","7319660"
"chr3","17086445","17086756","JH378150","2634839","2635156","41","14451606"
"chr3","17099840","17100122","JH378139","369956","370243","39","16729884"
"chr3","17171921","17172220","JH378117","6274005","6274309","37","10897916"
"chr3","17180083","17180381","JH378172","9591179","9591478","41","7588904"
"chr3","17249721","17250022","JH378117","6202117","6202418","40","11047604"
"chr3","17289957","17290232","JH378139","17676474","17676761","55","386517"
"chr3","17354338","17354638","JH378116","14428154","14428454","41","2926184"
"chr3","17379034","17379325","JH378117","6076538","6076831","33","11302496"
"chr3","17406695","17406989","JH378117","28666592","28666888","45","11259897"
"chr3","17445622","17445935","JH378290","1006881","1007187","42","16438741"
"chr3","17484780","17485083","JH378118","10693452","10693756","40","6791328"
"chr3","17699976","17700285","JH378224","2515142","2515446","49","15184834"
"chr3","17751039","17751336","JH378242","734891","735189","48","17016148"
"chr3","17798416","17798678","JH378214","3038362","3038624","46","14760054"
"chr3","17801519","17801829","JH378127","22815027","22815328","61","5013508"
"chr3","17809153","17809433","JH378124","10618023","10618301","43","7191130"
"chr3","17818657","17818949","JH378149","1955740","1956029","39","15862917"
"chr3","17863108","17863367","JH378148","2002149","2002408","44","15860959"
"chr3","17977339","17977649","JH378112","34588773","34589078","46","16611434"
"chr3","18011221","18011545","JH378105","1099330","1099658","64","16911891"
"chr3","18024150","18024447","JH378111","8498303","8498600","46","9525847"
"chr3","18047305","18047611","JH378131","4880051","4880355","47","13167254"
"chr3","18108528","18108826","JH378111","11464738","11465037","41","6643790"
"chr3","18127010","18127303","JH378145","12891343","12891639","43","5235667"
"chr3","18328177","18328448","JH378106","59502813","59503069","56","41174636"
"chr3","18339967","18340270","JH378110","9867313","9867609","45","8472654"
"chr3","18439237","18439525","JH378139","17676474","17676761","48","762763"
"chr3","18571578","18571866","JH378122","7809799","7810085","39","10761779"
"chr3","18763540","18763833","JH378200","7105411","7105711","56","11658129"
"chr3","18792325","18792615","JH378176","9399651","9399930","50","9392674"
"chr3","18921691","18921967","JH378167","11533487","11533764","39","7388204"
"chr3","18989874","18990162","JH378107","57287252","57287540","38","38297378"
"chr3","19062322","19062633","JH378137","17631559","17631862","43","1430763"
"chr3","19193180","19193467","JH378114","41403997","41404287","40","22210817"
"chr3","19220717","19221000","JH378117","4331409","4331694","30","14889308"
"chr3","19331133","19331438","JH378195","8607946","8608249","52","10723187"
"chr3","19398346","19398656","JH378191","1183539","1183838","41","18214807"
"chr3","19407939","19408235","JH378153","10499076","10499371","57","8908863"
"chr3","19572335","19572618","JH378111","44623372","44623662","45","25051037"
"chr3","19577629","19577936","JH378308","1397452","1397755","43","18180177"
"chr3","19950190","19950481","JH378166","13743029","13743319","37","6207161"
"chr3","19961720","19962013","JH378120","26633579","26633882","50","6671859"
"chr3","20065640","20065927","JH378121","20933847","20934138","43","868207"
"chr3","20130683","20131003","JH378108","21011106","21011416","45","880423"
"chr3","20151118","20151409","JH378117","3606772","3607056","41","16544346"
"chr3","20161920","20162227","JH378148","12754921","12755229","44","7406999"
"chr3","20185409","20185699","JH378141","14454762","14455052","42","5730647"
"chr3","20187114","20187363","JH378206","3843876","3844134","45","16343238"
"chr3","20203460","20203753","JH378141","14454762","14455052","44","5748698"
"chr3","20214469","20214753","JH378133","10040192","10040484","40","10174277"
"chr3","20242871","20243148","JH378109","9337309","9337580","51","10905562"
"chr3","20254985","20255291","JH378208","1608154","1608459","53","18646831"
"chr3","20264293","20264584","JH378106","14024896","14025185","48","6239397"
"chr3","20265375","20265685","JH378107","46868219","46868530","47","26602844"
"chr3","20270069","20270379","JH378159","3867405","3867714","46","16402664"
"chr3","20274414","20274719","JH378113","15232832","15233136","44","5041582"
"chr3","20276167","20276462","JH378255","3947616","3947911","36","16328551"
"chr3","20277990","20278297","JH378120","18784950","18785250","52","1493040"
"chr3","20293814","20294118","JH378260","3829226","3829524","44","16464588"
"chr3","20296117","20296410","JH378109","8720176","8720466","53","11575941"
"chr3","20299977","20300249","JH378165","6030400","6030671","39","14269577"
"chr3","20305244","20305464","JH378121","28725056","28725276","29","8419812"
"chr3","20343398","20343701","JH378160","14347533","14347833","46","5995865"
"chr3","20347917","20348197","JH378140","5325520","5325814","47","15022397"
"chr3","20352862","20353149","JH378213","4435380","4435669","37","15917482"
"chr3","20386236","20386532","JH378179","613830","614131","51","19772406"
"chr3","20390357","20390669","JH378117","3383233","3383544","39","17007124"
"chr3","20405316","20405609","JH378106","3058385","3058676","36","17346931"
"chr3","20469483","20469779","JH378145","9809575","9809867","40","10659908"
"chr3","20472702","20473013","JH378108","50609420","50609729","42","30136718"
"chr3","20524576","20524737","JH378213","4947476","4947641","26","15577100"
"chr3","20551362","20551663","JH378125","15555750","15556048","46","4995612"
"chr3","20555580","20555887","JH378191","6399904","6400211","40","14155676"
"chr3","20569059","20569372","JH378105","68559645","68559948","54","47990586"
"chr3","20589069","20589365","JH378261","1571009","1571300","44","19018060"
"chr3","20699608","20699904","JH378163","7757698","7757994","47","12941910"
"chr3","20958148","20958446","JH378114","37107689","37107986","39","16149541"
"chr3","20967352","20967580","JH378190","9349905","9350131","39","11617447"
"chr3","20973161","20973444","JH378220","2931512","2931797","40","18041649"
"chr3","21053047","21053341","JH378115","25447895","25448188","38","4394848"
"chr3","21144879","21145170","JH378137","1413874","1414165","43","19731005"
"chr3","21427009","21427296","JH378112","32471767","32472052","54","11044758"
"chr3","21537685","21537995","JH378262","1793239","1793545","49","19744446"
"chr3","21691487","21691785","JH378116","14428154","14428454","37","7263333"
"chr3","21738982","21739272","JH378258","1807287","1807590","53","19931695"
"chr3","21829907","21830195","JH378127","5317720","5318008","48","16512187"
"chr3","21912331","21912622","JH378247","4426259","4426553","36","17486072"
"chr3","21982267","21982539","JH378247","594726","594998","44","21387541"
"chr3","22143890","22144014","JH378118","3991558","3991681","12","18152332"
"chr3","22165463","22165753","JH378114","42521542","42521831","43","20356079"
"chr3","22194950","22195261","JH378117","1793394","1793704","50","20401556"
"chr3","22274987","22275261","JH378114","33342121","33342392","46","11067134"
"chr3","22383067","22383366","JH378300","61533","61817","55","22321534"
"chr3","22469474","22469752","JH378162","11681967","11682260","48","10787507"
"chr3","22565190","22565484","JH378117","1468981","1469262","41","21096209"
"chr3","22572879","22573171","JH378260","445434","445733","58","22127445"
"chr3","22584525","22584826","JH378142","14547168","14547469","48","8037357"
"chr3","22635602","22635863","JH378173","10538496","10538753","45","12097106"
"chr3","22654049","22654264","JH378131","1523112","1523325","35","21130937"
"chr3","22723860","22724156","JH378185","6039029","6039324","45","16684831"
"chr3","22742432","22742725","JH378127","6399677","6399965","42","16342755"
"chr3","22795388","22795507","JH378350","127434","127552","14","22667954"
"chr3","22999436","22999733","JH378173","6660455","6660738","50","16338981"
"chr3","23103803","23104033","JH378163","12988035","12988264","33","10115768"
"chr3","23231903","23232197","JH378114","43443887","43444190","51","20211984"
"chr3","23284599","23284882","JH378116","28282701","28282994","43","4998102"
"chr3","23320056","23320066","JH378151","1066166","1066176","2","22253890"
"chr3","23320098","23320230","JH378248","1131095","1131226","17","22189003"
"chr3","23379991","23380270","JH378118","33683606","33683888","40","10303615"
"chr3","23431916","23432200","JH378117","688308","688596","41","22743608"
"chr3","23460639","23460940","JH378106","69063427","69063728","38","45602788"
"chr3","23463316","23463618","JH378148","16955481","16955786","40","6507835"
"chr3","23609311","23609612","JH378114","42185910","42186213","40","18576599"
"chr3","23661990","23662112","JH378106","50969566","50969687","19","27307576"
"chr3","23662140","23662263","JH378161","9876139","9876264","37","13786001"
"chr3","23745146","23745435","JH378110","19827299","19827595","41","3917847"
"chr3","23867919","23868213","JH378105","14432202","14432497","43","9435717"
"chr3","23900451","23900761","JH378166","2361289","2361587","54","21539162"
"chr3","23901641","23901746","JH378288","403448","403553","10","23498193"
"chr3","23913610","23913929","JH378213","5494755","5495068","40","18418855"
"chr3","23915924","23916216","JH378141","14454762","14455052","39","9461162"
"chr3","23928912","23929221","JH378111","26034614","26034912","53","2105702"
"chr3","23930812","23931132","JH378151","4578678","4578981","49","19352134"
"chr3","23936221","23936526","JH378113","15232832","15233136","45","8703389"
"chr3","23943027","23943325","JH378145","10818566","10818852","46","13124461"
"chr3","23958268","23958391","JH378112","14913112","14913229","14","9045156"
"chr3","23966629","23966934","JH378151","4578678","4578981","37","19387951"
"chr3","23984402","23984692","JH378122","22447926","22448218","42","1536476"
"chr3","24017019","24017324","JH378164","6673853","6674153","46","17343166"
"chr3","24077044","24077354","JH378114","38761470","38761775","47","14684426"
"chr3","24086590","24086897","JH378234","2806107","2806409","47","21280483"
"chr3","24116595","24116902","JH378108","20497499","20497784","71","3619096"
"chr3","24130053","24130335","JH378167","7961661","7961938","48","16168392"
"chr3","24136373","24136691","JH378135","1618015","1618319","51","22518358"
"chr3","24141893","24142189","JH378164","8015660","8015957","36","16126233"
"chr3","24145235","24145534","JH378247","2586913","2587203","43","21558322"
"chr3","24157234","24157536","JH378158","4130633","4130943","42","20026601"
"chr3","24194064","24194357","JH378176","9399651","9399930","43","14794413"
"chr3","24195503","24195782","JH378114","36224521","36224801","54","12029018"
"chr3","24200590","24200889","JH378198","1850800","1851105","51","22349790"
"chr3","24223167","24223442","JH378110","7925750","7926017","42","16297417"
"chr3","24239595","24239893","JH378164","1985629","1985927","40","22253966"
"chr3","24242790","24243090","JH378188","7232167","7232465","41","17010623"
"chr3","24243235","24243533","JH378213","3242672","3242967","34","21000563"
"chr3","24244998","24245286","JH378190","1394904","1395199","41","22850094"
"chr3","24250462","24250755","JH378115","39565442","39565741","42","15314980"
"chr3","24272709","24273004","JH378111","11464738","11465037","44","12807971"
"chr3","24298719","24299023","JH378118","23410989","23411298","43","887730"
"chr3","24307663","24307955","JH378185","2548053","2548342","39","21759610"
"chr3","24324698","24325000","JH378185","2561462","2561763","39","21763236"
"chr3","24411631","24411949","JH378109","25846015","25846327","43","1434384"
"chr3","24466788","24467075","JH378112","14859160","14859442","47","9607628"
"chr3","24473448","24473742","JH378118","11558432","11558720","33","12915016"
"chr3","24568868","24569166","JH378108","29092326","29092621","51","4523458"
"chr3","24692905","24693193","JH378304","60228","60512","46","24632677"
"chr3","24762623","24762925","JH378225","820768","821067","40","23941855"
"chr3","24802055","24802361","JH378117","37732677","37732982","48","12930622"
"chr3","24873737","24873942","JH378185","3107436","3107637","31","21766301"
"chr3","24989545","24989849","JH378262","1936694","1936996","35","23052851"
"chr3","25079736","25080023","JH378147","16242584","16242869","51","8837152"
"chr3","25090434","25090708","JH378271","2150445","2150714","44","22939989"
"chr3","25170494","25170746","JH378185","3399617","3399866","41","21770877"
"chr3","25256418","25256718","JH378242","734891","735189","39","24521527"
"chr3","25272181","25272487","JH378131","10260295","10260585","61","15011886"
"chr3","25278193","25278487","JH378173","10671195","10671487","44","14606998"
"chr3","25299534","25299843","JH378110","2590007","2590314","50","22709527"
"chr3","25326097","25326398","JH378143","6673988","6674287","53","18652109"
"chr3","25388995","25389281","JH378152","14378257","14378534","54","11010738"
"chr3","25392617","25392789","JH378119","34092724","34092888","32","8700107"
"chr3","25392826","25392953","JH378140","6963141","6963271","16","18429685"
"chr3","25399740","25400045","JH378142","1173704","1174003","45","24226036"
"chr3","25442433","25442741","JH378252","603677","603984","46","24838756"
"chr3","25541297","25541608","JH378135","3487580","3487886","42","22053717"
"chr3","25548422","25548699","JH378112","18574038","18574318","45","6974384"
"chr3","25634506","25634808","JH378106","69063427","69063728","43","43428921"
"chr3","25677893","25678182","JH378124","6152593","6152882","42","19525300"
"chr3","25682241","25682548","JH378105","5628272","5628580","53","20053969"
"chr3","25732790","25733102","JH378118","20140583","20140886","43","5592207"
"chr3","25742690","25742982","JH378264","1297708","1298000","35","24444982"
"chr3","25777543","25777835","JH378185","3974615","3974899","46","21802928"
"chr3","25854101","25854397","JH378115","3657170","3657463","36","22196931"
"chr3","25898538","25898838","JH378213","3242672","3242967","40","22655866"
"chr3","25902419","25902717","JH378242","734891","735189","40","25167528"
"chr3","25909880","25910173","JH378200","4317868","4318159","43","21592012"
"chr3","25921618","25921931","JH378111","34735037","34735341","71","8813419"
"chr3","25954045","25954346","JH378118","10693452","10693756","53","15260593"
"chr3","25999855","26000000","JH378125","5599410","5599561","23","20400445"
"chr3","26000699","26001006","JH378105","23798291","23798595","50","2202408"
"chr3","26045332","26045634","JH378107","18459762","18460063","39","7585570"
"chr3","26095764","26096080","JH378146","10070657","10070972","48","16025107"
"chr3","26120968","26121127","JH378172","7149327","7149485","20","18971641"
"chr3","26196098","26196405","JH378105","58654423","58654726","45","32458325"
"chr3","26320941","26321229","JH378200","957784","958071","50","25363157"
"chr3","26498259","26498513","JH378122","3727754","3728006","36","22770505"
"chr3","26580936","26581246","JH378294","1923938","1924234","55","24656998"
"chr3","26793050","26793329","JH378288","1300895","1301180","44","25492155"
"chr3","26809559","26809866","JH378242","3990301","3990608","43","22819258"
"chr3","26930331","26930655","JH378135","1929730","1930034","58","25000601"
"chr3","27073160","27073440","JH378120","21602762","21603041","50","5470398"
"chr3","27094883","27095174","JH378224","2110609","2110901","46","24984274"
"chr3","27296238","27296539","JH378132","2229026","2229323","45","25067212"
"chr3","27321160","27321467","JH378204","3129799","3130101","42","24191361"
"chr3","27361702","27361951","JH378234","3555583","3555834","45","23806119"
"chr3","27377757","27378052","JH378188","7232167","7232465","40","20145590"
"chr3","27580498","27580771","JH378165","6030400","6030671","41","21550098"
"chr3","27618971","27619254","JH378239","1819654","1819936","43","25799317"
"chr3","27634341","27634493","JH378185","5649226","5649378","15","21985115"
"chr3","27656841","27657084","JH378116","34611645","34611885","65","6954804"
"chr3","27660032","27660164","JH378140","6963141","6963271","10","20696891"
"chr3","27662085","27662399","JH378135","1618015","1618319","43","26044070"
"chr3","27669762","27670009","JH378118","33136244","33136492","59","5466482"
"chr3","27675803","27676091","JH378247","4186858","4187147","55","23488945"
"chr3","27678067","27678314","JH378164","2969878","2970138","58","24708189"
"chr3","27681822","27682037","JH378131","1523112","1523325","34","26158710"
"chr3","27682637","27682930","JH378106","16369530","16369822","51","11313107"
"chr3","27687249","27687522","JH378308","956120","956406","56","26731129"
"chr3","27688634","27688912","JH378173","6660455","6660738","54","21028179"
"chr3","27703869","27704151","JH378138","16793279","16793565","46","10910590"
"chr3","27704367","27704673","JH378185","5714110","5714405","46","21990257"
"chr3","27707212","27707482","JH378153","11512518","11512794","44","16194694"
"chr3","27707483","27707614","JH378108","45182926","45183057","18","17475443"
"chr3","27707709","27708008","JH378122","22447926","22448218","52","5259783"
"chr3","27708546","27708842","JH378225","962832","963129","38","26745714"
"chr3","27719233","27719497","JH378124","5094775","5095041","45","22624458"
"chr3","27735521","27735805","JH378130","10217495","10217787","63","17518026"
"chr3","27736571","27736720","JH378109","13136270","13136420","19","14600301"
"chr3","27756602","27756914","JH378105","49311533","49311837","42","21554931"
"chr3","27783411","27783722","JH378185","5790125","5790436","50","21993286"
"chr3","27795499","27795795","JH378141","15518519","15518815","40","12276980"
"chr3","27803181","27803485","JH378204","2377432","2377730","49","25425749"
"chr3","27808498","27808801","JH378111","8498303","8498600","44","19310195"
"chr3","27829636","27829986","JH378185","5829657","5830001","49","21999979"
"chr3","27840244","27840515","JH378105","18493606","18493876","44","9346638"
"chr3","27847752","27848075","JH378116","21642168","21642454","82","6205584"
"chr3","27850339","27850609","JH378185","5848973","5849243","38","22001366"
"chr3","27851907","27852213","JH378110","31358400","31358705","50","3506493"
"chr3","27869534","27869832","JH378153","14421312","14421611","43","13448222"
"chr3","27876468","27876774","JH378197","4356244","4356549","40","23520224"
"chr3","27898180","27898478","JH378192","8464766","8465066","41","19433414"
"chr3","27946032","27946293","JH378185","1446513","1446772","41","26499519"
"chr3","27960945","27961254","JH378135","16449037","16449347","43","11511908"
"chr3","27972329","27972633","JH378173","10651343","10651645","41","17320986"
"chr3","27973103","27973411","JH378206","7990839","7991141","51","19982264"
"chr3","27975437","27975731","JH378220","3229265","3229557","43","24746172"
"chr3","28067449","28067721","JH378190","6135160","6135434","39","21932289"
"chr3","28077172","28077446","JH378208","3136963","3137234","51","24940209"
"chr3","28091310","28091608","JH378123","5667081","5667374","42","22424229"
"chr3","28113597","28113885","JH378300","334787","335075","34","27778810"
"chr3","28132006","28132303","JH378127","19348533","19348831","42","8783473"
"chr3","28144870","28145169","JH378142","3051183","3051477","43","25093687"
"chr3","28179775","28180073","JH378213","448011","448310","38","27731764"
"chr3","28227196","28227479","JH378145","16027273","16027567","61","12199923"
"chr3","28253239","28253551","JH378134","15276798","15277108","48","12976441"
"chr3","28310680","28310979","JH378116","21873490","21873789","45","6437190"
"chr3","28359214","28359510","JH378114","37032043","37032346","52","8672829"
"chr3","28422086","28422395","JH378115","14987072","14987385","46","13435014"
"chr3","28436512","28436822","AGCE01150056","516","820","43","28435996"
"chr3","28455033","28455330","JH378187","3252575","3252870","43","25202458"
"chr3","28467190","28467506","JH378269","2798798","2799107","46","25668392"
"chr3","28483067","28483329","JH378105","60476588","60476842","48","31993521"
"chr3","28495144","28495458","JH378113","17082809","17083121","52","11412335"
"chr3","28609425","28609715","JH378134","11412220","11412508","46","17197205"
"chr3","28681353","28681655","JH378186","2585451","2585757","45","26095902"
"chr3","28715676","28716000","JH378188","7490346","7490651","62","21225330"
"chr3","28723934","28724202","JH378115","26765113","26765374","40","1958821"
"chr3","28744873","28745184","JH378264","3529382","3529690","44","25215491"
"chr3","28809092","28809362","JH378271","2150445","2150714","42","26658647"
"chr3","29078903","29079179","JH378144","6543988","6544267","40","22534915"
"chr3","29194922","29195217","JH378123","5667081","5667374","44","23527841"
"chr3","29241563","29241860","JH378187","3252575","3252870","40","25988988"
"chr3","29373996","29374296","JH378142","1173704","1174003","44","28200292"
"chr3","29432653","29432943","JH378232","4603175","4603466","43","24829478"
"chr3","29604746","29605044","JH378118","10693452","10693756","38","18911294"
"chr3","29670299","29670571","JH378117","8013141","8013415","42","21657158"
"chr3","29708357","29708657","JH378236","14671","14976","48","29693686"
"chr3","29756217","29756519","JH378156","1923711","1924009","46","27832506"
"chr3","29926113","29926421","JH378150","372421","372728","46","29553692"
"chr3","30008964","30009264","JH378155","5951411","5951721","42","24057553"
"chr3","30035814","30036101","JH378118","11558432","11558720","50","18477382"
"chr3","30187231","30187529","JH378185","8107579","8107874","45","22079652"
"chr3","30346514","30346822","JH378113","15232832","15233136","54","15113682"
"chr3","30432332","30432634","JH378150","15636556","15636859","54","14795776"
"chr3","30578999","30579115","JH378266","1597768","1597882","17","28981231"
"chr3","30684604","30684899","JH378173","675105","675399","54","30009499"
"chr3","30739537","30739806","JH378106","61927616","61927885","39","31188079"
"chr3","30767709","30768008","JH378240","3063301","3063598","48","27704408"
"chr3","30771958","30772263","JH378149","15885379","15885676","44","14886579"
"chr3","30803161","30803473","JH378110","12334503","12334809","52","18468658"
"chr3","30959798","30960105","JH378114","37032043","37032346","46","6072245"
"chr3","30979884","30980157","JH378164","9503200","9503486","58","21476684"
"chr3","30993146","30993416","JH378113","5988540","5988803","55","25004606"
"chr3","31055001","31055280","JH378232","3348298","3348573","40","27706703"
"chr3","31055472","31055772","JH378151","4578678","4578981","40","26476794"
"chr3","31140186","31140494","JH378188","7490346","7490651","45","23649840"
"chr3","31175417","31175712","JH378242","734891","735189","41","30440526"
"chr3","31180342","31180645","JH378262","1936694","1936996","39","29243648"
"chr3","31202675","31202967","JH378247","4426259","4426553","43","26776416"
"chr3","31226432","31226734","JH378153","14175225","14175527","46","17051207"
"chr3","31537545","31537809","JH378167","3940307","3940574","42","27597238"
"chr3","31605317","31605614","JH378249","721031","721325","39","30884286"
"chr3","31698329","31698606","JH378140","4585375","4585650","58","27112954"
"chr3","31723482","31723771","JH378144","3975545","3975838","39","27747937"
"chr3","31785362","31785638","JH378185","9563737","9564016","55","22221625"
"chr3","31893116","31893423","JH378153","14576892","14577197","46","17316224"
"chr3","31922100","31922359","JH378151","9806135","9806395","47","22115965"
"chr3","31935002","31935310","JH378185","9716882","9717191","39","22218120"
"chr3","31950236","31950550","JH378105","2296506","2296810","47","29653730"
"chr3","32022425","32022716","JH378321","728268","728547","56","31294157"
"chr3","32022946","32023212","JH378185","9869807","9870074","47","22153139"
"chr3","32045260","32045537","JH378185","9831377","9831644","39","22213883"
"chr3","32066527","32066828","JH378177","9865797","9866102","43","22200730"
"chr3","32090477","32090786","JH378118","10693452","10693756","49","21397025"
"chr3","32105124","32105397","JH378260","2450704","2450976","38","29654420"
"chr3","32164879","32165203","JH378157","7951050","7951361","49","24213829"
"chr3","32166542","32166830","JH378122","7104036","7104320","56","25062506"
"chr3","32222391","32222678","JH378108","50685837","50686123","36","18463446"
"chr3","32228592","32228688","JH378112","21682946","21683043","14","10545646"
"chr3","32229303","32229580","JH378182","136111","136392","39","32093192"
"chr3","32272620","32272916","JH378176","7180922","7181218","45","25091698"
"chr3","32302132","32302412","JH378107","6944819","6945092","54","25357313"
"chr3","32335984","32336270","JH378121","16980403","16980697","47","15355581"
"chr3","32339154","32339457","JH378124","18213319","18213624","48","14125835"
"chr3","32366791","32367088","JH378206","2077548","2077843","46","30289243"
"chr3","32380747","32380868","JH378137","16895293","16895416","21","15485454"
"chr3","32380899","32381041","JH378128","25274620","25274764","22","7106279"
"chr3","32381081","32381377","JH378252","4291425","4291721","46","28089656"
"chr3","32417755","32418057","JH378155","5368385","5368692","41","27049370"
"chr3","32429503","32429815","JH378162","8182146","8182454","46","24247357"
"chr3","32431043","32431343","JH378161","12410184","12410481","45","20020859"
"chr3","32481390","32481600","JH378134","14095096","14095309","34","18386294"
"chr3","32517671","32517962","JH378169","986155","986454","50","31531516"
"chr3","32525706","32525996","JH378118","28802926","28803223","45","3722780"
"chr3","32526890","32527199","JH378110","12334503","12334809","44","20192387"
"chr3","32546862","32547155","JH378111","43268192","43268483","30","10721330"
"chr3","32558248","32558517","JH378223","5763375","5763643","36","26794873"
"chr3","32575410","32575691","JH378124","10016046","10016322","41","22559364"
"chr3","32581427","32581719","JH378136","272512","272800","34","32308915"
"chr3","32582059","32582271","JH378226","1859769","1859938","77","30722290"
"chr3","32582578","32582712","JH378125","4589691","4589826","13","27992887"
"chr3","32583648","32583975","JH378152","16188403","16188709","58","16395245"
"chr3","32584732","32585047","JH378110","32418367","32418669","54","166365"
"chr3","32602880","32603181","JH378232","2013278","2013575","50","30589602"
"chr3","32634112","32634433","JH378157","11907979","11908290","53","20726133"
"chr3","32636151","32636459","JH378105","2296506","2296810","44","30339645"
"chr3","32643785","32643866","JH378148","3703055","3703136","8","28940730"
"chr3","32669454","32669747","JH378123","5667081","5667374","37","27002373"
"chr3","32672244","32672515","JH378127","12721842","12722114","40","19950402"
"chr3","32672609","32672929","JH378137","9037829","9038139","64","23634780"
"chr3","32706387","32706517","JH378140","6797097","6797227","15","25909290"
"chr3","32742431","32742619","JH378173","1984503","1984691","31","30757928"
"chr3","32744062","32744360","JH378141","9524229","9524528","45","23219833"
"chr3","32749356","32749639","JH378176","9399651","9399930","46","23349705"
"chr3","32759490","32759736","JH378123","45829","46071","43","32713661"
"chr3","32778205","32778507","JH378105","51901786","51902084","37","19123581"
"chr3","32786940","32787225","JH378110","35213218","35213515","47","2426278"
"chr3","32806815","32807093","JH378133","9107048","9107334","48","23699767"
"chr3","32811786","32811916","JH378113","24184594","24184718","42","8627192"
"chr3","32812194","32812386","JH378206","2257956","2258150","43","30554238"
"chr3","32814935","32815245","JH378291","1305578","1305884","50","31509357"
"chr3","32817490","32817771","JH378105","50034667","50034949","50","17217177"
"chr3","32828485","32828804","JH378146","10447503","10447803","60","22380982"
"chr3","32829816","32830123","JH378114","41499633","41499943","42","8669817"
"chr3","32833770","32834049","JH378189","177130","177409","51","32656640"
"chr3","32847185","32847497","JH378142","3019206","3019515","45","29827979"
"chr3","32850934","32851256","JH378108","38073678","38073985","51","5222744"
"chr3","32868184","32868487","JH378149","14367499","14367804","44","18500685"
"chr3","32872470","32872765","JH378187","3545924","3546220","34","29326546"
"chr3","32877736","32877873","JH378296","556970","557110","20","32320766"
"chr3","32877960","32878248","JH378129","21695439","21695731","50","11182521"
"chr3","32882250","32882396","JH378139","15687577","15687722","30","17194673"
"chr3","32882730","32882886","JH378167","508244","508403","32","32374486"
"chr3","32884814","32885117","JH378124","13618146","13618450","39","19266668"
"chr3","32893282","32893581","JH378116","14428154","14428454","40","18465128"
"chr3","32901705","32902001","JH378168","3584634","3584929","42","29317071"
"chr3","32907290","32907590","JH378107","45959180","45959476","48","13051890"
"chr3","32913886","32914119","JH378117","35426179","35426413","40","2512293"
"chr3","32915299","32915597","JH378153","14175225","14175527","45","18740074"
"chr3","32918712","32919002","JH378191","967537","967830","36","31951175"
"chr3","32926385","32926519","JH378232","3703074","3703213","27","29223311"
"chr3","32943315","32943621","JH378119","29806443","29806746","55","3136872"
"chr3","32947974","32948259","JH378108","32912059","32912352","56","35915"
"chr3","32958035","32958217","JH378188","9517634","9517812","30","23440401"
"chr3","32960060","32960204","JH378105","46725246","46725388","18","13765186"
"chr3","32971040","32971383","JH378196","3872159","3872491","65","29098881"
"chr3","32977575","32977858","JH378129","1514732","1515016","44","31462843"
"chr3","32980044","32980352","JH378291","1305578","1305884","38","31674466"
"chr3","32983381","32983683","JH378262","1936694","1936996","48","31046687"
"chr3","32995763","32996052","JH378119","27329164","27329455","44","5666599"
"chr3","33006408","33006707","JH378151","5890359","5890655","44","27116049"
"chr3","33009182","33009469","JH378262","2343023","2343314","33","30666159"
"chr3","33019734","33020040","JH378138","13484784","13485080","61","19534950"
"chr3","33021160","33021340","JH378219","6396636","6396804","33","26624524"
"chr3","33022015","33022323","JH378153","14175225","14175527","41","18846790"
"chr3","33033716","33034018","JH378220","4563341","4563637","53","28470375"
"chr3","33037083","33037392","JH378179","1607840","1608151","37","31429243"
"chr3","33063886","33064180","JH378113","20938971","20939266","42","12124915"
"chr3","33085982","33086286","JH378195","8547789","8548098","48","24538193"
"chr3","33093123","33093414","JH378242","734891","735189","44","32358232"
"chr3","33107613","33107898","JH378160","12890237","12890523","55","20217376"
"chr3","33112095","33112375","JH378106","14249817","14250098","59","18862278"
"chr3","33116209","33116342","JH378206","438225","438357","16","32677984"
"chr3","33147407","33147483","JH378113","28408602","28408678","14","4738805"
"chr3","33159715","33159996","JH378189","177130","177409","37","32982585"
"chr3","33174087","33174372","JH378279","2969781","2970070","47","30204306"
"chr3","33181793","33182106","JH378150","9553963","9554269","40","23627830"
"chr3","33192183","33192468","JH378129","12033076","12033373","47","21159107"
"chr3","33196751","33197032","JH378140","4991556","4991842","46","28205195"
"chr3","33222415","33222712","JH378154","2415687","2415984","44","30806728"
"chr3","33245838","33246138","JH378190","6060461","6060741","80","27185377"
"chr3","33261855","33262150","JH378127","16083164","16083457","41","17178691"
"chr3","33268691","33268896","JH378326","547403","547603","23","32721288"
"chr3","33270946","33271242","JH378238","5034133","5034426","36","28236813"
"chr3","33324714","33324995","JH378225","6452973","6453256","42","26871741"
"chr3","33356200","33356490","JH378113","21234201","21234490","40","12121999"
"chr3","33358925","33359261","JH378150","7737345","7737676","51","25621580"
"chr3","33378076","33378364","JH378146","9924012","9924302","39","23454064"
"chr3","33380507","33380788","JH378191","3580069","3580349","44","29800438"
"chr3","33391910","33392045","JH378108","26007709","26007841","16","7384201"
"chr3","33392349","33392510","JH378148","2046250","2046409","30","31346099"
"chr3","33398213","33398524","JH378123","28766081","28766389","35","4632132"
"chr3","33408840","33409153","JH378110","10277710","10278010","63","23131130"
"chr3","33420364","33420675","JH378108","34552149","34552452","44","1131785"
"chr3","33435363","33435691","JH378127","19435851","19436169","59","13999512"
"chr3","33472054","33472267","JH378108","44632200","44632402","49","11160146"
"chr3","33487684","33487991","JH378160","12202742","12203045","42","21284942"
"chr3","33516208","33516508","JH378146","9828755","9829060","34","23687453"
"chr3","33520193","33520474","JH378131","23998020","23998301","45","9522173"
"chr3","33522497","33522827","JH378146","9821541","9821856","54","23700956"
"chr3","33534875","33535161","JH378112","12605686","12605972","38","20929189"
"chr3","33540152","33540446","JH378203","2021950","2022247","42","31518202"
"chr3","33545088","33545399","JH378115","34769363","34769654","59","1224275"
"chr3","33558794","33559122","JH378194","7860755","7861064","70","25698039"
"chr3","33564589","33564887","JH378125","5364994","5365289","50","28199595"
"chr3","33573860","33574158","JH378156","3853230","3853526","43","29720630"
"chr3","33576030","33576345","JH378173","2801631","2801939","50","30774399"
"chr3","33586117","33586420","JH378203","7036188","7036492","38","26549929"
"chr3","33592084","33592396","JH378199","3558279","3558591","43","30033805"
"chr3","33594431","33594745","JH378242","734891","735189","53","32859540"
"chr3","33602633","33602889","JH378146","9756021","9756280","28","23846612"
"chr3","33634164","33634470","JH378153","9926861","9927172","43","23707303"
"chr3","33642597","33642727","JH378132","145543","145673","14","33497054"
"chr3","33645145","33645442","JH378146","9713148","9713446","47","23931997"
"chr3","33648134","33648426","JH378110","30028776","30029071","41","3619358"
"chr3","33652718","33653000","JH378108","42336136","42336414","53","8683418"
"chr3","33656436","33656743","JH378194","2282818","2283122","37","31373618"
"chr3","33665190","33665389","JH378149","3811566","3811767","37","29853624"
"chr3","33702918","33703187","JH378153","10915110","10915388","51","22787808"
"chr3","33713938","33714234","JH378146","9661685","9661970","39","24052253"
"chr3","33717421","33717704","JH378112","12605686","12605972","46","21111735"
"chr3","33730836","33731126","JH378133","9554694","9554989","42","24176142"
"chr3","33736650","33736934","JH378130","1568570","1568862","50","32168080"
"chr3","33737377","33737678","JH378220","4188358","4188661","44","29549019"
"chr3","33739779","33740037","JH378107","29393673","29393934","37","4346106"
"chr3","33751796","33752077","JH378105","6621498","6621779","36","27130298"
"chr3","33756732","33757022","JH378244","3283576","3283868","40","30473156"
"chr3","33763793","33764071","JH378105","51247753","51248028","48","17483960"
"chr3","33768640","33768936","JH378129","7012435","7012731","52","26756205"
"chr3","33772071","33772122","JH378106","21464701","21464751","20","12307370"
"chr3","33806869","33807165","JH378150","8762710","8763014","47","25044159"
"chr3","33820333","33820645","JH378249","1601829","1602137","45","32218504"
"chr3","33831199","33831487","JH378140","4991556","4991842","45","28839643"
"chr3","33858717","33859018","JH378139","10433692","10433994","37","23425025"
"chr3","33873204","33873476","JH378127","12721842","12722114","36","21151362"
"chr3","33888974","33889262","JH378141","16031711","16031999","45","17857263"
"chr3","33904297","33904596","JH378109","9870952","9871241","68","24033345"
"chr3","33946683","33946997","JH378151","14190592","14190902","41","19756091"
"chr3","33963853","33964135","JH378264","3817700","3817980","41","30146153"
"chr3","33985942","33986243","JH378113","15232832","15233136","38","18753110"
"chr3","33993557","33993852","JH378146","9395098","9395397","38","24598459"
"chr3","33996308","33996586","JH378125","2463243","2463515","45","31533065"
"chr3","33996607","33996895","JH378137","3073918","3074209","45","30922689"
"chr3","34000004","34000223","JH378105","45800047","45800258","44","11800043"
"chr3","34004563","34004844","JH378253","2671303","2671584","34","31333260"
"chr3","34015687","34015978","JH378247","2586913","2587203","36","31428774"
"chr3","34037489","34037801","JH378117","15749415","15749721","41","18288074"
"chr3","34057538","34057844","JH378116","20516538","20516841","44","13541000"
"chr3","34123877","34124159","JH378177","5640956","5641241","36","28482921"
"chr3","34203239","34203541","JH378135","1618015","1618319","38","32585224"
"chr3","34450306","34450589","JH378135","14597687","14597982","40","19852619"
"chr3","34490237","34490472","JH378225","1669956","1670188","35","32820281"
"chr3","34528617","34528924","JH378153","9926861","9927172","44","24601756"
"chr3","34559143","34559447","JH378146","8853847","8854158","51","25705296"
"chr3","34700605","34700919","JH378255","1987046","1987357","39","32713559"
"chr3","34826750","34827029","JH378238","1519972","1520251","42","33306778"
"chr3","34830720","34831011","JH378291","130444","130734","39","34700276"
"chr3","34852819","34853093","JH378213","4422853","4423134","43","30429966"
"chr3","34950452","34950752","JH378127","19348533","19348831","45","15601919"
"chr3","35021871","35022163","JH378158","4837266","4837562","45","30184605"
"chr3","35050263","35050548","JH378146","8438043","8438323","35","26612220"
"chr3","35091504","35091789","JH378131","2363966","2364250","57","32727538"
"chr3","35149615","35149915","JH378146","8354725","8355027","40","26794890"
"chr3","35315908","35316203","JH378242","734891","735189","42","34581017"
"chr3","35330639","35330946","JH378108","38073678","38073985","48","2743039"
"chr3","35369053","35369349","JH378151","14514331","14514627","49","20854722"
"chr3","35457959","35458196","JH378126","1725732","1725968","45","33732227"
"chr3","35512073","35512363","JH378140","5325520","5325814","40","30186553"
"chr3","35597539","35597823","JH378108","20497499","20497784","48","15100040"
"chr3","35790069","35790372","JH378110","9867313","9867609","47","25922756"
"chr3","35817707","35817996","JH378117","6076538","6076831","41","29741169"
"chr3","36062468","36062761","JH378186","4814679","4814977","44","31247789"
"chr3","36076932","36077238","JH378148","13262362","13262662","44","22814570"
"chr3","36105815","36106117","JH378133","10608040","10608336","47","25497775"
"chr3","36150107","36150379","JH378148","16708026","16708305","52","19442081"
"chr3","36151078","36151373","JH378112","32590536","32590832","37","3560542"
"chr3","36271130","36271409","JH378141","14942212","14942489","44","21328918"
"chr3","36271983","36272262","JH378171","5901188","5901476","40","30370795"
"chr3","36548681","36548983","JH378146","7084688","7084991","35","29463993"
"chr3","36565828","36566140","JH378238","4501355","4501658","51","32064473"
"chr3","36646161","36646441","JH378105","6621498","6621779","36","30024663"
"chr3","36677822","36677962","JH378132","2404371","2404501","29","34273451"
"chr3","36702057","36702370","JH378112","33452684","33452993","44","3249373"
"chr3","36744173","36744447","JH378260","2450704","2450976","40","34293469"
"chr3","36926375","36926648","JH378105","6183455","6183736","55","30742920"
"chr3","36975255","36975533","JH378213","4413166","4413443","43","32562089"
"chr3","36990435","36990727","JH378165","1378573","1378868","38","35611862"
"chr3","37068819","37069115","JH378119","360557","360852","39","36708262"
"chr3","37085786","37086062","JH378146","6617039","6617318","42","30468747"
"chr3","37110076","37110362","JH378137","4142276","4142556","48","32967800"
"chr3","37111122","37111434","JH378110","2590007","2590314","47","34521115"
"chr3","37113782","37114097","JH378127","13229242","13229553","50","23884540"
"chr3","37125993","37126258","JH378119","28870424","28870688","53","8255569"
"chr3","37129151","37129438","JH378242","734891","735189","45","36394260"
"chr3","37139808","37140097","JH378189","177130","177409","54","36962678"
"chr3","37149234","37149370","JH378105","46725246","46725388","18","9576012"
"chr3","37156083","37156380","JH378140","17700100","17700382","54","19455983"
"chr3","37179979","37180266","JH378146","6508784","6509080","48","30671195"
"chr3","37196010","37196146","JH378108","49180782","49180912","19","11984772"
"chr3","37196148","37196463","JH378152","16188403","16188709","51","21007745"
"chr3","37197580","37197880","JH378146","6486543","6486844","37","30711037"
"chr3","37247264","37247570","JH378224","2515142","2515446","37","34732122"
"chr3","37255350","37255619","JH378245","2478506","2478773","39","34776844"
"chr3","37265477","37265762","JH378204","6750334","6750618","41","30515143"
"chr3","37290864","37291175","JH378255","3447746","3448043","55","33843118"
"chr3","37351472","37351763","JH378146","6324416","6324702","52","31027056"
"chr3","37353717","37354009","JH378108","30957686","30957982","33","6396031"
"chr3","37356445","37356765","JH378118","9514109","9514415","59","27842336"
"chr3","37386548","37386732","JH378132","9473063","9473248","23","27913485"
"chr3","37407764","37408049","JH378127","18379484","18379764","45","19028280"
"chr3","37413797","37414078","JH378126","22670575","22670860","48","14743222"
"chr3","37432921","37433217","JH378242","734891","735189","42","36698030"
"chr3","37435415","37435711","JH378123","21695970","21696268","38","15739445"
"chr3","37447812","37448101","JH378242","734891","735189","41","36712921"
"chr3","37452215","37452483","JH378238","1405402","1405674","36","36046813"
"chr3","37456074","37456383","JH378288","2786677","2786981","46","34669397"
"chr3","37487183","37487485","JH378123","21695970","21696268","35","15791213"
"chr3","37504863","37505147","JH378115","3373630","3373913","37","34131233"
"chr3","37509885","37510203","JH378114","36876536","36876843","58","633349"
"chr3","37531585","37531644","JH378111","17103761","17103827","12","20427824"
"chr3","37588209","37588506","JH378131","10241080","10241369","41","27347129"
"chr3","37589579","37589866","JH378257","303275","303558","44","37286304"
"chr3","37592087","37592388","JH378129","3247646","3247946","41","34344441"
"chr3","37593670","37593967","JH378191","6003716","6004010","51","31589954"
"chr3","37604906","37605208","JH378255","1058410","1058705","39","36546496"
"chr3","37608363","37608673","JH378195","2739429","2739740","40","34868934"
"chr3","37615205","37615504","JH378227","4128974","4129267","40","33486231"
"chr3","37634166","37634467","JH378110","8289113","8289410","46","29345053"
"chr3","37655629","37655942","JH378105","18443007","18443317","48","19212622"
"chr3","37656103","37656410","JH378117","15749415","15749721","44","21906688"
"chr3","37685578","37685866","JH378133","9743043","9743332","34","27942535"
"chr3","37697771","37698070","JH378146","6016155","6016460","52","31681616"
"chr3","37828402","37828686","JH378124","5131942","5132232","41","32696460"
"chr3","37867589","37867880","JH378242","734891","735189","43","37132698"
"chr3","37883162","37883463","JH378153","14421312","14421611","39","23461850"
"chr3","37993264","37993570","JH378148","13262362","13262662","41","24730902"
"chr3","37998177","37998471","JH378170","1616807","1617104","35","36381370"
"chr3","38001113","38001411","JH378187","3086525","3086818","32","34914588"
"chr3","38020330","38020627","JH378108","26901048","26901345","45","11119282"
"chr3","38037871","38038170","JH378220","667156","667455","38","37370715"
"chr3","38040674","38040998","JH378112","12314177","12314498","49","25726497"
"chr3","38111927","38112228","JH378110","2590007","2590314","38","35521920"
"chr3","38124421","38124717","JH378105","22547233","22547531","56","15577188"
"chr3","38194532","38194826","JH378136","354228","354520","41","37840304"
"chr3","38215317","38215567","JH378139","13387568","13387813","41","24827749"
"chr3","38224053","38224358","JH378205","4278012","4278319","37","33946041"
"chr3","38238612","38238925","JH378148","16955481","16955786","41","21283131"
"chr3","38264299","38264433","JH378146","5438145","5438276","14","32826154"
"chr3","38325798","38326082","JH378204","4012532","4012811","43","34313266"
"chr3","38332798","38333109","JH378314","474516","474823","44","37858282"
"chr3","38355599","38355884","JH378166","530033","530321","53","37825566"
"chr3","38413302","38413609","JH378164","6673853","6674153","55","31739449"
"chr3","38443648","38443946","JH378235","366992","367283","40","38076656"
"chr3","38464394","38464701","JH378115","30401019","30401318","43","8063375"
"chr3","38503214","38503492","JH378107","4953032","4953313","43","33550182"
"chr3","38518757","38519069","JH378189","1417098","1417408","43","37101659"
"chr3","38531060","38531384","JH378146","5171639","5171945","58","33359421"
"chr3","38557608","38557910","JH378108","38073678","38073985","49","483930"
"chr3","38564226","38564535","JH378262","1936694","1936996","42","36627532"
"chr3","38569627","38569916","JH378123","29146890","29147186","52","9422737"
"chr3","38676990","38677275","JH378146","5046360","5046632","51","33630630"
"chr3","38684379","38684606","JH378118","9102584","9102810","35","29581795"
"chr3","38707928","38708217","JH378318","756868","757159","41","37951060"
"chr3","38737298","38737593","JH378143","8639762","8640057","35","30097536"
"chr3","38757717","38757822","JH378105","59477689","59477795","11","20719972"
"chr3","38773141","38773445","JH378143","5579727","5580030","56","33193414"
"chr3","38791376","38791654","JH378147","15759138","15759416","41","23032238"
"chr3","38841091","38841354","JH378136","14898747","14899023","44","23942344"
"chr3","38912580","38912881","JH378146","4814040","4814342","43","34098540"
"chr3","38989394","38989684","JH378119","360557","360852","39","38628837"
"chr3","39044502","39044811","JH378184","5228496","5228807","37","33816006"
"chr3","39155422","39155708","JH378125","9411550","9411835","41","29743872"
"chr3","39189581","39189884","JH378146","4557348","4557650","45","34632233"
"chr3","39192861","39193137","JH378114","19477276","19477551","37","19715585"
"chr3","39208380","39208663","JH378141","2681267","2681544","43","36527113"
"chr3","39208707","39208737","JH378113","38140728","38140753","12","1067979"
"chr3","39232129","39232423","JH378111","8498303","8498600","36","30733826"
"chr3","39255329","39255638","JH378179","1607840","1608151","48","37647489"
"chr3","39269992","39270261","JH378250","2248287","2248553","45","37021705"
"chr3","39298644","39298949","JH378151","6150117","6150421","47","33148527"
"chr3","39333466","39333728","JH378147","10698721","10698977","40","28634745"
"chr3","39347564","39347863","JH378135","870271","870569","56","38477293"
"chr3","39371374","39371667","JH378116","25790477","25790774","44","13580897"
"chr3","39375124","39375410","JH378283","1409036","1409310","46","37966088"
"chr3","39392489","39392775","JH378214","5755548","5755843","42","33636941"
"chr3","39393991","39394272","JH378122","7809799","7810085","43","31584192"
"chr3","39421176","39421497","JH378153","5074032","5074342","45","34347144"
"chr3","39491215","39491508","JH378204","7795535","7795827","52","31695680"
"chr3","39530838","39531072","JH378225","1669956","1670188","33","37860882"
"chr3","39539862","39540116","JH378129","6769846","6770101","40","32770016"
"chr3","39543186","39543490","JH378115","30401019","30401318","42","9142167"
"chr3","39569466","39569776","JH378118","10693452","10693756","40","28876014"
"chr3","39574604","39574912","JH378173","6575149","6575450","42","32999455"
"chr3","39577675","39577976","JH378170","4300963","4301254","47","35276712"
"chr3","39582649","39582935","JH378130","1568570","1568862","54","38014079"
"chr3","39587725","39588036","JH378156","2668706","2669015","48","36919019"
"chr3","39589746","39590020","JH378112","32686929","32687213","51","6902817"
"chr3","39593479","39593790","JH378135","10051376","10051674","58","29542103"
"chr3","39620137","39620415","JH378173","4795221","4795500","45","34824916"
"chr3","39629659","39629796","JH378173","4707069","4707205","17","34922590"
"chr3","39631553","39631866","JH378153","3758639","3758950","42","35872914"
"chr3","39633540","39633675","JH378123","17519760","17519895","18","22113780"
"chr3","39635541","39635806","JH378114","20734954","20735221","35","18900587"
"chr3","39642156","39642471","JH378148","16955481","16955786","49","22686675"
"chr3","39645813","39646109","JH378246","1887976","1888270","39","37757837"
"chr3","39682993","39683130","JH378296","556970","557110","18","39126023"
"chr3","39818826","39819134","JH378114","20897206","20897509","36","18921620"
"chr3","39825013","39825294","JH378339","508040","508316","49","39316973"
"chr3","39888537","39888737","JH378226","5523301","5523501","23","34365236"
"chr3","39981812","39982121","JH378269","2798798","2799107","36","37183014"
"chr3","40034734","40035008","JH378116","4838684","4838956","37","35196050"
"chr3","40100569","40100871","JH378116","14428154","14428454","30","25672415"
"chr3","40124219","40124522","JH378157","14081078","14081387","54","26043141"
"chr3","40328200","40328509","JH378106","69562637","69562935","41","29234437"
"chr3","40422953","40423239","JH378185","9919928","9920205","39","30503025"
"chr3","40458346","40458626","JH378189","1081035","1081323","46","39377311"
"chr3","40460232","40460503","JH378205","7372356","7372632","39","33087876"
"chr3","40510407","40510695","JH378111","43268192","43268483","39","2757785"
"chr3","40516413","40516717","JH378248","2693342","2693641","52","37823071"
"chr3","40519098","40519396","JH378117","28653042","28653341","50","11866056"
"chr3","40527638","40527944","JH378140","16383226","16383525","48","24144412"
"chr3","40565475","40565782","JH378109","26397557","26397861","48","14167918"
"chr3","40596700","40596967","JH378342","63308","63574","36","40533392"
"chr3","40608760","40609046","JH378139","369956","370243","42","40238804"
"chr3","40635680","40635967","JH378125","12308732","12309029","70","28326948"
"chr3","40668050","40668160","JH378142","12096826","12096936","16","28571224"
"chr3","40677456","40677654","JH378156","15927601","15927800","28","24749855"
"chr3","40687617","40687923","JH378118","10693452","10693756","40","29994165"
"chr3","40696384","40696674","JH378157","3087214","3087485","52","37609170"
"chr3","40709368","40709646","JH378263","781754","782032","41","39927614"
"chr3","40712314","40712591","JH378180","5047484","5047772","46","35664830"
"chr3","40714440","40714733","JH378290","1449167","1449465","39","39265273"
"chr3","40724533","40724799","JH378115","3070678","3070951","52","37653855"
"chr3","40726079","40726387","JH378206","918187","918493","42","39807892"
"chr3","40726726","40727026","JH378176","9880106","9880396","46","30846620"
"chr3","40795114","40795398","JH378146","3056727","3057008","45","37738387"
"chr3","41017778","41018064","JH378152","14449530","14449815","43","26568248"
"chr3","41024837","41025135","JH378149","16695001","16695300","42","24329836"
"chr3","41060089","41060379","JH378239","5566205","5566489","38","35493884"
"chr3","41066204","41066513","JH378111","9912952","9913260","47","31153252"
"chr3","41195304","41195595","JH378105","65422606","65422894","44","24227302"
"chr3","41206685","41206986","JH378262","1936694","1936996","40","39269991"
"chr3","41268004","41268304","JH378116","14428154","14428454","39","26839850"
"chr3","41442083","41442387","JH378135","18392817","18393119","40","23049266"
"chr3","41491849","41492155","JH378114","42185910","42186213","40","694061"
"chr3","41515657","41515942","JH378194","7650194","7650482","50","33865463"
"chr3","41579790","41580065","JH378105","22316938","22317211","57","19262852"
"chr3","41591649","41591957","JH378184","9312424","9312730","52","32279225"
"chr3","41619653","41619990","JH378122","4663539","4663860","57","36956114"
"chr3","41625460","41625737","JH378110","29311133","29311408","49","12314327"
"chr3","41637999","41638294","JH378125","15313063","15313352","41","26324936"
"chr3","41644081","41644392","JH378112","33452684","33452993","44","8191397"
"chr3","41684775","41685082","JH378146","2162353","2162663","46","39522422"
"chr3","41763175","41763481","JH378158","4165138","4165432","67","37598037"
"chr3","41768971","41769276","JH378171","1227829","1228136","42","40541142"
"chr3","41820486","41820778","JH378188","7232167","7232465","47","34588319"
"chr3","41847081","41847392","JH378123","17033428","17033740","44","24813653"
"chr3","41875286","41875568","JH378113","32481782","32482060","40","9393504"
"chr3","41878960","41879253","JH378140","13802638","13802933","34","28076322"
"chr3","41882948","41883247","JH378186","1525813","1526111","45","40357135"
"chr3","41899020","41899340","JH378146","1970616","1970941","55","39928404"
"chr3","41921615","41921909","JH378141","15518519","15518815","43","26403096"
"chr3","41968206","41968500","JH378116","28282701","28282994","45","13685505"
"chr3","41975501","41975772","JH378144","4721929","4722197","61","37253572"
"chr3","41989948","41990240","JH378164","2498209","2498503","46","39491739"
"chr3","42003681","42003977","JH378123","21695970","21696268","42","20307711"
"chr3","42030033","42030311","JH378115","14114008","14114285","46","27916025"
"chr3","42033492","42033787","JH378132","20919176","20919465","55","21114316"
"chr3","42046140","42046432","JH378108","33547500","33547795","40","8498640"
"chr3","42046946","42047256","JH378206","1446672","1446986","53","40600274"
"chr3","42051975","42052265","JH378107","5756696","5756994","52","36295279"
"chr3","42056691","42056992","JH378119","202457","202756","34","41854234"
"chr3","42072303","42072445","JH378110","8654912","8655054","19","33417391"
"chr3","42072748","42072897","JH378165","1391374","1391522","36","40681374"
"chr3","42091208","42091517","JH378172","9370200","9370493","58","32721008"
"chr3","42103047","42103194","JH378108","35260894","35261037","20","6842153"
"chr3","42105932","42106237","JH378116","14428154","14428454","48","27677778"
"chr3","42106700","42107002","JH378105","58654423","58654726","34","16547723"
"chr3","42109755","42110049","JH378110","35790499","35790794","47","6319256"
"chr3","42115621","42115913","JH378116","28282701","28282994","46","13832920"
"chr3","42133825","42134121","JH378197","8739003","8739306","51","33394822"
"chr3","42141037","42141311","JH378140","14516820","14517092","46","27624217"
"chr3","42141884","42142130","JH378213","1962860","1963108","39","40179024"
"chr3","42142993","42143288","JH378111","40734534","40734829","53","1408459"
"chr3","42146409","42146713","JH378204","3129799","3130101","41","39016610"
"chr3","42159519","42159837","JH378115","36895230","36895537","51","5264289"
"chr3","42161470","42161764","JH378260","2075551","2075845","55","40085919"
"chr3","42165222","42165528","JH378146","1763210","1763519","39","40402012"
"chr3","42174842","42175093","JH378105","60476588","60476842","40","18301746"
"chr3","42177131","42177443","JH378189","1081035","1081323","72","41096096"
"chr3","42178816","42179121","JH378262","1936694","1936996","37","40242122"
"chr3","42192362","42192646","JH378213","4435380","4435669","44","37756982"
"chr3","42210604","42210894","JH378115","7606488","7606778","39","34604116"
"chr3","42211916","42212210","JH378148","3031128","3031420","35","39180788"
"chr3","42226463","42226767","JH378148","16955481","16955786","45","25270982"
"chr3","42234921","42235229","JH378113","22173478","22173784","51","20061443"
"chr3","42248475","42248774","JH378184","6068176","6068477","44","36180299"
"chr3","42253498","42253799","JH378117","6076538","6076831","43","36176960"
"chr3","42256331","42256629","JH378146","6707481","6707772","41","35548850"
"chr3","42267431","42267742","JH378151","7197215","7197522","41","35070216"
"chr3","42276286","42276580","JH378114","23078690","23078986","38","19197596"
"chr3","42277464","42277766","JH378156","6535566","6535861","42","35741898"
"chr3","42292323","42292620","JH378125","9411550","9411835","46","32880773"
"chr3","42294181","42294281","JH378118","12065875","12065971","24","30228306"
"chr3","42296059","42296354","JH378107","33276773","33277069","42","9019286"
"chr3","42300066","42300347","JH378271","1800907","1801186","49","40499159"
"chr3","42315905","42316212","JH378166","2361289","2361587","42","39954616"
"chr3","42319244","42319543","JH378106","2172328","2172633","41","40146916"
"chr3","42352402","42352709","JH378115","35770430","35770735","49","6581972"
"chr3","42354950","42355247","JH378187","3086525","3086818","40","39268425"
"chr3","42386351","42386651","JH378114","36124167","36124468","49","6262184"
"chr3","42406942","42407237","JH378200","4317868","4318159","38","38089074"
"chr3","42467263","42467283","JH378110","39932633","39932649","7","2534630"
"chr3","42474731","42475026","JH378125","16015186","16015478","40","26459545"
"chr3","42478730","42479062","JH378120","6505052","6505367","78","35973678"
"chr3","42479299","42479601","JH378105","68327317","68327622","55","25848018"
"chr3","42490589","42490885","JH378116","19535293","19535586","37","22955296"
"chr3","42498027","42498155","JH378149","643640","643769","16","41854387"
"chr3","42498343","42498528","JH378132","10354359","10354538","38","32143984"
"chr3","42498533","42498840","JH378265","117843","118145","47","42380690"
"chr3","42510465","42510765","JH378107","514580","514880","40","41995885"
"chr3","42511182","42511473","JH378204","7899913","7900203","37","34611269"
"chr3","42519360","42519663","JH378135","1618015","1618319","40","40901345"
"chr3","42541461","42541755","JH378246","1887976","1888270","44","40653485"
"chr3","42560306","42560608","JH378113","15232832","15233136","55","27327474"
"chr3","42564234","42564543","JH378106","7154686","7154996","41","35409548"
"chr3","42594940","42595213","JH378153","6890101","6890384","43","35704839"
"chr3","42608625","42608918","JH378136","12188196","12188486","36","30420429"
"chr3","42619947","42620219","JH378270","164747","165029","47","42455200"
"chr3","42650500","42650793","JH378244","3628633","3628924","39","39021867"
"chr3","42659132","42659442","JH378105","12770941","12771250","43","29888191"
"chr3","42663598","42663831","JH378134","14648007","14648248","37","28015591"
"chr3","42686009","42686312","JH378189","8992244","8992548","39","33693765"
"chr3","42741117","42741419","JH378146","1228009","1228304","41","41513108"
"chr3","43555278","43555567","JH378118","11558432","11558720","40","31996846"
"chr3","43557225","43557529","JH378148","16955481","16955786","44","26601744"
"chr3","43573187","43573495","JH378146","1188403","1188710","55","42384784"
"chr3","43574155","43574453","JH378118","17447772","17448068","40","26126383"
"chr3","43580754","43581056","JH378242","734891","735189","48","42845863"
"chr3","43590290","43590593","JH378146","1174052","1174370","52","42416238"
"chr3","43603900","43604200","JH378109","15102213","15102512","41","28501687"
"chr3","43621384","43621508","JH378143","7115094","7115217","9","36506290"
"chr3","43640853","43641154","JH378238","5034133","5034426","46","38606720"
"chr3","43648987","43649258","JH378146","1112500","1112770","48","42536487"
"chr3","43681368","43681501","JH378269","760337","760464","32","42921031"
"chr3","43681755","43682056","JH378127","19348533","19348831","42","24333222"
"chr3","43714408","43714500","JH378262","2263573","2263662","18","41450835"
"chr3","43733442","43733745","JH378116","14428154","14428454","39","29305288"
"chr3","43752840","43753114","JH378146","1009678","1009960","41","42743162"
"chr3","43769075","43769390","JH378145","23363","23674","48","43745712"
"chr3","43779901","43780177","JH378198","4288966","4289252","45","39490935"
"chr3","43781711","43782015","JH378197","8323890","8324194","42","35457821"
"chr3","43791496","43791760","JH378113","29925026","29925276","49","13866470"
"chr3","43799196","43799330","JH378198","778871","779008","19","43020325"
"chr3","43860427","43860691","JH378167","204493","204768","53","43655934"
"chr3","43896197","43896496","JH378114","42118001","42118296","43","1778196"
"chr3","43995192","43995495","JH378153","13038261","13038552","47","30956931"
"chr3","44066006","44066064","JH378196","449145","449202","13","43616861"
"chr3","44082134","44082431","JH378109","26422799","26423098","53","17659335"
"chr3","44093719","44093960","JH378117","7435687","7435932","44","36658032"
"chr3","44142223","44142527","JH378150","8762710","8763014","47","35379513"
"chr3","44225384","44225686","JH378122","6085854","6086147","49","38139530"
"chr3","44226912","44227198","JH378114","41016841","41017126","51","3210071"
"chr3","44248364","44248663","JH378283","1461668","1461966","45","42786696"
"chr3","44250471","44250765","JH378148","2754402","2754696","32","41496069"
"chr3","44357388","44357686","JH378242","734891","735189","33","43622497"
"chr3","44359230","44359519","JH378122","6226198","6226486","31","38133032"
"chr3","44363244","44363534","JH378140","18923878","18924166","39","25439366"
"chr3","44365446","44365743","JH378137","11891460","11891756","40","32473986"
"chr3","44365995","44366303","JH378283","2146703","2147009","38","42219292"
"chr3","44369984","44370269","JH378271","2528536","2528827","40","41841448"
"chr3","44371397","44371686","JH378248","4300025","4300309","48","40071372"
"chr3","44378515","44378806","JH378105","69163567","69163856","36","24785052"
"chr3","44426483","44426794","JH378148","2121804","2122106","42","42304679"
"chr3","44482421","44482728","JH378116","14428154","14428454","44","30054267"
"chr3","44495290","44495591","JH378121","9612204","9612501","36","34883086"
"chr3","44523921","44524213","JH378111","43268192","43268483","48","1255729"
"chr3","44551980","44552276","JH378203","139748","140045","43","44412232"
"chr3","44575510","44575801","JH378122","6427841","6428132","43","38147669"
"chr3","44575981","44576276","JH378122","7809799","7810085","42","36766182"
"chr3","44652415","44652710","JH378115","15001483","15001774","45","29650932"
"chr3","44681306","44681606","JH378122","8447096","8447391","45","36234210"
"chr3","44699209","44699520","JH378118","4589604","4589912","40","40109605"
"chr3","44727524","44727827","JH378189","8749784","8750086","40","35977740"
"chr3","44737684","44737975","JH378191","967537","967830","35","43770147"
"chr3","44858810","44859132","JH378107","7808906","7809223","53","37049904"
"chr3","44882335","44882635","AGCE01150173","1191","1482","36","44881144"
"chr3","44926028","44926316","JH378151","5756127","5756418","44","39169901"
"chr3","45017546","45017857","JH378118","12197167","12197472","41","32820379"
"chr3","45088021","45088317","JH378125","4232747","4233052","41","40855274"
"chr3","45180174","45180475","JH378112","20815144","20815441","38","24365030"
"chr3","45184364","45184576","JH378265","2077592","2077803","35","43106772"
"chr3","45196546","45196841","JH378204","7978351","7978644","39","37218195"
"chr3","45248762","45249057","JH378120","10329871","10330161","47","34918891"
"chr3","45256574","45256839","JH378156","1380668","1380930","46","43875906"
"chr3","45304863","45305148","JH378112","3242506","3242797","43","42062357"
"chr3","45313904","45314203","JH378173","6575149","6575450","35","38738755"
"chr3","45321687","45321978","JH378151","4578678","4578981","54","40743009"
"chr3","45351123","45351409","JH378157","8047049","8047337","38","37304074"
"chr3","45360187","45360493","JH378111","8712659","8712969","60","36647528"
"chr3","45379738","45380023","JH378153","2014992","2015267","52","43364746"
"chr3","45381962","45382259","JH378135","1618015","1618319","61","43763947"
"chr3","45386864","45387169","JH378120","18067329","18067633","43","27319535"
"chr3","45401118","45401419","JH378290","1449167","1449465","44","43951951"
"chr3","45411668","45411971","JH378201","122224","122525","45","45289444"
"chr3","45445311","45445609","JH378177","2562934","2563231","38","42882377"
"chr3","45468271","45468503","JH378187","2815322","2815551","52","42652949"
"chr3","45506570","45506877","JH378119","5503589","5503900","40","40002981"
"chr3","45507625","45507913","JH378109","9926904","9927192","51","35580721"
"chr3","45549013","45549318","JH378118","10693452","10693756","39","34855561"
"chr3","45556460","45556754","JH378172","9553918","9554219","41","36002542"
"chr3","45588025","45588336","JH378122","7400305","7400610","31","38187720"
"chr3","45657945","45658247","JH378123","29110953","29111249","53","16546992"
"chr3","45689030","45689125","JH378113","17340312","17340407","13","28348718"
"chr3","45692286","45692594","JH378135","2654071","2654378","36","43038215"
"chr3","45699068","45699368","JH378122","7483791","7484087","41","38215277"
"chr3","45700245","45700543","JH378109","37135286","37135583","50","8564959"
"chr3","45715977","45716267","JH378220","3229265","3229557","42","42486712"
"chr3","45718124","45718407","JH378215","55459","55736","47","45662665"
"chr3","45741009","45741333","JH378148","2797982","2798286","55","42943027"
"chr3","45751160","45751452","JH378105","14432202","14432497","47","31318958"
"chr3","45762801","45763095","JH378188","7232167","7232465","46","38530634"
"chr3","45768725","45769012","JH378127","5317720","5318008","37","40451005"
"chr3","45789170","45789466","JH378136","354228","354520","42","45434942"
"chr3","45794900","45795203","JH378122","7564578","7564868","42","38230322"
"chr3","45802914","45803209","JH378257","2208823","2209127","41","43594091"
"chr3","45805778","45805893","JH378134","9437537","9437654","18","36368241"
"chr3","45833341","45833644","JH378114","38818344","38818646","46","7014997"
"chr3","45834669","45834950","JH378225","6452973","6453256","42","39381696"
"chr3","45893592","45893887","JH378148","11963838","11964130","44","33929754"
"chr3","45954104","45954405","JH378294","668279","668579","38","45285825"
"chr3","45957197","45957488","JH378235","3957900","3958200","45","41999297"
"chr3","46040200","46040512","JH378109","7961178","7961481","45","38079022"
"chr3","46056613","46056922","JH378114","41499633","41499943","34","4556980"
"chr3","46071465","46071770","JH378186","5059685","5059987","39","41011780"
"chr3","46073517","46073790","JH378117","36078925","36079198","36","9994592"
"chr3","46084100","46084401","JH378149","422089","422391","50","45662011"
"chr3","46099959","46100233","JH378106","61781142","61781412","52","15681183"
"chr3","46103566","46103860","JH378122","7809799","7810085","33","38293767"
"chr3","46114281","46114412","JH378108","22384104","22384234","14","23730177"
"chr3","46153053","46153364","JH378169","12010927","12011237","39","34142126"
"chr3","46174604","46174887","JH378146","14315027","14315317","39","31859577"
"chr3","46191858","46192142","JH378204","4012532","4012811","51","42179326"
"chr3","46210732","46211020","JH378183","5388478","5388765","35","40822254"
"chr3","46218867","46219147","JH378124","9865185","9865466","40","36353682"
"chr3","46220880","46221162","JH378122","7920523","7920799","40","38300357"
"chr3","46233858","46234151","JH378173","10880896","10881187","46","35352962"
"chr3","46240831","46241133","JH378197","3241273","3241575","35","42999558"
"chr3","46277049","46277356","JH378122","9329495","9329803","35","36947554"
"chr3","46307425","46307734","JH378204","3945411","3945718","47","42362014"
"chr3","46341338","46341640","JH378115","26968615","26968913","46","19372723"
"chr3","46344489","46344795","JH378112","30721676","30721989","39","15622813"
"chr3","46379177","46379476","JH378138","6648162","6648458","51","39731015"
"chr3","46385370","46385655","JH378122","8069574","8069874","42","38315796"
"chr3","46394928","46395239","JH378199","7803912","7804221","41","38591016"
"chr3","46403977","46404257","JH378131","23998020","23998301","40","22405957"
"chr3","46432603","46432899","JH378163","7979184","7979478","32","38453419"
"chr3","46510719","46511009","JH378126","22770602","22770897","36","23740117"
"chr3","46520724","46521034","JH378163","12425279","12425581","44","34095445"
"chr3","46535487","46535789","JH378105","55574476","55574778","45","9038989"
"chr3","46538294","46538603","JH378110","9867313","9867609","49","36670981"
"chr3","46559612","46559921","JH378167","12906028","12906338","47","33653584"
"chr3","46592952","46593254","JH378121","23124574","23124872","41","23468378"
"chr3","46602390","46602608","JH378113","41905483","41905699","22","4696907"
"chr3","46622384","46622691","JH378197","8660298","8660600","43","37962086"
"chr3","46624162","46624462","JH378135","21300881","21301186","49","25323281"
"chr3","46635863","46636104","JH378105","55525284","55525523","42","8889421"
"chr3","46658337","46658633","JH378191","967537","967830","44","45690800"
"chr3","46670058","46670351","JH378148","2011019","2011312","37","44659039"
"chr3","46675495","46675794","JH378133","4730868","4731166","47","41944627"
"chr3","46678796","46678934","JH378105","35832385","35832546","44","10846411"
"chr3","46679239","46679373","JH378159","8222299","8222433","20","38456940"
"chr3","46690326","46690621","JH378226","6485812","6486107","39","40204514"
"chr3","46691055","46691340","JH378110","21383801","21384099","45","25307254"
"chr3","46696022","46696332","JH378153","11183648","11183951","45","35512374"
"chr3","46701972","46702264","JH378124","9865185","9865466","42","36836787"
"chr3","46710548","46710844","JH378112","32590536","32590832","35","14120012"
"chr3","46714737","46715022","JH378120","1193735","1194018","47","45521002"
"chr3","46715850","46716163","JH378113","15232832","15233136","43","31483018"
"chr3","46743892","46744191","JH378197","7004556","7004855","37","39739336"
"chr3","46765462","46765739","JH378213","4422853","4423134","38","42342609"
"chr3","46779035","46779339","JH378245","2122695","2122999","41","44656340"
"chr3","46850931","46851236","JH378148","2797982","2798286","45","44052949"
"chr3","46881374","46881677","JH378152","16188403","16188709","34","30692971"
"chr3","47253366","47253644","JH378152","16250304","16250576","40","31003062"
"chr3","47264109","47264418","JH378232","3130887","3131194","50","44133222"
"chr3","47319406","47319683","JH378164","6714567","6714844","44","40604839"
"chr3","47321434","47321719","JH378173","2558012","2558297","42","44763422"
"chr3","47374996","47375298","JH378255","1058410","1058705","49","46316586"
"chr3","47485899","47486182","JH378114","6129028","6129306","41","41356871"
"chr3","47515098","47515398","JH378220","3942885","3943187","38","43572213"
"chr3","47585045","47585349","JH378141","14454762","14455052","43","33130283"
"chr3","47635935","47636046","JH378232","2755196","2755312","20","44880739"
"chr3","47663590","47663879","JH378105","14432202","14432497","41","33231388"
"chr3","47735875","47736174","JH378193","4524503","4524799","38","43211372"
"chr3","47768324","47768626","JH378186","4814679","4814977","41","42953645"
"chr3","47771722","47772004","JH378125","6538044","6538329","39","41233678"
"chr3","47824379","47824669","JH378122","7809799","7810085","47","40014580"
"chr3","47849634","47849940","JH378129","3247646","3247946","40","44601988"
"chr3","47881360","47881645","JH378119","33281322","33281616","49","14600038"
"chr3","47882067","47882355","JH378157","2797997","2798289","59","45084070"
"chr3","47916449","47916583","JH378106","60814583","60814716","20","12898134"
"chr3","47916878","47917028","JH378157","12402064","12402214","41","35514814"
"chr3","47926501","47926753","JH378122","9495724","9495985","47","38430777"
"chr3","47926782","47926803","JH378110","39932633","39932649","8","7994149"
"chr3","47929959","47930194","JH378195","7089965","7090205","40","40839994"
"chr3","47968014","47968324","JH378288","2786677","2786981","46","45181337"
"chr3","47977661","47977967","JH378242","734891","735189","46","47242770"
"chr3","48035451","48035531","JH378136","17834746","17834823","17","30200705"
"chr3","48060418","48060709","JH378114","41403997","41404287","48","6656421"
"chr3","48113705","48113999","JH378122","9681809","9682109","48","38431896"
"chr3","48114747","48115044","JH378152","13742000","13742297","40","34372747"
"chr3","48115805","48116091","JH378156","2368738","2369030","42","45747067"
"chr3","48125141","48125454","JH378134","18025612","18025919","47","30099529"
"chr3","48126124","48126394","JH378279","2998585","2998861","46","45127539"
"chr3","48127532","48127665","JH378107","16636589","16636724","28","31490943"
"chr3","48127953","48128071","JH378199","204465","204579","36","47923488"
"chr3","48134707","48134996","JH378249","721031","721325","46","47413676"
"chr3","48138568","48138684","JH378322","392218","392332","17","47746350"
"chr3","48140846","48141143","JH378152","10890147","10890438","55","37250699"
"chr3","48155337","48155611","JH378122","9727366","9727640","30","38427971"
"chr3","48167634","48167948","JH378153","3758639","3758950","45","44408995"
"chr3","48171323","48171613","JH378105","69163567","69163856","37","20992244"
"chr3","48177217","48177519","JH378216","4809975","4810272","36","43367242"
"chr3","48179157","48179452","JH378290","1449167","1449465","42","46729990"
"chr3","48190822","48191114","JH378151","4710169","4710461","30","43480653"
"chr3","48191946","48192249","JH378122","9770597","9770903","39","38421349"
"chr3","48194724","48195033","JH378188","8091152","8091459","42","40103572"
"chr3","48204674","48204984","JH378125","18753874","18754183","48","29450800"
"chr3","48212865","48213154","JH378124","5131942","5132232","43","43080923"
"chr3","48223444","48223690","JH378122","6183298","6183540","46","42040146"
"chr3","48231046","48231337","JH378111","43268192","43268483","36","4962854"
"chr3","48235699","48235999","JH378117","37445869","37446169","37","10789830"
"chr3","48252593","48252897","JH378122","9828776","9829084","39","38423817"
"chr3","48268684","48268994","JH378173","4731101","4731408","57","43537583"
"chr3","48269763","48269895","JH378105","36868256","36868387","15","11401507"
"chr3","48287689","48287985","JH378119","360557","360852","41","47927132"
"chr3","48307264","48307554","JH378213","4435380","4435669","37","43871884"
"chr3","48318062","48318341","JH378293","851840","852132","57","47466222"
"chr3","48327474","48327830","JH378161","8972199","8972542","88","39355275"
"chr3","48327835","48328145","JH378117","15749415","15749721","40","32578420"
"chr3","48331431","48331747","JH378122","9908050","9908369","35","38423381"
"chr3","48353124","48353421","JH378112","33033903","33034201","37","15319221"
"chr3","48376440","48376741","JH378188","7232167","7232465","37","41144273"
"chr3","48384121","48384410","JH378176","4986531","4986818","48","43397590"
"chr3","48395978","48396276","JH378110","40106785","40107080","38","8289193"
"chr3","48397748","48398038","JH378152","14449530","14449815","42","33948218"
"chr3","48401846","48402145","JH378123","5667081","5667374","44","42734765"
"chr3","48442786","48443081","JH378122","10018092","10018387","41","38424694"
"chr3","48450203","48450487","JH378144","16158704","16158993","59","32291499"
"chr3","48466666","48466982","JH378182","10190727","10191030","53","38275939"
"chr3","48472300","48472588","JH378129","10098677","10098967","41","38373623"
"chr3","48472600","48472892","JH378197","7004556","7004855","48","41468044"
"chr3","48475101","48475363","JH378125","25204101","25204362","51","23271000"
"chr3","48483070","48483347","JH378164","6169885","6170167","38","42313185"
"chr3","48487942","48488224","JH378149","13515768","13516052","42","34972174"
"chr3","48499083","48499375","JH378188","7232167","7232465","39","41266916"
"chr3","48503825","48504142","JH378249","1601829","1602137","43","46901996"
"chr3","48521611","48521754","JH378141","7661361","7661504","18","40860250"
"chr3","48522051","48522219","JH378267","358566","358737","39","48163485"
"chr3","48523355","48523639","JH378105","50034667","50034949","41","1511312"
"chr3","48526891","48527200","JH378153","1677507","1677806","45","46849384"
"chr3","48541732","48542035","JH378108","34435527","34435829","43","14106205"
"chr3","48547586","48547894","JH378301","920694","921000","45","47626892"
"chr3","48555698","48556008","JH378117","25694461","25694770","58","22861237"
"chr3","48557841","48558133","JH378152","13742000","13742297","46","34815841"
"chr3","48565153","48565445","JH378199","724064","724353","50","47841089"
"chr3","48576609","48576735","JH378194","4656246","4656371","9","43920363"
"chr3","48595375","48595645","JH378106","59486942","59487216","48","10891567"
"chr3","48600448","48600740","JH378112","32590536","32590832","45","16009912"
"chr3","48630208","48630469","JH378110","10828864","10829118","49","37801344"
"chr3","48643909","48644215","JH378189","3976340","3976643","43","44667569"
"chr3","48646106","48646406","JH378111","20138889","20139185","45","28507217"
"chr3","48656680","48656975","JH378153","2306748","2307040","45","46349932"
"chr3","48657896","48658204","JH378157","12870367","12870663","56","35787529"
"chr3","48671976","48672270","JH378143","6673988","6674287","52","41997988"
"chr3","48674169","48674465","JH378142","14013464","14013754","65","34660705"
"chr3","48680636","48680948","JH378158","4130633","4130943","43","44550003"
"chr3","48694795","48695096","JH378122","7400305","7400610","43","41294490"
"chr3","48696261","48696338","JH378135","16034960","16035036","13","32661301"
"chr3","48697725","48698019","JH378167","11202084","11202374","39","37495641"
"chr3","48700912","48701216","JH378197","8546632","8546928","47","40154280"
"chr3","48707077","48707379","JH378112","33033903","33034201","55","15673174"
"chr3","48726896","48727191","JH378203","7885064","7885353","41","40841832"
"chr3","48728306","48728608","JH378148","2797982","2798286","39","45930324"
"chr3","48730120","48730400","JH378264","3021184","3021476","50","45708936"
"chr3","48749790","48750053","JH378144","14698727","14699003","54","34051063"
"chr3","48761264","48761569","JH378118","10693452","10693756","41","38067812"
"chr3","48771201","48771483","JH378122","7809799","7810085","49","40961402"
"chr3","48775481","48775736","JH378120","18410601","18410854","40","30364880"
"chr3","48775891","48776177","JH378136","15009468","15009754","48","33766423"
"chr3","48785638","48785835","JH378105","48312097","48312298","27","473541"
"chr3","48794898","48795040","JH378144","8580283","8580425","41","40214615"
"chr3","48809628","48809924","JH378197","6701048","6701344","45","42108580"
"chr3","48821016","48821309","JH378110","30028776","30029071","37","18792240"
"chr3","48821397","48821688","JH378149","1955740","1956029","44","46865657"
"chr3","48829855","48830138","JH378105","50034667","50034949","46","1204812"
"chr3","48864287","48864558","JH378229","2648106","2648374","50","46216181"
"chr3","48886549","48886839","JH378114","22526707","22527002","40","26359842"
"chr3","48912760","48913050","JH378117","36041941","36042223","45","12870819"
"chr3","48926298","48926480","JH378147","3337864","3338045","26","45588434"
"chr3","48937220","48937497","JH378122","10546780","10547054","36","38390440"
"chr3","48945939","48946234","JH378242","734891","735189","39","48211048"
"chr3","48964516","48964811","JH378255","3447746","3448043","38","45516770"
"chr3","48979068","48979362","JH378122","10589522","10589812","32","38389546"
"chr3","48986344","48986634","JH378116","27346910","27347202","48","21639434"
"chr3","48986859","48986977","JH378165","2374563","2374679","12","46612296"
"chr3","48987743","48988047","JH378121","9612204","9612501","55","39375539"
"chr3","49004491","49004788","JH378152","13742000","13742297","43","35262491"
"chr3","49006106","49006341","JH378151","1883500","1883735","38","47122606"
"chr3","49015775","49016082","JH378127","1087443","1087725","66","47928332"
"chr3","49021287","49021581","JH378115","28716128","28716418","36","20305159"
"chr3","49024551","49024680","JH378125","15315416","15315544","13","33709135"
"chr3","49044204","49044520","JH378115","30401019","30401318","52","18643185"
"chr3","49067654","49067940","JH378144","14040811","14041108","58","35026843"
"chr3","49068543","49068826","JH378204","3222855","3223147","41","45845688"
"chr3","49069264","49069528","JH378148","3169397","3169666","53","45899867"
"chr3","49071217","49071509","JH378204","7978351","7978644","35","41092866"
"chr3","49074926","49075171","JH378200","6476911","6477155","36","42598015"
"chr3","49081737","49082037","JH378115","36379708","36380007","44","12702029"
"chr3","49084972","49085265","JH378123","5667081","5667374","41","43417891"
"chr3","49091522","49091814","JH378116","24058999","24059290","51","25032523"
"chr3","49094084","49094366","JH378147","15759138","15759416","39","33334946"
"chr3","49102549","49102838","JH378112","20815144","20815441","52","28287405"
"chr3","49105564","49105702","JH378135","18529842","18529977","16","30575722"
"chr3","49106013","49106187","JH378226","5207826","5208003","34","43898187"
"chr3","49116472","49116774","JH378107","51667756","51668056","46","2551284"
"chr3","49129782","49129859","JH378167","1029330","1029408","8","48100452"
"chr3","49132671","49132796","JH378119","7539270","7539395","15","41593401"
"chr3","49154022","49154126","JH378148","17166877","17166973","19","31987145"
"chr3","49158829","49159113","JH378224","6174772","6175053","41","42984057"
"chr3","49172707","49173003","JH378157","649661","649955","54","48523046"
"chr3","49190964","49191234","JH378152","12845481","12845764","52","36345483"
"chr3","49201536","49201835","JH378141","9524229","9524528","47","39677307"
"chr3","49204166","49204428","JH378148","2608523","2608785","42","46595643"
"chr3","49224781","49225052","JH378107","5716077","5716347","43","43508704"
"chr3","49230017","49230330","JH378204","3945411","3945718","50","45284606"
"chr3","49234586","49234666","JH378117","34529070","34529159","14","14705516"
"chr3","49243894","49244168","JH378247","3146809","3147092","53","46097085"
"chr3","49248570","49248704","JH378125","4589691","4589826","13","44658879"
"chr3","49252131","49252463","JH378184","4146377","4146707","76","45105754"
"chr3","49253363","49253646","JH378143","4017830","4018117","43","45235533"
"chr3","49257748","49258006","JH378122","10848040","10848308","47","38409708"
"chr3","49278148","49278428","JH378135","5771308","5771589","44","43506840"
"chr3","49279038","49279156","JH378112","14913112","14913229","10","34365926"
"chr3","49285075","49285387","JH378108","23566444","23566748","52","25718631"
"chr3","49312824","49313123","JH378225","962832","963129","42","48349992"
"chr3","49325557","49325849","JH378119","33281322","33281616","51","16044235"
"chr3","49339839","49340143","JH378153","14175225","14175527","41","35164614"
"chr3","49343000","49343287","JH378213","4435380","4435669","46","44907620"
"chr3","49343417","49343716","JH378121","20749858","20750157","34","28593559"
"chr3","49349002","49349306","JH378166","9428708","9429013","40","39920294"
"chr3","49394277","49394578","JH378122","10928228","10928534","36","38466049"
"chr3","49395303","49395611","JH378216","4993864","4994177","39","44401439"
"chr3","49398511","49398638","JH378126","22718362","22718486","18","26680149"
"chr3","49398962","49399163","JH378164","4572165","4572353","49","44826797"
"chr3","49405135","49405475","JH378156","9343402","9343728","67","40061733"
"chr3","49458965","49459270","JH378308","1397452","1397755","38","48061513"
"chr3","49459949","49460241","JH378106","1279341","1279638","35","48180608"
"chr3","49499025","49499223","JH378256","2330383","2330581","23","47168642"
"chr3","49518124","49518417","JH378191","967537","967830","36","48550587"
"chr3","49534580","49534905","JH378196","3872159","3872491","54","45662421"
"chr3","49544724","49544842","JH378232","1934546","1934661","21","47610178"
"chr3","49545061","49545192","JH378173","255033","255171","36","49290028"
"chr3","49558594","49558895","JH378193","9036845","9037148","48","40521749"
"chr3","49613966","49614103","JH378152","10907464","10907596","23","38706502"
"chr3","49628593","49628851","JH378278","2970816","2971070","42","46657777"
"chr3","49668579","49668692","JH378118","24973199","24973312","11","24695380"
"chr3","49670141","49670280","JH378110","13219234","13219369","18","36450907"
"chr3","49677989","49678289","JH378149","422089","422391","37","49255900"
"chr3","49694014","49694272","JH378245","2478506","2478773","46","47215508"
"chr3","49703516","49703648","JH378130","7603822","7603951","14","42099694"
"chr3","49715272","49715577","JH378151","15568006","15568306","45","34147266"
"chr3","49716759","49716909","JH378115","17100353","17100502","21","32616406"
"chr3","49722618","49722976","JH378172","10539244","10539578","79","39183374"
"chr3","49741293","49741463","JH378219","6396636","6396804","23","43344657"
"chr3","49763400","49763532","JH378125","4589691","4589826","14","45173709"
"chr3","49763875","49764051","JH378115","33183256","33183428","35","16580619"
"chr3","49770945","49771239","JH378112","33033903","33034201","37","16737042"
"chr3","49787349","49787661","JH378226","343656","343966","52","49443693"
"chr3","49787930","49788066","JH378173","4724005","4724139","17","45063925"
"chr3","49788552","49788871","JH378272","3268176","3268489","57","46520376"
"chr3","49791200","49791421","JH378157","3274903","3275107","69","46516297"
"chr3","49791722","49791858","JH378107","55895704","55895839","15","6103982"
"chr3","49794503","49794634","JH378203","1967680","1967812","14","47826823"
"chr3","49802666","49802935","JH378114","21069080","21069353","54","28733586"
"chr3","49803326","49803572","JH378190","5323486","5323734","43","44479840"
"chr3","49808274","49808438","JH378267","358566","358737","39","49449708"
"chr3","49808743","49808762","JH378105","48290961","48290972","20","1517782"
"chr3","49808951","49809078","JH378118","29191118","29191252","19","20617833"
"chr3","49815623","49815828","JH378161","5558282","5558481","28","44257341"
"chr3","49816057","49816368","JH378122","7400305","7400610","46","42415752"
"chr3","49828289","49828519","JH378167","9758378","9758615","49","40069911"
"chr3","49830912","49831215","JH378156","10837845","10838152","44","38993067"
"chr3","49835057","49835368","JH378204","3129799","3130101","43","46705258"
"chr3","49858846","49859158","JH378111","11464738","11465037","50","38394108"
"chr3","49861795","49862084","JH378293","943716","944005","37","48918079"
"chr3","49876981","49877210","JH378160","11333980","11334204","37","38543001"
"chr3","49878757","49879051","JH378178","8042470","8042765","38","41836287"
"chr3","49880474","49880584","JH378105","58475146","58475255","13","8594672"
"chr3","49896210","49896505","JH378139","13148265","13148553","54","36747945"
"chr3","49918682","49918971","JH378161","12519065","12519356","41","37399617"
"chr3","49928179","49928472","JH378153","14650627","14650916","56","35277552"
"chr3","49933427","49933705","JH378153","8921156","8921435","38","41012271"
"chr3","49960822","49961123","JH378153","14175225","14175527","42","35785597"
"chr3","49969873","49970154","JH378108","4746244","4746516","51","45223629"
"chr3","49970319","49970598","JH378126","1079320","1079599","40","48890999"
"chr3","49971661","49971957","JH378152","13742000","13742297","41","36229661"
"chr3","49987196","49987435","JH378127","5384271","5384500","35","44602925"
"chr3","49987442","49987734","JH378239","2250921","2251209","65","47736521"
"chr3","49998744","49999040","JH378242","533674","533973","39","49465070"
"chr3","50000002","50000279","JH378105","22316938","22317211","38","27683064"
"chr3","50029633","50029924","JH378203","2021950","2022247","43","48007683"
"chr3","50045203","50045486","JH378105","37094152","37094433","45","12951051"
"chr3","50046370","50046667","JH378153","6431962","6432251","45","43614408"
"chr3","50052200","50052420","JH378153","11387106","11387320","37","38665094"
"chr3","50055771","50056071","JH378115","27581787","27582086","38","22473984"
"chr3","50065730","50066025","JH378136","354228","354520","47","49711502"
"chr3","50067778","50067994","JH378113","41905483","41905699","29","8162295"
"chr3","50070380","50070684","JH378109","8720176","8720466","45","41350204"
"chr3","50073583","50073835","JH378107","29767249","29767499","42","20306334"
"chr3","50076400","50076545","JH378108","31569309","31569458","35","18507091"
"chr3","50076967","50077218","JH378114","40832395","40832641","41","9244572"
"chr3","50080310","50080603","JH378199","5407104","5407400","62","44673206"
"chr3","50101608","50101740","JH378190","495191","495303","30","49606417"
"chr3","50105031","50105297","JH378106","59486942","59487216","55","9381911"
"chr3","50109603","50109908","JH378118","10693452","10693756","33","39416151"
"chr3","50164000","50164293","JH378105","22418253","22418542","45","27745747"
"chr3","50183259","50183527","JH378114","20734954","20735221","36","29448305"
"chr3","50187576","50187865","JH378133","9743043","9743332","50","40444533"
"chr3","50187873","50188157","JH378171","5901188","5901476","42","44286685"
"chr3","50191853","50192032","JH378177","4781352","4781509","41","45410501"
"chr3","50192334","50192471","JH378106","1342311","1342445","19","48850023"
"chr3","50209389","50209585","JH378124","26304263","26304459","21","23905126"
"chr3","50213212","50213515","JH378153","2201355","2201655","53","48011857"
"chr3","50221760","50221859","JH378106","5288070","5288168","15","44933690"
"chr3","50267811","50267923","JH378107","13345254","13345366","12","36922557"
"chr3","50270295","50270574","JH378192","5415267","5415549","37","44855028"
"chr3","50271357","50271653","JH378140","16737561","16737856","40","33533796"
"chr3","50273118","50273405","JH378190","9040170","9040456","35","41232948"
"chr3","50289752","50290040","JH378271","1015797","1016086","45","49273955"
"chr3","50292449","50292735","JH378213","4435380","4435669","53","45857069"
"chr3","50302458","50302750","JH378190","9010817","9011113","51","41291641"
"chr3","50306324","50306625","JH378164","1214173","1214478","39","49092151"
"chr3","50310898","50311159","JH378250","2248287","2248553","43","48062611"
"chr3","50330156","50330448","JH378245","872964","873252","43","49457192"
"chr3","50332665","50332975","JH378110","31407287","31407598","40","18925378"
"chr3","50336278","50336390","JH378217","100735","100849","11","50235543"
"chr3","50354586","50354834","JH378190","8946418","8946661","28","41408168"
"chr3","50356248","50356525","JH378291","978377","978647","47","49377871"
"chr3","50365453","50365813","JH378141","7807066","7807412","88","42558387"
"chr3","50373393","50373703","JH378190","8915339","8915646","53","41458054"
"chr3","50382398","50382688","JH378111","45819890","45820181","52","4562508"
"chr3","50558960","50559092","JH378116","19138658","19138790","17","31420302"
"chr3","50562676","50562957","JH378119","28220910","28221192","44","22341766"
"chr3","50564578","50564715","JH378107","55895704","55895839","16","5331126"
"chr3","50566368","50566650","JH378235","4632077","4632354","51","45934291"
"chr3","50573482","50573786","JH378257","3585233","3585537","50","46988249"
"chr3","50586370","50586663","JH378114","41996207","41996493","37","8590163"
"chr3","50599631","50599941","JH378152","16188403","16188709","44","34411228"
"chr3","50632486","50632667","JH378134","17632836","17633015","27","32999650"
"chr3","50655091","50655404","JH378173","1691460","1691768","54","48963631"
"chr3","50716130","50716419","JH378145","9207826","9208117","49","41508304"
"chr3","50742353","50742502","JH378232","3703074","3703213","22","47039279"
"chr3","50745104","50745408","JH378114","20897206","20897509","45","29847898"
"chr3","50753801","50754101","JH378127","22815027","22815328","40","27938774"
"chr3","50761753","50762020","JH378179","2173751","2174000","49","48588002"
"chr3","50772635","50772939","JH378105","48749959","48750266","39","2022676"
"chr3","50783723","50783850","JH378167","6550232","6550364","15","44233491"
"chr3","50790749","50790997","JH378108","49766575","49766816","52","1024174"
"chr3","50794352","50794627","JH378190","8642547","8642819","30","42151805"
"chr3","50804118","50804395","JH378109","50652833","50653108","52","151285"
"chr3","50810145","50810458","JH378109","49313689","49313996","46","1496456"
"chr3","50898285","50898451","JH378119","34092724","34092888","32","16805561"
"chr3","50898747","50898860","JH378137","14279709","14279823","20","36619038"
"chr3","50899606","50899903","JH378152","13742000","13742297","36","37157606"
"chr3","50915382","50915550","JH378147","1448849","1449018","30","49466533"
"chr3","50915835","50915871","JH378175","317190","317219","12","50598645"
"chr3","50930356","50930639","JH378279","2452115","2452405","61","48478241"
"chr3","50931183","50931424","JH378170","12630941","12631182","37","38300242"
"chr3","50944544","50944854","JH378254","3175982","3176293","48","47768562"
"chr3","50985480","50985780","JH378151","15477184","15477485","51","35508296"
"chr3","50986662","50986969","JH378118","10693452","10693756","40","40293210"
"chr3","50994924","50995215","JH378190","8434097","8434383","38","42560827"
"chr3","51006475","51006740","JH378236","3388677","3388934","43","47617798"
"chr3","51014946","51015255","JH378133","19850966","19851274","43","31163980"
"chr3","51016872","51017166","JH378242","734891","735189","34","50281981"
"chr3","51053940","51054232","JH378213","4603416","4603708","37","46450524"
"chr3","51075486","51075787","JH378257","3585233","3585537","43","47490253"
"chr3","51099866","51100153","JH378105","68551193","68551492","53","17451327"
"chr3","51112545","51112810","JH378110","34952260","34952536","49","16160285"
"chr3","51120117","51120414","JH378122","25815368","25815667","40","25304749"
"chr3","51120848","51121173","JH378308","1378699","1379002","72","49742149"
"chr3","51121209","51121506","JH378115","25492548","25492832","90","25628661"
"chr3","51133222","51133527","JH378190","1867130","1867431","50","49266092"
"chr3","51139021","51139319","JH378185","6039029","6039324","55","45099992"
"chr3","51161186","51161475","JH378135","15619309","15619595","46","35541877"
"chr3","51200585","51200735","JH378126","23493847","23493997","22","27706738"
"chr3","51200932","51201229","JH378146","17108577","17108876","36","34092355"
"chr3","51208105","51208396","JH378195","5418754","5419040","40","45789351"
"chr3","51229273","51229574","JH378224","6038564","6038865","40","45190709"
"chr3","51243449","51243714","JH378200","5087961","5088225","48","46155488"
"chr3","51247914","51248159","JH378262","2751970","2752213","33","48495944"
"chr3","51258337","51258636","JH378138","6648162","6648458","41","44610175"
"chr3","51262824","51263117","JH378184","5621805","5622094","43","45641019"
"chr3","51274826","51275066","JH378129","7090781","7091022","44","44184045"
"chr3","51308545","51308843","JH378148","3100313","3100608","37","48208232"
"chr3","51311766","51312077","JH378127","22815027","22815328","54","28496739"
"chr3","51340360","51340494","JH378125","4589691","4589826","16","46750669"
"chr3","51341464","51341770","JH378262","1793239","1793545","44","49548225"
"chr3","51350030","51350332","JH378113","21949800","21950099","54","29400230"
"chr3","51369997","51370308","JH378190","8029966","8030278","29","43340031"
"chr3","51397172","51397385","JH378198","1299151","1299362","32","50098021"
"chr3","51406680","51406981","JH378129","3247646","3247946","32","48159034"
"chr3","51410610","51410919","JH378110","17905050","17905353","50","33505560"
"chr3","51448714","51449005","JH378115","7606488","7606778","44","43842226"
"chr3","51495239","51495537","JH378133","9812784","9813080","43","41682455"
"chr3","51497154","51497336","JH378169","8746614","8746797","31","42750540"
"chr3","51507669","51507962","JH378190","7894351","7894647","38","43613318"
"chr3","51523655","51523965","JH378112","33452684","33452993","41","18070971"
"chr3","51575518","51575827","JH378112","35804803","35805113","47","15770715"
"chr3","51623460","51623727","JH378262","2751970","2752213","54","48871490"
"chr3","51624081","51624365","JH378147","15469463","15469743","49","36154618"
"chr3","51624404","51624414","JH378105","48290961","48290972","3","3333443"
"chr3","51683421","51683710","JH378163","12567592","12567885","42","39115829"
"chr3","51708293","51708597","JH378262","2136465","2136766","44","49571828"
"chr3","51727928","51728226","JH378105","55574476","55574778","47","3846548"
"chr3","51739226","51739527","JH378166","530033","530321","55","51209193"
"chr3","51824015","51824321","JH378168","1759484","1759793","44","50064531"
"chr3","51829094","51829327","JH378105","45639946","45640176","35","6189148"
"chr3","51836347","51836644","JH378141","15518519","15518815","46","36317828"
"chr3","51845753","51846052","JH378232","219539","219832","48","51626214"
"chr3","51848298","51848576","JH378205","5058130","5058413","40","46790168"
"chr3","51849514","51849604","JH378117","34529070","34529159","11","17320444"
"chr3","51852420","51852699","JH378121","18830566","18830841","35","33021854"
"chr3","51862341","51862641","JH378186","4814679","4814977","47","47047662"
"chr3","51867763","51868064","JH378106","6660208","6660505","43","45207555"
"chr3","51870029","51870328","JH378129","12396986","12397278","46","39473043"
"chr3","51883019","51883319","JH378125","7759615","7759914","41","44123404"
"chr3","51901042","51901346","JH378190","7495108","7495411","44","44405934"
"chr3","51913283","51913572","JH378135","20298147","20298439","35","31615136"
"chr3","51918220","51918475","JH378119","6126019","6126270","51","45792201"
"chr3","51922872","51923091","JH378134","18000003","18000219","34","33922869"
"chr3","51930522","51930631","JH378323","139608","139714","20","51790914"
"chr3","51930662","51930958","JH378191","967537","967830","42","50963125"
"chr3","51979115","51979396","JH378177","3761735","3762014","60","48217380"
"chr3","51984450","51984757","JH378122","7400305","7400610","42","44584145"
"chr3","52009110","52009400","JH378190","7391291","7391564","44","44617819"
"chr3","52011771","52012069","JH378281","1964057","1964356","45","50047714"
"chr3","52033489","52033773","JH378157","8047049","8047337","47","43986440"
"chr3","52319641","52319923","JH378124","5131942","5132232","43","47187699"
"chr3","52382978","52383295","JH378119","11311026","11311320","65","41071952"
"chr3","52397016","52397313","JH378143","8639762","8640057","34","43757254"
"chr3","52398959","52399267","JH378113","19024288","19024595","41","33374671"
"chr3","52401189","52401468","JH378105","13803619","13803899","39","38597570"
"chr3","52426419","52426722","JH378148","16955481","16955786","39","35470938"
"chr3","52453742","52454036","JH378199","7196909","7197202","40","45256833"
"chr3","52510053","52510345","JH378190","6946850","6947147","38","45563203"
"chr3","52583611","52583908","JH378185","6039029","6039324","42","46544582"
"chr3","52590074","52590383","JH378242","4255551","4255858","51","48334523"
"chr3","52590736","52591030","JH378316","391481","391778","44","52199255"
"chr3","52601404","52601618","JH378158","8742429","8742652","39","43858975"
"chr3","52604706","52605002","JH378111","26034614","26034912","42","26570092"
"chr3","52608446","52608721","JH378185","1553447","1553720","37","51054999"
"chr3","52611218","52611530","JH378139","4872682","4872993","47","47738536"
"chr3","52626327","52626599","JH378148","15577863","15578139","44","37048464"
"chr3","52633784","52634065","JH378190","6829253","6829536","42","45804531"
"chr3","52673688","52673983","JH378162","11681967","11682260","35","40991721"
"chr3","52682452","52682745","JH378291","130444","130734","35","52552008"
"chr3","52691353","52691630","JH378171","8159190","8159468","39","44532163"
"chr3","52706308","52706589","JH378153","11011004","11011290","45","41695304"
"chr3","52744355","52744613","JH378149","3907556","3907820","42","48836799"
"chr3","52754427","52754730","JH378148","16955481","16955786","38","35798946"
"chr3","52760572","52760845","JH378226","6069792","6070053","49","46690780"
"chr3","52761421","52761724","JH378139","11244771","11245079","37","41516650"
"chr3","52764966","52765335","JH378190","6719742","6720118","79","46045224"
"chr3","52831992","52832284","JH378116","25790477","25790774","40","27041515"
"chr3","52853972","52854285","JH378220","2978157","2978463","54","49875815"
"chr3","52890555","52890864","JH378126","22520022","22520332","43","30370533"
"chr3","52902555","52902861","JH378190","6587529","6587838","41","46315026"
"chr3","52932315","52932599","JH378144","4721929","4722197","63","48210386"
"chr3","52940918","52941060","JH378118","14609499","14609641","31","38331419"
"chr3","52976135","52976426","JH378106","9912009","9912285","49","43064126"
"chr3","53035276","53035581","JH378190","6462145","6462450","30","46573131"
"chr3","53038531","53038818","JH378157","10039092","10039395","48","42999439"
"chr3","53044207","53044503","JH378188","7232167","7232465","38","45812040"
"chr3","53045022","53045307","JH378240","2963845","2964138","48","50081177"
"chr3","53052610","53052908","JH378116","25790477","25790774","43","27262133"
"chr3","53081853","53082177","JH378107","57922509","57922830","47","4840656"
"chr3","53110170","53110467","JH378190","6403682","6403977","32","46706488"
"chr3","53143040","53143239","JH378181","2546309","2546504","30","50596731"
"chr3","53180782","53181055","JH378114","20734954","20735221","43","32445828"
"chr3","53212278","53212567","JH378108","45812249","45812537","55","7400029"
"chr3","53243138","53243442","JH378171","1227829","1228136","34","52015309"
"chr3","53298861","53299164","JH378118","10693452","10693756","40","42605409"
"chr3","53302625","53302934","JH378160","12698106","12698417","40","40604519"
"chr3","53330084","53330387","JH378123","29110953","29111249","76","24219131"
"chr3","53345191","53345336","JH378170","11226367","11226510","25","42118824"
"chr3","53345378","53345493","JH378110","36451048","36451167","19","16894330"
"chr3","53349312","53349609","JH378148","2754402","2754696","40","50594910"
"chr3","53351479","53351613","JH378149","10169880","10170014","15","43181599"
"chr3","53367887","53368184","JH378139","11244771","11245079","44","42123116"
"chr3","53371277","53371579","JH378190","6154927","6155231","42","47216350"
"chr3","53374718","53375019","JH378190","6151052","6151347","42","47223666"
"chr3","53387280","53387578","JH378153","2856479","2856773","34","50530801"
"chr3","53388688","53389000","JH378119","5503589","5503900","41","47885099"
"chr3","53416163","53416444","JH378113","32113739","32114025","49","21302424"
"chr3","53422522","53422823","JH378242","734891","735189","49","52687631"
"chr3","53423711","53424015","JH378142","1173704","1174003","48","52250007"
"chr3","53437246","53437551","JH378106","16703672","16703970","54","36733574"
"chr3","53454132","53454434","JH378112","16541777","16542068","48","36912355"
"chr3","53455286","53455465","JH378149","256341","256525","31","53198945"
"chr3","53455494","53455580","JH378345","208956","209041","18","53246538"
"chr3","53457356","53457502","JH378128","25274620","25274764","17","28182736"
"chr3","53458791","53459083","JH378191","967537","967830","46","52491254"
"chr3","53484429","53484563","JH378213","4209495","4209630","14","49274934"
"chr3","53492299","53492571","JH378105","5769531","5769800","47","47722768"
"chr3","53508136","53508439","JH378225","885930","886227","55","52622206"
"chr3","53561715","53562023","JH378157","13166321","13166620","41","40395394"
"chr3","53565528","53565807","JH378127","2035209","2035489","45","51530319"
"chr3","53630179","53630471","JH378269","2765021","2765311","35","50865158"
"chr3","53637319","53637628","JH378118","10693452","10693756","39","42943867"
"chr3","53638307","53638600","JH378204","3222855","3223147","35","50415452"
"chr3","53639960","53640262","JH378112","35271650","35271950","41","18368310"
"chr3","53644767","53644898","JH378158","3234628","3234759","11","50410139"
"chr3","53646839","53647138","JH378116","14428154","14428454","36","39218685"
"chr3","53678287","53678571","JH378176","10070915","10071197","39","43607372"
"chr3","53714468","53714704","JH378130","7629546","7629779","45","46084922"
"chr3","53719925","53720220","JH378105","55317452","55317750","42","1597527"
"chr3","53742539","53742835","JH378106","1173984","1174280","42","52568555"
"chr3","53782185","53782480","JH378242","734891","735189","43","53047294"
"chr3","53783655","53783962","JH378203","3557833","3558132","49","50225822"
"chr3","53784117","53784424","JH378166","2088727","2089032","43","51695390"
"chr3","53810136","53810413","JH378173","4795221","4795500","44","49014915"
"chr3","53822230","53822525","JH378117","32546315","32546609","48","21275915"
"chr3","53825890","53826196","JH378153","14175225","14175527","39","39650665"
"chr3","53830369","53830677","JH378118","10693452","10693756","41","43136917"
"chr3","53846299","53846519","JH378135","5854951","5855163","47","47991348"
"chr3","53851188","53851318","JH378147","16075859","16075997","26","37775329"
"chr3","53860513","53860673","JH378108","8802308","8802456","30","45058205"
"chr3","53885039","53885333","JH378193","9197869","9198167","38","44687170"
"chr3","53887902","53888096","JH378149","4888000","4888196","36","48999902"
"chr3","53891146","53891419","JH378264","2533276","2533553","56","51357870"
"chr3","53891838","53892118","JH378144","13429319","13429607","51","40462519"
"chr3","53908866","53908986","JH378124","1986105","1986224","13","51922761"
"chr3","53917540","53917843","JH378156","6301995","6302299","32","47615545"
"chr3","53917965","53918268","JH378166","9428708","9429013","41","44489257"
"chr3","53918677","53918965","JH378109","33226384","33226670","41","20692293"
"chr3","53920652","53920962","JH378117","25694461","25694770","47","28226191"
"chr3","53943963","53944271","JH378112","33452684","33452993","47","20491279"
"chr3","53981822","53982130","JH378212","1616066","1616370","55","52365756"
"chr3","54008145","54008456","JH378136","7360455","7360754","53","46647690"
"chr3","54035755","54036056","JH378113","15232832","15233136","45","38802923"
"chr3","54039756","54040056","JH378110","11338627","11338925","34","42701129"
"chr3","54041710","54042001","JH378114","11345439","11345731","50","42696271"
"chr3","54076880","54077175","JH378191","967537","967830","38","53109343"
"chr3","54097821","54098129","JH378176","9100046","9100345","41","44997775"
"chr3","54105600","54105883","JH378139","17676474","17676761","40","36429126"
"chr3","54113854","54114106","JH378203","1405125","1405376","36","52708729"
"chr3","54125237","54125522","JH378127","1087443","1087725","39","53037794"
"chr3","54128319","54128607","JH378144","18349832","18350117","34","35778487"
"chr3","54143083","54143320","JH378190","5323486","5323734","44","48819597"
"chr3","54144148","54144458","JH378191","3226893","3227211","59","50917255"
"chr3","54151862","54152159","JH378242","734891","735189","36","53416971"
"chr3","54172228","54172464","JH378190","5290304","5290561","49","48881924"
"chr3","54178403","54178688","JH378263","977231","977517","45","53201172"
"chr3","54202063","54202355","JH378141","14454762","14455052","31","39747301"
"chr3","54202767","54203057","JH378200","979194","979479","45","53223573"
"chr3","54203124","54203411","JH378122","7809799","7810085","41","46393325"
"chr3","54203969","54204245","JH378190","5254677","5254960","37","48949292"
"chr3","54222130","54222420","JH378141","14454762","14455052","44","39767368"
"chr3","54223103","54223212","JH378206","1255077","1255189","14","52968026"
"chr3","54231960","54232236","JH378105","65209596","65209868","38","10977636"
"chr3","54253259","54253552","JH378242","734891","735189","35","53518368"
"chr3","54274330","54274641","JH378177","3420206","3420507","52","50854124"
"chr3","54282760","54283065","JH378115","4860657","4860961","37","49422103"
"chr3","54310328","54310636","JH378151","4578678","4578981","47","49731650"
"chr3","54317059","54317347","JH378128","12434365","12434655","44","41882694"
"chr3","54329535","54329830","JH378190","5125595","5125890","37","49203940"
"chr3","54370919","54371200","JH378262","2077406","2077689","44","52293513"
"chr3","54377216","54377519","JH378113","14532240","14532539","49","39844976"
"chr3","54380323","54380614","JH378143","2450294","2450584","44","51930029"
"chr3","54426011","54426148","JH378206","6284079","6284214","13","48141932"
"chr3","54438042","54438180","JH378107","55895704","55895839","15","1457662"
"chr3","54440352","54440664","JH378156","10837845","10838152","48","43602507"
"chr3","54444257","54444570","JH378151","7197215","7197522","41","47247042"
"chr3","54444604","54444904","JH378110","19827299","19827595","38","34617305"
"chr3","54467431","54467736","JH378200","4071612","4071915","54","50395819"
"chr3","54473736","54474023","JH378189","177130","177409","48","54296606"
"chr3","54481418","54481730","JH378135","16449037","16449347","42","38032381"
"chr3","54486577","54486872","JH378186","1525813","1526111","36","52960764"
"chr3","54535188","54535480","JH378187","3252575","3252870","41","51282613"
"chr3","54551356","54551609","JH378198","761503","761742","58","53789853"
"chr3","54568543","54568842","JH378152","13742000","13742297","39","40826543"
"chr3","54575595","54575899","JH378262","1936694","1936996","41","52638901"
"chr3","54595527","54595825","JH378117","24418072","24418369","38","30177455"
"chr3","54617365","54617602","JH378116","35395137","35395372","48","19222228"
"chr3","54640603","54640912","JH378118","10693452","10693756","44","43947151"
"chr3","54672948","54673225","JH378297","2084520","2084806","61","52588428"
"chr3","54697681","54697990","JH378115","26968615","26968913","55","27729066"
"chr3","54699637","54699957","JH378108","49898869","49899179","51","4800768"
"chr3","54711913","54712194","JH378262","3359107","3359387","42","51352806"
"chr3","54716257","54716555","JH378173","10651343","10651645","38","44064914"
"chr3","54723716","54723984","JH378190","4771686","4771969","39","49952030"
"chr3","54781515","54781764","JH378190","4712526","4712773","38","50068989"
"chr3","54792691","54792948","JH378193","3629693","3629962","63","51162998"
"chr3","54795854","54796118","JH378139","209730","209992","40","54586124"
"chr3","54823403","54823615","JH378146","1848322","1848534","36","52975081"
"chr3","54896533","54896806","JH378153","528124","528390","43","54368409"
"chr3","54904759","54905063","JH378110","29563136","29563434","37","25341623"
"chr3","54973681","54973979","JH378201","122224","122525","38","54851457"
"chr3","55009481","55009780","JH378192","8464766","8465066","37","46544715"
"chr3","55078626","55078887","JH378164","6881616","6881870","46","48197010"
"chr3","55092274","55092584","JH378112","6301540","6301846","46","48790734"
"chr3","55094933","55095234","JH378242","734891","735189","45","54360042"
"chr3","55112351","55112648","JH378220","667156","667455","37","54445195"
"chr3","55114232","55114544","JH378112","33452684","33452993","42","21661548"
"chr3","55128772","55129058","JH378107","19957506","19957791","47","35171266"
"chr3","55151849","55151916","JH378190","5926055","5926123","9","49225794"
"chr3","55165261","55165532","JH378110","20595171","20595459","52","34570090"
"chr3","55169273","55169562","JH378190","4334704","4334997","36","50834569"
"chr3","55219189","55219476","JH378106","18295846","18296136","43","36923343"
"chr3","55220735","55221047","JH378110","2590007","2590314","39","52630728"
"chr3","55236440","55236738","JH378255","1058410","1058705","39","54178030"
"chr3","55271336","55271628","JH378141","14454762","14455052","38","40816574"
"chr3","55405956","55406008","JH378190","4114302","4114354","10","51291654"
"chr3","55436146","55436454","JH378118","10693452","10693756","44","44742694"
"chr3","55443648","55443928","JH378105","37094152","37094433","46","18349496"
"chr3","55494292","55494556","JH378111","43330700","43330975","39","12163592"
"chr3","55508898","55509201","JH378118","10693452","10693756","46","44815446"
"chr3","55547581","55547863","JH378164","6714567","6714844","39","48833014"
"chr3","55557322","55557599","JH378122","7809799","7810085","59","47747523"
"chr3","55585018","55585153","JH378203","3694672","3694805","13","51890346"
"chr3","55639032","55639319","JH378149","16695001","16695300","48","38944031"
"chr3","55648997","55649287","JH378213","4435380","4435669","38","51213617"
"chr3","55667273","55667547","JH378139","13663749","13664032","41","42003524"
"chr3","55718625","55718927","JH378118","10693452","10693756","46","45025173"
"chr3","55757274","55757625","JH378119","28819111","28819454","70","26938163"
"chr3","55809599","55809778","JH378267","358566","358737","30","55451033"
"chr3","55809779","55810081","JH378117","28653042","28653341","44","27156737"
"chr3","55810082","55810217","JH378137","4262914","4263045","19","51547168"
"chr3","55812192","55812493","JH378142","1173704","1174003","44","54638488"
"chr3","55817164","55817455","JH378255","1058410","1058705","46","54758754"
"chr3","55851116","55851421","JH378190","3683836","3684137","39","52167280"
"chr3","55856132","55856431","JH378153","14175225","14175527","50","41680907"
"chr3","55941907","55942187","JH378166","3200412","3200690","32","52741495"
"chr3","56047737","56048048","JH378110","39573027","39573336","46","16474710"
"chr3","56053370","56053657","JH378118","11558432","11558720","36","44494938"
"chr3","56095089","56095397","JH378118","6633242","6633554","47","49461847"
"chr3","56136617","56136920","JH378262","1936694","1936996","40","54199923"
"chr3","56137313","56137610","JH378108","33547500","33547795","40","22589813"
"chr3","56152297","56152610","JH378116","37812207","37812513","46","18340090"
"chr3","56167039","56167324","JH378118","25685146","25685431","39","30481893"
"chr3","56187263","56187561","JH378111","8498303","8498600","42","47688960"
"chr3","56198009","56198218","JH378139","1594662","1594875","30","54603347"
"chr3","56250613","56250908","JH378111","26034614","26034912","47","30215999"
"chr3","56271582","56271863","JH378122","7809799","7810085","44","48461783"
"chr3","56276554","56276866","JH378189","1441665","1441975","58","54834889"
"chr3","56281274","56281570","JH378165","4140259","4140553","41","52141015"
"chr3","56308772","56309042","JH378176","11083944","11084201","72","45224828"
"chr3","56328440","56328752","JH378222","1253361","1253669","41","55075079"
"chr3","56380018","56380321","JH378190","3179948","3180247","27","53200070"
"chr3","56535416","56535713","JH378114","41403997","41404287","49","15131419"
"chr3","56557024","56557322","JH378148","5678256","5678554","37","50878768"
"chr3","56570725","56571030","JH378141","14415409","14415719","46","42155316"
"chr3","56603468","56603774","JH378127","9046189","9046489","41","47557279"
"chr3","56650761","56651053","JH378281","467526","467818","33","56183235"
"chr3","56655053","56655357","JH378118","26418109","26418417","51","30236944"
"chr3","56718905","56719180","JH378190","2845257","2845537","54","53873648"
"chr3","56719182","56719462","JH378161","2314911","2315185","45","54404271"
"chr3","56722332","56722635","JH378190","2841919","2842220","45","53880413"
"chr3","56727489","56727793","JH378123","21695970","21696268","44","35031519"
"chr3","56778143","56778405","JH378151","9077199","9077465","39","47700944"
"chr3","56931804","56932105","JH378190","1394904","1395199","43","55536900"
"chr3","56949012","56949311","JH378187","3252575","3252870","36","53696437"
"chr3","56958559","56958857","JH378288","629003","629310","46","56329556"
"chr3","57004090","57004391","JH378224","2515142","2515446","42","54488948"
"chr3","57057102","57057388","JH378186","5678393","5678671","38","51378709"
"chr3","57084844","57085153","JH378113","22500385","22500697","50","34584459"
"chr3","57088975","57089286","JH378140","15256022","15256323","48","41832953"
"chr3","57177589","57177884","JH378127","13202957","13203249","49","43974632"
"chr3","57279239","57279537","JH378220","3658932","3659226","48","53620307"
"chr3","57286719","57287034","JH378290","1006881","1007187","43","56279838"
"chr3","57297775","57298077","JH378110","10780596","10780898","45","46517179"
"chr3","57304287","57304559","JH378190","2270201","2270472","32","55034086"
"chr3","57405235","57405502","JH378173","10573389","10573662","43","46831846"
"chr3","57424058","57424352","JH378141","15518519","15518815","41","41905539"
"chr3","57459321","57459600","JH378108","50953521","50953800","43","6505800"
"chr3","57520042","57520355","JH378190","2053237","2053552","42","55466805"
"chr3","57569444","57569728","JH378169","125851","126142","51","57443593"
"chr3","57605849","57606089","JH378114","40832395","40832641","49","16773454"
"chr3","57610834","57611144","JH378109","7455200","7455510","47","50155634"
"chr3","57633817","57634118","JH378151","10980172","10980472","42","46653645"
"chr3","57700997","57701294","JH378193","6311804","6312100","42","51389193"
"chr3","57704728","57705012","JH378115","6816410","6816692","44","50888318"
"chr3","57729698","57730010","AGCE01148947","1654","1967","64","57728044"
"chr3","57748315","57748540","JH378137","20044224","20044442","60","37704091"
"chr3","57788858","57789100","JH378139","13387568","13387813","40","44401290"
"chr3","57805502","57805804","JH378204","6690782","6691087","43","51114720"
"chr3","57809840","57810142","JH378124","4041596","4041902","56","53768244"
"chr3","57829575","57829856","JH378176","1007519","1007789","56","56822056"
"chr3","57837991","57838128","JH378266","3454247","3454382","19","54383744"
"chr3","57883498","57883634","JH378133","7666290","7666425","16","50217208"
"chr3","57887623","57887894","JH378125","5556096","5556372","52","52331527"
"chr3","57889617","57889916","JH378153","2856479","2856773","47","55033138"
"chr3","57902946","57903137","JH378131","1312582","1312773","23","56590364"
"chr3","57918418","57918699","JH378135","10248672","10248955","35","47669746"
"chr3","57954415","57954718","JH378203","334050","334353","48","57620365"
"chr3","57957427","57957721","JH378157","6175235","6175536","40","51782192"
"chr3","57960826","57961120","JH378219","6182679","6182969","59","51778147"
"chr3","57979472","57979774","JH378190","1599155","1599457","39","56380317"
"chr3","58000786","58001088","JH378234","2806107","2806409","41","55194679"
"chr3","58005933","58006221","JH378111","43268192","43268483","37","14737741"
"chr3","58090917","58091203","JH378136","839654","839946","44","57251263"
"chr3","58094265","58094573","JH378145","10834314","10834618","44","47259951"
"chr3","58123595","58123905","JH378113","26550017","26550324","45","31573578"
"chr3","58138803","58139037","JH378190","8181177","8181406","39","49957626"
"chr3","58147476","58147778","JH378148","3100313","3100608","50","55047163"
"chr3","58162967","58163261","JH378190","1420560","1420861","28","56742407"
"chr3","58201655","58201939","JH378108","45438880","45439170","42","12762775"
"chr3","58209605","58209910","JH378116","14428154","14428454","46","43781451"
"chr3","58241170","58241462","JH378123","21695970","21696268","35","36545200"
"chr3","58249726","58250035","JH378206","1268945","1269256","35","56980781"
"chr3","58318435","58318737","JH378151","4578678","4578981","39","53739757"
"chr3","58338002","58338294","JH378220","4586364","4586656","39","53751638"
"chr3","58346400","58346712","JH378322","16020","16327","44","58330380"
"chr3","58347626","58347909","JH378137","19960365","19960651","43","38387261"
"chr3","58347913","58348024","JH378190","1221137","1221248","9","57126776"
"chr3","58349979","58350263","JH378189","177130","177409","42","58172849"
"chr3","58363190","58363498","JH378156","10837845","10838152","42","47525345"
"chr3","58387848","58388146","JH378190","1178585","1178879","41","57209263"
"chr3","58404353","58404638","JH378111","16422425","16422715","43","41981928"
"chr3","58409616","58409912","JH378115","39565442","39565741","37","18844174"
"chr3","58416199","58416491","JH378135","2083499","2083789","44","56332700"
"chr3","58418774","58419074","JH378293","2206439","2206737","38","56212335"
"chr3","58439100","58439399","JH378173","10651343","10651645","38","47787757"
"chr3","58461306","58461616","JH378111","33933929","33934235","50","24527377"
"chr3","58475127","58475411","JH378190","1093334","1093632","38","57381793"
"chr3","58494640","58494932","JH378117","6076538","6076831","47","52418102"
"chr3","58508880","58509162","JH378119","32228268","32228553","53","26280612"
"chr3","58522289","58522570","JH378293","1687855","1688133","43","56834434"
"chr3","58541444","58541733","JH378190","1039047","1039341","40","57502397"
"chr3","58545898","58546208","JH378105","21317070","21317374","41","37228828"
"chr3","58552692","58553000","JH378154","13561581","13561891","35","44991111"
"chr3","58569202","58569490","JH378257","2083912","2084198","41","56485290"
"chr3","58573445","58573772","JH378241","5314491","5314827","59","53258954"
"chr3","58579950","58580219","JH378205","1274661","1274924","41","57305289"
"chr3","58591107","58591388","JH378177","1170014","1170294","35","57421093"
"chr3","58594711","58594999","JH378232","5624492","5624775","45","52970219"
"chr3","58626750","58626980","JH378262","2943023","2943258","39","55683727"
"chr3","58651356","58651663","JH378190","932759","933055","46","57718597"
"chr3","58659219","58659534","JH378112","33452684","33452993","44","25206535"
"chr3","58672200","58672504","JH378298","1256824","1257124","47","57415376"
"chr3","58689937","58690213","JH378112","40981708","40981979","44","17708229"
"chr3","58694642","58694943","JH378113","14532240","14532539","56","44162402"
"chr3","58706611","58706908","JH378110","19827299","19827595","38","38879312"
"chr3","58740976","58741296","JH378139","3255687","3256005","48","55485289"
"chr3","58968938","58969211","JH378133","5160471","5160742","50","53808467"
"chr3","58974796","58975089","JH378290","1449167","1449465","44","57525629"
"chr3","58977902","58978192","JH378242","734891","735189","41","58243011"
"chr3","58980556","58980849","JH378254","3924070","3924366","43","55056486"
"chr3","58996640","58996932","JH378145","10500061","10500358","35","48496579"
"chr3","59009830","59010130","JH378255","1058410","1058705","41","57951420"
"chr3","59022426","59022716","JH378137","14089045","14089336","42","44933381"
"chr3","59026034","59026333","JH378148","3100313","3100608","44","55925721"
"chr3","59030313","59030623","JH378190","776349","776657","33","58253964"
"chr3","59036164","59036471","JH378172","11809089","11809387","43","47227075"
"chr3","59041551","59041860","JH378148","12754921","12755229","45","46286630"
"chr3","59043633","59043793","JH378215","1466439","1466607","26","57577194"
"chr3","59044105","59044272","JH378119","34092724","34092888","31","24951381"
"chr3","59049713","59050023","JH378173","6914461","6914770","46","52135252"
"chr3","59051085","59051356","JH378110","8787614","8787881","39","50263471"
"chr3","59056752","59057043","JH378106","15608727","15609026","65","43448025"
"chr3","59058299","59058637","JH378190","744861","745180","58","58313438"
"chr3","59065352","59065654","JH378197","8660298","8660600","48","50405054"
"chr3","59067914","59068212","JH378235","1831385","1831690","43","57236529"
"chr3","59071799","59072110","JH378107","29703574","29703881","47","29368225"
"chr3","59081993","59082319","JH378118","10693452","10693756","56","48388541"
"chr3","59093934","59094219","JH378173","4795221","4795500","57","54298713"
"chr3","59095065","59095194","JH378635","1","129","16","59095064"
"chr3","59101144","59101458","JH378204","5941995","5942305","55","53159149"
"chr3","59110968","59111249","JH378188","1035070","1035348","44","58075898"
"chr3","59132453","59132742","JH378149","3645044","3645337","47","55487409"
"chr3","59138016","59138306","JH378145","10818566","10818852","33","48319450"
"chr3","59141597","59141888","JH378126","23648957","23649250","44","35492640"
"chr3","59154010","59154292","JH378113","39319250","39319536","47","19834760"
"chr3","59158163","59158472","JH378148","2797982","2798286","45","56360181"
"chr3","59164820","59165112","JH378188","7232167","7232465","47","51932653"
"chr3","59168886","59169193","JH378108","31529799","31530108","41","27639087"
"chr3","59182775","59183054","JH378190","624099","624362","52","58558676"
"chr3","59203849","59204161","JH378242","734891","735189","53","58468958"
"chr3","59208100","59208393","JH378118","33697997","33698295","46","25510103"
"chr3","59211373","59211661","JH378249","731947","732236","46","58479426"
"chr3","59219189","59219495","JH378190","582161","582466","43","58637028"
"chr3","59226039","59226342","JH378166","2088727","2089032","43","57137312"
"chr3","59253325","59253620","JH378232","3499603","3499896","39","55753722"
"chr3","59256883","59257183","JH378242","734891","735189","42","58521992"
"chr3","59257889","59258202","JH378188","7490346","7490651","42","51767543"
"chr3","59272281","59272574","JH378115","28716128","28716418","38","30556153"
"chr3","59298468","59298758","JH378247","4426259","4426553","40","54872209"
"chr3","59305106","59305218","JH378190","495191","495303","7","58809915"
"chr3","59306162","59306285","JH378145","10699269","10699393","16","48606893"
"chr3","59307768","59307975","JH378190","491420","491607","31","58816348"
"chr3","59308588","59308867","JH378117","36041941","36042223","37","23266647"
"chr3","59316270","59316509","JH378190","5820235","5820491","63","53496035"
"chr3","59322467","59322731","JH378161","3269547","3269813","50","56052920"
"chr3","59343939","59344236","JH378130","12502533","12502827","41","46841406"
"chr3","59348777","59349070","JH378108","30957686","30957982","39","28391091"
"chr3","59373684","59373969","JH378151","12268873","12269153","47","47104811"
"chr3","59376364","59376628","JH378186","4970542","4970812","44","54405822"
"chr3","59378125","59378264","JH378110","32480863","32480997","20","26897262"
"chr3","59396443","59396741","JH378255","3447746","3448043","38","55948697"
"chr3","59398283","59398576","JH378115","26165856","26166163","48","33232427"
"chr3","59405657","59405951","JH378153","14658508","14658797","40","44747149"
"chr3","59421575","59421872","JH378141","14454762","14455052","42","44966813"
"chr3","59431088","59431391","JH378242","734891","735189","44","58696197"
"chr3","59448287","59448592","JH378142","1173704","1174003","55","58274583"
"chr3","59450553","59450865","JH378156","10837845","10838152","50","48612708"
"chr3","59472325","59472608","JH378201","119475","119755","39","59352850"
"chr3","59477134","59477432","JH378106","69658436","69658736","67","10181302"
"chr3","59516610","59516895","JH378177","3761735","3762014","39","55754875"
"chr3","59522465","59522777","JH378190","264376","264685","41","59258089"
"chr3","59526200","59526492","JH378188","7232167","7232465","41","52294033"
"chr3","59552680","59552987","JH378112","43922832","43923126","60","15629848"
"chr3","59556257","59556525","JH378114","20734954","20735221","40","38821303"
"chr3","59571947","59572241","JH378141","14454762","14455052","32","45117185"
"chr3","59573297","59573600","JH378115","27550836","27551133","50","32022461"
"chr3","59575920","59576204","JH378118","17322417","17322703","49","42253503"
"chr3","59606320","59606605","JH378159","15640411","15640699","45","43965909"
"chr3","59633895","59634194","JH378161","2236995","2237295","39","57396900"
"chr3","59635631","59635765","JH378105","35667195","35667327","17","23968436"
"chr3","59651836","59652101","JH378196","3015906","3016171","34","56635930"
"chr3","59652748","59653007","JH378146","9756021","9756280","41","49896727"
"chr3","59659349","59659463","JH378211","2854219","2854336","19","56805130"
"chr3","59664854","59665147","JH378190","121213","121509","42","59543641"
"chr3","59667296","59667591","JH378108","33547500","33547795","48","26119796"
"chr3","59675241","59675539","JH378190","112512","112800","37","59562729"
"chr3","59685219","59685529","JH378143","4503874","4504182","48","55181345"
"chr3","59687124","59687424","JH378111","8498303","8498600","40","51188821"
"chr3","59688223","59688526","JH378117","25694461","25694770","49","33993762"
"chr3","59692729","59693009","JH378173","4795221","4795500","40","54897508"
"chr3","59693785","59694077","JH378106","9665994","9666288","49","50027791"
"chr3","59706428","59706727","JH378140","15256022","15256323","52","44450406"
"chr3","59728517","59728765","JH378173","2973566","2973814","47","56754951"
"chr3","59730004","59730299","JH378136","12221741","12222036","39","47508263"
"chr3","59749031","59749328","JH378116","27346910","27347202","40","32402121"
"chr3","59751938","59752236","JH378242","734891","735189","42","59017047"
"chr3","59756148","59756443","JH378135","21300881","21301186","44","38455267"
"chr3","59765223","59765517","JH378220","3229265","3229557","43","56535958"
"chr3","59779857","59780142","JH378221","4328276","4328560","50","55451581"
"chr3","59792237","59792486","JH378115","14364925","14365169","35","45427312"
"chr3","59802561","59802830","JH378280","3163220","3163473","52","56639341"
"chr3","59803700","59803986","JH378288","2786677","2786981","52","57017023"
"chr3","59805565","59805851","JH378220","3104344","3104618","54","56701221"
"chr3","59815434","59815724","JH378125","15313063","15313352","42","44502371"
"chr3","59820533","59820836","JH378151","4578678","4578981","38","55241855"
"chr3","59823550","59823847","JH378242","734891","735189","35","59088659"
"chr3","59846617","59846875","JH378115","14365271","14365526","44","45481346"
"chr3","59854148","59854448","JH378137","14128205","14128508","43","45725943"
"chr3","59866179","59866485","JH378190","1394904","1395199","66","58471275"
"chr3","59917736","59918048","JH378171","3664627","3664940","40","56253109"
"chr3","59928147","59928367","JH378139","15538079","15538311","40","44390068"
"chr3","59939133","59939392","JH378248","541773","542023","47","59397360"
"chr3","59954203","59954477","JH378280","3015092","3015361","38","56939111"
"chr3","59961488","59961750","JH378167","706338","706607","44","59255150"
"chr3","60001070","60001360","JH378141","14454762","14455052","32","45546308"
"chr3","60201435","60201740","JH378114","41499633","41499943","45","18701802"
"chr3","60225353","60225652","JH378113","15232832","15233136","48","44992521"
"chr3","60338491","60338784","JH378124","6001393","6001683","38","54337098"
"chr3","60404634","60404902","JH378219","4111134","4111404","48","56293500"
"chr3","60410176","60410469","JH378111","27170480","27170777","46","33239696"
"chr3","60412474","60412632","JH378113","17227924","17228071","29","43184550"
"chr3","60417133","60417400","JH378108","49411639","49411900","45","11005494"
"chr3","60490992","60491286","JH378189","3786344","3786637","40","56704648"
"chr3","60503795","60504085","JH378120","10329871","10330161","54","50173924"
"chr3","60504510","60504805","JH378115","39565442","39565741","34","20939068"
"chr3","60601005","60601305","JH378138","7552662","7552964","36","53048343"
"chr3","60646096","60646363","JH378280","2357500","2357764","33","58288596"
"chr3","60653585","60653819","JH378127","5384271","5384500","35","55269314"
"chr3","60682950","60683248","JH378280","2331838","2332134","49","58351112"
"chr3","60757626","60757948","JH378153","5074032","5074342","53","55683594"
"chr3","60843593","60843855","JH378110","42449856","42450117","47","18393737"
"chr3","60967098","60967399","JH378172","9553918","9554219","36","51413180"
"chr3","61105790","61106098","JH378110","11338627","11338925","46","49767163"
"chr3","61159970","61160267","JH378163","12759419","12759714","51","48400551"
"chr3","61230291","61230535","JH378135","13351980","13352222","36","47878311"
"chr3","61325507","61325778","JH378185","9869807","9870074","49","51455700"
"chr3","61348790","61349070","JH378118","33683606","33683888","41","27665184"
"chr3","61443059","61443364","JH378204","3945411","3945718","46","57497648"
"chr3","61502709","61503006","JH378245","3008907","3009211","41","58493802"
"chr3","61504675","61504983","JH378173","9472851","9473151","41","52031824"
"chr3","61546225","61546528","JH378188","7490346","7490651","46","54055879"
"chr3","61552002","61552300","JH378126","782415","782718","53","60769587"
"chr3","61592138","61592447","JH378173","10651343","10651645","51","50940795"
"chr3","61638787","61639087","JH378177","10173752","10174049","45","51465035"
"chr3","61687128","61687363","JH378280","1303625","1303859","39","60383503"
"chr3","61712737","61713055","JH378143","598634","598941","57","61114103"
"chr3","61729361","61729626","JH378273","361264","361529","39","61368097"
"chr3","61752734","61753035","JH378182","9155217","9155520","51","52597517"
"chr3","61757942","61758252","JH378126","782415","782718","49","60975527"
"chr3","61822247","61822542","JH378255","368440","368733","37","61453807"
"chr3","61840453","61840733","JH378148","4090440","4090727","51","57750013"
"chr3","61895574","61895871","JH378111","38162771","38163069","41","23732803"
"chr3","62044535","62044835","JH378281","467526","467818","55","61577009"
"chr3","62046503","62046768","JH378113","33567293","33567559","41","28479210"
"chr3","62070278","62070577","JH378242","734891","735189","38","61335387"
"chr3","62106078","62106374","JH378242","533674","533973","45","61572404"
"chr3","62134035","62134319","JH378151","14710107","14710394","60","47423928"
"chr3","62156303","62156619","JH378116","36267689","36268001","63","25888614"
"chr3","62181392","62181678","JH378244","3283576","3283868","34","58897816"
"chr3","62184541","62184839","JH378255","3447746","3448043","35","58736795"
"chr3","62262512","62262770","JH378115","27666737","27666990","45","34595775"
"chr3","62267656","62267943","JH378114","19816137","19816424","40","42451519"
"chr3","62287433","62287699","JH378107","33040651","33040912","49","29246782"
"chr3","62345891","62346193","JH378255","3447746","3448043","44","58898145"
"chr3","62385903","62386163","JH378130","8198056","8198327","58","54187847"
"chr3","62435207","62435492","JH378172","9343322","9343615","46","53091885"
"chr3","62467572","62467891","JH378110","32840967","32841277","68","29626605"
"chr3","62483380","62483684","JH378112","30721676","30721989","46","31761704"
"chr3","62650197","62650495","JH378218","4783400","4783700","47","57866797"
"chr3","62656981","62657283","JH378120","4438901","4439206","39","58218080"
"chr3","62662498","62662771","JH378148","15577863","15578139","48","47084635"
"chr3","62692979","62693278","JH378114","6331983","6332282","54","56360996"
"chr3","62705885","62706157","JH378178","1021335","1021597","47","61684550"
"chr3","62711830","62712107","JH378152","16250304","16250576","46","46461526"
"chr3","62718329","62718638","JH378280","332182","332483","41","62386147"
"chr3","62725716","62726015","JH378121","20749858","20750157","46","41975858"
"chr3","62738218","62738516","JH378265","1210893","1211181","52","61527325"
"chr3","62749115","62749420","JH378280","302362","302654","45","62446753"
"chr3","62766840","62767123","JH378122","8503071","8503350","55","54263769"
"chr3","62808936","62809215","JH378245","691477","691755","43","62117459"
"chr3","62845575","62845876","JH378116","25790477","25790774","38","37055098"
"chr3","62849109","62849410","JH378140","6686089","6686388","43","56163020"
"chr3","62859831","62860129","JH378105","49483592","49483887","44","13376239"
"chr3","62868663","62868965","JH378280","182724","183028","46","62685939"
"chr3","62896464","62896760","JH378249","4409199","4409500","46","58487265"
"chr3","62905371","62905573","JH378223","5914834","5915023","46","56990537"
"chr3","62913709","62913986","JH378135","17574125","17574399","44","45339584"
"chr3","62915521","62915830","JH378115","26938492","26938795","54","35977029"
"chr3","62950739","62950868","JH378280","98562","98691","10","62852177"
"chr3","62957744","62958025","JH378252","1684014","1684300","49","61273730"
"chr3","62960356","62960657","JH378151","16650499","16650795","53","46309857"
"chr3","62965968","62966179","JH378113","2200207","2200414","27","60765761"
"chr3","62994057","62994358","JH378111","11464738","11465037","46","51529319"
"chr3","63030063","63030400","JH378226","2113470","2113801","58","60916593"
"chr3","63032293","63032598","JH378188","7232167","7232465","45","55800126"
"chr3","63037279","63037490","JH378280","33","253","33","63037246"
"chr3","63045753","63046042","JH378107","56723818","56724113","42","6321935"
"chr3","63066429","63066753","JH378297","218770","219080","60","62847659"
"chr3","63072752","63073050","JH378242","734891","735189","40","62337861"
"chr3","63074711","63074994","JH378105","17592520","17592809","59","45482191"
"chr3","63078082","63078383","JH378178","1751160","1751459","48","61326922"
"chr3","63078426","63078719","JH378107","19957506","19957791","42","43120920"
"chr3","63086543","63086826","JH378122","7809799","7810085","37","55276744"
"chr3","63126984","63127290","JH378115","39565442","39565741","64","23561542"
"chr3","63148805","63148981","JH378137","19323143","19323313","31","43825662"
"chr3","63149280","63149416","JH378140","6963141","6963271","17","56186139"
"chr3","63172446","63172762","JH378290","1006881","1007187","47","62165565"
"chr3","63222874","63223152","JH378255","3804849","3805130","42","59418025"
"chr3","63307267","63307561","JH378159","1162193","1162478","44","62145074"
"chr3","63314712","63314989","JH378300","991138","991406","47","62323574"
"chr3","63320374","63320681","JH378242","734891","735189","46","62585483"
"chr3","63330896","63331184","JH378122","7809799","7810085","42","55521097"
"chr3","63333645","63333942","JH378108","45644079","45644375","50","17689566"
"chr3","63353346","63353636","JH378119","360557","360852","41","62992789"
"chr3","63424365","63424677","JH378137","15935777","15936084","46","47488588"
"chr3","63432608","63432897","JH378128","3862805","3863098","38","59569803"
"chr3","63477192","63477489","JH378152","13742000","13742297","40","49735192"
"chr3","63527015","63527309","JH378231","6061361","6061641","45","57465654"
"chr3","63611188","63611494","JH378122","7400305","7400610","42","56210883"
"chr3","63656631","63656941","JH378118","12197167","12197472","50","51459464"
"chr3","63659266","63659546","JH378131","1474328","1474605","45","62184938"
"chr3","63661462","63661752","JH378111","43268192","43268483","39","20393270"
"chr3","63664814","63665111","JH378129","2446692","2446987","50","61218122"
"chr3","63694135","63694442","JH378148","2797982","2798286","45","60896153"
"chr3","63865803","63866101","JH378224","3699525","3699827","37","60166278"
"chr3","63893112","63893399","JH378133","7512602","7512884","52","56380510"
"chr3","63900856","63901150","JH378242","734891","735189","43","63165965"
"chr3","64003771","64004058","JH378140","16745844","16746136","53","47257927"
"chr3","64018155","64018457","JH378151","3413908","3414208","60","60604247"
"chr3","64067088","64067409","JH378255","1987046","1987357","53","62080042"
"chr3","64134173","64134478","JH378114","20897206","20897509","36","43236967"
"chr3","64241257","64241559","JH378105","8442381","8442678","44","55798876"
"chr3","64260580","64260888","JH378149","422089","422391","46","63838491"
"chr3","64504141","64504390","JH378231","5075056","5075299","28","59429085"
"chr3","64556840","64557118","JH378114","41996207","41996493","46","22560633"
"chr3","64630416","64630714","JH378114","32943022","32943318","41","31687394"
"chr3","64638977","64639269","JH378141","14454762","14455052","43","50184215"
"chr3","64648138","64648430","JH378253","1812488","1812781","40","62835650"
"chr3","64761565","64761855","JH378231","4825661","4825951","54","59935904"
"chr3","64778913","64779108","JH378199","5252558","5252747","30","59526355"
"chr3","64784436","64784724","JH378110","16212677","16212966","41","48571759"
"chr3","64786437","64786739","JH378163","12425279","12425581","41","52361158"
"chr3","64914798","64915092","JH378175","2892068","2892363","44","62022730"
"chr3","65001062","65001336","JH378194","3765478","3765752","56","61235584"
"chr3","65001785","65002083","JH378116","14428154","14428454","41","50573631"
"chr3","65093405","65093693","JH378145","6249274","6249565","50","58844131"
"chr3","65107906","65108215","JH378231","4498779","4499088","52","60609127"
"chr3","65111672","65111961","JH378239","758573","758858","41","64353099"
"chr3","65126161","65126417","JH378108","6965769","6966020","50","58160392"
"chr3","65126444","65126731","JH378149","1955740","1956029","44","63170704"
"chr3","65130773","65131077","JH378308","1397452","1397755","42","63733321"
"chr3","65133509","65133812","JH378262","1936694","1936996","47","63196815"
"chr3","65136227","65136537","JH378108","54422817","54423127","48","10713410"
"chr3","65149693","65149992","JH378185","850005","850278","69","64299688"
"chr3","65226199","65226511","JH378231","4382011","4382313","35","60844188"
"chr3","65236089","65236389","JH378141","15518519","15518815","36","49717570"
"chr3","65275566","65275872","JH378194","2282818","2283122","40","62992748"
"chr3","65278300","65278586","JH378204","7899913","7900203","44","57378387"
"chr3","65305437","65305729","JH378111","43268192","43268483","33","22037245"
"chr3","65318806","65319086","JH378205","4006287","4006583","45","61312519"
"chr3","65321894","65322196","JH378214","949639","949938","43","64372255"
"chr3","65347975","65348286","JH378137","16253596","16253904","41","49094379"
"chr3","65590306","65590562","JH378129","9423803","9424054","51","56166503"
"chr3","65595552","65595812","JH378112","27642217","27642481","58","37953335"
"chr3","65640147","65640447","JH378186","1525813","1526111","41","64114334"
"chr3","65651485","65651777","JH378221","1277720","1278016","45","64373765"
"chr3","65689649","65689899","JH378105","49877318","49877566","40","15812331"
"chr3","65713329","65713620","JH378157","8047049","8047337","45","57666280"
"chr3","65745716","65745974","JH378116","38787938","38788172","70","26957778"
"chr3","65764523","65764789","JH378231","3828431","3828701","36","61936092"
"chr3","65783517","65783645","JH378105","1845742","1845874","20","63937775"
"chr3","65795310","65795616","JH378235","3957900","3958200","46","61837410"
"chr3","65805018","65805300","JH378127","15612339","15612612","49","50192679"
"chr3","65814869","65815162","JH378231","3783710","3784009","42","62031159"
"chr3","66000456","66000766","JH378148","16955481","16955786","49","49044975"
"chr3","66050435","66050727","JH378155","5629037","5629329","46","60421398"
"chr3","66074427","66074733","JH378135","3487580","3487886","38","62586847"
"chr3","66120351","66120700","JH378105","20165482","20165818","64","45954869"
"chr3","66127787","66128078","JH378121","2976112","2976395","69","63151675"
"chr3","66242681","66242977","JH378117","28380219","28380513","47","37862462"
"chr3","66281001","66281302","JH378245","3696821","3697122","47","62584180"
"chr3","66290805","66290948","JH378118","14609499","14609641","22","51681306"
"chr3","66325340","66325629","JH378146","4942290","4942579","42","61383050"
"chr3","66409374","66409667","JH378109","12261651","12261938","46","54147723"
"chr3","66583415","66583748","JH378135","18214402","18214733","67","48369013"
"chr3","66601927","66602238","JH378159","2111805","2112116","45","64490122"
"chr3","66610427","66610722","JH378225","962832","963129","37","65647595"
"chr3","66643268","66643372","JH378107","4041391","4041488","28","62601877"
"chr3","66657867","66658178","JH378281","384526","384836","42","66273341"
"chr3","66674528","66674832","JH378177","9464681","9464983","47","57209847"
"chr3","66719866","66720162","JH378133","9812784","9813080","43","56907082"
"chr3","66734288","66734615","JH378109","25470458","25470760","75","41263830"
"chr3","66766991","66767298","JH378113","15232832","15233136","47","51534159"
"chr3","66799437","66799583","JH378203","1936367","1936513","18","64863070"
"chr3","66799899","66800068","JH378262","129382","129557","34","66670517"
"chr3","66820601","66820897","JH378199","281986","282282","42","66538615"
"chr3","66837654","66837962","JH378242","734891","735189","43","66102763"
"chr3","66839661","66839963","JH378127","9071221","9071525","46","57768440"
"chr3","66842157","66842167","JH378196","2334629","2334642","3","64507528"
"chr3","66842194","66842475","JH378189","7501508","7501793","44","59340686"
"chr3","66850757","66851039","JH378112","31816682","31816964","48","35034075"
"chr3","66878418","66878595","JH378205","4323269","4323437","36","62555149"
"chr3","66878906","66879044","JH378137","12501232","12501370","25","54377674"
"chr3","66897333","66897625","JH378111","43268192","43268483","45","23629141"
"chr3","66929078","66929361","JH378122","7104036","7104320","40","59825042"
"chr3","66962680","66963003","JH378159","6119055","6119368","72","60843625"
"chr3","66970414","66970703","JH378151","9450568","9450862","42","57519846"
"chr3","67033974","67034105","JH378262","310456","310588","17","66723518"
"chr3","67034789","67035087","JH378151","6150117","6150421","43","60884672"
"chr3","67056238","67056540","JH378113","11803158","11803457","45","55253080"
"chr3","67057619","67057894","JH378231","2538969","2539248","43","64518650"
"chr3","67073369","67073443","JH378131","5335687","5335762","10","61737682"
"chr3","67087731","67087995","JH378113","21132776","21133039","49","45954955"
"chr3","67098525","67098834","JH378224","2515142","2515446","42","64583383"
"chr3","67117070","67117360","JH378125","15313063","15313352","42","51804007"
"chr3","67124533","67124746","JH378182","10369078","10369292","36","56755455"
"chr3","67177884","67178184","JH378105","68912062","68912362","49","1734178"
"chr3","67212656","67212958","JH378106","2172328","2172633","35","65040328"
"chr3","67221360","67221653","JH378231","2382032","2382326","42","64839328"
"chr3","67223343","67223642","JH378197","8660298","8660600","50","58563045"
"chr3","67226840","67227133","JH378107","4371211","4371515","56","62855629"
"chr3","67229899","67230195","JH378219","2824659","2824966","55","64405240"
"chr3","67245010","67245310","JH378113","15232832","15233136","47","52012178"
"chr3","67250997","67251291","JH378199","281986","282282","45","66969011"
"chr3","67251721","67252020","JH378157","7185118","7185415","59","60066603"
"chr3","67255155","67255468","JH378148","16955481","16955786","44","50299674"
"chr3","67262017","67262262","JH378111","15820209","15820460","42","51441808"
"chr3","67268762","67269046","JH378127","6411900","6412175","50","60856862"
"chr3","67277778","67277965","JH378129","12032713","12032884","34","55245065"
"chr3","67285095","67285374","JH378231","2317347","2317615","47","64967748"
"chr3","67297978","67298238","JH378111","32631993","32632265","51","34665985"
"chr3","67309016","67309314","JH378129","7834151","7834449","35","59474865"
"chr3","67312048","67312158","JH378194","7848873","7848982","12","59463175"
"chr3","67313634","67313942","JH378176","9169030","9169331","41","58144604"
"chr3","67318728","67319043","JH378231","2279544","2279852","49","65039184"
"chr3","67325698","67326013","JH378200","3990495","3990806","51","63335203"
"chr3","67329398","67329699","JH378105","51901786","51902084","46","15427612"
"chr3","67330518","67330823","JH378140","5850602","5850898","48","61479916"
"chr3","67333632","67333926","JH378121","5393263","5393559","40","61940369"
"chr3","67365309","67365457","JH378186","1895634","1895782","21","65469675"
"chr3","67367203","67367328","JH378107","55895704","55895839","24","11471499"
"chr3","67372093","67372389","JH378117","24418072","24418369","46","42954021"
"chr3","67379010","67379299","JH378216","5187466","5187750","57","62191544"
"chr3","67393166","67393460","JH378129","14524850","14525142","47","52868316"
"chr3","67396515","67396807","JH378106","6660208","6660505","43","60736307"
"chr3","67396843","67397141","JH378226","6485812","6486107","38","60911031"
"chr3","67402557","67402863","JH378204","5941995","5942305","41","61460562"
"chr3","67406321","67406615","JH378178","8042470","8042765","45","59363851"
"chr3","67412063","67412371","JH378177","9865797","9866102","47","57546266"
"chr3","67425448","67425736","JH378161","1904915","1905202","42","65520533"
"chr3","67456132","67456452","JH378167","6083744","6084058","55","61372388"
"chr3","67544452","67544743","JH378173","10880896","10881187","40","56663556"
"chr3","67608258","67608518","JH378112","32952210","32952469","38","34656048"
"chr3","67699037","67699358","JH378105","54610411","54610729","56","13088626"
"chr3","67748806","67749108","JH378231","1826291","1826603","44","65922515"
"chr3","67769777","67770080","JH378231","1805113","1805421","41","65964664"
"chr3","67803479","67803767","JH378178","125151","125428","60","67678328"
"chr3","67813264","67813577","JH378216","4692583","4692882","58","63120681"
"chr3","67819710","67820012","JH378187","2140613","2140924","59","65679097"
"chr3","67821330","67821632","JH378220","4188358","4188661","40","63632972"
"chr3","67834967","67835261","JH378125","7536511","7536811","41","60298456"
"chr3","67838504","67838812","JH378112","33452684","33452993","50","34385820"
"chr3","67874995","67875294","JH378116","28282701","28282994","39","39592294"
"chr3","67888128","67888416","JH378251","4062279","4062572","42","63825849"
"chr3","67954390","67954692","JH378150","8762710","8763014","44","59191680"
"chr3","67968013","67968313","JH378189","4262802","4263099","46","63705211"
"chr3","67988953","67989238","JH378253","4126633","4126923","53","63862320"
"chr3","67990617","67990919","JH378137","8390402","8390708","45","59600215"
"chr3","68000168","68000459","JH378141","14454762","14455052","34","53545406"
"chr3","68012214","68012504","JH378231","1579380","1579670","39","66432834"
"chr3","68042033","68042326","JH378156","6535566","6535861","42","61506467"
"chr3","68062113","68062407","JH378153","12935655","12935945","35","55126458"
"chr3","68093620","68093915","JH378153","851337","851628","42","67242283"
"chr3","68146427","68146714","JH378116","37714587","37714884","60","30431840"
"chr3","68148541","68148782","JH378232","1947968","1948210","45","66200573"
"chr3","68188365","68188665","JH378110","40011605","40011912","46","28176760"
"chr3","68197136","68197443","JH378110","7445735","7446034","46","60751401"
"chr3","68241721","68242025","JH378142","1173704","1174003","43","67068017"
"chr3","68251899","68252204","JH378129","10477083","10477384","42","57774816"
"chr3","68253278","68253569","JH378305","286057","286348","35","67967221"
"chr3","68254697","68254989","JH378129","8195437","8195732","48","60059260"
"chr3","68279536","68279784","JH378150","15588267","15588521","52","52691269"
"chr3","68339941","68340242","JH378242","734891","735189","48","67605050"
"chr3","68385607","68385869","JH378160","5805313","5805566","53","62580294"
"chr3","68386796","68387097","JH378114","19454155","19454463","46","48932641"
"chr3","68408763","68408966","JH378248","3970204","3970409","32","64438559"
"chr3","68444564","68444859","JH378196","7256205","7256496","72","61188359"
"chr3","68472013","68472306","JH378117","10582723","10583013","46","57889290"
"chr3","68488903","68489194","JH378121","19593845","19594139","52","48895058"
"chr3","68650950","68651225","JH378136","14898747","14899023","41","53752203"
"chr3","68814575","68814873","JH378152","13742000","13742297","34","55072575"
"chr3","68830441","68830743","JH378124","13618146","13618450","41","55212295"
"chr3","68835050","68835344","JH378220","1011665","1011962","52","67823385"
"chr3","68899991","68900281","JH378122","7809799","7810085","53","61090192"
"chr3","68927776","68928075","JH378231","683693","683993","37","68244083"
"chr3","68945056","68945353","JH378133","10007863","10008159","49","58937193"
"chr3","68998351","68998645","JH378110","35790499","35790794","40","33207852"
"chr3","69013033","69013347","JH378118","6633242","6633554","48","62379791"
"chr3","69154900","69155199","JH378151","4578678","4578981","42","64576222"
"chr3","69261295","69261590","JH378107","57287252","57287540","47","11974043"
"chr3","69285664","69285965","JH378231","377667","377975","45","68907997"
"chr3","69317257","69317533","JH378165","6030400","6030671","41","63286857"
"chr3","69573858","69574143","JH378126","23919877","23920166","50","45653981"
"chr3","69615779","69616067","JH378136","2698913","2699197","37","66916866"
"chr3","69771086","69771368","JH378152","12845481","12845764","45","56925605"
"chr3","69810515","69810806","JH378105","7959742","7960029","36","61850773"
"chr3","69816283","69816546","JH378167","1329320","1329584","40","68486963"
"chr3","69907689","69907990","JH378203","7090053","7090349","43","62817636"
"chr3","69916056","69916349","JH378111","8498303","8498600","38","61417753"
"chr3","69973484","69973765","JH378301","503665","503958","49","69469819"
"chr3","69991086","69991321","JH378111","25634684","25634921","43","44356402"
"chr3","70015075","70015372","JH378216","2499104","2499400","48","67515971"
"chr3","70046197","70046499","JH378173","10651343","10651645","39","59394854"
"chr3","70055793","70056090","JH378228","2015002","2015296","39","68040791"
"chr3","70121333","70121631","JH378220","1011665","1011962","57","69109668"
"chr3","70198792","70199095","JH378157","16036361","16036663","43","54162431"
"chr3","70227766","70228051","JH378173","12616169","12616458","38","57611597"
"chr3","70241022","70241336","JH378134","17623812","17624123","45","52617210"
"chr3","70267545","70267838","JH378219","6447496","6447790","49","63820049"
"chr3","70284465","70284774","JH378192","8133431","8133738","37","62151034"
"chr3","70292594","70292876","JH378108","45462217","45462495","48","24830377"
"chr3","70299607","70299898","JH378271","2255310","2255598","43","68044297"
"chr3","70300801","70301089","JH378113","2184682","2184974","47","68116119"
"chr3","70310429","70310731","JH378184","6068176","6068477","50","64242253"
"chr3","70319297","70319574","JH378131","1474328","1474605","43","68844969"
"chr3","70322368","70322653","JH378108","31777654","31777950","42","38544714"
"chr3","70335574","70335863","JH378167","11202084","11202374","39","59133490"
"chr3","70344979","70345286","JH378206","918187","918493","40","69426792"
"chr3","70348438","70348722","JH378153","12355481","12355767","57","57992957"
"chr3","70369340","70369634","JH378108","803124","803417","45","69566216"
"chr3","70372214","70372518","JH378114","41541862","41542163","41","28830352"
"chr3","70378619","70378919","JH378123","29109560","29109856","44","41269059"
"chr3","70395279","70395628","JH378105","21150069","21150410","77","49245210"
"chr3","70396320","70396595","JH378105","1741814","1742090","45","68654506"
"chr3","70400879","70401108","JH378267","358566","358737","80","70042313"
"chr3","70401415","70401560","JH378135","9617126","9617273","21","60784289"
"chr3","70412303","70412595","JH378152","13742000","13742297","42","56670303"
"chr3","70442284","70442584","JH378112","33033903","33034201","43","37408381"
"chr3","70451017","70451312","JH378219","6258828","6259119","39","64192189"
"chr3","70460059","70460354","JH378139","8066225","8066520","46","62393834"
"chr3","70465035","70465346","JH378133","19850966","19851274","43","50614069"
"chr3","70468030","70468318","JH378149","1955740","1956029","31","68512290"
"chr3","70469740","70470050","JH378219","6233185","6233486","41","64236555"
"chr3","70478955","70479259","JH378109","28689425","28689723","45","41789530"
"chr3","70485776","70486065","JH378153","10500001","10500285","43","59985775"
"chr3","70492670","70492981","JH378127","13264848","13265156","45","57227822"
"chr3","70509537","70509671","JH378173","4707069","4707205","16","65802468"
"chr3","70517181","70517470","JH378132","20919176","20919465","41","49598005"
"chr3","70521861","70522149","JH378108","52400401","52400685","47","18121460"
"chr3","70535508","70535809","JH378105","58654423","58654726","44","11881085"
"chr3","70536417","70536702","JH378161","10580429","10580714","30","59955988"
"chr3","70557432","70557731","JH378219","6145381","6145680","44","64412051"
"chr3","70559017","70559268","JH378156","3275449","3275693","40","67283568"
"chr3","70594549","70594848","JH378144","6298394","6298685","45","64296155"
"chr3","70615305","70615602","JH378290","1449167","1449465","51","69166138"
"chr3","70618214","70618514","JH378179","839502","839800","39","69778712"
"chr3","70636468","70636755","JH378115","16549844","16550133","40","54086624"
"chr3","70644564","70644862","JH378242","734891","735189","35","69909673"
"chr3","70666258","70666543","JH378247","236614","236905","50","70429644"
"chr3","70678420","70678724","JH378110","40741642","40741951","54","29936778"
"chr3","70696834","70697126","JH378123","5667081","5667374","45","65029753"
"chr3","70726787","70727078","JH378205","3979972","3980268","40","66746815"
"chr3","70730759","70731062","JH378192","8464766","8465066","39","62265993"
"chr3","70732851","70733159","JH378186","1525813","1526111","42","69207038"
"chr3","70839725","70840022","JH378118","10693452","10693756","54","60146273"
"chr3","70865448","70865744","JH378219","5841225","5841525","39","65024223"
"chr3","70895144","70895468","JH378131","18145393","18145714","50","52749751"
"chr3","70896819","70897112","JH378220","4586364","4586656","41","66310455"
"chr3","70955079","70955376","JH378242","734891","735189","42","70220188"
"chr3","70965709","70965999","JH378203","7090053","7090349","41","63875656"
"chr3","71064470","71064776","JH378112","14218155","14218459","56","56846315"
"chr3","71065571","71065861","JH378198","2487022","2487311","38","68578549"
"chr3","71117364","71117678","JH378296","670644","670951","54","70446720"
"chr3","71215156","71215438","JH378115","14114008","14114285","55","57101148"
"chr3","71252631","71252938","JH378242","734891","735189","43","70517740"
"chr3","71270421","71270731","JH378106","69063427","69063728","53","2206994"
"chr3","71351243","71351545","JH378188","2935449","2935751","37","68415794"
"chr3","71427918","71428207","JH378219","5303179","5303476","47","66124739"
"chr3","71603544","71603855","JH378110","2590007","2590314","49","69013537"
"chr3","71610354","71610642","JH378107","57287252","57287540","38","14323102"
"chr3","71627063","71627348","JH378119","11553220","11553504","49","60073843"
"chr3","71702067","71702377","JH378106","8168487","8168797","42","63533580"
"chr3","71872212","71872496","JH378186","5678393","5678671","47","66193819"
"chr3","71887366","71887592","JH378185","5728523","5728737","43","66158843"
"chr3","72044917","72045214","JH378123","20761493","20761785","50","51283424"
"chr3","72107324","72107630","JH378123","29792372","29792668","56","42314952"
"chr3","72119907","72120206","JH378115","26938492","26938795","39","45181415"
"chr3","72135092","72135401","JH378219","4671034","4671346","49","67464058"
"chr3","72141147","72141448","JH378262","2182343","2182639","51","69958804"
"chr3","72182585","72182887","JH378262","1936694","1936996","42","70245891"
"chr3","72207097","72207407","JH378171","1227829","1228136","44","70979268"
"chr3","72223958","72224255","JH378223","5905936","5906230","39","66318022"
"chr3","72225000","72225296","JH378122","9835188","9835489","40","62389812"
"chr3","72278089","72278406","JH378114","23189455","23189757","59","49088634"
"chr3","72292738","72293012","JH378157","15551359","15551628","46","56741379"
"chr3","72380726","72381028","JH378111","26034614","26034912","34","46346112"
"chr3","72390679","72390972","JH378242","734891","735189","52","71655788"
"chr3","72397806","72398081","JH378106","18260892","18261167","43","54136914"
"chr3","72411995","72412302","JH378205","3376097","3376398","47","69035898"
"chr3","72483065","72483380","JH378111","9912952","9913260","45","62570113"
"chr3","72501100","72501368","JH378219","4290924","4291192","31","68210176"
"chr3","72510903","72511202","JH378140","15256022","15256323","46","57254881"
"chr3","72516945","72517232","JH378219","4273277","4273566","36","68243668"
"chr3","72591269","72591582","JH378224","3691492","3691801","48","68899777"
"chr3","72611632","72611937","JH378123","21695970","21696268","46","50915662"
"chr3","72631370","72631644","JH378152","16250304","16250576","45","56381066"
"chr3","72642419","72642690","JH378219","4141715","4141987","47","68500704"
"chr3","72658563","72658872","JH378148","13262362","13262662","46","59396201"
"chr3","72666877","72667189","JH378150","2634839","2635156","44","70032038"
"chr3","72672982","72673285","JH378125","5364994","5365289","43","67307988"
"chr3","72723868","72723879","JH378185","5729091","5729102","2","66994777"
"chr3","72723912","72724205","JH378167","10676046","10676336","48","62047866"
"chr3","72737496","72737802","JH378109","15696350","15696653","49","57041146"
"chr3","72760501","72760786","JH378137","15979686","15979975","45","56780815"
"chr3","72772947","72773257","JH378105","65397117","65397421","42","7375830"
"chr3","72807515","72807797","JH378116","32223776","32224062","45","40583739"
"chr3","72920320","72920630","JH378113","15232832","15233136","43","57687488"
"chr3","72923720","72924012","JH378116","28282701","28282994","44","44641019"
"chr3","72937460","72937768","JH378113","15232832","15233136","37","57704628"
"chr3","72940576","72940853","JH378106","67528382","67528668","47","5412194"
"chr3","72960763","72961055","JH378190","5062737","5063029","48","67898026"
"chr3","72981516","72981805","JH378144","13429319","13429607","43","59552197"
"chr3","73007831","73008132","JH378123","9608291","9608584","57","63399540"
"chr3","73056894","73057183","JH378184","8969849","8970132","68","64087045"
"chr3","73057691","73057974","JH378167","8017494","8017782","48","65040197"
"chr3","73064091","73064390","JH378219","3712250","3712556","37","69351841"
"chr3","73068868","73069154","JH378119","2525767","2526046","49","70543101"
"chr3","73096145","73096448","JH378219","3681912","3682215","44","69414233"
"chr3","73098529","73098797","JH378161","5438799","5439061","43","67659730"
"chr3","73099497","73099798","JH378133","9812784","9813080","40","63286713"
"chr3","73119420","73119730","JH378108","34552149","34552452","55","38567271"
"chr3","73123333","73123637","JH378140","6180514","6180816","38","66942819"
"chr3","73129339","73129634","JH378253","1812488","1812781","34","71316851"
"chr3","73152509","73152807","JH378149","15885379","15885676","44","57267130"
"chr3","73213450","73213748","JH378219","3554765","3555056","35","69658685"
"chr3","73236969","73237228","JH378197","8189893","8190153","35","65047076"
"chr3","73260347","73260652","JH378219","3509280","3509589","44","69751067"
"chr3","73278060","73278334","JH378219","3491256","3491528","37","69786804"
"chr3","73314428","73314707","JH378118","11558432","11558720","42","61755996"
"chr3","73323870","73324180","JH378114","19810892","19811201","42","53512978"
"chr3","73972784","73973079","JH378173","10710295","10710586","46","63262489"
"chr3","74031188","74031496","JH378288","629003","629310","40","73402185"
"chr3","74038680","74038967","JH378110","28169195","28169480","44","45869485"
"chr3","74080591","74080890","JH378123","22635710","22636011","53","51444881"
"chr3","74088140","74088451","JH378224","2515142","2515446","45","71572998"
"chr3","74146476","74146777","JH378214","242924","243221","53","73903552"
"chr3","74176633","74176945","JH378149","17075543","17075846","48","57101090"
"chr3","74216157","74216463","JH378242","734891","735189","52","73481266"
"chr3","74222059","74222368","JH378219","3128946","3129242","54","71093113"
"chr3","74230086","74230220","JH378219","3120860","3120991","17","71109226"
"chr3","74234993","74235268","JH378204","4012532","4012811","44","70222461"
"chr3","74239414","74239717","JH378116","14428154","14428454","43","59811260"
"chr3","74290455","74290716","JH378112","40981708","40981979","43","33308747"
"chr3","74295524","74295829","JH378148","16955481","16955786","49","57340043"
"chr3","74331935","74332216","JH378271","1800907","1801186","41","72531028"
"chr3","74345486","74345780","JH378129","11918842","11919142","57","62426644"
"chr3","74352672","74352979","JH378181","2054201","2054514","54","72298471"
"chr3","74354742","74355044","JH378117","37445869","37446169","44","36908873"
"chr3","74355674","74355969","JH378107","529179","529482","47","73826495"
"chr3","74360005","74360293","JH378117","6076538","6076831","42","68283467"
"chr3","74361032","74361339","JH378148","16955481","16955786","40","57405551"
"chr3","74362145","74362447","JH378112","35271650","35271950","40","39090495"
"chr3","74363582","74363887","JH378301","920694","921000","40","73442888"
"chr3","74364219","74364500","JH378141","8855710","8855990","46","65508509"
"chr3","74372514","74372828","JH378148","16955481","16955786","44","57417033"
"chr3","74382535","74382832","JH378197","3241273","3241575","45","71141262"
"chr3","74392089","74392348","JH378129","10392653","10392916","51","63999436"
"chr3","74395366","74395681","JH378219","2951857","2952162","45","71443509"
"chr3","74405422","74405744","JH378188","9401785","9402089","49","65003637"
"chr3","74413040","74413123","JH378312","1053710","1053791","9","73359330"
"chr3","74422342","74422438","JH378219","2926559","2926659","18","71495783"
"chr3","74424335","74424636","JH378145","6507817","6508119","55","67916518"
"chr3","74427398","74427700","JH378133","9812784","9813080","44","64614614"
"chr3","74430816","74431119","JH378105","51901786","51902084","43","22529030"
"chr3","74439811","74440129","JH378137","14128205","14128508","42","60311606"
"chr3","74446459","74446771","JH378150","8762710","8763014","46","65683749"
"chr3","74473974","74474278","JH378108","33589709","33590008","43","40884265"
"chr3","74506710","74506896","JH378153","12037683","12037872","38","62469027"
"chr3","74507205","74507342","JH378108","49180782","49180912","13","25326423"
"chr3","74508641","74508928","JH378167","6098594","6098882","31","68410047"
"chr3","74510089","74510401","JH378107","28458725","28459036","41","46051364"
"chr3","74527839","74528138","JH378116","14428154","14428454","36","60099685"
"chr3","74537419","74537715","JH378110","30244046","30244339","41","44293373"
"chr3","74554805","74555094","JH378227","4237819","4238105","36","70316986"
"chr3","74604709","74605019","JH378204","3945411","3945718","46","70659298"
"chr3","74626887","74627185","JH378239","5566205","5566489","47","69060682"
"chr3","74716767","74717064","JH378116","24058999","24059290","44","50657768"
"chr3","74722242","74722521","JH378128","11289647","11289922","49","63432595"
"chr3","74723712","74724016","JH378235","3957900","3958200","38","70765812"
"chr3","74729592","74729891","JH378123","21695970","21696268","36","53033622"
"chr3","74733211","74733518","JH378193","4065839","4066147","44","70667372"
"chr3","74736211","74736475","JH378114","20734954","20735221","39","54001257"
"chr3","74748843","74749117","JH378149","11359006","11359284","51","63389837"
"chr3","74756249","74756547","JH378193","2291860","2292169","46","72464389"
"chr3","74770500","74770795","JH378225","1684171","1684466","36","73086329"
"chr3","74774043","74774329","JH378127","15510679","15510974","41","59263364"
"chr3","74777955","74778265","JH378219","2584087","2584399","36","72193868"
"chr3","74788756","74788785","JH378113","38140728","38140753","10","36648028"
"chr3","74788826","74789107","JH378164","6714567","6714844","39","68074259"
"chr3","74798992","74799258","JH378171","1456037","1456300","52","73342955"
"chr3","74812687","74812844","JH378358","89650","89815","29","74723037"
"chr3","74818456","74818755","JH378242","734891","735189","37","74083565"
"chr3","74820430","74820671","JH378135","15240612","15240851","48","59579818"
"chr3","74821712","74821967","JH378309","55869","56133","52","74765843"
"chr3","74824168","74824434","JH378276","2103243","2103506","40","72720925"
"chr3","74824990","74825277","JH378152","12235342","12235638","47","62589648"
"chr3","74831612","74831810","JH378108","34383708","34383911","38","40447904"
"chr3","74836208","74836504","JH378163","12425279","12425581","42","62410929"
"chr3","74838165","74838451","JH378184","4109768","4110057","40","70728397"
"chr3","74839761","74840054","JH378111","43268192","43268483","40","31571569"
"chr3","74844216","74844529","JH378118","12191132","12191443","42","62653084"
"chr3","74847514","74847810","JH378106","765844","766137","41","74081670"
"chr3","74857086","74857372","JH378115","28738811","28739096","38","46118275"
"chr3","74871128","74871263","AGCE01150063","86","218","18","74871042"
"chr3","74871590","74871870","JH378116","37769666","37769946","73","37101924"
"chr3","74873971","74874294","JH378291","836169","836477","55","74037802"
"chr3","74881700","74881982","JH378125","15313063","15313352","45","59568637"
"chr3","74882026","74882065","JH378127","11639933","11639971","14","63242093"
"chr3","74882362","74882491","JH378203","1967680","1967812","18","72914682"
"chr3","74905447","74905737","JH378115","28716128","28716418","38","46189319"
"chr3","74916221","74916555","JH378105","54610411","54610729","65","20305810"
"chr3","74939681","74939978","JH378190","1394904","1395199","39","73544777"
"chr3","74950890","74951197","JH378149","422089","422391","56","74528801"
"chr3","74955200","74955498","JH378172","9553918","9554219","34","65401282"
"chr3","74976564","74976851","JH378279","2389310","2389604","41","72587254"
"chr3","74979940","74980200","JH378219","2367249","2367519","47","72612691"
"chr3","74983828","74984130","JH378139","1876329","1876620","57","73107499"
"chr3","74988889","74989181","JH378163","13606253","13606552","37","61382636"
"chr3","74993456","74993767","JH378114","19836665","19836973","48","55156791"
"chr3","75011214","75011516","JH378116","22378952","22379256","42","52632262"
"chr3","75013143","75013446","JH378111","11464738","11465037","44","63548405"
"chr3","75029082","75029243","JH378148","2046250","2046409","43","72982832"
"chr3","75029540","75029673","JH378200","3514102","3514234","18","71515438"
"chr3","75065157","75065467","JH378114","36279685","36279996","38","38785472"
"chr3","75067006","75067297","JH378212","1682730","1683017","49","73384276"
"chr3","75081975","75082285","JH378276","134131","134438","38","74947844"
"chr3","75084471","75084741","JH378110","29311133","29311408","40","45773338"
"chr3","75119271","75119577","JH378183","7456715","7457010","61","67662556"
"chr3","75249412","75249679","JH378132","22682891","22683156","46","52566521"
"chr3","75259623","75259923","JH378242","734891","735189","43","74524732"
"chr3","75303519","75303814","JH378148","3100313","3100608","37","72203206"
"chr3","75365221","75365501","JH378249","2362614","2362895","38","73002607"
"chr3","75401112","75401411","JH378151","9037488","9037785","52","66363624"
"chr3","75481251","75481546","JH378110","9343353","9343643","47","66137898"
"chr3","75517925","75518200","JH378279","1666661","1666937","35","73851264"
"chr3","75553078","75553355","JH378138","2161476","2161752","54","73391602"
"chr3","75669185","75669479","JH378135","1661661","1661952","34","74007524"
"chr3","75709856","75710167","JH378124","3082582","3082895","48","72627274"
"chr3","75730364","75730657","JH378220","4350061","4350357","47","71380303"
"chr3","75735677","75735966","JH378173","9478567","9478856","42","66257110"
"chr3","75797888","75798176","JH378219","1574669","1574957","29","74223219"
"chr3","75821940","75822234","JH378291","153525","153829","49","75668415"
"chr3","75898996","75899293","JH378203","1903645","1903942","38","73995351"
"chr3","75979828","75980081","JH378197","4101034","4101289","57","71878794"
"chr3","76043220","76043526","JH378288","2552639","2552947","43","73490581"
"chr3","76111633","76111927","JH378301","503665","503958","57","75607968"
"chr3","76165829","76166115","JH378219","1193384","1193669","44","74972445"
"chr3","76171548","76171788","JH378148","12313883","12314126","33","63857665"
"chr3","76497050","76497350","JH378196","6910302","6910603","42","69586748"
"chr3","76507579","76507892","JH378125","7123869","7124179","53","69383710"
"chr3","76513837","76513971","JH378108","22384104","22384234","20","54129733"
"chr3","76519102","76519394","JH378141","14454762","14455052","35","62064340"
"chr3","76519763","76520040","JH378127","23741395","23741667","54","52778368"
"chr3","76565225","76565534","JH378130","19247584","19247889","41","57317641"
"chr3","76584332","76584647","JH378242","734891","735189","49","75849441"
"chr3","76637708","76638022","JH378111","34264825","34265132","56","42372883"
"chr3","76661453","76661695","JH378110","38257656","38257901","47","38403797"
"chr3","76685301","76685581","JH378122","8503071","8503350","46","68182230"
"chr3","76690640","76690887","JH378190","9069673","9069920","40","67620967"
"chr3","76805244","76805536","JH378291","130444","130734","40","76674800"
"chr3","76828355","76828665","JH378219","567608","567912","42","76260747"
"chr3","76932691","76932993","JH378172","9553918","9554219","44","67378773"
"chr3","76981285","76981586","JH378123","5667081","5667374","49","71314204"
"chr3","77007791","77008059","JH378112","40981708","40981979","45","36026083"
"chr3","77053375","77053679","JH378106","69063427","69063728","40","7989948"
"chr3","77053987","77054286","JH378108","31731062","31731348","68","45322925"
"chr3","77068977","77069264","JH378122","7809799","7810085","45","69259178"
"chr3","77100001","77100134","JH378105","56601369","56601491","28","20498632"
"chr3","77100437","77100571","JH378106","1342311","1342445","15","75758126"
"chr3","77198961","77199262","JH378151","10109922","10110220","48","67089039"
"chr3","77220965","77221268","JH378118","10693452","10693756","44","66527513"
"chr3","77222621","77222917","JH378117","28666592","28666888","48","48556029"
"chr3","77232654","77232949","JH378111","43268192","43268483","42","33964462"
"chr3","77291514","77291615","JH378152","11827444","11827542","14","65464070"
"chr3","77292726","77293001","JH378105","50034667","50034949","42","27258059"
"chr3","77294311","77294602","JH378134","18829758","18830037","54","58464553"
"chr3","77308921","77309188","JH378196","3015906","3016171","41","74293015"
"chr3","77312499","77312790","JH378115","15766734","15767020","43","61545765"
"chr3","77318893","77319161","JH378259","3670474","3670723","61","73648419"
"chr3","77342615","77342913","JH378111","8498303","8498600","38","68844312"
"chr3","77359906","77360033","JH378190","9117005","9117132","12","68242901"
"chr3","77363737","77364031","JH378110","20599125","20599412","48","56764612"
"chr3","77369106","77369370","JH378114","20734954","20735221","39","56634152"
"chr3","77370890","77371110","JH378121","28725056","28725276","31","48645834"
"chr3","77397225","77397511","JH378190","8675307","8675593","43","68721918"
"chr3","77412496","77412793","JH378111","40734534","40734829","44","36677962"
"chr3","77436689","77436973","JH378242","2795079","2795370","57","74641610"
"chr3","77471008","77471268","JH378137","15932367","15932626","48","61538641"
"chr3","77666351","77666623","JH378221","506746","507023","43","77159605"
"chr3","77692570","77692878","JH378134","17632045","17632352","51","60060525"
"chr3","77698309","77698615","JH378148","16955481","16955786","46","60742828"
"chr3","77712105","77712390","JH378115","16549844","16550133","44","61162261"
"chr3","77769028","77769325","JH378106","69063427","69063728","39","8705601"
"chr3","77833444","77833752","JH378197","7017699","7018004","42","70815745"
"chr3","77844954","77845267","JH378148","2797982","2798286","52","75046972"
"chr3","77845437","77845718","JH378111","37233117","37233391","47","40612320"
"chr3","78320619","78320918","JH378242","734891","735189","48","77585728"
"chr3","78326563","78326863","JH378118","10693452","10693756","35","67633111"
"chr3","78531318","78531618","JH378232","219539","219832","51","78311779"
"chr3","78624203","78624498","JH378153","14175225","14175527","35","64448978"
"chr3","78724923","78725217","JH378144","7020423","7020716","60","71704500"
"chr3","78814085","78814167","JH378116","11100957","11101039","11","67713128"
"chr3","78824120","78824410","JH378291","130444","130734","54","78693676"
"chr3","78841104","78841362","JH378204","6110233","6110492","35","72730871"
"chr3","78878472","78878755","JH378108","20497499","20497784","46","58380973"
"chr3","78905706","78906028","JH378115","35238423","35238733","49","43667283"
"chr3","78911661","78911939","JH378144","6543988","6544267","42","72367673"
"chr3","78956835","78957113","JH378168","1154343","1154614","51","77802492"
"chr3","78982408","78982696","JH378152","14449530","14449815","42","64532878"
"chr3","79007657","79007919","JH378116","38015478","38015747","52","40992179"
"chr3","79011634","79011954","JH378193","8450366","8450675","54","70561268"
"chr3","79053727","79054019","JH378116","28282701","28282994","39","50771026"
"chr3","79095350","79095654","JH378168","1016489","1016784","46","78078861"
"chr3","79132631","79132932","JH378112","33033903","33034201","39","46098728"
"chr3","79278574","79278865","JH378255","3385929","3386224","39","75892645"
"chr3","79297134","79297429","JH378151","4578678","4578981","46","74718456"
"chr3","79320009","79320298","JH378184","5621805","5622094","53","73698204"
"chr3","79338403","79338693","JH378127","5317720","5318008","36","74020683"
"chr3","79361048","79361346","JH378293","1508849","1509149","41","77852199"
"chr3","79410225","79410539","JH378242","734891","735189","64","78675334"
"chr3","79478482","79478789","JH378118","10693452","10693756","39","68785030"
"chr3","79566103","79566418","JH378293","2012510","2012806","62","77553593"
"chr3","79652711","79653014","JH378151","8698295","8698594","55","70954416"
"chr3","79711761","79712053","JH378204","3222855","3223147","49","76488906"
"chr3","79893015","79893305","JH378117","28666592","28666888","49","51226423"
"chr3","79909672","79909967","JH378119","360557","360852","65","79549115"
"chr3","79951158","79951447","JH378141","14454762","14455052","42","65496396"
"chr3","80079737","80080006","JH378115","14114008","14114285","56","65965729"
"chr3","80116053","80116351","JH378135","15236962","15237256","46","64879091"
"chr3","80167795","80168091","JH378168","62161","62457","35","80105634"
"chr3","80200712","80201024","JH378206","1268945","1269256","46","78931767"
"chr3","80218061","80218381","JH378298","1629329","1629626","68","78588732"
"chr3","80327852","80328127","JH378111","32631993","32632265","37","47695859"
"chr3","80354108","80354416","JH378213","6894565","6894865","58","73459543"
"chr3","80389503","80389765","JH378105","11044690","11044946","39","69344813"
"chr3","80750009","80750310","JH378116","23955111","23955408","42","56794898"
"chr3","80789363","80789657","JH378105","14432202","14432497","34","66357161"
"chr3","80864931","80865229","JH378105","64915693","64915991","42","15949238"
"chr3","80874108","80874177","JH378190","9356599","9356663","13","71517509"
"chr3","80904517","80904808","JH378141","17390351","17390644","51","63514166"
"chr3","80911430","80911712","JH378105","50034667","50034949","45","30876763"
"chr3","80949969","80950257","JH378134","645660","645956","51","80304309"
"chr3","80964281","80964565","JH378109","15333805","15334107","52","65630476"
"chr3","80970987","80971300","JH378134","666937","667243","44","80304050"
"chr3","81002062","81002343","JH378144","6543988","6544267","42","74458074"
"chr3","81154095","81154381","JH378107","29025302","29025584","45","52128793"
"chr3","81191373","81191661","JH378172","970360","970642","43","80221013"
"chr3","81346852","81347146","JH378254","3924070","3924366","61","77422782"
"chr3","81572998","81573312","JH378197","4306456","4306760","59","77266542"
"chr3","81815021","81815309","JH378159","15366270","15366558","42","66448751"
"chr3","81895437","81895714","JH378107","29025302","29025584","52","52870135"
"chr3","81897226","81897527","JH378140","6686089","6686388","42","75211137"
"chr3","81966398","81966699","JH378106","69752564","69752871","55","12213834"
"chr3","82232188","82232481","JH378116","22659343","22659632","73","59572845"
"chr3","82232576","82232878","JH378106","63273965","63274271","56","18958611"
"chr3","82324678","82324982","JH378108","50609420","50609729","56","31715258"
"chr3","82336348","82336650","JH378110","40011605","40011912","54","42324743"
"chr3","82419164","82419450","JH378134","1798207","1798492","41","80620957"
"chr3","82481807","82482093","JH378139","369956","370243","38","82111851"
"chr3","82490571","82490855","JH378173","2558012","2558297","48","79932559"
"chr3","82526609","82526908","JH378197","5089634","5089927","45","77436975"
"chr3","82596175","82596459","JH378301","1550129","1550408","57","81046046"
"chr3","82875005","82875297","JH378115","35085170","35085467","53","47789835"
"chr3","82966500","82966800","JH378264","1105436","1105732","50","81861064"
"chr3","83034610","83034897","JH378248","2888145","2888434","56","80146465"
"chr3","83036123","83036439","JH378114","41499633","41499943","56","41536490"
"chr3","83192518","83192805","JH378304","60228","60512","45","83132290"
"chr3","83242973","83243278","JH378213","5758371","5758671","47","77484602"
"chr3","83415360","83415586","JH378105","45639946","45640176","38","37775414"
"chr3","83424686","83424973","JH378114","19650399","19650689","39","63774287"
"chr3","83433627","83433924","JH378134","2370713","2370986","58","81062914"
"chr3","83486876","83487093","JH378293","1320467","1320687","33","82166409"
"chr3","83584990","83585151","JH378267","358566","358737","34","83226424"
"chr3","83585182","83585304","JH378136","12283430","12283552","22","71301752"
"chr3","83644182","83644483","JH378148","16955481","16955786","62","66688701"
"chr3","83711623","83711882","JH378150","13565785","13566044","43","70145838"
"chr3","83862384","83862669","JH378228","5761274","5761558","47","78101110"
"chr3","83889875","83890007","JH378105","36868256","36868387","19","47021619"
"chr3","83945362","83945669","JH378111","34735037","34735341","43","49210325"
"chr3","83974880","83975135","JH378170","5003195","5003447","50","78971685"
"chr3","84049295","84049585","JH378161","2236995","2237295","46","81812300"
"chr3","84151132","84151422","JH378191","1263156","1263450","44","82887976"
"chr3","84241427","84241731","JH378151","6150117","6150421","44","78091310"
"chr3","84315947","84316238","JH378252","4291425","4291721","44","80024522"
"chr3","84379883","84380173","JH378113","28550580","28550870","44","55829303"
"chr3","84382593","84382877","JH378111","40734534","40734829","41","43648059"
"chr3","84392196","84392441","JH378134","3268410","3268649","37","81123786"
"chr3","84422800","84423092","JH378290","1085205","1085499","52","83337595"
"chr3","84550304","84550558","JH378134","3362077","3362330","33","81188227"
"chr3","84605064","84605351","JH378182","1921178","1921467","53","82683886"
"chr3","84614312","84614633","JH378108","32972761","32973080","60","51641551"
"chr3","84617794","84618075","JH378111","40734534","40734829","47","43883260"
"chr3","84696858","84697163","JH378148","13262362","13262662","55","71434496"
"chr3","84801991","84802283","JH378141","14454762","14455052","41","70347229"
"chr3","84851784","84852085","JH378192","5404726","5405023","47","79447058"
"chr3","84898549","84898827","JH378106","25520842","25521121","44","59377707"
"chr3","84914659","84914963","JH378130","1568570","1568862","59","83346089"
"chr3","84980520","84980819","JH378148","13262362","13262662","52","71718158"
"chr3","84987625","84987928","JH378105","64060992","64061295","59","20926633"
"chr3","85039480","85039768","JH378114","42081783","42082071","41","42957697"
"chr3","85242234","85242413","JH378124","19105188","19105350","35","66137046"
"chr3","85415820","85416110","JH378119","5505381","5505671","42","79910439"
"chr3","85456259","85456449","JH378133","19630377","19630571","32","65825882"
"chr3","85490368","85490684","JH378148","16955481","16955786","53","68534887"
"chr3","85506847","85507136","JH378171","5901188","5901476","52","79605659"
"chr3","85617832","85618059","JH378143","11773545","11773775","39","73844287"
"chr3","85958242","85958493","JH378177","5616737","5616995","74","80341505"
"chr3","86013860","86014149","JH378105","69163567","69163856","47","16850293"
"chr3","86055386","86055687","JH378106","58829721","58830021","45","27225665"
"chr3","86105325","86105626","JH378144","13175697","13176008","64","72929628"
"chr3","86201707","86202015","JH378139","2657566","2657873","52","83544141"
"chr3","86278728","86279002","JH378144","16421291","16421555","52","69857437"
"chr3","86353896","86354202","JH378279","2532931","2533234","46","83820965"
"chr3","86522821","86523024","JH378235","783712","783915","30","85739109"
"chr3","86592670","86592984","JH378148","13262362","13262662","47","73330308"
"chr3","86606327","86606598","JH378234","702241","702509","51","85904086"
"chr3","86616222","86616536","JH378128","25234621","25234932","56","61381601"
"chr3","87002993","87003287","JH378114","20897206","20897509","53","66105787"
"chr3","87036941","87037234","JH378242","734891","735189","45","86302050"
"chr3","87065919","87066159","JH378139","16945237","16945485","41","70120682"
"chr3","87087231","87087516","JH378220","2699046","2699342","57","84388185"
"chr3","87105676","87105980","JH378204","3945411","3945718","43","83160265"
"chr3","87194342","87194606","JH378137","2660646","2660911","50","84533696"
"chr3","87327087","87327379","JH378242","734891","735189","42","86592196"
"chr3","87357061","87357341","JH378134","19473054","19473328","43","67884007"
"chr3","87357930","87358259","JH378106","2873932","2874258","64","84483998"
"chr3","87385285","87385590","JH378151","1068911","1069214","46","86316374"
"chr3","87409131","87409413","JH378106","18260892","18261167","45","69148239"
"chr3","87421201","87421500","JH378195","7859880","7860176","52","79561321"
"chr3","87504653","87504943","JH378121","22499497","22499785","50","65005156"
"chr3","87525933","87526248","JH378272","43260","43569","60","87482673"
"chr3","87590028","87590295","JH378106","5142374","5142640","47","82447654"
"chr3","87655768","87656058","JH378122","7104036","7104320","56","80551732"
"chr3","87751017","87751313","JH378255","2425058","2425355","42","85325959"
"chr3","87761827","87762110","JH378283","2933790","2934070","56","84828037"
"chr3","87794130","87794428","JH378119","27912066","27912365","54","59882064"
"chr3","87840850","87841120","JH378171","5256511","5256785","53","82584339"
"chr3","87975641","87975767","JH378112","32634143","32634269","18","55341498"
"chr3","88051859","88052139","JH378108","2555027","2555316","46","85496832"
"chr3","88053005","88053304","JH378105","21248343","21248640","46","66804662"
"chr3","88064755","88065035","JH378277","169900","170182","43","87894855"
"chr3","88101567","88101870","JH378153","14175225","14175527","35","73926342"
"chr3","88115596","88115889","JH378117","6076538","6076831","50","82039058"
"chr3","88127468","88127817","JH378105","2296506","2296810","78","85830962"
"chr3","88243042","88243357","JH378161","2236995","2237295","59","86006047"
"chr3","88261506","88261815","JH378173","6159195","6159507","67","82102311"
"chr3","88306148","88306426","JH378126","1559190","1559451","50","86746958"
"chr3","88392386","88392651","JH378232","2920110","2920380","42","85472276"
"chr3","88416125","88416430","JH378111","8498303","8498600","43","79917822"
"chr3","88531249","88531544","JH378140","14147137","14147431","37","74384112"
"chr3","88595700","88596003","JH378258","1807287","1807590","48","86788413"
"chr3","88607331","88607635","JH378176","9399651","9399930","68","79207680"
"chr3","88657514","88657824","JH378134","6437548","6437851","47","82219966"
"chr3","88759442","88759742","JH378106","69658436","69658736","59","19101006"
"chr3","88863555","88863865","JH378291","789939","790250","41","88073616"
"chr3","89033129","89033433","JH378193","4524503","4524799","58","84508626"
"chr3","89065051","89065350","JH378134","6730586","6730888","43","82334465"
"chr3","89075615","89075899","JH378105","50034667","50034949","47","39040948"
"chr3","89149805","89150069","JH378205","1274661","1274924","52","87875144"
"chr3","89173776","89174082","JH378129","12237351","12237644","59","76936425"
"chr3","89463459","89463755","JH378136","16286938","16287218","81","73176521"
"chr3","89493001","89493223","JH378127","5384271","5384500","40","84108730"
"chr3","89523484","89523777","JH378152","13742000","13742297","42","75781484"
"chr3","89534688","89534992","JH378204","3945411","3945718","42","85589277"
"chr3","89584339","89584656","JH378153","9926861","9927172","48","79657478"
"chr3","89598512","89598821","JH378118","10693452","10693756","45","78905060"
"chr3","89644753","89645055","JH378152","7875374","7875671","40","81769379"
"chr3","89645528","89645839","JH378244","3801894","3802204","51","85843634"
"chr3","89664762","89665074","JH378249","1601829","1602137","46","88062933"
"chr3","89784508","89784804","JH378114","22526707","22527002","38","67257801"
"chr3","89869536","89869833","JH378216","4809975","4810272","44","85059561"
"chr3","89870374","89870629","JH378115","27666737","27666990","50","62203637"
"chr3","89942111","89942400","JH378206","1340733","1341031","44","88601378"
"chr3","90079534","90079809","JH378165","3790529","3790811","52","86289005"
"chr3","90114196","90114502","JH378224","2515142","2515446","43","87599054"
"chr3","90145648","90145928","JH378134","7483994","7484271","42","82661654"
"chr3","90150031","90150331","JH378152","16188403","16188709","48","73961628"
"chr3","90217519","90217810","JH378125","15313063","15313352","38","74904456"
"chr3","90231656","90231954","JH378106","2291753","2292055","43","87939903"
"chr3","90238924","90238936","JH378105","48290961","48290972","4","41947963"
"chr3","90238976","90239247","JH378118","9484947","9485228","54","80754029"
"chr3","90257015","90257312","JH378157","8047049","8047337","47","82209966"
"chr3","90262239","90262504","JH378114","20734954","20735221","30","69527285"
"chr3","90269800","90270095","JH378225","962832","963129","29","89306968"
"chr3","90316210","90316504","JH378115","16549844","16550133","55","73766366"
"chr3","90324095","90324389","JH378110","9867313","9867609","40","80456782"
"chr3","90354558","90354847","JH378105","7959742","7960029","43","82394816"
"chr3","90356024","90356340","JH378224","2515142","2515446","47","87840882"
"chr3","90387457","90387761","JH378134","7649866","7650170","39","82737591"
"chr3","90405396","90405692","JH378220","1011665","1011962","45","89393731"
"chr3","90426211","90426227","JH378177","3101638","3101654","5","87324573"
"chr3","90426263","90426546","JH378125","13310991","13311275","38","77115272"
"chr3","90459235","90459543","JH378125","18753874","18754183","50","71705361"
"chr3","90462646","90462926","JH378146","8962784","8963082","64","81499862"
"chr3","90490743","90491052","JH378262","1936694","1936996","50","88554049"
"chr3","90536218","90536514","JH378149","14415483","14415778","48","76120735"
"chr3","90576368","90576635","JH378112","14641288","14641552","46","75935080"
"chr3","90613901","90614151","JH378120","3544010","3544273","60","87069891"
"chr3","90677641","90677952","JH378148","16955481","16955786","44","73722160"
"chr3","90706756","90707035","JH378121","20953766","20954041","62","69752990"
"chr3","90711429","90711710","JH378105","50034667","50034949","41","40676762"
"chr3","90719629","90719922","JH378203","7090053","7090349","44","83629576"
"chr3","90830915","90831228","JH378106","70311950","70312249","53","20518965"
"chr3","90991640","90991882","JH378134","8114860","8115094","38","82876780"
"chr3","91218432","91218735","JH378152","13742000","13742297","47","77476432"
"chr3","91286127","91286412","JH378169","5420985","5421269","44","85865142"
"chr3","91365394","91365658","JH378110","7828334","7828597","62","83537060"
"chr3","91459378","91459685","JH378105","58654423","58654726","46","32804955"
"chr3","91486119","91486402","JH378122","7809799","7810085","43","83676320"
"chr3","91486448","91486458","JH378105","48290961","48290972","1","43195487"
"chr3","91511249","91511514","JH378108","31026856","31027124","51","60484393"
"chr3","91546707","91547011","JH378118","20140583","20140886","45","71406124"
"chr3","91559617","91559927","JH378109","32780054","32780365","43","58779563"
"chr3","91585979","91586305","JH378135","16046002","16046306","65","75539977"
"chr3","91589707","91589980","JH378114","33998852","33999125","47","57590855"
"chr3","91651653","91651949","JH378116","37319153","37319453","39","54332500"
"chr3","91663991","91664270","JH378232","1679524","1679795","50","89984467"
"chr3","91748648","91748916","JH378114","20734954","20735221","46","71013694"
"chr3","91773062","91773332","JH378109","13210613","13210889","57","78562449"
"chr3","91789605","91789895","JH378122","7809799","7810085","41","83979806"
"chr3","91814036","91814166","JH378116","38816749","38816881","17","52997287"
"chr3","91945547","91945812","JH378157","15551359","15551628","43","76394188"
"chr3","91966547","91966825","JH378115","3754275","3754552","50","88212272"
"chr3","91977494","91977786","JH378129","14524850","14525142","38","77452644"
"chr3","92082941","92083206","JH378145","2198867","2199130","50","89884074"
"chr3","92105274","92105561","JH378253","2671303","2671584","48","89433971"
"chr3","92361782","92362080","JH378170","1616807","1617104","44","90744975"
"chr3","92505292","92505602","JH378167","7270419","7270727","57","85234873"
"chr3","92522403","92522715","JH378121","23760097","23760404","56","68762306"
"chr3","97645344","97645651","JH378122","363357","363667","55","97281987"
"chr3","97664169","97664283","JH378118","11047075","11047190","20","86617094"
"chr3","97679080","97679213","JH378110","32480863","32480997","21","65198217"
"chr3","97710965","97711280","JH378106","69063427","69063728","52","28647538"
"chr3","97716329","97716636","JH378145","1780512","1780818","60","95935817"
"chr3","97723394","97723702","JH378152","16334638","16334941","49","81388756"
"chr3","97729029","97729333","JH378115","26968615","26968913","38","70760414"
"chr3","97731638","97731932","JH378111","43268192","43268483","40","54463446"
"chr3","97734934","97735249","JH378118","4589604","4589912","45","93145330"
"chr3","97737735","97738041","JH378255","3447746","3448043","59","94289989"
"chr3","97775066","97775380","JH378105","45886739","45887040","48","51888327"
"chr3","97779790","97780094","JH378135","1618015","1618319","41","96161775"
"chr3","97861749","97862045","JH378204","3222855","3223147","47","94638894"
"chr3","97926061","97926355","JH378114","32943022","32943318","46","64983039"
"chr3","98002680","98002988","JH378194","2282818","2283122","36","95719862"
"chr3","98061125","98061385","JH378194","5172199","5172462","53","92888926"
"chr3","98067071","98067355","JH378105","57207463","57207754","43","40859608"
"chr3","98252141","98252443","JH378105","12120142","12120426","66","86131999"
"chr3","98655323","98655606","JH378177","3761735","3762014","44","94893588"
"chr3","98661433","98661741","JH378117","15749415","15749721","40","82912018"
"chr3","98669683","98669942","JH378110","7925750","7926017","44","90743933"
"chr3","98678819","98679073","JH378145","10974284","10974540","48","87704535"
"chr3","99021547","99021856","JH378118","10693452","10693756","43","88328095"
"chr3","99071586","99071847","JH378114","20734954","20735221","50","78336632"
"chr3","99083346","99083627","JH378173","2558012","2558297","51","96525334"
"chr3","99169468","99169571","JH378110","32195847","32195950","16","66973621"
"chr3","99250657","99250963","JH378114","42185910","42186213","46","57064747"
"chr3","99254117","99254405","JH378141","14454762","14455052","52","84799355"
"chr3","99263484","99263713","JH378134","10784627","10784855","43","88478857"
"chr3","99372720","99372980","JH378209","7217522","7217786","40","92155198"
"chr3","99410018","99410305","JH378113","20026027","20026318","45","79383991"
"chr3","99500720","99501040","JH378140","5902991","5903306","51","93597729"
"chr3","99521669","99521955","JH378131","12912776","12913057","64","86608893"
"chr3","99588630","99588928","JH378106","69063427","69063728","51","30525203"
"chr3","99644312","99644610","JH378149","4577304","4577597","50","95067008"
"chr3","99709476","99709741","JH378240","3191005","3191268","43","96518471"
"chr3","99881589","99881885","JH378116","28282701","28282994","50","71598888"
"chr3","99897351","99897624","JH378106","59486942","59487216","51","40410409"
"chr3","99913016","99913285","JH378204","1952965","1953237","45","97960051"
"chr3","99971171","99971481","JH378152","16029844","16030148","45","83941327"
"chr3","100003930","100004030","JH378209","1918026","1918126","19","98085904"
"chr3","100198797","100199107","JH378114","11682862","11683163","42","88515935"
"chr3","100596616","100596884","JH378106","61927616","61927885","45","38669000"
"chr3","100638947","100639257","JH378153","14175225","14175527","52","86463722"
"chr3","100640362","100640667","JH378186","1525813","1526111","46","99114549"
"chr3","100721030","100721334","JH378160","12202742","12203045","42","88518288"
"chr3","100837799","100838103","JH378107","7481681","7481985","46","93356118"
"chr3","100854966","100855264","JH378170","1616807","1617104","43","99238159"
"chr3","101071215","101071507","JH378211","2467543","2467830","52","98603672"
"chr3","101198850","101199121","JH378119","25902645","25902913","50","75296205"
"chr3","101294167","101294474","JH378126","782415","782718","38","100511752"
"chr3","101295959","101296235","JH378264","3122060","3122337","48","98173899"
"chr3","101424121","101424415","JH378188","7232167","7232465","37","94191954"
"chr3","101541294","101541579","JH378112","19879719","19880008","52","81661575"
"chr3","101549973","101550250","JH378134","12933899","12934174","48","88616074"
"chr3","101605785","101606063","JH378153","11512518","11512794","46","90093267"
"chr3","101677965","101678251","JH378308","1400628","1400917","37","100277337"
"chr3","101710812","101711112","JH378145","12975453","12975750","37","88735359"
"chr3","101743015","101743314","JH378148","16271022","16271321","41","85471993"
"chr3","101771937","101772234","JH378133","9743043","9743332","49","92028894"
"chr3","101775556","101775868","JH378269","2798798","2799107","48","98976758"
"chr3","101777583","101777888","JH378108","8388787","8389097","46","93388796"
"chr3","101836908","101837200","JH378167","11202084","11202374","45","90634824"
"chr3","101854652","101854962","JH378156","10837845","10838152","48","91016807"
"chr3","101859981","101860155","JH378118","17270905","17271080","36","84589076"
"chr3","101860191","101860310","JH378165","2374563","2374679","11","99485628"
"chr3","102047296","102047590","JH378219","3831758","3832053","48","98215538"
"chr3","102160734","102161047","JH378112","23716016","23716324","45","78444718"
"chr3","102245352","102245643","JH378300","334787","335075","48","101910565"
"chr3","102292730","102293022","JH378291","130444","130734","39","102162286"
"chr3","102318053","102318376","JH378114","11956858","11957170","53","90361195"
"chr3","102393797","102394099","JH378197","8295826","8296131","40","94097971"
"chr3","102423377","102423675","JH378165","1378573","1378868","42","101044804"
"chr3","102451303","102451598","JH378170","1616807","1617104","42","100834496"
"chr3","102475024","102475320","JH378148","3100313","3100608","47","99374711"
"chr3","102500226","102500532","JH378197","8660298","8660600","46","93839928"
"chr3","102503709","102504003","JH378200","4317868","4318159","44","98185841"
"chr3","102514440","102514691","JH378108","53798927","53799176","41","48715513"
"chr3","102525853","102526160","JH378116","25790477","25790774","62","76735376"
"chr3","102542228","102542529","JH378116","14428154","14428454","40","88114074"
"chr3","102545710","102546008","JH378141","3029230","3029524","37","99516480"
"chr3","102597603","102597867","JH378289","243575","243833","43","102354028"
"chr3","102615437","102615716","JH378148","4027410","4027696","59","98588027"
"chr3","102725607","102725809","JH378107","2824274","2824479","31","99901333"
"chr3","102795834","102796132","JH378167","6928861","6929157","43","95866973"
"chr3","102978416","102978678","JH378197","8189893","8190153","39","94788523"
"chr3","103100424","103100709","JH378189","719706","719987","50","102380718"
"chr3","103188938","103189238","JH378117","20188917","20189217","54","83000021"
"chr3","103295407","103295706","JH378265","117843","118145","46","103177564"
"chr3","103440121","103440419","JH378176","9100046","9100345","43","94340075"
"chr3","103470911","103471244","JH378118","10693452","10693756","68","92777459"
"chr3","103472232","103472532","JH378289","982332","982628","28","102489900"
"chr3","103526394","103526667","JH378218","945875","946147","34","102580519"
"chr3","103573734","103574025","JH378173","3211541","3211835","39","100362193"
"chr3","103673511","103673824","JH378149","15144631","15144934","46","88528880"
"chr3","103682351","103682654","JH378216","1307384","1307680","55","102374967"
"chr3","103731201","103731505","JH378173","6575149","6575450","35","97156052"
"chr3","103763767","103764071","JH378110","2590007","2590314","47","101173760"
"chr3","103850869","103851166","JH378143","9041804","9042102","42","94809065"
"chr3","103930015","103930314","JH378184","6068176","6068477","41","97861839"
"chr3","103930857","103931154","JH378118","28802926","28803223","44","75127931"
"chr3","103938570","103938867","JH378167","11202084","11202374","36","92736486"
"chr3","103972355","103972615","JH378315","357797","358060","38","103614558"
"chr3","103983331","103983632","JH378127","19348533","19348831","43","84634798"
"chr3","103988341","103988455","JH378120","16566615","16566731","17","87421726"
"chr3","103995595","103995886","JH378195","2148198","2148495","35","101847397"
"chr3","103997673","103997892","JH378113","41905483","41905699","35","62092190"
"chr3","104018702","104019016","JH378151","5890359","5890655","55","98128343"
"chr3","104037551","104037859","JH378118","10693452","10693756","36","93344099"
"chr3","104061595","104061889","JH378314","299617","299910","45","103761978"
"chr3","104061907","104062203","JH378149","8197778","8198078","69","95864129"
"chr3","104066387","104066686","JH378115","26968615","26968913","39","77097772"
"chr3","104077655","104077964","JH378245","1065043","1065345","53","103012612"
"chr3","104091859","104092143","JH378240","2963845","2964138","50","101128014"
"chr3","104101376","104101657","JH378204","7057152","7057433","41","97044224"
"chr3","104128710","104129011","JH378289","1646069","1646368","43","102482641"
"chr3","104133765","104133977","JH378134","14095096","14095309","34","90038669"
"chr3","104136221","104136486","JH378122","2991054","2991326","47","101145167"
"chr3","104147282","104147580","JH378187","3252575","3252870","41","100894707"
"chr3","104159277","104159575","JH378204","6963834","6964132","53","97195443"
"chr3","104166558","104166861","JH378140","6180514","6180816","42","97986044"
"chr3","104192995","104193302","JH378118","10693452","10693756","45","93499543"
"chr3","104256902","104257197","JH378266","386667","386967","60","103870235"
"chr3","104272648","104272917","JH378151","16765408","16765677","43","87507240"
"chr3","104276116","104276409","JH378123","9608291","9608584","39","94667825"
"chr3","104385002","104385311","JH378144","930229","930536","43","103454773"
"chr3","104406193","104406482","JH378234","2881821","2882122","46","101524372"
"chr3","104454300","104454599","JH378128","2118306","2118602","41","102335994"
"chr3","104487127","104487421","JH378174","8695069","8695365","40","95792058"
"chr3","104879740","104880050","JH378112","33452684","33452993","46","71427056"
"chr3","105052016","105052314","JH378114","41499633","41499943","46","63552383"
"chr3","105061116","105061412","JH378108","45815114","45815412","44","59246002"
"chr3","105179909","105180203","JH378289","2719030","2719322","42","102460879"
"chr3","105283625","105283920","JH378112","32590536","32590832","50","72693089"
"chr3","105295671","105295972","JH378242","734891","735189","40","104560780"
"chr3","105320845","105321093","JH378108","36722089","36722338","31","68598756"
"chr3","105330987","105331291","JH378128","24171397","24171700","40","81159590"
"chr3","105348592","105348719","JH378106","8281070","8281193","20","97067522"
"chr3","105350452","105350747","JH378197","8546632","8546928","36","96803820"
"chr3","105372340","105372656","JH378105","9720059","9720367","48","95652281"
"chr3","105374580","105374885","JH378118","10693452","10693756","34","94681128"
"chr3","105385642","105385952","JH378123","22635710","22636011","59","82749932"
"chr3","105431925","105432233","JH378170","10050250","10050558","48","95381675"
"chr3","105437478","105437766","JH378113","20058835","20059128","51","85378643"
"chr3","105537915","105538195","JH378262","1761611","1761895","47","103776304"
"chr3","105540718","105541015","JH378149","14546048","14546350","39","90994670"
"chr3","105544805","105545087","JH378185","9919928","9920205","53","95624877"
"chr3","105555529","105555756","JH378264","1701633","1701858","43","103853896"
"chr3","105578243","105578544","JH378140","15378059","15378364","48","90200184"
"chr3","105579159","105579464","JH378142","12417768","12418070","47","93161391"
"chr3","105582992","105583126","JH378106","1342311","1342445","17","104240681"
"chr3","105583425","105583584","JH378157","13816103","13816255","31","91767322"
"chr3","105586111","105586243","JH378149","643640","643769","16","104942471"
"chr3","105632164","105632464","JH378116","28282701","28282994","41","77349463"
"chr3","105647655","105647957","JH378120","4438901","4439206","46","101208754"
"chr3","105698433","105698735","JH378200","4071612","4071915","44","101626821"
"chr3","105743623","105743916","JH378242","734891","735189","37","105008732"
"chr3","105757532","105757819","JH378255","3804849","3805130","44","101952683"
"chr3","105808494","105808793","JH378217","438188","438496","42","105370306"
"chr3","105889964","105890094","JH378175","7431599","7431715","29","98458365"
"chr3","105890662","105890961","JH378217","514564","514851","45","105376098"
"chr3","105907002","105907288","JH378112","35214236","35214521","44","70692766"
"chr3","106142643","106142932","JH378108","20497499","20497784","45","85645144"
"chr3","106314771","106315047","JH378127","160157","160434","59","106154614"
"chr3","106345291","106345605","JH378195","2739429","2739740","46","103605862"
"chr3","106398524","106398814","JH378291","130444","130734","41","106268080"
"chr3","106474339","106474643","JH378105","51426423","51426734","41","55047916"
"chr3","106722001","106722291","JH378112","41321108","41321398","68","65400893"
"chr3","106851452","106851744","JH378136","354228","354520","44","106497224"
"chr3","106909257","106909513","JH378277","2791948","2792198","55","104117309"
"chr3","107016245","107016594","JH378142","947823","948160","83","106068422"
"chr3","107036465","107036758","JH378125","5266023","5266318","54","101770442"
"chr3","107106920","107107211","JH378148","2569469","2569763","50","104537451"
"chr3","107175109","107175394","JH378144","4639174","4639455","52","102535935"
"chr3","107255636","107255949","JH378113","15232832","15233136","51","92022804"
"chr3","107279959","107280257","JH378242","734891","735189","44","106545068"
"chr3","107349530","107349808","JH378127","20137462","20137737","41","87212068"
"chr3","107373485","107373795","JH378248","3387134","3387441","48","103986351"
"chr3","107429863","107430165","JH378145","12891343","12891639","49","94538520"
"chr3","107614739","107615052","JH378265","383863","384173","46","107230876"
"chr3","107666139","107666372","JH378141","13457588","13457828","57","94208551"
"chr3","107667198","107667468","JH378122","6183298","6183540","70","101483900"
"chr3","108112416","108112726","JH378291","1305578","1305884","44","106806838"
"chr3","108323948","108324216","JH378118","31490589","31490851","54","76833359"
"chr3","108479436","108479520","JH378121","21540847","21540936","17","86938589"
"chr3","108479521","108479828","JH378136","5950814","5951109","70","102528707"
"chr3","108557062","108557343","JH378206","1893937","1894229","54","106663125"
"chr3","108593960","108594244","JH378122","7809799","7810085","40","100784161"
"chr3","108625549","108625857","JH378116","14428154","14428454","55","94197395"
"chr3","108808640","108808912","JH378123","1147159","1147446","51","107661481"
"chr3","108983347","108983649","JH378111","9912952","9913260","42","99070395"
"chr3","109158037","109158362","JH378217","3155484","3155820","57","106002553"
"chr3","109180725","109181015","JH378112","35810099","35810389","41","73370626"
"chr3","109308074","109308379","JH378117","23693197","23693497","53","85614877"
"chr3","109369722","109370026","JH378116","22378952","22379256","42","86990770"
"chr3","109494563","109494874","JH378262","1936694","1936996","53","107557869"
"chr3","109495707","109495992","JH378217","3482990","3483266","33","106012717"
"chr3","109607641","109608003","JH378284","371461","371790","71","109236180"
"chr3","109612640","109612950","JH378106","69063427","69063728","50","40549213"
"chr3","109707781","109708098","JH378109","25846015","25846327","56","83861766"
"chr3","109817554","109817822","JH378118","13302149","13302427","48","96515405"
"chr3","109939419","109939734","JH378173","4731101","4731408","50","105208318"
"chr3","109960242","109960543","JH378141","5977767","5978068","41","103982475"
"chr3","110073954","110074216","JH378217","4032101","4032363","30","106041853"
"chr3","110111675","110111920","JH378128","11746885","11747130","48","98364790"
"chr3","110146241","110146513","JH378110","29311133","29311408","47","80835108"
"chr3","110246384","110246666","JH378125","26150308","26150592","40","84096076"
"chr3","110381341","110381642","JH378204","7978351","7978644","49","102402990"
"chr3","110472882","110473191","JH378124","13618146","13618450","42","96854736"
"chr3","110646208","110646527","JH378139","8360014","8360328","59","102286194"
"chr3","110651658","110651970","JH378108","8388787","8389097","40","102262871"
"chr3","110836431","110836738","JH378121","15961888","15962191","44","94874543"
"chr3","110857282","110857573","JH378143","6011946","6012241","41","104845336"
"chr3","110909104","110909402","JH378290","1449167","1449465","41","109459937"
"chr3","110929037","110929338","JH378203","745696","745995","41","110183341"
"chr3","110945682","110945967","JH378122","7809799","7810085","40","103135883"
"chr3","110970639","110970890","JH378118","27502774","27503024","35","83467865"
"chr3","111041673","111041977","JH378199","7734586","7734884","63","103307087"
"chr3","111083803","111084113","JH378220","6273810","6274113","44","104809993"
"chr3","111104139","111104441","JH378262","1936694","1936996","43","109167445"
"chr3","111234936","111235236","JH378217","5138386","5138681","47","106096550"
"chr3","111254827","111255104","JH378263","403647","403936","39","110851180"
"chr3","111346702","111347000","JH378203","139748","140045","40","111206954"
"chr3","111355292","111355585","JH378291","130444","130734","35","111224848"
"chr3","111399197","111399499","JH378111","8498303","8498600","40","102900894"
"chr3","111432221","111432536","JH378191","9178922","9179230","48","102253299"
"chr3","111437389","111437641","JH378217","5337656","5337912","46","106099733"
"chr3","111447015","111447316","JH378153","14175225","14175527","47","97271790"
"chr3","111456377","111456656","JH378139","17086414","17086694","41","94369963"
"chr3","111459599","111459880","JH378119","5505381","5505671","40","105954218"
"chr3","111481004","111481310","JH378115","39565442","39565741","45","71915562"
"chr3","111518973","111519279","JH378120","4438901","4439206","41","107080072"
"chr3","111521512","111521796","JH378107","4379327","4379608","47","107142185"
"chr3","111527920","111528211","JH378172","4628811","4629098","37","106899109"
"chr3","111532876","111533162","JH378304","60228","60512","33","111472648"
"chr3","111534456","111534744","JH378213","4603416","4603708","48","106931040"
"chr3","111566700","111567009","JH378217","5473988","5474304","55","106092712"
"chr3","111567105","111567413","JH378112","12702852","12703157","42","98864253"
"chr3","111611849","111612104","JH378121","16492018","16492271","62","95119831"
"chr3","111707908","111708205","JH378110","40011605","40011912","53","71696303"
"chr3","111920094","111920383","JH378113","10401647","10401939","46","101518447"
"chr3","111954451","111954738","JH378179","2403","2692","38","111952048"
"chr3","111973338","111973650","JH378204","3945411","3945718","38","108027927"
"chr3","112059474","112059783","JH378156","10837845","10838152","43","101221629"
"chr3","112069417","112069742","JH378217","5994423","5994749","47","106074994"
"chr3","112076354","112076652","JH378148","13262362","13262662","38","98813992"
"chr3","112113027","112113343","JH378108","50747591","50747905","63","61365436"
"chr3","112258108","112258402","JH378128","3862805","3863098","44","108395303"
"chr3","112270056","112270361","JH378206","918187","918493","40","111351869"
"chr3","112403077","112403390","JH378111","9912952","9913260","46","102490125"
"chr3","112524680","112524973","JH378117","6076538","6076831","36","106448142"
"chr3","112549354","112549485","JH378168","5338377","5338506","14","107210977"
"chr3","112634244","112634544","JH378116","25790477","25790774","36","86843767"
"chr3","112773547","112773796","JH378119","28729062","28729303","53","84044485"
"chr3","112810959","112811262","JH378112","32590536","32590832","42","80220423"
"chr3","112885991","112886275","JH378114","41699374","41699658","39","71186617"
"chr3","112918911","112919215","JH378114","42118001","42118296","42","70800910"
"chr3","113018298","113018594","JH378187","3086525","3086818","44","109931773"
"chr3","113036442","113036787","JH378119","5507162","5507493","72","107529280"
"chr3","113088199","113088473","JH378169","5420985","5421269","49","107667214"
"chr3","113101747","113102037","JH378142","14013464","14013754","40","99088283"
"chr3","113131046","113131344","JH378163","12974010","12974311","34","100157036"
"chr3","113162046","113162337","JH378191","967537","967830","31","112194509"
"chr3","113169962","113170250","JH378157","580628","580912","42","112589334"
"chr3","113193576","113193923","JH378139","7994155","7994495","59","105199421"
"chr3","113218349","113218652","JH378106","63684131","63684434","47","49534218"
"chr3","113223032","113223322","JH378220","3648487","3648778","51","109574545"
"chr3","113225472","113225765","JH378159","3650966","3651251","47","109574506"
"chr3","113264604","113264910","JH378119","2681409","2681712","42","110583195"
"chr3","113275232","113275530","JH378217","7251441","7251741","31","106023791"
"chr3","113287158","113287463","JH378106","69063427","69063728","37","44223731"
"chr3","113314747","113314908","JH378125","6922374","6922528","32","106392373"
"chr3","113320459","113320704","JH378119","21644034","21644278","42","91676425"
"chr3","113325829","113325917","JH378117","34529070","34529159","17","78796759"
"chr3","113354657","113354955","JH378106","68479909","68480208","35","44874748"
"chr3","113365041","113365324","JH378213","4435380","4435669","47","108929661"
"chr3","113383832","113384047","JH378109","48953753","48953976","40","64430079"
"chr3","113385953","113386262","JH378173","4731101","4731408","58","108654852"
"chr3","113388753","113389075","JH378151","2798685","2798996","66","110590068"
"chr3","113391782","113392078","JH378212","646912","647207","44","112744870"
"chr3","113396849","113397140","JH378123","29145680","29145966","38","84251169"
"chr3","113402771","113403061","JH378148","12335761","12336055","46","101067010"
"chr3","113428269","113428556","JH378148","3100313","3100608","41","110327956"
"chr3","113439313","113439515","JH378113","12279971","12280156","52","101159342"
"chr3","113439829","113439957","JH378198","5241971","5242095","15","108197858"
"chr3","113450585","113450882","JH378203","7090053","7090349","35","106360532"
"chr3","113453926","113454229","JH378262","1936694","1936996","42","111517232"
"chr3","113456255","113456475","JH378226","1542450","1542677","46","111913805"
"chr3","113466308","113466468","JH378121","7472733","7472889","26","105993575"
"chr3","113470963","113471260","JH378148","3100313","3100608","46","110370650"
"chr3","113473796","113474083","JH378122","7809799","7810085","39","105663997"
"chr3","113544252","113544541","JH378115","28716128","28716418","39","84828124"
"chr3","113546485","113546777","JH378123","5667081","5667374","40","107879404"
"chr3","113602542","113602836","JH378156","6136159","6136453","44","107466383"
"chr3","113680315","113680609","JH378127","16083164","16083457","42","97597151"
"chr3","113861078","113861370","JH378141","14454762","14455052","54","99406316"
"chr3","113926706","113927012","JH378134","9453404","9453718","56","104473302"
"chr3","113945456","113945758","JH378139","10433692","10433994","40","103511764"
"chr3","114012433","114012711","JH378131","1474328","1474605","44","112538105"
"chr3","114047534","114047830","JH378146","5021220","5021521","47","109026314"
"chr3","114084630","114084924","JH378191","967537","967830","46","113117093"
"chr3","114135849","114136159","JH378153","9926861","9927172","44","104208988"
"chr3","114140989","114141357","JH378178","10406410","10406738","86","103734579"
"chr3","114150832","114151125","JH378136","354228","354520","36","113796604"
"chr3","114371008","114371312","JH378220","2679722","2680030","56","111691286"
"chr3","114373986","114374297","JH378172","9553918","9554219","49","104820068"
"chr3","114374451","114374747","JH378115","18767083","18767371","46","95607368"
"chr3","114396558","114396861","JH378151","4578678","4578981","40","109817880"
"chr3","114614773","114615061","JH378137","276303","276579","45","114338470"
"chr3","114706613","114706919","JH378106","69063427","69063728","41","45643186"
"chr3","114794220","114794510","JH378125","15313063","15313352","52","99481157"
"chr3","114799714","114800020","JH378111","26034614","26034912","38","88765100"
"chr3","115007644","115007937","JH378120","32888140","32888442","52","82119504"
"chr3","115163600","115163894","JH378153","8478842","8479132","40","106684758"
"chr3","115181306","115181609","JH378105","10739648","10739950","57","104441658"
"chr3","115203700","115204000","JH378121","19332514","19332802","53","95871186"
"chr3","115268960","115269260","JH378123","5667081","5667374","49","109601879"
"chr3","115540914","115541163","JH378124","17792790","17793046","44","97748124"
"chr3","115564814","115565111","JH378263","1798857","1799153","41","113765957"
"chr3","115666939","115667280","JH378193","4108289","4108627","60","111558650"
"chr3","115776294","115776590","JH378178","8954514","8954816","37","106821780"
"chr3","115898641","115898943","JH378115","18605278","18605578","67","97293363"
"chr3","115943649","115943943","JH378178","8782127","8782423","40","107161522"
"chr3","115973414","115973724","JH378150","2634839","2635156","52","113338575"
"chr3","116125975","116126289","JH378153","5074032","5074342","40","111051943"
"chr3","116290604","116290909","JH378204","3129799","3130101","39","113160805"
"chr3","116297477","116297758","JH378178","8451692","8451975","38","107845785"
"chr3","116329489","116329820","JH378173","4261686","4262005","61","112067803"
"chr3","116356852","116357145","JH378184","5418155","5418447","60","110938697"
"chr3","116364583","116364866","JH378114","41996207","41996493","46","74368376"
"chr3","116476930","116477219","JH378125","8255766","8256055","46","108221164"
"chr3","116507203","116507505","JH378178","8259578","8259872","39","108247625"
"chr3","116546470","116546756","JH378142","14013464","14013754","46","102533006"
"chr3","116567545","116567832","JH378105","22384355","22384643","48","94183190"
"chr3","116571926","116572025","JH378106","60413972","60414072","11","56157954"
"chr3","116587735","116588034","JH378114","36189207","36189504","40","80398528"
"chr3","116596307","116596587","JH378105","48908860","48909139","44","67687447"
"chr3","116638743","116639034","JH378110","34850075","34850365","45","81788668"
"chr3","116640555","116640852","JH378190","1394904","1395199","53","115245651"
"chr3","116662257","116662553","JH378148","13262362","13262662","47","103399895"
"chr3","116679143","116679437","JH378140","16737561","16737856","38","99941582"
"chr3","116695395","116695682","JH378108","50685837","50686123","43","66009558"
"chr3","116699243","116699558","JH378115","14987072","14987385","52","101712171"
"chr3","116743976","116744214","JH378212","5584432","5584676","42","111159544"
"chr3","116785373","116785684","JH378153","13255573","13255882","41","103529800"
"chr3","116827461","116827758","JH378242","734891","735189","41","116092570"
"chr3","116837263","116837544","JH378153","6890101","6890384","42","109947162"
"chr3","116870688","116870998","JH378114","42121182","42121484","42","74749506"
"chr3","117070443","117070740","JH378120","3137005","3137299","53","113933438"
"chr3","117110914","117111218","JH378116","22378952","22379256","39","94731962"
"chr3","117121892","117122192","JH378173","6575149","6575450","42","110546743"
"chr3","117238557","117238836","JH378153","7356649","7356932","42","109881908"
"chr3","117403470","117403765","JH378144","4623963","4624264","53","112779507"
"chr3","117407550","117407850","JH378129","12033076","12033373","42","105374474"
"chr3","117408333","117408643","JH378178","7460388","7460694","37","109947945"
"chr3","117439900","117440200","JH378116","25790477","25790774","47","91649423"
"chr3","117509441","117509740","JH378178","7375323","7375621","38","110134118"
"chr3","117517604","117517896","JH378109","8720176","8720466","42","108797428"
"chr3","117531910","117532206","JH378135","2042783","2043077","51","115489127"
"chr3","117583775","117584067","JH378122","7809799","7810085","39","109773976"
"chr3","117591447","117591740","JH378242","1543102","1543398","43","116048345"
"chr3","117622632","117622947","JH378114","36279685","36279996","56","81342947"
"chr3","117628463","117628755","JH378173","10880896","10881187","32","106747567"
"chr3","117663197","117663484","JH378122","7809799","7810085","38","109853398"
"chr3","117699448","117699739","JH378133","10007863","10008159","44","107691585"
"chr3","117701125","117701209","JH378141","2864032","2864115","5","114837093"
"chr3","117710632","117710954","JH378116","25790477","25790774","54","91920155"
"chr3","117725107","117725411","JH378114","42185910","42186213","37","75539197"
"chr3","117730865","117731122","JH378133","22334477","22334733","39","95396388"
"chr3","117743955","117744235","JH378164","2826390","2826681","52","114917565"
"chr3","117754244","117754550","JH378178","7147307","7147604","40","110606937"
"chr3","117771097","117771392","JH378294","2230942","2231234","46","115540155"
"chr3","117791437","117791747","JH378172","7497654","7497965","53","110293783"
"chr3","117792002","117792331","JH378113","26349966","26350293","68","91442036"
"chr3","117792497","117792783","JH378220","2931512","2931797","38","114860985"
"chr3","117806792","117807104","JH378148","16955481","16955786","57","100851311"
"chr3","117826349","117826608","JH378156","11375752","11376015","41","106450597"
"chr3","117830685","117831004","JH378178","7071105","7071413","52","110759580"
"chr3","117835129","117835430","JH378148","13262362","13262662","37","104572767"
"chr3","117847293","117847609","JH378297","218770","219080","46","117628523"
"chr3","117873587","117873877","JH378116","14428154","14428454","45","103445433"
"chr3","117874799","117875110","JH378113","15232832","15233136","42","102641967"
"chr3","117903032","117903297","JH378106","7452769","7453042","53","110450263"
"chr3","117914487","117914775","JH378177","7235428","7235715","43","110679059"
"chr3","117915130","117915418","JH378161","13190079","13190371","43","104725051"
"chr3","117915478","117915728","JH378266","587131","587373","48","117328347"
"chr3","117958321","117958607","JH378141","9239081","9239369","38","108719240"
"chr3","118036253","118036433","JH378213","6512009","6512207","47","111524244"
"chr3","118052354","118052665","JH378137","8390402","8390708","44","109661952"
"chr3","118064942","118065237","JH378119","360557","360852","43","117704385"
"chr3","118106259","118106550","JH378262","336971","337263","36","117769288"
"chr3","118133491","118133787","JH378121","19751768","19752069","46","98381723"
"chr3","118156741","118157053","JH378249","1601829","1602137","55","116554912"
"chr3","118165884","118166164","JH378178","6748256","6748537","47","111417628"
"chr3","118169660","118169961","JH378105","12770941","12771250","44","105398719"
"chr3","118170889","118171202","JH378197","6837065","6837367","47","111333824"
"chr3","118184795","118185101","JH378127","22815027","22815328","41","95369768"
"chr3","118242927","118243122","JH378181","4922315","4922510","33","113320612"
"chr3","118246456","118246761","JH378288","2786677","2786981","42","115459779"
"chr3","118252485","118252780","JH378178","6662571","6662874","31","111589914"
"chr3","118256436","118256644","JH378138","17216771","17216977","51","101039665"
"chr3","118304713","118305018","JH378113","14483788","14484084","54","103820925"
"chr3","118319656","118319955","JH378129","10477083","10477384","44","107842573"
"chr3","118414686","118414981","JH378157","12870367","12870663","38","105544319"
"chr3","118574978","118575271","JH378178","6372407","6372696","42","112202571"
"chr3","118632410","118632704","JH378212","646912","647207","45","117985498"
"chr3","118735522","118735833","JH378178","6208364","6208673","45","112527158"
"chr3","118817247","118817541","JH378115","39565442","39565741","37","79251805"
"chr3","118860928","118861229","JH378111","43268192","43268483","50","75592736"
"chr3","119005687","119005997","JH378184","5228496","5228807","43","113777191"
"chr3","119084631","119084901","JH378178","5892419","5892691","42","113192212"
"chr3","119196347","119196660","JH378200","3990495","3990806","52","115205852"
"chr3","119216243","119216551","JH378125","4786961","4787265","42","114429282"
"chr3","119279067","119279379","JH378108","8388787","8389097","47","110890280"
"chr3","119305768","119306068","JH378128","3714589","3714891","47","115591179"
"chr3","119393900","119394192","JH378137","115322","115611","42","119278578"
"chr3","119417693","119417990","JH378116","32018795","32019094","51","87398898"
"chr3","119581488","119581798","JH378265","117843","118145","48","119463645"
"chr3","119595379","119595674","JH378123","5667081","5667374","44","113928298"
"chr3","119637040","119637336","JH378116","28282701","28282994","44","91354339"
"chr3","119691082","119691369","JH378225","6351824","6352107","44","113339258"
"chr3","119712589","119712896","JH378257","2208823","2209127","44","117503766"
"chr3","119746919","119747205","JH378114","41996207","41996493","47","77750712"
"chr3","119755712","119755880","JH378157","8419595","8419760","34","111336117"
"chr3","119755915","119756029","JH378217","100735","100849","10","119655180"
"chr3","119784940","119785237","JH378105","21995158","21995455","43","97789782"
"chr3","119820712","119821009","JH378105","57264923","57265223","44","62555789"
"chr3","119908864","119909121","JH378323","848193","848450","47","119060671"
"chr3","119916751","119917062","JH378142","164878","165188","43","119751873"
"chr3","119938842","119939143","JH378110","40011605","40011912","46","79927237"
"chr3","119960639","119960935","JH378142","2765405","2765702","42","117195234"
"chr3","120069308","120069612","JH378139","11244771","11245079","38","108824537"
"chr3","120121551","120121848","JH378177","11116369","11116664","45","109005182"
"chr3","120158970","120159246","JH378153","4332695","4332974","49","115826275"
"chr3","120185070","120185381","JH378191","9178922","9179230","43","111006148"
"chr3","120236837","120237130","JH378116","28282701","28282994","45","91954136"
"chr3","120260872","120261176","JH378220","4350061","4350357","61","115910811"
"chr3","120404290","120404588","JH378142","3051183","3051477","49","117353107"
"chr3","120471995","120472297","JH378151","5756127","5756418","53","114715868"
"chr3","120596528","120596830","JH378148","13262362","13262662","47","107334166"
"chr3","120609367","120609656","JH378178","4447276","4447567","44","116162091"
"chr3","120679869","120680179","JH378109","25846015","25846327","46","94833854"
"chr3","120732112","120732365","JH378213","3884619","3884863","50","116847493"
"chr3","120798907","120799179","JH378113","22006241","22006515","48","98792666"
"chr3","120878020","120878320","JH378125","7397444","7397737","46","113480576"
"chr3","121086257","121086573","JH378135","2445392","2445695","55","118640865"
"chr3","121087469","121087768","JH378244","3973125","3973417","48","117114344"
"chr3","121122648","121122923","JH378158","3395069","3395345","44","117727579"
"chr3","121146799","121147106","JH378156","3853230","3853526","65","117293569"
"chr3","121206066","121206307","JH378112","38225865","38226107","48","82980201"
"chr3","121217807","121218118","JH378153","9926861","9927172","43","111290946"
"chr3","121356492","121356774","JH378223","4374594","4374875","49","116981898"
"chr3","121366643","121366938","JH378148","3100313","3100608","45","118266330"
"chr3","121422541","121422847","JH378161","2236995","2237295","38","119185546"
"chr3","121424370","121424682","JH378111","40734534","40734829","54","80689836"
"chr3","121513341","121513648","JH378235","780026","780329","39","120733315"
"chr3","121529982","121530287","JH378153","2201355","2201655","43","119328627"
"chr3","121562554","121562844","JH378184","5621805","5622094","55","115940749"
"chr3","121606979","121607264","JH378114","42081783","42082071","49","79525196"
"chr3","121617746","121618043","JH378131","1948221","1948519","49","119669525"
"chr3","121618853","121619134","JH378221","340538","340813","43","121278315"
"chr3","121687330","121687644","JH378167","4158411","4158718","46","117528919"
"chr3","121755941","121756090","JH378151","16754223","16754372","15","105001718"
"chr3","121839371","121839679","JH378178","3236174","3236479","45","118603197"
"chr3","121924733","121925038","JH378123","20103628","20103919","46","101821105"
"chr3","122153316","122153591","JH378135","19649978","19650249","51","102503338"
"chr3","122218947","122219237","JH378173","2558012","2558297","43","119660935"
"chr3","122274305","122274608","JH378148","13262362","13262662","45","109011943"
"chr3","122290529","122290839","JH378105","17620825","17621134","49","104669704"
"chr3","122407170","122407470","JH378116","22537126","22537426","43","99870044"
"chr3","122471425","122471728","JH378272","590349","590654","48","121881076"
"chr3","122506949","122507224","JH378121","31267691","31267966","45","91239258"
"chr3","122670723","122670835","JH378135","4453688","4453802","18","118217035"
"chr3","122833045","122833350","JH378124","27109694","27110002","44","95723351"
"chr3","122909034","122909323","JH378178","2244940","2245246","40","120664094"
"chr3","123020534","123020831","JH378110","11148153","11148450","48","111872381"
"chr3","123062146","123062451","JH378112","31842832","31843135","44","91219314"
"chr3","123083394","123083590","AGCE01151090","1","193","31","123083393"
"chr3","123169106","123169399","JH378118","11558432","11558720","38","111610674"
"chr3","123255298","123255627","JH378149","2873662","2873991","73","120381636"
"chr3","123263988","123264287","JH378141","14454762","14455052","35","108809226"
"chr3","123267857","123268149","JH378121","20570827","20571122","44","102697030"
"chr3","123268927","123269204","JH378137","276303","276579","46","122992624"
"chr3","123307228","123307516","JH378140","16737561","16737856","43","106569667"
"chr3","123336142","123336434","JH378142","14013464","14013754","35","109322678"
"chr3","123406960","123407183","JH378121","28725056","28725276","27","94681904"
"chr3","123443495","123443797","JH378304","60228","60512","64","123383267"
"chr3","123460093","123460383","JH378106","63374839","63375126","47","60085254"
"chr3","123522524","123522833","JH378107","8856652","8856962","38","114665872"
"chr3","123544164","123544454","JH378124","2046853","2047143","40","121497311"
"chr3","123546435","123546739","JH378142","1173704","1174003","45","122372731"
"chr3","123550149","123550480","JH378148","16955481","16955786","56","106594668"
"chr3","123556543","123556808","JH378178","1650970","1651243","39","121905573"
"chr3","123564206","123564499","JH378139","17086414","17086694","42","106477792"
"chr3","123575993","123576287","JH378204","7978351","7978644","40","115597642"
"chr3","123578686","123578945","JH378152","11573678","11573937","54","112005008"
"chr3","123579105","123579403","JH378242","734891","735189","34","122844214"
"chr3","123608530","123608825","JH378220","4350061","4350357","41","119258469"
"chr3","123665693","123666016","JH378108","4808392","4808705","57","118857301"
"chr3","123726857","123727123","JH378183","7334954","7335216","48","116391903"
"chr3","123752818","123752963","JH378225","876998","877146","16","122875820"
"chr3","123821654","123821947","JH378130","1568570","1568862","44","122253084"
"chr3","123854994","123855282","JH378135","10580024","10580316","43","113274970"
"chr3","123868393","123868684","JH378116","33402098","33402388","45","90466295"
"chr3","123936569","123936860","JH378111","25652181","25652474","48","98284388"
"chr3","123943191","123943469","JH378235","4632077","4632354","51","119311114"
"chr3","123955772","123956040","JH378113","5988540","5988803","43","117967232"
"chr3","123958920","123959202","JH378153","8839636","8839923","51","115119284"
"chr3","123993286","123993565","JH378165","6030400","6030671","39","117962886"
"chr3","124029071","124029381","JH378297","218770","219080","42","123810301"
"chr3","124079558","124079863","JH378111","8498303","8498600","47","115581255"
"chr3","124089291","124089583","JH378160","12890237","12890523","42","111199054"
"chr3","124101449","124101742","JH378129","12033076","12033373","43","112068373"
"chr3","124105273","124105579","JH378105","50034667","50034949","70","74070606"
"chr3","124112903","124113199","JH378119","2681409","2681712","43","121431494"
"chr3","124139259","124139519","JH378178","1092575","1092840","42","123046684"
"chr3","124156778","124157073","JH378167","10769281","10769570","63","113387497"
"chr3","124157177","124157455","JH378127","13629654","13629935","46","110527523"
"chr3","124164343","124164629","JH378178","1070397","1070681","29","123093946"
"chr3","124170994","124171287","JH378153","2856479","2856773","39","121314515"
"chr3","124185561","124185857","JH378167","4005746","4006044","57","120179815"
"chr3","124212157","124212425","JH378114","20734954","20735221","33","103477203"
"chr3","124216962","124217255","JH378153","504411","504699","35","123712551"
"chr3","124218620","124218917","JH378242","734891","735189","37","123483729"
"chr3","124240300","124240582","JH378200","261439","261727","40","123978861"
"chr3","124261594","124261720","JH378148","12538187","12538313","14","111723407"
"chr3","124292571","124292843","JH378110","42546548","42546816","36","81746023"
"chr3","124326297","124326383","JH378178","926622","926705","14","123399675"
"chr3","124349099","124349352","JH378114","19666205","19666462","44","104682894"
"chr3","124378484","124378791","JH378122","24764885","24765192","44","99613599"
"chr3","124391952","124392254","JH378288","2786677","2786981","45","121605275"
"chr3","124406196","124406475","JH378156","15693115","15693398","43","108713081"
"chr3","124447236","124447531","JH378167","8587120","8587419","44","115860116"
"chr3","124453119","124453415","JH378198","1639176","1639469","42","122813943"
"chr3","124481334","124481612","JH378223","458650","458936","47","124022684"
"chr3","124504932","124505082","JH378107","5744593","5744744","17","118760339"
"chr3","124555164","124555456","JH378189","6757205","6757496","41","117797959"
"chr3","124560564","124560869","JH378242","734891","735189","48","123825673"
"chr3","124576038","124576173","JH378109","11564668","11564802","14","113011370"
"chr3","124576174","124576465","JH378234","1536974","1537265","41","123039200"
"chr3","124629313","124629604","JH378117","11162259","11162553","39","113467054"
"chr3","124654213","124654511","JH378122","7809799","7810085","55","116844414"
"chr3","124705928","124706250","JH378116","25720911","25721239","51","98985017"
"chr3","124774730","124775038","JH378262","1936694","1936996","42","122838036"
"chr3","124775967","124776254","JH378135","858419","858710","43","123917548"
"chr3","124795900","124796184","JH378194","564549","564837","41","124231351"
"chr3","124826897","124827212","JH378206","918187","918493","49","123908710"
"chr3","124843387","124843677","JH378135","15931802","15932093","39","108911585"
"chr3","125022012","125022268","JH378174","5703364","5703614","44","119318648"
"chr3","125171362","125171671","JH378157","10039092","10039395","42","115132270"
"chr3","125196923","125197211","JH378125","15313063","15313352","42","109883860"
"chr3","125202480","125202794","JH378108","50609420","50609729","51","74593060"
"chr3","125320685","125320977","JH378178","125151","125428","46","125195534"
"chr3","125331583","125331849","JH378114","42565554","42565819","39","82766029"
"chr3","125334372","125334673","JH378152","13742000","13742297","37","111592372"
"chr3","125357904","125358127","JH378115","16716555","16716779","32","108641349"
"chr3","125450278","125450577","JH378264","1105436","1105732","48","124344842"
"chr3","125460977","125461266","JH378242","2757307","2757599","37","122703670"
"chr3","125488337","125488491","JH378153","1857867","1858020","18","123630470"
"chr3","125501961","125502265","JH378151","6243087","6243380","52","119258874"
"chr3","125512758","125513056","JH378242","734891","735189","36","124777867"
"chr3","125517287","125517566","JH378118","11558432","11558720","47","113958855"
"chr3","125556696","125556979","JH378114","40703906","40704195","50","84852790"
"chr3","125560170","125560462","JH378160","10602500","10602783","47","114957670"
"chr3","125561005","125561244","JH378266","587131","587373","37","124973874"
"chr3","125562088","125562386","JH378163","14312901","14313198","35","111249187"
"chr3","125564377","125564665","JH378213","4603416","4603708","40","120960961"
"chr3","125566138","125566399","JH378160","15427440","15427700","46","110138698"
"chr3","125567503","125567799","JH378115","34769363","34769654","47","90798140"
"chr3","125569283","125569578","JH378249","721031","721325","48","124848252"
"chr3","125575015","125575312","JH378114","22526707","22527002","45","103048308"
"chr3","125581492","125581790","JH378213","6894565","6894865","35","118686927"
"chr3","125588087","125588385","JH378114","22526707","22527002","49","103061380"
"chr3","125589807","125590113","JH378131","1383377","1383686","39","124206430"
"chr3","125590367","125590641","JH378206","2740342","2740615","42","122850025"
"chr3","125593076","125593342","JH378173","6660455","6660738","53","118932621"
"chr3","125595116","125595391","JH378139","6647560","6647819","63","118947556"
"chr3","125599018","125599309","JH378106","765844","766137","40","124833174"
"chr3","125601134","125601412","JH378105","69163567","69163856","48","56437567"
"chr3","125605597","125605903","JH378137","8390402","8390708","46","117215195"
"chr3","125605948","125606233","JH378122","7809799","7810085","36","117796149"
"chr3","125616618","125616886","JH378269","3354147","3354404","54","122262471"
"chr3","125622232","125622499","JH378112","17934735","17934997","48","107687497"
"chr3","125625448","125625650","JH378232","2621295","2621493","26","123004153"
"chr3","125626930","125627199","JH378144","16421291","16421555","56","109205639"
"chr3","125629323","125629623","JH378225","6103213","6103503","41","119526110"
"chr3","125660066","125660348","JH378105","50034667","50034949","35","75625399"
"chr3","125663163","125663460","JH378111","43268192","43268483","42","82394971"
"chr3","125668282","125668601","JH378254","241685","242002","39","125426597"
"chr3","125697540","125697842","JH378151","4578678","4578981","32","121118862"
"chr3","125735968","125736267","JH378141","14454762","14455052","55","111281206"
"chr3","125746388","125746691","JH378220","4563341","4563637","45","121183047"
"chr3","125777489","125777777","JH378113","21234201","21234490","40","104543288"
"chr3","125778434","125778727","JH378254","416168","416463","41","125362266"
"chr3","125839063","125839345","JH378170","2656808","2657093","42","123182255"
"chr3","125841484","125841779","JH378115","7606488","7606778","38","118234996"
"chr3","125850364","125850499","JH378146","367683","367813","20","125482681"
"chr3","125850807","125850960","JH378130","1294489","1294634","34","124556318"
"chr3","125862924","125863218","JH378153","1207598","1207894","38","124655326"
"chr3","125875306","125875616","JH378188","8091152","8091459","36","117784154"
"chr3","125877187","125877478","JH378151","5756127","5756418","36","120121060"
"chr3","125909896","125910188","JH378197","6201530","6201820","40","119708366"
"chr3","125917916","125918229","JH378197","8295826","8296131","48","117622090"
"chr3","125958911","125959210","JH378125","4890933","4891236","36","121067978"
"chr3","125961832","125962091","JH378151","5246621","5246885","51","120715211"
"chr3","126038936","126039210","JH378342","63308","63574","44","125975628"
"chr3","126056241","126056540","JH378130","605373","605677","42","125450868"
"chr3","126067289","126067551","JH378220","5592985","5593239","58","120474304"
"chr3","126162685","126162990","JH378203","7036188","7036492","35","119126497"
"chr3","126167260","126167538","JH378111","20416773","20417051","46","105750487"
"chr3","126193730","126194001","JH378141","19313862","19314135","36","106879868"
"chr3","126228429","126228731","JH378141","18437190","18437494","46","107791239"
"chr3","126268672","126268967","JH378197","5426388","5426678","39","120842284"
"chr3","126290646","126290940","JH378113","23895692","23895988","47","102394954"
"chr3","126303324","126303632","JH378116","22378952","22379256","62","103924372"
"chr3","126343392","126343695","JH378144","6837878","6838175","45","119505514"
"chr3","126348828","126349124","JH378254","857600","857897","44","125491228"
"chr3","126351043","126351356","JH378167","4158411","4158718","51","122192632"
"chr3","126413476","126413751","JH378221","506746","507023","49","125906730"
"chr3","126416814","126417096","JH378110","34952260","34952536","76","91464554"
"chr3","126427162","126427456","JH378254","925818","926101","46","125501344"
"chr3","126500165","126500413","JH378254","986669","986915","23","125513496"
"chr3","126515756","126516043","JH378142","3051183","3051477","43","123464573"
"chr3","126551482","126551749","JH378110","32970522","32970765","65","93580960"
"chr3","126567206","126567487","JH378320","98459","98742","39","126468747"
"chr3","126574296","126574579","JH378158","2960962","2961244","32","123613334"
"chr3","126600426","126600562","JH378107","55895704","55895839","15","70704722"
"chr3","126600868","126601047","JH378137","19323143","19323313","33","107277725"
"chr3","126612118","126612394","JH378254","1080771","1081049","42","125531347"
"chr3","126619638","126619953","JH378116","22378952","22379256","51","104240686"
"chr3","126624971","126625221","JH378110","29627540","29627799","53","96997431"
"chr3","126638964","126639237","JH378149","11359006","11359284","53","115279958"
"chr3","126639875","126640101","JH378135","19518508","19518736","52","107121367"
"chr3","126641152","126641458","JH378127","4712903","4713204","41","121928249"
"chr3","126653708","126653977","JH378144","7655233","7655509","41","118998475"
"chr3","126654013","126654024","JH378185","5729091","5729102","2","120924922"
"chr3","126687759","126688057","JH378254","1124816","1125108","44","125562943"
"chr3","126709429","126709729","JH378136","12221741","12222036","38","114487688"
"chr3","126760971","126761283","JH378129","10837797","10838104","40","115923174"
"chr3","126782539","126782833","JH378178","8782127","8782423","54","118000412"
"chr3","126811011","126811311","JH378116","14428154","14428454","45","112382857"
"chr3","126845519","126845815","JH378254","1273125","1273404","47","125572394"
"chr3","126862331","126862617","JH378105","50034667","50034949","36","76827664"
"chr3","126864982","126865276","JH378173","12616169","12616458","35","114248813"
"chr3","126872944","126873225","JH378115","16549844","16550133","55","110323100"
"chr3","126888506","126888813","JH378105","51426423","51426734","51","75462083"
"chr3","126899789","126900093","JH378118","28848124","28848433","58","98051665"
"chr3","126955411","126955718","JH378246","1705721","1706027","45","125249690"
"chr3","126968929","126969224","JH378148","2011019","2011312","41","124957910"
"chr3","127101085","127101386","JH378106","69063427","69063728","42","58037658"
"chr3","127220769","127221059","JH378124","6001393","6001683","39","121219376"
"chr3","127249051","127249334","JH378177","5640956","5641241","38","121608095"
"chr3","127259130","127259426","JH378255","3447746","3448043","35","123811384"
"chr3","127272864","127273156","JH378204","3222855","3223147","38","124050009"
"chr3","127333887","127334178","JH378254","1754293","1754580","36","125579594"
"chr3","127367721","127368009","JH378148","3194804","3195090","42","124172917"
"chr3","127413217","127413522","JH378247","561987","562291","41","126851230"
"chr3","127454359","127454654","JH378254","1873891","1874185","39","125580468"
"chr3","127456819","127457116","JH378212","646912","647207","45","126809907"
"chr3","127463167","127463299","JH378254","1883223","1883349","14","125579944"
"chr3","127482558","127482852","JH378106","6660208","6660505","39","120822350"
"chr3","127484928","127485219","JH378123","5667081","5667374","40","121817847"
"chr3","127511604","127511899","JH378177","3471096","3471393","49","124040508"
"chr3","127513371","127513675","JH378113","4126123","4126428","48","123387248"
"chr3","127536304","127536607","JH378262","1936694","1936996","38","125599610"
"chr3","127542105","127542403","JH378254","1956772","1957072","42","125585333"
"chr3","127602961","127603264","JH378254","2005921","2006215","42","125597040"
"chr3","127615709","127616004","JH378114","20824949","20825248","53","106790760"
"chr3","127645861","127646148","JH378188","7808260","7808546","52","119837601"
"chr3","127667302","127667611","JH378111","41517141","41517441","40","86150161"
"chr3","127736447","127736731","JH378105","1813143","1813427","45","125923304"
"chr3","127812911","127813206","JH378242","734891","735189","33","127078020"
"chr3","127820033","127820334","JH378116","14428154","14428454","50","113391879"
"chr3","127833386","127833668","JH378189","719706","719987","42","127113680"
"chr3","127888193","127888491","JH378110","9867313","9867609","42","118020880"
"chr3","127897759","127898080","JH378126","1862201","1862513","65","126035558"
"chr3","127920569","127920874","JH378106","65370916","65371216","40","62549653"
"chr3","127973848","127974126","JH378254","2376160","2376435","33","125597688"
"chr3","127990291","127990582","JH378163","12759419","12759714","55","115230872"
"chr3","128115174","128115479","JH378137","15088563","15088867","44","113026611"
"chr3","128123967","128124251","JH378144","427586","427866","43","127696381"
"chr3","128149685","128149990","JH378150","8762710","8763014","35","119386975"
"chr3","128169600","128169889","JH378105","50034667","50034949","49","78134933"
"chr3","128177048","128177346","JH378124","6705568","6705866","45","121471480"
"chr3","128263306","128263427","JH378131","729084","729205","17","127534222"
"chr3","128268057","128268345","JH378148","12304982","12305271","38","115963075"
"chr3","128321813","128322097","JH378139","7882690","7882974","32","120439123"
"chr3","128357946","128358242","JH378116","25790477","25790774","43","102567469"
"chr3","128413368","128413645","JH378176","1007519","1007789","51","127405849"
"chr3","128455815","128456121","JH378193","9036845","9037148","40","119418970"
"chr3","128484376","128484663","JH378261","2935084","2935374","34","125549292"
"chr3","128507906","128508203","JH378156","2536379","2536676","40","125971527"
"chr3","128524983","128525269","JH378166","2063092","2063378","52","126461891"
"chr3","128531219","128531518","JH378254","2949185","2949487","41","125582034"
"chr3","128553590","128553809","JH378121","28725056","28725276","36","99828534"
"chr3","128557776","128558075","JH378116","14428154","14428454","43","114129622"
"chr3","128587771","128588062","JH378165","3154850","3155140","38","125432921"
"chr3","128604624","128604934","JH378135","1618015","1618319","40","126986609"
"chr3","128606980","128607234","JH378254","3029919","3030175","45","125577061"
"chr3","128732488","128732773","JH378106","5353865","5354142","54","123378623"
"chr3","128736606","128736896","JH378105","22384355","22384643","40","106352251"
"chr3","128740235","128740542","JH378114","36279685","36279996","45","92460550"
"chr3","128772171","128772464","JH378173","10880896","10881187","40","117891275"
"chr3","128878203","128878498","JH378146","4942290","4942579","47","123935913"
"chr3","128892222","128892313","JH378254","3343161","3343248","10","125549061"
"chr3","128900540","128900840","JH378152","13742000","13742297","41","115158540"
"chr3","128902894","128903177","JH378119","11553220","11553504","52","117349674"
"chr3","128908390","128908698","JH378254","3358185","3358496","36","125550205"
"chr3","128940264","128940487","JH378138","10237105","10237328","32","118703159"
"chr3","128947522","128947810","JH378112","32705015","32705294","46","96242507"
"chr3","128948336","128948642","JH378120","32783981","32784286","45","96164355"
"chr3","128957422","128957730","JH378118","20140583","20140886","39","108816839"
"chr3","128975350","128975654","JH378122","9329495","9329803","41","119645855"
"chr3","128984957","128985244","JH378172","11247159","11247445","37","117737798"
"chr3","128989477","128989779","JH378118","10693452","10693756","46","118296025"
"chr3","128990292","128990591","JH378188","7232167","7232465","40","121758125"
"chr3","129006712","129007019","JH378235","2445743","2446054","50","126560969"
"chr3","129015887","129016181","JH378153","14632399","14632691","38","114383488"
"chr3","129049008","129049303","JH378145","12891343","12891639","37","116157665"
"chr3","129069986","129070293","JH378254","3524517","3524825","42","125545469"
"chr3","129077114","129077417","JH378135","1618015","1618319","35","127459099"
"chr3","129114555","129114840","JH378144","4639174","4639455","44","124475381"
"chr3","129131183","129131468","JH378156","15693115","15693398","39","113438068"
"chr3","129137877","129138196","JH378244","4212944","4213253","53","124924933"
"chr3","129157154","129157458","JH378137","19447464","19447770","38","109709690"
"chr3","129178675","129178914","JH378254","3641389","3641628","33","125537286"
"chr3","129234648","129234936","JH378115","33123120","33123409","55","96111528"
"chr3","129235689","129235982","JH378204","7978351","7978644","36","121257338"
"chr3","129252560","129252861","JH378124","10805017","10805321","35","118447543"
"chr3","129256873","129256947","AGCE01151322","1033","1107","13","129255840"
"chr3","129304840","129305133","JH378107","47246474","47246770","60","82058366"
"chr3","129347274","129347577","JH378128","12434365","12434655","55","116912909"
"chr3","129350715","129350843","JH378242","712789","712910","25","128637926"
"chr3","129358662","129358957","JH378106","3058385","3058676","44","126300277"
"chr3","129360749","129361039","JH378195","7859880","7860176","47","121500869"
"chr3","129361209","129361496","JH378122","22447926","22448218","49","106913283"
"chr3","129365746","129366054","JH378110","2295622","2295927","45","127070124"
"chr3","129367144","129367402","JH378185","1446513","1446772","39","127920631"
"chr3","129382384","129382683","JH378129","11810131","11810431","42","117572253"
"chr3","129387164","129387306","JH378151","16754223","16754372","21","112632941"
"chr3","129409027","129409325","JH378153","14175225","14175527","45","115233802"
"chr3","129414599","129414895","JH378254","3877718","3878015","30","125536881"
"chr3","129420540","129420810","JH378254","3882635","3882903","38","125537905"
"chr3","129432900","129433207","JH378114","5834952","5835255","41","123597948"
"chr3","129462602","129462907","JH378133","19850966","19851274","42","109611636"
"chr3","129470062","129470365","JH378173","2086933","2087244","37","127383129"
"chr3","129474597","129474872","JH378245","62401","62687","45","129412196"
"chr3","129475774","129476060","JH378130","23874766","23875045","40","105601008"
"chr3","129480763","129481052","JH378106","21399714","21399996","47","108081049"
"chr3","129486324","129486618","JH378153","12544489","12544777","41","116941835"
"chr3","129497403","129497698","JH378113","31887462","31887749","42","97609941"
"chr3","129500108","129500409","JH378106","2172328","2172633","44","127327780"
"chr3","129512292","129512588","JH378254","3968365","3968659","35","125543927"
"chr3","129517793","129518095","JH378204","3945411","3945718","31","125572382"
"chr3","129518109","129518207","JH378137","11439646","11439736","21","118078463"
"chr3","129531616","129531886","JH378115","18260113","18260373","45","111271503"
"chr3","129532492","129532793","JH378177","10173752","10174049","41","119358740"
"chr3","129534734","129535056","JH378149","17153252","17153571","64","112381482"
"chr3","129536176","129536488","JH378118","10693452","10693756","41","118842724"
"chr3","129542895","129543199","JH378112","36482668","36482971","42","93060227"
"chr3","129543345","129543627","JH378153","2014992","2015267","44","127528353"
"chr3","129549384","129549631","JH378156","1741769","1742011","50","127807615"
"chr3","129556763","129557068","JH378249","1601829","1602137","50","127954934"
"chr3","129558778","129559017","JH378254","4011320","4011558","41","125547458"
"chr3","129559115","129559166","JH378334","230528","230578","13","129328587"
"chr3","129559191","129559236","JH378109","11792680","11792718","14","117766511"
"chr3","129560186","129560376","JH378107","27381801","27381987","35","102178385"
"chr3","129560387","129560672","JH378235","3234319","3234615","41","126326068"
"chr3","129577907","129578229","JH378144","5022084","5022409","62","124555823"
"chr3","129582655","129582953","JH378153","7741550","7741846","37","121841105"
"chr3","129587283","129587588","JH378256","2126942","2127246","37","127460341"
"chr3","129589601","129589896","JH378119","11553220","11553504","46","118036381"
"chr3","129592683","129592977","JH378123","9608291","9608584","39","119984392"
"chr3","129595547","129595776","JH378124","6717238","6717465","28","122878309"
"chr3","129600568","129600860","JH378136","354228","354520","38","129246340"
"chr3","129609675","129609974","JH378213","6894565","6894865","45","122715110"
"chr3","129613534","129613845","JH378143","1682752","1683051","51","127930782"
"chr3","129634855","129635140","JH378105","50034667","50034949","32","79600188"
"chr3","129637929","129638239","JH378137","10076793","10077096","71","119561136"
"chr3","129641026","129641322","JH378248","2693342","2693641","52","126947684"
"chr3","129641457","129641747","JH378214","5755548","5755843","47","123885909"
"chr3","129663831","129664137","JH378172","9374043","9374343","45","120289788"
"chr3","129681521","129681801","JH378189","177130","177409","53","129504391"
"chr3","129702128","129702408","JH378189","177130","177409","54","129524998"
"chr3","129713695","129713834","JH378107","55895704","55895839","18","73817991"
"chr3","129724889","129725093","JH378134","18725576","18725791","35","110999313"
"chr3","130217253","130217473","JH378121","28725056","28725276","40","101492197"
"chr3","130224062","130224356","JH378134","18652243","18652546","46","111571819"
"chr3","130228121","130228209","JH378118","10205275","10205361","14","120022846"
"chr3","130244872","130245174","JH378112","33033903","33034201","40","97210969"
"chr3","130253694","130253987","JH378123","9608291","9608584","45","120645403"
"chr3","130271850","130272147","JH378109","8720176","8720466","42","121551674"
"chr3","130278082","130278400","JH378158","5787707","5788016","51","124490375"
"chr3","130295596","130295894","JH378134","18596615","18596917","47","111698981"
"chr3","130310840","130310944","JH378105","35068015","35068121","16","95242825"
"chr3","130311481","130311783","JH378110","8289113","8289410","61","122022368"
"chr3","130311784","130312031","JH378162","9928658","9928887","85","120383126"
"chr3","130364550","130364822","JH378254","2376160","2376435","24","127988390"
"chr3","130391914","130392200","JH378122","7809799","7810085","37","122582115"
"chr3","130395006","130395300","JH378115","39565442","39565741","40","90829564"
"chr3","130428727","130429018","JH378271","340094","340390","55","130088633"
"chr3","130458467","130458778","JH378120","3234972","3235279","50","127223495"
"chr3","130480733","130481008","JH378283","2933790","2934070","50","127546943"
"chr3","130497218","130497349","JH378112","32634143","32634269","15","97863075"
"chr3","130581216","130581501","JH378189","719706","719987","51","129861510"
"chr3","130835433","130835736","JH378148","13262362","13262662","39","117573071"
"chr3","130913220","130913472","JH378225","614372","614625","38","130298848"
"chr3","130967200","130967507","JH378106","69063427","69063728","40","61903773"
"chr3","131008951","131009243","JH378116","25790477","25790774","45","105218474"
"chr3","131054821","131055106","JH378118","28923693","28923986","45","102131128"
"chr3","131058042","131058339","JH378151","13558649","13558950","43","117499393"
"chr3","131095371","131095670","JH378151","4578678","4578981","36","126516693"
"chr3","131127880","131128183","JH378306","961560","961866","40","130166320"
"chr3","131293116","131293413","JH378151","4578678","4578981","41","126714438"
"chr3","131306940","131307233","JH378123","9608291","9608584","42","121698649"
"chr3","131337483","131337738","JH378111","37432796","37433057","44","93904687"
"chr3","131449907","131450198","JH378306","657783","658067","53","130792124"
"chr3","131450596","131450918","JH378110","39573027","39573336","55","91877569"
"chr3","131488150","131488398","JH378164","5784423","5784668","50","125703727"
"chr3","131519747","131520053","JH378153","523411","523717","44","130996336"
"chr3","131541645","131541927","JH378125","23409225","23409506","58","108132420"
"chr3","131645611","131645887","JH378306","462107","462386","39","131183504"
"chr3","131676728","131677028","JH378125","9411550","9411835","51","122265178"
"chr3","131863594","131863885","JH378106","66182477","66182768","46","65681117"
"chr3","131886863","131887155","JH378111","43268192","43268483","42","88618671"
"chr3","131909388","131909693","JH378136","7557499","7557797","43","124351889"
"chr3","131914007","131914306","JH378126","2342041","2342334","39","129571966"
"chr3","131935849","131936147","JH378220","1011665","1011962","40","130924184"
"chr3","131939330","131939648","JH378122","4663539","4663860","59","127275791"
"chr3","131949361","131949656","JH378203","4058222","4058515","47","127891139"
"chr3","131988508","131988809","JH378122","66727","67032","47","131921781"
"chr3","131992610","131992911","JH378139","10433692","10433994","40","121558918"
"chr3","131995805","131996102","JH378122","74062","74353","40","131921743"
"chr3","132013088","132013390","JH378193","4088336","4088639","41","127924752"
"chr3","132110247","132110585","JH378139","7994155","7994495","51","124116092"
"chr3","132118199","132118503","JH378105","2296506","2296810","45","129821693"
"chr3","132166597","132166891","JH378135","2083499","2083789","40","130083098"
"chr3","132188595","132188888","JH378220","4350061","4350357","44","127838534"
"chr3","132191495","132191750","JH378115","31073885","31074145","48","101117610"
"chr3","132199488","132199788","JH378140","15256022","15256323","38","116943466"
"chr3","132213278","132213584","JH378152","16334638","16334941","38","115878640"
"chr3","132215364","132215660","JH378116","25790477","25790774","48","106424887"
"chr3","132231691","132231978","JH378198","1639176","1639469","41","130592515"
"chr3","132284325","132284627","JH378117","11162259","11162553","45","121122066"
"chr3","132293859","132294153","JH378108","30957686","30957982","41","101336173"
"chr3","132328688","132328970","JH378136","14482580","14482862","36","117846108"
"chr3","132351896","132352189","JH378198","1639176","1639469","42","130712720"
"chr3","132357917","132358214","JH378146","9921571","9921861","53","122436346"
"chr3","132364947","132365248","JH378111","38162771","38163069","48","94202176"
"chr3","132435281","132435575","JH378220","3166926","3167219","40","129268355"
"chr3","132447165","132447453","JH378279","2806134","2806427","37","129641031"
"chr3","132453648","132453945","JH378242","734891","735189","32","131718757"
"chr3","132521070","132521375","JH378114","900779","901049","73","131620291"
"chr3","132532412","132532709","JH378141","15518519","15518815","32","117013893"
"chr3","132551247","132551548","JH378123","21695970","21696268","38","110855277"
"chr3","132562981","132563048","JH378142","6045906","6045975","7","126517075"
"chr3","132592870","132593178","JH378170","304613","304917","42","132288257"
"chr3","132608332","132608633","JH378262","1936694","1936996","38","130671638"
"chr3","132644973","132645295","JH378284","371461","371790","45","132273512"
"chr3","132646926","132647216","JH378127","1071054","1071333","54","131575872"
"chr3","132922372","132922450","JH378126","23799838","23799916","11","109122534"
"chr3","132945356","132945636","JH378141","13306055","13306336","40","119639301"
"chr3","133004031","133004294","JH378178","1021335","1021597","53","131982696"
"chr3","133007443","133007642","JH378326","547403","547603","30","132460040"
"chr3","133018333","133018628","JH378148","12335761","12336055","52","120682572"
"chr3","133033379","133033662","JH378271","3243541","3243835","54","129789838"
"chr3","133043139","133043397","JH378105","60476588","60476842","44","72566551"
"chr3","133045681","133045975","JH378110","9867313","9867609","42","123178368"
"chr3","133088830","133089170","JH378300","609097","609406","73","132479733"
"chr3","133101639","133101936","JH378110","34850075","34850365","35","98251564"
"chr3","133118918","133119051","JH378262","310456","310588","15","132808462"
"chr3","133121801","133122089","JH378242","734891","735189","51","132386910"
"chr3","133123530","133123825","JH378110","16562955","16563253","39","116560575"
"chr3","133126021","133126286","JH378155","5898072","5898340","49","127227949"
"chr3","133136326","133136375","JH378127","11639933","11639971","17","121496393"
"chr3","133136666","133136793","JH378185","1599995","1600123","21","131536671"
"chr3","133159536","133159740","JH378139","1594662","1594875","29","131564874"
"chr3","133165103","133165399","JH378119","360557","360852","40","132804546"
"chr3","133167477","133167789","JH378153","13255573","13255882","38","119911904"
"chr3","133186322","133186454","JH378105","35667195","35667327","17","97519127"
"chr3","133190560","133190855","JH378114","19929654","19929945","42","113260906"
"chr3","133197166","133197436","JH378122","7809799","7810085","46","125387367"
"chr3","133204930","133205211","JH378137","12255201","12255493","51","120949729"
"chr3","133208774","133209086","JH378136","15105670","15105971","53","118103104"
"chr3","133211835","133212147","JH378127","2654603","2654919","44","130557232"
"chr3","133236430","133236687","JH378117","20760353","20760608","54","112476077"
"chr3","133295985","133296276","JH378189","3786344","3786637","37","129509641"
"chr3","133306101","133306393","JH378197","3241273","3241575","51","130064828"
"chr3","133307456","133307750","JH378117","6076538","6076831","35","127230918"
"chr3","133316930","133317240","JH378143","4503874","4504182","52","128813056"
"chr3","133349685","133349973","JH378143","8639762","8640057","42","124709923"
"chr3","133350413","133350643","JH378193","8916556","8916801","59","124433857"
"chr3","133353718","133354027","JH378119","5341365","5341669","48","128012353"
"chr3","133367896","133368196","JH378193","9036845","9037148","39","124331051"
"chr3","133385593","133385689","JH378127","1919058","1919145","21","131466535"
"chr3","133391189","133391261","JH378241","396952","397024","8","132994237"
"chr3","133404627","133404922","JH378141","9524229","9524528","44","123880398"
"chr3","133443280","133443588","JH378122","24323968","24324275","40","109119312"
"chr3","133456463","133456770","JH378133","8195908","8196215","53","125260555"
"chr3","133462077","133462380","JH378142","3019206","3019515","50","130442871"
"chr3","133474091","133474387","JH378262","2504123","2504418","34","130969968"
"chr3","133491505","133491805","JH378173","6989295","6989594","53","126502210"
"chr3","133495733","133496032","JH378106","69562637","69562935","49","63933096"
"chr3","133527925","133528216","JH378122","1461161","1461463","37","132066764"
"chr3","133528648","133528974","JH378262","1270213","1270521","62","132258435"
"chr3","133556414","133556673","JH378175","11672977","11673233","44","121883437"
"chr3","133561134","133561425","JH378111","43268192","43268483","42","90292942"
"chr3","133562996","133563300","JH378212","63578","63884","47","133499418"
"chr3","133579574","133579819","JH378122","1521176","1521431","43","132058398"
"chr3","133591812","133592101","JH378151","8701610","8701895","50","124890202"
"chr3","133614580","133614883","JH378118","10693452","10693756","37","122921128"
"chr3","133616330","133616453","JH378117","28674853","28674976","23","104941477"
"chr3","133617722","133618026","JH378106","826462","826760","45","132791260"
"chr3","133620362","133620656","JH378141","14108812","14109102","38","119511550"
"chr3","133628846","133629134","JH378245","872964","873252","44","132755882"
"chr3","133637637","133637933","JH378252","4291425","4291721","43","129346212"
"chr3","133650437","133650724","JH378122","7809799","7810085","37","125840638"
"chr3","133661332","133661637","JH378199","3558279","3558591","38","130103053"
"chr3","133670965","133671236","JH378107","43618575","43618849","41","90052390"
"chr3","133678317","133678576","JH378154","11102614","11102873","51","122575703"
"chr3","133700008","133700309","JH378119","28803177","28803468","41","104896831"
"chr3","133705697","133706004","JH378299","743516","743822","49","132962181"
"chr3","133707233","133707515","JH378137","7900923","7901205","52","125806310"
"chr3","133711255","133711549","JH378111","8498303","8498600","44","125212952"
"chr3","133737345","133737631","JH378263","1037403","1037691","44","132699942"
"chr3","133764959","133765283","JH378111","33752968","33753277","66","100011991"
"chr3","133787231","133787523","JH378114","22526707","22527002","34","111260524"
"chr3","133877434","133877747","JH378109","34402444","34402754","49","99474990"
"chr3","133907929","133908213","JH378112","19879719","19880008","53","114028210"
"chr3","133934520","133934808","JH378125","6538044","6538329","41","127396476"
"chr3","133948359","133948651","JH378152","10890147","10890438","38","123058212"
"chr3","133959472","133959768","JH378122","1899492","1899786","41","132059980"
"chr3","134044445","134044643","JH378133","19630377","19630571","21","114414068"
"chr3","134048498","134048790","JH378115","39164004","39164294","43","94884494"
"chr3","134070653","134070901","JH378249","359323","359570","52","133711330"
"chr3","134089988","134090289","JH378301","920694","921000","40","133169294"
"chr3","134112104","134112359","JH378127","19182180","19182431","45","114929924"
"chr3","134115579","134115688","JH378111","37857485","37857594","9","96258094"
"chr3","134121052","134121185","JH378139","10303260","10303392","19","123817792"
"chr3","134134392","134134684","JH378116","25790477","25790774","43","108343915"
"chr3","134166597","134166915","JH378301","920694","921000","48","133245903"
"chr3","134225982","134226145","JH378196","989088","989254","31","133236894"
"chr3","134226443","134226573","JH378107","18802418","18802549","21","115424025"
"chr3","134232198","134232488","JH378204","7899913","7900203","36","126332285"
"chr3","134239034","134239337","JH378224","2515142","2515446","37","131723892"
"chr3","134254293","134254361","JH378117","15755731","15755800","10","118498562"
"chr3","134260038","134260345","JH378202","3018638","3018934","46","131241400"
"chr3","134261985","134262285","JH378135","3487580","3487886","52","130774405"
"chr3","134264795","134265086","JH378117","28666592","28666888","44","105598203"
"chr3","134276294","134276600","JH378111","9912952","9913260","39","124363342"
"chr3","134294697","134294996","JH378109","26397557","26397861","40","107897140"
"chr3","134303719","134304003","JH378157","8047049","8047337","47","126256670"
"chr3","134318617","134318923","JH378283","2146703","2147009","45","132171914"
"chr3","134323803","134324088","JH378121","2976112","2976395","41","131347691"
"chr3","134324124","134324134","JH378105","48290961","48290972","4","86033163"
"chr3","134332188","134332489","JH378152","16029844","16030148","42","118302344"
"chr3","134351084","134351369","JH378122","7809799","7810085","46","126541285"
"chr3","134380698","134381006","JH378122","2315984","2316290","48","132064714"
"chr3","134396318","134396597","JH378118","33570931","33571193","57","100825387"
"chr3","134431030","134431314","JH378118","13302149","13302427","57","121128881"
"chr3","134453964","134454259","JH378111","40734534","40734829","49","93719430"
"chr3","134455626","134455922","JH378115","7515051","7515348","51","126940575"
"chr3","134465274","134465560","JH378111","43268192","43268483","43","91197082"
"chr3","134465933","134466075","JH378128","25274620","25274764","23","109191313"
"chr3","134539692","134539995","JH378110","29563136","29563434","47","104976556"
"chr3","134556167","134556474","JH378134","18617210","18617519","48","115938957"
"chr3","134598316","134598450","JH378356","163451","163583","19","134434865"
"chr3","134603178","134603475","JH378134","18652243","18652546","46","115950935"
"chr3","134607861","134608153","JH378316","391481","391778","50","134216380"
"chr3","134609260","134609469","JH378149","3811566","3811767","38","130797694"
"chr3","134663249","134663530","JH378134","22273223","22273498","43","112390026"
"chr3","134741229","134741526","JH378124","16834558","16834852","37","117906671"
"chr3","134743058","134743311","JH378117","6897997","6898245","54","127845061"
"chr3","134911689","134911983","JH378153","2856479","2856773","41","132055210"
"chr3","134913136","134913437","JH378113","15232832","15233136","43","119680304"
"chr3","135039532","135039825","JH378140","14147137","14147431","37","120892395"
"chr3","135045765","135046072","JH378163","12738276","12738587","48","122307489"
"chr3","135083101","135083395","JH378159","6984417","6984714","33","128098684"
"chr3","135111821","135112112","JH378242","734891","735189","40","134376930"
"chr3","135115413","135115737","JH378185","2121596","2121910","47","132993817"
"chr3","135147747","135148047","JH378189","6755421","6755722","45","128392326"
"chr3","135158550","135158751","JH378313","229073","229274","24","134929477"
"chr3","135162419","135162724","JH378288","2552639","2552947","46","132609780"
"chr3","135164954","135165265","JH378148","16955481","16955786","53","118209473"
"chr3","135169578","135169890","JH378128","12201941","12202249","49","122967637"
"chr3","135185703","135185993","JH378117","31278419","31278717","44","103907284"
"chr3","135212399","135212698","JH378189","6558899","6559199","42","128653500"
"chr3","135227067","135227377","JH378117","31242917","31243225","38","103984150"
"chr3","135248829","135249138","JH378110","40011605","40011912","42","95237224"
"chr3","135251999","135252299","JH378156","6109428","6109719","42","129142571"
"chr3","135258053","135258360","JH378119","2681409","2681712","37","132576644"
"chr3","135270964","135271243","JH378141","16031106","16031391","42","119239858"
"chr3","135289979","135290284","JH378108","8388787","8389097","49","126901192"
"chr3","135361947","135362238","JH378137","13556624","13556914","43","121805323"
"chr3","135407842","135408149","JH378184","312107","312414","41","135095735"
"chr3","135461441","135461696","JH378151","14838074","14838328","45","120623367"
"chr3","135473477","135473792","JH378148","13262362","13262662","46","122211115"
"chr3","135497041","135497347","JH378109","7771130","7771433","46","127725911"
"chr3","135566485","135566777","JH378174","3305539","3305827","38","132260946"
"chr3","135782426","135782732","JH378115","15327275","15327586","46","120455151"
"chr3","135841779","135842036","JH378112","32952210","32952469","44","102889569"
"chr3","135847037","135847338","JH378139","14171993","14172294","36","121675044"
"chr3","136068193","136068483","JH378127","1087443","1087725","48","134980750"
"chr3","136078821","136079106","JH378122","7809799","7810085","47","128269022"
"chr3","136176449","136176754","JH378117","30367707","30368014","40","105808742"
"chr3","136299367","136299417","JH378172","10314823","10314882","16","125984544"
"chr3","136326803","136327115","JH378113","17168263","17168574","44","119158540"
"chr3","136411049","136411355","JH378117","30129469","30129769","48","106281580"
"chr3","136422642","136422938","JH378111","40734534","40734829","40","95688108"
"chr3","136442811","136443011","JH378193","7954713","7954909","29","128488098"
"chr3","136479796","136480103","JH378111","43268192","43268483","54","93211604"
"chr3","136492915","136493006","JH378225","6232470","6232562","16","130260445"
"chr3","136611638","136611920","JH378146","5220230","5220512","42","131391408"
"chr3","136664857","136664922","JH378117","29894167","29894232","8","106770690"
"chr3","136667009","136667301","JH378105","50212288","50212568","74","86454721"
"chr3","136712689","136712999","JH378166","9428708","9429013","39","127283981"
"chr3","136748620","136748912","JH378191","967537","967830","46","135781083"
"chr3","136973818","136974081","JH378265","1536628","1536899","52","135437190"
"chr3","136989214","136989518","JH378112","33452684","33452993","41","103536530"
"chr3","136992302","136992589","JH378117","29757515","29757803","31","107234787"
"chr3","137006611","137006920","JH378114","36871907","36872207","45","100134704"
"chr3","137035058","137035361","JH378107","51667756","51668056","47","85367302"
"chr3","137083112","137083393","JH378196","3015906","3016171","60","134067206"
"chr3","137171385","137171659","JH378117","29575708","29576004","42","107595677"
"chr3","137207292","137207581","JH378167","11202084","11202374","41","126005208"
"chr3","137248263","137248541","JH378173","5397509","5397785","35","131850754"
"chr3","137336720","137336980","JH378151","6291236","6291498","47","131045484"
"chr3","137379631","137379934","JH378235","366992","367283","37","137012639"
"chr3","137435699","137436004","JH378120","4438901","4439206","44","132996798"
"chr3","137442489","137442763","JH378115","14114008","14114285","48","123328481"
"chr3","137636314","137636608","JH378188","7159231","7159530","37","130477083"
"chr3","137651346","137651634","JH378116","24384563","24384855","39","113266783"
"chr3","137728430","137728724","JH378220","3382867","3383153","40","134345563"
"chr3","137836131","137836411","JH378107","6863146","6863424","42","130972985"
"chr3","137852101","137852409","JH378151","4578678","4578981","57","133273423"
"chr3","137939031","137939345","JH378173","6914461","6914770","44","131024570"
"chr3","137990175","137990477","JH378252","4291425","4291721","42","133698750"
"chr3","138002467","138002776","JH378131","1383377","1383686","38","136619090"
"chr3","138028093","138028391","JH378117","28287485","28287786","45","109740608"
"chr3","138041460","138041604","JH378143","9457039","9457185","19","128584421"
"chr3","138062598","138062883","JH378254","1124816","1125108","40","136937782"
"chr3","138064119","138064420","JH378177","4835569","4835864","44","133228550"
"chr3","138066152","138066451","JH378114","32943022","32943318","46","105123130"
"chr3","138072338","138072633","JH378226","6485812","6486107","36","131586526"
"chr3","138080208","138080511","JH378115","39565442","39565741","37","98514766"
"chr3","138083399","138083711","JH378111","44419713","44420022","46","93663686"
"chr3","138086735","138087044","JH378117","32856480","32856791","49","105230255"
"chr3","138100384","138100439","JH378228","5742546","5742602","16","132357838"
"chr3","138103158","138103461","JH378117","37445869","37446169","47","100657289"
"chr3","138103839","138104147","JH378149","15885379","15885676","51","122218460"
"chr3","138109455","138109739","JH378108","22250706","22250996","46","115858749"
"chr3","138122836","138123126","JH378110","39684737","39685028","40","98438099"
"chr3","138128100","138128175","JH378113","28408602","28408678","8","109719498"
"chr3","138140107","138140403","JH378136","7156338","7156631","37","130983769"
"chr3","138141713","138142010","JH378188","7232167","7232465","33","130909546"
"chr3","138146769","138147070","JH378137","14128205","14128508","43","124018564"
"chr3","138155576","138155879","JH378110","7850107","7850410","42","130305469"
"chr3","138167702","138167997","JH378191","967537","967830","41","137200165"
"chr3","138176931","138177243","JH378167","11931552","11931850","44","126245379"
"chr3","138193760","138194044","JH378112","19879719","19880008","43","118314041"
"chr3","138214394","138214715","JH378114","9157165","9157476","55","129057229"
"chr3","138231985","138232265","JH378114","22451301","22451589","49","115780684"
"chr3","138268410","138268660","JH378141","13359300","13359542","42","124909110"
"chr3","138409952","138410250","JH378114","10308730","10309017","48","128101222"
"chr3","138410829","138411063","JH378225","1669956","1670188","32","136740873"
"chr3","138434007","138434313","JH378129","11810131","11810431","42","126623876"
"chr3","138452588","138452870","JH378116","24131102","24131385","32","114321486"
"chr3","138467111","138467424","JH378206","2743791","2744098","52","135723320"
"chr3","138715434","138715726","JH378117","6076538","6076831","46","132638896"
"chr3","138724054","138724370","JH378111","34591288","34591592","47","104132766"
"chr3","138733634","138733928","JH378115","22696566","22696858","41","116037068"
"chr3","138760743","138761066","JH378173","7013411","7013719","62","131747332"
"chr3","138789343","138789629","JH378177","10638333","10638621","52","128151010"
"chr3","138818718","138819023","JH378242","734891","735189","42","138083827"
"chr3","138837837","138838146","JH378136","14817827","14818135","43","124020010"
"chr3","138901808","138902023","JH378139","1594662","1594875","27","137307146"
"chr3","138902355","138902653","JH378262","1936694","1936996","55","136965661"
"chr3","138909524","138909824","JH378190","2228134","2228434","44","136681390"
"chr3","138912345","138912660","JH378238","4855283","4855594","47","134057062"
"chr3","139018108","139018402","JH378141","14454762","14455052","36","124563346"
"chr3","139059074","139059369","JH378262","1936694","1936996","42","137122380"
"chr3","139063136","139063275","JH378153","11332496","11332628","38","127730640"
"chr3","139063587","139063718","JH378186","47418","47549","17","139016169"
"chr3","139081232","139081531","JH378125","7759615","7759914","43","131321617"
"chr3","139095782","139096077","JH378105","68643621","68643915","39","70452161"
"chr3","139333946","139334235","JH378119","2795984","2796271","61","136537962"
"chr3","139397444","139397761","JH378121","15643222","15643539","62","123754222"
"chr3","139502310","139502616","JH378242","734891","735189","42","138767419"
"chr3","139549837","139550137","JH378113","15232832","15233136","59","124317005"
"chr3","139611717","139612010","JH378218","4337523","4337812","53","135274194"
"chr3","139617007","139617303","JH378213","3242672","3242967","50","136374335"
"chr3","139734123","139734421","JH378146","14364782","14365075","39","125369341"
"chr3","139834816","139835126","JH378197","8660298","8660600","46","131174518"
"chr3","139840937","139841238","JH378114","42121182","42121484","47","97719755"
"chr3","139910937","139911157","JH378122","87869","88089","29","139823068"
"chr3","140089315","140089632","JH378146","14681268","14681565","48","125408047"
"chr3","140351168","140351463","JH378145","10500061","10500358","38","129851107"
"chr3","140427308","140427607","JH378146","14980995","14981297","39","125446313"
"chr3","140466945","140467235","JH378114","36871907","36872207","41","103595038"
"chr3","140497525","140497826","JH378152","13742000","13742297","50","126755525"
"chr3","140537592","140537884","JH378143","9153419","9153705","45","131384173"
"chr3","140580964","140581249","JH378190","9040170","9040456","41","131540794"
"chr3","140639224","140639514","JH378137","14089045","14089336","43","126550179"
"chr3","140662247","140662539","JH378111","43268192","43268483","36","97394055"
"chr3","140684454","140684744","JH378167","6098594","6098882","42","134585860"
"chr3","140688134","140688390","JH378129","10248501","10248763","48","130439633"
"chr3","140702742","140702992","JH378220","983050","983309","40","139719692"
"chr3","140718454","140718555","JH378131","6934359","6934453","19","133784095"
"chr3","140721741","140722034","JH378242","86283","86581","38","140635458"
"chr3","140730659","140730970","JH378204","3945411","3945718","45","136785248"
"chr3","140732222","140732420","JH378113","17085710","17085907","28","123646512"
"chr3","140733632","140733904","JH378135","4531365","4531638","30","136202267"
"chr3","140757624","140757921","JH378105","303719","304017","48","140453905"
"chr3","140762762","140763064","JH378126","782415","782718","46","139980347"
"chr3","140764845","140765158","JH378118","10693452","10693756","40","130071393"
"chr3","140776341","140776628","JH378134","22236208","22236494","44","118540133"
"chr3","140780283","140780583","JH378140","16383226","16383525","42","124397057"
"chr3","140796765","140797061","JH378113","22308528","22308821","56","118488237"
"chr3","140803205","140803485","JH378165","6030400","6030671","46","134772805"
"chr3","140804765","140805067","JH378131","828760","829052","58","139976005"
"chr3","140810728","140811028","JH378152","14237736","14238039","54","126572992"
"chr3","140824800","140825108","JH378290","1006881","1007187","36","139817919"
"chr3","140830254","140830541","JH378143","2285984","2286261","66","138544270"
"chr3","140833031","140833335","JH378118","12197167","12197472","55","128635864"
"chr3","140835196","140835507","JH378235","1831385","1831690","53","139003811"
"chr3","140857912","140858280","JH378232","4670424","4670749","123","136187488"
"chr3","140860744","140861018","JH378112","14425894","14426167","40","126434850"
"chr3","140866225","140866507","JH378191","5243848","5244140","51","135622377"
"chr3","140868484","140868791","JH378167","5197659","5197969","47","135670825"
"chr3","140870632","140870925","JH378146","15387822","15388112","38","125482810"
"chr3","140871400","140871698","JH378127","22815027","22815328","37","118056373"
"chr3","140880626","140880885","JH378123","21287087","21287338","39","119593539"
"chr3","140900872","140901167","JH378203","7090053","7090349","45","133810819"
"chr3","140911608","140911906","JH378132","959382","959685","39","139952226"
"chr3","140914556","140914786","JH378150","8031994","8032224","29","132882562"
"chr3","140927060","140927253","JH378108","44632200","44632402","33","96294860"
"chr3","140931916","140932198","JH378112","19879719","19880008","55","121052197"
"chr3","140934427","140934735","JH378106","2172328","2172633","40","138762099"
"chr3","140936082","140936371","JH378105","17352517","17352807","48","123583565"
"chr3","140936885","140937161","JH378115","7606488","7606778","71","133330397"
"chr3","140939961","140940222","JH378144","16421291","16421555","42","124518670"
"chr3","140940434","140940744","JH378107","33258734","33259040","52","107681700"
"chr3","140947770","140948066","JH378273","688413","688708","52","140259357"
"chr3","140951515","140951715","JH378153","10272867","10273064","29","130678648"
"chr3","140951745","140952040","JH378160","13103182","13103478","37","127848563"
"chr3","140953684","140953969","JH378148","17296294","17296584","50","123657390"
"chr3","140954363","140954661","JH378119","2681409","2681712","44","138272954"
"chr3","140959735","140960029","JH378117","22243484","22243780","43","118716251"
"chr3","140965046","140965350","JH378113","4126123","4126428","44","136838923"
"chr3","140969096","140969391","JH378130","12502533","12502827","48","128466563"
"chr3","140992516","140992795","JH378189","719706","719987","36","140272810"
"chr3","140998688","140998962","JH378139","15156697","15156982","52","125841991"
"chr3","141004181","141004311","JH378136","18110322","18110448","17","122893859"
"chr3","141004510","141004712","JH378108","34627722","34627906","49","106376788"
"chr3","141014789","141014921","JH378105","36868256","36868387","13","104146533"
"chr3","141019266","141019559","JH378290","1449167","1449465","35","139570099"
"chr3","141024717","141024977","JH378129","7524499","7524760","62","133500218"
"chr3","141037158","141037421","JH378139","2616331","2616586","62","138420827"
"chr3","141043862","141044171","JH378108","31529799","31530108","47","109514063"
"chr3","141045988","141046272","JH378139","8145526","8145814","45","132900462"
"chr3","141063514","141063793","JH378232","3348298","3348573","45","137715216"
"chr3","141079934","141080267","JH378141","18811815","18812139","60","122268119"
"chr3","141108514","141108767","JH378164","6881616","6881870","35","134226898"
"chr3","141109798","141110078","JH378204","6750334","6750618","43","134359464"
"chr3","141114635","141114939","JH378235","3957900","3958200","41","137156735"
"chr3","141120478","141120765","JH378141","15212604","15212888","50","125907874"
"chr3","141126623","141126922","JH378159","962847","963144","43","140163776"
"chr3","141149240","141149541","JH378279","2532931","2533234","48","138616309"
"chr3","141174120","141174362","JH378146","15703253","15703495","35","125470867"
"chr3","141177581","141177876","JH378165","1378573","1378868","44","139799008"
"chr3","141180380","141180674","JH378239","4104574","4104871","44","137075806"
"chr3","141191245","141191567","JH378127","10116682","10117005","65","131074563"
"chr3","141195157","141195448","JH378111","19145005","19145292","52","122050152"
"chr3","141219610","141219904","JH378203","7090053","7090349","47","134129557"
"chr3","141247338","141247644","JH378288","2786677","2786981","46","138460661"
"chr3","141262207","141262517","JH378235","3957900","3958200","42","137304307"
"chr3","141269168","141269457","JH378116","28282701","28282994","44","112986467"
"chr3","141273786","141274065","JH378177","5640956","5641241","46","135632830"
"chr3","141280650","141280943","JH378167","5329371","5329659","45","135951279"
"chr3","141290501","141290747","JH378142","18396420","18396654","43","122894081"
"chr3","141300000","141300307","JH378121","22242887","22243195","52","119057113"
"chr3","141302703","141303004","JH378157","8084904","8085208","54","133217799"
"chr3","141313665","141313957","JH378146","15841027","15841314","38","125472638"
"chr3","141319047","141319354","JH378161","2236995","2237295","48","139082052"
"chr3","141349727","141350032","JH378115","30401019","30401318","42","110948708"
"chr3","141350063","141350378","JH378281","1512369","1512678","43","139837694"
"chr3","141365038","141365230","JH378191","379739","379934","25","140985299"
"chr3","141369114","141369416","JH378106","69522419","69522727","52","71846695"
"chr3","141369907","141370200","JH378113","15232832","15233136","38","126137075"
"chr3","141396950","141397268","JH378113","4444895","4445200","44","136952055"
"chr3","141397995","141398284","JH378115","16549844","16550133","41","124848151"
"chr3","141404053","141404340","JH378177","1170014","1170294","44","140234039"
"chr3","141427407","141427686","JH378136","14482580","14482862","42","126944827"
"chr3","141435902","141436197","JH378112","20815144","20815441","38","120620758"
"chr3","141440957","141441268","JH378139","13597882","13598185","55","127843075"
"chr3","141464839","141465135","JH378163","7979184","7979478","33","133485655"
"chr3","141476785","141477077","JH378148","16271022","16271321","36","125205763"
"chr3","141516598","141516785","JH378114","19856750","19856926","34","121659848"
"chr3","141546099","141546392","JH378149","9792343","9792637","39","131753756"
"chr3","141676825","141677112","JH378121","7482714","7483002","48","134194111"
"chr3","141992337","141992648","JH378184","5228496","5228807","43","136763841"
"chr3","142020615","142020918","JH378107","8700595","8700886","60","133320020"
"chr3","142091561","142091858","JH378125","4533400","4533689","54","137558161"
"chr3","142197600","142197897","JH378249","721031","721325","40","141476569"
"chr3","142375644","142375733","JH378124","5052722","5052813","16","137322922"
"chr3","142411549","142411860","JH378134","18025612","18025919","43","124385937"
"chr3","142457151","142457450","JH378242","734891","735189","39","141722260"
"chr3","142487850","142488135","JH378124","5490003","5490289","55","136997847"
"chr3","142570146","142570419","JH378155","2506721","2506992","37","140063425"
"chr3","142612432","142612730","JH378110","9867313","9867609","39","132745119"
"chr3","142618914","142619224","JH378105","58654423","58654726","46","83964491"
"chr3","142621215","142621527","JH378115","22456618","22456922","39","120164597"
"chr3","142623640","142623949","JH378204","3945411","3945718","41","138678229"
"chr3","142627658","142627943","JH378173","6714601","6714895","50","135913057"
"chr3","142628271","142628568","JH378152","13742000","13742297","33","128886271"
"chr3","142637134","142637425","JH378277","920625","920915","43","141716509"
"chr3","142641680","142641988","JH378255","3447746","3448043","62","139193934"
"chr3","142654107","142654418","JH378135","16449037","16449347","44","126205070"
"chr3","142655046","142655351","JH378140","16572055","16572366","47","126082991"
"chr3","142655532","142655779","JH378112","19848968","19849213","51","122806564"
"chr3","142656597","142656890","JH378257","303275","303558","38","142353322"
"chr3","142668426","142668514","JH378118","32664343","32664431","8","110004083"
"chr3","142698225","142698530","JH378118","10693452","10693756","52","132004773"
"chr3","142709427","142709727","JH378242","734891","735189","45","141974536"
"chr3","142733105","142733405","JH378146","17093836","17094128","55","125639269"
"chr3","142747134","142747436","JH378197","3241273","3241575","37","139505861"
"chr3","142757409","142757704","JH378294","668279","668579","38","142089130"
"chr3","142764982","142765274","JH378106","765844","766137","40","141999138"
"chr3","142802137","142802437","JH378146","17161841","17162128","38","125640296"
"chr3","142804383","142804693","JH378116","22378952","22379256","42","120425431"
"chr3","142810706","142810902","JH378113","2200207","2200414","35","140610499"
"chr3","142816530","142816820","JH378204","3222855","3223147","47","139593675"
"chr3","142819591","142819873","JH378278","3074928","3075221","52","139744663"
"chr3","142834887","142835184","JH378246","1887976","1888270","47","140946911"
"chr3","142837296","142837600","JH378272","590349","590654","41","142246947"
"chr3","142854987","142855263","JH378118","22035371","22035645","58","120819616"
"chr3","142886086","142886382","JH378214","5755548","5755843","38","137130538"
"chr3","142904802","142905112","JH378189","7478628","7478922","53","135426174"
"chr3","142909069","142909372","JH378114","20897206","20897509","43","122011863"
"chr3","142960004","142960114","JH378157","7253772","7253885","29","135706232"
"chr3","142960338","142960475","JH378137","16895293","16895416","47","126065045"
"chr3","142967969","142968156","JH378106","64428952","64429129","26","78539017"
"chr3","142978557","142978866","JH378168","10981922","10982230","40","131996635"
"chr3","143008055","143008348","JH378123","5667081","5667374","41","137340974"
"chr3","143173504","143173787","JH378173","2227025","2227318","51","140946479"
"chr3","143194223","143194521","JH378106","69658436","69658736","55","73535787"
"chr3","143234347","143234481","JH378111","11422754","11422890","14","131811593"
"chr3","143245016","143245311","JH378115","7606488","7606778","48","135638528"
"chr3","143266954","143267024","JH378148","12535486","12535558","7","130731468"
"chr3","143286071","143286189","JH378158","12918127","12918242","23","130367944"
"chr3","143286217","143286381","JH378267","358566","358737","34","142927651"
"chr3","143320240","143320538","JH378116","27863685","27863978","46","115456555"
"chr3","143320543","143320847","JH378106","69063427","69063728","38","74257116"
"chr3","143355498","143355629","JH378140","6797097","6797227","12","136558401"
"chr3","143358188","143358448","JH378315","357797","358060","43","143000391"
"chr3","143362222","143362511","JH378131","9798989","9799281","53","133563233"
"chr3","143378864","143379169","JH378113","15232832","15233136","55","128146032"
"chr3","143384084","143384386","JH378166","530033","530321","51","142854051"
"chr3","143401507","143401795","JH378193","1923833","1924114","46","141477674"
"chr3","143416408","143416691","JH378201","119475","119755","45","143296933"
"chr3","143425384","143425573","JH378112","28666767","28666943","60","114758617"
"chr3","143425882","143426031","JH378150","16578909","16579051","27","126846973"
"chr3","143426202","143426479","JH378194","564549","564837","54","142861653"
"chr3","143430855","143431150","JH378148","6840591","6840886","33","136590264"
"chr3","143440347","143440638","JH378135","1661661","1661952","38","141778686"
"chr3","143441295","143441590","JH378125","4180575","4180870","44","139260720"
"chr3","143447113","143447387","JH378283","1409036","1409310","42","142038077"
"chr3","143450557","143450841","JH378171","1552791","1553074","66","141897766"
"chr3","143454821","143455101","JH378105","7585414","7585688","50","135869407"
"chr3","143494820","143494836","JH378105","48290961","48290972","6","95203859"
"chr3","143502018","143502317","JH378130","1473186","1473473","51","142028832"
"chr3","143515243","143515537","JH378107","38016993","38017287","39","105498250"
"chr3","143517488","143517796","JH378137","4045758","4046064","36","139471730"
"chr3","143517879","143518162","JH378149","2162935","2163218","62","141354944"
"chr3","143529158","143529442","JH378146","17697965","17698245","44","125831193"
"chr3","143530190","143530479","JH378122","7104036","7104320","53","136426154"
"chr3","143530958","143531241","JH378131","782846","783128","48","142748112"
"chr3","143551655","143551936","JH378136","14880583","14880862","60","128671072"
"chr3","143559486","143559610","JH378138","6776489","6776612","18","136782997"
"chr3","143559654","143559841","JH378137","19323143","19323313","49","124236511"
"chr3","143586025","143586319","JH378119","202457","202756","40","143383568"
"chr3","143635187","143635470","JH378267","3621493","3621780","43","140013694"
"chr3","143641846","143641913","JH378122","5309737","5309803","12","138332109"
"chr3","143641993","143642315","JH378110","18880040","18880344","55","124761953"
"chr3","143650215","143650492","JH378121","15606606","15606874","49","128043609"
"chr3","143650625","143650895","JH378106","52794130","52794398","39","90856495"
"chr3","143900655","143900946","JH378291","915200","915491","32","142985455"
"chr3","143930377","143930688","JH378276","134131","134438","44","143796246"
"chr3","143977987","143978269","JH378105","5241610","5241885","63","138736377"
"chr3","143996938","143997236","JH378293","2207179","2207481","43","141789759"
"chr3","144095716","144095869","JH378141","7661361","7661504","32","136434355"
"chr3","144095911","144096025","JH378111","33544890","33544985","39","110551021"
"chr3","144179589","144179894","JH378189","8749784","8750086","42","135429805"
"chr3","144215566","144215856","JH378124","6001393","6001683","34","138214173"
"chr3","144304877","144305180","JH378105","64915693","64915991","51","79389184"
"chr3","144353101","144353417","JH378288","629003","629310","49","143724098"
"chr3","144388766","144389073","JH378114","41541862","41542163","47","102846904"
"chr3","144419167","144419415","JH378181","4556987","4557243","50","139862180"
"chr3","144544062","144544299","JH378149","16347574","16347809","36","128196488"
"chr3","144650863","144651147","JH378291","130444","130734","57","144520419"
"chr3","144850758","144851063","JH378108","31737278","31737567","56","113113480"
"chr3","144948049","144948366","JH378166","6928524","6928839","57","138019525"
"chr3","145061785","145062091","JH378121","413230","413534","42","144648555"
"chr3","145347733","145348031","JH378147","15873763","15874055","36","129473970"
"chr3","145412030","145412338","JH378137","15935777","15936084","45","129476253"
"chr3","145422686","145422985","JH378151","6150117","6150421","43","139272569"
"chr3","145457403","145457422","JH378152","13518039","13518058","7","131939364"
"chr3","145457460","145457740","JH378156","3213769","3214050","41","142243691"
"chr3","145513961","145514250","JH378113","14459499","14459789","41","131054462"
"chr3","145536910","145537185","JH378111","16626391","16626661","44","128910519"
"chr3","145583790","145584093","JH378116","28282701","28282994","52","117301089"
"chr3","145591245","145591552","JH378137","15935777","15936084","44","129655468"
"chr3","145627390","145627683","JH378153","2856479","2856773","38","142770911"
"chr3","145646499","145646799","JH378213","4603416","4603708","44","141043083"
"chr3","145649132","145649298","JH378115","15507637","15507796","31","130141495"
"chr3","145650028","145650161","JH378117","16196051","16196181","27","129453977"
"chr3","145655157","145655435","JH378199","7211869","7212150","59","138443288"
"chr3","145692844","145693161","JH378110","34847834","34848150","52","110845010"
"chr3","145785092","145785400","JH378284","2533277","2533588","46","143251815"
"chr3","145806003","145806239","JH378165","986020","986257","31","144819983"
"chr3","145819667","145819972","JH378224","2515142","2515446","45","143304525"
"chr3","145844651","145844956","JH378118","10693452","10693756","47","135151199"
"chr3","145883985","145884279","JH378178","8042470","8042765","49","137841515"
"chr3","145952872","145953180","JH378173","6914461","6914770","44","139038411"
"chr3","146067112","146067404","JH378115","28716128","28716418","31","117350984"
"chr3","146167875","146168169","JH378123","5667081","5667374","33","140500794"
"chr3","146202451","146202706","JH378139","1363865","1364120","39","144838586"
"chr3","146217315","146217622","JH378308","1378699","1379002","40","144838616"
"chr3","146228671","146228965","JH378187","2759115","2759407","39","143469556"
"chr3","146249549","146249850","JH378110","44658760","44659055","48","101590789"
"chr3","146267132","146267438","JH378166","10368159","10368461","43","135898973"
"chr3","146269315","146269609","JH378114","8664608","8664896","51","137604707"
"chr3","146270548","146270844","JH378112","20815144","20815441","48","125455404"
"chr3","146273130","146273412","JH378113","14860344","14860624","52","131412786"
"chr3","146308870","146309175","JH378138","6648162","6648458","51","139660708"
"chr3","146319359","146319678","JH378235","3100138","3100450","52","143219221"
"chr3","146320185","146320485","JH378242","734891","735189","43","145585294"
"chr3","146343207","146343499","JH378205","3979972","3980268","38","142363235"
"chr3","146345665","146345962","JH378177","10173752","10174049","35","136171913"
"chr3","146346750","146347010","JH378118","18057885","18058149","43","128288865"
"chr3","146357022","146357325","JH378135","16046002","16046306","40","130311020"
"chr3","146387474","146387757","JH378167","12386560","12386845","40","134000914"
"chr3","146392792","146393104","JH378154","13561581","13561891","58","132831211"
"chr3","146398209","146398524","JH378228","5339080","5339386","46","141059129"
"chr3","146400173","146400433","JH378189","7840255","7840519","49","138559918"
"chr3","146417205","146417498","JH378125","15313063","15313352","38","131104142"
"chr3","146449582","146449880","JH378148","16955481","16955786","63","129494101"
"chr3","146460536","146460857","JH378232","4411292","4411607","54","142049244"
"chr3","146461981","146462273","JH378153","7052266","7052556","42","139409715"
"chr3","146471670","146471957","JH378105","69163567","69163856","36","77308103"
"chr3","146473849","146474126","JH378239","5203122","5203400","42","141270727"
"chr3","146475323","146475480","JH378244","3944142","3944302","27","142531181"
"chr3","146475782","146475918","JH378305","1383165","1383300","16","145092617"
"chr3","146492275","146492563","JH378153","7052266","7052556","46","139440009"
"chr3","146502698","146502830","JH378152","10907464","10907596","11","135595234"
"chr3","146515365","146515634","JH378106","59305283","59305541","48","87210082"
"chr3","146529620","146529926","JH378117","37732677","37732982","42","108796943"
"chr3","146542565","146542681","JH378117","29797870","29797985","19","116744695"
"chr3","146543563","146543814","JH378139","13387568","13387813","45","133155995"
"chr3","146563655","146563949","JH378281","283506","283801","45","146280149"
"chr3","146566528","146566798","JH378106","70744175","70744440","49","75822353"
"chr3","146566802","146567092","JH378106","69562637","69562935","46","77004165"
"chr3","146572504","146572799","JH378301","503665","503958","47","146068839"
"chr3","146578500","146578794","JH378203","3909775","3910068","41","142668725"
"chr3","146606376","146606655","JH378267","921544","921825","40","145684832"
"chr3","146612630","146612871","JH378135","15240612","15240851","44","131372018"
"chr3","146614842","146614982","JH378106","59688331","59688471","17","86926511"
"chr3","146621252","146621553","JH378253","3196933","3197240","45","143424319"
"chr3","146638214","146638312","JH378244","3807463","3807560","13","142830751"
"chr3","146645019","146645259","JH378211","2321219","2321454","36","144323800"
"chr3","146666141","146666277","JH378108","49180782","49180912","14","97485359"
"chr3","146667191","146667496","JH378149","422089","422391","43","146245102"
"chr3","146669700","146670010","JH378248","3387134","3387441","49","143282566"
"chr3","146673580","146673862","JH378122","7104036","7104320","43","139569544"
"chr3","146687613","146687873","JH378133","22334477","22334733","41","124353136"
"chr3","146692965","146693277","JH378121","23760097","23760404","44","122932868"
"chr3","146707042","146707339","JH378107","51667756","51668056","47","95039286"
"chr3","146720096","146720368","JH378114","20734954","20735221","43","125985142"
"chr3","146732163","146732459","JH378153","12544489","12544777","51","134187674"
"chr3","146734044","146734340","JH378108","49791539","49791832","46","96942505"
"chr3","146739192","146739486","JH378148","3100313","3100608","43","143638879"
"chr3","146740083","146740377","JH378167","8587120","8587419","36","138152963"
"chr3","146745096","146745260","JH378155","3890651","3890811","39","142854445"
"chr3","146745560","146745694","JH378182","743956","744089","20","146001604"
"chr3","146748792","146749086","JH378195","2148198","2148495","34","144600594"
"chr3","146765202","146765494","JH378200","4317868","4318159","35","142447334"
"chr3","146766340","146766637","JH378115","26968615","26968913","40","119797725"
"chr3","146767649","146767934","JH378105","70309322","70309604","40","76458327"
"chr3","146777791","146778100","JH378264","3336401","3336713","39","143441390"
"chr3","146781055","146781346","JH378135","858419","858710","44","145922636"
"chr3","146787532","146787820","JH378121","20570827","20571122","43","126216705"
"chr3","146815773","146816053","JH378167","7961661","7961938","46","138854112"
"chr3","146818463","146818759","JH378138","6648162","6648458","42","140170301"
"chr3","146885661","146885972","JH378135","3452601","3452913","46","143433060"
"chr3","146888764","146888887","JH378155","9854823","9854946","12","137033941"
"chr3","146892613","146892906","JH378115","34769363","34769654","46","112123250"
"chr3","146903188","146903430","JH378154","4443249","4443494","47","142459939"
"chr3","146939874","146940183","JH378108","46536549","46536850","42","100403325"
"chr3","146945488","146945778","JH378225","5974885","5975173","37","140970603"
"chr3","146947635","146947754","JH378125","9495785","9495904","16","137451850"
"chr3","146977997","146978296","JH378163","10576395","10576693","42","136401602"
"chr3","146979920","146980178","JH378156","1380668","1380930","47","145599252"
"chr3","146983089","146983404","JH378108","33670364","33670673","54","113312725"
"chr3","147018203","147018495","JH378235","366992","367283","40","146651211"
"chr3","147031647","147031948","JH378112","43922832","43923126","39","103108815"
"chr3","147040505","147040799","JH378127","5317720","5318008","47","141722785"
"chr3","147057405","147057656","JH378135","4859416","4859677","50","142197989"
"chr3","147061242","147061512","JH378198","796671","796941","42","146264571"
"chr3","147078149","147078433","JH378189","7335796","7336075","38","139742353"
"chr3","147099515","147099794","JH378105","66132998","66133287","44","80966517"
"chr3","147127640","147127927","JH378267","463347","463634","33","146664293"
"chr3","147137237","147137494","JH378289","1537504","1537760","32","145599733"
"chr3","147143961","147144239","JH378180","5047484","5047772","47","142096477"
"chr3","147174028","147174319","JH378119","360557","360852","41","146813471"
"chr3","147183940","147184222","JH378105","50034667","50034949","39","97149273"
"chr3","147200785","147201021","JH378254","4011320","4011558","57","143189465"
"chr3","147210397","147210701","JH378267","376134","376433","45","146834263"
"chr3","147215065","147215355","JH378189","3786344","3786637","38","143428721"
"chr3","147217677","147217965","JH378267","367840","368130","41","146849837"
"chr3","147227677","147227791","JH378145","6059114","6059234","20","141168563"
"chr3","147238044","147238344","JH378200","4317868","4318159","49","142920176"
"chr3","147242783","147243075","JH378140","5325520","5325814","36","141917263"
"chr3","147256196","147256470","JH378144","4721929","4722197","45","142534267"
"chr3","147278326","147278624","JH378267","311718","312017","39","146966608"
"chr3","147280919","147281218","JH378152","13742000","13742297","36","133538919"
"chr3","147287890","147288196","JH378118","17447772","17448068","41","129840118"
"chr3","147300635","147300933","JH378200","4317868","4318159","55","142982767"
"chr3","147302316","147302610","JH378213","4603416","4603708","36","142698900"
"chr3","147312899","147313190","JH378213","4603416","4603708","38","142709483"
"chr3","147339612","147339912","JH378115","27550836","27551133","41","119788776"
"chr3","147366638","147366932","JH378135","17996725","17997019","34","129369913"
"chr3","147387141","147387467","JH378118","4589604","4589912","61","142797537"
"chr3","147394738","147395034","JH378185","6039029","6039324","36","141355709"
"chr3","147457624","147457937","JH378105","54853999","54854312","59","92603625"
"chr3","147529959","147530265","JH378267","81342","81638","45","147448617"
"chr3","147592698","147592985","JH378105","1815371","1815657","40","145777327"
"chr3","147593282","147593583","JH378123","21695970","21696268","44","125897312"
"chr3","147601410","147601719","JH378301","920694","921000","47","146680716"
"chr3","147672258","147672495","JH378146","10798677","10798920","45","136873581"
"chr3","147730069","147730364","JH378134","15452039","15452337","39","132278030"
"chr3","147733789","147734105","JH378146","10869877","10870195","36","136863912"
"chr3","147734721","147735026","JH378204","3129799","3130101","31","144604922"
"chr3","147847074","147847384","JH378151","14423847","14424153","50","133423227"
"chr3","147857471","147857577","JH378225","6628099","6628207","12","141229372"
"chr3","147884818","147885114","JH378146","11021936","11022231","40","136862882"
"chr3","147959483","147959726","JH378146","11099347","11099589","30","136860136"
"chr3","148280160","148280286","JH378113","24184594","24184718","12","124095566"
"chr3","148434971","148435258","JH378105","50034667","50034949","40","98400304"
"chr3","148443755","148444050","JH378170","1616807","1617104","39","146826948"
"chr3","148582154","148582444","JH378220","4350061","4350357","54","144232093"
"chr3","148685798","148686093","JH378262","336971","337263","46","148348827"
"chr3","148794992","148795290","JH378113","15232832","15233136","46","133562160"
"chr3","148855781","148855962","JH378131","11949009","11949176","51","136906772"
"chr3","148855988","148856133","JH378146","15296422","15296560","26","133559566"
"chr3","148886293","148886632","JH378149","2873662","2873991","72","146012631"
"chr3","149011672","149011963","JH378133","9743043","9743332","45","139268629"
"chr3","149069840","149070136","JH378124","5835056","5835352","42","143234784"
"chr3","149096740","149097024","JH378152","14449530","14449815","36","134647210"
"chr3","149178884","149179187","JH378146","12214396","12214697","50","136964488"
"chr3","149184760","149185041","JH378108","50953521","50953800","59","98231239"
"chr3","149210783","149211051","JH378184","510637","510905","41","148700146"
"chr3","149284661","149284978","JH378146","12482103","12482416","44","136802558"
"chr3","149320414","149320695","JH378112","32686929","32687213","52","116633485"
"chr3","149327950","149328239","JH378220","3229265","3229557","41","146098685"
"chr3","149338086","149338367","JH378260","2450704","2450976","46","146887382"
"chr3","149342399","149342708","JH378153","14175225","14175527","50","135167174"
"chr3","149453492","149453770","JH378133","10040192","10040484","50","139413300"
"chr3","149593338","149593609","JH378137","8077566","8077832","37","141515772"
"chr3","149928680","149928953","JH378189","2827323","2827594","44","147101357"
"chr3","150000607","150000907","JH378137","15249398","15249695","51","134751209"
"chr3","150016243","150016561","JH378117","24069896","24070207","58","125946347"
"chr3","150207542","150207833","JH378149","15503626","15503919","38","134703916"
"chr3","150239397","150239708","JH378136","996865","997172","54","149242532"
"chr3","150308107","150308375","JH378146","12599208","12599489","59","137708899"
"chr3","150342512","150342775","JH378219","3491256","3491528","50","146851256"
"chr3","150360820","150360927","JH378168","5357846","5357955","10","145002974"
"chr3","150449588","150449880","JH378146","12711983","12712270","49","137737605"
"chr3","150478163","150478474","JH378118","6633242","6633554","43","143844921"
"chr3","150591893","150592184","JH378131","10241080","10241369","41","140350813"
"chr3","150604860","150605169","JH378127","14183587","14183892","40","136421273"
"chr3","150643425","150643734","JH378188","9401785","9402089","42","141241640"
"chr3","150729364","150729626","JH378278","2970816","2971070","42","147758548"
"chr3","150878882","150879173","JH378121","23122029","23122310","56","127756853"
"chr3","150918859","150919129","JH378121","27274654","27274926","75","123644205"
"chr3","151349862","151350163","JH378117","28119220","28119491","59","123230642"
"chr3","151401615","151401870","JH378193","2394588","2394828","62","149007027"
"chr3","151401892","151402197","JH378188","7490346","7490651","42","143911546"
"chr3","151533194","151533473","JH378193","7695673","7695957","50","143837521"
"chr3","151630351","151630640","JH378135","2083499","2083789","42","149546852"
"chr3","151650437","151650684","JH378117","27880320","27880546","52","123770117"
"chr3","151957341","151957662","JH378167","9209660","9209957","70","142747681"
"chr3","152052091","152052364","JH378123","7572596","7572869","51","144479495"
"chr3","152076026","152076341","JH378153","9926861","9927172","47","142149165"
"chr3","152152562","152152851","JH378106","14024896","14025185","47","138127666"
"chr3","152157777","152158084","JH378139","14171993","14172294","49","137985784"
"chr3","152195989","152196300","JH378107","28458725","28459036","41","123737264"
"chr3","152210924","152211186","JH378127","21882404","21882674","53","130328520"
"chr3","152326833","152327146","JH378108","34552149","34552452","57","117774684"
"chr3","152384105","152384394","JH378133","9743043","9743332","40","142641062"
"chr3","152427566","152427869","JH378117","27226454","27226755","40","125201112"
"chr3","152439721","152440013","JH378124","5490003","5490289","52","146949718"
"chr3","152534252","152534531","JH378114","20734954","20735221","49","131799298"
"chr3","152576690","152576982","JH378117","27104900","27105181","49","125471790"
"chr3","152615666","152615966","JH378153","2201355","2201655","59","150414311"
"chr3","152856158","152856435","JH378121","15444791","15445073","63","137411367"
"chr3","152860305","152860613","JH378167","3626557","3626863","44","149233748"
"chr3","152909892","152910111","JH378121","1698302","1698531","36","151211590"
"chr3","153148442","153148739","JH378190","7486422","7486715","42","145662020"
"chr3","153149447","153149728","JH378164","6714567","6714844","42","146434880"
"chr3","153207488","153207793","JH378204","3129799","3130101","44","150077689"
"chr3","153305528","153305826","JH378115","26968615","26968913","38","126336913"
"chr3","153329096","153329373","JH378117","36078925","36079198","35","117250171"
"chr3","153483343","153483637","JH378119","5505381","5505671","42","147977962"
"chr3","153511932","153512228","JH378135","1661661","1661952","39","151850271"
"chr3","153569636","153569976","JH378117","26217819","26218158","43","127351817"
"chr3","153593627","153593727","JH378118","12065875","12065971","13","141527752"
"chr3","153605188","153605464","JH378117","26189716","26190001","31","127415472"
"chr3","153611315","153611610","JH378135","11369903","11370197","44","142241412"
"chr3","153621016","153621329","JH378176","5394281","5394567","78","148226735"
"chr3","153670233","153670335","JH378224","5435300","5435397","21","148234933"
"chr3","153673117","153673414","JH378108","30957686","30957982","33","122715431"
"chr3","153692531","153692823","JH378242","734891","735189","46","152957640"
"chr3","153697693","153697953","JH378151","8675482","8675745","43","145022211"
"chr3","153703311","153703598","JH378172","9343322","9343615","50","144359989"
"chr3","153707310","153707617","JH378148","3015296","3015593","48","150692014"
"chr3","153711576","153711873","JH378242","734891","735189","42","152976685"
"chr3","153757310","153757602","JH378141","10648154","10648450","37","143109156"
"chr3","153778740","153779025","JH378114","42081783","42082071","41","111696957"
"chr3","153790105","153790386","JH378167","7155169","7155451","45","146634936"
"chr3","153796349","153796666","JH378109","49313689","49313996","53","104482660"
"chr3","153797440","153797761","JH378171","3664627","3664940","50","150132813"
"chr3","153823745","153824030","JH378122","7809799","7810085","30","146013946"
"chr3","153854001","153854314","JH378112","35804803","35805113","47","118049198"
"chr3","153859849","153860149","JH378172","9553918","9554219","43","144305931"
"chr3","153903602","153903891","JH378122","7809799","7810085","50","146093803"
"chr3","153942510","153942804","JH378152","13742000","13742297","33","140200510"
"chr3","154031218","154031507","JH378151","14481091","14481389","56","139550127"
"chr3","154043588","154043819","JH378126","1725732","1725968","51","152317856"
"chr3","154045392","154045671","JH378117","25814611","25814900","45","128230781"
"chr3","154048071","154048373","JH378159","3867405","3867714","57","150180666"
"chr3","154053946","154054257","JH378124","9677112","9677423","48","144376834"
"chr3","154066249","154066539","JH378122","1517254","1517543","41","152548995"
"chr3","154079172","154079470","JH378187","3252575","3252870","49","150826597"
"chr3","154198074","154198387","JH378116","22378952","22379256","50","131819122"
"chr3","154199561","154199845","JH378122","7809799","7810085","37","146389762"
"chr3","154205268","154205562","JH378204","6198160","6198452","34","148007108"
"chr3","154221348","154221506","JH378148","2046250","2046409","31","152175098"
"chr3","154221544","154221660","JH378108","10284231","10284347","16","143937313"
"chr3","154236730","154237028","JH378220","667156","667455","43","153569574"
"chr3","154241142","154241396","JH378112","21788125","21788350","74","132453017"
"chr3","154241705","154241795","JH378105","10408257","10408352","12","143833448"
"chr3","154279779","154280085","JH378259","2348757","2349064","40","151931022"
"chr3","154285460","154285765","JH378148","7478775","7479080","44","146806685"
"chr3","154292055","154292182","JH378105","36868256","36868387","15","117423799"
"chr3","154306965","154307268","JH378114","41499633","41499943","42","112807332"
"chr3","154312482","154312792","JH378153","10582814","10583118","40","143729668"
"chr3","154315183","154315495","JH378297","218770","219080","46","154096413"
"chr3","154343913","154344219","JH378226","6485812","6486107","44","147858101"
"chr3","154345263","154345534","JH378115","25725139","25725410","53","128620124"
"chr3","154355555","154355846","JH378123","9608291","9608584","44","144747264"
"chr3","154356583","154356930","JH378235","4545716","4546048","73","149810867"
"chr3","154364812","154365093","JH378173","4795221","4795500","39","149569591"
"chr3","154368276","154368568","JH378167","7855341","7855640","46","146512935"
"chr3","154372923","154373228","JH378241","4776446","4776753","54","149596477"
"chr3","154389600","154389910","JH378135","16449037","16449347","36","137940563"
"chr3","154396827","154397138","JH378301","920694","921000","46","153476133"
"chr3","154403775","154404075","JH378105","1126046","1126352","45","153277729"
"chr3","154407486","154407785","JH378170","1467059","1467359","45","152940427"
"chr3","154414751","154415060","JH378112","33452684","33452993","50","120962067"
"chr3","154449762","154450073","JH378284","887377","887688","53","153562385"
"chr3","154452717","154453012","JH378117","25371223","25371514","40","129081494"
"chr3","154527198","154527495","JH378242","734891","735189","37","153792307"
"chr3","154535451","154535746","JH378115","26968615","26968913","43","127566836"
"chr3","154546004","154546296","JH378195","2148198","2148495","50","152397806"
"chr3","154615804","154616099","JH378293","1070606","1070905","47","153545198"
"chr3","154682450","154682742","JH378189","1081035","1081323","34","153601415"
"chr3","154714464","154714758","JH378149","9792343","9792637","46","144922121"
"chr3","154812388","154812683","JH378121","16980403","16980697","43","137831985"
"chr3","154835349","154835618","JH378107","492004","492268","56","154343345"
"chr3","154840671","154840981","JH378117","15749415","15749721","42","139091256"
"chr3","154902509","154902809","JH378106","1345438","1345748","54","153557071"
"chr3","154921636","154921938","JH378151","8876704","8877006","41","146044932"
"chr3","154952820","154953096","JH378105","69163567","69163856","44","85789253"
"chr3","154954185","154954485","JH378117","24864126","24864420","36","130090059"
"chr3","154971011","154971307","JH378117","24847443","24847739","53","130123568"
"chr3","154972585","154972884","JH378242","734891","735189","43","154237694"
"chr3","155025886","155026183","JH378106","65370916","65371216","53","89654970"
"chr3","155054297","155054606","JH378128","10880524","10880831","38","144173773"
"chr3","155064685","155064983","JH378112","33033903","33034201","38","122030782"
"chr3","155066024","155066328","JH378118","12197167","12197472","56","142868857"
"chr3","155084073","155084385","JH378117","15749415","15749721","44","139334658"
"chr3","155087576","155087857","JH378124","9865185","9865466","43","145222391"
"chr3","155102998","155103280","JH378110","47147742","47148028","43","107955256"
"chr3","155104638","155104924","JH378145","6241795","6242082","40","148862843"
"chr3","155106979","155107252","JH378111","37233117","37233391","45","117873862"
"chr3","155116786","155116945","JH378145","15292462","15292620","22","139824324"
"chr3","155150611","155150911","JH378115","16549844","16550133","42","138600767"
"chr3","155163749","155164049","JH378112","35271650","35271950","37","119892099"
"chr3","155166986","155167274","JH378117","24663156","24663443","49","130503830"
"chr3","155184805","155185090","JH378117","24640956","24641243","41","130543849"
"chr3","155188096","155188407","JH378148","3485416","3485723","44","151702680"
"chr3","155189345","155189626","JH378112","19879719","19880008","56","135309626"
"chr3","155197759","155198041","JH378114","19860438","19860722","40","135337321"
"chr3","155234566","155234836","JH378135","17574125","17574399","47","137660441"
"chr3","155270655","155270957","JH378116","14428154","14428454","41","140842501"
"chr3","155332044","155332299","JH378117","24511085","24511364","52","130820959"
"chr3","155337839","155338150","JH378117","24505697","24506010","44","130832142"
"chr3","155399899","155400174","JH378238","1405402","1405674","54","153994497"
"chr3","155425865","155426172","JH378117","24418072","24418369","49","131007793"
"chr3","155437827","155438124","JH378186","1525813","1526111","46","153912014"
"chr3","155468754","155469059","JH378108","31634555","31634857","44","123834199"
"chr3","155481628","155481920","JH378188","9653970","9654259","39","145827658"
"chr3","155553694","155553971","JH378117","24293560","24293838","39","131260134"
"chr3","155593838","155594136","JH378122","4711864","4712164","44","150881974"
"chr3","155874697","155875009","JH378108","23473224","23473528","43","132401473"
"chr3","155993309","155993616","JH378265","117843","118145","47","155875466"
"chr3","156018645","156018951","JH378148","2797982","2798286","42","153220663"
"chr3","156088551","156088825","JH378117","36078925","36079198","41","120009626"
"chr3","156089733","156090020","JH378112","3294214","3294498","66","152795519"
"chr3","156141002","156141294","JH378195","2148198","2148495","32","153992804"
"chr3","156166164","156166448","JH378156","4809441","4809726","48","151356723"
"chr3","156246437","156246723","JH378124","10016046","10016322","46","146230391"
"chr3","156246772","156246785","JH378105","48290961","48290972","3","107955811"
"chr3","156289224","156289525","JH378219","4686172","4686467","45","151603052"
"chr3","156316510","156316802","JH378140","18341426","18341719","39","137975084"
"chr3","156456794","156457083","JH378110","13366598","13366892","49","143090196"
"chr3","156485464","156485771","JH378156","6301995","6302299","46","150183469"
"chr3","156494582","156494874","JH378213","4603416","4603708","41","151891166"
"chr3","156517371","156517659","JH378136","12337933","12338222","36","144179438"
"chr3","156527828","156528123","JH378204","3129799","3130101","41","153398029"
"chr3","156534569","156534867","JH378242","734891","735189","41","155799678"
"chr3","156578350","156578669","JH378197","6611785","6612095","65","149966565"
"chr3","156659150","156659451","JH378288","2786677","2786981","44","153872473"
"chr3","156732509","156732796","JH378111","15544222","15544505","44","141188287"
"chr3","156736221","156736531","JH378248","3387134","3387441","51","153349087"
"chr3","156737055","156737336","JH378126","1079320","1079599","39","155657735"
"chr3","156761793","156762089","JH378131","1430233","1430529","42","155331560"
"chr3","156776511","156776759","JH378110","40632274","40632529","45","116144237"
"chr3","156777561","156777878","JH378108","23424710","23425014","68","133352851"
"chr3","156806764","156806858","JH378143","10359869","10359970","18","146446895"
"chr3","156816585","156816869","JH378114","41996207","41996493","40","114820378"
"chr3","156906337","156906624","JH378117","23125872","23126157","35","133780465"
"chr3","156915790","156916078","JH378117","36041941","36042223","44","120873849"
"chr3","156916309","156916619","JH378117","23115298","23115608","44","133801011"
"chr3","156926298","156926588","JH378264","3817700","3817980","48","153108598"
"chr3","157041470","157041758","JH378256","33154","33443","43","157008316"
"chr3","157158670","157158831","JH378117","22923241","22923397","19","134235429"
"chr3","157181155","157181437","JH378264","3477041","3477316","47","153704114"
"chr3","157245330","157245639","JH378118","10693452","10693756","45","146551878"
"chr3","157364756","157365051","JH378198","8703702","8703998","51","148661054"
"chr3","157378792","157379083","JH378180","9740668","9740960","42","147638124"
"chr3","157382853","157383159","JH378135","16449037","16449347","55","140933816"
"chr3","157405113","157405414","JH378225","962832","963129","42","156442281"
"chr3","157467871","157468156","JH378117","22624578","22624864","33","134843293"
"chr3","157550846","157551135","JH378117","22556540","22556834","32","134994306"
"chr3","157582148","157582436","JH378114","6331983","6332282","52","151250165"
"chr3","157588134","157588428","JH378113","4526075","4526366","36","153062059"
"chr3","157622605","157622906","JH378180","6000964","6001266","46","151621641"
"chr3","157635193","157635479","JH378111","10125047","10125338","44","147510146"
"chr3","157650846","157651177","JH378128","7746589","7746895","70","149904257"
"chr3","157651415","157651561","JH378109","15324407","15324550","20","142327008"
"chr3","157655098","157655374","JH378106","49699715","49699989","68","107955383"
"chr3","157655613","157655896","JH378123","9831839","9832126","40","147823774"
"chr3","157667964","157668262","JH378242","734891","735189","38","156933073"
"chr3","157669838","157670134","JH378148","13262362","13262662","42","144407476"
"chr3","157674619","157674919","JH378110","46863298","46863601","42","110811321"
"chr3","157682969","157683266","JH378117","22429234","22429536","42","135253735"
"chr3","157707639","157707899","JH378206","6290223","6290488","43","151417416"
"chr3","157711167","157711467","JH378118","12798160","12798463","52","144913007"
"chr3","157712882","157713175","JH378116","27863685","27863978","39","129849197"
"chr3","157725741","157726028","JH378220","3229265","3229557","38","154496476"
"chr3","157742004","157742306","JH378198","4422253","4422550","47","153319751"
"chr3","157745327","157745601","JH378117","22373512","22373780","36","135371815"
"chr3","157768491","157768803","JH378115","25675129","25675433","45","132093362"
"chr3","157772105","157772418","JH378121","9727786","9728090","56","148044319"
"chr3","157777631","157777902","JH378117","36078925","36079198","50","121698706"
"chr3","157781624","157781915","JH378126","22770602","22770897","42","135011022"
"chr3","157789653","157789946","JH378134","14785263","14785558","52","143004390"
"chr3","157835867","157836149","JH378115","15421028","15421312","47","142414839"
"chr3","157857330","157857620","JH378133","17698134","17698421","47","140159196"
"chr3","157870711","157871010","JH378111","11435677","11435973","45","146435034"
"chr3","157871840","157872152","JH378127","13229242","13229553","46","144642598"
"chr3","157979208","157979509","JH378114","20897206","20897509","46","137082002"
"chr3","158057820","158057984","JH378219","6396636","6396804","21","151661184"
"chr3","158064299","158064390","JH378196","6300738","6300829","14","151763561"
"chr3","158178056","158178365","JH378232","3134921","3135232","44","155043135"
"chr3","158256322","158256626","JH378144","18383381","18383679","38","139872941"
"chr3","158311942","158312237","JH378117","21888153","21888435","49","136423789"
"chr3","158355191","158355474","JH378111","33212070","33212355","42","125143121"
"chr3","158571672","158571944","JH378146","3340897","3341164","54","155230775"
"chr3","158623939","158624236","JH378108","44402666","44402961","49","114221273"
"chr3","158653789","158654092","JH378224","2515142","2515446","50","156138647"
"chr3","158697772","158698069","JH378121","20570827","20571122","39","138126945"
"chr3","158701001","158701298","JH378119","360557","360852","47","158340444"
"chr3","158713315","158713573","JH378110","29627540","29627799","50","129085775"
"chr3","158735551","158735846","JH378142","2940574","2940874","57","155794977"
"chr3","158737468","158737767","JH378129","2446692","2446987","45","156290776"
"chr3","158749441","158749555","JH378118","13124415","13124529","14","145625026"
"chr3","158775464","158775771","JH378118","10693452","10693756","58","148082012"
"chr3","158797123","158797417","JH378204","7978351","7978644","41","150818772"
"chr3","158800856","158801160","JH378105","55574476","55574778","42","103226380"
"chr3","158804462","158804750","JH378242","2795079","2795370","65","156009383"
"chr3","158819406","158819704","JH378122","9835188","9835489","38","148984218"
"chr3","158846905","158847173","JH378157","9808983","9809259","39","149037922"
"chr3","158854637","158854943","JH378204","3945411","3945718","48","154909226"
"chr3","158865336","158865613","JH378132","15118225","15118492","47","143747111"
"chr3","158908033","158908326","JH378157","10612889","10613179","43","148295144"
"chr3","158914345","158914636","JH378116","28282701","28282994","44","130631644"
"chr3","158937920","158938222","JH378301","496735","497037","35","158441185"
"chr3","158994349","158994646","JH378105","20992815","20993124","55","138001534"
"chr3","159137475","159137776","JH378235","3957900","3958200","45","155179575"
"chr3","159182856","159183154","JH378188","9401785","9402089","41","149781071"
"chr3","159244360","159244466","JH378156","9069100","9069203","12","150175260"
"chr3","159283786","159284069","JH378220","2699046","2699342","53","156584740"
"chr3","159336233","159336518","JH378139","369956","370243","36","158966277"
"chr3","159360402","159360707","JH378117","20993012","20993300","53","138367390"
"chr3","159403573","159403860","JH378117","20956111","20956410","46","138447462"
"chr3","159420040","159420337","JH378265","117843","118145","41","159302197"
"chr3","159455758","159456055","JH378157","10039092","10039395","40","149416666"
"chr3","159502188","159502485","JH378157","11453180","11453475","58","148049008"
"chr3","159544002","159544296","JH378123","9831839","9832126","52","149712163"
"chr3","159588394","159588696","JH378149","15144631","15144934","43","144443763"
"chr3","159620933","159621225","JH378117","20828334","20828637","43","138792599"
"chr3","159668971","159669265","JH378119","360557","360852","42","159308414"
"chr3","159711421","159711711","JH378141","14454762","14455052","45","145256659"
"chr3","159784448","159784749","JH378213","4085900","4086195","64","155698548"
"chr3","159844373","159844685","JH378153","14175225","14175527","46","145669148"
"chr3","159848387","159848683","JH378112","19879719","19880008","50","139968668"
"chr3","159898233","159898503","JH378105","51247753","51248028","36","108650480"
"chr3","159901900","159902162","JH378105","51251348","51251607","38","108650552"
"chr3","159954820","159955086","JH378105","51307124","51307397","44","108647696"
"chr3","159977916","159978229","JH378156","2866926","2867237","46","157110990"
"chr3","159990362","159990658","JH378152","13742000","13742297","35","146248362"
"chr3","160003944","160004235","JH378107","53276825","53277112","36","106727119"
"chr3","160010877","160011176","JH378143","8639762","8640057","42","151371115"
"chr3","160025337","160025624","JH378106","65370916","65371216","51","94654421"
"chr3","160030861","160031147","JH378166","2467720","2468006","41","157563141"
"chr3","160074659","160074952","JH378176","10058910","10059203","43","150015749"
"chr3","160099924","160100227","JH378153","14175225","14175527","41","145924699"
"chr3","160150888","160151192","JH378105","51506247","51506552","44","108644641"
"chr3","160163037","160163344","JH378288","2786677","2786981","41","157376360"
"chr3","160187834","160188140","JH378120","18067329","18067633","45","142120505"
"chr3","160191324","160191631","JH378119","25902645","25902913","84","134288679"
"chr3","160203134","160203395","JH378136","14898747","14899023","57","145304387"
"chr3","160248457","160248747","JH378117","20716968","20717244","49","139531489"
"chr3","160260631","160260928","JH378148","3092528","3092826","41","157168103"
"chr3","160278159","160278448","JH378111","20566416","20566706","37","139711743"
"chr3","160297397","160297702","JH378117","20675207","20675501","43","139622190"
"chr3","160358530","160358831","JH378205","5760275","5760577","41","154598255"
"chr3","160410894","160411177","JH378273","361264","361529","63","160049630"
"chr3","160442528","160442830","JH378105","55574476","55574778","39","104868052"
"chr3","160488490","160488784","JH378144","1304159","1304455","46","159184331"
"chr3","160499669","160499965","JH378105","65672026","65672321","42","94827643"
"chr3","160501420","160501723","JH378200","4062857","4063156","44","156438563"
"chr3","160538129","160538421","JH378121","20933847","20934138","60","139604282"
"chr3","160567071","160567293","JH378170","384851","385068","34","160182220"
"chr3","160600229","160600525","JH378151","6229404","6229701","43","154370825"
"chr3","160648300","160648591","JH378200","4317868","4318159","41","156330432"
"chr3","160658934","160659220","JH378151","5756127","5756418","43","154902807"
"chr3","160749637","160749930","JH378242","734891","735189","44","160014746"
"chr3","160817987","160818280","JH378140","16737561","16737856","45","144080426"
"chr3","160818541","160818848","JH378115","6315258","6315558","35","154503283"
"chr3","160823309","160823608","JH378116","28282701","28282994","54","132540608"
"chr3","160835434","160835728","JH378120","3564285","3564577","37","157271149"
"chr3","160837680","160837955","JH378117","20217354","20217656","60","140620326"
"chr3","160865311","160865592","JH378126","1079320","1079599","42","159785991"
"chr3","160870105","160870417","JH378118","10693452","10693756","46","150176653"
"chr3","160892255","160892544","JH378257","303275","303558","51","160588980"
"chr3","160900494","160900792","JH378262","1936694","1936996","40","158963800"
"chr3","160913869","160914155","JH378105","42378495","42378780","44","118535374"
"chr3","160930454","160930753","JH378177","4835569","4835864","38","156094885"
"chr3","160951532","160951789","JH378204","6110233","6110492","44","154841299"
"chr3","160953941","160954235","JH378117","20112802","20113097","37","140841139"
"chr3","160955616","160955926","JH378106","247600","247909","50","160708016"
"chr3","160958737","160958853","JH378225","5620975","5621091","11","155337762"
"chr3","160963120","160963381","JH378196","3015906","3016171","37","157947214"
"chr3","160964632","160964904","JH378117","36078925","36079198","38","124885707"
"chr3","160967367","160967620","JH378276","3071079","3071334","41","157896288"
"chr3","160967672","160967960","JH378271","1015797","1016086","40","159951875"
"chr3","160973086","160973384","JH378110","28085821","28086114","44","132887265"
"chr3","160981609","160981928","JH378154","13561581","13561891","55","147420028"
"chr3","160988499","160988799","JH378255","3447746","3448043","52","157540753"
"chr3","160989784","160990087","JH378117","20066767","20067070","47","140923017"
"chr3","161022840","161022975","JH378305","1383165","1383300","17","159639675"
"chr3","161025294","161025596","JH378108","8194214","8194513","39","152831080"
"chr3","161028081","161028386","JH378117","20029019","20029320","38","140999062"
"chr3","161039742","161040044","JH378120","24798638","24798942","43","136241104"
"chr3","161049809","161050101","JH378232","3502872","3503164","42","157546937"
"chr3","161052396","161052695","JH378110","28085821","28086114","42","132966575"
"chr3","161065072","161065375","JH378111","33768422","33768723","45","127296650"
"chr3","161067205","161067503","JH378262","1936694","1936996","38","159130511"
"chr3","161093065","161093338","JH378107","6944819","6945092","40","154148246"
"chr3","161121133","161121395","JH378232","5069112","5069371","38","156052021"
"chr3","161138906","161139178","JH378185","1553447","1553720","38","159585459"
"chr3","161147293","161147599","JH378148","13262362","13262662","45","147884931"
"chr3","161210880","161211187","JH378127","1791547","1791857","43","159419333"
"chr3","161215574","161215873","JH378197","6093647","6093940","44","155121927"
"chr3","161233201","161233505","JH378106","58341946","58342247","38","102891255"
"chr3","161243953","161244261","JH378113","15232832","15233136","42","146011121"
"chr3","161276464","161276746","JH378117","19843238","19843523","48","141433226"
"chr3","161422667","161422950","JH378105","37094152","37094433","40","124328515"
"chr3","161424948","161425238","JH378117","19721138","19721424","36","141703810"
"chr3","161486075","161486381","JH378137","4045758","4046064","41","157440317"
"chr3","161518457","161518768","JH378106","69063427","69063728","39","92455030"
"chr3","161579154","161579417","JH378124","359696","359952","41","161219458"
"chr3","161771597","161771901","JH378150","572888","573192","54","161198709"
"chr3","161773042","161773327","JH378111","41545356","41545648","52","120227686"
"chr3","161780428","161780727","JH378171","5439933","5440227","53","156340495"
"chr3","161817336","161817614","JH378123","9608291","9608584","57","152209045"
"chr3","161907222","161907516","JH378291","130444","130734","37","161776778"
"chr3","162158612","162158904","JH378178","1751160","1751459","43","160407452"
"chr3","162170536","162170841","JH378117","19014811","19015117","32","143155725"
"chr3","162179566","162179884","JH378117","19004041","19004369","46","143175525"
"chr3","162280000","162280308","JH378185","2194096","2194401","56","160085904"
"chr3","162303916","162304201","JH378136","18286667","18286951","48","144017249"
"chr3","162316759","162317059","JH378133","4730868","4731166","43","157585891"
"chr3","162344042","162344343","JH378117","28850468","28850769","45","133493574"
"chr3","162396722","162397019","JH378106","69562637","69562935","37","92834085"
"chr3","162548264","162548552","JH378154","14273514","14273808","33","148274750"
"chr3","162606435","162606740","JH378145","15384652","15384950","53","147221783"
"chr3","162623635","162623931","JH378117","18613210","18613507","48","144010425"
"chr3","162644618","162644896","JH378122","7809799","7810085","43","154834819"
"chr3","162645560","162645854","JH378111","38162771","38163069","31","124482789"
"chr3","162737534","162737662","JH378129","5159513","5159637","19","157578021"
"chr3","162896187","162896481","JH378134","11412220","11412508","43","151483967"
"chr3","162924145","162924412","JH378115","7008017","7008270","49","155916128"
"chr3","163043879","163044188","JH378135","3487580","3487886","46","159556299"
"chr3","163112066","163112336","JH378149","13389381","13389643","44","149722685"
"chr3","163134514","163134815","JH378119","13478581","13478885","49","149655933"
"chr3","163141125","163141405","JH378106","25520842","25521121","45","137620283"
"chr3","163141472","163141503","JH378113","38140728","38140753","11","125000744"
"chr3","163147696","163147994","JH378110","7881643","7881940","42","155266053"
"chr3","163169153","163169451","JH378146","4677820","4678116","38","158491333"
"chr3","163170808","163171124","JH378224","5823197","5823504","53","157347611"
"chr3","163228096","163228403","JH378114","31003149","31003455","43","132224947"
"chr3","163232451","163232742","JH378172","9343322","9343615","44","153889129"
"chr3","163234625","163234909","JH378122","7809799","7810085","29","155424826"
"chr3","163251456","163251759","JH378151","17066381","17066684","42","146185075"
"chr3","163254282","163254567","JH378119","25579200","25579487","40","137675082"
"chr3","163255804","163256105","JH378117","18086509","18086800","47","145169295"
"chr3","163259979","163260281","JH378114","32943022","32943318","51","130316957"
"chr3","163270865","163271181","JH378117","18073068","18073383","48","145197797"
"chr3","163294828","163295120","JH378135","15931802","15932093","40","147363026"
"chr3","163341075","163341320","JH378135","13351980","13352222","38","149989095"
"chr3","163435301","163435583","JH378117","17922783","17923067","46","145512518"
"chr3","163455183","163455485","JH378151","6150117","6150421","43","157305066"
"chr3","163500236","163500517","JH378167","11533487","11533764","41","151966749"
"chr3","163587445","163587774","JH378122","4736465","4736776","57","158850980"
"chr3","163637096","163637397","JH378173","6575149","6575450","40","157061947"
"chr3","163674394","163674703","JH378215","5417183","5417489","39","158257211"
"chr3","163686788","163687085","JH378148","3100313","3100608","36","160586475"
"chr3","163763616","163763896","JH378139","1465575","1465851","48","162298041"
"chr3","163764368","163764655","JH378153","6890101","6890384","38","156874267"
"chr3","163805311","163805620","JH378105","12770941","12771250","37","151034370"
"chr3","163854939","163855200","JH378117","17541765","17542039","43","146313174"
"chr3","163856207","163856518","JH378111","40869835","40870146","45","122986372"
"chr3","163860542","163860809","JH378290","825761","826024","50","163034781"
"chr3","163921449","163921731","JH378169","5420985","5421269","43","158500464"
"chr3","163963367","163963688","JH378186","5902593","5902905","66","158060774"
"chr3","164089449","164089760","JH378195","8547789","8548098","48","155541660"
"chr3","164197747","164198044","JH378135","4763600","4763897","39","159434147"
"chr3","164239476","164239757","JH378105","50034667","50034949","39","114204809"
"chr3","164324948","164325112","JH378114","30214257","30214421","27","134110691"
"chr3","164331303","164331606","JH378110","2590007","2590314","41","161741296"
"chr3","164348891","164349183","JH378116","37034800","37035086","47","127314091"
"chr3","164419947","164420219","JH378106","49070076","49070340","48","115349871"
"chr3","164430971","164431259","JH378135","14597687","14597982","47","149833284"
"chr3","164689933","164690129","JH378135","5297078","5297274","26","159392855"
"chr3","164709590","164709896","JH378262","1270213","1270521","42","163439377"
"chr3","164756858","164757140","JH378131","815415","815693","53","163941443"
"chr3","164798559","164798865","JH378216","1523442","1523753","46","163275117"
"chr3","164852633","164852941","JH378112","21361007","21361304","59","143491626"
"chr3","164857914","164858206","JH378115","15001483","15001774","35","149856431"
"chr3","164863597","164863886","JH378238","5034133","5034426","43","159829464"
"chr3","164871643","164871953","JH378224","2515142","2515446","39","162356501"
"chr3","164889068","164889358","JH378106","14024896","14025185","43","150864172"
"chr3","164980474","164980783","JH378117","16451352","16451653","43","148529122"
"chr3","164981784","164981898","JH378206","79719","79830","29","164902065"
"chr3","164982159","164982351","JH378107","49996803","49996978","50","114985356"
"chr3","165005314","165005602","JH378135","2083499","2083789","35","162921815"
"chr3","165085630","165085937","JH378204","3945411","3945718","44","161140219"
"chr3","165086050","165086363","JH378151","2876124","2876434","44","162209926"
"chr3","165121094","165121293","JH378281","574189","574387","26","164546905"
"chr3","165121679","165121933","JH378122","3727754","3728006","38","161393925"
"chr3","165122147","165122420","JH378105","51307124","51307397","46","113815023"
"chr3","165126652","165126949","JH378133","9743043","9743332","46","155383609"
"chr3","165128409","165128705","JH378242","734891","735189","34","164393518"
"chr3","165138441","165138714","JH378167","12000001","12000282","52","153138440"
"chr3","165140166","165140474","JH378164","1985629","1985927","50","163154537"
"chr3","165142004","165142281","JH378105","13803619","13803899","38","151338385"
"chr3","165168591","165168894","JH378107","32724688","32724991","39","132443903"
"chr3","165171797","165172045","JH378151","14838074","14838328","47","150333723"
"chr3","165190294","165190543","JH378277","3145345","3145588","36","162044949"
"chr3","165227350","165227660","JH378112","33452684","33452993","39","131774666"
"chr3","165247776","165248090","JH378157","5791033","5791327","51","159456743"
"chr3","165286272","165286567","JH378291","915200","915491","37","164371072"
"chr3","165288654","165288954","JH378149","422089","422391","58","164866565"
"chr3","165294020","165294311","JH378112","22188743","22189039","45","143105277"
"chr3","165303530","165303826","JH378151","9450568","9450862","40","155852962"
"chr3","165305337","165305625","JH378142","14013464","14013754","41","151291873"
"chr3","165314017","165314323","JH378173","1691460","1691768","37","163622557"
"chr3","165334659","165334946","JH378143","9153419","9153705","59","156181240"
"chr3","165334958","165335259","JH378111","15833029","15833328","59","149501929"
"chr3","165339467","165339760","JH378124","6001393","6001683","41","159338074"
"chr3","165340522","165340810","JH378111","43268192","43268483","38","122072330"
"chr3","165345173","165345447","JH378167","7961661","7961938","47","157383512"
"chr3","165360650","165360947","JH378144","12633878","12634181","40","152726772"
"chr3","165398512","165398820","JH378205","4278012","4278319","41","161120500"
"chr3","165420472","165420740","JH378114","20734954","20735221","38","144685518"
"chr3","165450347","165450617","JH378112","32952210","32952469","48","132498137"
"chr3","165497800","165497925","JH378173","4713106","4713234","11","160784694"
"chr3","165497962","165498100","JH378216","1313071","1313198","33","164184891"
"chr3","165512330","165512559","JH378181","9738694","9738930","54","155773636"
"chr3","165524561","165524857","JH378226","6485812","6486107","34","159038749"
"chr3","165548881","165549177","JH378204","7978351","7978644","38","157570530"
"chr3","165550778","165551089","JH378206","918187","918493","38","164632591"
"chr3","165567174","165567470","JH378189","4262802","4263099","43","161304372"
"chr3","165590966","165591260","JH378117","15703567","15703857","48","149887399"
"chr3","165598020","165598318","JH378117","15694572","15694865","34","149903448"
"chr3","165602674","165602965","JH378117","15689763","15690051","41","149912911"
"chr3","165615861","165616157","JH378255","3447746","3448043","41","162168115"
"chr3","165641942","165642222","JH378141","14454762","14455052","45","151187180"
"chr3","165649606","165649903","JH378216","4809975","4810272","34","160839631"
"chr3","165667236","165667502","JH378114","20734954","20735221","53","144932282"
"chr3","165669229","165669527","JH378123","9608291","9608584","40","156060938"
"chr3","165675844","165676143","JH378188","7232167","7232465","40","158443677"
"chr3","165754326","165754637","JH378127","14183587","14183892","43","151570739"
"chr3","165809906","165810206","JH378290","389647","389937","45","165420259"
"chr3","165819453","165819735","JH378246","164641","164925","49","165654812"
"chr3","165890908","165891040","JH378291","352455","352589","13","165538453"
"chr3","165940631","165940886","JH378173","10538496","10538753","44","155402135"
"chr3","166040592","166040898","JH378106","68377365","68377661","43","97663227"
"chr3","166048265","166048578","JH378106","69063427","69063728","41","96984838"
"chr3","166089936","166090222","JH378105","49677638","49677934","50","116412298"
"chr3","166105123","166105411","JH378107","53276825","53277112","33","112828298"
"chr3","166159303","166159493","JH378117","15118902","15119092","27","151040401"
"chr3","166174146","166174430","JH378117","15102781","15103080","46","151071365"
"chr3","166309140","166309425","JH378248","1662946","1663234","40","164646194"
"chr3","166313749","166314025","JH378111","6614313","6614591","39","159699436"
"chr3","166344172","166344476","JH378129","21695439","21695731","42","144648733"
"chr3","166348511","166348805","JH378140","16737561","16737856","51","149610950"
"chr3","166366596","166366915","JH378117","14959789","14960099","50","151406807"
"chr3","166367046","166367336","JH378146","4007250","4007546","52","162359796"
"chr3","166468494","166468802","JH378156","10837845","10838152","42","155630649"
"chr3","166518148","166518285","JH378131","16208116","16208252","24","150310032"
"chr3","166598684","166599004","JH378181","4383592","4383906","48","162215092"
"chr3","166609455","166609767","JH378192","5476857","5477164","52","161132598"
"chr3","166663743","166663873","JH378117","33995703","33995834","16","132668040"
"chr3","166677117","166677404","JH378108","31355017","31355311","47","135322100"
"chr3","166729271","166729568","JH378112","33033903","33034201","52","133695368"
"chr3","166859970","166860259","JH378127","1087443","1087725","45","165772527"
"chr3","167039262","167039537","JH378117","14370155","14370419","44","152669107"
"chr3","167111487","167111792","JH378160","12202742","12203045","40","154908745"
"chr3","167230658","167230954","JH378112","32590536","32590832","59","134640122"
"chr3","167320726","167321030","JH378115","39565442","39565741","53","127755284"
"chr3","167346620","167346916","JH378123","5667081","5667374","41","161679539"
"chr3","167389331","167389630","JH378124","6705568","6705866","43","160683763"
"chr3","167855128","167855441","JH378117","33050836","33051141","52","134804292"
"chr3","167867171","167867470","JH378157","6175235","6175536","51","161691936"
"chr3","167928532","167928821","JH378166","4933469","4933757","42","162995063"
"chr3","167974433","167974734","JH378141","14434556","14434857","43","153539877"
"chr3","168042516","168042826","JH378105","48278206","48278506","60","119764310"
"chr3","168121987","168122306","JH378140","16572055","16572366","69","151549932"
"chr3","168191609","168191907","JH378203","7090053","7090349","52","161101556"
"chr3","168490690","168491026","JH378124","20262853","20263188","81","148227837"
"chr3","168640073","168640363","JH378108","51058639","51058929","41","117581434"
"chr3","168650943","168651136","JH378131","22625070","22625270","37","146025873"
"chr3","168740540","168740850","JH378133","19850966","19851274","49","148889574"
"chr3","168780587","168780889","JH378242","734891","735189","42","168045696"
"chr3","168812052","168812353","JH378220","5749968","5750268","45","163062084"
"chr3","168843931","168844215","JH378122","8027809","8028087","46","160816122"
"chr3","168877213","168877518","JH378125","6369550","6369856","44","162507663"
"chr3","168891166","168891470","JH378111","16466372","16466671","59","152424794"
"chr3","168902386","168902679","JH378113","6236910","6237206","52","162665476"
"chr3","169110773","169111079","JH378152","13332030","13332334","41","155778743"
"chr3","169131655","169131935","JH378117","13367193","13367473","66","155764462"
"chr3","169142591","169142824","JH378244","3863245","3863476","33","165279346"
"chr3","169185327","169185632","JH378153","12888892","12889194","44","156296435"
"chr3","169387609","169387900","JH378192","5953596","5953883","43","163434013"
"chr3","169394408","169394712","JH378152","13332030","13332334","48","156062378"
"chr3","169457489","169457778","JH378173","3332078","3332356","50","166125411"
"chr3","169511971","169512242","JH378184","510637","510905","42","169001334"
"chr3","169556083","169556351","JH378135","16429609","16429870","44","153126474"
"chr3","169622167","169622482","JH378200","446957","447265","60","169175210"
"chr3","169677504","169677794","JH378228","5761274","5761558","42","163916230"
"chr3","169704175","169704472","JH378290","1449167","1449465","50","168255008"
"chr3","169861525","169861811","JH378152","14449530","14449815","40","155411995"
"chr3","169936735","169937015","JH378115","32109957","32110240","45","137826778"
"chr3","170164449","170164741","JH378109","48393426","48393723","41","121771023"
"chr3","170199449","170199669","JH378293","1320467","1320687","38","168878982"
"chr3","170229796","170230088","JH378117","12662390","12662688","41","157567406"
"chr3","170301314","170301615","JH378173","6575149","6575450","42","163726165"
"chr3","170313746","170314044","JH378153","13946678","13946963","52","156367068"
"chr3","170314185","170314477","JH378167","3568625","3568914","50","166745560"
"chr3","170378846","170379160","JH378140","5325520","5325814","62","165053326"
"chr3","170385014","170385311","JH378190","6946850","6947147","52","163438164"
"chr3","170408281","170408594","JH378115","14987072","14987385","57","155421209"
"chr3","170629874","170630166","JH378200","4317868","4318159","56","166312006"
"chr3","170640671","170640977","JH378152","16029844","16030148","46","154610827"
"chr3","170668457","170668758","JH378119","2681409","2681712","43","167987048"
"chr3","170680006","170680298","JH378153","7052266","7052556","60","163627740"
"chr3","170733409","170733702","JH378225","2679926","2680216","44","168053483"
"chr3","170817571","170817885","JH378117","12284852","12285145","49","158532719"
"chr3","170844526","170844810","JH378157","8485841","8486130","36","162358685"
"chr3","170844845","170844855","JH378185","5729091","5729102","3","165115754"
"chr3","170864233","170864523","JH378247","4426259","4426553","47","166437974"
"chr3","170880805","170881096","JH378110","31253343","31253618","56","139627462"
"chr3","170905504","170905787","JH378180","2674233","2674516","35","168231271"
"chr3","171186175","171186468","JH378216","1307384","1307680","59","169878791"
"chr3","171339802","171340033","JH378173","4991140","4991374","56","166348662"
"chr3","171370989","171371290","JH378138","6954654","6954950","49","164416335"
"chr3","171397750","171398054","JH378135","3218048","3218342","50","168179702"
"chr3","171496958","171497217","JH378143","6036848","6037103","55","165460110"
"chr3","171558646","171558949","JH378193","638846","639137","67","170919800"
"chr3","171612955","171613264","JH378118","12191132","12191443","50","159421823"
"chr3","171656786","171657085","JH378126","21776561","21776858","48","149880225"
"chr3","171672655","171672969","JH378179","1905556","1905868","61","169767099"
"chr3","171735801","171736104","JH378153","2201355","2201655","53","169534446"
"chr3","171747239","171747417","JH378225","5967297","5967474","36","165779942"
"chr3","171780921","171781185","JH378116","38015478","38015747","56","133765443"
"chr3","171835995","171836300","JH378105","45886739","45887040","54","125949256"
"chr3","171897099","171897404","JH378129","10512559","10512869","47","161384540"
"chr3","172110130","172110415","JH378111","1409266","1409558","65","170700864"
"chr3","172135846","172136139","AGCE01150830","1","296","57","172135845"
"chr3","172143573","172143883","JH378157","1154304","1154607","48","170989269"
"chr3","172209639","172209957","JH378123","13983908","13984216","52","158225731"
"chr3","172257469","172257527","JH378204","1869441","1869493","20","170388028"
"chr3","172406178","172406484","JH378148","7478775","7479080","48","164927403"
"chr3","172443707","172443994","JH378124","6001393","6001683","48","166442314"
"chr3","172447086","172447385","JH378123","5667081","5667374","38","166780005"
"chr3","172541904","172542164","JH378119","28870424","28870688","56","143671480"
"chr3","172607812","172608097","JH378105","50034667","50034949","47","122573145"
"chr3","172628065","172628206","JH378296","556970","557110","17","172071095"
"chr3","172628509","172628661","JH378157","12402064","12402214","31","160226445"
"chr3","172654136","172654408","JH378117","11003101","11003372","52","161651035"
"chr3","172688683","172688986","JH378152","12904963","12905265","46","159783720"
"chr3","172731985","172732290","JH378117","10944489","10944789","46","161787496"
"chr3","172736662","172736950","JH378189","4142684","4142973","37","168593978"
"chr3","172747439","172747738","JH378213","4603416","4603708","41","168144023"
"chr3","172834442","172834739","JH378124","16834558","16834852","47","155999884"
"chr3","172892241","172892549","JH378246","4313059","4313359","43","168579182"
"chr3","172955022","172955333","JH378149","422089","422391","48","172532933"
"chr3","172980173","172980482","JH378135","16449037","16449347","49","156531136"
"chr3","173040137","173040447","JH378224","3884832","3885140","51","169155305"
"chr3","173127079","173127322","JH378149","16347574","16347809","38","156779505"
"chr3","173181930","173182230","JH378177","3252166","3252454","60","169929764"
"chr3","173251960","173252263","JH378161","5723178","5723475","54","167528782"
"chr3","173422792","173423081","JH378112","32590536","32590832","45","140832256"
"chr3","173448444","173448738","JH378156","6136159","6136453","46","167312285"
"chr3","173524126","173524438","JH378117","10228631","10228945","41","163295495"
"chr3","173535746","173535829","JH378108","51675886","51675968","11","121859860"
"chr3","173604579","173604878","JH378203","6136292","6136592","35","167468287"
"chr3","173627527","173627854","JH378153","9926861","9927172","68","163700666"
"chr3","173655175","173655435","JH378117","10097162","10097427","36","163558013"
"chr3","173712338","173712617","JH378137","4142276","4142556","43","169570062"
"chr3","173907999","173908275","JH378153","10339749","10340031","46","163568250"
"chr3","174012468","174012753","JH378131","12906831","12907113","53","161105637"
"chr3","174066574","174066892","JH378107","12157527","12157838","83","161909047"
"chr3","174150032","174150327","JH378205","7517678","7517968","41","166632354"
"chr3","174152371","174152688","JH378157","11907979","11908290","49","162244392"
"chr3","174167567","174167863","JH378107","7481681","7481985","35","166685886"
"chr3","174171361","174171670","JH378255","1987046","1987357","44","172184315"
"chr3","174328878","174329187","JH378157","10039092","10039395","52","164289786"
"chr3","174363019","174363301","JH378159","4159555","4159844","55","170203464"
"chr3","174467351","174467658","JH378197","8660298","8660600","45","165807053"
"chr3","174482367","174482658","JH378124","6001393","6001683","41","168480974"
"chr3","174551167","174551453","JH378117","9244086","9244370","43","165307081"
"chr3","174557204","174557507","JH378117","9238285","9238599","49","165318919"
"chr3","174561666","174561951","JH378177","5640956","5641241","43","168920710"
"chr3","174630475","174630765","JH378181","6614824","6615107","46","168015651"
"chr3","174742579","174742893","JH378117","15749415","15749721","53","158993164"
"chr3","174808702","174808950","JH378122","11673001","11673236","55","163135701"
"chr3","174821355","174821652","JH378255","3447746","3448043","38","171373609"
"chr3","174877366","174877646","JH378222","6579371","6579652","47","168297995"
"chr3","174878191","174878499","JH378151","6339487","6339802","38","168538704"
"chr3","174891912","174892204","JH378122","7746315","7746609","41","167145597"
"chr3","174901407","174901689","JH378105","50034667","50034949","38","124866740"
"chr3","174905284","174905588","JH378117","8913699","8913996","44","165991585"
"chr3","174918579","174918875","JH378117","8904886","8905174","51","166013693"
"chr3","174923348","174923613","JH378148","2608523","2608785","47","172314825"
"chr3","174926133","174926425","JH378235","5966662","5966955","38","168959471"
"chr3","174938127","174938243","JH378199","2975853","2975969","15","171962274"
"chr3","174942246","174942561","JH378246","1705721","1706027","37","173236525"
"chr3","174944369","174944682","JH378252","4291425","4291721","50","170652944"
"chr3","174949865","174950162","JH378264","1105436","1105732","48","173844429"
"chr3","174956405","174956707","JH378148","13262362","13262662","36","161694043"
"chr3","174965659","174965928","JH378155","2506721","2506992","39","172458938"
"chr3","174984557","174984861","JH378236","14671","14976","44","174969886"
"chr3","174986279","174986569","JH378106","14024896","14025185","37","160961383"
"chr3","175053236","175053530","JH378125","15313063","15313352","36","159740173"
"chr3","175078097","175078402","JH378235","3957900","3958200","43","171120197"
"chr3","175094990","175095285","JH378166","4933469","4933757","38","170161521"
"chr3","175105566","175105868","JH378113","15232832","15233136","37","159872734"
"chr3","175106097","175106401","JH378197","5864211","5864512","47","169241886"
"chr3","175118508","175118804","JH378108","33103547","33103843","45","142014961"
"chr3","175129787","175130096","JH378118","10693452","10693756","32","164436335"
"chr3","175270790","175271103","JH378117","8693694","8694000","41","166577096"
"chr3","175274105","175274389","JH378105","50034667","50034949","37","125239438"
"chr3","175274663","175274973","JH378155","1653878","1654188","44","173620785"
"chr3","175292902","175293199","JH378135","10051376","10051674","46","165241526"
"chr3","175316234","175316525","JH378204","7978351","7978644","36","167337883"
"chr3","175339185","175339495","JH378279","2532931","2533234","35","172806254"
"chr3","175350004","175350305","JH378228","5368246","5368548","34","169981758"
"chr3","175350381","175350501","JH378108","52166363","52166483","9","123184018"
"chr3","175369226","175369527","JH378138","15284691","15284989","38","160084535"
"chr3","175370665","175370964","JH378143","6673988","6674287","41","168696677"
"chr3","175380963","175381249","JH378170","11497819","11498101","41","163883144"
"chr3","175391318","175391623","JH378116","9373534","9373824","57","166017784"
"chr3","175428911","175429221","JH378105","58654423","58654726","43","116774488"
"chr3","175435076","175435375","JH378145","10500061","10500358","42","164935015"
"chr3","175462660","175462952","JH378203","3480885","3481183","51","171981775"
"chr3","175464826","175465109","JH378117","8496648","8496929","38","166968178"
"chr3","175467019","175467322","JH378117","8494589","8494904","53","166972430"
"chr3","175470918","175471209","JH378123","9608291","9608584","46","165862627"
"chr3","175477987","175478286","JH378108","1990073","1990368","38","173487914"
"chr3","175484276","175484588","JH378158","4130633","4130943","35","171353643"
"chr3","175491227","175491496","JH378167","817622","817892","37","174673605"
"chr3","175492772","175493065","JH378156","4597363","4597648","50","170895409"
"chr3","175497718","175498054","JH378107","1418813","1419135","69","174078905"
"chr3","175499461","175499794","JH378117","8454961","8455257","69","167044500"
"chr3","175501983","175502298","JH378197","8660298","8660600","60","166841685"
"chr3","175507815","175508107","JH378117","8445567","8445857","31","167062248"
"chr3","175513656","175513952","JH378105","14432202","14432497","40","161081454"
"chr3","175514584","175514878","JH378221","5874009","5874305","46","169640575"
"chr3","175516448","175516523","JH378114","20891358","20891427","12","154625090"
"chr3","175519533","175519801","JH378315","357797","358060","45","175161736"
"chr3","175533578","175533873","JH378116","14428154","14428454","44","161105424"
"chr3","175554315","175554607","JH378106","45875730","45876025","53","129678585"
"chr3","175554880","175555008","JH378117","8408302","8408430","13","167146578"
"chr3","175555656","175555950","JH378120","3464324","3464618","37","172091332"
"chr3","175566860","175567143","JH378139","15567110","15567391","46","159999750"
"chr3","175575430","175575740","JH378106","2172328","2172633","44","173403102"
"chr3","175580225","175580525","JH378113","15232832","15233136","41","160347393"
"chr3","175580757","175581058","JH378137","14089045","14089336","58","161491712"
"chr3","175585146","175585445","JH378262","1936694","1936996","41","173648452"
"chr3","175602573","175602859","JH378153","10915110","10915388","47","164687463"
"chr3","175604909","175605215","JH378105","17620825","17621134","42","157984084"
"chr3","175607392","175607603","JH378198","1299151","1299362","28","174308241"
"chr3","175609268","175609567","JH378193","360764","361065","40","175248504"
"chr3","175609569","175609697","JH378110","39872232","39872359","18","135737337"
"chr3","175612818","175613113","JH378190","8002159","8002454","48","167610659"
"chr3","175658441","175658741","JH378203","334050","334353","47","175324391"
"chr3","175659841","175660152","JH378153","2560633","2560941","42","173099208"
"chr3","175670949","175671256","JH378114","36919861","36920164","55","138751088"
"chr3","175706722","175707008","JH378141","14454762","14455052","34","161251960"
"chr3","175759707","175760016","JH378128","7746589","7746895","40","168013118"
"chr3","175827220","175827511","JH378193","638846","639137","57","175188374"
"chr3","175827837","175828142","JH378173","9472851","9473151","41","166354986"
"chr3","175900553","175900840","JH378176","9399651","9399930","42","166500902"
"chr3","175956586","175956762","JH378195","7581830","7581986","38","168374756"
"chr3","175969326","175969623","JH378200","261439","261727","41","175707887"
"chr3","175994299","175994601","JH378151","16600236","16600530","44","159394063"
"chr3","176029973","176030265","JH378291","130444","130734","38","175899529"
"chr3","176057128","176057426","JH378190","6946850","6947147","39","169110278"
"chr3","176071347","176071638","JH378114","22526707","22527002","50","153544640"
"chr3","176072460","176072743","JH378105","50034667","50034949","42","126037793"
"chr3","176072770","176072785","JH378196","2334629","2334642","4","173738141"
"chr3","176076091","176076385","JH378106","6660208","6660505","42","169415883"
"chr3","176092494","176092790","JH378140","15256022","15256323","39","160836472"
"chr3","176123146","176123476","JH378170","4123808","4124137","67","171999338"
"chr3","176224363","176224410","JH378117","37679000","37679031","21","138545363"
"chr3","176492420","176492713","JH378123","9608291","9608584","35","166884129"
"chr3","176532208","176532503","JH378123","5667081","5667374","36","170865127"
"chr3","176558505","176558787","JH378109","13259523","13259801","49","163298982"
"chr3","176583472","176583780","JH378111","9912952","9913260","50","166670520"
"chr3","176616465","176616770","JH378127","1791547","1791857","45","174824918"
"chr3","176690589","176690899","JH378111","8498303","8498600","46","168192286"
"chr3","176691636","176691935","JH378188","7232167","7232465","48","169459469"
"chr3","176744776","176745081","JH378151","17066381","17066684","39","159678395"
"chr3","176854522","176854818","JH378199","281986","282282","34","176572536"
"chr3","176859474","176859772","JH378133","16639644","16639943","42","160219830"
"chr3","176875898","176876198","JH378108","30957686","30957982","47","145918212"
"chr3","176917816","176918124","JH378117","15749415","15749721","42","161168401"
"chr3","176989951","176990264","JH378288","2552639","2552947","46","174437312"
"chr3","176991176","176991484","JH378148","7478775","7479080","39","169512401"
"chr3","177008129","177008414","JH378204","3222855","3223147","41","173785274"
"chr3","177046833","177046978","JH378105","46725246","46725388","18","130321587"
"chr3","177061113","177061396","JH378114","21412978","21413266","43","155648135"
"chr3","177091209","177091487","JH378173","4795221","4795500","33","172295988"
"chr3","177110666","177110960","JH378201","2212384","2212681","42","174898282"
"chr3","177137010","177137311","JH378242","734891","735189","42","176402119"
"chr3","177142575","177142883","JH378115","34769363","34769654","49","142373212"
"chr3","177143520","177143811","JH378106","1173984","1174280","52","175969536"
"chr3","177178514","177178826","JH378167","5297205","5297514","44","171881309"
"chr3","177194103","177194383","JH378119","21820037","21820318","52","155374066"
"chr3","177208177","177208488","JH378166","9399391","9399699","40","167808786"
"chr3","177305994","177306272","JH378127","11760877","11761157","36","165545117"
"chr3","177336344","177336641","JH378117","6076538","6076831","46","171259806"
"chr3","177420166","177420472","JH378296","1248433","1248733","41","176171733"
"chr3","177421839","177422133","JH378167","11202084","11202374","40","166219755"
"chr3","177468460","177468764","JH378135","2445392","2445695","37","175023068"
"chr3","177515806","177516107","JH378148","3100313","3100608","42","174415493"
"chr3","177576976","177577109","JH378125","4589691","4589826","15","172987285"
"chr3","177580264","177580313","JH378149","6617786","6617827","16","170962478"
"chr3","177659251","177659543","JH378115","33936739","33937047","51","143722512"
"chr3","177663680","177663764","JH378137","14718439","14718521","13","162945241"
"chr3","177668728","177668938","JH378206","2238513","2238737","39","175430215"
"chr3","177671566","177671852","JH378153","14852501","14852786","44","162819065"
"chr3","177713067","177713367","JH378200","261439","261727","51","177451628"
"chr3","177714976","177715263","JH378105","50034667","50034949","47","127680309"
"chr3","177805800","177806108","JH378281","264240","264550","55","177541560"
"chr3","177816481","177816754","JH378111","34430097","34430373","35","143386384"
"chr3","177824905","177825039","JH378108","45182926","45183057","14","132641979"
"chr3","177825338","177825493","JH378135","21191782","21191938","38","156633556"
"chr3","177862646","177862943","JH378308","686068","686367","48","177176578"
"chr3","177872323","177872591","JH378131","12906831","12907113","48","164965492"
"chr3","177879193","177879499","JH378114","5834952","5835255","44","172044241"
"chr3","177883818","177884098","JH378211","2387838","2388117","37","175495980"
"chr3","177884126","177884143","JH378110","39932633","39932649","6","137951493"
"chr3","177931509","177931798","JH378246","3722473","3722758","41","174209036"
"chr3","177954644","177954953","JH378110","11338627","11338925","47","166616017"
"chr3","177961122","177961417","JH378140","14147137","14147431","55","163813985"
"chr3","177962550","177962840","JH378153","14175225","14175527","39","163787325"
"chr3","177976169","177976450","JH378262","2865413","2865697","64","175110756"
"chr3","177983599","177983865","JH378140","2681749","2682019","53","175301850"
"chr3","177993590","177993876","JH378255","1058410","1058705","42","176935180"
"chr3","178019469","178019736","JH378117","33637944","33638214","45","144381525"
"chr3","178026663","178026958","JH378291","915200","915491","57","177111463"
"chr3","178109416","178109741","JH378116","36267689","36268001","55","141841727"
"chr3","178126244","178126510","JH378206","3018138","3018410","50","175108106"
"chr3","178133009","178133269","JH378217","2625303","2625565","35","175507706"
"chr3","178151377","178151677","JH378137","14128205","14128508","44","164023172"
"chr3","178223109","178223390","JH378239","5203122","5203400","42","173019987"
"chr3","178245997","178246131","JH378106","1342311","1342445","19","176903686"
"chr3","178263926","178264224","JH378200","3517226","3517526","41","174746700"
"chr3","178334069","178334368","JH378109","7844196","7844491","43","170489873"
"chr3","178421369","178421484","JH378118","11047075","11047190","11","167374294"
"chr3","178687624","178687943","JH378141","12477594","12477895","51","166210030"
"chr3","178733901","178734205","JH378122","29745550","29745857","44","148988351"
"chr3","178834357","178834621","JH378135","16429609","16429870","43","162404748"
"chr3","178857456","178857756","JH378220","5749968","5750268","36","173107488"
"chr3","178874310","178874625","JH378108","50609420","50609729","41","128264890"
"chr3","178988610","178988892","JH378128","13548388","13548666","46","165440222"
"chr3","179008283","179008563","JH378153","13377048","13377335","61","165631235"
"chr3","179076823","179077123","JH378115","26968615","26968913","44","152108208"
"chr3","179132344","179132644","JH378148","2797982","2798286","44","176334362"
"chr3","179156517","179156816","JH378290","1449167","1449465","35","177707350"
"chr3","179172563","179172859","JH378177","4835569","4835864","36","174336994"
"chr3","179182554","179182846","JH378116","37943257","37943547","50","141239297"
"chr3","179189509","179189814","JH378135","18320328","18320630","43","160869181"
"chr3","179462856","179463163","JH378186","5838317","5838619","48","173624539"
"chr3","179565959","179566244","JH378105","50034667","50034949","42","129531292"
"chr3","179572237","179572533","JH378116","27346910","27347202","45","152225327"
"chr3","179578681","179578935","JH378318","295683","295949","46","179282998"
"chr3","179582661","179582955","JH378188","7644732","7645025","39","171937929"
"chr3","179643536","179643812","JH378125","8929060","8929343","40","170714476"
"chr3","179749359","179749633","JH378105","5769531","5769800","52","173979828"
"chr3","179754705","179755013","JH378155","5966626","5966931","47","173788079"
"chr3","179810649","179810944","JH378114","41522840","41523134","39","138287809"
"chr3","179853403","179853636","JH378250","2281205","2281439","37","177572198"
"chr3","179871149","179871451","JH378111","38162771","38163069","47","141708378"
"chr3","180020461","180020749","JH378144","9395777","9396065","40","170624684"
"chr3","180022018","180022331","JH378245","2668982","2669292","56","177353036"
"chr3","180306919","180307230","JH378157","10160989","10161299","52","170145930"
"chr3","180494946","180495237","JH378113","28550580","28550870","47","151944366"
"chr3","180546088","180546385","JH378114","23078690","23078986","47","157467398"
"chr3","180578965","180579267","JH378242","734891","735189","45","179844074"
"chr3","180607123","180607424","JH378122","7400305","7400610","42","173206818"
"chr3","180678025","180678299","JH378117","36078925","36079198","46","144599100"
"chr3","180773423","180773716","JH378196","6910302","6910603","52","173863121"
"chr3","180799687","180799998","JH378158","4130633","4130943","45","176669054"
"chr3","180847167","180847464","JH378152","13742000","13742297","47","167105167"
"chr3","180999214","180999515","JH378140","5850602","5850898","48","175148612"
"chr3","181047273","181047560","JH378246","3647232","3647503","52","177400041"
"chr3","181326691","181326962","JH378153","15385976","15386254","46","165940715"
"chr3","181466768","181467076","JH378115","33936739","33937047","50","147530029"
"chr3","181471651","181471931","JH378235","4632077","4632354","59","176839574"
"chr3","181481493","181481778","JH378153","4338756","4339040","43","177142737"
"chr3","181880601","181880937","JH378111","10957614","10957938","66","170922987"
"chr3","182017018","182017327","JH378242","2795079","2795370","59","179221939"
"chr3","182026127","182026442","JH378127","10642531","10642840","67","171383596"
"chr3","182126073","182126366","JH378167","11202084","11202374","41","170923989"
"chr3","182177955","182178262","JH378112","30721676","30721989","39","151456279"
"chr3","182211540","182211838","JH378125","4180575","4180870","43","178030965"
"chr3","182213297","182213419","JH378245","2612233","2612355","27","179601064"
"chr3","182215943","182216245","JH378128","11625540","11625842","35","170590403"
"chr3","182230515","182230804","JH378255","1087898","1088191","40","181142617"
"chr3","182240876","182241152","JH378129","2871668","2871943","42","179369208"
"chr3","182257888","182258181","JH378119","11311026","11311320","43","170946862"
"chr3","182302756","182303051","JH378185","974271","974564","39","181328485"
"chr3","182325755","182326043","JH378153","14704937","14705234","43","167620818"
"chr3","182330705","182330997","JH378190","1394904","1395199","44","180935801"
"chr3","182334145","182334432","JH378127","1087443","1087725","46","181246702"
"chr3","182341582","182341914","JH378117","37573483","37573804","57","144768099"
"chr3","182358991","182359294","JH378200","1627539","1627840","43","180731452"
"chr3","182362477","182362763","JH378249","721031","721325","43","181641446"
"chr3","182364575","182364844","JH378149","11844812","11845081","45","170519763"
"chr3","182383885","182384129","JH378139","13387568","13387813","51","168996317"
"chr3","182414876","182415153","JH378148","3014357","3014636","47","179400519"
"chr3","182418984","182419278","JH378110","35790499","35790794","53","146628485"
"chr3","182423208","182423511","JH378122","5272066","5272363","49","177151142"
"chr3","182468812","182469117","JH378148","16955481","16955786","43","165513331"
"chr3","182473997","182474298","JH378152","13742000","13742297","39","168731997"
"chr3","182475656","182475824","JH378124","26492984","26493153","23","155982672"
"chr3","182485824","182486131","JH378141","15242660","15242959","46","167243164"
"chr3","182490330","182490586","JH378126","4335924","4336170","53","178154406"
"chr3","182493185","182493466","JH378105","50034667","50034949","36","132458518"
"chr3","182493835","182494132","JH378242","734891","735189","42","181758944"
"chr3","182515674","182515966","JH378110","29563136","29563434","42","152952538"
"chr3","182556254","182556562","JH378111","9912952","9913260","46","172643302"
"chr3","182558769","182559083","JH378167","3626557","3626863","49","178932212"
"chr3","182566844","182567130","JH378153","11011004","11011290","45","171555840"
"chr3","182585140","182585439","JH378116","25790477","25790774","40","156794663"
"chr3","182594952","182595271","JH378171","5901188","5901476","58","176693764"
"chr3","182607221","182607418","JH378241","93325","93520","29","182513896"
"chr3","182608512","182608812","JH378135","10580024","10580316","41","172028488"
"chr3","182610167","182610471","JH378105","24093268","24093571","41","158516899"
"chr3","182661406","182661708","JH378105","65395855","65396137","54","117265551"
"chr3","182702644","182702950","JH378235","780026","780329","43","181922618"
"chr3","182717318","182717637","JH378150","2634839","2635156","43","180082479"
"chr3","182725558","182725853","JH378153","14658508","14658797","42","168067050"
"chr3","182788962","182789259","JH378106","69063427","69063728","51","113725535"
"chr3","182828654","182828931","JH378153","2014992","2015267","57","180813662"
"chr3","182938651","182938959","JH378110","32866257","32866559","47","150072394"
"chr3","182964596","182964877","JH378124","27148847","27149130","45","155815749"
"chr3","183044723","183045017","JH378143","3250074","3250369","39","179794649"
"chr3","183054937","183055222","JH378153","14852501","14852786","46","168202436"
"chr3","183102164","183102461","JH378111","8498303","8498600","49","174603861"
"chr3","183106495","183106778","JH378122","7809799","7810085","37","175296696"
"chr3","183110116","183110413","JH378106","5174681","5174974","45","177935435"
"chr3","183150626","183150963","JH378193","4108289","4108627","60","179042337"
"chr3","183334833","183335149","JH378122","4736465","4736776","51","178598368"
"chr3","183374269","183374557","JH378106","61689646","61689937","51","121684623"
"chr3","183405376","183405678","JH378120","3464324","3464618","56","179941052"
"chr3","183424717","183424997","JH378137","14089045","14089336","43","169335672"
"chr3","183533758","183534057","JH378111","10798818","10799104","72","172734940"
"chr3","183739074","183739189","JH378252","2621197","2621314","12","181117877"
"chr3","183777738","183778039","JH378110","21383801","21384099","56","162393937"
"chr3","183823849","183824140","JH378125","9411550","9411835","42","174412299"
"chr3","183914929","183915229","JH378148","17182607","17182910","60","166732322"
"chr3","183940441","183940733","JH378122","22447926","22448218","39","161492515"
"chr3","183960989","183961280","JH378124","16834558","16834852","43","167126431"
"chr3","184152517","184152790","JH378110","40230031","40230313","51","143922486"
"chr3","184311355","184311654","JH378173","6575149","6575450","46","177736206"
"chr3","184323515","184323826","JH378112","20213806","20214117","50","164109709"
"chr3","184336021","184336319","JH378197","4306456","4306760","58","180029565"
"chr3","184369203","184369488","JH378177","5640956","5641241","38","178728247"
"chr3","184395121","184395429","JH378148","3136149","3136452","43","181258972"
"chr3","184474074","184474361","JH378144","13429319","13429607","36","171044755"
"chr3","184479501","184479799","JH378125","16015186","16015478","44","168464315"
"chr3","184482085","184482347","JH378141","12693030","12693305","46","171789055"
"chr3","184501189","184501486","JH378145","10500061","10500358","46","174001128"
"chr3","184509775","184510080","JH378173","10651343","10651645","40","173858432"
"chr3","184521605","184521918","JH378129","10477083","10477384","52","174044522"
"chr3","184524257","184524557","JH378246","1887976","1888270","43","182636281"
"chr3","184555254","184555498","JH378108","36722089","36722338","39","147833165"
"chr3","184557531","184557748","JH378167","11084417","11084635","29","173473114"
"chr3","184567116","184567259","JH378184","6851922","6852045","45","177715194"
"chr3","184577954","184578241","JH378113","28550580","28550870","51","156027374"
"chr3","184591216","184591508","JH378127","5317720","5318008","45","179273496"
"chr3","184591629","184591736","JH378105","59477689","59477795","11","125113940"
"chr3","184604337","184604636","JH378235","3957900","3958200","40","180646437"
"chr3","184611728","184612028","JH378117","20112802","20113097","44","164498926"
"chr3","184622145","184622437","JH378157","2480352","2480640","61","182141793"
"chr3","184624878","184625181","JH378112","32590536","32590832","51","152034342"
"chr3","184635957","184636248","JH378141","16086975","16087268","43","168548982"
"chr3","184666747","184667037","JH378125","9411550","9411835","42","175255197"
"chr3","184669814","184670048","JH378165","986020","986257","35","183683794"
"chr3","184690707","184691006","JH378262","1936694","1936996","33","182754013"
"chr3","184737658","184737953","JH378117","24418072","24418369","43","160319586"
"chr3","184756907","184757222","JH378245","2668982","2669292","53","182087925"
"chr3","184762109","184762380","JH378125","1090422","1090685","31","183671687"
"chr3","184782167","184782466","JH378272","1210458","1210755","42","183571709"
"chr3","184794404","184794706","JH378208","4279232","4279534","45","180515172"
"chr3","184800722","184800977","JH378159","1676346","1676591","49","183124376"
"chr3","184801009","184801029","JH378113","38140728","38140753","6","146660281"
"chr3","184802416","184802715","JH378113","15232832","15233136","41","169569584"
"chr3","184802928","184803231","JH378188","7232167","7232465","42","177570761"
"chr3","184808344","184808641","JH378221","1412350","1412648","38","183395994"
"chr3","184831411","184831718","JH378149","17075543","17075846","53","167755868"
"chr3","184839805","184840087","JH378213","4422853","4423134","43","180416952"
"chr3","184841086","184841375","JH378135","20298147","20298439","40","164542939"
"chr3","184841695","184841985","JH378122","7809799","7810085","34","177031896"
"chr3","184845178","184845367","JH378125","6583282","6583470","29","178261896"
"chr3","184847953","184848252","JH378116","14428154","14428454","41","170419799"
"chr3","184867186","184867444","JH378124","3774140","3774399","37","181093046"
"chr3","184878549","184878830","JH378189","719706","719987","40","184158843"
"chr3","184893441","184893727","JH378182","136111","136392","53","184757330"
"chr3","184988985","184989277","JH378111","43268192","43268483","39","141720793"
"chr3","185001146","185001455","JH378114","19810892","19811201","37","165190254"
"chr3","185012353","185012661","JH378149","422089","422391","52","184590264"
"chr3","185069545","185069838","JH378185","6039029","6039324","39","179030516"
"chr3","185117939","185118228","JH378116","29523631","29523920","37","155594308"
"chr3","185120665","185120975","JH378262","1270213","1270521","43","183850452"
"chr3","185191747","185192055","JH378135","15912652","15912957","43","169279095"
"chr3","185214220","185214499","JH378255","942081","942367","42","184272139"
"chr3","185215012","185215147","JH378305","1383165","1383300","14","183831847"
"chr3","185230253","185230366","JH378206","1255077","1255189","12","183975176"
"chr3","185233619","185233912","JH378125","1541265","1541558","44","183692354"
"chr3","185320068","185320350","JH378125","1613015","1613294","42","183707053"
"chr3","185345977","185346288","JH378107","49513151","49513461","45","135832826"
"chr3","185387753","185388052","JH378125","1664740","1665035","36","183723013"
"chr3","185476767","185477010","JH378245","2250750","2250999","39","183226017"
"chr3","185491350","185491652","JH378131","1383377","1383686","35","184107973"
"chr3","185557572","185557877","JH378113","15232832","15233136","44","170324740"
"chr3","185691926","185692229","JH378151","4578678","4578981","40","181113248"
"chr3","185701564","185701864","JH378279","2532931","2533234","44","183168633"
"chr3","185871251","185871553","JH378125","2106580","2106882","28","183764671"
"chr3","185886661","185886963","JH378132","881504","881801","51","185005157"
"chr3","185930170","185930468","JH378125","2156741","2157036","46","183773429"
"chr3","185951748","185952032","JH378203","919532","919816","33","185032216"
"chr3","185990579","185990869","JH378116","25790477","25790774","43","160200102"
"chr3","186021943","186022217","JH378198","4413303","4413578","48","181608640"
"chr3","186023707","186024002","JH378224","2110609","2110901","41","183913098"
"chr3","186056599","186056871","JH378115","34339575","34339848","34","151717024"
"chr3","186062122","186062415","JH378125","2289088","2289385","41","183773034"
"chr3","186086495","186086771","JH378114","19860438","19860722","54","166226057"
"chr3","186093848","186094139","JH378135","19485204","19485499","38","166608644"
"chr3","186096533","186096668","JH378125","4589691","4589826","21","181506842"
"chr3","186123306","186123603","JH378199","281986","282282","38","185841320"
"chr3","186126176","186126475","JH378242","734891","735189","40","185391285"
"chr3","186167072","186167358","JH378105","56867121","56867407","50","129299951"
"chr3","186193674","186193969","JH378199","7196909","7197202","41","178996765"
"chr3","186269304","186269606","JH378117","37445869","37446169","44","148823435"
"chr3","186407092","186407395","JH378170","6231694","6231996","45","180175398"
"chr3","186413866","186414003","JH378105","56601369","56601491","35","129812497"
"chr3","186478672","186478966","JH378221","5809724","5810019","37","180668948"
"chr3","186546393","186546691","JH378108","31777654","31777950","43","154768739"
"chr3","186608664","186608962","JH378260","578627","578919","50","186030037"
"chr3","186629251","186629533","JH378124","10768213","10768498","40","175861038"
"chr3","186705738","186706041","JH378154","1240247","1240555","42","185465491"
"chr3","186717823","186718131","JH378158","5787707","5788016","49","180930116"
"chr3","186845125","186845415","JH378123","9608291","9608584","37","177236834"
"chr3","186857668","186857920","JH378165","2768423","2768681","38","184089245"
"chr3","186883633","186883921","JH378167","7961661","7961938","53","178921972"
"chr3","186947434","186947734","JH378262","1936694","1936996","37","185010740"
"chr3","187005921","187006226","JH378109","40710999","40711306","52","146294922"
"chr3","187009710","187010010","JH378151","4578678","4578981","39","182431032"
"chr3","187021913","187022211","JH378152","16504601","16504897","42","170517312"
"chr3","187023583","187023877","JH378316","391481","391778","45","186632102"
"chr3","187027311","187027616","JH378193","2291860","2292169","43","184735451"
"chr3","187041761","187042045","JH378124","10768213","10768498","40","176273548"
"chr3","187045757","187046026","JH378114","900779","901049","60","186144978"
"chr3","187059889","187060182","JH378173","4317644","4317951","55","182742245"
"chr3","187062733","187062849","JH378112","14913112","14913229","19","172149621"
"chr3","187092254","187092540","JH378125","3284524","3284812","38","183807730"
"chr3","187113170","187113450","JH378139","17086414","17086694","44","170026756"
"chr3","187120414","187120710","JH378197","8546632","8546928","33","178573782"
"chr3","187136241","187136545","JH378153","2201355","2201655","45","184934886"
"chr3","187157436","187157745","JH378148","16955481","16955786","51","170201955"
"chr3","187182557","187182885","JH378184","6061475","6061796","48","181121082"
"chr3","187243411","187243705","JH378229","1413154","1413445","46","185830257"
"chr3","187254748","187255061","JH378159","3867405","3867714","49","183387343"
"chr3","187414469","187414752","JH378122","7809799","7810085","40","179604670"
"chr3","187455706","187455970","JH378111","40005045","40005301","44","147450661"
"chr3","187552340","187552641","JH378127","22815027","22815328","45","164737313"
"chr3","187664162","187664352","JH378125","6583282","6583470","31","181080880"
"chr3","187698341","187698654","JH378116","36267689","36268001","55","151430652"
"chr3","187804430","187804741","JH378195","7231868","7232178","50","180572562"
"chr3","187828029","187828319","JH378204","3222855","3223147","45","184605174"
"chr3","187838888","187839187","JH378213","4603416","4603708","40","183235472"
"chr3","187854012","187854309","JH378126","22989289","22989590","53","164864723"
"chr3","187891085","187891392","JH378149","5129577","5129882","43","182761508"
"chr3","187909654","187909944","JH378227","4237819","4238105","44","183671835"
"chr3","187909945","187910225","JH378124","10551217","10551495","47","177358728"
"chr3","187934524","187934820","JH378130","1568570","1568862","46","186365954"
"chr3","187957590","187957883","JH378117","25629277","25629570","50","162328313"
"chr3","187962072","187962380","JH378242","734891","735189","41","187227181"
"chr3","187966331","187966666","JH378255","2480546","2480842","82","185485785"
"chr3","187989569","187989865","JH378109","50488521","50488817","51","137501048"
"chr3","188041863","188041887","JH378152","13518039","13518058","8","174523824"
"chr3","188041920","188042205","JH378141","3124880","3125156","44","184917040"
"chr3","188049351","188049635","JH378125","5364994","5365289","45","182684357"
"chr3","188053308","188053590","JH378225","83866","84152","48","187969442"
"chr3","188102544","188102678","JH378115","34893467","34893598","18","153209077"
"chr3","188102986","188103152","JH378255","2207089","2207249","52","185895897"
"chr3","188109973","188110261","JH378188","9186121","9186411","61","178923852"
"chr3","188157869","188158187","JH378173","1879976","1880292","63","186277893"
"chr3","188175990","188176255","JH378185","9869807","9870074","40","178306183"
"chr3","188185363","188185650","JH378119","33977786","33978071","49","154207577"
"chr3","188198522","188198824","JH378135","968964","969267","38","187229558"
"chr3","188216691","188216970","JH378135","5771308","5771589","43","182445383"
"chr3","188218323","188218577","JH378139","1363865","1364120","25","186854458"
"chr3","188236009","188236308","JH378148","3092528","3092826","36","185143481"
"chr3","188247600","188247899","JH378123","21695970","21696268","39","166551630"
"chr3","188308482","188308793","JH378116","37812207","37812513","46","150496275"
"chr3","188454869","188455179","JH378106","65370916","65371216","43","123083953"
"chr3","188471206","188471507","JH378148","2797982","2798286","37","185673224"
"chr3","188482085","188482181","JH378166","13947531","13947628","14","174534554"
"chr3","188525919","188526229","JH378126","24208172","24208475","53","164317747"
"chr3","188545257","188545569","JH378167","8687303","8687618","56","179857954"
"chr3","188575915","188576217","JH378141","16086975","16087268","47","172488940"
"chr3","188583178","188583432","JH378125","4731188","4731444","29","183851990"
"chr3","188586521","188586801","JH378128","11289647","11289922","36","177296874"
"chr3","188616725","188617013","JH378112","12605686","12605972","37","176011039"
"chr3","188624000","188624298","JH378105","14432202","14432497","39","174191798"
"chr3","188661640","188661939","JH378242","734891","735189","36","187926749"
"chr3","188687671","188687974","JH378235","3957900","3958200","43","184729771"
"chr3","188719247","188719569","JH378112","30721676","30721989","48","157997571"
"chr3","188731427","188731740","JH378183","316692","317005","44","188414735"
"chr3","188734154","188734400","JH378125","4853670","4853925","48","183880484"
"chr3","188762413","188762716","JH378153","14175225","14175527","44","174587188"
"chr3","188766041","188766210","JH378207","7330091","7330242","42","181435950"
"chr3","188769944","188770233","JH378171","5901188","5901476","43","182868756"
"chr3","188805617","188805916","JH378154","14273514","14273808","33","174532103"
"chr3","188824658","188824966","JH378135","21300881","21301186","42","167523777"
"chr3","188848764","188849058","JH378124","10805017","10805321","43","178043747"
"chr3","188861805","188862096","JH378281","1611614","1611897","46","187250191"
"chr3","188877078","188877208","JH378111","45885075","45885196","16","142992003"
"chr3","188877520","188877720","JH378145","12581077","12581279","38","176296443"
"chr3","188907789","188908085","JH378145","10500061","10500358","39","178407728"
"chr3","188910221","188910510","JH378136","14898747","14899023","43","174011474"
"chr3","188945179","188945471","JH378223","5762700","5762996","39","183182479"
"chr3","188948464","188948766","JH378114","43778369","43778670","48","145170095"
"chr3","188967948","188968245","JH378111","26034614","26034912","51","162933334"
"chr3","188971159","188971317","JH378267","358566","358737","39","188612593"
"chr3","188971618","188971756","JH378137","17349068","17349204","19","171622550"
"chr3","188975666","188975970","JH378121","15834452","15834753","38","173141214"
"chr3","188994597","188994896","JH378151","7107312","7107607","54","181887285"
"chr3","189000049","189000345","JH378190","1394904","1395199","39","187605145"
"chr3","189011435","189011731","JH378142","2765405","2765702","37","186246030"
"chr3","189034200","189034491","JH378115","28716128","28716418","35","160318072"
"chr3","189042487","189042777","JH378269","2765021","2765311","38","186277466"
"chr3","189056246","189056538","JH378118","10693452","10693756","52","178362794"
"chr3","189080959","189081245","JH378136","15004718","15005006","41","174076241"
"chr3","189092438","189092685","JH378224","6547157","6547385","73","182545281"
"chr3","189096366","189096674","JH378123","6687298","6687609","49","182409068"
"chr3","189100244","189100502","JH378152","14595422","14595681","41","174504822"
"chr3","189103832","189104127","JH378116","28282701","28282994","38","160821131"
"chr3","189105003","189105298","JH378158","4146260","4146554","36","184958743"
"chr3","189169699","189169983","JH378125","6538044","6538329","34","182631655"
"chr3","189172007","189172307","JH378125","5258878","5259168","48","183913129"
"chr3","189174224","189174511","JH378300","334787","335075","39","188839437"
"chr3","189176914","189177206","JH378108","20497499","20497784","38","168679415"
"chr3","189179321","189179615","JH378111","8498303","8498600","30","180681018"
"chr3","189205760","189206054","JH378106","69063427","69063728","40","120142333"
"chr3","189221924","189222166","JH378225","1669956","1670188","37","187551968"
"chr3","189225297","189225602","JH378157","12870367","12870663","46","176354930"
"chr3","189234631","189234909","JH378105","4721746","4722025","41","184512885"
"chr3","189246844","189247122","JH378110","34952260","34952536","63","154294584"
"chr3","189247559","189247875","JH378191","9135374","9135683","44","180112185"
"chr3","189274355","189274658","JH378141","15242660","15242959","37","174031695"
"chr3","189289558","189289869","JH378156","10837845","10838152","40","178451713"
"chr3","189290464","189290762","JH378115","3759162","3759459","32","185531302"
"chr3","189291413","189291729","JH378131","18081632","18081941","48","171209781"
"chr3","189292310","189292607","JH378121","9612204","9612501","36","179680106"
"chr3","189302775","189303051","JH378216","875271","875555","43","188427504"
"chr3","189626033","189626266","JH378225","1669956","1670188","38","187956077"
"chr3","189633809","189634139","JH378158","8078840","8079156","77","181554969"
"chr3","189638635","189638761","JH378160","12853001","12853131","23","176785634"
"chr3","189643684","189643984","JH378108","31529799","31530108","46","158113885"
"chr3","189648130","189648428","JH378106","69562637","69562935","38","120085493"
"chr3","189656343","189656651","JH378129","2351181","2351488","35","187305162"
"chr3","189667763","189667903","JH378216","2528735","2528870","24","187139028"
"chr3","189668767","189669059","JH378194","564549","564837","35","189104218"
"chr3","189677391","189677611","JH378121","28725056","28725276","29","160952335"
"chr3","189677887","189678193","JH378148","3100313","3100608","52","186577574"
"chr3","189725248","189725529","JH378141","13306055","13306336","49","176419193"
"chr3","189729865","189730159","JH378105","14432202","14432497","44","175297663"
"chr3","189734365","189734646","JH378111","25544585","25544870","37","164189780"
"chr3","189736227","189736535","JH378122","7400305","7400610","46","182335922"
"chr3","189768465","189768750","JH378149","1955740","1956029","40","187812725"
"chr3","189774249","189774428","JH378137","19323143","19323313","33","170451106"
"chr3","189785001","189785283","JH378184","704247","704530","56","189080754"
"chr3","189789890","189790193","JH378262","1936694","1936996","37","187853196"
"chr3","189796884","189797177","JH378247","2823905","2824198","41","186972979"
"chr3","189798088","189798201","JH378154","13834543","13834657","16","175963545"
"chr3","189810822","189811109","JH378115","16549844","16550133","38","173260978"
"chr3","189813507","189813775","JH378110","7925750","7926017","35","181887757"
"chr3","189824147","189824445","JH378125","5568894","5569198","46","184255253"
"chr3","189837451","189837573","JH378108","52166363","52166483","14","137671088"
"chr3","189837574","189837885","JH378288","2437251","2437554","45","187400323"
"chr3","189837886","189838073","JH378226","6467331","6467516","35","183370555"
"chr3","189843409","189843701","JH378204","4012532","4012811","41","185830877"
"chr3","189883640","189883928","JH378123","5667081","5667374","38","184216559"
"chr3","189912156","189912467","JH378148","2797982","2798286","40","187114174"
"chr3","189915005","189915294","JH378122","22447926","22448218","36","167467079"
"chr3","189920699","189921005","JH378116","22378952","22379256","42","167541747"
"chr3","189922864","189923173","JH378148","2797982","2798286","41","187124882"
"chr3","189926119","189926417","JH378120","26327132","26327430","40","163598987"
"chr3","189936257","189936553","JH378242","734891","735189","40","189201366"
"chr3","189956009","189956303","JH378204","7978351","7978644","45","181977658"
"chr3","189986148","189986447","JH378154","13822701","13823000","42","176163447"
"chr3","190002876","190003124","JH378122","29519271","29519529","42","160483605"
"chr3","190006354","190006655","JH378203","4058222","4058515","47","185948132"
"chr3","190006685","190006974","JH378153","14632399","14632691","54","175374286"
"chr3","190009976","190010278","JH378123","29792372","29792668","57","160217604"
"chr3","190059716","190060022","JH378118","20140583","20140886","43","169919133"
"chr3","190093504","190093808","JH378119","28916807","28917110","40","161176697"
"chr3","190112100","190112231","JH378125","5823769","5823902","13","184288331"
"chr3","190165113","190165403","JH378157","8193396","8193683","45","181971717"
"chr3","190167292","190167589","JH378131","16707957","16708257","48","173459335"
"chr3","190187631","190187954","JH378107","30950994","30951307","52","159236637"
"chr3","190214510","190214791","JH378150","243318","243602","39","189971192"
"chr3","190252599","190252883","JH378124","5490003","5490289","39","184762596"
"chr3","190263395","190263689","JH378204","3222855","3223147","38","187040540"
"chr3","190289925","190290231","JH378158","4130633","4130943","38","186159292"
"chr3","190299607","190299904","JH378308","686068","686367","37","189613539"
"chr3","190304759","190305057","JH378114","41522840","41523134","37","148781919"
"chr3","190305356","190305683","JH378247","561987","562291","63","189743369"
"chr3","190320536","190320823","JH378105","36677350","36677644","47","153643186"
"chr3","190335997","190336288","JH378123","10858326","10858620","55","179477671"
"chr3","190343371","190343661","JH378149","10037674","10037969","48","180305697"
"chr3","190361758","190362064","JH378115","33936739","33937047","40","156425019"
"chr3","190409641","190409932","JH378184","3151220","3151509","36","187258421"
"chr3","190413060","190413351","JH378110","9867313","9867609","49","180545747"
"chr3","190442982","190443282","JH378110","7881643","7881940","38","182561339"
"chr3","190451429","190451742","JH378121","23760097","23760404","53","166691332"
"chr3","190467227","190467517","JH378137","1180480","1180771","48","189286747"
"chr3","190479040","190479361","JH378220","3529038","3529359","53","186950002"
"chr3","190544632","190544925","JH378141","14454762","14455052","40","176089870"
"chr3","190656091","190656411","JH378226","343656","343966","50","190312435"
"chr3","190684924","190685216","JH378136","354228","354520","36","190330696"
"chr3","190711504","190711801","JH378125","6464169","6464464","36","184247335"
"chr3","190712575","190712878","JH378224","2515142","2515446","38","188197433"
"chr3","190727140","190727440","JH378119","224305","224607","38","190502835"
"chr3","190738518","190738823","JH378110","11008306","11008605","44","179730212"
"chr3","190787715","190788025","JH378118","20140583","20140886","38","170647132"
"chr3","190788902","190789225","JH378142","6285531","6285845","55","184503371"
"chr3","190797620","190797889","JH378157","9808983","9809259","48","180988637"
"chr3","190814597","190814914","JH378167","3626557","3626863","52","187188040"
"chr3","190826785","190827087","JH378152","16188403","16188709","40","174638382"
"chr3","190846914","190847222","JH378242","734891","735189","43","190112023"
"chr3","190848574","190848885","JH378108","50609420","50609729","39","140239154"
"chr3","190850371","190850674","JH378262","1936694","1936996","36","188913677"
"chr3","190867393","190867680","JH378117","22243484","22243780","40","168623909"
"chr3","190882347","190882649","JH378242","734891","735189","38","190147456"
"chr3","190885514","190885805","JH378250","170365","170660","44","190715149"
"chr3","190892763","190893073","JH378135","16449037","16449347","41","174443726"
"chr3","190907256","190907553","JH378105","17620825","17621134","48","173286431"
"chr3","190907664","190907961","JH378174","8695069","8695365","38","182212595"
"chr3","190919794","190920097","JH378125","6651164","6651475","45","184268630"
"chr3","190920595","190920876","JH378173","2652292","2652568","43","188268303"
"chr3","190953199","190953331","JH378248","1131095","1131226","14","189822104"
"chr3","190960750","190961054","JH378118","10693452","10693756","36","180267298"
"chr3","190973291","190973599","JH378257","2208823","2209127","40","188764468"
"chr3","190984865","190985168","JH378151","3590630","3590934","42","187394235"
"chr3","191004336","191004646","JH378314","184239","184548","45","190820097"
"chr3","191010837","191011141","JH378199","281986","282282","47","190728851"
"chr3","191016032","191016327","JH378117","15694572","15694865","42","175321460"
"chr3","191025825","191026134","JH378144","10425727","10426029","55","180600098"
"chr3","191045179","191045465","JH378112","12605686","12605972","49","178439493"
"chr3","191052744","191053031","JH378105","50034667","50034949","33","141018077"
"chr3","191084866","191085161","JH378267","463347","463634","45","190621519"
"chr3","191087427","191087732","JH378115","30401019","30401318","43","160686408"
"chr3","191090389","191090589","JH378242","3223265","3223473","36","187867124"
"chr3","191094766","191095025","JH378151","6291236","6291498","37","184803530"
"chr3","191095027","191095162","JH378125","4589691","4589826","14","186505336"
"chr3","191096103","191096398","JH378242","734891","735189","38","190361212"
"chr3","191103735","191104037","JH378144","18383381","18383679","41","172720354"
"chr3","191111153","191111447","JH378164","8985490","8985781","41","182125663"
"chr3","191134985","191135269","JH378114","12032627","12032914","52","179102358"
"chr3","191148484","191148787","JH378118","10693452","10693756","50","180455032"
"chr3","191150921","191151211","JH378135","4531365","4531638","50","186619556"
"chr3","191157993","191158267","JH378137","8077566","8077832","41","183080427"
"chr3","191159527","191159823","JH378154","2415687","2415984","43","188743840"
"chr3","191160363","191160657","JH378253","1812488","1812781","36","189347875"
"chr3","191160895","191161009","JH378118","11047075","11047190","11","180113820"
"chr3","191181638","191181932","JH378242","734891","735189","37","190446747"
"chr3","191182618","191182928","JH378135","21300881","21301186","41","169881737"
"chr3","191184336","191184631","JH378117","369243","369536","37","190815093"
"chr3","191196573","191196848","JH378233","253592","253866","35","190942981"
"chr3","191239964","191240103","JH378125","2178122","2178256","20","189061842"
"chr3","191245898","191246201","JH378118","10693452","10693756","41","180552446"
"chr3","191249388","191249696","JH378235","3957900","3958200","42","187291488"
"chr3","191267911","191268210","JH378167","1396329","1396626","40","189871582"
"chr3","191294405","191294701","JH378191","967537","967830","41","190326868"
"chr3","191297473","191297694","JH378164","11414062","11414284","35","179883411"
"chr3","191360420","191360529","JH378130","11111715","11111825","14","180248705"
"chr3","191364436","191364569","JH378105","1845742","1845874","12","189518694"
"chr3","191369885","191370176","JH378153","13946678","13946963","39","177423207"
"chr3","191374394","191374687","JH378151","5890359","5890655","38","185484035"
"chr3","191378527","191378834","JH378269","2366625","2366923","48","189011902"
"chr3","191390947","191391217","JH378125","7136154","7136417","36","184254793"
"chr3","191395287","191395589","JH378144","12633878","12634181","73","178761409"
"chr3","191399403","191399706","JH378114","41541862","41542163","45","149857541"
"chr3","191406379","191406673","JH378220","4350061","4350357","35","187056318"
"chr3","191407727","191408030","JH378139","8198075","8198378","53","183209652"
"chr3","191416693","191416966","JH378109","3252524","3252798","49","188164169"
"chr3","191455762","191456066","JH378114","42121182","42121484","38","149334580"
"chr3","191469140","191469379","JH378125","7216799","7217031","45","184252341"
"chr3","191483213","191483506","JH378247","4426259","4426553","38","187056954"
"chr3","191484524","191484836","JH378118","10693452","10693756","43","180791072"
"chr3","191490128","191490421","JH378154","14273514","14273808","40","177216614"
"chr3","191553093","191553381","JH378212","1795711","1796000","38","189757382"
"chr3","191614070","191614372","JH378153","14175225","14175527","37","177438845"
"chr3","191628108","191628413","JH378105","64915693","64915991","45","126712415"
"chr3","191638951","191639258","JH378125","15905920","15906229","44","175733031"
"chr3","191683910","191684162","JH378118","27502774","27503024","34","164181136"
"chr3","191703555","191703837","JH378127","4235471","4235756","46","187468084"
"chr3","191721917","191722052","JH378163","8332208","8332340","12","183389709"
"chr3","191737354","191737667","JH378290","1006881","1007187","54","190730473"
"chr3","191740621","191740885","JH378108","34933370","34933639","40","156807251"
"chr3","191748840","191749112","JH378184","6124360","6124638","45","185624480"
"chr3","191773463","191773671","JH378145","12581077","12581279","48","179192386"
"chr3","191774332","191774461","JH378172","10643459","10643587","21","181130873"
"chr3","191799196","191799483","JH378304","1591250","1591535","41","190207946"
"chr3","191824923","191825226","JH378167","8045788","8046082","45","183779135"
"chr3","191842108","191842406","JH378118","20140583","20140886","54","171701525"
"chr3","191893837","191894148","JH378151","4578678","4578981","39","187315159"
"chr3","191928782","191929079","JH378141","9524229","9524528","34","182404553"
"chr3","191935477","191935732","JH378151","6291236","6291498","42","185644241"
"chr3","191948207","191948506","JH378167","2007069","2007369","36","189941138"
"chr3","191993495","191993808","JH378118","10693452","10693756","51","181300043"
"chr3","192050806","192051096","JH378140","17057161","17057447","38","174993645"
"chr3","192064187","192064497","JH378158","516472","516776","41","191547715"
"chr3","192067779","192068091","JH378291","836169","836477","42","191231610"
"chr3","192128958","192129262","JH378195","1511637","1511938","42","190617321"
"chr3","192155948","192156244","JH378113","10401647","10401939","41","181754301"
"chr3","192178800","192179129","JH378108","34552149","34552452","82","157626651"
"chr3","192202801","192203108","JH378204","3129799","3130101","47","189073002"
"chr3","192217875","192218172","JH378173","6575149","6575450","45","185642726"
"chr3","192231871","192232159","JH378182","136111","136392","43","192095760"
"chr3","192239352","192239648","JH378116","24279082","24279376","51","167960270"
"chr3","192242353","192242657","JH378125","7988508","7988814","37","184253845"
"chr3","192255925","192256207","JH378118","33683606","33683888","40","158572319"
"chr3","192263264","192263568","JH378122","8372983","8373280","34","183890281"
"chr3","192271449","192271744","JH378174","8493300","8493593","35","183778149"
"chr3","192275307","192275599","JH378176","9100046","9100345","40","183175261"
"chr3","192279782","192280047","JH378114","20734954","20735221","54","171544828"
"chr3","192280413","192280577","JH378132","2917368","2917529","43","189363045"
"chr3","192280578","192280857","JH378158","2960962","2961244","40","189319616"
"chr3","192280858","192280992","JH378213","4209495","4209630","20","188071363"
"chr3","192300178","192300459","JH378105","61709585","61709878","60","130590593"
"chr3","192300657","192300972","JH378254","2748165","2748472","48","189552492"
"chr3","192313068","192313202","JH378125","4589691","4589826","12","187723377"
"chr3","192313428","192313595","JH378117","33740510","33740674","54","158572918"
"chr3","192318324","192318629","JH378166","2361289","2361587","53","189957035"
"chr3","192329765","192330071","JH378119","224305","224607","43","192105460"
"chr3","192346645","192346953","JH378157","10039092","10039395","42","182307553"
"chr3","192358808","192359104","JH378106","37801882","37802187","52","154556926"
"chr3","192361562","192361845","JH378133","20143939","20144222","38","172217623"
"chr3","192374588","192374750","JH378179","4551222","4551381","40","187823366"
"chr3","192375060","192375193","JH378108","49180782","49180912","14","143194278"
"chr3","192376349","192376645","JH378116","28282701","28282994","47","164093648"
"chr3","192380957","192381252","JH378118","11963571","11963864","40","180417386"
"chr3","192401640","192401933","JH378152","13742000","13742297","42","178659640"
"chr3","192414510","192414642","JH378186","47418","47549","25","192367092"
"chr3","192449115","192449404","AGCE01150534","198","484","37","192448917"
"chr3","192467794","192468102","JH378115","35770430","35770735","43","156697364"
"chr3","192481356","192481635","JH378114","30421755","30422034","34","162059601"
"chr3","192502782","192503006","JH378119","27366391","27366618","28","165136391"
"chr3","192523161","192523454","JH378106","69562637","69562935","41","122960524"
"chr3","192550324","192550607","JH378195","5467938","5468219","42","187082386"
"chr3","192560552","192560807","JH378112","32952210","32952469","41","159608342"
"chr3","192603617","192603906","JH378122","7809799","7810085","48","184793818"
"chr3","192604971","192605183","JH378113","2200207","2200414","30","190404764"
"chr3","192638830","192639124","JH378199","5407104","5407400","54","187231726"
"chr3","192647168","192647446","JH378111","6614313","6614591","44","186032855"
"chr3","192661469","192661778","JH378204","3945411","3945718","45","188716058"
"chr3","192739221","192739531","JH378118","4589604","4589912","37","188149617"
"chr3","192805940","192806231","JH378110","9343353","9343643","44","183462587"
"chr3","192870894","192871188","JH378157","10866314","10866608","61","182004580"
"chr3","192900269","192900564","JH378137","19447464","19447770","43","173452805"
"chr3","192944132","192944447","JH378153","2201355","2201655","54","190742777"
"chr3","193048629","193048938","JH378213","5758371","5758671","46","187290258"
"chr3","193065678","193066019","JH378108","30647914","30648246","54","162417764"
"chr3","193279182","193279471","JH378151","16945896","16946191","54","176333286"
"chr3","193283473","193283714","JH378115","19558814","19559064","36","173724659"
"chr3","193305355","193305645","JH378235","5966662","5966955","39","187338693"
"chr3","193339816","193340118","JH378262","1936694","1936996","33","191403122"
"chr3","193384080","193384384","JH378148","13262362","13262662","45","180121718"
"chr3","193551661","193551950","JH378107","6452956","6453247","44","187098705"
"chr3","193609185","193609479","JH378220","4586364","4586656","36","189022821"
"chr3","193615028","193615330","JH378114","41541862","41542163","42","152073166"
"chr3","193635047","193635356","JH378122","7400305","7400610","45","186234742"
"chr3","193655404","193655694","JH378125","9272431","9272730","37","184382973"
"chr3","193660963","193661232","JH378276","2103243","2103506","46","191557720"
"chr3","193673759","193674047","JH378135","683617","683897","52","192990142"
"chr3","193674846","193675146","JH378110","7881643","7881940","42","185793203"
"chr3","193679564","193679848","JH378135","16248526","16248805","48","177431038"
"chr3","193714088","193714399","JH378118","10693452","10693756","45","183020636"
"chr3","193730578","193730875","JH378156","3853230","3853526","57","189877348"
"chr3","193787436","193787728","JH378122","22447926","22448218","39","171339510"
"chr3","193791112","193791404","JH378105","21279743","21280033","33","172511369"
"chr3","193801472","193801771","JH378188","7232167","7232465","51","186569305"
"chr3","193818791","193819090","JH378150","15636556","15636859","54","178182235"
"chr3","193839301","193839597","JH378175","11316625","11316922","45","182522676"
"chr3","193846575","193846884","JH378115","16549844","16550133","54","177296731"
"chr3","193856181","193856454","JH378111","32631993","32632265","38","161224188"
"chr3","193863349","193863652","JH378125","9483397","9483688","44","184379952"
"chr3","193867765","193868065","JH378141","14454762","14455052","42","179413003"
"chr3","193876458","193876735","JH378105","58961992","58962263","50","134914466"
"chr3","193880241","193880528","JH378188","7550827","7551118","47","186329414"
"chr3","193892517","193892836","JH378139","3255687","3256005","47","190636830"
"chr3","193957606","193957900","JH378196","284916","285210","40","193672690"
"chr3","193983030","193983331","JH378173","6575149","6575450","43","187407881"
"chr3","194116477","194116596","JH378118","35104161","35104283","18","159012316"
"chr3","194116624","194116772","JH378365","81261","81410","33","194035363"
"chr3","194165623","194165805","JH378107","4101427","4101597","41","190064196"
"chr3","194165836","194165953","JH378159","5519593","5519707","16","188646243"
"chr3","194173352","194173646","JH378204","7978351","7978644","45","186195001"
"chr3","194206270","194206565","JH378264","1466771","1467067","44","192739499"
"chr3","194356864","194357003","JH378255","2932105","2932245","17","191424759"
"chr3","194419236","194419366","JH378114","3055801","3055931","19","191363435"
"chr3","194451220","194451505","JH378107","51417051","51417337","40","143034169"
"chr3","194480001","194480302","JH378113","14532240","14532539","42","179947761"
"chr3","194481678","194481953","JH378281","427813","428090","47","194053865"
"chr3","194494328","194494652","JH378110","12334503","12334809","54","182159825"
"chr3","194825194","194825486","JH378137","4545019","4545309","46","190280175"
"chr3","194840573","194840867","JH378153","2856479","2856773","49","191984094"
"chr3","194878033","194878339","JH378135","1618015","1618319","48","193260018"
"chr3","194957711","194958019","JH378131","30879","31176","51","194926832"
"chr3","194966895","194967190","JH378165","3577551","3577842","49","191389344"
"chr3","195095377","195095678","JH378242","734891","735189","34","194360486"
"chr3","195227486","195227796","JH378113","15232832","15233136","44","179994654"
"chr3","195239707","195240016","JH378105","58654423","58654726","47","136585284"
"chr3","195279125","195279397","JH378301","110567","110846","54","195168558"
"chr3","195426172","195426456","JH378125","6538044","6538329","50","188888128"
"chr3","195462754","195463055","JH378186","1525813","1526111","38","193936941"
"chr3","195539034","195539313","JH378127","10635229","10635506","41","184903805"
"chr3","195610201","195610513","JH378108","8388787","8389097","48","187221414"
"chr3","195647616","195647969","JH378124","20262853","20263188","79","175384763"
"chr3","195649874","195650179","JH378125","11246904","11247204","38","184402970"
"chr3","195657548","195657849","JH378262","1936694","1936996","52","193720854"
"chr3","195735534","195735845","JH378114","37831299","37831608","45","157904235"
"chr3","195737495","195737789","JH378244","3986597","3986895","48","191750898"
"chr3","195738715","195739001","JH378145","4052907","4053198","39","191685808"
"chr3","195774815","195774892","JH378108","42812811","42812888","9","152962004"
"chr3","195808808","195809027","JH378125","11384390","11384609","36","184424418"
"chr3","195827363","195827675","JH378242","1684742","1685053","48","194142621"
"chr3","195983025","195983330","JH378119","2681409","2681712","46","193301616"
"chr3","196201038","196201333","JH378111","8498303","8498600","33","187702735"
"chr3","196292150","196292428","JH378147","15743534","15743815","45","180548616"
"chr3","196319176","196319459","JH378213","1669462","1669752","39","194649714"
"chr3","196339430","196339726","JH378111","8498303","8498600","47","187841127"
"chr3","196420198","196420486","JH378154","14273514","14273808","45","182146684"
"chr3","196578361","196578671","JH378114","7599707","7600017","56","188978654"
"chr3","196747663","196747942","JH378242","106201","106465","55","196641462"
"chr3","196806087","196806390","JH378262","1936694","1936996","41","194869393"
"chr3","196835091","196835360","JH378138","5755650","5755917","51","191079441"
"chr3","196836294","196836423","JH378248","1131095","1131226","20","195705199"
"chr3","196855005","196855295","JH378163","14312901","14313198","50","182542104"
"chr3","196887954","196888231","JH378192","5415267","5415549","41","191472687"
"chr3","196946660","196946959","JH378152","16188403","16188709","46","180758257"
"chr3","196958394","196958696","JH378185","6039029","6039324","51","190919365"
"chr3","196964700","196964994","JH378116","28282701","28282994","37","168681999"
"chr3","197010412","197010721","JH378135","1618015","1618319","42","195392397"
"chr3","197032754","197033060","JH378148","2797982","2798286","44","194234772"
"chr3","197088573","197088871","JH378216","6521976","6522275","47","190566597"
"chr3","197195145","197195452","JH378108","34552149","34552452","42","162642996"
"chr3","197216586","197216718","JH378137","16343875","16344001","20","180872711"
"chr3","197446725","197447026","JH378244","1257702","1258005","46","196189023"
"chr3","197518395","197518701","JH378146","4007250","4007546","54","193511145"
"chr3","197548125","197548412","JH378108","17624768","17625053","41","179923357"
"chr3","197549421","197549737","JH378164","12780276","12780585","44","184769145"
"chr3","197558033","197558311","JH378110","10134958","10135246","59","187423075"
"chr3","197579056","197579343","JH378108","22478433","22478725","50","175100623"
"chr3","197582068","197582232","JH378213","4947476","4947641","28","192634592"
"chr3","197585069","197585365","JH378242","734891","735189","36","196850178"
"chr3","197588255","197588499","JH378268","692597","692840","45","196895658"
"chr3","197588953","197589248","JH378279","2532931","2533234","40","195056022"
"chr3","197589435","197589725","JH378149","3327109","3327407","49","194262326"
"chr3","197595235","197595491","JH378108","34878522","34878778","38","162716713"
"chr3","197597078","197597361","JH378186","4618731","4619008","47","192978347"
"chr3","197597848","197598160","JH378249","3272268","3272575","61","194325580"
"chr3","197598672","197598966","JH378169","1046952","1047237","38","196551720"
"chr3","197617861","197618173","JH378135","2654071","2654378","44","194963790"
"chr3","197638975","197639273","JH378144","14040811","14041108","55","183598164"
"chr3","197653151","197653440","JH378128","9237144","9237445","61","188416007"
"chr3","197658726","197659016","JH378201","6877837","6878122","40","190780889"
"chr3","197673410","197673704","JH378153","2856479","2856773","38","194816931"
"chr3","197686409","197686716","JH378186","1525813","1526111","48","196160596"
"chr3","197705641","197705943","JH378117","28666592","28666888","52","169039049"
"chr3","197714931","197715226","JH378169","1140416","1140713","44","196574515"
"chr3","197719000","197719290","JH378169","1144424","1144707","39","196574576"
"chr3","197734297","197734407","JH378267","301562","301670","16","197432735"
"chr3","197735559","197735710","JH378108","38079896","38080032","28","159655663"
"chr3","197767100","197767387","JH378122","7809799","7810085","45","189957301"
"chr3","197780302","197780416","JH378122","29506860","29506972","14","168273442"
"chr3","197780724","197780770","JH378109","10834058","10834097","22","186946666"
"chr3","197802013","197802324","JH378117","15749415","15749721","48","182052598"
"chr3","197809364","197809634","JH378105","37094152","37094433","43","160715212"
"chr3","197811558","197811848","JH378106","69562637","69562935","37","128248921"
"chr3","197815398","197815682","JH378110","31746481","31746762","48","166068917"
"chr3","197818094","197818317","JH378119","27366391","27366618","38","170451703"
"chr3","197819806","197820119","JH378301","920694","921000","48","196899112"
"chr3","197826267","197826562","JH378115","30401019","30401318","55","167425248"
"chr3","197837660","197837965","JH378139","11244771","11245079","38","186592889"
"chr3","197842561","197842871","JH378235","3957900","3958200","48","193884661"
"chr3","197845665","197845957","JH378120","32488180","32488474","40","165357485"
"chr3","197846212","197846522","JH378206","2427764","2428073","36","195418448"
"chr3","197846876","197847080","JH378110","29564313","29564515","28","168282563"
"chr3","197848430","197848728","JH378220","3266357","3266673","78","194582073"
"chr3","197850440","197850735","JH378242","734891","735189","43","197115549"
"chr3","197860580","197860850","JH378105","18493606","18493876","46","179366974"
"chr3","197863687","197863977","JH378115","28716128","28716418","40","169147559"
"chr3","197867240","197867539","JH378111","26034614","26034912","48","171832626"
"chr3","197898796","197899098","JH378129","3247646","3247946","37","194651150"
"chr3","197899443","197899741","JH378242","734891","735189","41","197164552"
"chr3","197908026","197908316","JH378105","14432202","14432497","42","183475824"
"chr3","197920210","197920522","JH378204","5868841","5869146","47","192051369"
"chr3","197922927","197923230","JH378187","3545924","3546220","39","194377003"
"chr3","197926703","197926991","JH378123","9831839","9832126","37","188094864"
"chr3","197933775","197934079","JH378190","8159027","8159328","33","189774748"
"chr3","197952025","197952306","JH378221","4328276","4328560","50","193623749"
"chr3","197953801","197954092","JH378127","5317720","5318008","41","192636081"
"chr3","197973123","197973422","JH378142","3051183","3051477","44","194921940"
"chr3","197988270","197988552","JH378238","1547183","1547468","49","196441087"
"chr3","197989215","197989572","JH378121","1151979","1152335","115","196837236"
"chr3","198014638","198014931","JH378179","10057934","10058230","60","187956704"
"chr3","198018230","198018543","JH378153","13255573","13255882","54","184762657"
"chr3","198023025","198023338","JH378112","33452684","33452993","44","164570341"
"chr3","198027382","198027672","JH378153","504411","504699","53","197522971"
"chr3","198065221","198065543","JH378108","49898869","49899179","57","148166352"
"chr3","198077119","198077425","JH378173","6575149","6575450","45","191501970"
"chr3","198110795","198111101","JH378169","1477851","1478161","38","196632944"
"chr3","198119061","198119379","JH378249","1601829","1602137","54","196517232"
"chr3","198142697","198143002","JH378110","2590007","2590314","44","195552690"
"chr3","198148899","198149191","JH378165","3154850","3155140","42","194994049"
"chr3","198162460","198162759","JH378149","1957178","1957471","50","196205282"
"chr3","198170400","198170663","JH378245","2574559","2574817","48","195595841"
"chr3","198178598","198178861","JH378110","7925750","7926017","42","190252848"
"chr3","198187397","198187709","JH378111","27189261","27189564","60","170998136"
"chr3","198216584","198216895","JH378120","4438901","4439206","44","193777683"
"chr3","198228176","198228477","JH378151","6150117","6150421","40","192078059"
"chr3","198236923","198237259","JH378119","5507162","5507493","66","192729761"
"chr3","198259924","198260227","JH378113","4832067","4832368","44","193427857"
"chr3","198267909","198268218","JH378106","68377365","68377661","47","129890544"
"chr3","198282831","198283127","JH378117","369243","369536","38","197913588"
"chr3","198283704","198283999","JH378195","2148198","2148495","35","196135506"
"chr3","198290145","198290437","JH378108","46126423","46126715","50","152163722"
"chr3","198298700","198298984","JH378135","683617","683897","38","197615083"
"chr3","198305690","198305984","JH378139","1944019","1944317","45","196361671"
"chr3","198352531","198352654","JH378111","20157961","20158082","14","178194570"
"chr3","198367219","198367516","JH378113","14532240","14532539","47","183834979"
"chr3","198374565","198374874","JH378148","16955481","16955786","58","181419084"
"chr3","198382913","198383045","JH378147","15700024","15700156","16","182682889"
"chr3","198385715","198386026","JH378244","3845104","3845415","43","194540611"
"chr3","198395006","198395292","JH378114","23078690","23078986","61","175316316"
"chr3","198406100","198406403","JH378173","10651343","10651645","38","187754757"
"chr3","198435165","198435471","JH378148","16955481","16955786","40","181479684"
"chr3","198459091","198459393","JH378171","7760362","7760664","44","190698729"
"chr3","198460454","198460764","JH378179","1607840","1608151","53","196852614"
"chr3","198462787","198463094","JH378185","9527298","9527599","56","188935489"
"chr3","198481840","198482132","JH378114","22526707","22527002","45","175955133"
"chr3","198491648","198491939","JH378146","6707481","6707772","41","191784167"
"chr3","198494346","198494654","JH378105","55255219","55255522","48","143239127"
"chr3","198516344","198516630","JH378173","10671195","10671487","40","187845149"
"chr3","198532859","198533160","JH378235","3957900","3958200","38","194574959"
"chr3","198637122","198637403","JH378114","33998852","33999125","45","164638270"
"chr3","198662236","198662544","JH378156","10837845","10838152","39","187824391"
"chr3","198696873","198697171","JH378108","23566444","23566748","37","175130429"
"chr3","198720677","198720979","JH378105","1767718","1768017","44","196952959"
"chr3","198897486","198897808","JH378109","8789275","8789581","55","190108211"
"chr3","198960315","198960624","JH378146","14248642","14248949","45","184711673"
"chr3","198965866","198966176","JH378281","1512369","1512678","41","197453497"
"chr3","199026263","199026407","JH378118","8337979","8338128","22","190688284"
"chr3","199062867","199063173","JH378152","16029844","16030148","40","183033023"
"chr3","199085315","199085643","JH378160","12645031","12645361","50","186440284"
"chr3","199090104","199090354","JH378119","21644034","21644278","43","177446070"
"chr3","199097825","199097977","JH378125","5599410","5599561","14","193498415"
"chr3","199133583","199133888","JH378153","14175225","14175527","36","184958358"
"chr3","199138621","199138926","JH378110","7850107","7850410","39","191288514"
"chr3","199164843","199165109","JH378151","869013","869285","44","198295830"
"chr3","199165340","199165648","JH378110","29563136","29563434","44","169602204"
"chr3","199220321","199220616","JH378169","2529011","2529299","44","196691310"
"chr3","199231651","199231947","JH378129","7238255","7238553","39","191993396"
"chr3","199348709","199348981","JH378106","21487860","21488130","57","177860849"
"chr3","199401224","199401513","JH378169","2710312","2710603","37","196690912"
"chr3","199472864","199473154","JH378166","530033","530321","38","198942831"
"chr3","199636761","199636955","JH378259","2495819","2496002","55","197140942"
"chr3","199766777","199767073","JH378105","51901786","51902084","46","147864991"
"chr3","199793468","199793757","JH378119","32228268","32228553","49","167565200"
"chr3","199800624","199800900","JH378139","13349509","13349794","50","186451115"
"chr3","199808074","199808369","JH378153","13715769","13716065","46","186092305"
"chr3","199832795","199833099","JH378115","19911636","19911937","50","179921159"
"chr3","199847235","199847541","JH378173","6989295","6989594","41","192857940"
"chr3","199880300","199880611","JH378127","1791547","1791857","48","198088753"
"chr3","199897088","199897399","JH378133","19850966","19851274","37","180046122"
"chr3","199926461","199926748","JH378135","19485204","19485499","46","180441257"
"chr3","199948139","199948418","JH378239","5203122","5203400","37","194745017"
"chr3","200026843","200027136","JH378137","17631559","17631862","48","182395284"
"chr3","200114631","200114939","JH378148","2797982","2798286","49","197316649"
"chr3","200228936","200229216","JH378131","1474328","1474605","47","198754608"
"chr3","200265986","200266297","JH378135","16449037","16449347","42","183816949"
"chr3","200267813","200268109","JH378167","9956307","9956604","35","190311506"
"chr3","200282125","200282389","JH378117","20760353","20760608","56","179521772"
"chr3","200293763","200294055","JH378127","5317720","5318008","41","194976043"
"chr3","200299816","200300121","JH378148","5678256","5678554","50","194621560"
"chr3","200324750","200325058","JH378203","7036188","7036492","60","193288562"
"chr3","200328377","200328658","JH378125","13581007","13581286","34","186747370"
"chr3","200335081","200335377","JH378247","247310","247609","57","200087771"
"chr3","200437369","200437675","JH378142","1173704","1174003","40","199263665"
"chr3","200476705","200477020","JH378157","7951050","7951361","48","192525655"
"chr3","200494199","200494445","JH378119","19182451","19182696","43","181311748"
"chr3","200495607","200495911","JH378125","13743620","13743940","61","186751987"
"chr3","200503748","200504058","JH378109","25252974","25253282","54","175250774"
"chr3","200534585","200534888","JH378116","25790477","25790774","37","174744108"
"chr3","200550638","200550807","JH378114","30214257","30214421","26","170336381"
"chr3","200561585","200561889","JH378130","24318215","24318512","42","176243370"
"chr3","200593140","200593432","JH378180","2674233","2674516","51","197918907"
"chr3","200594146","200594464","JH378153","14576892","14577197","75","186017254"
"chr3","200606134","200606402","JH378115","32200612","32200885","66","168405522"
"chr3","200609055","200609374","JH378141","15802633","15802938","64","184806422"
"chr3","200650377","200650519","JH378110","32570542","32570685","17","168079835"
"chr3","200665355","200665633","JH378105","50034667","50034949","33","150630688"
"chr3","200698907","200699205","JH378242","734891","735189","33","199964016"
"chr3","200711139","200711422","JH378114","6129028","6129306","35","194582111"
"chr3","200728252","200728564","JH378176","9100046","9100345","55","191628206"
"chr3","200739745","200740049","JH378148","13262362","13262662","37","187477383"
"chr3","200785139","200785418","JH378236","2089533","2089804","46","198695606"
"chr3","200935760","200936056","JH378120","3564285","3564577","40","197371475"
"chr3","201027082","201027357","JH378115","7008017","7008270","52","194019065"
"chr3","201050430","201050722","JH378133","9743043","9743332","47","191307387"
"chr3","201082743","201083043","JH378153","1614790","1615086","46","199467953"
"chr3","201188981","201189281","JH378125","14362655","14362956","44","186826326"
"chr3","201192226","201192510","JH378133","9107048","9107334","37","192085178"
"chr3","201203330","201203631","JH378121","9727786","9728090","43","191475544"
"chr3","201266582","201266882","JH378148","16271022","16271321","51","184995560"
"chr3","201307915","201308196","JH378149","8134119","8134398","43","193173796"
"chr3","201321872","201322188","JH378269","2631558","2631872","40","198690314"
"chr3","201332793","201333076","JH378147","15759138","15759416","39","185573655"
"chr3","201333102","201333120","JH378110","39932633","39932649","6","161400469"
"chr3","201360484","201360771","JH378114","42081783","42082071","39","159278701"
"chr3","201377102","201377403","JH378116","14428154","14428454","43","186948948"
"chr3","201580045","201580354","JH378110","2590007","2590314","42","198990038"
"chr3","201634082","201634364","JH378265","3233976","3234263","42","198400106"
"chr3","201731626","201731917","JH378148","12335761","12336055","41","189395865"
"chr3","201742144","201742444","JH378181","3775734","3776035","46","197966410"
"chr3","201758066","201758366","JH378113","15232832","15233136","45","186525234"
"chr3","201801527","201801812","JH378125","14971255","14971538","42","186830272"
"chr3","201802201","201802515","JH378114","36279685","36279996","49","165522516"
"chr3","201820132","201820437","JH378173","10651343","10651645","38","191168789"
"chr3","201833442","201833704","JH378133","22334477","22334733","47","179498965"
"chr3","201838308","201838608","JH378242","734891","735189","38","201103417"
"chr3","201840859","201841151","JH378191","967537","967830","39","200873322"
"chr3","201865433","201865718","JH378148","3031128","3031420","48","198834305"
"chr3","201992065","201992352","JH378158","2960962","2961244","45","199031103"
"chr3","201992392","201992421","JH378113","38140728","38140753","13","163851664"
"chr3","202037089","202037346","JH378255","2925254","2925486","52","199111835"
"chr3","202038287","202038597","JH378135","16449037","16449347","39","185589250"
"chr3","202047827","202048114","JH378107","57287252","57287540","35","144760575"
"chr3","202081267","202081551","JH378125","15244570","15244852","41","186836697"
"chr3","202117997","202118274","JH378337","459157","459434","43","201658840"
"chr3","202121126","202121429","JH378152","13742000","13742297","43","188379126"
"chr3","202125508","202125805","JH378172","9553918","9554219","35","192571590"
"chr3","202136399","202136647","JH378160","11535044","11535288","34","190601355"
"chr3","202137294","202137594","JH378111","21702693","21702990","46","180434601"
"chr3","202140471","202140603","JH378224","5987406","5987538","9","196153065"
"chr3","202146772","202146906","JH378118","13046741","13046875","20","189100031"
"chr3","202147207","202147383","JH378152","13120743","13120919","35","189026464"
"chr3","202160990","202161096","JH378156","6067886","6067992","13","196093104"
"chr3","202168980","202169264","JH378200","4031721","4032002","38","198137259"
"chr3","202177455","202177725","JH378150","8534805","8535075","58","193642650"
"chr3","202185838","202186131","JH378108","32912059","32912352","43","169273779"
"chr3","202189902","202190011","JH378225","6628099","6628207","13","195561803"
"chr3","202220268","202220556","JH378122","7809799","7810085","46","194410469"
"chr3","202221724","202221971","JH378148","12313883","12314126","52","189907841"
"chr3","202227694","202227996","JH378262","1936694","1936996","40","200291000"
"chr3","202245488","202245786","JH378116","37812207","37812513","47","164433281"
"chr3","202246425","202246695","JH378119","23075474","23075755","47","179170951"
"chr3","202259612","202259906","JH378110","19827299","19827595","39","182432313"
"chr3","202269936","202270210","JH378112","3215339","3215609","50","199054597"
"chr3","202289608","202289917","JH378118","10693452","10693756","39","191596156"
"chr3","202299422","202299723","JH378141","9524229","9524528","46","192775193"
"chr3","202318900","202319202","JH378192","5404726","5405023","37","196914174"
"chr3","202324732","202325015","JH378159","2533734","2534030","55","199790998"
"chr3","202354665","202354945","JH378175","2739616","2739895","42","199615049"
"chr3","202360591","202360887","JH378106","69562637","69562935","45","132797954"
"chr3","202369865","202370148","JH378173","4795221","4795500","35","197574644"
"chr3","202396338","202396625","JH378137","4545019","4545309","49","197851319"
"chr3","202457460","202457759","JH378188","7232167","7232465","35","195225293"
"chr3","202460384","202460683","JH378125","15652641","15652942","41","186807743"
"chr3","202480255","202480550","JH378141","13495932","13496227","53","188984323"
"chr3","202585595","202585904","JH378188","7490346","7490651","42","195095249"
"chr3","202634212","202634516","JH378243","90680","90981","40","202543532"
"chr3","202688800","202689074","JH378149","8253677","8253952","54","194435123"
"chr3","202758372","202758691","JH378176","5568130","5568432","70","197190242"
"chr3","202797471","202797772","JH378148","16499112","16499413","56","186298359"
"chr3","202799388","202799684","JH378149","936787","937080","47","201862601"
"chr3","202813797","202814086","JH378198","1639176","1639469","38","201174621"
"chr3","202836892","202837162","JH378109","9337309","9337580","36","193499583"
"chr3","202847273","202847566","JH378314","972293","972589","38","201874980"
"chr3","202895618","202895790","JH378167","6155819","6155989","25","196739799"
"chr3","202901983","202902291","JH378206","1268945","1269256","39","201633038"
"chr3","202904879","202905165","JH378125","16059524","16059802","42","186845355"
"chr3","202913304","202913594","JH378291","915200","915491","30","201998104"
"chr3","202916033","202916337","JH378235","3957900","3958200","38","198958133"
"chr3","202918160","202918479","JH378137","4707933","4708253","54","198210227"
"chr3","202918680","202918970","JH378177","10064943","10065231","40","192853737"
"chr3","202923376","202923672","JH378111","40734534","40734829","40","162188842"
"chr3","202954797","202955075","JH378129","7904556","7904829","44","195050241"
"chr3","202968539","202968843","JH378156","1923711","1924009","43","201044828"
"chr3","202970841","202971126","JH378125","16125405","16125673","45","186845436"
"chr3","202976329","202976607","JH378144","13429319","13429607","43","189547010"
"chr3","202976806","202977078","JH378114","20097976","20098245","46","182878830"
"chr3","202988340","202988632","JH378116","28282701","28282994","39","174705639"
"chr3","202991384","202991616","JH378125","16145954","16146188","33","186845430"
"chr3","203000390","203000699","JH378135","1618015","1618319","31","201382375"
"chr3","203008447","203008749","JH378151","10980172","10980472","43","192028275"
"chr3","203011106","203011390","JH378223","5259349","5259635","54","197751757"
"chr3","203017133","203017440","JH378262","1936694","1936996","50","201080439"
"chr3","203024304","203024560","JH378165","2768423","2768681","35","200255881"
"chr3","203034106","203034390","JH378136","354228","354520","43","202679878"
"chr3","203035424","203035725","JH378173","6575149","6575450","37","196460275"
"chr3","203041172","203041468","JH378125","16187999","16188312","45","186853173"
"chr3","203057673","203057976","JH378220","3583875","3584178","43","199473798"
"chr3","203089876","203090016","JH378224","5987406","5987538","22","197102470"
"chr3","203103476","203103768","JH378182","1175437","1175710","72","201928039"
"chr3","203115867","203116151","JH378105","71040092","71040369","49","132075775"
"chr3","203145532","203145832","JH378146","802756","803050","42","202342776"
"chr3","203160296","203160574","JH378197","8709519","8709793","44","194450777"
"chr3","203166268","203166581","JH378226","6271823","6272133","46","196894445"
"chr3","203228455","203228762","JH378204","3945411","3945718","39","199283044"
"chr3","203248151","203248440","JH378127","19331819","19332107","31","183916332"
"chr3","203256494","203256790","JH378197","6701048","6701344","54","196555446"
"chr3","203261652","203261939","JH378106","61689646","61689937","32","141572006"
"chr3","203266937","203267227","JH378188","9653970","9654259","39","193612967"
"chr3","203269667","203269948","JH378121","15444791","15445073","44","187824876"
"chr3","203270353","203270649","JH378116","28282701","28282994","43","174987652"
"chr3","203324744","203325023","JH378213","4422853","4423134","37","198901891"
"chr3","203331099","203331397","JH378123","21695970","21696268","57","181635129"
"chr3","203332702","203332987","JH378115","7606488","7606778","46","195726214"
"chr3","203340939","203341237","JH378252","4291425","4291721","43","199049514"
"chr3","203363848","203364145","JH378113","4126123","4126428","43","199237725"
"chr3","203370929","203371224","JH378124","6001393","6001683","45","197369536"
"chr3","203424460","203424768","JH378151","1068911","1069214","49","202355549"
"chr3","203428371","203428652","JH378189","29762","30036","55","203398609"
"chr3","203429265","203429566","JH378131","1383377","1383686","50","202045888"
"chr3","203436647","203436894","JH378164","358253","358503","38","203078394"
"chr3","203438093","203438236","JH378144","18281825","18281962","24","185156268"
"chr3","203438997","203439303","JH378188","8091152","8091459","42","195347845"
"chr3","203482499","203482797","JH378246","1887976","1888270","47","201594523"
"chr3","203490302","203490605","JH378148","3195871","3196169","55","200294431"
"chr3","203493074","203493373","JH378242","734891","735189","40","202758183"
"chr3","203493904","203494217","JH378135","16449037","16449347","44","187044867"
"chr3","203499265","203499542","JH378206","4101991","4102278","45","199397274"
"chr3","203501178","203501311","JH378108","49180782","49180912","16","154320396"
"chr3","203511940","203512228","JH378271","1015797","1016086","35","202496143"
"chr3","203513074","203513330","JH378115","31073885","31074145","55","172439189"
"chr3","203532855","203533158","JH378204","3129799","3130101","41","200403056"
"chr3","203541277","203541572","JH378157","10039092","10039395","50","193502185"
"chr3","203567560","203567857","JH378105","22547233","22547531","46","181020327"
"chr3","203577391","203577679","JH378146","808320","808616","47","202769071"
"chr3","203583544","203583863","JH378269","845588","845903","47","202737956"
"chr3","203587344","203587635","JH378133","4070511","4070802","47","199516833"
"chr3","203592876","203593179","JH378113","15232832","15233136","38","188360044"
"chr3","203599178","203599378","JH378273","1191016","1191215","35","202408162"
"chr3","203611815","203612087","JH378111","32631993","32632265","32","170979822"
"chr3","203622813","203623103","JH378141","14454762","14455052","37","189168051"
"chr3","203623490","203623784","JH378119","360557","360852","40","203262933"
"chr3","203633862","203634180","JH378139","11244771","11245079","52","192389091"
"chr3","203655457","203655758","JH378224","4524796","4525096","50","199130661"
"chr3","203660681","203660990","JH378115","2599841","2600150","53","201060840"
"chr3","203682981","203683276","JH378130","24157685","24157981","42","179525296"
"chr3","203708978","203709275","JH378255","3447746","3448043","42","200261232"
"chr3","203714899","203715196","JH378124","16641981","16642286","48","187072918"
"chr3","203720453","203720754","JH378308","686068","686367","38","203034385"
"chr3","203722755","203723063","JH378135","16449037","16449347","38","187273718"
"chr3","203737949","203738080","JH378105","36868256","36868387","16","166869693"
"chr3","203752224","203752522","JH378115","11020176","11020474","73","192732048"
"chr3","203776379","203776683","JH378116","14428154","14428454","38","189348225"
"chr3","203780011","203780295","JH378157","3899293","3899570","41","199880718"
"chr3","203789817","203790118","JH378118","10693452","10693756","46","193096365"
"chr3","203806111","203806420","JH378122","5643537","5643845","45","198162574"
"chr3","203806957","203807114","JH378187","5473073","5473226","30","198333884"
"chr3","203807753","203807869","JH378126","23366738","23366847","17","180441015"
"chr3","203816968","203817267","JH378110","6965048","6965350","30","196851920"
"chr3","203817643","203817776","JH378107","55895704","55895839","18","147921939"
"chr3","203838732","203839073","JH378149","422089","422391","73","203416643"
"chr3","203853042","203853300","JH378119","27357512","27357778","43","176495530"
"chr3","203868222","203868544","JH378142","3019206","3019515","66","200849016"
"chr3","203902272","203902344","JH378148","12535486","12535558","7","191366786"
"chr3","203903176","203903481","JH378193","9036845","9037148","47","194866331"
"chr3","203907622","203907938","JH378166","2088727","2089032","46","201818895"
"chr3","203945814","203946108","JH378153","3096872","3097166","39","200848942"
"chr3","203978810","203979050","JH378122","6183298","6183540","44","197795512"
"chr3","203981439","203981726","JH378141","2327726","2328016","54","201653713"
"chr3","204013723","204014017","JH378163","12974010","12974311","39","191039713"
"chr3","204041928","204042244","JH378125","17165480","17165790","60","186876448"
"chr3","204049946","204050256","JH378118","8850609","8850919","49","195199337"
"chr3","204051832","204052118","JH378241","2911353","2911636","44","201140479"
"chr3","204058388","204058694","JH378123","21695970","21696268","39","182362418"
"chr3","204060850","204061148","JH378122","5402385","5402687","55","198658465"
"chr3","204062877","204063012","JH378216","2270341","2270475","19","201792536"
"chr3","204067135","204067431","JH378145","12975453","12975750","47","191091682"
"chr3","204074179","204074476","JH378148","13262362","13262662","40","190811817"
"chr3","204078650","204078962","JH378136","14817827","14818135","46","189260823"
"chr3","204080420","204080723","JH378122","5388007","5388316","40","198692413"
"chr3","204103080","204103293","JH378263","913320","913532","34","203189760"
"chr3","204104559","204104790","JH378231","5974262","5974490","38","198130297"
"chr3","204105919","204106223","JH378141","15389831","15390132","34","188716088"
"chr3","204115208","204115507","JH378126","782415","782718","44","203332793"
"chr3","204115687","204115987","JH378126","22487035","22487334","47","181628652"
"chr3","204124274","204124524","JH378179","2173751","2174000","32","201950523"
"chr3","204126807","204127112","JH378111","11464738","11465037","44","192662069"
"chr3","204127322","204127629","JH378115","4860657","4860961","42","199266665"
"chr3","204132276","204132583","JH378118","10693452","10693756","38","193438824"
"chr3","204135049","204135287","JH378173","5416495","5416730","37","198718554"
"chr3","204135370","204135671","JH378113","15232832","15233136","44","188902538"
"chr3","204136492","204136795","JH378158","3359829","3360132","44","200776663"
"chr3","204138567","204138876","JH378110","30226342","30226646","39","173912225"
"chr3","204140005","204140306","JH378135","21300881","21301186","48","182839124"
"chr3","204163706","204163924","JH378134","18288414","18288641","50","185875292"
"chr3","204171596","204171871","JH378112","40981708","40981979","42","163189888"
"chr3","204185216","204185501","JH378123","20761493","20761785","44","183423723"
"chr3","204192956","204193252","JH378242","734891","735189","37","203458065"
"chr3","204211888","204212189","JH378118","10693452","10693756","35","193518436"
"chr3","204258197","204258486","JH378145","10500061","10500358","46","193758136"
"chr3","204294098","204294397","JH378163","13606253","13606552","40","190687845"
"chr3","204330111","204330408","JH378122","5133255","5133569","53","199196856"
"chr3","204338822","204339120","JH378151","5566611","5566910","57","198772211"
"chr3","204341665","204341944","JH378209","4899353","4899631","52","199442312"
"chr3","204365753","204366034","JH378213","4422853","4423134","43","199942900"
"chr3","204473888","204474161","JH378122","4971225","4971495","42","199502663"
"chr3","204513701","204513831","JH378224","5987406","5987538","11","198526295"
"chr3","204549214","204549523","JH378167","11101055","11101363","43","193448159"
"chr3","204566404","204566707","JH378108","23390787","23391086","54","181175617"
"chr3","204592282","204592579","JH378197","3241273","3241575","35","201351009"
"chr3","204594118","204594275","JH378144","10755274","10755430","22","193838844"
"chr3","204609598","204609887","JH378290","389647","389937","42","204219951"
"chr3","204627824","204628118","JH378213","4603416","4603708","36","200024408"
"chr3","204637887","204637958","JH378189","7147912","7147983","11","197489975"
"chr3","204638399","204638705","JH378205","4278012","4278319","37","200360387"
"chr3","204639545","204639841","JH378148","3195871","3196169","50","201443674"
"chr3","204667432","204667731","JH378242","734891","735189","36","203932541"
"chr3","204725120","204725417","JH378186","325629","325916","46","204399491"
"chr3","204732191","204732492","JH378242","734891","735189","38","203997300"
"chr3","204779073","204779365","JH378115","22696566","22696858","36","182082507"
"chr3","204823448","204823739","JH378216","1307384","1307680","46","203516064"
"chr3","204828068","204828359","JH378133","22007411","22007701","62","182820657"
"chr3","204840729","204841011","JH378105","6621498","6621779","39","198219231"
"chr3","204844363","204844662","JH378242","734891","735189","38","204109472"
"chr3","204845447","204845721","JH378108","4746244","4746516","52","200099203"
"chr3","204870306","204870609","JH378193","360764","361065","42","204509542"
"chr3","204991665","204991782","JH378112","14913112","14913229","11","190078553"
"chr3","205000001","205000253","JH378280","3039469","3039725","51","201960532"
"chr3","205007386","205007687","JH378242","734891","735189","37","204272495"
"chr3","205015006","205015305","JH378146","342665","342960","47","204672341"
"chr3","205020971","205021277","JH378112","21449429","21449733","40","183571542"
"chr3","205038524","205038814","JH378204","2944193","2944488","43","202094331"
"chr3","205055610","205055932","JH378105","20992815","20993124","52","184062795"
"chr3","205065487","205065765","JH378177","3333638","3333912","44","201731849"
"chr3","205069400","205069681","JH378220","4340047","4340329","47","200729353"
"chr3","205072838","205073120","JH378105","50034667","50034949","47","155038171"
"chr3","205080976","205081275","JH378105","9785471","9785774","41","195295505"
"chr3","205089649","205089937","JH378291","915200","915491","31","204174449"
"chr3","205103189","205103485","JH378173","2881761","2882050","47","202221428"
"chr3","205110762","205110869","JH378225","6628099","6628207","13","198482663"
"chr3","205117539","205117841","JH378125","7759615","7759914","34","197357924"
"chr3","205137948","205138247","JH378114","36871907","36872207","41","168266041"
"chr3","205139558","205139856","JH378149","16695001","16695300","47","188444557"
"chr3","205145009","205145327","JH378242","734891","735189","55","204410118"
"chr3","205149975","205150239","JH378106","5263914","5264177","58","199886061"
"chr3","205195536","205195839","JH378109","6626071","6626380","57","198569465"
"chr3","205227662","205227951","JH378113","5899071","5899351","44","199328591"
"chr3","205238649","205238956","JH378166","8636952","8637253","39","196601697"
"chr3","205242649","205242937","JH378105","50212288","50212568","43","155030361"
"chr3","205256651","205256942","JH378121","16387639","16387936","38","188869012"
"chr3","205263172","205263468","JH378120","26633579","26633882","56","178629593"
"chr3","205280673","205280961","JH378203","7885064","7885353","42","197395609"
"chr3","205297250","205297563","JH378112","36482668","36482971","46","168814582"
"chr3","205327733","205328041","JH378113","15232832","15233136","54","190094901"
"chr3","205334501","205334806","JH378129","3247646","3247946","52","202086855"
"chr3","205342351","205342595","JH378146","21464","21698","36","205320887"
"chr3","205416886","205417161","JH378107","6863146","6863424","42","198553740"
"chr4","11534211","11534491","JH378189","29762","30036","56","11504449"
"chr4","392914","393224","JH378105","58654423","58654726","47","58261509"
"chr4","11009769","11010054","JH378255","1058410","1058705","59","9951359"
"chr4","39583555","39583814","JH378164","358253","358503","47","39225302"
"chr4","41156544","41156833","JH378244","3455003","3455293","40","37701541"
"chr4","46399445","46399757","JH378150","15636556","15636859","51","30762889"
"chr4","73662410","73662712","JH378140","16247165","16247461","49","57415245"
"chr4","78249974","78250283","JH378206","1268945","1269256","37","76981029"
"chr4","139853621","139853931","JH378173","10807194","10807499","50","129046427"
"chr4","146931450","146931735","JH378173","1987977","1988266","47","144943473"
"chr4","188350169","188350471","JH378152","16188403","16188709","39","172161766"
"chr4","93424","93716","JH378214","5755548","5755843","49","5662124"
"chr4","253202","253497","JH378173","2227025","2227318","35","1973823"
"chr4","350330","350637","JH378246","1705721","1706027","41","1355391"
"chr4","350950","351179","JH378227","501198","501426","49","150248"
"chr4","359815","360051","JH378109","47197164","47197400","51","46837349"
"chr4","377874","378172","JH378220","1011665","1011962","56","633791"
"chr4","406285","406577","JH378105","50192547","50192838","40","49786262"
"chr4","485658","485949","JH378242","2757307","2757599","35","2271649"
"chr4","602701","602990","JH378141","14454762","14455052","32","13852061"
"chr4","613497","613792","JH378189","4262802","4263099","43","3649305"
"chr4","633379","633555","JH378159","16150928","16151100","30","15517549"
"chr4","657302","657594","JH378199","281986","282282","56","375316"
"chr4","731677","731960","JH378153","14632399","14632691","44","13900722"
"chr4","766597","766899","JH378308","686068","686367","46","80529"
"chr4","792860","793161","JH378252","4291425","4291721","43","3498565"
"chr4","837803","838068","JH378106","59305283","59305541","39","58467480"
"chr4","877304","877600","JH378226","6485812","6486107","42","5608508"
"chr4","889345","889636","JH378184","5621805","5622094","39","4732460"
"chr4","908694","908946","JH378227","3751700","3751958","44","2843006"
"chr4","934825","935128","JH378105","12770941","12771250","43","11836116"
"chr4","971166","971376","JH378115","32349419","32349618","40","31378253"
"chr4","977045","977334","JH378135","2083499","2083789","34","1106454"
"chr4","1018054","1018330","JH378198","2573118","2573391","47","1555064"
"chr4","1097293","1097421","JH378220","1447971","1448106","22","350678"
"chr4","1171485","1171798","JH378110","31963517","31963828","54","30792032"
"chr4","1177909","1178218","JH378105","20992815","20993124","47","19814906"
"chr4","1190511","1190815","JH378124","4041596","4041902","41","2851085"
"chr4","1202518","1202817","JH378139","18076977","18077276","37","16874459"
"chr4","1225318","1225623","JH378105","5141056","5141353","50","3915738"
"chr4","1231471","1231773","JH378111","16229116","16229415","44","14997645"
"chr4","1247467","1247771","JH378124","22320224","22320535","40","21072757"
"chr4","1259140","1259438","JH378106","16369530","16369822","49","15110390"
"chr4","1445955","1446254","JH378148","2754402","2754696","38","1308447"
"chr4","1448604","1448913","JH378211","1951298","1951606","48","502694"
"chr4","1592838","1593137","JH378308","1397452","1397755","37","195386"
"chr4","1594607","1594902","JH378116","28282701","28282994","37","26688094"
"chr4","1613921","1614221","JH378140","15256022","15256323","38","13642101"
"chr4","1623803","1624106","JH378180","5047484","5047772","63","3423681"
"chr4","1638576","1638871","JH378219","3831758","3832053","40","2193182"
"chr4","1762342","1762635","JH378191","967537","967830","37","794805"
"chr4","1782965","1783258","JH378214","5755548","5755843","43","3972583"
"chr4","1793641","1793905","JH378152","16250304","16250576","43","14456663"
"chr4","1841918","1842204","JH378153","4928835","4929118","43","3086917"
"chr4","1871192","1871448","JH378299","666691","666951","39","1204501"
"chr4","1880694","1880954","JH378151","8083771","8084026","47","6203077"
"chr4","1883704","1883876","JH378135","3405924","3406091","36","1522220"
"chr4","1887746","1888027","JH378124","9865185","9865466","38","7977439"
"chr4","1893292","1893590","JH378139","8198075","8198378","52","6304783"
"chr4","1893609","1893914","JH378114","11994163","11994456","62","10100554"
"chr4","1924729","1925046","JH378124","16621241","16621526","69","14696512"
"chr4","1930704","1931004","JH378110","25957640","25957944","59","24026936"
"chr4","1940102","1940368","JH378135","17574125","17574399","54","15634023"
"chr4","1943727","1944029","JH378171","1522752","1523056","41","420975"
"chr4","1952736","1953043","JH378161","2236995","2237295","42","284259"
"chr4","1967190","1967487","JH378188","7232167","7232465","38","5264977"
"chr4","1967515","1967809","JH378162","11607165","11607461","48","9639650"
"chr4","1967875","1968162","JH378271","1015797","1016086","46","952078"
"chr4","1973503","1973771","JH378106","25520842","25521121","39","23547339"
"chr4","1978173","1978470","JH378171","1558618","1558918","31","419555"
"chr4","1981240","1981543","JH378141","9524229","9524528","38","7542989"
"chr4","1982713","1983018","JH378111","26034614","26034912","39","24051901"
"chr4","2057126","2057425","JH378129","21763196","21763499","51","19706070"
"chr4","2067856","2068164","JH378106","69063427","69063728","46","66995571"
"chr4","2086887","2087182","JH378281","1616584","1616872","43","470303"
"chr4","2172434","2172735","JH378148","13262362","13262662","39","11089928"
"chr4","2174468","2174796","JH378139","15934136","15934453","89","13759668"
"chr4","2180971","2181264","JH378151","6243087","6243380","40","4062116"
"chr4","2189625","2189916","JH378130","2271229","2271527","46","81604"
"chr4","2203067","2203078","JH378196","2334629","2334642","2","131562"
"chr4","2203118","2203420","JH378131","2379402","2379697","57","176284"
"chr4","2236087","2236395","JH378151","14423847","14424153","38","12187760"
"chr4","2237851","2238158","JH378114","41499633","41499943","39","39261782"
"chr4","2252809","2252975","JH378235","3941830","3942000","29","1689021"
"chr4","2280669","2280951","JH378122","7809799","7810085","41","5529130"
"chr4","2330010","2330283","JH378279","1666661","1666937","42","663349"
"chr4","2365725","2366010","JH378110","39922458","39922738","60","37556733"
"chr4","2404427","2404703","JH378105","50034667","50034949","37","47630240"
"chr4","2434300","2434603","JH378141","15242660","15242959","39","12808360"
"chr4","2457975","2458270","JH378249","721031","721325","38","1736944"
"chr4","2492193","2492470","JH378176","9399651","9399930","39","6907458"
"chr4","2520841","2521138","JH378105","47354649","47354946","40","44833808"
"chr4","2567162","2567460","JH378216","6521976","6522275","44","3954814"
"chr4","2568161","2568472","JH378117","37732677","37732982","49","35164516"
"chr4","2576661","2576995","JH378149","2873662","2873991","73","297001"
"chr4","2592267","2592394","JH378106","8281070","8281193","18","5688803"
"chr4","2593525","2593850","JH378114","41312711","41313020","60","38719186"
"chr4","2596998","2597316","JH378139","18214306","18214611","52","15617308"
"chr4","2598796","2599091","JH378152","13766469","13766760","46","11167673"
"chr4","2599254","2599562","JH378189","8743946","8744257","45","6144692"
"chr4","2605486","2605762","JH378151","4426555","4426833","49","1821069"
"chr4","2606181","2606482","JH378242","734891","735189","46","1871290"
"chr4","2608976","2609284","JH378112","30721676","30721989","39","28112700"
"chr4","2614073","2614364","JH378204","3222855","3223147","41","608782"
"chr4","2624214","2624300","JH378198","5242303","5242376","30","2618089"
"chr4","2626854","2627027","JH378219","6396636","6396804","21","3769782"
"chr4","2649687","2649986","JH378148","3100313","3100608","44","450626"
"chr4","2667214","2667527","JH378118","10693452","10693756","56","8026238"
"chr4","2669512","2669802","JH378117","6076538","6076831","43","3407026"
"chr4","2688296","2688598","JH378290","1449167","1449465","41","1239129"
"chr4","2716540","2716815","JH378177","1527863","1528126","46","1188677"
"chr4","2750099","2750400","JH378111","26034614","26034912","46","23284515"
"chr4","2750784","2751084","JH378171","2313623","2313908","50","437161"
"chr4","2754898","2755187","JH378245","872964","873252","42","1881934"
"chr4","2758042","2758314","JH378105","12091168","12091440","54","9333126"
"chr4","2759193","2759489","JH378242","734891","735189","30","2024302"
"chr4","2761265","2761544","JH378171","2320623","2320899","41","440642"
"chr4","2763423","2763729","JH378137","15249398","15249695","40","12485975"
"chr4","2764551","2764834","JH378181","2346009","2346300","54","418542"
"chr4","2766462","2766755","JH378116","14428154","14428454","46","11661692"
"chr4","2771900","2772150","JH378119","11705664","11705912","48","8933764"
"chr4","2805801","2806103","JH378247","561987","562291","44","2243814"
"chr4","2847326","2847543","JH378113","41905483","41905699","34","39058157"
"chr4","2895151","2895321","JH378200","1028603","1028768","32","1866548"
"chr4","2895612","2895757","JH378141","7661361","7661504","17","4765749"
"chr4","2921319","2921517","JH378115","35105081","35105284","27","32183762"
"chr4","2924617","2924851","JH378121","1698302","1698531","38","1226315"
"chr4","2927648","2927949","JH378158","3359829","3360132","48","432181"
"chr4","2932932","2933237","JH378114","41996207","41996493","55","39063275"
"chr4","2934787","2935075","JH378114","6553192","6553484","46","3618405"
"chr4","2936027","2936328","JH378276","134131","134438","47","2801896"
"chr4","2941100","2941393","JH378109","9181080","9181368","41","6239980"
"chr4","2941645","2941943","JH378171","2520230","2520531","48","421415"
"chr4","3013312","3013399","JH378143","14191339","14191422","13","11178027"
"chr4","3032650","3032783","JH378125","4589691","4589826","15","1557041"
"chr4","3038381","3038691","JH378117","15749415","15749721","42","12711034"
"chr4","3067240","3067547","JH378244","1969724","1970031","43","1097516"
"chr4","3082637","3082942","JH378247","561987","562291","37","2520650"
"chr4","3085524","3085806","JH378153","2014992","2015267","55","1070532"
"chr4","3126327","3126544","JH378293","1320467","1320687","33","1805860"
"chr4","3156344","3156640","JH378141","2327726","2328016","41","828618"
"chr4","3170695","3171000","JH378151","16082725","16083030","38","12912030"
"chr4","3180442","3180721","JH378221","506746","507023","34","2673696"
"chr4","3181628","3181930","JH378264","1105436","1105732","49","2076192"
"chr4","3198955","3199240","JH378119","11553220","11553504","37","8354265"
"chr4","3224906","3225201","JH378111","8498303","8498600","40","5273397"
"chr4","3262298","3262587","JH378232","4603175","4603466","37","1340877"
"chr4","3307910","3308222","JH378204","3129799","3130101","38","178111"
"chr4","3464425","3464737","JH378118","10693452","10693756","45","7229027"
"chr4","3486495","3486805","JH378277","308065","308370","49","3178430"
"chr4","3528135","3528462","JH378109","26422799","26423098","67","22894664"
"chr4","4009795","4010078","JH378180","83500","83782","52","3926295"
"chr4","4242780","4243060","JH378189","177130","177409","53","4065650"
"chr4","4261775","4262055","JH378105","48908860","48909139","55","44647085"
"chr4","4279711","4279994","JH378191","8253001","8253284","37","3973290"
"chr4","4310564","4310845","JH378171","8204365","8204637","36","3893801"
"chr4","4341163","4341435","JH378105","59531397","59531667","57","55190234"
"chr4","4345052","4345295","JH378266","587131","587373","32","3757921"
"chr4","4372545","4372847","JH378119","33281322","33281616","47","28908777"
"chr4","4384723","4385026","JH378135","16449037","16449347","48","12064314"
"chr4","4398733","4399034","JH378112","35534544","35534840","41","31135811"
"chr4","4402834","4403121","JH378171","8111002","8111294","43","3708168"
"chr4","4431872","4432171","JH378111","40734534","40734829","39","36302662"
"chr4","4450065","4450371","JH378235","3957900","3958200","37","492165"
"chr4","4451365","4451677","JH378128","24171397","24171700","48","19720032"
"chr4","4456674","4456982","JH378132","21936850","21937158","47","17480176"
"chr4","4519738","4520037","JH378120","30761605","30761911","54","26241867"
"chr4","4607660","4607915","JH378171","7893119","7893379","36","3285459"
"chr4","4673517","4673812","JH378294","668279","668579","49","4005238"
"chr4","4690827","4691138","JH378158","4130633","4130943","37","560194"
"chr4","4696016","4696330","JH378108","21011106","21011416","40","16315090"
"chr4","4715158","4715353","JH378145","10000205","10000405","36","5285047"
"chr4","4723906","4724223","JH378167","2253009","2253313","63","2470897"
"chr4","4724497","4724752","JH378119","29201442","29201698","34","24476945"
"chr4","4729775","4730073","JH378131","2379402","2379697","42","2350373"
"chr4","4755932","4756291","JH378289","38982","39339","73","4716950"
"chr4","4761175","4761465","JH378146","6707481","6707772","36","1946306"
"chr4","4768770","4769089","JH378110","20391958","20392253","67","15623188"
"chr4","4778589","4778870","JH378107","29025302","29025584","41","24246713"
"chr4","4920999","4921278","JH378118","8798965","8799246","40","3877966"
"chr4","4951944","4952246","JH378157","6175235","6175536","44","1223291"
"chr4","4952933","4953238","JH378172","9370200","9370493","53","4417267"
"chr4","5045293","5045603","JH378201","845518","845822","42","4199775"
"chr4","5056560","5056867","JH378129","10477083","10477384","43","5420523"
"chr4","5110170","5110484","JH378288","629003","629310","48","4481167"
"chr4","5125716","5126067","JH378173","10273246","10273568","93","5147530"
"chr4","5142727","5143019","JH378171","7354332","7354627","35","2211605"
"chr4","5172330","5172616","JH378122","7809799","7810085","43","2637469"
"chr4","5179502","5179821","JH378124","28350282","28350595","55","23170780"
"chr4","5183008","5183296","JH378152","10890147","10890438","40","5707139"
"chr4","5260987","5261263","JH378111","37233117","37233391","41","31972130"
"chr4","5301656","5301952","JH378125","4533400","4533689","47","768256"
"chr4","5326704","5326997","JH378123","5667081","5667374","45","340377"
"chr4","5396797","5397097","JH378242","734891","735189","45","4661906"
"chr4","5465544","5465850","JH378175","7225949","7226243","60","1760405"
"chr4","5499733","5499998","JH378148","2002149","2002408","56","3497584"
"chr4","5653098","5653395","JH378171","6847658","6847959","45","1194560"
"chr4","5659403","5659703","JH378188","7232167","7232465","34","1572764"
"chr4","5682227","5682522","JH378171","6818090","6818398","44","1135863"
"chr4","5697051","5697345","JH378137","1180480","1180771","46","4516571"
"chr4","5794519","5794815","JH378178","8007831","8008129","38","2213312"
"chr4","5813484","5813795","JH378148","2797982","2798286","33","3015502"
"chr4","5857783","5858080","JH378115","30401019","30401318","43","24543236"
"chr4","5921613","5921731","JH378112","14913112","14913229","16","8991499"
"chr4","5921978","5922163","JH378114","32484757","32484932","45","26562779"
"chr4","5925651","5925952","JH378135","1618015","1618319","48","4307636"
"chr4","6042118","6042422","JH378279","2532931","2533234","45","3509187"
"chr4","6124507","6124799","JH378123","5667081","5667374","38","457426"
"chr4","6131290","6131589","JH378171","6367100","6367395","49","235810"
"chr4","6146756","6147078","JH378160","12202742","12203045","62","6055986"
"chr4","6150961","6151220","JH378185","1446513","1446772","48","4704448"
"chr4","6180901","6181002","JH378227","3413068","3413166","11","2767833"
"chr4","6201205","6201487","JH378171","6301515","6301795","32","100310"
"chr4","6210638","6210945","JH378118","10693452","10693756","40","4482814"
"chr4","6219317","6219599","JH378113","5899071","5899351","39","320246"
"chr4","6219625","6219653","JH378113","38140728","38140753","7","31921103"
"chr4","6243548","6243867","JH378199","7803912","7804221","63","1560364"
"chr4","6251609","6251865","JH378173","2973566","2973814","48","3278043"
"chr4","6316417","6316648","JH378127","5728801","5729028","35","587616"
"chr4","6317748","6318003","JH378110","29627540","29627799","44","23309792"
"chr4","6335695","6335992","JH378122","9329495","9329803","49","2993800"
"chr4","6335994","6336138","JH378135","4859716","4859849","20","1476278"
"chr4","6391764","6392073","JH378115","33936739","33937047","36","27544975"
"chr4","6481250","6481596","JH378136","13709779","13710097","77","7228529"
"chr4","6498007","6498318","JH378116","37812207","37812513","44","31314200"
"chr4","6523115","6523187","JH378113","32117152","32117223","12","25594037"
"chr4","6551835","6552113","JH378300","334787","335075","60","6217048"
"chr4","6580522","6580840","JH378113","26550017","26550324","46","19969495"
"chr4","6628984","6629284","JH378153","2856479","2856773","52","3772505"
"chr4","6629319","6629329","JH378105","48290961","48290972","4","41661642"
"chr4","6655991","6656286","JH378171","5818854","5819157","43","837137"
"chr4","6663726","6664022","JH378190","7563716","7564004","49","899990"
"chr4","6664506","6664802","JH378255","1058410","1058705","41","5606096"
"chr4","6696143","6696409","JH378136","14856429","14856694","40","8160286"
"chr4","6712034","6712333","JH378149","11656622","11656923","57","4944588"
"chr4","6716874","6717162","JH378223","4374594","4374875","46","2342280"
"chr4","6721978","6722232","JH378135","11365199","11365451","38","4643221"
"chr4","6762027","6762321","JH378200","261439","261727","44","6500588"
"chr4","6762818","6763091","JH378232","3348298","3348573","34","3414520"
"chr4","6774038","6774329","JH378111","18114047","18114340","39","11340009"
"chr4","6785700","6786032","JH378119","5507162","5507493","63","1278538"
"chr4","6803508","6803814","JH378172","7187643","7187946","43","384135"
"chr4","6828723","6829004","JH378167","987517","987816","58","5841206"
"chr4","6845414","6845650","JH378144","4672469","4672699","37","2172945"
"chr4","6877808","6878092","JH378201","7538594","7538881","43","660786"
"chr4","6900430","6900727","JH378186","1525813","1526111","42","5374617"
"chr4","6908510","6908813","JH378220","4502275","4502574","46","2406235"
"chr4","6919364","6919657","JH378242","734891","735189","44","6184473"
"chr4","6935296","6935599","JH378118","10693452","10693756","38","3758156"
"chr4","6941147","6941456","JH378299","743516","743822","51","6197631"
"chr4","6964749","6965054","JH378117","15749415","15749721","49","8784666"
"chr4","6973183","6973460","JH378244","4725310","4725567","72","2247873"
"chr4","7004706","7004954","JH378129","12104023","12104273","37","5099317"
"chr4","7028177","7028480","JH378113","14532240","14532539","59","7504063"
"chr4","7044117","7044200","JH378121","350712","350794","13","6693405"
"chr4","7050635","7050876","JH378122","5341619","5341861","23","1709016"
"chr4","7057513","7057807","JH378191","967537","967830","38","6089976"
"chr4","7107261","7107558","JH378188","7232167","7232465","44","124906"
"chr4","7137037","7137342","JH378110","22568165","22568468","49","15431128"
"chr4","7153088","7153381","JH378115","25447895","25448188","47","18294807"
"chr4","7166939","7167229","JH378245","872964","873252","35","6293975"
"chr4","7170021","7170334","JH378131","2419332","2419639","48","4750689"
"chr4","7172494","7172786","JH378204","7978351","7978644","41","805857"
"chr4","7174186","7174338","JH378119","14760426","14760576","22","7586240"
"chr4","7199240","7199509","JH378128","13166884","13167151","51","5967644"
"chr4","7215769","7216078","JH378188","7490346","7490651","42","274577"
"chr4","7229015","7229319","JH378151","9450568","9450862","55","2221553"
"chr4","7241272","7241580","JH378197","8660298","8660600","51","1419026"
"chr4","7245320","7245618","JH378188","7232167","7232465","36","13153"
"chr4","7246800","7247076","JH378232","4875587","4875862","34","2371213"
"chr4","7315229","7315529","JH378213","752448","752744","41","6562781"
"chr4","7433759","7434068","JH378213","5758371","5758671","49","1675388"
"chr4","7438789","7439065","JH378105","50034667","50034949","39","42595878"
"chr4","7688976","7689281","JH378107","51667756","51668056","52","43978780"
"chr4","7948873","7949165","JH378108","49737545","49737830","46","41788672"
"chr4","8001369","8001665","JH378107","6452956","6453247","37","1548413"
"chr4","8002580","8002865","JH378225","406243","406524","51","7596337"
"chr4","8052115","8052405","JH378171","4440604","4440889","29","3611511"
"chr4","8053149","8053448","JH378188","7232167","7232465","35","820982"
"chr4","8073354","8073665","JH378153","9926861","9927172","42","1853507"
"chr4","8112823","8113116","JH378149","936787","937080","44","7176036"
"chr4","8152323","8152621","JH378135","10051376","10051674","41","1899053"
"chr4","8276152","8276313","JH378108","23549093","23549251","25","15272941"
"chr4","8288082","8288377","JH378188","7232167","7232465","36","1055915"
"chr4","8296415","8296702","JH378141","13306055","13306336","48","5009640"
"chr4","8322146","8322447","JH378115","16549844","16550133","41","8227698"
"chr4","8456263","8456559","JH378290","1449167","1449465","39","7007096"
"chr4","8577283","8577535","JH378244","4725310","4725567","41","3851973"
"chr4","8586558","8586869","JH378108","38073678","38073985","45","29487120"
"chr4","8589462","8589776","JH378158","4130633","4130943","50","4458829"
"chr4","8595126","8595414","JH378171","3901848","3902139","39","4693278"
"chr4","8635075","8635200","JH378132","10349802","10349925","17","1714727"
"chr4","8668803","8669063","JH378112","32952210","32952469","38","24283407"
"chr4","8717228","8717405","JH378148","3582720","3582883","50","5134508"
"chr4","8717691","8717815","JH378235","3951611","3951732","13","4766080"
"chr4","8720720","8721008","JH378123","11312165","11312453","58","2591445"
"chr4","8788569","8788871","JH378111","26034614","26034912","39","17246045"
"chr4","8809748","8809912","JH378167","12529522","12529688","28","3719774"
"chr4","8860355","8860493","JH378125","4589691","4589826","16","4270664"
"chr4","8860752","8860960","JH378121","9165649","9165825","70","304897"
"chr4","8883057","8883373","JH378137","19447464","19447770","54","10564407"
"chr4","8957540","8957852","JH378135","21300881","21301186","50","12343341"
"chr4","8988978","8989261","JH378180","83500","83782","54","8905478"
"chr4","9019306","9019512","JH378134","18725576","18725791","36","9706270"
"chr4","9043521","9043806","JH378119","28803177","28803468","46","19759656"
"chr4","9242076","9242360","JH378180","83500","83782","58","9158576"
"chr4","9263953","9264159","JH378134","18725576","18725791","32","9461623"
"chr4","9278609","9278909","JH378144","4425443","4425736","42","4853166"
"chr4","9279503","9279766","JH378133","5322371","5322636","45","3957132"
"chr4","9287208","9287494","JH378141","14454762","14455052","45","5167554"
"chr4","9313590","9313804","JH378182","2323813","2324025","40","6989777"
"chr4","9320289","9320581","JH378248","2888145","2888434","47","6432144"
"chr4","9324303","9324429","JH378190","9117005","9117132","12","207298"
"chr4","9341351","9341644","JH378115","34769363","34769654","41","25428012"
"chr4","9445289","9445581","JH378220","2465579","2465874","49","6979710"
"chr4","9446118","9446424","JH378105","14432202","14432497","55","4986084"
"chr4","9466249","9466567","JH378109","25846015","25846327","48","16379766"
"chr4","9475721","9476022","JH378115","36379708","36380007","49","26903987"
"chr4","9477316","9477606","JH378225","6103213","6103503","46","3374103"
"chr4","9505277","9505565","JH378177","3333638","3333912","49","6171639"
"chr4","9541087","9541427","JH378193","3931066","3931390","65","5610021"
"chr4","9543160","9543445","JH378114","41996207","41996493","39","32453047"
"chr4","9579546","9579830","JH378135","20355631","20355916","47","10776085"
"chr4","9623533","9623830","JH378123","12717754","12718039","56","3094221"
"chr4","9743726","9744005","JH378167","5911621","5911908","48","3832105"
"chr4","9744069","9744093","JH378113","38140728","38140753","8","28396659"
"chr4","9768577","9768862","JH378164","2307183","2307463","43","7461394"
"chr4","9789454","9789743","JH378143","2082413","2082707","43","7707041"
"chr4","9796583","9796891","JH378115","4860657","4860961","44","4935926"
"chr4","9844283","9844597","JH378141","19020351","19020656","62","9176068"
"chr4","9876740","9877008","JH378197","5558331","5558611","72","4318409"
"chr4","10091542","10091835","JH378125","24637037","24637335","46","14545495"
"chr4","10123045","10123336","JH378106","3058385","3058676","41","7064660"
"chr4","10159290","10159599","JH378128","25204363","25204670","50","15045073"
"chr4","10189329","10189548","JH378113","41905483","41905699","27","31716154"
"chr4","10189550","10189751","JH378124","874307","874506","26","9315243"
"chr4","10201162","10201458","JH378115","14970127","14970427","39","4768965"
"chr4","10205217","10205354","JH378125","22577545","22577681","19","12372328"
"chr4","10216411","10216714","JH378151","4578678","4578981","42","5637733"
"chr4","10217832","10218136","JH378126","782415","782718","40","9435417"
"chr4","10226505","10226797","JH378170","4300963","4301254","43","5925542"
"chr4","10230288","10230582","JH378167","12000001","12000282","50","1769713"
"chr4","10254632","10254913","JH378117","26189716","26190001","40","15935084"
"chr4","10278611","10278915","JH378119","29898893","29899177","62","19620282"
"chr4","10300119","10300403","JH378112","12605686","12605972","41","2305567"
"chr4","10305860","10306142","JH378141","12622348","12622633","45","2316488"
"chr4","10451932","10452226","JH378151","4578678","4578981","46","5873254"
"chr4","10470499","10470810","JH378247","561987","562291","35","9908512"
"chr4","10543525","10543807","JH378190","5560670","5560954","44","4982855"
"chr4","10546303","10546604","JH378135","1618015","1618319","50","8928288"
"chr4","10603419","10603699","JH378137","5566006","5566295","57","5037413"
"chr4","10737238","10737521","JH378141","11141591","11141870","54","404353"
"chr4","10813277","10813584","JH378197","4356244","4356549","51","6457033"
"chr4","10974163","10974424","JH378156","1380668","1380930","59","9593495"
"chr4","10976380","10976669","JH378131","23697009","23697304","47","12720629"
"chr4","11176914","11177199","JH378106","14254226","14254507","50","3077312"
"chr4","11180497","11180755","JH378112","22299813","22300056","43","11119316"
"chr4","11248399","11248708","JH378242","734891","735189","53","10513508"
"chr4","11379433","11379725","JH378118","11558432","11558720","50","178999"
"chr4","11439105","11439377","JH378157","13658358","13658628","51","2219253"
"chr4","11496895","11497213","JH378118","36469122","36469432","63","24972227"
"chr4","11600571","11600875","JH378171","10384852","10385161","42","1215719"
"chr4","11635817","11636103","JH378183","5388478","5388765","39","6247339"
"chr4","11731364","11731652","JH378153","10618651","10618945","60","1112713"
"chr4","11903833","11904098","JH378139","1363865","1364120","57","10539968"
"chr4","12259883","12260170","JH378141","14454762","14455052","41","2194879"
"chr4","12389444","12389735","JH378115","27835413","27835703","47","15445969"
"chr4","12412158","12412391","JH378108","49766575","49766816","45","37354417"
"chr4","12435774","12436095","JH378233","4304479","4304791","58","8131295"
"chr4","12455014","12455316","JH378118","1655161","1655456","44","10799853"
"chr4","12461953","12462267","JH378113","15232832","15233136","57","2770879"
"chr4","12502339","12502637","JH378171","11265890","11266186","43","1236449"
"chr4","12652231","12652525","JH378221","153010","153304","40","12499221"
"chr4","12669541","12669817","JH378164","5828743","5829013","42","6840798"
"chr4","12708014","12708277","JH378105","58961992","58962263","52","46253978"
"chr4","12786218","12786522","JH378308","1397452","1397755","35","11388766"
"chr4","12800917","12801225","JH378110","6965048","6965350","52","5835869"
"chr4","12844612","12844919","JH378152","13742000","13742297","48","897388"
"chr4","12883656","12883950","JH378118","11558432","11558720","38","1325224"
"chr4","12920614","12920900","JH378131","1474328","1474605","61","11446286"
"chr4","12962450","12962695","JH378285","346373","346634","56","12616077"
"chr4","13052329","13052669","JH378152","13678883","13679221","67","626554"
"chr4","13083641","13083922","JH378118","8798965","8799246","36","4284676"
"chr4","13267822","13268087","JH378205","4235522","4235796","41","9032300"
"chr4","13283248","13283549","JH378123","21695970","21696268","48","8412722"
"chr4","13291532","13291835","JH378156","3853230","3853526","45","9438302"
"chr4","13342512","13342764","JH378148","6780762","6781018","46","6561750"
"chr4","13433368","13433655","JH378171","12227949","12228231","51","1205419"
"chr4","13443909","13444041","JH378131","12809826","12809958","16","634083"
"chr4","13696739","13697013","JH378189","719706","719987","43","12977033"
"chr4","13795942","13796231","JH378124","16834558","16834852","45","3038616"
"chr4","14034537","14034786","JH378128","433374","433632","52","13601163"
"chr4","14179756","14180055","JH378111","26034614","26034912","43","11854858"
"chr4","14328337","14328611","JH378292","1331496","1331765","43","12996841"
"chr4","14338211","14338501","JH378127","4308793","4309081","47","10029418"
"chr4","14371009","14371293","JH378125","19439463","19439747","40","5068454"
"chr4","14454596","14454902","JH378262","1936694","1936996","44","12517902"
"chr4","14529233","14529524","JH378123","15726416","15726711","39","1197183"
"chr4","14562239","14562538","JH378116","14428154","14428454","33","134085"
"chr4","14596846","14597153","JH378247","561987","562291","45","14034859"
"chr4","14649064","14649320","JH378137","2884671","2884926","41","11764393"
"chr4","14662808","14663104","JH378159","6984417","6984714","38","7678391"
"chr4","14691559","14691836","JH378114","10308730","10309017","44","4382829"
"chr4","14727408","14727668","JH378128","1186084","1186341","43","13541324"
"chr4","14824365","14824667","JH378113","17853518","17853807","59","3029153"
"chr4","14856627","14856927","JH378135","16046002","16046306","43","1189375"
"chr4","14908236","14908546","JH378149","17075543","17075846","49","2167307"
"chr4","14965847","14966148","JH378127","2095680","2095974","42","12870167"
"chr4","14990890","14991191","JH378113","14532240","14532539","41","458650"
"chr4","15053150","15053466","JH378114","36871907","36872207","64","21818757"
"chr4","15115365","15115671","JH378105","1126046","1126352","44","13989319"
"chr4","15166935","15167230","JH378163","10576395","10576693","48","4590540"
"chr4","15230688","15230986","JH378107","5795821","5796115","43","9434867"
"chr4","15232557","15232843","JH378144","4710212","4710483","66","10522345"
"chr4","15311310","15311616","JH378224","2914245","2914556","60","12397065"
"chr4","15312690","15312902","JH378106","34962997","34963210","47","19650307"
"chr4","15317613","15317912","JH378242","734891","735189","38","14582722"
"chr4","15409866","15410159","JH378128","1819209","1819504","33","13590657"
"chr4","15457004","15457308","JH378177","9865797","9866102","44","5591207"
"chr4","15484281","15484568","JH378128","1892839","1893131","43","13591442"
"chr4","15515672","15515808","JH378128","1921944","1922083","15","13593728"
"chr4","15517409","15517711","JH378173","10651343","10651645","41","4866066"
"chr4","15528389","15528686","JH378131","4595311","4595611","55","10933078"
"chr4","15547541","15547818","JH378128","1953649","1953936","29","13593892"
"chr4","15607325","15607623","JH378161","9038929","9039233","60","6568396"
"chr4","15609255","15609548","JH378141","14454762","14455052","47","1154493"
"chr4","15636736","15637034","JH378106","58022390","58022683","45","42385654"
"chr4","15707098","15707369","JH378106","7452769","7453042","53","8254329"
"chr4","15746393","15746704","JH378135","16046002","16046306","47","299609"
"chr4","15779005","15779294","JH378128","2203828","2204108","33","13575177"
"chr4","15785631","15785927","JH378128","2211073","2211370","41","13574558"
"chr4","15795123","15795410","JH378131","23709610","23709901","46","7914487"
"chr4","15855713","15856062","JH378267","1005604","1005931","72","14850109"
"chr4","15879718","15880023","JH378157","13289590","13289892","42","2590128"
"chr4","15881780","15882067","JH378136","354228","354520","34","15527552"
"chr4","16178134","16178434","JH378207","5576778","5577080","52","10601356"
"chr4","16218037","16218333","JH378116","21584425","21584722","45","5366388"
"chr4","16367911","16368218","JH378113","15232832","15233136","38","1135079"
"chr4","16408751","16409040","JH378118","11558432","11558720","47","4850319"
"chr4","16462249","16462514","JH378318","295683","295949","38","16166566"
"chr4","16465843","16466130","JH378136","354228","354520","37","16111615"
"chr4","16469324","16469615","JH378291","130444","130734","36","16338880"
"chr4","16479604","16479907","JH378197","6701048","6701344","46","9778556"
"chr4","16545838","16546130","JH378271","595181","595473","43","15950657"
"chr4","16588176","16588483","JH378111","11464738","11465037","53","5123438"
"chr4","16678934","16679241","JH378111","25833460","25833765","43","9154526"
"chr4","16736916","16737214","JH378106","16369530","16369822","40","367386"
"chr4","16792897","16793208","JH378135","16449037","16449347","35","343860"
"chr4","16811371","16811683","JH378125","858229","858541","41","15953142"
"chr4","16813464","16813756","JH378149","11399331","11399624","48","5414133"
"chr4","16830971","16831259","JH378135","2083499","2083789","50","14747472"
"chr4","16976584","16976881","JH378278","3122874","3123168","53","13853710"
"chr4","16985346","16985638","JH378111","43268192","43268483","39","26282846"
"chr4","17046843","17047141","JH378173","10651343","10651645","45","6395500"
"chr4","17055030","17055345","JH378140","18969834","18970142","57","1914804"
"chr4","17138283","17138596","JH378115","14987072","14987385","43","2151211"
"chr4","17143867","17144149","JH378189","7501508","7501793","44","9642359"
"chr4","17154764","17155077","JH378151","8876704","8877006","49","8278060"
"chr4","17174530","17174848","JH378128","3621150","3621456","57","13553380"
"chr4","17180126","17180435","JH378242","734891","735189","43","16445235"
"chr4","17197961","17198281","JH378185","1724165","1724475","56","15473796"
"chr4","17200742","17201048","JH378247","561987","562291","45","16638755"
"chr4","17248064","17248384","JH378171","12144029","12144342","51","5104035"
"chr4","17261416","17261725","JH378117","15749415","15749721","47","1512001"
"chr4","17262355","17262604","JH378164","6881616","6881870","42","10380739"
"chr4","17267204","17267515","JH378133","5072220","5072527","45","12194984"
"chr4","17268762","17269072","JH378128","3718716","3719029","48","13550046"
"chr4","17279165","17279467","JH378142","1173704","1174003","42","16105461"
"chr4","17283979","17284289","JH378321","240477","240779","53","17043502"
"chr4","17307416","17307699","JH378117","22243484","22243780","40","4936068"
"chr4","17312754","17312864","JH378161","857518","857628","25","16455236"
"chr4","17317311","17317601","JH378116","14428154","14428454","38","2889157"
"chr4","17332687","17332965","JH378120","3416749","3417026","37","13915938"
"chr4","17338145","17338441","JH378290","1449167","1449465","42","15888978"
"chr4","17347069","17347376","JH378122","4711864","4712164","53","12635205"
"chr4","17349330","17349622","JH378171","5901188","5901476","34","11448142"
"chr4","17353851","17354118","JH378110","7925750","7926017","43","9428101"
"chr4","17355857","17356163","JH378118","12798160","12798463","59","4557697"
"chr4","17362814","17363116","JH378242","734891","735189","39","16627923"
"chr4","17372343","17372651","JH378262","1936694","1936996","48","15435649"
"chr4","17384235","17384543","JH378157","7676434","7676743","44","9707801"
"chr4","17392755","17393046","JH378109","8720176","8720466","49","8672579"
"chr4","17430643","17430955","JH378167","3626557","3626863","49","13804086"
"chr4","17463475","17463767","JH378113","4832067","4832368","46","12631408"
"chr4","17517368","17517658","JH378141","14454762","14455052","36","3062606"
"chr4","17608419","17608730","JH378131","16707957","16708257","39","900462"
"chr4","17610025","17610323","JH378167","7021896","7022191","36","10588129"
"chr4","17704550","17704837","JH378291","915200","915491","42","16789350"
"chr4","17709033","17709325","JH378199","3308730","3309019","39","14400303"
"chr4","17761208","17761503","JH378220","3042426","3042720","35","14718782"
"chr4","17765386","17765672","JH378139","369956","370243","46","17395430"
"chr4","17777013","17777294","JH378128","4232278","4232558","38","13544735"
"chr4","17821556","17821837","JH378156","3848015","3848295","38","13973541"
"chr4","17977443","17977748","JH378185","2114490","2114799","50","15862953"
"chr4","17982069","17982354","JH378125","7398663","7398940","48","10583406"
"chr4","18026821","18027129","JH378204","3945411","3945718","51","14081410"
"chr4","18062149","18062453","JH378127","4712903","4713204","60","13349246"
"chr4","18224241","18224510","JH378113","5899071","5899351","45","12325170"
"chr4","18262915","18262987","JH378193","1105594","1105665","11","17157321"
"chr4","18389972","18390243","JH378107","428980","429251","39","17960992"
"chr4","18460050","18460339","JH378188","7470649","7470943","58","10989401"
"chr4","18589874","18590183","JH378170","5240248","5240558","46","13349626"
"chr4","18743786","18744080","JH378167","12552572","12552864","54","6191214"
"chr4","18784743","18785026","JH378239","5203122","5203400","34","13581621"
"chr4","18929693","18929976","JH378105","50034667","50034949","41","31104974"
"chr4","18996706","18996949","JH378114","40832395","40832641","37","21835689"
"chr4","19140288","19140599","JH378105","45886739","45887040","53","26746451"
"chr4","19169271","19169573","JH378260","56313","56609","53","19112958"
"chr4","19213991","19214296","JH378195","1511637","1511938","54","17702354"
"chr4","19230506","19230790","JH378181","227616","227898","42","19002890"
"chr4","19254753","19255022","JH378110","7925750","7926017","42","11329003"
"chr4","19306539","19306846","JH378114","36279685","36279996","46","16973146"
"chr4","19468781","19469086","JH378112","33452684","33452993","43","13983903"
"chr4","19603223","19603503","JH378160","6528680","6528961","40","13074543"
"chr4","19620653","19620941","JH378105","69163567","69163856","48","49542914"
"chr4","19708474","19708595","JH378139","11209324","11209449","26","8499150"
"chr4","19708627","19708749","AGCE01151118","928","1049","20","19707699"
"chr4","19747869","19748209","JH378105","23797356","23797692","61","4049487"
"chr4","19777336","19777641","JH378119","13478581","13478885","51","6298755"
"chr4","19803100","19803395","JH378226","1845133","1845428","57","17957967"
"chr4","19937326","19937564","JH378217","4548881","4549113","54","15388445"
"chr4","19980021","19980317","JH378173","9132197","9132491","55","10847824"
"chr4","20000026","20000307","JH378121","21053619","21053903","37","1053593"
"chr4","20015193","20015439","JH378167","8605574","8605818","48","11409619"
"chr4","20077876","20078172","JH378216","2126143","2126440","43","17951733"
"chr4","20195935","20196202","JH378134","22039236","22039511","51","1843301"
"chr4","20208903","20209208","JH378153","14175225","14175527","41","6033678"
"chr4","20268713","20269019","JH378118","10693452","10693756","48","9575261"
"chr4","20279015","20279278","JH378246","3647232","3647503","43","16631783"
"chr4","20299957","20300109","JH378125","5599410","5599561","23","14700547"
"chr4","20368354","20368625","JH378200","979194","979479","50","19389160"
"chr4","20646610","20646906","JH378137","14089045","14089336","62","6557565"
"chr4","20656265","20656584","JH378120","3789416","3789726","52","16866849"
"chr4","20737459","20737775","JH378121","15961888","15962191","52","4775571"
"chr4","20793895","20794203","JH378120","4438901","4439206","44","16354994"
"chr4","20831116","20831404","JH378186","1525813","1526111","48","19305303"
"chr4","20845317","20845620","JH378128","7284351","7284658","40","13560966"
"chr4","20859243","20859527","JH378173","4795221","4795500","42","16064022"
"chr4","20895346","20895654","JH378179","1607840","1608151","59","19287506"
"chr4","20911946","20912247","JH378152","13742000","13742297","35","7169946"
"chr4","20951859","20952142","JH378128","7393072","7393350","48","13558787"
"chr4","20958734","20959030","JH378116","14428154","14428454","48","6530580"
"chr4","20964420","20964541","JH378149","3747832","3747949","15","17216588"
"chr4","21010713","21011015","JH378248","3387134","3387441","50","17623579"
"chr4","21055294","21055568","JH378122","10066427","10066714","46","10988867"
"chr4","21055619","21055642","JH378113","38140728","38140753","9","17085109"
"chr4","21090860","21091108","JH378129","12104023","12104273","35","8986837"
"chr4","21176670","21176951","JH378169","7336517","7336801","51","13840153"
"chr4","21220992","21221287","JH378112","12605686","12605972","46","8615306"
"chr4","21249028","21249311","JH378124","9865185","9865466","37","11383843"
"chr4","21361960","21362275","JH378117","15749415","15749721","43","5612545"
"chr4","21379561","21379860","JH378191","967537","967830","51","20412024"
"chr4","21390351","21390650","JH378123","20761493","20761785","41","628858"
"chr4","21473124","21473425","JH378124","5835056","5835352","57","15638068"
"chr4","21481643","21481925","JH378220","2931512","2931797","37","18550131"
"chr4","21489547","21489845","JH378290","1190569","1190859","53","20298978"
"chr4","21527189","21527488","JH378128","7963140","7963437","44","13564049"
"chr4","21556390","21556694","JH378135","13374577","13374880","34","8181813"
"chr4","21575308","21575618","JH378128","8008871","8009183","55","13566437"
"chr4","21593846","21594112","JH378113","23569830","23570096","40","1975984"
"chr4","21641494","21641809","JH378129","3247646","3247946","52","18393848"
"chr4","21712179","21712298","JH378128","8151665","8151784","20","13560514"
"chr4","21819043","21819325","JH378221","1289532","1289817","44","20529511"
"chr4","21997341","21997624","JH378261","2991113","2991393","45","19006228"
"chr4","22050351","22050645","JH378115","18605278","18605578","64","3445073"
"chr4","22123378","22123666","JH378106","28194566","28194850","49","6071188"
"chr4","22125251","22125550","JH378125","19474059","19474357","45","2651192"
"chr4","22150692","22150995","JH378135","10051376","10051674","40","12099316"
"chr4","22168798","22169062","JH378114","20734954","20735221","38","1433844"
"chr4","22184536","22184829","JH378204","7978351","7978644","45","14206185"
"chr4","22205996","22206294","JH378116","25790477","25790774","50","3584481"
"chr4","22211291","22211604","JH378314","184239","184548","42","22027052"
"chr4","22319914","22320210","JH378135","19485204","19485499","41","2834710"
"chr4","22322483","22322784","JH378137","5836126","5836431","47","16486357"
"chr4","22379774","22379890","JH378118","7067252","7067359","25","15312522"
"chr4","22379930","22380138","JH378114","20741718","20741923","41","1638212"
"chr4","22724377","22724626","JH378263","1705736","1705984","53","21018641"
"chr4","22827868","22828163","JH378110","22056866","22057160","48","771002"
"chr4","22886680","22886968","JH378178","1751160","1751459","53","21135520"
"chr4","22963797","22964092","JH378197","8660298","8660600","52","14303499"
"chr4","22967533","22967828","JH378140","17784224","17784519","36","5183309"
"chr4","23325290","23325586","JH378138","15284691","15284989","37","8040599"
"chr4","23444105","23444409","JH378153","2560633","2560941","44","20883472"
"chr4","23477508","23477788","JH378147","11977975","11978253","43","11499533"
"chr4","23503187","23503507","JH378144","5022084","5022409","59","18481103"
"chr4","23525139","23525272","JH378106","1342311","1342445","18","22182828"
"chr4","23525563","23525760","JH378106","70915789","70915988","43","47390226"
"chr4","23597254","23597545","JH378108","8194214","8194513","49","15403040"
"chr4","23627632","23627923","JH378111","43268192","43268483","48","19640560"
"chr4","23726669","23726984","JH378115","14987072","14987385","56","8739597"
"chr4","23786645","23786948","JH378216","4809975","4810272","41","18976670"
"chr4","23805301","23805601","JH378242","734891","735189","42","23070410"
"chr4","23859072","23859388","JH378194","7860755","7861064","56","15998317"
"chr4","23892962","23893230","JH378292","854202","854474","52","23038760"
"chr4","23897607","23897912","JH378119","26988212","26988506","50","3090605"
"chr4","23914290","23914594","JH378115","26968615","26968913","42","3054325"
"chr4","23974957","23975295","JH378108","32599519","32599839","59","8624562"
"chr4","23998316","23998627","JH378193","2291860","2292169","45","21706456"
"chr4","24023133","24023429","JH378189","656923","657212","41","23366210"
"chr4","24089698","24089992","JH378192","5404726","5405023","38","18684972"
"chr4","24129983","24130261","JH378192","5415267","5415549","42","18714716"
"chr4","24135247","24135552","JH378115","25675129","25675433","48","1539882"
"chr4","24166315","24166618","JH378118","10693452","10693756","47","13472863"
"chr4","24189232","24189536","JH378242","734891","735189","48","23454341"
"chr4","24208154","24208447","JH378254","827136","827430","66","23381018"
"chr4","24210021","24210333","JH378112","30721676","30721989","46","6511655"
"chr4","24251126","24251413","JH378108","47108985","47109267","53","22857859"
"chr4","24255793","24256095","JH378148","5678256","5678554","40","18577537"
"chr4","24263128","24263439","JH378159","6119055","6119368","52","18144073"
"chr4","24301351","24301656","JH378118","10693452","10693756","46","13607899"
"chr4","24305855","24306155","JH378225","885930","886227","44","23419925"
"chr4","24325927","24326229","JH378133","5072220","5072527","45","19253707"
"chr4","24347269","24347561","JH378143","3154444","3154739","47","21192825"
"chr4","24349864","24350165","JH378134","18596615","18596917","46","5753249"
"chr4","24385128","24385433","JH378128","10880524","10880831","40","13504604"
"chr4","24439588","24439875","JH378122","7809799","7810085","40","16629789"
"chr4","24529943","24530250","JH378152","16188403","16188709","39","8341540"
"chr4","24588164","24588465","JH378265","117843","118145","58","24470321"
"chr4","24642322","24642554","JH378108","22021397","22021638","42","2620925"
"chr4","24707448","24707737","JH378305","286057","286348","39","24421391"
"chr4","24763903","24764199","JH378170","11023928","11024220","42","13739975"
"chr4","24774981","24775282","JH378204","3945411","3945718","38","20829570"
"chr4","24780773","24781058","JH378153","7259153","7259438","38","17521620"
"chr4","24791553","24791836","JH378270","164747","165029","47","24626806"
"chr4","24867353","24867652","JH378128","11386174","11386482","38","13481179"
"chr4","24880849","24881147","JH378107","57234936","57235232","41","32354087"
"chr4","24887620","24887922","JH378107","529179","529482","44","24358441"
"chr4","24907605","24907906","JH378110","32866257","32866559","43","7958652"
"chr4","24935780","24936059","JH378342","243194","243483","49","24692586"
"chr4","24940217","24940520","JH378148","15858045","15858345","41","9082172"
"chr4","24961003","24961304","JH378110","40123472","40123770","38","15162469"
"chr4","24967354","24967632","JH378134","22273223","22273498","39","2694131"
"chr4","24973781","24974052","JH378262","1356540","1356809","56","23617241"
"chr4","24980285","24980612","JH378122","4663539","4663860","61","20316746"
"chr4","25002220","25002519","JH378117","33050836","33051141","44","8048616"
"chr4","25009770","25010006","JH378179","5884876","5885115","42","19124894"
"chr4","25019596","25019883","JH378153","7259153","7259438","45","17760443"
"chr4","25019909","25020202","JH378123","9608291","9608584","43","15411618"
"chr4","25020919","25021215","JH378128","11520044","11520338","45","13500875"
"chr4","25053927","25054228","JH378106","6660208","6660505","36","18393719"
"chr4","25065794","25066097","JH378192","5415267","5415549","66","19650527"
"chr4","25070698","25070991","JH378125","15313063","15313352","48","9757635"
"chr4","25077885","25078190","JH378252","4291425","4291721","39","20786460"
"chr4","25079950","25080251","JH378173","10807194","10807499","46","14272756"
"chr4","25126321","25126625","JH378153","14175225","14175527","37","10951096"
"chr4","25127442","25127733","JH378203","4058222","4058515","37","21069220"
"chr4","25156352","25156622","JH378165","6030400","6030671","41","19125952"
"chr4","25173684","25173994","JH378152","13742000","13742297","49","11431684"
"chr4","25175468","25175771","JH378128","11682020","11682333","55","13493448"
"chr4","25176071","25176353","JH378247","2783895","2784175","42","22392176"
"chr4","25183053","25183339","JH378152","16250304","16250576","43","8932749"
"chr4","25184368","25184653","JH378114","23078690","23078986","44","2105678"
"chr4","25186335","25186458","JH378113","24184594","24184718","14","1001741"
"chr4","25189597","25189895","JH378148","2021721","2022019","34","23167876"
"chr4","25192169","25192479","JH378132","21936850","21937158","54","3255319"
"chr4","25194739","25194990","JH378114","40832395","40832641","42","15637656"
"chr4","25205617","25205926","JH378112","30721676","30721989","36","5516059"
"chr4","25206307","25206596","JH378139","16988807","16989096","50","8217500"
"chr4","25207422","25207729","JH378123","5667081","5667374","52","19540341"
"chr4","25218302","25218585","JH378118","26948823","26949097","46","1730521"
"chr4","25231432","25231745","JH378163","12738276","12738587","45","12493156"
"chr4","25232928","25233218","JH378195","2148198","2148495","34","23084730"
"chr4","25234771","25235071","JH378111","26034614","26034912","36","799843"
"chr4","25235450","25235763","JH378118","6633242","6633554","49","18602208"
"chr4","25239646","25239940","JH378105","37949554","37949854","38","12709908"
"chr4","25240162","25240456","JH378167","11202084","11202374","41","14038078"
"chr4","25243606","25243900","JH378290","389647","389937","42","24853959"
"chr4","25252301","25252593","JH378162","11681967","11682260","47","13570334"
"chr4","25258141","25258434","JH378109","8720176","8720466","47","16537965"
"chr4","25262489","25262779","JH378165","3554292","3554583","60","21708197"
"chr4","25276361","25276642","JH378173","2558012","2558297","39","22718349"
"chr4","25278007","25278304","JH378197","6701048","6701344","41","18576959"
"chr4","25282679","25282973","JH378141","14454762","14455052","46","10827917"
"chr4","25285215","25285517","JH378140","7245130","7245426","66","18040085"
"chr4","25288721","25289010","JH378105","63280943","63281232","43","37992222"
"chr4","25297018","25297142","JH378115","22192485","22192607","13","3104533"
"chr4","25299061","25299363","JH378110","9867313","9867609","52","15431748"
"chr4","25302686","25302979","JH378146","4379556","4379832","64","20923130"
"chr4","25307599","25307885","JH378190","8664772","8665060","45","16642827"
"chr4","25316618","25316900","JH378105","50034667","50034949","33","24718049"
"chr4","25318695","25318856","JH378152","13725685","13725847","24","11593010"
"chr4","25319461","25319771","JH378105","48749959","48750266","45","23430498"
"chr4","25321288","25321583","JH378124","2309895","2310193","52","23011393"
"chr4","25330419","25330546","JH378137","4669460","4669585","25","20660959"
"chr4","25350510","25350801","JH378128","11855992","11856286","43","13494518"
"chr4","25360043","25360334","JH378141","14454762","14455052","36","10905281"
"chr4","25361909","25362202","JH378123","9608291","9608584","38","15753618"
"chr4","25365746","25366010","JH378297","217159","217420","49","25148587"
"chr4","25367286","25367568","JH378225","6452973","6453256","41","18914313"
"chr4","25375801","25376106","JH378294","668279","668579","38","24707522"
"chr4","25379208","25379517","JH378110","40011605","40011912","47","14632397"
"chr4","25383649","25383887","JH378122","1513840","1514078","35","23869809"
"chr4","25385885","25386164","JH378124","5490003","5490289","43","19895882"
"chr4","25388552","25388848","JH378110","9867313","9867609","40","15521239"
"chr4","25390278","25390563","JH378123","20740352","20740638","34","4649926"
"chr4","25391069","25391364","JH378105","69163567","69163856","36","43772498"
"chr4","25393372","25393686","JH378206","979818","980128","45","24413554"
"chr4","25395649","25395957","JH378113","15232832","15233136","47","10162817"
"chr4","25403719","25404011","JH378119","360557","360852","41","25043162"
"chr4","25411132","25411418","JH378105","1722256","1722535","45","23688876"
"chr4","25416036","25416333","JH378114","42118001","42118296","46","16701965"
"chr4","25422328","25422642","JH378113","17168263","17168574","48","8254065"
"chr4","25423100","25423399","JH378114","37107689","37107986","47","11684589"
"chr4","25439187","25439495","JH378118","23410989","23411298","47","2028198"
"chr4","25443404","25443696","JH378115","34769363","34769654","39","9325959"
"chr4","25447087","25447383","JH378165","1378573","1378868","52","24068514"
"chr4","25450030","25450337","JH378188","8091152","8091459","37","17358878"
"chr4","25458099","25458398","JH378141","16068904","16069183","60","9389195"
"chr4","25468878","25469138","JH378108","50135407","50135669","42","24666529"
"chr4","25473743","25473920","JH378137","7621413","7621593","31","17852330"
"chr4","25476315","25476599","JH378105","50034667","50034949","42","24558352"
"chr4","25489928","25490232","JH378129","3247646","3247946","38","22242282"
"chr4","25498103","25498350","JH378150","15963205","15963454","48","9534898"
"chr4","25513666","25513962","JH378115","28716128","28716418","43","3202462"
"chr4","25518320","25518632","JH378112","33452684","33452993","42","7934364"
"chr4","25518972","25519265","JH378145","10818566","10818852","45","14700406"
"chr4","25525833","25526123","JH378239","1969740","1970030","37","23556093"
"chr4","25549066","25549372","JH378116","25790477","25790774","43","241411"
"chr4","25549433","25549744","JH378184","748241","748547","59","24801192"
"chr4","25573711","25574009","JH378242","734891","735189","42","24838820"
"chr4","25658684","25658969","JH378220","4313954","4314245","41","21344730"
"chr4","25671205","25671516","JH378129","7435169","7435479","44","18236036"
"chr4","25684747","25685077","JH378129","11264815","11265133","50","14419932"
"chr4","25752068","25752323","JH378105","5945785","5946044","37","19806283"
"chr4","25759462","25759755","JH378118","9648401","9648702","55","16111061"
"chr4","25786662","25786956","JH378163","14312901","14313198","39","11473761"
"chr4","25805637","25805932","JH378106","68377365","68377661","35","42571728"
"chr4","25809966","25810270","JH378113","4126123","4126428","36","21683843"
"chr4","25835546","25835836","JH378116","23784419","23784710","42","2051127"
"chr4","25853195","25853501","JH378188","9401785","9402089","33","16451410"
"chr4","25857342","25857652","JH378111","9912952","9913260","45","15944390"
"chr4","25863770","25864070","JH378189","4262802","4263099","38","21600968"
"chr4","25869417","25869719","JH378242","734891","735189","35","25134526"
"chr4","25872009","25872303","JH378110","9867313","9867609","38","16004696"
"chr4","25882665","25882968","JH378106","9665994","9666288","57","16216671"
"chr4","25885618","25885919","JH378142","14547168","14547469","37","11338450"
"chr4","25912503","25912808","JH378125","6937942","6938242","47","18974561"
"chr4","25915299","25915606","JH378188","7232167","7232465","35","18683132"
"chr4","25948806","25949086","JH378213","4422853","4423134","41","21525953"
"chr4","25955563","25955872","JH378222","1253361","1253669","39","24702202"
"chr4","25971653","25971944","JH378112","32590536","32590832","41","6618883"
"chr4","25978864","25979160","JH378135","17707279","17707571","39","8271585"
"chr4","25979967","25980246","JH378232","4875587","4875862","51","21104380"
"chr4","26017850","26018156","JH378150","572888","573192","43","25444962"
"chr4","26065546","26065840","JH378128","12595673","12595962","43","13469873"
"chr4","26069948","26070249","JH378148","13262362","13262662","51","12807586"
"chr4","26076306","26076584","JH378204","4453447","4453732","48","21622859"
"chr4","26115258","26115563","JH378153","6961849","6962156","45","19153409"
"chr4","26162946","26163246","JH378128","12691548","12691851","41","13471398"
"chr4","26175680","26175961","JH378180","5047484","5047772","35","21128196"
"chr4","26176490","26176761","JH378135","4531365","4531638","42","21645125"
"chr4","26261185","26261477","JH378111","18114047","18114340","38","8147138"
"chr4","26262886","26263196","JH378167","3626557","3626863","61","22636329"
"chr4","26264631","26264879","JH378141","14460638","14460888","39","11803993"
"chr4","26281558","26281682","JH378110","29517662","29517779","36","3236104"
"chr4","26434923","26435224","JH378186","1525813","1526111","38","24909110"
"chr4","26439753","26440059","JH378209","817724","818023","47","25622029"
"chr4","26471327","26471623","JH378188","7232167","7232465","40","19239160"
"chr4","26503789","26504093","JH378128","13027286","13027591","39","13476503"
"chr4","26584819","26585130","JH378112","23716016","23716324","41","2868803"
"chr4","26586585","26586897","JH378107","45328038","45328353","54","18741453"
"chr4","26605436","26605735","JH378242","734891","735189","43","25870545"
"chr4","26648029","26648302","JH378128","13166884","13167151","35","13481145"
"chr4","26655842","26656149","JH378243","90680","90981","42","26565162"
"chr4","26721366","26721651","JH378127","5317720","5318008","41","21403646"
"chr4","26723061","26723352","JH378123","5667081","5667374","36","21055980"
"chr4","26738349","26738622","JH378273","741141","741416","51","25997208"
"chr4","26744498","26744802","JH378173","35425","35728","44","26709073"
"chr4","26771010","26771310","JH378161","6495296","6495599","54","20275714"
"chr4","26810217","26810526","JH378127","1791547","1791857","55","25018670"
"chr4","26814955","26815251","JH378151","7281584","7281884","38","19533371"
"chr4","26828722","26829020","JH378176","9169030","9169331","43","17659692"
"chr4","26846692","26846965","JH378128","13384377","13384649","32","13462315"
"chr4","26852018","26852297","JH378128","13390002","13390278","34","13462016"
"chr4","26870942","26871237","JH378195","764437","764739","52","26106505"
"chr4","26931399","26931709","JH378140","16383226","16383525","54","10548173"
"chr4","27007900","27008197","JH378124","21810409","21810705","41","5197491"
"chr4","27102248","27102558","JH378175","6742080","6742384","42","20360168"
"chr4","27138159","27138467","JH378129","10512559","10512869","33","16625600"
"chr4","27188919","27189221","JH378110","7881643","7881940","48","19307276"
"chr4","27193814","27194119","JH378153","14175225","14175527","41","13018589"
"chr4","27325527","27325854","JH378129","10311891","10312185","70","17013636"
"chr4","27446195","27446490","JH378149","10037674","10037969","52","17408521"
"chr4","27646000","27646298","JH378123","12589531","12589816","55","15056469"
"chr4","27696960","27697241","JH378121","16577236","16577527","54","11119724"
"chr4","27713795","27714077","JH378113","24898313","24898596","42","2815482"
"chr4","27731910","27732200","JH378133","20524470","20524758","57","7207440"
"chr4","27784161","27784458","JH378242","734891","735189","45","27049270"
"chr4","27809100","27809365","JH378155","5898072","5898340","48","21911028"
"chr4","27856353","27856638","JH378114","30421755","30422034","47","2565402"
"chr4","27944151","27944458","JH378171","3664627","3664940","46","24279524"
"chr4","28001921","28002220","JH378111","40734534","40734829","41","12732613"
"chr4","28040964","28041228","JH378110","7925750","7926017","32","20115214"
"chr4","28053814","28054096","JH378128","14619822","14620109","42","13433992"
"chr4","28063762","28064073","JH378190","2228134","2228434","52","25835628"
"chr4","28093476","28093774","JH378114","38793298","38793595","51","10699822"
"chr4","28093818","28093838","JH378110","39932633","39932649","7","11838815"
"chr4","28103742","28104048","JH378115","19640069","19640372","43","8463673"
"chr4","28288032","28288319","JH378167","2327082","2327371","54","25960950"
"chr4","28309851","28310146","JH378140","6600808","6601106","42","21709043"
"chr4","28320596","28320887","JH378246","3722473","3722758","48","24598123"
"chr4","28429805","28430116","JH378112","34729999","34730307","55","6300194"
"chr4","28553848","28554151","JH378125","9831742","9832046","48","18722106"
"chr4","28703202","28703509","JH378288","2786677","2786981","53","25916525"
"chr4","28713697","28714002","JH378148","12754921","12755229","50","15958776"
"chr4","28719468","28719767","JH378216","4615820","4616115","61","24103648"
"chr4","28748570","28748883","JH378128","15325919","15326230","53","13422651"
"chr4","28750293","28750602","JH378118","10693452","10693756","47","18056841"
"chr4","28875929","28876239","JH378127","13229242","13229553","48","15646687"
"chr4","28902618","28902855","JH378191","5492155","5492388","58","23410463"
"chr4","29032471","29032774","JH378199","281986","282282","56","28750485"
"chr4","29267761","29268066","JH378128","15843050","15843348","53","13424711"
"chr4","29336788","29337093","JH378119","11041818","11042117","51","18294970"
"chr4","29399133","29399419","JH378204","3222855","3223147","59","26176278"
"chr4","29494879","29495180","JH378235","3957900","3958200","56","25536979"
"chr4","29496410","29496688","JH378128","16054871","16055152","48","13441539"
"chr4","29541927","29542206","JH378131","16187314","16187599","46","13354613"
"chr4","29586792","29587095","JH378163","12425279","12425581","43","17161513"
"chr4","29639843","29640133","JH378122","7809799","7810085","45","21830044"
"chr4","29673189","29673476","JH378106","71227716","71228002","58","41554527"
"chr4","29696324","29696626","JH378206","918187","918493","45","28778137"
"chr4","29769368","29769665","JH378212","646912","647207","42","29122456"
"chr4","29847895","29848212","JH378105","23798291","23798595","49","6049604"
"chr4","29858108","29858425","JH378211","1951298","1951606","46","27906810"
"chr4","30021315","30021605","JH378190","5062737","5063029","44","24958578"
"chr4","30073734","30074020","JH378127","13369770","13370057","45","16703964"
"chr4","30142529","30142827","JH378198","6643049","6643347","44","23499480"
"chr4","30391196","30391472","JH378119","13341226","13341504","42","17049970"
"chr4","30418221","30418513","JH378105","69163567","69163856","52","38745346"
"chr4","30488109","30488381","JH378184","5326135","5326413","48","25161974"
"chr4","30600989","30601320","JH378117","32856480","32856791","60","2255491"
"chr4","30647438","30647728","JH378172","9343322","9343615","40","21304116"
"chr4","30678214","30678528","JH378184","5228496","5228807","43","25449718"
"chr4","30679162","30679462","JH378220","4350061","4350357","41","26329101"
"chr4","30746103","30746401","JH378128","17268909","17269206","49","13477194"
"chr4","30781400","30781684","JH378145","7752076","7752352","48","23029324"
"chr4","30817559","30817872","JH378177","5640956","5641241","66","25176603"
"chr4","30831231","30831520","JH378115","39565442","39565741","53","8734211"
"chr4","30838334","30838643","JH378151","4578678","4578981","48","26259656"
"chr4","30945205","30945500","JH378144","9395777","9396065","41","21549428"
"chr4","31036500","31036775","JH378128","11289647","11289922","39","19746853"
"chr4","31073458","31073741","JH378159","13000645","13000925","44","18072813"
"chr4","31093093","31093338","JH378108","44604172","44604416","40","13511079"
"chr4","31205925","31206133","JH378108","22310384","22310591","39","8895541"
"chr4","31221388","31221689","JH378110","6965048","6965350","44","24256340"
"chr4","31369789","31370109","JH378125","15502913","15503216","69","15866876"
"chr4","31448113","31448393","JH378138","2161476","2161752","56","29286637"
"chr4","31585543","31585723","JH378279","2759249","2759427","28","28826294"
"chr4","31775488","31775778","JH378242","2795079","2795370","50","28980409"
"chr4","31841398","31841670","JH378127","12721842","12722114","45","19119556"
"chr4","31911691","31911992","JH378140","14147137","14147431","53","17764554"
"chr4","31959926","31960223","JH378117","6076538","6076831","36","25883388"
"chr4","31996701","31996968","JH378107","57919440","57919697","60","25922739"
"chr4","32016891","32017187","JH378107","529179","529482","45","31487712"
"chr4","32142959","32143169","JH378172","11920670","11920866","48","20222289"
"chr4","32151110","32151283","JH378108","4842185","4842354","29","27308925"
"chr4","32235775","32236068","JH378163","7979184","7979478","42","24256591"
"chr4","32255554","32255851","JH378151","15477184","15477485","47","16778370"
"chr4","32268497","32268761","JH378115","33539709","33539980","52","1271212"
"chr4","32355178","32355488","JH378128","11635122","11635422","55","20720056"
"chr4","32997256","32997512","JH378151","16815556","16815807","59","16181700"
"chr4","33024845","33025143","JH378128","18962337","18962629","45","14062508"
"chr4","33072623","33072900","JH378115","16549844","16550133","56","16522779"
"chr4","33119950","33120197","JH378124","3411095","3411342","40","29708855"
"chr4","33135084","33135359","JH378192","5415267","5415549","45","27719817"
"chr4","33153405","33153696","JH378113","21234201","21234490","40","11919204"
"chr4","33292831","33293106","JH378283","1409036","1409310","40","31883795"
"chr4","33406853","33407148","JH378180","4850158","4850452","53","28556695"
"chr4","33461159","33461470","JH378118","23410989","23411298","52","10050170"
"chr4","33489044","33489254","JH378109","30853619","30853836","33","2635425"
"chr4","33602824","33603151","JH378114","36279685","36279996","66","2676861"
"chr4","33678192","33678312","JH378120","16897866","16897984","21","16780326"
"chr4","33678355","33678510","JH378118","13209151","13209308","36","20469204"
"chr4","33734231","33734527","JH378143","8639762","8640057","39","25094469"
"chr4","33764288","33764566","JH378105","50034667","50034949","51","16270379"
"chr4","33773028","33773315","JH378109","12261651","12261938","57","21511377"
"chr4","33903351","33903659","JH378188","8305765","8306076","51","25597586"
"chr4","33963452","33963744","JH378109","30815320","30815618","51","3148132"
"chr4","33983212","33983511","JH378106","69063427","69063728","54","35080215"
"chr4","34157437","34157728","JH378105","50034667","50034949","47","15877230"
"chr4","34186768","34187057","JH378200","261439","261727","55","33925329"
"chr4","34239235","34239540","JH378269","2798798","2799107","50","31440437"
"chr4","34268328","34268611","JH378114","19860438","19860722","42","14407890"
"chr4","34402219","34402512","JH378136","20202278","20202570","55","14199941"
"chr4","34525217","34525511","JH378252","4291425","4291721","43","30233792"
"chr4","34686766","34687054","JH378108","35222178","35222469","45","535412"
"chr4","34778733","34779023","JH378105","57207463","57207754","59","22428730"
"chr4","34921656","34921969","JH378188","8091152","8091459","48","26830504"
"chr4","34967758","34968056","JH378173","675105","675399","45","34292653"
"chr4","34976391","34976688","JH378117","28666592","28666888","40","6309799"
"chr4","35058745","35059043","JH378186","1525813","1526111","37","33532932"
"chr4","35162289","35162586","JH378128","21045725","21046022","47","14116564"
"chr4","35286644","35286963","JH378128","21154326","21154651","71","14132318"
"chr4","35297275","35297549","JH378128","11289647","11289922","44","24007628"
"chr4","35415145","35415451","JH378161","9835663","9835963","51","25579482"
"chr4","35501446","35501748","JH378106","69063427","69063728","40","33561981"
"chr4","35564599","35564900","JH378152","15669130","15669431","39","19895469"
"chr4","35720768","35721073","JH378110","2590007","2590314","38","33130761"
"chr4","35723648","35723940","JH378133","10040192","10040484","55","25683456"
"chr4","35802679","35802976","JH378203","2021950","2022247","48","33780729"
"chr4","35829085","35829313","JH378128","21638340","21638559","35","14190745"
"chr4","35869839","35870134","JH378110","16059900","16060187","52","19809939"
"chr4","36031275","36031492","JH378139","1594662","1594875","44","34436613"
"chr4","36125069","36125351","JH378109","36991960","36992244","45","866891"
"chr4","36174739","36175001","JH378128","21963615","21963874","42","14211124"
"chr4","36283051","36283306","JH378128","22078725","22078989","45","14204326"
"chr4","36328916","36329207","JH378221","5809724","5810019","36","30519192"
"chr4","36334786","36335058","JH378141","19313862","19314135","43","17020924"
"chr4","36371477","36371776","JH378121","9612204","9612501","38","26759273"
"chr4","36409793","36410074","JH378105","57207463","57207754","43","20797670"
"chr4","36410108","36410122","JH378105","48290961","48290972","6","11880853"
"chr4","36424041","36424337","JH378212","1616066","1616370","53","34807975"
"chr4","36424882","36425191","JH378157","1537583","1537884","53","34887299"
"chr4","36427361","36427673","JH378162","5858632","5858944","48","30568729"
"chr4","36438658","36438969","JH378122","1461161","1461463","70","34977497"
"chr4","36493108","36493427","JH378157","1154304","1154607","65","35338804"
"chr4","36536278","36536566","JH378143","4161321","4161600","43","32374957"
"chr4","36774145","36774437","JH378176","10650673","10650963","43","26123472"
"chr4","36909330","36909627","JH378128","22654446","22654741","45","14254884"
"chr4","36923125","36923427","JH378129","3247646","3247946","48","33675479"
"chr4","37033041","37033337","JH378201","119475","119755","60","36913566"
"chr4","37150341","37150619","JH378185","9919928","9920205","45","27230413"
"chr4","37184457","37184750","JH378255","1058410","1058705","43","36126047"
"chr4","37204180","37204415","JH378216","2032845","2033090","42","35171335"
"chr4","37230508","37230823","JH378157","11907979","11908290","61","25322529"
"chr4","37262573","37262874","JH378111","16229116","16229415","38","21033457"
"chr4","37347262","37347543","JH378138","6147044","6147323","39","31200218"
"chr4","37577488","37577774","JH378263","403647","403936","40","37173841"
"chr4","37580293","37580598","JH378156","10837845","10838152","52","26742448"
"chr4","37665401","37665709","JH378112","23716016","23716324","47","13949385"
"chr4","37714952","37715277","JH378133","19850966","19851274","65","17863986"
"chr4","37750904","37751227","JH378128","23428619","23428929","57","14322285"
"chr4","37751249","37751545","JH378170","1616807","1617104","35","36134442"
"chr4","37756833","37756965","JH378262","310456","310588","16","37446377"
"chr4","37772927","37773229","JH378269","1106814","1107118","38","36666113"
"chr4","37783026","37783280","JH378139","1363865","1364120","36","36419161"
"chr4","37785315","37785615","JH378149","15885379","15885676","39","21899936"
"chr4","37790682","37790959","JH378151","7886262","7886543","52","29904420"
"chr4","37794322","37794596","JH378140","8016429","8016707","55","29777893"
"chr4","37803472","37803774","JH378235","3957900","3958200","36","33845572"
"chr4","37811366","37811655","JH378127","19331819","19332107","45","18479547"
"chr4","37829568","37829876","JH378141","10991910","10992217","41","26837658"
"chr4","37835944","37836185","JH378126","23877123","23877373","44","13958821"
"chr4","37867681","37867984","JH378148","2797982","2798286","41","35069699"
"chr4","37887294","37887608","JH378110","2590007","2590314","43","35297287"
"chr4","37894137","37894442","JH378133","9812784","9813080","47","28081353"
"chr4","37915295","37915588","JH378107","28361675","28361967","39","9553620"
"chr4","37921882","37922151","JH378114","20734954","20735221","36","17186928"
"chr4","37938178","37938482","JH378107","51667756","51668056","50","13729578"
"chr4","37938801","37939104","JH378111","20516337","20516639","44","17422464"
"chr4","37948004","37948307","JH378149","14546048","14546350","40","23401956"
"chr4","37986431","37986666","JH378111","16385749","16385975","39","21600682"
"chr4","38001725","38002030","JH378203","7036188","7036492","45","30965537"
"chr4","38006236","38006521","JH378213","4422853","4423134","45","33583383"
"chr4","38013084","38013385","JH378110","15808603","15808903","42","22204481"
"chr4","38032753","38033049","JH378290","1449167","1449465","33","36583586"
"chr4","38075384","38075636","JH378110","28535393","28535639","42","9539991"
"chr4","38077280","38077552","JH378115","8029436","8029707","40","30047844"
"chr4","38082636","38082938","JH378242","734891","735189","35","37347745"
"chr4","38088121","38088432","JH378156","10837845","10838152","48","27250276"
"chr4","38099336","38099617","JH378105","50034667","50034949","37","11935331"
"chr4","38101715","38102049","JH378128","23764980","23765280","65","14336735"
"chr4","38129670","38129964","JH378214","5755548","5755843","44","32374122"
"chr4","38130851","38131145","JH378128","23789230","23789527","42","14341621"
"chr4","38138528","38138808","JH378283","2933790","2934070","65","35204738"
"chr4","38139157","38139448","JH378242","734891","735189","45","37404266"
"chr4","38148269","38148547","JH378171","8159190","8159468","42","29989079"
"chr4","38163530","38163819","JH378105","72088357","72088646","39","33924827"
"chr4","38205356","38205664","JH378148","12739793","12740098","68","25465563"
"chr4","38224623","38224923","JH378105","45886739","45887040","34","7662116"
"chr4","38234678","38234974","JH378110","9867313","9867609","45","28367365"
"chr4","38245961","38246245","JH378306","1121831","1122118","42","37124130"
"chr4","38380225","38380528","JH378109","7871609","7871912","39","30508616"
"chr4","38394798","38395103","JH378186","1525813","1526111","44","36868985"
"chr4","38408078","38408398","JH378128","24062583","24062893","48","14345495"
"chr4","38408990","38409314","JH378220","3529038","3529359","45","34879952"
"chr4","38434896","38435188","JH378194","564549","564837","39","37870347"
"chr4","38464407","38464657","JH378145","582483","582727","40","37881924"
"chr4","38488219","38488535","JH378108","8388787","8389097","46","30099432"
"chr4","38524132","38524425","JH378111","8498303","8498600","43","30025829"
"chr4","38579988","38580295","JH378105","48749959","48750266","45","10169971"
"chr4","38631147","38631441","JH378111","43268192","43268483","37","4637045"
"chr4","38655718","38656030","JH378123","13983908","13984216","47","24671810"
"chr4","38676683","38676943","JH378112","32952210","32952469","32","5724473"
"chr4","38686468","38686771","JH378123","9608291","9608584","47","29078177"
"chr4","38721905","38722209","JH378189","6755421","6755722","48","31966484"
"chr4","38729782","38730021","JH378198","1027844","1028069","47","37701938"
"chr4","38734190","38734499","JH378106","65370916","65371216","48","26636726"
"chr4","38735251","38735544","JH378187","3252575","3252870","44","35482676"
"chr4","38779278","38779574","JH378114","20958944","20959246","48","17820334"
"chr4","38790523","38790826","JH378106","69063427","69063728","46","30272904"
"chr4","38797606","38797910","JH378118","10693452","10693756","43","28104154"
"chr4","38806973","38807073","JH378121","25032904","25033003","10","13774069"
"chr4","38827010","38827324","JH378156","10837845","10838152","46","27989165"
"chr4","38831218","38831516","JH378123","7698367","7698657","38","31132851"
"chr4","38831794","38832102","JH378128","25234621","25234932","38","13597173"
"chr4","38833026","38833155","JH378108","22384104","22384234","13","16448922"
"chr4","38833391","38833523","JH378293","2235360","2235488","14","36598031"
"chr4","38837614","38837903","JH378114","36477337","36477631","39","2360277"
"chr4","38838995","38839277","JH378156","3213769","3214050","42","35625226"
"chr4","38843862","38844135","JH378135","15619309","15619595","58","23224553"
"chr4","38858678","38858969","JH378105","17592520","17592809","36","21266158"
"chr4","38859498","38859782","JH378118","33683606","33683888","49","5175892"
"chr4","38884051","38884355","JH378114","41499633","41499943","51","2615582"
"chr4","38901752","38902045","JH378165","1378573","1378868","40","37523179"
"chr4","38904385","38904693","JH378123","605913","606227","43","38298472"
"chr4","38917865","38918164","JH378151","4578678","4578981","41","34339187"
"chr4","38923277","38923603","JH378145","6472158","6472470","56","32451119"
"chr4","38926075","38926376","JH378294","1923938","1924234","49","37002137"
"chr4","38938678","38938977","JH378203","1903645","1903942","40","37035033"
"chr4","38939589","38939722","JH378125","4589691","4589826","13","34349898"
"chr4","38939723","38940022","JH378105","14432202","14432497","46","24507521"
"chr4","38947224","38947515","JH378213","4435380","4435669","39","34511844"
"chr4","39006799","39007102","JH378128","24665034","24665332","41","14341765"
"chr4","39023239","39023475","JH378142","18396420","18396654","47","20626819"
"chr4","39062767","39063086","JH378122","4663539","4663860","48","34399228"
"chr4","39093281","39093592","JH378191","1053330","1053642","44","38039951"
"chr4","39094827","39095121","JH378247","561987","562291","52","38532840"
"chr4","39095741","39096051","JH378128","24756291","24756602","42","14339450"
"chr4","39101389","39101689","JH378262","1936694","1936996","33","37164695"
"chr4","39107925","39108223","JH378173","10880896","10881187","42","28227029"
"chr4","39155069","39155341","JH378205","4235522","4235796","40","34919547"
"chr4","39159651","39159959","JH378204","2548096","2548400","44","36611555"
"chr4","39172822","39172978","JH378213","4209495","4209630","37","34963327"
"chr4","39187859","39188146","JH378174","576457","576744","39","38611402"
"chr4","39196592","39196893","JH378262","1936694","1936996","38","37259898"
"chr4","39208707","39209011","JH378128","24870042","24870335","39","14338665"
"chr4","39209759","39210024","JH378153","12378435","12378703","51","26831324"
"chr4","39223544","39223837","JH378117","6076538","6076831","44","33147006"
"chr4","39228545","39228838","JH378135","1649406","1649695","34","37579139"
"chr4","39237542","39237794","JH378113","22006241","22006515","60","17231301"
"chr4","39240859","39241113","JH378139","1363865","1364120","37","37876994"
"chr4","39246756","39247054","JH378242","734891","735189","34","38511865"
"chr4","39249054","39249357","JH378188","7232167","7232465","47","32016887"
"chr4","39261557","39261851","JH378151","7077442","7077738","47","32184115"
"chr4","39274574","39274867","JH378128","24954809","24955101","37","14319765"
"chr4","39278970","39279272","JH378255","3447746","3448043","45","35831224"
"chr4","39298147","39298439","JH378187","9722219","9722515","54","29575928"
"chr4","39311168","39311471","JH378195","2148198","2148495","52","37162970"
"chr4","39312647","39312955","JH378158","4130633","4130943","59","35182014"
"chr4","39324985","39325271","JH378177","1708154","1708440","36","37616831"
"chr4","39327778","39328086","JH378167","4158411","4158718","37","35169367"
"chr4","39331137","39331433","JH378191","967537","967830","39","38363600"
"chr4","39334215","39334538","JH378197","8660298","8660600","54","30673917"
"chr4","39344403","39344753","JH378289","38982","39339","78","39305421"
"chr4","39363108","39363448","JH378114","36871907","36872207","85","2491201"
"chr4","39366846","39367146","JH378290","389647","389937","39","38977199"
"chr4","39382696","39382828","AGCE01150063","86","218","25","39382610"
"chr4","39383133","39383294","JH378223","6139261","6139416","33","33243872"
"chr4","39392437","39392727","JH378138","6648162","6648458","37","32744275"
"chr4","39404168","39404477","JH378105","65258918","65259229","58","25854750"
"chr4","39444305","39444616","JH378151","5524653","5524965","36","33919652"
"chr4","39450767","39451070","JH378152","13742000","13742297","36","25708767"
"chr4","39454352","39454648","JH378117","28666592","28666888","39","10787760"
"chr4","39459323","39459615","JH378136","354228","354520","40","39105095"
"chr4","39462032","39462321","JH378106","3058385","3058676","41","36403647"
"chr4","39478868","39479170","JH378188","7232167","7232465","46","32246701"
"chr4","39512052","39512096","JH378109","11792680","11792718","10","27719372"
"chr4","39512183","39512476","JH378115","34769363","34769654","38","4742820"
"chr4","39525464","39525753","JH378316","391481","391778","39","39133983"
"chr4","39527452","39527744","JH378142","1101221","1101514","44","38426231"
"chr4","39551952","39552250","JH378116","37812207","37812513","37","1739745"
"chr4","39555447","39555574","JH378136","7101038","7101158","15","32454409"
"chr4","39556272","39556566","JH378117","7674599","7674883","60","31881673"
"chr4","39574425","39574734","JH378150","8762710","8763014","37","30811715"
"chr4","39599868","39600159","JH378128","25269336","25269627","38","14330532"
"chr4","39600288","39600593","JH378158","4130633","4130943","45","35469655"
"chr4","39603084","39603374","JH378124","6001393","6001683","49","33601691"
"chr4","39603375","39603653","JH378113","3187673","3187950","43","36415702"
"chr4","39604373","39604671","JH378108","32912059","32912352","37","6692314"
"chr4","39606231","39606528","JH378242","734891","735189","38","38871340"
"chr4","39607433","39607568","JH378158","3234628","3234759","15","36372805"
"chr4","39616417","39616713","JH378163","12637070","12637367","34","26979347"
"chr4","39616932","39617008","JH378312","794176","794254","7","38822756"
"chr4","39621829","39622180","JH378124","869342","869688","76","38752487"
"chr4","39624471","39624758","JH378308","264797","265077","76","39359674"
"chr4","39627174","39627236","JH378153","1923956","1924019","12","37703218"
"chr4","39646615","39646901","JH378129","10311891","10312185","48","29334724"
"chr4","39659558","39659843","JH378119","5505381","5505671","48","34154177"
"chr4","39663621","39663752","JH378248","1131095","1131226","15","38532526"
"chr4","39681840","39682130","JH378134","14785263","14785558","41","24896577"
"chr4","39683852","39684131","JH378189","719706","719987","39","38964146"
"chr4","39729839","39730129","JH378105","14432202","14432497","40","25297637"
"chr4","39731464","39731767","JH378262","1936694","1936996","37","37794770"
"chr4","39733619","39733921","JH378242","734891","735189","37","38998728"
"chr4","39734882","39735182","JH378197","3241273","3241575","45","36493609"
"chr4","39742858","39743176","JH378108","49898869","49899179","67","10156011"
"chr4","39748441","39748739","JH378242","734891","735189","37","39013550"
"chr4","39756027","39756268","JH378111","28251311","28251556","62","11504716"
"chr4","39757493","39757784","JH378111","10950886","10951178","40","28806607"
"chr4","39761692","39762050","JH378120","6505052","6505367","88","33256640"
"chr4","39764380","39764679","JH378116","14428154","14428454","39","25336226"
"chr4","39776288","39776597","JH378110","41926927","41927226","60","2150639"
"chr4","39784261","39784543","JH378173","4795221","4795500","43","34989040"
"chr4","39796546","39796851","JH378135","1618015","1618319","43","38178531"
"chr4","39802686","39802972","JH378139","369956","370243","39","39432730"
"chr4","39815972","39816275","JH378262","1936694","1936996","41","37879278"
"chr4","39819570","39819851","JH378153","15006959","15007234","42","24812611"
"chr4","39827427","39827704","JH378233","253592","253866","39","39573835"
"chr4","39830314","39830628","JH378105","18443007","18443317","44","21387307"
"chr4","39837202","39837316","JH378217","100735","100849","11","39736467"
"chr4","39843245","39843314","JH378126","23799482","23799549","13","16043763"
"chr4","39843929","39844208","JH378189","177130","177409","39","39666799"
"chr4","39848424","39848713","JH378114","42118001","42118296","45","2269577"
"chr4","39857198","39857460","JH378133","22334477","22334733","49","17522721"
"chr4","39875330","39875614","JH378204","3222855","3223147","49","36652475"
"chr4","39894985","39895200","JH378242","3223265","3223473","39","36671720"
"chr4","39921619","39921911","JH378189","4142684","4142973","51","35778935"
"chr4","39931928","39932236","JH378220","2808607","2808918","56","37123321"
"chr4","39938702","39938996","JH378190","5062737","5063029","45","34875965"
"chr4","39949752","39950031","JH378110","34952260","34952536","61","4997492"
"chr4","39952765","39953042","JH378244","4658633","4658895","46","35294132"
"chr4","39956181","39956471","JH378244","4656024","4656317","39","35300157"
"chr4","39976210","39976312","JH378281","1550830","1550932","15","38425380"
"chr4","40002006","40002297","JH378244","4619655","4619944","48","35382351"
"chr4","40010345","40010648","JH378288","2786677","2786981","35","37223668"
"chr4","40018884","40019158","JH378110","7125375","7125650","45","32893509"
"chr4","40043468","40043703","JH378244","4571536","4571770","33","35471932"
"chr4","40045319","40045635","JH378108","34552149","34552452","58","5493170"
"chr4","40046230","40046514","JH378105","50034667","50034949","45","9988437"
"chr4","40047710","40048018","JH378115","25675129","25675433","47","14372581"
"chr4","40062811","40063106","JH378163","12759419","12759714","62","27303392"
"chr4","40068436","40068727","JH378191","967537","967830","37","39100899"
"chr4","40071966","40072261","JH378192","8464766","8465066","45","31607200"
"chr4","40079148","40079453","JH378247","561987","562291","41","39517161"
"chr4","40080407","40080706","JH378141","9524229","9524528","52","30556178"
"chr4","40102684","40102982","JH378116","21873490","21873789","43","18229194"
"chr4","40112802","40113051","JH378125","17726712","17726974","47","22386090"
"chr4","40117198","40117511","JH378161","2236995","2237295","51","37880203"
"chr4","40121169","40121472","JH378232","2521046","2521335","51","37600123"
"chr4","40124844","40125120","JH378211","6133510","6133795","48","33991334"
"chr4","40134083","40134353","JH378114","20734954","20735221","45","19399129"
"chr4","40150340","40150628","JH378106","3058385","3058676","51","37091955"
"chr4","40160461","40160594","JH378185","1612323","1612455","21","38548138"
"chr4","40162760","40163071","JH378116","22378952","22379256","47","17783808"
"chr4","40171832","40171955","JH378183","2343554","2343678","21","37828278"
"chr4","40172800","40173109","JH378115","28553246","28553551","47","11619554"
"chr4","40185096","40185405","JH378151","4578678","4578981","44","35606418"
"chr4","40194498","40194718","JH378134","14095096","14095309","36","26099402"
"chr4","40195911","40196046","JH378106","68331756","68331891","19","28135845"
"chr4","40202991","40203271","JH378123","5667081","5667374","55","34535910"
"chr4","40203889","40204177","JH378136","2698913","2699197","44","37504976"
"chr4","40204869","40205174","JH378188","9401785","9402089","42","30803084"
"chr4","40205478","40205775","JH378264","540919","541212","38","39664559"
"chr4","40206546","40206841","JH378158","183774","184064","41","40022772"
"chr4","40217428","40217765","JH378284","371461","371790","51","39845967"
"chr4","40220790","40221034","JH378262","2751970","2752213","33","37468820"
"chr4","40224033","40224336","JH378133","16639644","16639943","50","23584389"
"chr4","40226094","40226235","JH378185","4647380","4647520","16","35578714"
"chr4","40229218","40229443","JH378110","18816027","18816260","44","21413191"
"chr4","40245695","40245963","JH378137","2660646","2660911","38","37585049"
"chr4","40248491","40248755","JH378136","18662480","18662745","50","21586011"
"chr4","40252454","40252764","JH378124","4041596","4041902","55","36210858"
"chr4","40255602","40255889","JH378148","3194804","3195090","47","37060798"
"chr4","40256578","40256860","JH378190","2110516","2110800","45","38146062"
"chr4","40256884","40257141","JH378125","8113653","8113913","38","32143231"
"chr4","40258321","40258599","JH378123","21845033","21845308","47","18413288"
"chr4","40265476","40265775","JH378172","9553918","9554219","46","30711558"
"chr4","40268564","40268863","JH378149","15885379","15885676","38","24383185"
"chr4","40272196","40272367","JH378226","1859769","1859938","33","38412427"
"chr4","40272679","40272824","JH378137","20809279","20809414","26","19463400"
"chr4","40290564","40290857","JH378110","9343353","9343643","41","30947211"
"chr4","40305683","40305976","JH378141","14454762","14455052","39","25850921"
"chr4","40307431","40307726","JH378183","7456715","7457010","41","32850716"
"chr4","40308228","40308541","JH378300","795205","795515","50","39513023"
"chr4","40315418","40315708","JH378288","1300895","1301180","40","39014523"
"chr4","40328179","40328485","JH378225","962832","963129","48","39365347"
"chr4","40329078","40329369","JH378244","4299035","4299319","48","36030043"
"chr4","40336307","40336572","JH378111","8233977","8234247","59","32102330"
"chr4","40340023","40340276","JH378122","5341619","5341861","44","34998404"
"chr4","40349714","40350011","JH378304","60228","60512","43","40289486"
"chr4","40352319","40352615","JH378234","3910030","3910327","38","36442289"
"chr4","40372092","40372404","JH378173","6638457","6638763","49","33733635"
"chr4","40391929","40392222","JH378120","3564285","3564577","38","36827644"
"chr4","40408403","40408717","JH378342","243194","243483","72","40165209"
"chr4","40415778","40416074","JH378176","9100046","9100345","38","31315732"
"chr4","40416673","40416980","JH378244","4212944","4213253","38","36203729"
"chr4","40450888","40451187","JH378220","667156","667455","50","39783732"
"chr4","40452724","40453083","JH378165","3260610","3260942","73","37192114"
"chr4","40470658","40470809","JH378125","5599410","5599561","19","34871248"
"chr4","40473301","40473610","JH378139","10433692","10433994","39","30039609"
"chr4","40490690","40490984","JH378219","3831758","3832053","42","36658932"
"chr4","40495567","40495855","JH378235","4632077","4632354","57","35863490"
"chr4","40499815","40500000","JH378157","12730841","12731008","34","27768974"
"chr4","40525889","40526184","JH378115","39565442","39565741","36","960447"
"chr4","40555718","40556028","JH378244","4073428","4073738","42","36482290"
"chr4","40560307","40560550","JH378266","587131","587373","28","39973176"
"chr4","40561301","40561583","JH378204","6801261","6801541","49","33760040"
"chr4","40565157","40565449","JH378111","43268192","43268483","41","2703035"
"chr4","40567319","40567605","JH378169","5420985","5421269","47","35146334"
"chr4","40571478","40571611","JH378108","22384104","22384234","14","18187374"
"chr4","40587800","40588104","JH378188","7232167","7232465","37","33355633"
"chr4","40594316","40594582","JH378173","3682101","3682354","49","36912215"
"chr4","40595711","40595996","JH378110","20595171","20595459","47","20000540"
"chr4","40609338","40609632","JH378167","11202084","11202374","41","29407254"
"chr4","40618631","40618919","JH378140","14147137","14147431","41","26471494"
"chr4","40623619","40623921","JH378262","1936694","1936996","42","38686925"
"chr4","40631411","40631662","JH378165","2768423","2768681","48","37862988"
"chr4","40643110","40643287","JH378264","1492096","1492274","26","39151014"
"chr4","40653761","40654053","JH378119","360557","360852","41","40293204"
"chr4","40658691","40658804","JH378217","100735","100849","11","40557956"
"chr4","40659466","40659764","JH378151","8876704","8877006","48","31782762"
"chr4","40677298","40677591","JH378257","303275","303558","67","40374023"
"chr4","40678934","40679058","JH378282","1859149","1859273","17","38819785"
"chr4","40683048","40683179","JH378167","6902641","6902771","16","33780407"
"chr4","40685601","40685905","JH378116","14428154","14428454","33","26257447"
"chr4","40689100","40689391","JH378124","6001393","6001683","39","34687707"
"chr4","40690100","40690417","JH378263","1462351","1462662","50","39227749"
"chr4","40695105","40695400","JH378265","117843","118145","37","40577262"
"chr4","40699737","40699835","JH378123","889231","889330","16","39810506"
"chr4","40701342","40701608","JH378165","2768423","2768681","42","37932919"
"chr4","40709634","40709952","JH378121","9612204","9612501","69","31097430"
"chr4","40716011","40716314","JH378201","122224","122525","43","40593787"
"chr4","40721566","40721858","JH378290","833991","834289","47","39887575"
"chr4","40724134","40724427","JH378201","7538594","7538881","38","33185540"
"chr4","40735026","40735323","JH378129","7428752","7429048","46","33306274"
"chr4","40744049","40744350","JH378242","734891","735189","39","40009158"
"chr4","40751485","40751760","JH378189","719706","719987","37","40031779"
"chr4","40762496","40762739","JH378114","22446844","22447092","39","18315652"
"chr4","40762874","40763212","JH378244","3852840","3853170","57","36910034"
"chr4","40764880","40765187","JH378144","18219255","18219560","43","22545625"
"chr4","40768379","40768674","JH378177","1170014","1170294","57","39598365"
"chr4","40770089","40770367","JH378167","7961661","7961938","31","32808428"
"chr4","40771056","40771372","JH378115","14987072","14987385","58","25783984"
"chr4","40771796","40772082","JH378105","1813143","1813427","53","38958653"
"chr4","40778697","40778980","JH378139","15224745","15225030","48","25553952"
"chr4","40785130","40785395","JH378106","59420232","59420492","56","18635102"
"chr4","40792712","40793014","JH378148","16955481","16955786","47","23837231"
"chr4","40795387","40795678","JH378137","14089045","14089336","38","26706342"
"chr4","40809689","40809974","JH378113","2184682","2184974","47","38625007"
"chr4","40815515","40815804","JH378127","5317720","5318008","47","35497795"
"chr4","40817147","40817458","JH378244","3801894","3802204","43","37015253"
"chr4","40830854","40830987","JH378213","4209495","4209630","17","36621359"
"chr4","40841995","40842213","JH378113","41905483","41905699","28","1063488"
"chr4","40862614","40862911","JH378118","11574868","11575165","56","29287746"
"chr4","40866222","40866530","JH378173","5273045","5273355","46","35593177"
"chr4","40867667","40867936","JH378123","8058669","8058944","53","32808998"
"chr4","40871304","40871596","JH378162","11681967","11682260","39","29189337"
"chr4","40873069","40873303","JH378244","3740529","3740762","32","37132540"
"chr4","40873778","40874053","JH378144","7585689","7585980","47","33288089"
"chr4","40888169","40888475","JH378174","8695069","8695365","52","32193100"
"chr4","40903263","40903570","JH378135","1618015","1618319","54","39285248"
"chr4","40903895","40904191","JH378203","7090053","7090349","36","33813842"
"chr4","40906386","40906671","JH378136","272512","272800","44","40633874"
"chr4","40909440","40909725","JH378139","17676474","17676761","45","23232966"
"chr4","40912898","40913209","JH378235","780026","780329","58","40132872"
"chr4","40917968","40918264","JH378116","28282701","28282994","40","12635267"
"chr4","40932037","40932344","JH378235","3957900","3958200","43","36974137"
"chr4","40946381","40946672","JH378244","3673276","3673573","30","37273105"
"chr4","40955062","40955280","JH378248","3970204","3970409","46","36984858"
"chr4","40968671","40968780","JH378163","7953035","7953138","17","33015636"
"chr4","40972722","40973018","JH378242","734891","735189","35","40237831"
"chr4","40996527","40996777","JH378223","1775073","1775313","41","39221454"
"chr4","41024766","41025048","JH378182","136111","136392","44","40888655"
"chr4","41036093","41036385","JH378136","354228","354520","41","40681865"
"chr4","41037313","41037608","JH378111","25553118","25553412","41","15484195"
"chr4","41039165","41039507","JH378120","18067329","18067633","71","22971836"
"chr4","41053928","41054238","JH378262","1490527","1490838","44","39563401"
"chr4","41068419","41068713","JH378240","3063301","3063598","42","38005118"
"chr4","41069572","41069879","JH378204","7978351","7978644","51","33091221"
"chr4","41071075","41071157","JH378118","28897821","28897904","11","12173254"
"chr4","41072830","41073138","JH378160","12202742","12203045","41","28870088"
"chr4","41076548","41076828","JH378124","10016046","10016322","37","31060502"
"chr4","41095058","41095372","JH378223","2908729","2909038","57","38186329"
"chr4","41100585","41100869","JH378119","10249605","10249888","48","30850980"
"chr4","41121487","41121777","JH378242","734891","735189","45","40386596"
"chr4","41121977","41122254","JH378244","3489237","3489514","37","37632740"
"chr4","41176912","41177045","JH378125","4589691","4589826","18","36587221"
"chr4","41203959","41204279","JH378115","14987072","14987385","46","26216887"
"chr4","41207019","41207313","JH378170","4300963","4301254","40","36906056"
"chr4","41259787","41260083","JH378148","105999","106296","45","41153788"
"chr4","41266911","41267199","JH378127","19331819","19332107","43","21935092"
"chr4","41330038","41330345","JH378235","5573027","5573328","39","35757011"
"chr4","41338493","41338761","JH378244","3275353","3275611","39","38063140"
"chr4","41379924","41380214","JH378291","130444","130734","39","41249480"
"chr4","41383147","41383428","JH378156","15693115","15693398","44","25690032"
"chr4","41393222","41393529","JH378121","29941051","29941348","46","11452171"
"chr4","41416272","41416582","JH378118","9514109","9514415","46","31902163"
"chr4","41433892","41434162","JH378283","2933790","2934070","56","38500102"
"chr4","41434362","41434622","JH378249","2533380","2533640","56","38900982"
"chr4","41437004","41437302","JH378185","6039029","6039324","41","35397975"
"chr4","41448251","41448517","JH378174","415794","416056","53","41032457"
"chr4","41454801","41455109","JH378143","598634","598941","48","40856167"
"chr4","41472908","41473193","JH378141","10519531","10519821","50","30953377"
"chr4","41478917","41479233","JH378244","3131125","3131438","52","38347792"
"chr4","41481614","41481861","JH378244","3128296","3128550","36","38353318"
"chr4","41500331","41500630","JH378126","2342041","2342334","60","39158290"
"chr4","41511227","41511517","JH378244","3097239","3097531","40","38413988"
"chr4","41518666","41518939","JH378153","6913785","6914057","36","34604881"
"chr4","41519315","41519578","JH378315","357797","358060","52","41161518"
"chr4","41552534","41552848","JH378224","2515142","2515446","46","39037392"
"chr4","41565553","41565851","JH378138","6648162","6648458","42","34917391"
"chr4","41576068","41576373","JH378118","10693452","10693756","36","30882616"
"chr4","41594421","41594722","JH378186","1525813","1526111","43","40068608"
"chr4","41594861","41595099","JH378244","3010026","3010261","36","38584835"
"chr4","41610644","41610918","JH378111","7087971","7088250","53","34522673"
"chr4","41622670","41622966","JH378138","5345515","5345817","45","36277155"
"chr4","41635737","41636049","JH378244","2964464","2964776","54","38671273"
"chr4","41718760","41719063","JH378107","18459762","18460063","39","23258998"
"chr4","41769036","41769323","JH378145","6668964","6669258","47","35100072"
"chr4","41796829","41797107","JH378108","18001461","18001735","38","23795368"
"chr4","41815778","41816104","JH378141","18811815","18812139","53","23003963"
"chr4","41956912","41957204","JH378226","6485812","6486107","38","35471100"
"chr4","41978268","41978560","JH378272","590349","590654","49","41387919"
"chr4","41997299","41997596","JH378163","5673844","5674139","39","36323455"
"chr4","42068934","42069231","JH378128","23746659","23746957","37","18322275"
"chr4","42084402","42084708","JH378118","10693452","10693756","44","31390950"
"chr4","42089916","42090019","JH378122","10905969","10906073","14","31183947"
"chr4","42119059","42119360","JH378112","43922832","43923126","40","1803773"
"chr4","42226840","42227141","JH378113","11803158","11803457","45","30423682"
"chr4","42268879","42269165","JH378242","734891","735189","46","41533988"
"chr4","42393704","42394010","JH378224","2515142","2515446","45","39878562"
"chr4","42412181","42412478","JH378140","17784224","17784519","36","24627957"
"chr4","42430098","42430405","JH378119","2681409","2681712","42","39748689"
"chr4","42438733","42438992","JH378108","50135407","50135669","44","7696674"
"chr4","42443473","42443691","JH378136","14993492","14993715","47","27449981"
"chr4","42454251","42454570","JH378150","8762710","8763014","54","33691541"
"chr4","42467741","42468042","JH378148","13262362","13262662","43","29205379"
"chr4","42476830","42477125","JH378152","13742000","13742297","36","28734830"
"chr4","42521080","42521368","JH378136","14482580","14482862","52","28038500"
"chr4","42521400","42521412","JH378105","48290961","48290972","4","5769561"
"chr4","42538888","42539128","JH378141","10931765","10932005","38","31607123"
"chr4","42554920","42555228","JH378136","18272310","18272606","56","24282610"
"chr4","42616783","42617085","JH378113","15232832","15233136","48","27383951"
"chr4","42617988","42618295","JH378244","1969724","1970031","38","40648264"
"chr4","42646319","42646615","JH378195","2148198","2148495","48","40498121"
"chr4","42648072","42648363","JH378244","1944092","1944390","44","40703980"
"chr4","42663898","42664136","JH378105","69171826","69172068","37","26507928"
"chr4","42670060","42670367","JH378139","11244771","11245079","38","31425289"
"chr4","42677410","42677708","JH378123","21695970","21696268","41","20981440"
"chr4","42678075","42678373","JH378127","22815027","22815328","54","19863048"
"chr4","42715398","42715675","JH378280","206067","206344","38","42509331"
"chr4","42770914","42771217","JH378118","14888017","14888318","37","27882897"
"chr4","42837080","42837349","JH378349","272552","272823","51","42564528"
"chr4","42926822","42927130","JH378136","14817827","14818135","48","28108995"
"chr4","42929888","42930187","JH378114","10865098","10865397","58","32064790"
"chr4","43197612","43197904","JH378141","14454762","14455052","38","28742850"
"chr4","43346983","43347262","JH378194","7650194","7650482","68","35696789"
"chr4","43583470","43583763","JH378116","28282701","28282994","43","15300769"
"chr4","43616130","43616445","JH378203","7090053","7090349","55","36526077"
"chr4","43669293","43669598","JH378118","20140583","20140886","38","23528710"
"chr4","43786021","43786314","JH378117","6076538","6076831","41","37709483"
"chr4","43790449","43790749","JH378111","38162771","38163069","42","5627678"
"chr4","43837908","43838116","JH378135","5442081","5442282","51","38395827"
"chr4","43884026","43884300","JH378124","10016046","10016322","50","33867980"
"chr4","43914889","43915117","JH378165","3182631","3182853","43","40732258"
"chr4","43933490","43933793","JH378105","45886739","45887040","38","1953249"
"chr4","43947141","43947451","JH378244","1259800","1260093","50","42687341"
"chr4","43949272","43949563","JH378135","15931802","15932093","48","28017470"
"chr4","44002257","44002557","JH378105","35267870","35268168","52","8734387"
"chr4","44004359","44004661","JH378226","6485812","6486107","52","37518547"
"chr4","44007248","44007376","JH378113","24184594","24184718","41","19822654"
"chr4","44132395","44132631","JH378225","1669956","1670188","30","42462439"
"chr4","44158781","44159084","JH378107","32724688","32724991","45","11434093"
"chr4","44182217","44182512","JH378216","6604189","6604471","57","37578028"
"chr4","44221122","44221388","JH378153","528124","528390","41","43692998"
"chr4","44301110","44301391","JH378115","15001483","15001774","57","29299627"
"chr4","44770968","44771256","JH378106","28194566","28194850","43","16576402"
"chr4","44784036","44784329","JH378242","734891","735189","45","44049145"
"chr4","44876935","44877226","JH378116","23971370","23971666","50","20905565"
"chr4","44995765","44996066","JH378204","3945411","3945718","38","41050354"
"chr4","44997072","44997362","JH378114","8664608","8664896","28","36332464"
"chr4","44997765","44998095","JH378116","25720911","25721239","56","19276854"
"chr4","45006314","45006602","JH378106","63049845","63050128","60","18043531"
"chr4","45027300","45027601","JH378114","37107689","37107986","45","7919611"
"chr4","45030350","45030460","JH378115","32668354","32668464","34","12361996"
"chr4","45031982","45032278","JH378195","6908847","6909146","46","38123135"
"chr4","45068043","45068348","JH378184","9524150","9524457","76","35543893"
"chr4","45076291","45076587","JH378192","5404726","5405023","46","39671565"
"chr4","45086965","45087259","JH378114","23389507","23389792","65","21697458"
"chr4","45126100","45126388","JH378109","21078660","21078946","44","24047440"
"chr4","45126517","45126584","JH378115","27779169","27779234","7","17347348"
"chr4","45127849","45128121","JH378238","1405402","1405674","55","43722447"
"chr4","45136502","45136671","JH378157","8419595","8419760","36","36716907"
"chr4","45136968","45137095","JH378232","4035468","4035592","15","41101500"
"chr4","45146111","45146416","JH378123","29792372","29792668","43","15353739"
"chr4","45235501","45235800","JH378110","7881643","7881940","43","37353858"
"chr4","45289867","45290162","JH378138","6648162","6648458","44","38641705"
"chr4","45292845","45293141","JH378115","39565442","39565741","51","5727403"
"chr4","45330075","45330375","JH378135","1709264","1709555","63","43620811"
"chr4","45348258","45348553","JH378247","4426259","4426553","47","40921999"
"chr4","45406100","45406395","JH378203","1371532","1371823","48","44034568"
"chr4","45417600","45417901","JH378163","10576395","10576693","37","34841205"
"chr4","45418215","45418515","JH378137","5836126","5836431","40","39582089"
"chr4","45437271","45437576","JH378184","748241","748547","40","44689030"
"chr4","45438602","45438916","JH378121","15961888","15962191","46","29476714"
"chr4","45466239","45466529","JH378107","57287252","57287540","43","11821013"
"chr4","45482670","45482986","JH378264","3529382","3529690","40","41953288"
"chr4","45495721","45496005","JH378105","1425495","1425782","58","44070226"
"chr4","45567547","45567847","JH378114","8100583","8100893","44","37466964"
"chr4","45742311","45742604","JH378117","6076538","6076831","40","39665773"
"chr4","45865800","45866035","JH378106","9286142","9286375","30","36579658"
"chr4","45941234","45941525","JH378144","6298394","6298685","44","39642840"
"chr4","45983287","45983563","JH378141","14942212","14942489","45","31041075"
"chr4","46092149","46092273","JH378264","3022873","3022995","18","43069276"
"chr4","46098949","46099251","JH378176","9082089","9082394","45","37016860"
"chr4","46166556","46166829","JH378114","7500924","7501204","45","38665632"
"chr4","46253389","46253670","JH378114","7412520","7412811","40","38840869"
"chr4","46315869","46316178","JH378157","14081078","14081387","62","32234791"
"chr4","46323172","46323465","JH378119","360557","360852","39","45962615"
"chr4","46366321","46366623","JH378205","5760275","5760577","44","40606046"
"chr4","46375573","46375870","JH378247","2586913","2587203","41","43788660"
"chr4","46394906","46395188","JH378107","4379327","4379608","44","42015579"
"chr4","46407648","46407936","JH378111","32663527","32663808","51","13744121"
"chr4","46453429","46453703","JH378135","4531365","4531638","40","41922064"
"chr4","46457618","46457878","JH378114","7213419","7213684","54","39244199"
"chr4","46458694","46458983","JH378108","20469432","20469736","54","25989262"
"chr4","46459491","46459781","JH378114","7211067","7211366","42","39248424"
"chr4","46465151","46465450","JH378204","7978351","7978644","42","38486800"
"chr4","46476761","46476966","JH378255","2207089","2207249","85","44269672"
"chr4","46492915","46493053","JH378139","2569116","2569249","29","43923799"
"chr4","46493054","46493356","JH378105","50034667","50034949","54","3541613"
"chr4","46493357","46493545","JH378328","422643","422826","41","46070714"
"chr4","46496807","46497100","JH378123","5667081","5667374","35","40829726"
"chr4","46499157","46499456","JH378173","4731101","4731408","47","41768056"
"chr4","46502098","46502410","JH378152","16029844","16030148","44","30472254"
"chr4","46502911","46503216","JH378108","38073678","38073985","39","8429233"
"chr4","46513662","46513957","JH378219","3831758","3832053","46","42681904"
"chr4","46513959","46514093","JH378125","4589691","4589826","12","41924268"
"chr4","46521589","46521869","JH378117","27297629","27297880","70","19223960"
"chr4","46526127","46526425","JH378141","15518519","15518815","43","31007608"
"chr4","46528021","46528321","JH378234","968727","969028","46","45559294"
"chr4","46547563","46547826","JH378136","14898747","14899023","45","31648816"
"chr4","46561406","46561717","JH378184","5228496","5228807","41","41332910"
"chr4","46562192","46562490","JH378157","12870367","12870663","37","33691825"
"chr4","46594029","46594324","JH378167","11202084","11202374","33","35391945"
"chr4","46594489","46594770","JH378193","5129426","5129706","35","41465063"
"chr4","46602935","46603264","JH378123","5667081","5667374","73","40935854"
"chr4","46613023","46613324","JH378151","15568006","15568306","42","31045017"
"chr4","46615603","46615911","JH378114","7076243","7076544","38","39539360"
"chr4","46621676","46621960","JH378108","54513869","54514159","56","7892193"
"chr4","46624960","46625259","JH378248","2693342","2693641","47","43931618"
"chr4","46645735","46646039","JH378262","1936694","1936996","42","44709041"
"chr4","46646598","46646908","JH378151","15568006","15568306","51","31078592"
"chr4","46671825","46672157","JH378115","10680842","10681175","59","35990983"
"chr4","46680456","46680762","JH378148","16955481","16955786","43","29724975"
"chr4","46683044","46683326","JH378153","12544489","12544777","42","34138555"
"chr4","46694420","46694650","JH378114","7002223","7002452","23","39692197"
"chr4","46694689","46694991","JH378164","6668775","6669079","40","40025914"
"chr4","46695981","46696274","JH378136","1825940","1826235","47","44870041"
"chr4","46718124","46718247","JH378115","22192485","22192607","17","24525639"
"chr4","46723871","46724153","JH378219","3047371","3047654","47","43676500"
"chr4","46724386","46724644","JH378197","4895671","4895923","53","41828715"
"chr4","46728095","46728417","JH378269","2631558","2631872","62","44096537"
"chr4","46739496","46739766","JH378114","6952646","6952903","42","39786850"
"chr4","46748225","46748536","JH378153","9926861","9927172","38","36821364"
"chr4","46752531","46752839","JH378122","777911","778207","62","45974620"
"chr4","46773351","46773596","JH378156","1741769","1742011","39","45031582"
"chr4","46781875","46782180","JH378216","4809975","4810272","39","41971900"
"chr4","46787370","46787600","JH378108","33599572","33599791","35","13187798"
"chr4","46788503","46788676","JH378106","48693297","48693466","20","1904794"
"chr4","46818834","46818933","JH378166","13947531","13947628","15","32871303"
"chr4","46828999","46829266","JH378242","5483580","5483853","41","41345419"
"chr4","46829785","46830094","JH378110","12334503","12334809","38","34495282"
"chr4","46862555","46862864","JH378121","23760097","23760404","37","23102458"
"chr4","46918603","46918904","JH378153","5402173","5402469","40","41516430"
"chr4","46922097","46922394","JH378123","21695970","21696268","37","25226127"
"chr4","46925761","46926055","JH378300","781632","781913","49","46144129"
"chr4","46927497","46927794","JH378118","10693452","10693756","46","36234045"
"chr4","46931449","46931737","JH378116","17309650","17309943","45","29621799"
"chr4","46933742","46934049","JH378112","13977975","13978268","54","32955767"
"chr4","46945341","46945628","JH378137","3073918","3074209","51","43871423"
"chr4","46947275","46947577","JH378290","1449167","1449465","48","45498108"
"chr4","46951285","46951595","JH378136","2665556","2665855","54","44285729"
"chr4","46968400","46968641","JH378108","36722089","36722338","44","10246311"
"chr4","47003223","47003507","JH378110","34952260","34952536","53","12050963"
"chr4","47005590","47005889","JH378162","11591067","11591359","50","35414523"
"chr4","47014451","47014745","JH378105","14432202","14432497","35","32582249"
"chr4","47014845","47015103","JH378112","40981708","40981979","49","6033137"
"chr4","47035819","47036121","JH378265","117843","118145","47","46917976"
"chr4","47051444","47051729","JH378294","668279","668579","49","46383165"
"chr4","47053763","47054061","JH378135","858419","858710","44","46195344"
"chr4","47057225","47057513","JH378177","10638333","10638621","42","36418892"
"chr4","47063485","47063758","JH378281","2889241","2889512","39","44174244"
"chr4","47077277","47077579","JH378193","360764","361065","32","46716513"
"chr4","47092697","47092960","JH378301","482395","482666","57","46610302"
"chr4","47093356","47093538","JH378264","1492096","1492274","25","45601260"
"chr4","47102242","47102521","JH378127","19331819","19332107","46","27770423"
"chr4","47105917","47106212","JH378167","5198584","5198889","53","41907333"
"chr4","47111293","47111592","JH378246","1887976","1888270","37","45223317"
"chr4","47152007","47152315","JH378173","1691460","1691768","39","45460547"
"chr4","47182787","47183052","JH378137","8077566","8077832","41","39105221"
"chr4","47196907","47197105","JH378111","34084751","34084947","33","13112156"
"chr4","47213051","47213362","JH378153","14175225","14175527","42","33037826"
"chr4","47213516","47213795","JH378112","40981708","40981979","39","6231808"
"chr4","47219763","47220067","JH378152","13742000","13742297","43","33477763"
"chr4","47224418","47224727","JH378114","6440150","6440454","43","40784268"
"chr4","47280566","47280850","JH378141","13306055","13306336","40","33974511"
"chr4","47298256","47298444","JH378106","25361069","25361255","21","21937187"
"chr4","47310825","47311102","JH378105","50034667","50034949","52","2723842"
"chr4","47322561","47322847","JH378114","6346226","6346514","47","40976335"
"chr4","47326886","47327192","JH378188","7232167","7232465","39","40094719"
"chr4","47329055","47329364","JH378114","6339568","6339873","48","40989487"
"chr4","47336963","47337272","JH378114","6331983","6332282","31","41004980"
"chr4","47338065","47338372","JH378288","629003","629310","38","46709062"
"chr4","47339650","47339942","JH378129","10098677","10098967","37","37240973"
"chr4","47354596","47354875","JH378105","37094152","37094433","44","10260444"
"chr4","47375773","47376082","JH378158","4130633","4130943","38","43245140"
"chr4","47408322","47408621","JH378124","6152593","6152882","42","41255729"
"chr4","47410100","47410407","JH378262","1936694","1936996","46","45473406"
"chr4","47418978","47419245","JH378150","6789611","6789878","47","40629367"
"chr4","47431337","47431644","JH378109","34402444","34402754","45","13028893"
"chr4","47440756","47441048","JH378214","5755548","5755843","40","41685208"
"chr4","47446221","47446529","JH378118","10693452","10693756","43","36752769"
"chr4","47475141","47475450","JH378114","6192699","6192999","42","41282442"
"chr4","47481462","47481756","JH378122","7809799","7810085","41","39671663"
"chr4","47484533","47484814","JH378114","6188153","6188443","41","41296380"
"chr4","47488149","47488452","JH378169","6164199","6164509","48","41323950"
"chr4","47488736","47489014","JH378176","1007519","1007789","50","46481217"
"chr4","47497135","47497304","JH378117","33740510","33740674","29","13756625"
"chr4","47497332","47497459","JH378105","22915833","22915964","20","24581499"
"chr4","47509104","47509410","JH378173","6575149","6575450","46","40933955"
"chr4","47536990","47537264","JH378117","36078925","36079198","41","11458065"
"chr4","47593884","47594195","JH378135","16449037","16449347","48","31144847"
"chr4","47608756","47609032","JH378128","25121105","25121379","58","22487651"
"chr4","47616843","47617026","JH378226","1859769","1859938","34","45757074"
"chr4","47617318","47617454","JH378305","1383165","1383300","18","46234153"
"chr4","47619115","47619406","JH378114","6054639","6054926","69","41564476"
"chr4","47633043","47633339","JH378121","9612204","9612501","34","38020839"
"chr4","47639571","47639871","JH378106","12852151","12852449","44","34787420"
"chr4","47640219","47640354","JH378139","14029923","14030055","15","33610296"
"chr4","47640661","47640890","JH378157","10711317","10711520","60","36929344"
"chr4","47649296","47649598","JH378115","7606488","7606778","55","40042808"
"chr4","47649821","47650124","JH378115","30401019","30401318","65","17248802"
"chr4","47672659","47672949","JH378111","41725154","41725448","51","5947505"
"chr4","47691980","47692120","JH378131","10848151","10848287","30","36843829"
"chr4","47716751","47717046","JH378141","14108812","14109102","54","33607939"
"chr4","47719661","47719984","JH378195","2739429","2739740","47","44980232"
"chr4","47754652","47754944","JH378111","43268192","43268483","30","4486460"
"chr4","47765779","47766049","JH378279","2710526","2710797","55","45055253"
"chr4","47767587","47767874","JH378281","2670896","2671182","49","45096691"
"chr4","47779400","47779698","JH378111","8498303","8498600","49","39281097"
"chr4","47786443","47786730","JH378223","6165109","6165397","34","41621334"
"chr4","47791301","47791498","JH378141","3104602","3104799","27","44686699"
"chr4","47797657","47797967","JH378249","721031","721325","51","47076626"
"chr4","47803915","47804198","JH378122","7809799","7810085","35","39994116"
"chr4","47852612","47852902","JH378114","5834952","5835255","42","42017660"
"chr4","47930132","47930427","JH378106","68479909","68480208","40","20549777"
"chr4","47952507","47952798","JH378129","1395931","1396211","59","46556576"
"chr4","47954491","47954804","JH378188","7490346","7490651","46","40464145"
"chr4","47985145","47985442","JH378121","9612204","9612501","46","38372941"
"chr4","48029395","48029659","JH378162","8614532","8614807","47","39414863"
"chr4","48043063","48043357","JH378146","775831","776122","35","47267232"
"chr4","48173591","48173899","JH378162","8182146","8182454","46","39991445"
"chr4","48178428","48178511","JH378108","51675886","51675968","13","3497458"
"chr4","48207124","48207379","JH378140","6607165","6607427","46","41599959"
"chr4","48235326","48235617","JH378114","36829116","36829416","50","11406210"
"chr4","48387563","48387876","JH378110","2295622","2295927","51","46091941"
"chr4","48388158","48388439","JH378160","12890237","12890523","51","35497921"
"chr4","48406999","48407310","JH378126","22571152","22571463","39","25835847"
"chr4","48418050","48418352","JH378106","69562637","69562935","41","21144587"
"chr4","48420961","48421202","JH378118","29749390","29749630","51","18671571"
"chr4","48444506","48444792","JH378112","19879719","19880008","43","28564787"
"chr4","48465570","48465887","JH378114","5206640","5206943","48","43258930"
"chr4","48478710","48478991","JH378125","15313063","15313352","43","33165647"
"chr4","48479713","48480004","JH378115","16549844","16550133","49","31929869"
"chr4","48532078","48532282","JH378186","9064586","9064786","32","39467492"
"chr4","48571907","48572202","JH378124","6001393","6001683","36","42570514"
"chr4","48624129","48624430","JH378111","26034614","26034912","44","22589515"
"chr4","48667497","48667799","JH378112","30721676","30721989","53","17945821"
"chr4","48730059","48730353","JH378174","8493300","8493593","41","40236759"
"chr4","48827434","48827728","JH378154","4696281","4696575","40","44131153"
"chr4","48970519","48970686","JH378158","3256104","3256269","25","45714415"
"chr4","49005863","49006160","JH378106","69562637","69562935","37","20556774"
"chr4","49185885","49186171","JH378107","57287252","57287540","47","8101367"
"chr4","49382295","49382598","JH378116","35657815","35658107","56","13724480"
"chr4","49421835","49422127","JH378105","66132998","66133287","55","16711163"
"chr4","49453718","49454009","JH378106","14024896","14025185","45","35428822"
"chr4","49533465","49533749","JH378114","4159742","4160018","34","45373723"
"chr4","49583729","49584030","JH378106","59548783","59549085","38","9965054"
"chr4","49599387","49599669","JH378127","18379484","18379764","40","31219903"
"chr4","49697959","49698259","JH378148","5678256","5678554","48","44019703"
"chr4","49708295","49708591","JH378152","13742000","13742297","37","35966295"
"chr4","49736728","49737033","JH378232","1577297","1577603","41","48159431"
"chr4","49796058","49796342","JH378160","10602500","10602783","48","39193558"
"chr4","49799180","49799459","JH378142","18497200","18497482","48","31301980"
"chr4","49875681","49875972","JH378195","2148198","2148495","48","47727483"
"chr4","49977003","49977299","JH378148","11963838","11964130","45","38013165"
"chr4","50008973","50009252","JH378204","4012532","4012811","45","45996441"
"chr4","50073468","50073743","JH378111","32631993","32632265","45","17441475"
"chr4","50231900","50232190","JH378112","41321108","41321398","59","8910792"
"chr4","50304670","50304961","JH378135","1661661","1661952","45","48643009"
"chr4","50310705","50310959","JH378158","1249947","1250195","36","49060758"
"chr4","50316135","50316425","JH378140","14147137","14147431","41","36168998"
"chr4","50367927","50368223","JH378135","1774747","1775044","51","48593180"
"chr4","50391888","50392195","JH378150","2661873","2662177","46","47730015"
"chr4","50497755","50497989","JH378114","3177193","3177423","37","47320562"
"chr4","50617355","50617642","JH378105","6183455","6183736","51","44433900"
"chr4","50788241","50788553","JH378227","3516504","3516809","58","47271737"
"chr4","50813929","50814216","JH378161","597965","598253","41","50215964"
"chr4","51040740","51041025","JH378153","11011004","11011290","44","40029736"
"chr4","51046840","51047134","JH378119","6762319","6762607","70","44284521"
"chr4","51211455","51211788","JH378167","6083744","6084058","71","45127711"
"chr4","51215063","51215370","JH378151","6150117","6150421","47","45064946"
"chr4","51259460","51259777","JH378122","16007293","16007606","53","35252167"
"chr4","51317862","51318163","JH378300","795205","795515","55","50522657"
"chr4","51333074","51333363","JH378326","204096","204381","36","51128978"
"chr4","51352728","51352984","JH378226","6069792","6070053","57","45282936"
"chr4","51356384","51356661","JH378191","8253001","8253284","48","43103383"
"chr4","51363908","51364210","JH378151","2895274","2895576","47","48468634"
"chr4","51422820","51423118","JH378121","20749858","20750157","39","30672962"
"chr4","51444451","51444751","JH378308","686068","686367","34","50758383"
"chr4","51449819","51450116","JH378185","6039029","6039324","36","45410790"
"chr4","51605547","51605852","JH378173","6638457","6638763","43","44967090"
"chr4","51659604","51659888","JH378116","24131102","24131385","44","27528502"
"chr4","51739701","51740008","JH378220","4350061","4350357","48","47389640"
"chr4","51745002","51745300","JH378255","3260582","3260882","47","48484420"
"chr4","51750022","51750312","JH378132","20919176","20919465","37","30830846"
"chr4","51792309","51792597","JH378105","69163567","69163856","41","17371258"
"chr4","51813856","51814129","JH378115","7936143","7936415","55","43877713"
"chr4","51832369","51832663","JH378114","1899699","1899993","37","49932670"
"chr4","51853907","51854217","JH378118","10693452","10693756","42","41160455"
"chr4","51875648","51875944","JH378154","14273514","14273808","45","37602134"
"chr4","51876898","51877201","JH378172","9553918","9554219","36","42322980"
"chr4","51892911","51893219","JH378159","6119055","6119368","58","45773856"
"chr4","51932461","51932766","JH378116","19138795","19139101","41","32793666"
"chr4","51978354","51978661","JH378193","360764","361065","48","51617590"
"chr4","51995310","51995578","JH378129","7524499","7524760","45","44470811"
"chr4","52038641","52038872","JH378148","14153179","14153404","40","37885462"
"chr4","52070331","52070620","JH378151","5756127","5756418","41","46314204"
"chr4","52110707","52111018","JH378110","31963517","31963828","50","20147190"
"chr4","52113601","52113960","JH378118","35440683","35441024","86","16672918"
"chr4","52129517","52129795","JH378144","7493844","7494122","41","44635673"
"chr4","52132815","52133115","JH378110","46302780","46303079","49","5830035"
"chr4","52138619","52138907","JH378167","8017494","8017782","43","44121125"
"chr4","52143990","52144220","JH378111","16385749","16385975","51","35758241"
"chr4","52163172","52163472","JH378242","734891","735189","38","51428281"
"chr4","52163775","52164070","JH378113","22175865","22176162","46","29987910"
"chr4","52166396","52166553","JH378130","17756650","17756800","27","34409746"
"chr4","52166851","52166986","JH378143","509299","509431","16","51657552"
"chr4","52174467","52174764","JH378214","5755548","5755843","34","46418919"
"chr4","52189398","52189682","JH378187","3350223","3350508","45","48839175"
"chr4","52189836","52190129","JH378139","8066225","8066520","45","44123611"
"chr4","52208114","52208396","JH378191","967537","967830","44","51240577"
"chr4","52209882","52210151","JH378144","4337361","4337628","37","47872521"
"chr4","52215433","52215733","JH378114","1533835","1534129","37","50681598"
"chr4","52230951","52231263","JH378263","1462351","1462662","42","50768600"
"chr4","52248106","52248388","JH378108","17624768","17625053","48","34623338"
"chr4","52286716","52286997","JH378157","9808983","9809259","41","42477733"
"chr4","52296788","52297079","JH378114","1444637","1444931","40","50852151"
"chr4","52372183","52372492","JH378219","3509280","3509589","41","48862903"
"chr4","52388815","52389106","JH378149","1955740","1956029","39","50433075"
"chr4","52501096","52501455","JH378169","1342458","1342788","91","51158638"
"chr4","52512881","52513189","JH378111","8712659","8712969","51","43800222"
"chr4","52618160","52618442","JH378170","11865606","11865890","50","40752554"
"chr4","52710954","52711227","JH378114","1120926","1121191","50","51590028"
"chr4","52850647","52850949","JH378193","4088336","4088639","40","48762311"
"chr4","52878213","52878505","JH378204","4212883","4213172","39","48665330"
"chr4","52925632","52925929","JH378152","15669130","15669431","38","37256502"
"chr4","52934899","52935199","JH378110","8289113","8289410","45","44645786"
"chr4","52942920","52943194","JH378190","2110516","2110800","49","50832404"
"chr4","52943202","52943508","JH378135","19568237","19568541","48","33374965"
"chr4","52945062","52945360","JH378107","529179","529482","46","52415883"
"chr4","52950009","52950259","JH378148","2002149","2002408","58","50947860"
"chr4","52963521","52963813","JH378117","6076538","6076831","41","46886983"
"chr4","52974592","52974892","JH378114","805768","806079","39","52168824"
"chr4","52978781","52979075","JH378142","2654868","2655161","51","50323913"
"chr4","53002574","53002884","JH378124","4041596","4041902","54","48960978"
"chr4","53007536","53007827","JH378140","16737561","16737856","43","36269975"
"chr4","53039971","53040255","JH378191","649925","650214","44","52390046"
"chr4","53062474","53062765","JH378114","131416","131710","39","52931058"
"chr4","53077911","53078186","JH378198","4413303","4413578","36","48664608"
"chr4","53116074","53116384","JH378148","16955481","16955786","46","36160593"
"chr4","53122180","53122447","JH378141","18023048","18023307","38","35099132"
"chr4","53168443","53168530","JH378120","30074310","30074396","14","23094133"
"chr4","53183593","53183890","JH378129","9434677","9434969","64","43748916"
"chr4","53188628","53188925","JH378110","29725141","29725440","47","23463487"
"chr4","53198886","53199005","JH378129","14699601","14699720","17","38499285"
"chr4","53199047","53199096","JH378118","28940531","28940576","13","24258516"
"chr4","53199846","53200143","JH378152","13742000","13742297","39","39457846"
"chr4","53208877","53209187","JH378117","9425420","9425726","48","43783457"
"chr4","53212663","53212863","JH378194","3692798","3692998","31","49519865"
"chr4","53226324","53226600","JH378120","31351696","31351974","40","21874628"
"chr4","53228764","53229064","JH378167","11202084","11202374","46","42026680"
"chr4","53234172","53234469","JH378114","12032627","12032914","50","41201545"
"chr4","53247740","53248051","JH378151","4578678","4578981","43","48669062"
"chr4","53253876","53254160","JH378114","529057","529335","40","52724819"
"chr4","53276992","53277291","JH378192","5404726","5405023","40","47872266"
"chr4","53304497","53304783","JH378192","5953596","5953883","34","47350901"
"chr4","53339104","53339419","JH378120","12113866","12114178","45","41225238"
"chr4","53354514","53354806","JH378135","913106","913406","37","52441408"
"chr4","53370873","53371171","JH378110","11274888","11275186","55","42095985"
"chr4","53468906","53469216","JH378158","4130633","4130943","39","49338273"
"chr4","53474660","53474774","JH378159","5519593","5519707","9","47955067"
"chr4","53494175","53494459","JH378105","65395855","65396137","40","11901680"
"chr4","53497417","53497612","JH378144","2000431","2000633","36","51496986"
"chr4","53527114","53527411","JH378125","7397444","7397737","41","46129670"
"chr4","53579866","53580139","JH378235","4632077","4632354","42","48947789"
"chr4","53614661","53614946","JH378283","1461668","1461966","41","52152993"
"chr4","53627794","53628081","JH378114","133715","133996","46","53494079"
"chr4","53630079","53630384","JH378260","445434","445733","39","53184645"
"chr4","53815187","53815499","JH378119","28916807","28917110","44","24898380"
"chr4","53848308","53848578","JH378122","7809799","7810085","51","46038509"
"chr4","53852598","53852898","JH378116","14428154","14428454","47","39424444"
"chr4","53853852","53854157","JH378197","3241273","3241575","36","50612579"
"chr4","53854870","53855168","JH378110","2068339","2068633","65","51786531"
"chr4","53865265","53865577","JH378215","5417183","5417489","53","48448082"
"chr4","53874142","53874385","JH378152","11145838","11146081","35","42728304"
"chr4","53918929","53919218","JH378297","842854","843136","46","53076075"
"chr4","53952271","53952568","JH378148","3195871","3196169","37","50756400"
"chr4","53974489","53974780","JH378106","3058385","3058676","43","50916104"
"chr4","54003783","54004077","JH378242","734891","735189","38","53268892"
"chr4","54042609","54042906","JH378112","32590536","32590832","37","21452073"
"chr4","54045754","54046024","JH378199","7604712","7604976","47","46441042"
"chr4","54071205","54071500","JH378254","3924070","3924366","38","50147135"
"chr4","54096798","54097036","JH378108","49766575","49766816","46","4330223"
"chr4","54098696","54098999","JH378115","26968615","26968913","38","27130081"
"chr4","54110537","54110836","JH378188","7232167","7232465","36","46878370"
"chr4","54124308","54124596","JH378152","10890147","10890438","37","43234161"
"chr4","54125885","54126187","JH378148","13262362","13262662","43","40863523"
"chr4","54126571","54126867","JH378125","7098099","7098395","42","47028472"
"chr4","54159865","54160158","JH378126","22770602","22770897","40","31389263"
"chr4","54170182","54170491","JH378122","9329495","9329803","45","44840687"
"chr4","54173088","54173401","JH378160","12202742","12203045","35","41970346"
"chr4","54178678","54178967","JH378129","8012851","8013145","41","46165827"
"chr4","54187021","54187317","JH378145","10500061","10500358","45","43686960"
"chr4","54193650","54193950","JH378296","1248433","1248733","41","52945217"
"chr4","54195926","54196203","JH378118","10114312","10114594","60","44081614"
"chr4","54201086","54201392","JH378190","3857505","3857809","38","50343581"
"chr4","54221759","54221874","JH378118","11047075","11047190","11","43174684"
"chr4","54226162","54226474","JH378208","1608154","1608459","44","52618008"
"chr4","54237383","54237683","JH378177","10098040","10098346","46","44139343"
"chr4","54253354","54253634","JH378261","2991113","2991393","42","51262241"
"chr4","54254524","54254802","JH378173","2558012","2558297","45","51696512"
"chr4","54262061","54262225","JH378167","6155819","6155989","23","48106242"
"chr4","54288520","54288751","JH378119","27366391","27366618","31","26922129"
"chr4","54301866","54302176","JH378117","15749415","15749721","44","38552451"
"chr4","54313027","54313335","JH378152","10715442","10715733","69","43597585"
"chr4","54344305","54344614","JH378153","7998003","7998310","42","46346302"
"chr4","54351454","54351709","JH378118","34609042","34609299","63","19742412"
"chr4","54365341","54365595","JH378115","29620472","29620729","41","24744869"
"chr4","54377130","54377394","JH378115","29620472","29620729","53","24756658"
"chr4","54385907","54386207","JH378151","15568006","15568306","47","38817901"
"chr4","54419775","54420068","JH378106","16369530","16369822","39","38050245"
"chr4","54429448","54429740","JH378130","1568570","1568862","33","52860878"
"chr4","54431895","54432204","JH378108","8388787","8389097","41","46043108"
"chr4","54437709","54438010","JH378114","19929654","19929945","56","34508055"
"chr4","54449713","54450013","JH378191","1183539","1183838","38","53266174"
"chr4","54452487","54452784","JH378177","4835569","4835864","42","49616918"
"chr4","54481611","54481922","JH378118","10693452","10693756","45","43788159"
"chr4","54511572","54511874","JH378152","10533223","10533524","38","43978349"
"chr4","54639457","54639761","JH378156","10837845","10838152","35","43801612"
"chr4","54713887","54714216","JH378205","4278012","4278319","67","50435875"
"chr4","55042721","55042991","JH378112","3215339","3215609","48","51827382"
"chr4","55375722","55376011","JH378170","4300963","4301254","39","51074759"
"chr4","55445391","55445674","JH378153","6890101","6890384","62","48555290"
"chr4","55458230","55458488","JH378118","18057885","18058149","53","37400345"
"chr4","55460449","55460720","JH378181","6326543","6326823","48","49133906"
"chr4","55592840","55593113","JH378133","8339883","8340159","52","47252957"
"chr4","55600036","55600335","JH378185","912659","912955","54","54687377"
"chr4","55623620","55623903","JH378117","26189716","26190001","41","29433904"
"chr4","55687765","55688057","JH378118","25925701","25925992","48","29762064"
"chr4","55737584","55737873","JH378116","28282701","28282994","39","27454883"
"chr4","55751156","55751291","JH378108","22384104","22384234","14","33367052"
"chr4","55768917","55769113","JH378133","19630377","19630571","30","36138540"
"chr4","55787407","55787667","JH378125","19456698","19456951","45","36330709"
"chr4","55841253","55841538","JH378115","15569490","15569772","49","40271763"
"chr4","55876238","55876516","JH378129","6769846","6770101","73","49106392"
"chr4","56048776","56049056","JH378108","32912059","32912352","68","23136717"
"chr4","56062503","56062798","JH378340","107206","107498","43","55955297"
"chr4","56449685","56449937","JH378179","5472710","5472959","37","50976975"
"chr4","56497009","56497321","JH378105","20009554","20009864","49","36487455"
"chr4","56504906","56505204","JH378255","1058410","1058705","46","55446496"
"chr4","56669470","56669774","JH378201","122224","122525","45","56547246"
"chr4","56758003","56758284","JH378139","369956","370243","47","56388047"
"chr4","56796530","56796822","JH378162","11681967","11682260","36","45114563"
"chr4","57413069","57413363","JH378213","6894565","6894865","48","50518504"
"chr4","57419403","57419703","JH378117","6076538","6076831","41","51342865"
"chr4","57432902","57433211","JH378181","6164582","6164882","55","51268320"
"chr4","57452699","57452994","JH378106","45875730","45876025","64","11576969"
"chr4","57458134","57458439","JH378118","20140583","20140886","38","37317551"
"chr4","57463976","57464220","JH378152","8274996","8275238","31","49188980"
"chr4","57465234","57465554","JH378129","731230","731540","49","56734004"
"chr4","57482783","57483089","JH378157","12870367","12870663","46","44612416"
"chr4","57492473","57492776","JH378111","11464738","11465037","46","46027735"
"chr4","57519369","57519658","JH378224","2537902","2538192","52","54981467"
"chr4","57957065","57957373","JH378129","10512559","10512869","45","47444506"
"chr4","57960993","57961284","JH378114","37013997","37014291","39","20946996"
"chr4","58023064","58023370","JH378127","19331819","19332107","47","38691245"
"chr4","58529770","58530031","JH378130","8198056","8198327","49","50331714"
"chr4","58671083","58671381","JH378111","11464738","11465037","44","47206345"
"chr4","58705368","58705663","JH378171","5901188","5901476","46","52804180"
"chr4","58874356","58874661","JH378262","2136465","2136766","40","56737891"
"chr4","58896164","58896470","JH378106","69063427","69063728","50","10167263"
"chr4","58946659","58946964","JH378152","7054072","7054371","44","51892587"
"chr4","58996421","58996734","JH378288","1822058","1822372","42","57174363"
"chr4","59054239","59054540","JH378299","1576803","1577089","52","57477436"
"chr4","59071882","59072177","JH378236","2166639","2166932","52","56905243"
"chr4","59196975","59197276","JH378152","14621130","14621428","48","44575845"
"chr4","59222195","59222331","JH378128","24085476","24085608","21","35136719"
"chr4","59275843","59276139","JH378242","734891","735189","41","58540952"
"chr4","59323761","59324049","JH378143","8639762","8640057","41","50683999"
"chr4","59338893","59339195","JH378152","6610292","6610602","48","52728601"
"chr4","59357417","59357713","JH378328","592188","592483","43","58765229"
"chr4","59413465","59413764","JH378148","13262362","13262662","47","46151103"
"chr4","59421065","59421313","JH378108","49766575","49766816","53","9654490"
"chr4","59444250","59444539","JH378281","1560351","1560643","47","57883899"
"chr4","59461048","59461351","JH378152","6504367","6504671","33","52956681"
"chr4","59490129","59490438","JH378135","16449037","16449347","44","43041092"
"chr4","59492688","59492963","JH378111","43330700","43330975","45","16161988"
"chr4","59525443","59525735","JH378191","649925","650214","46","58875518"
"chr4","59526270","59526569","JH378139","1944019","1944317","43","57582251"
"chr4","59537655","59537790","JH378200","3514102","3514234","17","56023553"
"chr4","59548969","59549281","JH378176","9430105","9430416","54","50118864"
"chr4","59556763","59557052","JH378121","20933847","20934138","42","38622916"
"chr4","59571759","59572040","JH378246","164641","164925","70","59407118"
"chr4","59582133","59582431","JH378114","9987446","9987746","37","49594687"
"chr4","59591757","59592028","JH378114","42565554","42565819","45","17026203"
"chr4","59593530","59593767","JH378164","358253","358503","36","59235277"
"chr4","59595414","59595721","JH378152","6387039","6387344","33","53208375"
"chr4","59604877","59605185","JH378157","1154304","1154607","47","58450573"
"chr4","59612815","59613144","JH378262","1094105","1094397","62","58518710"
"chr4","59614139","59614444","JH378161","9835663","9835963","43","49778476"
"chr4","59614858","59615153","JH378135","1618015","1618319","40","57996843"
"chr4","59631949","59632263","JH378152","6347549","6347847","62","53284400"
"chr4","59633540","59633684","JH378105","46725246","46725388","16","12908294"
"chr4","59638200","59638527","JH378105","1099330","1099658","67","58538870"
"chr4","59660667","59660960","JH378191","967537","967830","46","58693130"
"chr4","59662777","59663082","JH378114","41541862","41542163","41","18120915"
"chr4","59668161","59668292","JH378105","1845742","1845874","15","57822419"
"chr4","59674785","59675083","JH378140","16737561","16737856","41","42937224"
"chr4","59683868","59684135","JH378123","23199722","23199987","48","36484146"
"chr4","59686907","59687204","JH378113","14532240","14532539","43","45154667"
"chr4","59690551","59690855","JH378117","9425420","9425726","40","50265131"
"chr4","59696337","59696633","JH378106","44312464","44312759","44","15383873"
"chr4","59701381","59701675","JH378114","23078690","23078986","47","36622691"
"chr4","59702181","59702493","JH378276","134131","134438","36","59568050"
"chr4","59703550","59703833","JH378141","15076832","15077114","52","44626718"
"chr4","59704593","59704898","JH378152","6296285","6296598","43","53408308"
"chr4","59715087","59715386","JH378148","5678256","5678554","43","54036831"
"chr4","59718351","59718653","JH378118","28448455","28448762","55","31269896"
"chr4","59719858","59719955","JH378112","21682946","21683043","15","38036912"
"chr4","59722812","59723101","JH378136","4418399","4418682","53","55304413"
"chr4","59723588","59723883","JH378115","16549844","16550133","53","43173744"
"chr4","59740396","59740688","JH378191","967537","967830","47","58772859"
"chr4","59743216","59743507","JH378129","8195437","8195732","47","51547779"
"chr4","59745415","59745701","JH378125","9411550","9411835","45","50333865"
"chr4","59748269","59748570","JH378170","1616807","1617104","43","58131462"
"chr4","59752588","59752840","JH378167","11199784","11200028","46","48552804"
"chr4","59757078","59757366","JH378125","5364994","5365289","49","54392084"
"chr4","59761733","59762058","JH378164","5616777","5617090","62","54144956"
"chr4","59771245","59771563","JH378149","936787","937080","62","58834458"
"chr4","59786690","59786987","JH378242","734891","735189","31","59051799"
"chr4","59788258","59788556","JH378160","6003806","6004096","43","53784452"
"chr4","59791321","59791615","JH378124","4838207","4838514","66","54953114"
"chr4","59792925","59793234","JH378153","14175225","14175527","48","45617700"
"chr4","59803168","59803459","JH378121","16577236","16577527","27","43225932"
"chr4","59804598","59804901","JH378153","14175225","14175527","45","45629373"
"chr4","59815965","59816100","JH378189","6203451","6203586","15","53612514"
"chr4","59822141","59822395","JH378293","1152071","1152312","48","58670070"
"chr4","59824906","59825206","JH378152","13742000","13742297","43","46082906"
"chr4","59830091","59830386","JH378135","913106","913406","40","58916985"
"chr4","59851631","59851873","JH378156","1741769","1742011","35","58109862"
"chr4","59852439","59852744","JH378130","8711753","8712052","54","51140686"
"chr4","59857021","59857317","JH378148","3195871","3196169","34","56661150"
"chr4","59859467","59859764","JH378152","6121468","6121772","44","53737999"
"chr4","59867236","59867575","JH378109","44617731","44618063","73","15249505"
"chr4","59873810","59874077","JH378287","1357427","1357692","60","58516383"
"chr4","59876819","59877121","JH378242","734891","735189","37","59141928"
"chr4","59887018","59887268","JH378131","18562624","18562879","49","41324394"
"chr4","59887601","59887899","JH378114","36096231","36096530","38","23791370"
"chr4","59889547","59889834","JH378149","1955740","1956029","41","57933807"
"chr4","59890771","59891039","JH378110","7925750","7926017","40","51965021"
"chr4","59891503","59891807","JH378197","8144214","8144520","40","51747289"
"chr4","59900196","59900499","JH378247","561987","562291","46","59338209"
"chr4","59904293","59904574","JH378277","169900","170182","45","59734393"
"chr4","59908193","59908436","JH378156","1741769","1742011","37","58166424"
"chr4","59920204","59920515","JH378135","16449037","16449347","43","43471167"
"chr4","59928054","59928358","JH378143","6673988","6674287","45","53254066"
"chr4","59931177","59931307","JH378200","3514102","3514234","13","56417075"
"chr4","59951664","59951897","JH378334","338655","338890","38","59613009"
"chr4","59957749","59958040","JH378114","41403997","41404287","32","18553752"
"chr4","59972735","59973019","JH378133","10040192","10040484","46","49932543"
"chr4","59988200","59988487","JH378119","10871760","10872045","48","49116440"
"chr4","59989977","59990280","JH378178","8042470","8042765","62","51947507"
"chr4","60021607","60021915","JH378152","5962248","5962558","38","54059359"
"chr4","60033786","60034079","JH378149","15885379","15885676","45","44148407"
"chr4","60037750","60038044","JH378176","9100046","9100345","40","50937704"
"chr4","60047631","60047859","JH378109","48953753","48953976","41","11093878"
"chr4","60048131","60048439","JH378188","7490346","7490651","46","52557785"
"chr4","60065194","60065493","JH378220","4350061","4350357","37","55715133"
"chr4","60071125","60071414","JH378111","43268192","43268483","38","16802933"
"chr4","60076189","60076486","JH378110","35253365","35253655","57","24822824"
"chr4","60189128","60189435","JH378110","2590007","2590314","43","57599121"
"chr4","60378833","60379145","JH378115","26938492","26938795","53","33440341"
"chr4","60492459","60492482","JH378152","13518039","13518058","10","46974420"
"chr4","60630904","60631169","JH378226","6069792","6070053","49","54561112"
"chr4","60648574","60648865","JH378165","1378573","1378868","56","59270001"
"chr4","60803715","60804004","JH378216","1272599","1272896","50","59531116"
"chr4","60939157","60939452","JH378143","5977166","5977465","44","54961991"
"chr4","60991168","60991451","JH378140","5013405","5013701","65","55977763"
"chr4","61135546","61135833","JH378114","41522840","41523134","44","19612706"
"chr4","61327387","61327675","JH378110","9343353","9343643","66","51984034"
"chr4","61555624","61555864","JH378334","315191","315423","47","61240433"
"chr4","61720056","61720233","JH378129","7281850","7282020","33","54438206"
"chr4","61766150","61766432","JH378135","19550832","19551118","60","42215318"
"chr4","61840339","61840618","JH378111","37233117","37233391","37","24607222"
"chr4","61972151","61972446","JH378105","32352570","32352861","45","29619581"
"chr4","61987288","61987583","JH378296","1248433","1248733","43","60738855"
"chr4","61988293","61988602","JH378105","47004397","47004711","48","14983896"
"chr4","62010215","62010501","JH378250","380073","380353","53","61630142"
"chr4","62045061","62045369","JH378276","134131","134438","42","61910930"
"chr4","62070898","62071086","JH378166","7068910","7069097","32","55001988"
"chr4","62087455","62087745","JH378167","8017494","8017782","43","54069961"
"chr4","62087799","62088093","JH378141","14454762","14455052","38","47633037"
"chr4","62089027","62089308","JH378140","17700100","17700382","38","44388927"
"chr4","62092045","62092354","JH378262","1490527","1490838","54","60601518"
"chr4","62122395","62122532","JH378152","4628007","4628141","10","57494388"
"chr4","62169925","62170193","JH378107","27218012","27218283","44","34951913"
"chr4","62201420","62201629","JH378141","9025886","9026091","34","53175534"
"chr4","62203115","62203425","JH378281","2411799","2412107","56","59791316"
"chr4","62207705","62208017","JH378151","4578678","4578981","53","57629027"
"chr4","62215623","62215919","JH378123","21695970","21696268","36","40519653"
"chr4","62257247","62257537","JH378124","1853706","1854010","49","60403541"
"chr4","62270462","62270755","JH378152","4482906","4483180","53","57787556"
"chr4","62301455","62301768","JH378167","5297205","5297514","50","57004250"
"chr4","62346803","62347088","JH378112","12605686","12605972","41","49741117"
"chr4","62391874","62392182","JH378114","17499413","17499723","43","44892461"
"chr4","62400159","62400439","JH378116","25797983","25798262","46","36602176"
"chr4","62465791","62466079","JH378167","9999720","10000000","47","52466071"
"chr4","62483724","62484038","JH378127","13229242","13229553","47","49254482"
"chr4","62541583","62541859","JH378153","4332695","4332974","45","58208888"
"chr4","62655908","62656193","JH378114","36224521","36224801","43","26431387"
"chr4","62710797","62711071","JH378198","4413303","4413578","36","58297494"
"chr4","62745698","62745999","JH378111","12898365","12898668","50","49847333"
"chr4","62772793","62773080","JH378106","58341946","58342247","59","4430847"
"chr4","62843218","62843526","JH378148","2797982","2798286","35","60045236"
"chr4","62862390","62862668","JH378232","149368","149646","46","62713022"
"chr4","62863389","62863707","JH378195","2148198","2148495","56","60715191"
"chr4","62864589","62864900","JH378245","804261","804572","43","62060328"
"chr4","62875478","62875785","JH378235","3957900","3958200","52","58917578"
"chr4","62876343","62876613","JH378133","5160471","5160742","45","57715872"
"chr4","62911295","62911602","JH378131","23746984","23747284","46","39164311"
"chr4","62923356","62923647","JH378291","130444","130734","42","62792912"
"chr4","62939445","62939751","JH378152","3917278","3917585","42","59022167"
"chr4","63088052","63088157","JH378156","9069100","9069203","7","54018952"
"chr4","63114856","63115151","JH378116","22983443","22983738","45","40131413"
"chr4","63118014","63118317","JH378124","22709447","22709750","51","40408567"
"chr4","63231439","63231728","JH378131","23709610","23709901","41","39521829"
"chr4","63241608","63241902","JH378204","3129799","3130101","53","60111809"
"chr4","63431049","63431359","JH378248","3387134","3387441","46","60043915"
"chr4","63458283","63458541","JH378105","60476588","60476842","42","2981695"
"chr4","63483023","63483332","JH378148","16955481","16955786","42","46527542"
"chr4","63506744","63507017","JH378171","5256511","5256785","37","58250233"
"chr4","63509649","63509961","JH378201","3236830","3237141","44","60272819"
"chr4","63662014","63662313","JH378152","13742000","13742297","38","49920014"
"chr4","63695560","63695880","JH378116","25720911","25721239","50","37974649"
"chr4","63721751","63722050","JH378195","2148198","2148495","40","61573553"
"chr4","63786804","63787090","JH378167","5309124","5309408","54","58477680"
"chr4","63790703","63790995","JH378115","28716128","28716418","39","35074575"
"chr4","63824859","63825160","JH378141","14454762","14455052","44","49370097"
"chr4","63879373","63879672","JH378242","734891","735189","44","63144482"
"chr4","64088294","64088445","JH378153","1167122","1167257","38","62921172"
"chr4","64235798","64236050","JH378264","1518635","1518876","54","62717163"
"chr4","64287790","64288094","JH378128","2118306","2118602","49","62169484"
"chr4","64660854","64661154","JH378282","390170","390467","53","64270684"
"chr4","64966171","64966479","JH378154","13561581","13561891","49","51404590"
"chr4","64987962","64988248","JH378135","2083499","2083789","42","62904463"
"chr4","65257030","65257342","JH378127","13229242","13229553","42","52027788"
"chr4","65265112","65265407","JH378239","93475","93776","49","65171637"
"chr4","65372298","65372608","JH378220","5749968","5750268","57","59622330"
"chr4","65381087","65381387","JH378111","8498303","8498600","36","56882784"
"chr4","65416154","65416426","JH378124","4990981","4991256","51","60425173"
"chr4","65464884","65465163","JH378126","1079320","1079599","41","64385564"
"chr4","65578785","65579088","JH378152","1365446","1365752","50","64213339"
"chr4","65644099","65644381","JH378114","6129028","6129306","42","59515071"
"chr4","65716930","65717242","JH378156","2640609","2640920","71","63076321"
"chr4","65722462","65722592","JH378105","36868256","36868387","14","28854206"
"chr4","65731465","65731765","JH378114","41499633","41499943","42","24231832"
"chr4","65744741","65745023","JH378152","1230461","1230746","41","64514280"
"chr4","65987834","65988142","JH378146","14248642","14248949","48","51739192"
"chr4","66127607","66127895","JH378288","2566365","2566649","36","63561242"
"chr4","66208106","66208391","JH378163","11135350","11135637","42","55072756"
"chr4","66210035","66210349","JH378173","4337466","4337776","56","61872569"
"chr4","66293771","66294085","JH378145","7003270","7003574","51","59290501"
"chr4","66335732","66336025","JH378290","722382","722672","48","65613350"
"chr4","66518495","66518774","JH378262","2197814","2198088","51","64320681"
"chr4","66539473","66539789","JH378137","15249398","15249695","56","51290075"
"chr4","66574312","66574562","JH378107","29767249","29767499","50","36807063"
"chr4","66621144","66621445","JH378124","13618146","13618450","42","53002998"
"chr4","66671278","66671582","JH378176","9169030","9169331","45","57502248"
"chr4","66819871","66820140","JH378117","36078925","36079198","36","30740946"
"chr4","66834561","66834626","JH378160","8989655","8989722","5","57844906"
"chr4","67143026","67143323","JH378138","6648162","6648458","37","60494864"
"chr4","67230493","67230778","JH378106","68377365","68377661","49","1146872"
"chr4","67241676","67241972","JH378114","36871907","36872207","49","30369769"
"chr4","67382893","67383179","JH378204","7978351","7978644","45","59404542"
"chr4","67530327","67530611","JH378108","45462217","45462495","46","22068110"
"chr4","67704808","67705118","JH378136","7586886","7587193","39","60117922"
"chr4","67774185","67774498","JH378148","2797982","2798286","54","64976203"
"chr4","67886422","67886732","JH378223","79106","79407","45","67807316"
"chr4","67958788","67959078","JH378180","5047484","5047772","45","62911304"
"chr4","68028474","68028772","JH378216","4809975","4810272","40","63218499"
"chr4","68068786","68069041","JH378121","16053473","16053729","39","52015313"
"chr4","68104680","68104984","JH378105","55574476","55574778","38","12530204"
"chr4","68121490","68121796","JH378114","36279685","36279996","51","31841805"
"chr4","68178489","68178792","JH378141","18437190","18437494","43","49741299"
"chr4","68180307","68180598","JH378118","21278795","21279078","45","46901512"
"chr4","68216940","68217235","JH378111","43268192","43268483","52","24948748"
"chr4","68336334","68336639","JH378162","1097901","1098210","39","67238433"
"chr4","68400633","68400942","JH378112","30721676","30721989","47","37678957"
"chr4","68441912","68442213","JH378213","6894565","6894865","53","61547347"
"chr4","68444088","68444382","JH378123","5667081","5667374","46","62777007"
"chr4","68471662","68471946","JH378198","4413303","4413578","41","64058359"
"chr4","68503349","68503549","JH378113","17085710","17085907","27","51417639"
"chr4","68588631","68588938","JH378105","3562705","3563008","54","65025926"
"chr4","68752330","68752605","JH378184","5326135","5326413","43","63426195"
"chr4","68775712","68775987","JH378114","20734954","20735221","44","48040758"
"chr4","68833359","68833672","JH378118","10693452","10693756","44","58139907"
"chr4","68847355","68847663","JH378118","10693452","10693756","46","58153903"
"chr4","69023122","69023405","JH378162","1767614","1767895","41","67255508"
"chr4","69047032","69047334","JH378283","1461668","1461966","50","67585364"
"chr4","69067074","69067377","JH378111","19299023","19299303","54","49768051"
"chr4","69106338","69106648","JH378113","15232832","15233136","47","53873506"
"chr4","69178085","69178400","JH378148","16955481","16955786","45","52222604"
"chr4","69222946","69223225","JH378120","3416749","3417026","43","65806197"
"chr4","69227544","69227818","JH378134","22273223","22273498","42","46954321"
"chr4","69230164","69230406","JH378187","2569199","2569439","60","66660965"
"chr4","69310586","69310887","JH378164","10914659","10914960","56","58395927"
"chr4","69377171","69377475","JH378301","496735","497037","45","68880436"
"chr4","69398422","69398730","JH378162","2143666","2143970","45","67254756"
"chr4","69579949","69580230","JH378143","2455285","2455565","49","67124664"
"chr4","69708241","69708503","JH378122","10060523","10060794","40","59647718"
"chr4","69910961","69911249","JH378129","10098677","10098967","39","59812284"
"chr4","69919568","69919850","JH378153","14616796","14617078","50","55302772"
"chr4","69955100","69955409","JH378184","5228496","5228807","39","64726604"
"chr4","70001638","70001944","JH378115","35992033","35992335","63","34009605"
"chr4","70008912","70009153","JH378108","36722089","36722338","51","33286823"
"chr4","70036996","70037303","JH378255","1510119","1510428","40","68526877"
"chr4","70214210","70214488","JH378105","50034667","50034949","43","20179543"
"chr4","70360756","70361069","JH378128","25062512","25062815","61","45298244"
"chr4","70415526","70415822","JH378226","6485812","6486107","39","63929714"
"chr4","70429459","70429727","JH378111","27973938","27974209","48","42455521"
"chr4","70467141","70467441","JH378112","21361007","21361304","50","49106134"
"chr4","70603369","70603679","JH378148","2797982","2798286","53","67805387"
"chr4","70805203","70805286","JH378110","5527700","5527783","15","65277503"
"chr4","70808966","70809290","JH378154","13561581","13561891","55","57247385"
"chr4","70811029","70811342","JH378114","41499633","41499943","63","29311396"
"chr4","71003167","71003448","JH378225","6103213","6103503","53","64899954"
"chr4","71035864","71036164","JH378114","22526707","22527002","52","48509157"
"chr4","71043260","71043531","JH378145","7752076","7752352","42","63291184"
"chr4","71238336","71238632","JH378124","21810409","21810705","50","49427927"
"chr4","71320002","71320313","JH378173","6914461","6914770","41","64405541"
"chr4","71364863","71365145","JH378173","2558012","2558297","49","68806851"
"chr4","71438468","71438778","JH378169","12010927","12011237","36","59427541"
"chr4","71466098","71466384","JH378261","2935084","2935374","47","68531014"
"chr4","71543150","71543269","JH378108","51695867","51695985","37","19847283"
"chr4","71543305","71543421","JH378211","2854219","2854336","15","68689086"
"chr4","71549504","71549805","JH378257","2208823","2209127","58","69340681"
"chr4","71569564","71569878","JH378153","13255573","13255882","56","58313991"
"chr4","71852351","71852621","JH378108","29501194","29501485","54","42351157"
"chr4","71886744","71887064","JH378139","3255687","3256005","54","68631057"
"chr4","71909461","71909755","JH378121","27588289","27588584","45","44321172"
"chr4","71942730","71942845","JH378151","6942745","6942859","14","64999985"
"chr4","71943140","71943317","JH378105","38451571","38451757","39","33491569"
"chr4","71989434","71989700","JH378125","18788617","18788884","53","53200817"
"chr4","72023162","72023451","JH378112","19879719","19880008","39","52143443"
"chr4","72076615","72076968","JH378167","10481022","10481337","81","61595593"
"chr4","72105405","72105699","JH378108","11826860","11827154","47","60278545"
"chr4","72127117","72127424","JH378114","20897206","20897509","43","51229911"
"chr4","72385224","72385546","JH378154","13561581","13561891","54","58823643"
"chr4","72576378","72576662","JH378127","19331819","19332107","47","53244559"
"chr4","72663845","72664116","JH378118","25130804","25131072","49","47533041"
"chr4","72723306","72723560","JH378219","3497974","3498219","55","69225332"
"chr4","72725984","72726287","JH378127","14973650","14973958","48","57752334"
"chr4","72753753","72754057","JH378255","1987046","1987357","42","70766707"
"chr4","72797044","72797340","JH378112","43922832","43923126","39","28874212"
"chr4","72906393","72906722","JH378290","1006881","1007187","65","71899512"
"chr4","72979004","72979279","JH378201","3313841","3314119","49","69665163"
"chr4","73018074","73018376","JH378117","32806468","32806772","47","40211606"
"chr4","73176940","73177222","JH378141","13306055","13306336","46","59870885"
"chr4","73258748","73259046","JH378116","25790477","25790774","46","47468271"
"chr4","73261099","73261404","JH378151","4578678","4578981","44","68682421"
"chr4","73266460","73266762","JH378164","10914659","10914960","39","62351801"
"chr4","73345867","73346191","JH378178","10578302","10578625","78","62767565"
"chr4","73381331","73381641","JH378113","15232832","15233136","44","58148499"
"chr4","73402239","73402551","JH378151","4578678","4578981","52","68823561"
"chr4","73415630","73415925","JH378165","1378573","1378868","43","72037057"
"chr4","73423093","73423393","JH378126","782415","782718","44","72640678"
"chr4","73424929","73425184","JH378123","45829","46071","55","73379100"
"chr4","73457397","73457699","JH378123","5667081","5667374","34","67790316"
"chr4","73478679","73478984","JH378262","1936694","1936996","40","71541985"
"chr4","73491348","73491626","JH378125","26150308","26150592","46","47341040"
"chr4","73495261","73495548","JH378242","734891","735189","53","72760370"
"chr4","73499546","73499859","JH378261","2960539","2960842","45","70539007"
"chr4","73504913","73505185","JH378221","506746","507023","41","72998167"
"chr4","73514148","73514403","JH378118","27502774","27503024","37","46011374"
"chr4","73518090","73518386","JH378112","32590536","32590832","38","40927554"
"chr4","73522680","73522977","JH378148","3195871","3196169","45","70326809"
"chr4","73524543","73524842","JH378112","33033903","33034201","40","40490640"
"chr4","73541278","73541533","JH378299","666691","666951","37","72874587"
"chr4","73542171","73542471","JH378167","12037788","12038090","33","61504383"
"chr4","73546538","73546791","JH378111","9081856","9082098","56","64464682"
"chr4","73550217","73550506","JH378216","3323731","3324020","44","70226486"
"chr4","73552843","73553118","JH378201","379959","380244","55","73172884"
"chr4","73555438","73555740","JH378116","14428154","14428454","48","59127284"
"chr4","73565490","73565716","JH378244","4571536","4571770","67","68993954"
"chr4","73588932","73589177","JH378206","219821","220066","51","73369111"
"chr4","73592456","73592562","JH378132","19500684","19500767","29","54091772"
"chr4","73595299","73595599","JH378112","33452684","33452993","47","40142615"
"chr4","73597395","73597708","JH378118","10693452","10693756","44","62903943"
"chr4","73623807","73624094","JH378105","48570237","48570521","50","25053570"
"chr4","73625212","73625510","JH378242","734891","735189","38","72890321"
"chr4","73635303","73635538","JH378149","16347574","16347809","32","57287729"
"chr4","73639789","73640081","JH378133","7281869","7282159","45","66357920"
"chr4","73644412","73644689","JH378198","1119444","1119723","45","72524968"
"chr4","73650951","73651259","JH378135","17579540","17579844","44","56071411"
"chr4","73654831","73655117","JH378108","30678485","30678775","39","42976346"
"chr4","73655804","73656064","JH378161","5500005","5500257","48","68155799"
"chr4","73656778","73657082","JH378148","16955481","16955786","49","56701297"
"chr4","73659753","73660029","JH378192","8060330","8060601","55","65599423"
"chr4","73669555","73669836","JH378216","4686440","4686716","51","68983115"
"chr4","73686175","73686493","JH378136","2956557","2956868","48","70729618"
"chr4","73692125","73692366","JH378122","5341619","5341861","31","68350506"
"chr4","73694431","73694711","JH378127","1087443","1087725","40","72606988"
"chr4","73697478","73697787","JH378108","50609420","50609729","41","23088058"
"chr4","73717847","73718108","JH378112","17934735","17934997","48","55783112"
"chr4","73723579","73723889","JH378247","561987","562291","35","73161592"
"chr4","73726468","73726781","JH378120","12113866","12114178","49","61612602"
"chr4","73728095","73728397","JH378118","10693452","10693756","45","63034643"
"chr4","73745843","73745961","JH378189","6164521","6164641","17","67581322"
"chr4","73752207","73752346","JH378155","13896820","13896957","13","59855387"
"chr4","73760219","73760535","JH378204","5941995","5942305","52","67818224"
"chr4","73768215","73768521","JH378133","9743043","9743332","58","64025172"
"chr4","73797747","73798056","JH378173","5273045","5273355","45","68524702"
"chr4","73812515","73812798","JH378115","14114008","14114285","53","59698507"
"chr4","73827293","73827591","JH378115","27550836","27551133","48","46276457"
"chr4","73828949","73829247","JH378162","6030931","6031222","41","67798018"
"chr4","73844644","73844955","JH378284","2533277","2533588","42","71311367"
"chr4","73845827","73846136","JH378115","23836083","23836394","54","50009744"
"chr4","73855572","73855860","JH378190","9040170","9040456","44","64815402"
"chr4","73876716","73877003","JH378269","679042","679330","41","73197674"
"chr4","73878514","73878804","JH378191","967537","967830","37","72910977"
"chr4","73888778","73889088","JH378118","10693452","10693756","48","63195326"
"chr4","73908017","73908329","JH378135","1618015","1618319","37","72290002"
"chr4","73924280","73924585","JH378112","21361007","21361304","53","52563273"
"chr4","73927412","73927710","JH378112","32590536","32590832","43","41336876"
"chr4","73934956","73935201","JH378228","2117518","2117763","42","71817438"
"chr4","73947895","73948178","JH378156","15693115","15693398","41","58254780"
"chr4","73963236","73963534","JH378188","8291764","8292058","53","65671472"
"chr4","73970871","73971171","JH378118","10693452","10693756","55","63277419"
"chr4","73982063","73982369","JH378162","6171854","6172157","40","67810209"
"chr4","73985330","73985630","JH378153","1207598","1207894","41","72777732"
"chr4","73987774","73988062","JH378107","19957506","19957791","42","54030268"
"chr4","73991532","73991848","JH378153","13805769","13806076","56","60185763"
"chr4","73995978","73996257","JH378184","4794300","4794577","41","69201678"
"chr4","73999099","73999380","JH378136","14898747","14899023","36","59100352"
"chr4","74000859","74001106","JH378188","9461327","9461582","55","64539532"
"chr4","74012347","74012638","JH378169","11364792","11365082","41","62647555"
"chr4","74016933","74017007","JH378113","28408602","28408678","11","45608331"
"chr4","74020181","74020476","JH378116","28282701","28282994","53","45737480"
"chr4","74021723","74021989","JH378106","59486942","59487216","49","14534781"
"chr4","74026278","74026545","JH378177","5537274","5537535","63","68489004"
"chr4","74037581","74037865","JH378162","6228323","6228614","40","67809258"
"chr4","74056109","74056420","JH378135","16449037","16449347","42","57607072"
"chr4","74056931","74057237","JH378144","12633878","12634181","45","61423053"
"chr4","74073428","74073725","JH378108","24083744","24084033","40","49989684"
"chr4","74082261","74082561","JH378156","10837845","10838152","49","63244416"
"chr4","74096590","74096822","JH378260","3686231","3686464","44","70410359"
"chr4","74109131","74109435","JH378153","2201355","2201655","53","71907776"
"chr4","74109932","74110245","JH378173","1691460","1691768","39","72418472"
"chr4","74113431","74113739","JH378264","3588903","3589201","48","70524528"
"chr4","74121305","74121606","JH378111","38162771","38163069","39","35958534"
"chr4","74136205","74136510","JH378152","16029844","16030148","43","58106361"
"chr4","74145232","74145523","JH378191","4146110","4146399","56","69999122"
"chr4","74156082","74156378","JH378143","9041804","9042102","39","65114278"
"chr4","74171868","74172149","JH378105","6621498","6621779","41","67550370"
"chr4","74172724","74173024","JH378242","734891","735189","46","73437833"
"chr4","74194674","74194977","JH378108","50609420","50609729","44","23585254"
"chr4","74198349","74198642","JH378117","22556540","22556834","47","51641809"
"chr4","74199074","74199379","JH378122","7400305","7400610","42","66798769"
"chr4","74226849","74227077","JH378153","2130492","2130704","63","72096357"
"chr4","74228476","74228771","JH378162","6398085","6398382","38","67830391"
"chr4","74258495","74258759","JH378114","20734954","20735221","38","53523541"
"chr4","74274744","74275061","JH378142","6285531","6285845","56","67989213"
"chr4","74307474","74307778","JH378135","14597687","14597982","58","59709787"
"chr4","74334921","74334993","JH378137","7144095","7144162","17","67190826"
"chr4","74336293","74336584","JH378153","2856479","2856773","46","71479814"
"chr4","74351177","74351492","JH378108","34664165","34664467","63","39687012"
"chr4","74352146","74352447","JH378111","34678603","34678901","48","39673543"
"chr4","74385692","74385953","JH378156","1380668","1380930","47","73005024"
"chr4","74415550","74415841","JH378114","42118001","42118296","39","32297549"
"chr4","74417797","74418102","JH378162","6590158","6590474","49","67827639"
"chr4","74439231","74439479","JH378106","1464221","1464469","41","72975010"
"chr4","74439480","74439779","JH378105","14432202","14432497","39","60007278"
"chr4","74452022","74452323","JH378112","33033903","33034201","49","41418119"
"chr4","74457501","74457788","JH378122","7809799","7810085","49","66647702"
"chr4","74470827","74471121","JH378141","14454762","14455052","38","60016065"
"chr4","74486650","74486952","JH378177","4835569","4835864","39","69651081"
"chr4","74497150","74497326","JH378370","3630","3807","45","74493520"
"chr4","74498137","74498434","JH378242","734891","735189","50","73763246"
"chr4","74508202","74508394","JH378106","60226529","60226724","34","14281673"
"chr4","74535606","74535906","JH378150","8762710","8763014","41","65772896"
"chr4","74541455","74541745","JH378116","28282701","28282994","50","46258754"
"chr4","74574175","74574466","JH378140","5325520","5325814","36","69248655"
"chr4","74598674","74598938","JH378290","825761","826024","41","73772913"
"chr4","74696310","74696621","JH378129","731230","731540","39","73965080"
"chr4","74756649","74756958","JH378111","9912952","9913260","38","64843697"
"chr4","74817123","74817423","JH378162","6999543","6999849","39","67817580"
"chr4","74826654","74826940","JH378135","10580024","10580316","51","64246630"
"chr4","74840328","74840624","JH378153","1666281","1666572","55","73174047"
"chr4","74854284","74854597","JH378137","2751136","2751434","57","72103148"
"chr4","74893306","74893617","JH378301","920694","921000","39","73972612"
"chr4","74904266","74904560","JH378121","9612204","9612501","39","65292062"
"chr4","74909364","74909658","JH378131","22361718","22362005","47","52547646"
"chr4","74909941","74910232","JH378146","4677820","4678116","40","70232121"
"chr4","74926355","74926634","JH378162","7102345","7102624","42","67824010"
"chr4","74933389","74933590","JH378106","60226529","60226724","28","14706860"
"chr4","74936403","74936526","JH378224","6246041","6246162","15","68690362"
"chr4","74944274","74944574","JH378178","8042470","8042765","36","66901804"
"chr4","74950056","74950327","JH378122","8027809","8028087","50","66922247"
"chr4","74970380","74970677","JH378163","13606253","13606552","47","61364127"
"chr4","74990506","74990801","JH378113","20938971","20939266","39","54051535"
"chr4","75008891","75009197","JH378162","7194894","7195200","44","67813997"
"chr4","75016477","75016759","JH378105","4196799","4197087","46","70819678"
"chr4","75039161","75039449","JH378111","45819890","45820181","52","29219271"
"chr4","75040505","75040800","JH378129","10098677","10098967","54","64941828"
"chr4","75047119","75047394","JH378110","31253343","31253618","40","43793776"
"chr4","75087798","75088109","JH378123","28766081","28766389","49","46321717"
"chr4","75090244","75090538","JH378141","14454762","14455052","39","60635482"
"chr4","75112177","75112490","JH378247","561987","562291","41","74550190"
"chr4","75112493","75112821","JH378109","26422799","26423098","70","48689694"
"chr4","75124782","75125091","JH378129","10512559","10512869","44","64612223"
"chr4","75136670","75136974","JH378242","734891","735189","35","74401779"
"chr4","75140238","75140538","JH378308","686068","686367","49","74454170"
"chr4","75152124","75152422","JH378290","1449167","1449465","37","73702957"
"chr4","75174804","75175086","JH378188","9653970","9654259","45","65520834"
"chr4","75185285","75185582","JH378156","10067024","10067321","39","65118261"
"chr4","75193561","75193854","JH378113","20938971","20939266","34","54254590"
"chr4","75218860","75219157","JH378162","7416778","7417079","40","67802082"
"chr4","75362275","75362415","JH378296","556970","557110","22","74805305"
"chr4","75429791","75430083","JH378162","7617403","7617689","40","67812388"
"chr4","75440758","75441055","JH378132","2229026","2229323","41","73211732"
"chr4","75448064","75448358","JH378111","8498303","8498600","40","66949761"
"chr4","75462169","75462449","JH378107","50686077","50686357","56","24776092"
"chr4","75518986","75519298","JH378148","13262362","13262662","50","62256624"
"chr4","75624977","75625287","JH378195","8547789","8548098","44","67077188"
"chr4","75628607","75628912","JH378106","69063427","69063728","38","6565180"
"chr4","75722029","75722296","JH378153","528124","528390","42","75193905"
"chr4","75751672","75751962","JH378107","47246474","47246770","56","28505198"
"chr4","75791741","75792040","JH378105","64915693","64915991","45","10876048"
"chr4","75873066","75873371","JH378162","8041072","8041381","51","67831994"
"chr4","75876932","75877172","JH378121","4553796","4554035","35","71323136"
"chr4","75891202","75891509","JH378106","58341946","58342247","46","17549256"
"chr4","75980852","75981120","JH378151","10198155","10198412","50","65782697"
"chr4","75981666","75981972","JH378120","4438901","4439206","40","71542765"
"chr4","76000573","76000860","JH378288","2566365","2566649","37","73434208"
"chr4","76004295","76004575","JH378151","735762","736040","47","75268533"
"chr4","76007707","76007990","JH378263","1413066","1413345","60","74594641"
"chr4","76039147","76039448","JH378115","39565442","39565741","42","36473705"
"chr4","76042363","76042674","JH378153","9926861","9927172","48","66115502"
"chr4","76136124","76136426","JH378113","15232832","15233136","45","60903292"
"chr4","76152854","76153142","JH378190","3359688","3359966","52","72793166"
"chr4","76205370","76205667","JH378187","3252575","3252870","39","72952795"
"chr4","76212431","76212721","JH378144","13429319","13429607","32","62783112"
"chr4","76238096","76238398","JH378162","11681967","11682260","56","64556129"
"chr4","76246109","76246418","JH378173","1691460","1691768","37","74554649"
"chr4","76262916","76263207","JH378105","18392353","18392643","37","57870563"
"chr4","76279933","76280190","JH378162","8462701","8462960","43","67817232"
"chr4","76287459","76287757","JH378133","9812784","9813080","45","66474675"
"chr4","76297821","76298110","JH378141","8990095","8990384","34","67307726"
"chr4","76303167","76303471","JH378111","8498303","8498600","44","67804864"
"chr4","76310843","76311112","JH378186","4733749","4734020","53","71577094"
"chr4","76314630","76314917","JH378124","16834558","16834852","49","59480072"
"chr4","76315832","76316175","JH378151","3788645","3788945","80","72527187"
"chr4","76331340","76331432","JH378225","6554025","6554117","12","69777315"
"chr4","76347593","76347871","JH378151","10875729","10876005","46","65471864"
"chr4","76352029","76352402","JH378127","13820509","13820846","104","62531520"
"chr4","76353084","76353381","JH378185","6039029","6039324","35","70314055"
"chr4","76353579","76353888","JH378162","8548165","8548470","42","67805414"
"chr4","76355689","76355979","JH378113","26722387","26722689","49","49633302"
"chr4","76357494","76357786","JH378224","2110609","2110901","44","74246885"
"chr4","76358538","76358813","JH378136","272512","272800","54","76086026"
"chr4","76373448","76373736","JH378119","32586357","32586644","41","43787091"
"chr4","76381199","76381502","JH378116","25790477","25790774","39","50590722"
"chr4","76386134","76386454","JH378282","341885","342204","62","76044249"
"chr4","76409263","76409580","JH378117","16580518","16580837","57","59828745"
"chr4","76420932","76421239","JH378279","2532931","2533234","45","73888001"
"chr4","76445631","76445924","JH378142","14395254","14395552","41","62050377"
"chr4","76472558","76472837","JH378136","14898747","14899023","43","61573811"
"chr4","76513192","76513290","JH378225","6554025","6554117","13","69959167"
"chr4","76513291","76513546","JH378169","6604638","6604887","52","69908653"
"chr4","76513547","76513561","JH378185","5729091","5729102","7","70784456"
"chr4","76518290","76518565","JH378162","8696774","8697050","36","67821516"
"chr4","76538327","76538646","JH378153","5074032","5074342","52","71464295"
"chr4","76540088","76540385","JH378141","14454762","14455052","32","62085326"
"chr4","76544119","76544438","JH378116","21350068","21350399","73","55194051"
"chr4","76548060","76548203","JH378128","25274620","25274764","17","51273440"
"chr4","76553544","76553836","JH378123","20761493","20761785","43","55792051"
"chr4","76561691","76561982","JH378232","648657","648945","41","75913034"
"chr4","76570553","76570872","JH378113","17168263","17168574","51","59402290"
"chr4","76576866","76577157","JH378115","28716128","28716418","39","47860738"
"chr4","76579038","76579337","JH378162","8756822","8757120","47","67822216"
"chr4","76588932","76589222","JH378113","21075394","21075684","45","55513538"
"chr4","76607541","76607811","JH378162","8783360","8783631","33","67824181"
"chr4","76656120","76656402","JH378129","12396986","12397278","47","64259134"
"chr4","76680515","76680812","JH378108","1503324","1503613","57","75177191"
"chr4","76697638","76697948","JH378148","2797982","2798286","38","73899656"
"chr4","76802118","76802334","JH378156","8851539","8851753","38","67950579"
"chr4","76852153","76852170","JH378185","5729091","5729102","7","71123062"
"chr4","76852215","76852500","JH378158","1366314","1366589","48","75485901"
"chr4","76927336","76927635","JH378252","4291425","4291721","38","72635911"
"chr4","76931283","76931574","JH378111","43268192","43268483","38","33663091"
"chr4","76950370","76950667","JH378106","699725","700023","43","76250645"
"chr4","76955273","76955604","JH378105","23797356","23797692","55","53157917"
"chr4","76962781","76963071","JH378127","19331819","19332107","43","57630962"
"chr4","76971034","76971294","JH378162","9121743","9122011","33","67849291"
"chr4","76972911","76973222","JH378112","30769821","30770123","54","46203090"
"chr4","76975516","76975812","JH378156","1923711","1924009","41","75051805"
"chr4","77020966","77021266","JH378111","8498303","8498600","44","68522663"
"chr4","77058252","77058560","JH378204","7978351","7978644","61","69079901"
"chr4","77080233","77080517","JH378190","2110516","2110800","53","74969717"
"chr4","77111471","77111744","JH378167","817622","817892","42","76293849"
"chr4","77120369","77120666","JH378134","18476109","18476404","57","58644260"
"chr4","77137729","77138015","JH378162","9272177","9272456","39","67865552"
"chr4","77151992","77152300","JH378261","2570576","2570880","62","74581416"
"chr4","77161601","77161887","JH378114","21412978","21413266","45","55748623"
"chr4","77181726","77182041","JH378189","8456362","8456672","48","68725364"
"chr4","77255839","77256136","JH378125","7536511","7536811","48","69719328"
"chr4","77358019","77358323","JH378281","1512369","1512678","55","75845650"
"chr4","77402831","77403093","JH378112","14641288","14641552","34","62761543"
"chr4","77465043","77465302","JH378162","9548376","9548637","37","67916667"
"chr4","77468961","77469260","JH378127","4712903","4713204","43","72756058"
"chr4","77517248","77517551","JH378143","6673988","6674287","46","70843260"
"chr4","77673389","77673702","JH378197","4356244","4356549","63","73317145"
"chr4","77703576","77703883","JH378156","6301995","6302299","50","71401581"
"chr4","77708675","77708969","JH378106","69063427","69063728","41","8645248"
"chr4","77721742","77722027","JH378131","23709610","23709901","38","54012132"
"chr4","77752526","77752837","JH378288","2552639","2552947","47","75199887"
"chr4","77761061","77761148","JH378108","53979242","53979329","10","23781819"
"chr4","77770698","77771010","JH378153","9926861","9927172","47","67843837"
"chr4","77780832","77780969","JH378206","6284079","6284214","15","71496753"
"chr4","77794430","77794732","JH378188","9355257","9355562","40","68439173"
"chr4","77812828","77813109","JH378111","33703293","33703577","49","44109535"
"chr4","77824859","77825158","JH378131","23697009","23697304","37","54127850"
"chr4","77838049","77838359","JH378124","6085987","6086296","45","71752062"
"chr4","77839973","77840275","JH378162","9862797","9863101","44","67977176"
"chr4","77905988","77906282","JH378116","28282701","28282994","39","49623287"
"chr4","77936929","77937215","JH378111","43268192","43268483","38","34668737"
"chr4","77992725","77993027","JH378162","10014716","10015024","45","67978009"
"chr4","78133307","78133619","JH378166","9428708","9429013","45","68704599"
"chr4","78252779","78253039","JH378288","2420535","2420796","47","75832244"
"chr4","78310913","78311152","JH378153","15864013","15864256","41","62446900"
"chr4","78365944","78366228","JH378153","10915110","10915388","49","67450834"
"chr4","78380731","78381012","JH378114","42572010","42572296","43","35808721"
"chr4","78390051","78390358","JH378162","10342514","10342811","46","68047537"
"chr4","78509514","78509759","JH378232","307176","307420","40","78202338"
"chr4","78624471","78624766","JH378141","10158367","10158665","48","68466104"
"chr4","78679960","78680214","JH378140","6607165","6607427","47","72072795"
"chr4","83862639","83862935","JH378111","8498303","8498600","40","75364336"
"chr4","83901730","83901986","JH378143","6036848","6037103","36","77864882"
"chr4","83902628","83902931","JH378135","3588887","3589186","45","80313741"
"chr4","83904908","83905160","JH378109","34596471","34596713","66","49308437"
"chr4","83910758","83911063","JH378188","7232167","7232465","41","76678591"
"chr4","83918417","83918710","JH378162","10751977","10752272","39","73166440"
"chr4","83926572","83926847","JH378122","7809799","7810085","49","76116773"
"chr4","83947410","83947704","JH378143","3250074","3250369","47","80697336"
"chr4","83949718","83949956","JH378119","33846135","33846378","49","50103583"
"chr4","83953871","83954164","JH378162","10796432","10796732","43","73157439"
"chr4","83976310","83976334","JH378113","38140728","38140753","10","45835582"
"chr4","83976372","83976651","JH378213","4422853","4423134","40","79553519"
"chr4","83988006","83988332","JH378167","5198584","5198889","58","78789422"
"chr4","83998781","83999057","JH378117","36041941","36042223","42","47956840"
"chr4","84000582","84000871","JH378159","15554235","15554522","38","68446347"
"chr4","84001994","84002306","JH378153","14175225","14175527","46","69826769"
"chr4","84012141","84012447","JH378148","13262362","13262662","50","70749779"
"chr4","84025818","84026095","JH378118","33683606","33683888","44","50342212"
"chr4","84033078","84033381","JH378162","10860699","10860992","41","73172379"
"chr4","84044465","84044757","JH378111","43268192","43268483","34","40776273"
"chr4","84057665","84057980","JH378110","31358400","31358705","48","52699265"
"chr4","84087749","84088045","JH378242","734891","735189","40","83352858"
"chr4","84088646","84088952","JH378176","9169030","9169331","46","74919616"
"chr4","84096941","84097213","JH378155","2506721","2506992","33","81590220"
"chr4","84097263","84097544","JH378401","51166","51446","42","84046097"
"chr4","84100686","84100952","JH378153","2114272","2114538","39","81986414"
"chr4","84135243","84135531","JH378172","9343322","9343615","39","74791921"
"chr4","84155795","84156114","JH378195","8547789","8548098","43","75608006"
"chr4","84192978","84193271","JH378154","14273514","14273808","39","69919464"
"chr4","84211451","84211730","JH378162","11032548","11032819","34","73178903"
"chr4","84215541","84215830","JH378119","10249605","10249888","39","73965936"
"chr4","84281033","84281341","JH378205","4278012","4278319","42","80003021"
"chr4","84297313","84297614","JH378154","2415687","2415984","41","81881626"
"chr4","84348473","84348775","JH378114","41499633","41499943","44","42848840"
"chr4","84398833","84399129","JH378195","2148198","2148495","45","82250635"
"chr4","84407842","84408147","JH378162","11232395","11232701","49","73175447"
"chr4","84411863","84412156","JH378114","7098691","7098982","44","77313172"
"chr4","84433915","84434207","JH378162","11268629","11268920","40","73165286"
"chr4","84442144","84442439","JH378120","3564285","3564577","38","80877859"
"chr4","84476191","84476496","JH378235","3957900","3958200","46","80518291"
"chr4","84483690","84483825","JH378106","1342311","1342445","15","83141379"
"chr4","84486574","84486844","JH378162","11317370","11317644","49","73169204"
"chr4","84499422","84499698","JH378121","28958955","28959229","43","55540467"
"chr4","84536233","84536527","JH378123","5667081","5667374","36","78869152"
"chr4","84554648","84554938","JH378225","413927","414219","45","84140721"
"chr4","84559392","84559701","JH378153","14175225","14175527","37","70384167"
"chr4","84575088","84575324","JH378105","45639946","45640176","40","38935142"
"chr4","84576083","84576376","JH378140","5325520","5325814","36","79250563"
"chr4","84623022","84623317","JH378185","6039029","6039324","36","78583993"
"chr4","84625463","84625761","JH378316","391481","391778","41","84233982"
"chr4","84629529","84629832","JH378197","3241273","3241575","39","81388256"
"chr4","84641900","84642193","JH378163","7943922","7944217","45","76697978"
"chr4","84656409","84656707","JH378119","13478581","13478885","51","71177828"
"chr4","84660749","84661049","JH378116","14428154","14428454","45","70232595"
"chr4","84672864","84673152","JH378158","237222","237505","43","84435642"
"chr4","84674110","84674202","JH378140","5809830","5809919","12","78864280"
"chr4","84686196","84686462","JH378162","11533019","11533286","27","73153177"
"chr4","84703942","84704238","JH378148","2569469","2569763","42","82134473"
"chr4","84711567","84711869","JH378188","9401785","9402089","38","75309782"
"chr4","84728302","84728596","JH378239","588272","588564","45","84140030"
"chr4","84734312","84734603","JH378119","33281322","33281616","49","51452990"
"chr4","84743618","84743909","JH378110","13834498","13834791","42","70909120"
"chr4","84753187","84753479","JH378242","734891","735189","35","84018296"
"chr4","84759333","84759641","JH378172","9553918","9554219","40","75205415"
"chr4","84768842","84769147","JH378162","11616605","11616914","41","73152237"
"chr4","84788527","84788844","JH378105","35177015","35177323","47","49611512"
"chr4","84808323","84808611","JH378124","5131942","5132232","51","79676381"
"chr4","84809590","84809876","JH378162","11658985","11659277","42","73150605"
"chr4","84820895","84821219","JH378117","15749415","15749721","56","69071480"
"chr4","84828476","84828780","JH378170","5556139","5556443","48","79272337"
"chr4","84838387","84838686","JH378162","11681967","11682260","31","73156420"
"chr4","84846916","84847205","JH378118","28802926","28803223","42","56043990"
"chr4","84854706","84854988","JH378161","8876366","8876638","46","75978340"
"chr4","84859653","84859930","JH378112","32686929","32687213","51","52172724"
"chr4","84872090","84872368","JH378136","14898747","14899023","38","69973343"
"chr4","84880339","84880629","JH378162","11713351","11713643","37","73166988"
"chr4","84883026","84883328","JH378117","8273843","8274143","47","76609183"
"chr4","84895452","84895730","JH378162","11727576","11727841","49","73167876"
"chr4","84898737","84898996","JH378198","1138981","1139239","46","83759756"
"chr4","84902491","84902792","JH378276","2592807","2593110","47","82309684"
"chr4","84909836","84910138","JH378176","9100046","9100345","39","75809790"
"chr4","84910641","84910879","JH378241","414390","414631","37","84496251"
"chr4","84914411","84914720","JH378152","12129976","12130286","42","72784435"
"chr4","84919978","84920261","JH378122","7104036","7104320","57","77815942"
"chr4","84929267","84929599","JH378116","25720911","25721239","47","59208356"
"chr4","84949735","84949941","JH378173","8335456","8335662","33","76614279"
"chr4","84971429","84971741","JH378156","6301995","6302299","38","78669434"
"chr4","85098769","85099073","JH378148","16271022","16271321","39","68827747"
"chr4","85101885","85101984","JH378153","789346","789444","13","84312539"
"chr4","85148607","85148905","JH378293","1508849","1509149","43","83639758"
"chr4","85192557","85192857","JH378162","12030646","12030940","51","73161911"
"chr4","85207781","85207945","JH378119","34092724","34092888","20","51115057"
"chr4","85207982","85208082","JH378124","12102465","12102571","25","73105517"
"chr4","85247951","85248246","JH378220","1011665","1011962","42","84236286"
"chr4","85253248","85253551","JH378151","4578678","4578981","42","80674570"
"chr4","85283191","85283499","JH378204","6690782","6691087","42","78592409"
"chr4","85305188","85305490","JH378180","5047484","5047772","57","80257704"
"chr4","85320518","85320823","JH378118","10693452","10693756","41","74627066"
"chr4","85381459","85381767","JH378118","20140583","20140886","40","65240876"
"chr4","85410335","85410654","JH378151","11708654","11708966","60","73701681"
"chr4","85432293","85432587","JH378213","4603416","4603708","39","80828877"
"chr4","85441385","85441475","JH378124","5052722","5052813","9","80388663"
"chr4","85555246","85555541","JH378173","10880896","10881187","40","74674350"
"chr4","85624704","85624992","JH378260","3564675","3564965","72","82060029"
"chr4","85836898","85837194","JH378148","5678256","5678554","45","80158642"
"chr4","85868875","85869000","JH378119","7539270","7539395","14","78329605"
"chr4","85869036","85869221","JH378177","10575113","10575292","55","75293923"
"chr4","85897623","85897924","JH378188","9061292","9061593","44","76836331"
"chr4","86007275","86007465","JH378157","8977299","8977479","33","77029976"
"chr4","86030234","86030514","JH378105","50034667","50034949","52","35995567"
"chr4","86032372","86032668","JH378148","3015296","3015593","44","83017076"
"chr4","86073255","86073551","JH378118","10693452","10693756","48","75379803"
"chr4","86116521","86116802","JH378162","12053234","12053509","60","74063287"
"chr4","86155364","86155657","JH378203","1371532","1371823","36","84783832"
"chr4","86155784","86156089","JH378158","670417","670720","44","85485367"
"chr4","86196849","86197160","JH378107","529179","529482","50","85667670"
"chr4","86203027","86203322","JH378111","43268192","43268483","43","42934835"
"chr4","86351642","86351927","JH378135","1343448","1343737","43","85008194"
"chr4","86372517","86372815","JH378123","21695970","21696268","37","64676547"
"chr4","86422739","86423047","JH378134","18025612","18025919","39","68397127"
"chr4","86452963","86453289","JH378110","38785441","38785761","51","47667522"
"chr4","86573703","86573990","JH378108","42336136","42336414","58","44237567"
"chr4","86645067","86645356","JH378114","39182174","39182471","53","47462893"
"chr4","86665343","86665646","JH378149","14367499","14367804","50","72297844"
"chr4","86876411","86876715","JH378203","7036188","7036492","55","79840223"
"chr4","87017762","87018059","JH378177","2562934","2563231","39","84454828"
"chr4","87127352","87127648","JH378242","734891","735189","46","86392461"
"chr4","87146597","87146873","JH378220","4102349","4102634","54","83044248"
"chr4","87148214","87148521","JH378106","69412305","69412606","53","17735909"
"chr4","87212360","87212656","JH378203","4058222","4058515","50","83154138"
"chr4","87290580","87290945","JH378117","35352882","35353251","90","51937698"
"chr4","87346486","87346802","JH378277","308065","308370","53","87038421"
"chr4","87554331","87554624","JH378127","19331819","19332107","45","68222512"
"chr4","87559376","87559671","JH378242","734891","735189","49","86824485"
"chr4","87575428","87575703","JH378173","2652292","2652568","43","84923136"
"chr4","87618194","87618447","JH378209","3944173","3944428","58","83674021"
"chr4","87676559","87676863","JH378157","12870367","12870663","50","74806192"
"chr4","87907860","87908118","JH378197","8189893","8190153","41","79717967"
"chr4","88114630","88114927","JH378112","30721676","30721989","48","57392954"
"chr4","88141930","88142155","JH378278","2964353","2964581","41","85177577"
"chr4","88469117","88469410","JH378164","8985490","8985781","42","79483627"
"chr4","88494434","88494740","JH378181","246873","247182","42","88247561"
"chr4","88528963","88529258","JH378114","9156388","9156684","47","79372575"
"chr4","88529947","88530210","JH378123","24985559","24985820","41","63544388"
"chr4","88704352","88704620","JH378114","9308657","9308934","41","79395695"
"chr4","88812419","88812724","JH378139","11244771","11245079","43","77567648"
"chr4","88822471","88822783","JH378129","2351181","2351488","50","86471290"
"chr4","88878077","88878368","JH378167","987517","987816","49","87890560"
"chr4","88934180","88934491","JH378297","218770","219080","53","88715410"
"chr4","88959193","88959471","JH378240","3141512","3141787","40","85817681"
"chr4","89042306","89042613","JH378156","10837845","10838152","56","78204461"
"chr4","89096902","89097175","JH378114","9698301","9698583","46","79398601"
"chr4","89101140","89101427","JH378112","13977975","13978268","49","75123165"
"chr4","89332822","89333133","JH378206","1268945","1269256","41","88063877"
"chr4","89397262","89397447","JH378165","5586020","5586201","32","83811242"
"chr4","89397795","89398075","JH378108","671919","672194","42","88725876"
"chr4","89493834","89493899","JH378167","7200019","7200084","7","82293815"
"chr4","89500974","89501277","JH378294","668279","668579","41","88832695"
"chr4","89557480","89557787","JH378141","2645179","2645491","52","86912301"
"chr4","89579381","89579706","JH378108","8388787","8389097","53","81190594"
"chr4","89608536","89608828","JH378141","14454762","14455052","43","75153774"
"chr4","89627111","89627419","JH378149","15885379","15885676","48","73741732"
"chr4","89691678","89692001","JH378105","68954435","68954753","51","20737243"
"chr4","89705759","89706059","JH378110","6965048","6965350","39","82740711"
"chr4","89725082","89725365","JH378115","16549844","16550133","47","73175238"
"chr4","89749481","89749763","JH378129","11437057","11437332","37","78312424"
"chr4","89793727","89794033","JH378111","40734534","40734829","51","49059193"
"chr4","89818563","89818856","JH378260","2075551","2075845","43","87743012"
"chr4","89829760","89829893","JH378158","3234628","3234759","13","86595132"
"chr4","89829895","89830195","JH378161","2236995","2237295","41","87592900"
"chr4","89838654","89838966","JH378114","10440447","10440745","41","79398207"
"chr4","89842198","89842489","JH378116","14428154","14428454","47","75414044"
"chr4","89852663","89852970","JH378118","10693452","10693756","38","79159211"
"chr4","89855526","89855819","JH378154","14273514","14273808","39","75582012"
"chr4","89875123","89875433","JH378114","10479582","10479888","39","79395541"
"chr4","89890093","89890379","JH378297","17227","17515","47","89872866"
"chr4","89891207","89891500","JH378119","360557","360852","44","89530650"
"chr4","89893725","89893848","JH378199","8369713","8369842","29","81524012"
"chr4","89904631","89904767","JH378108","51032347","51032483","13","38872284"
"chr4","89907865","89908139","JH378171","5256511","5256785","35","84651354"
"chr4","89913512","89913786","JH378114","10513044","10513319","35","79400468"
"chr4","89916695","89916944","JH378127","8487747","8487995","47","81428948"
"chr4","89930373","89930667","JH378108","49447470","49447762","47","40482903"
"chr4","89934605","89934901","JH378290","1449167","1449465","42","88485438"
"chr4","89938605","89938910","JH378115","27550836","27551133","47","62387769"
"chr4","89940256","89940570","JH378167","9148717","9149025","58","80791539"
"chr4","89943649","89943922","JH378114","900779","901049","55","89042870"
"chr4","89952879","89953177","JH378131","12596886","12597181","36","77355993"
"chr4","89957763","89958055","JH378106","70080554","70080842","41","19877209"
"chr4","89974242","89974542","JH378214","5755548","5755843","44","84218694"
"chr4","89974815","89975119","JH378112","31299685","31299989","46","58675130"
"chr4","89996090","89996386","JH378157","10612889","10613179","45","79383201"
"chr4","90013148","90013433","JH378220","2931512","2931797","38","87081636"
"chr4","90018064","90018201","JH378220","1447971","1448106","19","88570093"
"chr4","90018512","90018694","JH378175","8173999","8174192","54","81844513"
"chr4","90020636","90020924","JH378186","512218","512506","43","89508418"
"chr4","90033685","90033958","JH378115","14114008","14114285","46","75919677"
"chr4","90036272","90036533","JH378114","10634675","10634939","37","79401597"
"chr4","90072277","90072537","JH378197","8189893","8190153","34","81882384"
"chr4","90115015","90115312","JH378216","3323731","3324020","54","86791284"
"chr4","90116506","90116789","JH378114","42118001","42118296","45","47998505"
"chr4","90136936","90137223","JH378304","60228","60512","33","90076708"
"chr4","90141823","90142133","JH378174","9615914","9616218","36","80525909"
"chr4","90153394","90153679","JH378114","10753218","10753507","33","79400176"
"chr4","90157645","90157956","JH378118","10693452","10693756","41","79464193"
"chr4","90163147","90163462","JH378188","7490346","7490651","47","82672801"
"chr4","90199396","90199694","JH378135","18736973","18737278","37","71462423"
"chr4","90211561","90211848","JH378141","12477594","12477895","70","77733967"
"chr4","90216469","90216768","JH378114","10818061","10818358","43","79398408"
"chr4","90244385","90244690","JH378111","11464738","11465037","47","78779647"
"chr4","90248188","90248486","JH378226","6485812","6486107","36","83762376"
"chr4","90253908","90254113","JH378248","4037784","4037963","58","86216124"
"chr4","90256125","90256405","JH378105","6621498","6621779","38","83634627"
"chr4","90258906","90259222","JH378105","21295293","21295608","55","68963613"
"chr4","90261085","90261377","JH378141","14454762","14455052","37","75806323"
"chr4","90272970","90273343","JH378289","38982","39339","109","90233988"
"chr4","90277027","90277322","JH378227","4128974","4129267","38","86148053"
"chr4","90291188","90291474","JH378105","50034667","50034949","39","40256521"
"chr4","90301681","90301853","JH378204","3931687","3931860","20","86369994"
"chr4","90304704","90304993","JH378305","286057","286348","36","90018647"
"chr4","90328078","90328384","JH378110","12334503","12334809","49","77993575"
"chr4","90336224","90336523","JH378190","752748","753058","64","89583476"
"chr4","90338573","90338895","JH378114","10915340","10915647","54","79423233"
"chr4","90369320","90369621","JH378119","13478581","13478885","49","76890739"
"chr4","90374518","90374802","JH378105","50034667","50034949","43","40339851"
"chr4","90384559","90384868","JH378113","15232832","15233136","41","75151727"
"chr4","90396861","90397157","JH378126","22867235","22867530","47","67529626"
"chr4","90398185","90398497","JH378114","41499633","41499943","48","48898552"
"chr4","90408645","90408940","JH378247","4426259","4426553","39","85982386"
"chr4","90420754","90421053","JH378114","10996794","10997099","41","79423960"
"chr4","90434093","90434398","JH378118","10693452","10693756","43","79740641"
"chr4","90437463","90437754","JH378140","5325520","5325814","35","85111943"
"chr4","90456777","90457054","JH378283","2933790","2934070","39","87522987"
"chr4","90459670","90459979","JH378105","61204434","61204748","48","29255236"
"chr4","90485157","90485451","JH378186","1525813","1526111","37","88959344"
"chr4","90488516","90488805","JH378135","350947","351240","54","90137569"
"chr4","90535938","90536232","JH378111","8498303","8498600","34","82037635"
"chr4","90541100","90541394","JH378116","27346910","27347202","38","63194190"
"chr4","90558786","90559096","JH378114","11129511","11129808","49","79429275"
"chr4","90559948","90560249","JH378114","11130715","11131008","42","79429233"
"chr4","90570240","90570538","JH378145","6668964","6669258","40","83901276"
"chr4","90575793","90576091","JH378127","23045807","23046104","50","67529986"
"chr4","90576219","90576339","JH378151","8266579","8266700","23","82309640"
"chr4","90576663","90576966","JH378142","1173704","1174003","42","89402959"
"chr4","90577562","90577852","JH378166","530033","530321","54","90047529"
"chr4","90598162","90598457","JH378126","22770602","22770897","44","67827560"
"chr4","90604280","90604577","JH378193","1178280","1178577","40","89426000"
"chr4","90624513","90624812","JH378105","2296506","2296810","60","88328007"
"chr4","90723721","90724025","JH378262","2203336","2203643","42","88520385"
"chr4","90824249","90824560","JH378158","8865215","8865524","46","81959034"
"chr4","90830410","90830699","JH378288","1300895","1301180","40","89529515"
"chr4","90871976","90872282","JH378173","2157396","2157705","49","88714580"
"chr4","90886019","90886322","JH378180","10344448","10344746","40","80541571"
"chr4","91050746","91051046","JH378114","11572321","11572617","41","79478425"
"chr4","91077705","91077996","JH378131","16707957","16708257","51","74369748"
"chr4","91083982","91084276","JH378111","32964359","32964654","50","58119623"
"chr4","91125344","91125645","JH378108","54709471","54709770","43","36415873"
"chr4","91153340","91153629","JH378153","7052266","7052556","52","84101074"
"chr4","91156316","91156611","JH378216","1307384","1307680","46","89848932"
"chr4","91167741","91168036","JH378106","69063427","69063728","39","22104314"
"chr4","91175066","91175376","JH378114","11682862","11683163","39","79492204"
"chr4","91203423","91203715","JH378108","30678485","30678775","49","60524938"
"chr4","91231649","91231943","JH378122","7809799","7810085","40","83421850"
"chr4","91235254","91235561","JH378131","4958607","4958908","45","86276647"
"chr4","91263706","91264015","JH378113","15232832","15233136","46","76030874"
"chr4","91268978","91269270","JH378114","11768944","11769232","33","79500034"
"chr4","91273325","91273624","JH378122","9835188","9835489","38","81438137"
"chr4","91308132","91308443","JH378135","2445392","2445695","44","88862740"
"chr4","91318755","91319054","JH378116","21083340","21083634","44","70235415"
"chr4","91349016","91349317","JH378107","18459762","18460063","41","72889254"
"chr4","91354665","91354962","JH378111","43268192","43268483","38","48086473"
"chr4","91377398","91377693","JH378124","141948","142249","52","91235450"
"chr4","91381923","91382237","JH378136","7586886","7587193","55","83795037"
"chr4","91384090","91384388","JH378224","2110609","2110901","41","89273481"
"chr4","91390705","91390994","JH378188","9653970","9654259","43","81736735"
"chr4","91392657","91392970","JH378117","37732677","37732982","47","53659980"
"chr4","91400024","91400335","JH378301","920694","921000","36","90479330"
"chr4","91401980","91402097","JH378136","13391797","13391920","18","78010183"
"chr4","91408360","91408648","JH378198","4288966","4289252","34","87119394"
"chr4","91413239","91413533","JH378197","6701048","6701344","43","84712191"
"chr4","91420501","91420812","JH378121","3100176","3100487","45","88320325"
"chr4","91434909","91435218","JH378249","1601829","1602137","49","89833080"
"chr4","91445862","91446188","JH378112","36482668","36482971","52","54963194"
"chr4","91464407","91464530","JH378118","14956607","14956728","13","76507800"
"chr4","91495113","91495291","JH378140","5158190","5158367","25","86336923"
"chr4","91495877","91496141","JH378124","5094775","5095041","44","86401102"
"chr4","91504773","91505079","JH378105","45886739","45887040","42","45618034"
"chr4","91510889","91511182","JH378198","1639176","1639469","35","89871713"
"chr4","91530437","91530741","JH378348","162949","163251","45","91367488"
"chr4","91572723","91573019","JH378114","42118001","42118296","31","49454722"
"chr4","91603258","91603570","JH378114","20958944","20959246","48","70644314"
"chr4","91614022","91614324","JH378109","29379129","29379428","44","62234893"
"chr4","91640752","91641023","JH378281","1295538","1295811","57","90345214"
"chr4","91643025","91643317","JH378148","2011019","2011312","38","89632006"
"chr4","91653682","91653999","JH378198","396866","397166","50","91256816"
"chr4","91672120","91672412","JH378203","7090053","7090349","41","84582067"
"chr4","91683437","91683727","JH378195","3020811","3021102","47","88662626"
"chr4","91829028","91829323","JH378111","8498303","8498600","38","83330725"
"chr4","91829735","91830049","JH378114","31003149","31003455","58","60826586"
"chr4","91836969","91837271","JH378294","668279","668579","38","91168690"
"chr4","91863881","91864175","JH378148","2569469","2569763","47","89294412"
"chr4","91869059","91869362","JH378148","13262362","13262662","40","78606697"
"chr4","91899056","91899357","JH378255","1058410","1058705","41","90840646"
"chr4","91963538","91963819","JH378189","719706","719987","36","91243832"
"chr4","91975430","91975723","JH378145","10500061","10500358","46","81475369"
"chr4","91983093","91983395","JH378148","13262362","13262662","38","78720731"
"chr4","92014106","92014401","JH378141","2750063","2750339","61","89264043"
"chr4","92125341","92125636","JH378115","16549844","16550133","39","75575497"
"chr4","92136959","92137262","JH378220","3583875","3584178","41","88553084"
"chr4","92201520","92201803","JH378105","50034667","50034949","39","42166853"
"chr4","92342380","92342677","JH378185","6039029","6039324","44","86303351"
"chr4","92392799","92393085","JH378114","12882062","12882350","40","79510737"
"chr4","92537972","92538243","JH378155","2506721","2506992","38","90031251"
"chr4","92563969","92564258","JH378114","13052926","13053218","37","79511043"
"chr4","92668894","92669186","JH378131","620106","620409","61","92048788"
"chr4","92759185","92759480","JH378119","360557","360852","38","92398628"
"chr4","92763834","92764142","JH378243","90680","90981","56","92673154"
"chr4","92816012","92816156","JH378149","14196354","14196503","41","78619658"
"chr4","92816294","92816429","JH378216","7116473","7116605","20","85699821"
"chr4","92885950","92886005","JH378141","7828375","7828430","14","85057575"
"chr4","92886642","92886898","JH378123","45829","46071","56","92840813"
"chr4","92963379","92963671","JH378137","4545019","4545309","45","88418360"
"chr4","92982157","92982276","JH378112","36789237","36789359","26","56192920"
"chr4","93030986","93031278","JH378115","25447895","25448188","47","67583091"
"chr4","93083072","93083376","JH378167","2007069","2007369","54","91076003"
"chr4","93260956","93261264","JH378126","23120999","23121305","47","70139957"
"chr4","93335969","93336286","JH378148","1606698","1607008","51","91729271"
"chr4","93354696","93354793","JH378112","21682946","21683043","15","71671750"
"chr4","93362266","93362531","JH378213","6815104","6815369","46","86547162"
"chr4","93420324","93420623","JH378137","5836126","5836431","60","87584198"
"chr4","93634166","93634451","JH378111","37341465","37341746","55","56292701"
"chr4","93638513","93638833","JH378114","14107625","14107941","57","79530888"
"chr4","93798198","93798476","JH378134","20526203","20526488","50","73271995"
"chr4","93831399","93831703","JH378114","14301897","14302208","43","79529502"
"chr4","94050053","94050334","JH378153","6890101","6890384","49","87159952"
"chr4","94266557","94266864","JH378119","5341365","5341669","49","88925192"
"chr4","94360032","94360324","JH378118","10693452","10693756","62","83666580"
"chr4","94393120","94393413","JH378115","28716128","28716418","44","65676992"
"chr4","94406584","94406673","JH378263","679156","679241","12","93727428"
"chr4","94550680","94550989","JH378105","58654423","58654726","59","35896257"
"chr4","94868987","94869272","JH378288","2566365","2566649","40","92302622"
"chr4","94883642","94883913","JH378145","2198867","2199130","48","92684775"
"chr4","94961930","94962236","JH378114","15336700","15337006","42","79625230"
"chr4","95147117","95147402","JH378114","41403997","41404287","50","53743120"
"chr4","95180164","95180416","JH378126","23877123","23877373","41","71303041"
"chr4","95263659","95263927","JH378285","346373","346634","42","94917286"
"chr4","95307810","95308122","JH378206","7466801","7467112","59","87841009"
"chr4","95355258","95355560","JH378290","1449167","1449465","43","93906091"
"chr4","95480490","95480790","JH378141","9524229","9524528","45","85956261"
"chr4","95482724","95483007","JH378136","2896713","2896994","55","92586011"
"chr4","95527105","95527398","JH378126","2342041","2342334","41","93185064"
"chr4","95728984","95729293","JH378117","15749415","15749721","46","79979569"
"chr4","95731218","95731514","JH378143","3250074","3250369","50","92481144"
"chr4","95932845","95933146","JH378106","3010406","3010706","44","92922439"
"chr4","96070376","96070677","JH378227","938681","938976","60","95131695"
"chr4","96111768","96112024","JH378213","6815104","6815369","39","89296664"
"chr4","96142747","96142991","JH378176","9395366","9395610","48","86747381"
"chr4","96183928","96184225","JH378159","962847","963144","51","95221081"
"chr4","96185479","96185786","JH378111","6846444","6846754","48","89339035"
"chr4","96204654","96204947","JH378204","3222855","3223147","50","92981799"
"chr4","96209757","96210065","JH378247","561987","562291","45","95647770"
"chr4","96221866","96222165","JH378242","734891","735189","45","95486975"
"chr4","96347448","96347739","JH378118","8798965","8799246","48","87548483"
"chr4","96400084","96400379","JH378186","4814679","4814977","46","91585405"
"chr4","96558677","96558980","JH378173","10651343","10651645","40","85907334"
"chr4","96580999","96581294","JH378110","38831725","38832027","54","57749274"
"chr4","96653495","96653799","JH378148","3015296","3015593","47","93638199"
"chr4","96707030","96707344","JH378109","26397557","26397861","52","70309473"
"chr4","96757165","96757468","JH378135","3487580","3487886","41","93269585"
"chr4","96831369","96831682","JH378115","35770430","35770735","49","61060939"
"chr4","96915483","96915778","JH378184","6661200","6661494","47","90254283"
"chr4","96980238","96980541","JH378137","15935777","15936084","43","81044461"
"chr4","96988382","96988714","JH378241","4776446","4776753","86","92211936"
"chr4","97006142","97006442","JH378120","16324966","16325265","49","80681176"
"chr4","97020370","97020665","JH378212","4790727","4791020","56","92229643"
"chr4","97027733","97028028","JH378186","4814679","4814977","43","92213054"
"chr4","97042182","97042486","JH378153","14175225","14175527","50","82866957"
"chr4","97087694","97087994","JH378161","9835663","9835963","48","87252031"
"chr4","97163801","97164140","JH378105","23797356","23797692","58","73366445"
"chr4","97196357","97196651","JH378195","2148198","2148495","49","95048159"
"chr4","97209444","97209719","JH378105","50034667","50034949","51","47174777"
"chr4","97209941","97210215","JH378165","1507806","1508071","46","95702135"
"chr4","97221168","97221428","JH378153","3699431","3699686","42","93521737"
"chr4","97224043","97224341","JH378108","32912059","32912352","50","64311984"
"chr4","97227805","97228098","JH378166","530033","530321","41","96697772"
"chr4","97251416","97251705","JH378105","37094152","37094433","54","60157264"
"chr4","97251963","97252248","JH378122","7809799","7810085","38","89442164"
"chr4","97253395","97253684","JH378144","18349832","18350117","43","78903563"
"chr4","97275914","97276232","JH378166","6928524","6928839","55","90347390"
"chr4","97292059","97292336","JH378119","29922833","29923107","51","67369226"
"chr4","97351615","97351903","JH378264","3122060","3122337","41","94229555"
"chr4","97371005","97371299","JH378156","3232264","3232554","42","94138741"
"chr4","97388092","97388386","JH378135","71789","72083","40","97316303"
"chr4","97408928","97409216","JH378151","5903380","5903673","43","91505548"
"chr4","97431060","97431378","JH378153","9926861","9927172","53","87504199"
"chr4","97432826","97433116","JH378194","7650194","7650482","51","89782632"
"chr4","97436120","97436367","JH378223","1367611","1367856","61","96068509"
"chr4","97438030","97438339","JH378138","20467728","20468029","53","76970302"
"chr4","97460566","97460871","JH378138","20438017","20438323","45","77022549"
"chr4","97472453","97472686","JH378266","587131","587373","37","96885322"
"chr4","97537252","97537550","JH378112","20815144","20815441","40","76722108"
"chr4","97545375","97545526","JH378157","13081027","13081169","21","84464348"
"chr4","97556769","97557035","JH378222","4569627","4569890","41","92987142"
"chr4","97561112","97561407","JH378315","357797","358060","67","97203315"
"chr4","97566873","97567170","JH378151","7281584","7281884","45","90285289"
"chr4","97587363","97587630","JH378139","17086414","17086694","51","80500949"
"chr4","97623616","97623933","JH378154","13561581","13561891","46","84062035"
"chr4","97638509","97638801","JH378232","2286601","2286896","36","95351908"
"chr4","97664538","97664841","JH378135","10051376","10051674","44","87613162"
"chr4","97682471","97682748","JH378119","13333257","13333546","51","84349214"
"chr4","97683113","97683427","JH378222","1253361","1253669","44","96429752"
"chr4","97709728","97710039","JH378290","1006881","1007187","43","96702847"
"chr4","97715716","97716002","JH378189","177130","177409","39","97538586"
"chr4","97721564","97721888","JH378149","2873662","2873991","53","94847902"
"chr4","97728809","97729101","JH378114","37013997","37014291","40","60714812"
"chr4","97730178","97730476","JH378108","31777654","31777950","42","65952524"
"chr4","97749487","97749788","JH378148","2797982","2798286","44","94951505"
"chr4","97765721","97766021","JH378290","1449167","1449465","43","96316554"
"chr4","97773016","97773320","JH378115","26968615","26968913","49","70804401"
"chr4","97776841","97777117","JH378135","5771308","5771589","58","92005533"
"chr4","97788473","97788746","JH378106","69967173","69967449","48","27821300"
"chr4","97831008","97831311","JH378106","58829721","58830021","42","39001287"
"chr4","97833072","97833357","JH378127","19331819","19332107","36","78501253"
"chr4","97833556","97833863","JH378135","1618015","1618319","47","96215541"
"chr4","97837295","97837574","JH378113","12292343","12292625","39","85544952"
"chr4","97870054","97870354","JH378193","9036845","9037148","41","88833209"
"chr4","97904842","97905131","JH378152","12845481","12845764","52","85059361"
"chr4","97917487","97917790","JH378118","10693452","10693756","46","87224035"
"chr4","97978038","97978340","JH378131","2379402","2379697","42","95598636"
"chr4","98004006","98004311","JH378294","668279","668579","35","97335727"
"chr4","98167212","98167520","JH378248","3387134","3387441","41","94780078"
"chr4","98180674","98180965","JH378164","7601930","7602219","45","90578744"
"chr4","98238672","98238979","JH378150","2634839","2635156","57","95603833"
"chr4","98260280","98260556","JH378121","28641881","28642155","44","69618399"
"chr4","98269142","98269439","JH378151","3788645","3788945","43","94480497"
"chr4","98282312","98282592","JH378143","6355725","6356021","61","91926587"
"chr4","98309602","98309883","JH378289","1375395","1375675","41","96934207"
"chr4","98330361","98330659","JH378138","19557246","19557558","41","78773115"
"chr4","98337963","98338244","JH378149","10198605","10198885","40","88139358"
"chr4","98402681","98402975","JH378149","14276770","14277061","49","84125911"
"chr4","98695615","98695917","JH378161","9109654","9109959","61","89585961"
"chr4","98805554","98805836","JH378124","9865185","9865466","41","88940369"
"chr4","98948164","98948475","JH378124","6383873","6384174","64","92564291"
"chr4","98959041","98959336","JH378132","12696324","12696617","51","86262717"
"chr4","98961536","98961798","JH378114","19666205","19666462","47","79295331"
"chr4","99058903","99059214","JH378224","2061177","2061472","50","96997726"
"chr4","99110911","99111196","JH378136","14898747","14899023","44","84212164"
"chr4","99184341","99184635","JH378123","5667081","5667374","39","93517260"
"chr4","99405129","99405433","JH378126","782415","782718","41","98622714"
"chr4","99526139","99526426","JH378140","18923878","18924166","34","80602261"
"chr4","99888656","99888965","JH378197","8295826","8296131","46","91592830"
"chr4","99971428","99971727","JH378153","13591600","13591896","50","86379828"
"chr4","100120938","100121262","JH378112","20575968","20576273","65","79544970"
"chr4","100160804","100161110","JH378311","345588","345889","58","99815216"
"chr4","100206754","100207045","JH378163","11135350","11135637","46","89071404"
"chr4","100273512","100273809","JH378116","14428154","14428454","44","85845358"
"chr4","100308852","100309158","JH378111","12898365","12898668","43","87410487"
"chr4","100320080","100320406","JH378138","17677088","17677414","62","82642992"
"chr4","100566183","100566483","JH378116","24058999","24059290","43","76507184"
"chr4","100579683","100579970","JH378171","5901188","5901476","39","94678495"
"chr4","100651114","100651223","JH378262","128974","129083","21","100522140"
"chr4","100678702","100678986","JH378171","1552791","1553074","44","99125911"
"chr4","100771958","100772251","JH378111","43268192","43268483","37","57503766"
"chr4","100868459","100868741","JH378192","5415267","5415549","32","95453192"
"chr4","100870119","100870410","JH378138","17214802","17215090","36","83655317"
"chr4","101053742","101054041","JH378138","17064294","17064608","49","83989448"
"chr4","101176529","101176844","JH378112","30721676","30721989","42","70454853"
"chr4","101204487","101204795","JH378114","42121182","42121484","39","59083305"
"chr4","101319630","101319922","JH378136","272512","272800","42","101047118"
"chr4","101331390","101331670","JH378121","2976112","2976395","36","98355278"
"chr4","101334060","101334373","JH378109","32780054","32780365","47","68554006"
"chr4","101392709","101393008","JH378148","3015296","3015593","41","98377413"
"chr4","101394365","101394668","JH378157","8084904","8085208","42","93309461"
"chr4","101429658","101429970","JH378112","35211447","35211757","61","66218211"
"chr4","101440944","101441249","JH378116","14428154","14428454","51","87012790"
"chr4","101487311","101487590","JH378167","7155169","7155451","48","94332142"
"chr4","101491414","101491724","JH378245","1065043","1065345","40","100426371"
"chr4","101504118","101504413","JH378143","8639762","8640057","45","92864356"
"chr4","101511762","101512013","JH378226","6069792","6070053","43","95441970"
"chr4","101512400","101512684","JH378114","6881380","6881665","46","94631020"
"chr4","101530625","101530938","JH378113","22500385","22500697","48","79030240"
"chr4","101550981","101551089","JH378115","32668354","32668464","16","68882627"
"chr4","101611799","101612090","JH378105","69163567","69163856","46","32448232"
"chr4","101644605","101644898","JH378119","28587355","28587648","45","73057250"
"chr4","101651488","101651786","JH378135","10051376","10051674","42","91600112"
"chr4","101657227","101657534","JH378110","7445735","7446034","53","94211492"
"chr4","101729279","101729401","JH378138","16362115","16362237","14","85367164"
"chr4","101771563","101771856","JH378153","13038261","13038552","42","88733302"
"chr4","101815917","101816211","JH378105","69163567","69163856","44","32652350"
"chr4","101849077","101849380","JH378114","22241150","22241452","48","79607927"
"chr4","101853817","101854119","JH378135","3218048","3218342","44","98635769"
"chr4","101862352","101862636","JH378124","5490003","5490289","50","96372349"
"chr4","101879432","101879716","JH378122","7809799","7810085","36","94069633"
"chr4","101887179","101887466","JH378122","7809799","7810085","39","94077380"
"chr4","101892044","101892328","JH378189","7501508","7501793","36","94390536"
"chr4","101972310","101972574","JH378148","6780762","6781018","45","95191548"
"chr4","101982138","101982423","JH378131","24041232","24041521","48","77940906"
"chr4","101983889","101984191","JH378220","4350061","4350357","35","97633828"
"chr4","101991576","101991866","JH378141","14454762","14455052","33","87536814"
"chr4","101999160","101999455","JH378108","50876859","50877155","43","51122301"
"chr4","102003254","102003540","JH378130","1473186","1473473","42","100530068"
"chr4","102004737","102005043","JH378255","1987046","1987357","42","100017691"
"chr4","102014164","102014469","JH378150","9553963","9554269","40","92460201"
"chr4","102015055","102015351","JH378145","10500061","10500358","36","91514994"
"chr4","102031595","102031883","JH378115","34769363","34769654","39","67262232"
"chr4","102035374","102035667","JH378170","6745947","6746241","39","95289427"
"chr4","102039574","102039880","JH378112","23716016","23716324","45","78323558"
"chr4","102118200","102118508","JH378117","18590051","18590356","47","83528149"
"chr4","102131853","102132124","JH378161","1585117","1585391","54","100546736"
"chr4","102146443","102146747","JH378258","1807287","1807590","42","100339156"
"chr4","102152548","102152863","JH378138","15964195","15964488","56","86188353"
"chr4","102190737","102191025","JH378105","9096990","9097278","43","93093747"
"chr4","102413460","102413739","JH378174","7035226","7035504","42","95378234"
"chr4","102422134","102422434","JH378111","8498303","8498600","57","93923831"
"chr4","102460733","102461008","JH378138","15582736","15583008","36","86877997"
"chr4","102542993","102543282","JH378163","9182756","9183045","38","93360237"
"chr4","102546951","102547250","JH378160","13103182","13103478","46","89443769"
"chr4","102664166","102664468","JH378121","15648122","15648437","60","87016044"
"chr4","102790755","102791065","JH378220","1403361","1403672","45","101387394"
"chr4","102794618","102794916","JH378255","368440","368733","42","102426178"
"chr4","102842221","102842515","JH378198","396866","397166","52","102445355"
"chr4","102846877","102847182","JH378138","15238508","15238798","39","87608369"
"chr4","102860716","102861003","JH378114","35565981","35566272","38","67294735"
"chr4","102865820","102866121","JH378353","138943","139241","51","102726877"
"chr4","102876250","102876544","JH378140","13802638","13802933","46","89073612"
"chr4","102964217","102964528","JH378259","2348757","2349064","51","100615460"
"chr4","103019426","103019717","JH378334","224546","224841","43","102794880"
"chr4","103023536","103023844","JH378131","2337347","2337654","40","100686189"
"chr4","103037270","103037563","JH378153","2856479","2856773","43","100180791"
"chr4","103047482","103047774","JH378109","9181080","9181368","37","93866402"
"chr4","103099971","103100278","JH378133","19850966","19851274","40","83249005"
"chr4","103112896","103113006","JH378159","5519593","5519707","14","97593303"
"chr4","103193510","103193812","JH378149","16695001","16695300","45","86498509"
"chr4","103226014","103226275","JH378123","23199722","23199987","40","80026292"
"chr4","103226581","103226884","JH378150","170903","171205","38","103055678"
"chr4","103283455","103283766","JH378112","30721676","30721989","41","72561779"
"chr4","103413021","103413332","JH378128","24171397","24171700","47","79241624"
"chr4","103424015","103424313","JH378105","14432202","14432497","51","88991813"
"chr4","103452118","103452400","JH378136","12978853","12979130","41","90473265"
"chr4","103558028","103558336","JH378143","3250074","3250369","49","100307954"
"chr4","103712139","103712424","JH378108","20497499","20497784","40","83214640"
"chr4","103764308","103764573","JH378206","2236628","2236894","44","101527680"
"chr4","103778956","103779258","JH378205","5659396","5659699","45","98119560"
"chr4","103916814","103917128","JH378114","12347378","12347691","48","91569436"
"chr4","104044362","104044639","JH378232","1679524","1679795","56","102364838"
"chr4","104064797","104065104","JH378118","20140583","20140886","41","83924214"
"chr4","104131417","104131714","JH378106","2172328","2172633","41","101959089"
"chr4","104225910","104226178","JH378173","3012948","3013215","39","101212962"
"chr4","104230725","104230996","JH378110","29311133","29311408","41","74919592"
"chr4","104400542","104400808","JH378151","9077199","9077465","43","95323343"
"chr4","104412871","104413164","JH378153","10211734","10212040","50","94201137"
"chr4","104414865","104415130","JH378135","16429609","16429870","45","87985256"
"chr4","104451085","104451394","JH378262","1490527","1490838","46","102960558"
"chr4","104464861","104465166","JH378140","6180514","6180816","45","98284347"
"chr4","104492257","104492390","JH378149","10169880","10170014","18","94322377"
"chr4","104492685","104492848","JH378119","34092724","34092888","32","70399961"
"chr4","104569066","104569362","JH378105","57288172","57288461","53","47280894"
"chr4","104592560","104592850","JH378106","501033","501324","38","104091527"
"chr4","104657289","104657545","JH378235","937934","938194","36","103719355"
"chr4","104705452","104705733","JH378245","3817099","3817384","41","100888353"
"chr4","104706422","104706705","JH378138","13483340","13483629","33","91223082"
"chr4","104827681","104827959","JH378105","1741814","1742090","50","103085867"
"chr4","104913774","104914074","JH378141","12276799","12277093","63","92636975"
"chr4","104927929","104928236","JH378118","20140583","20140886","41","84787346"
"chr4","104941661","104942003","JH378128","17348073","17348401","62","87593588"
"chr4","105154461","105154785","JH378220","3529038","3529359","56","101625423"
"chr4","105161334","105161624","JH378255","2425058","2425355","49","102736276"
"chr4","105228099","105228395","JH378141","15518519","15518815","47","89709580"
"chr4","105270189","105270485","JH378144","14040811","14041108","46","91229378"
"chr4","105277561","105277868","JH378107","7481681","7481985","54","97795880"
"chr4","105283128","105283425","JH378124","27599056","27599351","50","77684072"
"chr4","105457935","105458224","JH378201","1155598","1155895","49","104302337"
"chr4","105536320","105536404","JH378200","8104113","8104199","16","97432207"
"chr4","105578032","105578331","JH378195","2148198","2148495","41","103429834"
"chr4","105759575","105759865","JH378157","8047049","8047337","39","97712526"
"chr4","105812133","105812248","JH378118","11047075","11047190","12","94765058"
"chr4","105847625","105847921","JH378191","967537","967830","42","104880088"
"chr4","105855281","105855581","JH378137","14089045","14089336","55","91766236"
"chr4","105869100","105869402","JH378106","68479909","68480208","38","37389191"
"chr4","105899997","105900302","JH378134","9453404","9453718","50","96446593"
"chr4","105931545","105931850","JH378200","446957","447265","46","105484588"
"chr4","105959766","105960064","JH378242","734891","735189","45","105224875"
"chr4","105965836","105966147","JH378108","1414891","1415196","46","104550945"
"chr4","105967812","105968104","JH378141","14454762","14455052","47","91513050"
"chr4","105972497","105972807","JH378110","31407287","31407598","61","74565210"
"chr4","105979506","105979781","JH378138","12251543","12251824","34","93727963"
"chr4","105990716","105990998","JH378297","1153627","1153908","27","104837089"
"chr4","105991481","105991768","JH378213","4435380","4435669","46","101556101"
"chr4","105997293","105997588","JH378167","11202084","11202374","38","94795209"
"chr4","106064183","106064489","JH378190","3877679","3877986","56","102186504"
"chr4","106088447","106088699","JH378175","5749317","5749577","57","100339130"
"chr4","106100653","106100925","JH378122","7809799","7810085","56","98290854"
"chr4","106398396","106398698","JH378140","15256022","15256323","52","91142374"
"chr4","106467370","106467651","JH378108","45795367","45795646","56","60672003"
"chr4","106724618","106724893","JH378138","11679147","11679399","59","95045471"
"chr4","106896143","106896450","JH378205","4278012","4278319","41","102618131"
"chr4","106952733","106953037","JH378114","4107648","4107959","46","102845085"
"chr4","106987075","106987379","JH378116","37714587","37714884","45","69272488"
"chr4","107215114","107215391","JH378232","2920110","2920380","47","104295004"
"chr4","107469185","107469490","JH378157","1154304","1154607","43","106314881"
"chr4","107677100","107677411","JH378122","9329495","9329803","45","98347605"
"chr4","107721552","107721833","JH378177","3761735","3762014","42","103959817"
"chr4","107726088","107726385","JH378107","47246474","47246770","54","60479614"
"chr4","107800704","107800998","JH378111","12775726","12776022","41","95024978"
"chr4","107954591","107954890","JH378186","1525813","1526111","46","106428778"
"chr4","108081283","108081583","JH378139","14171993","14172294","43","93909290"
"chr4","108101399","108101707","JH378115","4860657","4860961","48","103240742"
"chr4","108196413","108196689","JH378110","31253343","31253618","42","76943070"
"chr4","108256423","108256739","JH378124","27126736","27127048","47","81129687"
"chr4","108265083","108265389","JH378118","4589604","4589912","44","103675479"
"chr4","108292417","108292668","JH378129","14468264","14468523","55","93824153"
"chr4","108329181","108329464","JH378190","2110516","2110800","49","106218665"
"chr4","108367758","108368030","JH378171","5256511","5256785","44","103111247"
"chr4","108414151","108414213","JH378153","1606510","1606569","12","106807641"
"chr4","108429770","108430071","JH378151","6150117","6150421","40","102279653"
"chr4","108459873","108460170","JH378110","35790499","35790794","40","72669374"
"chr4","108594913","108595189","JH378297","1153627","1153908","36","107441286"
"chr4","108659036","108659296","JH378209","7217522","7217786","45","101441514"
"chr4","108770530","108770828","JH378139","1944019","1944317","37","106826511"
"chr4","108774157","108774459","JH378153","14175225","14175527","49","94598932"
"chr4","108826201","108826499","JH378111","43268192","43268483","46","65558009"
"chr4","108864309","108864609","JH378106","41437833","41438121","50","67426476"
"chr4","108903157","108903465","JH378262","1936694","1936996","48","106966463"
"chr4","108917266","108917557","JH378115","16461952","16462241","53","92455314"
"chr4","108926488","108926787","JH378153","14632399","14632691","42","94294089"
"chr4","108997326","108997625","JH378112","32590536","32590832","51","76406790"
"chr4","109293393","109293667","JH378118","26911907","26912158","68","82381486"
"chr4","109504102","109504410","JH378204","2548096","2548400","47","106956006"
"chr4","109595543","109595831","JH378122","22447926","22448218","43","87147617"
"chr4","109619247","109619531","JH378123","9831839","9832126","35","99787408"
"chr4","109712192","109712497","JH378112","33452684","33452993","46","76259508"
"chr4","109717891","109718180","JH378118","17447772","17448068","46","92270119"
"chr4","109913767","109913937","JH378200","1028603","1028768","33","108885164"
"chr4","109913980","109914098","JH378255","3421679","3421798","17","106492301"
"chr4","109915583","109915899","JH378245","804261","804572","52","109111322"
"chr4","110142614","110142920","JH378314","474516","474823","48","109668098"
"chr4","110317465","110317761","JH378160","10577634","10577929","38","99739831"
"chr4","110348827","110349092","JH378318","295683","295949","39","110053144"
"chr4","110375783","110376101","JH378245","1065043","1065345","56","109310740"
"chr4","110465872","110466172","JH378151","4578678","4578981","55","105887194"
"chr4","110564813","110565117","JH378227","3516504","3516809","39","107048309"
"chr4","110603611","110603896","JH378114","41996207","41996493","49","68607404"
"chr4","110846903","110847212","JH378137","15935777","15936084","40","94911126"
"chr4","110888356","110888655","JH378242","734891","735189","35","110153465"
"chr4","110895465","110895766","JH378279","2532931","2533234","47","108362534"
"chr4","110905640","110905921","JH378146","8438043","8438323","41","102467597"
"chr4","111004557","111004864","JH378169","4847763","4848060","47","106156794"
"chr4","111025816","111026069","JH378114","19666205","19666462","39","91359611"
"chr4","111026091","111026412","JH378148","3100313","3100608","52","107925778"
"chr4","111041565","111041872","JH378118","10693452","10693756","40","100348113"
"chr4","111048778","111049089","JH378129","846852","847163","34","110201926"
"chr4","111074435","111074737","JH378138","7552662","7552964","36","103521773"
"chr4","111095324","111095611","JH378119","28803177","28803468","41","82292147"
"chr4","111110477","111110768","JH378138","7516547","7516849","47","103593930"
"chr4","111117012","111117330","JH378148","1741136","1741444","56","109375876"
"chr4","111143451","111143684","JH378122","5636649","5636886","43","105506802"
"chr4","111203970","111204272","JH378173","7642695","7642995","51","103561275"
"chr4","111207867","111208170","JH378172","9343322","9343615","48","101864545"
"chr4","111272854","111273146","JH378204","7899913","7900203","43","103372941"
"chr4","111284317","111284614","JH378188","9498783","9499076","45","101785534"
"chr4","111287326","111287609","JH378117","16574297","16574569","60","94713029"
"chr4","111377389","111377692","JH378148","16955481","16955786","41","94421908"
"chr4","111379063","111379340","JH378151","7886262","7886543","46","103492801"
"chr4","111385989","111386272","JH378204","4012532","4012811","39","107373457"
"chr4","111395159","111395453","JH378227","4237819","4238105","43","107157340"
"chr4","111419955","111420267","JH378155","5966626","5966931","43","105453329"
"chr4","111432691","111432995","JH378148","7478775","7479080","43","103953916"
"chr4","111440153","111440462","JH378118","10693452","10693756","39","100746701"
"chr4","111461897","111462201","JH378211","3034479","3034785","42","108427418"
"chr4","111523076","111523376","JH378150","2361775","2362075","56","109161301"
"chr4","111632307","111632613","JH378138","6995433","6995750","40","104636874"
"chr4","111635930","111636051","JH378116","11264355","11264477","16","100371575"
"chr4","111636360","111636514","JH378113","10802278","10802428","68","100834082"
"chr4","111637804","111638116","JH378173","4261686","4262005","52","107376118"
"chr4","111650158","111650460","JH378172","9553918","9554219","41","102096240"
"chr4","111650865","111651173","JH378140","15378059","15378364","40","96272806"
"chr4","111666448","111666751","JH378235","3957900","3958200","35","107708548"
"chr4","111667217","111667511","JH378162","11681967","11682260","43","99985250"
"chr4","111671536","111671815","JH378247","3152248","3152521","58","108519288"
"chr4","111699706","111699962","JH378181","6870756","6871022","61","104828950"
"chr4","111714380","111714681","JH378188","7232167","7232465","44","104482213"
"chr4","111716854","111717149","JH378131","23697009","23697304","40","88019845"
"chr4","111734523","111734834","JH378277","618216","618527","43","111116307"
"chr4","111735211","111735499","JH378114","10308730","10309017","39","101426481"
"chr4","111744652","111744929","JH378221","506746","507023","49","111237906"
"chr4","111759435","111759713","JH378190","5560670","5560954","35","106198765"
"chr4","111790121","111790402","JH378114","36224521","36224801","45","75565600"
"chr4","111826829","111827110","JH378192","5415267","5415549","46","106411562"
"chr4","111827138","111827155","JH378196","2334629","2334642","4","109492509"
"chr4","111839141","111839454","JH378106","7154686","7154996","46","104684455"
"chr4","111840145","111840439","JH378138","6780540","6780835","31","105059605"
"chr4","111846188","111846489","JH378135","16449037","16449347","51","95397151"
"chr4","111849852","111850138","JH378113","3688180","3688453","53","108161672"
"chr4","111857596","111857893","JH378117","8273843","8274143","42","103583753"
"chr4","111898658","111898942","JH378171","5901188","5901476","36","105997470"
"chr4","111938595","111938901","JH378106","61240183","61240490","53","50698412"
"chr4","111946107","111946410","JH378156","10837845","10838152","41","101108262"
"chr4","111953734","111954037","JH378105","64915693","64915991","36","47038041"
"chr4","111957330","111957614","JH378115","7958541","7958834","61","103998789"
"chr4","112017636","112017927","JH378142","14013464","14013754","38","98004172"
"chr4","112020530","112020835","JH378151","4578678","4578981","33","107441852"
"chr4","112081070","112081348","JH378260","115645","115922","47","111965425"
"chr4","112088867","112089160","JH378151","16945896","16946191","42","95142971"
"chr4","112179531","112179804","JH378105","65209596","65209868","33","46969935"
"chr4","112222726","112223016","JH378125","15313063","15313352","41","96909663"
"chr4","112264715","112265019","JH378204","3129799","3130101","42","109134916"
"chr4","112275841","112276121","JH378213","4435380","4435669","47","107840461"
"chr4","112285141","112285432","JH378151","5890359","5890655","48","106394782"
"chr4","112337734","112338039","JH378150","9553963","9554269","41","102783771"
"chr4","112433349","112433658","JH378119","2296889","2297198","45","110136460"
"chr4","112435557","112435860","JH378117","8273843","8274143","39","104161714"
"chr4","112439045","112439333","JH378137","3073918","3074209","36","109365127"
"chr4","112439994","112440286","JH378173","10710295","10710586","45","101729699"
"chr4","112449645","112449962","JH378105","68954435","68954753","51","43495210"
"chr4","112470295","112470549","JH378138","6115107","6115361","37","106355188"
"chr4","112477488","112477783","JH378111","26034614","26034912","41","86442874"
"chr4","112549887","112550198","JH378125","739984","740293","39","111809903"
"chr4","112574804","112574979","JH378267","358566","358737","31","112216238"
"chr4","112575238","112575376","JH378107","55895704","55895839","22","56679534"
"chr4","112594448","112594736","JH378157","8047049","8047337","47","104547399"
"chr4","112599310","112599638","JH378138","5965164","5965467","68","106634146"
"chr4","112600075","112600353","JH378173","4531314","4531588","48","108068761"
"chr4","112603027","112603334","JH378215","450896","451203","47","112152131"
"chr4","112647714","112648021","JH378116","22378952","22379256","43","90268762"
"chr4","112662805","112663103","JH378153","1207598","1207894","37","111455207"
"chr4","112691694","112692011","JH378106","7154686","7154996","45","105537008"
"chr4","112699443","112699743","JH378152","13742000","13742297","35","98957443"
"chr4","112742527","112742660","JH378216","7116473","7116605","13","105626054"
"chr4","112752588","112752628","JH378105","55249161","55249208","13","57503427"
"chr4","112760730","112761013","JH378137","4545019","4545309","44","108215711"
"chr4","112766218","112766525","JH378154","2415687","2415984","45","110350531"
"chr4","112769963","112770246","JH378138","5781856","5782144","45","106988107"
"chr4","112776393","112776678","JH378136","12188196","12188486","33","100588197"
"chr4","112779335","112779638","JH378138","5768758","5769062","45","107010577"
"chr4","112791120","112791395","JH378136","18959350","18959634","40","93831770"
"chr4","112807078","112807147","JH378142","6045906","6045975","6","106761172"
"chr4","112833715","112834024","JH378213","691215","691525","48","112142500"
"chr4","112877782","112878083","JH378138","5672375","5672672","36","107205407"
"chr4","112914305","112914607","JH378148","5678256","5678554","36","107236049"
"chr4","112925695","112925945","JH378138","5627030","5627283","40","107298665"
"chr4","112982293","112982602","JH378220","6273810","6274113","37","106708483"
"chr4","113010429","113010714","JH378138","5550572","5550851","38","107459857"
"chr4","113012056","113012354","JH378220","4586364","4586656","47","108425692"
"chr4","113014596","113014716","JH378118","14956607","14956728","11","98057989"
"chr4","113014747","113014905","JH378110","32538099","32538262","35","80476648"
"chr4","113022206","113022488","JH378123","9608291","9608584","40","103413915"
"chr4","113063496","113063789","JH378123","5667081","5667374","45","107396415"
"chr4","113073443","113073777","JH378138","5481283","5481590","73","107592160"
"chr4","113096351","113096651","JH378111","11464738","11465037","40","101631613"
"chr4","113102515","113102824","JH378236","14671","14976","46","113087844"
"chr4","113175366","113175662","JH378249","721031","721325","40","112454335"
"chr4","113180836","113181140","JH378260","3854977","3855278","42","109325859"
"chr4","113185257","113185552","JH378152","14535134","14535431","60","98650123"
"chr4","113195407","113195713","JH378111","20592873","20593175","56","92602534"
"chr4","113236414","113236713","JH378110","9867313","9867609","45","103369101"
"chr4","113249095","113249378","JH378148","2011019","2011312","51","111238076"
"chr4","113281459","113281753","JH378167","11202084","11202374","41","102079375"
"chr4","113302949","113303221","JH378119","24842616","24842889","43","88460333"
"chr4","113307149","113307459","JH378125","7988508","7988814","47","105318641"
"chr4","113329085","113329384","JH378200","4317868","4318159","49","109011217"
"chr4","113334915","113335050","JH378167","11586834","11586969","13","101748081"
"chr4","113349127","113349213","JH378252","3354744","3354829","7","109994383"
"chr4","113354914","113355201","JH378137","13556624","13556914","41","99798290"
"chr4","113359442","113359719","JH378118","9760589","9760867","38","103598853"
"chr4","113361185","113361494","JH378169","12010927","12011237","51","101350258"
"chr4","113376630","113376880","JH378216","279742","280000","39","113096888"
"chr4","113394829","113395123","JH378145","6125629","6125927","44","107269200"
"chr4","113434305","113434623","JH378106","63684131","63684434","56","49750174"
"chr4","113472319","113472626","JH378246","1705721","1706027","49","111766598"
"chr4","113499583","113499889","JH378110","6965048","6965350","44","106534535"
"chr4","113524919","113525224","JH378120","29196402","29196714","49","84328517"
"chr4","113554018","113554304","JH378326","204096","204381","35","113349922"
"chr4","113584540","113584837","JH378255","1058410","1058705","37","112526130"
"chr4","113616646","113616943","JH378177","5640956","5641241","58","107975690"
"chr4","113653156","113653320","JH378244","3944142","3944302","36","109709014"
"chr4","113762027","113762321","JH378177","4835569","4835864","44","108926458"
"chr4","113861169","113861471","JH378262","1936694","1936996","44","111924475"
"chr4","114127269","114127561","JH378105","2296506","2296810","54","111830763"
"chr4","114277017","114277307","JH378111","26034614","26034912","59","88242403"
"chr4","114364685","114364996","JH378188","9401785","9402089","43","104962900"
"chr4","114430850","114431144","JH378138","4217554","4217845","48","110213296"
"chr4","114477263","114477547","JH378146","8438043","8438323","42","106039220"
"chr4","114523765","114524046","JH378177","2983483","2983762","60","111540282"
"chr4","114798706","114799004","JH378111","43268192","43268483","45","71530514"
"chr4","114837306","114837602","JH378115","39565442","39565741","43","75271864"
"chr4","114933185","114933442","JH378138","3729611","3729869","34","111203574"
"chr4","114964702","114965012","JH378117","15749415","15749721","48","99215287"
"chr4","115008729","115009026","JH378138","3648125","3648425","36","111360604"
"chr4","115110622","115110931","JH378301","920694","921000","42","114189928"
"chr4","115130336","115130626","JH378145","10818566","10818852","40","104311770"
"chr4","115174668","115174977","JH378106","45875730","45876025","61","69298938"
"chr4","115191361","115191645","JH378138","3474080","3474358","47","111717281"
"chr4","115213930","115214221","JH378112","12862074","12862367","40","102351856"
"chr4","115226370","115226667","JH378217","611959","612257","54","114614411"
"chr4","115254387","115254677","JH378258","1688678","1688965","46","113565709"
"chr4","115365942","115366231","JH378111","43268192","43268483","40","72097750"
"chr4","115386631","115386941","JH378184","5228496","5228807","41","110158135"
"chr4","115420380","115420682","JH378138","3258883","3259189","55","112161497"
"chr4","115460939","115461237","JH378190","7486422","7486715","37","107974517"
"chr4","115463720","115464000","JH378189","719706","719987","39","114744014"
"chr4","115507706","115507979","JH378114","6129028","6129306","41","109378678"
"chr4","115536714","115536998","JH378110","34162160","34162442","58","81374554"
"chr4","115547431","115547743","JH378118","12197167","12197472","46","103350264"
"chr4","115557550","115557834","JH378138","3108422","3108694","48","112449128"
"chr4","115559084","115559373","JH378135","1661661","1661952","45","113897423"
"chr4","115573587","115573866","JH378112","35581034","35581316","56","79992553"
"chr4","115576619","115576924","JH378141","14415409","14415719","53","101161210"
"chr4","115578440","115578731","JH378167","4741978","4742269","35","110836462"
"chr4","115583677","115583954","JH378173","2652292","2652568","41","112931385"
"chr4","115602469","115602779","JH378115","15327275","15327586","45","100275194"
"chr4","115608837","115609137","JH378105","58654423","58654726","44","56954414"
"chr4","115633682","115633986","JH378118","33697997","33698295","57","81935685"
"chr4","115637186","115637478","JH378172","9343322","9343615","53","106293864"
"chr4","115645683","115645984","JH378188","7232167","7232465","33","108413516"
"chr4","115648174","115648304","JH378194","8829222","8829354","18","106818952"
"chr4","115648579","115648801","JH378107","30462751","30462971","40","85185828"
"chr4","115649706","115649999","JH378119","360557","360852","55","115289149"
"chr4","115654870","115655164","JH378253","1812488","1812781","35","113842382"
"chr4","115662094","115662398","JH378216","3997184","3997484","35","111664910"
"chr4","115662937","115663235","JH378131","23697009","23697304","31","91965928"
"chr4","115663986","115664281","JH378290","389647","389937","37","115274339"
"chr4","115682474","115682777","JH378142","3019206","3019515","54","112663268"
"chr4","115690915","115691204","JH378291","915200","915491","44","114775715"
"chr4","115693583","115693869","JH378106","71227716","71228002","39","44465867"
"chr4","115699119","115699426","JH378144","5546920","5547222","93","110152199"
"chr4","115709803","115710084","JH378263","403647","403936","41","115306156"
"chr4","115717512","115717824","JH378118","20140583","20140886","58","95576929"
"chr4","115722055","115722330","JH378120","3262959","3263245","50","112459096"
"chr4","115741364","115741657","JH378123","5667081","5667374","36","110074283"
"chr4","115755519","115755816","JH378255","1058410","1058705","45","114697109"
"chr4","115756456","115756761","JH378113","15232832","15233136","52","100523624"
"chr4","115785293","115785551","JH378235","937934","938194","36","114847359"
"chr4","115794644","115794872","JH378196","2334376","2334598","53","113460268"
"chr4","115813585","115813878","JH378123","5667081","5667374","29","110146504"
"chr4","115828311","115828597","JH378192","5415267","5415549","40","110413044"
"chr4","115829281","115829575","JH378116","24058999","24059290","51","91770282"
"chr4","115836288","115836558","JH378107","428980","429251","40","115407308"
"chr4","115851370","115851674","JH378138","2808507","2808816","41","113042863"
"chr4","115854564","115854864","JH378112","30721676","30721989","48","85132888"
"chr4","115874142","115874271","JH378148","12538187","12538313","16","103335955"
"chr4","115881319","115881630","JH378124","6270726","6271034","58","109610593"
"chr4","115890919","115891193","JH378206","2740342","2740615","50","113150577"
"chr4","115918539","115918833","JH378211","2215379","2215671","36","113703160"
"chr4","115931322","115931635","JH378163","12738276","12738587","56","103193046"
"chr4","115943791","115944084","JH378123","9608291","9608584","41","106335500"
"chr4","115976883","115977177","JH378206","3304390","3304689","51","112672493"
"chr4","116056390","116056682","JH378148","3195871","3196169","34","112860519"
"chr4","116057952","116058245","JH378299","840770","841061","42","115217182"
"chr4","116084804","116085100","JH378152","13742000","13742297","43","102342804"
"chr4","116157070","116157352","JH378227","1599623","1599912","53","114557447"
"chr4","116200709","116200986","JH378144","4258691","4258965","41","111942018"
"chr4","116220312","116220604","JH378119","11450220","11450508","55","104770092"
"chr4","116285134","116285442","JH378108","50609420","50609729","37","65675714"
"chr4","116344605","116344893","JH378119","23110770","23111049","57","93233835"
"chr4","116456363","116456617","JH378175","5749317","5749577","46","110707046"
"chr4","116500388","116500678","JH378115","4849379","4849670","45","111651009"
"chr4","116528962","116529135","JH378167","5755430","5755606","28","110773532"
"chr4","116565254","116565586","JH378141","2994818","2995121","76","113570436"
"chr4","116599983","116600293","JH378265","117843","118145","44","116482140"
"chr4","116634503","116634811","JH378110","31358400","31358705","39","85276103"
"chr4","116661977","116662277","JH378189","8749784","8750086","45","107912193"
"chr4","116667767","116668018","JH378181","6235675","6235928","57","110432092"
"chr4","116684890","116685194","JH378279","1763380","1763689","53","114921510"
"chr4","116717991","116718138","JH378153","11332496","11332628","56","105385495"
"chr4","116759225","116759520","JH378111","25546372","25546668","40","91212853"
"chr4","116764899","116765203","JH378107","32681823","32682124","46","84083076"
"chr4","116776041","116776317","JH378111","37688271","37688552","57","79087770"
"chr4","116782969","116783263","JH378111","25553118","25553412","41","91229851"
"chr4","116790624","116790916","JH378153","2856479","2856773","41","113934145"
"chr4","116809532","116809834","JH378219","6145381","6145680","53","110664151"
"chr4","116980247","116980536","JH378169","3942729","3943012","41","113037518"
"chr4","117166461","117166774","JH378242","4255551","4255858","56","112910910"
"chr4","117203339","117203602","JH378127","8489303","8489568","50","108714036"
"chr4","117283078","117283389","JH378276","134131","134438","49","117148947"
"chr4","117402212","117402416","JH378166","2170300","2170502","29","115231912"
"chr4","117444380","117444683","JH378227","3166881","3167185","50","114277499"
"chr4","117553491","117553767","JH378204","7057152","7057433","50","110496339"
"chr4","117592769","117593049","JH378179","7821109","7821392","63","109771660"
"chr4","117713025","117713325","JH378107","51667756","51668056","44","66045269"
"chr4","117720016","117720252","JH378111","16148408","16148644","34","101571608"
"chr4","117765058","117765360","JH378114","41108079","41108386","48","76656979"
"chr4","117877499","117877834","JH378111","14888180","14888521","61","102989319"
"chr4","117971456","117971716","JH378252","1583944","1584202","45","116387512"
"chr4","118091055","118091307","JH378144","7090384","7090634","43","111000671"
"chr4","118132979","118133239","JH378140","6607165","6607427","39","111525814"
"chr4","118153882","118154168","JH378105","9640217","9640504","56","108513665"
"chr4","118155084","118155401","JH378139","4851466","4851771","52","113303618"
"chr4","118308038","118308161","JH378105","48884109","48884224","24","69423929"
"chr4","118950178","118950489","JH378135","1618015","1618319","43","117332163"
"chr4","118953610","118953742","JH378158","3663091","3663218","21","115290519"
"chr4","119002978","119003274","JH378281","1470720","1471015","56","117532258"
"chr4","119186019","119186327","JH378252","341412","341714","61","118844607"
"chr4","119273592","119273717","JH378125","15315416","15315544","20","103958176"
"chr4","119385655","119385957","JH378148","13262362","13262662","43","106123293"
"chr4","119389932","119390190","JH378161","3269547","3269813","61","116120385"
"chr4","119554868","119555169","JH378152","16029844","16030148","43","103525024"
"chr4","119691699","119692014","JH378109","25846015","25846327","52","93845684"
"chr4","119777611","119777898","JH378131","22888328","22888621","37","96889283"
"chr4","119995434","119995737","JH378135","1618015","1618319","54","118377419"
"chr4","120047721","120048034","JH378110","18880040","18880344","46","101167681"
"chr4","120163652","120163931","JH378167","7961661","7961938","48","112201991"
"chr4","120205875","120206170","JH378148","3100313","3100608","44","117105562"
"chr4","120394889","120395179","JH378123","9831839","9832126","40","110563050"
"chr4","120858157","120858455","JH378173","9472851","9473151","43","111385306"
"chr4","120981234","120981514","JH378223","5660433","5660707","44","115320801"
"chr4","121292605","121292852","JH378158","1249947","1250195","43","120042658"
"chr4","121302416","121302713","JH378242","734891","735189","34","120567525"
"chr4","121324216","121324477","JH378106","68856180","68856440","58","52468036"
"chr4","121358057","121358366","JH378197","3241273","3241575","44","118116784"
"chr4","121366697","121366995","JH378242","734891","735189","32","120631806"
"chr4","121369743","121370054","JH378167","5297205","5297514","45","116072538"
"chr4","121372017","121372322","JH378213","5044001","5044294","56","116328016"
"chr4","121378247","121378528","JH378115","3373630","3373913","30","118004617"
"chr4","121378568","121378587","JH378110","39932633","39932649","8","81445935"
"chr4","121383189","121383482","JH378283","1461668","1461966","34","119921521"
"chr4","121387526","121387818","JH378140","14147137","14147431","36","107240389"
"chr4","121401670","121401940","JH378106","61927616","61927885","47","59474054"
"chr4","121436055","121436348","JH378197","6701048","6701344","34","114735007"
"chr4","121448063","121448356","JH378113","20466200","20466489","46","100981863"
"chr4","121452911","121453220","JH378167","3626557","3626863","37","117826354"
"chr4","121453958","121454235","JH378157","8047049","8047337","46","113406909"
"chr4","121458458","121458755","JH378214","2096352","2096643","38","119362106"
"chr4","121480291","121480596","JH378148","2797982","2798286","38","118682309"
"chr4","121482106","121482365","JH378113","5817895","5818160","40","115664211"
"chr4","121530598","121530721","JH378232","4035468","4035592","15","117495130"
"chr4","121631562","121631871","JH378116","14428154","14428454","49","107203408"
"chr4","121689067","121689365","JH378148","2859722","2860021","30","118829345"
"chr4","121695705","121696013","JH378140","908614","908920","44","120787091"
"chr4","121759830","121760123","JH378242","447991","448290","46","121311839"
"chr4","121768122","121768426","JH378122","16145356","16145658","71","105622766"
"chr4","121789381","121789679","JH378164","1985629","1985927","41","119803752"
"chr4","121800540","121800848","JH378156","6640727","6641043","47","115159813"
"chr4","121813048","121813342","JH378224","3700195","3700494","45","118112853"
"chr4","121960996","121961284","JH378123","9831839","9832126","41","112129157"
"chr4","122003700","122003992","JH378106","765844","766137","40","121237856"
"chr4","122035752","122036043","JH378190","217926","218211","49","121817826"
"chr4","122830268","122830525","JH378107","57132986","57133249","67","65697282"
"chr4","122837309","122837629","JH378266","343017","343318","66","122494292"
"chr4","122839082","122839358","JH378146","4677820","4678116","45","118161262"
"chr4","122868869","122869169","JH378111","26034614","26034912","39","96834255"
"chr4","122925963","122926278","JH378158","4130633","4130943","48","118795330"
"chr4","123086955","123087250","JH378249","721031","721325","47","122365924"
"chr4","123088777","123089061","JH378119","32392072","32392352","55","90696705"
"chr4","123133978","123134293","JH378105","17620825","17621134","42","105513153"
"chr4","123248875","123249166","JH378191","967537","967830","44","122281338"
"chr4","123290221","123290516","JH378116","28282701","28282994","56","95007520"
"chr4","123292211","123292500","JH378114","36689582","36689871","41","86602629"
"chr4","123360462","123360753","JH378110","7881643","7881940","39","115478819"
"chr4","123380235","123380536","JH378105","14432202","14432497","44","108948033"
"chr4","123424884","123425166","JH378109","48919357","48919636","50","74505527"
"chr4","123461222","123461521","JH378144","1304159","1304455","44","122157063"
"chr4","123489373","123489662","JH378167","11202084","11202374","49","112287289"
"chr4","123515750","123516031","JH378105","50034667","50034949","39","73481083"
"chr4","123566120","123566409","JH378187","5329287","5329558","41","118236833"
"chr4","123574154","123574442","JH378152","14449530","14449815","52","109124624"
"chr4","123605036","123605334","JH378117","37445869","37446169","49","86159167"
"chr4","123650513","123650810","JH378187","5406030","5406321","45","118244483"
"chr4","123740220","123740518","JH378148","3100313","3100608","41","120639907"
"chr4","123928533","123928844","JH378137","4045758","4046064","46","119882775"
"chr4","123985016","123985314","JH378108","31809793","31810088","47","92175223"
"chr4","124034577","124034886","JH378119","5615430","5615726","56","118419147"
"chr4","124072663","124072974","JH378213","691215","691525","45","123381448"
"chr4","124140737","124141030","JH378111","43268192","43268483","39","80872545"
"chr4","124187896","124188183","JH378156","3848015","3848295","45","120339881"
"chr4","124205849","124206147","JH378187","5888975","5889269","47","118316874"
"chr4","124206356","124206662","JH378213","691215","691525","39","123515141"
"chr4","124217815","124218108","JH378187","5903956","5904251","46","118313859"
"chr4","124230329","124230625","JH378143","8639762","8640057","41","115590567"
"chr4","124248403","124248717","JH378118","9384962","9385265","45","114863441"
"chr4","124303684","124303980","JH378290","1449167","1449465","39","122854517"
"chr4","124356233","124356489","JH378148","12313883","12314126","43","112042350"
"chr4","124389042","124389339","JH378112","41231328","41231622","52","83157714"
"chr4","124443772","124444041","JH378149","15714715","15714984","43","108729057"
"chr4","124454044","124454334","JH378167","5776283","5776574","43","118677761"
"chr4","124468051","124468341","JH378110","43568162","43568429","59","80899889"
"chr4","124481745","124482030","JH378160","6528680","6528961","51","117953065"
"chr4","124509046","124509358","JH378108","50609420","50609729","46","73899626"
"chr4","124521860","124522145","JH378198","1119444","1119723","38","123402416"
"chr4","124523747","124524040","JH378170","11023928","11024220","44","113499819"
"chr4","124597012","124597266","JH378126","23877123","23877373","44","100719889"
"chr4","124643140","124643448","JH378167","12906028","12906338","56","111737112"
"chr4","124912007","124912306","JH378151","5890359","5890655","34","119021648"
"chr4","124983263","124983415","JH378151","16754223","16754372","21","108229040"
"chr4","125031003","125031297","JH378129","12396986","12397278","42","112634017"
"chr4","125045555","125045812","JH378187","6608219","6608472","39","118437336"
"chr4","125060424","125060719","JH378142","19142559","19142857","42","105917865"
"chr4","125061838","125062137","JH378117","6076538","6076831","33","118985300"
"chr4","125071350","125071637","JH378255","1058410","1058705","52","124012940"
"chr4","125083034","125083335","JH378188","7232167","7232465","44","117850867"
"chr4","125110795","125111104","JH378153","7998003","7998310","47","117112792"
"chr4","125132887","125133190","JH378190","56389","56693","38","125076498"
"chr4","125135499","125135796","JH378158","8985941","8986241","32","116149558"
"chr4","125157296","125157609","JH378115","15327275","15327586","37","109830021"
"chr4","125167457","125167755","JH378122","5272066","5272363","48","119895391"
"chr4","125174290","125174595","JH378112","2133048","2133353","50","123041242"
"chr4","125195689","125196000","JH378143","5668758","5669069","44","119526931"
"chr4","125263852","125264163","JH378205","4278012","4278319","42","120985840"
"chr4","125328467","125328780","JH378187","6900873","6901175","44","118427594"
"chr4","125344592","125344893","JH378106","28340587","28340890","53","97004005"
"chr4","125438220","125438512","JH378254","157527","157830","44","125280693"
"chr4","125485501","125485795","JH378117","6076538","6076831","40","119408963"
"chr4","125530208","125530514","JH378129","7516692","7516995","42","118013516"
"chr4","125573143","125573412","JH378115","31073885","31074145","53","94499258"
"chr4","125608333","125608597","JH378133","7803027","7803293","54","117805306"
"chr4","125633988","125634281","JH378136","18824175","18824470","41","106809813"
"chr4","125683839","125684147","JH378158","4130633","4130943","41","121553206"
"chr4","125701752","125702003","JH378112","32952210","32952469","49","92749542"
"chr4","125704510","125704814","JH378185","1790869","1791170","44","123913641"
"chr4","125716329","125716628","JH378110","7445735","7446034","32","118270594"
"chr4","125935424","125935721","JH378199","281986","282282","47","125653438"
"chr4","126012096","126012403","JH378152","16188403","16188709","44","109823693"
"chr4","126036071","126036376","JH378139","8014372","8014674","46","118021699"
"chr4","126040918","126041050","JH378105","65217738","65217870","15","60823180"
"chr4","126089530","126089871","JH378151","9958104","9958433","70","116131426"
"chr4","126093708","126093998","JH378140","4991556","4991842","40","121102152"
"chr4","126136463","126136760","JH378189","4262802","4263099","41","121873661"
"chr4","126139379","126139697","JH378276","134131","134438","43","126005248"
"chr4","126142264","126142558","JH378195","2148198","2148495","42","123994066"
"chr4","126207126","126207404","JH378137","276303","276579","44","125930823"
"chr4","126229518","126229828","JH378247","561987","562291","44","125667531"
"chr4","126283635","126283930","JH378187","7863286","7863581","36","118420349"
"chr4","126286345","126286637","JH378225","6103213","6103503","38","120183132"
"chr4","126487421","126487683","JH378158","223440","223699","40","126263981"
"chr4","126497778","126498084","JH378167","5297205","5297514","46","121200573"
"chr4","126520652","126520974","JH378244","3779094","3779431","59","122741558"
"chr4","126730694","126730968","JH378115","7606488","7606778","46","119124206"
"chr4","126755782","126756071","JH378148","3031128","3031420","35","123724654"
"chr4","126764790","126765083","JH378149","936787","937080","55","125828003"
"chr4","126798356","126798647","JH378123","9608291","9608584","43","117190065"
"chr4","126801174","126801483","JH378304","134461","134762","40","126666713"
"chr4","126809300","126809600","JH378187","8316312","8316617","37","118492988"
"chr4","126822399","126822682","JH378187","8330138","8330416","43","118492261"
"chr4","126841136","126841444","JH378171","1227829","1228136","42","125613307"
"chr4","126918658","126918965","JH378113","15232832","15233136","45","111685826"
"chr4","126923205","126923511","JH378152","16029844","16030148","42","110893361"
"chr4","126938108","126938416","JH378106","65370916","65371216","35","61567192"
"chr4","127071968","127072256","JH378106","68408951","68409231","63","58663017"
"chr4","127144795","127145098","JH378255","2011505","2011804","38","125133290"
"chr4","127635245","127635537","JH378114","12032627","12032914","49","115602618"
"chr4","127636133","127636416","JH378110","37152892","37153182","48","90483241"
"chr4","127706821","127707116","JH378119","13333257","13333546","70","114373564"
"chr4","127769351","127769645","JH378115","39565442","39565741","38","88203909"
"chr4","127829351","127829634","JH378127","5317720","5318008","43","122511631"
"chr4","127945886","127946189","JH378262","1936694","1936996","43","126009192"
"chr4","127976690","127976992","JH378154","13561581","13561891","55","114415109"
"chr4","128051458","128051761","JH378204","3129799","3130101","43","124921659"
"chr4","128074585","128074875","JH378187","9548578","9548864","49","118526007"
"chr4","128088691","128089003","JH378135","4438249","4438534","65","123650442"
"chr4","128092672","128092955","JH378164","6714567","6714844","45","121378105"
"chr4","128132797","128133072","JH378153","9092301","9092580","48","119040496"
"chr4","128173488","128173785","JH378141","9192526","9192825","40","118980962"
"chr4","128210342","128210619","JH378283","1496718","1496998","63","126713624"
"chr4","128242965","128243241","JH378176","9399651","9399930","53","118843314"
"chr4","128263749","128263979","JH378183","7109494","7109734","52","121154255"
"chr4","128271626","128271910","JH378105","50034667","50034949","38","78236959"
"chr4","128306243","128306528","JH378153","2856479","2856773","46","125449764"
"chr4","128354958","128355264","JH378167","9959168","9959465","51","118395790"
"chr4","128370851","128371141","JH378166","7382780","7383066","42","120988071"
"chr4","128518801","128519102","JH378176","9100046","9100345","44","119418755"
"chr4","128648496","128648774","JH378111","20566416","20566706","54","108082080"
"chr4","128707719","128708020","JH378110","31963517","31963828","44","96744202"
"chr4","128912092","128912406","JH378171","6818090","6818398","55","122094002"
"chr4","128916585","128916873","JH378125","5974898","5975195","42","122941687"
"chr4","128925366","128925502","JH378146","367683","367813","16","128557683"
"chr4","129015936","129016245","JH378152","13742000","13742297","50","115273936"
"chr4","129022768","129022999","JH378224","4116746","4116982","41","124906022"
"chr4","129062742","129063039","JH378214","242924","243221","41","128819818"
"chr4","129067007","129067298","JH378135","15807233","15807524","58","113259774"
"chr4","129084073","129084385","JH378193","2291860","2292169","49","126792213"
"chr4","129111516","129111642","JH378118","14956607","14956728","16","114154909"
"chr4","129174948","129175236","JH378199","5019510","5019808","53","124155438"
"chr4","129303957","129304229","JH378228","5654163","5654435","43","123649794"
"chr4","129494847","129495159","JH378115","30401019","30401318","51","99093828"
"chr4","129628913","129629161","JH378158","1249947","1250195","44","128378966"
"chr4","129776202","129776504","JH378148","16955481","16955786","45","112820721"
"chr4","129778446","129778740","JH378157","861158","861451","51","128917288"
"chr4","129848875","129849170","JH378115","7530212","7530515","47","122318663"
"chr4","129931455","129931756","JH378124","27278142","27278442","37","102653313"
"chr4","129952532","129952860","JH378291","836169","836477","58","129116363"
"chr4","129967896","129968210","JH378167","5297205","5297514","53","124670691"
"chr4","130052171","130052474","JH378242","734891","735189","39","129317280"
"chr4","130056300","130056608","JH378107","51667756","51668056","50","78388544"
"chr4","130266416","130266717","JH378242","734891","735189","45","129531525"
"chr4","130288292","130288565","JH378165","1507806","1508071","50","128780486"
"chr4","130356043","130356344","JH378108","23750374","23750673","45","106605669"
"chr4","130383549","130383856","JH378148","3178240","3178539","46","127205309"
"chr4","130465276","130465558","JH378115","30698161","30698437","53","99767115"
"chr4","130529921","130530229","JH378178","7169772","7170077","42","123360149"
"chr4","130554784","130555076","JH378164","2990710","2991003","42","127564074"
"chr4","130689750","130690051","JH378121","9612204","9612501","41","121077546"
"chr4","130698874","130699175","JH378220","667156","667455","41","130031718"
"chr4","130752929","130753165","JH378113","32343711","32343951","36","98409218"
"chr4","130988495","130988794","JH378110","8289113","8289410","45","122699382"
"chr4","131012847","131013144","JH378148","3092528","3092826","40","127920319"
"chr4","131033573","131033867","JH378115","28716128","28716418","45","102317445"
"chr4","131043278","131043571","JH378121","16387639","16387936","44","114655639"
"chr4","131055886","131056191","JH378184","748241","748547","42","130307645"
"chr4","131089582","131089872","JH378106","765844","766137","41","130323738"
"chr4","131165851","131166065","JH378107","18524973","18525187","38","112640878"
"chr4","131198107","131198389","JH378134","11412220","11412508","42","119785887"
"chr4","131201440","131201719","JH378129","22765760","22766031","49","108435680"
"chr4","131356578","131356874","JH378225","962832","963129","45","130393746"
"chr4","131380043","131380146","JH378105","59477689","59477795","12","71902354"
"chr4","131380634","131380944","JH378244","1257702","1258005","40","130122932"
"chr4","131386948","131387257","JH378123","13983908","13984216","46","117403040"
"chr4","131402587","131402968","JH378113","33114870","33115221","100","98287717"
"chr4","131413920","131414201","JH378106","69967173","69967449","64","61446747"
"chr4","131416975","131417250","JH378279","2555344","2555633","51","128861631"
"chr4","131425342","131425634","JH378221","814918","815209","51","130610424"
"chr4","131434915","131435215","JH378262","53682","53984","38","131381233"
"chr4","131446872","131447014","JH378141","7661361","7661504","15","123785511"
"chr4","131450154","131450427","JH378160","6528680","6528961","47","124921474"
"chr4","131461232","131461518","JH378149","160181","160468","38","131301051"
"chr4","131461589","131461889","JH378167","11101055","11101363","51","120360534"
"chr4","131469044","131469330","JH378124","5490003","5490289","32","125979041"
"chr4","131485670","131485966","JH378123","5667081","5667374","34","125818589"
"chr4","131486474","131486772","JH378242","545317","545614","47","130941157"
"chr4","131490181","131490478","JH378129","22479574","22479870","37","109010607"
"chr4","131490605","131490905","JH378284","799316","799615","46","130691289"
"chr4","131500153","131500457","JH378136","14817827","14818135","42","116682326"
"chr4","131502925","131503169","JH378139","13387568","13387813","40","118115357"
"chr4","131529745","131530027","JH378105","37094152","37094433","48","94435593"
"chr4","131532027","131532308","JH378122","7809799","7810085","37","123722228"
"chr4","131545431","131545723","JH378157","11453180","11453475","42","120092251"
"chr4","131546426","131546538","JH378127","981403","981515","13","130565023"
"chr4","131549861","131550140","JH378129","22413447","22413718","41","109136414"
"chr4","131550974","131551251","JH378158","4837266","4837562","56","126713708"
"chr4","131557712","131557909","JH378141","3104602","3104799","29","128453110"
"chr4","131571639","131571836","JH378108","44632200","44632402","30","86939439"
"chr4","131572092","131572223","JH378129","22393534","22393668","16","109178558"
"chr4","131595855","131596152","JH378308","686068","686367","34","130909787"
"chr4","131601957","131602243","JH378193","2263082","2263366","37","129338875"
"chr4","131603401","131603700","JH378112","33033903","33034201","40","98569498"
"chr4","131604521","131604796","JH378147","15469463","15469743","47","116135058"
"chr4","131618253","131618559","JH378129","22334667","22334965","49","109283586"
"chr4","131621228","131621521","JH378105","58750623","58750917","39","72870605"
"chr4","131639207","131639483","JH378131","1474328","1474605","37","130164879"
"chr4","131679730","131679851","JH378149","3747832","3747949","16","127931898"
"chr4","131679998","131680315","JH378127","13229242","13229553","43","118450756"
"chr4","131698349","131698634","JH378204","4012532","4012811","45","127685817"
"chr4","131708437","131708733","JH378105","69267024","69267316","57","62441413"
"chr4","131745842","131745971","JH378105","36868256","36868387","13","94877586"
"chr4","131782788","131783089","JH378131","1328221","1328526","47","130454567"
"chr4","131798222","131798483","JH378129","22130336","22130610","40","109667886"
"chr4","131845173","131845475","JH378129","22083864","22084169","35","109761309"
"chr4","131920484","131920769","JH378129","22009076","22009371","54","109911408"
"chr4","131987420","131987715","JH378163","10576395","10576693","41","121411025"
"chr4","132039293","132039596","JH378129","21882850","21883147","39","110156443"
"chr4","132064973","132065261","JH378110","9023891","9024177","51","123041082"
"chr4","132084748","132085042","JH378105","59285091","59285389","72","72799657"
"chr4","132085200","132085505","JH378148","16955481","16955786","50","115129719"
"chr4","132089475","132089742","JH378111","37233117","37233391","45","94856358"
"chr4","132110883","132111184","JH378124","6001393","6001683","48","126109490"
"chr4","132129544","132129854","JH378167","4158411","4158718","42","127971133"
"chr4","132164871","132165178","JH378117","15749415","15749721","37","116415456"
"chr4","132166807","132167099","JH378255","3447746","3448043","39","128719061"
"chr4","132192374","132192680","JH378158","4130633","4130943","45","128061741"
"chr4","132202610","132202918","JH378188","9401785","9402089","62","122800825"
"chr4","132210751","132210875","JH378117","28674853","28674976","13","103535898"
"chr4","132212433","132212743","JH378114","31003149","31003455","55","101209284"
"chr4","132214052","132214254","JH378162","5934866","5935078","31","126279186"
"chr4","132221783","132222066","JH378141","2327726","2328016","41","129894057"
"chr4","132224656","132224965","JH378110","6965048","6965350","43","125259608"
"chr4","132225141","132225452","JH378173","10807194","10807499","45","121417947"
"chr4","132237440","132237743","JH378242","734891","735189","37","131502549"
"chr4","132255975","132256284","JH378219","2572178","2572483","42","129683797"
"chr4","132278271","132278555","JH378110","34952260","34952536","54","97326011"
"chr4","132281516","132281810","JH378128","1631494","1631788","35","130650022"
"chr4","132286433","132286733","JH378242","734891","735189","46","131551542"
"chr4","132307021","132307323","JH378177","1441157","1441457","50","130865864"
"chr4","132309563","132309863","JH378133","9812784","9813080","39","122496779"
"chr4","132325538","132325826","JH378110","9867313","9867609","45","122458225"
"chr4","132353032","132353330","JH378185","6039029","6039324","42","126314003"
"chr4","132384517","132384809","JH378142","1173704","1174003","37","131210813"
"chr4","132386686","132386961","JH378197","4022777","4023057","43","128363909"
"chr4","132502372","132502674","JH378264","1105436","1105732","38","131396936"
"chr4","132525560","132525855","JH378153","14632399","14632691","40","117893161"
"chr4","132540937","132541241","JH378118","10693452","10693756","47","121847485"
"chr4","132918973","132918999","JH378295","1513265","1513291","4","131405708"
"chr4","132919703","132919814","JH378107","13345254","13345366","11","119574449"
"chr4","133071425","133071744","JH378158","5787707","5788016","50","127283718"
"chr4","133124887","133125132","JH378217","4548881","4549113","46","128576006"
"chr4","133311046","133311328","JH378105","50034667","50034949","42","83276379"
"chr4","133432318","133432615","JH378136","354228","354520","51","133078090"
"chr4","133501507","133501812","JH378129","3247646","3247946","48","130253861"
"chr4","133517857","133518016","JH378148","2046250","2046409","43","131471607"
"chr4","133518048","133518135","JH378272","560692","560777","13","132957356"
"chr4","133640233","133640387","JH378108","8802308","8802456","22","124837925"
"chr4","133659837","133660124","JH378151","7886262","7886543","71","125773575"
"chr4","133715358","133715485","JH378135","778836","778960","17","132936522"
"chr4","133742202","133742357","JH378105","10557376","10557537","37","123184826"
"chr4","133742385","133742510","JH378112","20849147","20849270","16","112893238"
"chr4","133744071","133744368","JH378204","3945411","3945718","60","129798660"
"chr4","133923661","133923928","JH378170","5665325","5665596","45","128258336"
"chr4","133927371","133927668","JH378124","6152593","6152882","52","127774778"
"chr4","134003084","134003389","JH378116","13180532","13180832","54","120822552"
"chr4","134006092","134006392","JH378119","11311026","11311320","40","122695066"
"chr4","134013038","134013342","JH378114","43778369","43778670","46","90234669"
"chr4","134023436","134023753","JH378128","25005263","25005580","56","109018173"
"chr4","134124352","134124605","JH378105","60476588","60476842","44","73647764"
"chr4","134369252","134369584","JH378205","5593229","5593569","54","128776023"
"chr4","134425218","134425497","JH378153","504411","504699","57","133920807"
"chr4","134488970","134489266","JH378135","14597687","14597982","48","119891283"
"chr4","134642239","134642528","JH378108","22250706","22250996","46","112391533"
"chr4","134871258","134871559","JH378142","1173704","1174003","47","133697554"
"chr4","135030073","135030351","JH378118","25211469","25211751","48","109818604"
"chr4","135117567","135117855","JH378122","7809799","7810085","51","127307768"
"chr4","135167822","135168119","JH378135","1661661","1661952","48","133506161"
"chr4","135548316","135548617","JH378139","11244771","11245079","41","124303545"
"chr4","135554501","135554787","JH378140","1183657","1183948","50","134370844"
"chr4","135709995","135710306","JH378111","34735037","34735341","45","100974958"
"chr4","135732185","135732483","JH378316","391481","391778","51","135340704"
"chr4","135836871","135837164","JH378200","4317868","4318159","39","131519003"
"chr4","135890902","135891187","JH378123","9831839","9832126","44","126059063"
"chr4","135904204","135904518","JH378132","21936850","21937158","67","113967354"
"chr4","135907146","135907444","JH378191","9105890","9106189","43","126801256"
"chr4","135908044","135908319","JH378173","4531314","4531588","44","131376730"
"chr4","135945669","135945798","JH378105","56361834","56361962","23","79583835"
"chr4","136298218","136298479","JH378129","7569227","7569492","39","128728991"
"chr4","136482242","136482521","JH378152","13406305","13406583","40","123075937"
"chr4","136502963","136503277","JH378120","4865467","4865775","53","131637496"
"chr4","136544145","136544429","JH378180","5903332","5903617","54","130640813"
"chr4","136569024","136569320","JH378249","721031","721325","34","135847993"
"chr4","136743763","136744050","JH378150","243318","243602","49","136500445"
"chr4","136777841","136778151","JH378148","3015296","3015593","53","133762545"
"chr4","136951943","136952209","JH378129","17486592","17486873","45","119465351"
"chr4","136976946","136977250","JH378298","1256824","1257124","44","135720122"
"chr4","136995570","136995853","JH378129","17440370","17440659","43","119555200"
"chr4","137298582","137298878","JH378111","8498303","8498600","50","128800279"
"chr4","137318178","137318443","JH378235","5719600","5719860","51","131598578"
"chr4","137319240","137319530","JH378105","69163567","69163856","41","68155673"
"chr4","137535101","137535395","JH378220","2699046","2699342","50","134836055"
"chr4","137587816","137588087","JH378122","7104036","7104320","46","130483780"
"chr4","137876627","137876906","JH378152","13321031","13321300","55","124555596"
"chr4","138046767","138047068","JH378112","45280183","45280477","43","92766584"
"chr4","138140428","138140724","JH378123","21695970","21696268","48","116444458"
"chr4","138159316","138159627","JH378211","1951298","1951606","46","136208018"
"chr4","138190019","138190314","JH378145","9207826","9208117","56","128982193"
"chr4","138212353","138212482","JH378107","57134429","57134558","17","81077924"
"chr4","138215771","138216060","JH378115","16549844","16550133","53","121665927"
"chr4","138322196","138322454","JH378153","11587582","11587839","66","126734614"
"chr4","138348114","138348380","JH378120","26857210","26857466","62","111490904"
"chr4","138374521","138374835","JH378113","17168263","17168574","52","121206258"
"chr4","138382617","138382916","JH378148","3015296","3015593","55","135367321"
"chr4","138448198","138448335","JH378107","55895704","55895839","21","82552494"
"chr4","138518479","138518784","JH378108","53270271","53270575","60","85248208"
"chr4","138670434","138670717","JH378139","13747850","13748135","55","124922584"
"chr4","138782534","138782829","JH378111","15833029","15833328","63","122949505"
"chr4","138807427","138807736","JH378133","21496907","21497208","41","117310520"
"chr4","138938261","138938538","JH378129","15630831","15631113","45","123307430"
"chr4","139020761","139021006","JH378123","45829","46071","45","138974932"
"chr4","139053845","139054142","JH378153","1207598","1207894","51","137846247"
"chr4","139168414","139168724","JH378197","8660298","8660600","42","130508116"
"chr4","139272972","139273279","JH378105","3562705","3563008","50","135710267"
"chr4","139398685","139398950","JH378129","15313351","15313607","58","124085334"
"chr4","139460225","139460505","JH378158","10838105","10838387","54","128622120"
"chr4","139610172","139610467","JH378115","31386184","31386480","57","108223988"
"chr4","139770046","139770338","JH378114","41996207","41996493","54","97773839"
"chr4","139950779","139951070","JH378204","3222855","3223147","35","136727924"
"chr4","139957902","139958199","JH378278","416703","417014","51","139541199"
"chr4","139959642","139959746","JH378171","2511459","2511563","15","137448183"
"chr4","140063443","140063759","JH378156","6640727","6641043","56","133422716"
"chr4","140140223","140140524","JH378278","587956","588251","47","139552267"
"chr4","140158412","140158700","JH378213","5214240","5214530","69","134944172"
"chr4","140160183","140160488","JH378148","13262362","13262662","44","126897821"
"chr4","140220788","140221071","JH378137","4142276","4142556","47","136078512"
"chr4","140303969","140304281","JH378114","25348351","25348661","53","114955618"
"chr4","140325037","140325356","JH378211","1951298","1951606","56","138373739"
"chr4","140521782","140522048","JH378199","5152160","5152432","52","135369622"
"chr4","140552806","140553114","JH378156","10837845","10838152","47","129714961"
"chr4","140727520","140727810","JH378112","21627926","21628214","74","119099594"
"chr4","140826963","140827269","JH378127","2654603","2654919","41","138172360"
"chr4","140898884","140899150","JH378149","13389381","13389643","39","127509503"
"chr4","141006357","141006617","JH378199","2933325","2933588","46","138073032"
"chr4","141040658","141040736","JH378110","5527700","5527783","11","135512958"
"chr4","141046630","141046940","JH378224","2515142","2515446","45","138531488"
"chr4","141062186","141062500","JH378109","34402444","34402754","51","106659742"
"chr4","141102000","141102299","JH378139","10433692","10433994","49","130668308"
"chr4","141105103","141105413","JH378122","11504556","11504860","59","129600547"
"chr4","141124110","141124402","JH378170","4926625","4926916","37","136197485"
"chr4","141148433","141148738","JH378111","9912952","9913260","61","131235481"
"chr4","141179792","141180077","JH378109","13897576","13897869","45","127282216"
"chr4","141180931","141181220","JH378138","6648162","6648458","42","134532769"
"chr4","141187745","141188048","JH378113","15232832","15233136","41","125954913"
"chr4","141221076","141221414","JH378106","8519034","8519348","73","132702042"
"chr4","141237645","141237956","JH378114","31003149","31003455","64","110234496"
"chr4","141291201","141291507","JH378204","3945411","3945718","50","137345790"
"chr4","141305351","141305632","JH378173","6098303","6098580","43","135207048"
"chr4","141354369","141354669","JH378206","918187","918493","49","140436182"
"chr4","141472424","141472708","JH378235","5966662","5966955","51","135505762"
"chr4","141527492","141527800","JH378301","920694","921000","45","140606798"
"chr4","141528311","141528601","JH378194","8035993","8036286","44","133492318"
"chr4","141535034","141535355","JH378151","767642","767952","56","140767392"
"chr4","141624218","141624515","JH378278","1907249","1907562","57","139716969"
"chr4","141686527","141686820","JH378110","10950543","10950836","45","130735984"
"chr4","141740642","141740772","JH378200","3514102","3514234","12","138226540"
"chr4","141740865","141741030","JH378115","34373550","34373715","35","107367315"
"chr4","141788968","141789272","JH378188","8091152","8091459","47","133697816"
"chr4","141806627","141806934","JH378279","2532931","2533234","40","139273696"
"chr4","141827928","141828242","JH378112","30721676","30721989","43","111106252"
"chr4","141838008","141838303","JH378171","6776817","6777110","46","135061191"
"chr4","141850224","141850526","JH378140","15256022","15256323","42","126594202"
"chr4","141884738","141885044","JH378106","6755249","6755548","40","135129489"
"chr4","141923698","141924005","JH378298","1256824","1257124","45","140666874"
"chr4","142063050","142063365","JH378107","358804","359113","52","141704246"
"chr4","142077635","142077937","JH378108","2025853","2026154","41","140051782"
"chr4","142162506","142162804","JH378255","1058410","1058705","40","141104096"
"chr4","142284955","142285072","JH378122","11339398","11339518","27","130945557"
"chr4","142285100","142285268","JH378137","19323143","19323313","37","122961957"
"chr4","142450276","142450558","JH378122","7809799","7810085","38","134640477"
"chr4","142501899","142502206","JH378249","3727186","3727494","50","138774713"
"chr4","142538609","142538886","JH378278","2825987","2826268","38","139712622"
"chr4","142580015","142580309","JH378269","1668607","1668898","49","140911408"
"chr4","142626422","142626741","JH378111","26034614","26034912","57","116591808"
"chr4","142631327","142631515","JH378115","3533413","3533598","51","139097914"
"chr4","142644006","142644116","JH378115","29661998","29662108","14","112982008"
"chr4","142661644","142661957","JH378108","31529799","31530108","50","111131845"
"chr4","142664061","142664362","JH378115","26938492","26938795","43","115725569"
"chr4","142664496","142664792","JH378117","6076538","6076831","33","136587958"
"chr4","142670670","142670966","JH378114","22526707","22527002","44","120143963"
"chr4","142687645","142687953","JH378201","8187362","8187662","50","134500283"
"chr4","142695827","142696128","JH378193","9017789","9018083","52","133678038"
"chr4","142697863","142698163","JH378110","34850075","34850365","48","107847788"
"chr4","142699621","142699937","JH378118","10693452","10693756","65","132006169"
"chr4","142711966","142712264","JH378148","3100313","3100608","41","139611653"
"chr4","142716046","142716344","JH378159","6984417","6984714","42","135731629"
"chr4","142734919","142735207","JH378136","12188196","12188486","40","130546723"
"chr4","142744012","142744302","JH378255","3447746","3448043","41","139296266"
"chr4","142769560","142769923","JH378244","3649638","3649987","73","139119922"
"chr4","142770268","142770565","JH378153","1943672","1943973","58","140826596"
"chr4","142771160","142771434","JH378120","31351696","31351974","43","111419464"
"chr4","142778349","142778653","JH378189","8749784","8750086","42","134028565"
"chr4","142793327","142793631","JH378113","26550017","26550324","43","116243310"
"chr4","142826091","142826400","JH378148","16955481","16955786","51","125870610"
"chr4","142829587","142829861","JH378173","4795221","4795500","39","138034366"
"chr4","142833603","142833912","JH378113","26550017","26550324","50","116283586"
"chr4","142842078","142842376","JH378255","3447746","3448043","42","139394332"
"chr4","142861257","142861522","JH378199","3667727","3667998","47","139193530"
"chr4","142867837","142868131","JH378214","5755548","5755843","31","137112289"
"chr4","142878680","142878989","JH378197","1881212","1881520","38","140997468"
"chr4","142883591","142883897","JH378110","40011605","40011912","45","102871986"
"chr4","142892172","142892269","JH378111","8181048","8181145","24","134711124"
"chr4","142904801","142905080","JH378138","16606137","16606421","53","126298664"
"chr4","142930607","142930908","JH378242","734891","735189","41","142195716"
"chr4","142953057","142953360","JH378118","10693452","10693756","39","132259605"
"chr4","142977788","142978013","JH378190","9349905","9350131","30","133627883"
"chr4","142996669","142996962","JH378115","7606488","7606778","44","135390181"
"chr4","143002321","143002608","JH378122","7809799","7810085","42","135192522"
"chr4","143012832","143013102","JH378228","5654163","5654435","45","137358669"
"chr4","143014028","143014315","JH378105","22347535","22347819","57","120666493"
"chr4","143025765","143026061","JH378131","24030313","24030610","37","118995452"
"chr4","143047259","143047574","JH378151","2798685","2798996","45","140248574"
"chr4","143053310","143053599","JH378216","3323731","3324020","43","139729579"
"chr4","143057039","143057323","JH378156","1920","2211","38","143055119"
"chr4","143070626","143070906","JH378245","3817099","3817384","51","139253527"
"chr4","143080879","143081166","JH378112","16445310","16445602","53","126635569"
"chr4","143107536","143107820","JH378128","25011601","25011889","63","118095935"
"chr4","143118171","143118473","JH378127","11752069","11752350","58","131366102"
"chr4","143121154","143121453","JH378242","734891","735189","47","142386263"
"chr4","143132961","143133217","JH378124","3774140","3774399","43","139358821"
"chr4","143176498","143176787","JH378177","10638333","10638621","39","132538165"
"chr4","143184313","143184605","JH378114","41010360","41010646","40","102173953"
"chr4","143193886","143194195","JH378157","7951050","7951361","39","135242836"
"chr4","143209201","143209493","JH378153","14184648","14184944","44","129024553"
"chr4","143242239","143242534","JH378105","14432202","14432497","40","128810037"
"chr4","143243017","143243309","JH378291","130444","130734","41","143112573"
"chr4","143244195","143244481","JH378171","6539145","6539433","52","136705050"
"chr4","143248813","143249121","JH378118","10693452","10693756","36","132555361"
"chr4","143251646","143251946","JH378131","23811723","23812019","45","119439923"
"chr4","143255731","143256042","JH378131","23807901","23808212","41","119447830"
"chr4","143272878","143273173","JH378220","3229265","3229557","34","140043613"
"chr4","143286615","143286898","JH378114","12032627","12032914","41","131253988"
"chr4","143286993","143287289","JH378156","6535566","6535861","39","136751427"
"chr4","143289341","143289634","JH378131","23775551","23775843","37","119513790"
"chr4","143292376","143292668","JH378242","734891","735189","40","142557485"
"chr4","143296271","143296573","JH378105","51901786","51902084","50","91394485"
"chr4","143328213","143328512","JH378220","4350061","4350357","37","138978152"
"chr4","143332054","143332346","JH378166","789190","789479","40","142542864"
"chr4","143343007","143343297","JH378109","7961178","7961481","58","135381829"
"chr4","143344016","143344322","JH378153","14175225","14175527","34","129168791"
"chr4","143344976","143345225","JH378140","14617049","14617296","37","128727927"
"chr4","143346883","143347175","JH378168","10265476","10265767","40","133081407"
"chr4","143357999","143358292","JH378173","3211541","3211835","34","140146458"
"chr4","143361156","143361453","JH378153","14704937","14705234","34","128656219"
"chr4","143362329","143362616","JH378264","1448721","1449008","38","141913608"
"chr4","143400214","143400516","JH378131","23666291","23666592","37","119733923"
"chr4","143463141","143463444","JH378141","10158367","10158665","42","133304774"
"chr4","143522271","143522552","JH378127","9493535","9493812","58","134028736"
"chr4","143550951","143551274","JH378109","25846015","25846327","55","117704936"
"chr4","143553414","143553699","JH378131","23502358","23502642","35","120051056"
"chr4","143563007","143563300","JH378131","23493081","23493374","31","120069926"
"chr4","143599030","143599160","JH378262","310456","310588","18","143288574"
"chr4","143609636","143609929","JH378276","1463748","1464040","40","142145888"
"chr4","143665005","143665294","JH378153","16520858","16521144","41","127144147"
"chr4","143682783","143683067","JH378189","6757205","6757496","45","136925578"
"chr4","143687314","143687613","JH378242","734891","735189","47","142952423"
"chr4","143697958","143698243","JH378135","10248672","10248955","38","133449286"
"chr4","143713021","143713309","JH378135","858419","858710","45","142854602"
"chr4","143762232","143762515","JH378108","44832357","44832642","46","98929875"
"chr4","143816475","143816779","JH378118","10693452","10693756","37","133123023"
"chr4","143854031","143854334","JH378110","38831725","38832027","42","105022306"
"chr4","143891531","143891844","JH378113","26550017","26550324","42","117341514"
"chr4","143987403","143987691","JH378189","8992244","8992548","51","134995159"
"chr4","144035141","144035428","JH378105","22384355","22384643","44","121650786"
"chr4","144148311","144148606","JH378131","22888328","22888621","36","121259983"
"chr4","144175925","144176236","JH378137","15935777","15936084","45","128240148"
"chr4","144252882","144253183","JH378206","918187","918493","41","143334695"
"chr4","144322097","144322385","JH378137","9088819","9089119","52","135233278"
"chr4","144322867","144323168","JH378153","1207598","1207894","44","143115269"
"chr4","144343861","144344163","JH378111","8498303","8498600","52","135845558"
"chr4","144364990","144365297","JH378202","7426063","7426369","47","136938927"
"chr4","144374869","144375183","JH378216","7114050","7114358","43","137260819"
"chr4","144389274","144389615","JH378194","2671411","2671750","78","141717863"
"chr4","144393786","144394079","JH378124","16834558","16834852","42","127559228"
"chr4","144396431","144396755","JH378131","22654990","22655311","51","121741441"
"chr4","144399112","144399409","JH378242","734891","735189","36","143664221"
"chr4","144406665","144406970","JH378148","16955481","16955786","42","127451184"
"chr4","144424669","144424971","JH378114","7076243","7076544","47","137348426"
"chr4","144429178","144429467","JH378131","22620243","22620530","34","121808935"
"chr4","144431363","144431666","JH378131","22618114","22618411","40","121813249"
"chr4","144436552","144436846","JH378111","43268192","43268483","36","101168360"
"chr4","144442646","144442948","JH378213","5758371","5758671","45","138684275"
"chr4","144443901","144444190","JH378131","22604496","22604780","36","121839405"
"chr4","144467818","144468119","JH378131","22582147","22582450","44","121885671"
"chr4","144473598","144473890","JH378200","261439","261727","40","144212159"
"chr4","144478365","144478653","JH378157","3286469","3286756","45","141191896"
"chr4","144543147","144543475","JH378114","20725448","20725763","88","123817699"
"chr4","144553822","144554029","JH378151","10494072","10494276","38","134059750"
"chr4","144595783","144596075","JH378288","1771761","1772053","46","142824022"
"chr4","144619868","144620165","JH378116","25790477","25790774","51","118829391"
"chr4","144631704","144631997","JH378213","4435380","4435669","44","140196324"
"chr4","144688412","144688703","JH378116","25880539","25880829","53","118807873"
"chr4","144766547","144766849","JH378106","6660208","6660505","36","138106339"
"chr4","144876363","144876658","JH378145","10500061","10500358","40","134376302"
"chr4","144961563","144961877","JH378106","65370916","65371216","52","79590647"
"chr4","145206824","145206947","JH378173","237830","237958","20","144968994"
"chr4","145209726","145210028","JH378105","66132998","66133287","53","79076728"
"chr4","145214211","145214516","JH378173","6575149","6575450","42","138639062"
"chr4","145454004","145454290","JH378109","9926904","9927192","44","135527100"
"chr4","145559334","145559615","JH378142","18918745","18919030","38","126640589"
"chr4","145700908","145701196","JH378111","43268192","43268483","45","102432716"
"chr4","145817162","145817446","JH378172","11247159","11247445","41","134570003"
"chr4","146128359","146128647","JH378242","2102077","2102367","38","144026282"
"chr4","146167680","146167981","JH378214","949639","949938","41","145218041"
"chr4","146186702","146186960","JH378140","6607165","6607427","46","139579537"
"chr4","146264093","146264383","JH378119","32586357","32586644","62","113677736"
"chr4","146273876","146274166","JH378173","2086933","2087244","60","144186943"
"chr4","146361398","146361709","JH378135","16449037","16449347","43","129912361"
"chr4","146433641","146433945","JH378131","20633142","20633421","60","125800499"
"chr4","146503967","146504242","JH378108","17624768","17625053","51","128879199"
"chr4","146643965","146644252","JH378131","20395687","20395970","42","126248278"
"chr4","146668132","146668419","JH378105","34331028","34331311","50","112337104"
"chr4","146791420","146791714","JH378135","2042783","2043077","40","144748637"
"chr4","146826355","146826587","JH378112","23127863","23128092","52","123698492"
"chr4","146870281","146870570","JH378204","7978351","7978644","39","138891930"
"chr4","146898475","146898691","JH378164","11414062","11414284","45","135484413"
"chr4","146899130","146899426","JH378117","6076538","6076831","40","140822592"
"chr4","146941743","146942025","JH378239","5566205","5566489","41","141375538"
"chr4","146954147","146954435","JH378248","2888145","2888434","43","144066002"
"chr4","146975524","146975824","JH378169","9960535","9960837","48","137014989"
"chr4","146987644","146987951","JH378158","8865215","8865524","43","138122429"
"chr4","146991577","146991889","JH378111","40869835","40870146","47","106121742"
"chr4","147029444","147029576","JH378157","7774135","7774267","12","139255309"
"chr4","147060224","147060530","JH378106","18052637","18052942","47","129007587"
"chr4","147076824","147077114","JH378190","9040170","9040456","34","138036654"
"chr4","147077748","147078042","JH378281","1560351","1560643","38","145517397"
"chr4","147089457","147089766","JH378139","10433692","10433994","41","136655765"
"chr4","147123053","147123355","JH378118","10693452","10693756","48","136429601"
"chr4","147126868","147127167","JH378131","19862870","19863168","35","127263998"
"chr4","147183465","147183761","JH378197","8660298","8660600","52","138523167"
"chr4","147191293","147191594","JH378131","10241080","10241369","52","136950213"
"chr4","147218388","147218667","JH378139","2221184","2221469","45","144997204"
"chr4","147227900","147228199","JH378179","10169317","10169618","45","137058583"
"chr4","147233732","147234043","JH378131","19762016","19762323","39","127471716"
"chr4","147312369","147312664","JH378113","29975858","29976154","55","117336511"
"chr4","147313846","147314142","JH378178","8042470","8042765","41","139271376"
"chr4","147448025","147448320","JH378166","530033","530321","31","146917992"
"chr4","147460109","147460416","JH378195","7630941","7631244","45","139829168"
"chr4","147493470","147493779","JH378116","36267689","36268001","44","111225781"
"chr4","147916006","147916308","JH378111","40734534","40734829","50","107181472"
"chr4","147948331","147948638","JH378135","1859095","1859393","55","146089236"
"chr4","147987934","147988240","JH378114","42725127","42725431","48","105262807"
"chr4","148037153","148037403","JH378108","44604172","44604416","37","103432981"
"chr4","148068038","148068340","JH378220","4350061","4350357","44","143717977"
"chr4","148261060","148261241","JH378108","34627722","34627906","37","113633338"
"chr4","148261539","148261664","JH378125","4589691","4589826","25","143671848"
"chr4","148332567","148332873","JH378122","4721483","4721791","50","143611084"
"chr4","148364629","148364928","JH378108","22478433","22478725","47","125886196"
"chr4","148509305","148509600","JH378216","6521976","6522275","38","141987329"
"chr4","148517889","148518199","JH378129","2351181","2351488","48","146166708"
"chr4","148539208","148539505","JH378109","26422799","26423098","57","122116409"
"chr4","148545409","148545706","JH378177","1443434","1443726","46","147101975"
"chr4","148554937","148555273","JH378116","25720911","25721239","59","122834026"
"chr4","148634047","148634356","JH378110","6965048","6965350","41","141668999"
"chr4","148638180","148638494","JH378145","6472158","6472470","52","142166022"
"chr4","148668639","148668934","JH378119","360557","360852","49","148308082"
"chr4","148670694","148670989","JH378262","1270213","1270521","54","147400481"
"chr4","148673656","148673949","JH378247","4426259","4426553","48","144247397"
"chr4","148728405","148728648","JH378189","6890764","6891005","36","141837641"
"chr4","148893141","148893435","JH378111","43268192","43268483","46","105624949"
"chr4","148944129","148944440","JH378116","14428154","14428454","44","134515975"
"chr4","149024740","149025052","JH378254","2748165","2748472","50","146276575"
"chr4","149046747","149047043","JH378153","14175225","14175527","38","134871522"
"chr4","149069614","149069867","JH378131","18727308","18727558","32","130342306"
"chr4","149095432","149095737","JH378190","3857505","3857809","40","145237927"
"chr4","149104558","149104855","JH378110","22568165","22568468","60","126536393"
"chr4","149160538","149160848","JH378111","34264825","34265132","50","114895713"
"chr4","149168313","149168600","JH378161","3414236","3414524","42","145754077"
"chr4","149177222","149177504","JH378123","16473353","16473639","52","132703869"
"chr4","149198875","149199177","JH378153","14175225","14175527","45","135023650"
"chr4","149203281","149203577","JH378197","308596","308891","43","148894685"
"chr4","149237158","149237459","JH378157","11907979","11908290","52","137329179"
"chr4","149241800","149242095","JH378219","2283196","2283498","49","146958604"
"chr4","149278355","149278658","JH378201","8193442","8193743","52","141084913"
"chr4","149281053","149281356","JH378153","14175225","14175527","43","135105828"
"chr4","149295661","149295958","JH378149","1957178","1957471","45","147338483"
"chr4","149320342","149320632","JH378153","12544489","12544777","43","136775853"
"chr4","149328301","149328567","JH378107","29393673","29393934","39","119934628"
"chr4","149332516","149332822","JH378116","21770585","21770894","40","127561931"
"chr4","149356233","149356524","JH378111","43268192","43268483","49","106088041"
"chr4","149359671","149359856","JH378164","3104069","3104253","33","146255602"
"chr4","149447456","149447760","JH378107","32724688","32724991","48","116722768"
"chr4","149479897","149480182","JH378288","2566365","2566649","39","146913532"
"chr4","149526871","149527065","JH378132","10354359","10354538","57","139172512"
"chr4","149527101","149527113","JH378105","48290961","48290972","5","101236140"
"chr4","149527404","149527543","JH378152","10907464","10907596","22","138619940"
"chr4","149549236","149549501","JH378108","50701171","50701432","52","98848065"
"chr4","149555436","149555684","JH378144","5573616","5573865","45","143981820"
"chr4","149564706","149564993","JH378161","2236995","2237295","54","147327711"
"chr4","149573133","149573305","JH378137","19323143","19323313","34","130249990"
"chr4","149573331","149573472","JH378118","7719080","7719217","20","141854251"
"chr4","149584760","149585047","JH378124","5490003","5490289","40","144094757"
"chr4","149617627","149617937","JH378129","10477083","10477384","48","139140544"
"chr4","149641817","149642127","JH378118","6633242","6633554","39","143008575"
"chr4","149696241","149696537","JH378148","3195871","3196169","43","146500370"
"chr4","149753933","149754239","JH378113","3991520","3991821","48","145762413"
"chr4","149767329","149767618","JH378105","2788745","2789032","35","146978584"
"chr4","149799533","149799747","JH378107","27272010","27272226","43","122527523"
"chr4","149805313","149805610","JH378220","2465579","2465874","50","147339734"
"chr4","149845560","149845871","JH378193","3688745","3689057","37","146156815"
"chr4","149871306","149871615","JH378173","4317644","4317951","38","145553662"
"chr4","150009232","150009290","JH378122","9711707","9711768","16","140297525"
"chr4","150146424","150146723","JH378125","7759615","7759914","38","142386809"
"chr4","150160372","150160643","JH378111","32631993","32632265","42","117528379"
"chr4","150165860","150166146","JH378112","32590536","32590832","62","117575324"
"chr4","150168172","150168444","JH378125","2463243","2463515","46","147704929"
"chr4","150184892","150185192","JH378141","14454762","14455052","52","135730130"
"chr4","150192008","150192283","JH378144","4721929","4722197","44","145470079"
"chr4","150214452","150214755","JH378117","6076538","6076831","54","144137914"
"chr4","150236060","150236353","JH378288","1525435","1525728","49","148710625"
"chr4","150362545","150362830","JH378118","11558432","11558720","42","138804113"
"chr4","150435049","150435358","JH378192","8187095","8187406","41","142247954"
"chr4","150710274","150710582","JH378113","15232832","15233136","42","135477442"
"chr4","150713829","150714086","JH378131","17166598","17166858","43","133547231"
"chr4","150753027","150753110","JH378131","17139309","17139392","12","133613718"
"chr4","150805792","150806069","JH378105","37094152","37094433","40","113711640"
"chr4","150849894","150850031","JH378305","1383165","1383300","21","149466729"
"chr4","150850032","150850335","JH378123","21695970","21696268","48","129154062"
"chr4","150901882","150902172","JH378107","57287252","57287540","40","93614630"
"chr4","151094079","151094387","JH378168","11148028","11148334","42","139946051"
"chr4","151203317","151203612","JH378106","501033","501324","45","150702284"
"chr4","151280800","151281096","JH378111","43268192","43268483","41","108012608"
"chr4","151290015","151290148","JH378197","8515113","8515245","9","142774902"
"chr4","151353455","151353723","JH378144","601452","601724","54","150752003"
"chr4","151495431","151495724","JH378122","7826562","7826849","49","143668869"
"chr4","151564604","151564910","JH378117","15749415","15749721","37","135815189"
"chr4","151566123","151566432","JH378119","2681409","2681712","38","148884714"
"chr4","151603518","151603818","JH378116","25336894","25337191","47","126266624"
"chr4","151616998","151617288","JH378119","28713693","28713986","50","122903305"
"chr4","151635386","151635654","JH378198","7606860","7607135","47","144028526"
"chr4","151635936","151636231","JH378249","721031","721325","39","150914905"
"chr4","151641196","151641482","JH378110","35034335","35034620","35","116606861"
"chr4","151663211","151663346","JH378127","1911446","1911575","19","149751765"
"chr4","151670399","151670692","JH378105","56867121","56867407","46","94803278"
"chr4","151671076","151671383","JH378255","3152831","3153133","46","148518245"
"chr4","151683050","151683366","JH378128","10277367","10277671","53","141405683"
"chr4","151688005","151688307","JH378193","4524503","4524799","41","147163502"
"chr4","151708609","151708910","JH378105","5718140","5718435","44","145990469"
"chr4","151717513","151717806","JH378173","675105","675399","40","151042408"
"chr4","151718491","151718788","JH378177","4835569","4835864","49","146882922"
"chr4","151745505","151745800","JH378136","272512","272800","41","151472993"
"chr4","151752714","151753006","JH378115","15001483","15001774","44","136751231"
"chr4","151756044","151756345","JH378110","15808603","15808903","40","135947441"
"chr4","151762532","151762831","JH378135","1618015","1618319","42","150144517"
"chr4","151770021","151770306","JH378106","501033","501324","39","151268988"
"chr4","151786210","151786492","JH378155","5898072","5898340","45","145888138"
"chr4","151791753","151791946","JH378127","12777952","12778138","33","139013801"
"chr4","151792297","151792581","JH378197","8620183","8620461","50","143172114"
"chr4","151814016","151814264","JH378105","69171826","69172068","39","82642190"
"chr4","151874334","151874620","JH378225","6103213","6103503","39","145771121"
"chr4","151877069","151877374","JH378153","14175225","14175527","41","137701844"
"chr4","151880148","151880439","JH378156","6301995","6302299","53","145578153"
"chr4","151901223","151901503","JH378198","1119444","1119723","38","150781779"
"chr4","151912921","151913231","JH378105","37949554","37949854","49","113963367"
"chr4","151940482","151940791","JH378290","1006881","1007187","41","150933601"
"chr4","151955737","151956018","JH378153","14616796","14617078","44","137338941"
"chr4","152002076","152002383","JH378156","10837845","10838152","40","141164231"
"chr4","152009836","152010114","JH378110","6835896","6836170","50","145173940"
"chr4","152044141","152044420","JH378253","2671303","2671584","45","149372838"
"chr4","152049653","152049933","JH378139","17086414","17086694","39","134963239"
"chr4","152080655","152080963","JH378148","13262362","13262662","52","138818293"
"chr4","152102225","152102528","JH378116","37812207","37812513","47","114290018"
"chr4","152203001","152203313","JH378112","30721676","30721989","40","121481325"
"chr4","152275815","152276107","JH378135","1661661","1661952","41","150614154"
"chr4","152354996","152355282","JH378115","31953200","31953482","42","120401796"
"chr4","152495133","152495429","JH378139","18076977","18077276","38","134418156"
"chr4","152569206","152569483","JH378247","2505689","2505963","50","150063517"
"chr4","152651682","152651984","JH378110","29003871","29004167","52","123647811"
"chr4","152697427","152697474","JH378127","11639933","11639971","18","141057494"
"chr4","152796152","152796447","JH378112","32039521","32039815","57","120756631"
"chr4","152853839","152854127","JH378172","9343322","9343615","41","143510517"
"chr4","152877170","152877442","JH378117","26873884","26874157","58","126003286"
"chr4","153091224","153091547","JH378108","32599519","32599839","48","120491705"
"chr4","153219017","153219307","JH378189","7501508","7501793","37","145717509"
"chr4","153257563","153257866","JH378105","55255219","55255522","43","98002344"
"chr4","153268276","153268557","JH378300","781632","781913","46","152486644"
"chr4","153340485","153340779","JH378140","16737561","16737856","40","136602924"
"chr4","153499918","153500000","JH378112","21788660","21788737","11","131711258"
"chr4","153517669","153517952","JH378107","29025302","29025584","42","124492367"
"chr4","153585501","153585806","JH378247","561987","562291","38","153023514"
"chr4","153621854","153622129","JH378105","5769531","5769800","42","147852323"
"chr4","153867705","153868002","JH378125","7759615","7759914","46","146108090"
"chr4","153878947","153879259","JH378195","8547789","8548098","46","145331158"
"chr4","153880812","153881154","JH378135","17306032","17306357","74","136574780"
"chr4","153935837","153936100","JH378112","17934735","17934997","53","136001102"
"chr4","153940023","153940316","JH378119","28713693","28713986","56","125226330"
"chr4","153983428","153983734","JH378112","12702852","12703157","48","141280576"
"chr4","154016221","154016508","JH378161","10580429","10580714","45","143435792"
"chr4","154034419","154034734","JH378156","10837845","10838152","44","143196574"
"chr4","154054265","154054565","JH378118","10693452","10693756","53","143360813"
"chr4","154103917","154104229","JH378131","13851737","13852053","53","140252180"
"chr4","154109968","154110269","JH378167","8587120","8587419","38","145522848"
"chr4","154133153","154133462","JH378157","13289590","13289892","51","140843563"
"chr4","154140844","154141148","JH378113","15232832","15233136","48","138908012"
"chr4","154166680","154166929","JH378140","16139506","16139752","48","138027174"
"chr4","154183554","154183818","JH378137","2660646","2660911","35","151522908"
"chr4","154187321","154187616","JH378255","3447746","3448043","42","150739575"
"chr4","154197391","154197685","JH378123","29792372","29792668","41","124405019"
"chr4","154316949","154317251","JH378144","6389467","6389769","49","147927482"
"chr4","154322413","154322704","JH378163","13062219","13062505","52","141260194"
"chr4","154343289","154343433","JH378113","23326051","23326192","20","131017238"
"chr4","154364277","154364577","JH378177","9865797","9866102","40","144498480"
"chr4","154381901","154382172","JH378206","2157472","2157746","57","152224429"
"chr4","154416495","154416809","JH378118","10693452","10693756","43","143723043"
"chr4","154481770","154482055","JH378108","22478433","22478725","59","132003337"
"chr4","154490267","154490566","JH378141","9192526","9192825","42","145297741"
"chr4","154518611","154518909","JH378115","28716128","28716418","43","125802483"
"chr4","154610560","154610865","JH378116","25790477","25790774","42","128820083"
"chr4","154639544","154639822","JH378308","264797","265077","45","154374747"
"chr4","154651124","154651434","JH378127","1791547","1791857","49","152859577"
"chr4","154683893","154684192","JH378116","14428154","14428454","37","140255739"
"chr4","154707668","154707959","JH378156","1920","2211","40","154705748"
"chr4","154728961","154729257","JH378118","11963571","11963864","44","142765390"
"chr4","154754914","154755224","JH378157","1154304","1154607","45","153600610"
"chr4","154793391","154793695","JH378131","13160445","13160741","44","141632946"
"chr4","154818060","154818346","JH378105","63280943","63281232","43","91537117"
"chr4","154850496","154850789","JH378131","13104584","13104874","40","141745912"
"chr4","154854500","154854810","JH378111","44419713","44420022","47","110434787"
"chr4","154887124","154887411","JH378216","3323731","3324020","48","151563393"
"chr4","154904571","154904871","JH378269","1930031","1930330","37","152974540"
"chr4","154907793","154907961","JH378108","45366888","45367057","22","109540905"
"chr4","154918916","154919189","JH378204","4012532","4012811","39","150906384"
"chr4","154950739","154951050","JH378159","3867405","3867714","40","151083334"
"chr4","154955194","154955491","JH378185","6039029","6039324","38","148916165"
"chr4","154965335","154965647","JH378152","16029844","16030148","48","138935491"
"chr4","154981863","154982171","JH378118","20140583","20140886","52","134841280"
"chr4","154990593","154990879","JH378122","7809799","7810085","35","147180794"
"chr4","155001927","155002215","JH378119","27609052","27609339","38","127392875"
"chr4","155005047","155005302","JH378131","12961680","12961928","38","142043367"
"chr4","155013096","155013390","JH378111","43268192","43268483","36","111744904"
"chr4","155015748","155016060","JH378113","26550017","26550324","47","128465731"
"chr4","155020685","155020824","JH378232","3703074","3703213","19","151317611"
"chr4","155021142","155021307","JH378115","34391540","34391705","33","120629602"
"chr4","155025527","155025819","JH378129","22417791","22418087","35","132607736"
"chr4","155031200","155031496","JH378242","734891","735189","50","154296309"
"chr4","155036150","155036443","JH378220","4350061","4350357","35","150686089"
"chr4","155044607","155044893","JH378127","20988283","20988571","43","134056324"
"chr4","155053971","155054280","JH378166","2317152","2317459","44","152736819"
"chr4","155056135","155056429","JH378113","17842682","17842983","45","137213453"
"chr4","155057429","155057723","JH378135","858419","858710","45","154199010"
"chr4","155061026","155061333","JH378264","3529382","3529690","45","151531644"
"chr4","155064363","155064682","JH378137","3073918","3074209","68","151990445"
"chr4","155071511","155071604","JH378171","5304225","5304313","18","149767286"
"chr4","155074522","155074836","JH378153","12639901","12640210","47","142434621"
"chr4","155078826","155078886","JH378153","1606510","1606569","10","153472316"
"chr4","155083352","155083654","JH378136","16138444","16138721","67","138944908"
"chr4","155103798","155104080","JH378116","28864465","28864745","43","126239333"
"chr4","155104768","155105082","JH378119","360557","360852","44","154744211"
"chr4","155112799","155113109","JH378262","1270213","1270521","45","153842586"
"chr4","155124051","155124343","JH378141","14454762","14455052","39","140669289"
"chr4","155140988","155141290","JH378142","1173704","1174003","41","153967284"
"chr4","155145436","155145690","JH378204","6110233","6110492","38","149035203"
"chr4","155148158","155148477","JH378165","5633445","5633783","71","149514713"
"chr4","155148660","155148950","JH378226","5844537","5844825","42","149304123"
"chr4","155149503","155149793","JH378129","22483649","22483934","41","132665854"
"chr4","155156562","155156872","JH378108","21011106","21011416","42","134145456"
"chr4","155170214","155170529","JH378173","6575149","6575450","49","148595065"
"chr4","155201400","155201699","JH378116","14428154","14428454","38","140773246"
"chr4","155213570","155213859","JH378145","10500061","10500358","47","144713509"
"chr4","155222815","155223105","JH378171","5901188","5901476","35","149321627"
"chr4","155236748","155237047","JH378131","12718360","12718656","40","142518388"
"chr4","155242339","155242651","JH378113","15232832","15233136","42","140009507"
"chr4","155257288","155257607","JH378113","17168263","17168574","50","138089025"
"chr4","155280172","155280399","JH378194","396013","396233","42","154884159"
"chr4","155301768","155302057","JH378173","2227025","2227318","39","153074743"
"chr4","155328235","155328538","JH378242","734891","735189","42","154593344"
"chr4","155331728","155332031","JH378131","12623210","12623511","42","142708518"
"chr4","155333309","155333544","JH378262","2845766","2846004","36","152487543"
"chr4","155356442","155356591","JH378118","8337979","8338128","17","147018463"
"chr4","155357316","155357623","JH378139","369956","370243","51","154987360"
"chr4","155359166","155359465","JH378131","12596886","12597181","43","142762280"
"chr4","155363410","155363708","JH378161","2236995","2237295","39","153126415"
"chr4","155367625","155367925","JH378131","12585795","12586096","40","142781830"
"chr4","155375016","155375329","JH378173","2801631","2801939","38","152573385"
"chr4","155380846","155381150","JH378131","12575937","12576248","42","142804909"
"chr4","155385429","155385722","JH378131","12571430","12571726","37","142813999"
"chr4","155403200","155403504","JH378586","474","775","43","155402726"
"chr4","155439753","155440062","JH378120","24798638","24798942","46","130641115"
"chr4","155545153","155545431","JH378213","4422853","4423134","45","151122300"
"chr4","155594986","155595270","JH378105","50034667","50034949","41","105560319"
"chr4","155599315","155599619","JH378131","12338331","12338635","38","143260984"
"chr4","155603720","155604009","JH378115","7606488","7606778","49","147997232"
"chr4","155604567","155604864","JH378185","6039029","6039324","33","149565538"
"chr4","155757685","155757985","JH378121","19751768","19752069","57","136005917"
"chr4","155787329","155787633","JH378124","13618146","13618450","42","142169183"
"chr4","155800837","155801141","JH378106","59008935","59009238","63","96791902"
"chr4","155857069","155857393","JH378271","798001","798311","66","155059068"
"chr4","156077280","156077562","JH378122","2716414","2716700","43","153360866"
"chr4","156161548","156161859","JH378249","1601829","1602137","43","154559719"
"chr4","156179733","156180027","JH378129","8195437","8195732","43","147984296"
"chr4","156221821","156222128","JH378151","4578678","4578981","39","151643143"
"chr4","156224057","156224352","JH378112","45280183","45280477","37","110943874"
"chr4","156352315","156352638","JH378105","68954435","68954753","64","87397880"
"chr4","156393712","156394012","JH378190","3857505","3857809","36","152536207"
"chr4","156423814","156424109","JH378117","28666592","28666888","42","127757222"
"chr4","156429665","156429956","JH378131","11496966","11497257","30","144932699"
"chr4","156509871","156510169","JH378290","1449167","1449465","37","155060704"
"chr4","156524445","156524743","JH378148","2754402","2754696","39","153770043"
"chr4","156535005","156535311","JH378131","11388260","11388575","42","145146745"
"chr4","156547141","156547457","JH378107","8153444","8153745","51","148393697"
"chr4","156572491","156572778","JH378157","8047049","8047337","33","148525442"
"chr4","156589711","156589840","JH378131","11327827","11327958","15","145261884"
"chr4","156592307","156592613","JH378178","6744767","6745066","56","149847540"
"chr4","156593265","156593546","JH378152","16250304","16250576","43","140342961"
"chr4","156599566","156599864","JH378131","11317011","11317308","35","145282555"
"chr4","156603463","156603771","JH378108","50609420","50609729","50","105994043"
"chr4","156615216","156615518","JH378114","42118001","42118296","51","114497215"
"chr4","156617018","156617311","JH378111","8498303","8498600","37","148118715"
"chr4","156642734","156642862","JH378108","22384104","22384234","17","134258630"
"chr4","156648757","156649057","JH378115","26968615","26968913","53","129680142"
"chr4","156664468","156664772","JH378118","20140583","20140886","42","136523885"
"chr4","156702691","156703001","JH378131","11212277","11212586","33","145490414"
"chr4","156708397","156708706","JH378148","2797982","2798286","38","153910415"
"chr4","156722678","156722985","JH378290","1449167","1449465","44","155273511"
"chr4","156771893","156772200","JH378118","10693452","10693756","37","146078441"
"chr4","156773510","156773797","JH378124","5490003","5490289","42","151283507"
"chr4","156778430","156778726","JH378131","11145294","11145602","42","145633136"
"chr4","156778884","156779180","JH378131","11144854","11145141","45","145634030"
"chr4","156813706","156814000","JH378242","734891","735189","37","156078815"
"chr4","156814223","156814527","JH378152","16188403","16188709","41","140625820"
"chr4","156848149","156848435","JH378118","21491469","21491758","56","135356680"
"chr4","156870056","156870124","JH378133","15781856","15781921","12","141088200"
"chr4","156883750","156884030","JH378154","6381721","6381996","45","150502029"
"chr4","156934800","156935092","JH378198","1639176","1639469","40","155295624"
"chr4","156936273","156936574","JH378173","9472851","9473151","41","147463422"
"chr4","156937779","156938081","JH378123","21695970","21696268","40","135241809"
"chr4","156942101","156942405","JH378225","885930","886227","43","156056171"
"chr4","156944743","156945021","JH378191","649925","650214","48","156294818"
"chr4","156975094","156975409","JH378226","6271823","6272133","65","150703271"
"chr4","157116269","157116566","JH378111","40734534","40734829","40","116381735"
"chr4","157140523","157140816","JH378142","11680625","11680923","50","145459898"
"chr4","157167828","157168137","JH378110","14082764","14083060","61","143085064"
"chr4","157190143","157190431","JH378129","21695439","21695731","37","135494704"
"chr4","157193800","157194081","JH378139","7882690","7882974","40","149311110"
"chr4","157230264","157230562","JH378172","10564003","10564298","55","146666261"
"chr4","157237614","157237916","JH378118","2729862","2730159","45","154507752"
"chr4","157240321","157240629","JH378127","1791547","1791857","45","155448774"
"chr4","157251306","157251604","JH378145","12975453","12975750","52","144275853"
"chr4","157299402","157299696","JH378123","21695970","21696268","46","135603432"
"chr4","157535484","157535766","JH378111","43268192","43268483","48","114267292"
"chr4","157535997","157536292","JH378111","43268192","43268483","44","114267805"
"chr4","157554681","157554992","JH378188","9554436","9554746","42","148000245"
"chr4","157567155","157567413","JH378131","10499531","10499794","35","147067624"
"chr4","157575661","157575953","JH378119","360557","360852","35","157215104"
"chr4","157580139","157580426","JH378144","7637078","7637338","64","149943061"
"chr4","157596110","157596419","JH378152","16029844","16030148","45","141566266"
"chr4","157614393","157614648","JH378197","5291555","5291815","57","152322838"
"chr4","157628323","157628594","JH378131","10435391","10435657","47","147192932"
"chr4","157639433","157639688","JH378139","1363865","1364120","37","156275568"
"chr4","157649617","157649844","JH378111","42173845","42174024","77","115475772"
"chr4","157689898","157690192","JH378153","2856479","2856773","36","154833419"
"chr4","157691848","157692127","JH378134","22273223","22273498","52","135418625"
"chr4","157722335","157722605","JH378144","4721929","4722197","50","153000406"
"chr4","157739103","157739383","JH378204","6750334","6750618","51","150988769"
"chr4","157765221","157765504","JH378105","69163567","69163856","43","88601654"
"chr4","157769094","157769397","JH378148","3092528","3092826","45","154676566"
"chr4","157769763","157770047","JH378144","4331150","4331446","62","153438613"
"chr4","157808484","157808794","JH378145","23363","23674","47","157785121"
"chr4","157821567","157821868","JH378148","13262362","13262662","53","144559205"
"chr4","157996927","157997225","JH378145","10500061","10500358","42","147496866"
"chr4","158063115","158063428","JH378158","516472","516776","47","157546643"
"chr4","158190850","158191152","JH378127","15510679","15510974","46","142680171"
"chr4","158208550","158208853","JH378141","14434556","14434857","48","143773994"
"chr4","158290354","158290663","JH378156","10672285","10672594","49","147618069"
"chr4","158350908","158351089","JH378114","10654899","10655083","32","147696009"
"chr4","158586903","158587167","JH378131","9510613","9510877","38","149076290"
"chr4","158613526","158613812","JH378206","3018138","3018410","41","155595388"
"chr4","158631894","158632206","JH378211","1951298","1951606","48","156680596"
"chr4","158640083","158640372","JH378226","6485812","6486107","37","152154271"
"chr4","158704984","158705284","JH378139","14171993","14172294","49","144532991"
"chr4","158761447","158761748","JH378105","8119730","8120032","59","150641717"
"chr4","158863699","158863970","JH378272","3421366","3421641","49","155442333"
"chr4","158927840","158928149","JH378131","9155461","9155764","54","149772379"
"chr4","158997187","158997465","JH378153","8921156","8921435","47","150076031"
"chr4","159055600","159055898","JH378148","3178240","3178539","39","155877360"
"chr4","159068586","159068828","JH378148","12313883","12314126","48","146754703"
"chr4","159126377","159126630","JH378157","11892537","11892786","35","147233840"
"chr4","159161737","159162041","JH378148","16539411","16539716","47","142622326"
"chr4","159185939","159186227","JH378249","217233","217520","59","158968706"
"chr4","159234642","159234931","JH378114","21457259","21457544","50","137777383"
"chr4","159249710","159250004","JH378216","1333074","1333371","44","157916636"
"chr4","159284526","159284829","JH378149","15885379","15885676","51","143399147"
"chr4","159291436","159291744","JH378309","1437182","1437490","39","157854254"
"chr4","159461098","159461407","JH378110","39019735","39020043","43","120441363"
"chr4","159518416","159518725","JH378260","149355","149666","50","159369061"
"chr4","159539772","159540069","JH378111","21205497","21205789","54","138334275"
"chr4","159573062","159573376","JH378107","29897802","29898113","64","129675260"
"chr4","159577577","159577848","JH378159","4412909","4413179","68","155164668"
"chr4","159755862","159756157","JH378234","2806107","2806409","43","156949755"
"chr4","159761820","159762044","JH378117","20142969","20143192","42","139618851"
"chr4","159787316","159787611","JH378110","18880040","18880344","46","140907276"
"chr4","159825022","159825333","JH378297","218770","219080","48","159606252"
"chr4","159888033","159888330","JH378112","21957606","21957903","59","137930427"
"chr4","159958323","159958623","JH378116","28282701","28282994","53","131675622"
"chr4","159969660","159969795","JH378105","1845742","1845874","18","158123918"
"chr4","159981713","159981995","JH378153","14852501","14852786","41","145129212"
"chr4","160155866","160156156","JH378117","28666592","28666888","57","131489274"
"chr4","160193017","160193321","JH378115","27550836","27551133","47","132642181"
"chr4","160217452","160217743","JH378123","9608291","9608584","44","150609161"
"chr4","160218907","160219202","JH378212","4597974","4598269","46","155620933"
"chr4","160257921","160258217","JH378105","49408253","49408548","44","110849668"
"chr4","160296259","160296569","JH378152","14479116","14479426","50","145817143"
"chr4","160376253","160376547","JH378105","63280943","63281232","41","97095310"
"chr4","160399296","160399600","JH378173","6575149","6575450","44","153824147"
"chr4","160609049","160609348","JH378189","1417098","1417408","57","159191951"
"chr4","160609984","160610298","JH378200","3990495","3990806","44","156619489"
"chr4","160676152","160676439","JH378340","107206","107498","46","160568946"
"chr4","160819379","160819618","JH378225","1669956","1670188","45","159149423"
"chr4","160937552","160937860","JH378178","7460388","7460694","48","153477164"
"chr4","160991694","160991990","JH378105","37949554","37949854","45","123042140"
"chr4","161036570","161036813","JH378131","7062022","7062277","43","153974548"
"chr4","161060268","161060550","JH378181","227616","227898","38","160832652"
"chr4","161154466","161154775","JH378160","11715315","11715622","48","149439151"
"chr4","161195460","161195747","JH378342","243194","243483","35","160952266"
"chr4","161224394","161224702","JH378106","69063427","69063728","44","92160967"
"chr4","161260215","161260507","JH378138","16173584","16173876","41","145086631"
"chr4","161286476","161286732","JH378131","6819636","6819882","46","154466840"
"chr4","161316091","161316389","JH378118","33697997","33698295","49","127618094"
"chr4","161413509","161413806","JH378118","622986","623278","53","160790523"
"chr4","161635565","161635865","JH378149","16695001","16695300","48","144940564"
"chr4","161755584","161755886","JH378110","40123472","40123770","42","121632112"
"chr4","161885412","161885698","JH378135","11252448","11252732","54","150632964"
"chr4","162001629","162001917","JH378145","10500061","10500358","43","151501568"
"chr4","162125446","162125737","JH378135","9827021","9827316","43","152298425"
"chr4","162134107","162134402","JH378111","8498303","8498600","44","153635804"
"chr4","162154293","162154596","JH378113","11803158","11803457","46","150351135"
"chr4","162155759","162156066","JH378206","918187","918493","39","161237572"
"chr4","162332872","162333174","JH378212","5415322","5415623","48","156917550"
"chr4","162377930","162378237","JH378140","15378059","15378364","65","146999871"
"chr4","162382338","162382608","JH378105","5769531","5769800","44","156612807"
"chr4","162518432","162518739","JH378131","2261287","2261590","41","160257145"
"chr4","162575020","162575266","JH378115","19558814","19559064","40","143016206"
"chr4","162616260","162616596","JH378105","1099330","1099658","68","161516930"
"chr4","162682039","162682330","JH378153","6431962","6432251","41","156250077"
"chr4","162693124","162693435","JH378121","22242887","22243195","40","140450237"
"chr4","162721451","162721712","JH378183","7334954","7335216","49","155386497"
"chr4","162747935","162748161","JH378274","519147","519372","44","162228788"
"chr4","162779872","162780153","JH378139","13663749","13664032","45","149116123"
"chr4","162781552","162781844","JH378116","28282701","28282994","44","134498851"
"chr4","162853756","162854063","JH378118","10693452","10693756","42","152160304"
"chr4","162863458","162863726","JH378192","8667082","8667349","39","154196376"
"chr4","162883347","162883650","JH378195","8607946","8608249","43","154275401"
"chr4","162883790","162883887","JH378153","789346","789444","11","162094444"
"chr4","162884590","162884888","JH378118","1679282","1679587","52","161205308"
"chr4","162889758","162890029","JH378239","5203122","5203400","59","157686636"
"chr4","162908384","162908688","JH378242","734891","735189","42","162173493"
"chr4","162909139","162909444","JH378107","51667756","51668056","45","111241383"
"chr4","162931468","162931777","JH378242","734891","735189","41","162196577"
"chr4","162963759","162964057","JH378243","90680","90981","53","162873079"
"chr4","162965452","162965724","JH378105","60955154","60955427","53","102010298"
"chr4","163056985","163057262","JH378146","9766788","9767073","48","153290197"
"chr4","163058428","163058677","JH378109","48112746","48112995","41","114945682"
"chr4","163059577","163059860","JH378105","50034667","50034949","40","113024910"
"chr4","163088699","163088992","JH378105","68912062","68912362","58","94176637"
"chr4","163126501","163126789","JH378111","34678603","34678901","41","128447898"
"chr4","163131580","163131869","JH378189","7453738","7454027","44","155677842"
"chr4","163150777","163151047","JH378177","3333638","3333912","40","159817139"
"chr4","163154389","163154683","JH378173","6575149","6575450","40","156579240"
"chr4","163156064","163156345","JH378131","4930826","4931107","43","158225238"
"chr4","163159415","163159720","JH378110","6835896","6836170","74","156323519"
"chr4","163172024","163172333","JH378111","9912952","9913260","48","153259072"
"chr4","163188384","163188657","JH378166","2823386","2823656","45","160364998"
"chr4","163204157","163204466","JH378197","3241273","3241575","39","159962884"
"chr4","163208911","163209215","JH378113","14532240","14532539","52","148676671"
"chr4","163219434","163219721","JH378131","4865150","4865439","52","158354284"
"chr4","163276891","163277198","JH378142","3019206","3019515","63","160257685"
"chr4","163312125","163312437","JH378112","30721676","30721989","46","132590449"
"chr4","163318122","163318426","JH378152","13332030","13332334","43","149986092"
"chr4","163409434","163409748","JH378201","7458678","7458990","46","155950756"
"chr4","163437273","163437565","JH378131","4651668","4651964","50","158785605"
"chr4","163453284","163453459","JH378267","358566","358737","43","163094718"
"chr4","163453725","163453852","JH378141","10073618","10073746","13","153380107"
"chr4","163491393","163491693","JH378131","4595311","4595611","39","158896082"
"chr4","163495249","163495575","JH378161","10694513","10694820","50","152800736"
"chr4","163507283","163507578","JH378138","7374086","7374381","53","156133197"
"chr4","163527244","163527496","JH378112","32952210","32952469","36","130575034"
"chr4","163546490","163546784","JH378111","43268192","43268483","48","120278298"
"chr4","163557207","163557407","JH378157","10711317","10711520","51","152845890"
"chr4","163558180","163558295","JH378165","2374563","2374679","12","161183617"
"chr4","163571370","163571662","JH378197","8546632","8546928","41","155024738"
"chr4","163584617","163584736","JH378216","6968657","6968773","17","156615960"
"chr4","163584778","163584921","JH378157","12402064","12402214","27","151182714"
"chr4","163602980","163603268","JH378106","62829850","62830129","60","100773130"
"chr4","163605732","163606013","JH378114","41016841","41017126","45","122588891"
"chr4","163706624","163706899","JH378192","5415267","5415549","43","158291357"
"chr4","163708348","163708652","JH378131","4372738","4373053","48","159335610"
"chr4","163795591","163795879","JH378131","4300838","4301127","32","159494753"
"chr4","163855791","163856079","JH378141","10519531","10519821","47","153336260"
"chr4","163860550","163860878","JH378148","1741136","1741444","59","162119414"
"chr4","163881982","163882267","JH378122","7809799","7810085","40","156072183"
"chr4","164116745","164117040","JH378232","3499603","3499896","45","160617142"
"chr4","164122995","164123269","JH378146","3186749","3187021","40","160936246"
"chr4","164245769","164245978","JH378214","2450583","2450789","34","161795186"
"chr4","164268838","164269127","JH378177","3761735","3762014","45","160507103"
"chr4","164499212","164499505","JH378153","2856479","2856773","44","161642733"
"chr4","164632586","164632869","JH378198","6180573","6180856","44","158452013"
"chr4","164706976","164707286","JH378255","1987046","1987357","52","162719930"
"chr4","164735232","164735323","JH378124","5052722","5052813","13","159682510"
"chr4","164800440","164800747","JH378114","41499633","41499943","38","123300807"
"chr4","164881753","164882053","JH378242","734891","735189","37","164146862"
"chr4","164930705","164931058","JH378108","14947900","14948229","69","149982805"
"chr4","164953743","164953995","JH378275","1692408","1692657","45","163261335"
"chr4","164967321","164967621","JH378242","734891","735189","44","164232430"
"chr4","165113881","165114171","JH378116","25790477","25790774","53","139323404"
"chr4","165121304","165121606","JH378123","21695970","21696268","45","143425334"
"chr4","165219670","165219960","JH378212","1907750","1908036","53","163311920"
"chr4","165361879","165362149","JH378167","706338","706607","45","164655541"
"chr4","165437850","165438146","JH378198","1639176","1639469","47","163798674"
"chr4","165546205","165546494","JH378200","4327137","4327421","46","161219068"
"chr4","165647585","165647878","JH378283","1461668","1461966","41","164185917"
"chr4","165648747","165648904","JH378110","32538099","32538262","35","133110648"
"chr4","165649218","165649353","JH378221","1217177","1217310","16","164432041"
"chr4","165718472","165718758","JH378140","14147137","14147431","49","151571335"
"chr4","165776569","165776850","JH378105","50034667","50034949","47","115741902"
"chr4","165786158","165786459","JH378197","8660298","8660600","41","157125860"
"chr4","165846157","165846432","JH378112","35246037","35246309","51","130600120"
"chr4","165951550","165951832","JH378136","2852362","2852645","56","163099188"
"chr4","166042203","166042504","JH378216","6521976","6522275","44","159520227"
"chr4","166085710","166086021","JH378117","10228631","10228945","65","155857079"
"chr4","166103796","166104109","JH378107","45850918","45851228","53","120252878"
"chr4","166113393","166113685","JH378122","22447926","22448218","42","143665467"
"chr4","166114153","166114449","JH378123","21695970","21696268","37","144418183"
"chr4","166145019","166145322","JH378117","15749415","15749721","45","150395604"
"chr4","166201863","166202140","JH378108","18171101","18171385","46","148030762"
"chr4","166246731","166247012","JH378221","506746","507023","41","165739985"
"chr4","166389127","166389418","JH378270","2710486","2710766","49","163678641"
"chr4","166442005","166442291","JH378156","4597363","4597648","44","161844642"
"chr4","166472796","166473100","JH378146","4677820","4678116","52","161794976"
"chr4","166538020","166538320","JH378157","10039092","10039395","44","156498928"
"chr4","166670892","166671230","JH378130","19132729","19133057","68","147538163"
"chr4","166696265","166696542","JH378139","13663749","13664032","47","153032516"
"chr4","166704723","166705029","JH378111","8712659","8712969","49","157992064"
"chr4","166730245","166730560","JH378270","2350924","2351236","53","164379321"
"chr4","166782598","166782908","JH378130","19247584","19247889","44","147535014"
"chr4","166863637","166863918","JH378107","57287252","57287540","44","109576385"
"chr4","166931798","166932101","JH378152","13742000","13742297","41","153189798"
"chr4","166957606","166957898","JH378148","3031128","3031420","36","163926478"
"chr4","167042214","167042499","JH378122","7809799","7810085","45","159232415"
"chr4","167123478","167123778","JH378193","355464","355763","39","166768014"
"chr4","167168333","167168629","JH378140","16737561","16737856","40","150430772"
"chr4","167182941","167183244","JH378116","14428154","14428454","48","152754787"
"chr4","167322110","167322388","JH378262","1695586","1695867","46","165626524"
"chr4","167357493","167357779","JH378270","1702297","1702583","33","165655196"
"chr4","167408999","167409306","JH378157","1154304","1154607","47","166254695"
"chr4","167431915","167432191","JH378152","14449530","14449815","46","152982385"
"chr4","167545315","167545614","JH378117","6076538","6076831","44","161468777"
"chr4","167555319","167555625","JH378118","10693452","10693756","42","156861867"
"chr4","167576433","167576720","JH378254","166629","166924","39","167409804"
"chr4","167594045","167594355","JH378107","57265516","57265825","44","110328529"
"chr4","167692098","167692426","JH378114","19770959","19771270","55","147921139"
"chr4","167718891","167719185","JH378220","3229265","3229557","43","164489626"
"chr4","167789413","167789711","JH378111","11464738","11465037","39","156324675"
"chr4","167800927","167801225","JH378113","17853518","17853807","53","149947409"
"chr4","167817221","167817357","JH378105","36868256","36868387","16","130948965"
"chr4","167826544","167826834","JH378117","32546315","32546609","45","135280229"
"chr4","167833104","167833407","JH378201","122224","122525","44","167710880"
"chr4","167834423","167834733","JH378141","2994818","2995121","46","164839605"
"chr4","168103765","168104073","JH378107","31998778","31999085","50","136104987"
"chr4","168149336","168149640","JH378255","3447746","3448043","63","164701590"
"chr4","168158959","168159259","JH378123","5667081","5667374","45","162491878"
"chr4","168197032","168197336","JH378129","4944982","4945280","53","163252050"
"chr4","168299227","168299538","JH378139","15546874","15547182","43","152752353"
"chr4","168611025","168611314","JH378270","645663","645952","29","167965362"
"chr4","168682030","168682331","JH378288","2786677","2786981","38","165895353"
"chr4","168980887","168981177","JH378122","7809799","7810085","39","161171088"
"chr4","169037967","169038266","JH378105","59615212","59615509","44","109422755"
"chr4","169063309","169063589","JH378108","45468912","45469181","61","123594397"
"chr4","169100647","169100939","JH378116","19138795","19139101","58","149961852"
"chr4","169106845","169107155","JH378284","2533277","2533588","43","166573568"
"chr4","169112398","169112698","JH378193","4524503","4524799","41","164587895"
"chr4","169117248","169117553","JH378247","561987","562291","49","168555261"
"chr4","169118727","169119002","JH378157","3899293","3899570","43","165219434"
"chr4","169149659","169149969","JH378111","27189261","27189564","43","141960398"
"chr4","169184964","169185268","JH378107","18459762","18460063","44","150725202"
"chr4","169192073","169192340","JH378193","1756223","1756488","39","167435850"
"chr4","169197324","169197626","JH378114","42121182","42121484","44","127076142"
"chr4","169208409","169208708","JH378163","12637070","12637367","43","156571339"
"chr4","169216566","169216868","JH378106","69752564","69752871","49","99464002"
"chr4","169219097","169219357","JH378137","2660646","2660911","38","166558451"
"chr4","169224326","169224599","JH378116","4838684","4838956","46","164385642"
"chr4","169225705","169225992","JH378163","13062219","13062505","41","156163486"
"chr4","169231285","169231563","JH378105","10016481","10016749","68","159214804"
"chr4","169253318","169253424","JH378131","12869687","12869786","27","156383631"
"chr4","169253753","169253898","JH378110","32570542","32570685","39","136683211"
"chr4","169297485","169297664","JH378248","4037784","4037963","43","165259701"
"chr4","169297963","169298093","JH378131","15642061","15642192","25","153655902"
"chr4","169307633","169307927","JH378139","7764064","7764353","69","161543569"
"chr4","169308371","169308661","JH378124","9680027","9680322","49","159628344"
"chr4","169313879","169314178","JH378133","9743043","9743332","36","159570836"
"chr4","169324392","169324661","JH378110","7925750","7926017","40","161398642"
"chr4","169327018","169327164","JH378140","10469678","10469823","17","158857340"
"chr4","169328824","169329121","JH378108","33547500","33547795","47","135781324"
"chr4","169333007","169333179","JH378167","6155819","6155989","23","163177188"
"chr4","169334317","169334625","JH378173","6575149","6575450","45","162759168"
"chr4","169341514","169341745","JH378123","5689708","5689935","42","163651806"
"chr4","169349760","169350046","JH378243","2589490","2589772","55","166760270"
"chr4","169362852","169363059","JH378162","5934866","5935078","30","163427986"
"chr4","169377735","169378032","JH378119","202457","202756","48","169175278"
"chr4","169379440","169379740","JH378116","27863685","27863978","51","141515755"
"chr4","169380097","169380409","JH378194","2282818","2283122","46","167097279"
"chr4","169386493","169386789","JH378106","69063427","69063728","41","100323066"
"chr4","169406867","169407145","JH378189","719706","719987","48","168687161"
"chr4","169408550","169408847","JH378310","1290261","1290559","43","168118289"
"chr4","169409102","169409408","JH378123","17033428","17033740","54","152375674"
"chr4","169414892","169415182","JH378170","11865606","11865890","52","157549286"
"chr4","169415943","169416244","JH378119","360557","360852","51","169055386"
"chr4","169426400","169426699","JH378152","13742000","13742297","45","155684400"
"chr4","169442726","169443036","JH378149","3062080","3062392","45","166380646"
"chr4","169491971","169492266","JH378310","1205207","1205493","40","168286764"
"chr4","169552339","169552643","JH378140","15256022","15256323","52","154296317"
"chr4","169582731","169583036","JH378133","5257131","5257435","43","164325600"
"chr4","169596529","169596827","JH378188","7232167","7232465","45","162364362"
"chr4","169629382","169629688","JH378310","1092766","1093066","53","168536616"
"chr4","169636858","169637163","JH378149","15885379","15885676","46","153751479"
"chr4","169676901","169677207","JH378107","28361675","28361967","47","141315226"
"chr4","169705306","169705602","JH378178","8042470","8042765","54","161662836"
"chr4","169797376","169797703","JH378105","54610411","54610729","57","115186965"
"chr4","169848878","169849134","JH378310","861667","861928","59","168987211"
"chr4","169942191","169942498","JH378118","10693452","10693756","41","159248739"
"chr4","169950206","169950518","JH378297","218770","219080","48","169731436"
"chr4","169965299","169965590","JH378166","13743029","13743319","50","156222270"
"chr4","169984300","169984411","JH378193","6887109","6887221","14","163097191"
"chr4","170001427","170001727","JH378135","15236962","15237256","54","154764465"
"chr4","170053451","170053737","JH378193","190342","190630","39","169863109"
"chr4","170055457","170055726","JH378276","484205","484481","56","169571252"
"chr4","170062174","170062461","JH378145","9904351","9904644","53","160157823"
"chr4","170192453","170192736","JH378127","16083164","16083457","48","154109289"
"chr4","170246709","170246946","JH378151","6263656","6263894","38","163983053"
"chr4","170279887","170280181","JH378173","8861167","8861471","51","161418720"
"chr4","170309173","170309467","JH378105","69163567","69163856","45","101145606"
"chr4","170314441","170314741","JH378310","367063","367368","39","169947378"
"chr4","170344565","170344871","JH378247","561987","562291","43","169782578"
"chr4","170381442","170381738","JH378310","286094","286388","42","170095348"
"chr4","170468136","170468254","JH378151","14446059","14446181","20","156022077"
"chr4","170681126","170681433","JH378148","2797982","2798286","44","167883144"
"chr4","170736261","170736338","JH378199","4206428","4206506","9","166529833"
"chr4","170736339","170736603","JH378144","4707201","4707473","49","166029138"
"chr4","170760646","170760768","JH378139","726805","726923","22","170033841"
"chr4","170849220","170849518","JH378105","64915693","64915991","43","105933527"
"chr4","171028289","171028595","JH378131","4880051","4880355","51","166148238"
"chr4","171066081","171066374","JH378124","6001393","6001683","38","165064688"
"chr4","171228344","171228632","JH378140","17057161","17057447","39","154171183"
"chr4","171331050","171331297","JH378136","12914502","12914743","50","158416548"
"chr4","171533409","171533543","JH378114","40996337","40996464","22","130537072"
"chr4","171578399","171578700","JH378125","8176757","8177053","50","163401642"
"chr4","171591553","171591850","JH378119","360557","360852","43","171230996"
"chr4","171607500","171607811","JH378131","16707957","16708257","58","154899543"
"chr4","171900252","171900547","JH378211","1005565","1005825","65","170894687"
"chr4","172015394","172015677","JH378158","2960962","2961244","38","169054432"
"chr4","172019884","172020162","JH378136","14898747","14899023","51","157121137"
"chr4","172375399","172375534","JH378213","4209495","4209630","15","168165904"
"chr4","172395645","172395931","JH378189","719706","719987","45","171675939"
"chr4","172396372","172396682","JH378195","2739429","2739740","53","169656943"
"chr4","172579646","172579928","JH378126","1079320","1079599","40","171500326"
"chr4","172661990","172662272","JH378113","5899071","5899351","48","166762919"
"chr4","172689967","172690259","JH378105","14432202","14432497","46","158257765"
"chr4","172813804","172814090","JH378167","10870196","10870481","53","161943608"
"chr4","172957542","172957827","JH378124","6796198","6796485","45","166161344"
"chr4","172965142","172965447","JH378211","1991282","1991578","47","170973860"
"chr4","172998617","172998896","JH378189","177130","177409","38","172821487"
"chr4","173050741","173051076","JH378195","1959800","1960118","68","171090941"
"chr4","173051459","173051755","JH378211","2074021","2074312","52","170977438"
"chr4","173063548","173063839","JH378153","2856479","2856773","38","170207069"
"chr4","173069002","173069295","JH378115","16549844","16550133","39","156519158"
"chr4","173071721","173072031","JH378271","125420","125724","47","172946301"
"chr4","173081810","173082103","JH378186","2699463","2699755","45","170382347"
"chr4","173103816","173104123","JH378118","10693452","10693756","37","162410364"
"chr4","173140298","173140600","JH378172","9553918","9554219","38","163586380"
"chr4","173149464","173149746","JH378131","15851503","15851777","49","157297961"
"chr4","173189695","173189986","JH378211","2215379","2215671","31","170974316"
"chr4","173259117","173259422","JH378157","14081078","14081387","46","159178039"
"chr4","173268307","173268609","JH378242","734891","735189","43","172533416"
"chr4","173268991","173269302","JH378211","2274464","2274775","41","170994527"
"chr4","173289311","173289623","JH378118","4589604","4589912","50","168699707"
"chr4","173319272","173319583","JH378158","8078840","8079156","44","165240432"
"chr4","173339322","173339389","JH378160","5639312","5639379","7","167700010"
"chr4","173358047","173358348","JH378262","1936694","1936996","39","171421353"
"chr4","173374614","173374869","JH378165","2768423","2768681","39","170606191"
"chr4","173381753","173381943","JH378183","7306836","7307026","24","166074917"
"chr4","173409338","173409593","JH378141","18023048","18023307","42","155386290"
"chr4","173417422","173417722","JH378135","3218048","3218342","46","170199374"
"chr4","173455697","173456002","JH378197","8295826","8296131","45","165159871"
"chr4","173501122","173501412","JH378220","3648487","3648778","45","169852635"
"chr4","173506980","173507274","JH378140","8664502","8664800","37","164842478"
"chr4","173520067","173520355","JH378163","13062219","13062505","37","160457848"
"chr4","173527783","173528076","JH378186","9024073","9024367","54","164503710"
"chr4","173574081","173574373","JH378214","5755548","5755843","50","167818533"
"chr4","173575647","173575984","JH378121","27528745","27529076","54","146046902"
"chr4","173577296","173577595","JH378204","7978351","7978644","43","165598945"
"chr4","173578255","173578569","JH378153","9926861","9927172","41","163651394"
"chr4","173585800","173586049","JH378211","2601436","2601689","33","170984364"
"chr4","173587413","173587722","JH378171","1227829","1228136","39","172359584"
"chr4","173599194","173599487","JH378211","2614874","2615165","37","170984320"
"chr4","173676677","173676836","JH378213","648697","648857","27","173027980"
"chr4","173695759","173696050","JH378211","2685045","2685323","44","171010714"
"chr4","173702614","173702902","JH378117","6076538","6076831","43","167626076"
"chr4","173706099","173706409","JH378135","3487580","3487886","40","170218519"
"chr4","173730834","173731137","JH378143","5977166","5977465","44","167753668"
"chr4","173736476","173736770","JH378115","16549844","16550133","51","157186632"
"chr4","173744234","173744521","JH378111","10798818","10799104","46","162945416"
"chr4","173856379","173856668","JH378114","42118001","42118296","46","131738378"
"chr4","173865493","173865795","JH378153","14175225","14175527","43","159690268"
"chr4","173898263","173898570","JH378135","20346174","20346477","41","153552089"
"chr4","173899489","173899775","JH378148","17296294","17296584","45","156603195"
"chr4","173899781","173900085","JH378235","3957900","3958200","51","169941881"
"chr4","173916150","173916269","JH378112","14913112","14913229","9","159003038"
"chr4","173933800","173934081","JH378129","3665354","3665633","54","170268446"
"chr4","173964157","173964331","JH378130","169328","169505","35","173794829"
"chr4","173982300","173982467","JH378113","21327818","21327983","37","152654482"
"chr4","173982495","173982613","JH378106","10012250","10012370","12","163970245"
"chr4","174000989","174001278","JH378110","21383801","21384099","49","152617188"
"chr4","174017896","174018200","JH378148","16955481","16955786","45","157062415"
"chr4","174034419","174034713","JH378135","2042783","2043077","61","171991636"
"chr4","174039956","174040254","JH378141","15518519","15518815","40","158521437"
"chr4","174051941","174052228","JH378140","4991556","4991842","38","169060385"
"chr4","174052935","174053239","JH378156","6145502","6145809","45","167907433"
"chr4","174067673","174067967","JH378115","6816410","6816692","64","167251263"
"chr4","174084973","174085273","JH378137","12255201","12255493","41","161829772"
"chr4","174092463","174092776","JH378156","10837845","10838152","47","163254618"
"chr4","174098186","174098510","JH378284","371461","371790","49","173726725"
"chr4","174115556","174115850","JH378123","5667081","5667374","44","168448475"
"chr4","174150182","174150489","JH378257","2994774","2995081","47","171155408"
"chr4","174155247","174155555","JH378110","31358400","31358705","39","142796847"
"chr4","174169135","174169439","JH378137","12255201","12255493","41","161913934"
"chr4","174246479","174246787","JH378105","64694145","64694448","53","109552334"
"chr4","174251920","174252219","JH378253","2462410","2462708","46","171789510"
"chr4","174253348","174253658","JH378133","19850966","19851274","60","154402382"
"chr4","174260684","174260978","JH378153","2856479","2856773","49","171404205"
"chr4","174276283","174276533","JH378248","541773","542023","41","173734510"
"chr4","174324577","174324847","JH378246","3647232","3647503","45","170677345"
"chr4","174344322","174344649","JH378108","17927647","17927956","66","156416675"
"chr4","174345350","174345648","JH378148","3195871","3196169","34","171149479"
"chr4","174349700","174349993","JH378142","572127","572421","40","173777573"
"chr4","174364438","174364739","JH378279","2532931","2533234","29","171831507"
"chr4","174473760","174474072","JH378135","2445392","2445695","45","172028368"
"chr4","174510672","174510965","JH378211","3456083","3456377","50","171054589"
"chr4","174579940","174580243","JH378211","3514409","3514719","42","171065531"
"chr4","174584210","174584521","JH378154","13561581","13561891","39","161022629"
"chr4","174747424","174747553","JH378153","1362023","1362145","21","173385401"
"chr4","174769040","174769328","JH378174","7575179","7575467","38","167193861"
"chr4","174942295","174942589","JH378129","10311891","10312185","55","164630404"
"chr4","175171626","175171862","JH378118","11979639","11979865","45","163191987"
"chr4","175251897","175252192","JH378234","525176","525457","57","174726721"
"chr4","175267406","175267710","JH378224","2515142","2515446","41","172752264"
"chr4","175276840","175277126","JH378272","312945","313224","60","174963895"
"chr4","175284933","175285163","JH378206","2238513","2238737","46","173046420"
"chr4","175485751","175486053","JH378126","782415","782718","39","174703336"
"chr4","175512938","175513209","JH378113","22006241","22006515","38","153506697"
"chr4","175575070","175575365","JH378136","14197951","14198240","52","161377119"
"chr4","175617914","175618195","JH378238","4822206","4822489","41","170795708"
"chr4","175676649","175676764","JH378148","7057802","7057916","18","168618847"
"chr4","175764112","175764417","JH378140","6180514","6180816","47","169583598"
"chr4","175893061","175893221","JH378110","32538099","32538262","33","143354962"
"chr4","175893247","175893372","JH378117","28674853","28674976","18","147218394"
"chr4","175913663","175913959","JH378137","1542358","1542638","66","174371305"
"chr4","175941725","175942034","JH378133","19850966","19851274","51","156090759"
"chr4","176014164","176014475","JH378114","6331983","6332282","44","169682181"
"chr4","176094922","176095241","JH378211","4962239","4962522","57","171132683"
"chr4","176116263","176116536","JH378198","4413303","4413578","44","171702960"
"chr4","176140503","176140801","JH378105","58905214","58905519","55","117235289"
"chr4","176203726","176204021","JH378152","13742000","13742297","51","162461726"
"chr4","176205287","176205402","JH378217","100735","100849","14","176104552"
"chr4","176381107","176381417","JH378248","3387134","3387441","40","172993973"
"chr4","176414543","176414829","JH378112","12605686","12605972","41","163808857"
"chr4","176432367","176432671","JH378148","13262362","13262662","55","163170005"
"chr4","176434072","176434375","JH378220","4191731","4192037","41","172242341"
"chr4","176538327","176538606","JH378167","12000001","12000282","40","164538326"
"chr4","176544080","176544366","JH378119","24013020","24013303","44","152531060"
"chr4","176897310","176897610","JH378148","5678256","5678554","38","171219054"
"chr4","177081718","177081808","JH378166","270641","270731","13","176811077"
"chr4","177161983","177162257","JH378211","5834209","5834490","48","171327774"
"chr4","177167843","177168134","JH378137","3046373","3046667","39","174121470"
"chr4","177212739","177213042","JH378128","24546950","24547249","53","152665789"
"chr4","177258941","177259236","JH378211","5932257","5932548","46","171326684"
"chr4","177287522","177287817","JH378125","7397444","7397737","50","169890078"
"chr4","177300405","177300711","JH378173","10651343","10651645","51","166649062"
"chr4","177315153","177315258","JH378267","301562","301670","9","177013591"
"chr4","177457366","177457681","JH378105","55449636","55449940","51","122007730"
"chr4","177478832","177478982","JH378188","9718767","9718915","16","167760065"
"chr4","177513528","177513841","JH378129","10512559","10512869","51","167000969"
"chr4","177554643","177554940","JH378141","9524229","9524528","45","168030414"
"chr4","177590188","177590496","JH378254","2748165","2748472","42","174842023"
"chr4","177613563","177613864","JH378242","734891","735189","33","176878672"
"chr4","177642400","177642705","JH378142","1173704","1174003","43","176468696"
"chr4","177796824","177797098","JH378189","177130","177409","43","177619694"
"chr4","177808485","177808755","JH378105","43820159","43820426","47","133988326"
"chr4","177817769","177818080","JH378151","14190592","14190902","44","163627177"
"chr4","177839849","177840140","JH378122","7809799","7810085","41","170030050"
"chr4","177842170","177842481","JH378288","2552639","2552947","46","175289531"
"chr4","177874993","177875292","JH378290","1449167","1449465","36","176425826"
"chr4","177927855","177928118","JH378189","9086731","9086991","50","168841124"
"chr4","177949609","177949906","JH378242","734891","735189","37","177214718"
"chr4","178030843","178031149","JH378151","15568006","15568306","41","162462837"
"chr4","178112540","178112781","JH378211","6784390","6784637","41","171328150"
"chr4","178148322","178148629","JH378120","18067329","18067633","44","160080993"
"chr4","178207652","178207938","JH378122","7809799","7810085","43","170397853"
"chr4","178357523","178357825","JH378149","10998601","10998897","51","167358922"
"chr4","178391109","178391419","JH378249","4386977","4387290","55","174004132"
"chr4","178457785","178458064","JH378139","17086414","17086694","51","161371371"
"chr4","178458084","178458382","JH378308","686068","686367","50","177772016"
"chr4","178474597","178474890","JH378161","359093","359388","49","178115504"
"chr4","178537037","178537328","JH378105","5141056","5141353","47","173395981"
"chr4","178549756","178550047","JH378111","8498303","8498600","42","170051453"
"chr4","178624122","178624417","JH378185","974271","974564","44","177649851"
"chr4","178729599","178729892","JH378148","16271022","16271321","43","162458577"
"chr4","178777106","178777407","JH378138","1479710","1480009","49","177297396"
"chr4","178887186","178887474","JH378111","43268192","43268483","37","135618994"
"chr4","178946248","178946544","JH378141","14454762","14455052","44","164491486"
"chr4","178970884","178970990","JH378185","5671574","5671679","10","173299310"
"chr4","179019230","179019525","JH378165","14035322","14035616","38","164983908"
"chr4","179077034","179077288","JH378139","16945237","16945485","47","162131797"
"chr4","179090012","179090327","JH378124","22709447","22709750","52","156380565"
"chr4","179162485","179162772","JH378124","6001393","6001683","56","173161092"
"chr4","179169890","179170188","JH378119","13478581","13478885","43","165691309"
"chr4","179259829","179260113","JH378115","27984418","27984698","44","151275411"
"chr4","179268048","179268334","JH378171","5901188","5901476","40","173366860"
"chr4","179289823","179290128","JH378165","13742812","13743119","38","165547011"
"chr4","179529889","179530184","JH378114","41522840","41523134","50","138007049"
"chr4","179576617","179576913","JH378220","4350061","4350357","34","175226556"
"chr4","179644574","179644868","JH378120","3464324","3464618","51","176180250"
"chr4","179649315","179649604","JH378107","8700595","8700886","39","170948720"
"chr4","179677273","179677548","JH378201","3603656","3603931","41","176073617"
"chr4","179752379","179752654","JH378107","27218012","27218283","55","152534367"
"chr4","179757563","179757875","JH378140","15256022","15256323","55","164501541"
"chr4","179806498","179806799","JH378105","55449636","55449940","41","124356862"
"chr4","179862711","179862826","JH378131","827823","827936","15","179034888"
"chr4","179871449","179871697","JH378108","44604172","44604416","34","135267277"
"chr4","179914761","179915042","JH378189","719706","719987","41","179195055"
"chr4","179916249","179916530","JH378288","1300895","1301180","40","178615354"
"chr4","179966814","179967135","JH378105","54610411","54610729","58","125356403"
"chr4","179987053","179987339","JH378198","1639176","1639469","44","178347877"
"chr4","180026283","180026589","JH378173","6914461","6914770","54","173111822"
"chr4","180043247","180043556","JH378118","20140583","20140886","58","159902664"
"chr4","180063481","180063769","JH378118","11558432","11558720","41","168505049"
"chr4","180072179","180072488","JH378105","12770941","12771250","35","167301238"
"chr4","180129876","180130152","JH378189","177130","177409","37","179952746"
"chr4","180153318","180153588","JH378188","7478623","7478894","50","172674695"
"chr4","180176945","180177246","JH378115","35437828","35438128","54","144739117"
"chr4","180219483","180219651","JH378158","8843270","8843438","29","171376213"
"chr4","180246844","180247152","JH378114","5834952","5835255","39","174411892"
"chr4","180292003","180292297","JH378110","7850107","7850410","51","172441896"
"chr4","180341334","180341638","JH378262","1936694","1936996","39","178404640"
"chr4","180353337","180353638","JH378151","4578678","4578981","44","175774659"
"chr4","180391734","180392014","JH378243","2589490","2589772","60","177802244"
"chr4","180479310","180479595","JH378117","4331409","4331694","47","176147901"
"chr4","180545120","180545415","JH378177","10173752","10174049","39","170371368"
"chr4","180558690","180558959","JH378165","12679716","12679983","29","167878974"
"chr4","180616371","180616682","JH378110","2986481","2986792","39","177629890"
"chr4","180627974","180628243","JH378121","27274654","27274926","42","153353320"
"chr4","180640943","180641238","JH378226","6485812","6486107","48","174155131"
"chr4","180658794","180659099","JH378148","16955481","16955786","50","163703313"
"chr4","180664258","180664565","JH378149","15144631","15144934","47","165519627"
"chr4","180667210","180667508","JH378193","6878802","6879097","40","173788408"
"chr4","180771446","180771743","JH378244","3986597","3986895","42","176784849"
"chr4","180848796","180849082","JH378186","9024073","9024367","47","171824723"
"chr4","180934443","180934755","JH378165","12328986","12329297","38","168605457"
"chr4","181053754","181054066","JH378110","29243294","29243603","59","151810460"
"chr4","181099598","181099888","JH378165","12154893","12155181","44","168944705"
"chr4","181103861","181104160","JH378117","3610108","3610399","50","177493753"
"chr4","181136874","181137193","JH378193","2291860","2292169","45","178845014"
"chr4","181246366","181246672","JH378204","2944193","2944488","49","178302173"
"chr4","181265166","181265473","JH378167","11780976","11781284","41","169484190"
"chr4","181295420","181295732","JH378105","55574476","55574778","45","125720944"
"chr4","181309409","181309630","JH378165","11952386","11952607","29","169357023"
"chr4","181387747","181388019","JH378153","287713","287991","43","181100034"
"chr4","181515686","181515950","JH378137","8077566","8077832","32","173438120"
"chr4","181523396","181523684","JH378129","22483649","22483934","39","159039747"
"chr4","181559569","181559870","JH378107","51667756","51668056","38","129891813"
"chr4","181585102","181585409","JH378106","69752564","69752871","42","111832538"
"chr4","181627110","181627369","JH378291","2697790","2698045","46","178929320"
"chr4","181651869","181652155","JH378142","18497200","18497482","38","163154669"
"chr4","181677441","181677760","JH378291","1305578","1305884","50","180371863"
"chr4","181706210","181706505","JH378198","6643049","6643347","47","175063161"
"chr4","181715491","181715778","JH378204","3222855","3223147","53","178492636"
"chr4","181726495","181726787","JH378106","67018280","67018576","44","114708215"
"chr4","181782621","181782921","JH378146","17108577","17108876","41","164674044"
"chr4","181823144","181823466","JH378134","18476109","18476404","69","163347035"
"chr4","181831472","181831758","JH378114","41996207","41996493","35","139835265"
"chr4","181838754","181839075","JH378158","8078840","8079156","44","173759914"
"chr4","181851186","181851478","JH378203","7885064","7885353","45","173966122"
"chr4","181851624","181851922","JH378130","7309403","7309699","46","174542221"
"chr4","181884831","181885129","JH378121","176748","177050","44","181708083"
"chr4","181889217","181889525","JH378190","4910483","4910794","50","176978734"
"chr4","181897942","181898230","JH378122","7104036","7104320","56","174793906"
"chr4","181988409","181988718","JH378165","11255062","11255372","36","170733347"
"chr4","182018381","182018668","JH378122","7809799","7810085","39","174208582"
"chr4","182019419","182019658","JH378111","15820209","15820460","49","166199210"
"chr4","182085587","182085878","JH378165","11148923","11149199","45","170936664"
"chr4","182094301","182094615","JH378167","10539860","10540171","65","171554441"
"chr4","182244249","182244312","JH378204","5791497","5791562","8","176452752"
"chr4","182254344","182254638","JH378137","13691837","13692130","44","168562507"
"chr4","182336659","182336958","JH378290","1449167","1449465","45","180887492"
"chr4","182398158","182398454","JH378224","1932463","1932761","59","180465695"
"chr4","182534949","182535263","JH378201","7779592","7779904","45","174755357"
"chr4","182586007","182586319","JH378109","32780054","32780365","53","149805953"
"chr4","182789878","182790168","JH378108","51058639","51058929","46","131731239"
"chr4","182793340","182793641","JH378173","9472851","9473151","47","173320489"
"chr4","182850862","182851152","JH378225","5974885","5975173","47","176875977"
"chr4","182882106","182882403","JH378116","14428154","14428454","49","168453952"
"chr4","182972156","182972466","JH378148","12754921","12755229","43","170217235"
"chr4","182980871","182981176","JH378167","5198584","5198889","43","177782287"
"chr4","182996155","182996443","JH378173","11672621","11672901","47","171323534"
"chr4","183142665","183142945","JH378199","3308730","3309019","51","179833935"
"chr4","183147128","183147432","JH378105","17620825","17621134","55","165526303"
"chr4","183166351","183166504","JH378140","10469678","10469823","29","172696673"
"chr4","183177375","183177678","JH378174","9615914","9616218","52","173561461"
"chr4","183257342","183257635","JH378135","15619309","15619595","42","167638033"
"chr4","183263182","183263491","JH378199","949028","949335","44","182314154"
"chr4","183268978","183269227","JH378108","36722089","36722338","34","146546889"
"chr4","183272669","183272977","JH378205","3376097","3376398","47","179896572"
"chr4","183283914","183284208","JH378177","11116369","11116664","41","172167545"
"chr4","183304683","183304994","JH378119","2681409","2681712","64","180623274"
"chr4","183366845","183367134","JH378146","775831","776122","45","182591014"
"chr4","183401912","183402217","JH378290","1006881","1007187","50","182395031"
"chr4","183404508","183404807","JH378110","7881643","7881940","44","175522865"
"chr4","183410970","183411260","JH378115","34769363","34769654","41","148641607"
"chr4","183431213","183431512","JH378108","32912059","32912352","48","150519154"
"chr4","183444724","183445020","JH378116","14428154","14428454","49","169016570"
"chr4","183585086","183585403","JH378139","4872682","4872993","56","178712404"
"chr4","183610486","183610761","JH378146","453293","453569","49","183157193"
"chr4","183628813","183629118","JH378165","9763659","9763966","41","173865154"
"chr4","184057973","184058283","JH378220","4561884","4562177","73","179496089"
"chr4","184069864","184070111","JH378110","40632274","40632529","45","143437590"
"chr4","184082164","184082458","JH378117","28653042","28653341","42","155429122"
"chr4","184189932","184190229","JH378191","967537","967830","51","183222395"
"chr4","184197443","184197564","JH378124","1986105","1986224","17","182211338"
"chr4","184230445","184230750","JH378242","734891","735189","47","183495554"
"chr4","184290850","184291148","JH378221","5874009","5874305","46","178416841"
"chr4","184405205","184405499","JH378191","967537","967830","55","183437668"
"chr4","184429996","184430291","JH378213","4435380","4435669","45","179994616"
"chr4","184560053","184560344","JH378124","6001393","6001683","44","178558660"
"chr4","184683823","184684115","JH378143","910351","910633","80","183773472"
"chr4","184741678","184741994","JH378149","9770546","9770864","62","174971132"
"chr4","184750655","184750953","JH378135","17579540","17579844","48","167171115"
"chr4","184840763","184840935","JH378271","2288630","2288806","37","182552133"
"chr4","184841005","184841126","JH378111","20157961","20158082","18","164683044"
"chr4","184870924","184871222","JH378158","3359829","3360132","40","181511095"
"chr4","184875840","184876145","JH378165","8528958","8529259","49","176346882"
"chr4","184882161","184882473","JH378110","48742657","48742968","47","136139504"
"chr4","184888755","184889008","JH378275","2534431","2534689","50","182354324"
"chr4","184889398","184889708","JH378165","8515150","8515461","46","176374248"
"chr4","184934785","184935069","JH378122","7809799","7810085","36","177124986"
"chr4","184939210","184939520","JH378254","3358185","3358496","45","181581025"
"chr4","184978444","184978748","JH378188","9401785","9402089","43","175576659"
"chr4","184978750","184978853","JH378123","889231","889330","15","184089519"
"chr4","185024250","185024559","JH378105","65397117","65397421","48","119627133"
"chr4","185032067","185032357","JH378128","25390778","25391061","47","159641289"
"chr4","185083370","185083658","JH378140","4991556","4991842","40","180091814"
"chr4","185086497","185086807","JH378173","4731101","4731408","46","180355396"
"chr4","185115063","185115340","JH378144","14698727","14699003","46","170416336"
"chr4","185140301","185140559","JH378110","38831105","38831366","40","146309196"
"chr4","185158202","185158511","JH378137","4045758","4046064","37","181112444"
"chr4","185162936","185163237","JH378163","10576395","10576693","43","174586541"
"chr4","185192181","185192467","JH378153","7232874","7233157","53","177959307"
"chr4","185331790","185332089","JH378195","1511637","1511938","50","183820153"
"chr4","185366792","185367098","JH378148","16955481","16955786","51","168411311"
"chr4","185370667","185370964","JH378107","5795821","5796115","42","179574846"
"chr4","185415095","185415383","JH378157","8047049","8047337","37","177368046"
"chr4","185449418","185449736","JH378108","34547818","34548127","45","150901600"
"chr4","185500082","185500369","JH378167","8017494","8017782","51","177482588"
"chr4","185518896","185519174","JH378167","6098594","6098882","44","179420302"
"chr4","185602900","185603195","JH378226","6485812","6486107","46","179117088"
"chr4","185640263","185640564","JH378152","13332030","13332334","44","172308233"
"chr4","185660924","185661207","JH378271","1015797","1016086","44","184645127"
"chr4","185662964","185663274","JH378118","10693452","10693756","40","174969512"
"chr4","185713361","185713656","JH378140","14147137","14147431","33","171566224"
"chr4","185949357","185949636","JH378142","8334571","8334849","57","177614786"
"chr4","185951561","185951806","JH378110","38257656","38257901","34","147693905"
"chr4","186004817","186005113","JH378226","6485812","6486107","45","179519005"
"chr4","186018786","186019088","JH378242","734891","735189","39","185283895"
"chr4","186067139","186067434","JH378133","10040192","10040484","41","176026947"
"chr4","186250414","186250731","JH378110","2590007","2590314","44","183660407"
"chr4","186279271","186279582","JH378111","41908091","41908395","57","144371180"
"chr4","186307652","186307675","JH378113","38140728","38140753","7","148166924"
"chr4","186307704","186307989","JH378189","719706","719987","49","185587998"
"chr4","186334111","186334393","JH378112","19879719","19880008","54","166454392"
"chr4","186395940","186396247","JH378153","14175225","14175527","40","172220715"
"chr4","186416664","186416976","JH378156","9252745","9253052","42","177163919"
"chr4","186458065","186458357","JH378113","21075394","21075684","40","165382671"
"chr4","186471168","186471476","JH378165","6968179","6968492","52","179502989"
"chr4","186485712","186486017","JH378173","9472851","9473151","43","177012861"
"chr4","186490992","186491277","JH378141","9239081","9239369","46","177251911"
"chr4","186512696","186512957","JH378136","15124482","15124750","49","171388214"
"chr4","186576768","186577051","JH378111","34755846","34756130","38","151820922"
"chr4","186614246","186614507","JH378125","16056763","16057023","46","170557483"
"chr4","186658087","186658396","JH378129","3247646","3247946","43","183410441"
"chr4","186689606","186689891","JH378121","15444791","15445073","46","171244815"
"chr4","186705258","186705553","JH378123","9608291","9608584","42","177096967"
"chr4","186714463","186714759","JH378242","734891","735189","44","185979572"
"chr4","186725256","186725561","JH378119","202457","202756","39","186522799"
"chr4","186883516","186883816","JH378119","360557","360852","41","186522959"
"chr4","186930589","186930881","JH378168","11083864","11084156","40","175846725"
"chr4","186964504","186964797","JH378114","42300955","42301248","39","144663549"
"chr4","186982706","186983014","JH378297","218770","219080","36","186763936"
"chr4","187003154","187003463","JH378262","1936694","1936996","39","185066460"
"chr4","187054371","187054676","JH378106","67271498","67271802","41","119782873"
"chr4","187122166","187122474","JH378116","22378952","22379256","46","164743214"
"chr4","187155022","187155325","JH378204","3129799","3130101","43","184025223"
"chr4","187192136","187192422","JH378132","9372367","9372658","46","177819769"
"chr4","187254795","187254923","JH378113","24184594","24184718","18","163070201"
"chr4","187273078","187273384","JH378108","44664521","44664828","49","142608557"
"chr4","187286265","187286366","JH378317","641451","641551","17","186644814"
"chr4","187290573","187290879","JH378105","12770941","12771250","43","174519632"
"chr4","187410762","187411065","JH378232","4131362","4131658","40","183279400"
"chr4","187418041","187418332","JH378135","858419","858710","44","186559622"
"chr4","187431457","187431699","JH378111","19616837","19617083","35","167814620"
"chr4","187460543","187460843","JH378139","18644890","18645189","44","168815653"
"chr4","187495329","187495620","JH378118","25925701","25925992","42","161569628"
"chr4","187498240","187498544","JH378152","15669130","15669431","40","171829110"
"chr4","187508551","187508825","JH378213","818596","818865","46","186689955"
"chr4","187511199","187511499","JH378111","34735037","34735341","67","152776162"
"chr4","187612697","187612996","JH378165","5836840","5837135","52","181775857"
"chr4","187627973","187628283","JH378108","10430688","10430998","37","177197285"
"chr4","187634671","187634971","JH378123","21695970","21696268","44","165938701"
"chr4","187636061","187636361","JH378262","1936694","1936996","43","185699367"
"chr4","187705749","187706048","JH378154","9003060","9003355","49","178702689"
"chr4","187744439","187744726","JH378242","734891","735189","43","187009548"
"chr4","187753899","187754082","JH378141","2946794","2946974","36","184807105"
"chr4","187788271","187788583","JH378190","730347","730657","43","187057924"
"chr4","187798153","187798455","JH378135","10580024","10580316","42","177218129"
"chr4","187812776","187813083","JH378117","18590051","18590356","42","169222725"
"chr4","187828240","187828545","JH378249","3272268","3272575","46","184555972"
"chr4","187829559","187829867","JH378204","3945411","3945718","49","183884148"
"chr4","187864924","187865218","JH378152","13742000","13742297","37","174122924"
"chr4","187866291","187866581","JH378242","734891","735189","47","187131400"
"chr4","187879131","187879246","JH378255","4053497","4053614","14","183825634"
"chr4","187889381","187889678","JH378152","13742000","13742297","41","174147381"
"chr4","187905724","187906027","JH378114","37107689","37107986","37","150798035"
"chr4","187920283","187920577","JH378136","16138444","16138721","54","171781839"
"chr4","187926008","187926306","JH378290","1449167","1449465","39","186476841"
"chr4","187942652","187942948","JH378138","6648162","6648458","36","181294490"
"chr4","187949133","187949465","JH378121","27528745","27529076","60","160420388"
"chr4","187990296","187990598","JH378242","734891","735189","38","187255405"
"chr4","187995129","187995427","JH378140","16737561","16737856","39","171257568"
"chr4","188000585","188000921","JH378242","961222","961538","66","187039363"
"chr4","188003499","188003792","JH378112","22505753","22506046","42","165497746"
"chr4","188008205","188008498","JH378204","3222855","3223147","36","184785350"
"chr4","188014422","188014702","JH378262","1695586","1695867","43","186318836"
"chr4","188066043","188066207","JH378196","989088","989254","30","187076955"
"chr4","188066516","188066651","JH378271","382335","382469","19","187684181"
"chr4","188073573","188073900","JH378317","690194","690518","74","187383379"
"chr4","188079745","188080035","JH378111","8536548","8536840","42","179543197"
"chr4","188089099","188089388","JH378131","2379402","2379697","45","185709697"
"chr4","188099342","188099648","JH378131","24001673","24001970","61","164097669"
"chr4","188123873","188124175","JH378112","33033903","33034201","49","155089970"
"chr4","188124854","188124975","JH378158","3903194","3903317","18","184221660"
"chr4","188131296","188131427","JH378200","3514102","3514234","16","184617194"
"chr4","188137364","188137673","JH378115","26938492","26938795","52","161198872"
"chr4","188140015","188140328","JH378157","1154304","1154607","54","186985711"
"chr4","188167711","188167962","JH378105","8320364","8320612","43","179847347"
"chr4","188175374","188175509","JH378106","68331756","68331891","16","119843618"
"chr4","188180684","188180981","JH378220","4350061","4350357","48","183830623"
"chr4","188185010","188185310","JH378308","686068","686367","37","187498942"
"chr4","188185996","188186295","JH378149","936787","937080","46","187249209"
"chr4","188219134","188219255","JH378108","52166363","52166483","14","136052771"
"chr4","188236261","188236558","JH378216","4809975","4810272","34","183426286"
"chr4","188239602","188239887","JH378148","3260799","3261087","51","184978803"
"chr4","188412428","188412718","JH378108","53255051","53255349","49","135157377"
"chr4","188426237","188426511","JH378114","6129028","6129306","40","182297209"
"chr4","188446980","188447220","JH378119","19182451","19182696","43","169264529"
"chr4","188470680","188470988","JH378165","4995776","4996077","46","183474904"
"chr4","188523421","188523708","JH378245","872964","873252","39","187650457"
"chr4","188636673","188636983","JH378176","9100046","9100345","44","179536627"
"chr4","188652322","188652604","JH378165","4813608","4813891","47","183838714"
"chr4","188653193","188653480","JH378269","2765021","2765311","33","185888172"
"chr4","188658038","188658339","JH378113","15232832","15233136","36","173425206"
"chr4","188699508","188699644","JH378125","4589691","4589826","12","184109817"
"chr4","188699911","188700072","JH378244","3944142","3944302","28","184755769"
"chr4","188730542","188730851","JH378117","31250987","31251299","48","157479555"
"chr4","188737804","188738126","JH378301","920694","921000","58","187817110"
"chr4","188796369","188796676","JH378118","10693452","10693756","37","178102917"
"chr4","188808133","188808428","JH378342","243194","243483","42","188564939"
"chr4","188811244","188811533","JH378271","1015797","1016086","43","187795447"
"chr4","188986250","188986541","JH378119","23415384","23415673","40","165570866"
"chr4","189021215","189021508","JH378126","23919877","23920166","46","165101338"
"chr4","189051882","189052162","JH378342","72117","72397","41","188979765"
"chr4","189055957","189056241","JH378130","12502533","12502827","51","176553424"
"chr4","189066289","189066591","JH378113","14308366","14308666","42","174757923"
"chr4","189071854","189072171","JH378211","1951298","1951606","48","187120556"
"chr4","189072639","189072943","JH378118","10693452","10693756","56","178379187"
"chr4","189077365","189077660","JH378154","14273514","14273808","40","174803851"
"chr4","189082569","189082878","JH378143","4503874","4504182","38","184578695"
"chr4","189090038","189090323","JH378122","7809799","7810085","38","181280239"
"chr4","189098308","189098606","JH378127","19348533","19348831","44","169749775"
"chr4","189103473","189103770","JH378110","34850075","34850365","35","154253398"
"chr4","189160677","189160965","JH378140","14147137","14147431","36","175013540"
"chr4","189170793","189171081","JH378123","21695970","21696268","44","167474823"
"chr4","189214096","189214392","JH378151","4525393","4525691","49","184688703"
"chr4","189226995","189227291","JH378111","26034614","26034912","45","163192381"
"chr4","189232090","189232360","JH378150","9881364","9881635","36","179350726"
"chr4","189235719","189236021","JH378148","2797982","2798286","33","186437737"
"chr4","189251817","189252126","JH378112","14156547","14156860","40","175095270"
"chr4","189267235","189267535","JH378242","734891","735189","49","188532344"
"chr4","189278362","189278674","JH378264","3336401","3336713","41","185941961"
"chr4","189280532","189280827","JH378308","686068","686367","40","188594464"
"chr4","189324635","189324927","JH378121","20933847","20934138","45","168390788"
"chr4","189364335","189364632","JH378148","5678256","5678554","37","183686079"
"chr4","189367552","189367861","JH378116","22378952","22379256","60","166988600"
"chr4","189371848","189372154","JH378123","6972611","6972911","43","182399237"
"chr4","189381340","189381618","JH378165","4150010","4150287","38","185231330"
"chr4","189384739","189385031","JH378112","12605686","12605972","43","176779053"
"chr4","189393680","189393958","JH378126","1079320","1079599","37","188314360"
"chr4","189414292","189414589","JH378153","14175225","14175527","34","175239067"
"chr4","189423984","189424283","JH378110","47040944","47041243","55","142383040"
"chr4","189446166","189446474","JH378165","4093346","4093661","48","185352820"
"chr4","189451074","189451383","JH378308","686068","686367","46","188765006"
"chr4","189491686","189491935","JH378164","6881616","6881870","36","182610070"
"chr4","189506805","189507144","JH378157","9372263","9372594","58","180134542"
"chr4","189520673","189520973","JH378152","13742000","13742297","40","175778673"
"chr4","189523262","189523544","JH378122","7809799","7810085","36","181713463"
"chr4","189542395","189542661","JH378177","5537274","5537535","57","184005121"
"chr4","189543244","189543545","JH378127","5317720","5318008","42","184225524"
"chr4","189546344","189546656","JH378114","41499633","41499943","38","148046711"
"chr4","189552453","189552574","JH378140","16658489","16658607","27","172893964"
"chr4","189556518","189556814","JH378124","3542355","3542655","49","186014163"
"chr4","189561663","189561972","JH378242","533674","533973","65","189027989"
"chr4","189582393","189582683","JH378220","667156","667455","40","188915237"
"chr4","189585092","189585389","JH378242","734891","735189","49","188850201"
"chr4","189586366","189586658","JH378131","12846124","12846416","44","176740242"
"chr4","189587050","189587353","JH378148","13262362","13262662","40","176324688"
"chr4","189588286","189588567","JH378255","2973523","2973815","50","186614763"
"chr4","189634953","189635234","JH378152","13406305","13406583","36","176228648"
"chr4","189645048","189645343","JH378156","1923711","1924009","43","187721337"
"chr4","189650247","189650542","JH378141","14454762","14455052","34","175195485"
"chr4","189651326","189651605","JH378141","18352018","18352303","46","171299308"
"chr4","189655206","189655414","JH378118","511684","511880","49","189143522"
"chr4","189665291","189665593","JH378177","1443434","1443726","42","188221857"
"chr4","189716607","189716867","JH378117","20760353","20760608","40","168956254"
"chr4","189726543","189726843","JH378115","39565442","39565741","48","150161101"
"chr4","189751822","189752129","JH378105","34333776","34334054","61","155418046"
"chr4","189772455","189772556","JH378156","6067886","6067992","16","183704569"
"chr4","189772672","189772954","JH378165","3790529","3790811","23","185982143"
"chr4","189773707","189774012","JH378115","22456618","22456922","49","167317089"
"chr4","189802461","189802751","JH378123","9831839","9832126","41","179970622"
"chr4","189807568","189807861","JH378221","814918","815209","47","188992650"
"chr4","189833500","189833802","JH378213","6894565","6894865","34","182938935"
"chr4","189864490","189864789","JH378136","12221741","12222036","36","177642749"
"chr4","189866101","189866378","JH378184","394271","394543","50","189471830"
"chr4","189945392","189945681","JH378135","15931802","15932093","40","174013590"
"chr4","190016127","190016426","JH378129","1376219","1376514","44","188639908"
"chr4","190076396","190076679","JH378117","3427458","3427743","41","186648938"
"chr4","190078134","190078440","JH378248","504714","505015","45","189573420"
"chr4","190078466","190078478","JH378105","48290961","48290972","4","141787505"
"chr4","190120667","190120941","JH378105","25937367","25937644","46","164183300"
"chr4","190125528","190125838","JH378135","2445392","2445695","41","187680136"
"chr4","190165760","190166071","JH378119","25830710","25831006","53","164335050"
"chr4","190178574","190178871","JH378184","6004973","6005268","42","184173601"
"chr4","190269123","190269424","JH378139","14171993","14172294","33","176097130"
"chr4","190315082","190315382","JH378165","3236421","3236721","40","187078661"
"chr4","190331256","190331551","JH378138","6648162","6648458","39","183683094"
"chr4","190338575","190338878","JH378135","1618015","1618319","41","188720560"
"chr4","190350143","190350446","JH378262","1936694","1936996","39","188413449"
"chr4","190351612","190351916","JH378196","6910302","6910603","34","183441310"
"chr4","190363781","190364084","JH378119","2681409","2681712","54","187682372"
"chr4","190422393","190422458","JH378204","5791497","5791562","8","184630896"
"chr4","190438659","190438944","JH378268","2914954","2915237","38","187523705"
"chr4","190463473","190463789","JH378207","7231848","7232157","48","183231625"
"chr4","190508654","190508944","JH378129","14524850","14525142","37","175983804"
"chr4","190521048","190521324","JH378125","6029781","6030054","43","184491267"
"chr4","190631586","190631882","JH378140","6180514","6180816","37","184451072"
"chr4","190664999","190665279","JH378149","15672256","15672534","38","174992743"
"chr4","190700538","190700710","JH378267","358566","358737","30","190341972"
"chr4","190700739","190700857","JH378238","5084371","5084491","14","185616368"
"chr4","190729494","190729639","JH378141","7661361","7661504","23","183068133"
"chr4","190784260","190784542","JH378165","2879834","2880100","43","187904426"
"chr4","190838756","190839046","JH378193","2158258","2158555","42","188680498"
"chr4","191004051","191004339","JH378189","8992244","8992548","50","182011807"
"chr4","191061082","191061374","JH378122","7809799","7810085","51","183251283"
"chr4","191078108","191078409","JH378170","1616807","1617104","38","189461301"
"chr4","191124910","191125220","JH378293","1040657","1040959","39","190084253"
"chr4","191181793","191182086","JH378165","2553709","2554002","43","188628084"
"chr4","191182956","191183246","JH378188","9653970","9654259","36","181528986"
"chr4","191232460","191232750","JH378141","13306055","13306336","38","177926405"
"chr4","191279296","191279603","JH378117","37732677","37732982","48","153546619"
"chr4","191291689","191291981","JH378118","11558432","11558720","40","179733257"
"chr4","191306645","191306954","JH378133","19850966","19851274","43","171455679"
"chr4","191387705","191388010","JH378199","462835","463143","59","190924870"
"chr4","191418802","191419113","JH378148","16955481","16955786","39","174463321"
"chr4","191419207","191419508","JH378117","23693197","23693497","40","167726010"
"chr4","191443546","191443667","JH378108","52166363","52166483","17","139277183"
"chr4","191516879","191517148","JH378113","36409400","36409672","43","155107479"
"chr4","191566488","191566776","JH378124","6152593","6152882","43","185413895"
"chr4","191790202","191790438","JH378165","986020","986257","41","190804182"
"chr4","191913502","191913787","JH378112","12605686","12605972","35","179307816"
"chr4","192003620","192003920","JH378156","9252745","9253052","45","182750875"
"chr4","192026015","192026300","JH378123","9831839","9832126","42","182194176"
"chr4","192185691","192185995","JH378181","10039712","10040006","56","182145979"
"chr4","192286365","192286623","JH378112","32952210","32952469","42","159334155"
"chr4","192299933","192300219","JH378166","8279452","8279742","38","184020481"
"chr4","192327542","192327851","JH378162","7281183","7281482","49","185046359"
"chr4","192350655","192350955","JH378116","25790477","25790774","39","166560178"
"chr4","192372971","192373228","JH378273","361264","361529","44","192011707"
"chr4","192375462","192375770","JH378140","15378059","15378364","48","176997403"
"chr4","192391523","192391816","JH378177","10173752","10174049","40","182217771"
"chr4","192401330","192401624","JH378152","10890147","10890438","41","181511183"
"chr4","192416398","192416705","JH378288","2552639","2552947","44","189863759"
"chr4","192437052","192437339","JH378141","10158367","10158665","49","182278685"
"chr4","192440197","192440504","JH378165","1379324","1379630","42","191060873"
"chr4","192447916","192448216","JH378226","6485812","6486107","39","185962104"
"chr4","192455718","192455952","JH378297","443045","443280","34","192012673"
"chr4","192466418","192466706","JH378112","12605686","12605972","48","179860732"
"chr4","192473316","192473628","JH378119","28424643","28424944","64","164048673"
"chr4","192478498","192478805","JH378204","3129799","3130101","49","189348699"
"chr4","192481293","192481652","JH378221","5878235","5878586","90","186603058"
"chr4","192493855","192494188","JH378114","23389507","23389792","85","169104348"
"chr4","192503494","192503697","JH378141","9025886","9026091","35","183477608"
"chr4","192514086","192514375","JH378200","261439","261727","46","192252647"
"chr4","192560719","192561020","JH378121","20570827","20571122","45","171989892"
"chr4","192591840","192592120","JH378189","719706","719987","48","191872134"
"chr4","192611760","192612050","JH378255","3171665","3171954","39","189440095"
"chr4","192637549","192637787","JH378122","5341619","5341861","42","187295930"
"chr4","192679154","192679291","JH378158","4607371","4607505","13","188071783"
"chr4","192712370","192712691","JH378108","33252872","33253179","63","159459498"
"chr4","192737554","192737863","JH378224","2515142","2515446","46","190222412"
"chr4","192765672","192765983","JH378291","1305578","1305884","44","191460094"
"chr4","192801327","192801621","JH378107","8700595","8700886","61","184100732"
"chr4","192864234","192864538","JH378110","19827299","19827595","42","173036935"
"chr4","192907518","192907812","JH378143","8639762","8640057","31","184267756"
"chr4","192924528","192924809","JH378179","7821109","7821392","46","185103419"
"chr4","192996865","192997171","JH378135","10051376","10051674","51","182945489"
"chr4","193048909","193049190","JH378281","677057","677335","48","192371852"
"chr4","193208339","193208650","JH378112","30721676","30721989","47","162486663"
"chr4","193219348","193219644","JH378135","3487580","3487886","40","189731768"
"chr4","193231071","193231358","JH378124","5120680","5120962","48","188110391"
"chr4","193240159","193240467","JH378105","58654423","58654726","45","134585736"
"chr4","193317245","193317529","JH378114","19860438","19860722","43","173456807"
"chr4","193322756","193323060","JH378117","217556","217855","55","193105200"
"chr4","193337040","193337334","JH378169","1214786","1215082","55","192122254"
"chr4","193346438","193346729","JH378139","8066225","8066520","54","185280213"
"chr4","193553619","193553925","JH378111","8712659","8712969","51","184840960"
"chr4","193732631","193732907","JH378197","5558331","5558611","54","188174300"
"chr4","193740662","193740959","JH378216","2499104","2499400","44","191241558"
"chr4","195001530","195001823","JH378228","2015002","2015296","48","192986528"
"chr4","195106046","195106326","JH378127","3740159","3740448","48","191365887"
"chr4","195149408","195149705","JH378106","58885987","58886281","43","136263421"
"chr4","195187361","195187635","JH378113","24898313","24898596","45","170289048"
"chr4","195285863","195286159","JH378127","23469237","23469532","43","171816626"
"chr4","195424381","195424679","JH378118","28635452","28635743","55","166788929"
"chr4","195712992","195713273","JH378126","14604295","14604576","47","181108697"
"chr5","174063592","174063868","JH378111","37233117","37233391","38","136830475"
"chr5","31194859","31195169","JH378167","3626557","3626863","48","27568302"
"chr5","31588292","31588571","JH378106","25520842","25521121","43","6067450"
"chr5","42335995","42336287","JH378232","3604210","3604501","44","38731785"
"chr5","56753983","56754294","JH378108","44664521","44664828","42","12089462"
"chr5","151519196","151519498","JH378235","3957900","3958200","36","147561296"
"chr5","155713299","155713588","JH378141","14454762","14455052","42","141258537"
"chr5","277329","277635","JH378155","16392149","16392457","36","16114820"
"chr5","366705","367015","JH378127","8678980","8679280","41","8312275"
"chr5","375013","375321","JH378107","18459762","18460063","53","18084749"
"chr5","391502","391802","JH378117","33050836","33051141","42","32659334"
"chr5","443636","443938","JH378127","19235627","19235939","49","18791991"
"chr5","459100","459388","JH378105","59455903","59456191","42","58996803"
"chr5","465640","465941","JH378153","14175225","14175527","41","13709585"
"chr5","525134","525435","JH378120","4438901","4439206","43","3913767"
"chr5","548791","549084","JH378141","15518519","15518815","38","14969728"
"chr5","571894","572205","JH378155","1653878","1654188","41","1081984"
"chr5","593103","593388","JH378177","1170014","1170294","33","576911"
"chr5","604802","605084","JH378137","3604675","3604963","47","2999873"
"chr5","620935","621224","JH378135","15619309","15619595","46","14998374"
"chr5","677008","677306","JH378117","6076538","6076831","33","5399530"
"chr5","726647","726919","JH378167","817622","817892","35","90975"
"chr5","1049051","1049372","JH378166","2518418","2518731","58","1469367"
"chr5","1094246","1094522","JH378149","13515768","13516052","42","12421522"
"chr5","1173196","1173488","JH378112","35581034","35581316","49","34407838"
"chr5","1201026","1201327","JH378134","18193314","18193616","42","16992288"
"chr5","1267552","1267862","JH378155","15389542","15389847","42","14121990"
"chr5","1310184","1310480","JH378151","15568006","15568306","45","14257822"
"chr5","1351858","1352153","JH378111","26034614","26034912","38","24682756"
"chr5","1353582","1353891","JH378155","1653878","1654188","47","300296"
"chr5","1356436","1356722","JH378137","7900923","7901205","52","6544487"
"chr5","1378943","1379249","JH378235","3957900","3958200","49","2578957"
"chr5","1405237","1405515","JH378105","8188767","8189049","50","6783530"
"chr5","1421936","1422226","JH378144","13429319","13429607","50","12007383"
"chr5","1427046","1427314","JH378108","33546314","33546586","45","32119268"
"chr5","1498695","1499007","JH378166","9428708","9429013","43","7930013"
"chr5","1818617","1818926","JH378148","3064946","3065247","49","1246329"
"chr5","1827587","1827897","JH378113","15232832","15233136","57","13405245"
"chr5","1838634","1838921","JH378141","14454762","14455052","38","12616128"
"chr5","1957779","1958079","JH378122","9835188","9835489","44","7877409"
"chr5","1993319","1993619","JH378249","721031","721325","39","1272288"
"chr5","2020269","2020570","JH378122","7400305","7400610","42","5380036"
"chr5","2084548","2084835","JH378112","12605686","12605972","44","10521138"
"chr5","2089670","2089965","JH378253","1812488","1812781","37","277182"
"chr5","2134413","2134720","JH378105","60492019","60492332","67","58357606"
"chr5","2148030","2148275","JH378141","13953284","13953537","51","11805254"
"chr5","2421394","2421684","JH378115","16549844","16550133","45","14128450"
"chr5","2445483","2445774","JH378263","527323","527616","47","1918160"
"chr5","2446059","2446218","JH378155","3890651","3890811","32","1444592"
"chr5","2446262","2446377","JH378125","463999","464113","11","1982263"
"chr5","2464316","2464609","JH378137","12255201","12255493","40","9790885"
"chr5","2548763","2549064","JH378118","10693452","10693756","42","8144689"
"chr5","2656305","2656593","JH378119","13144406","13144696","42","10488101"
"chr5","2715164","2715462","JH378184","9178002","9178295","50","6462838"
"chr5","2750398","2750721","JH378217","5994423","5994749","58","3244025"
"chr5","2825775","2826067","JH378142","2555504","2555793","44","270271"
"chr5","2887413","2887718","JH378164","2004499","2004803","47","882914"
"chr5","2898104","2898380","JH378279","1666661","1666937","41","1231443"
"chr5","2999552","2999862","JH378105","17620825","17621134","44","14621273"
"chr5","3129463","3129774","JH378142","5019596","5019909","48","1890133"
"chr5","3183746","3184046","JH378106","69562637","69562935","53","66378891"
"chr5","3375472","3375775","JH378235","3957900","3958200","44","582428"
"chr5","3404939","3405233","JH378191","967537","967830","41","2437402"
"chr5","3447290","3447591","JH378119","360557","360852","48","3086733"
"chr5","3483408","3483674","JH378300","201813","202087","48","3281595"
"chr5","3625546","3625851","JH378151","6150117","6150421","52","2524571"
"chr5","3652917","3653207","JH378127","4308793","4309081","42","655876"
"chr5","3736902","3737187","JH378129","14524850","14525142","53","10787948"
"chr5","3767270","3767585","JH378115","19583909","19584219","75","15816639"
"chr5","3799467","3799747","JH378227","2447913","2448199","54","1351554"
"chr5","3951119","3951344","JH378124","2039486","2039714","39","1911633"
"chr5","3958106","3958410","JH378131","1383377","1383686","37","2574729"
"chr5","3970859","3971152","JH378109","20783431","20783710","71","16812572"
"chr5","3983419","3983697","JH378111","43268192","43268483","51","39284773"
"chr5","4090133","4090419","JH378148","2011019","2011312","45","2079114"
"chr5","4112636","4112947","JH378206","1446672","1446986","37","2665964"
"chr5","4114709","4115021","JH378157","1277342","1277653","44","2837367"
"chr5","4127235","4127544","JH378117","9425420","9425726","52","5298185"
"chr5","4190042","4190341","JH378255","1058410","1058705","48","3131632"
"chr5","4253400","4253695","JH378303","640954","641256","53","3612446"
"chr5","4303691","4303946","JH378135","17984712","17984976","50","13681021"
"chr5","4663947","4664213","JH378214","1695021","1695293","72","2968926"
"chr5","4710810","4711092","JH378150","243318","243602","39","4467492"
"chr5","5098780","5099071","JH378137","19960365","19960651","73","14861585"
"chr5","5099121","5099417","JH378154","13847716","13848012","37","8748595"
"chr5","5100942","5101234","JH378141","15242660","15242959","40","10141718"
"chr5","5216027","5216341","JH378140","16572055","16572366","45","11356028"
"chr5","5223917","5224248","JH378121","27528745","27529076","74","22304828"
"chr5","5282544","5282829","JH378216","1307384","1307680","64","3975160"
"chr5","5319120","5319395","JH378155","11367980","11368257","39","6048860"
"chr5","5423550","5423873","JH378139","3255687","3256005","51","2167863"
"chr5","5458620","5458927","JH378167","4158411","4158718","53","1300209"
"chr5","5518353","5518657","JH378114","20958944","20959246","47","15440591"
"chr5","5519855","5520103","JH378149","8432695","8432955","61","2912840"
"chr5","5565443","5565703","JH378193","4014076","4014341","52","1551367"
"chr5","5745386","5745694","JH378125","16142551","16142856","46","10397165"
"chr5","5770267","5770574","JH378116","34931706","34931994","59","29161439"
"chr5","5785049","5785330","JH378122","7809799","7810085","35","2024750"
"chr5","5792254","5792555","JH378130","1568570","1568862","45","4223684"
"chr5","5985142","5985415","JH378106","70938867","70939144","51","64953725"
"chr5","6015015","6015310","JH378134","6156661","6156953","55","141646"
"chr5","6067870","6068165","JH378176","5060132","5060429","41","1007738"
"chr5","6146101","6146400","JH378173","6575149","6575450","39","429048"
"chr5","6166445","6166748","JH378146","4677820","4678116","53","1488625"
"chr5","6192208","6192506","JH378288","1815155","1815455","43","4377053"
"chr5","6275881","6276178","JH378110","7881643","7881940","30","1605762"
"chr5","6316614","6316919","JH378242","734891","735189","41","5581723"
"chr5","6323753","6324046","JH378118","35757889","35758173","44","29434136"
"chr5","6326476","6326768","JH378118","1645651","1645948","40","4680825"
"chr5","6336518","6336816","JH378157","12870367","12870663","36","6533849"
"chr5","6352499","6352583","JH378155","10292166","10292250","11","3939667"
"chr5","6431921","6432210","JH378161","597965","598253","38","5833956"
"chr5","6434829","6435126","JH378110","31525138","31525430","43","25090309"
"chr5","6436209","6436483","JH378155","2506721","2506992","30","3929488"
"chr5","6444055","6444366","JH378127","16083164","16083457","55","9639109"
"chr5","6483262","6483566","JH378107","529179","529482","39","5954083"
"chr5","6535168","6535466","JH378257","745446","745747","49","5789722"
"chr5","6588009","6588302","JH378142","2765405","2765702","40","3822604"
"chr5","6666967","6667273","JH378153","3909962","3910272","38","2757005"
"chr5","6704298","6704578","JH378189","719706","719987","44","5984592"
"chr5","6749280","6749569","JH378177","10638333","10638621","44","3889053"
"chr5","6791599","6791891","JH378167","11202084","11202374","43","4410485"
"chr5","6796237","6796530","JH378261","2826006","2826292","44","3970231"
"chr5","6813193","6813504","JH378153","14175225","14175527","53","7362032"
"chr5","6894793","6895067","JH378155","9732713","9732990","34","2837920"
"chr5","6898075","6898364","JH378183","7324861","7325152","50","426786"
"chr5","6904130","6904415","JH378173","10880896","10881187","49","3976766"
"chr5","6906283","6906578","JH378112","32590536","32590832","47","25684253"
"chr5","7042495","7042794","JH378116","25336894","25337191","42","18294399"
"chr5","7060574","7060865","JH378108","30678485","30678775","46","23617911"
"chr5","7201587","7201895","JH378158","4130633","4130943","42","3070954"
"chr5","7238224","7238357","JH378107","55895704","55895839","13","48657480"
"chr5","7275458","7275760","JH378125","23471973","23472284","49","16196515"
"chr5","7458162","7458274","JH378118","24973199","24973312","15","17515037"
"chr5","7492931","7493224","JH378116","35657815","35658107","46","28164884"
"chr5","7657275","7657562","JH378116","23784419","23784710","50","16127144"
"chr5","7711107","7711398","JH378106","14024896","14025185","37","6313789"
"chr5","7756227","7756515","JH378135","1661661","1661952","53","6094566"
"chr5","7821545","7821683","JH378119","14399663","14399793","20","6578118"
"chr5","7821711","7821879","JH378137","19323143","19323313","34","11501432"
"chr5","7936335","7936646","JH378156","10837845","10838152","49","2901510"
"chr5","7953406","7953703","JH378105","4849561","4849858","61","3103845"
"chr5","7966704","7967032","JH378111","37233117","37233391","82","29266413"
"chr5","7980802","7981090","JH378122","7104036","7104320","37","876766"
"chr5","7995131","7995384","JH378155","8795282","8795530","47","800151"
"chr5","8138827","8138841","JH378196","2334629","2334642","4","5804198"
"chr5","8138879","8139168","JH378219","2299436","2299724","38","5839443"
"chr5","8185555","8185636","JH378312","1053710","1053791","11","7131845"
"chr5","8196372","8196639","JH378132","10558093","10558374","48","2361721"
"chr5","8290214","8290238","JH378196","2334629","2334642","11","5955585"
"chr5","8290291","8290577","JH378124","6001393","6001683","56","2288898"
"chr5","8318378","8318690","JH378279","2721095","2721404","48","5597283"
"chr5","8362539","8362850","JH378156","6640727","6641043","45","1721812"
"chr5","8414588","8414899","JH378123","605913","606227","57","7808675"
"chr5","8549448","8549743","JH378155","8175191","8175484","39","374257"
"chr5","8709262","8709570","JH378127","11398004","11398313","45","2688742"
"chr5","8720009","8720299","JH378186","3370043","3370330","51","5349966"
"chr5","8790414","8790497","JH378122","28965545","28965626","10","20175131"
"chr5","8834907","8835187","JH378170","4979102","4979388","54","3855805"
"chr5","8907231","8907520","JH378273","688413","688708","51","8218818"
"chr5","8912105","8912397","JH378146","775831","776122","43","8136274"
"chr5","9191364","9191663","JH378207","5576778","5577080","45","3614586"
"chr5","9229588","9229863","JH378167","12000001","12000282","45","2770413"
"chr5","9274389","9274674","JH378300","61533","61817","53","9212856"
"chr5","9284492","9284778","JH378110","35298078","35298371","44","26013586"
"chr5","9285458","9285747","JH378113","20026027","20026318","42","10740569"
"chr5","9607430","9607741","JH378321","392603","392910","45","9214827"
"chr5","9647655","9647960","JH378247","561987","562291","34","9085668"
"chr5","9662839","9663138","JH378145","10500061","10500358","36","837222"
"chr5","9822243","9822539","JH378117","28380219","28380513","40","18557976"
"chr5","9933791","9934082","JH378105","55752907","55753203","45","45819116"
"chr5","9957225","9957535","JH378124","5078825","5079136","53","4878400"
"chr5","10030162","10030464","JH378294","668279","668579","47","9361883"
"chr5","10060112","10060424","JH378269","2798798","2799107","42","7261314"
"chr5","10081575","10081826","JH378139","16945237","16945485","44","6863662"
"chr5","10082256","10082578","JH378195","1511637","1511938","65","8570619"
"chr5","10243130","10243422","JH378155","6487668","6487961","26","3755462"
"chr5","10288555","10288860","JH378188","9061292","9061593","55","1227263"
"chr5","10367613","10367907","JH378288","629003","629310","48","9738610"
"chr5","10402938","10403176","JH378264","1518635","1518876","59","8884303"
"chr5","10420403","10420725","JH378135","16046002","16046306","54","5625599"
"chr5","10442685","10442992","JH378262","1936694","1936996","43","8505991"
"chr5","10453319","10453608","JH378198","1639176","1639469","29","8814143"
"chr5","10457274","10457553","JH378113","6061034","6061315","47","4396240"
"chr5","10461452","10461765","JH378153","2201355","2201655","53","8260097"
"chr5","10470633","10470925","JH378115","34769363","34769654","43","24298730"
"chr5","10476091","10476321","JH378157","1726188","1726408","44","8749903"
"chr5","10482051","10482361","JH378113","15232832","15233136","44","4750781"
"chr5","10489300","10489612","JH378145","23363","23674","50","10465937"
"chr5","10490970","10491265","JH378114","42081783","42082071","53","31590813"
"chr5","10493318","10493617","JH378122","10066427","10066714","47","426891"
"chr5","10494845","10495140","JH378149","15885379","15885676","47","5390534"
"chr5","10516032","10516318","JH378155","6204637","6204929","33","4311395"
"chr5","10517202","10517530","JH378155","6203424","6203744","44","4313778"
"chr5","10517998","10518290","JH378213","4603416","4603708","48","5914582"
"chr5","10520705","10521005","JH378112","31842832","31843135","47","21322127"
"chr5","10540254","10540556","JH378265","931440","931744","56","9608814"
"chr5","10555410","10555708","JH378176","9100046","9100345","43","1455364"
"chr5","10560533","10560829","JH378149","16273373","16273672","58","5712840"
"chr5","10562278","10562569","JH378235","5966662","5966955","37","4595616"
"chr5","10602227","10602527","JH378155","6112364","6112667","44","4489863"
"chr5","10617364","10617658","JH378116","25790477","25790774","44","15173113"
"chr5","10621625","10621920","JH378145","10500061","10500358","47","121564"
"chr5","10641787","10642100","JH378271","125420","125724","51","10516367"
"chr5","10648270","10648564","JH378130","1568570","1568862","40","9079700"
"chr5","10652568","10652859","JH378148","3092528","3092826","36","7560040"
"chr5","10667129","10667428","JH378188","9061292","9061593","47","1605837"
"chr5","10681434","10681716","JH378172","1760894","1761177","35","8920540"
"chr5","10682980","10683256","JH378178","1010732","1011006","40","9672248"
"chr5","10685235","10685542","JH378113","15232832","15233136","41","4547597"
"chr5","10686908","10687212","JH378265","117843","118145","46","10569065"
"chr5","10708682","10708815","JH378105","65217738","65217870","17","54509056"
"chr5","10722310","10722593","JH378297","842854","843136","44","9879456"
"chr5","10729915","10730190","JH378137","276303","276579","44","10453612"
"chr5","10737801","10738090","JH378106","3058385","3058676","42","7679416"
"chr5","10739142","10739453","JH378155","5966626","5966931","39","4772516"
"chr5","10756602","10756736","JH378137","20809279","20809414","18","10052677"
"chr5","10775808","10776107","JH378293","1508849","1509149","40","9266959"
"chr5","10777144","10777463","JH378105","47004397","47004711","62","36227253"
"chr5","10803373","10803671","JH378113","15232832","15233136","42","4429459"
"chr5","10826273","10826566","JH378172","12134260","12134556","41","1307987"
"chr5","10913164","10913470","JH378204","3945411","3945718","43","6967753"
"chr5","10926540","10926840","JH378232","3499603","3499896","46","7426937"
"chr5","11030807","11030940","JH378127","11639804","11639932","16","608997"
"chr5","11113306","11113597","JH378155","5570371","5570663","42","5542935"
"chr5","11176960","11177272","JH378155","5508193","5508499","39","5668767"
"chr5","11193395","11193703","JH378110","40011605","40011912","42","28818210"
"chr5","11270995","11271300","JH378110","31358400","31358705","35","20087405"
"chr5","11271408","11271711","JH378148","2369665","2369963","42","8901743"
"chr5","11284781","11285087","JH378114","42118001","42118296","49","30833220"
"chr5","11319719","11320015","JH378187","3252575","3252870","36","8067144"
"chr5","11443529","11443810","JH378118","25211469","25211751","44","13767940"
"chr5","11496529","11496815","JH378127","19331819","19332107","43","7835290"
"chr5","11497878","11498140","JH378155","5190897","5191151","55","6306981"
"chr5","11573232","11573525","JH378161","5257029","5257320","48","6316203"
"chr5","11595868","11596167","JH378136","7068876","7069170","50","4526992"
"chr5","11614430","11614735","JH378142","14090331","14090632","44","2475901"
"chr5","11615576","11615845","JH378111","20416773","20417051","58","8801197"
"chr5","11694724","11695024","JH378107","529179","529482","49","11165545"
"chr5","11713499","11713689","JH378150","9771528","9771716","28","1941971"
"chr5","11730215","11730519","JH378242","734891","735189","44","10995324"
"chr5","11768762","11769064","JH378110","6965048","6965350","42","4803714"
"chr5","11942923","11943218","JH378242","734891","735189","35","11208032"
"chr5","11970692","11970981","JH378290","1449167","1449465","38","10521525"
"chr5","11986471","11986764","JH378194","2282818","2283122","56","9703653"
"chr5","12186370","12186663","JH378279","2532931","2533234","47","9653439"
"chr5","12558107","12558444","JH378244","3779094","3779431","83","8779013"
"chr5","12562612","12562916","JH378167","8587120","8587419","39","3975492"
"chr5","12580662","12580940","JH378190","8642547","8642819","45","3938115"
"chr5","12594611","12594915","JH378262","1936694","1936996","62","10657917"
"chr5","12680999","12681302","JH378213","6894565","6894865","45","5786434"
"chr5","12730162","12730456","JH378119","5505381","5505671","57","7224781"
"chr5","12773927","12774216","JH378221","171580","171870","44","12602347"
"chr5","12775508","12775817","JH378108","18571555","18571860","53","5796047"
"chr5","12966251","12966547","JH378191","8733838","8734134","43","4232413"
"chr5","13081499","13081814","JH378129","7516692","7516995","56","5564807"
"chr5","13085201","13085507","JH378148","12754921","12755229","41","330280"
"chr5","13108800","13109095","JH378140","14147137","14147431","39","1038337"
"chr5","13138594","13138884","JH378123","9608291","9608584","47","3530303"
"chr5","13223193","13223472","JH378124","10016046","10016322","40","3207147"
"chr5","13239104","13239400","JH378186","2699463","2699755","38","10539641"
"chr5","13268879","13269180","JH378143","1682752","1683051","44","11586127"
"chr5","13506060","13506342","JH378122","7809799","7810085","42","5696261"
"chr5","13545751","13546045","JH378161","7655098","7655397","62","5890653"
"chr5","13547455","13547547","JH378153","10628227","10628317","11","2919228"
"chr5","13571728","13572032","JH378171","4844994","4845294","53","8726734"
"chr5","13598398","13598694","JH378117","6076538","6076831","44","7521860"
"chr5","13709125","13709444","JH378155","2786939","2787245","54","10922186"
"chr5","13718274","13718570","JH378134","14785263","14785558","43","1066989"
"chr5","13755287","13755579","JH378111","43268192","43268483","37","29512905"
"chr5","13781693","13781973","JH378231","1922295","1922580","43","11859398"
"chr5","13875314","13875604","JH378269","2765021","2765311","38","11110293"
"chr5","13880582","13880711","JH378138","2840524","2840655","17","11040058"
"chr5","13880717","13881033","JH378155","2607173","2607481","50","11273544"
"chr5","13929713","13929947","JH378155","2556717","2556956","36","11372996"
"chr5","13989177","13989470","JH378117","28666592","28666888","49","14677415"
"chr5","14050135","14050416","JH378105","50034667","50034949","34","35984532"
"chr5","14107821","14108108","JH378118","25082119","25082398","49","10974298"
"chr5","14114856","14115171","JH378107","46868219","46868530","50","32753363"
"chr5","14136204","14136507","JH378112","30552000","30552301","39","16415796"
"chr5","14146975","14147268","JH378111","43268192","43268483","40","29121217"
"chr5","14163441","14163729","JH378140","17057161","17057447","34","2893720"
"chr5","14186007","14186296","JH378110","31525138","31525430","40","17339131"
"chr5","14214892","14215180","JH378156","3853230","3853526","43","10361662"
"chr5","14217725","14218018","JH378142","14013464","14013754","40","204261"
"chr5","14243606","14243912","JH378262","2057384","2057694","39","12186222"
"chr5","14245530","14245829","JH378135","1618015","1618319","34","12627515"
"chr5","14248055","14248365","JH378155","2217099","2217405","47","12030956"
"chr5","14308662","14308951","JH378143","6673988","6674287","44","7634674"
"chr5","14323431","14323567","JH378167","7915638","7915770","28","6407793"
"chr5","14353489","14353783","JH378155","2104304","2104610","42","12249185"
"chr5","14464490","14464622","JH378158","3234628","3234759","14","11229862"
"chr5","14493520","14493789","JH378108","27684610","27684880","46","13191090"
"chr5","14510478","14510772","JH378220","1011665","1011962","38","13498813"
"chr5","14543642","14543949","JH378279","2532931","2533234","43","12010711"
"chr5","14600164","14600454","JH378115","15001483","15001774","39","401319"
"chr5","14622669","14622980","JH378108","8388787","8389097","38","6233882"
"chr5","14671628","14671936","JH378135","16046002","16046306","45","1374374"
"chr5","14684600","14684902","JH378107","43122447","43122757","46","28437847"
"chr5","14704632","14704938","JH378152","13742000","13742297","40","962632"
"chr5","14705417","14705719","JH378156","1923711","1924009","39","12781706"
"chr5","14753163","14753457","JH378148","2754402","2754696","37","11998761"
"chr5","14777229","14777532","JH378242","734891","735189","46","14042338"
"chr5","14803448","14803745","JH378213","5758371","5758671","43","9045077"
"chr5","14916531","14916822","JH378246","3840817","3841098","51","11075714"
"chr5","14934616","14934892","JH378173","4795221","4795500","47","10139395"
"chr5","14947871","14948180","JH378155","1494970","1495278","41","13452901"
"chr5","14990370","14990685","JH378223","2203693","2204002","57","12786677"
"chr5","14991521","14991795","JH378113","22006241","22006515","42","7014720"
"chr5","15005892","15006193","JH378155","1441011","1441312","36","13564881"
"chr5","15012043","15012358","JH378282","341885","342204","57","14670158"
"chr5","15030030","15030317","JH378189","7501508","7501793","42","7528522"
"chr5","15031604","15031885","JH378106","70080554","70080842","53","55048950"
"chr5","15034175","15034480","JH378118","20140583","20140886","40","5106408"
"chr5","15041154","15041441","JH378195","2148198","2148495","42","12892956"
"chr5","15069097","15069377","JH378117","36078925","36079198","42","21009828"
"chr5","15072527","15072834","JH378157","10039092","10039395","38","5033435"
"chr5","15080100","15080400","JH378155","1368504","1368805","38","13711596"
"chr5","15106927","15107218","JH378122","7809799","7810085","39","7297128"
"chr5","15107522","15107717","JH378155","1341238","1341432","25","13766284"
"chr5","15108720","15109027","JH378135","10680074","10680370","44","4428646"
"chr5","15117375","15117669","JH378156","6136159","6136453","32","8981216"
"chr5","15130787","15131119","JH378110","2986481","2986792","65","12144306"
"chr5","15142082","15142326","JH378155","1307484","1307722","29","13834598"
"chr5","15146897","15147190","JH378111","43268192","43268483","39","28121295"
"chr5","15152625","15152931","JH378136","14817827","14818135","47","334798"
"chr5","15161652","15161954","JH378204","3129799","3130101","38","12031853"
"chr5","15163984","15164295","JH378158","4130633","4130943","46","11033351"
"chr5","15177524","15177753","JH378244","3863245","3863476","32","11314279"
"chr5","15236109","15236413","JH378106","69562637","69562935","44","54326528"
"chr5","15249005","15249292","JH378127","19331819","19332107","47","4082814"
"chr5","15478678","15478980","JH378155","949552","949853","44","14529126"
"chr5","15616010","15616308","JH378242","734891","735189","43","14881119"
"chr5","15616906","15617213","JH378161","2236995","2237295","44","13379911"
"chr5","15646320","15646627","JH378135","16449037","16449347","43","802717"
"chr5","15661106","15661393","JH378171","5750103","5750393","44","9911003"
"chr5","15724992","15725284","JH378114","41454903","41455192","40","25729911"
"chr5","15757336","15757641","JH378255","2444760","2445066","45","13312576"
"chr5","15765732","15766029","JH378157","12870367","12870663","40","2895365"
"chr5","15783460","15783766","JH378185","2114490","2114799","41","13668970"
"chr5","15798092","15798401","JH378255","1987046","1987357","45","13811046"
"chr5","15815387","15815688","JH378152","13332030","13332334","41","2483357"
"chr5","15820024","15820312","JH378145","4052907","4053198","52","11767117"
"chr5","15966500","15966817","JH378112","34121087","34121394","49","18154587"
"chr5","15972717","15973000","JH378114","19860438","19860722","36","3887721"
"chr5","16030510","16030813","JH378120","30268530","30268831","45","14238020"
"chr5","16038366","16038616","JH378129","10093013","10093268","39","5945353"
"chr5","16053971","16054276","JH378155","373950","374260","31","15680021"
"chr5","16057086","16057379","JH378290","1449167","1449465","41","14607919"
"chr5","16177568","16177862","JH378114","42118001","42118296","44","25940433"
"chr5","16200711","16201010","JH378151","14499386","14499686","47","1701325"
"chr5","16219953","16220256","JH378153","14175225","14175527","39","2044728"
"chr5","16254702","16254989","JH378144","11784025","11784321","44","4470677"
"chr5","16323348","16323656","JH378296","1238227","1238539","49","15085121"
"chr5","16349777","16350038","JH378114","20734954","20735221","46","4385177"
"chr5","16530914","16531215","JH378111","26034614","26034912","46","9503700"
"chr5","16575209","16575494","JH378305","543095","543389","44","16032114"
"chr5","16702768","16703071","JH378113","15232832","15233136","52","1469936"
"chr5","16711723","16712016","JH378140","17784224","17784519","40","1072501"
"chr5","16722646","16722938","JH378273","333712","333995","41","16388934"
"chr5","16728809","16729106","JH378278","3074928","3075221","52","13653881"
"chr5","16740844","16741154","JH378113","17168263","17168574","36","427419"
"chr5","16751611","16751867","JH378145","2198867","2199130","41","14552744"
"chr5","16769777","16770075","JH378221","153010","153304","42","16616767"
"chr5","16778879","16779181","JH378153","14175225","14175527","46","2603654"
"chr5","16819480","16819787","JH378114","41614179","41614488","42","24794699"
"chr5","16831289","16831563","JH378195","8184681","8184959","41","8646608"
"chr5","16834902","16835197","JH378111","43268192","43268483","38","26433290"
"chr5","16865339","16865633","JH378176","9100046","9100345","45","7765293"
"chr5","16871029","16871164","JH378125","4589691","4589826","13","12281338"
"chr5","16888413","16888690","JH378141","12693030","12693305","43","4195383"
"chr5","16891458","16891765","JH378135","3487580","3487886","43","13403878"
"chr5","16902395","16902699","JH378125","5974898","5975195","44","10927497"
"chr5","16907211","16907501","JH378195","2148198","2148495","36","14759013"
"chr5","16908866","16909155","JH378112","33261569","33261850","39","16352703"
"chr5","16919803","16920100","JH378290","1449167","1449465","44","15470636"
"chr5","16920979","16921273","JH378195","2148198","2148495","37","14772781"
"chr5","16925481","16925793","JH378135","3487580","3487886","44","13437901"
"chr5","16929395","16929678","JH378149","3645044","3645337","54","13284351"
"chr5","16933343","16933641","JH378106","58829721","58830021","46","41896378"
"chr5","16945955","16946072","JH378159","5519593","5519707","15","11426362"
"chr5","16962290","16962573","JH378173","4795221","4795500","48","12167069"
"chr5","16966405","16966703","JH378134","14785263","14785558","44","2181142"
"chr5","16971072","16971359","JH378189","4262802","4263099","64","12708270"
"chr5","16979279","16979611","JH378107","57812326","57812648","56","40833047"
"chr5","17018954","17019263","JH378204","3945411","3945718","46","13073543"
"chr5","17025750","17026055","JH378190","730347","730657","55","16295403"
"chr5","17027347","17027714","JH378105","21150069","21150410","88","4122722"
"chr5","17031606","17031913","JH378166","9428708","9429013","60","7602898"
"chr5","17046911","17047208","JH378107","529179","529482","47","16517732"
"chr5","17065114","17065414","JH378152","13742000","13742297","44","3323114"
"chr5","17082746","17083016","JH378244","4725310","4725567","54","12357436"
"chr5","17088247","17088378","JH378106","1342311","1342445","15","15745936"
"chr5","17089006","17089314","JH378152","16029844","16030148","35","1059162"
"chr5","17090039","17090310","JH378117","36078925","36079198","38","18988886"
"chr5","17095046","17095342","JH378110","21990688","21990984","43","4895642"
"chr5","17107235","17107362","JH378128","13086999","13087124","16","4020236"
"chr5","17130832","17131135","JH378152","16188403","16188709","44","942429"
"chr5","17163860","17164161","JH378116","22378952","22379256","44","5215092"
"chr5","17176761","17176895","JH378273","798972","799104","14","16377789"
"chr5","17196521","17196647","JH378112","32634143","32634269","17","15437622"
"chr5","17225373","17225671","JH378109","15102213","15102512","52","2123160"
"chr5","17260662","17260947","JH378213","4435380","4435669","40","12825282"
"chr5","17282207","17282514","JH378211","1951298","1951606","43","15330909"
"chr5","17283988","17284291","JH378158","4130633","4130943","48","13153355"
"chr5","17293219","17293515","JH378214","242924","243221","37","17050295"
"chr5","17303005","17303304","JH378123","21695970","21696268","38","4392965"
"chr5","17310624","17310937","JH378134","9261505","9261814","43","8049119"
"chr5","17336351","17336644","JH378119","13333257","13333546","45","4003094"
"chr5","17361680","17361951","JH378127","12721842","12722114","40","4639838"
"chr5","17364788","17365091","JH378245","2668982","2669292","49","14695806"
"chr5","17372604","17372872","JH378273","1008549","1008832","43","16364055"
"chr5","17384879","17385190","JH378273","1022423","1022739","48","16362456"
"chr5","17419589","17419897","JH378118","10693452","10693756","38","6726137"
"chr5","17428788","17429079","JH378216","3323731","3324020","44","14105057"
"chr5","17429729","17430011","JH378115","28716128","28716418","55","11286399"
"chr5","17433082","17433392","JH378255","1987046","1987357","43","15446036"
"chr5","17434564","17434860","JH378123","5667081","5667374","41","11767483"
"chr5","17438944","17439239","JH378169","4837822","4838119","41","12601122"
"chr5","17445390","17445679","JH378342","243194","243483","38","17202196"
"chr5","17450094","17450375","JH378235","5966662","5966955","47","11483432"
"chr5","17453268","17453532","JH378167","623995","624268","46","16829273"
"chr5","17456374","17456673","JH378149","11992453","11992750","43","5463921"
"chr5","17460362","17460668","JH378273","1100883","1101188","40","16359479"
"chr5","17467229","17467518","JH378244","3283576","3283868","35","14183653"
"chr5","17482731","17483040","JH378273","1125052","1125360","43","16357679"
"chr5","17490848","17491148","JH378139","15546874","15547182","51","1943974"
"chr5","17515287","17515569","JH378146","453293","453569","42","17061994"
"chr5","17516861","17517150","JH378127","6969272","6969568","36","10547589"
"chr5","17522269","17522556","JH378245","3817099","3817384","43","13705170"
"chr5","17523188","17523495","JH378113","31737454","31737767","43","14214266"
"chr5","17923549","17923853","JH378110","6965048","6965350","42","10958501"
"chr5","18025719","18025993","JH378111","37432796","37433057","57","19407077"
"chr5","18066277","18066560","JH378106","43365513","43365770","62","25299236"
"chr5","18271255","18271528","JH378118","1052541","1052807","63","17218714"
"chr5","18353858","18354173","JH378273","1730499","1730809","45","16623359"
"chr5","18526448","18526721","JH378167","7155169","7155451","58","11371279"
"chr5","18540618","18540939","JH378225","4913055","4913369","69","13627563"
"chr5","18586714","18587008","JH378247","4426259","4426553","43","14160455"
"chr5","18725661","18725954","JH378111","43268192","43268483","43","24542531"
"chr5","18731848","18732121","JH378105","47836906","47837175","39","29105058"
"chr5","19120098","19120401","JH378153","14175225","14175527","45","4944873"
"chr5","19171171","19171455","JH378118","21278795","21279078","52","2107624"
"chr5","19171506","19171522","JH378196","2334629","2334642","3","16836877"
"chr5","19171748","19172048","JH378262","2136465","2136766","50","17035283"
"chr5","19179433","19179701","JH378119","28870424","28870688","58","9690991"
"chr5","19335955","19336242","JH378151","14339248","14339542","46","4996707"
"chr5","19485276","19485553","JH378123","9831839","9832126","41","9653437"
"chr5","19503724","19504036","JH378157","12657805","12658115","49","6845919"
"chr5","19623337","19623628","JH378142","6278536","6278827","49","13344801"
"chr5","19645393","19645688","JH378167","11202084","11202374","35","8443309"
"chr5","19657481","19657803","JH378139","11244771","11245079","52","8412710"
"chr5","19684283","19684601","JH378290","800656","800956","62","18883627"
"chr5","19686824","19687125","JH378135","2083499","2083789","48","17603325"
"chr5","19687626","19687778","JH378124","17839118","17839253","38","1848508"
"chr5","19688222","19688356","JH378213","4209495","4209630","20","15478727"
"chr5","19688657","19688846","JH378248","4037784","4037963","44","15650873"
"chr5","19699552","19699844","JH378146","4677820","4678116","40","15021732"
"chr5","19702791","19703008","JH378105","56303694","56303903","42","36600903"
"chr5","19726986","19727282","JH378107","51667756","51668056","45","31940770"
"chr5","19749668","19749967","JH378105","14432202","14432497","45","5317466"
"chr5","19750744","19751033","JH378118","11558432","11558720","42","8192312"
"chr5","19790882","19791184","JH378106","44474287","44474593","40","24683405"
"chr5","19798959","19799242","JH378192","5415267","5415549","41","14383692"
"chr5","19820515","19820813","JH378106","44498362","44498660","40","24677847"
"chr5","19896466","19896756","JH378122","7809799","7810085","35","12086667"
"chr5","19917640","19917770","JH378132","2404371","2404501","16","17513269"
"chr5","19954482","19954785","JH378151","15477184","15477485","38","4477298"
"chr5","19973994","19974287","JH378110","22156408","22156716","56","2182414"
"chr5","19975597","19975892","JH378188","7232167","7232465","45","12743430"
"chr5","20090923","20091229","JH378232","2963368","2963675","46","17127555"
"chr5","20178435","20178723","JH378111","43268192","43268483","44","23089757"
"chr5","20317468","20317767","JH378116","14428154","14428454","41","5889314"
"chr5","20340701","20340997","JH378125","15313063","15313352","43","5027638"
"chr5","20459125","20459388","JH378126","23877123","23877373","54","3417998"
"chr5","20527482","20527787","JH378106","45217893","45218191","35","24690411"
"chr5","20583601","20583900","JH378173","10880896","10881187","38","9702705"
"chr5","20892898","20893184","JH378255","3804849","3805130","43","17088049"
"chr5","20902686","20902988","JH378133","7599511","7599802","42","13303175"
"chr5","20904492","20904632","JH378134","16727597","16727729","20","4176895"
"chr5","20904658","20904673","JH378177","3101638","3101654","5","17803020"
"chr5","20904717","20904890","JH378267","358566","358737","33","20546151"
"chr5","20922851","20923158","JH378142","11680625","11680923","40","9242226"
"chr5","20939226","20939527","JH378152","13742000","13742297","43","7197226"
"chr5","21000833","21001130","JH378213","3242672","3242967","47","17758161"
"chr5","21036719","21037018","JH378139","18877381","18877680","36","2159338"
"chr5","21056113","21056402","JH378179","2770478","2770770","35","18285635"
"chr5","21383504","21383755","JH378179","5472710","5472959","43","15910794"
"chr5","21446280","21446572","JH378167","8045788","8046082","38","13400492"
"chr5","21451838","21452143","JH378135","16046002","16046306","52","5405836"
"chr5","21453801","21454109","JH378106","46158523","46158821","48","24704722"
"chr5","21456065","21456374","JH378118","10693452","10693756","48","10762613"
"chr5","21476623","21476911","JH378106","46177902","46178175","56","24701279"
"chr5","21498091","21498388","JH378106","6660208","6660505","39","14837883"
"chr5","21554945","21555195","JH378189","8049013","8049261","38","13505932"
"chr5","21633289","21633589","JH378114","20958944","20959246","44","674345"
"chr5","21660721","21661024","JH378106","46368228","46368529","47","24707507"
"chr5","21727994","21728294","JH378216","4809975","4810272","40","16918019"
"chr5","21770030","21770235","JH378151","10494072","10494276","31","11275958"
"chr5","21856852","21857130","JH378110","5201984","5202257","43","16654868"
"chr5","21955464","21955782","JH378116","36267689","36268001","55","14312225"
"chr5","21965074","21965359","JH378264","3122060","3122337","40","18843014"
"chr5","22002656","22002954","JH378136","12221741","12222036","40","9780915"
"chr5","22009721","22009996","JH378182","5471352","5471638","63","16538369"
"chr5","22044890","22045197","JH378213","5758371","5758671","40","16286519"
"chr5","22077943","22078245","JH378106","46770805","46771102","42","24692862"
"chr5","22084085","22084382","JH378106","46777521","46777825","42","24693436"
"chr5","22160419","22160718","JH378123","5667081","5667374","36","16493338"
"chr5","22276170","22276484","JH378106","47003689","47004004","45","24727519"
"chr5","22757589","22757899","JH378116","19560473","19560782","50","3197116"
"chr5","22805717","22805946","JH378113","27262716","27262943","39","4456999"
"chr5","22901949","22902068","JH378134","9437537","9437654","21","13464412"
"chr5","22902121","22902294","JH378267","358566","358737","35","22543555"
"chr5","23331068","23331343","JH378315","357797","358060","42","22973271"
"chr5","23558820","23559135","JH378105","28145544","28145849","57","4586724"
"chr5","23662549","23662841","JH378141","14454762","14455052","37","9207787"
"chr5","23663109","23663397","JH378136","13594457","13594751","46","10068652"
"chr5","23746298","23746619","JH378163","12738276","12738587","49","11008022"
"chr5","23772282","23772589","JH378111","40734534","40734829","45","16962252"
"chr5","23844395","23844690","JH378176","11059887","11060178","52","12784508"
"chr5","23849025","23849330","JH378134","13902053","13902356","56","9946972"
"chr5","23925408","23925704","JH378141","15242660","15242959","47","8682748"
"chr5","23933315","23933608","JH378213","4603416","4603708","39","19329899"
"chr5","23972378","23972674","JH378255","3447746","3448043","36","20524632"
"chr5","23989083","23989442","JH378112","34121087","34121394","84","10132004"
"chr5","24030319","24030609","JH378260","2075551","2075845","45","21954768"
"chr5","24047748","24048046","JH378273","688413","688708","56","23359335"
"chr5","24085367","24085659","JH378129","8195437","8195732","44","15889930"
"chr5","24099730","24100017","JH378109","24614218","24614506","42","514488"
"chr5","24107927","24108211","JH378261","2826006","2826292","44","21281921"
"chr5","24110883","24111195","JH378153","11237253","11237559","45","12873630"
"chr5","24121758","24122011","JH378243","2454364","2454624","48","21667394"
"chr5","24123876","24124170","JH378269","1668607","1668898","37","22455269"
"chr5","24150026","24150214","JH378228","1627818","1628000","38","22522208"
"chr5","24150517","24150650","JH378221","1217177","1217310","15","22933340"
"chr5","24153297","24153603","JH378106","69063427","69063728","43","44910130"
"chr5","24166892","24167180","JH378173","10880896","10881187","45","13285996"
"chr5","24171444","24171742","JH378139","18076977","18077276","44","6094467"
"chr5","24172083","24172372","JH378163","11135350","11135637","36","13036733"
"chr5","24189468","24189584","JH378106","48877716","48877833","12","24688248"
"chr5","24193097","24193379","JH378114","23411830","23412112","50","781267"
"chr5","24200766","24201055","JH378136","15004718","15005006","40","9196048"
"chr5","24201290","24201574","JH378152","14449530","14449815","39","9751760"
"chr5","24208567","24208690","JH378134","9970937","9971055","30","14237630"
"chr5","24208724","24208876","JH378125","5599410","5599561","17","18609314"
"chr5","24212675","24212984","JH378117","37732677","37732982","42","13520002"
"chr5","24232158","24232391","JH378127","5387632","5387860","48","18844526"
"chr5","24233178","24233497","JH378106","48928762","48929071","46","24695584"
"chr5","24237261","24237568","JH378279","2532931","2533234","46","21704330"
"chr5","24241324","24241618","JH378152","13742000","13742297","38","10499324"
"chr5","24255947","24256272","JH378151","16719623","16719945","55","7536324"
"chr5","24257069","24257373","JH378106","48956384","48956687","39","24699315"
"chr5","24260279","24260588","JH378114","36279685","36279996","43","12019406"
"chr5","24264911","24265188","JH378145","7752076","7752352","53","16512835"
"chr5","24265355","24265659","JH378106","48964720","48965024","43","24699365"
"chr5","24267008","24267295","JH378125","15313063","15313352","42","8953945"
"chr5","24283736","24284048","JH378150","2634839","2635156","40","21648897"
"chr5","24322824","24323047","JH378106","49023412","49023632","27","24700588"
"chr5","24325483","24325783","JH378111","8498303","8498600","51","15827180"
"chr5","24333407","24333710","JH378115","26968615","26968913","39","2635208"
"chr5","24356350","24356661","JH378114","17499413","17499723","45","6856937"
"chr5","24367137","24367426","JH378242","734891","735189","41","23632246"
"chr5","24370995","24371253","JH378112","32952210","32952469","40","8581215"
"chr5","24384978","24385242","JH378115","34636045","34636311","44","10251067"
"chr5","24400601","24400913","JH378201","7269240","7269542","57","17131361"
"chr5","24411582","24411878","JH378124","16834558","16834852","39","7577024"
"chr5","24442555","24442856","JH378148","16955481","16955786","45","7487074"
"chr5","24623993","24624282","JH378122","7809799","7810085","42","16814194"
"chr5","24661161","24661433","JH378115","25725139","25725410","39","1063978"
"chr5","24678604","24678905","JH378150","572888","573192","43","24105716"
"chr5","24700208","24700503","JH378243","149882","150178","43","24550326"
"chr5","24779020","24779305","JH378121","23122029","23122310","43","1656991"
"chr5","24784132","24784395","JH378213","6991542","6991825","54","17792590"
"chr5","24785508","24785654","JH378105","46725246","46725388","28","21939738"
"chr5","24785901","24785994","JH378110","29997854","29997947","24","5211953"
"chr5","24856894","24857192","JH378262","1936694","1936996","40","22920200"
"chr5","24916812","24917111","JH378111","40734534","40734829","41","15817722"
"chr5","24998712","24998997","JH378291","130444","130734","47","24868268"
"chr5","25010895","25011200","JH378105","21995158","21995455","45","3015737"
"chr5","25015296","25015596","JH378191","6003716","6004010","50","19011580"
"chr5","25021094","25021312","JH378137","8528832","8529057","39","16492262"
"chr5","25037681","25037974","JH378151","4578678","4578981","49","20459003"
"chr5","25053919","25054226","JH378118","10693452","10693756","43","14360467"
"chr5","25091990","25092303","JH378115","28553246","28553551","51","3461256"
"chr5","25124538","25124830","JH378128","7103907","7104203","44","18020631"
"chr5","25171574","25171881","JH378173","5273045","5273355","38","19898529"
"chr5","25176967","25177184","JH378293","1320467","1320687","38","23856500"
"chr5","25217757","25218051","JH378241","1628962","1629256","47","23588795"
"chr5","25260213","25260346","JH378356","163451","163583","22","25096762"
"chr5","25434727","25435033","JH378107","8856652","8856962","47","16578075"
"chr5","25483683","25483980","JH378145","12975453","12975750","45","12508230"
"chr5","25545082","25545421","JH378106","50238689","50238995","86","24693607"
"chr5","25678383","25678681","JH378262","2057384","2057694","49","23620999"
"chr5","25822785","25823073","JH378135","11369903","11370197","56","14452882"
"chr5","25831589","25831871","JH378105","50034667","50034949","42","24203078"
"chr5","25863922","25864221","JH378111","8498303","8498600","46","17365619"
"chr5","25901949","25902249","JH378167","11931552","11931850","48","13970397"
"chr5","26036132","26036446","JH378203","7036188","7036492","52","18999944"
"chr5","26072414","26072701","JH378141","14972069","14972359","40","11100345"
"chr5","26146288","26146418","JH378234","4856965","4857095","19","21289323"
"chr5","26299204","26299496","JH378113","28550580","28550870","41","2251376"
"chr5","26393399","26393684","JH378122","7809799","7810085","46","18583600"
"chr5","26432910","26433211","JH378135","1618015","1618319","41","24814895"
"chr5","26467072","26467375","JH378111","26034614","26034912","41","432458"
"chr5","26534800","26535056","JH378250","2248287","2248553","47","24286513"
"chr5","26538554","26538835","JH378216","4336273","4336549","40","22202281"
"chr5","26716885","26717210","JH378118","10693452","10693756","52","16023433"
"chr5","26723412","26723725","JH378242","734891","735189","41","25988521"
"chr5","26794899","26795133","JH378106","51509492","51509726","31","24714593"
"chr5","26798841","26799135","JH378106","51513483","51513780","51","24714642"
"chr5","26878244","26878520","JH378118","1570870","1571157","52","25307374"
"chr5","26922193","26922468","JH378106","51635383","51635659","32","24713190"
"chr5","26936500","26936792","JH378105","69163567","69163856","38","42227067"
"chr5","26967646","26967943","JH378235","3916222","3916515","37","23051424"
"chr5","27080904","27081004","JH378150","15949629","15949731","13","11131275"
"chr5","27183378","27183677","JH378106","51904595","51904890","46","24721217"
"chr5","27206140","27206408","JH378105","60846167","60846436","44","33640027"
"chr5","27248285","27248600","JH378265","480914","481222","57","26767371"
"chr5","27423219","27423473","JH378106","49070076","49070340","47","21646857"
"chr5","27478436","27478718","JH378119","16778412","16778692","41","10700024"
"chr5","27544747","27545055","JH378184","748241","748547","52","26796506"
"chr5","27551602","27551905","JH378135","3487580","3487886","40","24064022"
"chr5","27696110","27696224","JH378156","6067886","6067992","27","21628224"
"chr5","27767653","27767952","JH378153","991189","991486","52","26776464"
"chr5","27821582","27821881","JH378204","3222855","3223147","44","24598727"
"chr5","27857815","27858125","JH378116","37812207","37812513","46","9954392"
"chr5","28069683","28069982","JH378109","49117029","49117333","73","21047346"
"chr5","28091884","28092153","JH378106","52794130","52794398","32","24702246"
"chr5","28202723","28203019","JH378204","3222855","3223147","45","24979868"
"chr5","28211367","28211663","JH378116","28282701","28282994","42","71334"
"chr5","28221175","28221407","JH378110","18816027","18816260","44","9405148"
"chr5","28225811","28226117","JH378110","6965048","6965350","40","21260763"
"chr5","28272362","28272670","JH378112","30721676","30721989","51","2449314"
"chr5","28275949","28276230","JH378139","1856531","1856816","54","26419418"
"chr5","28320455","28320732","JH378232","3348298","3348573","41","24972157"
"chr5","28344127","28344421","JH378303","1010972","1011265","43","27333155"
"chr5","28360202","28360474","JH378127","23741395","23741667","66","4618807"
"chr5","28363193","28363482","JH378106","53058229","53058516","45","24695036"
"chr5","28414388","28414652","JH378148","16213270","16213542","54","12201118"
"chr5","28437494","28437771","JH378144","14698727","14699003","39","13738767"
"chr5","28485942","28486215","JH378111","32631993","32632265","30","4146051"
"chr5","28562409","28562686","JH378119","33025718","33025989","44","4463309"
"chr5","28709659","28709956","JH378152","13742000","13742297","38","14967659"
"chr5","28760267","28760557","JH378108","963806","964098","48","27796461"
"chr5","28853412","28853681","JH378167","713184","713470","53","28140228"
"chr5","29031564","29031853","JH378214","3078805","3079100","48","25952759"
"chr5","29038870","29039155","JH378106","53736420","53736713","40","24697550"
"chr5","29158378","29158658","JH378113","5899071","5899351","46","23259307"
"chr5","29418828","29419119","JH378165","3554292","3554583","58","25864536"
"chr5","29484750","29485028","JH378321","63450","63735","54","29421300"
"chr5","29510379","29510676","JH378110","21383801","21384099","45","8126578"
"chr5","29600907","29601164","JH378110","35279265","35279534","64","5678358"
"chr5","29773988","29774289","JH378173","2354778","2355079","55","27419210"
"chr5","30280724","30281019","JH378119","360557","360852","37","29920167"
"chr5","30563986","30564280","JH378214","242924","243221","50","30321062"
"chr5","30628582","30628890","JH378260","149355","149666","51","30479227"
"chr5","30677945","30678250","JH378129","3247646","3247946","45","27430299"
"chr5","30743076","30743369","JH378247","2823905","2824198","38","27919171"
"chr5","30747840","30748113","JH378190","8642547","8642819","55","22105293"
"chr5","30772347","30772672","JH378121","27528745","27529076","68","3243602"
"chr5","30797888","30798193","JH378154","14273514","14273808","59","16524374"
"chr5","30822741","30823048","JH378113","15232832","15233136","34","15589909"
"chr5","30919822","30920107","JH378110","40230031","40230313","50","9310209"
"chr5","30979150","30979441","JH378242","2757307","2757599","39","28221843"
"chr5","31034581","31034863","JH378122","7809799","7810085","51","23224782"
"chr5","31075502","31075746","JH378139","17358360","17358597","49","13717142"
"chr5","31232031","31232316","JH378152","14449530","14449815","50","16782501"
"chr5","31241871","31242170","JH378105","21995158","21995455","43","9246713"
"chr5","31245081","31245390","JH378197","4306456","4306760","39","26938625"
"chr5","31563636","31563935","JH378105","11903695","11903995","57","19659941"
"chr5","31630315","31630616","JH378115","36379708","36380007","56","4749393"
"chr5","31658971","31659270","JH378242","734891","735189","45","30924080"
"chr5","31761524","31761836","JH378107","27397170","27397467","63","4364354"
"chr5","31792884","31793184","JH378213","5758371","5758671","48","26034513"
"chr5","31829010","31829287","JH378170","1230217","1230493","47","30598793"
"chr5","31936050","31936339","JH378115","7606488","7606778","47","24329562"
"chr5","31944247","31944551","JH378111","34735037","34735341","44","2790790"
"chr5","31950895","31951206","JH378118","4589604","4589912","38","27361291"
"chr5","32206121","32206417","JH378124","5835056","5835352","36","26371065"
"chr5","32297663","32297968","JH378279","2532931","2533234","33","29764732"
"chr5","32366937","32367246","JH378106","59446326","59446630","47","27079389"
"chr5","32423617","32423906","JH378191","1263156","1263450","52","31160461"
"chr5","32433352","32433627","JH378105","36845501","36845780","45","4412149"
"chr5","32434045","32434357","JH378205","4278012","4278319","40","28156033"
"chr5","32436978","32437284","JH378118","10693452","10693756","48","21743526"
"chr5","32483346","32483645","JH378187","3086525","3086818","38","29396821"
"chr5","32519226","32519514","JH378291","130444","130734","35","32388782"
"chr5","32531339","32531616","JH378106","18260892","18261167","53","14270447"
"chr5","32555300","32555616","JH378172","7187643","7187946","46","25367657"
"chr5","32685112","32685406","JH378220","3382867","3383153","48","29302245"
"chr5","32958971","32959263","JH378156","2286219","2286515","37","30672752"
"chr5","33047423","33047705","JH378141","14454762","14455052","39","18592661"
"chr5","33318596","33318902","JH378149","460512","460811","49","32858084"
"chr5","33322598","33322906","JH378118","10693452","10693756","43","22629146"
"chr5","33411650","33411958","JH378139","11244771","11245079","39","22166879"
"chr5","33454090","33454390","JH378140","8664502","8664800","36","24789588"
"chr5","33525717","33525998","JH378116","9911021","9911298","45","23614696"
"chr5","33590893","33591197","JH378106","57974619","57974921","44","24383726"
"chr5","33611420","33611753","JH378124","4041596","4041902","64","29569824"
"chr5","33616370","33616679","JH378106","57997192","57997495","53","24380822"
"chr5","33618201","33618488","JH378106","57995548","57995836","46","24377347"
"chr5","33618496","33618564","JH378160","5639312","5639379","8","27979184"
"chr5","33636128","33636455","JH378122","4663539","4663860","65","28972589"
"chr5","33636894","33637212","JH378110","11414764","11415075","48","22222130"
"chr5","33665430","33665734","JH378142","2765405","2765702","51","30900025"
"chr5","33672392","33672684","JH378154","14273514","14273808","39","19398878"
"chr5","33676098","33676397","JH378235","3957900","3958200","42","29718198"
"chr5","33686140","33686241","JH378153","12438139","12438241","10","21248001"
"chr5","33690345","33690634","JH378153","12544489","12544777","46","21145856"
"chr5","33833212","33833496","JH378122","8503071","8503350","48","25330141"
"chr5","33863713","33864020","JH378117","37732677","37732982","41","3868964"
"chr5","33903979","33904272","JH378151","4578678","4578981","36","29325301"
"chr5","33923481","33923779","JH378139","8353802","8354100","42","25569679"
"chr5","34009265","34009548","JH378106","58385302","58385585","32","24376037"
"chr5","34099674","34099977","JH378131","1383377","1383686","36","32716297"
"chr5","34109858","34110150","JH378136","354228","354520","44","33755630"
"chr5","34112511","34112811","JH378111","38162771","38163069","44","4050260"
"chr5","34128713","34128978","JH378106","58526832","58527092","41","24398119"
"chr5","34146881","34147150","JH378110","7925750","7926017","35","26221131"
"chr5","34194701","34194931","JH378119","27366391","27366618","35","6828310"
"chr5","34229577","34229898","JH378194","2282818","2283122","61","31946759"
"chr5","34235689","34235962","JH378257","457493","457770","46","33778196"
"chr5","34247399","34247722","JH378144","18246054","18246363","52","16001345"
"chr5","34306026","34306318","JH378118","26129053","26129343","42","8176973"
"chr5","34372117","34372247","JH378137","16343875","16344001","17","18028242"
"chr5","34372541","34372710","JH378155","3890651","3890811","35","30481890"
"chr5","34375055","34375216","JH378115","15507637","15507796","24","18867418"
"chr5","34390308","34390571","JH378175","2204617","2204872","44","32185691"
"chr5","34436832","34437131","JH378106","58829721","58830021","37","24392889"
"chr5","34486448","34486757","JH378148","2797982","2798286","40","31688466"
"chr5","34588076","34588384","JH378148","2797982","2798286","33","31790094"
"chr5","34615559","34615871","JH378156","2866926","2867237","46","31748633"
"chr5","34623453","34623743","JH378110","44658760","44659055","43","10035307"
"chr5","34700205","34700501","JH378153","1207598","1207894","44","33492607"
"chr5","34707215","34707520","JH378117","33502822","33503122","47","1204393"
"chr5","34707724","34708034","JH378236","14671","14976","46","34693053"
"chr5","34747762","34748045","JH378105","130174","130465","48","34617588"
"chr5","34758884","34759183","JH378246","1887976","1888270","43","32870908"
"chr5","34788715","34788996","JH378194","564549","564837","48","34224166"
"chr5","34798578","34798810","JH378106","59197298","59197531","40","24398720"
"chr5","34804912","34805219","JH378106","59204582","59204877","41","24399670"
"chr5","34810335","34810643","JH378119","13478581","13478885","46","21331754"
"chr5","34862549","34862851","JH378140","6686089","6686388","37","28176460"
"chr5","34881790","34882102","JH378114","19810892","19811201","42","15070898"
"chr5","34890749","34891022","JH378269","2832058","2832322","42","32058691"
"chr5","34893381","34893652","JH378106","59304517","59304787","38","24411136"
"chr5","34899727","34900018","JH378118","1868546","1868837","42","33031181"
"chr5","34906687","34906956","JH378125","5710297","5710554","44","29196390"
"chr5","34922107","34922402","JH378216","2126143","2126440","36","32795964"
"chr5","34945340","34945593","JH378155","5190897","5191151","58","29754443"
"chr5","34993098","34993401","JH378128","24011445","24011747","44","10981653"
"chr5","34994018","34994328","JH378109","15504574","15504879","54","19489444"
"chr5","35002465","35002780","JH378117","15749415","15749721","49","19253050"
"chr5","35009582","35009876","JH378190","1394904","1395199","38","33614678"
"chr5","35013466","35013735","JH378106","59420232","59420492","36","24406766"
"chr5","35020301","35020591","JH378123","9831839","9832126","44","25188462"
"chr5","35021048","35021281","JH378127","5384271","5384500","37","29636777"
"chr5","35035426","35035624","JH378156","3308696","3308895","28","31726730"
"chr5","35037355","35037636","JH378158","1055382","1055671","41","33981973"
"chr5","35038274","35038517","JH378126","23877123","23877373","44","11161151"
"chr5","35063491","35063783","JH378116","25790477","25790774","41","9273014"
"chr5","35072601","35072902","JH378151","4578678","4578981","37","30493923"
"chr5","35083026","35083322","JH378111","8498303","8498600","38","26584723"
"chr5","35104832","35105126","JH378151","4182049","4182342","30","30922783"
"chr5","35106704","35107000","JH378106","41387985","41388279","49","6281281"
"chr5","35108957","35109262","JH378105","49304842","49305136","45","14195885"
"chr5","35139854","35140152","JH378106","59548783","59549085","35","24408929"
"chr5","35144766","35145055","JH378213","4435380","4435669","40","30709386"
"chr5","35163004","35163295","JH378106","59566974","59567269","42","24403970"
"chr5","35166179","35166472","JH378106","59570142","59570432","37","24403963"
"chr5","35214241","35214555","JH378131","2434394","2434708","44","32779847"
"chr5","35214681","35214975","JH378188","7232167","7232465","41","27982514"
"chr5","35230309","35230604","JH378152","13742000","13742297","36","21488309"
"chr5","35245524","35245635","JH378190","1221137","1221248","17","34024387"
"chr5","35251496","35251811","JH378156","6640727","6641043","49","28610769"
"chr5","35285241","35285479","JH378122","6183298","6183540","57","29101943"
"chr5","35307138","35307283","JH378137","2028740","2028883","20","33278398"
"chr5","35344075","35344367","JH378199","3308730","3309019","41","32035345"
"chr5","35345631","35345799","JH378115","34373550","34373715","36","972081"
"chr5","35346086","35346221","JH378189","6203451","6203586","14","29142635"
"chr5","35357603","35357879","JH378106","59765377","59765657","36","24407774"
"chr5","35358740","35359028","JH378115","16549844","16550133","42","18808896"
"chr5","35373160","35373365","JH378108","44632200","44632402","28","9259040"
"chr5","35386891","35387175","JH378177","3761735","3762014","42","31625156"
"chr5","35391215","35391501","JH378108","18419512","18419797","51","16971703"
"chr5","35406513","35406630","JH378118","28680659","28680775","17","6725854"
"chr5","35406682","35406835","JH378157","12402064","12402214","33","23004618"
"chr5","35426135","35426444","JH378110","35298078","35298371","62","128057"
"chr5","35451451","35451764","JH378120","4438901","4439206","52","31012550"
"chr5","35454093","35454402","JH378236","14671","14976","38","35439422"
"chr5","35473972","35474245","JH378110","26736093","26736363","58","8737879"
"chr5","35479136","35479440","JH378161","12410184","12410481","56","23068952"
"chr5","35488231","35488526","JH378108","18579446","18579742","40","16908785"
"chr5","35504101","35504376","JH378173","2652292","2652568","42","32851809"
"chr5","35513793","35514043","JH378108","52123040","52123293","38","16609247"
"chr5","35591901","35592197","JH378273","777780","778065","55","34814121"
"chr5","35642295","35642594","JH378242","734891","735189","37","34907404"
"chr5","35643839","35644151","JH378242","734891","735189","40","34908948"
"chr5","35686510","35686792","JH378189","719706","719987","42","34966804"
"chr5","35688518","35688652","JH378108","22384104","22384234","15","13304414"
"chr5","35710376","35710501","JH378119","7539270","7539395","11","28171106"
"chr5","35722159","35722447","JH378106","60123771","60124075","60","24401612"
"chr5","35738387","35738685","JH378173","10671195","10671487","55","25067192"
"chr5","35762053","35762365","JH378109","26397557","26397861","42","9364496"
"chr5","35795864","35796155","JH378106","60199506","60199795","30","24403642"
"chr5","35823258","35823518","JH378156","1741769","1742011","51","34081489"
"chr5","35855234","35855542","JH378291","1305578","1305884","46","34549656"
"chr5","35858492","35858774","JH378152","14449530","14449815","45","21408962"
"chr5","35868340","35868647","JH378111","11464738","11465037","49","24403602"
"chr5","35870866","35871191","JH378145","23363","23674","50","35847503"
"chr5","35879240","35879538","JH378164","5616777","5617090","59","30262463"
"chr5","35881318","35881630","JH378141","14415409","14415719","48","21465909"
"chr5","35908395","35908709","JH378269","845588","845903","42","35062807"
"chr5","35939749","35940045","JH378242","734891","735189","39","35204858"
"chr5","36006360","36006657","JH378247","4426259","4426553","41","31580101"
"chr5","36013542","36013823","JH378176","10070915","10071197","48","25942627"
"chr5","36018905","36019128","JH378153","90112","90336","36","35928793"
"chr5","36019784","36020085","JH378115","16549844","16550133","45","19469940"
"chr5","36035184","36035487","JH378122","7657354","7657653","55","28377830"
"chr5","36038431","36038736","JH378106","60431338","60431646","48","24392907"
"chr5","36044004","36044151","JH378135","3155777","3155924","20","32888227"
"chr5","36062140","36062454","JH378148","16955481","16955786","45","19106659"
"chr5","36073585","36073853","JH378106","60466034","60466302","40","24392449"
"chr5","36075302","36075596","JH378188","7232167","7232465","42","28843135"
"chr5","36082126","36082449","JH378116","11460956","11461262","76","24621170"
"chr5","36117088","36117393","JH378114","41499633","41499943","40","5382545"
"chr5","36145377","36145684","JH378118","10693452","10693756","50","25451925"
"chr5","36149595","36149897","JH378151","14804624","14804915","62","21344971"
"chr5","36156533","36156836","JH378153","14175225","14175527","42","21981308"
"chr5","36166667","36166953","JH378227","3019602","3019888","33","33147065"
"chr5","36197028","36197322","JH378129","21695439","21695731","43","14501589"
"chr5","36201765","36202076","JH378126","782415","782718","44","35419350"
"chr5","36213837","36214121","JH378105","50034667","50034949","33","13820830"
"chr5","36214922","36215217","JH378151","5876322","5876617","40","30338600"
"chr5","36219362","36219473","JH378225","972928","973036","15","35246434"
"chr5","36222544","36222847","JH378106","69412305","69412606","49","33189761"
"chr5","36232046","36232344","JH378115","32008554","32008855","48","4223492"
"chr5","36249900","36250199","JH378105","2296506","2296810","40","33953394"
"chr5","36267924","36268225","JH378110","15808603","15808903","45","20459321"
"chr5","36270235","36270528","JH378110","18492118","18492414","43","17778117"
"chr5","36272803","36273096","JH378106","60685584","60685880","42","24412781"
"chr5","36526551","36526837","JH378156","2368738","2369030","36","34157813"
"chr5","36528269","36528575","JH378204","6690782","6691087","43","29837487"
"chr5","36545498","36545790","JH378135","1343448","1343737","37","35202050"
"chr5","36569616","36569916","JH378235","3957900","3958200","36","32611716"
"chr5","36571937","36572076","JH378158","5896766","5896907","18","30675171"
"chr5","36578500","36578794","JH378128","1631494","1631788","49","34947006"
"chr5","36581167","36581420","JH378231","5716854","5717103","47","30864313"
"chr5","36587273","36587460","JH378141","2946794","2946974","26","33640479"
"chr5","36589130","36589362","JH378211","2321219","2321454","26","34267911"
"chr5","36590405","36590705","JH378125","5364994","5365289","43","31225411"
"chr5","36596119","36596409","JH378200","261439","261727","44","36334680"
"chr5","36596559","36596840","JH378106","60796690","60796968","37","24200131"
"chr5","36604663","36604972","JH378133","19850966","19851274","45","16753697"
"chr5","36606040","36606326","JH378242","326012","326301","46","36280028"
"chr5","36637720","36638002","JH378117","26189716","26190001","42","10448004"
"chr5","36639702","36639990","JH378116","28282701","28282994","39","8357001"
"chr5","36656329","36656634","JH378125","23471973","23472284","39","13184356"
"chr5","36670355","36670643","JH378125","15313063","15313352","43","21357292"
"chr5","36672960","36673262","JH378153","14632399","14632691","56","22040561"
"chr5","36684673","36684939","JH378107","1614533","1614795","42","35070140"
"chr5","36706871","36707170","JH378105","64915693","64915991","51","28208822"
"chr5","36733443","36733739","JH378106","60939396","60939688","41","24205953"
"chr5","36799333","36799632","JH378148","3178240","3178539","39","33621093"
"chr5","36863310","36863606","JH378135","1618015","1618319","42","35245295"
"chr5","36895032","36895343","JH378107","17963578","17963881","38","18931454"
"chr5","36924079","36924367","JH378106","61155392","61155682","41","24231313"
"chr5","36983490","36983773","JH378106","61195197","61195480","39","24211707"
"chr5","37000943","37001245","JH378165","5972806","5973108","40","31028137"
"chr5","37023089","37023383","JH378153","1207598","1207894","38","35815491"
"chr5","37031860","37032158","JH378158","3359829","3360132","49","33672031"
"chr5","37047457","37047755","JH378153","14175225","14175527","36","22872232"
"chr5","37065688","37065813","JH378112","13291402","13291526","16","23774286"
"chr5","37067583","37067866","JH378279","1666661","1666937","43","35400922"
"chr5","37096248","37096555","JH378133","19850966","19851274","47","17245282"
"chr5","37099324","37099505","JH378264","1492096","1492274","24","35607228"
"chr5","37102571","37102875","JH378105","303719","304017","44","36798852"
"chr5","37103073","37103383","JH378288","1822058","1822372","50","35281015"
"chr5","37138188","37138489","JH378111","43268192","43268483","51","6130004"
"chr5","37147498","37147782","JH378106","61352566","61352854","48","24205068"
"chr5","37156232","37156534","JH378177","2562934","2563231","39","34593298"
"chr5","37168339","37168647","JH378119","2681409","2681712","39","34486930"
"chr5","37180930","37181227","JH378116","25790477","25790774","52","11390453"
"chr5","37232663","37232947","JH378106","501033","501324","41","36731630"
"chr5","37235699","37235999","JH378213","448011","448310","41","36787688"
"chr5","37267153","37267447","JH378106","56907852","56908148","38","19640699"
"chr5","37338152","37338434","JH378142","14013464","14013754","49","23324688"
"chr5","37395357","37395641","JH378197","836967","837263","42","36558390"
"chr5","37418501","37418797","JH378117","3610108","3610399","42","33808393"
"chr5","37433999","37434304","JH378171","1227829","1228136","42","36206170"
"chr5","37442622","37442927","JH378148","2797982","2798286","40","34644640"
"chr5","37453300","37453608","AGCE01150506","498","795","47","37452802"
"chr5","37464369","37464678","JH378167","3626557","3626863","48","33837812"
"chr5","37469494","37469758","JH378226","6069792","6070053","35","31399702"
"chr5","37495056","37495364","JH378161","5733023","5733338","44","31762033"
"chr5","37498724","37499029","JH378148","2797982","2798286","35","34700742"
"chr5","37504562","37504864","JH378235","3957900","3958200","37","33546662"
"chr5","37552826","37553128","JH378113","26509170","26509453","61","11043656"
"chr5","37554550","37554841","JH378153","6431962","6432251","43","31122588"
"chr5","37559417","37559713","JH378166","8279452","8279742","49","29279965"
"chr5","37564313","37564619","JH378248","3387134","3387441","44","34177179"
"chr5","37585133","37585443","JH378106","61801759","61802067","42","24216626"
"chr5","37657846","37658122","JH378246","3647232","3647503","42","34010614"
"chr5","37658353","37658651","JH378154","2415687","2415984","43","35242666"
"chr5","37670271","37670566","JH378195","2148198","2148495","36","35522073"
"chr5","37749109","37749417","JH378106","61949423","61949727","45","24200314"
"chr5","37864009","37864324","JH378118","10693452","10693756","49","27170557"
"chr5","37882963","37883247","JH378136","354228","354520","51","37528735"
"chr5","37898323","37898613","JH378105","49005959","49006238","57","11107636"
"chr5","37900925","37901227","JH378136","18824175","18824470","50","19076750"
"chr5","37911701","37912005","JH378115","27432581","27432889","47","10479120"
"chr5","37920672","37920967","JH378248","1209018","1209315","38","36711654"
"chr5","37930305","37930607","JH378149","15503626","15503919","45","22426679"
"chr5","37937783","37938082","JH378116","21873490","21873789","36","16064293"
"chr5","37939865","37940171","JH378106","62103302","62103613","39","24163437"
"chr5","37942353","37942635","JH378141","14108812","14109102","46","23833541"
"chr5","37957263","37957573","JH378136","14817827","14818135","43","23139436"
"chr5","38002527","38002832","JH378116","14428154","14428454","39","23574373"
"chr5","38029950","38030240","JH378106","62185160","62185454","41","24155210"
"chr5","38082071","38082340","JH378118","1631613","1631884","40","36450458"
"chr5","38083136","38083365","JH378119","26382919","26383146","43","11700217"
"chr5","38090934","38091236","JH378115","25675129","25675433","37","12415805"
"chr5","38156738","38157029","JH378131","1492352","1492650","42","36664386"
"chr5","38170976","38171086","JH378225","6628099","6628207","15","31542877"
"chr5","38180033","38180325","JH378122","29698719","29699010","42","8481314"
"chr5","38216359","38216659","JH378111","11464738","11465037","38","26751621"
"chr5","38219016","38219347","JH378284","371461","371790","57","37847555"
"chr5","38340473","38340626","JH378125","6922374","6922528","22","31418099"
"chr5","38611056","38611351","JH378151","16650499","16650795","45","21960557"
"chr5","38630722","38631019","JH378157","12870367","12870663","43","25760355"
"chr5","38709735","38710069","JH378105","69079408","69079727","59","30369673"
"chr5","38711438","38711755","JH378118","10693452","10693756","48","28017986"
"chr5","38717785","38718085","JH378216","2486187","2486489","53","36231598"
"chr5","38731646","38731932","JH378172","9343322","9343615","46","29388324"
"chr5","38778879","38779188","JH378106","62964487","62964806","40","24185608"
"chr5","38838781","38839079","JH378145","11332003","11332298","41","27506778"
"chr5","38846627","38846926","JH378116","14428154","14428454","37","24418473"
"chr5","38852173","38852479","JH378110","11890544","11890854","47","26961629"
"chr5","38855139","38855448","JH378279","2532931","2533234","50","36322208"
"chr5","38860346","38860652","JH378244","4198145","4198446","41","34662201"
"chr5","38864204","38864506","JH378106","63054361","63054654","40","24190157"
"chr5","38874058","38874339","JH378181","6326543","6326823","41","32547515"
"chr5","38917822","38918122","JH378145","66273","66572","49","38851549"
"chr5","38921998","38922308","JH378184","6043250","6043562","42","32878748"
"chr5","38952722","38953029","JH378135","21300881","21301186","40","17651841"
"chr5","38955536","38955827","JH378124","6001393","6001683","40","32954143"
"chr5","38967061","38967349","JH378304","1308090","1308381","43","37658971"
"chr5","38970123","38970405","JH378193","1923833","1924114","38","37046290"
"chr5","38973672","38973974","JH378123","21695970","21696268","41","17277702"
"chr5","38974786","38975080","JH378156","6535566","6535861","46","32439220"
"chr5","38984254","38984531","JH378151","10875729","10876005","45","28108525"
"chr5","39014437","39014728","JH378108","51058639","51058929","36","12044202"
"chr5","39019482","39019782","JH378149","14546048","14546350","48","24473434"
"chr5","39020636","39020931","JH378127","23045807","23046104","42","15974829"
"chr5","39028050","39028344","JH378127","22815027","22815328","42","16213023"
"chr5","39031815","39032114","JH378106","63182847","63183158","40","24151032"
"chr5","39053159","39053460","JH378114","41108079","41108386","49","2054920"
"chr5","39069130","39069430","JH378123","21695970","21696268","41","17373160"
"chr5","39081620","39081923","JH378123","21695970","21696268","42","17385650"
"chr5","39083278","39083586","JH378184","6043250","6043562","45","33040028"
"chr5","39094971","39095275","JH378118","10693452","10693756","38","28401519"
"chr5","39098614","39098906","JH378139","1889127","1889422","46","37209487"
"chr5","39103235","39103524","JH378106","63259017","63259309","52","24155782"
"chr5","39119223","39119585","JH378220","3718175","3718504","102","35401048"
"chr5","39122729","39123027","JH378189","8749784","8750086","38","30372945"
"chr5","39132238","39132549","JH378249","1601829","1602137","47","37530409"
"chr5","39139025","39139333","JH378115","20304728","20305036","47","18834297"
"chr5","39147680","39147962","JH378106","63304964","63305253","44","24157284"
"chr5","39174016","39174310","JH378106","69562637","69562935","45","30388621"
"chr5","39181475","39181789","JH378205","4278012","4278319","62","34903463"
"chr5","39220017","39220325","JH378155","5966626","5966931","49","33253391"
"chr5","39294286","39294593","JH378153","9926861","9927172","46","29367425"
"chr5","39303414","39303685","JH378106","63393210","63393474","48","24089796"
"chr5","39336856","39337151","JH378112","20815144","20815441","36","18521712"
"chr5","39349547","39349834","JH378182","9274661","9274936","70","30074886"
"chr5","39374954","39375248","JH378117","7210637","7210929","40","32164317"
"chr5","39438752","39439048","JH378242","734891","735189","39","38703861"
"chr5","39450752","39451055","JH378152","13742000","13742297","48","25708752"
"chr5","39453183","39453487","JH378151","4578678","4578981","47","34874505"
"chr5","39456302","39456606","JH378117","28380219","28380513","44","11076083"
"chr5","39491293","39491355","JH378153","1606510","1606569","9","37884783"
"chr5","39500156","39500456","JH378177","4835569","4835864","42","34664587"
"chr5","39501972","39502212","JH378137","8860442","8860683","44","30641530"
"chr5","39502215","39502496","JH378140","17057161","17057447","43","22445054"
"chr5","39503844","39504139","JH378173","12616169","12616458","39","26887675"
"chr5","39506338","39506645","JH378148","2797982","2798286","48","36708356"
"chr5","39510248","39510519","JH378232","2920110","2920380","35","36590138"
"chr5","39511055","39511354","JH378110","7881643","7881940","44","31629412"
"chr5","39520306","39520435","JH378108","22384104","22384234","16","17136202"
"chr5","39526085","39526372","JH378118","11963571","11963864","44","27562514"
"chr5","39534247","39534545","JH378107","7678002","7678296","57","31856245"
"chr5","39587978","39588260","JH378280","206067","206344","39","39381911"
"chr5","39590066","39590352","JH378137","20150823","20151112","40","19439243"
"chr5","39652850","39653147","JH378148","3100313","3100608","32","36552537"
"chr5","39653663","39653967","JH378254","2748165","2748472","33","36905498"
"chr5","39671239","39671535","JH378151","9450568","9450862","38","30220671"
"chr5","39733071","39733359","JH378106","63818527","63818812","31","24085456"
"chr5","39773423","39773717","JH378149","16695001","16695300","34","23078422"
"chr5","39807437","39807721","JH378106","63897148","63897430","36","24089711"
"chr5","39901909","39902184","JH378106","63978942","63979217","35","24077033"
"chr5","40109700","40110001","JH378146","4677820","4678116","35","35431880"
"chr5","40159805","40160116","JH378118","4589604","4589912","44","35570201"
"chr5","40170126","40170429","JH378142","11680625","11680923","41","28489501"
"chr5","40186299","40186557","JH378114","20734954","20735221","45","19451345"
"chr5","40313687","40313977","JH378156","15693115","15693398","55","24620572"
"chr5","40354767","40355048","JH378156","3213769","3214050","48","37140998"
"chr5","40368197","40368472","JH378277","169900","170182","46","40198297"
"chr5","40378585","40378879","JH378290","1449167","1449465","40","38929418"
"chr5","40407454","40407761","JH378143","598634","598941","40","39808820"
"chr5","40444892","40445193","JH378224","3699525","3699827","43","36745367"
"chr5","40456197","40456499","JH378238","4583293","4583593","59","35872904"
"chr5","40475034","40475347","JH378119","10233202","10233515","42","30241832"
"chr5","40515073","40515372","JH378193","638846","639137","48","39876227"
"chr5","40554733","40555034","JH378131","23697009","23697304","40","16857724"
"chr5","40564719","40565003","JH378121","2976112","2976395","43","37588607"
"chr5","40577897","40578029","JH378257","2518826","2518956","21","38059071"
"chr5","40588107","40588415","JH378152","16334638","16334941","41","24253469"
"chr5","40602607","40602864","JH378115","35683459","35683705","51","4919148"
"chr5","40609021","40609322","JH378127","22815027","22815328","43","17793994"
"chr5","40643101","40643403","JH378111","40734534","40734829","47","91433"
"chr5","40648387","40648697","JH378158","4130633","4130943","40","36517754"
"chr5","40666511","40666805","JH378172","4793327","4793619","39","35873184"
"chr5","40676518","40676810","JH378342","243194","243483","42","40433324"
"chr5","40677082","40677387","JH378214","2329692","2329996","42","38347390"
"chr5","40712025","40712329","JH378107","50005119","50005422","37","9293094"
"chr5","40712363","40712673","JH378192","8187095","8187406","40","32525268"
"chr5","40910850","40911142","JH378151","9450568","9450862","45","31460282"
"chr5","40915237","40915544","JH378131","940078","940383","47","39975159"
"chr5","40927778","40928071","JH378140","14147137","14147431","36","26780641"
"chr5","40931148","40931431","JH378108","52400401","52400685","55","11469253"
"chr5","40960659","40960956","JH378226","6485812","6486107","43","34474847"
"chr5","41018869","41019151","JH378105","65395855","65396137","49","24376986"
"chr5","41022708","41023010","JH378161","9835663","9835963","45","31187045"
"chr5","41037021","41037301","JH378136","14898747","14899023","34","26138274"
"chr5","41037840","41037969","JH378120","16781777","16781909","15","24256063"
"chr5","41084295","41084596","JH378141","9524229","9524528","40","31560066"
"chr5","41155935","41156229","JH378111","38162771","38163069","37","2993164"
"chr5","41167406","41167700","JH378121","17719489","17719788","42","23447917"
"chr5","41222168","41222466","JH378138","6648162","6648458","40","34574006"
"chr5","41222889","41223184","JH378106","65268543","65268826","37","24045654"
"chr5","41227171","41227479","JH378106","65273079","65273389","41","24045908"
"chr5","41237919","41238217","JH378152","13742000","13742297","40","27495919"
"chr5","41240669","41240953","JH378116","21938901","21939189","46","19301768"
"chr5","41261755","41262069","JH378213","5277626","5277930","59","35984129"
"chr5","41311785","41312085","JH378117","28380219","28380513","52","12931566"
"chr5","41325724","41326005","JH378239","5203122","5203400","39","36122602"
"chr5","41341655","41341970","JH378106","65388003","65388319","41","24046348"
"chr5","41400054","41400368","JH378284","2533277","2533588","43","38866777"
"chr5","41413105","41413251","JH378296","556970","557110","20","40856135"
"chr5","41413561","41413729","JH378131","11949009","11949176","41","29464552"
"chr5","41445076","41445358","JH378116","24058999","24059290","48","17386077"
"chr5","41470669","41470974","JH378290","1006881","1007187","46","40463788"
"chr5","41473637","41473932","JH378246","1887976","1888270","35","39585661"
"chr5","41590051","41590362","JH378106","65629817","65630120","41","24039766"
"chr5","41653111","41653411","JH378262","1865510","1865809","46","39787601"
"chr5","41752848","41753159","JH378137","16253596","16253904","47","25499252"
"chr5","41827766","41828059","JH378120","188273","188563","32","41639493"
"chr5","41893715","41894011","JH378242","734891","735189","37","41158824"
"chr5","42011337","42011628","JH378108","46198524","46198821","54","4187187"
"chr5","42026054","42026336","JH378309","732133","732419","46","41293921"
"chr5","42047900","42048191","JH378107","8700595","8700886","40","33347305"
"chr5","42076255","42076564","JH378127","1791547","1791857","56","40284708"
"chr5","42108765","42108857","JH378148","17166877","17166973","17","24941888"
"chr5","42118127","42118419","JH378141","14454762","14455052","38","27663365"
"chr5","42154738","42155022","JH378125","6538044","6538329","34","35616694"
"chr5","42158389","42158647","JH378139","13387568","13387813","54","28770821"
"chr5","42175133","42175405","JH378105","65209596","65209868","36","23034463"
"chr5","42198336","42198631","JH378117","23693197","23693497","49","18505139"
"chr5","42205495","42205785","JH378119","23415384","23415673","43","18790111"
"chr5","42211770","42212056","JH378120","576137","576427","37","41635633"
"chr5","42234663","42234958","JH378120","599151","599450","42","41635512"
"chr5","42298301","42298621","JH378151","1393143","1393460","49","40905158"
"chr5","42314194","42314473","JH378189","177130","177409","35","42137064"
"chr5","42321953","42322255","JH378157","6175235","6175536","43","36146718"
"chr5","42354991","42355298","JH378301","920694","921000","42","41434297"
"chr5","42359236","42359502","JH378137","8077566","8077832","34","34281670"
"chr5","42365755","42366038","JH378190","7563716","7564004","52","34802039"
"chr5","42368760","42369057","JH378152","13742000","13742297","41","28626760"
"chr5","42377754","42378052","JH378120","731040","731326","48","41646714"
"chr5","42379040","42379336","JH378170","1616807","1617104","36","40762233"
"chr5","42397110","42397397","JH378109","50062235","50062525","40","7665125"
"chr5","42399973","42400283","JH378118","10693452","10693756","50","31706521"
"chr5","42413033","42413324","JH378115","16549844","16550133","43","25863189"
"chr5","42421019","42421147","JH378186","47418","47549","13","42373601"
"chr5","42425061","42425363","JH378120","778664","778968","41","41646397"
"chr5","42426495","42426799","JH378120","780087","780393","46","41646408"
"chr5","42438419","42438697","JH378177","3331548","3331828","44","39106871"
"chr5","42452463","42452743","JH378164","6714567","6714844","36","35737896"
"chr5","42553341","42553611","JH378110","7925750","7926017","41","34627591"
"chr5","42578128","42578437","JH378269","2798798","2799107","42","39779330"
"chr5","42610790","42610906","JH378111","45885075","45885196","17","3274285"
"chr5","42694002","42694308","JH378180","5414645","5414952","63","37279357"
"chr5","42710705","42710968","JH378120","1084465","1084734","42","41626240"
"chr5","42718578","42718869","JH378148","3100313","3100608","38","39618265"
"chr5","42724668","42724970","JH378120","1098175","1098474","49","41626493"
"chr5","42749123","42749444","JH378118","6633242","6633554","47","36115881"
"chr5","42819198","42819482","JH378120","1193735","1194018","42","41625463"
"chr5","42828835","42829132","JH378125","7759615","7759914","45","35069220"
"chr5","42860871","42861181","JH378265","117843","118145","46","42743028"
"chr5","42873865","42874180","JH378153","9926861","9927172","46","32947004"
"chr5","42885612","42885905","JH378111","21205497","21205789","57","21680115"
"chr5","42899720","42899990","JH378177","2731243","2731515","36","40168477"
"chr5","42903367","42903660","JH378176","10695108","10695402","43","32208259"
"chr5","42911225","42911533","JH378279","1044975","1045280","44","41866250"
"chr5","42919778","42920066","JH378129","7834151","7834449","46","35085627"
"chr5","42946871","42947151","JH378121","18830566","18830841","45","24116305"
"chr5","42965663","42965959","JH378197","8546632","8546928","36","34419031"
"chr5","42966282","42966583","JH378113","15232832","15233136","40","27733450"
"chr5","42990328","42990622","JH378134","15452039","15452337","41","27538289"
"chr5","42999319","42999634","JH378107","7357584","7357892","73","35641735"
"chr5","43009337","43009639","JH378260","3812063","3812362","47","39197274"
"chr5","43021009","43021109","JH378112","21682946","21683043","19","21338063"
"chr5","43025888","43026184","JH378110","34483044","34483339","34","8542844"
"chr5","43035021","43035319","JH378225","6103213","6103503","48","36931808"
"chr5","43043922","43044218","JH378148","4090440","4090727","44","38953482"
"chr5","43051560","43051764","JH378110","29564313","29564515","32","13487247"
"chr5","43071291","43071588","JH378220","4350061","4350357","37","38721230"
"chr5","43147934","43148251","JH378118","6633242","6633554","58","36514692"
"chr5","43151075","43151364","JH378143","6673988","6674287","51","36477087"
"chr5","43169697","43169905","JH378116","37702081","37702283","37","5467616"
"chr5","43214292","43214579","JH378281","1616584","1616872","47","41597708"
"chr5","43378956","43379260","JH378129","12033076","12033373","52","31345880"
"chr5","43423965","43424268","JH378232","5082650","5082952","47","38341315"
"chr5","43449055","43449354","JH378106","49065940","49066239","49","5616885"
"chr5","43462243","43462531","JH378120","1826031","1826310","46","41636212"
"chr5","43550848","43551159","JH378241","171869","172178","43","43378979"
"chr5","43564110","43564407","JH378177","5783190","5783479","48","37780920"
"chr5","43570469","43570603","JH378197","6915951","6916089","17","36654518"
"chr5","43586284","43586582","JH378123","29416076","29416371","35","14170208"
"chr5","43591659","43592001","JH378118","10693452","10693756","70","32898207"
"chr5","43595938","43596194","JH378111","40005045","40005301","47","3590893"
"chr5","43661472","43661780","JH378118","10693452","10693756","45","32968020"
"chr5","43690597","43690905","JH378167","5297205","5297514","40","38393392"
"chr5","43698296","43698491","JH378116","37631575","37631770","31","6066721"
"chr5","43732776","43733070","JH378204","7978351","7978644","29","35754425"
"chr5","43763727","43764032","JH378124","10805017","10805321","44","32958710"
"chr5","43863437","43863725","JH378301","1550129","1550408","35","42313308"
"chr5","43894476","43894777","JH378108","18571555","18571860","52","25322921"
"chr5","43968578","43968867","JH378213","4435380","4435669","42","39533198"
"chr5","43975695","43975984","JH378172","9343322","9343615","43","34632373"
"chr5","44030570","44030871","JH378118","17322417","17322703","79","26708153"
"chr5","44052639","44052944","JH378119","11311026","11311320","49","32741613"
"chr5","44087973","44088110","JH378232","5487123","5487266","18","38600850"
"chr5","44200350","44200652","JH378197","3241273","3241575","35","40959077"
"chr5","44253491","44253802","JH378276","134131","134438","44","44119360"
"chr5","44291663","44291977","JH378120","2629706","2630000","50","41661957"
"chr5","44299628","44299914","JH378216","3323731","3324020","40","40975897"
"chr5","44303054","44303342","JH378265","117843","118145","51","44185211"
"chr5","44306266","44306395","JH378213","4209495","4209630","15","40096771"
"chr5","44306740","44306922","JH378118","17270905","17271080","41","27035835"
"chr5","44320608","44320908","JH378153","14175225","14175527","48","30145383"
"chr5","44327741","44328049","JH378117","37732677","37732982","49","6595064"
"chr5","44331986","44332205","JH378218","6495070","6495289","36","37836916"
"chr5","44342240","44342536","JH378178","8042470","8042765","38","36299770"
"chr5","44357083","44357391","JH378131","1383377","1383686","39","42973706"
"chr5","44363974","44364287","JH378116","22378952","22379256","44","21985022"
"chr5","44383135","44383445","JH378248","1153119","1153424","42","43230016"
"chr5","44392976","44393275","JH378129","21695439","21695731","58","22697537"
"chr5","44397261","44397563","JH378235","3957900","3958200","39","40439361"
"chr5","44408858","44409163","JH378259","2348757","2349064","48","42060101"
"chr5","44429289","44429566","JH378152","12498412","12498689","46","31930877"
"chr5","44446335","44446643","JH378106","67271498","67271802","45","22825163"
"chr5","44455590","44455688","JH378222","6449627","6449721","18","38005963"
"chr5","44466025","44466290","JH378120","9959320","9959583","50","34506705"
"chr5","44483334","44483421","JH378108","53979242","53979329","12","9495908"
"chr5","44483717","44483942","JH378153","11627986","11628213","46","32855731"
"chr5","44484116","44484409","JH378204","3222855","3223147","34","41261261"
"chr5","44495321","44495596","JH378167","6098594","6098882","46","38396727"
"chr5","44498209","44498502","JH378219","3430850","3431145","52","41067359"
"chr5","44499257","44499550","JH378306","1121831","1122118","43","43377426"
"chr5","44504031","44504299","JH378154","1153211","1153480","42","43350820"
"chr5","45855083","45855378","JH378220","4350061","4350357","56","41505022"
"chr5","45856282","45856590","JH378120","2865515","2865820","41","42990767"
"chr5","45858154","45858465","JH378114","36876536","36876843","49","8981618"
"chr5","45860355","45860651","JH378119","2681409","2681712","42","43178946"
"chr5","45871629","45871931","JH378142","1173704","1174003","44","44697925"
"chr5","45873801","45874094","JH378247","4426259","4426553","34","41447542"
"chr5","45881401","45881492","JH378106","6852864","6852948","18","39028537"
"chr5","45885411","45885709","JH378290","1190569","1190859","50","44694842"
"chr5","45897560","45897860","JH378156","3853230","3853526","40","42044330"
"chr5","45903415","45903717","JH378235","3957900","3958200","47","41945515"
"chr5","45914275","45914577","JH378148","13262362","13262662","40","32651913"
"chr5","45918368","45918696","JH378135","21290356","21290683","48","24628012"
"chr5","45922224","45922533","JH378135","16046002","16046306","41","29876222"
"chr5","45941352","45941641","JH378189","6757205","6757496","42","39184147"
"chr5","45946041","45946345","JH378114","41541862","41542163","41","4404179"
"chr5","45947204","45947497","JH378120","31691990","31692282","47","14255214"
"chr5","45958309","45958439","JH378261","3036908","3037036","18","42921401"
"chr5","45971709","45972013","JH378114","6331983","6332282","54","39639726"
"chr5","45979121","45979431","JH378148","13262362","13262662","43","32716759"
"chr5","45992403","45992703","JH378119","27912066","27912365","38","18080337"
"chr5","46000372","46000658","JH378141","13306055","13306336","36","32694317"
"chr5","46016034","46016340","JH378235","3957900","3958200","54","42058134"
"chr5","46024468","46024739","JH378110","7925750","7926017","34","38098718"
"chr5","46034562","46034822","JH378164","14397826","14398081","43","31636736"
"chr5","46049640","46049932","JH378310","1213259","1213547","44","44836381"
"chr5","46050453","46050744","JH378112","32590536","32590832","42","13459917"
"chr5","46057430","46057643","JH378164","11414062","11414284","38","34643368"
"chr5","46064612","46064905","JH378110","10950543","10950836","35","35114069"
"chr5","46071943","46072233","JH378119","360557","360852","44","45711386"
"chr5","46085227","46085516","JH378191","649925","650214","39","45435302"
"chr5","46086270","46086587","JH378118","10693452","10693756","46","35392818"
"chr5","46110967","46111250","JH378198","6180573","6180856","37","39930394"
"chr5","46120569","46120860","JH378203","2520598","2520893","35","43599971"
"chr5","46123060","46123354","JH378136","12221741","12222036","41","33901319"
"chr5","46125092","46125376","JH378112","12605686","12605972","39","33519406"
"chr5","46125452","46125747","JH378112","32039521","32039815","44","14085931"
"chr5","46126214","46126540","JH378172","12346607","12346929","62","33779607"
"chr5","46142918","46143204","JH378140","4991556","4991842","36","41151362"
"chr5","46151428","46151754","JH378109","25846015","25846327","66","20305413"
"chr5","46157262","46157618","JH378143","18549579","18549916","76","27607683"
"chr5","46163248","46163545","JH378185","6039029","6039324","40","40124219"
"chr5","46166259","46166556","JH378115","27206247","27206545","41","18960012"
"chr5","46171345","46171632","JH378106","3058385","3058676","37","43112960"
"chr5","46174845","46175149","JH378226","213485","213787","42","45961360"
"chr5","46187558","46187851","JH378131","1474328","1474605","57","44713230"
"chr5","46248417","46248709","JH378136","354228","354520","36","45894189"
"chr5","46251613","46251909","JH378200","4317868","4318159","39","41933745"
"chr5","46256407","46256699","JH378114","19929654","19929945","38","26326753"
"chr5","46257201","46257489","JH378110","7408431","7408721","39","38848770"
"chr5","46259639","46259922","JH378139","17086414","17086694","35","29173225"
"chr5","46266181","46266455","JH378135","184574","184850","48","46081607"
"chr5","46266630","46266751","JH378141","5895103","5895224","33","40371527"
"chr5","46268026","46268321","JH378242","734891","735189","33","45533135"
"chr5","46273371","46273654","JH378120","24589503","24589764","56","21683868"
"chr5","46287749","46288047","JH378129","14233578","14233874","36","32054171"
"chr5","46292072","46292372","JH378153","7052266","7052556","55","39239806"
"chr5","46303994","46304289","JH378115","34860842","34861138","55","11443152"
"chr5","46313781","46314079","JH378288","2786677","2786981","48","43527104"
"chr5","46320203","46320507","JH378135","18367896","18368194","57","27952307"
"chr5","46324110","46324376","JH378141","19313862","19314135","47","27010248"
"chr5","46328783","46329082","JH378262","1936694","1936996","34","44392089"
"chr5","46347726","46348032","JH378111","8278329","8278632","42","38069397"
"chr5","46358211","46358503","JH378113","37746442","37746729","52","8611769"
"chr5","46359684","46359823","JH378105","46725246","46725388","18","365562"
"chr5","46360143","46360298","JH378244","3944142","3944302","32","42416001"
"chr5","46361367","46361683","JH378277","310682","310988","51","46050685"
"chr5","46361730","46362029","JH378120","3373426","3373728","43","42988304"
"chr5","46371664","46371918","JH378222","6268724","6268969","41","40102940"
"chr5","46384996","46385277","JH378213","4422853","4423134","44","41962143"
"chr5","46386797","46387095","JH378151","4578678","4578981","41","41808119"
"chr5","46397968","46398277","JH378137","17631559","17631862","47","28766409"
"chr5","46409708","46410010","JH378220","6273810","6274113","56","40135898"
"chr5","46411894","46412172","JH378186","8518404","8518690","47","37893490"
"chr5","46417408","46417691","JH378267","463347","463634","36","45954061"
"chr5","46431685","46431977","JH378127","16083164","16083457","48","30348521"
"chr5","46433198","46433486","JH378147","15737992","15738279","39","30695206"
"chr5","46433507","46433621","JH378109","14047867","14047982","16","32385640"
"chr5","46433651","46433818","JH378105","35832385","35832546","33","10601266"
"chr5","46446553","46446845","JH378116","14428154","14428454","40","32018399"
"chr5","46488447","46488743","JH378120","3496219","3496521","41","42992228"
"chr5","46523123","46523423","JH378120","3509243","3509550","48","43013880"
"chr5","46524113","46524419","JH378149","1955740","1956029","65","44568373"
"chr5","46526046","46526347","JH378144","18383381","18383679","40","28142665"
"chr5","46536637","46536933","JH378243","90680","90981","44","46445957"
"chr5","46555722","46556024","JH378112","33033903","33034201","46","13521819"
"chr5","46563919","46564226","JH378203","7036188","7036492","49","39527731"
"chr5","46571250","46571533","JH378112","31816682","31816964","38","14754568"
"chr5","46652839","46653125","JH378127","5317720","5318008","41","41335119"
"chr5","46729918","46730209","JH378124","6001393","6001683","42","40728525"
"chr5","46760922","46761192","JH378245","2478506","2478773","49","44282416"
"chr5","46770215","46770530","JH378120","3779248","3779567","54","42990967"
"chr5","46789254","46789548","JH378108","33547500","33547795","43","13241754"
"chr5","46845457","46845774","JH378163","12738276","12738587","74","34107181"
"chr5","46991947","46992244","JH378113","14532240","14532539","43","32459707"
"chr5","47016835","47017107","JH378184","5326135","5326413","39","41690700"
"chr5","47050332","47050635","JH378135","16046002","16046306","43","31004330"
"chr5","47058611","47058909","JH378108","30957686","30957982","40","16100925"
"chr5","47067687","47067999","JH378108","23566444","23566748","54","23501243"
"chr5","47210911","47211206","JH378153","14632399","14632691","40","32578512"
"chr5","47241125","47241422","JH378117","26590694","26590991","42","20650431"
"chr5","47318479","47318763","JH378110","20599125","20599412","53","26719354"
"chr5","47331281","47331576","JH378116","25790477","25790774","40","21540804"
"chr5","47363048","47363356","JH378106","64277322","64277634","54","16914274"
"chr5","47388855","47389166","JH378246","2033796","2034100","46","45355059"
"chr5","47392803","47393106","JH378140","14184512","14184820","47","33208291"
"chr5","47398981","47399270","JH378116","28282701","28282994","41","19116280"
"chr5","47402547","47402821","JH378105","5769531","5769800","39","41633016"
"chr5","47419221","47419523","JH378265","117843","118145","38","47301378"
"chr5","47430090","47430393","JH378135","18736973","18737278","57","28693117"
"chr5","47433548","47433855","JH378120","4438901","4439206","32","42994647"
"chr5","47484603","47484877","JH378105","5769531","5769800","51","41715072"
"chr5","47533232","47533542","JH378255","1987046","1987357","43","45546186"
"chr5","47563703","47564001","JH378120","4560760","4561061","41","43002943"
"chr5","47566524","47566823","JH378121","9612204","9612501","34","37954320"
"chr5","47793415","47793688","JH378144","16421291","16421555","52","31372124"
"chr5","47892407","47892708","JH378191","5594000","5594301","45","42298407"
"chr5","47970200","47970500","JH378152","13332030","13332334","39","34638170"
"chr5","48008207","48008339","JH378108","45182926","45183057","17","2825281"
"chr5","48046528","48046821","JH378190","1394904","1395199","38","46651624"
"chr5","48094381","48094664","JH378120","5025486","5025775","41","43068895"
"chr5","48238833","48239069","JH378232","711310","711545","33","47527523"
"chr5","48242128","48242421","JH378185","6039029","6039324","40","42203099"
"chr5","48251569","48251846","JH378110","18763069","18763344","43","29488500"
"chr5","48434230","48434543","JH378220","707046","707356","49","47727184"
"chr5","48521722","48522016","JH378116","21584425","21584722","40","26937297"
"chr5","48627832","48628140","JH378113","26550017","26550324","38","22077815"
"chr5","48642137","48642436","JH378188","7232167","7232465","50","41409970"
"chr5","48644116","48644419","JH378173","9472851","9473151","41","39171265"
"chr5","48648485","48648793","JH378301","920694","921000","44","47727791"
"chr5","48670211","48670545","JH378108","32599519","32599839","62","16070692"
"chr5","48697636","48697940","JH378118","10693452","10693756","34","38004184"
"chr5","48705436","48705790","JH378120","5636254","5636595","68","43069182"
"chr5","48778177","48778494","JH378254","3143498","3143797","59","45634679"
"chr5","49010549","49010784","JH378140","8156602","8156836","31","40853947"
"chr5","49096657","49096966","JH378127","1791547","1791857","49","47305110"
"chr5","49190060","49190370","JH378135","21300881","21301186","48","27889179"
"chr5","49254785","49255070","JH378152","14449530","14449815","41","34805255"
"chr5","49436840","49437131","JH378107","19957506","19957791","42","29479334"
"chr5","49437751","49438050","JH378225","962832","963129","42","48474919"
"chr5","49671219","49671499","JH378255","3804849","3805130","44","45866370"
"chr5","49688723","49689042","JH378119","2681409","2681712","52","47007314"
"chr5","49692381","49692661","JH378120","6473844","6474128","37","43218537"
"chr5","49701974","49702242","JH378228","5654163","5654435","44","44047811"
"chr5","49710710","49711008","JH378223","67457","67744","69","49643253"
"chr5","49724492","49724770","JH378177","10503578","10503854","45","39220914"
"chr5","49788275","49788566","JH378180","5047484","5047772","49","44740791"
"chr5","49803083","49803391","JH378135","3487580","3487886","46","46315503"
"chr5","49826521","49826822","JH378281","2670896","2671182","48","47155625"
"chr5","49851601","49851893","JH378114","42521542","42521831","45","7330059"
"chr5","49858595","49858889","JH378275","1841898","1842192","52","48016697"
"chr5","49870210","49870381","JH378105","35832385","35832546","28","14037825"
"chr5","49870716","49870842","JH378131","729084","729205","16","49141632"
"chr5","49881803","49882005","JH378140","6993546","6993750","29","42888257"
"chr5","49886901","49887194","JH378120","6682772","6683053","53","43204129"
"chr5","49908079","49908383","JH378197","3241273","3241575","48","46666806"
"chr5","49920608","49920907","JH378106","69562637","69562935","46","19642029"
"chr5","49924464","49924761","JH378235","3957900","3958200","52","45966564"
"chr5","49940219","49940545","JH378151","6339487","6339802","62","43600732"
"chr5","49944545","49944855","JH378189","3976340","3976643","41","45968205"
"chr5","49958591","49958904","JH378120","6744543","6744864","43","43214048"
"chr5","49961296","49961597","JH378214","2705514","2705812","42","47255782"
"chr5","49962571","49962693","JH378183","2343554","2343678","23","47619017"
"chr5","49969180","49969440","JH378135","4531365","4531638","48","45437815"
"chr5","49970736","49970882","JH378128","25274620","25274764","18","24696116"
"chr5","49974289","49974600","JH378139","11244771","11245079","41","38729518"
"chr5","49987524","49987820","JH378244","3973125","3973417","33","46014399"
"chr5","50002389","50002686","JH378114","38818344","38818646","58","11184045"
"chr5","50004014","50004306","JH378139","1944019","1944317","38","48059995"
"chr5","50016379","50016669","JH378167","11202084","11202374","45","38814295"
"chr5","50022153","50022454","JH378290","1449167","1449465","48","48572986"
"chr5","50026297","50026604","JH378106","69412305","69412606","47","19386008"
"chr5","50033562","50033817","JH378120","6841259","6841508","43","43192303"
"chr5","50034044","50034329","JH378216","4809975","4810272","44","45224069"
"chr5","50038686","50039001","JH378120","6846704","6847011","46","43191982"
"chr5","50067729","50068013","JH378135","2083499","2083789","40","47984230"
"chr5","50068639","50068935","JH378117","23693197","23693497","42","26375442"
"chr5","50087127","50087463","JH378152","16329204","16329555","98","33757923"
"chr5","50143092","50143384","JH378117","6076538","6076831","36","44066554"
"chr5","50149298","50149588","JH378123","22471903","22472194","48","27677395"
"chr5","50149591","50149745","JH378133","7666290","7666425","35","42483301"
"chr5","50152697","50152994","JH378216","6521976","6522275","59","43630721"
"chr5","50153005","50153298","JH378204","3945411","3945718","45","46207594"
"chr5","50160631","50160924","JH378116","27863685","27863978","41","22296946"
"chr5","50209541","50209847","JH378207","7231848","7232157","53","42977693"
"chr5","50219272","50219563","JH378340","107206","107498","42","50112066"
"chr5","50256054","50256306","JH378214","3038362","3038624","49","47217692"
"chr5","50274542","50274839","JH378117","28666592","28666888","49","21607950"
"chr5","50285571","50285869","JH378130","1568570","1568862","46","48717001"
"chr5","50303639","50303914","JH378113","3863771","3864041","46","46439868"
"chr5","50342101","50342391","JH378107","18528822","18529113","39","31813279"
"chr5","50370053","50370336","JH378126","22867235","22867530","46","27502818"
"chr5","50405027","50405340","JH378120","7234715","7235011","52","43170312"
"chr5","50427047","50427359","JH378150","8762710","8763014","50","41664337"
"chr5","50518510","50518788","JH378271","1015797","1016086","42","49502713"
"chr5","50524337","50524655","JH378157","8084904","8085208","49","42439433"
"chr5","50546514","50546806","JH378137","9382406","9382700","38","41164108"
"chr5","50590141","50590438","JH378148","2754402","2754696","36","47835739"
"chr5","50604472","50604777","JH378151","4578678","4578981","43","46025794"
"chr5","50658245","50658456","JH378151","3312151","3312357","27","47346094"
"chr5","50677086","50677399","JH378125","15905920","15906229","47","34771166"
"chr5","50712060","50712314","JH378114","42416604","42416858","36","8295456"
"chr5","50807266","50807572","JH378288","2437251","2437554","37","48370015"
"chr5","50811366","50811661","JH378129","8012851","8013145","55","42798515"
"chr5","50872006","50872287","JH378232","3348298","3348573","37","47523708"
"chr5","50947562","50947870","JH378120","7782960","7783264","44","43164602"
"chr5","50985838","50986133","JH378111","40734534","40734829","41","10251304"
"chr5","51007250","51007535","JH378120","7853595","7853881","40","43153655"
"chr5","51021056","51021350","JH378152","13742000","13742297","40","37279056"
"chr5","51098309","51098589","JH378187","6699600","6699879","46","44398709"
"chr5","51150700","51150988","JH378255","2973523","2973815","53","48177177"
"chr5","51326337","51326619","JH378173","2558012","2558297","49","48768325"
"chr5","51371879","51372084","JH378234","3141655","3141856","31","48230224"
"chr5","51421712","51422010","JH378262","1936694","1936996","45","49485018"
"chr5","51514548","51514727","JH378135","1592367","1592548","31","49922181"
"chr5","51535517","51535798","JH378120","8403021","8403305","45","43132496"
"chr5","51579036","51579321","JH378120","8443447","8443732","30","43135589"
"chr5","51607724","51608060","JH378122","7104036","7104320","90","44503688"
"chr5","51632992","51633287","JH378195","7251346","7251642","41","44381646"
"chr5","51864772","51865072","JH378108","34552149","34552452","52","17312623"
"chr5","51935298","51935615","JH378105","17620825","17621134","49","34314473"
"chr5","51939263","51939558","JH378116","14428154","14428454","39","37511109"
"chr5","52163320","52163600","JH378195","5467938","5468219","41","46695382"
"chr5","52321348","52321624","JH378152","16250304","16250576","47","36071044"
"chr5","52366840","52367141","JH378125","7759615","7759914","46","44607225"
"chr5","52388800","52389098","JH378123","21695970","21696268","42","30692830"
"chr5","52389260","52389548","JH378153","3641759","3642052","68","48747501"
"chr5","52449068","52449356","JH378118","17447772","17448068","41","35001296"
"chr5","52577871","52578164","JH378120","9467338","9467637","42","43110533"
"chr5","52642053","52642350","JH378111","38162771","38163069","43","14479282"
"chr5","52669860","52670142","JH378153","6890101","6890384","41","45779759"
"chr5","52704209","52704492","JH378127","1087443","1087725","42","51616766"
"chr5","52730066","52730356","JH378157","8047049","8047337","35","44683017"
"chr5","52769964","52770074","JH378106","8281070","8281193","24","44488894"
"chr5","52941236","52941531","JH378153","14175225","14175527","43","38766011"
"chr5","52972795","52973087","JH378115","34769363","34769654","36","18203432"
"chr5","52996121","52996429","JH378154","13561581","13561891","40","39434540"
"chr5","53024243","53024534","JH378120","9944802","9945093","50","43079441"
"chr5","53035291","53035591","JH378152","13742000","13742297","33","39293291"
"chr5","53044628","53044938","JH378118","1679282","1679587","44","51365346"
"chr5","53049821","53049947","JH378153","15631943","15632065","17","37417878"
"chr5","53077856","53078161","JH378148","16955481","16955786","43","36122375"
"chr5","53088316","53088595","JH378146","453293","453569","43","52635023"
"chr5","53125894","53126197","JH378143","9041804","9042102","40","44084090"
"chr5","53136319","53136646","JH378108","38073678","38073985","59","15062641"
"chr5","53146577","53146856","JH378114","41996207","41996493","57","11150370"
"chr5","53168233","53168536","JH378115","26938492","26938795","46","26229741"
"chr5","53180571","53180866","JH378123","5667081","5667374","48","47513490"
"chr5","53204049","53204338","JH378153","8478842","8479132","43","44725207"
"chr5","53231473","53231764","JH378106","5353865","5354142","49","47877608"
"chr5","53232063","53232358","JH378341","459391","459680","52","52772672"
"chr5","53232897","53233154","JH378127","19182180","19182431","56","34050717"
"chr5","53258289","53258585","JH378173","9132197","9132491","40","44126092"
"chr5","53261758","53262057","JH378123","21695970","21696268","38","31565788"
"chr5","53263524","53263800","JH378111","43268192","43268483","50","9995332"
"chr5","53278153","53278263","JH378115","32668354","32668464","9","20609799"
"chr5","53292735","53293024","JH378107","8700595","8700886","38","44592140"
"chr5","53323331","53323631","JH378125","19474059","19474357","34","33849272"
"chr5","53330468","53330754","JH378186","512218","512506","41","52818250"
"chr5","53335978","53336295","JH378235","3957900","3958200","52","49378078"
"chr5","53443364","53443661","JH378167","6875653","6875957","42","46567711"
"chr5","53456095","53456393","JH378152","13742000","13742297","37","39714095"
"chr5","53462831","53463143","JH378118","10693452","10693756","52","42769379"
"chr5","53469481","53469781","JH378198","1639176","1639469","38","51830305"
"chr5","53692699","53692996","JH378106","6755249","6755548","47","46937450"
"chr5","53714146","53714448","JH378216","1807069","1807376","47","51907077"
"chr5","53718360","53718664","JH378120","10678417","10678722","47","43039943"
"chr5","53764574","53764855","JH378146","453293","453569","41","53311281"
"chr5","53781461","53781753","JH378154","15956371","15956664","52","37825090"
"chr5","53944313","53944594","JH378262","1695586","1695867","41","52248727"
"chr5","54010803","54011089","JH378152","14449530","14449815","36","39561273"
"chr5","54024528","54024837","JH378219","3509280","3509589","43","50515248"
"chr5","54161922","54162216","JH378191","967537","967830","38","53194385"
"chr5","54185952","54186265","JH378160","12202742","12203045","45","41983210"
"chr5","54272559","54272828","JH378246","657584","657864","56","53614975"
"chr5","54296508","54296799","JH378136","354228","354520","40","53942280"
"chr5","54302326","54302623","JH378255","3447746","3448043","47","50854580"
"chr5","54322261","54322535","JH378105","50034667","50034949","50","4287594"
"chr5","54324780","54325078","JH378116","14428154","14428454","46","39896626"
"chr5","54325278","54325586","JH378112","26626058","26626373","49","27699220"
"chr5","54328056","54328338","JH378233","253592","253866","39","54074464"
"chr5","54378546","54378826","JH378177","3761735","3762014","38","50616811"
"chr5","54387425","54387732","JH378115","26938492","26938795","45","27448933"
"chr5","54390454","54390765","JH378106","69063427","69063728","41","14672973"
"chr5","54487607","54487910","JH378106","63054361","63054654","41","8566754"
"chr5","54540904","54541206","JH378148","3015296","3015593","45","51525608"
"chr5","54554199","54554449","JH378150","8031994","8032224","57","46522205"
"chr5","54559108","54559401","JH378120","11556726","11557025","48","43002382"
"chr5","54602363","54602656","JH378127","19348533","19348831","36","35253830"
"chr5","54622145","54622440","JH378106","37410243","37410537","36","17211902"
"chr5","54662543","54662833","JH378213","5214240","5214530","45","49448303"
"chr5","54672884","54673176","JH378253","1812488","1812781","47","52860396"
"chr5","54681233","54681514","JH378190","2110516","2110800","50","52570717"
"chr5","54682683","54682761","JH378105","34759762","34759839","8","19922921"
"chr5","54707920","54708227","JH378134","18476109","18476404","49","36231811"
"chr5","54781495","54781630","JH378133","7666290","7666425","12","47115205"
"chr5","54806030","54806328","JH378220","667156","667455","49","54138874"
"chr5","54816043","54816273","JH378122","6183298","6183540","48","48632745"
"chr5","54824525","54824832","JH378116","22378952","22379256","46","32445573"
"chr5","54859525","54859833","JH378247","561987","562291","46","54297538"
"chr5","55084601","55084932","JH378165","2673150","2673480","49","52411451"
"chr5","55089264","55089563","JH378120","12073401","12073693","44","43015863"
"chr5","55126941","55127251","JH378122","363357","363667","58","54763584"
"chr5","55170691","55171026","JH378119","5507162","5507493","67","49663529"
"chr5","55180685","55180998","JH378114","41499633","41499943","47","13681052"
"chr5","55278094","55278399","JH378138","6932040","6932346","53","48346054"
"chr5","55342077","55342380","JH378120","4438901","4439206","44","50903176"
"chr5","55370490","55370780","JH378116","15310401","15310684","41","40060089"
"chr5","55508420","55508686","JH378114","42565554","42565819","47","12942866"
"chr5","55726002","55726298","JH378108","30957686","30957982","42","24768316"
"chr5","55742465","55742759","JH378119","11311026","11311320","46","44431439"
"chr5","55837282","55837594","JH378113","22500385","22500697","39","33336897"
"chr5","55884837","55885122","JH378153","2014992","2015267","46","53869845"
"chr5","55887601","55887884","JH378122","7809799","7810085","33","48077802"
"chr5","55902491","55902776","JH378108","50685837","50686123","47","5216654"
"chr5","55905945","55906241","JH378120","12882503","12882800","43","43023442"
"chr5","56130850","56131159","JH378149","460512","460811","48","55670338"
"chr5","56209900","56210195","JH378167","1562846","1563136","55","54647054"
"chr5","56211915","56212221","JH378248","3387134","3387441","43","52824781"
"chr5","56465169","56465460","JH378135","10385826","10386116","41","46079343"
"chr5","56537343","56537651","JH378188","9401785","9402089","46","47135558"
"chr5","56570061","56570355","JH378116","28282701","28282994","43","28287360"
"chr5","56577760","56578042","JH378243","2589490","2589772","51","53988270"
"chr5","56624294","56624591","JH378115","6315258","6315558","43","50309036"
"chr5","56653590","56653878","JH378113","5899071","5899351","47","50754519"
"chr5","56704891","56705203","JH378110","2590007","2590314","44","54114884"
"chr5","56731439","56731739","JH378153","14704937","14705234","42","42026502"
"chr5","56808999","56809308","JH378151","4578678","4578981","40","52230321"
"chr5","56826651","56826933","JH378120","13800784","13801072","39","43025867"
"chr5","56835613","56835886","JH378127","12721842","12722114","37","44113771"
"chr5","56933621","56933913","JH378111","43268192","43268483","40","13665429"
"chr5","56935851","56936133","JH378173","4795221","4795500","36","52140630"
"chr5","57023799","57024106","JH378279","2532931","2533234","38","54490868"
"chr5","57246243","57246419","JH378127","8381348","8381524","26","48864895"
"chr5","57275012","57275308","JH378151","4578678","4578981","42","52696334"
"chr5","57315955","57316248","JH378112","33033903","33034201","49","24282052"
"chr5","57394536","57394834","JH378197","3241273","3241575","33","54153263"
"chr5","57416232","57416502","JH378110","7125375","7125650","48","50290857"
"chr5","57437569","57437680","JH378217","100735","100849","14","57336834"
"chr5","57452585","57452876","JH378111","21205497","21205789","39","36247088"
"chr5","57485575","57485857","JH378117","32546315","32546609","46","24939260"
"chr5","57500042","57500307","JH378119","2331532","2331790","44","55168510"
"chr5","57606499","57606793","JH378114","41403997","41404287","35","16202502"
"chr5","58184068","58184368","JH378153","14175225","14175527","49","44008843"
"chr5","58194003","58194300","JH378283","1555730","1556029","36","56638273"
"chr5","58306252","58306546","JH378105","17592520","17592809","46","40713732"
"chr5","58341672","58341980","JH378109","40710999","40711306","49","17630673"
"chr5","58361645","58361928","JH378106","62829850","62830129","39","4468205"
"chr5","58381608","58381913","JH378204","3129799","3130101","46","55251809"
"chr5","58383173","58383465","JH378142","907855","908149","37","57475318"
"chr5","58384869","58385160","JH378105","49483592","49483887","44","8901277"
"chr5","58402303","58402593","JH378141","14454762","14455052","39","43947541"
"chr5","58410385","58410520","JH378107","55895704","55895839","20","2514681"
"chr5","58411156","58411312","JH378137","19323143","19323313","38","39088013"
"chr5","58419073","58419143","JH378131","906971","907041","12","57512102"
"chr5","58429155","58429429","JH378233","253592","253866","50","58175563"
"chr5","58437413","58437484","JH378115","15102606","15102684","15","43334807"
"chr5","58438657","58438876","JH378137","6551996","6552220","39","51886661"
"chr5","58440561","58440845","JH378213","4435380","4435669","39","54005181"
"chr5","58449327","58449624","JH378246","1887976","1888270","37","56561351"
"chr5","58453321","58453587","JH378108","50701171","50701432","43","7752150"
"chr5","58477145","58477442","JH378195","7859880","7860176","41","50617265"
"chr5","58479101","58479393","JH378193","1868175","1868464","51","56610926"
"chr5","58482949","58483028","JH378129","5159161","5159238","33","53323788"
"chr5","58483752","58484040","JH378213","4435380","4435669","40","54048372"
"chr5","58490800","58491149","JH378139","7994155","7994495","62","50496645"
"chr5","58509736","58510031","JH378130","12502533","12502827","40","46007203"
"chr5","58517092","58517393","JH378109","14377825","14378124","49","44139267"
"chr5","58521849","58522150","JH378205","1512073","1512381","65","57009776"
"chr5","58544500","58544814","JH378108","50609420","50609729","47","7935080"
"chr5","58562342","58562648","JH378156","1957253","1957571","55","56605089"
"chr5","58579224","58579527","JH378148","13262362","13262662","41","45316862"
"chr5","58579891","58580190","JH378116","25790477","25790774","42","32789414"
"chr5","58593561","58593849","JH378139","369956","370243","42","58223605"
"chr5","58608745","58608971","JH378105","50037741","50037977","37","8571004"
"chr5","58610388","58610699","JH378107","22072988","22073289","49","36537400"
"chr5","58611972","58612249","JH378131","782846","783128","46","57829126"
"chr5","58631762","58632054","JH378291","130444","130734","51","58501318"
"chr5","58637739","58638032","JH378226","6485812","6486107","28","52151927"
"chr5","58643948","58644257","JH378273","1125052","1125360","43","57518896"
"chr5","58662219","58662509","JH378197","308596","308891","41","58353623"
"chr5","58671302","58671396","JH378116","8379737","8379832","14","50291565"
"chr5","58692358","58692622","JH378137","276303","276579","55","58416055"
"chr5","58701544","58701676","JH378328","484451","484582","12","58217093"
"chr5","58728054","58728358","JH378173","6575149","6575450","36","52152905"
"chr5","58752267","58752563","JH378110","15808603","15808903","46","42943664"
"chr5","58755309","58755605","JH378120","15624293","15624589","35","43131016"
"chr5","58819283","58819583","JH378116","14428154","14428454","42","44391129"
"chr5","58836375","58836668","JH378111","43268192","43268483","39","15568183"
"chr5","58852960","58853259","JH378242","734891","735189","38","58118069"
"chr5","58925600","58925879","JH378116","25797983","25798262","42","33127617"
"chr5","58939710","58940007","JH378106","69562637","69562935","38","10622927"
"chr5","58948790","58949109","JH378226","343656","343966","49","58605134"
"chr5","58973518","58973789","JH378213","4422853","4423134","39","54550665"
"chr5","59021658","59021909","JH378186","1298760","1299013","40","57722898"
"chr5","59046951","59047249","JH378163","13606253","13606552","41","45440698"
"chr5","59088846","59089051","JH378130","12601535","12601752","47","46487311"
"chr5","59089054","59089167","JH378219","3394998","3395112","11","55694056"
"chr5","59162803","59163072","JH378129","7904556","7904829","47","51258247"
"chr5","59173477","59173612","JH378213","4209495","4209630","12","54963982"
"chr5","59200348","59200653","JH378177","441165","441464","39","58759183"
"chr5","59279881","59280179","JH378153","14175225","14175527","48","45104656"
"chr5","59318338","59318639","JH378170","8119286","8119586","38","51199052"
"chr5","59323530","59323817","JH378129","7948440","7948728","46","51375090"
"chr5","59324049","59324166","JH378164","7176146","7176267","17","52147903"
"chr5","59333353","59333652","JH378120","16211505","16211798","37","43121848"
"chr5","59375629","59375932","JH378213","4603416","4603708","52","54772213"
"chr5","59400571","59400879","JH378154","13561581","13561891","48","45838990"
"chr5","59402775","59403071","JH378106","9665994","9666288","57","49736781"
"chr5","59464891","59465200","JH378161","9145572","9145873","42","50319319"
"chr5","59468241","59468545","JH378187","3252575","3252870","46","56215666"
"chr5","59473093","59473402","JH378265","383863","384173","44","59089230"
"chr5","59528207","59528506","JH378216","2126143","2126440","43","57402064"
"chr5","59562588","59562881","JH378111","43268192","43268483","33","16294396"
"chr5","59566033","59566334","JH378120","16440137","16440439","42","43125896"
"chr5","59570402","59570695","JH378259","3560296","3560587","42","56010106"
"chr5","59571998","59572286","JH378115","15001483","15001774","43","44570515"
"chr5","59587491","59587772","JH378120","16462370","16462647","43","43125121"
"chr5","59615319","59615625","JH378262","1936694","1936996","36","57678625"
"chr5","59623288","59623605","JH378112","37872057","37872365","48","21751231"
"chr5","59690415","59690699","JH378140","5252270","5252567","53","54438145"
"chr5","59699131","59699422","JH378234","3464981","3465279","40","56234150"
"chr5","59713749","59714055","JH378239","5411883","5412183","41","54301866"
"chr5","59722322","59722601","JH378114","25911458","25911737","39","33810864"
"chr5","59732598","59732889","JH378135","1649406","1649695","39","58083192"
"chr5","59740180","59740496","JH378123","28766081","28766389","43","30974099"
"chr5","59746319","59746623","JH378120","3234972","3235279","47","56511347"
"chr5","59750096","59750383","JH378163","9182756","9183045","37","50567340"
"chr5","59775606","59775896","JH378153","14658508","14658797","36","45117098"
"chr5","59784719","59785013","JH378106","60199506","60199795","44","414787"
"chr5","59788894","59789202","JH378120","16681467","16681776","41","43107427"
"chr5","59797488","59797769","JH378113","6046584","6046864","50","53750904"
"chr5","59809600","59809843","JH378105","46535840","46536081","42","13273760"
"chr5","59829320","59829657","JH378135","18214402","18214733","63","41614918"
"chr5","59876798","59877076","JH378123","5667081","5667374","44","54209717"
"chr5","59890948","59891249","JH378116","14428154","14428454","47","45462794"
"chr5","59914464","59914767","JH378136","7170399","7170706","42","52744065"
"chr5","59925293","59925594","JH378167","8465105","8465408","44","51460188"
"chr5","59928353","59928670","JH378141","12457289","12457602","59","47471064"
"chr5","59937910","59938018","JH378172","7390272","7390381","15","52547638"
"chr5","59981126","59981438","JH378108","34547818","34548127","49","25433308"
"chr5","60002470","60002759","JH378171","5901188","5901476","34","54101282"
"chr5","60036349","60036651","JH378177","6714938","6715237","45","53321411"
"chr5","60050548","60050830","JH378105","50034667","50034949","45","10015881"
"chr5","60054433","60054730","JH378177","2562934","2563231","44","57491499"
"chr5","60066558","60066853","JH378238","5034133","5034426","45","55032425"
"chr5","60073822","60074117","JH378111","40734534","40734829","45","19339288"
"chr5","60075035","60075331","JH378242","734891","735189","36","59340144"
"chr5","60078342","60078640","JH378123","21695970","21696268","42","38382372"
"chr5","60078836","60079140","JH378119","2681409","2681712","45","57397427"
"chr5","60085800","60086101","JH378120","16997325","16997629","51","43088475"
"chr5","60107912","60108144","JH378121","22991373","22991607","39","37116539"
"chr5","60131980","60132275","JH378242","734891","735189","39","59397089"
"chr5","60147198","60147498","JH378143","8639762","8640057","43","51507436"
"chr5","60157199","60157519","JH378157","11907979","11908290","45","48249220"
"chr5","60161537","60161838","JH378163","12425279","12425581","45","47736258"
"chr5","60166428","60166723","JH378115","34769363","34769654","35","25397065"
"chr5","60187735","60188023","JH378116","28282701","28282994","35","31905034"
"chr5","60188534","60188833","JH378120","17113543","17113840","43","43074991"
"chr5","60189404","60189679","JH378149","11844812","11845081","42","48344592"
"chr5","60218879","60219169","JH378111","43268192","43268483","45","16950687"
"chr5","60257658","60257969","JH378218","5400322","5400632","41","54857336"
"chr5","60260575","60260875","JH378184","748241","748547","50","59512334"
"chr5","60276174","60276409","JH378149","16347574","16347809","31","43928600"
"chr5","60278935","60279218","JH378144","13429319","13429607","42","46849616"
"chr5","60300932","60301267","JH378120","10055678","10055993","84","50245254"
"chr5","60327441","60327752","JH378157","1154304","1154607","52","59173137"
"chr5","60331150","60331452","JH378114","41541862","41542163","49","18789288"
"chr5","60413103","60413388","JH378213","4435380","4435669","41","55977723"
"chr5","60414815","60415113","JH378105","48278206","48278506","56","12136609"
"chr5","60440292","60440424","JH378203","1319473","1319605","15","59120819"
"chr5","60455070","60455374","JH378148","13262362","13262662","45","47192708"
"chr5","60485077","60485399","JH378119","5503589","5503900","55","54981488"
"chr5","60513358","60513631","JH378158","3395069","3395345","48","57118289"
"chr5","60519181","60519476","JH378120","17436922","17437223","44","43082259"
"chr5","60577327","60577614","JH378136","272512","272800","42","60304815"
"chr5","60695845","60696141","JH378120","17592302","17592599","38","43103543"
"chr5","60696585","60696883","JH378290","1449167","1449465","40","59247418"
"chr5","60876103","60876390","JH378113","2184682","2184974","50","58691421"
"chr5","60921065","60921354","JH378120","17797412","17797700","38","43123653"
"chr5","60960396","60960474","JH378111","16255843","16255921","10","44704553"
"chr5","60984480","60984793","JH378297","218770","219080","41","60765710"
"chr5","61006798","61007097","JH378116","14428154","14428454","44","46578644"
"chr5","61007357","61007665","JH378113","24285208","24285511","63","36722149"
"chr5","61017014","61017312","JH378235","366992","367283","37","60650022"
"chr5","61039901","61040211","JH378188","7490346","7490651","51","53549555"
"chr5","61091802","61092105","JH378141","11516162","11516466","56","49575640"
"chr5","61121172","61121463","JH378115","34769363","34769654","41","26351809"
"chr5","61135946","61136009","JH378111","17103761","17103827","9","44032185"
"chr5","61139211","61139500","JH378111","43268192","43268483","41","17871019"
"chr5","61173329","61173557","JH378105","64804392","64804623","39","3631063"
"chr5","61187091","61187398","JH378291","836169","836477","42","60350922"
"chr5","61220566","61220855","JH378189","719706","719987","47","60500860"
"chr5","61237628","61237927","JH378106","69562637","69562935","35","8325009"
"chr5","61263264","61263550","JH378290","1190569","1190859","47","60072695"
"chr5","61338581","61338876","JH378242","734891","735189","44","60603690"
"chr5","61341739","61342007","JH378110","3187532","3187796","46","58154207"
"chr5","61399513","61399805","JH378142","2946052","2946344","42","58453461"
"chr5","61454903","61455200","JH378148","3195871","3196169","39","58259032"
"chr5","61462737","61463035","JH378290","1449167","1449465","40","60013570"
"chr5","61492259","61492565","JH378225","820768","821067","44","60671491"
"chr5","61543141","61543406","JH378120","18410601","18410854","42","43132540"
"chr5","61561087","61561371","JH378193","2263082","2263366","42","59298005"
"chr5","61579134","61579463","JH378126","782415","782718","60","60796719"
"chr5","61599191","61599464","JH378243","4090545","4090818","53","57508646"
"chr5","61609265","61609549","JH378151","14717587","14717870","40","46891678"
"chr5","61616309","61616615","JH378252","4028030","4028334","39","57588279"
"chr5","61668453","61668571","JH378118","28680659","28680775","15","32987794"
"chr5","61729456","61729713","JH378179","1809020","1809278","40","59920436"
"chr5","61736161","61736466","JH378148","2797982","2798286","40","58938179"
"chr5","61890278","61890569","JH378116","14428154","14428454","49","47462124"
"chr5","61911023","61911326","JH378203","3085329","3085632","51","58825694"
"chr5","61921684","61921932","JH378266","587131","587373","39","61334553"
"chr5","61954786","61955086","JH378190","6783369","6783668","43","55171417"
"chr5","61982823","61983105","JH378197","3910749","3911032","45","58072074"
"chr5","61991799","61992110","JH378122","29745550","29745857","41","32246249"
"chr5","62056843","62057159","JH378110","9867313","9867609","52","52189530"
"chr5","62061967","62062266","JH378293","1508849","1509149","46","60553118"
"chr5","62064014","62064283","JH378128","11289647","11289922","49","50774367"
"chr5","62097144","62097439","JH378188","7232167","7232465","33","54864977"
"chr5","62192265","62192560","JH378126","22585309","22585603","43","39606956"
"chr5","62235733","62236025","JH378111","40734534","40734829","40","21501199"
"chr5","62267274","62267395","JH378120","19077363","19077485","17","43189911"
"chr5","62333437","62333737","JH378120","19143911","19144198","51","43189526"
"chr5","62509791","62510096","JH378106","69063427","69063728","43","6553636"
"chr5","62516251","62516550","JH378114","42118001","42118296","48","20398250"
"chr5","62519676","62519985","JH378135","16449037","16449347","45","46070639"
"chr5","62545997","62546298","JH378200","7105411","7105711","44","55440586"
"chr5","62609930","62610218","JH378135","4438249","4438534","50","58171681"
"chr5","62647808","62648118","JH378117","15749415","15749721","44","46898393"
"chr5","62683795","62684087","JH378141","14454762","14455052","40","48229033"
"chr5","62815145","62815440","JH378120","3464324","3464618","44","59350821"
"chr5","62822313","62822609","JH378213","4435380","4435669","39","58386933"
"chr5","62824379","62824502","JH378113","32632001","32632123","21","30192378"
"chr5","62829157","62829465","JH378120","19596290","19596585","51","43232867"
"chr5","62843929","62844229","JH378113","11803158","11803457","46","51040771"
"chr5","62936993","62937284","JH378136","354228","354520","37","62582765"
"chr5","63000001","63000095","JH378225","6554025","6554117","11","56445976"
"chr5","63110899","63111191","JH378204","3222855","3223147","48","59888044"
"chr5","63142333","63142628","JH378220","667156","667455","45","62475177"
"chr5","63157856","63158156","JH378128","3714589","3714891","49","59443267"
"chr5","63208602","63208911","JH378204","3945411","3945718","44","59263191"
"chr5","63253633","63253946","JH378178","1751160","1751459","48","61502473"
"chr5","63447678","63447984","JH378186","1525813","1526111","44","61921865"
"chr5","63463012","63463320","JH378188","9401785","9402089","51","54061227"
"chr5","63473260","63473509","JH378228","2117518","2117763","38","61355742"
"chr5","63515167","63515447","JH378105","4721746","4722025","44","58793421"
"chr5","63684756","63685041","JH378141","2327726","2328016","55","61357030"
"chr5","63807232","63807363","JH378118","29191470","29191586","53","34615762"
"chr5","63842925","63843213","JH378114","22526707","22527002","47","41316218"
"chr5","63878601","63878918","JH378121","23760097","23760404","52","40118504"
"chr5","64050856","64051143","JH378245","545307","545599","53","63505549"
"chr5","64054740","64055044","JH378122","5272066","5272363","51","58782674"
"chr5","64145346","64145633","JH378264","3817700","3817980","47","60327646"
"chr5","64164327","64164622","JH378204","3890255","3890549","55","60274072"
"chr5","64238625","64238921","JH378133","19850966","19851274","52","44387659"
"chr5","64458572","64458858","JH378152","12845481","12845764","43","51613091"
"chr5","64509042","64509169","JH378111","7554043","7554168","16","56954999"
"chr5","64509204","64509365","JH378155","3890651","3890811","33","60618553"
"chr5","64556126","64556426","JH378117","37732677","37732982","46","26823449"
"chr5","64722062","64722357","JH378135","1661661","1661952","58","63060401"
"chr5","64778054","64778345","JH378151","17066381","17066684","34","47711673"
"chr5","64821840","64822149","JH378164","12780276","12780585","60","52041564"
"chr5","64881057","64881192","JH378203","1319473","1319605","18","63561584"
"chr5","64934282","64934564","JH378176","9436917","9437208","46","55497365"
"chr5","64987221","64987518","JH378188","7644732","7645025","42","57342489"
"chr5","65092545","65092784","JH378216","652724","652964","49","64439821"
"chr5","65153932","65154045","JH378154","16379147","16379253","20","48774785"
"chr5","65218658","65218935","JH378164","6714567","6714844","40","58504091"
"chr5","65320314","65320606","JH378258","3718120","3718409","54","61602194"
"chr5","69521522","69521834","JH378123","21695970","21696268","57","47825552"
"chr5","69720193","69720493","JH378220","2465579","2465874","43","67254614"
"chr5","69735945","69736247","JH378185","6039029","6039324","45","63696916"
"chr5","69820750","69821072","JH378167","7254119","7254440","47","62566631"
"chr5","70026888","70027130","JH378122","5341619","5341861","36","64685269"
"chr5","70153728","70154019","JH378119","360557","360852","45","69793171"
"chr5","70271517","70271807","JH378291","118899","119193","43","70152618"
"chr5","70295170","70295464","JH378279","2452115","2452405","47","67843055"
"chr5","70346437","70346732","JH378108","30957686","30957982","58","39388751"
"chr5","70569548","70569848","JH378235","3957900","3958200","44","66611648"
"chr5","70595179","70595457","JH378137","4545019","4545309","53","66050160"
"chr5","70615470","70615765","JH378213","4603416","4603708","47","66012054"
"chr5","70968083","70968374","JH378259","3560296","3560587","38","67407787"
"chr5","71162046","71162324","JH378123","8058669","8058944","36","63103377"
"chr5","71320969","71321268","JH378118","10693452","10693756","46","60627517"
"chr5","71340191","71340478","JH378135","20750920","20751200","49","50589271"
"chr5","71429533","71429837","JH378235","3957900","3958200","53","67471633"
"chr5","71500517","71500808","JH378116","17309650","17309943","43","54190867"
"chr5","71676544","71676841","JH378123","5667081","5667374","38","66009463"
"chr5","71743071","71743383","JH378158","4130633","4130943","42","67612438"
"chr5","71750730","71751027","JH378177","2562934","2563231","36","69187796"
"chr5","71830337","71830620","JH378213","4422853","4423134","48","67407484"
"chr5","71835652","71835944","JH378136","13250051","13250340","39","58585601"
"chr5","71848452","71848756","JH378106","14352694","14352993","45","57495758"
"chr5","71849977","71850288","JH378135","16046002","16046306","56","55803975"
"chr5","71874277","71874594","JH378171","12144029","12144342","42","59730248"
"chr5","71877231","71877537","JH378159","4135649","4135952","47","67741582"
"chr5","71881736","71882031","JH378191","967537","967830","36","70914199"
"chr5","71952511","71952814","JH378139","1461641","1461944","46","70490870"
"chr5","71955766","71956072","JH378293","1280144","1280448","41","70675622"
"chr5","71978497","71978796","JH378173","7890839","7891137","42","64087658"
"chr5","72006505","72006796","JH378108","32912059","32912352","44","39094446"
"chr5","72032658","72032941","JH378142","18497200","18497482","43","53535458"
"chr5","72047283","72047595","JH378173","4731101","4731408","48","67316182"
"chr5","72051979","72052243","JH378144","16421291","16421555","43","55630688"
"chr5","72054861","72055170","JH378190","3857505","3857809","49","68197356"
"chr5","72074844","72075155","JH378153","523411","523717","45","71551433"
"chr5","72150910","72151216","JH378153","9926861","9927172","41","62224049"
"chr5","72188202","72188490","JH378133","10040192","10040484","43","62148010"
"chr5","72207232","72207517","JH378167","10581385","10581666","55","61625847"
"chr5","72212819","72213112","JH378197","8546632","8546928","49","63666187"
"chr5","72218492","72218795","JH378120","24698293","24698581","48","47520199"
"chr5","72255987","72256285","JH378140","6686089","6686388","44","65569898"
"chr5","72256404","72256459","JH378137","5575276","5575334","12","66681128"
"chr5","72274838","72275144","JH378156","10672285","10672594","49","61602553"
"chr5","72275402","72275704","JH378257","3585233","3585537","51","68690169"
"chr5","72281457","72281758","JH378106","69562637","69562935","49","2718820"
"chr5","72291208","72291470","JH378153","528124","528390","47","71763084"
"chr5","72294308","72294606","JH378173","10880896","10881187","40","61413412"
"chr5","72353979","72354267","JH378263","403647","403936","36","71950332"
"chr5","72371395","72371687","JH378120","24842245","24842555","46","47529150"
"chr5","72395870","72396168","JH378110","3397028","3397322","48","68998842"
"chr5","72400877","72401006","JH378175","8173761","8173897","23","64227116"
"chr5","72414522","72414808","JH378124","6152593","6152882","45","66261929"
"chr5","72424347","72424654","JH378108","38073678","38073985","56","34350669"
"chr5","72427354","72427607","JH378145","2198867","2199130","47","70228487"
"chr5","72430031","72430340","JH378118","10693452","10693756","52","61736579"
"chr5","72453680","72453966","JH378120","32138687","32138976","50","40314993"
"chr5","72455407","72455692","JH378343","177559","177854","57","72277848"
"chr5","72463073","72463368","JH378120","30268530","30268831","47","42194543"
"chr5","72658638","72658938","JH378111","18114047","18114340","62","54544591"
"chr5","72690218","72690486","JH378293","1038901","1039171","51","71651317"
"chr5","72855879","72856173","JH378119","202457","202756","44","72653422"
"chr5","72983041","72983329","JH378140","17700100","17700382","49","55282941"
"chr5","73017644","73017941","JH378148","17106733","17107032","45","55910911"
"chr5","73041227","73041519","JH378118","28802926","28803223","44","44238301"
"chr5","73272718","73273026","JH378148","12754921","12755229","46","60517797"
"chr5","73428774","73429057","JH378105","50034667","50034949","40","23394107"
"chr5","73445326","73445468","JH378185","4647380","4647520","21","68797946"
"chr5","73550968","73551261","JH378120","25773825","25774132","41","47777143"
"chr5","73557950","73558218","JH378195","7213971","7214245","53","66343979"
"chr5","73588624","73588919","JH378110","35279265","35279534","62","38309359"
"chr5","73658582","73658872","JH378120","25881211","25881500","43","47777371"
"chr5","73802396","73802681","JH378122","7809799","7810085","45","65992597"
"chr5","73841096","73841405","JH378120","26030975","26031286","51","47810121"
"chr5","74065251","74065531","JH378253","2671303","2671584","43","71393948"
"chr5","74147568","74147862","JH378120","26327132","26327430","43","47820436"
"chr5","74245033","74245340","JH378115","27432581","27432889","40","46812452"
"chr5","74311649","74311951","JH378113","4126123","4126428","49","70185526"
"chr5","74320120","74320383","JH378140","3280034","3280299","38","71040086"
"chr5","74372670","74372973","JH378204","3945411","3945718","44","70427259"
"chr5","74376256","74376540","JH378158","237222","237505","39","74139034"
"chr5","74387625","74387931","JH378163","8421201","8421506","44","65966424"
"chr5","74413732","74413974","JH378266","587131","587373","36","73826601"
"chr5","74418542","74418849","JH378290","1006881","1007187","45","73411661"
"chr5","74454835","74455133","JH378110","9867313","9867609","45","64587522"
"chr5","74461582","74461838","JH378189","9179860","9180118","43","65281722"
"chr5","74461859","74462148","JH378248","2693342","2693641","49","71768517"
"chr5","74483221","74483396","JH378244","3902835","3903009","29","70580386"
"chr5","74488826","74489127","JH378110","9867313","9867609","44","64621513"
"chr5","74499672","74499969","JH378114","23078690","23078986","35","51420982"
"chr5","74510581","74510876","JH378175","2892068","2892363","36","71618513"
"chr5","74522270","74522589","JH378109","26422799","26423098","66","48099471"
"chr5","74528543","74528851","JH378157","1154304","1154607","51","73374239"
"chr5","74540668","74540961","JH378239","588272","588564","48","73952396"
"chr5","74548662","74548965","JH378186","1525813","1526111","39","73022849"
"chr5","74550762","74551053","JH378242","734891","735189","38","73815871"
"chr5","74571179","74571479","JH378145","10500061","10500358","31","64071118"
"chr5","74577157","74577445","JH378226","6485812","6486107","37","68091345"
"chr5","74582892","74583181","JH378204","3222855","3223147","39","71360037"
"chr5","74591927","74592239","JH378118","10693452","10693756","59","63898475"
"chr5","74605301","74605603","JH378157","1154304","1154607","47","73450997"
"chr5","74609743","74609979","JH378176","9056353","9056583","43","65553390"
"chr5","74610271","74610357","JH378120","30074310","30074396","14","44535961"
"chr5","74639119","74639439","JH378120","26804354","26804664","52","47834765"
"chr5","74647616","74647777","JH378111","19467746","19467901","34","55179870"
"chr5","74648080","74648282","JH378125","6583282","6583470","53","68064798"
"chr5","74655421","74655728","JH378152","16029844","16030148","51","58625577"
"chr5","74676609","74676877","JH378116","22887507","22887784","48","51789102"
"chr5","74681887","74682175","JH378141","9239081","9239369","37","65442806"
"chr5","74692638","74692930","JH378342","243194","243483","46","74449444"
"chr5","74695541","74695852","JH378120","26860048","26860351","37","47835493"
"chr5","74697244","74697535","JH378124","6001393","6001683","44","68695851"
"chr5","74729492","74729653","JH378110","32538099","32538262","32","42191393"
"chr5","74729948","74730081","JH378143","13560519","13560657","15","61169429"
"chr5","74733595","74733730","JH378105","22915833","22915964","14","51817762"
"chr5","74806619","74806930","JH378301","920694","921000","46","73885925"
"chr5","74811669","74811965","JH378105","45886739","45887040","46","28924930"
"chr5","74828974","74829246","JH378147","15759138","15759416","44","59069836"
"chr5","74835274","74835574","JH378136","272512","272800","45","74562762"
"chr5","74977228","74977535","JH378118","9073675","9073972","54","65903553"
"chr5","75046506","75046630","JH378117","28674853","28674976","19","46371653"
"chr5","75060474","75060753","JH378139","5056036","5056312","40","70004438"
"chr5","75163342","75163639","JH378226","6485812","6486107","47","68677530"
"chr5","75180913","75181214","JH378190","6946850","6947147","49","68234063"
"chr5","75213465","75213771","JH378108","8388787","8389097","46","66824678"
"chr5","75227299","75227592","JH378204","3890255","3890549","58","71337044"
"chr5","75241179","75241490","JH378118","10693452","10693756","44","64547727"
"chr5","75506849","75507129","JH378124","9865185","9865466","38","65641664"
"chr5","75539359","75539658","JH378153","13038261","13038552","42","62501098"
"chr5","75563803","75564107","JH378143","3250074","3250369","47","72313729"
"chr5","75679356","75679654","JH378242","734891","735189","36","74944465"
"chr5","75793682","75793972","JH378120","27907377","27907665","49","47886305"
"chr5","75814394","75814683","JH378112","5664333","5664623","43","70150061"
"chr5","75890950","75891261","JH378239","4176647","4176950","47","71714303"
"chr5","75900110","75900408","JH378116","25790477","25790774","40","50109633"
"chr5","75972660","75972963","JH378262","1094105","1094397","54","74878555"
"chr5","76040552","76040857","JH378105","9785471","9785774","47","66255081"
"chr5","76114587","76114892","JH378125","20623673","20623975","52","55490914"
"chr5","76153066","76153377","JH378134","15276798","15277108","46","60876268"
"chr5","76165879","76166158","JH378105","37154920","37155200","44","39010959"
"chr5","76199079","76199373","JH378200","4317868","4318159","31","71881211"
"chr5","76240736","76241030","JH378180","10382825","10383118","37","65857911"
"chr5","76297648","76297941","JH378167","7541085","7541377","43","68756563"
"chr5","76316493","76316769","JH378232","3348298","3348573","35","72968195"
"chr5","76412798","76413113","JH378105","60925234","60925543","50","15487564"
"chr5","76638827","76639121","JH378174","315741","316030","66","76323086"
"chr5","76663991","76664300","JH378124","5078825","5079136","44","71585166"
"chr5","76717078","76717364","JH378111","19299023","19299303","39","57418055"
"chr5","76835612","76835918","JH378118","24033240","24033545","49","52802372"
"chr5","76912295","76912588","JH378120","29042380","29042674","34","47869915"
"chr5","76984313","76984611","JH378119","27334569","27334863","47","49649744"
"chr5","76997967","76998261","JH378136","12221741","12222036","40","64776226"
"chr5","77010116","77010425","JH378108","38073678","38073985","53","38936438"
"chr5","77022166","77022466","JH378141","12570236","12570528","52","64451930"
"chr5","77049992","77050290","JH378126","22989289","22989590","48","54060703"
"chr5","77087033","77087322","JH378172","9407205","9407502","48","67679828"
"chr5","77113458","77113757","JH378122","9835188","9835489","41","67278270"
"chr5","77126464","77126764","JH378111","8498303","8498600","49","68628161"
"chr5","77135344","77135634","JH378271","2255310","2255598","37","74880034"
"chr5","77264218","77264522","JH378242","734891","735189","35","76529327"
"chr5","77304042","77304355","JH378139","11244771","11245079","41","66059271"
"chr5","77378942","77379217","JH378356","174347","174623","43","77204595"
"chr5","77391975","77392228","JH378108","53798927","53799176","39","23593048"
"chr5","77414140","77414438","JH378185","6039029","6039324","42","71375111"
"chr5","77461709","77461971","JH378185","1446513","1446772","42","76015196"
"chr5","77540332","77540643","JH378114","37484884","37485190","38","40055448"
"chr5","77609897","77610184","JH378189","3786344","3786637","44","73823553"
"chr5","77684655","77684954","JH378110","7445735","7446034","42","70238920"
"chr5","77713048","77713356","JH378113","17168263","17168574","39","60544785"
"chr5","77796345","77796624","JH378149","2162935","2163218","51","75633410"
"chr5","77821461","77821715","JH378106","59305283","59305541","38","18516178"
"chr5","77876787","77876907","JH378111","12872196","12872319","21","65004591"
"chr5","78229632","78229924","JH378242","734891","735189","41","77494741"
"chr5","78239818","78240128","JH378116","34969710","34970012","49","43270108"
"chr5","78257666","78257816","JH378124","5053207","5053351","42","73204459"
"chr5","78258099","78258235","JH378106","60814583","60814716","19","17443516"
"chr5","78275481","78275777","JH378120","30143648","30143950","53","48131833"
"chr5","78292652","78292930","JH378114","33998852","33999125","50","44293800"
"chr5","78303153","78303429","JH378272","1061941","1062212","44","77241212"
"chr5","78313755","78314052","JH378132","1676130","1676424","54","76637625"
"chr5","78314151","78314455","JH378113","17168263","17168574","49","61145888"
"chr5","78328285","78328591","JH378173","4731101","4731408","50","73597184"
"chr5","78347273","78347582","JH378198","2114873","2115184","41","76232400"
"chr5","78361999","78362303","JH378260","445434","445733","44","77916565"
"chr5","78367438","78367725","JH378122","7809799","7810085","37","70557639"
"chr5","78369509","78369803","JH378115","16549844","16550133","39","61819665"
"chr5","78398351","78398643","JH378213","4435380","4435669","33","73962971"
"chr5","78399005","78399180","JH378120","28931057","28931230","25","49467948"
"chr5","78403765","78404051","JH378148","3100313","3100608","49","75303452"
"chr5","78411973","78412281","JH378255","910671","910982","42","77501302"
"chr5","78426267","78426537","JH378301","482395","482666","67","77943872"
"chr5","78435604","78435914","JH378120","30306215","30306529","44","48129389"
"chr5","78459928","78460224","JH378120","30334540","30334829","51","48125388"
"chr5","78473581","78473843","JH378112","13159837","13160087","47","65313744"
"chr5","78532726","78533032","JH378149","422089","422391","64","78110637"
"chr5","78534625","78534928","JH378137","14128205","14128508","46","64406420"
"chr5","78541071","78541370","JH378112","33033903","33034201","28","45507168"
"chr5","78548529","78548838","JH378156","10837845","10838152","44","67710684"
"chr5","78569926","78570221","JH378271","1015797","1016086","39","77554129"
"chr5","78574929","78575223","JH378115","16549844","16550133","46","62025085"
"chr5","78600323","78600589","JH378153","3704409","3704673","55","74895914"
"chr5","78600919","78601233","JH378242","734891","735189","52","77866028"
"chr5","78632353","78632637","JH378232","194436","194718","49","78437917"
"chr5","78681142","78681430","JH378106","63218282","63218569","55","15462860"
"chr5","78782129","78782340","JH378120","30692189","30692405","33","48089940"
"chr5","78815267","78815562","JH378216","2126143","2126440","40","76689124"
"chr5","78851565","78851862","JH378149","16695001","16695300","38","62156564"
"chr5","78861672","78861969","JH378120","30780492","30780784","38","48081180"
"chr5","78965406","78965699","JH378133","9743043","9743332","47","69222363"
"chr5","78984655","78984930","JH378128","11289647","11289922","37","67695008"
"chr5","79014760","79015084","JH378115","14987072","14987385","49","64027688"
"chr5","79083658","79083933","JH378220","109085","109354","61","78974573"
"chr5","79087207","79087462","JH378120","31012563","31012819","38","48074644"
"chr5","79188457","79188765","JH378186","755599","755908","46","78432858"
"chr5","79218282","79218545","JH378189","2827323","2827594","44","76390959"
"chr5","79250058","79250358","JH378242","734891","735189","38","78515167"
"chr5","79250867","79251165","JH378242","2757307","2757599","45","76493560"
"chr5","79260789","79261083","JH378156","3853230","3853526","43","75407559"
"chr5","79282310","79282602","JH378148","3100313","3100608","34","76181997"
"chr5","79293244","79293534","JH378244","4137781","4138073","39","75155463"
"chr5","79378091","79378386","JH378111","8498303","8498600","40","70879788"
"chr5","79385544","79385836","JH378120","31310606","31310894","39","48074938"
"chr5","79420450","79420720","JH378120","31351696","31351974","35","48068754"
"chr5","79556451","79556755","JH378198","7560912","7561221","49","71995539"
"chr5","79580878","79581157","JH378120","31506343","31506601","48","48074535"
"chr5","79634100","79634421","JH378220","2679722","2680030","53","76954378"
"chr5","79636434","79636718","JH378288","2566365","2566649","49","77070069"
"chr5","79669829","79670119","JH378120","31579789","31580083","35","48090040"
"chr5","79792838","79793143","JH378139","8198075","8198378","45","71594763"
"chr5","79795441","79795722","JH378153","528124","528390","62","79267317"
"chr5","79814592","79814903","JH378110","2590007","2590314","44","77224585"
"chr5","79819432","79819730","JH378153","14175225","14175527","58","65644207"
"chr5","79825341","79825629","JH378111","43268192","43268483","46","36557149"
"chr5","79965765","79966068","JH378114","28297506","28297812","46","51668259"
"chr5","80112970","80113290","JH378288","629003","629310","56","79483967"
"chr5","80200133","80200430","JH378232","2013278","2013575","53","78186855"
"chr5","80201072","80201351","JH378105","60846167","60846436","54","19354905"
"chr5","80219901","80220093","JH378190","4919995","4920187","30","75299906"
"chr5","80276073","80276387","JH378219","3509280","3509589","40","76766793"
"chr5","80279608","80279873","JH378199","7604712","7604976","45","72674896"
"chr5","80342636","80342927","JH378189","4142684","4142973","39","76199952"
"chr5","80356612","80356895","JH378153","6796449","6796730","50","73560163"
"chr5","80387896","80388101","JH378120","32259230","32259430","28","48128666"
"chr5","80461167","80461464","JH378223","5762700","5762996","47","74698467"
"chr5","80463340","80463636","JH378141","14454762","14455052","47","66008578"
"chr5","80552856","80553169","JH378262","1490527","1490838","47","79062329"
"chr5","80624931","80625244","JH378129","10512559","10512869","48","70112372"
"chr5","80626145","80626424","JH378297","1153627","1153908","44","79472518"
"chr5","80639233","80639526","JH378216","2499104","2499400","44","78140129"
"chr5","80649996","80650292","JH378156","3853230","3853526","37","76796766"
"chr5","80662274","80662563","JH378114","22526707","22527002","39","58135567"
"chr5","80684798","80685084","JH378120","32519494","32519772","47","48165304"
"chr5","80688197","80688498","JH378111","38162771","38163069","51","42525426"
"chr5","80689159","80689450","JH378220","4563341","4563637","46","76125818"
"chr5","80711676","80711962","JH378114","41996207","41996493","42","38715469"
"chr5","80715229","80715535","JH378234","2806107","2806409","41","77909122"
"chr5","80716184","80716502","JH378153","14175225","14175527","54","66540959"
"chr5","80738988","80739290","JH378111","15833029","15833328","43","64905959"
"chr5","80796500","80796777","JH378113","5899071","5899351","38","74897429"
"chr5","80806981","80807237","JH378190","1775139","1775400","51","79031842"
"chr5","80820638","80820890","JH378234","3555583","3555834","36","77265055"
"chr5","80825131","80825432","JH378131","23697009","23697304","35","57128122"
"chr5","80860826","80861120","JH378242","734891","735189","38","80125935"
"chr5","80872637","80872937","JH378174","9615914","9616218","47","71256723"
"chr5","80875433","80875757","JH378125","20623673","20623975","63","60251760"
"chr5","80879798","80880085","JH378220","2931512","2931797","41","77948286"
"chr5","80880822","80881110","JH378124","1954748","1955030","46","78926074"
"chr5","80895760","80895925","JH378196","989088","989254","26","79906672"
"chr5","80896226","80896362","JH378125","4589691","4589826","16","76306535"
"chr5","80923717","80923916","JH378138","5535724","5535927","29","75387993"
"chr5","80925296","80925595","JH378252","4291425","4291721","35","76633871"
"chr5","80926502","80926800","JH378136","14197951","14198240","55","66728551"
"chr5","80926804","80927047","JH378108","44604172","44604416","31","36322632"
"chr5","80932890","80933190","JH378126","23251656","23251955","43","57681234"
"chr5","80981294","80981561","JH378129","7524499","7524760","44","73456795"
"chr5","80986734","80987041","JH378106","58341946","58342247","45","22644788"
"chr5","80999585","80999886","JH378173","9472851","9473151","36","71526734"
"chr5","81030308","81030585","JH378139","6814268","6814547","47","74216040"
"chr5","81033030","81033284","JH378113","17133191","17133438","55","63899839"
"chr5","81072716","81072999","JH378157","16240830","16241112","62","64831886"
"chr5","81074846","81075132","JH378187","5145078","5145359","29","75929768"
"chr5","81077069","81077385","JH378115","15327275","15327586","42","65749794"
"chr5","81092774","81093070","JH378174","580779","581067","52","80511995"
"chr5","81699355","81699614","JH378107","29393673","29393934","38","52305682"
"chr5","81703434","81703735","JH378290","389647","389937","61","81313787"
"chr5","81718466","81718758","JH378157","3088825","3089123","45","78629641"
"chr5","81719899","81720228","JH378119","21555256","21555560","70","60164643"
"chr5","81736722","81737005","JH378187","4911211","4911494","29","76825511"
"chr5","81796062","81796330","JH378213","818596","818865","46","80977466"
"chr5","81881115","81881417","JH378114","41541862","41542163","43","40339253"
"chr5","82058879","82059156","JH378116","33735530","33735804","51","48323349"
"chr5","82116375","82116643","JH378187","4524782","4525046","33","77591593"
"chr5","82134219","82134430","JH378162","5934866","5935078","31","76199353"
"chr5","82167047","82167356","JH378136","2956557","2956868","45","79210490"
"chr5","82171406","82171700","JH378136","14767036","14767323","55","67404370"
"chr5","82205944","82206249","JH378112","33452684","33452993","42","48753260"
"chr5","82213978","82214285","JH378187","4443700","4444007","48","77770278"
"chr5","82233688","82233990","JH378107","29754017","29754317","48","52479671"
"chr5","82238988","82239283","JH378108","23750374","23750673","60","58488614"
"chr5","82255144","82255443","JH378187","4411911","4412208","33","77843233"
"chr5","82273012","82273305","JH378141","3029230","3029524","40","79243782"
"chr5","82302208","82302498","JH378127","5317720","5318008","44","76984488"
"chr5","82315347","82315653","JH378169","12010927","12011237","46","70304420"
"chr5","82315789","82316091","JH378105","5718140","5718435","56","76597649"
"chr5","82348398","82348659","JH378273","364483","364742","45","81983915"
"chr5","82353649","82353940","JH378112","16541777","16542068","55","65811872"
"chr5","82404015","82404327","JH378157","264266","264575","48","82139749"
"chr5","82419597","82419893","JH378213","4603416","4603708","49","77816181"
"chr5","82426274","82426602","JH378185","6069371","6069700","57","76356903"
"chr5","82476421","82476721","JH378110","30879871","30880162","56","51596550"
"chr5","82512517","82512810","JH378106","14024896","14025185","51","68487621"
"chr5","82513897","82514221","JH378114","20124938","20125243","66","62388959"
"chr5","82609629","82609938","JH378242","734891","735189","44","81874738"
"chr5","82656438","82656732","JH378242","734891","735189","36","81921547"
"chr5","82903009","82903308","JH378116","14428154","14428454","40","68474855"
"chr5","82949150","82949461","JH378116","34880111","34880419","73","48069039"
"chr5","82979642","82979953","JH378173","4731101","4731408","38","78248541"
"chr5","83032125","83032404","JH378153","7016300","7016580","38","76015825"
"chr5","83076382","83076689","JH378166","9428708","9429013","49","73647674"
"chr5","83080065","83080340","JH378121","29469464","29469738","38","53610601"
"chr5","83085320","83085478","JH378155","3890651","3890811","36","79194669"
"chr5","83085512","83085615","JH378112","21682946","21683043","21","61402566"
"chr5","83101367","83101587","JH378121","28725056","28725276","30","54376311"
"chr5","83107094","83107391","JH378242","734891","735189","46","82372203"
"chr5","83111192","83111499","JH378114","41499633","41499943","39","41611559"
"chr5","83122965","83123259","JH378115","28716128","28716418","50","54406837"
"chr5","83141018","83141304","JH378138","5576674","5576962","39","77564344"
"chr5","83156584","83156862","JH378110","29311133","29311408","45","53845451"
"chr5","83165163","83165462","JH378119","11191097","11191395","52","71974066"
"chr5","83171566","83171872","JH378118","10693452","10693756","44","72478114"
"chr5","83173332","83173617","JH378123","5799175","5799456","42","77374157"
"chr5","83177424","83177721","JH378188","7232167","7232465","43","75945257"
"chr5","83204128","83204452","JH378187","3523339","3523660","39","79680789"
"chr5","83208612","83208891","JH378127","5317720","5318008","45","77890892"
"chr5","83210016","83210317","JH378110","29563136","29563434","42","53646880"
"chr5","83211512","83211787","JH378153","2014992","2015267","46","81196520"
"chr5","83216028","83216324","JH378242","734891","735189","31","82481137"
"chr5","83220368","83220675","JH378151","2755442","2755744","46","80464926"
"chr5","83221733","83222021","JH378123","9831839","9832126","39","73389894"
"chr5","83227910","83228210","JH378142","1173704","1174003","45","82054206"
"chr5","83230286","83230584","JH378187","3488160","3488458","41","79742126"
"chr5","83232748","83233052","JH378262","1936694","1936996","43","81296054"
"chr5","83238612","83238909","JH378167","8587120","8587419","49","74651492"
"chr5","83245555","83245863","JH378135","2445392","2445695","47","80800163"
"chr5","83254783","83255076","JH378105","58654423","58654726","52","24600360"
"chr5","83270926","83271227","JH378116","25790477","25790774","41","57480449"
"chr5","83305110","83305391","JH378116","4838684","4838956","44","78466426"
"chr5","83307993","83308157","JH378315","459998","460139","49","82847995"
"chr5","83337340","83337639","JH378118","10693452","10693756","42","72643888"
"chr5","83342906","83343206","JH378187","3369448","3369753","47","79973458"
"chr5","83344564","83344875","JH378188","9401785","9402089","52","73942779"
"chr5","83359074","83359300","JH378137","8528832","8529057","35","74830242"
"chr5","83366706","83367002","JH378105","5718140","5718435","46","77648566"
"chr5","83372038","83372168","JH378216","7116473","7116605","18","76255565"
"chr5","83383643","83383924","JH378139","17086414","17086694","35","66297229"
"chr5","83390356","83390630","JH378107","57132986","57133249","55","26257370"
"chr5","83392919","83393235","JH378153","14175225","14175527","57","69217694"
"chr5","83394453","83394751","JH378125","7759615","7759914","35","75634838"
"chr5","83405802","83406088","JH378127","11752069","11752350","46","71653733"
"chr5","83431621","83431916","JH378156","3853230","3853526","33","79578391"
"chr5","83439437","83439747","JH378105","17620825","17621134","43","65818612"
"chr5","83447819","83448127","JH378173","6638457","6638763","48","76809362"
"chr5","83450420","83450719","JH378242","734891","735189","36","82715529"
"chr5","83453399","83453703","JH378187","3249858","3250152","47","80203541"
"chr5","83457080","83457376","JH378114","36477337","36477631","33","46979743"
"chr5","83471016","83471310","JH378204","3222855","3223147","37","80248161"
"chr5","83478672","83478979","JH378105","17620825","17621134","43","65857847"
"chr5","83488266","83488560","JH378140","17784224","17784519","47","65704042"
"chr5","83499447","83499738","JH378111","43268192","43268483","44","40231255"
"chr5","83511271","83511578","JH378279","2532931","2533234","47","80978340"
"chr5","83523177","83523468","JH378133","9743043","9743332","34","73780134"
"chr5","83529511","83529823","JH378114","43709390","43709700","45","39820121"
"chr5","83533517","83533824","JH378122","9329495","9329803","39","74204022"
"chr5","83542609","83542913","JH378118","10693452","10693756","39","72849157"
"chr5","83571884","83572194","JH378167","5297205","5297514","44","78274679"
"chr5","83582072","83582350","JH378125","9514744","9514996","61","74067328"
"chr5","83585706","83586000","JH378242","734891","735189","53","82850815"
"chr5","83618521","83618596","JH378145","14318","14393","11","83604203"
"chr5","83638481","83638780","JH378140","16737561","16737856","42","66900920"
"chr5","83643326","83643636","JH378123","7367131","7367438","45","76276195"
"chr5","83644636","83644945","JH378188","7490346","7490651","40","76154290"
"chr5","83649917","83650161","JH378160","11535044","11535288","35","72114873"
"chr5","83657361","83657650","JH378201","7538594","7538881","48","76118767"
"chr5","83658215","83658515","JH378123","5667081","5667374","38","77991134"
"chr5","83659418","83659689","JH378184","3320679","3320960","49","80338739"
"chr5","83672495","83672786","JH378220","2699046","2699342","34","80973449"
"chr5","83678810","83679110","JH378124","10171952","10172251","54","73506858"
"chr5","83680134","83680446","JH378238","4855283","4855594","46","78824851"
"chr5","83687882","83688172","JH378123","9608291","9608584","41","74079591"
"chr5","83692810","83693112","JH378235","3957900","3958200","36","79734910"
"chr5","83715471","83715764","JH378141","15518519","15518815","32","68196952"
"chr5","83736076","83736336","JH378244","4725310","4725567","57","79010766"
"chr5","83738291","83738592","JH378111","26034614","26034912","52","57703677"
"chr5","83751174","83751454","JH378280","206067","206344","43","83545107"
"chr5","83775580","83775892","JH378106","69063427","69063728","48","14712153"
"chr5","83783665","83783779","JH378252","2621197","2621314","13","81162468"
"chr5","83790363","83790501","JH378111","11729482","11729616","17","72060881"
"chr5","83790502","83790792","JH378140","5325520","5325814","44","78464982"
"chr5","83790948","83791031","JH378149","3785622","3785704","11","80005326"
"chr5","83799045","83799348","JH378110","11338627","11338925","55","72460418"
"chr5","83800313","83800612","JH378187","2915232","2915534","34","80885081"
"chr5","83812662","83812951","JH378187","2898911","2899188","38","80913751"
"chr5","83820522","83820832","JH378112","33452684","33452993","41","50367838"
"chr5","83822539","83822850","JH378124","27126736","27127048","43","56695803"
"chr5","83831599","83831905","JH378149","1955740","1956029","50","81875859"
"chr5","83839945","83840238","JH378111","20566416","20566706","42","63273529"
"chr5","83844668","83844953","JH378110","32285926","32286211","60","51558742"
"chr5","83845595","83845895","JH378113","15232832","15233136","44","68612763"
"chr5","83846584","83846870","JH378114","131416","131710","42","83715168"
"chr5","83855021","83855303","JH378185","4389676","4389963","58","79465345"
"chr5","83862334","83862616","JH378105","50034667","50034949","46","33827667"
"chr5","83868766","83869083","JH378204","3129799","3130101","69","80738967"
"chr5","83871226","83871507","JH378118","33683606","33683888","40","50187620"
"chr5","83892957","83893262","JH378248","3387134","3387441","37","80505823"
"chr5","83893988","83894285","JH378123","5667081","5667374","38","78226907"
"chr5","83906676","83906793","JH378136","12782216","12782331","18","71124460"
"chr5","83908628","83908935","JH378271","1018875","1019178","39","82889753"
"chr5","83909375","83909662","JH378123","5799175","5799456","60","78110200"
"chr5","83911635","83911937","JH378197","3122574","3122878","40","80789061"
"chr5","83938772","83939082","JH378135","16449037","16449347","38","67489735"
"chr5","83959161","83959478","JH378281","1512369","1512678","54","82446792"
"chr5","83980915","83981208","JH378125","15313063","15313352","36","68667852"
"chr5","84014819","84015106","JH378213","4435380","4435669","39","79579439"
"chr5","84018472","84018758","JH378123","18139539","18139832","55","65878933"
"chr5","84025562","84025833","JH378115","32779834","32780106","44","51245728"
"chr5","84039725","84040037","JH378141","14415409","14415719","47","69624316"
"chr5","84043220","84043525","JH378156","2504119","2504418","59","81539101"
"chr5","84066188","84066497","JH378118","10693452","10693756","43","73372736"
"chr5","84094127","84094433","JH378166","9999257","9999568","42","74094870"
"chr5","84099671","84099883","JH378111","19001225","19001437","26","65098446"
"chr5","84100749","84101059","JH378153","14175225","14175527","39","69925524"
"chr5","84107819","84108131","JH378107","8361421","8361732","48","75746398"
"chr5","84117776","84118076","JH378111","8498303","8498600","44","75619473"
"chr5","84130204","84130454","JH378153","892157","892402","53","83238047"
"chr5","84132743","84133052","JH378179","10603150","10603434","72","73529593"
"chr5","84148241","84148537","JH378112","14394511","14394807","34","69753730"
"chr5","84175394","84175688","JH378136","15092369","15092666","43","69083025"
"chr5","84198507","84198694","JH378150","9771528","9771716","26","74426979"
"chr5","84216930","84217249","JH378149","16695001","16695300","56","67521929"
"chr5","84274520","84274821","JH378242","734891","735189","43","83539629"
"chr5","84373204","84373506","JH378111","20516337","20516639","40","63856867"
"chr5","84416958","84417040","JH378187","2274155","2274237","6","82142803"
"chr5","84433080","84433361","JH378122","8503071","8503350","40","75930009"
"chr5","84439241","84439535","JH378114","22526707","22527002","42","61912534"
"chr5","84512939","84513219","JH378173","4751597","4751883","51","79761342"
"chr5","84532135","84532449","JH378111","7362195","7362501","44","77169940"
"chr5","84584892","84585187","AGCE01148965","1875","2181","38","84583017"
"chr5","84593043","84593345","JH378151","17066381","17066684","40","67526662"
"chr5","84595548","84595642","JH378221","3428253","3428345","16","81167295"
"chr5","84704072","84704369","JH378114","36871907","36872207","49","47832165"
"chr5","84976984","84977271","JH378221","506746","507023","48","84470238"
"chr5","85107764","85108072","JH378214","242924","243221","51","84864840"
"chr5","85135501","85135774","JH378187","1508910","1509183","31","83626591"
"chr5","85137813","85138088","JH378110","5153735","5154007","41","79984078"
"chr5","85257495","85257793","JH378106","67018280","67018576","45","18239215"
"chr5","85295459","85295769","JH378117","15749415","15749721","38","69546044"
"chr5","85384370","85384683","JH378142","5019596","5019909","55","80364774"
"chr5","85426603","85426903","JH378134","18193314","18193616","46","67233289"
"chr5","85487452","85487758","JH378153","14123158","14123467","52","71364294"
"chr5","85698866","85699182","JH378107","53104226","53104533","53","32594640"
"chr5","85761613","85761842","JH378244","3863245","3863476","24","81898368"
"chr5","85772145","85772466","JH378109","15237135","15237455","79","70535010"
"chr5","85812220","85812529","JH378156","3853230","3853526","60","81958990"
"chr5","85844235","85844551","JH378153","12940716","12941025","54","72903519"
"chr5","86040332","86040613","JH378156","15693115","15693398","45","70347217"
"chr5","86224190","86224500","JH378144","15936779","15937087","58","70287411"
"chr5","86528779","86529083","JH378142","14547168","14547469","51","71981611"
"chr5","86560852","86561110","JH378131","10495279","10495545","59","76065573"
"chr5","86675207","86675505","JH378235","4584101","4584400","56","82091106"
"chr5","86882440","86882756","JH378113","15232832","15233136","51","71649608"
"chr5","86925008","86925286","JH378184","3320679","3320960","44","83604329"
"chr5","86979811","86980116","JH378114","20958944","20959246","45","66020867"
"chr5","87025594","87025845","JH378119","28729062","28729303","47","58296532"
"chr5","87104193","87104454","JH378161","5114613","5114871","60","81989580"
"chr5","87128948","87129263","JH378167","5197659","5197969","61","81931289"
"chr5","87170010","87170305","JH378108","30957686","30957982","39","56212324"
"chr5","87186430","87186693","JH378123","11794540","11794804","53","75391890"
"chr5","87220317","87220637","JH378137","15935777","15936084","64","71284540"
"chr5","87258600","87258907","JH378116","14428154","14428454","52","72830446"
"chr5","87318758","87319059","JH378114","41541862","41542163","40","45776896"
"chr5","87338129","87338435","JH378149","15885379","15885676","48","71452750"
"chr5","87338647","87338953","JH378109","26397557","26397861","39","60941090"
"chr5","87387664","87387945","JH378118","33683606","33683888","37","53704058"
"chr5","87586186","87586493","JH378185","2114490","2114799","48","85471696"
"chr5","87624996","87625278","JH378105","56346927","56347207","49","31278069"
"chr5","87626516","87626584","JH378106","64254268","64254340","16","23372248"
"chr5","87649565","87649845","JH378117","36078925","36079198","49","51570640"
"chr5","87661658","87661966","JH378110","16074360","16074662","44","71587298"
"chr5","87741465","87741770","JH378169","9897980","9898291","48","77843485"
"chr5","87805298","87805342","JH378105","55249161","55249208","12","32556137"
"chr5","87920269","87920571","JH378105","58654423","58654726","44","29265846"
"chr5","88032826","88033133","JH378115","4860657","4860961","38","83172169"
"chr5","88223926","88224221","JH378167","7541085","7541377","46","80682841"
"chr5","88248407","88248715","JH378144","4904705","4905002","49","83343702"
"chr5","88718437","88718740","JH378153","14175225","14175527","41","74543212"
"chr5","88721631","88721935","JH378124","6469394","6469703","53","82252237"
"chr5","88725660","88725951","JH378144","16357464","16357756","43","72368196"
"chr5","88758432","88758711","JH378107","57287252","57287540","48","31471180"
"chr5","88774245","88774549","JH378148","2797982","2798286","44","85976263"
"chr5","88860330","88860669","JH378284","371461","371790","62","88488869"
"chr5","88920351","88920651","JH378225","962832","963129","47","87957519"
"chr5","89007904","89008207","JH378255","3447746","3448043","48","85560158"
"chr5","89167466","89167766","JH378135","858419","858710","50","88309047"
"chr5","89190272","89190589","JH378134","9261505","9261814","58","79928767"
"chr5","89229494","89229783","JH378191","8253001","8253284","40","80976493"
"chr5","89403474","89403785","JH378113","26550017","26550324","43","62853457"
"chr5","89416524","89416821","JH378106","69562637","69562935","45","19853887"
"chr5","89420005","89420289","JH378117","26189716","26190001","41","63230289"
"chr5","89444592","89444885","JH378245","872964","873252","53","88571628"
"chr5","89477781","89478063","JH378105","50034667","50034949","37","39443114"
"chr5","89503234","89503527","JH378232","2920110","2920380","61","86583124"
"chr5","89506718","89506984","JH378140","6607165","6607427","42","82899553"
"chr5","89513295","89513590","JH378204","3222855","3223147","33","86290440"
"chr5","89553235","89553539","JH378113","15232832","15233136","46","74320403"
"chr5","89556923","89557219","JH378120","3564285","3564577","48","85992638"
"chr5","89586837","89587137","JH378156","3853230","3853526","40","85733607"
"chr5","89601720","89602012","JH378187","3252575","3252870","45","86349145"
"chr5","89653872","89654195","JH378275","2536979","2537287","69","87116893"
"chr5","89654252","89654527","JH378148","15577863","15578139","45","74076389"
"chr5","89664838","89665031","JH378112","22919012","22919191","46","66745826"
"chr5","89863484","89863757","JH378155","2506721","2506992","41","87356763"
"chr5","89912828","89913124","JH378125","19474059","19474357","42","70438769"
"chr5","89959239","89959531","JH378105","7148204","7148499","56","82811035"
"chr5","90090582","90090879","JH378230","5866080","5866372","37","84224502"
"chr5","90132409","90132710","JH378119","13478581","13478885","55","76653828"
"chr5","90166938","90167230","JH378137","9364016","9364309","41","80802922"
"chr5","90256474","90256781","JH378198","4413303","4413578","59","85843171"
"chr5","90269789","90270071","JH378137","15439777","15440072","69","74830012"
"chr5","90300270","90300570","JH378288","1815155","1815455","39","88485115"
"chr5","90359002","90359289","JH378171","5901188","5901476","44","84457814"
"chr5","90369033","90369312","JH378105","59531397","59531667","44","30837636"
"chr5","90412136","90412440","JH378223","5905936","5906230","48","84506200"
"chr5","90430692","90430978","JH378105","57207463","57207754","44","33223229"
"chr5","90465998","90466289","JH378188","9653970","9654259","41","80812028"
"chr5","90685036","90685347","JH378105","18443007","18443317","53","72242029"
"chr5","90846474","90846765","JH378190","5062737","5063029","58","85783737"
"chr5","90946612","90946919","JH378204","5941995","5942305","54","85004617"
"chr5","91183328","91183631","JH378119","11478129","11478432","44","79705199"
"chr5","91248655","91248943","JH378133","9743043","9743332","45","81505612"
"chr5","91292491","91292792","JH378118","2729862","2730159","55","88562629"
"chr5","91317226","91317537","JH378276","134131","134438","40","91183095"
"chr5","91358007","91358308","JH378189","3976340","3976643","44","87381667"
"chr5","91424284","91424579","JH378242","734891","735189","38","90689393"
"chr5","91515722","91516031","JH378150","271771","272083","56","91243951"
"chr5","91653857","91654169","JH378230","4323297","4323607","48","87330560"
"chr5","91671512","91671815","JH378105","64915693","64915991","44","26755819"
"chr5","91746168","91746461","JH378111","43268192","43268483","41","48477976"
"chr5","91961678","91961963","JH378166","10167623","10167907","52","81794055"
"chr5","91991514","91991802","JH378163","11135350","11135637","44","80856164"
"chr5","92045124","92045408","JH378136","354228","354520","50","91690896"
"chr5","92080041","92080158","JH378124","1986105","1986224","20","90093936"
"chr5","92080202","92080378","JH378176","10944127","10944293","47","81136075"
"chr5","92112295","92112579","JH378176","10070915","10071197","41","82041380"
"chr5","92115392","92115690","JH378124","21810409","21810705","47","70304983"
"chr5","92158014","92158305","JH378115","39565442","39565741","41","52592572"
"chr5","92168176","92168418","JH378189","6890764","6891005","41","85277412"
"chr5","92275224","92275508","JH378221","354531","354820","45","91920693"
"chr5","92360743","92361042","JH378115","26938492","26938795","50","65422251"
"chr5","92382367","92382650","JH378300","781632","781913","47","91600735"
"chr5","92383651","92383929","JH378301","805801","806082","45","91577850"
"chr5","92389930","92390215","JH378114","11994163","11994456","48","80395767"
"chr5","92417476","92417802","JH378105","54610411","54610729","57","37807065"
"chr5","92472574","92472824","JH378131","18562624","18562879","53","73909950"
"chr5","92473549","92473849","JH378116","14428154","14428454","56","78045395"
"chr5","92550592","92550854","JH378173","1612521","1612783","46","90938071"
"chr5","92625457","92625760","JH378111","26034614","26034912","55","66590843"
"chr5","92718333","92718602","JH378142","14013464","14013754","59","78704869"
"chr5","92782310","92782595","JH378122","7809799","7810085","41","84972511"
"chr5","92916980","92917199","JH378157","1726188","1726408","32","91190792"
"chr5","93051120","93051419","JH378148","105999","106296","41","92945121"
"chr5","93131855","93132135","JH378119","10871760","10872045","48","82260095"
"chr5","93161982","93162290","JH378230","2942486","2942743","87","90219496"
"chr5","93193586","93193892","JH378151","4578678","4578981","40","88614908"
"chr5","93209526","93209816","JH378245","2811500","2811795","54","90398026"
"chr5","93332807","93333111","JH378118","10693452","10693756","46","82639355"
"chr5","93410099","93410410","JH378191","5594000","5594301","50","87816099"
"chr5","93446826","93447002","JH378130","169328","169505","27","93277498"
"chr5","93449724","93449920","JH378181","2546309","2546504","27","90903415"
"chr5","93452915","93453212","JH378127","23469237","23469532","47","69983678"
"chr5","93465673","93465959","JH378106","3058385","3058676","43","90407288"
"chr5","93538365","93538651","JH378177","10638333","10638621","43","82900032"
"chr5","93549062","93549363","JH378110","13854731","13855024","53","79694331"
"chr5","93604262","93604383","JH378248","2981438","2981554","18","90622824"
"chr5","93604435","93604604","JH378119","34092724","34092888","40","59511711"
"chr5","93668407","93668716","JH378145","10500061","10500358","47","83168346"
"chr5","93906933","93907249","JH378118","32710495","32710801","52","61196438"
"chr5","93975532","93975815","JH378143","8639762","8640057","40","85335770"
"chr5","93980362","93980655","JH378124","5490003","5490289","46","88490359"
"chr5","94079156","94079456","JH378230","2125707","2126002","42","91953449"
"chr5","94191766","94192060","JH378143","3250074","3250369","43","90941692"
"chr5","94255724","94255985","JH378124","359696","359952","45","93896028"
"chr5","94343429","94343738","JH378276","134131","134438","49","94209298"
"chr5","94351883","94352101","JH378230","1842751","1842970","40","92509132"
"chr5","94817741","94818043","JH378121","1885284","1885592","45","92932457"
"chr5","94876800","94877103","JH378176","9100046","9100345","43","85776754"
"chr5","94900060","94900345","JH378107","57287252","57287540","40","37612808"
"chr5","94909824","94910077","JH378111","11317065","11317309","47","83592759"
"chr5","94971814","94972091","JH378177","3761735","3762014","46","91210079"
"chr5","94989112","94989424","JH378108","8388787","8389097","47","86600325"
"chr5","95085567","95085848","JH378129","1000919","1001206","55","94084648"
"chr5","95332265","95332554","JH378306","1121831","1122118","49","94210434"
"chr5","95357774","95358085","JH378284","887377","887688","60","94470397"
"chr5","95368687","95368996","JH378124","18213319","18213624","48","77155368"
"chr5","95485881","95486168","JH378114","10308730","10309017","39","85177151"
"chr5","95514171","95514298","JH378106","50969566","50969687","23","44544605"
"chr5","95527552","95527852","JH378108","671919","672194","68","94855633"
"chr5","95576658","95576967","JH378158","4130633","4130943","55","91446025"
"chr5","95608236","95608543","JH378200","886572","886874","49","94721664"
"chr5","95739602","95739907","JH378195","1511637","1511938","57","94227965"
"chr5","95902877","95903171","JH378188","7232167","7232465","48","88670710"
"chr5","95940349","95940597","JH378174","5703364","5703614","47","90236985"
"chr5","95992770","95993025","JH378171","1844376","1844634","51","94148394"
"chr5","96028533","96028788","JH378230","274205","274478","44","95754328"
"chr5","96055170","96055475","JH378157","1154304","1154607","58","94900866"
"chr5","96173494","96173784","JH378291","915200","915491","37","95258294"
"chr5","96192568","96192849","JH378203","919532","919816","41","95273036"
"chr5","96193234","96193545","JH378153","10582814","10583118","43","85610420"
"chr5","96309477","96309773","JH378106","6755249","6755548","38","89554228"
"chr5","96355033","96355333","JH378127","4712903","4713204","53","91642130"
"chr5","96385030","96385322","JH378127","8259557","8259855","49","88125473"
"chr5","96507068","96507363","JH378140","15256022","15256323","43","81251046"
"chr5","96547361","96547647","JH378273","3104720","3105006","35","93442641"
"chr5","96572936","96573269","JH378151","3778990","3779286","100","92793946"
"chr5","96585735","96586040","JH378178","7014723","7015020","51","89571012"
"chr5","96641527","96641808","JH378159","2549304","2549590","46","94092223"
"chr5","96682192","96682504","JH378154","13561581","13561891","50","83120611"
"chr5","96721609","96721928","JH378150","2634839","2635156","51","94086770"
"chr5","96759473","96759802","JH378284","371461","371790","57","96388012"
"chr5","96763243","96763534","JH378111","42295403","42295701","43","54467840"
"chr5","96786517","96786809","JH378127","2095680","2095974","47","94690837"
"chr5","96801938","96802250","JH378127","22231357","22231665","58","74570581"
"chr5","97101230","97101502","JH378273","2533530","2533801","34","94567700"
"chr5","97149057","97149350","JH378114","42081783","42082071","78","55067274"
"chr5","97185088","97185366","JH378115","30698161","30698437","37","66486927"
"chr5","97198374","97198661","JH378136","13786279","13786567","55","83412095"
"chr5","97229996","97230275","JH378173","2558012","2558297","42","94671984"
"chr5","97321875","97322166","JH378137","16396335","16396625","38","80925540"
"chr5","97343500","97343801","JH378154","2415687","2415984","42","94927813"
"chr5","97414212","97414503","JH378195","7859880","7860176","48","89554332"
"chr5","97456163","97456455","JH378106","70080554","70080842","59","27375609"
"chr5","97502988","97503300","JH378167","5198584","5198889","40","92304404"
"chr5","97509467","97509776","JH378112","33452684","33452993","43","64056783"
"chr5","97525904","97526195","JH378106","14254226","14254507","62","83271678"
"chr5","97565974","97566268","JH378117","6076538","6076831","33","91489436"
"chr5","97603097","97603386","JH378109","9926904","9927192","39","87676193"
"chr5","97700975","97701283","JH378255","1987046","1987357","43","95713929"
"chr5","97712849","97713162","JH378159","2111805","2112116","45","95601044"
"chr5","97763616","97763898","JH378139","13663749","13664032","45","84099867"
"chr5","97782455","97782772","JH378114","36871907","36872207","67","60910548"
"chr5","97820471","97820776","JH378262","1936694","1936996","43","95883777"
"chr5","97848542","97848841","JH378106","43224234","43224529","42","54624308"
"chr5","98012855","98013091","JH378149","16347574","16347809","29","81665281"
"chr5","98088228","98088522","JH378115","28716128","28716418","44","69372100"
"chr5","98185352","98185647","JH378106","6660208","6660505","38","91525144"
"chr5","98210387","98210697","JH378122","9421425","9421726","52","88788962"
"chr5","98237194","98237452","JH378114","20097976","20098245","58","78139218"
"chr5","98321911","98322047","JH378206","438225","438357","18","97883686"
"chr5","98368739","98369032","JH378137","5318218","5318511","48","93050521"
"chr5","98422867","98423178","JH378185","1464210","1464514","50","96958657"
"chr5","98523989","98524300","JH378140","16572055","16572366","40","81951934"
"chr5","98703715","98704010","JH378170","950219","950518","39","97753496"
"chr5","98761729","98762020","JH378135","2083499","2083789","44","96678230"
"chr5","98824809","98825105","JH378115","39565442","39565741","39","59259367"
"chr5","99106175","99106474","JH378118","10693452","10693756","52","88412723"
"chr5","99164958","99165265","JH378216","1807069","1807376","51","97357889"
"chr5","99493694","99493948","JH378129","6769846","6770101","37","92723848"
"chr5","99516247","99516544","JH378141","15242660","15242959","46","84273587"
"chr5","99526925","99527203","JH378161","2314911","2315185","33","97212014"
"chr5","99616192","99616492","JH378151","7197215","7197522","55","92418977"
"chr5","99628616","99628920","JH378118","10693452","10693756","41","88935164"
"chr5","99663490","99663781","JH378110","34850075","34850365","41","64813415"
"chr5","99716676","99716965","JH378187","3252575","3252870","48","96464101"
"chr5","99726542","99726819","JH378247","594726","594998","54","99131816"
"chr5","99759815","99760064","JH378139","8103956","8104209","55","91655859"
"chr5","99788573","99788878","JH378110","21990688","21990984","44","77797885"
"chr5","99812564","99812840","JH378209","4638940","4639215","38","95173624"
"chr5","99835649","99835945","JH378110","37152892","37153182","39","62682757"
"chr5","99842706","99842998","JH378106","41498649","41498941","42","58344057"
"chr5","99850152","99850453","JH378150","15636556","15636859","51","84213596"
"chr5","99865313","99865600","JH378213","4085900","4086195","46","95779413"
"chr5","99866936","99867230","JH378153","2856479","2856773","35","97010457"
"chr5","99889993","99890335","JH378226","2113470","2113801","59","97776523"
"chr5","99920525","99920823","JH378154","2415687","2415984","38","97504838"
"chr5","99937938","99938229","JH378167","7541085","7541377","45","92396853"
"chr5","99947935","99948224","JH378106","41387985","41388279","42","58559950"
"chr5","100015871","100016181","JH378133","5257131","5257435","58","94758740"
"chr5","100026701","100026998","JH378167","11212314","11212612","50","88814387"
"chr5","100197585","100197888","JH378198","396866","397166","45","99800719"
"chr5","100568736","100569030","JH378108","45468912","45469181","77","55099824"
"chr5","100573383","100573646","JH378245","2478506","2478773","54","98094877"
"chr5","100899571","100899867","JH378141","9023175","9023466","50","91876396"
"chr5","100900994","100901297","JH378225","5341487","5341790","41","95559507"
"chr5","100945914","100946200","JH378127","13401689","13401974","49","87544225"
"chr5","101193074","101193387","JH378180","5272699","5273006","36","95920375"
"chr5","101441445","101441751","JH378143","9132189","9132495","47","92309256"
"chr5","101492644","101492928","JH378225","3015358","3015640","41","98477286"
"chr5","101521235","101521520","JH378129","22483649","22483934","37","79037586"
"chr5","101541746","101541976","JH378106","40046262","40046495","33","61495484"
"chr5","101580198","101580283","AGCE01150433","154","238","12","101580044"
"chr5","101584149","101584442","JH378200","4317868","4318159","38","97266281"
"chr5","101659173","101659305","JH378128","24085476","24085608","15","77573697"
"chr5","101661010","101661313","JH378165","3554292","3554583","66","98106718"
"chr5","101683158","101683450","JH378123","9608291","9608584","46","92074867"
"chr5","101837038","101837334","JH378197","8546632","8546928","38","93290406"
"chr5","102080272","102080581","JH378180","2993253","2993547","57","99087019"
"chr5","102128185","102128431","JH378266","587131","587373","32","101541054"
"chr5","102321887","102322192","JH378242","734891","735189","36","101586996"
"chr5","102350498","102350797","JH378242","734891","735189","44","101615607"
"chr5","102357173","102357467","JH378180","5047484","5047772","45","97309689"
"chr5","102375786","102376059","JH378146","5220230","5220512","61","97155556"
"chr5","102376111","102376132","JH378152","13518039","13518058","7","88858072"
"chr5","102640520","102640835","JH378116","33832847","33833145","73","68807673"
"chr5","102679049","102679316","JH378151","5453299","5453563","50","97225750"
"chr5","102901171","102901458","JH378137","4545019","4545309","52","98356152"
"chr5","102926776","102927061","JH378111","13237913","13238201","44","89688863"
"chr5","102973565","102973851","JH378111","43268192","43268483","37","59705373"
"chr5","102977538","102977829","JH378232","61928","62224","48","102915610"
"chr5","102979339","102979500","JH378114","30214257","30214421","27","72765082"
"chr5","103009854","103010150","JH378235","3234319","3234615","41","99775535"
"chr5","103213338","103213633","JH378118","2729862","2730159","45","100483476"
"chr5","103224407","103224701","JH378115","34769363","34769654","42","68455044"
"chr5","103238099","103238399","JH378151","5890359","5890655","46","97347740"
"chr5","103257085","103257392","JH378106","38663304","38663603","42","64593781"
"chr5","103285427","103285714","JH378216","5187466","5187750","69","98097961"
"chr5","103291995","103292293","JH378177","11116369","11116664","37","92175626"
"chr5","103304034","103304342","JH378106","38616283","38616593","47","64687751"
"chr5","103320751","103321050","JH378140","15378059","15378364","52","87942692"
"chr5","103341811","103341977","JH378113","21327818","21327983","34","82013993"
"chr5","103342274","103342411","JH378213","4209495","4209630","11","99132779"
"chr5","103349711","103349987","JH378113","3863771","3864041","47","99485940"
"chr5","103446128","103446416","JH378133","9743043","9743332","41","93703085"
"chr5","103475838","103476112","JH378127","20137462","20137737","45","83338376"
"chr5","103524995","103525290","JH378178","8042470","8042765","43","95482525"
"chr5","103685238","103685546","JH378132","2229026","2229323","56","101456212"
"chr5","103697496","103697805","JH378291","1305578","1305884","43","102391918"
"chr5","103746860","103747166","JH378131","1328221","1328526","40","102418639"
"chr5","103877060","103877359","JH378167","1562846","1563136","59","102314214"
"chr5","103970653","103970955","JH378192","8464766","8465066","43","95505887"
"chr5","104145647","104145928","JH378151","15818040","15818321","43","88327607"
"chr5","104169150","104169443","JH378116","14428154","14428454","45","89740996"
"chr5","104181314","104181576","JH378222","4569627","4569890","40","99611687"
"chr5","104211011","104211309","JH378115","33120815","33121115","43","71090196"
"chr5","104270960","104271260","JH378105","69163567","69163856","45","35107393"
"chr5","104297849","104298133","JH378176","9399651","9399930","49","94898198"
"chr5","104593499","104593795","JH378108","23639931","23640226","46","80953568"
"chr5","104830216","104830472","JH378273","364483","364742","37","104465733"
"chr5","104845161","104845436","JH378257","457493","457770","51","104387668"
"chr5","104855628","104855925","JH378135","10051376","10051674","46","94804252"
"chr5","105021562","105021868","JH378118","10693452","10693756","46","94328110"
"chr5","105047184","105047478","JH378108","34529498","34529792","50","70517686"
"chr5","105061915","105062233","JH378220","4819542","4819870","59","100242373"
"chr5","105280670","105280971","JH378123","5667081","5667374","66","99613589"
"chr5","105327166","105327460","JH378106","70592228","70592525","47","34734938"
"chr5","105350943","105351064","JH378108","52166363","52166483","12","53184580"
"chr5","105351092","105351269","JH378196","989088","989254","30","104362004"
"chr5","105376662","105376963","JH378148","3195871","3196169","45","102180791"
"chr5","105379095","105379398","JH378116","22378952","22379256","54","83000143"
"chr5","105793310","105793625","JH378127","13229242","13229553","68","92564068"
"chr5","105812560","105812854","JH378137","11891460","11891756","55","93921100"
"chr5","105959166","105959470","JH378112","22081503","22081808","48","83877663"
"chr5","105970336","105970600","JH378199","7604712","7604976","46","98365624"
"chr5","106008468","106008719","JH378121","16053473","16053729","45","89954995"
"chr5","106077616","106077920","JH378114","42191124","42191429","56","63886492"
"chr5","106195517","106195803","JH378118","25082119","25082398","67","81113398"
"chr5","106201556","106201863","JH378283","184966","185269","44","106016590"
"chr5","106267876","106268020","JH378141","10274156","10274290","36","95993720"
"chr5","106268051","106268177","JH378129","5159513","5159637","17","101108538"
"chr5","106276846","106277143","JH378113","14532240","14532539","48","91744606"
"chr5","106393744","106394055","JH378115","7530212","7530515","52","98863532"
"chr5","106398929","106399207","JH378153","10393336","10393611","49","96005593"
"chr5","106402926","106403256","JH378107","45328038","45328353","67","61074888"
"chr5","106502907","106503193","JH378106","3058385","3058676","43","103444522"
"chr5","106571673","106571946","JH378106","35537285","35537540","54","71034388"
"chr5","106678625","106678890","JH378153","528124","528390","50","106150501"
"chr5","106714151","106714427","JH378117","36078925","36079198","51","70635226"
"chr5","106831688","106831983","JH378255","3447746","3448043","39","103383942"
"chr5","106874448","106874724","JH378117","36078925","36079198","47","70795523"
"chr5","106973113","106973405","JH378144","10134054","10134353","50","96839059"
"chr5","107084031","107084339","JH378173","9472851","9473151","39","97611180"
"chr5","107186823","107187097","JH378116","25484382","25484647","56","81702441"
"chr5","107249526","107249842","JH378240","3050012","3050331","50","104199514"
"chr5","107258392","107258513","JH378108","52166363","52166483","20","55092029"
"chr5","107258551","107258696","JH378114","37040440","37040582","34","70218111"
"chr5","107300992","107301252","JH378213","818596","818865","43","106482396"
"chr5","107341057","107341334","JH378152","16250304","16250576","46","91090753"
"chr5","107422684","107422943","JH378139","16945237","16945485","43","90477447"
"chr5","107442463","107442768","JH378229","4702454","4702763","46","102740009"
"chr5","107526954","107527249","JH378145","4052907","4053198","51","103474047"
"chr5","107581936","107582220","JH378162","11681967","11682260","49","95899969"
"chr5","107606502","107606788","JH378115","34769363","34769654","46","72837139"
"chr5","107679190","107679479","JH378114","36689582","36689871","40","70989608"
"chr5","107712096","107712401","JH378112","19976534","19976836","46","87735562"
"chr5","107720573","107720866","JH378167","9956307","9956604","46","97764266"
"chr5","107743276","107743557","JH378184","3322396","3322676","50","104420880"
"chr5","107914168","107914469","JH378153","14175225","14175527","45","93738943"
"chr5","107970829","107971138","JH378153","7036113","7036415","44","100934716"
"chr5","108011867","108012179","JH378105","45886739","45887040","58","62125128"
"chr5","108016956","108017249","JH378123","20740352","20740638","47","87276604"
"chr5","108183280","108183579","JH378124","10805017","10805321","36","97378263"
"chr5","108344235","108344450","JH378152","14498341","14498566","68","93845894"
"chr5","108534765","108535062","JH378151","4578678","4578981","46","103956087"
"chr5","108567035","108567332","JH378119","360557","360852","41","108206478"
"chr5","108653433","108653726","JH378106","32030824","32031117","54","76622609"
"chr5","108669809","108670096","JH378125","9411550","9411835","38","99258259"
"chr5","108687037","108687263","JH378224","1889227","1889456","31","106797810"
"chr5","108709117","108709262","JH378118","8337979","8338128","18","100371138"
"chr5","108712737","108713046","JH378173","1691460","1691768","39","107021277"
"chr5","108772571","108772875","JH378115","25675129","25675433","43","83097442"
"chr5","108801476","108801777","JH378197","5864211","5864512","45","102937265"
"chr5","108812807","108813100","JH378140","5325520","5325814","37","103487287"
"chr5","108816429","108816737","JH378109","25846015","25846327","44","82970414"
"chr5","109182006","109182326","JH378106","33008334","33008642","52","76173672"
"chr5","109257516","109257815","JH378131","23697009","23697304","37","85560507"
"chr5","109299941","109300235","JH378123","29416076","29416371","47","79883865"
"chr5","109342529","109342825","JH378106","32826229","32826528","37","76516300"
"chr5","109352218","109352515","JH378106","32816050","32816345","47","76536168"
"chr5","109356114","109356283","JH378113","38140171","38140332","40","71215943"
"chr5","109356588","109356727","JH378105","10367952","10368092","38","98988636"
"chr5","109394681","109394972","JH378108","22478433","22478725","45","86916248"
"chr5","109396641","109396956","JH378149","9770546","9770864","69","99626095"
"chr5","109465776","109466078","JH378109","14377825","14378124","43","95087951"
"chr5","109504607","109504907","JH378187","3689373","3689668","48","105815234"
"chr5","109560508","109560811","JH378157","1277342","1277653","44","108283166"
"chr5","109898953","109899274","JH378146","9945015","9945333","46","99953938"
"chr5","109911270","109911425","JH378118","7822461","7822612","31","102088809"
"chr5","109911756","109912061","JH378120","18067329","18067633","44","91844427"
"chr5","109966507","109966767","JH378222","4569627","4569890","49","105396880"
"chr5","110020332","110020648","JH378277","308065","308370","53","109712267"
"chr5","110028790","110029080","JH378167","11202084","11202374","48","98826706"
"chr5","110043570","110043859","JH378163","13062219","13062505","44","96981351"
"chr5","110068971","110069118","JH378208","1568716","1568863","19","108500255"
"chr5","110096019","110096298","JH378144","13429319","13429607","50","96666700"
"chr5","110128342","110128650","JH378139","11244771","11245079","39","98883571"
"chr5","110133172","110133471","JH378108","17650525","17650818","43","92482647"
"chr5","110142911","110143197","JH378106","32007739","32008027","35","78135172"
"chr5","110172235","110172515","JH378141","15076832","15077114","46","95095403"
"chr5","110299093","110299438","JH378106","31847893","31848231","41","78451200"
"chr5","110480287","110480446","JH378119","34092724","34092888","32","76387563"
"chr5","110480472","110480593","JH378124","1986105","1986224","17","108494367"
"chr5","110504832","110505055","JH378177","2070803","2071016","36","108434029"
"chr5","110516681","110516967","JH378176","9399651","9399930","46","101117030"
"chr5","110533109","110533415","JH378115","27595424","27595737","47","82937685"
"chr5","110538389","110538744","JH378108","32912059","32912352","99","77626330"
"chr5","110538755","110539064","JH378120","18067329","18067633","51","92471426"
"chr5","110541566","110541872","JH378173","10651343","10651645","68","99890223"
"chr5","110550202","110550501","JH378116","14428154","14428454","41","96122048"
"chr5","110558102","110558399","JH378127","8259557","8259855","47","102298545"
"chr5","110570473","110570781","JH378115","14987072","14987385","41","95583401"
"chr5","110591138","110591438","JH378112","22081503","22081808","44","88509635"
"chr5","110606255","110606556","JH378200","261439","261727","52","110344816"
"chr5","110639289","110639586","JH378135","15236962","15237256","43","95402327"
"chr5","110651729","110651989","JH378176","11083944","11084201","48","99567785"
"chr5","110670786","110671115","JH378284","371461","371790","40","110299325"
"chr5","110752071","110752351","JH378128","2485287","2485568","48","108266784"
"chr5","110874200","110874507","JH378137","2975826","2976134","40","107898374"
"chr5","110975609","110975881","JH378131","1474328","1474605","55","109501281"
"chr5","110997468","110997762","JH378135","17996725","17997019","41","93000743"
"chr5","111508069","111508316","JH378225","1669956","1670188","47","109838113"
"chr5","111512405","111512682","JH378106","30667345","30667623","48","80845060"
"chr5","111571087","111571400","JH378134","15276798","15277108","50","96294289"
"chr5","111672698","111673007","JH378123","28766081","28766389","54","82906617"
"chr5","111714616","111714925","JH378152","14479116","14479426","42","97235500"
"chr5","111775162","111775450","JH378121","21328689","21328975","50","90446473"
"chr5","111788200","111788525","JH378119","21555256","21555560","83","90232944"
"chr5","111845356","111845642","JH378213","4422853","4423134","40","107422503"
"chr5","111846696","111846868","JH378196","989088","989254","46","110857608"
"chr5","111846903","111847024","JH378279","2698683","2698802","21","109148220"
"chr5","112217094","112217372","JH378199","7211869","7212150","41","105005225"
"chr5","112288015","112288325","JH378157","1154304","1154607","46","111133711"
"chr5","112294913","112295198","JH378140","5325520","5325814","46","106969393"
"chr5","112532313","112532594","JH378291","130444","130734","41","112401869"
"chr5","112558166","112558470","JH378129","5097363","5097673","55","107460803"
"chr5","112571118","112571391","JH378152","13718259","13718548","46","98852859"
"chr5","112580532","112580815","JH378204","6750334","6750618","39","105830198"
"chr5","112612719","112613032","JH378122","9797895","9798192","60","102814824"
"chr5","112664898","112665114","JH378110","29662952","29663160","37","83001946"
"chr5","112677939","112678119","JH378106","64428952","64429129","37","48248987"
"chr5","112769608","112769919","JH378189","8992244","8992548","37","103777364"
"chr5","112813943","112814146","JH378176","990912","991128","49","111823031"
"chr5","112819508","112819808","JH378178","8007831","8008129","42","104811677"
"chr5","112988041","112988164","JH378321","66640","66769","26","112921401"
"chr5","112988743","112988918","JH378107","49996803","49996978","29","62991940"
"chr5","112990336","112990617","JH378152","11153183","11153462","61","101837153"
"chr5","113032830","113033129","JH378242","734891","735189","40","112297939"
"chr5","113127089","113127380","JH378140","14147137","14147431","43","98979952"
"chr5","113237397","113237677","JH378189","177130","177409","43","113060267"
"chr5","113308115","113308388","JH378121","20767692","20767964","43","92540423"
"chr5","113312344","113312629","JH378141","14454762","14455052","44","98857582"
"chr5","113316084","113316389","JH378105","58654423","58654726","54","54661661"
"chr5","113327627","113327907","JH378118","28136854","28137138","50","85190773"
"chr5","113375418","113375729","JH378111","8712659","8712969","45","104662759"
"chr5","113463395","113463516","JH378143","7115094","7115217","12","106348301"
"chr5","113505565","113505857","JH378124","5131942","5132232","44","108373623"
"chr5","113647237","113647534","JH378105","21995158","21995455","58","91652079"
"chr5","113654758","113655049","JH378148","3194804","3195090","40","110459954"
"chr5","113660963","113661244","JH378288","1300895","1301180","43","112360068"
"chr5","113745293","113745592","JH378294","668279","668579","34","113077014"
"chr5","113767791","113768102","JH378113","27819653","27819957","41","85948138"
"chr5","113772765","113773054","JH378106","28482904","28483197","42","85289861"
"chr5","113796412","113796683","JH378177","1170014","1170294","47","112626398"
"chr5","113821322","113821616","JH378105","69163567","69163856","36","44657755"
"chr5","113834193","113834500","JH378113","26550017","26550324","38","87284176"
"chr5","113862209","113862528","JH378157","9625812","9626123","56","104236397"
"chr5","113885727","113886033","JH378135","2445392","2445695","42","111440335"
"chr5","113887612","113887920","JH378173","5273045","5273355","40","108614567"
"chr5","113889670","113889949","JH378136","2649020","2649296","49","111240650"
"chr5","113901686","113901969","JH378119","11553220","11553504","47","102348466"
"chr5","113912935","113913154","JH378113","41905483","41905699","31","72007452"
"chr5","113935352","113935645","JH378191","967537","967830","39","112967815"
"chr5","113939380","113939689","JH378200","7105411","7105711","49","106833969"
"chr5","113944510","113944772","JH378198","4413303","4413578","46","109531207"
"chr5","113946823","113947132","JH378115","27432581","27432889","47","86514242"
"chr5","113952613","113952918","JH378148","16955481","16955786","51","96997132"
"chr5","113956890","113957143","JH378106","28296879","28297135","36","85660011"
"chr5","113970411","113970709","JH378111","11464738","11465037","38","102505673"
"chr5","113971431","113971739","JH378118","14682652","14682960","42","99288779"
"chr5","113974366","113974588","JH378118","11979639","11979865","33","101994727"
"chr5","113991632","113991913","JH378118","17322417","17322703","63","96669215"
"chr5","114053190","114053481","JH378124","6001393","6001683","36","108051797"
"chr5","114061213","114061515","JH378106","68479909","68480208","37","45581304"
"chr5","114064864","114065160","JH378143","8639762","8640057","47","105425102"
"chr5","114073388","114073688","JH378194","2297035","2297333","36","111776353"
"chr5","114097210","114097493","JH378139","16988807","16989096","57","97108403"
"chr5","114097580","114097883","JH378106","28165320","28165615","44","85932260"
"chr5","114105978","114106097","JH378122","2671673","2671790","15","111434305"
"chr5","114122745","114123039","JH378125","5364994","5365289","38","108757751"
"chr5","114165867","114166153","JH378137","13556624","13556914","51","100609243"
"chr5","114204278","114204536","JH378107","29393673","29393934","33","84810605"
"chr5","114205292","114205595","JH378129","7516692","7516995","50","106688600"
"chr5","114298508","114298769","JH378114","20734954","20735221","39","93563554"
"chr5","114307744","114308039","JH378226","6485812","6486107","38","107821932"
"chr5","114386623","114386929","JH378135","18367896","18368194","46","96018727"
"chr5","114524339","114524635","JH378129","14233578","14233874","42","100290761"
"chr5","114533214","114533520","JH378110","21383801","21384099","41","93149413"
"chr5","114536166","114536468","JH378153","13255573","13255882","59","101280593"
"chr5","114558632","114558899","JH378136","14154594","14154867","52","100404038"
"chr5","114646033","114646326","JH378110","14082764","14083060","47","100563269"
"chr5","114653126","114653409","JH378178","8042470","8042765","51","106610656"
"chr5","114728958","114729247","JH378172","4628811","4629098","45","110100147"
"chr5","114729499","114729798","JH378226","6485812","6486107","47","108243687"
"chr5","114747529","114747818","JH378105","18392353","18392643","38","96355176"
"chr5","114914341","114914647","JH378106","27357561","27357860","31","87556780"
"chr5","115009118","115009411","JH378293","1508849","1509149","47","113500269"
"chr5","115084369","115084670","JH378262","1936694","1936996","45","113147675"
"chr5","115154994","115155290","JH378123","346688","346982","44","114808306"
"chr5","115251569","115251875","JH378277","308065","308370","45","114943504"
"chr5","115409988","115410304","JH378188","7490346","7490651","47","107919642"
"chr5","115412571","115412879","JH378173","4731101","4731408","38","110681470"
"chr5","115449850","115450154","JH378152","7875374","7875671","51","107574476"
"chr5","115506239","115506540","JH378106","26738971","26739273","39","88767268"
"chr5","115542960","115543268","JH378198","2114873","2115184","42","113428087"
"chr5","115611533","115611833","JH378106","6755249","6755548","46","108856284"
"chr5","115648156","115648467","JH378124","6469394","6469703","53","109178762"
"chr5","115693264","115693565","JH378288","629003","629310","49","115064261"
"chr5","115750902","115751181","JH378131","5934675","5934960","58","109816227"
"chr5","116181142","116181405","JH378245","2478506","2478773","41","113702636"
"chr5","116182649","116182957","JH378129","2446692","2446987","37","113735957"
"chr5","116267698","116267989","JH378153","14658508","14658797","35","101609190"
"chr5","116286731","116287032","JH378106","25983096","25983384","43","90303635"
"chr5","116331151","116331457","JH378113","15232832","15233136","46","101098319"
"chr5","116371150","116371431","JH378216","3323731","3324020","40","113047419"
"chr5","116372291","116372585","JH378123","5667081","5667374","42","110705210"
"chr5","116381774","116382071","JH378149","422089","422391","42","115959685"
"chr5","116400725","116401056","JH378127","5317720","5318008","68","111083005"
"chr5","116422122","116422413","JH378213","4435380","4435669","34","111986742"
"chr5","116445895","116446147","JH378106","25812869","25813122","33","90633026"
"chr5","116500651","116500779","JH378172","10643459","10643587","17","105857192"
"chr5","116504528","116504806","JH378114","10665031","10665316","57","105839497"
"chr5","116537457","116537729","JH378106","25714998","25715283","45","90822459"
"chr5","116592262","116592482","JH378107","30054942","30055172","46","86537320"
"chr5","116639956","116640245","JH378171","1552791","1553074","38","115087165"
"chr5","116850287","116850566","JH378109","41527785","41528066","48","75322502"
"chr5","116869935","116870258","JH378123","17033428","17033740","57","99836507"
"chr5","116873892","116874183","JH378141","15995911","15996205","47","100877981"
"chr5","116890943","116891244","JH378159","1568331","1568626","56","115322612"
"chr5","116989240","116989578","JH378118","10693452","10693756","63","106295788"
"chr5","117005483","117005750","JH378232","3348298","3348573","39","113657185"
"chr5","117053786","117054031","JH378106","25093271","25093508","43","91960515"
"chr5","117068820","117069112","JH378120","32488180","32488474","44","84580640"
"chr5","117090722","117091013","JH378106","25061883","25062181","40","92028839"
"chr5","117141873","117142159","JH378116","27998116","27998405","51","89143757"
"chr5","117211588","117211886","JH378223","4047654","4047955","45","113163934"
"chr5","117269093","117269401","JH378262","1936694","1936996","44","115332399"
"chr5","117343242","117343530","JH378240","1261451","1261747","60","116081791"
"chr5","117633421","117633716","JH378226","6485812","6486107","38","111147609"
"chr5","117779156","117779459","JH378106","24363392","24363705","52","93415764"
"chr5","117838656","117838954","JH378110","21383801","21384099","40","96454855"
"chr5","117871777","117872059","JH378173","4795221","4795500","35","113076556"
"chr5","117902860","117903145","JH378171","5750103","5750393","54","112152757"
"chr5","117941979","117942261","JH378119","5505381","5505671","45","112436598"
"chr5","117972240","117972540","JH378255","1058410","1058705","45","116913830"
"chr5","118169487","118169790","JH378148","16955481","16955786","41","101214006"
"chr5","118317680","118317980","JH378106","23808749","23809045","49","94508931"
"chr5","118489675","118489980","JH378193","3655622","3655925","40","114834053"
"chr5","118505817","118506103","JH378120","3329205","3329494","61","115176612"
"chr5","118521721","118522030","JH378106","23587043","23587354","49","94934678"
"chr5","118539224","118539519","JH378220","1011665","1011962","41","117527559"
"chr5","118547337","118547630","JH378106","68377365","68377661","44","50169972"
"chr5","118571788","118572089","JH378113","4126123","4126428","41","114445665"
"chr5","118899524","118899772","JH378108","23830642","23830890","59","95068882"
"chr5","119061964","119062247","JH378112","35214236","35214521","46","83847728"
"chr5","119067193","119067481","JH378141","10617798","10618090","42","108449395"
"chr5","119082238","119082557","JH378197","8739003","8739306","61","110343235"
"chr5","119114683","119114960","JH378106","23117779","23118063","46","95996904"
"chr5","119143753","119143991","JH378105","23912401","23912637","33","95231352"
"chr5","119370156","119370447","JH378197","4458937","4459233","48","114911219"
"chr5","119468810","119469126","JH378114","17499413","17499723","45","101969397"
"chr5","119555032","119555314","JH378203","7381571","7381852","50","112173461"
"chr5","119572997","119573163","JH378152","12292418","12292588","33","107280579"
"chr5","119666748","119667026","JH378117","36041941","36042223","40","83624807"
"chr5","119816380","119816659","JH378127","1087443","1087725","42","118728937"
"chr5","119928126","119928413","JH378139","1525143","1525424","48","118402983"
"chr5","119998210","119998526","JH378126","24693986","24694294","64","95304224"
"chr5","120005806","120006119","JH378227","3516504","3516809","59","116489302"
"chr5","120037394","120037700","JH378156","1634213","1634514","47","118403181"
"chr5","120058183","120058490","JH378131","4958607","4958908","54","115099576"
"chr5","120065815","120066109","JH378203","7090053","7090349","35","112975762"
"chr5","120076076","120076357","JH378140","5325520","5325814","51","114750556"
"chr5","120105190","120105441","JH378106","21931426","21931670","38","98173764"
"chr5","120121585","120121897","JH378205","4278012","4278319","41","115843573"
"chr5","120136713","120137009","JH378253","1812488","1812781","49","118324225"
"chr5","120161256","120161524","JH378106","21883841","21884110","29","98277415"
"chr5","120188106","120188420","JH378148","3486264","3486576","46","116701842"
"chr5","120201332","120201620","JH378129","14524850","14525142","39","105676482"
"chr5","120202359","120202661","JH378149","8765668","8765954","54","111436691"
"chr5","120233529","120233839","JH378139","15546874","15547182","45","104686655"
"chr5","120242196","120242486","JH378167","12733486","12733776","44","107508710"
"chr5","120251096","120251347","JH378139","8103956","8104209","33","112147140"
"chr5","120318194","120318498","JH378204","3945411","3945718","44","116372783"
"chr5","120324358","120324620","JH378229","5167608","5167867","46","115156750"
"chr5","120324852","120325146","JH378106","43468268","43468562","44","76856584"
"chr5","120328626","120328810","JH378188","1294606","1294788","41","119034020"
"chr5","120329094","120329227","JH378108","49180782","49180912","18","71148312"
"chr5","120348654","120348941","JH378106","21698897","21699165","50","98649757"
"chr5","120394144","120394437","JH378124","6001393","6001683","37","114392751"
"chr5","120421428","120421738","JH378132","21936850","21937158","45","98484578"
"chr5","120428740","120429031","JH378105","50034667","50034949","45","70394073"
"chr5","120449690","120450016","JH378153","14175225","14175527","50","106274465"
"chr5","120458001","120458277","JH378279","1666661","1666937","42","118791340"
"chr5","120484049","120484317","JH378129","2871668","2871943","41","117612381"
"chr5","120491040","120491322","JH378118","21278795","21279078","39","99212245"
"chr5","120569885","120570175","JH378157","8047049","8047337","38","112522836"
"chr5","120630770","120631076","JH378139","11244771","11245079","50","109385999"
"chr5","120645495","120645776","JH378114","11400633","11400910","43","109244862"
"chr5","120811230","120811539","JH378152","13332030","13332334","44","107479200"
"chr5","120826379","120826693","JH378111","44419713","44420022","43","76406666"
"chr5","120894583","120894889","JH378155","1653878","1654188","49","119240705"
"chr5","121127264","121127582","JH378181","4383592","4383906","42","116743672"
"chr5","121246144","121246439","JH378212","4188698","4188990","53","117057446"
"chr5","121373323","121373619","JH378123","5667081","5667374","42","115706242"
"chr5","121440873","121441179","JH378194","2282818","2283122","40","119158055"
"chr5","121480473","121480759","JH378264","2190823","2191104","55","119289650"
"chr5","121496517","121496823","JH378167","3626557","3626863","43","117869960"
"chr5","121508579","121508863","JH378114","41016841","41017126","43","80491738"
"chr5","121518692","121518976","JH378145","9866488","9866781","55","111652204"
"chr5","121541333","121541653","JH378186","5902593","5902905","51","115638740"
"chr5","121579264","121579562","JH378106","20447533","20447828","43","101131731"
"chr5","121615126","121615455","JH378167","6525421","6525739","54","115089705"
"chr5","121712686","121712983","JH378129","12033076","12033373","52","109679610"
"chr5","121762129","121762420","JH378123","9231272","9231569","42","112530857"
"chr5","121811311","121811605","JH378112","22442333","22442631","37","99368978"
"chr5","121850534","121850845","JH378114","31003149","31003455","60","90847385"
"chr5","121912397","121912664","JH378106","20158350","20158617","44","101754047"
"chr5","121938899","121939178","JH378107","7454917","7455197","55","114483982"
"chr5","122043667","122043972","JH378160","12202742","12203045","45","109840925"
"chr5","122069336","122069627","JH378127","5317720","5318008","46","116751616"
"chr5","122076193","122076423","JH378137","13510620","13510854","38","108565573"
"chr5","122107704","122107979","JH378106","19971279","19971555","45","102136425"
"chr5","122218302","122218608","JH378258","1807287","1807590","52","120411015"
"chr5","122236382","122236692","JH378144","12633878","12634181","54","109602504"
"chr5","122462687","122462928","JH378161","9876744","9876980","39","112585943"
"chr5","122598438","122598732","JH378178","8042470","8042765","39","114555968"
"chr5","122687720","122688004","JH378257","303275","303558","42","122384445"
"chr5","122906165","122906335","JH378127","9191345","9191522","29","113714820"
"chr5","123021419","123021711","JH378157","11453180","11453475","41","111568239"
"chr5","123212171","123212482","JH378106","18805239","18805547","45","104406932"
"chr5","123253924","123254226","JH378135","1859095","1859393","53","121394829"
"chr5","123311074","123311162","JH378257","2457895","2457970","37","120853179"
"chr5","123311461","123311591","JH378106","1342311","1342445","18","121969150"
"chr5","123381284","123381596","JH378248","3387134","3387441","60","119994150"
"chr5","123516198","123516501","JH378105","1126046","1126352","40","122390152"
"chr5","123530304","123530605","JH378135","5477834","5478133","41","118052470"
"chr5","123577026","123577332","JH378107","53104226","53104533","47","70472800"
"chr5","123669127","123669419","JH378140","4963471","4963765","41","118705656"
"chr5","123688103","123688409","JH378129","10477083","10477384","41","113211020"
"chr5","123710447","123710712","JH378118","27502774","27503024","53","96207673"
"chr5","123719287","123719581","JH378189","4313676","4313977","38","119405611"
"chr5","123782570","123782877","JH378146","496524","496827","44","123286046"
"chr5","123783901","123784206","JH378105","58654423","58654726","41","65129478"
"chr5","123813748","123814054","JH378224","2515142","2515446","45","121298606"
"chr5","123820546","123820855","JH378153","7998003","7998310","52","115822543"
"chr5","123849432","123849740","JH378115","27432581","27432889","49","96416851"
"chr5","123851465","123851754","JH378156","1920","2211","46","123849545"
"chr5","123861598","123861898","JH378166","3250650","3250951","41","120610948"
"chr5","123868701","123868983","JH378114","36224521","36224801","43","87644180"
"chr5","123869010","123869022","JH378185","5729091","5729102","3","118139919"
"chr5","123885601","123885902","JH378106","18179547","18179851","32","105706054"
"chr5","123897053","123897185","JH378116","19138658","19138790","12","104758395"
"chr5","123920464","123920763","JH378109","8720176","8720466","48","115200288"
"chr5","123936773","123937073","JH378121","20570827","20571122","40","103365946"
"chr5","123958284","123958588","JH378110","21383801","21384099","45","102574483"
"chr5","123974640","123974917","JH378115","34769363","34769654","47","89205277"
"chr5","124013546","124013829","JH378113","39319250","39319536","46","84694296"
"chr5","124022772","124023079","JH378213","5758371","5758671","45","118264401"
"chr5","124032734","124033013","JH378126","1079320","1079599","40","122953414"
"chr5","124037855","124038129","JH378124","10016046","10016322","43","114021809"
"chr5","124055939","124056234","JH378106","18008827","18009125","47","106047112"
"chr5","124060558","124060848","JH378122","7809799","7810085","40","116250759"
"chr5","124067813","124068108","JH378129","10311891","10312185","39","113755922"
"chr5","124134884","124135170","JH378106","17917879","17918165","37","106217005"
"chr5","124229932","124230244","JH378147","11751076","11751385","43","112478856"
"chr5","124241583","124241881","JH378110","29725141","29725440","36","94516442"
"chr5","124368565","124368871","JH378114","43778369","43778670","43","80590196"
"chr5","124370815","124371122","JH378276","134131","134438","40","124236684"
"chr5","124395319","124395603","JH378197","8650623","8650902","43","115744696"
"chr5","124481787","124482095","JH378197","8660298","8660600","42","115821489"
"chr5","124572408","124572694","JH378106","17485883","17486182","46","107086525"
"chr5","124585568","124585859","JH378290","1449167","1449465","46","123136401"
"chr5","124612955","124613238","JH378106","17443276","17443552","49","107169679"
"chr5","124643470","124643783","JH378115","36895230","36895537","54","87748240"
"chr5","124694501","124694779","JH378107","921814","922092","53","123772687"
"chr5","124710661","124710957","JH378143","8639762","8640057","43","116070899"
"chr5","124711465","124711753","JH378106","17348289","17348581","35","107363176"
"chr5","124740293","124740594","JH378111","7917737","7918041","41","116822556"
"chr5","124770140","124770442","JH378110","2590007","2590314","40","122180133"
"chr5","124792492","124792760","JH378198","6180573","6180856","52","118611919"
"chr5","124936828","124937135","JH378126","21553496","21553804","47","103383332"
"chr5","125350763","125351061","JH378115","26968615","26968913","39","98382148"
"chr5","125365464","125365758","JH378133","10040192","10040484","45","115325272"
"chr5","125408149","125408445","JH378131","1492352","1492650","35","123915797"
"chr5","125410186","125410505","JH378124","28350282","28350595","58","97059904"
"chr5","125440320","125440639","JH378123","12592558","12592862","86","112847762"
"chr5","125559411","125559723","JH378117","15749415","15749721","45","109809996"
"chr5","125639808","125640102","JH378293","1508849","1509149","41","124130959"
"chr5","125718969","125719275","JH378220","6273810","6274113","41","119445159"
"chr5","125733661","125733960","JH378106","16369530","16369822","36","109364131"
"chr5","125745124","125745427","JH378106","69063427","69063728","39","56681697"
"chr5","125926586","125926882","JH378145","11332003","11332298","38","114594583"
"chr5","125935580","125935896","JH378106","16163379","16163674","57","109772201"
"chr5","125937695","125937969","JH378106","16161382","16161661","38","109776313"
"chr5","125965586","125965879","JH378153","7052266","7052556","42","118913320"
"chr5","125980314","125980606","JH378105","22384355","22384643","43","103595959"
"chr5","125981632","125981915","JH378112","35581034","35581316","42","90400598"
"chr5","126018378","126018644","JH378116","37617802","37618076","42","88400576"
"chr5","126024264","126024559","JH378106","16061225","16061532","49","109963039"
"chr5","126065830","126066126","JH378197","4021517","4021810","58","122044313"
"chr5","126070511","126070822","JH378106","6660208","6660505","46","119410303"
"chr5","126083567","126083857","JH378149","9427080","9427369","42","116656487"
"chr5","126100032","126100307","JH378139","10311997","10312279","44","115788035"
"chr5","126119059","126119366","JH378204","3129799","3130101","38","122989260"
"chr5","126250876","126251172","JH378242","734891","735189","38","125515985"
"chr5","126289483","126289782","JH378145","10500061","10500358","47","115789422"
"chr5","126317728","126318034","JH378117","8273843","8274143","40","118043885"
"chr5","126340526","126340816","JH378139","13747850","13748135","67","112592676"
"chr5","126488174","126488475","JH378197","5307034","5307334","54","121181140"
"chr5","126518216","126518529","JH378152","16188403","16188709","49","110329813"
"chr5","126519312","126519591","JH378190","8642547","8642819","57","117876765"
"chr5","126537876","126538194","JH378264","3336401","3336713","42","123201475"
"chr5","126730422","126730720","JH378106","69562637","69562935","42","57167785"
"chr5","126752747","126753022","JH378280","206067","206344","57","126546680"
"chr5","126808359","126808662","JH378111","11464738","11465037","50","115343621"
"chr5","127159553","127159845","JH378186","7052685","7052979","43","120106868"
"chr5","127206921","127207217","JH378170","1616807","1617104","45","125590114"
"chr5","127211574","127211849","JH378173","5397509","5397785","54","121814065"
"chr5","127228157","127228461","JH378142","14090331","14090632","50","113137826"
"chr5","127261365","127261656","JH378164","2782869","2783156","53","124478496"
"chr5","127359957","127360260","JH378221","1327562","1327866","44","126032395"
"chr5","127507383","127507678","JH378111","8498303","8498600","43","119009080"
"chr5","127534613","127534895","JH378257","2342173","2342453","51","125192440"
"chr5","127566705","127566930","JH378157","11822710","11822933","47","115743995"
"chr5","127598661","127598960","JH378116","25790477","25790774","42","101808184"
"chr5","127604417","127604682","JH378199","2291359","2291622","48","125313058"
"chr5","127615783","127616085","JH378110","31963517","31963828","54","95652266"
"chr5","127624333","127624625","JH378106","14437970","14438275","41","113186363"
"chr5","127634595","127634903","JH378153","14175225","14175527","44","113459370"
"chr5","127643445","127643706","JH378147","15759138","15759416","47","111884307"
"chr5","127660719","127661016","JH378174","8695069","8695365","47","118965650"
"chr5","127687261","127687572","JH378188","8305765","8306076","45","119381496"
"chr5","127703992","127704263","JH378114","41996207","41996493","48","85707785"
"chr5","127721006","127721294","JH378119","13478581","13478885","44","114242425"
"chr5","127727732","127727997","JH378133","7556101","7556363","43","120171631"
"chr5","127729133","127729435","JH378109","45421682","45421981","42","82307451"
"chr5","127730508","127730812","JH378129","11577246","11577547","51","116153262"
"chr5","127762633","127762936","JH378118","10693452","10693756","43","117069181"
"chr5","127764026","127764313","JH378110","19596750","19597032","48","108167276"
"chr5","127766304","127766598","JH378161","2236995","2237295","57","125529309"
"chr5","127774325","127774633","JH378124","6001393","6001683","59","121772932"
"chr5","127786950","127787254","JH378105","55161570","55161870","54","72625380"
"chr5","127790351","127790646","JH378105","50034667","50034949","58","77755684"
"chr5","127793683","127793988","JH378204","3129799","3130101","39","124663884"
"chr5","127800350","127800651","JH378235","3957900","3958200","42","123842450"
"chr5","127801659","127801955","JH378197","8546632","8546928","37","119255027"
"chr5","127802665","127802834","JH378135","19510219","19510388","34","108292446"
"chr5","127807325","127807559","JH378113","15683369","15683600","40","112123956"
"chr5","127829197","127829357","JH378244","3944142","3944302","27","123885055"
"chr5","127829389","127829518","JH378248","1131095","1131226","16","126698294"
"chr5","127851790","127852087","JH378141","16086975","16087268","51","111764815"
"chr5","127854153","127854459","JH378157","10039092","10039395","46","117815061"
"chr5","127854487","127854784","JH378125","12308732","12309029","51","115545755"
"chr5","127861776","127862086","JH378113","15232832","15233136","45","112628944"
"chr5","127863940","127864249","JH378118","4589604","4589912","42","123274336"
"chr5","127870938","127871242","JH378190","1093334","1093632","39","126777604"
"chr5","127875910","127876195","JH378160","6528680","6528961","43","121347230"
"chr5","127878988","127879295","JH378193","9036845","9037148","35","118842143"
"chr5","127885709","127886013","JH378166","9428708","9429013","44","118457001"
"chr5","127886698","127886993","JH378111","8498303","8498600","41","119388395"
"chr5","127891559","127891855","JH378108","30957686","30957982","44","96933873"
"chr5","127903706","127904019","JH378193","9036845","9037148","50","118866861"
"chr5","127914458","127914726","JH378167","7461610","7461855","67","120452848"
"chr5","127931574","127931872","JH378193","2158258","2158555","47","125773316"
"chr5","127931966","127932180","JH378179","4106087","4106317","54","123825879"
"chr5","127935104","127935402","JH378123","5667081","5667374","35","122268023"
"chr5","127946778","127947073","JH378216","6521976","6522275","53","121424802"
"chr5","127960687","127960987","JH378125","6538044","6538329","55","121422643"
"chr5","127962003","127962299","JH378247","4426259","4426553","47","123535744"
"chr5","127977578","127977878","JH378220","1011665","1011962","40","126965913"
"chr5","127981602","127981905","JH378242","734891","735189","41","127246711"
"chr5","127993235","127993515","JH378173","4795221","4795500","44","123198014"
"chr5","127998570","127998694","JH378112","36789237","36789359","14","91209333"
"chr5","128023433","128023709","JH378122","7104036","7104320","42","120919397"
"chr5","128025652","128025951","JH378106","14051598","14051903","37","113974054"
"chr5","128044678","128044966","JH378129","10098677","10098967","45","117946001"
"chr5","128049618","128049910","JH378141","14454762","14455052","35","113594856"
"chr5","128118571","128118866","JH378148","12491224","12491520","41","115627347"
"chr5","128179764","128180065","JH378115","34867821","34868125","40","93311943"
"chr5","128197274","128197583","JH378115","33936739","33937047","42","94260535"
"chr5","128208594","128208898","JH378118","10693452","10693756","41","117515142"
"chr5","128252593","128252900","JH378148","13262362","13262662","38","114990231"
"chr5","128325787","128326073","JH378114","42081783","42082071","44","86244004"
"chr5","128414034","128414315","JH378105","6621498","6621779","33","121792536"
"chr5","128478783","128479069","JH378178","1642049","1642334","39","126836734"
"chr5","128494656","128494953","JH378153","10287874","10288168","40","118206782"
"chr5","128594817","128595111","JH378111","11464738","11465037","41","117130079"
"chr5","128630511","128630819","JH378106","13506406","13506714","38","115124105"
"chr5","128648210","128648476","JH378165","5226171","5226439","39","123422039"
"chr5","128792913","128793218","JH378157","10039092","10039395","44","118753821"
"chr5","128812969","128813268","JH378156","10837845","10838152","51","117975124"
"chr5","128894487","128894769","JH378161","8960760","8961033","53","119933727"
"chr5","128950524","128950825","JH378106","765844","766137","53","128184680"
"chr5","128966161","128966428","JH378110","35279265","35279534","50","93686896"
"chr5","129062169","129062476","JH378151","14423847","14424153","37","114638322"
"chr5","129064516","129064829","JH378188","7490346","7490651","46","121574170"
"chr5","129107653","129107937","JH378122","7809799","7810085","45","121297854"
"chr5","129116809","129117105","JH378111","11464738","11465037","41","117652071"
"chr5","129163533","129163833","JH378153","14175225","14175527","49","114988308"
"chr5","129181736","129182029","JH378116","25790477","25790774","36","103391259"
"chr5","129253216","129253518","JH378161","2236995","2237295","43","127016221"
"chr5","129257477","129257778","JH378125","8254774","8255068","60","121002703"
"chr5","129307731","129307868","JH378234","2807132","2807268","16","126500599"
"chr5","129308133","129308305","JH378312","374716","374883","39","128933417"
"chr5","129330836","129331134","JH378242","734891","735189","26","128595945"
"chr5","129397374","129397693","JH378223","4510318","4510622","66","124887056"
"chr5","129428734","129429029","JH378133","5257131","5257435","46","124171603"
"chr5","129608273","129608561","JH378105","57207463","57207754","43","72400810"
"chr5","129750746","129751048","JH378131","2379402","2379697","62","127371344"
"chr5","129898669","129898964","JH378117","6076538","6076831","40","123822131"
"chr5","129966466","129966725","JH378140","8940941","8941206","55","121025525"
"chr5","130169492","130169840","JH378106","12035147","12035492","44","118134345"
"chr5","130256682","130256986","JH378116","34969710","34970012","39","95286972"
"chr5","130305659","130305941","JH378112","35581034","35581316","57","94724625"
"chr5","130349655","130349958","JH378167","10539860","10540171","41","119809795"
"chr5","130469548","130469801","JH378106","11752950","11753189","49","118716598"
"chr5","130502883","130502986","JH378149","13130724","13130827","12","117372159"
"chr5","130503018","130503253","JH378106","11722188","11722416","35","118780830"
"chr5","130559584","130559887","JH378153","14175225","14175527","49","116384359"
"chr5","130590858","130591170","JH378112","20346420","20346731","44","110244438"
"chr5","130604388","130604669","JH378166","9548375","9548654","40","121056013"
"chr5","130613842","130614148","JH378128","14375893","14376205","62","116237949"
"chr5","130708857","130709153","JH378106","11500771","11501066","44","119208086"
"chr5","130734442","130734759","JH378149","15180888","15181202","56","115553554"
"chr5","130826251","130826539","JH378137","17632993","17633286","59","113193258"
"chr5","130834360","130834661","JH378203","3557833","3558132","54","127276527"
"chr5","130852161","130852459","JH378113","26550017","26550324","50","104302144"
"chr5","130854244","130854515","JH378108","22437889","22438161","46","108416355"
"chr5","130877313","130877614","JH378129","3247646","3247946","46","127629667"
"chr5","130881610","130881904","JH378191","967537","967830","49","129914073"
"chr5","130897580","130897875","JH378125","5974898","5975195","43","124922682"
"chr5","131370066","131370366","JH378124","1325218","1325513","47","130044848"
"chr5","131396885","131397187","JH378197","1500831","1501131","46","129896054"
"chr5","131533587","131533890","JH378137","17631559","17631862","45","113902028"
"chr5","131572847","131573142","JH378111","43268192","43268483","58","88304655"
"chr5","131719223","131719516","JH378148","3195871","3196169","36","128523352"
"chr5","131738537","131738826","JH378156","3621781","3622062","60","128116756"
"chr5","131827339","131827650","JH378145","23363","23674","43","131803976"
"chr5","131910900","131911187","JH378291","130444","130734","38","131780456"
"chr5","131924351","131924653","JH378185","6039029","6039324","41","125885322"
"chr5","131945113","131945406","JH378117","6076538","6076831","35","125868575"
"chr5","132129670","132129973","JH378214","949639","949938","38","131180031"
"chr5","132161140","132161321","JH378135","21315596","21315772","41","110845544"
"chr5","132161648","132161774","JH378151","10279537","10279663","22","121882111"
"chr5","132211334","132211593","JH378165","2768423","2768681","39","129442911"
"chr5","132311246","132311553","JH378105","6860629","6860928","55","125450617"
"chr5","132327892","132328187","JH378140","5325520","5325814","45","127002372"
"chr5","132439152","132439445","JH378204","3222855","3223147","38","129216297"
"chr5","132447490","132447774","JH378269","1668607","1668898","45","130778883"
"chr5","132493754","132494049","JH378110","33408987","33409286","47","99084767"
"chr5","132541130","132541422","JH378148","11963838","11964130","46","120577292"
"chr5","132549009","132549314","JH378108","38073678","38073985","48","94475331"
"chr5","132637820","132638122","JH378148","7231002","7231300","48","125406818"
"chr5","132659761","132659984","JH378133","19647541","19647758","36","113012220"
"chr5","132661479","132661793","JH378157","7863744","7864054","53","124797735"
"chr5","132705848","132706133","JH378236","14671","14976","61","132691177"
"chr5","132710205","132710527","JH378139","3255687","3256005","60","129454518"
"chr5","132729363","132729656","JH378204","7978351","7978644","37","124751012"
"chr5","132742531","132742822","JH378106","10138128","10138417","39","122604403"
"chr5","132743576","132743849","JH378186","5678393","5678671","38","127065183"
"chr5","132777273","132777554","JH378281","677057","677335","40","132100216"
"chr5","132784985","132785284","JH378107","30465183","30465481","42","102319802"
"chr5","132794671","132794968","JH378111","8498303","8498600","54","124296368"
"chr5","132804877","132805074","JH378106","10071144","10071341","23","122733733"
"chr5","132807482","132807779","JH378157","8047049","8047337","40","124760433"
"chr5","132816300","132816595","JH378112","34634654","34634948","58","98181646"
"chr5","132828178","132828471","JH378114","41403997","41404287","42","91424181"
"chr5","132832722","132833010","JH378239","1969740","1970030","43","130862982"
"chr5","132840502","132840792","JH378189","656923","657212","40","132183579"
"chr5","132853307","132853430","JH378118","14956607","14956728","14","117896700"
"chr5","132871021","132871313","JH378156","4105241","4105532","43","128765780"
"chr5","132874572","132874779","JH378234","3141655","3141856","34","129732917"
"chr5","132897152","132897346","JH378199","8213717","8213902","56","124683435"
"chr5","132897648","132897784","JH378149","10169880","10170014","14","122727768"
"chr5","132915593","132915884","JH378123","5667081","5667374","33","127248512"
"chr5","132958356","132958618","JH378140","6607165","6607427","42","126351191"
"chr5","132984911","132985192","JH378106","9912009","9912285","41","123072902"
"chr5","133005441","133005737","JH378125","981688","981982","48","132023753"
"chr5","133010712","133011004","JH378106","9884903","9885193","37","123125809"
"chr5","133012310","133012605","JH378184","853558","853851","53","132158752"
"chr5","133051767","133052072","JH378106","9840159","9840461","43","123211608"
"chr5","133058002","133058301","JH378242","734891","735189","34","132323111"
"chr5","133071360","133071554","JH378154","15195449","15195639","30","117875911"
"chr5","133110195","133110451","JH378120","30205892","30206159","49","102904303"
"chr5","133123343","133123489","JH378106","59276656","59276805","21","73846687"
"chr5","133138397","133138686","JH378111","44623372","44623662","34","88515025"
"chr5","133179992","133180262","JH378115","32200612","32200885","52","100979380"
"chr5","133182089","133182365","JH378149","3909538","3909815","46","129272551"
"chr5","133182559","133182847","JH378116","28282701","28282994","44","104899858"
"chr5","133183886","133184191","JH378106","9714504","9714814","45","123469382"
"chr5","133189643","133189947","JH378167","5198584","5198889","43","127991059"
"chr5","133211972","133212280","JH378116","25790477","25790774","53","107421495"
"chr5","133227038","133227358","JH378262","2057384","2057694","55","131169654"
"chr5","133256066","133256338","JH378245","2478506","2478773","35","130777560"
"chr5","133275482","133275780","JH378105","54876090","54876389","47","78399392"
"chr5","133286030","133286344","JH378189","8456362","8456672","38","124829668"
"chr5","133306233","133306531","JH378141","14454762","14455052","46","118851471"
"chr5","133370218","133370326","JH378194","7848873","7848982","12","125521345"
"chr5","133410958","133411231","JH378321","150366","150640","55","133260592"
"chr5","133419842","133420142","JH378122","7809799","7810085","51","125610043"
"chr5","133467464","133467641","JH378196","989088","989254","35","132478376"
"chr5","133467954","133468090","JH378147","15700024","15700156","18","117767930"
"chr5","133489700","133489998","JH378112","32590536","32590832","52","100899164"
"chr5","133510563","133510846","JH378197","3910749","3911032","47","129599814"
"chr5","133523915","133524191","JH378115","32200612","32200885","53","101323303"
"chr5","133531114","133531402","JH378127","13043813","13044101","53","120487301"
"chr5","133614509","133614819","JH378114","36109715","36110019","48","97504794"
"chr5","133622412","133622720","JH378167","1391300","1391604","44","132231112"
"chr5","133632287","133632584","JH378242","734891","735189","35","132897396"
"chr5","133634666","133634949","JH378186","5678393","5678671","50","127956273"
"chr5","133638922","133639234","JH378204","3129799","3130101","40","130509123"
"chr5","133717738","133718019","JH378167","7155169","7155451","40","126562569"
"chr5","133718048","133718059","JH378105","48290961","48290972","4","85427087"
"chr5","133719503","133719702","JH378108","44632200","44632402","29","89087303"
"chr5","133721596","133721889","JH378135","3436403","3436699","40","130285193"
"chr5","133731716","133731799","JH378199","8609267","8609351","10","125122449"
"chr5","133757378","133757680","JH378113","15232832","15233136","43","118524546"
"chr5","133761124","133761426","JH378135","1618015","1618319","43","132143109"
"chr5","133764705","133765000","JH378244","3283576","3283868","47","130481129"
"chr5","133768268","133768568","JH378242","734891","735189","42","133033377"
"chr5","133775374","133775678","JH378279","2532931","2533234","42","131242443"
"chr5","133782490","133782799","JH378117","15749415","15749721","39","118033075"
"chr5","133882619","133882929","JH378276","134131","134438","36","133748488"
"chr5","133907110","133907396","JH378122","7809799","7810085","46","126097311"
"chr5","133916551","133916832","JH378223","4374594","4374875","47","129541957"
"chr5","133926907","133927197","JH378194","8864526","8864819","40","125062381"
"chr5","133958195","133958482","JH378151","5756127","5756418","41","128202068"
"chr5","134006888","134007195","JH378150","572888","573192","46","133434000"
"chr5","134017173","134017474","JH378175","6753525","6753814","70","127263648"
"chr5","134026519","134026817","JH378127","4712903","4713204","44","129313616"
"chr5","134039261","134039556","JH378145","11332003","11332298","43","122707258"
"chr5","134116290","134116576","JH378171","5901188","5901476","41","128215102"
"chr5","134193351","134193650","JH378205","4278012","4278319","45","129915339"
"chr5","134203031","134203317","JH378106","8698320","8698607","31","125504711"
"chr5","134212624","134212931","JH378135","21300881","21301186","46","112911743"
"chr5","134224266","134224519","JH378185","1446513","1446772","41","132777753"
"chr5","134273532","134273839","JH378190","3857505","3857809","34","130416027"
"chr5","134277102","134277396","JH378114","6221492","6221787","38","128055610"
"chr5","134291879","134292171","JH378149","1955740","1956029","38","132336139"
"chr5","134296289","134296588","JH378106","8600970","8601274","40","125695319"
"chr5","134306118","134306402","JH378111","25503925","25504211","37","108802193"
"chr5","134312869","134313166","JH378181","6534718","6535011","44","127778151"
"chr5","134320229","134320534","JH378213","5758371","5758671","47","128561858"
"chr5","134322102","134322390","JH378205","902077","902370","44","133420025"
"chr5","134325890","134326196","JH378106","69063427","69063728","45","65262463"
"chr5","134373176","134373483","JH378113","15232832","15233136","39","119140344"
"chr5","134375066","134375374","JH378186","1456268","1456565","39","132918798"
"chr5","134376599","134376900","JH378220","667156","667455","40","133709443"
"chr5","134417668","134417910","JH378116","35395137","35395372","49","99022531"
"chr5","134423235","134423488","JH378105","8320364","8320612","51","126102871"
"chr5","134428789","134429088","JH378116","25790477","25790774","48","108638312"
"chr5","134434059","134434151","JH378135","1123783","1123877","15","133310276"
"chr5","134434362","134434626","JH378105","10016481","10016749","45","124417881"
"chr5","134445855","134446137","JH378105","69163567","69163856","34","65282288"
"chr5","134490120","134490411","JH378114","22526707","22527002","45","111963413"
"chr5","134493323","134493589","JH378106","8135346","8135612","50","126357977"
"chr5","134513348","134513632","JH378200","261439","261727","46","134251909"
"chr5","134522174","134522481","JH378111","17292664","17292974","48","117229510"
"chr5","134533040","134533343","JH378152","13742000","13742297","48","120791040"
"chr5","134535191","134535490","JH378255","1058410","1058705","37","133476781"
"chr5","134538997","134539291","JH378142","2765405","2765702","43","131773592"
"chr5","134541417","134541729","JH378247","561987","562291","48","133979430"
"chr5","134541838","134542123","JH378122","7809799","7810085","42","126732039"
"chr5","134543784","134544068","JH378122","7809799","7810085","40","126733985"
"chr5","134547497","134547811","JH378284","98325","98634","51","134449172"
"chr5","134550259","134550568","JH378248","3387134","3387441","43","131163125"
"chr5","134561337","134561660","JH378113","15236196","15236492","63","119325141"
"chr5","134563169","134563306","JH378150","8693528","8693672","27","125869641"
"chr5","134563472","134563760","JH378140","14147137","14147431","47","120416335"
"chr5","134569022","134569336","JH378125","18753874","18754183","46","115815148"
"chr5","134569375","134569664","JH378119","33774924","33775213","49","100794451"
"chr5","134571617","134571897","JH378117","26189716","26190001","46","108381901"
"chr5","134577371","134577668","JH378154","2415687","2415984","48","132161684"
"chr5","134577703","134578003","JH378172","11809089","11809387","49","122768614"
"chr5","134582819","134583117","JH378316","391481","391778","40","134191338"
"chr5","134587412","134587684","JH378148","15577863","15578139","39","119009549"
"chr5","134592381","134592678","JH378108","53396111","53396411","40","81196270"
"chr5","134596625","134596917","JH378115","17124599","17124892","51","117472026"
"chr5","134597656","134597950","JH378195","2148198","2148495","44","132449458"
"chr5","134603719","134604011","JH378115","34769363","34769654","34","99834356"
"chr5","134604271","134604358","JH378106","8277635","8277724","10","126326636"
"chr5","134605519","134605812","JH378110","37152892","37153182","40","97452627"
"chr5","134620789","134621072","JH378105","50034667","50034949","44","84586122"
"chr5","134621308","134621616","JH378138","6151545","6151845","42","128469763"
"chr5","134633947","134634232","JH378115","16549844","16550133","56","118084103"
"chr5","134636469","134636758","JH378110","3044870","3045157","45","131591599"
"chr5","134660843","134661144","JH378113","4126123","4126428","55","130534720"
"chr5","134661175","134661462","JH378122","7809799","7810085","48","126851376"
"chr5","134667362","134667641","JH378119","24842616","24842889","40","109824746"
"chr5","134669203","134669499","JH378220","4586364","4586656","41","130082839"
"chr5","134682189","134682494","JH378109","33016041","33016340","55","101666148"
"chr5","134698145","134698495","JH378143","7321488","7321824","71","127376657"
"chr5","134705336","134705646","JH378106","8168487","8168797","44","126536849"
"chr5","134711144","134711437","JH378137","14089045","14089336","37","120622099"
"chr5","134726312","134726508","JH378153","12037683","12037872","32","122688629"
"chr5","134726853","134726967","JH378297","364725","364835","19","134362128"
"chr5","134739397","134739689","JH378127","5317720","5318008","38","129421677"
"chr5","134756993","134757300","JH378118","10693452","10693756","48","124063541"
"chr5","134772390","134772687","JH378283","1555730","1556029","33","133216660"
"chr5","134799288","134799580","JH378242","734891","735189","47","134064397"
"chr5","134829347","134829480","JH378125","4589691","4589826","12","130239656"
"chr5","134829481","134829795","JH378247","561987","562291","61","134267494"
"chr5","134842766","134842974","JH378234","3141655","3141856","26","131701111"
"chr5","134913412","134913720","JH378106","7956934","7957249","48","126956478"
"chr5","134982846","134983143","JH378114","23078690","23078986","35","111904156"
"chr5","135078597","135078899","JH378203","2021950","2022247","44","133056647"
"chr5","135246873","135247170","JH378146","775831","776122","39","134471042"
"chr5","135306774","135307058","JH378105","50034667","50034949","37","85272107"
"chr5","135367636","135367937","JH378193","4524503","4524799","40","130843133"
"chr5","135418849","135419155","JH378131","1383377","1383686","44","134035472"
"chr5","135446076","135446387","JH378106","7372192","7372496","35","128073884"
"chr5","135462748","135463038","JH378140","16737561","16737856","42","118725187"
"chr5","135473325","135473609","JH378198","802272","802557","46","134671053"
"chr5","135490222","135490530","JH378106","69522419","69522727","42","65967803"
"chr5","135505813","135506105","JH378172","9343322","9343615","42","126162491"
"chr5","135507176","135507463","JH378141","8990095","8990384","40","126517081"
"chr5","135532707","135533001","JH378148","2011019","2011312","36","133521688"
"chr5","135533468","135533711","JH378142","7731951","7732191","34","127801517"
"chr5","135544093","135544241","JH378177","10952000","10952150","25","124592093"
"chr5","135544273","135544527","JH378147","10698721","10698977","44","124845552"
"chr5","135559577","135559876","JH378110","15808603","15808903","51","119750974"
"chr5","135596293","135596433","JH378153","11748851","11748988","22","123847442"
"chr5","135596725","135596886","JH378140","4982439","4982610","43","130614286"
"chr5","135598614","135598924","JH378124","9675796","9676099","57","125922818"
"chr5","135613378","135613676","JH378118","28231777","28232075","38","107381601"
"chr5","135616843","135617139","JH378106","7182482","7182778","49","128434361"
"chr5","135620689","135620993","JH378135","16200140","16200436","54","119420549"
"chr5","135624207","135624516","JH378139","11244771","11245079","46","124379436"
"chr5","135642012","135642315","JH378119","224305","224607","39","135417707"
"chr5","135645501","135645813","JH378142","16432391","16432700","37","119213110"
"chr5","135677569","135677874","JH378235","3957900","3958200","42","131719669"
"chr5","135715588","135715745","JH378155","3890651","3890811","37","131824937"
"chr5","135716043","135716177","JH378107","16636589","16636724","16","119079454"
"chr5","135747783","135748057","JH378111","16079625","16079902","52","119668158"
"chr5","135762397","135762700","JH378140","16383226","16383525","44","119379171"
"chr5","135762874","135763115","JH378153","7269504","7269763","58","128493370"
"chr5","135765847","135766118","JH378106","7031750","7032018","43","128734097"
"chr5","135770504","135770823","JH378124","27126736","27127048","45","108643768"
"chr5","135771470","135771768","JH378164","6799720","6800008","43","128971750"
"chr5","135774940","135775235","JH378105","14432202","14432497","34","121342738"
"chr5","135775390","135775675","JH378148","3100313","3100608","40","132675077"
"chr5","135786861","135787139","JH378260","2450704","2450976","36","133336157"
"chr5","135792798","135792922","JH378111","45885075","45885196","11","89907723"
"chr5","135793095","135793401","JH378115","4860657","4860961","44","130932438"
"chr5","135794399","135794555","JH378182","7358306","7358464","40","128436093"
"chr5","135794860","135794995","JH378113","38221817","38221950","17","97573043"
"chr5","135805290","135805599","JH378114","36279685","36279996","45","99525605"
"chr5","135813598","135813891","JH378114","42521542","42521831","41","93292056"
"chr5","135815534","135815826","JH378242","734891","735189","43","135080643"
"chr5","135826401","135826666","JH378115","7705187","7705468","69","128121214"
"chr5","135836353","135836588","JH378216","679761","679993","45","135156592"
"chr5","135851827","135852112","JH378161","10580429","10580714","41","125271398"
"chr5","135884221","135884520","JH378106","6934945","6935242","37","128949276"
"chr5","135892193","135892484","JH378282","773045","773334","47","135119148"
"chr5","135892656","135892963","JH378141","18437190","18437494","43","117455466"
"chr5","135906038","135906333","JH378111","40734534","40734829","36","95171504"
"chr5","135908701","135908988","JH378205","7284686","7284971","55","128624015"
"chr5","135940861","135941175","JH378153","5074032","5074342","46","130866829"
"chr5","135962615","135962889","JH378182","136111","136392","39","135826504"
"chr5","135970990","135971285","JH378108","34552149","34552452","52","101418841"
"chr5","135979448","135979754","JH378106","6846642","6846953","41","129132806"
"chr5","135982640","135982948","JH378112","31842832","31843135","48","104139808"
"chr5","135987935","135988226","JH378115","39565442","39565741","37","96422493"
"chr5","135996357","135996662","JH378110","31358400","31358705","40","104637957"
"chr5","136018237","136018525","JH378111","8498303","8498600","46","127519934"
"chr5","136030697","136030999","JH378196","6910302","6910603","50","129120395"
"chr5","136050010","136050284","JH378118","8798965","8799246","44","127251045"
"chr5","136056037","136056335","JH378197","8546632","8546928","36","127509405"
"chr5","136071777","136071903","JH378114","36058236","36058360","17","100013541"
"chr5","136071908","136072213","JH378113","14532240","14532539","40","121539668"
"chr5","136083761","136084054","JH378269","1668607","1668898","42","134415154"
"chr5","136101643","136101778","JH378155","13896820","13896957","17","122204823"
"chr5","136101779","136102072","JH378152","13742000","13742297","37","122359779"
"chr5","136113684","136113944","JH378110","6835896","6836170","53","129277788"
"chr5","136135561","136135881","JH378153","9926861","9927172","53","126208700"
"chr5","136141198","136141501","JH378106","6663547","6663845","38","129477651"
"chr5","136146891","136147074","JH378164","3104069","3104253","36","133042822"
"chr5","136147770","136148061","JH378157","8047049","8047337","49","128100721"
"chr5","136153040","136153350","JH378119","32771260","32771570","45","103381780"
"chr5","136155983","136156097","JH378115","3877427","3877539","14","132278556"
"chr5","136160637","136160779","JH378147","16075859","16075997","21","120084778"
"chr5","136161043","136161211","JH378105","35832385","35832546","49","100328658"
"chr5","136168063","136168340","JH378157","3899293","3899570","40","132268770"
"chr5","136174651","136174948","JH378118","12197167","12197472","46","123977484"
"chr5","136182823","136183024","JH378111","19001225","19001437","39","117181598"
"chr5","136190184","136190515","JH378220","4678710","4679032","63","131511474"
"chr5","136207105","136207398","JH378213","4435380","4435669","39","131771725"
"chr5","136217387","136217580","JH378186","4474088","4474281","22","131743299"
"chr5","136222693","136222968","JH378113","5899071","5899351","50","130323622"
"chr5","136225559","136225823","JH378135","4531365","4531638","47","131694194"
"chr5","136229842","136230146","JH378105","37949554","37949854","38","98280288"
"chr5","136233803","136234107","JH378105","55255219","55255522","41","80978584"
"chr5","136238027","136238361","JH378116","25720911","25721239","49","110517116"
"chr5","136249474","136249602","JH378128","13086999","13087124","14","123162475"
"chr5","136251207","136251517","JH378177","11024640","11024941","41","125226567"
"chr5","136263177","136263418","JH378262","2751970","2752213","37","133511207"
"chr5","136264298","136264598","JH378106","6533916","6534212","48","129730382"
"chr5","136265851","136266159","JH378247","561987","562291","38","135703864"
"chr5","136274216","136274304","JH378106","6522252","6522334","13","129751964"
"chr5","136280149","136280443","JH378141","13495932","13496227","37","122784217"
"chr5","136298026","136298331","JH378123","22271344","22271640","49","114026682"
"chr5","136304649","136304940","JH378173","3211541","3211835","49","133093108"
"chr5","136321786","136322075","JH378255","2425058","2425355","51","133896728"
"chr5","136338577","136338869","JH378144","7585689","7585980","42","128752888"
"chr5","136345141","136345434","JH378167","11202084","11202374","38","125143057"
"chr5","136357096","136357395","JH378193","2158258","2158555","44","134198838"
"chr5","136380188","136380485","JH378152","13742000","13742297","49","122638188"
"chr5","136384538","136384836","JH378264","3588903","3589201","46","132795635"
"chr5","136412028","136412334","JH378122","9329495","9329803","41","127082533"
"chr5","136414602","136414702","JH378113","4024186","4024281","23","132390416"
"chr5","136414995","136415210","JH378113","41905483","41905699","36","94509512"
"chr5","136422570","136422869","JH378144","10134054","10134353","43","126288516"
"chr5","136423646","136423960","JH378108","34175886","34176199","46","102247760"
"chr5","136432097","136432406","JH378131","1383377","1383686","44","135048720"
"chr5","136438949","136439232","JH378247","3146809","3147092","44","133292140"
"chr5","136445008","136445300","JH378252","4291425","4291721","37","132153583"
"chr5","136449702","136450001","JH378111","38162771","38163069","41","98286931"
"chr5","136468793","136469078","JH378140","1183657","1183948","47","135285136"
"chr5","136489852","136490163","JH378166","13698898","13699202","46","122790954"
"chr5","136491086","136491379","JH378111","11548982","11549275","35","124942104"
"chr5","136504870","136505175","JH378135","16046002","16046306","45","120458868"
"chr5","136517360","136517657","JH378269","1106814","1107118","40","135410546"
"chr5","136520955","136521254","JH378106","6243797","6244108","43","130277158"
"chr5","136559234","136559549","JH378148","16955481","16955786","40","119603753"
"chr5","136655607","136655902","JH378106","6109343","6109631","37","130546264"
"chr5","136657261","136657487","JH378137","3813990","3814218","29","132843271"
"chr5","136804951","136805242","JH378124","6001393","6001683","33","130803558"
"chr5","136937344","136937532","JH378125","6583282","6583470","34","130354062"
"chr5","137039679","137039980","JH378143","1682752","1683051","37","135356927"
"chr5","137042549","137042852","JH378148","16955481","16955786","53","120087068"
"chr5","137092743","137093042","JH378115","26968615","26968913","35","110124128"
"chr5","137140678","137140977","JH378163","12759419","12759714","56","124381259"
"chr5","137269618","137269861","JH378119","21644034","21644278","41","115625584"
"chr5","137289092","137289394","JH378172","9553918","9554219","40","127735174"
"chr5","137426448","137426744","JH378197","8546632","8546928","35","128879816"
"chr5","137460861","137461170","JH378110","2590007","2590314","47","134870854"
"chr5","137464833","137465127","JH378106","43538330","43538605","70","93926503"
"chr5","137627143","137627437","JH378166","4654128","4654427","40","132973015"
"chr5","137630299","137630559","JH378315","357797","358060","43","137272502"
"chr5","137694356","137694671","JH378106","58829721","58830021","53","78864635"
"chr5","137750256","137750550","JH378153","1207598","1207894","42","136542658"
"chr5","137772338","137772642","JH378111","11464738","11465037","44","126307600"
"chr5","137919735","137920034","JH378152","13742000","13742297","40","124177735"
"chr5","138102478","138102782","JH378115","26968615","26968913","44","111133863"
"chr5","138165511","138165817","JH378105","55574476","55574778","47","82591035"
"chr5","138218325","138218623","JH378223","4047654","4047955","41","134170671"
"chr5","138276175","138276458","JH378212","1795711","1796000","45","136480464"
"chr5","138472016","138472302","JH378141","14454762","14455052","42","124017254"
"chr5","138594170","138594469","JH378125","7397444","7397737","46","131196726"
"chr5","138813790","138814102","JH378166","3505281","3505589","41","135308509"
"chr5","138854101","138854403","JH378106","58341946","58342247","44","80512155"
"chr5","138870569","138870863","JH378143","8639762","8640057","39","130230807"
"chr5","139017690","139017984","JH378114","42300955","42301248","37","96716735"
"chr5","139046743","139047039","JH378121","20570827","20571122","37","118475916"
"chr5","139082741","139083031","JH378114","10865098","10865397","47","128217643"
"chr5","139188659","139188956","JH378110","21383801","21384099","39","117804858"
"chr5","139206431","139206564","JH378119","10149634","10149766","26","129056797"
"chr5","139246543","139246828","JH378166","3042044","3042329","29","136204499"
"chr5","139281132","139281352","JH378220","974526","974746","53","138306606"
"chr5","139305796","139306074","JH378115","15569490","15569772","46","123736306"
"chr5","139322641","139322937","JH378220","4350061","4350357","37","134972580"
"chr5","139335304","139335610","JH378197","8660298","8660600","39","130675006"
"chr5","139350950","139351231","JH378166","2922330","2922619","39","136428620"
"chr5","139378298","139378606","JH378150","15636556","15636859","48","123741742"
"chr5","139386810","139387127","JH378141","11588275","11588582","49","127798535"
"chr5","139403150","139403371","JH378166","2857965","2858189","34","136545185"
"chr5","139436024","139436324","JH378242","734891","735189","36","138701133"
"chr5","139437129","139437444","JH378245","2345769","2346097","64","137091360"
"chr5","139444334","139444629","JH378246","1887976","1888270","41","137556358"
"chr5","139446248","139446562","JH378123","8246779","8247087","50","131199469"
"chr5","139457810","139458138","JH378190","9332331","9332643","93","130125479"
"chr5","139487323","139487658","JH378165","3260610","3260942","82","136226713"
"chr5","139487686","139487978","JH378141","15518519","15518815","42","123969167"
"chr5","139488132","139488417","JH378122","7809799","7810085","42","131678333"
"chr5","139504852","139505145","JH378141","19004616","19004908","41","120500236"
"chr5","139516832","139517146","JH378288","1822058","1822372","43","137694774"
"chr5","139537831","139538135","JH378109","15504574","15504879","43","124033257"
"chr5","139567506","139567807","JH378173","8861167","8861471","50","130706339"
"chr5","139579582","139579874","JH378108","9868219","9868509","45","129711363"
"chr5","139588391","139588721","JH378232","4411292","4411607","59","135177099"
"chr5","139594686","139594978","JH378203","2021950","2022247","47","137572736"
"chr5","139601011","139601327","JH378125","858229","858541","54","138742782"
"chr5","139615270","139615565","JH378141","5402923","5403211","43","134212347"
"chr5","139632522","139632671","JH378107","29790766","29790912","24","109841756"
"chr5","139635976","139636072","JH378148","17055604","17055700","14","122580372"
"chr5","139638697","139638995","JH378167","11101055","11101363","45","128537642"
"chr5","139666505","139666795","JH378134","14785263","14785558","37","124881242"
"chr5","139684854","139685145","JH378111","6952979","6953271","41","132731875"
"chr5","139701960","139702243","JH378136","14898747","14899023","43","124803213"
"chr5","139738873","139739166","JH378140","17784224","17784519","33","121954649"
"chr5","139740723","139741021","JH378178","8042470","8042765","41","131698253"
"chr5","139746752","139747022","JH378145","2198867","2199130","39","137547885"
"chr5","139756958","139757261","JH378200","886572","886874","44","138870386"
"chr5","139759815","139760111","JH378119","360557","360852","39","139399258"
"chr5","139765930","139766221","JH378115","7606488","7606778","49","132159442"
"chr5","139794453","139794539","JH378111","25905740","25905818","14","113888713"
"chr5","139794739","139795007","JH378135","15619309","15619595","51","124175430"
"chr5","139805386","139805739","JH378190","9172903","9173253","71","130632483"
"chr5","139807335","139807464","JH378113","23233303","23233434","15","116574032"
"chr5","139811479","139811612","JH378112","33865174","33865297","30","105946305"
"chr5","139816171","139816457","JH378167","12797016","12797302","38","127019155"
"chr5","139827314","139827600","JH378137","1125573","1125859","49","138701741"
"chr5","139834696","139834989","JH378226","6485812","6486107","47","133348884"
"chr5","139838883","139839209","JH378213","6728047","6728351","62","133110836"
"chr5","139839407","139839715","JH378118","10693452","10693756","42","129145955"
"chr5","139875046","139875338","JH378177","5640956","5641241","46","134234090"
"chr5","139876842","139877138","JH378196","1704132","1704431","47","138172710"
"chr5","139908641","139908966","JH378112","34121087","34121394","60","105787554"
"chr5","139927529","139927837","JH378153","9926861","9927172","43","130000668"
"chr5","139928054","139928338","JH378184","3320679","3320960","45","136607375"
"chr5","139929313","139929593","JH378119","21820037","21820318","45","118109276"
"chr5","139933552","139933857","JH378135","1618015","1618319","42","138315537"
"chr5","139936925","139937222","JH378212","646912","647207","49","139290013"
"chr5","139952332","139952639","JH378160","12202742","12203045","40","127749590"
"chr5","139957784","139958076","JH378112","35810099","35810389","41","104147685"
"chr5","139962546","139962839","JH378137","306737","307026","36","139655809"
"chr5","139966455","139966747","JH378157","8047049","8047337","38","131919406"
"chr5","139985874","139986149","JH378308","264797","265077","53","139721077"
"chr5","139987358","139987660","JH378118","10693452","10693756","41","129293906"
"chr5","140006168","140006446","JH378213","4603416","4603708","48","135402752"
"chr5","140008759","140009066","JH378159","4135649","4135952","41","135873110"
"chr5","140024427","140024733","JH378117","15749415","15749721","50","124275012"
"chr5","140027509","140027792","JH378133","20143939","20144222","46","119883570"
"chr5","140039604","140039765","JH378112","16313236","16313393","28","123726368"
"chr5","140046947","140047233","JH378277","2364275","2364559","39","137682672"
"chr5","140059389","140059665","JH378145","734041","734307","51","139325348"
"chr5","140066132","140066203","JH378149","16828693","16828759","16","123237439"
"chr5","140086348","140086626","JH378151","9077199","9077465","56","131009149"
"chr5","140087676","140087807","JH378115","32282747","32282879","14","107804929"
"chr5","140098364","140098664","JH378220","3658629","3658919","46","136439735"
"chr5","140108132","140108424","JH378110","13834498","13834791","46","126273634"
"chr5","140123031","140123338","JH378173","4731101","4731408","42","135391930"
"chr5","140128496","140128800","JH378137","13691837","13692130","59","126436659"
"chr5","140131452","140131755","JH378189","8992244","8992548","44","131139208"
"chr5","140132505","140132818","JH378166","2092631","2092936","42","138039874"
"chr5","140132825","140132923","JH378222","6449627","6449721","20","133683198"
"chr5","140135513","140135803","JH378118","5020287","5020577","48","135115226"
"chr5","140146271","140146613","JH378136","14817827","14818135","65","125328444"
"chr5","140146843","140147141","JH378110","21383801","21384099","45","118763042"
"chr5","140174223","140174530","JH378166","2048750","2049053","38","138125473"
"chr5","140182632","140182794","JH378296","1001868","1002028","22","139180764"
"chr5","140192091","140192380","JH378139","17676474","17676761","52","122515617"
"chr5","140196983","140197276","JH378191","967537","967830","43","139229446"
"chr5","140197999","140198309","JH378108","45234636","45234944","54","94963363"
"chr5","140210466","140210755","JH378166","2020703","2020981","46","138189763"
"chr5","140212948","140213266","JH378112","12314177","12314498","49","127898771"
"chr5","140217596","140217906","JH378111","9912952","9913260","36","130304644"
"chr5","140218168","140218428","JH378315","357797","358060","49","139860371"
"chr5","140248910","140249229","JH378153","3758639","3758950","58","136490271"
"chr5","140249577","140249868","JH378142","1113541","1113834","50","139136036"
"chr5","140251639","140251935","JH378234","1293149","1293446","44","138958490"
"chr5","140268583","140268879","JH378106","43557515","43557814","46","96711068"
"chr5","140269448","140269739","JH378139","8066225","8066520","49","132203223"
"chr5","140272868","140273072","JH378137","5471419","5471620","29","134801449"
"chr5","140275841","140276103","JH378126","23877123","23877373","52","116398718"
"chr5","140290795","140290980","JH378164","4572165","4572353","33","135718630"
"chr5","140291024","140291129","JH378110","32195847","32195950","15","108095177"
"chr5","140304233","140304351","JH378192","1446919","1447040","42","138857314"
"chr5","140321422","140321720","JH378138","12422573","12422875","50","127898849"
"chr5","140342421","140342604","JH378165","5586020","5586201","33","134756401"
"chr5","140355902","140356199","JH378105","69163567","69163856","39","71192335"
"chr5","140368455","140368738","JH378129","8012851","8013145","55","132355604"
"chr5","140410869","140411171","JH378118","10693452","10693756","42","129717417"
"chr5","140484723","140485032","JH378129","3247646","3247946","44","137237077"
"chr5","140490907","140491156","JH378226","6069792","6070053","54","134421115"
"chr5","140493038","140493173","JH378166","1734885","1735021","13","138758153"
"chr5","140501346","140501631","JH378122","7809799","7810085","42","132691547"
"chr5","140529480","140529782","JH378177","9865797","9866102","41","130663683"
"chr5","140544646","140544963","JH378129","11264815","11265133","51","129279831"
"chr5","140587559","140587841","JH378122","7809799","7810085","44","132777760"
"chr5","140587869","140588150","JH378177","5783190","5783479","44","134804679"
"chr5","140636957","140637216","JH378255","3706587","3706845","45","136930370"
"chr5","140672195","140672478","JH378144","16053227","16053508","42","124618968"
"chr5","140697080","140697366","JH378123","9831839","9832126","37","130865241"
"chr5","140700584","140700848","JH378197","6039971","6040223","52","134660613"
"chr5","140706613","140706917","JH378166","1526618","1526911","56","139179995"
"chr5","140707406","140707706","JH378149","14546048","14546350","42","126161358"
"chr5","140708555","140708848","JH378125","15313063","15313352","43","125395492"
"chr5","140716606","140716906","JH378219","3653446","3653744","34","137063160"
"chr5","140730601","140730895","JH378123","5667081","5667374","43","135063520"
"chr5","140746782","140747098","JH378157","1154304","1154607","56","139592478"
"chr5","140759228","140759522","JH378188","7232167","7232465","36","133527061"
"chr5","140763586","140763873","JH378153","14658508","14658797","49","126105078"
"chr5","140781589","140781882","JH378118","28802926","28803223","42","111978663"
"chr5","140785208","140785462","JH378124","3774140","3774399","47","137011068"
"chr5","140796348","140796644","JH378220","1011665","1011962","36","139784683"
"chr5","140798503","140798762","JH378151","333184","333425","71","140465319"
"chr5","140808910","140809228","JH378199","6706574","6706884","54","134102336"
"chr5","140817348","140817622","JH378111","24081192","24081467","50","116736156"
"chr5","140825597","140825840","JH378171","1545821","1546081","59","139279776"
"chr5","140829936","140830243","JH378166","1373851","1374177","61","139456085"
"chr5","140840293","140840582","JH378232","61928","62224","50","140778365"
"chr5","140851483","140851775","JH378263","403647","403936","38","140447836"
"chr5","140852028","140852296","JH378151","9077199","9077465","41","131774829"
"chr5","140854448","140854743","JH378115","16549844","16550133","43","124304604"
"chr5","140863827","140864114","JH378108","1990073","1990368","41","138873754"
"chr5","140866195","140866504","JH378200","3990495","3990806","48","136875700"
"chr5","140901845","140902138","JH378111","45590197","45590490","58","95311648"
"chr5","140904315","140904624","JH378154","13561581","13561891","41","127342734"
"chr5","140924125","140924416","JH378105","66132998","66133287","42","74791127"
"chr5","140926543","140926623","JH378281","178326","178407","16","140748217"
"chr5","140940084","140940399","JH378105","12770941","12771250","52","128169143"
"chr5","140941364","140941662","JH378247","2586913","2587203","38","138354451"
"chr5","140947833","140947961","JH378255","3852203","3852335","19","137095630"
"chr5","140948265","140948391","JH378304","103078","103194","40","140845187"
"chr5","140950655","140950966","JH378135","16449037","16449347","41","124501618"
"chr5","140959546","140959836","JH378116","14428154","14428454","40","126531392"
"chr5","140970834","140971139","JH378183","1951728","1952031","44","139019106"
"chr5","140981339","140981645","JH378173","5273045","5273355","43","135708294"
"chr5","140984487","140984777","JH378106","16369530","16369822","34","124614957"
"chr5","140990691","140990961","JH378144","16421291","16421555","46","124569400"
"chr5","140991534","140991788","JH378105","21076785","21077036","41","119914749"
"chr5","140994850","140995142","JH378115","34769363","34769654","37","106225487"
"chr5","141014106","141014241","JH378213","4209495","4209630","10","136804611"
"chr5","141014535","141014550","JH378151","1066166","1066176","9","139948369"
"chr5","141029360","141029467","JH378199","106641","106749","10","140922719"
"chr5","141054891","141055196","JH378151","16960974","16961279","39","124093917"
"chr5","141059476","141059777","JH378137","4045758","4046064","53","137013718"
"chr5","141070933","141071076","JH378242","2896198","2896337","16","138174735"
"chr5","141076925","141077199","JH378113","29944475","29944755","53","111132450"
"chr5","141087284","141087580","JH378262","1936694","1936996","43","139150590"
"chr5","141091593","141091876","JH378108","51058639","51058929","48","90032954"
"chr5","141106794","141107085","JH378170","1616807","1617104","49","139489987"
"chr5","141111314","141111624","JH378133","5072220","5072527","49","136039094"
"chr5","141144005","141144288","JH378125","8929060","8929343","35","132214945"
"chr5","141207925","141208221","JH378110","30244046","30244339","42","110963879"
"chr5","141218949","141219230","JH378256","1961202","1961481","30","139257747"
"chr5","141221302","141221584","JH378131","3163383","3163663","52","138057919"
"chr5","141221669","141221978","JH378148","3485416","3485723","38","137736253"
"chr5","141266261","141266569","JH378213","5758371","5758671","42","135507890"
"chr5","141278582","141278857","JH378189","177130","177409","47","141101452"
"chr5","141418416","141418719","JH378148","13262362","13262662","37","128156054"
"chr5","141457530","141457818","JH378111","43268192","43268483","37","98189338"
"chr5","141470159","141470431","JH378166","738559","738826","28","140731600"
"chr5","141475399","141475683","JH378108","50953521","50953800","49","90521878"
"chr5","141531326","141531593","JH378155","2506721","2506992","48","139024605"
"chr5","141614571","141614880","JH378189","8992244","8992548","49","132622327"
"chr5","141652091","141652391","JH378196","1642560","1642860","45","140009531"
"chr5","141654003","141654309","JH378119","13478581","13478885","51","128175422"
"chr5","141655922","141656231","JH378205","4278012","4278319","34","137377910"
"chr5","141695416","141695695","JH378124","10016046","10016322","37","131679370"
"chr5","141710192","141710315","JH378110","32697390","32697512","13","109012802"
"chr5","141710396","141710556","JH378148","2046250","2046409","25","139664146"
"chr5","141734996","141735297","JH378279","2532931","2533234","42","139202065"
"chr5","141744940","141745239","JH378316","391481","391778","37","141353459"
"chr5","141752398","141752687","JH378201","3289541","3289837","42","138462857"
"chr5","141761662","141761964","JH378139","10433692","10433994","46","131327970"
"chr5","141769815","141769906","JH378138","3859912","3860004","16","137909903"
"chr5","141783750","141784033","JH378107","7454917","7455197","56","134328833"
"chr5","141797612","141797871","JH378111","15820209","15820460","44","125977403"
"chr5","141812346","141812626","JH378268","2914954","2915237","46","138897392"
"chr5","141823559","141823784","JH378164","11414062","11414284","38","130409497"
"chr5","141858393","141858701","JH378114","41499633","41499943","39","100358760"
"chr5","141864140","141864273","JH378112","31241595","31241725","19","110622545"
"chr5","141871460","141871762","JH378116","14428154","14428454","39","127443306"
"chr5","141874674","141874833","JH378185","2409829","2409986","35","139464845"
"chr5","141874834","141875128","JH378123","5667081","5667374","40","136207753"
"chr5","141875129","141875263","JH378105","65217738","65217870","16","76657391"
"chr5","141875417","141875705","JH378166","338153","338442","37","141537264"
"chr5","141884463","141884763","JH378216","4809975","4810272","39","137074488"
"chr5","141900620","141900700","JH378220","979788","979867","10","140920832"
"chr5","141902461","141902733","JH378111","44644273","44644541","54","97258188"
"chr5","141918121","141918253","AGCE01150063","86","218","20","141918035"
"chr5","141919841","141920149","JH378137","1875711","1876013","45","140044130"
"chr5","141928787","141929087","JH378115","28716128","28716418","42","113212659"
"chr5","141946543","141946841","JH378105","50034667","50034949","58","91911876"
"chr5","142007645","142007950","JH378157","11907979","11908290","55","130099666"
"chr5","142026034","142026333","JH378260","445434","445733","39","141580600"
"chr5","142028941","142029237","JH378262","336971","337263","44","141691970"
"chr5","142057251","142057539","JH378225","6103213","6103503","42","135954038"
"chr5","142059418","142059492","JH378153","13681409","13681484","11","128378009"
"chr5","142083768","142084039","JH378167","7155169","7155451","66","134928599"
"chr5","142089119","142089426","JH378118","10693452","10693756","43","131395667"
"chr5","142098549","142098684","JH378106","1342311","1342445","10","140756238"
"chr5","142098971","142099150","JH378124","12013467","12013639","41","130085504"
"chr5","142109781","142110090","JH378119","5341365","5341669","45","136768416"
"chr5","142130373","142130635","JH378196","3015906","3016171","42","139114467"
"chr5","142137017","142137293","JH378166","76263","76540","44","142060754"
"chr5","142162008","142162308","JH378242","734891","735189","46","141427117"
"chr5","142168485","142168793","JH378118","10693452","10693756","42","131475033"
"chr5","142190407","142190717","JH378247","561987","562291","48","141628420"
"chr5","142198262","142198549","JH378156","4597363","4597648","49","137600899"
"chr5","142198582","142198597","JH378196","2334629","2334642","4","139863953"
"chr5","142200845","142200996","JH378173","11752107","11752259","47","130448738"
"chr5","142201034","142201158","JH378149","2370802","2370927","25","139830232"
"chr5","142210410","142210696","JH378114","41996207","41996493","43","100214203"
"chr5","142218498","142218794","JH378255","3447746","3448043","40","138770752"
"chr5","142256466","142256773","JH378255","1987046","1987357","44","140269420"
"chr5","142258141","142258454","JH378242","734891","735189","40","141523250"
"chr5","142258743","142259035","JH378200","4317868","4318159","43","137940875"
"chr5","142404283","142404567","JH378201","3313841","3314119","46","139090442"
"chr5","142501908","142502201","JH378116","27863685","27863978","51","114638223"
"chr5","142510541","142510842","JH378206","918187","918493","44","141592354"
"chr5","142548166","142548464","JH378145","6507817","6508119","46","136040349"
"chr5","142549444","142549827","JH378112","12900600","12900961","91","129648844"
"chr5","142559213","142559510","JH378200","261439","261727","37","142297774"
"chr5","142561506","142561799","JH378242","734891","735189","36","141826615"
"chr5","142605843","142606138","JH378106","336231","336535","41","142269612"
"chr5","142618862","142619138","JH378189","719706","719987","50","141899156"
"chr5","142631905","142632202","JH378123","9608291","9608584","43","133023614"
"chr5","142679521","142679801","JH378125","3284524","3284812","63","139394997"
"chr5","142694807","142695092","JH378106","443794","444071","52","142251013"
"chr5","142738188","142738484","JH378105","15388071","15388369","42","127350117"
"chr5","142745449","142745739","JH378106","501033","501324","34","142244416"
"chr5","142761061","142761345","JH378227","1599623","1599912","45","141161438"
"chr5","142775156","142775435","JH378148","3014357","3014636","39","139760799"
"chr5","142804316","142804445","JH378168","5338377","5338506","19","137465939"
"chr5","142827990","142828277","JH378184","5621805","5622094","55","137206185"
"chr5","142854792","142855070","JH378128","11289647","11289922","43","131565145"
"chr5","142880268","142880678","JH378191","688936","689305","116","142191332"
"chr5","142924857","142925159","JH378220","667156","667455","50","142257701"
"chr5","142942072","142942374","JH378148","3064946","3065247","40","139877126"
"chr5","142971941","142972231","JH378106","731946","732238","36","142239995"
"chr5","143005809","143006116","JH378106","69063427","69063728","46","73942382"
"chr5","143027107","143027406","JH378231","1922295","1922580","52","141104812"
"chr5","143067469","143067748","JH378194","7650194","7650482","48","135417275"
"chr5","143074969","143075252","JH378127","19331819","19332107","51","123743150"
"chr5","143198689","143198960","JH378139","1465575","1465851","50","141733114"
"chr5","143269037","143269343","JH378141","14454762","14455052","47","128814275"
"chr5","143291652","143291953","JH378142","11264818","11265120","42","132026834"
"chr5","143355020","143355329","JH378301","920694","921000","48","142434326"
"chr5","143357759","143358061","JH378107","1333455","1333754","46","142024304"
"chr5","143383382","143383691","JH378111","11464738","11465037","51","131918644"
"chr5","143471753","143472054","JH378173","6575149","6575450","42","136896604"
"chr5","143480667","143480963","JH378106","1279341","1279638","38","142201326"
"chr5","143512121","143512423","JH378122","638692","638996","49","142873429"
"chr5","143525705","143526007","JH378255","2011505","2011804","55","141514200"
"chr5","143529880","143530175","JH378140","5325520","5325814","36","138204360"
"chr5","143538003","143538342","JH378106","1333634","1333924","92","142204369"
"chr5","143545408","143545693","JH378171","5901188","5901476","43","137644220"
"chr5","143547861","143548157","JH378105","55574476","55574778","37","87973385"
"chr5","143549403","143549712","JH378153","3758639","3758950","40","139790764"
"chr5","143551610","143551789","JH378135","1592367","1592548","25","141959243"
"chr5","143553189","143553495","JH378115","30401019","30401318","56","113152170"
"chr5","143558576","143558874","JH378190","1394904","1395199","41","142163672"
"chr5","143560638","143560956","JH378153","11183648","11183951","52","132376990"
"chr5","143561244","143561541","JH378108","39295397","39295694","40","104265847"
"chr5","143569935","143570190","JH378199","2980402","2980664","52","140589533"
"chr5","143581308","143581615","JH378262","1793239","1793545","42","141788069"
"chr5","143591943","143592245","JH378157","991709","992013","39","142600234"
"chr5","143611386","143611657","JH378116","28704123","28704395","44","114907263"
"chr5","143640969","143641249","JH378140","15193389","15193675","52","128447580"
"chr5","143643053","143643349","JH378114","23078690","23078986","44","120564363"
"chr5","143664295","143664601","JH378118","10693452","10693756","39","132970843"
"chr5","143666088","143666195","JH378166","13947531","13947628","21","129718557"
"chr5","143667382","143667572","JH378205","1614612","1614808","35","142052770"
"chr5","143668435","143668744","JH378114","20897206","20897509","39","122771229"
"chr5","143676643","143676941","JH378164","14512197","14512493","42","129164446"
"chr5","143684284","143684583","JH378136","7156338","7156631","39","136527946"
"chr5","143688391","143688617","JH378211","6164126","6164341","41","137524265"
"chr5","143698082","143698366","JH378114","41996207","41996493","44","101701875"
"chr5","143698394","143698421","JH378113","38140728","38140753","9","105557666"
"chr5","143714456","143714734","JH378105","50034667","50034949","47","93679789"
"chr5","143728451","143728742","JH378291","130444","130734","34","143598007"
"chr5","143730126","143730438","JH378151","7873083","7873395","47","135857043"
"chr5","143740252","143740548","JH378162","10751977","10752272","42","132988275"
"chr5","143742359","143742666","JH378127","14973650","14973958","42","128768709"
"chr5","143745439","143745752","JH378136","7603040","7603342","45","136142399"
"chr5","143754841","143755144","JH378121","23760097","23760404","43","119994744"
"chr5","143766752","143767060","JH378151","4578678","4578981","46","139188074"
"chr5","143769229","143769362","JH378106","60814583","60814716","17","82954646"
"chr5","143772287","143772437","JH378186","1017863","1018013","16","142754424"
"chr5","143776519","143776808","JH378105","34333776","34334054","48","109442743"
"chr5","143806432","143806538","JH378134","4615465","4615570","29","139190967"
"chr5","143806822","143806917","JH378235","2021988","2022078","14","141784834"
"chr5","143826483","143826796","JH378153","3758639","3758950","44","140067844"
"chr5","143828994","143829295","JH378157","991709","992013","50","142837285"
"chr5","143854280","143854528","JH378148","2557290","2557539","35","141296990"
"chr5","143872126","143872404","JH378192","5415267","5415549","36","138456859"
"chr5","143912234","143912536","JH378290","1449167","1449465","36","142463067"
"chr5","143915607","143915899","JH378138","6648162","6648458","41","137267445"
"chr5","143941559","143941847","JH378164","907410","907700","46","143034149"
"chr5","143951004","143951300","JH378119","360557","360852","45","143590447"
"chr5","143961778","143962057","JH378173","4795221","4795500","33","139166557"
"chr5","143997452","143997754","JH378108","1990073","1990368","43","142007379"
"chr5","144022845","144023039","JH378253","2374612","2374809","25","141648233"
"chr5","144028039","144028341","JH378116","25790477","25790774","37","118237562"
"chr5","144052332","144052597","JH378110","7925750","7926017","34","136126582"
"chr5","144111204","144111515","JH378111","12898365","12898668","45","131212839"
"chr5","144155639","144155934","JH378114","20280978","20281265","52","123874661"
"chr5","144165133","144165511","JH378106","1977130","1977512","57","142188003"
"chr5","144190962","144191274","JH378111","9912952","9913260","46","134278010"
"chr5","144205503","144205808","JH378141","9971781","9972082","49","134233722"
"chr5","144226605","144226905","JH378115","33120815","33121115","40","111105790"
"chr5","144230518","144230812","JH378124","5835056","5835352","38","138395462"
"chr5","144251978","144252284","JH378157","12870367","12870663","42","131381611"
"chr5","144317024","144317341","JH378106","2135534","2135837","40","142181490"
"chr5","144353222","144353527","JH378148","3247304","3247606","49","141105918"
"chr5","144379211","144379517","JH378113","14532240","14532539","40","129846971"
"chr5","144406639","144406935","JH378129","10052940","10053237","43","134353699"
"chr5","144415079","144415365","JH378112","12605686","12605972","39","131809393"
"chr5","144435976","144436269","JH378153","2856479","2856773","36","141579497"
"chr5","144447256","144447543","JH378182","1921178","1921467","41","142526078"
"chr5","144503017","144503320","JH378211","3514409","3514719","49","140988608"
"chr5","144511621","144511954","JH378124","5168153","5168455","72","139343468"
"chr5","144512078","144512366","JH378177","5640956","5641241","42","138871122"
"chr5","144560813","144561125","JH378189","6968637","6968938","59","137592176"
"chr5","144564553","144564861","JH378148","2797982","2798286","47","141766571"
"chr5","144567979","144568286","JH378117","32289208","32289505","42","112278771"
"chr5","144615417","144615710","JH378137","14089045","14089336","43","130526372"
"chr5","144620922","144621233","JH378115","19583909","19584219","44","125037013"
"chr5","144630914","144631104","JH378125","25327145","25327327","41","119303769"
"chr5","144641869","144642165","JH378106","2469971","2470270","37","142171898"
"chr5","144688983","144689294","JH378135","3452601","3452913","46","141236382"
"chr5","144705072","144705368","JH378123","5667081","5667374","45","139037991"
"chr5","144710508","144710813","JH378140","15256022","15256323","39","129454486"
"chr5","144721932","144722227","JH378106","2556644","2556946","51","142165288"
"chr5","144737890","144738067","JH378132","10354359","10354538","39","134383531"
"chr5","144738352","144738487","JH378106","60814583","60814716","18","83923769"
"chr5","144799292","144799574","JH378106","2641555","2641833","38","142157737"
"chr5","144807815","144808101","JH378141","9239081","9239369","36","135568734"
"chr5","144882995","144883255","JH378141","8855710","8855990","55","136027285"
"chr5","144901281","144901553","JH378184","5326135","5326413","43","139575146"
"chr5","144920148","144920437","JH378151","7107312","7107607","61","137812836"
"chr5","144937094","144937412","JH378118","20140583","20140886","58","124796511"
"chr5","144947014","144947300","JH378106","2791521","2791830","48","142155493"
"chr5","145026805","145027097","JH378156","3853230","3853526","39","141173575"
"chr5","145052121","145052404","JH378139","13663749","13664032","43","131388372"
"chr5","145165948","145166258","JH378153","14175225","14175527","56","130990723"
"chr5","145179646","145179954","JH378269","2798798","2799107","44","142380848"
"chr5","145186525","145186828","JH378127","19348533","19348831","46","125837992"
"chr5","145197546","145197842","JH378125","7759615","7759914","35","137437931"
"chr5","145368953","145369244","JH378178","1664760","1665054","49","143704193"
"chr5","145394609","145394891","JH378105","50034667","50034949","49","95359942"
"chr5","145415775","145416066","JH378135","1649406","1649695","42","143766369"
"chr5","145452169","145452470","JH378113","17842682","17842983","47","127609487"
"chr5","145461808","145462092","JH378134","22236208","22236494","49","123225600"
"chr5","145522378","145522674","JH378242","734891","735189","43","144787487"
"chr5","145730576","145730872","JH378224","3700195","3700494","42","142030381"
"chr5","145743499","145743827","JH378122","5339681","5339994","66","140403818"
"chr5","145828971","145829225","JH378202","7712681","7712920","53","138116290"
"chr5","145867142","145867441","JH378200","4317868","4318159","41","141549274"
"chr5","146327571","146327875","JH378158","516472","516776","43","145811099"
"chr5","146511248","146511505","JH378158","1249947","1250195","44","145261301"
"chr5","146523442","146523734","JH378177","5640956","5641241","63","140882486"
"chr5","146524684","146524956","JH378120","15491325","15491597","45","131033359"
"chr5","146665238","146665518","JH378262","1695586","1695867","35","144969652"
"chr5","146697290","146697571","JH378181","9727869","9728158","67","136969421"
"chr5","146713447","146713764","JH378113","2777081","2777390","58","143936366"
"chr5","146771411","146771695","JH378223","4500277","4500555","54","142271134"
"chr5","146822144","146822452","JH378114","36279685","36279996","58","110542459"
"chr5","146962519","146962540","JH378113","38140728","38140753","7","108821791"
"chr5","146962572","146962902","JH378148","3247304","3247606","75","143715268"
"chr5","147030988","147031288","JH378146","4677820","4678116","45","142353168"
"chr5","147031818","147032099","JH378177","3333638","3333912","40","143698180"
"chr5","147075599","147075888","JH378235","5966662","5966955","40","141108937"
"chr5","147139929","147140212","JH378263","403647","403936","53","146736282"
"chr5","147142412","147142709","JH378114","32943022","32943318","41","114199390"
"chr5","147155241","147155546","JH378170","6231694","6231996","56","140923547"
"chr5","147239472","147239771","JH378157","12870367","12870663","44","134369105"
"chr5","147273615","147273931","JH378167","3626557","3626863","52","143647058"
"chr5","147289532","147289822","JH378119","21364471","21364764","37","125925061"
"chr5","147296759","147297070","JH378109","25846015","25846327","43","121450744"
"chr5","147354695","147354974","JH378177","3761735","3762014","40","143592960"
"chr5","147380117","147380368","JH378106","5092927","5093179","36","142287190"
"chr5","147399496","147399786","JH378105","55574476","55574778","54","91825020"
"chr5","147421012","147421321","JH378113","26550017","26550324","41","120870995"
"chr5","147422578","147422890","JH378114","41499633","41499943","40","105922945"
"chr5","147431891","147432193","JH378105","23798291","23798595","45","123633600"
"chr5","147466385","147466695","JH378137","15935777","15936084","45","131530608"
"chr5","147486273","147486533","JH378106","5193232","5193491","27","142293041"
"chr5","147486662","147486941","JH378110","34162160","34162442","38","113324502"
"chr5","147487244","147487548","JH378106","5196071","5196374","38","142291173"
"chr5","147498790","147499090","JH378203","1903645","1903942","40","145595145"
"chr5","147527578","147527886","JH378114","42191124","42191429","40","105336454"
"chr5","147553870","147554170","JH378115","31464116","31464416","49","116089754"
"chr5","147603022","147603348","JH378124","5078825","5079136","53","142524197"
"chr5","147614616","147614896","JH378189","177130","177409","42","147437486"
"chr5","147632406","147632707","JH378279","2532931","2533234","61","145099475"
"chr5","147637054","147637351","JH378119","33977786","33978071","59","113659268"
"chr5","147643799","147644083","JH378299","775479","775754","56","146868320"
"chr5","147645441","147645751","JH378123","747128","747442","44","146898313"
"chr5","147655757","147656027","JH378123","7572596","7572869","34","140083161"
"chr5","147690819","147691124","JH378148","16955481","16955786","36","130735338"
"chr5","147710969","147711261","JH378166","4992372","4992672","40","142718597"
"chr5","147752916","147753054","JH378213","4209495","4209630","16","143543421"
"chr5","147757932","147758225","JH378214","2705514","2705812","48","145052418"
"chr5","147759821","147760087","JH378137","8077566","8077832","39","139682255"
"chr5","147761580","147761700","JH378125","3246562","3246679","17","144515018"
"chr5","147761713","147762016","JH378242","734891","735189","38","147026822"
"chr5","147764672","147764757","JH378334","248585","248669","11","147516087"
"chr5","147768390","147768690","JH378131","23697009","23697304","44","124071381"
"chr5","147777542","147777847","JH378255","877066","877365","40","146900476"
"chr5","147791149","147791435","JH378123","15726416","15726711","42","132064733"
"chr5","147812173","147812461","JH378245","872964","873252","39","146939209"
"chr5","147815943","147816256","JH378184","5228496","5228807","43","142587447"
"chr5","147825429","147825672","JH378164","6881616","6881870","46","140943813"
"chr5","147840223","147840511","JH378206","140205","140500","38","147700018"
"chr5","147843879","147844185","JH378128","25062512","25062815","48","122781367"
"chr5","147889807","147890102","JH378135","12958037","12958332","48","134931770"
"chr5","147914266","147914567","JH378141","18437190","18437494","46","129477076"
"chr5","147946650","147946944","JH378141","14454762","14455052","42","133491888"
"chr5","147957829","147957955","JH378635","1","129","18","147957828"
"chr5","147957960","147958235","JH378166","5242437","5242725","46","142715523"
"chr5","147965531","147965820","JH378124","6001393","6001683","37","141964138"
"chr5","147987065","147987347","JH378118","11558432","11558720","46","136428633"
"chr5","147993551","147993824","JH378128","11289647","11289922","39","136703904"
"chr5","148004780","148005062","JH378114","36238518","36238799","45","111766262"
"chr5","148028123","148028417","JH378107","6573476","6573770","39","141454647"
"chr5","148082961","148083253","JH378166","5382132","5382426","37","142700829"
"chr5","148125479","148125759","JH378152","14449530","14449815","48","133675949"
"chr5","148163298","148163595","JH378107","47246474","47246770","43","100916824"
"chr5","148221050","148221344","JH378193","3655622","3655925","42","144565428"
"chr5","148224322","148224621","JH378105","65699340","65699639","41","82524982"
"chr5","148284531","148284773","JH378259","3670474","3670723","40","144614057"
"chr5","148299408","148299694","JH378152","14449530","14449815","44","133849878"
"chr5","148538513","148538811","JH378204","3129799","3130101","45","145408714"
"chr5","148565503","148565812","JH378106","69412305","69412606","44","79153198"
"chr5","148633577","148633873","JH378113","2125799","2126089","44","146507778"
"chr5","148713414","148713566","JH378139","8286149","8286297","23","140427265"
"chr5","148757206","148757505","JH378173","776263","776560","43","147980943"
"chr5","148840641","148840942","JH378220","3658932","3659226","45","145181709"
"chr5","148848892","148849176","JH378111","10798818","10799104","44","138050074"
"chr5","148882310","148882624","JH378186","1525813","1526111","57","147356497"
"chr5","148996965","148997275","JH378142","13337841","13338143","43","135659124"
"chr5","148999022","148999331","JH378166","6299713","6300024","42","142699309"
"chr5","149000317","149000616","JH378180","768623","768922","47","148231694"
"chr5","149021275","149021580","JH378140","15256022","15256323","43","133765253"
"chr5","149035596","149035840","JH378118","33394490","33394732","53","115641106"
"chr5","149048065","149048360","JH378242","734891","735189","36","148313174"
"chr5","149137975","149138253","JH378157","9808983","9809259","43","139328992"
"chr5","149142138","149142436","JH378200","4317868","4318159","39","144824270"
"chr5","149194415","149194731","JH378107","42566789","42567103","60","106627626"
"chr5","149283656","149283955","JH378173","9132197","9132491","35","140151459"
"chr5","149345908","149346055","JH378107","55895704","55895839","30","93450204"
"chr5","149398125","149398436","JH378188","7490346","7490651","42","141907779"
"chr5","149437949","149438234","JH378139","1856531","1856816","43","147581418"
"chr5","149511849","149512140","JH378115","42118173","42118469","43","107393676"
"chr5","149549292","149549609","JH378146","9945015","9945333","46","139604277"
"chr5","149632714","149633026","JH378113","4935416","4935725","54","144697298"
"chr5","149685860","149686181","JH378137","4784087","4784395","62","144901773"
"chr5","149770117","149770411","JH378110","28215334","28215630","44","121554783"
"chr5","149829070","149829368","JH378258","1807287","1807590","44","148021783"
"chr5","149925974","149926252","JH378166","7331380","7331647","35","142594594"
"chr5","149973182","149973469","JH378290","722382","722672","53","149250800"
"chr5","150046197","150046488","JH378105","69163567","69163856","54","80882630"
"chr5","150135839","150136130","JH378148","3100313","3100608","48","147035526"
"chr5","150158554","150158845","JH378164","2408038","2408327","46","147750516"
"chr5","150206941","150207250","JH378185","2131122","2131425","52","148075819"
"chr5","150237505","150237814","JH378108","38073678","38073985","51","112163827"
"chr5","150318195","150318487","JH378106","765844","766137","42","149552351"
"chr5","150560206","150560480","JH378153","11512518","11512794","36","139047688"
"chr5","150595293","150595600","JH378112","20863173","20863471","52","129732120"
"chr5","150668878","150669181","JH378115","36379708","36380007","43","114289170"
"chr5","150724446","150724762","JH378105","47004397","47004711","58","103720049"
"chr5","150758369","150758665","JH378125","7098099","7098395","48","143660270"
"chr5","150769017","150769305","JH378107","57287252","57287540","37","93481765"
"chr5","150771528","150771806","JH378153","12355481","12355767","57","138416047"
"chr5","150793353","150793655","JH378187","3086525","3086818","42","147706828"
"chr5","150821549","150821787","JH378127","5384271","5384500","40","145437278"
"chr5","150823379","150823639","JH378214","3038362","3038624","37","147785017"
"chr5","150832265","150832556","JH378106","32443197","32443480","45","118389068"
"chr5","150845756","150846063","JH378153","5534456","5534758","52","145311300"
"chr5","150862449","150862757","JH378116","29257588","29257897","84","121604861"
"chr5","150898234","150898481","JH378204","6110233","6110492","46","144788001"
"chr5","150899886","150900166","JH378169","2428004","2428275","61","148471882"
"chr5","150903968","150904228","JH378203","7235907","7236167","43","143668061"
"chr5","150905247","150905391","JH378232","5487123","5487266","17","145418124"
"chr5","150905701","150906010","JH378154","13561581","13561891","39","137344120"
"chr5","150907462","150907783","JH378211","1951298","1951606","53","148956164"
"chr5","150909887","150910190","JH378190","3857505","3857809","46","147052382"
"chr5","150925913","150926225","JH378113","2501930","2502215","72","148423983"
"chr5","150926945","150927235","JH378120","3464324","3464618","45","147462621"
"chr5","150937654","150937944","JH378195","2148198","2148495","34","148789456"
"chr5","150941125","150941420","JH378163","12974010","12974311","47","137967115"
"chr5","150948500","150948795","JH378167","11202084","11202374","42","139746416"
"chr5","150950919","150951234","JH378129","11264815","11265133","51","139686104"
"chr5","150970120","150970429","JH378117","7225700","7226005","51","143744420"
"chr5","150976209","150976500","JH378203","7090053","7090349","40","143886156"
"chr5","150982212","150982521","JH378133","9220183","9220494","43","141762029"
"chr5","150986908","150987186","JH378105","2788745","2789032","46","148198163"
"chr5","151019731","151020024","JH378146","6707481","6707772","34","144312250"
"chr5","151069776","151070079","JH378135","18736973","18737278","41","132332803"
"chr5","151076982","151077264","JH378166","8479650","8479925","37","142597332"
"chr5","151092028","151092323","JH378178","8042470","8042765","36","143049558"
"chr5","151103902","151104192","JH378117","28666592","28666888","41","122437310"
"chr5","151114974","151115252","JH378199","3061218","3061509","54","148053756"
"chr5","151129168","151129463","JH378115","28716128","28716418","42","122413040"
"chr5","151130875","151131169","JH378129","11810131","11810431","38","139320744"
"chr5","151184007","151184310","JH378154","2415687","2415984","34","148768320"
"chr5","151193303","151193604","JH378115","30401019","30401318","46","120792284"
"chr5","151222512","151222807","JH378105","16462587","16462873","51","134759925"
"chr5","151229141","151229419","JH378105","6621498","6621779","34","144607643"
"chr5","151235898","151236195","JH378166","8643508","8643804","39","142592390"
"chr5","151236942","151237243","JH378262","1936694","1936996","41","149300248"
"chr5","151261028","151261319","JH378132","20919176","20919465","42","130341852"
"chr5","151263296","151263535","JH378127","1762057","1762296","31","149501239"
"chr5","151267223","151267455","JH378111","10234526","10234761","48","141032697"
"chr5","151274146","151274418","JH378111","32631993","32632265","40","118642153"
"chr5","151295522","151295805","JH378153","10500001","10500285","39","140795521"
"chr5","151300320","151300622","JH378151","4578678","4578981","40","146721642"
"chr5","151304591","151304890","JH378166","8716047","8716340","40","142588544"
"chr5","151308738","151309012","JH378260","2450704","2450976","38","148858034"
"chr5","151320903","151321172","JH378155","2506721","2506992","40","148814182"
"chr5","151321194","151321470","JH378110","31253343","31253618","46","120067851"
"chr5","151331317","151331612","JH378112","29934615","29934896","43","121396702"
"chr5","151344312","151344616","JH378173","7104686","7104984","43","144239626"
"chr5","151357127","151357418","JH378177","5783190","5783479","46","145573937"
"chr5","151381205","151381511","JH378166","8805198","8805501","40","142576007"
"chr5","151396155","151396453","JH378113","14308366","14308666","52","137087789"
"chr5","151401510","151401816","JH378150","8762710","8763014","47","142638800"
"chr5","151457964","151458252","JH378166","8891225","8891522","38","142566739"
"chr5","151518397","151518711","JH378117","28807170","28807479","55","122711227"
"chr5","151535166","151535265","JH378139","343256","343354","14","151191910"
"chr5","151581298","151581593","JH378226","6485812","6486107","37","145095486"
"chr5","151632334","151632633","JH378166","9070120","9070417","40","142562214"
"chr5","151742294","151742602","JH378149","14367499","14367804","46","137374795"
"chr5","151769796","151770091","JH378116","14428154","14428454","40","137341642"
"chr5","151788102","151788396","JH378148","2011019","2011312","38","149777083"
"chr5","151799068","151799356","JH378106","3058385","3058676","42","148740683"
"chr5","151810611","151810874","JH378182","1528433","1528690","55","150282178"
"chr5","151832246","151832550","JH378151","4578678","4578981","35","147253568"
"chr5","151837594","151837895","JH378238","5034133","5034426","39","146803461"
"chr5","151842500","151842795","JH378152","13742000","13742297","40","138100500"
"chr5","151860857","151861139","JH378149","1957178","1957471","63","149903679"
"chr5","151885946","151886236","JH378170","4979102","4979388","50","146906844"
"chr5","151889378","151889653","JH378140","17435255","17435533","48","134454123"
"chr5","151923086","151923344","JH378203","7235907","7236167","55","144687179"
"chr5","151947040","151947334","JH378148","3100313","3100608","39","148846727"
"chr5","151956733","151957037","JH378308","686068","686367","35","151270665"
"chr5","151960726","151961023","JH378191","967537","967830","45","150993189"
"chr5","151976699","151976946","JH378166","9427263","9427511","35","142549436"
"chr5","151977991","151978284","JH378111","43268192","43268483","37","108709799"
"chr5","152000041","152000156","JH378143","13803192","13803306","16","138196849"
"chr5","152017153","152017452","JH378246","1887976","1888270","40","150129177"
"chr5","152025717","152026015","JH378111","15833029","15833328","38","136192688"
"chr5","152063479","152063777","JH378190","5779752","5780058","44","146283727"
"chr5","152103097","152103405","JH378123","28766081","28766389","48","123337016"
"chr5","152108073","152108381","JH378197","8295826","8296131","39","143812247"
"chr5","152115558","152115852","JH378166","9570100","9570402","36","142545458"
"chr5","152134999","152135173","JH378140","5158190","5158367","28","146976809"
"chr5","152142739","152143049","JH378108","8388787","8389097","44","143753952"
"chr5","152143142","152143435","JH378110","9023891","9024177","42","143119251"
"chr5","152205592","152205893","JH378239","610960","611261","47","151594632"
"chr5","152215740","152216037","JH378152","13742000","13742297","36","138473740"
"chr5","152216223","152216526","JH378242","734891","735189","39","151481332"
"chr5","152230050","152230148","JH378166","9684693","9684788","16","142545357"
"chr5","152295941","152296232","JH378291","915200","915491","36","151380741"
"chr5","152346351","152346635","JH378166","9757081","9757364","38","142589270"
"chr5","152380354","152380661","JH378117","25694461","25694770","45","126685893"
"chr5","152406698","152406976","JH378110","6116970","6117251","53","146289728"
"chr5","152470550","152470847","JH378234","1293149","1293446","40","151177401"
"chr5","152482564","152482870","JH378135","3487580","3487886","36","148994984"
"chr5","152508786","152509092","JH378148","16955481","16955786","41","135553305"
"chr5","152531866","152532173","JH378105","12770941","12771250","41","139760925"
"chr5","152532434","152532740","JH378113","15232832","15233136","36","137299602"
"chr5","152547717","152548020","JH378106","69063427","69063728","37","83484290"
"chr5","152549731","152550027","JH378188","7232167","7232465","41","145317564"
"chr5","152591000","152591295","JH378177","9865797","9866102","45","142725203"
"chr5","152637667","152637979","JH378105","59069512","59069822","50","93568155"
"chr5","152638359","152638674","JH378268","646398","646710","44","151991961"
"chr5","152639615","152639909","JH378117","28666592","28666888","33","123973023"
"chr5","152666871","152667183","JH378107","53104226","53104533","49","99562645"
"chr5","152684158","152684469","JH378127","1791547","1791857","48","150892611"
"chr5","152688176","152688482","JH378152","16029844","16030148","40","136658332"
"chr5","152692460","152692766","JH378117","8273843","8274143","43","144418617"
"chr5","152752643","152752810","JH378216","2054290","2054453","45","150698353"
"chr5","152759928","152760218","JH378178","8750960","8751246","41","144008968"
"chr5","152763783","152764065","JH378131","815415","815693","50","151948368"
"chr5","152782033","152782336","JH378148","13262362","13262662","38","139519671"
"chr5","152823913","152824220","JH378236","1070287","1070590","48","151753626"
"chr5","152899596","152899896","JH378162","11681967","11682260","53","141217629"
"chr5","152900571","152900872","JH378294","668279","668579","38","152232292"
"chr5","152923205","152923446","JH378139","13387568","13387813","40","139535637"
"chr5","152935262","152935557","JH378117","32546315","32546609","42","120388947"
"chr5","153010615","153010908","JH378166","10626590","10626882","44","142384025"
"chr5","153012255","153012534","JH378271","1800907","1801186","37","151211348"
"chr5","153013770","153014082","JH378121","29067540","29067850","48","123946230"
"chr5","153030263","153030560","JH378105","22547233","22547531","50","130483030"
"chr5","153036184","153036455","JH378245","2478506","2478773","45","150557678"
"chr5","153045369","153045599","JH378148","12365305","12365534","36","140680064"
"chr5","153070954","153071245","JH378107","49082217","49082512","42","103988737"
"chr5","153079731","153079868","JH378234","2807132","2807268","17","150272599"
"chr5","153108948","153109116","JH378176","10944127","10944293","32","142164821"
"chr5","153109153","153109266","JH378190","6154185","6154303","19","146954968"
"chr5","153117401","153117702","JH378135","21300881","21301186","36","131816520"
"chr5","153135550","153135821","JH378110","29311133","29311408","30","123824417"
"chr5","153141906","153142212","JH378135","16046002","16046306","42","137095904"
"chr5","153176110","153176358","JH378122","5341619","5341861","35","147834491"
"chr5","153189662","153189965","JH378114","36876536","36876843","50","116313126"
"chr5","153193737","153194039","JH378284","2533277","2533588","47","150660460"
"chr5","153204778","153205060","JH378166","10823441","10823724","47","142381337"
"chr5","153211074","153211139","JH378133","15781856","15781921","8","137429218"
"chr5","153217619","153217918","JH378242","734891","735189","47","152482728"
"chr5","153270300","153270610","JH378300","795205","795515","42","152475095"
"chr5","153274327","153274509","JH378152","13120743","13120919","33","140153584"
"chr5","153278956","153279271","JH378154","13561581","13561891","49","139717375"
"chr5","153299101","153299398","JH378132","23158844","23159136","40","130140257"
"chr5","153305072","153305356","JH378122","7809799","7810085","39","145495273"
"chr5","153524144","153524425","JH378139","8125437","8125720","44","145398707"
"chr5","153574104","153574389","JH378227","3019602","3019888","48","150554502"
"chr5","153682602","153682909","JH378170","5240248","5240558","40","148442354"
"chr5","153728968","153729277","JH378113","26550017","26550324","38","127178951"
"chr5","153785633","153785918","JH378167","6098594","6098882","40","147687039"
"chr5","153790231","153790522","JH378131","10241080","10241369","38","143549151"
"chr5","153802060","153802360","JH378115","28547771","28548071","41","125254289"
"chr5","153830814","153831199","JH378106","1352423","1352795","101","152478391"
"chr5","153839631","153839837","JH378235","783712","783915","34","153055919"
"chr5","153940630","153940915","JH378129","22483649","22483934","48","131456981"
"chr5","153943407","153943716","JH378117","15749415","15749721","46","138193992"
"chr5","153946372","153946627","JH378115","4179983","4180251","53","149766389"
"chr5","153951856","153952154","JH378153","14175225","14175527","47","139776631"
"chr5","153967034","153967310","JH378116","37617802","37618076","52","116349232"
"chr5","153976115","153976393","JH378204","5390870","5391154","42","148585245"
"chr5","154069995","154070216","JH378166","11701876","11702104","33","142368119"
"chr5","154150947","154151227","JH378153","8812451","8812733","44","145338496"
"chr5","154236296","154236586","JH378112","36440010","36440302","51","117796286"
"chr5","154236734","154237023","JH378136","839654","839946","46","153397080"
"chr5","154310550","154310863","JH378151","14190592","14190902","45","140119958"
"chr5","154384673","154384976","JH378139","14171993","14172294","53","140212680"
"chr5","154443249","154443532","JH378117","36078925","36079198","53","118364324"
"chr5","154468986","154469271","JH378112","29934615","29934896","50","124534371"
"chr5","154525157","154525464","JH378308","686068","686367","52","153839089"
"chr5","154720764","154721047","JH378189","7501508","7501793","36","147219256"
"chr5","154790748","154791040","JH378135","350947","351240","53","154439801"
"chr5","154854439","154854744","JH378171","1227829","1228136","47","153626610"
"chr5","154923107","154923417","JH378173","6638457","6638763","49","148284650"
"chr5","155221199","155221440","JH378105","45638622","45638863","40","109582577"
"chr5","155224565","155224875","JH378118","10693452","10693756","41","144531113"
"chr5","155243044","155243356","JH378118","14849215","14849519","51","140393829"
"chr5","155243542","155243794","JH378164","6881616","6881870","33","148361926"
"chr5","155264886","155265179","JH378123","5667081","5667374","40","149597805"
"chr5","155265180","155265315","JH378195","5828949","5829084","14","149436231"
"chr5","155283745","155284060","JH378106","64277322","64277634","55","91006423"
"chr5","155318727","155319036","JH378190","6664878","6665186","47","148653849"
"chr5","155345444","155345735","JH378105","17352517","17352807","39","137992927"
"chr5","155395165","155395478","JH378113","4126123","4126428","49","151269042"
"chr5","155426677","155426961","JH378117","26189716","26190001","47","129236961"
"chr5","155430190","155430482","JH378154","14273514","14273808","42","141156676"
"chr5","155459869","155460180","JH378139","11244771","11245079","45","144215098"
"chr5","155478877","155479181","JH378106","49065940","49066239","42","106412937"
"chr5","155500890","155501191","JH378153","9926861","9927172","46","145574029"
"chr5","155546606","155546925","JH378301","920694","921000","58","154625912"
"chr5","155552307","155552600","JH378199","5459378","5459675","49","150092929"
"chr5","155559508","155559803","JH378159","1162193","1162478","40","154397315"
"chr5","155563802","155564101","JH378119","28916807","28917110","44","126646995"
"chr5","155623335","155623637","JH378111","11464738","11465037","40","144158597"
"chr5","155689698","155690015","JH378182","1088788","1089103","57","154600910"
"chr5","155695666","155695971","JH378220","3122091","3122403","40","152573575"
"chr5","155760203","155760505","JH378293","1508849","1509149","36","154251354"
"chr5","155769436","155769747","JH378134","15276798","15277108","42","140492638"
"chr5","155826962","155827269","JH378224","2515142","2515446","47","153311820"
"chr5","155829084","155829343","JH378168","2967958","2968218","42","152861126"
"chr5","155848120","155848431","JH378153","9926861","9927172","35","145921259"
"chr5","155863555","155863827","JH378206","3018138","3018410","41","152845417"
"chr5","155897680","155897957","JH378111","32631993","32632265","49","123265687"
"chr5","155919085","155919377","JH378115","28716128","28716418","41","127202957"
"chr5","155924780","155925020","JH378109","36503543","36503787","49","119421237"
"chr5","155940178","155940486","JH378265","117843","118145","49","155822335"
"chr5","155950066","155950386","JH378214","5755548","5755843","67","150194518"
"chr5","155951155","155951431","JH378128","11289647","11289922","37","144661508"
"chr5","155958316","155958604","JH378125","15313063","15313352","46","140645253"
"chr5","155968782","155969078","JH378221","4218092","4218387","42","151750690"
"chr5","155977681","155977968","JH378144","18349832","18350117","38","137627849"
"chr5","155993589","155993883","JH378191","9073173","9073464","42","146920416"
"chr5","155995433","155995720","JH378225","6103213","6103503","38","149892220"
"chr5","156011300","156011600","JH378170","1616807","1617104","41","154394493"
"chr5","156027189","156027500","JH378143","4503874","4504182","37","151523315"
"chr5","156035154","156035511","JH378114","34683482","34683821","75","121351672"
"chr5","156052868","156053159","JH378165","3554292","3554583","43","152498576"
"chr5","156061883","156062177","JH378187","2759115","2759407","47","153302768"
"chr5","156075608","156075892","JH378153","4338756","4339040","51","151736852"
"chr5","156077601","156077898","JH378191","967537","967830","40","155110064"
"chr5","156103852","156104159","JH378106","59548783","59549085","46","96555069"
"chr5","156115907","156116203","JH378164","8015660","8015957","38","148100247"
"chr5","156127262","156127545","JH378139","1465575","1465851","44","154661687"
"chr5","156136458","156136758","JH378170","1616807","1617104","33","154519651"
"chr5","156163284","156163595","JH378153","11237253","11237559","43","144926031"
"chr5","156179567","156179867","JH378116","14428154","14428454","39","141751413"
"chr5","156187700","156187987","JH378127","5317720","5318008","41","150869980"
"chr5","156208934","156209232","JH378242","734891","735189","33","155474043"
"chr5","156266597","156266898","JH378114","32943022","32943318","34","123323575"
"chr5","156271799","156272026","JH378190","9349905","9350131","31","146921894"
"chr5","156272421","156272716","JH378154","14273514","14273808","42","141998907"
"chr5","156275140","156275380","JH378233","1023397","1023629","50","155251743"
"chr5","156288241","156288530","JH378189","4262802","4263099","48","152025439"
"chr5","156291401","156291708","JH378166","14003634","14003926","50","142287767"
"chr5","156293199","156293355","JH378110","32538099","32538262","40","123755100"
"chr5","156294953","156295192","JH378121","27636124","27636353","49","128658829"
"chr5","156295411","156295672","JH378118","27502774","27503024","45","128792637"
"chr5","156311079","156311382","JH378180","768623","768922","59","155542456"
"chr5","156316644","156316895","JH378216","2032845","2033090","41","154283799"
"chr5","156341741","156341909","JH378166","14056462","14056633","21","142285279"
"chr5","156387444","156387710","JH378110","10903306","10903565","44","145484138"
"chr5","156426507","156426807","JH378135","1618015","1618319","45","154808492"
"chr5","156484214","156484506","JH378141","14454762","14455052","44","142029452"
"chr5","156490143","156490363","JH378121","28725056","28725276","31","127765087"
"chr5","156512568","156512841","JH378264","3122060","3122337","47","153390508"
"chr5","156536498","156536809","JH378294","94309","94615","40","156442189"
"chr5","156581629","156581907","JH378156","15693115","15693398","45","140888514"
"chr5","156594146","156594424","JH378122","8027809","8028087","40","148566337"
"chr5","156630095","156630386","JH378184","8135519","8135814","44","148494576"
"chr5","156653987","156654283","JH378109","170698","170990","52","156483289"
"chr5","156794964","156795243","JH378173","4795221","4795500","42","151999743"
"chr5","156804277","156804522","JH378105","56722992","56723237","40","100081285"
"chr5","156895047","156895346","JH378186","1525813","1526111","45","155369234"
"chr5","156959311","156959612","JH378175","6740060","6740357","49","150219251"
"chr5","156966721","156966998","JH378141","16438140","16438414","57","140528581"
"chr5","157058206","157058506","JH378294","668279","668579","31","156389927"
"chr5","157072538","157072848","JH378114","11994163","11994456","69","145078375"
"chr5","157077957","157078175","JH378110","41400114","41400335","40","115677843"
"chr5","157188291","157188592","JH378116","37714587","37714884","52","119473704"
"chr5","157245747","157246048","JH378114","22526707","22527002","48","134719040"
"chr5","157393545","157393851","JH378111","11464738","11465037","50","145928807"
"chr5","157409972","157410274","JH378262","1936694","1936996","34","155473278"
"chr5","157490747","157491051","JH378294","1134654","1134957","41","156356093"
"chr5","157503119","157503392","JH378105","22316938","22317211","43","135186181"
"chr5","157529068","157529376","JH378113","23453918","23454218","41","134075150"
"chr5","157547293","157547577","JH378201","7447510","7447798","49","150099783"
"chr5","157573927","157574075","JH378122","13702070","13702218","17","143871857"
"chr5","157609085","157609369","JH378157","9629743","9630010","53","147979342"
"chr5","157623784","157624071","JH378108","20497499","20497784","42","137126285"
"chr5","157648962","157649270","JH378118","10693452","10693756","44","146955510"
"chr5","157773179","157773492","JH378167","11101055","11101363","49","146672124"
"chr5","157793802","157794102","JH378269","1930031","1930330","44","155863771"
"chr5","157858197","157858484","JH378133","9743043","9743332","39","148115154"
"chr5","157868577","157868878","JH378293","1508849","1509149","39","156359728"
"chr5","157957641","157957886","JH378218","913226","913473","44","157044415"
"chr5","157960556","157960867","JH378115","9196965","9197268","48","148763591"
"chr5","158220519","158220825","JH378167","7425984","7426295","41","150794535"
"chr5","158232136","158232423","JH378110","35790499","35790794","47","122441637"
"chr5","158235927","158236219","JH378120","18284338","18284637","42","139951589"
"chr5","158242980","158243275","JH378170","1616807","1617104","47","156626173"
"chr5","158250320","158250620","JH378125","19474059","19474357","57","138776261"
"chr5","158277561","158277871","JH378173","1691460","1691768","42","156586101"
"chr5","158283062","158283394","JH378136","2579242","2579573","61","155703820"
"chr5","158285988","158286297","JH378153","12639901","12640210","51","145646087"
"chr5","158290134","158290480","JH378139","3255687","3256005","74","155034447"
"chr5","158309506","158309804","JH378151","4578678","4578981","39","153730828"
"chr5","158311277","158311565","JH378197","6201530","6201820","45","152109747"
"chr5","158338126","158338417","JH378141","14454762","14455052","34","143883364"
"chr5","158351236","158351509","JH378151","7929573","7929849","40","150421663"
"chr5","158353344","158353670","JH378129","4447326","4447633","69","153906018"
"chr5","158354420","158354727","JH378294","1996673","1996980","40","156357747"
"chr5","158356951","158357246","JH378173","2227025","2227318","42","156129926"
"chr5","158364229","158364530","JH378131","16707957","16708257","38","141656272"
"chr5","158379827","158380140","JH378115","28553246","28553551","46","129826581"
"chr5","158405616","158405950","JH378284","371461","371790","62","158034155"
"chr5","158410483","158410766","JH378294","2039503","2039784","35","156370980"
"chr5","158414424","158414696","JH378193","7695673","7695957","63","150718751"
"chr5","158425284","158425596","JH378151","14190592","14190902","48","144234692"
"chr5","158427387","158427677","JH378117","26189716","26190001","46","132237671"
"chr5","158444274","158444575","JH378141","9997176","9997470","52","148447098"
"chr5","158452788","158453067","JH378173","4795221","4795500","42","153657567"
"chr5","158454120","158454425","JH378119","11191097","11191395","41","147263023"
"chr5","158457863","158458176","JH378204","3945411","3945718","49","154512452"
"chr5","158458986","158459273","JH378242","2757307","2757599","50","155701679"
"chr5","158464607","158464920","JH378172","10224477","10224775","48","148240130"
"chr5","159112122","159112382","JH378106","44930450","44930712","45","114181672"
"chr5","159116171","159116470","JH378158","3359829","3360132","40","155756342"
"chr5","159121975","159122276","JH378135","3588887","3589186","42","155533088"
"chr5","159130219","159130538","JH378173","7539836","7540140","50","151590383"
"chr5","159135131","159135427","JH378121","20749858","20750157","53","138385273"
"chr5","159153187","159153473","JH378125","6538044","6538329","37","152615143"
"chr5","159166405","159166692","JH378279","2393519","2393806","65","156772886"
"chr5","159191494","159191762","JH378105","52151557","52151825","60","107039937"
"chr5","159198955","159199253","JH378111","43268192","43268483","40","115930763"
"chr5","159224405","159224699","JH378294","668279","668579","39","158556126"
"chr5","159249608","159249939","JH378172","10079397","10079699","62","149170211"
"chr5","159320993","159321307","JH378244","4007808","4008118","51","155313185"
"chr5","159322301","159322597","JH378156","10067024","10067321","37","149255277"
"chr5","159338441","159338737","JH378123","15726416","15726711","50","143612025"
"chr5","159347465","159347748","JH378111","36506460","36506745","59","122841005"
"chr5","159390347","159390631","JH378122","7809799","7810085","38","151580548"
"chr5","159391478","159391782","JH378118","10693452","10693756","41","148698026"
"chr5","159432178","159432473","JH378141","14454762","14455052","42","144977416"
"chr5","159471005","159471305","JH378152","13742000","13742297","40","145729005"
"chr5","159517185","159517486","JH378153","14175225","14175527","41","145341960"
"chr5","159544405","159544698","JH378109","8720176","8720466","39","150824229"
"chr5","159549159","159549462","JH378152","13742000","13742297","35","145807159"
"chr5","159583222","159583518","JH378252","4291425","4291721","32","155291797"
"chr5","159587345","159587620","JH378158","12271962","12272239","46","147315383"
"chr5","159598725","159599031","JH378111","11464738","11465037","44","148133987"
"chr5","159627663","159627955","JH378124","5131942","5132232","47","154495721"
"chr5","159654713","159654994","JH378110","9023891","9024177","46","150630822"
"chr5","159659041","159659340","JH378293","1508849","1509149","42","158150192"
"chr5","159661676","159661986","JH378107","8856652","8856962","46","150805024"
"chr5","159670862","159671166","JH378242","734891","735189","32","158935971"
"chr5","159686202","159686476","JH378136","7571238","7571514","49","152114964"
"chr5","159686483","159686810","JH378106","65026320","65026645","58","94660163"
"chr5","159690621","159690912","JH378114","19929654","19929945","46","139760967"
"chr5","159691456","159691753","JH378172","9627900","9628201","41","150063556"
"chr5","159692488","159692638","JH378293","987679","987829","17","158704809"
"chr5","159694678","159694992","JH378108","8388787","8389097","65","151305891"
"chr5","159717896","159718177","JH378168","7294796","7295072","47","152423100"
"chr5","159723729","159724037","JH378288","629003","629310","49","159094726"
"chr5","159733958","159734077","JH378106","50969566","50969687","8","108764392"
"chr5","159740083","159740380","JH378135","17707279","17707571","39","142032804"
"chr5","159742223","159742514","JH378200","261439","261727","34","159480784"
"chr5","159744793","159745035","JH378275","1692408","1692657","41","158052385"
"chr5","159780988","159781284","JH378264","3021184","3021476","39","156759804"
"chr5","159797741","159798044","JH378151","4578678","4578981","42","155219063"
"chr5","159820304","159820603","JH378111","34627686","34627985","45","125192618"
"chr5","159823789","159824083","JH378187","2759115","2759407","44","157064674"
"chr5","159841709","159842002","JH378153","2856479","2856773","43","156985230"
"chr5","159856229","159856536","JH378118","10693452","10693756","39","149162777"
"chr5","159863130","159863427","JH378113","19601295","19601591","69","140261835"
"chr5","159884177","159884479","JH378254","2748165","2748472","46","157136012"
"chr5","159885341","159885651","JH378204","3945411","3945718","42","155939930"
"chr5","159888638","159888960","JH378159","6119055","6119368","64","153769583"
"chr5","159890152","159890454","JH378106","16703672","16703970","47","143186480"
"chr5","159904107","159904136","JH378113","38140728","38140753","11","121763379"
"chr5","159904163","159904442","JH378130","17959347","17959631","41","141944816"
"chr5","159907173","159907486","JH378124","4041596","4041902","48","155865577"
"chr5","159941453","159941711","JH378114","20734954","20735221","41","139206499"
"chr5","159947234","159947534","JH378149","3327109","3327407","44","156620125"
"chr5","159948172","159948453","JH378173","10880896","10881187","51","149067276"
"chr5","159949161","159949454","JH378115","28716128","28716418","47","131233033"
"chr5","159952865","159953167","JH378133","16639644","16639943","56","143313221"
"chr5","159958978","159959274","JH378118","10693452","10693756","50","149265526"
"chr5","159966521","159966810","JH378201","119475","119755","43","159847046"
"chr5","159971280","159971558","JH378120","24589503","24589764","56","135381777"
"chr5","159981509","159981814","JH378242","734891","735189","44","159246618"
"chr5","160007576","160007874","JH378172","9370200","9370493","42","150637376"
"chr5","160013312","160013613","JH378117","15749415","15749721","51","144263897"
"chr5","160033834","160034091","JH378140","6607165","6607427","41","153426669"
"chr5","160117387","160117692","JH378117","8273843","8274143","45","151843544"
"chr5","160145165","160145468","JH378242","961222","961538","56","159183943"
"chr5","160235278","160235575","JH378114","36871907","36872207","43","123363371"
"chr5","160237655","160237960","JH378106","69412305","69412606","40","90825350"
"chr5","160351860","160352147","JH378135","15931802","15932093","39","144420058"
"chr5","160360347","160360635","JH378106","25520842","25521121","60","134839505"
"chr5","160413445","160413737","JH378290","1449167","1449465","44","158964278"
"chr5","160694596","160694907","JH378114","20897206","20897509","50","139797390"
"chr5","160756238","160756512","JH378113","42947771","42948049","47","117808467"
"chr5","160851671","160851982","JH378121","18492696","18492996","59","142358975"
"chr5","160883497","160883801","JH378113","15232832","15233136","41","145650665"
"chr5","160889919","160890223","JH378294","668279","668579","41","160221640"
"chr5","160903492","160903765","JH378199","5152160","5152432","44","155751332"
"chr5","160913094","160913409","JH378105","12770941","12771250","42","148142153"
"chr5","161088835","161089141","JH378172","8254706","8255008","34","152834129"
"chr5","161130967","161131254","JH378117","4331409","4331694","47","156799558"
"chr5","161133019","161133304","JH378117","139232","139532","61","160993787"
"chr5","161136176","161136490","JH378114","37831299","37831608","58","123304877"
"chr5","161145664","161145962","JH378123","21695970","21696268","35","139449694"
"chr5","161164036","161164341","JH378193","3655622","3655925","41","157508414"
"chr5","161194278","161194589","JH378239","4753979","4754282","61","156440299"
"chr5","161224054","161224355","JH378111","9912952","9913260","47","151311102"
"chr5","161244901","161245185","JH378142","18918745","18919030","37","142326156"
"chr5","161270225","161270535","JH378188","7490346","7490651","41","153779879"
"chr5","161344146","161344446","JH378205","4278012","4278319","44","157066134"
"chr5","161368576","161368875","JH378118","10693452","10693756","51","150675124"
"chr5","161369998","161370287","JH378135","2083499","2083789","44","159286499"
"chr5","161393724","161394020","JH378111","43268192","43268483","43","118125532"
"chr5","161414772","161415070","JH378148","3092528","3092826","37","158322244"
"chr5","161508244","161508557","JH378172","7907950","7908262","50","153600294"
"chr5","161544032","161544308","JH378209","4638940","4639215","40","156905092"
"chr5","161635538","161635831","JH378172","7795817","7796105","46","153839721"
"chr5","161755032","161755318","JH378135","10161872","10162160","37","151593160"
"chr5","161776661","161776967","JH378106","61240183","61240490","40","100536478"
"chr5","161786100","161786396","JH378188","7232167","7232465","42","154553933"
"chr5","161802583","161802877","JH378116","21083340","21083634","53","140719243"
"chr5","161824986","161825285","JH378172","7638043","7638338","37","154186943"
"chr5","161870731","161871031","JH378172","7593274","7593579","48","154277457"
"chr5","161882686","161882984","JH378161","2236995","2237295","39","159645691"
"chr5","161942532","161942826","JH378242","734891","735189","42","161207641"
"chr5","161952040","161952324","JH378205","7284686","7284971","58","154667354"
"chr5","161963799","161964101","JH378117","24418072","24418369","47","137545727"
"chr5","161983338","161983629","JH378126","25176648","25176925","62","136806690"
"chr5","162007649","162007713","JH378204","5791497","5791562","8","156216152"
"chr5","162009596","162009894","JH378220","2465579","2465874","48","159544017"
"chr5","162065131","162065410","JH378124","5490003","5490289","41","156575128"
"chr5","162073640","162073930","JH378151","6150117","6150421","48","155923523"
"chr5","162081139","162081431","JH378125","15313063","15313352","36","146768076"
"chr5","162111101","162111405","JH378116","14428154","14428454","49","147682947"
"chr5","162117209","162117476","JH378145","734041","734307","45","161383168"
"chr5","162121410","162121639","JH378137","20044224","20044442","42","142077186"
"chr5","162133619","162133918","JH378149","422089","422391","44","161711530"
"chr5","162136817","162137095","JH378124","5472843","5473120","58","156663974"
"chr5","162146600","162146905","JH378119","21092611","21092916","39","141053989"
"chr5","162154820","162155015","JH378145","12581077","12581279","37","149573743"
"chr5","162155016","162155320","JH378186","1525813","1526111","53","160629203"
"chr5","162155321","162155451","JH378123","25088543","25088674","21","137066778"
"chr5","162161302","162161498","JH378141","10171283","10171484","26","151990019"
"chr5","162170162","162170474","JH378134","9261505","9261814","45","152908657"
"chr5","162177386","162177673","JH378122","7809799","7810085","36","154367587"
"chr5","162184134","162184424","JH378241","4710499","4710794","41","157473635"
"chr5","162186451","162186723","JH378111","37233117","37233391","52","124953334"
"chr5","162192590","162192884","JH378172","7279721","7279993","67","154912869"
"chr5","162218420","162218563","JH378221","1018793","1018934","19","161199627"
"chr5","162237711","162237914","JH378151","3312151","3312357","28","158925560"
"chr5","162239310","162239605","JH378170","1616807","1617104","35","160622503"
"chr5","162241194","162241486","JH378291","130444","130734","40","162110750"
"chr5","162253921","162254231","JH378115","15327275","15327586","44","146926646"
"chr5","162278931","162279223","JH378106","68479909","68480208","41","93799022"
"chr5","162280145","162280435","JH378116","27346910","27347202","39","134933235"
"chr5","162281822","162282141","JH378129","10837797","10838104","52","151444025"
"chr5","162289398","162289648","JH378125","2428571","2428830","50","159860827"
"chr5","162306936","162307247","JH378108","41996768","41997081","44","120310168"
"chr5","162420652","162420942","JH378119","11553220","11553504","36","150867432"
"chr5","162439902","162440186","JH378124","5490003","5490289","39","156949899"
"chr5","162483090","162483378","JH378107","57287252","57287540","38","105195838"
"chr5","162532572","162532834","JH378172","7029786","7030046","35","155502786"
"chr5","162546930","162547231","JH378148","13262362","13262662","35","149284568"
"chr5","162547908","162548200","JH378111","43268192","43268483","36","119279716"
"chr5","162575311","162575632","JH378112","21014219","21014535","44","141561092"
"chr5","162576819","162577125","JH378172","6986301","6986597","34","155590518"
"chr5","162657023","162657313","JH378191","967537","967830","41","161689486"
"chr5","162692325","162692619","JH378188","7644732","7645025","37","155047593"
"chr5","162750906","162751207","JH378290","732996","733294","47","162017910"
"chr5","162761325","162761582","JH378177","5646003","5646263","44","157115322"
"chr5","162988418","162988743","JH378172","6600085","6600390","59","156388333"
"chr5","163081525","163081818","JH378206","1893937","1894229","59","161187588"
"chr5","163095973","163096279","JH378160","12202742","12203045","47","150893231"
"chr5","163223340","163223641","JH378195","1077994","1078300","49","162145346"
"chr5","163253511","163253786","JH378146","453293","453569","41","162800218"
"chr5","163301515","163301806","JH378170","4300963","4301254","56","159000552"
"chr5","163406997","163407280","JH378172","6251186","6251462","32","157155811"
"chr5","163538058","163538352","JH378151","5890359","5890655","48","157647699"
"chr5","163622711","163623003","JH378245","2901271","2901555","56","160721440"
"chr5","163796533","163796795","JH378110","31253343","31253618","54","132543190"
"chr5","163879257","163879544","JH378189","7501508","7501793","43","156377749"
"chr5","163887800","163888103","JH378108","50609420","50609729","49","113278380"
"chr5","164011769","164012072","JH378111","8498303","8498600","50","155513466"
"chr5","164265265","164265561","JH378284","799316","799615","47","163465949"
"chr5","164283651","164283952","JH378255","3447746","3448043","47","160835905"
"chr5","164344206","164344503","JH378216","2126143","2126440","55","162218063"
"chr5","164379074","164379263","JH378271","1508552","1508743","43","162870522"
"chr5","164381536","164381637","JH378153","12438139","12438241","18","151943397"
"chr5","164461787","164462052","JH378172","5462596","5462875","47","158999191"
"chr5","164522869","164523178","JH378172","5421921","5422232","35","159100948"
"chr5","164641860","164642167","JH378151","16082725","16083030","41","148559135"
"chr5","164671903","164672184","JH378124","10016046","10016322","42","154655857"
"chr5","164683458","164683703","JH378139","16945237","16945485","38","147738221"
"chr5","164784237","164784528","JH378115","28716128","28716418","40","136068109"
"chr5","164834060","164834356","JH378105","37949554","37949854","48","126884506"
"chr5","164929139","164929448","JH378258","1807287","1807590","43","163121852"
"chr5","164930786","164930904","JH378118","14956607","14956728","15","149974179"
"chr5","164930970","164931115","JH378165","1391374","1391522","37","163539596"
"chr5","164963884","164964066","JH378174","5622848","5623039","59","159341036"
"chr5","165039265","165039553","JH378167","6098594","6098882","44","158940671"
"chr5","165063355","165063660","JH378173","6575149","6575450","47","158488206"
"chr5","165073810","165074106","JH378123","5667081","5667374","46","159406729"
"chr5","165097408","165097718","JH378135","1618015","1618319","42","163479393"
"chr5","165246802","165247093","JH378119","33475458","33475748","42","131771344"
"chr5","165362932","165363202","JH378206","2223560","2223830","54","163139372"
"chr5","165370097","165370396","JH378242","734891","735189","37","164635206"
"chr5","165374420","165374715","JH378172","4814873","4815181","53","160559547"
"chr5","165415682","165415977","JH378172","9370200","9370493","40","156045482"
"chr5","165448243","165448515","JH378184","5326135","5326413","38","160122108"
"chr5","165480568","165480699","JH378127","11639804","11639932","19","153840764"
"chr5","165507361","165507639","JH378206","2058620","2058894","42","163448741"
"chr5","165521761","165522070","JH378172","4676880","4677184","48","160844881"
"chr5","165561373","165561675","JH378216","4809975","4810272","46","160751398"
"chr5","165579385","165579690","JH378148","3100313","3100608","42","162479072"
"chr5","165600313","165600596","JH378105","51588847","51589133","44","114011466"
"chr5","165603539","165603840","JH378105","36993771","36994065","52","128609768"
"chr5","165619288","165619575","JH378167","12000001","12000282","45","153619287"
"chr5","165619595","165619900","JH378242","734891","735189","43","164884704"
"chr5","165654697","165654992","JH378242","734891","735189","37","164919806"
"chr5","165689667","165689959","JH378173","6575149","6575450","51","159114518"
"chr5","165697721","165697927","JH378141","9025886","9026091","26","156671835"
"chr5","165742421","165742711","JH378203","7885064","7885353","40","157857357"
"chr5","165757549","165757858","JH378118","4589604","4589912","40","161167945"
"chr5","165767846","165768155","JH378118","10693452","10693756","43","155074394"
"chr5","165792289","165792556","JH378148","6553078","6553358","45","159239211"
"chr5","165872478","165872787","JH378247","561987","562291","45","165310491"
"chr5","165969283","165969571","JH378216","6521976","6522275","48","159447307"
"chr5","166000069","166000374","JH378161","8805693","8806004","55","157194376"
"chr5","166132332","166132571","JH378139","6868440","6868675","36","159263892"
"chr5","166132599","166132642","JH378109","41337905","41337946","8","124794694"
"chr5","166141207","166141485","JH378172","4059303","4059578","37","162081904"
"chr5","166202426","166202546","JH378273","3017757","3017879","12","163184669"
"chr5","166222206","166222494","JH378141","6263235","6263541","51","159958971"
"chr5","166292585","166292858","JH378238","1405402","1405674","40","164887183"
"chr5","166352942","166353238","JH378141","15518519","15518815","44","150834423"
"chr5","166400712","166401019","JH378153","10582814","10583118","53","155817898"
"chr5","166502723","166502812","JH378140","5809830","5809919","11","160692893"
"chr5","166556428","166556722","JH378124","5835056","5835352","50","160721372"
"chr5","166588393","166588646","JH378172","3585472","3585728","44","163002921"
"chr5","166619616","166619896","JH378189","177130","177409","40","166442486"
"chr5","166738490","166738788","JH378242","734891","735189","39","166003599"
"chr5","166751772","166752050","JH378177","3333638","3333912","44","163418134"
"chr5","166784491","166784799","JH378152","16029844","16030148","51","150754647"
"chr5","166808282","166808577","JH378123","17415533","17415834","50","149392749"
"chr5","166936274","166936572","JH378142","13337841","13338143","54","153598433"
"chr5","166939503","166939798","JH378121","20570827","20571122","37","146368676"
"chr5","166943452","166943750","JH378116","14428154","14428454","42","152515298"
"chr5","167034449","167034734","JH378106","60746412","60746706","51","106288037"
"chr5","167108638","167108941","JH378197","5864211","5864512","42","161244427"
"chr5","167201478","167201758","JH378115","30698161","30698437","64","136503317"
"chr5","167220999","167221296","JH378146","734268","734559","55","166486731"
"chr5","167240208","167240511","JH378124","10618023","10618301","68","156622185"
"chr5","167250083","167250359","JH378198","4413303","4413578","45","162836780"
"chr5","167335567","167335878","JH378134","17632045","17632352","40","149703522"
"chr5","167381816","167382098","JH378172","2839862","2840149","42","164541954"
"chr5","167468671","167468938","JH378223","4500277","4500555","48","162968394"
"chr5","167476943","167477201","JH378165","2768423","2768681","40","164708520"
"chr5","167504656","167504966","JH378148","2797982","2798286","44","164706674"
"chr5","167511544","167511812","JH378176","927565","927832","46","166583979"
"chr5","167532092","167532390","JH378139","14171993","14172294","54","153360099"
"chr5","167583743","167584052","JH378197","8660298","8660600","42","158923445"
"chr5","167592918","167593225","JH378114","31003149","31003455","59","136589769"
"chr5","167637267","167637559","JH378136","12188196","12188486","39","155449071"
"chr5","167691463","167691652","JH378152","11778081","11778271","36","155913382"
"chr5","167698355","167698659","JH378113","14532240","14532539","45","153166115"
"chr5","167711668","167711937","JH378172","2536746","2537014","48","165174922"
"chr5","167714219","167714520","JH378116","25336894","25337191","50","142377325"
"chr5","167762304","167762592","JH378175","7225949","7226243","52","160536355"
"chr5","167771073","167771369","JH378172","2481468","2481768","56","165289605"
"chr5","167778411","167778719","JH378108","23473224","23473528","47","144305187"
"chr5","167806322","167806633","JH378167","1522789","1523098","48","166283533"
"chr5","167905709","167905841","JH378105","1845742","1845874","21","166059967"
"chr5","167976769","167977077","JH378180","614326","614635","49","167362443"
"chr5","167993635","167993899","JH378145","2198867","2199130","50","165794768"
"chr5","168069181","168069353","JH378370","3630","3807","36","168065551"
"chr5","168069626","168069725","JH378235","2021988","2022078","19","166047638"
"chr5","168088530","168088849","JH378139","3255687","3256005","61","164832843"
"chr5","168109154","168109454","JH378191","967537","967830","45","167141617"
"chr5","168134695","168134997","JH378108","38073678","38073985","51","130061017"
"chr5","168229234","168229529","JH378203","7090053","7090349","44","161139181"
"chr5","168327515","168327806","JH378233","253592","253866","72","168073923"
"chr5","168390704","168391000","JH378148","3031128","3031420","48","165359576"
"chr5","168398550","168398856","JH378115","35770430","35770735","43","132628120"
"chr5","168399496","168399801","JH378173","1691460","1691768","49","166708036"
"chr5","168416904","168417211","JH378173","6575149","6575450","49","161841755"
"chr5","168495669","168495961","JH378247","4426259","4426553","31","164069410"
"chr5","168579936","168580218","JH378135","18478569","18478852","43","150101367"
"chr5","168580766","168581041","JH378133","22334477","22334733","49","146246289"
"chr5","168678780","168679082","JH378126","782415","782718","39","167896365"
"chr5","168798599","168798881","JH378105","50034667","50034949","40","118763932"
"chr5","168902485","168902773","JH378105","68802839","68803121","43","100099646"
"chr5","168935537","168935843","JH378135","3588887","3589186","51","165346650"
"chr5","168945881","168946189","JH378105","55096325","55096631","51","113849556"
"chr5","168964665","168965044","JH378289","38982","39339","78","168925683"
"chr5","168973942","168974228","JH378123","9831839","9832126","41","159142103"
"chr5","169037683","169037997","JH378119","28916807","28917110","48","140120876"
"chr5","169050072","169050363","JH378124","6001393","6001683","37","163048679"
"chr5","169074111","169074411","JH378109","7771130","7771433","54","161302981"
"chr5","169155570","169155876","JH378106","67271498","67271802","43","101884072"
"chr5","169163904","169164199","JH378153","5534456","5534758","48","163629448"
"chr5","169212635","169212920","JH378145","2832780","2833065","49","166379855"
"chr5","169238810","169239119","JH378291","1305578","1305884","44","167933232"
"chr5","169298123","169298432","JH378127","13229242","13229553","45","156068881"
"chr5","169311429","169311732","JH378116","14428154","14428454","45","154883275"
"chr5","169351905","169352207","JH378152","13742000","13742297","50","155609905"
"chr5","169363280","169363304","JH378156","1706801","1706826","7","167656479"
"chr5","169363359","169363642","JH378161","10580429","10580714","44","158782930"
"chr5","169457462","169457766","JH378180","5047484","5047772","59","164409978"
"chr5","169525012","169525308","JH378242","734891","735189","44","168790121"
"chr5","169528265","169528559","JH378186","9962484","9962777","47","159565781"
"chr5","169532080","169532367","JH378221","506746","507023","46","169025334"
"chr5","169552795","169553078","JH378133","20143939","20144222","43","149408856"
"chr5","169651214","169651513","JH378205","3376097","3376398","41","166275117"
"chr5","169802035","169802331","JH378157","8047049","8047337","48","161754986"
"chr5","170002098","170002379","JH378163","12759419","12759714","62","157242679"
"chr5","170057817","170058126","JH378115","20304728","20305036","41","149753089"
"chr5","170100501","170100780","JH378144","6543988","6544267","35","163556513"
"chr5","170228794","170229097","JH378148","2797982","2798286","44","167430812"
"chr5","170233874","170233887","JH378196","2334629","2334642","3","167899245"
"chr5","170233920","170234200","JH378280","206067","206344","45","170027853"
"chr5","170236652","170236911","JH378214","3038362","3038624","48","167198290"
"chr5","170260371","170260651","JH378167","10731251","10731534","48","159529120"
"chr5","170263626","170263938","JH378114","41312711","41313020","48","128950915"
"chr5","170299683","170299996","JH378148","16955481","16955786","44","153344202"
"chr5","170366273","170366494","JH378113","41905483","41905699","28","128460790"
"chr5","170369035","170369330","JH378113","28550580","28550870","42","141818455"
"chr5","170375042","170375341","JH378123","5667081","5667374","39","164707961"
"chr5","170377925","170378233","JH378271","1158664","1158967","45","169219261"
"chr5","170393927","170394227","JH378293","1508849","1509149","39","168885078"
"chr5","170406311","170406452","JH378108","54717825","54717948","36","115688486"
"chr5","170406743","170406880","JH378213","4209495","4209630","17","166197248"
"chr5","170408466","170408773","JH378139","11244771","11245079","48","159163695"
"chr5","170426110","170426431","JH378156","6640727","6641043","54","163785383"
"chr5","170441064","170441346","JH378204","4012532","4012811","49","166428532"
"chr5","170460133","170460439","JH378235","4511329","4511632","43","165948804"
"chr5","170461004","170461283","JH378149","13519834","13520111","48","156941170"
"chr5","170478903","170479205","JH378118","10693452","10693756","40","159785451"
"chr5","170514707","170514965","JH378279","1623221","1623489","46","168891486"
"chr5","170518065","170518374","JH378157","1277342","1277653","36","169240723"
"chr5","170535120","170535431","JH378156","6301995","6302299","38","164233125"
"chr5","170558567","170558871","JH378115","30401019","30401318","32","140157548"
"chr5","170565157","170565457","JH378115","22456618","22456922","48","148108539"
"chr5","170604394","170604691","JH378140","15256022","15256323","41","155348372"
"chr5","170618494","170618799","JH378135","1618015","1618319","42","169000479"
"chr5","170630242","170630555","JH378107","529179","529482","45","170101063"
"chr5","170632927","170633194","JH378206","4975696","4975967","44","165657231"
"chr5","170647469","170647772","JH378172","9553918","9554219","38","161093551"
"chr5","170653665","170653799","JH378197","6915951","6916089","21","163737714"
"chr5","170712036","170712193","JH378188","8990581","8990742","28","161721455"
"chr5","170712836","170713088","JH378186","8771643","8771897","33","161941193"
"chr5","170717598","170717904","JH378105","12770941","12771250","41","157946657"
"chr5","170747120","170747418","JH378189","6968637","6968938","46","163778483"
"chr5","170749163","170749465","JH378116","21873490","21873789","55","148875673"
"chr5","170811800","170812097","JH378141","10915594","10915888","52","159896206"
"chr5","170812271","170812577","JH378186","8664245","8664553","38","162148026"
"chr5","170836385","170836689","JH378148","2797982","2798286","42","168038403"
"chr5","170853900","170854190","JH378248","2186002","2186290","66","168667898"
"chr5","170872429","170872732","JH378149","16695001","16695300","46","154177428"
"chr5","170960754","170961042","JH378113","10401647","10401939","44","160559107"
"chr5","171073829","171074145","JH378148","2797982","2798286","40","168275847"
"chr5","171088905","171089203","JH378186","8396171","8396471","35","162692734"
"chr5","171312798","171312915","JH378111","43689724","43689840","18","127623074"
"chr5","171320497","171320789","JH378141","14454762","14455052","41","156865735"
"chr5","171359317","171359608","JH378242","734891","735189","40","170624426"
"chr5","171388708","171388979","JH378108","17624768","17625053","44","153763940"
"chr5","171456284","171456577","JH378140","17784224","17784519","41","153672060"
"chr5","171456579","171456714","JH378213","4209495","4209630","15","167247084"
"chr5","171577735","171578050","JH378134","9453404","9453718","51","162124331"
"chr5","171588440","171588742","JH378116","14428154","14428454","39","157160286"
"chr5","171607527","171607816","JH378110","9867313","9867609","40","161740214"
"chr5","171672039","171672325","JH378198","4413303","4413578","45","167258736"
"chr5","171705934","171706240","JH378118","10693452","10693756","41","161012482"
"chr5","171714107","171714405","JH378110","2590007","2590314","46","169124100"
"chr5","171774352","171774646","JH378186","7736514","7736805","36","164037838"
"chr5","171829285","171829581","JH378131","1631980","1632275","42","170197305"
"chr5","171832970","171833272","JH378235","3957900","3958200","37","167875070"
"chr5","171925729","171925861","JH378224","5987406","5987538","13","165938323"
"chr5","171968380","171968633","JH378131","1536484","1536738","44","170431896"
"chr5","172120185","172120488","JH378262","2136465","2136766","45","169983720"
"chr5","172213583","172213879","JH378226","6485812","6486107","39","165727771"
"chr5","172507864","172508159","JH378170","1616807","1617104","44","170891057"
"chr5","172535778","172536072","JH378186","7052685","7052979","25","165483093"
"chr5","172552280","172552562","JH378189","177130","177409","33","172375150"
"chr5","172740061","172740358","JH378121","16577236","16577527","36","156162825"
"chr5","172827334","172827634","JH378105","47354649","47354946","39","125472685"
"chr5","172844087","172844403","JH378301","920694","921000","57","171923393"
"chr5","172862267","172862543","JH378135","683617","683897","51","172178650"
"chr5","172895589","172895875","JH378122","7809799","7810085","43","165085790"
"chr5","172926624","172926931","JH378224","961520","961818","46","171965104"
"chr5","172948249","172948557","JH378204","3129799","3130101","44","169818450"
"chr5","172961527","172961824","JH378123","5667081","5667374","40","167294446"
"chr5","172961909","172962199","JH378186","6674638","6674936","40","166287271"
"chr5","172963988","172964290","JH378242","734891","735189","48","172229097"
"chr5","172986399","172986554","JH378155","14780007","14780162","35","158206392"
"chr5","172986586","172986711","JH378168","5338377","5338506","22","167648209"
"chr5","173034640","173034932","JH378219","3430850","3431145","38","169603790"
"chr5","173057331","173057648","JH378115","14987072","14987385","54","158070259"
"chr5","173062250","173062537","JH378107","19957506","19957791","47","153104744"
"chr5","173187909","173188188","JH378114","6129028","6129306","50","167058881"
"chr5","173241780","173242038","JH378126","23877123","23877373","51","149364657"
"chr5","173242086","173242395","JH378249","3272268","3272575","42","169969818"
"chr5","173251175","173251484","JH378109","11496692","11496994","61","161754483"
"chr5","173258601","173258907","JH378113","14563297","14563603","48","158695304"
"chr5","173260812","173261107","JH378125","15313063","15313352","40","157947749"
"chr5","173271659","173271957","JH378124","10805017","10805321","42","162466642"
"chr5","173284454","173284724","JH378110","35279265","35279534","48","138005189"
"chr5","173325228","173325523","JH378151","7107312","7107607","45","166217916"
"chr5","173348464","173348761","JH378105","46910526","46910822","37","126437938"
"chr5","173362605","173362969","JH378152","16329204","16329555","105","157033401"
"chr5","173382826","173383119","JH378163","14312901","14313198","57","159069925"
"chr5","173392280","173392579","JH378119","32586357","32586644","62","140805923"
"chr5","173432899","173433196","JH378135","17996725","17997019","44","155436174"
"chr5","173440857","173441151","JH378220","4350061","4350357","38","169090796"
"chr5","173441183","173441479","JH378255","1058410","1058705","43","172382773"
"chr5","173446921","173446985","JH378246","3129282","3129344","5","170317639"
"chr5","173449308","173449592","JH378167","5224507","5224792","71","168224801"
"chr5","173456092","173456380","JH378166","530033","530321","42","172926059"
"chr5","173470204","173470452","JH378144","7090384","7090634","44","166379820"
"chr5","173472738","173473029","JH378153","2856479","2856773","43","170616259"
"chr5","173478968","173479290","JH378137","16776047","16776354","59","156702921"
"chr5","173486954","173487241","JH378125","9411550","9411835","56","164075404"
"chr5","173494511","173494784","JH378108","44560461","44560744","63","128934050"
"chr5","173497480","173497770","JH378122","7809799","7810085","42","165687681"
"chr5","173509610","173509849","JH378186","6268310","6268558","37","167241300"
"chr5","173510973","173511231","JH378109","26799752","26800012","36","146711221"
"chr5","173511736","173512063","JH378186","6266245","6266579","88","167245491"
"chr5","173526185","173526490","JH378118","10693452","10693756","46","162832733"
"chr5","173531297","173531332","JH378105","56283794","56283826","12","117247503"
"chr5","173531366","173531639","JH378108","50701171","50701432","60","122830195"
"chr5","173589585","173589886","JH378148","3015296","3015593","40","170574289"
"chr5","173594337","173594631","JH378116","14428154","14428454","43","159166183"
"chr5","173598591","173598900","JH378204","3129799","3130101","42","170468792"
"chr5","173604589","173604892","JH378224","3700195","3700494","45","169904394"
"chr5","173628554","173628848","JH378114","131416","131710","41","173497138"
"chr5","173638126","173638426","JH378242","734891","735189","42","172903235"
"chr5","173657346","173657658","JH378112","23716016","23716324","51","149941330"
"chr5","173663039","173663339","JH378112","32590536","32590832","46","141072503"
"chr5","173679698","173679998","JH378155","5966626","5966931","41","167713072"
"chr5","173734883","173735191","JH378224","2515142","2515446","46","171219741"
"chr5","174018238","174018546","JH378117","28807170","28807479","45","145211068"
"chr5","174032850","174033152","JH378152","16029844","16030148","38","158003006"
"chr5","174055233","174055532","JH378141","15518519","15518815","31","158536714"
"chr5","174056544","174056857","JH378148","16955481","16955786","40","157101063"
"chr5","174101441","174101726","JH378124","5490003","5490289","48","168611438"
"chr5","174128927","174129227","JH378151","4578678","4578981","42","169550249"
"chr5","174153058","174153317","JH378159","4412909","4413179","63","169740149"
"chr5","174172965","174173265","JH378255","1058410","1058705","41","173114555"
"chr5","174182750","174183068","JH378119","5503589","5503900","42","168679161"
"chr5","174191629","174191923","JH378254","3924070","3924366","39","170267559"
"chr5","174223487","174223796","JH378127","1791547","1791857","43","172431940"
"chr5","174229198","174229500","JH378264","3529382","3529690","45","170699816"
"chr5","174250578","174250712","JH378194","1285018","1285149","14","172965560"
"chr5","174263639","174263936","JH378111","40734534","40734829","38","133529105"
"chr5","174278539","174278833","JH378204","7978351","7978644","41","166300188"
"chr5","174279010","174279311","JH378265","117843","118145","49","174161167"
"chr5","174283800","174284097","JH378148","3015296","3015593","43","171268504"
"chr5","174285294","174285590","JH378178","8042470","8042765","43","166242824"
"chr5","174294806","174295118","JH378153","14175225","14175527","68","160119581"
"chr5","174295719","174296015","JH378197","8546632","8546928","48","165749087"
"chr5","174309612","174309892","JH378122","7809799","7810085","37","166499813"
"chr5","174320449","174320739","JH378227","3592000","3592283","43","170728449"
"chr5","174324293","174324566","JH378144","4639174","4639455","65","169685119"
"chr5","174325867","174326170","JH378141","15518519","15518815","47","158807348"
"chr5","174331394","174331635","JH378135","15240612","15240851","36","159090782"
"chr5","174335383","174335678","JH378234","3464981","3465279","44","170870402"
"chr5","174342846","174343138","JH378110","19827299","19827595","51","154515547"
"chr5","174352594","174352895","JH378151","4578678","4578981","37","169773916"
"chr5","174361168","174361488","JH378106","1549292","1549604","56","172811876"
"chr5","174363874","174364163","JH378108","17624768","17625053","33","156739106"
"chr5","174415706","174415977","JH378186","5581226","5581504","41","168834480"
"chr5","174424085","174424383","JH378146","4677820","4678116","44","169746265"
"chr5","174428040","174428341","JH378172","9553918","9554219","35","164874122"
"chr5","174439588","174439886","JH378114","37013997","37014291","36","137425591"
"chr5","174447437","174447743","JH378149","422089","422391","43","174025348"
"chr5","174450202","174450483","JH378111","18984003","18984286","51","155466199"
"chr5","174451369","174451683","JH378148","2797982","2798286","52","171653387"
"chr5","174462677","174462999","JH378164","10884715","10885019","61","163577962"
"chr5","174466860","174467143","JH378153","528124","528390","52","173938736"
"chr5","174470505","174470790","JH378186","5519224","5519517","41","168951281"
"chr5","174472747","174472870","JH378232","4035468","4035592","18","170437279"
"chr5","174479986","174480280","JH378119","360557","360852","42","174119429"
"chr5","174491201","174491496","JH378109","12276841","12277138","50","162214360"
"chr5","174495330","174495637","JH378197","1881212","1881520","44","172614118"
"chr5","174513491","174513756","JH378110","35279265","35279534","49","139234226"
"chr5","174514466","174514760","JH378152","13742000","13742297","37","160772466"
"chr5","174527100","174527378","JH378110","31253343","31253618","37","143273757"
"chr5","174529499","174529763","JH378119","27357512","27357778","34","147171987"
"chr5","174531397","174531696","JH378173","6575149","6575450","37","167956248"
"chr5","174535622","174535873","JH378105","60476588","60476842","41","114059034"
"chr5","174536324","174536612","JH378158","237222","237505","45","174299102"
"chr5","174543448","174543748","JH378105","58654423","58654726","46","115889025"
"chr5","174545432","174545736","JH378143","6673988","6674287","41","167871444"
"chr5","174562422","174562731","JH378223","2569527","2569832","41","171992895"
"chr5","174568865","174568956","JH378149","13668929","13669017","15","160899936"
"chr5","174573992","174574284","JH378119","10570090","10570389","56","164003902"
"chr5","174575757","174576054","JH378110","7445735","7446034","43","167130022"
"chr5","174577749","174578065","JH378115","27581787","27582086","59","146995962"
"chr5","174594229","174594530","JH378111","26034614","26034912","41","148559615"
"chr5","174595606","174595899","JH378118","11558432","11558720","45","163037174"
"chr5","174597429","174597733","JH378148","13262362","13262662","39","161335067"
"chr5","174623544","174623841","JH378157","12870367","12870663","40","161753177"
"chr5","174661820","174662132","JH378134","9453404","9453718","54","165208416"
"chr5","174679906","174680190","JH378153","2014992","2015267","47","172664914"
"chr5","174723858","174723873","JH378105","48290961","48290972","5","126432897"
"chr5","174736008","174736314","JH378133","5257131","5257435","52","169478877"
"chr5","174737377","174737683","JH378186","5280648","5280951","37","169456729"
"chr5","174756678","174756989","JH378291","1305578","1305884","40","173451100"
"chr5","174773173","174773483","JH378192","8187095","8187406","45","166586078"
"chr5","174860595","174860896","JH378122","22693768","22694067","48","152166827"
"chr5","174865974","174866291","JH378134","15276798","15277108","51","159589176"
"chr5","174878882","174879175","JH378123","11326728","11327023","45","163552154"
"chr5","174901842","174901961","JH378122","2671673","2671790","16","172230169"
"chr5","174933030","174933331","JH378173","10651343","10651645","35","164281687"
"chr5","174974856","174975000","JH378105","46725246","46725388","21","128249610"
"chr5","174975313","174975626","JH378204","5941995","5942305","42","169033318"
"chr5","174988293","174988595","JH378126","782415","782718","42","174205878"
"chr5","175002963","175003263","JH378175","8495378","8495676","42","166507585"
"chr5","175004772","175005071","JH378188","7232167","7232465","33","167772605"
"chr5","175065543","175065841","JH378253","1812488","1812781","41","173253055"
"chr5","175077039","175077335","JH378124","5835056","5835352","40","169241983"
"chr5","175089324","175089631","JH378248","3387134","3387441","38","171702190"
"chr5","175114916","175115213","JH378116","14428154","14428454","39","160686762"
"chr5","175126681","175126928","JH378199","4765750","4766001","48","170360931"
"chr5","175127559","175127859","JH378168","3584634","3584929","43","171542925"
"chr5","175136114","175136427","JH378144","4236716","4237026","45","170899398"
"chr5","175163156","175163455","JH378154","2415687","2415984","49","172747469"
"chr5","175194320","175194522","JH378118","8942226","8942423","32","166252094"
"chr5","175219704","175219998","JH378105","17592520","17592809","39","157627184"
"chr5","175229897","175230181","JH378105","50034667","50034949","34","125195230"
"chr5","175234716","175235011","JH378220","4350061","4350357","34","170884655"
"chr5","175245472","175245770","JH378242","734891","735189","31","174510581"
"chr5","175253149","175253450","JH378283","184966","185269","43","175068183"
"chr5","175263624","175263920","JH378152","13742000","13742297","36","161521624"
"chr5","175278573","175278854","JH378125","9411550","9411835","38","165867023"
"chr5","175294664","175294980","JH378204","3945411","3945718","38","171349253"
"chr5","175322705","175322989","JH378186","4742072","4742355","48","170580633"
"chr5","175331735","175332028","JH378122","7104036","7104320","46","168227699"
"chr5","175339999","175340291","JH378191","5640837","5641131","38","169699162"
"chr5","175344855","175345146","JH378167","11912548","11912851","55","163432307"
"chr5","175351481","175351606","JH378137","4690946","4691068","14","170660535"
"chr5","175355453","175355738","JH378115","29919114","29919393","56","145436339"
"chr5","175362242","175362347","JH378185","5671574","5671679","15","169690668"
"chr5","175388701","175388998","JH378106","69562637","69562935","41","105826064"
"chr5","175389711","175389996","JH378172","12134260","12134556","57","163255451"
"chr5","175392972","175393252","JH378144","7655233","7655509","50","167737739"
"chr5","175419132","175419429","JH378131","23697009","23697304","37","151722123"
"chr5","175424044","175424348","JH378293","1508849","1509149","41","173915195"
"chr5","175431969","175432258","JH378189","6757205","6757496","40","168674764"
"chr5","175432773","175433066","JH378148","3031128","3031420","42","172401645"
"chr5","175449467","175449766","JH378220","1042365","1042660","49","174407102"
"chr5","175452584","175452881","JH378114","36109715","36110019","46","139342869"
"chr5","175468854","175469155","JH378148","13262362","13262662","37","162206492"
"chr5","175546183","175546492","JH378111","9912952","9913260","43","165633231"
"chr5","175565639","175565950","JH378254","2748165","2748472","45","172817474"
"chr5","175602489","175602779","JH378327","446691","446982","38","175155798"
"chr5","175649770","175650066","JH378143","8826625","8826920","48","166823145"
"chr5","175652462","175652754","JH378153","2856479","2856773","32","172795983"
"chr5","175658611","175658909","JH378118","24632625","24632921","46","151025986"
"chr5","175686946","175687248","JH378108","50609420","50609729","43","125077526"
"chr5","175715740","175716047","JH378186","4373132","4373441","42","171342608"
"chr5","175788448","175788752","JH378151","16960974","16961279","37","158827474"
"chr5","175868116","175868392","JH378214","1695021","1695293","52","174173095"
"chr5","175885655","175885949","JH378186","4195472","4195767","37","171690183"
"chr5","175886891","175887161","JH378186","4194602","4194871","43","171692289"
"chr5","175892952","175893256","JH378110","10277710","10278010","60","165615242"
"chr5","175941776","175942085","JH378173","4731101","4731408","44","171210675"
"chr5","175958696","175958990","JH378112","12977123","12977416","38","162981573"
"chr5","176037369","176037680","JH378186","4047601","4047900","54","171989768"
"chr5","176043696","176044029","JH378186","4041273","4041597","56","172002423"
"chr5","176055787","176056096","JH378213","691215","691525","39","175364572"
"chr5","176095168","176095441","JH378186","3989446","3989717","39","172105722"
"chr5","176119965","176120259","JH378197","8546632","8546928","34","167573333"
"chr5","176183318","176183623","JH378151","4578678","4578981","44","171604640"
"chr5","176186709","176186980","JH378117","15229252","15229521","53","160957457"
"chr5","176199449","176199749","JH378186","3877248","3877546","44","172322201"
"chr5","176266116","176266415","JH378172","9374043","9374343","42","166892073"
"chr5","176372550","176372859","JH378118","12798160","12798463","57","163574390"
"chr5","176441276","176441573","JH378262","1176377","1176678","49","175264899"
"chr5","176500959","176501262","JH378135","13374577","13374880","37","163126382"
"chr5","176526159","176526452","JH378141","15395563","15395850","36","161130596"
"chr5","176579945","176580227","JH378186","3558228","3558505","35","173021717"
"chr5","176612715","176613017","JH378153","14704937","14705234","54","161907778"
"chr5","176632575","176632887","JH378110","2590007","2590314","44","174042568"
"chr5","176782206","176782496","JH378114","41403997","41404287","55","135378209"
"chr5","176782989","176783283","JH378199","764326","764620","48","176018663"
"chr5","176799005","176799279","JH378232","2920110","2920380","37","173878895"
"chr5","176834202","176834518","JH378135","21300881","21301186","53","155533321"
"chr5","176891300","176891603","JH378106","6755249","6755548","39","170136051"
"chr5","176940533","176940842","JH378173","6575149","6575450","34","170365384"
"chr5","176954044","176954338","JH378110","34850075","34850365","40","142103969"
"chr5","177006832","177007127","JH378153","1207598","1207894","49","175799234"
"chr5","177021428","177021734","JH378150","15636556","15636859","45","161384872"
"chr5","177111882","177112192","JH378114","42121182","42121484","45","134990700"
"chr5","177139198","177139504","JH378151","4578678","4578981","43","172560520"
"chr5","177269553","177269847","JH378177","10638333","10638621","38","166631220"
"chr5","177304181","177304499","JH378118","10693452","10693756","53","166610729"
"chr5","177318502","177318788","JH378123","5667081","5667374","54","171651421"
"chr5","177335180","177335480","JH378153","2856479","2856773","37","174478701"
"chr5","177366074","177366369","JH378117","32806468","32806772","43","144559606"
"chr5","177387487","177387776","JH378129","12237351","12237644","50","165150136"
"chr5","177396700","177396902","JH378191","379739","379934","40","177016961"
"chr5","177436151","177436463","JH378105","16180076","16180381","49","161256075"
"chr5","177464442","177464745","JH378186","2836191","2836493","46","174628251"
"chr5","177468576","177468880","JH378151","4578678","4578981","46","172889898"
"chr5","177514081","177514275","JH378131","781459","781652","32","176732622"
"chr5","177514568","177514838","JH378112","14425894","14426167","44","163088674"
"chr5","177575930","177576244","JH378111","8498303","8498600","52","169077627"
"chr5","177654565","177654866","JH378186","2699463","2699755","49","174955102"
"chr5","177697032","177697339","JH378308","1397452","1397755","45","176299580"
"chr5","177709735","177710037","JH378186","2652364","2652664","39","175057371"
"chr5","177742298","177742589","JH378153","7052266","7052556","36","170690032"
"chr5","177795984","177796305","JH378186","2576781","2577105","50","175219203"
"chr5","177799182","177799490","JH378113","15232832","15233136","34","162566350"
"chr5","177812320","177812621","JH378186","1525813","1526111","40","176286507"
"chr5","177848872","177849175","JH378220","667156","667455","38","177181716"
"chr5","177853292","177853586","JH378116","14428154","14428454","41","163425138"
"chr5","177896286","177896617","JH378139","3255687","3256005","65","174640599"
"chr5","177914655","177914959","JH378262","1936694","1936996","37","175977961"
"chr5","178001954","178002206","JH378106","1528860","1529110","47","176473094"
"chr5","178008586","178008891","JH378112","33452684","33452993","46","144555902"
"chr5","178080418","178080728","JH378255","1987046","1987357","46","176093372"
"chr5","178141580","178141872","JH378137","1180480","1180771","37","176961100"
"chr5","178143550","178143858","JH378141","18437190","18437494","37","159706360"
"chr5","178145800","178146110","JH378121","23760097","23760404","40","154385703"
"chr5","178149521","178149807","JH378133","9743043","9743332","46","168406478"
"chr5","178156222","178156497","JH378149","395983","396260","42","177760239"
"chr5","178179368","178179652","JH378105","33901539","33901822","41","144277829"
"chr5","178237560","178237871","JH378158","4165138","4165432","68","174072422"
"chr5","178254938","178255070","JH378186","47418","47549","11","178207520"
"chr5","178257239","178257562","JH378105","54610411","54610729","65","123646828"
"chr5","178262108","178262431","JH378113","26550017","26550324","54","151712091"
"chr5","178267131","178267430","JH378173","7642695","7642995","46","170624436"
"chr5","178269929","178270241","JH378118","10693452","10693756","49","167576477"
"chr5","178636464","178636738","JH378117","36078925","36079198","40","142557539"
"chr5","178666012","178666292","JH378137","276303","276579","47","178389709"
"chr5","178666810","178667110","JH378122","9835188","9835489","52","168831622"
"chr5","178674193","178674503","JH378184","841620","841928","52","177832573"
"chr5","178683942","178684228","JH378186","2063366","2063651","38","176620576"
"chr5","178700350","178700649","JH378242","734891","735189","34","177965459"
"chr5","178703250","178703554","JH378110","14082764","14083060","42","164620486"
"chr5","178714616","178714693","JH378134","17909387","17909465","6","160805229"
"chr5","178749693","178749991","JH378153","3096872","3097166","51","175652821"
"chr5","178763326","178763619","JH378257","3101020","3101316","38","175662306"
"chr5","178791032","178791151","JH378148","7057802","7057916","14","171733230"
"chr5","178798543","178798844","JH378148","3100313","3100608","39","175698230"
"chr5","178803139","178803443","JH378135","3487580","3487886","46","175315559"
"chr5","178812358","178812641","JH378108","17624768","17625053","40","161187590"
"chr5","178819739","178820026","JH378223","4374594","4374875","46","174445145"
"chr5","178829014","178829316","JH378106","58341946","58342247","38","120487068"
"chr5","178830175","178830473","JH378173","12616169","12616458","38","166214006"
"chr5","178842604","178842715","JH378194","7848873","7848982","8","170993731"
"chr5","178859865","178860144","JH378194","564549","564837","40","178295316"
"chr5","178860810","178861111","JH378265","3255444","3255750","43","175605366"
"chr5","178866134","178866436","JH378118","10693452","10693756","42","168172682"
"chr5","178869009","178869311","JH378204","3129799","3130101","43","175739210"
"chr5","178880114","178880407","JH378108","30957686","30957982","40","147922428"
"chr5","178886294","178886602","JH378135","5482950","5483259","46","173403344"
"chr5","178889970","178890260","JH378140","17057161","17057447","42","161832809"
"chr5","178893860","178894043","JH378119","10687330","10687503","32","168206530"
"chr5","178921748","178922052","JH378288","2786677","2786981","42","176135071"
"chr5","178928496","178928791","JH378106","765844","766137","37","178162652"
"chr5","178934338","178934648","JH378118","10693452","10693756","40","168240886"
"chr5","178943446","178943736","JH378135","20298147","20298439","37","158645299"
"chr5","178952726","178953037","JH378108","20363911","20364215","38","158588815"
"chr5","178968561","178968869","JH378110","6965048","6965350","40","172003513"
"chr5","178975446","178975740","JH378244","3283576","3283868","36","175691870"
"chr5","178991321","178991613","JH378146","6707481","6707772","42","172283840"
"chr5","179000476","179000781","JH378148","2797982","2798286","36","176202494"
"chr5","179063610","179063911","JH378241","4776446","4776753","47","174287164"
"chr5","179086345","179086639","JH378204","7978351","7978644","38","171107994"
"chr5","179091711","179092000","JH378123","20103628","20103919","36","158988083"
"chr5","179132390","179132541","JH378118","8337979","8338128","23","170794411"
"chr5","179132651","179132934","JH378171","8159190","8159468","47","170973461"
"chr5","179176116","179176407","JH378194","9089717","9090014","51","170086399"
"chr5","179197421","179197727","JH378177","9865797","9866102","39","169331624"
"chr5","179209988","179210329","JH378153","7197223","7197538","71","172012765"
"chr5","179268645","179268949","JH378113","14532240","14532539","44","164736405"
"chr5","179284138","179284446","JH378118","888788","889087","47","178395350"
"chr5","179295276","179295574","JH378127","19348533","19348831","37","159946743"
"chr5","179315121","179315417","JH378242","734891","735189","49","178580230"
"chr5","179319186","179319494","JH378197","8660298","8660600","41","170658888"
"chr5","179328964","179329264","JH378123","21695970","21696268","45","157632994"
"chr5","179341814","179342080","JH378144","5605775","5606046","57","173736039"
"chr5","179352587","179352884","JH378125","5266023","5266318","41","174086564"
"chr5","179354771","179355077","JH378159","6119055","6119368","55","173235716"
"chr5","179362653","179362903","JH378238","5130643","5130892","50","174232010"
"chr5","179376919","179377126","JH378186","9064586","9064786","28","170312333"
"chr5","179383755","179384045","JH378153","2856479","2856773","46","176527276"
"chr5","179393531","179393848","JH378188","8047614","8047911","53","171345917"
"chr5","179395573","179395841","JH378122","22458971","22459238","56","156936602"
"chr5","179398947","179399097","JH378146","850874","851025","21","178548073"
"chr5","179410595","179410848","JH378186","1298760","1299013","30","178111835"
"chr5","179413714","179414014","JH378113","14532240","14532539","44","164881474"
"chr5","179419954","179420264","JH378113","37731741","37732038","56","141688213"
"chr5","179423434","179423568","JH378114","6168279","6168412","17","173255155"
"chr5","179423862","179424006","JH378136","13734238","13734384","35","165689624"
"chr5","179425222","179425524","JH378116","14428154","14428454","39","164997068"
"chr5","179426673","179426802","JH378146","367683","367813","12","179058990"
"chr5","179430835","179430968","JH378146","367683","367813","9","179063152"
"chr5","179435588","179435714","JH378151","1942393","1942519","18","177493195"
"chr5","179436934","179437197","JH378129","11701253","11701513","34","167735681"
"chr5","179440455","179440707","JH378118","27502774","27503024","37","151937681"
"chr5","179446511","179446800","JH378129","7834151","7834449","46","171612360"
"chr5","179451356","179451649","JH378260","2075551","2075845","38","177375805"
"chr5","179451848","179452152","JH378149","15144631","15144934","48","164307217"
"chr5","179472925","179473078","JH378315","459998","460139","34","179012927"
"chr5","179488966","179489230","JH378141","18193335","18193609","57","161295631"
"chr5","179526536","179526844","JH378112","33452684","33452993","55","146073852"
"chr5","179527911","179528173","JH378118","33570931","33571193","64","145956980"
"chr5","179528659","179528921","JH378128","24909977","24910247","62","154618682"
"chr5","179531124","179531370","JH378148","2732558","2732809","52","176798566"
"chr5","179532668","179532959","JH378105","8029184","8029473","51","171503484"
"chr5","179543910","179544218","JH378185","2114490","2114799","42","177429420"
"chr5","179546580","179546887","JH378235","366992","367283","55","179179588"
"chr5","179552215","179552518","JH378115","7530212","7530515","35","172022003"
"chr5","179559482","179559792","JH378113","26550017","26550324","43","153009465"
"chr5","179562694","179563000","JH378110","21383801","21384099","51","158178893"
"chr5","179565782","179566062","JH378185","9869807","9870074","60","169695975"
"chr5","179571624","179571933","JH378204","3945411","3945718","42","175626213"
"chr5","179588678","179588972","JH378135","71789","72083","39","179516889"
"chr5","179590516","179590813","JH378235","3957900","3958200","43","175632616"
"chr5","179591417","179591698","JH378153","5463526","5463814","52","174127891"
"chr5","179593615","179593869","JH378106","67554016","67554267","56","112039599"
"chr5","179595090","179595391","JH378153","14175225","14175527","46","165419865"
"chr5","179606557","179606865","JH378115","39565442","39565741","50","140041115"
"chr5","179612411","179612699","JH378186","1091582","1091870","42","178520829"
"chr5","179641306","179641607","JH378148","2797982","2798286","41","176843324"
"chr5","179642481","179642794","JH378186","1061541","1061845","44","178580940"
"chr5","179652033","179652322","JH378182","152081","152356","57","179499952"
"chr5","179690559","179690838","JH378110","34952260","34952536","52","144738299"
"chr5","179693596","179693880","JH378130","23874766","23875045","38","155818830"
"chr5","179704750","179705006","JH378114","20734954","20735221","39","158969796"
"chr5","179736820","179737099","JH378117","36078925","36079198","50","143657895"
"chr5","179738693","179738989","JH378112","32590536","32590832","41","147148157"
"chr5","179775008","179775296","JH378123","9608291","9608584","42","170166717"
"chr5","179783731","179783864","JH378116","19138658","19138790","16","160645073"
"chr5","179793023","179793300","JH378204","3222855","3223147","39","176570168"
"chr5","179803384","179803440","JH378204","1869441","1869493","11","177933943"
"chr5","179844524","179844824","JH378252","4291425","4291721","47","175553099"
"chr5","179845946","179846226","JH378110","34162160","34162442","52","145683786"
"chr5","179862214","179862515","JH378167","11202084","11202374","42","168660130"
"chr5","179863204","179863514","JH378154","13561581","13561891","41","166301623"
"chr5","179921347","179921592","JH378146","11099347","11099589","36","168822000"
"chr5","179926244","179926556","JH378158","4130633","4130943","39","175795611"
"chr5","179926924","179927225","JH378106","826462","826760","47","179100462"
"chr5","179942010","179942261","JH378190","5820235","5820491","51","174121775"
"chr5","179954450","179954737","JH378108","30978585","30978876","57","148975865"
"chr5","179986768","179987075","JH378105","55574476","55574778","50","124412292"
"chr5","179994784","179995075","JH378242","734891","735189","49","179259893"
"chr5","180486211","180486468","JH378146","9756021","9756280","48","170730190"
"chr5","180494811","180495087","JH378110","40463076","40463353","45","140031735"
"chr5","180507716","180507984","JH378186","4785032","4785297","54","175722684"
"chr5","180509907","180510194","JH378235","1229113","1229394","46","179280794"
"chr5","180517562","180517856","JH378136","12221741","12222036","33","168295821"
"chr5","180524880","180525177","JH378107","32724688","32724991","42","147800192"
"chr5","180529216","180529281","JH378163","5782612","5782676","12","174746604"
"chr5","180529282","180529351","JH378184","4042142","4042210","10","176487140"
"chr5","180529811","180530118","JH378186","651943","652246","42","179877868"
"chr5","180576975","180577260","JH378166","530033","530321","43","180046942"
"chr5","180577673","180577975","JH378281","215675","215978","41","180361998"
"chr5","180584112","180584395","JH378105","50034667","50034949","34","130549445"
"chr5","180588176","180588486","JH378153","11183648","11183951","33","169404528"
"chr5","180588566","180588657","JH378187","9677161","9677256","17","170911405"
"chr5","180593090","180593423","JH378114","21412978","21413266","96","159180112"
"chr5","180600987","180601277","JH378135","15021837","15022127","47","165579150"
"chr5","180634218","180634514","JH378288","1269643","1269936","46","179364575"
"chr5","180673052","180673326","JH378119","10871760","10872045","52","169801292"
"chr5","180683778","180683905","JH378137","16895293","16895416","26","163788485"
"chr5","180683939","180684066","JH378280","98562","98691","13","180585377"
"chr5","180685163","180685459","JH378204","2944193","2944488","39","177740970"
"chr5","180701762","180702091","JH378191","9178922","9179230","53","171522840"
"chr5","180713550","180713872","JH378105","54610411","54610729","59","126103139"
"chr5","180717424","180717518","JH378131","16176535","16176629","11","164540889"
"chr5","180718187","180718481","JH378114","22526707","22527002","41","158191480"
"chr5","180813760","180814037","JH378186","368055","368359","52","180445705"
"chr5","180823984","180824291","JH378220","4191731","4192037","38","176632253"
"chr5","180865232","180865508","JH378144","16421291","16421555","43","164443941"
"chr5","180876273","180876580","JH378173","2124263","2124571","48","178752010"
"chr5","180928189","180928469","JH378142","18497200","18497482","40","162430989"
"chr5","180957639","180957911","JH378183","6163115","6163380","41","174794524"
"chr5","180983361","180983606","JH378149","15239415","15239677","52","165743946"
"chr5","180995828","180996136","JH378137","4045758","4046064","39","176950070"
"chr5","181016508","181016817","JH378186","173943","174239","49","180842565"
"chr5","181043966","181044235","JH378110","7925750","7926017","50","173118216"
"chr5","181049253","181049535","JH378247","3146809","3147092","39","177902444"
"chr5","181069200","181069497","JH378293","1508849","1509149","36","179560351"
"chr5","181102805","181103074","JH378105","18493606","18493876","54","162609199"
"chr5","181111010","181111300","JH378113","20058835","20059128","36","161052175"
"chr5","181160805","181161109","JH378113","15232832","15233136","46","165927973"
"chr5","181174138","181174440","JH378157","10039092","10039395","42","171135046"
"chr5","181174996","181175290","JH378123","5667081","5667374","35","175507915"
"chr5","181187023","181187287","JH378213","6815104","6815369","43","174371919"
"chr5","181189074","181189368","JH378135","934125","934414","39","180254949"
"chr5","181198968","181199261","JH378195","2148198","2148495","42","179050770"
"chr5","181255808","181256020","JH378111","19001225","19001437","26","162254583"
"chr5","181269184","181269288","JH378105","10574654","10574760","10","170694530"
"chr5","181270176","181270478","JH378113","26550017","26550324","45","154720159"
"chr5","181274366","181274640","JH378107","6584424","6584695","43","174689942"
"chr5","181275963","181276264","JH378139","8066225","8066520","39","173209738"
"chr5","181290458","181290765","JH378106","69522419","69522727","44","111768039"
"chr5","181291626","181291936","JH378122","7400305","7400610","50","173891321"
"chr5","181296392","181296701","JH378246","2033796","2034100","45","179262596"
"chr5","181311156","181311427","JH378198","4288966","4289252","51","177022190"
"chr5","181319446","181319719","JH378137","4377330","4377602","38","176942116"
"chr5","181324140","181324450","JH378148","16955481","16955786","44","164368659"
"chr5","181329728","181330036","JH378288","629003","629310","44","180700725"
"chr5","181335237","181335529","JH378189","3786344","3786637","36","177548893"
"chr5","181365697","181365994","JH378127","16083164","16083457","42","165282533"
"chr5","181440364","181440669","JH378118","20140583","20140886","38","161299781"
"chr5","181463131","181463429","JH378120","28915996","28916299","47","152547135"
"chr5","181472542","181472888","JH378112","14884017","14884342","91","166588525"
"chr5","181476887","181477162","JH378132","22682891","22683156","52","158793996"
"chr5","181477330","181477602","JH378279","1666661","1666937","45","179810669"
"chr5","181517204","181517485","JH378117","26189716","26190001","43","155327488"
"chr5","181546853","181547149","JH378112","24069517","24069812","43","157477336"
"chr5","181552094","181552393","JH378188","7232167","7232465","39","174319927"
"chr5","181593074","181593380","JH378152","16029844","16030148","39","165563230"
"chr5","181621855","181622128","JH378114","37117140","37117413","40","144504715"
"chr5","181642971","181643276","JH378220","667156","667455","41","180975815"
"chr5","181695482","181695780","JH378151","7281584","7281884","41","174413898"
"chr5","181774433","181774738","JH378185","2114490","2114799","49","179659943"
"chr5","181823165","181823475","JH378113","26550017","26550324","44","155273148"
"chr5","181885143","181885418","JH378123","27411101","27411382","44","154474042"
"chr5","181902619","181902940","JH378190","1867130","1867431","60","180035489"
"chr5","181939356","181939657","JH378296","1248433","1248733","43","180690923"
"chr5","181964475","181964775","JH378235","3957900","3958200","39","178006575"
"chr5","181965781","181966066","JH378180","5047484","5047772","46","176918297"
"chr5","181967588","181967889","JH378262","1936694","1936996","38","180030894"
"chr5","181982971","181983288","JH378235","146156","146468","53","181836815"
"chr5","181988329","181988624","JH378141","14454762","14455052","44","167533567"
"chr5","181995775","181996077","JH378128","23827705","23828009","43","158168070"
"chr5","182018954","182019200","JH378105","69171826","69172068","34","112847128"
"chr5","182020220","182020519","JH378235","3957900","3958200","43","178062320"
"chr5","182052045","182052340","JH378167","12023237","12023532","43","170028808"
"chr5","182055155","182055446","JH378126","21549329","21549618","43","160505826"
"chr5","182056271","182056447","JH378130","169328","169505","25","181886943"
"chr5","182056986","182057323","JH378149","2873662","2873991","83","179183324"
"chr5","182074940","182075176","JH378149","16347574","16347809","36","165727366"
"chr5","182130468","182130774","JH378153","3190875","3191187","38","178939593"
"chr5","182134497","182134793","JH378190","7894351","7894647","43","174240146"
"chr5","182137733","182138014","JH378152","12845481","12845764","47","169292252"
"chr5","182151640","182151746","JH378156","9069100","9069203","15","173082540"
"chr5","182154490","182154788","JH378242","734891","735189","42","181419599"
"chr5","182155618","182155923","JH378112","22081503","22081808","56","160074115"
"chr5","182160380","182160673","JH378187","2759115","2759407","32","179401265"
"chr5","182169384","182169631","JH378123","45829","46071","58","182123555"
"chr5","182178832","182179112","JH378247","3152248","3152521","48","179026584"
"chr5","182181954","182182267","JH378120","11174810","11175117","43","171007144"
"chr5","182187234","182187544","JH378242","734891","735189","49","181452343"
"chr5","182207334","182207634","JH378107","529179","529482","45","181678155"
"chr5","182213049","182213220","JH378158","8696487","8696661","58","173516562"
"chr5","182216511","182216797","JH378105","46596786","46597078","61","135619725"
"chr5","182222080","182222240","JH378108","4842185","4842354","32","177379895"
"chr5","182222409","182222718","JH378110","17905050","17905353","51","164317359"
"chr5","182223858","182224145","JH378125","15313063","15313352","38","166910795"
"chr5","182234584","182234877","JH378214","5755548","5755843","39","176479036"
"chr5","182301234","182301495","JH378114","20734954","20735221","36","161566280"
"chr5","182305978","182306230","JH378118","1242393","1242643","34","181063585"
"chr5","182333421","182333671","JH378125","9514744","9514996","39","172818677"
"chr5","182336178","182336220","JH378139","8627306","8627347","6","173708872"
"chr5","182337576","182337860","JH378114","20723934","20724212","60","161613642"
"chr5","182379512","182379824","JH378113","15232832","15233136","51","167146680"
"chr5","182392726","182393027","JH378106","69063427","69063728","35","113329299"
"chr5","182397002","182397299","JH378151","10675277","10675577","49","171721725"
"chr5","182403570","182403812","JH378141","10931765","10932005","34","171471805"
"chr5","182404364","182404660","JH378198","396866","397166","44","182007498"
"chr5","182414330","182414621","JH378122","7809799","7810085","40","174604531"
"chr5","182481636","182481944","JH378113","4126123","4126428","43","178355513"
"chr5","182491214","182491518","JH378300","537560","537862","41","181953654"
"chr5","182515691","182515957","JH378287","2777787","2778044","52","179737904"
"chr5","182539621","182539923","JH378115","33431650","33431946","43","149107971"
"chr5","182558005","182558298","JH378111","10950886","10951178","34","171607119"
"chr5","182578292","182578577","JH378124","5131942","5132232","42","177446350"
"chr5","182586825","182586996","JH378109","3320437","3320603","36","179266388"
"chr5","182592422","182592711","JH378124","18939298","18939588","43","163653124"
"chr5","182601564","182601865","JH378252","4291425","4291721","32","178310139"
"chr5","182623382","182623699","JH378150","15636556","15636859","58","166986826"
"chr5","182798186","182798476","JH378197","3241273","3241575","41","179556913"
"chr5","182846889","182847184","JH378122","7809799","7810085","37","175037090"
"chr5","182908998","182909279","JH378173","4795221","4795500","33","178113777"
"chr5","182922307","182922605","JH378188","7232167","7232465","34","175690140"
"chr5","182922974","182923276","JH378135","4717503","4717813","66","178205471"
"chr5","182953583","182953883","JH378203","2021950","2022247","48","180931633"
"chr5","182956261","182956565","JH378113","15232832","15233136","35","167723429"
"chr5","182975345","182975623","JH378139","7882690","7882974","44","175092655"
"chr5","182979314","182979605","JH378124","6001393","6001683","49","176977921"
"chr5","183031022","183031309","JH378252","4291425","4291721","53","178739597"
"chr5","183052728","183053024","JH378114","10865098","10865397","36","172187630"
"chr5","183056399","183056541","JH378242","2896198","2896337","22","180160201"
"chr5","183091006","183091290","JH378105","46910526","46910822","54","136180480"
"chr5","183120044","183120366","JH378114","36279685","36279996","59","146840359"
"chr5","183178250","183178549","JH378116","25790477","25790774","37","157387773"
"chr5","183223703","183223988","JH378167","12496398","12496680","57","170727305"
"chr5","183232142","183232435","JH378123","5667081","5667374","38","177565061"
"chr5","183279909","183280214","JH378139","11244771","11245079","45","172035138"
"chr5","183280389","183280695","JH378291","1305578","1305884","39","181974811"
"chr5","183290897","183291187","JH378259","3560296","3560587","45","179730601"
"chr5","183348484","183348767","JH378200","261439","261727","50","183087045"
"chr5","183381843","183382143","JH378112","33033903","33034201","47","150347940"
"chr5","183427886","183428174","JH378144","1314086","1314367","71","182113800"
"chr5","183482605","183482918","JH378119","5341365","5341669","47","178141240"
"chr5","183590986","183591278","JH378110","35790499","35790794","38","147800487"
"chr5","183619651","183619945","JH378213","4603416","4603708","47","179016235"
"chr5","183629037","183629331","JH378244","3283576","3283868","42","180345461"
"chr5","183726092","183726394","JH378153","14175225","14175527","42","169550867"
"chr6","34078701","34078981","JH378137","276303","276579","49","33802398"
"chr6","54263642","54263951","JH378137","17631559","17631862","53","36632083"
"chr6","76807911","76808195","JH378199","3308730","3309019","47","73499181"
"chr6","76939136","76939425","JH378141","16086975","16087268","39","60852161"
"chr6","108134335","108134622","JH378252","1684014","1684300","44","106450321"
"chr6","118095609","118095920","JH378197","8660298","8660600","42","109435311"
"chr6","131858313","131858596","JH378117","26189716","26190001","41","105668597"
"chr6","138936269","138936585","JH378162","8182146","8182454","59","130754123"
"chr6","150470406","150470720","JH378140","15378059","15378364","45","135092347"
"chr6","152174366","152174672","JH378224","2515142","2515446","38","149659224"
"chr6","158728055","158728359","JH378110","7850107","7850410","39","150877948"
"chr6","167903095","167903404","JH378173","10651343","10651645","45","157251752"
"chr6","195100","195360","JH378182","1717417","1717684","42","1522317"
"chr6","204466","204761","JH378152","13742000","13742297","40","13537534"
"chr6","295067","295356","JH378242","734891","735189","42","439824"
"chr6","304864","305161","JH378113","17801628","17801921","50","17496764"
"chr6","505146","505453","JH378105","48749959","48750266","43","48244813"
"chr6","527769","528065","JH378105","18490178","18490468","42","17962409"
"chr6","579236","579551","JH378149","2873662","2873991","60","2294426"
"chr6","616127","616415","JH378195","8446433","8446709","55","7830306"
"chr6","734492","734759","JH378121","28641881","28642155","54","27907389"
"chr6","758504","758809","JH378167","8580614","8580922","42","7822110"
"chr6","925043","925295","JH378127","25202145","25202394","28","24277102"
"chr6","1121452","1121682","JH378216","679761","679993","38","441691"
"chr6","1297331","1297604","JH378257","303275","303558","49","994056"
"chr6","1343348","1343641","JH378191","1251109","1251401","38","92239"
"chr6","1353986","1354117","JH378137","8053462","8053593","20","6699476"
"chr6","1362645","1362955","JH378181","1997781","1998087","49","635136"
"chr6","1381537","1381803","JH378284","922009","922270","44","459528"
"chr6","1398126","1398424","JH378242","734891","735189","35","663235"
"chr6","1421179","1421469","JH378126","22989289","22989590","42","21568110"
"chr6","1461279","1461583","JH378129","11810131","11810431","46","10348852"
"chr6","1492970","1493268","JH378108","50956364","50956665","39","49463394"
"chr6","1523764","1524074","JH378107","47117962","47118270","48","45594198"
"chr6","1577866","1578148","JH378164","6714567","6714844","40","5136701"
"chr6","1586376","1586681","JH378127","24506721","24507015","47","22920345"
"chr6","1619480","1619757","JH378110","34952260","34952536","49","33332780"
"chr6","1667744","1668071","JH378162","11681967","11682260","84","10014223"
"chr6","1674377","1674684","JH378156","2866926","2867237","44","1192549"
"chr6","1776459","1776764","JH378144","14040811","14041108","61","12264352"
"chr6","1970488","1970772","JH378112","12605686","12605972","41","10635198"
"chr6","1990168","1990456","JH378146","9722092","9722382","49","7731924"
"chr6","2107311","2107626","JH378112","37872057","37872365","48","35764746"
"chr6","2186263","2186511","JH378173","3682101","3682354","52","1495838"
"chr6","2193422","2193722","JH378115","36379708","36380007","39","34186286"
"chr6","2200715","2200790","JH378127","23879353","23879427","8","21678638"
"chr6","2268697","2268825","JH378226","740198","740323","15","1528499"
"chr6","2269591","2269765","JH378227","46995","47165","26","2222596"
"chr6","2299192","2299509","JH378123","29416076","29416371","65","27116884"
"chr6","2301230","2301510","JH378127","23786165","23786437","41","21484935"
"chr6","2315449","2315733","JH378158","2960962","2961244","44","645513"
"chr6","2346015","2346303","JH378135","15619309","15619595","39","13273294"
"chr6","2352476","2352765","JH378141","14454762","14455052","39","12102286"
"chr6","2371293","2371601","JH378149","15885379","15885676","52","13514086"
"chr6","2453260","2453563","JH378119","27912066","27912365","45","25458806"
"chr6","2480344","2480639","JH378115","16549844","16550133","42","14069500"
"chr6","2529915","2530216","JH378148","5678256","5678554","36","3148341"
"chr6","2609554","2609837","JH378108","17624768","17625053","41","15015214"
"chr6","2649969","2650258","JH378234","3910030","3910327","32","1260061"
"chr6","2714920","2715207","JH378105","51665046","51665334","41","48950126"
"chr6","2737274","2737585","JH378206","1268945","1269256","41","1468329"
"chr6","2749982","2750061","JH378177","6894060","6894133","16","4144078"
"chr6","2750371","2750719","JH378244","3779094","3779431","84","1028723"
"chr6","2762397","2762706","JH378171","12144029","12144342","47","9381632"
"chr6","2771087","2771403","JH378197","8482816","8483121","47","5711729"
"chr6","2787473","2787626","JH378179","4551222","4551381","51","1763749"
"chr6","2789984","2790218","JH378211","2321219","2321454","32","468765"
"chr6","2822686","2822988","JH378242","734891","735189","38","2087795"
"chr6","2828037","2828345","JH378127","23237552","23237848","52","20409515"
"chr6","2835830","2836132","JH378106","58341946","58342247","35","55506116"
"chr6","2837796","2838096","JH378105","45886739","45887040","37","43048943"
"chr6","2841257","2841551","JH378116","28282701","28282994","41","25441444"
"chr6","2845823","2846118","JH378114","41522840","41523134","48","38677017"
"chr6","2854740","2855029","JH378136","12623051","12623337","46","9768311"
"chr6","2868123","2868409","JH378260","2075551","2075845","40","792572"
"chr6","2869374","2869669","JH378156","3853230","3853526","40","983856"
"chr6","2897111","2897399","JH378127","23175390","23175685","44","20278279"
"chr6","2900101","2900387","JH378184","8135519","8135814","45","5235418"
"chr6","2909293","2909584","JH378133","9743043","9743332","42","6833750"
"chr6","2950014","2950310","JH378116","25790477","25790774","58","22840463"
"chr6","2978332","2978642","JH378113","15232832","15233136","46","12254500"
"chr6","3027473","3027783","JH378113","26550017","26550324","46","23522544"
"chr6","3031211","3031510","JH378188","7232167","7232465","38","4200956"
"chr6","3037605","3037830","JH378115","16716555","16716779","33","13678950"
"chr6","3038319","3038626","JH378106","69522419","69522727","41","66484100"
"chr6","3079191","3079490","JH378276","134131","134438","42","2945060"
"chr6","3232259","3232557","JH378116","34448294","34448584","40","31216035"
"chr6","3242923","3243152","JH378150","8031994","8032224","24","4789071"
"chr6","3243154","3243242","AGCE01149830","983","1064","19","3242171"
"chr6","3273615","3273922","JH378118","10693452","10693756","39","7419837"
"chr6","3416712","3417021","JH378115","32080342","32080652","50","28663630"
"chr6","3426237","3426532","JH378148","2797982","2798286","54","628255"
"chr6","3446113","3446419","JH378123","17033428","17033740","51","13587315"
"chr6","3476174","3476460","JH378139","1856531","1856816","41","1619643"
"chr6","3506378","3506679","JH378143","5977166","5977465","38","2470788"
"chr6","3613893","3614192","JH378242","734891","735189","36","2879002"
"chr6","3648790","3649086","JH378242","734891","735189","40","2913899"
"chr6","3665684","3665995","JH378173","1691460","1691768","41","1974224"
"chr6","3770727","3771039","JH378191","8293824","8294135","46","4523097"
"chr6","3799210","3799493","JH378177","1170014","1170294","59","2629196"
"chr6","3813352","3813657","JH378186","2585451","2585757","42","1227901"
"chr6","3822096","3822375","JH378239","5203122","5203400","41","1381026"
"chr6","3833680","3833978","JH378152","13742000","13742297","36","9908320"
"chr6","3840471","3840766","JH378153","1808716","1809014","40","2031755"
"chr6","3920085","3920388","JH378200","886572","886874","39","3033513"
"chr6","3949039","3949329","JH378194","564549","564837","50","3384490"
"chr6","3950334","3950645","JH378110","31358400","31358705","40","27408066"
"chr6","3952273","3952571","JH378113","2986334","2986635","45","965939"
"chr6","3956317","3956624","JH378127","22231357","22231665","41","18275040"
"chr6","3960867","3961094","JH378114","10862462","10862688","35","6901595"
"chr6","3961159","3961442","JH378198","6180573","6180856","44","2219414"
"chr6","4037186","4037472","JH378240","2963845","2964138","42","1073341"
"chr6","4061850","4062163","JH378116","24703987","24704291","60","20642137"
"chr6","4097130","4097430","JH378220","3229265","3229557","45","867865"
"chr6","4099894","4100189","JH378348","162949","163251","46","3936945"
"chr6","4114682","4114951","JH378153","4074593","4074867","41","40089"
"chr6","4116988","4117253","JH378132","15118225","15118492","36","11001237"
"chr6","4137990","4138283","JH378290","1449167","1449465","37","2688823"
"chr6","4145567","4145861","JH378129","14524850","14525142","40","10379283"
"chr6","4154604","4154902","JH378216","2310289","2310587","37","1844315"
"chr6","4164661","4164913","JH378111","42127509","42127769","57","37962848"
"chr6","4216141","4216443","JH378134","9261505","9261814","51","5045364"
"chr6","4338633","4338907","JH378106","59926233","59926510","41","55587600"
"chr6","4374087","4374384","JH378110","39019735","39020043","53","34645648"
"chr6","4447783","4448086","JH378242","734891","735189","39","3712892"
"chr6","4559503","4559791","JH378134","11412220","11412508","53","6852717"
"chr6","4592147","4592460","JH378140","18900674","18900984","49","14308527"
"chr6","4621753","4622052","JH378172","9553918","9554219","39","4932165"
"chr6","4678714","4679003","JH378156","1920","2211","40","4676794"
"chr6","4692105","4692363","JH378145","734041","734307","51","3958064"
"chr6","4695380","4695678","JH378127","21444404","21444700","39","16749024"
"chr6","4700069","4700366","JH378224","1415581","1415879","41","3284488"
"chr6","4735109","4735410","JH378170","1616807","1617104","40","3118302"
"chr6","4739812","4740071","JH378133","7556101","7556363","46","2816289"
"chr6","4744083","4744383","JH378116","38215697","38215992","45","33471614"
"chr6","4751402","4751691","JH378114","42521542","42521831","44","37770140"
"chr6","4753288","4753606","JH378140","6560597","6560893","53","1807309"
"chr6","4757537","4757829","JH378127","17948886","17949180","47","13191349"
"chr6","4762397","4762697","JH378294","668279","668579","34","4094118"
"chr6","4767065","4767202","JH378152","10907464","10907596","17","6140399"
"chr6","4771971","4772255","JH378105","50034667","50034949","35","45262696"
"chr6","4779771","4780073","JH378204","3945411","3945718","44","834360"
"chr6","4785064","4785365","JH378262","1936694","1936996","40","2848370"
"chr6","4804590","4804891","JH378108","53396111","53396411","43","48591521"
"chr6","4809375","4809657","JH378213","4603416","4603708","46","205959"
"chr6","4810231","4810537","JH378127","1791547","1791857","61","3018684"
"chr6","4813441","4813739","JH378123","9608291","9608584","42","4794850"
"chr6","4837651","4837953","JH378133","5072898","5073203","56","235247"
"chr6","4842638","4842944","JH378197","6701048","6701344","45","1858410"
"chr6","4848833","4849128","JH378149","1955740","1956029","42","2893093"
"chr6","4914833","4915133","JH378316","391481","391778","41","4523352"
"chr6","4916015","4916165","JH378126","23493847","23493997","20","18577832"
"chr6","4941792","4942072","JH378189","177130","177409","41","4764662"
"chr6","4948619","4948875","JH378277","2791948","2792198","48","2156671"
"chr6","4974009","4974308","JH378114","42118001","42118296","44","37143992"
"chr6","4989371","4989648","JH378127","21160569","21160846","36","16171198"
"chr6","4989684","4989982","JH378242","734891","735189","51","4254793"
"chr6","4993876","4994166","JH378142","14013464","14013754","35","9019588"
"chr6","5007446","5007732","JH378115","21794753","21795041","52","16787307"
"chr6","5028316","5028601","JH378122","7809799","7810085","36","2781483"
"chr6","5034140","5034410","JH378243","2589490","2589772","49","2444650"
"chr6","5043534","5043845","JH378172","7310570","7310869","69","2267036"
"chr6","5047554","5047809","JH378161","5500005","5500257","42","452451"
"chr6","5048536","5048820","JH378148","4090440","4090727","39","958096"
"chr6","5048856","5048874","JH378110","39932633","39932649","7","34883777"
"chr6","5062523","5062826","JH378161","2236995","2237295","33","2825528"
"chr6","5076076","5076372","JH378111","26034614","26034912","37","20958538"
"chr6","5090300","5090585","JH378114","25911458","25911737","43","20821158"
"chr6","5114158","5114471","JH378118","10693452","10693756","44","5579294"
"chr6","5169647","5169927","JH378135","1661661","1661952","57","3507986"
"chr6","5171617","5171917","JH378110","9867313","9867609","45","4695696"
"chr6","5180154","5180436","JH378129","21695439","21695731","43","16515285"
"chr6","5181217","5181520","JH378118","10693452","10693756","37","5512235"
"chr6","5188209","5188472","JH378127","20943162","20943433","45","15754953"
"chr6","5205473","5205765","JH378141","10158367","10158665","38","4952894"
"chr6","5214123","5214445","JH378105","54610411","54610729","54","49396288"
"chr6","5408670","5408978","JH378153","13255573","13255882","47","7846903"
"chr6","5413802","5414087","JH378127","20710044","20710329","37","15296242"
"chr6","5417903","5418170","JH378107","27218012","27218283","48","21800109"
"chr6","5445739","5446031","JH378111","8331295","8331586","45","2885556"
"chr6","5459970","5460277","JH378116","22378952","22379256","38","16918982"
"chr6","5508177","5508474","JH378133","4730868","4731166","46","777309"
"chr6","5536247","5536537","JH378167","2327082","2327371","42","3209165"
"chr6","5651678","5651965","JH378193","7695673","7695957","41","2043995"
"chr6","5675066","5675359","JH378111","10523022","10523316","38","4847956"
"chr6","5736430","5736706","JH378114","36224521","36224801","38","30488091"
"chr6","5744197","5744489","JH378153","2856479","2856773","38","2887718"
"chr6","5760164","5760473","JH378288","629003","629310","38","5131161"
"chr6","5843912","5844205","JH378108","33279431","33279725","45","27435519"
"chr6","5884981","5885273","JH378123","21695970","21696268","51","15810989"
"chr6","5982376","5982660","JH378127","20137462","20137737","36","14155086"
"chr6","6039195","6039246","JH378106","21464701","21464751","18","15425506"
"chr6","6119273","6119573","JH378116","25790477","25790774","37","19671204"
"chr6","6175357","6175659","JH378173","10651343","10651645","45","4475986"
"chr6","6228079","6228388","JH378120","4438901","4439206","44","1789178"
"chr6","6245827","6246111","JH378139","17676474","17676761","44","11430647"
"chr6","6292509","6292819","JH378123","17415533","17415834","47","11123024"
"chr6","6302997","6303282","JH378127","19860797","19861075","46","13557800"
"chr6","6320916","6321210","JH378214","5755548","5755843","44","565368"
"chr6","6366082","6366422","JH378108","30647914","30648246","55","24281832"
"chr6","6398221","6398527","JH378113","26550017","26550324","41","20151796"
"chr6","6418858","6419145","JH378167","1249928","1250215","40","5168930"
"chr6","6515068","6515372","JH378188","7159231","7159530","48","644163"
"chr6","6535991","6536290","JH378127","19630938","19631232","37","13094947"
"chr6","6566809","6566955","JH378128","25274620","25274764","21","18707811"
"chr6","6575411","6575681","JH378145","15660985","15661255","44","9085574"
"chr6","6637184","6637485","JH378106","69063427","69063728","38","62426243"
"chr6","6665974","6666255","JH378166","13743029","13743319","63","7077055"
"chr6","6673491","6673790","JH378242","734891","735189","40","5938600"
"chr6","6680341","6680635","JH378204","7978351","7978644","35","1298010"
"chr6","6788607","6788888","JH378189","177130","177409","42","6611477"
"chr6","6800410","6800525","JH378141","14435067","14435180","26","7634657"
"chr6","6803697","6803771","JH378151","2797167","2797243","14","4006530"
"chr6","6849579","6849883","JH378107","529179","529482","56","6320400"
"chr6","6861279","6861533","JH378127","19303055","19303306","33","12441776"
"chr6","6868007","6868302","JH378149","4608953","4609233","58","2259054"
"chr6","6990029","6990282","JH378248","907176","907431","42","6082853"
"chr6","7019958","7020254","JH378121","20570827","20571122","34","13550869"
"chr6","7042790","7043099","JH378201","122224","122525","47","6920566"
"chr6","7046339","7046644","JH378290","1006881","1007187","44","6039458"
"chr6","7085875","7086160","JH378162","11681967","11682260","49","4596092"
"chr6","7092591","7092888","JH378135","1859095","1859393","54","5233496"
"chr6","7099660","7099952","JH378109","9181080","9181368","45","2081420"
"chr6","7101228","7101543","JH378163","5120153","5120462","45","1981075"
"chr6","7116952","7117260","JH378167","10539860","10540171","37","3422908"
"chr6","7118849","7119081","JH378127","19125737","19125974","32","12006888"
"chr6","7128837","7129119","JH378111","7087971","7088250","40","40866"
"chr6","7170004","7170311","JH378308","1397452","1397755","44","5772552"
"chr6","7172948","7173233","JH378106","14024896","14025185","43","6851948"
"chr6","7176237","7176540","JH378204","3129799","3130101","37","4046438"
"chr6","7195867","7196150","JH378108","17624768","17625053","35","10428901"
"chr6","7199963","7200153","JH378253","3554050","3554242","31","3645913"
"chr6","7201191","7201502","JH378163","13606253","13606552","47","6405062"
"chr6","7273223","7273516","JH378187","3545924","3546220","39","3727299"
"chr6","7281120","7281410","JH378145","3316369","3316657","54","3964751"
"chr6","7293019","7293345","JH378169","6164199","6164509","61","1128820"
"chr6","7342835","7343131","JH378254","2748165","2748472","44","4594670"
"chr6","7357442","7357734","JH378110","34850075","34850365","39","27492633"
"chr6","7383590","7383862","JH378124","10016046","10016322","33","2632456"
"chr6","7388556","7388690","JH378128","24085476","24085608","11","16696920"
"chr6","7390408","7390720","JH378127","18851664","18851966","52","11461256"
"chr6","7396103","7396401","JH378225","6103213","6103503","42","1292890"
"chr6","7399394","7399696","JH378242","734891","735189","39","6664503"
"chr6","7415564","7415872","JH378114","36279685","36279996","45","28864121"
"chr6","7426750","7427053","JH378131","4880051","4880355","42","2546699"
"chr6","7431742","7432053","JH378151","1068911","1069214","46","6362831"
"chr6","7433461","7433736","JH378108","45462217","45462495","40","38028756"
"chr6","7435317","7435637","JH378135","16449037","16449347","48","9013720"
"chr6","7436511","7436817","JH378254","2748165","2748472","45","4688346"
"chr6","7440841","7441147","JH378133","8263869","8264178","46","823028"
"chr6","7478781","7479078","JH378279","2532931","2533234","38","4945850"
"chr6","7503775","7504080","JH378194","8074784","8075089","41","571009"
"chr6","7513265","7513563","JH378151","2579788","2580085","46","4933477"
"chr6","7518266","7518553","JH378124","12774111","12774395","40","5255845"
"chr6","7535471","7535762","JH378112","12605686","12605972","46","5070215"
"chr6","7550729","7551042","JH378148","2797982","2798286","53","4752747"
"chr6","7556694","7556988","JH378293","1508849","1509149","42","6047845"
"chr6","7557159","7557455","JH378144","16357464","16357756","50","8800305"
"chr6","7568304","7568497","JH378110","8494578","8494768","29","926274"
"chr6","7591787","7592093","JH378153","4413885","4414193","42","3177902"
"chr6","7592444","7592755","JH378105","65390365","65390666","56","57797921"
"chr6","7594198","7594494","JH378130","1568570","1568862","44","6025628"
"chr6","7600922","7601227","JH378118","10693452","10693756","39","3092530"
"chr6","7612845","7612988","JH378111","42232095","42232236","17","34619250"
"chr6","7613286","7613462","JH378267","358566","358737","31","7254720"
"chr6","7640221","7640507","JH378248","2888145","2888434","61","4752076"
"chr6","7674244","7674541","JH378191","967537","967830","36","6706707"
"chr6","7675173","7675465","JH378115","7606488","7606778","40","68685"
"chr6","7680279","7680588","JH378205","4278012","4278319","33","3402267"
"chr6","7686803","7686944","JH378127","18580634","18580775","12","10893831"
"chr6","7745916","7746224","JH378148","2797982","2798286","43","4947934"
"chr6","7755642","7755924","JH378231","1922295","1922580","42","5833347"
"chr6","7784966","7785265","JH378220","1011665","1011962","41","6773301"
"chr6","7797757","7798070","JH378114","41499633","41499943","41","33701876"
"chr6","7853976","7854277","JH378243","90680","90981","48","7763296"
"chr6","7857981","7858281","JH378135","1618015","1618319","39","6239966"
"chr6","7975022","7975309","JH378127","19331819","19332107","46","11356797"
"chr6","7983912","7984198","JH378110","1368833","1369127","48","6615079"
"chr6","8058155","8058453","JH378136","14817827","14818135","48","6759672"
"chr6","8081553","8081858","JH378126","22989289","22989590","48","14907736"
"chr6","8125877","8126189","JH378125","7123869","7124179","55","1002008"
"chr6","8133083","8133392","JH378186","9104801","9105108","40","971718"
"chr6","8134432","8134726","JH378213","4603416","4603708","38","3531016"
"chr6","8180562","8180863","JH378247","3712080","3712381","44","4468482"
"chr6","8207123","8207255","JH378106","14825685","14825814","15","6618562"
"chr6","8213375","8213667","JH378114","31146197","31146489","42","22932822"
"chr6","8213885","8214152","JH378140","7802026","7802299","50","411859"
"chr6","8214784","8215096","JH378301","920694","921000","42","7294090"
"chr6","8229338","8229574","JH378106","69729139","69729374","37","61499801"
"chr6","8241652","8241804","JH378157","12402064","12402214","31","4160412"
"chr6","8241848","8241969","JH378164","7176146","7176267","11","1065702"
"chr6","8255987","8256295","JH378197","8826398","8826706","55","570411"
"chr6","8280734","8281040","JH378127","17957085","17957377","46","9676351"
"chr6","8292721","8293031","JH378149","8203985","8204293","40","88736"
"chr6","8296408","8296677","JH378135","16429609","16429870","54","8133201"
"chr6","8354938","8355250","JH378269","1006804","1007112","49","7348134"
"chr6","8513242","8513526","JH378173","5397509","5397785","47","3115733"
"chr6","8563671","8563966","JH378119","360557","360852","37","8203114"
"chr6","8575182","8575478","JH378122","22890446","22890738","41","14315264"
"chr6","8581143","8581438","JH378114","6789624","6789921","46","1791519"
"chr6","8595086","8595343","JH378127","17678930","17679206","52","9083844"
"chr6","8635000","8635304","JH378153","14175225","14175527","36","5540225"
"chr6","8864089","8864392","JH378206","918187","918493","44","7945902"
"chr6","8870339","8870606","JH378233","253592","253866","49","8616747"
"chr6","8871889","8872179","JH378127","17413500","17413787","44","8541611"
"chr6","8874526","8874809","JH378135","9960571","9960852","53","1086045"
"chr6","8894711","8895013","JH378137","4045758","4046064","43","4848953"
"chr6","8954171","8954482","JH378108","21011106","21011416","41","12056935"
"chr6","8970231","8970536","JH378107","30295061","30295365","51","21324830"
"chr6","8980535","8980829","JH378175","7573377","7573671","36","1407158"
"chr6","8998815","8999117","JH378188","9401785","9402089","43","402970"
"chr6","9033797","9034105","JH378108","27985136","27985443","39","18951339"
"chr6","9047915","9048217","JH378163","10103405","10103701","40","1055490"
"chr6","9127980","9128275","JH378226","6485812","6486107","43","2642168"
"chr6","9157201","9157507","JH378153","5074032","5074342","54","4083169"
"chr6","9242395","9242493","JH378148","17166877","17166973","11","7924482"
"chr6","9352500","9352805","JH378106","26631728","26632035","39","17279228"
"chr6","9419233","9419526","JH378115","16549844","16550133","48","7130611"
"chr6","9441472","9441778","JH378195","2783430","2783724","56","6658042"
"chr6","9494501","9494789","JH378127","16857197","16857485","28","7362696"
"chr6","9538323","9538624","JH378293","1574730","1575028","34","7963593"
"chr6","9614970","9615237","JH378173","10788593","10788859","42","1173623"
"chr6","9632539","9632846","JH378135","1618015","1618319","46","8014524"
"chr6","9652785","9653077","JH378110","9867313","9867609","48","214528"
"chr6","9692710","9693014","JH378197","8295826","8296131","40","1396884"
"chr6","9739612","9739924","JH378140","5771074","5771385","41","3968538"
"chr6","9936002","9936256","JH378124","359696","359952","39","9576306"
"chr6","10045028","10045309","JH378114","36238518","36238799","45","26193490"
"chr6","10148039","10148302","JH378315","357797","358060","48","9790242"
"chr6","10191285","10191585","JH378189","4262802","4263099","44","5928483"
"chr6","10216266","10216556","JH378141","14454762","14455052","42","4238496"
"chr6","10223026","10223312","JH378132","880898","881181","40","9342128"
"chr6","10283028","10283333","JH378187","3252575","3252870","43","7030453"
"chr6","10384284","10384569","JH378121","16577236","16577527","45","6192952"
"chr6","10419416","10419722","JH378127","16056329","16056634","46","5636913"
"chr6","10433404","10433699","JH378127","16040774","16041069","36","5607370"
"chr6","10437199","10437479","JH378279","3121781","3122056","43","7315418"
"chr6","10455347","10455657","JH378114","43709390","43709700","48","33254043"
"chr6","10473493","10473802","JH378127","16005850","16006164","47","5532357"
"chr6","10559479","10559758","JH378156","15693115","15693398","42","5133636"
"chr6","10579904","10580194","JH378115","23384657","23384952","47","12804753"
"chr6","10619756","10620063","JH378186","1525813","1526111","38","9093943"
"chr6","10625856","10626161","JH378173","9472851","9473151","40","1153005"
"chr6","10632923","10633206","JH378116","925268","925552","39","9707655"
"chr6","10636061","10636368","JH378135","2654071","2654378","44","7981990"
"chr6","10647650","10647952","JH378114","22526707","22527002","37","11879057"
"chr6","10651050","10651365","JH378110","15808603","15808903","50","5157553"
"chr6","10660628","10660908","JH378115","31400401","31400685","53","20739773"
"chr6","10698619","10698911","JH378283","2933790","2934070","50","7764829"
"chr6","10736166","10736470","JH378105","55574476","55574778","47","44838310"
"chr6","10772639","10772943","JH378110","31358400","31358705","47","20585761"
"chr6","10782734","10782995","JH378185","1446513","1446772","59","9336221"
"chr6","10783820","10784115","JH378214","2096352","2096643","51","8687468"
"chr6","10813408","10813483","JH378131","5335687","5335762","10","5477721"
"chr6","10821513","10821822","JH378108","50609420","50609729","41","39787907"
"chr6","10824454","10824765","JH378200","550871","551178","51","10273583"
"chr6","10831931","10832242","JH378106","69063427","69063728","42","58231496"
"chr6","10838522","10838785","JH378118","33235597","33235862","48","22397075"
"chr6","10849964","10850269","JH378152","13742000","13742297","46","2892036"
"chr6","10856084","10856386","JH378142","7863101","7863397","49","2992983"
"chr6","10859567","10859821","JH378153","13051998","13052257","51","2192431"
"chr6","10875706","10876000","JH378153","2856479","2856773","48","8019227"
"chr6","10888302","10888600","JH378116","31918807","31919100","40","21030505"
"chr6","10894985","10895117","JH378110","32480863","32480997","26","21585878"
"chr6","10898425","10898723","JH378140","17784224","17784519","41","6885799"
"chr6","10917515","10917785","JH378115","8029436","8029707","45","2888079"
"chr6","10921402","10921707","JH378163","13606253","13606552","48","2684851"
"chr6","10928863","10929168","JH378139","18214306","18214611","38","7285443"
"chr6","10941493","10941794","JH378143","5977166","5977465","39","4964327"
"chr6","10947745","10948015","JH378127","15612339","15612612","36","4664594"
"chr6","10950506","10950689","JH378114","10654899","10655083","29","295607"
"chr6","10963224","10963527","JH378106","69562637","69562935","51","58599413"
"chr6","10964418","10964721","JH378197","3241273","3241575","46","7723145"
"chr6","10986504","10986790","JH378140","6908221","6908514","53","4078283"
"chr6","11004072","11004365","JH378191","967537","967830","28","10036535"
"chr6","11037662","11037936","JH378117","36078925","36079198","35","25041263"
"chr6","11049957","11050261","JH378234","2806107","2806409","40","8243850"
"chr6","11052726","11052998","JH378165","6914194","6914462","43","4138532"
"chr6","11151196","11151331","JH378108","49180782","49180912","10","38029586"
"chr6","11158570","11158874","JH378153","14175225","14175527","48","3016655"
"chr6","11160971","11161261","JH378140","4991556","4991842","48","6169415"
"chr6","11167633","11167937","JH378189","8743946","8744257","39","2423687"
"chr6","11180465","11180781","JH378170","1616807","1617104","61","9563658"
"chr6","11187431","11187737","JH378114","41108079","41108386","49","29920648"
"chr6","11189699","11189798","JH378112","21682946","21683043","12","10493247"
"chr6","11201953","11202248","JH378111","43268192","43268483","43","32066239"
"chr6","11226229","11226522","JH378127","15311404","15311697","29","4085175"
"chr6","11227927","11228219","JH378123","15726416","15726711","44","4498489"
"chr6","11228544","11228851","JH378114","20897206","20897509","41","9668662"
"chr6","11238877","11239118","JH378162","9928658","9928887","42","1310219"
"chr6","11256424","11256732","JH378247","561987","562291","46","10694437"
"chr6","11281176","11281472","JH378152","13742000","13742297","42","2460824"
"chr6","11412088","11412391","JH378153","14576892","14577197","44","3164804"
"chr6","11479537","11479830","JH378127","19331819","19332107","47","7852282"
"chr6","11513320","11513613","JH378140","5325520","5325814","41","6187800"
"chr6","11514698","11514984","JH378114","36224521","36224801","50","24709823"
"chr6","11632017","11632328","JH378184","9312424","9312730","47","2319593"
"chr6","11648443","11648746","JH378152","16029844","16030148","42","4381401"
"chr6","11767520","11767799","JH378119","28220910","28221192","43","16453390"
"chr6","11774117","11774418","JH378105","35186508","35186810","50","23412391"
"chr6","11823874","11824174","JH378119","27912066","27912365","45","16088192"
"chr6","11832795","11833114","JH378153","9926861","9927172","51","1905934"
"chr6","11861827","11862131","JH378204","3129799","3130101","36","8732028"
"chr6","11866885","11867181","JH378127","14721687","14721990","38","2854802"
"chr6","11872124","11872368","JH378127","14716556","14716816","57","2844432"
"chr6","11934904","11935200","JH378159","3867405","3867714","57","8067499"
"chr6","11952386","11952694","JH378106","69752564","69752871","44","57800178"
"chr6","11977565","11977869","JH378216","6521976","6522275","40","5455589"
"chr6","12026115","12026374","JH378185","850005","850278","49","11176110"
"chr6","12041635","12041935","JH378110","7881643","7881940","44","4159992"
"chr6","12045296","12045587","JH378242","734891","735189","36","11310405"
"chr6","12086679","12086987","JH378108","38073678","38073985","50","25986999"
"chr6","12092672","12092974","JH378108","1990073","1990368","46","10102599"
"chr6","12136611","12136902","JH378249","721031","721325","37","11415580"
"chr6","12270199","12270324","JH378110","39608126","39608248","17","27337927"
"chr6","12369072","12369371","JH378111","40734534","40734829","46","28365462"
"chr6","12393914","12394198","JH378127","14320830","14321128","43","1926916"
"chr6","12434236","12434527","JH378172","9343322","9343615","37","3090914"
"chr6","12484816","12485125","JH378136","14817827","14818135","43","2333011"
"chr6","12553856","12554148","JH378323","208115","208412","40","12345741"
"chr6","12563662","12563969","JH378153","7998003","7998310","43","4565659"
"chr6","12571740","12572019","JH378146","453293","453569","51","12118447"
"chr6","12685252","12685551","JH378316","391481","391778","34","12293771"
"chr6","12733705","12734016","JH378118","10693452","10693756","39","2040253"
"chr6","12738324","12738614","JH378290","1449167","1449465","57","11289157"
"chr6","12744029","12744349","JH378297","218770","219080","52","12525259"
"chr6","12786525","12786821","JH378232","3502872","3503164","40","9283653"
"chr6","12821706","12822011","JH378149","17075543","17075846","37","4253837"
"chr6","12864935","12865228","JH378170","1616807","1617104","45","11248128"
"chr6","12886782","12887066","JH378118","25211469","25211751","44","12324687"
"chr6","12889199","12889471","JH378111","16626391","16626661","42","3737192"
"chr6","12925230","12925517","JH378244","3283576","3283868","36","9641654"
"chr6","12942686","12942994","JH378129","3247646","3247946","44","9695040"
"chr6","12960787","12961102","JH378122","9329495","9329803","45","3631292"
"chr6","13117384","13117688","JH378113","15232832","15233136","42","2115448"
"chr6","13136818","13137121","JH378197","3241273","3241575","42","9895545"
"chr6","13140069","13140363","JH378114","37013997","37014291","42","23873928"
"chr6","13161115","13161423","JH378118","10693452","10693756","41","2467663"
"chr6","13171935","13172233","JH378106","69562637","69562935","33","56390702"
"chr6","13219318","13219612","JH378148","5678256","5678554","36","7541062"
"chr6","13319699","13320000","JH378114","38847195","38847493","46","25527496"
"chr6","13361443","13361660","JH378157","1726188","1726408","30","11635255"
"chr6","13373396","13373695","JH378127","13410266","13410565","44","36870"
"chr6","13377140","13377446","JH378118","20140583","20140886","43","6763443"
"chr6","13382211","13382505","JH378131","23697009","23697304","39","10314798"
"chr6","13409152","13409451","JH378188","7232167","7232465","46","6176985"
"chr6","13414591","13414891","JH378125","7759615","7759914","46","5654976"
"chr6","13459122","13459446","JH378183","316692","317005","50","13142430"
"chr6","13460443","13460760","JH378127","13312428","13312732","47","148015"
"chr6","13497222","13497522","JH378167","12353094","12353388","52","1144128"
"chr6","13502786","13503069","JH378110","34162160","34162442","44","20659374"
"chr6","13528923","13529225","JH378148","3064946","3065247","33","10463977"
"chr6","13543800","13544102","JH378225","962832","963129","40","12580968"
"chr6","13544600","13544903","JH378120","3234972","3235279","37","10309628"
"chr6","13561497","13561809","JH378158","4130633","4130943","40","9430864"
"chr6","13591983","13592268","JH378117","25718130","25718412","45","12126147"
"chr6","13611877","13612170","JH378200","4317868","4318159","36","9294009"
"chr6","13626030","13626308","JH378114","30421755","30422034","41","16795725"
"chr6","13628379","13628678","JH378255","1058410","1058705","36","12569969"
"chr6","13647269","13647551","JH378139","17086414","17086694","39","3439145"
"chr6","13692107","13692456","JH378258","963248","963550","87","12728859"
"chr6","13718482","13718777","JH378149","3645044","3645337","47","10073438"
"chr6","13728785","13728826","JH378138","13756681","13756724","14","27896"
"chr6","13730085","13730301","JH378148","14153179","14153404","63","423094"
"chr6","13741816","13741914","JH378111","8181048","8181145","14","5560768"
"chr6","13742326","13742613","JH378257","303275","303558","52","13439051"
"chr6","13748121","13748418","JH378262","1936694","1936996","44","11811427"
"chr6","13769645","13769944","JH378223","2203693","2204002","60","11565952"
"chr6","13774870","13775152","JH378112","3215339","3215609","46","10559531"
"chr6","13822883","13823188","JH378110","15808603","15808903","51","1985720"
"chr6","13824514","13824824","JH378119","13478581","13478885","41","345933"
"chr6","13843152","13843444","JH378111","44623372","44623662","37","30780220"
"chr6","13870902","13871209","JH378200","1283624","1283930","53","12587278"
"chr6","13906508","13906802","JH378116","14428154","14428454","45","521646"
"chr6","13915208","13915506","JH378127","12835287","12835575","46","1079921"
"chr6","13928293","13928559","JH378232","2920110","2920380","39","11008183"
"chr6","13937708","13938006","JH378114","42300955","42301248","46","28363247"
"chr6","13952560","13952693","JH378206","438225","438357","12","13514335"
"chr6","13956880","13957165","JH378127","12790551","12790826","41","1166329"
"chr6","13959871","13960153","JH378123","5667081","5667374","45","8292790"
"chr6","13966447","13966762","JH378116","22378952","22379256","44","8412505"
"chr6","13967064","13967339","JH378247","594726","594998","42","13372338"
"chr6","13971701","13971828","JH378106","1342311","1342445","21","12629390"
"chr6","13979578","13979813","JH378211","2321219","2321454","25","11658359"
"chr6","13985919","13986219","JH378116","34969710","34970012","42","20983791"
"chr6","14010360","14010669","JH378135","16449037","16449347","47","2438677"
"chr6","14016645","14016951","JH378148","16955481","16955786","46","2938836"
"chr6","14029618","14029923","JH378111","8498303","8498600","36","5531315"
"chr6","14038833","14039121","JH378271","1015797","1016086","36","13023036"
"chr6","14078929","14079222","JH378151","4710169","4710461","40","9368760"
"chr6","14098303","14098566","JH378171","8204365","8204637","48","5893938"
"chr6","14156189","14156478","JH378135","1661661","1661952","48","12494528"
"chr6","14258713","14259007","JH378151","2674798","2675090","45","11583915"
"chr6","14279676","14279987","JH378111","34735037","34735341","37","20455361"
"chr6","14328117","14328428","JH378108","34552149","34552452","56","20224032"
"chr6","14396361","14396655","JH378127","12394713","12395011","30","2001648"
"chr6","14398206","14398510","JH378148","16955481","16955786","37","2557275"
"chr6","14495005","14495311","JH378122","7400305","7400610","44","7094700"
"chr6","14585761","14586023","JH378312","1010038","1010291","39","13575723"
"chr6","14607928","14608229","JH378127","12198355","12198661","48","2409573"
"chr6","14624699","14624989","JH378125","15313063","15313352","31","688364"
"chr6","14629355","14629632","JH378114","19860438","19860722","57","5231083"
"chr6","14716999","14717298","JH378148","3031128","3031420","60","11685871"
"chr6","14773145","14773440","JH378159","6984417","6984714","40","7788728"
"chr6","14905985","14906274","JH378211","2467543","2467830","37","12438442"
"chr6","14915968","14916275","JH378262","1936694","1936996","40","12979274"
"chr6","14919202","14919507","JH378145","10834314","10834618","40","4084888"
"chr6","14962508","14962801","JH378111","20566416","20566706","42","5603908"
"chr6","15038935","15039215","JH378117","29365572","29365851","41","14326637"
"chr6","15053535","15053547","JH378105","48290961","48290972","3","33237426"
"chr6","15053579","15053839","JH378239","3904160","3904433","38","11149419"
"chr6","15059621","15059902","JH378264","3817700","3817980","41","11241921"
"chr6","15066358","15066659","JH378137","11561029","11561332","42","3505329"
"chr6","15108873","15109184","JH378127","11703302","11703606","52","3405571"
"chr6","15138749","15139037","JH378122","7809799","7810085","43","7328950"
"chr6","15145066","15145355","JH378127","11665698","11666003","42","3479368"
"chr6","15163458","15163744","JH378141","12622348","12622633","52","2541110"
"chr6","15170400","15170698","JH378145","10500061","10500358","47","4670339"
"chr6","15172608","15172891","JH378105","37094152","37094433","46","21921544"
"chr6","15179685","15179973","JH378153","12544489","12544777","38","2635196"
"chr6","15180712","15180978","JH378122","25364341","25364611","51","10183629"
"chr6","15191075","15191385","JH378118","10693452","10693756","43","4497623"
"chr6","15198622","15198903","JH378113","14459499","14459789","44","739123"
"chr6","15211194","15211500","JH378152","16029844","16030148","39","818650"
"chr6","15216232","15216367","JH378128","24587641","24587775","22","9371409"
"chr6","15226564","15226791","JH378225","1669956","1670188","43","13556608"
"chr6","15239153","15239449","JH378123","5667081","5667374","40","9572072"
"chr6","15256674","15256935","JH378153","3126618","3126874","45","12130056"
"chr6","15258120","15258392","JH378117","36078925","36079198","42","20820805"
"chr6","15259291","15259594","JH378173","4317644","4317951","47","10941647"
"chr6","15262692","15262986","JH378120","3564285","3564577","46","11698407"
"chr6","15263140","15263421","JH378213","4422853","4423134","36","10840287"
"chr6","15282861","15283167","JH378105","45886739","45887040","53","30603878"
"chr6","15287787","15288103","JH378220","2687170","2687483","53","12600617"
"chr6","15296219","15296502","JH378107","57287252","57287540","45","41991033"
"chr6","15299272","15299562","JH378123","21695970","21696268","45","6396698"
"chr6","15301970","15302278","JH378224","2515142","2515446","43","12786828"
"chr6","15316468","15316744","JH378141","13306055","13306336","50","2010413"
"chr6","15331830","15332129","JH378127","11492477","11492779","47","3839353"
"chr6","15333368","15333664","JH378109","48393426","48393723","41","33060058"
"chr6","15340266","15340486","JH378267","1245953","1246155","66","14094313"
"chr6","15348927","15349227","JH378161","2236995","2237295","40","13111932"
"chr6","15354353","15354648","JH378116","14428154","14428454","34","926199"
"chr6","15358760","15359069","JH378124","27126736","27127048","35","11767976"
"chr6","15360169","15360478","JH378148","16955481","16955786","46","1595312"
"chr6","15360479","15360614","JH378213","4209495","4209630","16","11150984"
"chr6","15377357","15377639","JH378106","3058385","3058676","50","12318972"
"chr6","15377816","15378114","JH378127","11463048","11463347","47","3914768"
"chr6","15384655","15384949","JH378141","14454762","14455052","36","929893"
"chr6","15386432","15386741","JH378161","9835663","9835963","54","5550769"
"chr6","15388369","15388586","JH378119","27366391","27366618","30","11978022"
"chr6","15397532","15397660","JH378127","11639804","11639932","27","3757728"
"chr6","15404832","15405107","JH378153","2014992","2015267","56","13389840"
"chr6","15424890","15425200","JH378125","7759615","7759914","53","7665275"
"chr6","15431941","15432238","JH378133","9554694","9554989","44","5877247"
"chr6","15435395","15435526","JH378107","55895704","55895839","35","40460309"
"chr6","15435773","15435956","JH378105","1845263","1845433","85","13590510"
"chr6","15438345","15438604","JH378165","2768423","2768681","40","12669922"
"chr6","15446232","15446527","JH378115","39565442","39565741","38","24119210"
"chr6","15450110","15450394","JH378153","13946678","13946963","38","1503432"
"chr6","15490950","15491252","JH378127","1791547","1791857","52","13699403"
"chr6","15492002","15492276","JH378283","1409036","1409310","37","14082966"
"chr6","15498237","15498518","JH378116","22659343","22659632","43","7161106"
"chr6","15509408","15509698","JH378129","21695439","21695731","48","6186031"
"chr6","15535925","15536172","JH378280","2402149","2402399","59","13133776"
"chr6","15576588","15576894","JH378117","8273843","8274143","49","7302745"
"chr6","15649512","15649771","JH378232","5069112","5069371","41","10580400"
"chr6","15874043","15874354","JH378252","4291425","4291721","54","11582618"
"chr6","15890152","15890453","JH378153","14175225","14175527","38","1714927"
"chr6","15904868","15905166","JH378225","820768","821067","40","15084100"
"chr6","15919898","15920213","JH378190","3857505","3857809","43","12062393"
"chr6","15934834","15935136","JH378117","6076538","6076831","43","9858296"
"chr6","15949806","15950000","JH378133","19630377","19630571","30","3680571"
"chr6","15958831","15959131","JH378157","6647160","6647457","53","9311671"
"chr6","15962819","15963120","JH378108","30957686","30957982","40","14994867"
"chr6","16022808","16023131","JH378127","10755823","10756118","68","5266985"
"chr6","16039351","16039650","JH378198","396866","397166","46","15642485"
"chr6","16078333","16078629","JH378188","7232167","7232465","45","8846166"
"chr6","16109138","16109453","JH378269","2798798","2799107","56","13310340"
"chr6","16109670","16109936","JH378115","31073885","31074145","45","14964215"
"chr6","16128600","16128901","JH378145","10500061","10500358","40","5628539"
"chr6","16144228","16144542","JH378124","5168153","5168455","52","10976075"
"chr6","16246067","16246361","JH378197","8546632","8546928","40","7699435"
"chr6","16264271","16264570","JH378148","3100883","3101184","45","13163388"
"chr6","16294178","16294488","JH378127","10489212","10489529","48","5804966"
"chr6","16317426","16317710","JH378115","7606488","7606778","45","8710938"
"chr6","16320750","16321062","JH378277","618216","618527","52","15702534"
"chr6","16324264","16324560","JH378110","11338627","11338925","41","4985637"
"chr6","16404723","16405013","JH378123","15726416","15726711","49","678307"
"chr6","16420575","16420810","JH378225","1669956","1670188","48","14750619"
"chr6","16432870","16433172","JH378203","7090053","7090349","41","9342817"
"chr6","16496134","16496445","JH378114","31003149","31003455","61","14507015"
"chr6","16506960","16507264","JH378180","768623","768922","53","15738337"
"chr6","16510235","16510365","JH378248","1131095","1131226","14","15379140"
"chr6","16534794","16535083","JH378242","734891","735189","35","15799903"
"chr6","16622947","16623235","JH378188","9653970","9654259","49","6968977"
"chr6","16628961","16629266","JH378195","8607946","8608249","42","8021015"
"chr6","16630435","16630737","JH378176","9166023","9166322","39","7464412"
"chr6","16673445","16673730","JH378198","5063664","5063954","53","11609781"
"chr6","16699471","16699783","JH378206","1268945","1269256","45","15430526"
"chr6","16703744","16704043","JH378114","42118001","42118296","54","25414257"
"chr6","16768270","16768559","JH378123","5667081","5667374","44","11101189"
"chr6","16776515","16776818","JH378242","734891","735189","45","16041624"
"chr6","16793451","16793628","JH378137","19323143","19323313","25","2529692"
"chr6","16793940","16794035","JH378221","3428253","3428345","15","13365687"
"chr6","16833433","16833731","JH378114","42118001","42118296","37","25284568"
"chr6","16946771","16947064","JH378148","2011019","2011312","49","14935752"
"chr6","16950615","16950855","JH378127","9781088","9781328","42","7169527"
"chr6","16951270","16951543","JH378127","9780386","9780667","45","7170884"
"chr6","16996480","16996790","JH378118","10693452","10693756","38","6303028"
"chr6","17011009","17011312","JH378113","15232832","15233136","43","1778177"
"chr6","17031857","17032136","JH378156","3848015","3848295","45","13183842"
"chr6","17123653","17123939","JH378120","16531679","16531967","49","591974"
"chr6","17131559","17131855","JH378204","7978351","7978644","51","9153208"
"chr6","17143550","17143856","JH378127","9581316","9581623","44","7562234"
"chr6","17166508","17166797","JH378139","17676474","17676761","43","509966"
"chr6","17185245","17185526","JH378139","13747850","13748135","50","3437395"
"chr6","17225446","17225751","JH378175","833072","833372","47","16392374"
"chr6","17228522","17228787","JH378127","9493535","9493812","45","7734987"
"chr6","17302801","17303084","JH378127","9431942","9432226","36","7870859"
"chr6","17305458","17305755","JH378127","9429368","9429667","46","7876090"
"chr6","17335182","17335472","JH378135","15931802","15932093","36","1403380"
"chr6","17367139","17367433","JH378220","2465579","2465874","42","14901560"
"chr6","17390435","17390735","JH378135","1774747","1775044","53","15615688"
"chr6","17494352","17494645","JH378242","2757307","2757599","46","14737045"
"chr6","17525654","17525968","JH378137","325432","325738","45","17200222"
"chr6","17544317","17544619","JH378153","5534456","5534758","41","12009861"
"chr6","17550193","17550504","JH378114","12347378","12347691","58","5202815"
"chr6","17553115","17553424","JH378197","8660298","8660600","42","8892817"
"chr6","17559144","17559441","JH378111","12898365","12898668","52","4660779"
"chr6","17578601","17578902","JH378140","7536947","7537253","53","10041654"
"chr6","17579534","17579829","JH378207","6573891","6574190","55","11005643"
"chr6","17621659","17621845","JH378264","1492096","1492274","26","16129563"
"chr6","17639883","17640181","JH378148","13262362","13262662","46","4377521"
"chr6","17648002","17648314","JH378314","184239","184548","43","17463763"
"chr6","17648984","17649272","JH378117","25629277","25629570","50","7980293"
"chr6","17655593","17655884","JH378123","5667081","5667374","41","11988512"
"chr6","17690536","17690827","JH378117","28666592","28666888","53","10976056"
"chr6","17711437","17711725","JH378141","13125645","13125936","38","4585792"
"chr6","17723732","17724039","JH378110","2295622","2295927","47","15428110"
"chr6","17739864","17740179","JH378220","707046","707356","52","17032818"
"chr6","17764727","17765019","JH378113","17041802","17042097","49","722925"
"chr6","17771326","17771621","JH378105","7959742","7960029","38","9811584"
"chr6","17787661","17787967","JH378173","10651343","10651645","45","7136318"
"chr6","17788257","17788519","JH378144","7655233","7655509","49","10133024"
"chr6","17849770","17850080","JH378188","7490346","7490651","38","10359424"
"chr6","17866528","17866830","JH378204","3945411","3945718","40","13921117"
"chr6","17868694","17868969","JH378105","50034667","50034949","45","32165973"
"chr6","17869008","17869037","JH378113","38140728","38140753","8","20271720"
"chr6","17871616","17871909","JH378106","501033","501324","47","17370583"
"chr6","17875333","17875635","JH378113","15232832","15233136","35","2642501"
"chr6","17876809","17877105","JH378234","3681769","3682066","46","14195040"
"chr6","17878643","17878949","JH378153","14175225","14175527","37","3703418"
"chr6","17898311","17898610","JH378106","69658436","69658736","61","51760125"
"chr6","17903375","17903670","JH378110","5763898","5764197","52","12139477"
"chr6","17905513","17905769","JH378165","2768423","2768681","35","15137090"
"chr6","17929636","17929930","JH378127","8881066","8881362","42","9048570"
"chr6","17946598","17946937","JH378115","30806495","30806817","74","12859897"
"chr6","17952850","17953149","JH378142","14668220","14668519","39","3284630"
"chr6","17997307","17997536","JH378148","12365305","12365534","31","5632002"
"chr6","18024817","18025115","JH378242","734891","735189","43","17289926"
"chr6","18027562","18027866","JH378290","1449167","1449465","50","16578395"
"chr6","18034241","18034518","JH378195","1063436","1063714","43","16970805"
"chr6","18073607","18073905","JH378135","16449037","16449347","46","1624570"
"chr6","18080307","18080617","JH378123","605913","606227","37","17474394"
"chr6","18086559","18086857","JH378192","5404726","5405023","41","12681833"
"chr6","18093481","18093783","JH378111","8498303","8498600","40","9595178"
"chr6","18108983","18109289","JH378111","34735037","34735341","52","16626054"
"chr6","18131290","18131587","JH378116","14428154","14428454","47","3703136"
"chr6","18173909","18174038","JH378107","55895704","55895839","21","37721795"
"chr6","18186661","18186960","JH378127","8636908","8637218","50","9549753"
"chr6","18195012","18195314","JH378110","21383801","21384099","39","3188789"
"chr6","18197484","18197772","JH378192","8236570","8236859","42","9960914"
"chr6","18204077","18204368","JH378253","1812488","1812781","47","16391589"
"chr6","18208696","18208998","JH378119","2681409","2681712","35","15527287"
"chr6","18225063","18225310","JH378108","13982684","13982938","56","4242379"
"chr6","18228641","18228909","JH378110","38404971","38405246","59","20176330"
"chr6","18240122","18240420","JH378148","3195871","3196169","41","15044251"
"chr6","18258889","18259187","JH378135","20298147","20298439","39","2039258"
"chr6","18261839","18262138","JH378126","22989289","22989590","41","4727450"
"chr6","18268891","18269208","JH378262","2057384","2057694","45","16211507"
"chr6","18278771","18279064","JH378165","3554292","3554583","49","14724479"
"chr6","18283631","18283934","JH378242","734891","735189","40","17548740"
"chr6","18284447","18284745","JH378112","38999397","38999691","57","20714950"
"chr6","18293713","18294009","JH378152","13742000","13742297","42","4551713"
"chr6","18296636","18296875","JH378179","26435","26676","44","18270201"
"chr6","18298501","18298785","JH378118","8798965","8799246","33","9499536"
"chr6","18313076","18313370","JH378125","5266023","5266318","43","13047053"
"chr6","18341610","18341905","JH378114","42118001","42118296","38","23776391"
"chr6","18346154","18346413","JH378136","14898747","14899023","59","3447407"
"chr6","18356922","18357218","JH378177","10173752","10174049","42","8183170"
"chr6","18362310","18362607","JH378114","22526707","22527002","41","4164397"
"chr6","18363412","18363624","JH378114","42117171","42117377","49","23753759"
"chr6","18390772","18391070","JH378188","7232167","7232465","39","11158605"
"chr6","18399668","18399938","JH378127","8427371","8427640","47","9972297"
"chr6","18400130","18400273","JH378296","556970","557110","22","17843160"
"chr6","18400631","18400937","JH378187","2915232","2915534","60","15485399"
"chr6","18417783","18418085","JH378115","35437828","35438128","40","17020045"
"chr6","18452243","18452415","JH378130","169328","169505","21","18282915"
"chr6","18472302","18472610","JH378118","10693452","10693756","48","7778850"
"chr6","18479768","18480052","JH378152","13742000","13742297","42","4737768"
"chr6","18484345","18484646","AGCE01150506","498","795","46","18483847"
"chr6","18492772","18493062","JH378105","69127752","69128040","51","50634980"
"chr6","18518653","18518959","JH378163","12425279","12425581","47","6093374"
"chr6","18522717","18523014","JH378153","10578245","10578537","46","7944472"
"chr6","18536728","18536946","JH378113","41905483","41905699","24","23368755"
"chr6","18581940","18582235","JH378235","366992","367283","38","18214948"
"chr6","18582236","18582302","JH378118","28682081","28682146","11","10099845"
"chr6","18598079","18598409","JH378201","152141","152475","58","18445938"
"chr6","18620978","18621266","JH378110","16212677","16212966","49","2408301"
"chr6","18657716","18658020","JH378223","2569527","2569832","40","16088189"
"chr6","18671569","18671865","JH378235","366992","367283","44","18304577"
"chr6","18681316","18681580","JH378115","31073885","31074145","45","12392569"
"chr6","18729311","18729595","JH378139","17676474","17676761","49","1052837"
"chr6","18734339","18734646","JH378112","37872057","37872365","47","19137718"
"chr6","18756993","18757287","JH378127","8089549","8089854","51","10667444"
"chr6","18781382","18781685","JH378115","31464116","31464416","48","12682734"
"chr6","18831650","18831940","JH378199","724064","724353","42","18107586"
"chr6","18922779","18923076","JH378188","7232167","7232465","40","11690612"
"chr6","19023401","19023701","JH378213","6894565","6894865","50","12128836"
"chr6","19368057","19368358","JH378176","9166023","9166322","37","10202034"
"chr6","19447159","19447467","JH378127","13264848","13265156","43","6182311"
"chr6","19523966","19524273","JH378152","13742000","13742297","42","5781966"
"chr6","19530709","19530998","JH378213","1684902","1685192","46","17845807"
"chr6","19543066","19543367","JH378192","8464766","8465066","46","11078300"
"chr6","19610026","19610304","JH378122","8503071","8503350","45","11106955"
"chr6","19619413","19619728","JH378152","16029844","16030148","48","3589569"
"chr6","19701124","19701434","JH378129","2351181","2351488","44","17349943"
"chr6","19732661","19732906","JH378118","24778991","24779236","52","5046330"
"chr6","19739384","19739677","JH378106","3058385","3058676","38","16680999"
"chr6","19837633","19837923","JH378234","1211964","1212253","49","18625669"
"chr6","19852480","19852768","JH378140","17057161","17057447","37","2795319"
"chr6","19853239","19853528","JH378123","17415533","17415834","55","2437706"
"chr6","19855308","19855617","JH378279","2022209","2022510","46","17833099"
"chr6","19881114","19881357","JH378108","31567199","31567443","38","11686085"
"chr6","20040946","20041250","JH378153","2356339","2356645","39","17684607"
"chr6","20065609","20065925","JH378117","20188917","20189217","55","123308"
"chr6","20091773","20092084","JH378220","6273810","6274113","50","13817963"
"chr6","20121276","20121568","JH378125","7397444","7397737","40","12723832"
"chr6","20126720","20127006","JH378107","53276825","53277112","45","33150105"
"chr6","20139018","20139312","JH378212","1795711","1796000","43","18343307"
"chr6","20184611","20184905","JH378242","734891","735189","37","19449720"
"chr6","20224224","20224531","JH378255","1987046","1987357","39","18237178"
"chr6","20264397","20264688","JH378138","6648162","6648458","43","13616235"
"chr6","20280051","20280370","JH378115","22819414","22819727","65","2539363"
"chr6","20340155","20340450","JH378114","37013997","37014291","40","16673842"
"chr6","20375895","20376196","JH378133","9812784","9813080","35","10563111"
"chr6","20406058","20406325","JH378105","65209596","65209868","37","44803538"
"chr6","20421005","20421316","JH378297","218770","219080","39","20202235"
"chr6","20422091","20422392","JH378242","734891","735189","41","19687200"
"chr6","20428887","20429185","JH378110","19827299","19827595","41","601588"
"chr6","20439365","20439666","JH378200","4071612","4071915","41","16367753"
"chr6","20450144","20450436","JH378189","3786344","3786637","41","16663800"
"chr6","20473386","20473694","JH378197","8546632","8546928","51","11926754"
"chr6","20485248","20485510","JH378132","2204513","2204777","53","18280735"
"chr6","20494636","20494933","JH378233","20900","21197","49","20473736"
"chr6","20497587","20497891","JH378127","6321663","6321970","45","14175924"
"chr6","20541208","20541507","JH378148","16271022","16271321","44","4270186"
"chr6","20551319","20551629","JH378127","1791547","1791857","46","18759772"
"chr6","20559897","20560202","JH378277","308065","308370","41","20251832"
"chr6","20568210","20568505","JH378242","734891","735189","41","19833319"
"chr6","20600470","20600779","JH378272","590349","590654","42","20010121"
"chr6","20618772","20619072","JH378111","10125047","10125338","48","10493725"
"chr6","20638281","20638559","JH378106","25520842","25521121","40","4882561"
"chr6","20671867","20672086","JH378164","11414062","11414284","37","9257805"
"chr6","20673211","20673514","JH378177","9865797","9866102","40","10807414"
"chr6","20675587","20675889","JH378166","10368159","10368461","39","10307428"
"chr6","20676958","20677169","JH378198","1299151","1299362","35","19377807"
"chr6","20677229","20677532","JH378105","65397117","65397421","53","44719888"
"chr6","20678521","20678816","JH378238","5034133","5034426","43","15644388"
"chr6","20685225","20685529","JH378115","39565442","39565741","43","18880217"
"chr6","20689667","20689965","JH378153","6831439","6831735","46","13858228"
"chr6","20690060","20690368","JH378153","9926861","9927172","40","10763199"
"chr6","20692914","20693214","JH378117","32289208","32289505","44","11596294"
"chr6","20714717","20715006","JH378106","71227716","71228002","40","50512999"
"chr6","20716100","20716381","JH378114","41016841","41017126","48","20300741"
"chr6","20720274","20720556","JH378115","15421028","15421312","39","5299246"
"chr6","20749502","20749788","JH378172","1714916","1715199","42","19034586"
"chr6","20758327","20758629","JH378145","9832985","9833285","59","10925342"
"chr6","20767890","20768185","JH378120","3464324","3464618","40","17303566"
"chr6","20778145","20778442","JH378290","1449167","1449465","33","19328978"
"chr6","20779946","20780209","JH378315","357797","358060","38","20422149"
"chr6","20783780","20784079","JH378146","17108577","17108876","45","3675203"
"chr6","20814304","20814603","JH378173","12616169","12616458","52","8198135"
"chr6","20824052","20824296","JH378167","5371184","5371424","62","15452868"
"chr6","20842885","20843178","JH378111","16422425","16422715","38","4420460"
"chr6","20890597","20890854","JH378151","9077199","9077465","40","11813398"
"chr6","20894480","20894775","JH378163","12759419","12759714","65","8135061"
"chr6","20900082","20900327","JH378115","14364925","14365169","46","6535157"
"chr6","20900607","20900917","JH378281","1512369","1512678","37","19388238"
"chr6","20902092","20902442","JH378125","8963803","8964107","98","11938289"
"chr6","20903723","20904031","JH378135","21300881","21301186","38","397158"
"chr6","20917996","20918120","JH378119","7539270","7539395","9","13378726"
"chr6","21010811","21011107","JH378130","1568570","1568862","52","19442241"
"chr6","21028378","21028684","JH378301","920694","921000","50","20107684"
"chr6","21033124","21033414","JH378111","44623372","44623662","42","23590248"
"chr6","21049747","21050022","JH378118","25082119","25082398","47","4032372"
"chr6","21053372","21053658","JH378153","7052266","7052556","48","14001106"
"chr6","21100411","21100697","JH378125","21926478","21926760","53","826067"
"chr6","21120694","21120976","JH378156","4809441","4809726","38","16311253"
"chr6","21126126","21126407","JH378112","12605686","12605972","47","8520440"
"chr6","21149936","21150233","JH378116","25790477","25790774","44","4640541"
"chr6","21158356","21158652","JH378125","17972994","17973301","67","3185362"
"chr6","21163539","21163829","JH378173","10651343","10651645","43","10512196"
"chr6","21168073","21168201","JH378157","7774135","7774267","16","13393938"
"chr6","21282830","21283144","JH378156","10837845","10838152","45","10444985"
"chr6","21298442","21298750","JH378153","2356339","2356645","53","18942103"
"chr6","21324394","21324693","JH378123","9608291","9608584","39","11716103"
"chr6","21344586","21344867","JH378307","177460","177737","42","21167126"
"chr6","21370018","21370308","JH378173","6989295","6989594","41","14380723"
"chr6","21392031","21392342","JH378284","2533277","2533588","43","18858754"
"chr6","21405950","21406258","JH378242","734891","735189","40","20671059"
"chr6","21462296","21462607","JH378193","3688745","3689057","43","17773551"
"chr6","21483197","21483494","JH378239","610960","611261","49","20872237"
"chr6","21489207","21489519","JH378148","16955481","16955786","51","4533726"
"chr6","21492487","21492740","JH378107","29393673","29393934","42","7901186"
"chr6","21496367","21496689","JH378106","65370916","65371216","54","43874549"
"chr6","21498369","21498617","JH378194","7631348","7631603","42","13867021"
"chr6","21501901","21502151","JH378167","9243480","9243735","49","12258421"
"chr6","21551978","21552284","JH378151","4578678","4578981","44","16973300"
"chr6","21577955","21578268","JH378190","6664878","6665186","38","14913077"
"chr6","21591833","21592138","JH378127","5181397","5181694","44","16410436"
"chr6","21604469","21604580","JH378110","39056738","39056850","20","17452269"
"chr6","21607522","21607824","JH378242","734891","735189","41","20872631"
"chr6","21649893","21650170","JH378141","12693030","12693305","53","8956863"
"chr6","21661486","21661752","JH378127","5111933","5112210","45","16549553"
"chr6","21665960","21666258","JH378162","8611263","8611564","46","13054697"
"chr6","21700517","21700805","JH378200","261439","261727","38","21439078"
"chr6","21705828","21706139","JH378290","1006881","1007187","39","20698947"
"chr6","21709002","21709289","JH378281","1616584","1616872","40","20092418"
"chr6","21738147","21738427","JH378223","4500277","4500555","48","17237870"
"chr6","21743524","21743766","JH378113","28259862","28260109","49","6516338"
"chr6","21764695","21764989","JH378111","16422425","16422715","51","5342270"
"chr6","21773941","21774229","JH378223","4920173","4920462","42","16853768"
"chr6","21778764","21778899","JH378213","4209495","4209630","15","17569269"
"chr6","21779158","21779280","JH378152","13646152","13646248","42","8133006"
"chr6","21791785","21792085","JH378110","7881643","7881940","39","13910142"
"chr6","21795744","21796048","JH378242","734891","735189","39","21060853"
"chr6","21798609","21798914","JH378110","28687908","28688214","43","6889299"
"chr6","21805062","21805359","JH378114","22526707","22527002","42","721645"
"chr6","21818666","21818730","JH378190","5926055","5926123","12","15892611"
"chr6","21827205","21827510","JH378136","6588505","6588803","42","15238700"
"chr6","21832223","21832578","JH378272","1385261","1385623","99","20446962"
"chr6","21834433","21834728","JH378108","32912059","32912352","42","11077626"
"chr6","21839240","21839544","JH378308","1397452","1397755","39","20441788"
"chr6","21861900","21862205","JH378153","5716112","5716412","35","16145788"
"chr6","21877219","21877496","JH378126","1079320","1079599","33","20797899"
"chr6","21893575","21893806","JH378283","75723","75948","50","21817852"
"chr6","21902529","21902826","JH378141","2994818","2995121","48","18907711"
"chr6","21935172","21935337","JH378255","3376293","3376463","38","18558879"
"chr6","21935632","21935767","JH378125","4589691","4589826","16","17345941"
"chr6","21964255","21964554","JH378242","86283","86581","41","21877972"
"chr6","21974632","21974799","JH378141","9929931","9930103","49","12044701"
"chr6","21994463","21994758","JH378119","26008242","26008530","40","4013779"
"chr6","22006541","22006852","JH378115","2255638","2255949","54","19750903"
"chr6","22010038","22010324","JH378148","17296294","17296584","47","4713744"
"chr6","22010586","22010887","JH378151","15568006","15568306","45","6442580"
"chr6","22025162","22025257","JH378171","5304225","5304313","19","16720937"
"chr6","22035596","22035886","JH378216","4809975","4810272","39","17225621"
"chr6","22045433","22045636","JH378121","9165649","9165825","50","12879784"
"chr6","22045921","22046054","JH378105","1845742","1845874","18","20200179"
"chr6","22047122","22047434","JH378147","11751076","11751385","46","10296046"
"chr6","22054862","22055173","JH378276","134131","134438","40","21920731"
"chr6","22091522","22091824","JH378153","7036113","7036415","42","15055409"
"chr6","22133824","22134119","JH378142","12683559","12683854","43","9450265"
"chr6","22142261","22142567","JH378197","4306456","4306760","43","17835805"
"chr6","22153482","22153778","JH378169","4837822","4838119","44","17315660"
"chr6","22166934","22167243","JH378195","8589814","8590126","47","13577120"
"chr6","22198452","22198725","JH378110","19596750","19597032","48","2601702"
"chr6","22266595","22266897","JH378139","1944019","1944317","40","20322576"
"chr6","22286865","22287171","JH378149","422089","422391","42","21864776"
"chr6","22372974","22373269","JH378255","2425058","2425355","37","19947916"
"chr6","22436852","22437161","JH378153","13255573","13255882","47","9181279"
"chr6","22439701","22439853","JH378115","15507637","15507796","28","6932064"
"chr6","22451143","22451431","JH378116","28282701","28282994","49","5831558"
"chr6","22479055","22479352","JH378123","21695970","21696268","40","783085"
"chr6","22491913","22492189","JH378192","5415267","5415549","37","17076646"
"chr6","22494288","22494580","JH378190","9348511","9348806","44","13145777"
"chr6","22498723","22499018","JH378127","4230734","4231023","38","18267989"
"chr6","22514311","22514571","JH378119","27357512","27357778","38","4843201"
"chr6","22597460","22597762","JH378262","1936694","1936996","41","20660766"
"chr6","22640402","22640699","JH378164","2498209","2498503","45","20142193"
"chr6","22799234","22799543","JH378105","64694145","64694448","45","41894911"
"chr6","22926839","22927134","JH378206","1893937","1894229","60","21032902"
"chr6","22957728","22958040","JH378110","40011605","40011912","53","17053877"
"chr6","23011068","23011364","JH378138","7374086","7374381","44","15636982"
"chr6","23037669","23037974","JH378185","6039029","6039324","46","16998640"
"chr6","23059067","23059386","JH378150","2634839","2635156","47","20424228"
"chr6","23434556","23434847","JH378114","37107689","37107986","43","13673133"
"chr6","23443585","23443884","JH378178","8042470","8042765","33","15401115"
"chr6","23497152","23497427","JH378273","1059585","1059873","50","22437567"
"chr6","23569885","23570175","JH378170","1616807","1617104","49","21953078"
"chr6","23580063","23580371","JH378157","11907979","11908290","61","11672084"
"chr6","23698394","23698658","JH378137","2660646","2660911","38","21037748"
"chr6","23703024","23703312","JH378113","21234201","21234490","50","2468823"
"chr6","23731663","23731949","JH378122","7809799","7810085","36","15921864"
"chr6","23763865","23764160","JH378172","9370200","9370493","45","14393665"
"chr6","23860113","23860422","JH378158","4130633","4130943","52","19729480"
"chr6","23920348","23920638","JH378127","2840912","2841205","38","21079436"
"chr6","24051441","24051744","JH378110","12334503","12334809","47","11716938"
"chr6","24071506","24071798","JH378110","9867313","9867609","50","14204193"
"chr6","24083440","24083733","JH378205","5058130","5058413","64","19025310"
"chr6","24187434","24187720","JH378115","30401019","30401318","49","6213585"
"chr6","24232831","24233129","JH378127","2544504","2544808","35","21688327"
"chr6","24313038","24313372","JH378111","14888180","14888521","71","9424858"
"chr6","24322621","24322919","JH378105","4196799","4197087","41","20125822"
"chr6","24405196","24405504","JH378279","2721095","2721404","46","21684101"
"chr6","24499488","24499784","JH378140","17784224","17784519","43","6715264"
"chr6","24502704","24502997","JH378195","2148198","2148495","39","22354506"
"chr6","24507890","24508126","JH378225","1669956","1670188","33","22837934"
"chr6","24529929","24530218","JH378198","802272","802557","45","23727657"
"chr6","24533219","24533530","JH378204","3945411","3945718","44","20587808"
"chr6","24549469","24549770","JH378153","13805769","13806076","53","10743700"
"chr6","24553292","24553552","JH378197","5201186","5201440","45","19352106"
"chr6","24564687","24564757","JH378113","30220684","30220742","20","5655997"
"chr6","24564984","24565042","JH378197","3809633","3809683","16","20755351"
"chr6","24584695","24584990","JH378106","5174681","5174974","44","19410014"
"chr6","24592386","24592679","JH378337","236552","236846","45","24355834"
"chr6","24594841","24595089","JH378107","51935525","51935776","56","27340684"
"chr6","24596923","24597214","JH378153","2856479","2856773","37","21740444"
"chr6","24606277","24606578","JH378116","21873490","21873789","42","2732787"
"chr6","24607616","24607925","JH378197","8295826","8296131","38","16311790"
"chr6","24618713","24619023","JH378254","3358185","3358496","43","21260528"
"chr6","24619497","24619764","JH378127","2146251","2146518","33","22473246"
"chr6","24627508","24627826","JH378117","24069896","24070207","50","557612"
"chr6","24645097","24645353","JH378139","1363865","1364120","48","23281232"
"chr6","24645448","24645746","JH378125","7759615","7759914","47","16885833"
"chr6","24647409","24647688","JH378232","2920110","2920380","47","21727299"
"chr6","24654253","24654548","JH378105","69163567","69163856","49","44509314"
"chr6","24661450","24661738","JH378141","12276799","12277093","57","12384651"
"chr6","24663244","24663535","JH378158","10838105","10838387","50","13825139"
"chr6","24675713","24676000","JH378127","2095680","2095974","42","22580033"
"chr6","24684503","24684801","JH378173","10651343","10651645","50","14033160"
"chr6","24688965","24689247","JH378153","13946678","13946963","38","10742287"
"chr6","24695099","24695462","JH378272","1385261","1385623","99","23309838"
"chr6","24698648","24698959","JH378153","5074032","5074342","42","19624616"
"chr6","24724986","24725285","JH378151","4578678","4578981","35","20146308"
"chr6","24751598","24751893","JH378113","14459499","14459789","41","10292099"
"chr6","24781159","24781459","JH378213","5758371","5758671","59","19022788"
"chr6","24821108","24821403","JH378151","5890359","5890655","37","18930749"
"chr6","24843508","24843788","JH378148","2049280","2049563","44","22794228"
"chr6","24844200","24844502","JH378173","2124263","2124571","55","22719937"
"chr6","24857862","24858160","JH378143","5977166","5977465","36","18880696"
"chr6","24864113","24864388","JH378279","2054556","2054828","45","22809557"
"chr6","24868857","24869120","JH378145","2198867","2199130","44","22669990"
"chr6","24885732","24886030","JH378129","2446692","2446987","43","22439040"
"chr6","24886882","24887178","JH378242","734891","735189","33","24151991"
"chr6","24907155","24907464","JH378127","1875336","1875648","38","23031819"
"chr6","24914104","24914234","JH378255","3852203","3852335","15","21061901"
"chr6","24915524","24915800","JH378198","7606860","7607135","36","17308664"
"chr6","24929077","24929376","JH378123","8271762","8272058","57","16657315"
"chr6","24930314","24930586","JH378127","1852930","1853204","45","23077384"
"chr6","24938723","24939024","JH378122","2490489","2490787","44","22448234"
"chr6","24976330","24976611","JH378126","1079320","1079599","45","23897010"
"chr6","24977899","24978204","JH378135","21300881","21301186","40","3677018"
"chr6","24980416","24980548","JH378115","32282747","32282879","13","7302331"
"chr6","24988856","24989167","JH378111","8245316","8245622","42","16743540"
"chr6","24993640","24993924","JH378184","3320679","3320960","43","21672961"
"chr6","25000047","25000347","JH378191","721436","721740","43","24278611"
"chr6","25009851","25010149","JH378140","6686089","6686388","45","18323762"
"chr6","25014895","25015188","JH378262","1695586","1695867","44","23319309"
"chr6","25054787","25055084","JH378328","592188","592483","43","24462599"
"chr6","25067706","25068001","JH378216","7197480","7197773","41","17870226"
"chr6","25084106","25084401","JH378117","28666592","28666888","46","3582486"
"chr6","25084786","25085071","JH378118","33683606","33683888","34","8598820"
"chr6","25085520","25085814","JH378115","39565442","39565741","48","14479922"
"chr6","25103620","25103919","JH378125","15313063","15313352","44","9790557"
"chr6","25263146","25263464","JH378249","3272268","3272575","53","21990878"
"chr6","25281729","25282023","JH378133","7599511","7599802","39","17682218"
"chr6","25306529","25306828","JH378147","16090736","16091034","51","9215793"
"chr6","25361406","25361651","JH378127","1461592","1461841","46","23899814"
"chr6","25364010","25364307","JH378113","13217060","13217351","62","12146950"
"chr6","25391046","25391332","JH378163","13062219","13062505","45","12328827"
"chr6","25399216","25399509","JH378105","64694145","64694448","55","39294929"
"chr6","25401658","25401960","JH378121","15834452","15834753","49","9567206"
"chr6","25413862","25414136","JH378127","1404659","1404940","46","24009203"
"chr6","25437004","25437296","JH378191","8253001","8253284","44","17184003"
"chr6","25446310","25446611","JH378188","7232167","7232465","42","18214143"
"chr6","25527233","25527537","JH378127","1068611","1068900","56","24458622"
"chr6","25529455","25529733","JH378153","15006959","15007234","43","10522496"
"chr6","25545495","25545802","JH378151","1068911","1069214","42","24476584"
"chr6","25547925","25548193","JH378156","5862655","5862920","44","19685270"
"chr6","25552331","25552636","JH378110","9867313","9867609","48","15685018"
"chr6","25657155","25657454","JH378116","22378952","22379256","40","3278203"
"chr6","25666443","25666743","JH378290","1449167","1449465","46","24217276"
"chr6","25667261","25667565","JH378127","1211526","1211825","40","24455735"
"chr6","25716124","25716400","JH378189","177130","177409","45","25538994"
"chr6","25844962","25845278","JH378140","6899098","6899414","62","18945864"
"chr6","25855993","25856290","JH378142","2765405","2765702","40","23090588"
"chr6","26415955","26416246","JH378120","3464324","3464618","36","22951631"
"chr6","26418203","26418502","JH378116","25336894","25337191","43","1081309"
"chr6","26421180","26421504","JH378269","2896342","2896657","56","23524838"
"chr6","26426584","26426885","JH378242","734891","735189","40","25691693"
"chr6","26442276","26442586","JH378148","2797982","2798286","47","23644294"
"chr6","26468844","26469132","JH378109","8720176","8720466","46","17748668"
"chr6","26474243","26474544","JH378169","1779519","1779816","45","24694724"
"chr6","26484835","26485139","JH378127","680068","680362","46","25804767"
"chr6","26488160","26488454","JH378118","28802926","28803223","35","2314766"
"chr6","26492540","26492821","JH378114","41699374","41699658","50","15206834"
"chr6","26530315","26530616","JH378242","734891","735189","43","25795424"
"chr6","26534493","26534751","JH378190","8642547","8642819","58","17891946"
"chr6","26536498","26536649","JH378108","45860523","45860675","28","19324025"
"chr6","26565722","26566022","JH378242","734891","735189","60","25830831"
"chr6","26575187","26575486","JH378111","38162771","38163069","49","11587584"
"chr6","26583246","26583526","JH378160","6528680","6528961","43","20054566"
"chr6","26591970","26592267","JH378154","14273514","14273808","36","12318456"
"chr6","26597524","26597801","JH378160","13668833","13669105","53","12928691"
"chr6","26622311","26622549","JH378107","6592484","6592707","58","20029827"
"chr6","26627250","26627557","JH378105","56867121","56867407","71","30239871"
"chr6","26631236","26631529","JH378242","734891","735189","43","25896345"
"chr6","26632706","26632984","JH378110","36041336","36041619","47","9408630"
"chr6","26644076","26644379","JH378166","2361289","2361587","49","24282787"
"chr6","26649419","26649529","JH378105","37640710","37640808","31","10991291"
"chr6","26649563","26649684","JH378106","50969566","50969687","23","24320003"
"chr6","26658287","26658590","JH378276","134131","134438","62","26524156"
"chr6","26669449","26669757","JH378122","2559388","2559698","59","24110061"
"chr6","26671717","26672042","JH378290","1006881","1007187","53","25664836"
"chr6","26675601","26675897","JH378113","14199321","14199607","53","12476280"
"chr6","26682285","26682462","JH378107","49996803","49996978","29","23314518"
"chr6","26717525","26717840","JH378150","15636556","15636859","68","11080969"
"chr6","26736464","26736762","JH378135","3218048","3218342","71","23518416"
"chr6","26736772","26737092","JH378148","3100313","3100608","62","23636459"
"chr6","26762423","26762688","JH378153","5852655","5852916","51","20909768"
"chr6","26807303","26807560","JH378179","19798","20051","43","26787505"
"chr6","26821790","26822085","JH378127","309654","309951","50","26512136"
"chr6","26849924","26850226","JH378107","51667756","51668056","49","24817832"
"chr6","26862136","26862436","JH378110","13854731","13855024","39","13007405"
"chr6","26872123","26872432","JH378118","949841","950163","55","25922282"
"chr6","26892286","26892572","JH378179","2770478","2770770","48","24121808"
"chr6","26937422","26937728","JH378127","198483","198784","40","26738939"
"chr6","26938063","26938357","JH378111","8498303","8498600","46","18439760"
"chr6","26954522","26954811","JH378148","12381898","12382184","44","14572624"
"chr6","26962156","26962361","JH378203","7349778","7349995","49","19612378"
"chr6","26965460","26965765","JH378127","169933","170231","42","26795527"
"chr6","26973200","26973494","JH378216","554135","554435","53","26419065"
"chr6","26987117","26987404","JH378116","28282701","28282994","41","1295584"
"chr6","26988509","26988801","JH378112","33033903","33034201","45","6045394"
"chr6","26989565","26989873","JH378113","15232832","15233136","44","11756733"
"chr6","26996077","26996370","JH378171","5901188","5901476","52","21094889"
"chr6","27029372","27029664","JH378125","8254774","8255068","52","18774598"
"chr6","27037947","27038254","JH378116","22378952","22379256","34","4658995"
"chr6","27060696","27060999","JH378188","7490346","7490651","53","19570350"
"chr6","27061912","27062216","JH378113","15232832","15233136","45","11829080"
"chr6","27064547","27064800","JH378186","4785032","4785297","52","22279515"
"chr6","27073967","27074243","JH378180","5047484","5047772","40","22026483"
"chr6","27078102","27078397","JH378106","69562637","69562935","59","42484535"
"chr6","27098044","27098340","JH378243","90680","90981","49","27007364"
"chr6","27115898","27116217","JH378123","29555054","29555355","63","2439156"
"chr6","27117224","27117510","JH378133","19355724","19356005","51","7761500"
"chr6","27120926","27121206","JH378112","12605686","12605972","66","14515240"
"chr6","27152626","27152910","JH378172","970360","970642","48","26182266"
"chr6","27152952","27153058","JH378114","6641063","6641168","14","20511889"
"chr6","27531156","27531437","JH378105","50034667","50034949","39","22503511"
"chr6","27545175","27545411","JH378225","1669956","1670188","39","25875219"
"chr6","27584512","27584811","JH378118","28802926","28803223","50","1218414"
"chr6","27594278","27594578","JH378247","561987","562291","48","27032291"
"chr6","27598459","27598759","JH378260","3586649","3586952","42","24011810"
"chr6","27599139","27599425","JH378203","919532","919816","40","26679607"
"chr6","27618192","27618461","JH378228","5654163","5654435","42","21964029"
"chr6","27639745","27639998","JH378204","2133153","2133405","56","25506592"
"chr6","27651618","27651925","JH378235","464050","464361","49","27187568"
"chr6","27652195","27652282","JH378338","320172","320259","12","27332023"
"chr6","27662168","27662307","JH378172","9413031","9413170","22","18249137"
"chr6","27662562","27662719","JH378113","30220071","30220223","31","2557509"
"chr6","27665932","27666240","JH378242","734891","735189","40","26931041"
"chr6","27687210","27687508","JH378170","1616807","1617104","36","26070403"
"chr6","27693716","27694016","JH378247","2619048","2619349","54","25074668"
"chr6","27698229","27698529","JH378112","34252120","34252420","59","6553891"
"chr6","27709642","27709948","JH378118","10693452","10693756","47","17016190"
"chr6","27719463","27719756","JH378124","9865185","9865466","50","17854278"
"chr6","27739993","27740294","JH378113","15232832","15233136","39","12507161"
"chr6","27772854","27773149","JH378203","919532","919816","47","26853322"
"chr6","27810024","27810246","JH378106","21875079","21875284","67","5934945"
"chr6","27832134","27832436","JH378131","18081632","18081941","47","9750502"
"chr6","27832687","27832970","JH378159","3650966","3651251","45","24181721"
"chr6","27839010","27839300","JH378338","215496","215794","43","27623514"
"chr6","27841756","27842053","JH378123","97512","97808","46","27744244"
"chr6","27876448","27876756","JH378125","9831742","9832046","54","18044706"
"chr6","27892669","27892959","JH378122","7809799","7810085","37","20082870"
"chr6","27907527","27907816","JH378136","354228","354520","37","27553299"
"chr6","27928991","27929293","JH378117","6076538","6076831","47","21852453"
"chr6","27956864","27957057","JH378135","5297078","5297274","21","22659786"
"chr6","27965948","27966246","JH378216","4809975","4810272","52","23155973"
"chr6","27983694","27983990","JH378187","2759115","2759407","33","25224579"
"chr6","28003177","28003477","JH378118","10693452","10693756","34","17309725"
"chr6","28024484","28024791","JH378338","81959","82262","37","27942525"
"chr6","28064018","28064325","JH378262","1936694","1936996","45","26127324"
"chr6","28071607","28071902","JH378167","9906652","9906946","51","18164955"
"chr6","28082489","28082623","JH378123","22021894","22022028","17","6060595"
"chr6","28085123","28085430","JH378153","13255573","13255882","37","14829550"
"chr6","28111269","28111523","JH378216","2032845","2033090","39","26078424"
"chr6","28111544","28111808","JH378114","20734954","20735221","39","7376590"
"chr6","28125854","28126154","JH378137","18837605","18837896","53","9288249"
"chr6","28145795","28146111","JH378156","10837845","10838152","51","17307950"
"chr6","28150183","28150475","JH378153","7052266","7052556","44","21097917"
"chr6","28157049","28157342","JH378142","1314904","1315196","43","26842145"
"chr6","28163589","28163922","JH378113","17168263","17168574","70","10995326"
"chr6","28164397","28164695","JH378173","9132197","9132491","52","19032200"
"chr6","28178593","28178886","JH378123","5667081","5667374","43","22511512"
"chr6","28189044","28189130","JH378362","86982","87072","13","28102062"
"chr6","28197414","28197710","JH378148","16955481","16955786","54","11241933"
"chr6","28202082","28202342","JH378113","29508155","29508427","54","1306073"
"chr6","28216558","28216870","JH378162","1980014","1980319","59","26236544"
"chr6","28222994","28223306","JH378109","26422799","26423098","56","1800195"
"chr6","28232967","28233258","JH378114","19966800","19967083","55","8266167"
"chr6","28249100","28249338","JH378156","3429509","3429747","43","24819591"
"chr6","28301184","28301263","JH378247","4556169","4556250","9","23745015"
"chr6","28306200","28306508","JH378166","2265759","2266061","40","26040441"
"chr6","28323180","28323473","JH378141","14454762","14455052","48","13868418"
"chr6","28324610","28324902","JH378123","29416076","29416371","44","1091466"
"chr6","28329543","28329854","JH378206","1268945","1269256","54","27060598"
"chr6","28333880","28334184","JH378106","69063427","69063728","60","40729547"
"chr6","28364153","28364452","JH378114","36871907","36872207","42","8507754"
"chr6","28366909","28367211","JH378197","8295826","8296131","50","20071083"
"chr6","28369039","28369344","JH378203","7036188","7036492","59","21332851"
"chr6","28385629","28385932","JH378135","16449037","16449347","52","11936592"
"chr6","28394856","28395145","JH378118","2729862","2730159","52","25664994"
"chr6","28407301","28407613","JH378118","10693452","10693756","47","17713849"
"chr6","28424132","28424411","JH378153","8875499","8875775","50","19548633"
"chr6","28465229","28465533","JH378119","202457","202756","42","28262772"
"chr6","28512156","28512460","JH378199","281986","282282","40","28230170"
"chr6","28574529","28574835","JH378118","10693452","10693756","37","17881077"
"chr6","28689717","28690013","JH378329","414619","414914","42","28275098"
"chr6","28694725","28694991","JH378149","4111926","4112191","46","24582799"
"chr6","28837016","28837327","JH378301","920694","921000","50","27916322"
"chr6","28922390","28922634","JH378226","1727064","1727294","65","27195326"
"chr6","28945589","28945892","JH378134","9261505","9261814","50","19684084"
"chr6","28949103","28949393","JH378157","10861177","10861469","37","18087926"
"chr6","28954054","28954362","JH378105","55449636","55449940","44","26495582"
"chr6","28971751","28971949","JH378141","17951685","17951881","30","11020066"
"chr6","28992011","28992310","JH378146","17108577","17108876","48","11883434"
"chr6","28992940","28993226","JH378111","25544585","25544870","47","3448355"
"chr6","29002781","29003067","JH378131","16187314","16187599","53","12815467"
"chr6","29061190","29061490","JH378329","65886","66180","35","28995304"
"chr6","29066006","29066304","JH378134","15452039","15452337","51","13613967"
"chr6","29083517","29083799","JH378144","16421291","16421555","59","12662226"
"chr6","29099340","29099641","JH378135","3588887","3589186","38","25510453"
"chr6","29100217","29100496","JH378175","4246643","4246935","49","24853574"
"chr6","29101929","29102203","JH378164","5828743","5829013","46","23273186"
"chr6","29104410","29104694","JH378146","14862748","14863016","58","14241662"
"chr6","29114431","29114741","JH378186","5838317","5838619","43","23276114"
"chr6","29150200","29150331","JH378256","3727610","3727746","19","25422590"
"chr6","29162756","29163054","JH378106","6660208","6660505","46","22502548"
"chr6","29165930","29166236","JH378163","5120153","5120462","48","24045777"
"chr6","29186413","29186722","JH378137","4045758","4046064","46","25140655"
"chr6","29187202","29187473","JH378113","14707725","14708008","51","14479477"
"chr6","29277848","29278137","JH378146","775831","776122","46","28502017"
"chr6","29293139","29293426","JH378232","2593736","2594029","55","26699403"
"chr6","29303829","29304121","JH378156","6136159","6136453","44","23167670"
"chr6","29313029","29313325","JH378188","7232167","7232465","47","22080862"
"chr6","29324150","29324448","JH378213","1684902","1685192","61","27639248"
"chr6","29343798","29344117","JH378172","9553918","9554219","56","19789880"
"chr6","29351347","29351647","JH378242","734891","735189","37","28616456"
"chr6","29361107","29361411","JH378348","162949","163251","51","29198158"
"chr6","29372935","29373173","JH378115","5550496","5550719","39","23822439"
"chr6","29374223","29374504","JH378232","1568670","1568950","53","27805553"
"chr6","29375562","29375841","JH378173","4795221","4795500","29","24580341"
"chr6","29385869","29386164","JH378168","3584634","3584929","49","25801235"
"chr6","29413093","29413396","JH378113","4126123","4126428","48","25286970"
"chr6","29418077","29418364","JH378172","11247159","11247445","49","18170918"
"chr6","29421626","29421938","JH378135","3487580","3487886","45","25934046"
"chr6","29424557","29424686","JH378108","54717825","54717948","38","25293268"
"chr6","29424984","29425119","JH378137","20809279","20809414","14","8615705"
"chr6","29434640","29434949","JH378115","28553246","28553551","48","881394"
"chr6","29449365","29449651","JH378281","1560351","1560643","45","27889014"
"chr6","29470460","29470758","JH378242","734891","735189","39","28735569"
"chr6","29476491","29476741","JH378156","1741769","1742011","38","27734722"
"chr6","29480249","29480532","JH378198","2573118","2573391","57","26907131"
"chr6","29489715","29490019","JH378139","15546874","15547182","36","13942841"
"chr6","29494039","29494348","JH378234","1968214","1968523","48","27525825"
"chr6","29515882","29516188","JH378151","4578678","4578981","59","24937204"
"chr6","29520982","29521290","JH378116","22378952","22379256","46","7142030"
"chr6","29612637","29612935","JH378148","16271022","16271321","44","13341615"
"chr6","29680025","29680321","JH378114","22526707","22527002","44","7153318"
"chr6","29789722","29790038","JH378108","34552149","34552452","58","4762427"
"chr6","29869154","29869433","JH378257","303275","303558","41","29565879"
"chr6","29893719","29894015","JH378136","272512","272800","47","29621207"
"chr6","29979708","29980014","JH378274","1083351","1083653","41","28896357"
"chr6","30019507","30019827","JH378122","4663539","4663860","60","25355968"
"chr6","30029472","30029774","JH378161","2236995","2237295","44","27792477"
"chr6","30096771","30097045","JH378127","5094200","5094469","55","25002571"
"chr6","30107348","30107641","JH378118","28923693","28923986","41","1183655"
"chr6","30109173","30109426","JH378256","147021","147285","48","29962152"
"chr6","30120415","30120553","JH378279","1973071","1973206","18","28147344"
"chr6","30140710","30140955","JH378151","8083771","8084026","46","22056939"
"chr6","30149946","30150237","JH378115","28716128","28716418","46","1433818"
"chr6","30162128","30162398","JH378247","2659390","2659659","38","27502738"
"chr6","30298504","30298758","JH378341","25305","25558","46","30273199"
"chr6","30486014","30486300","JH378105","63280943","63281232","53","32794929"
"chr6","30488360","30488664","JH378265","117843","118145","47","30370517"
"chr6","30510629","30510933","JH378227","3516504","3516809","60","26994125"
"chr6","30546708","30547007","JH378216","4809975","4810272","51","25736733"
"chr6","30895590","30895891","JH378133","20125839","20126135","56","10769751"
"chr6","30928089","30928365","JH378135","15079520","15079802","45","15848569"
"chr6","30949909","30950205","JH378136","18824175","18824470","43","12125734"
"chr6","30969044","30969339","JH378191","8253001","8253284","47","22716043"
"chr6","30979920","30980229","JH378148","16955481","16955786","45","14024439"
"chr6","30984255","30984531","JH378228","5436311","5436584","58","25547944"
"chr6","30988049","30988351","JH378204","3129799","3130101","40","27858250"
"chr6","30992760","30993057","JH378159","6984417","6984714","55","24008343"
"chr6","31006166","31006468","JH378117","28653042","28653341","51","2353124"
"chr6","31016927","31017222","JH378341","459391","459680","33","30557536"
"chr6","31080969","31081203","JH378133","19647541","19647758","57","11433428"
"chr6","31116340","31116650","JH378137","19447464","19447770","37","11668876"
"chr6","31122861","31123185","JH378327","696971","697283","52","30425890"
"chr6","31125076","31125370","JH378235","366992","367283","41","30758084"
"chr6","31150985","31151068","JH378252","3354744","3354829","8","27796241"
"chr6","31163185","31163490","JH378189","6899711","6900009","38","24263474"
"chr6","31201370","31201662","JH378204","6750334","6750618","50","24451036"
"chr6","31241336","31241463","JH378135","301532","301659","16","30939804"
"chr6","31253686","31253975","JH378122","7104036","7104320","63","24149650"
"chr6","31266534","31266807","JH378105","37154920","37155200","50","5888386"
"chr6","31273460","31273752","JH378291","130444","130734","44","31143016"
"chr6","31277974","31278106","JH378250","3945458","3945588","25","27332516"
"chr6","31278395","31278573","JH378267","358566","358737","33","30919829"
"chr6","31292085","31292386","JH378130","1568570","1568862","41","29723515"
"chr6","31295731","31296040","JH378133","21496907","21497208","42","9798824"
"chr6","31307673","31307871","JH378191","5910316","5910514","36","25397357"
"chr6","31325155","31325418","JH378108","18316747","18317013","50","13008408"
"chr6","31346287","31346590","JH378242","734891","735189","44","30611396"
"chr6","31351940","31352214","JH378115","32620321","32620601","52","1268381"
"chr6","31361008","31361285","JH378299","1577298","1577573","60","29783710"
"chr6","31361593","31361904","JH378135","16449037","16449347","38","14912556"
"chr6","31369640","31369790","JH378138","2376435","2376586","18","28993205"
"chr6","31390041","31390119","JH378321","684167","684245","9","30705874"
"chr6","31400170","31400455","JH378116","14428154","14428454","44","16972016"
"chr6","31403422","31403713","JH378148","13262362","13262662","45","18141060"
"chr6","31411056","31411385","JH378284","371461","371790","45","31039595"
"chr6","31420606","31420920","JH378109","23297674","23297984","51","8122932"
"chr6","31424391","31424685","JH378123","5667081","5667374","36","25757310"
"chr6","31425742","31426025","JH378117","26189716","26190001","47","5236026"
"chr6","31426053","31426063","JH378105","48290961","48290972","4","16864908"
"chr6","31439552","31439856","JH378174","8695069","8695365","46","22744483"
"chr6","31473923","31474230","JH378128","10277367","10277671","42","21196556"
"chr6","31487044","31487346","JH378119","28681267","28681563","72","2805777"
"chr6","31487646","31487962","JH378152","11336507","11336813","53","20151139"
"chr6","31540583","31540885","JH378122","5272066","5272363","41","26268517"
"chr6","31596804","31597107","JH378149","15885379","15885676","42","15711425"
"chr6","31597108","31597419","JH378137","15935777","15936084","45","15661331"
"chr6","31602637","31602928","JH378118","2729862","2730159","44","28872775"
"chr6","31609440","31609737","JH378112","1204186","1204477","54","30405254"
"chr6","31632646","31632946","JH378234","2806107","2806409","48","28826539"
"chr6","31644489","31644784","JH378293","1508849","1509149","33","30135640"
"chr6","31676343","31676644","JH378113","26550017","26550324","39","5126326"
"chr6","31747174","31747444","JH378291","978377","978647","47","30768797"
"chr6","31760196","31760416","JH378114","40776419","40776634","31","9016223"
"chr6","31763811","31764110","JH378192","8464766","8465066","42","23299045"
"chr6","31771840","31772222","JH378106","1352423","1352795","111","30419417"
"chr6","31778375","31778666","JH378115","7606488","7606778","41","24171887"
"chr6","31785434","31785575","JH378173","169531","169672","18","31615903"
"chr6","31785602","31785651","JH378118","28940531","28940576","16","2845071"
"chr6","31828013","31828318","JH378153","9926861","9927172","41","21901152"
"chr6","31829717","31830001","JH378141","18960474","18960765","48","12869243"
"chr6","31833749","31834047","JH378119","360557","360852","42","31473192"
"chr6","31840190","31840481","JH378328","592188","592483","46","31248002"
"chr6","31848970","31849240","JH378133","5160471","5160742","37","26688499"
"chr6","31854989","31855255","JH378140","8602798","8603065","50","23252191"
"chr6","31885217","31885495","JH378106","18260892","18261167","59","13624325"
"chr6","32008091","32008257","JH378235","3941830","3942000","28","28066261"
"chr6","32088752","32089058","JH378156","9252745","9253052","43","22836007"
"chr6","32089152","32089443","JH378157","8047049","8047337","47","24042103"
"chr6","32122112","32122407","JH378140","16737561","16737856","44","15384551"
"chr6","32134304","32134605","JH378153","14175225","14175527","38","17959079"
"chr6","32135532","32135825","JH378315","1040855","1041148","35","31094677"
"chr6","32142168","32142227","JH378131","12968993","12969052","10","19173175"
"chr6","32222455","32222735","JH378315","930106","930399","41","31292349"
"chr6","32224045","32224335","JH378125","9411550","9411835","37","22812495"
"chr6","32227025","32227302","JH378315","925025","925302","38","31302000"
"chr6","32256439","32256704","JH378124","359696","359952","43","31896743"
"chr6","32259696","32259968","JH378236","2562853","2563118","43","29696843"
"chr6","32292261","32292572","JH378118","10693452","10693756","51","21598809"
"chr6","32298490","32298784","JH378214","5755548","5755843","47","26542942"
"chr6","32348456","32348756","JH378165","3554292","3554583","41","28794164"
"chr6","32361309","32361614","JH378188","7232167","7232465","45","25129142"
"chr6","32366190","32366485","JH378189","6558899","6559199","47","25807291"
"chr6","32372322","32372601","JH378173","4795221","4795500","37","27577101"
"chr6","32379237","32379374","JH378232","1625232","1625366","23","30754005"
"chr6","32381124","32381300","JH378105","45345926","45346101","28","12964802"
"chr6","32388547","32388773","JH378121","27636124","27636353","62","4752423"
"chr6","32444337","32444473","JH378136","13734238","13734384","43","18710099"
"chr6","32444503","32444619","JH378238","5084371","5084491","22","27360132"
"chr6","32456199","32456493","JH378107","53276825","53277112","43","20820626"
"chr6","32461422","32461595","JH378105","45345926","45346101","22","12884504"
"chr6","32487033","32487334","JH378255","1058410","1058705","47","31428623"
"chr6","32503083","32503274","JH378167","5904738","5904927","51","26598345"
"chr6","32503503","32503648","JH378118","8337979","8338128","20","24165524"
"chr6","32521277","32521569","JH378105","22547233","22547531","51","9974044"
"chr6","32522855","32523126","JH378236","2562853","2563118","43","29960002"
"chr6","32593616","32593951","JH378315","532604","532908","62","32061012"
"chr6","32605756","32606056","JH378197","3241273","3241575","45","29364483"
"chr6","32621778","32622087","JH378173","6575149","6575450","48","26046629"
"chr6","32629084","32629190","JH378281","1550830","1550932","17","31078254"
"chr6","32660307","32660502","JH378115","35615925","35616125","30","2955618"
"chr6","32660982","32661248","JH378151","9077199","9077465","36","23583783"
"chr6","32684229","32684512","JH378315","434462","434755","39","32249767"
"chr6","32735717","32736026","JH378118","12197167","12197472","46","20538550"
"chr6","32736873","32737186","JH378290","1006881","1007187","47","31729992"
"chr6","32759008","32759315","JH378135","3487580","3487886","47","29271428"
"chr6","32760969","32761181","JH378139","1594662","1594875","28","31166307"
"chr6","32767628","32767929","JH378130","7690812","7691113","40","25076816"
"chr6","32770711","32770961","JH378275","1692408","1692657","25","31078303"
"chr6","32804062","32804379","JH378106","69447400","69447710","53","36643338"
"chr6","32821005","32821287","JH378315","318256","318537","37","32502749"
"chr6","32840869","32841171","JH378118","10693452","10693756","44","22147417"
"chr6","32916323","32916623","JH378113","21075394","21075684","54","11840929"
"chr6","32941510","32941821","JH378315","240288","240600","33","32701222"
"chr6","33147502","33147799","JH378342","243194","243483","52","32904308"
"chr6","33288102","33288334","JH378137","8528832","8529057","35","24759270"
"chr6","33376592","33376886","JH378264","3021184","3021476","40","30355408"
"chr6","33382935","33383240","JH378133","20178490","20178796","58","13204445"
"chr6","33459265","33459577","JH378118","10693452","10693756","44","22765813"
"chr6","33480580","33480859","JH378174","6746834","6747100","53","26733746"
"chr6","33567107","33567387","JH378114","36224521","36224801","41","2657414"
"chr6","33578384","33578676","JH378135","858419","858710","45","32719965"
"chr6","33600069","33600290","JH378112","30782089","30782308","32","2817980"
"chr6","33608114","33608411","JH378151","7886262","7886543","56","25721852"
"chr6","33612854","33613113","JH378107","57852831","57853093","46","24239977"
"chr6","33627641","33627951","JH378149","422089","422391","56","33205552"
"chr6","33663783","33664104","JH378122","9828776","9829084","69","23835007"
"chr6","33672096","33672389","JH378212","1015865","1016152","52","32656231"
"chr6","33819068","33819391","JH378118","10693452","10693756","63","23125616"
"chr6","33832095","33832368","JH378165","6914194","6914462","55","26917901"
"chr6","33840453","33840717","JH378144","16421291","16421555","41","17419162"
"chr6","33842422","33842695","JH378117","10939265","10939537","38","22903157"
"chr6","33869612","33869904","JH378204","7978351","7978644","42","25891261"
"chr6","33933803","33934105","JH378271","950556","950862","49","32983247"
"chr6","34014130","34014415","JH378115","15421028","15421312","40","18593102"
"chr6","34016673","34016986","JH378115","16666421","16666731","42","17350252"
"chr6","34017142","34017452","JH378124","13618146","13618450","45","20398996"
"chr6","34031839","34032128","JH378242","2326603","2326893","52","31705236"
"chr6","34046859","34047165","JH378112","16541777","16542068","45","17505082"
"chr6","34054724","34055005","JH378193","2263082","2263366","40","31791642"
"chr6","34060696","34060998","JH378149","10866432","10866728","51","23194264"
"chr6","34077109","34077413","JH378106","63273965","63274271","48","29196856"
"chr6","34084599","34084889","JH378135","1343448","1343737","38","32741151"
"chr6","34087350","34087609","JH378190","6135160","6135434","45","27952190"
"chr6","34125803","34125917","JH378124","12102465","12102571","17","22023338"
"chr6","34153697","34153977","JH378114","36224521","36224801","37","2070824"
"chr6","34155583","34155880","JH378148","3100313","3100608","39","31055270"
"chr6","34172099","34172386","JH378181","6614824","6615107","41","27557275"
"chr6","34180005","34180299","JH378116","25790477","25790774","44","8389528"
"chr6","34190909","34191043","JH378117","16196051","16196181","46","17994858"
"chr6","34192534","34192587","JH378106","21464701","21464751","22","12727833"
"chr6","34195223","34195515","JH378115","28716128","28716418","39","5479095"
"chr6","34195584","34195836","JH378105","56383640","56383887","49","22188056"
"chr6","34204370","34204667","JH378115","4468387","4468689","42","29735983"
"chr6","34228788","34229096","JH378116","36267689","36268001","46","2038901"
"chr6","34230751","34231032","JH378300","61533","61817","51","34169218"
"chr6","34234245","34234533","JH378191","967537","967830","40","33266708"
"chr6","34235203","34235507","JH378197","5892550","5892858","69","28342653"
"chr6","34235714","34236022","JH378108","44664521","44664828","58","10428807"
"chr6","34238443","34238735","JH378123","5667081","5667374","36","28571362"
"chr6","34238771","34239065","JH378121","20933847","20934138","58","13304924"
"chr6","34240436","34240580","JH378142","12368468","12368611","41","21871968"
"chr6","34240608","34240763","JH378173","169531","169672","30","34071077"
"chr6","34243528","34243815","JH378220","4350061","4350357","41","29893467"
"chr6","34251512","34251794","JH378109","8720176","8720466","44","25531336"
"chr6","34279349","34279664","JH378110","2590007","2590314","44","31689342"
"chr6","34294034","34294329","JH378112","32590536","32590832","39","1703498"
"chr6","34297743","34297877","JH378106","1342311","1342445","12","32955432"
"chr6","34335608","34335903","JH378130","24157685","24157981","40","10177923"
"chr6","34356717","34357018","JH378120","3564285","3564577","40","30792432"
"chr6","34383638","34383936","JH378111","45007293","45007590","38","10623655"
"chr6","34399259","34399554","JH378173","10651343","10651645","40","23747916"
"chr6","34422903","34423210","JH378108","30957686","30957982","70","3465217"
"chr6","34440028","34440339","JH378168","1759484","1759793","40","32680544"
"chr6","34530568","34530874","JH378152","13332030","13332334","42","21198538"
"chr6","34607110","34607432","JH378112","31767112","31767424","56","2839998"
"chr6","34648304","34648612","JH378148","2797982","2798286","48","31850322"
"chr6","34651305","34651591","JH378122","7104036","7104320","52","27547269"
"chr6","34659266","34659559","JH378115","28716128","28716418","35","5943138"
"chr6","34689895","34690191","JH378170","1616807","1617104","40","33073088"
"chr6","34691631","34691931","JH378124","10805017","10805321","39","23886614"
"chr6","34711164","34711475","JH378254","2748165","2748472","44","31962999"
"chr6","34844387","34844675","JH378108","38085073","38085361","40","3240686"
"chr6","34853969","34854262","JH378264","1037946","1038240","40","33816023"
"chr6","34879615","34879900","JH378326","204096","204381","36","34675519"
"chr6","34888824","34889118","JH378137","9382406","9382700","56","25506418"
"chr6","34895835","34896059","JH378186","5607171","5607396","41","29288664"
"chr6","34903926","34904184","JH378114","41071383","41071643","54","6167457"
"chr6","34905161","34905464","JH378262","2136465","2136766","45","32768696"
"chr6","34931849","34932141","JH378136","2698913","2699197","35","32232936"
"chr6","34963728","34964022","JH378220","1011665","1011962","38","33952063"
"chr6","34964278","34964559","JH378114","40484135","40484420","38","5519857"
"chr6","34966760","34967053","JH378129","21695439","21695731","58","13271321"
"chr6","34977533","34977691","JH378125","6922374","6922528","25","28055159"
"chr6","34980251","34980552","JH378279","2532931","2533234","40","32447320"
"chr6","34982637","34982919","JH378105","50034667","50034949","39","15052030"
"chr6","35001613","35001927","JH378122","363357","363667","53","34638256"
"chr6","35001964","35002256","JH378166","530033","530321","37","34471931"
"chr6","35024303","35024531","JH378112","32175217","32175451","31","2849086"
"chr6","35047767","35048060","JH378123","5667081","5667374","41","29380686"
"chr6","35049942","35050224","JH378115","18767083","18767371","53","16282859"
"chr6","35067398","35067704","JH378141","10991910","10992217","46","24075488"
"chr6","35075421","35075713","JH378269","679042","679330","37","34396379"
"chr6","35086316","35086610","JH378195","2148198","2148495","44","32938118"
"chr6","35088396","35088701","JH378115","33936739","33937047","47","1151657"
"chr6","35088885","35089149","JH378114","20734954","20735221","39","14353931"
"chr6","35146791","35147087","JH378176","11059887","11060178","48","24086904"
"chr6","35154364","35154661","JH378107","6452956","6453247","46","28701408"
"chr6","35170907","35171210","JH378245","1065043","1065345","44","34105864"
"chr6","35224503","35224772","JH378213","4413166","4413443","44","30811337"
"chr6","35232983","35233292","JH378204","3129799","3130101","42","32103184"
"chr6","35244430","35244740","JH378115","7530212","7530515","44","27714218"
"chr6","35268462","35268774","JH378315","549721","550032","38","34718741"
"chr6","35275771","35276062","JH378106","14024896","14025185","39","21250875"
"chr6","35279181","35279476","JH378111","19299023","19299303","73","15980158"
"chr6","35287807","35288102","JH378235","5966662","5966955","41","29321145"
"chr6","35297393","35297683","JH378112","32470940","32471231","33","2826453"
"chr6","35298210","35298507","JH378242","734891","735189","40","34563319"
"chr6","35308958","35309254","JH378216","2126143","2126440","37","33182815"
"chr6","35309648","35309948","JH378105","37949554","37949854","45","2639906"
"chr6","35336383","35336687","JH378112","16541777","16542068","50","18794606"
"chr6","35337914","35338192","JH378223","5259349","5259635","47","30078565"
"chr6","35345941","35346216","JH378154","6381721","6381996","52","28964220"
"chr6","35353845","35354109","JH378273","361264","361529","38","34992581"
"chr6","35364718","35365005","JH378127","5317720","5318008","46","30046998"
"chr6","35374069","35374367","JH378145","12975453","12975750","40","22398616"
"chr6","35381312","35381598","JH378127","19348533","19348831","41","16032779"
"chr6","35393902","35394187","JH378167","11533487","11533764","44","23860415"
"chr6","35406964","35407264","JH378123","29792372","29792668","41","5614592"
"chr6","35418891","35419204","JH378112","32594621","32594937","32","2824270"
"chr6","35427508","35427807","JH378204","7448497","7448799","38","27979011"
"chr6","35440894","35441178","JH378105","50034667","50034949","66","14593773"
"chr6","35467382","35467682","JH378105","21432112","21432406","42","14035270"
"chr6","35473671","35473964","JH378152","16250304","16250576","57","19223367"
"chr6","35487805","35488094","JH378136","354228","354520","35","35133577"
"chr6","35512511","35512813","JH378156","6301995","6302299","40","29210516"
"chr6","35524855","35524925","JH378167","9327658","9327728","10","26197197"
"chr6","35527862","35528166","JH378130","4569551","4569853","51","30958311"
"chr6","35554342","35554652","JH378117","15749415","15749721","49","19804927"
"chr6","35571684","35571946","JH378196","3337122","3337394","53","32234562"
"chr6","35590665","35590917","JH378164","6881616","6881870","37","28709049"
"chr6","35623676","35623964","JH378114","11994163","11994456","46","23629513"
"chr6","35635352","35635662","JH378197","8295826","8296131","39","27339526"
"chr6","35665131","35665273","JH378140","10469678","10469823","18","25195453"
"chr6","35674409","35674701","JH378189","4142684","4142973","40","31531725"
"chr6","35728911","35729207","JH378293","1508849","1509149","37","34220062"
"chr6","35762997","35763306","JH378112","14156547","14156860","43","21606450"
"chr6","35763863","35764157","JH378112","32590536","32590832","47","3173327"
"chr6","35767364","35767654","JH378108","29501194","29501485","64","6266170"
"chr6","35768060","35768372","JH378288","629003","629310","36","35139057"
"chr6","35789756","35790013","JH378106","67415238","67415492","36","31625482"
"chr6","35817198","35817472","JH378173","2558012","2558297","45","33259186"
"chr6","35830213","35830512","JH378125","19474059","19474357","38","16356154"
"chr6","35833211","35833488","JH378122","8503071","8503350","41","27330140"
"chr6","35854811","35855041","JH378180","4282783","4283018","47","31572028"
"chr6","35857077","35857391","JH378188","7490346","7490651","39","28366731"
"chr6","35868478","35868756","JH378112","33071640","33071932","42","2796838"
"chr6","35882534","35882842","JH378106","69063427","69063728","42","33180893"
"chr6","35931355","35931657","JH378105","45886739","45887040","35","9955384"
"chr6","35935097","35935128","JH378113","38140728","38140753","11","2205631"
"chr6","35935155","35935438","JH378105","48908860","48909139","55","12973705"
"chr6","35981951","35982213","JH378143","6036848","6037103","53","29945103"
"chr6","36014350","36014642","JH378148","3195871","3196169","38","32818479"
"chr6","36022341","36022612","JH378190","8642547","8642819","57","27379794"
"chr6","36042396","36042683","JH378137","14089045","14089336","44","21953351"
"chr6","36052818","36053106","JH378115","28716128","28716418","48","7336690"
"chr6","36053107","36053219","JH378217","100735","100849","13","35952372"
"chr6","36065385","36065688","JH378110","15808603","15808903","42","20256782"
"chr6","36077946","36078241","JH378112","33279790","33280085","30","2798156"
"chr6","36108577","36108882","JH378112","33318993","33319298","41","2789584"
"chr6","36114477","36114609","JH378173","4651544","4651679","25","31462933"
"chr6","36135621","36135894","JH378105","22316938","22317211","38","13818683"
"chr6","36140784","36140917","JH378130","7603822","7603951","19","28536962"
"chr6","36141208","36141383","JH378267","358566","358737","39","35782642"
"chr6","36154947","36155228","JH378189","719706","719987","37","35435241"
"chr6","36161119","36161435","JH378137","1875711","1876013","52","34285408"
"chr6","36166530","36166664","JH378110","19797702","19797836","18","16368828"
"chr6","36168005","36168276","JH378114","21069080","21069353","44","15098925"
"chr6","36173285","36173577","JH378141","14454762","14455052","49","21718523"
"chr6","36303728","36304028","JH378168","3584634","3584929","40","32719094"
"chr6","36317096","36317406","JH378105","1126046","1126352","42","35191050"
"chr6","36321508","36321811","JH378242","734891","735189","40","35586617"
"chr6","36358122","36358423","JH378123","21695970","21696268","36","14662152"
"chr6","36385835","36386121","JH378193","4448489","4448777","39","31937346"
"chr6","36389564","36389859","JH378120","32488180","32488474","41","3901384"
"chr6","36414727","36415035","JH378119","2681409","2681712","46","33733318"
"chr6","36419296","36419429","JH378197","4216393","4216528","19","32202903"
"chr6","36420869","36421111","JH378258","286905","287142","37","36133964"
"chr6","36459028","36459327","JH378204","3129799","3130101","38","33329229"
"chr6","36467059","36467281","JH378232","5277211","5277432","33","31189848"
"chr6","36497966","36498257","JH378114","30724364","30724646","62","5773602"
"chr6","36500403","36500699","JH378203","7090053","7090349","44","29410350"
"chr6","36505994","36506242","JH378225","5779551","5779803","43","30726443"
"chr6","36517500","36517790","JH378153","3657938","3658227","40","32859562"
"chr6","36522775","36523079","JH378118","10693452","10693756","44","25829323"
"chr6","36540492","36540798","JH378258","1807287","1807590","49","34733205"
"chr6","36576824","36577123","JH378153","2201355","2201655","42","34375469"
"chr6","36583890","36584189","JH378111","38162771","38163069","47","1578881"
"chr6","36587780","36587914","JH378118","26633932","26634069","13","9953848"
"chr6","36590213","36590395","JH378196","989088","989254","48","35601125"
"chr6","36590629","36590758","JH378105","56601369","56601491","42","20010740"
"chr6","36593399","36593693","JH378199","281986","282282","44","36311413"
"chr6","36599718","36600003","JH378116","24131102","24131385","43","12468616"
"chr6","36602931","36603215","JH378153","2856479","2856773","40","33746452"
"chr6","36617965","36618221","JH378290","825761","826024","39","35792204"
"chr6","36629747","36630040","JH378204","7978351","7978644","42","28651396"
"chr6","36641299","36641589","JH378153","2856479","2856773","43","33784820"
"chr6","36642933","36643220","JH378141","9239081","9239369","32","27403852"
"chr6","36643256","36643266","JH378185","5729091","5729102","4","30914165"
"chr6","36651857","36652001","JH378213","4209495","4209630","25","32442362"
"chr6","36652575","36652732","JH378242","324062","324200","53","36328513"
"chr6","36707202","36707487","JH378189","7501508","7501793","34","29205694"
"chr6","36708531","36708822","JH378216","2499104","2499400","44","34209427"
"chr6","36717034","36717331","JH378145","6668964","6669258","41","30048070"
"chr6","36735636","36735940","JH378112","33852167","33852476","40","2883469"
"chr6","36736334","36736650","JH378105","54610411","54610729","61","17874077"
"chr6","36739189","36739485","JH378111","40734534","40734829","40","3995345"
"chr6","36741341","36741647","JH378247","561987","562291","40","36179354"
"chr6","36745672","36745983","JH378127","19235627","19235939","46","17510045"
"chr6","36763605","36763898","JH378148","3092528","3092826","43","33671077"
"chr6","36766919","36767197","JH378114","41016841","41017126","46","4249922"
"chr6","36769844","36770126","JH378288","1300895","1301180","42","35468949"
"chr6","36771310","36771614","JH378157","10039092","10039395","36","26732218"
"chr6","36777661","36777965","JH378149","11008638","11008947","50","25769023"
"chr6","36797372","36797673","JH378111","13133237","13133532","48","23664135"
"chr6","36800367","36800653","JH378106","9962324","9962614","47","26838043"
"chr6","36808730","36809006","JH378137","19855649","19855924","43","16953081"
"chr6","36823283","36823594","JH378112","33452684","33452993","44","3370599"
"chr6","36831668","36831963","JH378188","7232167","7232465","36","29599501"
"chr6","36840560","36840849","JH378105","69163567","69163856","37","32323007"
"chr6","36901408","36901706","JH378151","4578678","4578981","33","32322730"
"chr6","36923819","36924112","JH378156","3853230","3853526","52","33070589"
"chr6","36937456","36937747","JH378253","409906","410196","36","36527550"
"chr6","36977798","36978091","JH378316","391481","391778","36","36586317"
"chr6","37005485","37005780","JH378206","2642476","2642775","55","34363009"
"chr6","37064357","37064649","JH378112","34212688","34212967","57","2851669"
"chr6","37099887","37100181","JH378112","34252120","34252420","48","2847767"
"chr6","37113990","37114310","JH378112","34266940","34267243","53","2847050"
"chr6","37114750","37115055","JH378129","731230","731540","57","36383520"
"chr6","37124937","37125246","JH378139","10433692","10433994","43","26691245"
"chr6","37156639","37156665","JH378113","38140728","38140753","11","984089"
"chr6","37156709","37156993","JH378114","19860438","19860722","38","17296271"
"chr6","37160562","37160713","JH378183","5085015","5085164","20","32075547"
"chr6","37182054","37182266","JH378194","396013","396233","48","36786041"
"chr6","37186697","37186869","JH378105","45345926","45346101","27","8159229"
"chr6","37187584","37187883","JH378111","8536548","8536840","54","28651036"
"chr6","37188450","37188779","JH378139","4872682","4872993","57","32315768"
"chr6","37194661","37194969","JH378197","6837065","6837367","38","30357596"
"chr6","37197022","37197322","JH378189","7025310","7025610","40","30171712"
"chr6","37220400","37220687","JH378293","1578438","1578713","44","35641962"
"chr6","37241883","37242165","JH378112","34382254","34382542","37","2859629"
"chr6","37243982","37244280","JH378113","11803158","11803457","41","25440824"
"chr6","37244604","37244811","JH378110","29662952","29663160","35","7581652"
"chr6","37252492","37252785","JH378127","1261141","1261438","40","35991351"
"chr6","37253531","37253830","JH378262","1270213","1270521","51","35983318"
"chr6","37262834","37262982","JH378128","25274620","25274764","16","11988214"
"chr6","37312039","37312321","JH378108","17624768","17625053","40","19687271"
"chr6","37313804","37314084","JH378127","19331819","19332107","41","17981985"
"chr6","37314517","37314703","JH378137","7621413","7621593","27","29693104"
"chr6","37327086","37327394","JH378186","1525813","1526111","44","35801273"
"chr6","37335239","37335546","JH378118","10693452","10693756","46","26641787"
"chr6","37339726","37339983","JH378107","29393673","29393934","36","7946053"
"chr6","37340723","37340899","JH378145","11506998","11507174","37","25833725"
"chr6","37340925","37341046","JH378149","761980","762101","22","36578945"
"chr6","37347925","37348232","JH378113","15232832","15233136","48","22115093"
"chr6","37349727","37350033","JH378115","26938492","26938795","47","10411235"
"chr6","37365269","37365586","JH378214","2093135","2093445","53","35272134"
"chr6","37368948","37369216","JH378113","17699917","17700176","47","19669031"
"chr6","37371348","37371654","JH378235","3957900","3958200","37","33413448"
"chr6","37376622","37376903","JH378191","967537","967830","46","36409085"
"chr6","37385871","37386163","JH378177","2562934","2563231","38","34822937"
"chr6","37406883","37407189","JH378136","2974796","2975092","48","34432087"
"chr6","37408926","37409212","JH378115","16549844","16550133","52","20859082"
"chr6","37410035","37410115","JH378110","13373738","13373817","12","24036297"
"chr6","37431624","37431908","JH378105","5769531","5769800","57","31662093"
"chr6","37446002","37446302","JH378203","334050","334353","54","37111952"
"chr6","37459246","37459535","JH378116","22384726","22385018","52","15074520"
"chr6","37485048","37485353","JH378139","18214306","18214611","42","19270742"
"chr6","37487718","37488026","JH378118","10693452","10693756","35","26794266"
"chr6","37524935","37525243","JH378111","44419713","44420022","41","6894778"
"chr6","37526311","37526609","JH378176","5060132","5060429","34","32466179"
"chr6","37543774","37544083","JH378135","777383","777694","43","36766391"
"chr6","37560779","37561066","JH378204","7033898","7034181","49","30526881"
"chr6","37572891","37573192","JH378121","23760097","23760404","48","13812794"
"chr6","37577093","37577399","JH378118","10693452","10693756","39","26883641"
"chr6","37582656","37582911","JH378143","6036848","6037103","38","31545808"
"chr6","37587515","37587754","JH378269","147305","147558","54","37440210"
"chr6","37588957","37589266","JH378167","4158411","4158718","41","33430546"
"chr6","37645911","37646212","JH378111","27170480","27170777","46","10475431"
"chr6","37708610","37708907","JH378112","34867827","34868119","47","2840783"
"chr6","37747456","37747729","JH378128","11289647","11289922","40","26457809"
"chr6","37751576","37751876","JH378151","4578678","4578981","32","33172898"
"chr6","37773555","37773855","JH378220","1011665","1011962","37","36761890"
"chr6","37786764","37787077","JH378110","2590007","2590314","42","35196757"
"chr6","37791568","37791876","JH378137","15935777","15936084","45","21855791"
"chr6","37816255","37816395","JH378158","5896766","5896907","17","31919489"
"chr6","37823400","37823689","JH378177","7235428","7235715","39","30587972"
"chr6","37841685","37841904","JH378226","1542450","1542677","36","36299235"
"chr6","37841906","37842000","JH378163","5140556","5140651","11","32701350"
"chr6","37846072","37846365","JH378116","25790477","25790774","45","12055595"
"chr6","37852506","37852792","JH378144","6298394","6298685","42","31554112"
"chr6","37856504","37856658","JH378206","590339","590496","29","37266165"
"chr6","37874322","37874626","JH378118","10693452","10693756","49","27180870"
"chr6","37878753","37879106","JH378150","15636556","15636859","93","22242197"
"chr6","37880473","37880771","JH378126","22770602","22770897","46","15109871"
"chr6","37913642","37913929","JH378153","2856479","2856773","38","35057163"
"chr6","37919153","37919460","JH378118","10693452","10693756","41","27225701"
"chr6","37929720","37929792","JH378141","12024953","12025022","10","25904767"
"chr6","37936395","37936706","JH378120","4438901","4439206","49","33497494"
"chr6","37949162","37949330","JH378155","3890651","3890811","37","34058511"
"chr6","37949634","37949733","JH378198","4985809","4985910","21","32963825"
"chr6","37954603","37954892","JH378112","35171425","35171719","49","2783178"
"chr6","37960746","37961054","JH378255","2444760","2445066","43","35515986"
"chr6","37970283","37970561","JH378177","3761735","3762014","36","34208548"
"chr6","37986737","37987001","JH378140","6607165","6607427","39","31379572"
"chr6","38004770","38005086","JH378111","34735037","34735341","51","3269733"
"chr6","38008345","38008632","JH378301","503665","503958","44","37504680"
"chr6","38017458","38017622","JH378118","17150321","17150474","26","20867137"
"chr6","38032535","38032838","JH378195","2148198","2148495","43","35884337"
"chr6","38040225","38040385","JH378196","989088","989254","29","37051137"
"chr6","38040677","38040814","JH378107","55895704","55895839","14","17855027"
"chr6","38055263","38055565","JH378128","11635122","11635422","50","26420141"
"chr6","38107249","38107518","JH378155","5898072","5898340","57","32209177"
"chr6","38107616","38107936","JH378125","15031932","15032252","82","23075684"
"chr6","38113264","38113576","JH378153","12639901","12640210","42","25473363"
"chr6","38146372","38146656","JH378156","4597363","4597648","46","33549009"
"chr6","38153252","38153546","JH378117","6076538","6076831","39","32076714"
"chr6","38161740","38161914","JH378187","3591293","3591456","33","34570447"
"chr6","38180252","38180560","JH378226","343656","343966","63","37836596"
"chr6","38200357","38200656","JH378176","10959058","10959352","41","27241299"
"chr6","38206300","38206589","JH378105","69163567","69163856","38","30957267"
"chr6","38251673","38251969","JH378106","69063427","69063728","36","30811754"
"chr6","38253022","38253328","JH378244","4212944","4213253","41","34040078"
"chr6","38255407","38255701","JH378140","5325520","5325814","40","32929887"
"chr6","38303625","38303936","JH378118","10693452","10693756","45","27610173"
"chr6","38338204","38338485","JH378253","2671303","2671584","46","35666901"
"chr6","38344181","38344489","JH378118","10693452","10693756","44","27650729"
"chr6","38367059","38367355","JH378141","14454762","14455052","39","23912297"
"chr6","38428678","38428959","JH378306","1121831","1122118","48","37306847"
"chr6","38464079","38464152","JH378108","25958419","25958493","12","12505660"
"chr6","38476512","38476791","JH378177","5640956","5641241","38","32835556"
"chr6","38490952","38491236","JH378112","12605686","12605972","40","25885266"
"chr6","38525133","38525363","JH378137","12345741","12345967","58","26179392"
"chr6","38525577","38525881","JH378112","35804803","35805113","33","2720774"
"chr6","38530182","38530470","JH378342","243194","243483","32","38286988"
"chr6","38540400","38540697","JH378127","19348533","19348831","45","19191867"
"chr6","38540882","38541195","JH378110","31407287","31407598","51","7133595"
"chr6","38547854","38548115","JH378217","2625303","2625565","42","35922551"
"chr6","38565933","38566233","JH378152","13742000","13742297","29","24823933"
"chr6","38580215","38580509","JH378131","23697009","23697304","46","14883206"
"chr6","38587294","38587588","JH378204","3222855","3223147","36","35364439"
"chr6","38699310","38699578","JH378266","3598691","3598960","50","35100619"
"chr6","38730140","38730453","JH378115","19583909","19584219","49","19146231"
"chr6","38747870","38748171","JH378176","9100046","9100345","38","29647824"
"chr6","38758062","38758372","JH378113","15232832","15233136","53","23525230"
"chr6","38774306","38774606","JH378242","734891","735189","39","38039415"
"chr6","38799665","38799990","JH378137","4707933","4708253","53","34091732"
"chr6","38801643","38801943","JH378148","2121804","2122106","40","36679839"
"chr6","38807346","38807651","JH378151","6150117","6150421","53","32657229"
"chr6","38844439","38844718","JH378112","36122014","36122293","41","2722425"
"chr6","38935584","38935867","JH378114","36224521","36224801","42","2711063"
"chr6","38943540","38943861","JH378137","15935777","15936084","68","23007763"
"chr6","38977711","38978008","JH378112","36269295","36269582","32","2708416"
"chr6","39038412","39038705","JH378105","55781308","55781603","43","16742896"
"chr6","39045508","39045816","JH378153","4988373","4988679","50","34057135"
"chr6","39082842","39083142","JH378122","5272066","5272363","50","33810776"
"chr6","39087813","39088126","JH378112","36376928","36377225","44","2710885"
"chr6","39100936","39101236","JH378152","13332030","13332334","41","25768906"
"chr6","39126808","39127099","JH378106","3058385","3058676","40","36068423"
"chr6","39144275","39144562","JH378114","19650399","19650689","31","19493876"
"chr6","39165859","39166129","JH378247","3884085","3884355","59","35281774"
"chr6","39217467","39217773","JH378127","5659021","5659323","47","33558446"
"chr6","39225233","39225516","JH378139","1525143","1525424","46","37700090"
"chr6","39365397","39365694","JH378124","16834558","16834852","35","22530839"
"chr6","39394282","39394584","JH378126","782415","782718","38","38611867"
"chr6","39414909","39415198","JH378120","3262959","3263245","44","36151950"
"chr6","39423794","39424095","JH378203","7090053","7090349","39","32333741"
"chr6","39490805","39491110","JH378113","26550017","26550324","44","12940788"
"chr6","39492878","39493175","JH378260","2325548","2325838","41","37167330"
"chr6","39497597","39497907","JH378112","34339455","34339755","47","5158142"
"chr6","39519729","39520008","JH378192","5415267","5415549","38","34104462"
"chr6","39554715","39554989","JH378133","12633613","12633889","45","26921102"
"chr6","39566391","39566563","JH378109","3320437","3320603","29","36245954"
"chr6","39567241","39567367","JH378246","3917012","3917146","21","35650229"
"chr6","39569800","39570099","JH378191","967537","967830","44","38602263"
"chr6","39579561","39579864","JH378245","891431","891733","40","38688130"
"chr6","39643371","39643671","JH378105","46994892","46995201","63","7351521"
"chr6","39670183","39670472","JH378294","668279","668579","45","39001904"
"chr6","39765687","39765996","JH378143","598634","598941","39","39167053"
"chr6","39875963","39876241","JH378156","4309313","4309597","42","35566650"
"chr6","39932454","39932736","JH378105","33901539","33901822","45","6030915"
"chr6","39981978","39982274","JH378155","1409975","1410266","39","38572003"
"chr6","40006410","40006695","JH378265","3708419","3708690","53","36297991"
"chr6","40006912","40007251","JH378106","1549292","1549604","73","38457620"
"chr6","40009242","40009537","JH378125","15313063","15313352","35","24696179"
"chr6","40010691","40010988","JH378242","734891","735189","42","39275800"
"chr6","40146109","40146390","JH378119","23421478","23421759","41","16724631"
"chr6","40178637","40178954","JH378176","8288779","8289088","53","31889858"
"chr6","40208696","40209002","JH378157","1277342","1277653","41","38931354"
"chr6","40250458","40250750","JH378148","3100313","3100608","37","37150145"
"chr6","40316947","40317252","JH378172","7187643","7187946","45","33129304"
"chr6","40438721","40439015","JH378220","3229265","3229557","41","37209456"
"chr6","40447834","40448146","JH378216","1525391","1525700","39","38922443"
"chr6","40453536","40453832","JH378121","31129305","31129600","45","9324231"
"chr6","40455130","40455433","JH378127","19348533","19348831","54","21106597"
"chr6","40490015","40490329","JH378105","54610411","54610729","53","14120396"
"chr6","40609138","40609359","JH378116","23724127","23724343","33","16885011"
"chr6","40622047","40622328","JH378123","5667081","5667374","49","34954966"
"chr6","40666395","40666698","JH378188","7232167","7232465","41","33434228"
"chr6","40681867","40682186","JH378116","36267689","36268001","51","4414178"
"chr6","40700369","40700664","JH378148","12335761","12336055","47","28364608"
"chr6","40726036","40726309","JH378177","3333638","3333912","43","37392398"
"chr6","40731344","40731648","JH378113","27819653","27819957","36","12911691"
"chr6","40732634","40732918","JH378122","7809799","7810085","44","32922835"
"chr6","40734979","40735283","JH378119","2681409","2681712","41","38053570"
"chr6","40784340","40784633","JH378242","734891","735189","38","40049449"
"chr6","40790691","40790998","JH378112","37932248","37932551","45","2858443"
"chr6","40813590","40813897","JH378131","11111973","11112271","44","29701617"
"chr6","40819193","40819491","JH378112","32590536","32590832","44","8228657"
"chr6","40838919","40839056","JH378139","13816680","13816819","21","27022239"
"chr6","40910023","40910366","JH378115","25621913","25622247","73","15288110"
"chr6","41091967","41092277","JH378125","5102473","5102781","51","35989494"
"chr6","41161714","41162012","JH378273","564755","565056","37","40596959"
"chr6","41259395","41259662","JH378342","63308","63574","31","41196087"
"chr6","41291369","41291669","JH378197","3241273","3241575","34","38050096"
"chr6","41306975","41307273","JH378242","734891","735189","36","40572084"
"chr6","41365087","41365397","JH378139","11244771","11245079","36","30120316"
"chr6","41403354","41403651","JH378148","3100313","3100608","42","38303041"
"chr6","41481010","41481311","JH378197","3241273","3241575","40","38239737"
"chr6","41767022","41767308","JH378139","369956","370243","48","41397066"
"chr6","41903190","41903498","JH378135","16449037","16449347","52","25454153"
"chr6","41985855","41986154","JH378127","19348533","19348831","36","22637322"
"chr6","42201503","42201771","JH378235","937934","938194","45","41263569"
"chr6","42208028","42208340","JH378135","2445392","2445695","45","39762636"
"chr6","42259488","42259783","JH378114","37013997","37014291","37","5245491"
"chr6","42372242","42372525","JH378122","22447926","22448218","40","19924316"
"chr6","42394641","42394947","JH378172","7187643","7187946","36","35206998"
"chr6","42436622","42436904","JH378122","7809799","7810085","37","34626823"
"chr6","42504857","42505162","JH378105","55574476","55574778","40","13069619"
"chr6","42526802","42527065","JH378124","3774140","3774399","53","38752662"
"chr6","42555321","42555601","JH378118","8798965","8799246","37","33756356"
"chr6","42556367","42556566","JH378113","12279971","12280156","38","30276396"
"chr6","42556870","42557005","JH378196","160827","160961","14","42396043"
"chr6","42576980","42577267","JH378221","506746","507023","47","42070234"
"chr6","42580591","42580900","JH378112","26626058","26626373","42","15954533"
"chr6","42587074","42587381","JH378139","10433692","10433994","39","32153382"
"chr6","42592325","42592631","JH378204","3129799","3130101","31","39462526"
"chr6","42635774","42635900","JH378112","33865174","33865297","30","8770600"
"chr6","42644994","42645237","JH378139","13387568","13387813","37","29257426"
"chr6","42652709","42652991","JH378112","20494738","20495014","41","22157971"
"chr6","42706573","42706801","JH378150","8031994","8032224","35","34674579"
"chr6","42732954","42733263","JH378118","10693452","10693756","43","32039502"
"chr6","42771890","42772137","JH378139","13387568","13387813","44","29384322"
"chr6","42775607","42775903","JH378110","12963195","12963491","42","29812412"
"chr6","42795980","42796291","JH378224","2515142","2515446","41","40280838"
"chr6","42796456","42796748","JH378113","20938971","20939266","36","21857485"
"chr6","42800715","42800796","JH378220","6758466","6758545","14","36042249"
"chr6","42833918","42834215","JH378115","25941568","25941865","54","16892350"
"chr6","42841050","42841354","JH378219","2283196","2283498","50","40557854"
"chr6","42886595","42886891","JH378137","3779834","3780129","51","39106761"
"chr6","42920201","42920509","JH378106","64277322","64277634","49","21357121"
"chr6","42932693","42932981","JH378108","30678485","30678775","51","12254208"
"chr6","42937198","42937497","JH378140","5013405","5013701","47","37923793"
"chr6","42949875","42950159","JH378111","25544585","25544870","47","17405290"
"chr6","42960007","42960304","JH378191","6003716","6004010","59","36956291"
"chr6","42960305","42960439","JH378305","1383165","1383300","15","41577140"
"chr6","42961086","42961396","JH378106","69063427","69063728","40","26102341"
"chr6","42964706","42965005","JH378135","15931802","15932093","38","27032904"
"chr6","42969969","42970258","JH378121","16577236","16577527","53","26392733"
"chr6","42976904","42977193","JH378141","14454762","14455052","32","28522142"
"chr6","42993750","42993877","JH378172","10643459","10643587","13","32350291"
"chr6","43005871","43006169","JH378148","2011019","2011312","41","40994852"
"chr6","43037719","43037779","JH378132","8240746","8240812","12","34796973"
"chr6","43060953","43061252","JH378242","734891","735189","36","42326062"
"chr6","43071884","43072005","JH378290","1053567","1053684","12","42018317"
"chr6","43081323","43081604","JH378172","12363432","12363710","47","30717891"
"chr6","43084960","43085392","JH378166","338697","339076","118","42746263"
"chr6","43087519","43087825","JH378165","7177521","7177823","39","35909998"
"chr6","43092301","43092601","JH378113","21234201","21234490","60","21858100"
"chr6","43097789","43098081","JH378184","8798588","8798886","41","34299201"
"chr6","43103882","43104156","JH378153","2014992","2015267","50","41088890"
"chr6","43133080","43133388","JH378110","7850107","7850410","49","35282973"
"chr6","43135605","43135903","JH378242","734891","735189","39","42400714"
"chr6","43138236","43138544","JH378112","21019965","21020265","45","22118271"
"chr6","43145984","43146278","JH378136","13594457","13594751","39","29551527"
"chr6","43176287","43176581","JH378110","37152892","37153182","45","6023395"
"chr6","43193244","43193545","JH378265","117843","118145","38","43075401"
"chr6","43272237","43272539","JH378106","69562637","69562935","49","26290400"
"chr6","43333746","43334052","JH378151","4578678","4578981","49","38755068"
"chr6","43352903","43353196","JH378262","336971","337263","46","43015932"
"chr6","43360527","43360828","JH378252","3699122","3699412","48","39661405"
"chr6","43366318","43366609","JH378134","11412220","11412508","47","31954098"
"chr6","43369436","43369729","JH378126","22867235","22867530","37","20502201"
"chr6","43373744","43374048","JH378106","68377365","68377661","45","25003621"
"chr6","43408235","43408535","JH378111","8498303","8498600","47","34909932"
"chr6","43419437","43419727","JH378159","1568331","1568626","55","41851106"
"chr6","43434452","43434770","JH378204","2258608","2258918","50","41175844"
"chr6","43437449","43437724","JH378305","249374","249657","52","43188075"
"chr6","43455403","43455693","JH378213","4435380","4435669","36","39020023"
"chr6","43461672","43461963","JH378110","6965048","6965350","47","36496624"
"chr6","43466315","43466621","JH378115","33936739","33937047","48","9529576"
"chr6","43468658","43468917","JH378122","5341619","5341861","61","38127039"
"chr6","43492050","43492341","JH378213","5758371","5758671","48","37733679"
"chr6","43500067","43500367","JH378152","13742000","13742297","41","29758067"
"chr6","43506573","43506831","JH378160","13668833","13669105","47","29837740"
"chr6","43515005","43515297","JH378112","21395409","21395700","37","22119596"
"chr6","43518995","43519302","JH378151","4578678","4578981","41","38940317"
"chr6","43520047","43520355","JH378184","6068176","6068477","42","37451871"
"chr6","43540055","43540347","JH378190","7486422","7486715","46","36053633"
"chr6","43540807","43541086","JH378159","4412909","4413179","45","39127898"
"chr6","43552733","43553022","JH378111","5887497","5887781","48","37665236"
"chr6","43560036","43560327","JH378115","15569490","15569772","47","27990546"
"chr6","43565526","43565844","JH378184","6061475","6061796","68","37504051"
"chr6","43588288","43588586","JH378114","41403997","41404287","45","2184291"
"chr6","43600152","43600457","JH378277","2817306","2817608","40","40782846"
"chr6","43600616","43600921","JH378115","26938492","26938795","42","16662124"
"chr6","43617955","43618087","JH378133","7666290","7666425","19","35951665"
"chr6","43621511","43621820","JH378148","1606698","1607008","54","42014813"
"chr6","43626913","43627213","JH378316","391481","391778","40","43235432"
"chr6","43629811","43630064","JH378271","3412827","3413090","59","40216984"
"chr6","43649442","43649748","JH378247","561987","562291","42","43087455"
"chr6","43686742","43687044","JH378152","13742000","13742297","40","29944742"
"chr6","43691631","43691927","JH378112","32590536","32590832","51","11101095"
"chr6","43717598","43717889","JH378281","1616584","1616872","38","42101014"
"chr6","43724218","43724510","JH378106","62000386","62000676","32","18276168"
"chr6","43771837","43772135","JH378149","10037674","10037969","52","33734163"
"chr6","43774995","43775292","JH378105","16462587","16462873","59","27312408"
"chr6","43803743","43803955","JH378189","8129951","8130153","37","35673792"
"chr6","43810991","43811274","JH378124","9865185","9865466","44","33945806"
"chr6","43825077","43825228","JH378125","6922374","6922528","18","36902703"
"chr6","43825412","43825551","JH378131","15642061","15642192","30","28183351"
"chr6","43825846","43826035","JH378137","19323143","19323313","56","24502703"
"chr6","43862574","43862876","JH378188","9401785","9402089","42","34460789"
"chr6","43869595","43869905","JH378189","6130494","6130804","44","37739101"
"chr6","43886194","43886406","JH378110","36488258","36488467","28","7397936"
"chr6","43887172","43887432","JH378201","3186680","3186936","45","40700492"
"chr6","43919025","43919310","JH378127","19331819","19332107","46","24587206"
"chr6","43926458","43926763","JH378136","14817827","14818135","42","29108631"
"chr6","43954908","43955217","JH378249","1601829","1602137","44","42353079"
"chr6","43990885","43991210","JH378106","69454687","69454998","71","25463802"
"chr6","43993118","43993378","JH378119","2985349","2985612","43","41007769"
"chr6","43993423","43993580","JH378349","329039","329197","29","43664384"
"chr6","43999070","43999361","JH378141","14454762","14455052","39","29544308"
"chr6","44011886","44012184","JH378191","967537","967830","44","43044349"
"chr6","44019874","44020172","JH378138","6648162","6648458","41","37371712"
"chr6","44021633","44021733","JH378166","13947531","13947628","11","30074102"
"chr6","44022008","44022176","JH378113","21327818","21327983","24","22694190"
"chr6","44025651","44025951","JH378186","4293551","4293847","45","39732100"
"chr6","44038729","44038742","JH378185","5729091","5729102","3","38309638"
"chr6","44038801","44039090","JH378154","12312436","12312722","38","31726365"
"chr6","44053264","44053558","JH378111","16422425","16422715","43","27630839"
"chr6","44112341","44112554","JH378184","6831839","6832050","25","37280502"
