"chr1","9305861","9306180","chr1","9404988","9405307","3","99127"
"chr1","170786725","170787007","chr1","169632535","169632817","3","1154190"
"chr1","886174","886477","chr1","898693","898996","4","12519"
"chr1","973497","973797","chr1","967502","967803","2","5995"
"chr1","1015082","1015373","chr1","1008556","1008834","16","6526"
"chr1","1150254","1150547","chr1","1113100","1113393","4","37154"
"chr1","1225008","1225290","chr1","1180705","1181012","27","44303"
"chr1","1360387","1360474","chr9","130293791","130293868","34","128933404"
"chr1","1616487","1616657","chrY","25030911","25031072","68","23414424"
"chr1","1656729","1656837","chr22","39711394","39711469","45","38054665"
"chr1","1661354","1661556","chr1","1660364","1660566","0","990"
"chr1","1668722","1669014","chr1","1667009","1667302","4","1713"
"chr1","1692801","1693071","chr1","1692746","1693046","31","55"
"chr1","1727529","1727819","chr1","1730336","1730621","24","2807"
"chr1","1751608","1751906","chr1","1755802","1756099","1","4194"
"chr1","1763785","1763955","chr17","7691308","7691475","23","5927523"
"chr1","1764263","1764397","chr18","15829353","15829486","21","14065090"
"chr1","1827167","1827477","chr1","1832763","1833073","2","5596"
"chr1","1856299","1856716","chrX","77706308","77706640","124","75850009"
"chr1","1880818","1881130","chr1","1884461","1884773","3","3643"
"chr1","1955650","1955954","chr1","1959639","1959943","0","3989"
"chr1","2073036","2073192","chr7","141314255","141314406","18","139241219"
"chr1","3674444","3674748","chr1","3698337","3698648","12","23893"
"chr1","3675398","3675450","chr12","95882066","95882124","14","92206668"
"chr1","4361830","4362135","chr1","4447552","4447855","5","85722"
"chr1","4622349","4622629","chr1","4714617","4714897","0","92268"
"chr1","6108899","6109198","chr1","6074686","6074985","1","34213"
"chr1","6140333","6140626","chr1","6103590","6103883","26","36743"
"chr1","6662801","6663096","chr1","6642674","6642974","7","20127"
"chr1","6674744","6675035","chr1","6655466","6655755","5","19278"
"chr1","7015408","7015716","chr1","6994837","6995147","4","20571"
"chr1","7149641","7149941","chr1","7127955","7128255","1","21686"
"chr1","7314857","7315154","chr1","7297134","7297432","1","17723"
"chr1","7416805","7417103","chr1","7404036","7404334","3","12769"
"chr1","7433020","7433342","chr1","7419460","7419782","4","13560"
"chr1","7435028","7435341","chr1","7421467","7421779","3","13561"
"chr1","7535759","7536060","chr1","7526043","7526345","6","9716"
"chr1","7699583","7699877","chr1","7693601","7693896","2","5982"
"chr1","7982926","7983221","chr1","7981427","7981726","5","1499"
"chr1","8040033","8040322","chr1","8039016","8039305","1","1017"
"chr1","8180446","8180753","chr1","8181112","8181419","2","666"
"chr1","8268233","8268541","chr1","8282813","8283121","0","14580"
"chr1","8292048","8292208","chr1","8307161","8307331","11","15113"
"chr1","8294870","8295168","chr1","8309996","8310294","4","15126"
"chr1","8325281","8325590","chr1","8340820","8341129","2","15539"
"chr1","8575077","8575247","chr1","8600428","8600594","4","25351"
"chr1","8668240","8668584","chr19","57994817","57995136","91","49326577"
"chr1","8706548","8706835","chr1","8732516","8732803","1","25968"
"chr1","8753702","8754004","chr1","8780861","8781161","4","27159"
"chr1","8911904","8912214","chr1","8941544","8941854","1","29640"
"chr1","8950246","8950545","chr1","8979490","8979789","0","29244"
"chr1","9001952","9002258","chr1","9036686","9036990","7","34734"
"chr1","9066873","9067171","chr10","83957242","83957544","34","74890369"
"chr1","9126916","9127216","chr1","9163107","9163411","4","36191"
"chr1","9322920","9323201","chr1","9422080","9422361","0","99160"
"chr1","9324057","9324368","chr1","9423227","9423533","7","99170"
"chr1","9483299","9483614","chr7","73585378","73585690","42","64102079"
"chr1","9536241","9536549","chr1","9636882","9637189","2","100641"
"chr1","9947716","9948011","chr12","107745775","107746073","31","97798059"
"chr1","10132823","10133126","chr1","10257900","10258203","2","125077"
"chr1","10159082","10159252","chr5","140064568","140064737","30","129905486"
"chr1","10159558","10159692","chrX","153514418","153514551","23","143354860"
"chr1","10361975","10362290","chr1","10496365","10496675","8","134390"
"chr1","10370461","10370714","chr1","10504593","10504858","12","134132"
"chr1","10375479","10375750","chr1","10509620","10509892","2","134141"
"chr1","10383790","10384086","chr1","10511988","10512296","14","128198"
"chr1","10417632","10417906","chr1","10552721","10553030","35","135089"
"chr1","10583798","10584092","chr1","10726150","10726444","0","142352"
"chr1","10938647","10938953","chr1","11089043","11089353","5","150396"
"chr1","10972899","10973213","chr1","11124174","11124487","4","151275"
"chr1","11011179","11011470","chr1","11160303","11160593","4","149124"
"chr1","11059606","11059919","chr1","11208144","11208458","6","148538"
"chr1","11095906","11096144","chr1","11244320","11244559","2","148414"
"chr1","11105099","11105401","chr1","11253757","11254059","3","148658"
"chr1","11158971","11159258","chr1","11308695","11308983","1","149724"
"chr1","11180102","11180391","chr1","11329969","11330259","1","149867"
"chr1","11471596","11471902","chr1","11635700","11636007","1","164104"
"chr1","11703002","11703307","chr1","11870745","11871048","5","167743"
"chr1","12076173","12076473","chr1","12248313","12248614","3","172140"
"chr1","12169058","12169367","chr7","151932381","151932690","41","139763323"
"chr1","12641899","12642210","chr1","12823144","12823458","6","181245"
"chr1","12800365","12800705","chr1","12984586","12984875","51","184221"
"chr1","13766874","13767185","chr1","13701293","13701604","3","65581"
"chr1","14346833","14347125","chr1","14294371","14294683","22","52462"
"chr1","14416445","14416602","chr1","14366325","14366477","6","50120"
"chr1","14784814","14785114","chr1","14744611","14744910","11","40203"
"chr1","14868520","14868817","chr1","14829089","14829388","8","39431"
"chr1","15075491","15075616","chr1","15041186","15041312","1","34305"
"chr1","15078487","15078785","chr1","15044183","15044481","3","34304"
"chr1","15306324","15306620","chr1","15281685","15281977","5","24639"
"chr1","15585691","15585981","chr1","15565561","15565849","2","20130"
"chr1","15685461","15685769","chr1","15665692","15666004","5","19769"
"chr1","15830844","15831152","chr1","15816285","15816593","0","14559"
"chr1","16218154","16218448","chr14","35290491","35290787","49","19072337"
"chr1","16431587","16431811","chr6","160036702","160036919","44","143605115"
"chr1","16958128","16958439","chr1","16853605","16853918","2","104523"
"chr1","17376006","17376295","chr1","17277262","17277551","2","98744"
"chr1","17465719","17466018","chr1","17366981","17367281","5","98738"
"chr1","17530650","17530947","chr1","17437691","17437995","8","92959"
"chr1","17591363","17591662","chr1","17500967","17501267","7","90396"
"chr1","18083352","18083655","chr2B","244131420","244131716","37","226048068"
"chr1","18609605","18609904","chr1","18538771","18539072","5","70834"
"chr1","19301521","19301823","chr1","19247414","19247716","2","54107"
"chr1","19370831","19371142","chr1","19319123","19319434","1","51708"
"chr1","19462607","19462918","chr1","19411938","19412249","0","50669"
"chr1","19697064","19697078","chr2A","86562381","86562407","17","66865317"
"chr1","19697135","19697246","chr7","139525399","139525511","15","119828264"
"chr1","19771480","19771783","chr1","19741010","19741314","4","30470"
"chr1","20146155","20146458","chr1","20119473","20119777","4","26682"
"chr1","20362383","20362681","chr1","20337223","20337524","4","25160"
"chr1","20615025","20615336","chr1","20596574","20596882","14","18451"
"chr1","20727954","20728257","chr1","20712730","20713036","4","15224"
"chr1","20803028","20803275","chr1","20795454","20795703","2","7574"
"chr1","20945048","20945356","chr1","20938013","20938321","0","7035"
"chr1","21218162","21218450","chr1","21216970","21217266","11","1192"
"chr1","21314854","21315159","chr1","21315578","21315891","9","724"
"chr1","21352639","21352934","chr1","7111237","7111530","34","14241402"
"chr1","22024824","22025126","chr1","21862755","21863057","1","162069"
"chr1","22034589","22034888","chr1","21872527","21872827","3","162062"
"chr1","22060416","22060727","chr1","184071818","184072130","32","162011402"
"chr1","22141267","22141560","chr1","22000319","22000613","4","140948"
"chr1","22582834","22583106","chr1","22447853","22448124","1","134981"
"chr1","22584288","22584559","chr1","22449306","22449582","6","134982"
"chr1","22851871","22852168","chr1","22725475","22725783","13","126396"
"chr1","23093701","23094011","chr1","22967515","22967827","5","126186"
"chr1","23154979","23155278","chr1","10726150","10726444","32","12428829"
"chr1","23182710","23182977","chr1","23053759","23054028","9","128951"
"chr1","23209736","23209974","chr1","20795454","20795703","35","2414282"
"chr1","23331061","23331359","chr1","23159227","23159525","0","171834"
"chr1","23337905","23338209","chr1","23166782","23167086","1","171123"
"chr1","23513499","23513788","chr1","157703339","157703582","82","134189840"
"chr1","23513934","23514242","chr1","23349391","23349700","3","164543"
"chr1","23526074","23526368","chr1","23362177","23362472","1","163897"
"chr1","23621492","23621642","chr18","19573294","19573443","37","4048198"
"chr1","23621969","23622110","chr21","4047173","4047316","32","19574796"
"chr1","23635453","23635737","chr1","23475571","23475855","1","159882"
"chr1","23688797","23689110","chr1","23529670","23529998","22","159127"
"chr1","23772848","23773151","chr1","23614928","23615234","7","157920"
"chr1","23864611","23864673","chr13","82924616","82924678","9","59060005"
"chr1","23910584","23910872","chr14","45087054","45087344","41","21176470"
"chr1","24009284","24009579","chr1","23853988","23854289","7","155296"
"chr1","24024459","24024763","chr1","23867681","23867985","3","156778"
"chr1","24067199","24067261","chr9","69377507","69377571","6","45310308"
"chr1","24106833","24107133","chr1","23952807","23953108","2","154026"
"chr1","24112864","24113150","chr1","23958861","23959147","3","154003"
"chr1","24180532","24180829","chr14","73355581","73355879","35","49175049"
"chr1","24214477","24214537","chr1","24066526","24066587","1","147951"
"chr1","24335707","24336013","chr1","24190740","24191046","3","144967"
"chr1","24373168","24373478","chr1","24230096","24230409","3","143072"
"chr1","24486492","24486797","chr1","24342159","24342468","5","144333"
"chr1","24780689","24780997","chr19","44295667","44295979","36","19514978"
"chr1","24799123","24799503","chr1","44529891","44530194","114","19730768"
"chr1","24911486","24911792","chr1","24775356","24775659","13","136130"
"chr1","25780822","25781108","chr1","10726150","10726444","36","15054672"
"chr1","26183721","26184003","chr1","25849857","25850163","25","333864"
"chr1","26263976","26264262","chr1","25933791","25934082","5","330185"
"chr1","26377100","26377407","chr1","26052223","26052530","1","324877"
"chr1","26464492","26464796","chr1","26139482","26139778","20","325010"
"chr1","26479422","26479725","chr1","26154026","26154331","5","325396"
"chr1","26502553","26502849","chr1","26178331","26178629","2","324222"
"chr1","26571667","26571756","chr1","26249212","26249298","3","322455"
"chr1","26594986","26595278","chr1","26272339","26272631","1","322647"
"chr1","26648381","26648525","chr6","12153945","12154094","21","14494436"
"chr1","26648833","26648969","chr6","139293270","139293413","32","112644437"
"chr1","26669784","26670082","chr1","26349179","26349476","14","320605"
"chr1","26735927","26736246","chr8","22376857","22377169","39","4359070"
"chr1","26759673","26759973","chr1","26443471","26443774","5","316202"
"chr1","26788612","26788906","chr1","26473611","26473905","4","315001"
"chr1","27226769","27227062","chr1","26910045","26910339","3","316724"
"chr1","27248355","27248660","chr1","26932764","26933045","25","315591"
"chr1","27439313","27439615","chr1","27125429","27125695","36","313884"
"chr1","27475867","27476173","chr1","27162455","27162762","1","313412"
"chr1","27570334","27570633","chr1","27260616","27260925","10","309718"
"chr1","27696764","27697061","chr4","39827804","39828101","38","12131040"
"chr1","27698470","27698794","chr1","27394450","27394769","25","304020"
"chr1","27946825","27947113","chr1","27647093","27647393","14","299732"
"chr1","27947139","27947408","chr1","27647394","27647700","38","299745"
"chr1","28036017","28036306","chr1","27738853","27739142","1","297164"
"chr1","28227133","28227425","chr1","27936625","27936917","2","290508"
"chr1","28366772","28367052","chr1","28082734","28083015","8","284038"
"chr1","28431350","28431653","chr1","28149827","28150131","2","281523"
"chr1","28450298","28450612","chr1","28167251","28167565","2","283047"
"chr1","28457414","28457696","chr1","28174323","28174606","5","283091"
"chr1","28485982","28486275","chr1","28205836","28206129","1","280146"
"chr1","28594066","28594370","chr1","28316807","28317111","3","277259"
"chr1","28608015","28608300","chr1","28332408","28332721","30","275607"
"chr1","28642433","28642734","chr1","28368564","28368856","15","273869"
"chr1","28665634","28665936","chr1","28392824","28393127","6","272810"
"chr1","28695315","28695618","chr1","28423482","28423789","5","271833"
"chr1","28771848","28772145","chr1","28499299","28499600","5","272549"
"chr1","28850777","28851085","chr1","28581413","28581719","2","269364"
"chr1","28855669","28855969","chr1","28586263","28586564","2","269406"
"chr1","28873050","28873347","chr1","28605079","28605378","3","267971"
"chr1","28931674","28931983","chr1","28665021","28665332","2","266653"
"chr1","28961525","28961825","chr1","28696192","28696492","1","265333"
"chr1","28981555","28981865","chr9","112428754","112429063","38","83447199"
"chr1","29044686","29044935","chr1","28787766","28788015","2","256920"
"chr1","29064683","29064839","chr1","28808892","28809048","0","255791"
"chr1","29082923","29083206","chr1","28828897","28829191","15","254026"
"chr1","29147591","29147895","chr3","198078071","198078370","40","168930480"
"chr1","29190915","29191223","chr1","28944528","28944844","10","246387"
"chr1","29237150","29237441","chr18","21193039","21193344","40","8044111"
"chr1","29260123","29260424","chr1","29015124","29015425","0","244999"
"chr1","29333991","29334289","chr1","29090054","29090361","10","243937"
"chr1","29402889","29403000","chr1","29162515","29162627","9","240374"
"chr1","29414555","29414852","chr1","29174558","29174855","0","239997"
"chr1","29584146","29584434","chr1","29348316","29348607","12","235830"
"chr1","29976985","29977299","chr1","29746385","29746701","5","230600"
"chr1","30366149","30366464","chr1","30137849","30138156","12","228300"
"chr1","30518924","30519238","chr1","30290099","30290410","5","228825"
"chr1","30647875","30648187","chr1","30423221","30423533","8","224654"
"chr1","31267494","31267811","chr1","31069071","31069388","1","198423"
"chr1","31287588","31287901","chr5","150568275","150568587","37","119280687"
"chr1","31380415","31380712","chr1","31187076","31187378","7","193339"
"chr1","31429994","31430303","chr1","31236478","31236783","9","193516"
"chr1","31449567","31449881","chr1","31258201","31258516","4","191366"
"chr1","31468685","31468986","chr1","31277337","31277638","3","191348"
"chr1","31508953","31509238","chr5","82729504","82729788","30","51220551"
"chr1","31533238","31533537","chr1","31343611","31343907","3","189627"
"chr1","31569943","31570183","chr1","31382634","31382865","9","187309"
"chr1","31573406","31573686","chr1","31386089","31386368","5","187317"
"chr1","31689386","31689697","chr7","74810288","74810596","34","43120902"
"chr1","31828508","31828804","chr1","31645658","31645955","3","182850"
"chr1","32120359","32120655","chr1","31945908","31946206","5","174451"
"chr1","32234680","32234983","chr1","32062195","32062498","0","172485"
"chr1","32241490","32241792","chr1","32069425","32069727","3","172065"
"chr1","32318288","32318577","chr1","32150101","32150391","4","168187"
"chr1","32356295","32356589","chr1","32189627","32189922","3","166668"
"chr1","32540313","32540614","chr1","32381378","32381679","0","158935"
"chr1","32638651","32638947","chr1","32486064","32486360","1","152587"
"chr1","32695081","32695380","chr1","32543401","32543700","1","151680"
"chr1","32707040","32707350","chr1","32555393","32555704","2","151647"
"chr1","32747454","32747727","chr1","32623261","32623562","31","124193"
"chr1","32951280","32951575","chr1","32666505","32666801","2","284775"
"chr1","32952898","32953188","chr1","32668333","32668625","2","284565"
"chr1","33044828","33045111","chr1","32765248","32765513","20","279580"
"chr1","33185926","33186199","chrX","41793338","41793609","38","8607412"
"chr1","33225277","33225512","chr2A","39719968","39720212","59","6494691"
"chr1","33350561","33350862","chr1","33059679","33059980","3","290882"
"chr1","33631916","33632225","chr1","33348766","33349077","4","283150"
"chr1","33694204","33694505","chr1","33413072","33413379","7","281132"
"chr1","33724735","33725033","chr1","33441903","33442194","11","282832"
"chr1","35557291","35557592","chr1","35306444","35306748","3","250847"
"chr1","35638156","35638454","chr1","35387181","35387484","5","250975"
"chr1","35667956","35668269","chr1","35417440","35417752","5","250516"
"chr1","35673968","35674154","chr5","58238455","58238619","57","22564487"
"chr1","35757856","35758164","chr10","70319932","70320244","39","34562076"
"chr1","35870958","35871240","chr1","35624634","35624940","26","246324"
"chr1","35942921","35943222","chr1","35698482","35698785","3","244439"
"chr1","36037076","36037375","chr1","35792469","35792768","0","244607"
"chr1","36049877","36050174","chr1","35806277","35806574","2","243600"
"chr1","36091969","36092234","chr1","35845571","35845866","33","246398"
"chr1","36130904","36131205","chr1","35884183","35884491","8","246721"
"chr1","36144180","36144465","chr1","35895270","35895569","16","248910"
"chr1","36160992","36161296","chr1","35914610","35914916","2","246382"
"chr1","36310224","36310507","chr1","36067950","36068234","1","242274"
"chr1","36510478","36510787","chr1","36274143","36274452","1","236335"
"chr1","36906112","36906418","chr1","36687940","36688247","4","218172"
"chr1","36918448","36918760","chr1","36700872","36701183","5","217576"
"chr1","37276423","37276716","chr1","36870836","36871129","2","405587"
"chr1","38123259","38123560","chr1","37730679","37730982","2","392580"
"chr1","38152460","38152764","chr1","37760019","37760323","1","392441"
"chr1","38332432","38332712","chr1","37943189","37943467","5","389243"
"chr1","38476756","38477057","chr1","38091454","38091756","1","385302"
"chr1","38478424","38478717","chr1","38093274","38093548","21","385150"
"chr1","38800519","38800789","chr1","38415111","38415381","1","385408"
"chr1","39325660","39325962","chr1","38941736","38942039","1","383924"
"chr1","39363627","39363927","chr1","38980107","38980407","2","383520"
"chr1","39386220","39386526","chr1","39002717","39003024","9","383503"
"chr1","39514855","39515154","chr1","39133975","39134280","7","380880"
"chr1","39638660","39638958","chr1","39266182","39266486","7","372478"
"chr1","39656876","39657156","chr1","39283963","39284243","0","372913"
"chr1","39661320","39661617","chr1","39289168","39289466","1","372152"
"chr1","39781928","39782203","chr1","39429800","39430075","2","352128"
"chr1","39975599","39975915","chr22","49362539","49362844","41","9386940"
"chr1","40235573","40235893","chr18","44899342","44899656","47","4663769"
"chr1","40284103","40284242","chr1","39947932","39948088","19","336171"
"chr1","40496708","40496939","chr11","15432110","15432329","39","25064598"
"chr1","40615412","40615726","chr1","40289786","40290098","4","325626"
"chr1","40702687","40702995","chr1","40376924","40377235","3","325763"
"chr1","40710069","40710331","chr1","40384287","40384550","2","325782"
"chr1","40715619","40715705","chr9","130293791","130293868","30","89578172"
"chr1","40781599","40781887","chr1","40457459","40457757","11","324140"
"chr1","40864400","40864704","chr1","40542931","40543235","1","321469"
"chr1","41080213","41080512","chr1","40766795","40767097","3","313418"
"chr1","41135054","41135337","chr3","121529613","121529896","38","80394559"
"chr1","41184962","41185286","chr1","40872872","40873183","15","312090"
"chr1","41338453","41338740","chr1","41032144","41032432","3","306309"
"chr1","41349117","41349418","chr1","41042837","41043140","4","306280"
"chr1","41525341","41525645","chr1","41222619","41222923","2","302722"
"chr1","41576783","41577079","chr1","41275259","41275557","5","301524"
"chr1","41803847","41804161","chr1","41504615","41504929","0","299232"
"chr1","41883499","41883791","chr1","41585409","41585706","6","298090"
"chr1","41902741","41902978","chr1","41604356","41604595","2","298385"
"chr1","42163389","42163683","chr1","41861352","41861648","2","302037"
"chr1","43046577","43046886","chr1","42680487","42680796","7","366090"
"chr1","43053259","43053544","chr1","42687849","42688134","1","365410"
"chr1","43342924","43343229","chr1","42985561","42985866","1","357363"
"chr1","43405780","43406092","chr1","43049577","43049871","19","356203"
"chr1","43449878","43450147","chr1","43093594","43093861","3","356284"
"chr1","43685972","43686264","chr1","43332382","43332677","3","353590"
"chr1","43741622","43741799","chr7","93436018","93436191","27","49694396"
"chr1","43755549","43755837","chr1","43405082","43405370","1","350467"
"chr1","43789265","43789555","chr1","43434244","43434539","5","355021"
"chr1","44015917","44016220","chr1","43658500","43658806","6","357417"
"chr1","44079267","44079559","chr1","43715859","43716153","2","363408"
"chr1","44350749","44351067","chr1","43993439","43993758","3","357310"
"chr1","45289872","45290172","chr1","44959103","44959410","9","330769"
"chr1","45380234","45380512","chr1","45052449","45052727","0","327785"
"chr1","45403089","45403376","chr1","45074996","45075283","0","328093"
"chr1","45426244","45426339","chr2A","44034260","44034356","13","1391984"
"chr1","45517319","45517612","chr1","45190431","45190724","1","326888"
"chr1","45604402","45604705","chr1","45278603","45278906","0","325799"
"chr1","45664416","45664721","chr1","45344758","45345066","4","319658"
"chr1","45871968","45872285","chr1","45555273","45555582","22","316695"
"chr1","45917906","45918202","chr1","45602715","45603011","2","315191"
"chr1","45939192","45939492","chr1","45624030","45624331","7","315162"
"chr1","46164440","46164735","chr1","45859130","45859425","0","305310"
"chr1","46501268","46501558","chr1","46204537","46204827","0","296731"
"chr1","46598537","46598827","chr1","46301827","46302145","29","296710"
"chr1","46646034","46646366","chr1","46349900","46350232","2","296134"
"chr1","46757865","46758161","chr14","104815575","104815872","25","58057710"
"chr1","46763234","46763513","chr1","46470721","46471000","1","292513"
"chr1","46765459","46765771","chr1","46473186","46473497","2","292273"
"chr1","48016257","48016439","chr1","47570780","47570962","1","445477"
"chr1","48111210","48111503","chr1","47666444","47666725","15","444766"
"chr1","48808195","48808489","chr1","48376108","48376402","4","432087"
"chr1","51421662","51421942","chr9","37063469","37063751","33","14358193"
"chr1","51685098","51685406","chr17","81322997","81323301","52","29637899"
"chr1","51696822","51697111","chr1","51323034","51323346","27","373788"
"chr1","51759843","51760106","chr1","51386909","51387172","1","372934"
"chr1","51923817","51924131","chr1","51552855","51553158","11","370962"
"chr1","51936825","51937122","chr1","51566021","51566321","5","370804"
"chr1","51991844","51991912","chr1","51623169","51623235","4","368675"
"chr1","52122911","52123055","chr6","12153945","12154094","22","39968966"
"chr1","52123353","52123528","chr13","18719427","18719603","26","33403926"
"chr1","52148222","52148517","chr1","51781911","51782208","4","366311"
"chr1","52156941","52157247","chr1","51790643","51790948","14","366298"
"chr1","52890289","52890585","chr1","52432510","52432806","1","457779"
"chr1","52959454","52959746","chr12","4252086","4252382","40","48707368"
"chr1","53051751","53052059","chr1","52597474","52597779","3","454277"
"chr1","53088949","53089245","chr1","52636233","52636529","1","452716"
"chr1","53103941","53104245","chr1","52651237","52651541","5","452704"
"chr1","53128579","53128889","chr1","52676325","52676635","2","452254"
"chr1","53242582","53242830","chr1","52784333","52784578","4","458249"
"chr1","53389060","53389129","chr1","24066526","24066587","11","29322534"
"chr1","53406124","53406407","chr1","52949298","52949582","3","456826"
"chr1","53407176","53407483","chr1","52950351","52950658","1","456825"
"chr1","53592897","53593210","chr1","53152883","53153195","2","440014"
"chr1","53659418","53659700","chr1","53225912","53226194","0","433506"
"chr1","53682990","53683306","chr1","53249257","53249577","7","433733"
"chr1","53760894","53761176","chrX","109052172","109052452","29","55291278"
"chr1","53792829","53792982","chr1","53364805","53364943","15","428024"
"chr1","54698362","54698688","chr1","54289209","54289518","18","409153"
"chr1","54786142","54786442","chr1","54378012","54378313","1","408130"
"chr1","54826803","54827051","chr14","29570994","29571242","41","25255809"
"chr1","54845121","54845382","chr14","49809535","49809793","31","5035586"
"chr1","54867386","54867657","chr8","19728571","19728823","47","35138815"
"chr1","55064359","55064584","chr7","148341109","148341333","37","93276750"
"chr1","55111491","55111859","chr1","54724404","54724714","98","387087"
"chr1","55206941","55207248","chr1","54822116","54822423","0","384825"
"chr1","55510349","55510661","chr1","55135283","55135595","0","375066"
"chr1","55527055","55527366","chr1","55152823","55153141","12","374232"
"chr1","55743251","55743551","chr1","55371725","55372042","25","371526"
"chr1","55802982","55803285","chr1","55427060","55427361","4","375922"
"chr1","55836103","55836410","chr1","55460940","55461247","0","375163"
"chr1","55841104","55841429","chr1","55465946","55466271","8","375158"
"chr1","56150749","56151038","chr1","55774325","55774613","4","376424"
"chr1","56201645","56201955","chr1","55827510","55827824","4","374135"
"chr1","56358506","56358800","chr1","55989602","55989896","0","368904"
"chr1","57367905","57368212","chr1","56888127","56888437","4","479778"
"chr1","58688865","58689162","chr1","58235330","58235627","3","453535"
"chr1","58700006","58700315","chr1","58247098","58247407","2","452908"
"chr1","59672179","59672467","chr9","98068880","98069173","54","38396701"
"chr1","60956755","60957043","chr1","60542273","60542560","2","414482"
"chr1","61169588","61169893","chr1","60756345","60756659","10","413243"
"chr1","61559501","61559792","chr1","61030009","61030302","4","529492"
"chr1","61859599","61859880","chr1","61331898","61332198","19","527701"
"chr1","62578743","62579024","chr14","34868007","34868289","30","27710736"
"chr1","62665675","62665980","chr1","62155433","62155738","2","510242"
"chr1","62825342","62825627","chr1","62316303","62316587","4","509039"
"chr1","62841079","62841381","chr1","62333327","62333633","5","507752"
"chr1","62871075","62871357","chr1","62364382","62364664","2","506693"
"chr1","63219137","63219435","chr1","62719723","62720027","7","499414"
"chr1","63666327","63666629","chr1","63174249","63174551","2","492078"
"chr1","63822158","63822448","chr1","63333182","63333475","4","488976"
"chr1","63825114","63825428","chr1","63336676","63336984","8","488438"
"chr1","64111936","64112241","chr1","63627356","63627661","3","484580"
"chr1","64132714","64133005","chr1","63647827","63648118","4","484887"
"chr1","65407673","65407957","chr1","64857946","64858233","4","549727"
"chr1","66178357","66178675","chr1","65631357","65631675","3","547000"
"chr1","66224778","66225073","chr1","65680328","65680633","11","544450"
"chr1","66238992","66239294","chr1","65694869","65695173","3","544123"
"chr1","66434997","66435295","chr1","65892677","65892976","2","542320"
"chr1","66486886","66487179","chr1","65946719","65947010","4","540167"
"chr1","66697809","66698118","chr1","66160426","66160725","11","537383"
"chr1","66855977","66856263","chr1","66320099","66320384","1","535878"
"chr1","67255348","67255660","chr4","131139322","131139633","38","63883974"
"chr1","68026642","68026942","chr1","67510881","67511182","1","515761"
"chr1","68272414","68272691","chr1","67759978","67760255","0","512436"
"chr1","68386534","68386843","chr1","67875345","67875655","3","511189"
"chr1","68467331","68467634","chr1","68090592","68090895","6","376739"
"chr1","68580777","68581068","chr1","67973489","67973779","5","607288"
"chr1","68715243","68715551","chr1","68142079","68142387","3","573164"
"chr1","68836921","68837215","chr1","68264813","68265107","6","572108"
"chr1","68908267","68908437","chr14","33201090","33201257","24","35707177"
"chr1","69385958","69386231","chr1","68819078","68819374","25","566880"
"chr1","70993469","70993781","chr1","70408065","70408377","1","585404"
"chr1","71374230","71374523","chr1","70793062","70793355","1","581168"
"chr1","71541188","71541382","chr4","141921295","141921484","37","70380107"
"chr1","71593245","71593556","chr9","94471199","94471510","31","22877954"
"chr1","71603754","71604048","chr1","71023509","71023804","6","580245"
"chr1","71610732","71611022","chr1","71030530","71030820","2","580202"
"chr1","71765180","71765488","chr1","71183091","71183401","2","582089"
"chr1","72658355","72658634","chr1","72082827","72083112","7","575528"
"chr1","73539156","73539461","chr1","72973570","72973874","4","565586"
"chr1","73833422","73833728","chr1","73273560","73273871","16","559862"
"chr1","74427985","74428287","chr1","73877278","73877583","4","550707"
"chr1","74935612","74935922","chr1","74395281","74395597","6","540331"
"chr1","75508280","75508535","chr1","74973089","74973344","0","535191"
"chr1","76712168","76712434","chr1","226309349","226309617","43","149597181"
"chr1","77083511","77083619","chr1","76558735","76558845","2","524776"
"chr1","78876935","78877237","chr1","78248429","78248734","4","628506"
"chr1","79067937","79068232","chr1","78445872","78446167","1","622065"
"chr1","79094991","79095286","chr1","78473491","78473790","4","621500"
"chr1","79165700","79165989","chr1","78545762","78546051","0","619938"
"chr1","79439074","79439233","chr1","78827572","78827731","6","611502"
"chr1","79808881","79809178","chr1","79202505","79202802","1","606376"
"chr1","83220615","83220903","chr1","82600448","82600736","5","620167"
"chr1","83230248","83230552","chr1","82610091","82610389","7","620157"
"chr1","84933575","84933883","chr1","84232087","84232398","5","701488"
"chr1","85003430","85003713","chr1","84305542","84305827","3","697888"
"chr1","86879678","86879986","chr1","86209237","86209545","1","670441"
"chr1","87053873","87054162","chr1","86388573","86388857","17","665300"
"chr1","87480892","87481197","chr1","86820808","86821114","1","660084"
"chr1","88057545","88057874","chr17","15175854","15176173","44","72881691"
"chr1","88496378","88496683","chr1","87866218","87866523","1","630160"
"chr1","89888981","89889283","chr1","89215137","89215443","4","673844"
"chr1","90352332","90352636","chr1","89679646","89679951","3","672686"
"chr1","90418522","90418829","chr1","89747506","89747816","6","671016"
"chr1","91289297","91289600","chr1","90629528","90629834","4","659769"
"chr1","92264442","92264741","chr1","91614935","91615236","5","649507"
"chr1","92272199","92272487","chr1","91622718","91623006","1","649481"
"chr1","92276065","92276361","chr1","91626586","91626882","3","649479"
"chr1","92286946","92287242","chr1","10726150","10726444","35","81560796"
"chr1","92371240","92371537","chr1","91723321","91723618","0","647919"
"chr1","92692995","92693307","chr1","92050876","92051191","3","642119"
"chr1","92829670","92829962","chr1","92189563","92189857","5","640107"
"chr1","92831934","92832232","chr1","92191836","92192135","1","640098"
"chr1","92989477","92989787","chr1","92349320","92349630","2","640157"
"chr1","93014622","93014914","chr1","92374465","92374769","17","640157"
"chr1","93033197","93033492","chr1","92393481","92393777","2","639716"
"chr1","93251888","93252044","chr1","92610897","92611053","1","640991"
"chr1","93289053","93289347","chr1","92651004","92651300","2","638049"
"chr1","93321729","93322016","chr1","92684154","92684442","2","637575"
"chr1","93331248","93331545","chr1","92694141","92694437","2","637107"
"chr1","93405761","93406072","chr1","92771072","92771354","29","634689"
"chr1","93440253","93440559","chr1","92806268","92806573","1","633985"
"chr1","93467805","93468077","chr17","45758521","45758795","29","47709284"
"chr1","93531625","93531794","chr19","9024578","9024748","21","84507047"
"chr1","93546884","93547205","chr5","181634705","181635025","36","88087821"
"chr1","94102093","94102389","chr1","93473900","93474205","10","628193"
"chr1","95230155","95230444","chr13","24886103","24886404","44","70344052"
"chr1","95633786","95634074","chr1","95005365","95005653","0","628421"
"chr1","96259792","96260081","chr1","95644651","95644940","1","615141"
"chr1","96426350","96426493","chr5","155751924","155752056","30","59325574"
"chr1","96426804","96426984","chr7","41449075","41449254","33","54977729"
"chr1","98310103","98310463","chr1","97724691","97724991","66","585412"
"chr1","98823261","98823560","chr1","98244512","98244811","0","578749"
"chr1","98848249","98848543","chr1","98269438","98269736","4","578811"
"chr1","99267913","99268222","chr1","98693300","98693609","1","574613"
"chr1","99475297","99475604","chr1","98903607","98903914","0","571690"
"chr1","99820063","99820338","chr1","99250591","99250870","7","569472"
"chr1","99885352","99885634","chr1","99316557","99316812","29","568795"
"chr1","100157654","100157951","chr1","99591844","99592143","4","565810"
"chr1","101328741","101329047","chr1","100782088","100782397","8","546653"
"chr1","101333683","101333993","chr1","100787052","100787361","2","546631"
"chr1","101448339","101448625","chr1","100903636","100903922","0","544703"
"chr1","101453621","101453906","chr1","100908931","100909217","2","544690"
"chr1","101587623","101587936","chr1","101044067","101044374","7","543556"
"chr1","102929962","102930257","chr1","102407312","102407607","1","522650"
"chr1","103658300","103658640","chr1","103142693","103143033","0","515607"
"chr1","104729761","104730064","chr1","104240643","104240946","1","489118"
"chr1","105359418","105359624","chr1","104573544","104573750","1","785874"
"chr1","106225272","106225416","chr9","17247771","17247921","45","88977501"
"chr1","107340383","107340647","chr1","106549245","106549509","4","791138"
"chr1","107650317","107650618","chr1","106855142","106855430","17","795175"
"chr1","109243680","109243992","chr1","24190740","24191046","36","85052940"
"chr1","109554770","109555078","chr1","108786949","108787260","8","767821"
"chr1","109722127","109722420","chr5","14252117","14252415","27","95470010"
"chr1","109958733","109959028","chr1","109137952","109138251","4","820781"
"chr1","110506896","110507193","chr1","109697615","109697913","4","809281"
"chr1","110541014","110541289","chr1","109731847","109732124","6","809167"
"chr1","110559917","110560209","chr1","109751228","109751520","2","808689"
"chr1","110643264","110643376","chrX","130184859","130184969","22","19541595"
"chr1","110649912","110650199","chr1","109841146","109841434","4","808766"
"chr1","110661801","110662089","chr1","109853098","109853386","1","808703"
"chr1","110743757","110744051","chr1","109931619","109931911","2","812138"
"chr1","112232985","112233264","chr1","111384869","111385148","0","848116"
"chr1","112606096","112606379","chr1","111762878","111763161","0","843218"
"chr1","113611812","113612112","chr1","112759910","112760192","22","851902"
"chr1","113620743","113621054","chr1","112768888","112769203","7","851855"
"chr1","113691668","113691981","chr1","112842086","112842399","4","849582"
"chr1","117697697","117697983","chr1","116850225","116850511","1","847472"
"chr1","117853874","117854180","chr1","117011867","117012177","6","842007"
"chr1","118398112","118398406","chr1","117564886","117565181","2","833226"
"chr1","119599092","119599148","chr1","118789449","118789506","1","809643"
"chr1","120716275","120716584","chr1","119933660","119933967","3","782615"
"chr1","121677657","121677868","chr1","120809132","120809343","0","868525"
"chr1","121702273","121702574","chr1","120833796","120834100","5","868477"
"chr1","121987364","121987678","chr1","121124081","121124412","18","863283"
"chr1","122896230","122896546","chr1","122046720","122047033","3","849510"
"chr1","122957767","122958068","chr1","122108523","122108822","4","849244"
"chr1","123219758","123220054","chr1","122375590","122375880","7","844168"
"chr1","123663080","123663371","chr1","122820763","122821051","9","842317"
"chr1","124763672","124763949","chr1","123859845","123860122","1","903827"
"chr1","124861204","124861512","chr1","123966214","123966527","9","894990"
"chr1","125042204","125042501","chr1","124157288","124157585","2","884916"
"chr1","125304121","125304432","chr1","124428742","124429048","5","875379"
"chr1","125982975","125983267","chr1","125116905","125117196","2","866070"
"chr1","126246149","126246447","chr1","125382798","125383098","3","863351"
"chr1","126372435","126372725","chr1","125509863","125510154","5","862572"
"chr1","127796391","127796661","chr1","126948875","126949149","7","847516"
"chr1","127816569","127816862","chr1","126969062","126969361","6","847507"
"chr1","127892130","127892443","chr1","127046194","127046494","14","845936"
"chr1","128400359","128400638","chr1","127543884","127544176","18","856475"
"chr1","129205220","129205444","chr1","128366960","128367184","0","838260"
"chr1","129379402","129379695","chr17","66722688","66722958","60","62656714"
"chr1","129446694","129446987","chr1","128618196","128618490","8","828498"
"chr1","129594640","129594762","chr10","23138244","23138376","34","106456396"
"chr1","129603557","129603840","chr1","128781147","128781429","4","822410"
"chr1","129616488","129616704","chr10","97120785","97121004","31","32495703"
"chr1","129617392","129617506","chrX","135522113","135522226","27","5904721"
"chr1","129634729","129635018","chr1","128811663","128811952","2","823066"
"chr1","129675918","129676210","chr1","128852760","128853052","1","823158"
"chr1","129840358","129840441","chr12","32607934","32608012","30","97232424"
"chr1","129862105","129862401","chr1","129044471","129044767","2","817634"
"chr1","129986592","129986894","chr3","8716097","8716392","40","121270495"
"chr1","129991471","129991748","chr15","98931133","98931415","29","31060338"
"chr1","130387614","130387916","chr1","129577031","129577333","1","810583"
"chr1","130484251","130484543","chr1","129673883","129674177","2","810368"
"chr1","130519996","130520290","chr1","143898399","143898693","32","13378403"
"chr1","130552798","130553027","chr8","26615512","26615720","45","103937286"
"chr1","130960217","130960513","chr1","130161141","130161440","3","799076"
"chr1","130989456","130989761","chr1","130190828","130191140","8","798628"
"chr1","131543773","131544085","chr1","130785592","130785899","5","758181"
"chr1","131789560","131789859","chr1","131039113","131039412","2","750447"
"chr1","132395501","132395817","chr1","131652713","131653028","5","742788"
"chr1","132640274","132640569","chr1","131901211","131901510","7","739063"
"chr1","132795410","132795731","chr1","132058650","132058952","24","736760"
"chr1","132871197","132871524","chr1","132139812","132140122","23","731385"
"chr1","132903351","132903663","chr1","132166751","132167063","3","736600"
"chr1","132957152","132957451","chr7","99762076","99762371","32","33195076"
"chr1","133075317","133075626","chr1","132354688","132354997","2","720629"
"chr1","133081846","133082161","chr1","132361225","132361521","22","720621"
"chr1","133092309","133092617","chr1","132371330","132371637","4","720979"
"chr1","133104691","133104977","chr1","132385765","132386051","2","718926"
"chr1","133170560","133170873","chr1","132453874","132454187","3","716686"
"chr1","133173338","133173636","chr1","132456982","132457305","27","716356"
"chr1","133273953","133274244","chr1","132559276","132559570","4","714677"
"chr1","133342462","133342521","chr6","139851948","139852012","22","6509486"
"chr1","133422465","133422763","chr1","132710898","132711199","5","711567"
"chr1","133540990","133541293","chr1","132830399","132830702","1","710591"
"chr1","133635159","133635458","chr1","132927178","132927485","11","707981"
"chr1","133985513","133985809","chr1","133284215","133284520","11","701298"
"chr1","134055237","134055532","chr1","133354369","133354673","12","700868"
"chr1","134070978","134071283","chr1","133370777","133371084","4","700201"
"chr1","134209538","134209837","chr1","133514356","133514658","5","695182"
"chr1","134283089","134283341","chr1","133586187","133586440","3","696902"
"chr1","134374692","134374993","chr1","133680739","133681046","10","693953"
"chr1","134462497","134462779","chr17","46303158","46303444","41","88159339"
"chr1","134520230","134520491","chr1","24067245","24067486","93","110452985"
"chr1","134553585","134553784","chr4","41140476","41140672","34","93413109"
"chr1","134582623","134582927","chr1","133896085","133896388","5","686538"
"chr1","135070823","135070982","chrX","52332459","52332616","22","82738364"
"chr1","135099969","135100193","chrX","9872932","9873156","28","125227037"
"chr1","135162500","135162809","chr1","134252623","134252932","8","909877"
"chr1","135180997","135181313","chr1","134270133","134270450","1","910864"
"chr1","135189378","135189672","chr1","134278537","134278831","0","910841"
"chr1","135394731","135395021","chr1","134516883","134517173","0","877848"
"chr1","135413169","135413468","chr1","134536499","134536798","5","876670"
"chr1","135513990","135514301","chr1","134638346","134638656","2","875644"
"chr1","136826311","136826618","chr1","135985221","135985534","8","841090"
"chr1","137495754","137496047","chr1","136665760","136666058","10","829994"
"chr1","138219764","138220066","chr1","137403631","137403933","0","816133"
"chr1","139420917","139421215","chr1","138489708","138490004","4","931209"
"chr1","140032450","140032751","chr1","139101441","139101718","24","931009"
"chr1","140270358","140270653","chr1","139276755","139277051","2","993603"
"chr1","140376801","140377074","chr2B","238443236","238443516","40","98066435"
"chr1","140589623","140589916","chr1","139611310","139611606","5","978313"
"chr1","140724948","140725014","chr1","139750051","139750120","3","974897"
"chr1","140731989","140732292","chr1","139757102","139757405","4","974887"
"chr1","141196264","141196559","chr1","140236161","140236472","17","960103"
"chr1","141336125","141336421","chr1","140379904","140380200","0","956221"
"chr1","141500956","141501261","chr1","140548257","140548535","28","952699"
"chr1","141637659","141637959","chr1","140685902","140686206","8","951757"
"chr1","141717777","141718082","chr7","1119933","1120231","45","140597844"
"chr1","142163947","142164243","chr1","141226472","141226770","3","937475"
"chr1","142604697","142605001","chr1","141673954","141674265","8","930743"
"chr1","142607018","142607316","chr1","141676284","141676583","1","930734"
"chr1","144191297","144191574","chr1","143295054","143295334","6","896243"
"chr1","144780781","144781074","chr1","143898399","143898693","1","882382"
"chr1","144957542","144957853","chr1","144092170","144092483","4","865372"
"chr1","144979558","144979868","chr1","144114296","144114602","7","865262"
"chr1","145035737","145036027","chr1","144171000","144171292","3","864737"
"chr1","146576396","146576534","chr1","145726675","145726817","6","849721"
"chr1","147178453","147178744","chr19","39685173","39685461","39","107493280"
"chr1","147521759","147522047","chr1","146687817","146688107","5","833942"
"chr1","147809734","147810002","chr9","82529353","82529621","39","65280381"
"chr1","147810035","147810048","chr2A","86562381","86562407","17","61247654"
"chr1","147998462","147998809","chr1","147178285","147178616","23","820177"
"chr1","149116781","149117066","chr1","148310801","148311089","4","805980"
"chr1","149438230","149438405","chr1","148642712","148642886","5","795518"
"chr1","149751202","149751509","chr1","148960450","148960757","1","790752"
"chr1","150054016","150054320","chr1","149267982","149268289","10","786034"
"chr1","150294420","150294539","chr1","149510267","149510389","3","784153"
"chr1","150803367","150803663","chr1","150042310","150042608","4","761057"
"chr1","151132702","151133006","chr1","150383165","150383468","5","749537"
"chr1","151672646","151672957","chr1","150927140","150927451","3","745506"
"chr1","152945295","152945593","chr1","152203311","152203612","3","741984"
"chr1","153151574","153151924","chr1","152414252","152414565","45","737322"
"chr1","153226103","153226386","chr1","152490944","152491258","32","735159"
"chr1","153302490","153302802","chr1","152569358","152569664","21","733132"
"chr1","153374696","153374846","chr1","14366325","14366477","23","139008371"
"chr1","153496825","153497125","chr1","152768524","152768825","2","728301"
"chr1","153523391","153523689","chr1","152795085","152795383","0","728306"
"chr1","153940941","153941236","chr1","153217348","153217644","1","723593"
"chr1","153997437","153997663","chr1","31382634","31382865","30","122614803"
"chr1","155130953","155131249","chr1","154425147","154425444","4","705806"
"chr1","155274635","155274945","chr1","154569065","154569375","0","705570"
"chr1","155396752","155397034","chr1","154693831","154694114","1","702921"
"chr1","156224799","156225109","chr1","155525104","155525416","3","699695"
"chr1","156416872","156417173","chr1","155724476","155724776","7","692396"
"chr1","156434660","156434952","chr1","155742284","155742578","3","692376"
"chr1","156770101","156770407","chr1","156082721","156083041","16","687380"
"chr1","157066263","157066550","chr1","156381295","156381583","1","684968"
"chr1","157228250","157228549","chr1","156544865","156545164","0","683385"
"chr1","157325385","157325692","chr1","156641151","156641460","3","684234"
"chr1","157360295","157360590","chr1","156676122","156676417","2","684173"
"chr1","157366928","157367216","chr1","156682652","156682940","1","684276"
"chr1","157500738","157501025","chr1","156817852","156818150","13","682886"
"chr1","157534580","157534871","chr1","156852608","156852900","3","681972"
"chr1","157833654","157833964","chr10","125290484","125290789","29","32543170"
"chr1","157911056","157911359","chr1","157234911","157235214","0","676145"
"chr1","157960756","157961054","chr1","157285118","157285414","7","675638"
"chr1","157969663","157969948","chr1","157294188","157294473","1","675475"
"chr1","158265870","158266138","chr1","157595352","157595622","2","670518"
"chr1","158336622","158336922","chr1","157667680","157667980","1","668942"
"chr1","158422484","158422780","chr1","157758481","157758784","10","664003"
"chr1","158430355","158430646","chr1","157766383","157766661","18","663972"
"chr1","158437705","158438035","chr1","157773792","157774090","34","663913"
"chr1","158522190","158522432","chr1","157858858","157859103","4","663332"
"chr1","158810587","158810886","chr1","158155807","158156105","4","654780"
"chr1","159228551","159228845","chr1","158580264","158580559","1","648287"
"chr1","159659320","159659619","chr1","159017036","159017339","7","642284"
"chr1","160595842","160596143","chr1","159983535","159983836","1","612307"
"chr1","160681430","160681741","chr1","160070849","160071159","4","610581"
"chr1","161146727","161147032","chr1","160540737","160541039","6","605990"
"chr1","161237466","161237766","chr1","160630337","160630637","0","607129"
"chr1","161476501","161476815","chr1","160873442","160873750","7","603059"
"chr1","161506284","161506588","chr1","160904377","160904682","2","601907"
"chr1","161877035","161877308","chr1","161281021","161281295","3","596014"
"chr1","161986676","161986961","chr5","45935001","45935285","51","116051675"
"chr1","162731930","162732223","chr1","161634069","161634369","15","1097861"
"chr1","162831345","162831651","chr1","161735753","161736057","5","1095592"
"chr1","162982887","162983196","chr1","161887675","161887985","5","1095212"
"chr1","163044541","163044842","chr1","161954067","161954368","0","1090474"
"chr1","163048092","163048363","chr1","161957616","161957888","5","1090476"
"chr1","163610812","163611154","chr1","162522298","162522600","49","1088514"
"chr1","164672330","164672633","chr1","163607517","163607820","2","1064813"
"chr1","164757213","164757501","chr1","163698227","163698516","2","1058986"
"chr1","164758955","164759254","chr1","163699970","163700270","10","1058985"
"chr1","164859775","164860073","chr1","163801496","163801796","2","1058279"
"chr1","165833744","165834020","chr1","164781147","164781424","2","1052597"
"chr1","165975556","165975869","chr1","164921588","164921899","6","1053968"
"chr1","168200729","168201029","chr1","167163255","167163557","3","1037474"
"chr1","168468911","168469209","chr1","167477593","167477889","5","991318"
"chr1","169961706","169962010","chr1","168791078","168791379","6","1170628"
"chr1","170513466","170513753","chr1","169356539","169356826","1","1156927"
"chr1","171702802","171703084","chr1","170574651","170574937","10","1128151"
"chr1","173046514","173046800","chr1","171930561","171930851","13","1115953"
"chr1","174926809","174927111","chr1","173844207","173844499","11","1082602"
"chr1","175433888","175434108","chr1","174352156","174352378","8","1081732"
"chr1","177770298","177770597","chr1","176572000","176572303","7","1198298"
"chr1","177883517","177883823","chr1","176686257","176686565","4","1197260"
"chr1","178471862","178472155","chr1","177275087","177275380","2","1196775"
"chr1","178485398","178485701","chr1","177288870","177289178","7","1196528"
"chr1","178641598","178641910","chr1","177445997","177446309","1","1195601"
"chr1","178893137","178893425","chr1","177702382","177702670","3","1190755"
"chr1","179875941","179876207","chr10","37158459","37158733","32","142717482"
"chr1","179893386","179893658","chr1","178716031","178716305","2","1177355"
"chr1","179954528","179954828","chr1","178779767","178780071","8","1174761"
"chr1","180251711","180251992","chr7","55000902","55001184","32","125250809"
"chr1","180321341","180321643","chr1","179153178","179153480","1","1168163"
"chr1","180325845","180326150","chr1","179157683","179157989","2","1168162"
"chr1","180377845","180378131","chr1","179210228","179210514","0","1167617"
"chr1","180383617","180383903","chr1","179216007","179216296","6","1167610"
"chr1","180389416","180389513","chr6","18335968","18336060","24","162053448"
"chr1","180436889","180437196","chr1","179272135","179272449","7","1164754"
"chr1","180539683","180539981","chr1","179376270","179376568","1","1163413"
"chr1","180567105","180567338","chr1","179405480","179405713","0","1161625"
"chr1","180719560","180719853","chr1","179565292","179565586","1","1154268"
"chr1","180782436","180782749","chr1","179629231","179629545","2","1153205"
"chr1","181682808","181683117","chr1","180558051","180558365","5","1124757"
"chr1","181862185","181862483","chr1","180738970","180739268","2","1123215"
"chr1","181926676","181926729","chr1","180807430","180807483","0","1119246"
"chr1","181977667","181977965","chr1","180859368","180859663","5","1118299"
"chr1","182042339","182042638","chr1","180922842","180923139","2","1119497"
"chr1","182116016","182116325","chr1","181002216","181002524","4","1113800"
"chr1","182253869","182254152","chr1","181143277","181143561","3","1110592"
"chr1","182262697","182263003","chr1","181152543","181152854","12","1110154"
"chr1","182609262","182609559","chr4","38241454","38241751","38","144367808"
"chr1","182862720","182862861","chr1","181764885","181765029","5","1097835"
"chr1","182874882","182875181","chr1","181777884","181778188","6","1096998"
"chr1","182881337","182881633","chr17","4045830","4046119","47","178835507"
"chr1","183370855","183371161","chr1","182286783","182287093","14","1084072"
"chr1","183392257","183392555","chr1","182308929","182309229","4","1083328"
"chr1","183447981","183448294","chr1","182365218","182365531","0","1082763"
"chr1","183458157","183458445","chr1","182375603","182375910","27","1082554"
"chr1","183558712","183559039","chr1","182479219","182479521","47","1079493"
"chr1","183654439","183654737","chr1","182580591","182580896","10","1073848"
"chr1","183706546","183706726","chr1","182638100","182638261","22","1068446"
"chr1","183777908","183778217","chr1","182711876","182712185","0","1066032"
"chr1","183997530","183997813","chr1","182939287","182939568","3","1058243"
"chr1","184057961","184058250","chr1","183000803","183001092","1","1057158"
"chr1","184392772","184393090","chr1","183344135","183344453","2","1048637"
"chr1","184407159","184407462","chr1","183358595","183358899","2","1048564"
"chr1","184487447","184487752","chr1","183437387","183437692","7","1050060"
"chr1","185012426","185012513","chr1","183972982","183973064","5","1039444"
"chr1","185076963","185077178","chr8","63506837","63507058","25","121570126"
"chr1","185111562","185111877","chr1","184071818","184072130","7","1039744"
"chr1","185654390","185654684","chr1","184628692","184628988","4","1025698"
"chr1","185664543","185664649","chr1","184638843","184638951","2","1025700"
"chr1","186246221","186246521","chr1","185457643","185457943","0","788578"
"chr1","186486011","186486302","chr1","185700473","185700764","1","785538"
"chr1","188115027","188115341","chr1","186808764","186809076","13","1306263"
"chr1","188391620","188391924","chr1","187090918","187091219","4","1300702"
"chr1","188573685","188573994","chr1","187277422","187277734","3","1296263"
"chr1","189155302","189155604","chr1","187864358","187864663","3","1290944"
"chr1","190304978","190305316","chr3","12008467","12008807","45","178296511"
"chr1","190485795","190486100","chr3","196885161","196885467","40","6399366"
"chr1","191029798","191030100","chr1","189693388","189693694","4","1336410"
"chr1","191758941","191759233","chr1","190438202","190438496","3","1320739"
"chr1","192044594","192044899","chr1","190730613","190730918","1","1313981"
"chr1","192052864","192053172","chr1","190738869","190739179","3","1313995"
"chr1","192097868","192098171","chr1","190783944","190784249","4","1313924"
"chr1","192320843","192321135","chr1","191010660","191010953","1","1310183"
"chr1","192344262","192344559","chr1","191034240","191034538","4","1310022"
"chr1","192525468","192525746","chr1","191216481","191216759","1","1308987"
"chr1","192770521","192770796","chr1","191459113","191459388","0","1311408"
"chr1","192966750","192967034","chr1","191660580","191660865","2","1306170"
"chr1","193299734","193300023","chr1","191998598","191998887","1","1301136"
"chr1","193495404","193495693","chr1","192202809","192203098","6","1292595"
"chr1","193626016","193626306","chr1","192335501","192335791","2","1290515"
"chr1","193676278","193676579","chr12","109601693","109601996","33","84074585"
"chr1","193683147","193683457","chr1","192393462","192393780","11","1289685"
"chr1","193738549","193738856","chr1","192449265","192449564","10","1289284"
"chr1","194348762","194349060","chr1","193069527","193069821","12","1279235"
"chr1","194693513","194693815","chr1","193421903","193422205","2","1271610"
"chr1","194782625","194782921","chr1","193512662","193512960","2","1269963"
"chr1","194789756","194790073","chr1","193519812","193520129","0","1269944"
"chr1","194893331","194893625","chr1","193624660","193624973","27","1268671"
"chr1","194944000","194944286","chrX","101006538","101006822","37","93937462"
"chr1","195033759","195034056","chr9","104447933","104448230","29","90585826"
"chr1","195428413","195428732","chr1","194157464","194157783","1","1270949"
"chr1","195888257","195888552","chr1","194620996","194621291","2","1267261"
"chr1","195947346","195947645","chr1","194680216","194680516","2","1267130"
"chr1","196869255","196869568","chr1","195609294","195609607","2","1259961"
"chr1","196918166","196918449","chr1","195661392","195661675","1","1256774"
"chr1","197986001","197986299","chr1","196740253","196740559","14","1245748"
"chr1","198781537","198781829","chr1","197555473","197555765","1","1226064"
"chr1","199193373","199193635","chr1","197970326","197970590","4","1223047"
"chr1","200767232","200767529","chr1","199339998","199340298","5","1427234"
"chr1","200958898","200959184","chr1","199554692","199554978","4","1404206"
"chr1","201755888","201756214","chr1","200364213","200364539","1","1391675"
"chr1","201756591","201756874","chr1","200364916","200365199","2","1391675"
"chr1","202101637","202101920","chr1","200715053","200715336","4","1386584"
"chr1","202836372","202836678","chr1","201393898","201394204","0","1442474"
"chr1","204342444","204342717","chr1","203022489","203022765","11","1319955"
"chr1","204602809","204603102","chr1","203289017","203289310","0","1313792"
"chr1","204649346","204649624","chr1","203337910","203338189","3","1311436"
"chr1","204839320","204839629","chr1","203534451","203534761","2","1304869"
"chr1","205898140","205898443","chr6","6728897","6729194","39","199169243"
"chr1","205932787","205933083","chr1","204630190","204630486","1","1302597"
"chr1","205934786","205935097","chr1","204632189","204632500","9","1302597"
"chr1","206155436","206155739","chr1","204857669","204857974","5","1297767"
"chr1","206163603","206163916","chr1","204865890","204866203","2","1297713"
"chr1","206166760","206167059","chr7","74031705","74032017","38","132135055"
"chr1","206243051","206243152","chr7","136764491","136764593","17","69478560"
"chr1","206244059","206244367","chr1","204947222","204947530","2","1296837"
"chr1","206292240","206292540","chr1","204996917","204997217","4","1295323"
"chr1","206320002","206320304","chr1","205026445","205026751","6","1293557"
"chr1","206338327","206338640","chr1","205044545","205044857","8","1293782"
"chr1","206386511","206386808","chr1","205092738","205093036","2","1293773"
"chr1","206471975","206472256","chr1","205186219","205186500","0","1285756"
"chr1","206515606","206515910","chr1","205232479","205232785","3","1283127"
"chr1","206533588","206533736","chr1","205251781","205251905","24","1281807"
"chr1","206626517","206626797","chr2B","246496866","246497172","27","39870349"
"chr1","207067551","207067847","chr1","205799406","205799702","1","1268145"
"chr1","207077277","207077540","chr1","205809856","205810128","11","1267421"
"chr1","207295610","207295899","chr1","206032759","206033053","5","1262851"
"chr1","207800320","207800618","chr1","206543299","206543598","1","1257021"
"chr1","207883258","207883561","chr1","206626272","206626576","5","1256986"
"chr1","207903878","207904181","chr1","206646934","206647234","4","1256944"
"chr1","208213354","208213645","chr1","206965980","206966272","1","1247374"
"chr1","208339862","208340169","chr1","207093516","207093827","7","1246346"
"chr1","208604573","208604868","chr1","207132530","207132837","16","1472043"
"chr1","209861244","209861536","chr1","208384627","208384943","26","1476617"
"chr1","209889685","209889969","chr1","208414256","208414543","4","1475429"
"chr1","210118665","210118964","chr1","208647071","208647370","1","1471594"
"chr1","210148596","210148908","chr1","208678489","208678801","5","1470107"
"chr1","210408607","210408917","chr1","208942909","208943220","1","1465698"
"chr1","210671723","210672034","chr1","209202478","209202789","1","1469245"
"chr1","210819120","210819434","chr1","209352923","209353240","3","1466197"
"chr1","211351576","211351884","chr1","209892950","209893260","2","1458626"
"chr1","211464140","211464434","chr1","210008605","210008902","6","1455535"
"chr1","212052733","212052960","chr4","41118990","41119196","41","170933743"
"chr1","212191450","212191737","chr1","210749380","210749687","24","1442070"
"chr1","212267251","212267566","chr1","210825098","210825414","4","1442153"
"chr1","212530996","212531293","chr1","211093456","211093739","14","1437540"
"chr1","212623144","212623424","chr1","211189222","211189501","3","1433922"
"chr1","212987899","212988203","chr1","211560055","211560359","0","1427844"
"chr1","213338720","213338938","chr1","211913124","211913346","6","1425596"
"chr1","213736132","213736435","chr1","212322093","212322398","4","1414039"
"chr1","214817152","214817466","chr1","213423905","213424220","1","1393247"
"chr1","215425188","215425497","chr1","214043006","214043300","17","1382182"
"chr1","215742399","215742660","chr1","214459169","214459471","42","1283230"
"chr1","215771531","215771826","chr1","214489001","214489296","3","1282530"
"chr1","215833613","215833958","chr1","214550999","214551302","100","1282614"
"chr1","215893463","215893760","chr1","214611195","214611494","3","1282268"
"chr1","216026049","216026337","chr1","214743494","214743782","0","1282555"
"chr1","216125556","216125857","chr1","214843327","214843631","8","1282229"
"chr1","216224542","216224822","chr1","214951158","214951468","31","1273384"
"chr1","216563149","216563445","chr1","215293223","215293519","0","1269926"
"chr1","216565820","216566110","chr1","215295903","215296194","5","1269917"
"chr1","216651377","216651677","chr1","215382635","215382935","3","1268742"
"chr1","216864400","216864710","chr1","215604030","215604339","6","1260370"
"chr1","216908233","216908511","chr1","215647989","215648281","20","1260244"
"chr1","216979442","216979671","chr1","215721061","215721292","3","1258381"
"chr1","217064308","217064592","chr1","215814761","215815045","1","1249547"
"chr1","217206960","217207085","chrX","134618716","134618838","24","82588244"
"chr1","217737004","217737211","chr1","216488397","216488599","5","1248607"
"chr1","218132159","218132477","chr1","216888854","216889173","1","1243305"
"chr1","218812397","218812686","chr1","217582568","217582858","3","1229829"
"chr1","219123400","219123691","chr1","217894620","217894912","1","1228780"
"chr1","219291687","219291968","chr1","218063562","218063843","2","1228125"
"chr1","219475490","219475709","chr1","218252119","218252337","1","1223371"
"chr1","219801326","219801620","chr1","218577372","218577666","1","1223954"
"chr1","220523781","220524083","chr1","219308867","219309169","3","1214914"
"chr1","220952791","220953102","chr1","219743638","219743950","4","1209153"
"chr1","221206448","221206758","chr1","220002560","220002869","4","1203888"
"chr1","221261497","221261802","chr1","220059129","220059438","6","1202368"
"chr1","221321458","221321766","chr11","48038383","48038691","39","173283075"
"chr1","221518139","221518435","chr1","220319464","220319760","2","1198675"
"chr1","221575726","221576051","chr1","220377815","220378128","21","1197911"
"chr1","221644143","221644432","chr1","220446896","220447187","5","1197247"
"chr1","221835483","221835779","chr1","220641860","220642162","7","1193623"
"chr1","221943439","221943734","chr1","220751248","220751542","13","1192191"
"chr1","222416523","222416849","chr2A","64582548","64582871","51","157833975"
"chr1","222434716","222435027","chr1","221257070","221257374","14","1177646"
"chr1","222437048","222437352","chr1","221259400","221259705","5","1177648"
"chr1","222496856","222497164","chr1","221321466","221321773","5","1175390"
"chr1","222540210","222540479","chr1","221363922","221364191","2","1176288"
"chr1","223871244","223871543","chr1","222285128","222285432","8","1586116"
"chr1","223885294","223885416","chr1","222299083","222299208","3","1586211"
"chr1","224420470","224420750","chr7","15575413","15575699","36","208845057"
"chr1","224571113","224571424","chr1","222986322","222986631","7","1584791"
"chr1","224738648","224738949","chr1","223154847","223155133","16","1583801"
"chr1","224864085","224864369","chr1","223285392","223285678","3","1578693"
"chr1","224926578","224926890","chr1","223339760","223340076","5","1586818"
"chr1","224966153","224966447","chr1","223379176","223379458","13","1586977"
"chr1","225292707","225292982","chr1","223712066","223712342","3","1580641"
"chr1","225473787","225474099","chr1","223902173","223902479","8","1571614"
"chr1","225586423","225586597","chr1","224015894","224016068","5","1570529"
"chr1","225714465","225714795","chr1","224152059","224152376","23","1562406"
"chr1","225717210","225717497","chr1","224154925","224155217","5","1562285"
"chr1","225732328","225732599","chr6","43651297","43651569","37","182081031"
"chr1","225732615","225732899","chr1","224171281","224171565","0","1561334"
"chr1","225765665","225765980","chr1","224205965","224206281","4","1559700"
"chr1","225792025","225792239","chr1","224231468","224231675","8","1560557"
"chr1","225804462","225804771","chr3","186380255","186380559","36","39424207"
"chr1","226035000","226035205","chr14","54664350","54664519","62","171370650"
"chr1","226107625","226107936","chr1","224557358","224557670","10","1550267"
"chr1","226171673","226171948","chr5","42198393","42198667","43","183973280"
"chr1","226207971","226208267","chr1","224661002","224661298","2","1546969"
"chr1","226292677","226292962","chr1","224750375","224750657","6","1542302"
"chr1","226373879","226374082","chr1","224839635","224839842","10","1534244"
"chr1","226482645","226482947","chr1","224954613","224954916","2","1528032"
"chr1","227193491","227193765","chr1","225677310","225677584","0","1516181"
"chr1","227303498","227303796","chr3","8716097","8716392","37","218587401"
"chr1","227880781","227881083","chr1","226264022","226264325","3","1616759"
"chr1","227904025","227904324","chr1","226287844","226288146","3","1616181"
"chr1","227928507","227928812","chrX","43540449","43540751","34","184388058"
"chr1","227993936","227994231","chr1","226376736","226377031","2","1617200"
"chr1","228432104","228432402","chr1","226826209","226826511","9","1605895"
"chr1","228971490","228971800","chr1","227376704","227377015","9","1594786"
"chr1","229440088","229440383","chr1","227820238","227820542","14","1619850"
"chr3","123731742","123732055","chr3","123067866","123068178","3","663876"
"chr3","146669308","146669607","chr3","145602121","145602421","2","1067187"
"chr3","161087408","161087720","chr3","159718374","159718686","0","1369034"
"chr3","193724239","193724533","chr3","192203111","192203405","5","1521128"
"chr3","1752005","1752290","chr3","1761046","1761331","0","9041"
"chr3","2457303","2457597","chr3","2468627","2468922","9","11324"
"chr3","2521464","2521765","chr3","2532583","2532888","12","11119"
"chr3","2841407","2841701","chr3","2860046","2860340","1","18639"
"chr3","2898231","2898543","chr3","2917599","2917909","7","19368"
"chr3","2908407","2908701","chr3","2927846","2928144","9","19439"
"chr3","3388166","3388474","chr2B","228100842","228101154","43","224712676"
"chr3","3563546","3563846","chr3","3591651","3591948","5","28105"
"chr3","4026377","4026674","chr3","4065106","4065403","4","38729"
"chr3","4497329","4497641","chr3","4527822","4528127","8","30493"
"chr3","5144033","5144276","chr3","5181974","5182217","0","37941"
"chr3","5176912","5177092","chr3","5216463","5216643","3","39551"
"chr3","5425585","5425864","chr3","5475958","5476243","10","50373"
"chr3","5972315","5972629","chr3","6035614","6035925","3","63299"
"chr3","6496900","6497185","chr3","6576025","6576311","3","79125"
"chr3","7448802","7449078","chr3","7384096","7384375","5","64706"
"chr3","8225896","8226205","chr3","8198627","8198932","7","27269"
"chr3","8403216","8403505","chr3","8380530","8380819","1","22686"
"chr3","9264460","9264755","chr3","9261107","9261402","1","3353"
"chr3","9539548","9539576","chr5","140311274","140311307","10","130771726"
"chr3","9697048","9697192","chrX","4351972","4352119","20","5345076"
"chr3","9792586","9792865","chr3","9804303","9804595","14","11717"
"chr3","9991825","9992080","chr3","10014268","10014526","4","22443"
"chr3","10255264","10255478","chr3","10168807","10169021","0","86457"
"chr3","10279119","10279416","chr3","10192791","10193088","1","86328"
"chr3","10287335","10287631","chr3","10201747","10202044","2","85588"
"chr3","10416670","10416967","chr3","10326463","10326761","4","90207"
"chr3","10422099","10422404","chr3","189520195","189520504","38","179098096"
"chr3","10546307","10546599","chr3","10457622","10457932","19","88685"
"chr3","10958023","10958328","chr3","10873697","10874001","7","84326"
"chr3","11479358","11479466","chr3","11408786","11408893","1","70572"
"chr3","11622450","11622533","chr19","22434354","22434443","16","10811904"
"chr3","11909543","11909854","chr3","11846995","11847306","3","62548"
"chr3","12041500","12041789","chr3","11982338","11982622","8","59162"
"chr3","12049912","12050232","chr3","11991109","11991429","0","58803"
"chr3","12066246","12066541","chr4","61907879","61908177","27","49841633"
"chr3","12121071","12121353","chr3","12063072","12063354","1","57999"
"chr3","12149139","12149424","chr3","12091832","12092114","10","57307"
"chr3","12162478","12162760","chr9","37063469","37063751","38","24900991"
"chr3","12803032","12803287","chr3","12748343","12748598","2","54689"
"chr3","12847505","12847800","chr3","12793543","12793838","0","53962"
"chr3","12911027","12911305","chr3","12859621","12859899","3","51406"
"chr3","12912631","12912937","chr3","12861191","12861497","1","51440"
"chr3","12944093","12944396","chr3","12893287","12893592","5","50806"
"chr3","12979395","12979678","chr3","12929364","12929674","27","50031"
"chr3","12996888","12997181","chr3","12946494","12946801","20","50394"
"chr3","13001485","13001785","chr3","12951224","12951524","2","50261"
"chr3","13660194","13660500","chr3","13623016","13623327","7","37178"
"chr3","13741641","13741932","chr3","13701706","13702001","6","39935"
"chr3","14239691","14239995","chr3","14186787","14187092","2","52904"
"chr3","14649721","14650022","chr3","14602000","14602280","35","47721"
"chr3","15541315","15541614","chr3","15513097","15513396","1","28218"
"chr3","15684357","15684656","chr3","15658131","15658430","1","26226"
"chr3","16101681","16101981","chr3","16081050","16081350","1","20631"
"chr3","16269070","16269383","chr3","16250078","16250389","5","18992"
"chr3","17887443","17887739","chr3","17885793","17886091","3","1650"
"chr3","18284484","18284747","chr11","782084","782347","36","17502400"
"chr3","19194506","19194764","chrX","54506557","54506820","41","35312051"
"chr3","19918126","19918423","chr3","19962667","19962964","0","44541"
"chr3","20036891","20037194","chr3","20092461","20092765","2","55570"
"chr3","20158833","20159204","chr1","44529891","44530194","99","24371058"
"chr3","21147814","21148097","chr3","21254985","21255294","30","107171"
"chr3","21709831","21710138","chr19","45576711","45577019","39","23866880"
"chr3","21819696","21819996","chr3","21941017","21941321","8","121321"
"chr3","21977367","21977678","chr3","22100413","22100723","6","123046"
"chr3","22120336","22120621","chr3","22254365","22254620","30","134029"
"chr3","22286782","22286852","chr3","22422159","22422229","2","135377"
"chr3","22290835","22291117","chr3","22426213","22426528","34","135378"
"chr3","22362354","22362642","chr3","22500628","22500916","0","138274"
"chr3","23128292","23128491","chr3","23275895","23276091","4","147603"
"chr3","23156956","23157254","chr3","23304263","23304561","0","147307"
"chr3","23276758","23277072","chr3","23427704","23428018","1","150946"
"chr3","23917506","23917787","chr3","24080260","24080570","29","162754"
"chr3","23931574","23931877","chr3","24094368","24094673","5","162794"
"chr3","23970617","23970916","chr3","24132168","24132476","11","161551"
"chr3","23991077","23991374","chr3","24151680","24151982","7","160603"
"chr3","23998156","23998453","chr3","24159498","24159799","6","161342"
"chr3","24158901","24159193","chr3","24322900","24323195","4","163999"
"chr3","24192373","24192665","chr1","205799406","205799702","36","181607033"
"chr3","24832507","24832815","chr3","25005228","25005530","8","172721"
"chr3","25313317","25313615","chr3","25487491","25487790","2","174174"
"chr3","25373624","25373915","chr3","25547825","25548126","11","174201"
"chr3","25377279","25377566","chr3","25551491","25551782","5","174212"
"chr3","25833762","25834044","chr3","26015048","26015335","6","181286"
"chr3","26013257","26013356","chr3","26195774","26195868","5","182517"
"chr3","27581701","27581995","chr3","27786227","27786528","7","204526"
"chr3","27677134","27677275","chr18","15829353","15829486","28","11847781"
"chr3","27677587","27677687","chr9","83018668","83018763","17","55341081"
"chr3","27730640","27730932","chr3","27937613","27937906","1","206973"
"chr3","29659782","29660085","chr3","29900856","29901159","2","241074"
"chr3","29828569","29828871","chr3","30074357","30074665","12","245788"
"chr3","30040922","30041222","chr3","30289316","30289620","5","248394"
"chr3","30145059","30145369","chr19","1679386","1679696","40","28465673"
"chr3","31698641","31698900","chr4","141725124","141725382","33","110026483"
"chr3","31773454","31773747","chr3","32049685","32049978","0","276231"
"chr3","32040536","32040756","chr8","22500681","22500891","47","9539855"
"chr3","32050186","32050504","chr3","32329473","32329792","4","279287"
"chr3","32529106","32529414","chr3","32816350","32816658","0","287244"
"chr3","32614551","32614861","chr1","52597474","52597779","42","19982923"
"chr3","32814211","32814498","chr3","33102636","33102927","8","288425"
"chr3","32899679","32899896","chr14","86051793","86052005","35","53152114"
"chr3","32963302","32963602","chr3","55124887","55125184","46","22161585"
"chr3","33120637","33120916","chr3","33413922","33414157","47","293285"
"chr3","33137357","33137662","chr3","33431170","33431478","4","293813"
"chr3","33183242","33183524","chr3","33492540","33492822","1","309298"
"chr3","33194693","33194997","chr3","33504455","33504759","3","309762"
"chr3","33367897","33368195","chr3","33682538","33682839","4","314641"
"chr3","33453280","33453570","chr3","33768214","33768504","1","314934"
"chr3","33483426","33483738","chr3","33799845","33800157","1","316419"
"chr3","33776943","33777241","chr17","2674926","2675229","41","31102017"
"chr3","34033469","34033743","chr3","34365638","34365919","7","332169"
"chr3","35525771","35526080","chr3","35877155","35877464","2","351384"
"chr3","35583888","35584204","chr3","35935517","35935840","12","351629"
"chr3","36714569","36714881","chr3","37084909","37085213","12","370340"
"chr3","36785308","36785601","chr3","37156376","37156668","6","371068"
"chr3","37090898","37090982","chr3","37466673","37466758","1","375775"
"chr3","37322144","37322450","chr3","37705392","37705700","3","383248"
"chr3","37434006","37434311","chr3","37819565","37819871","2","385559"
"chr3","37454197","37454516","chr21","25333124","25333428","54","12121073"
"chr3","37554320","37554633","chr3","37941689","37942002","0","387369"
"chr3","37805706","37805997","chr3","38197237","38197528","3","391531"
"chr3","39140219","39140506","chr3","39553371","39553658","1","413152"
"chr3","39346159","39346469","chr3","39769273","39769584","6","423114"
"chr3","39488878","39489184","chr3","39912808","39913118","9","423930"
"chr3","39560224","39560520","chr3","39992539","39992838","7","432315"
"chr3","39816741","39817047","chr3","40262515","40262829","9","445774"
"chr3","40021204","40021504","chr3","40471123","40471426","7","449919"
"chr3","41313799","41314084","chr7","15575413","15575699","33","25738386"
"chr3","41734180","41734491","chr3","42213904","42214216","4","479724"
"chr3","42063001","42063302","chr3","42549299","42549600","2","486298"
"chr3","42198646","42198937","chr3","42689220","42689512","2","490574"
"chr3","42229879","42230175","chr3","42720235","42720530","1","490356"
"chr3","42232157","42232458","chr3","42722514","42722818","6","490357"
"chr3","42287684","42287957","chr3","42775915","42776188","3","488231"
"chr3","42494294","42494584","chr3","42982780","42983070","1","488486"
"chr3","42606068","42606357","chr3","43095735","43096030","29","489667"
"chr3","42735648","42735957","chr3","43226604","43226913","0","490956"
"chr3","43696805","43697110","chr3","43378825","43379130","1","317980"
"chr3","43763939","43764237","chr3","43446500","43446799","1","317439"
"chr3","43889449","43889729","chr3","43574114","43574395","3","315335"
"chr3","44388924","44389219","chr3","44080268","44080563","1","308656"
"chr3","45571656","45572019","chr3","45279663","45279976","54","291993"
"chr3","45649601","45649806","chr3","45363690","45363898","4","285911"
"chr3","45668697","45669001","chr3","45383411","45383715","8","285286"
"chr3","45766154","45766461","chr3","45481495","45481801","2","284659"
"chr3","46259492","46259762","chr3","45931299","45931602","33","328193"
"chr3","46268044","46268321","chr3","45940312","45940590","6","327732"
"chr3","46748939","46749142","chr5","1305017","1305217","48","45443922"
"chr3","46993929","46994234","chr3","46682344","46682653","10","311585"
"chr3","48317293","48317588","chr3","48025603","48025898","2","291690"
"chr3","48366898","48367200","chr3","48077731","48078033","7","289167"
"chr3","48368508","48368805","chr3","48079351","48079648","13","289157"
"chr3","48371406","48371693","chr3","48082253","48082540","1","289153"
"chr3","48500842","48500980","chrX","98510250","98510381","30","50009408"
"chr3","48501212","48501432","chr1","66726763","66726953","54","18225551"
"chr3","48603304","48603607","chr3","48315777","48316080","3","287527"
"chr3","48723506","48723817","chr3","48441072","48441383","0","282434"
"chr3","48727863","48728119","chr3","48445364","48445645","25","282499"
"chr3","48754934","48755228","chr3","48471303","48471607","11","283631"
"chr3","48996226","48996525","chr3","48729048","48729349","4","267178"
"chr3","49029568","49029853","chr22","48265045","48265329","39","764523"
"chr3","49107081","49107320","chr3","48845434","48845673","3","261647"
"chr3","49147955","49148252","chr3","48888065","48888362","2","259890"
"chr3","49174354","49174668","chr3","48915416","48915730","0","258938"
"chr3","49211027","49211340","chr3","48953690","48954004","4","257337"
"chr3","49241398","49241674","chr3","48984647","48984926","5","256751"
"chr3","49260258","49260562","chr3","49003405","49003709","2","256853"
"chr3","49465391","49465704","chr3","49208966","49209277","5","256425"
"chr3","49618480","49618784","chr3","49362021","49362332","8","256459"
"chr3","49825355","49825660","chr3","49575508","49575815","4","249847"
"chr3","49933145","49933425","chr3","49689563","49689844","9","243582"
"chr3","50076290","50076398","chr15","66325941","66326033","42","16249651"
"chr3","50090081","50090351","chr9","82078879","82079143","35","31988798"
"chr3","50091543","50091839","chr3","49851975","49852275","5","239568"
"chr3","50339864","50340163","chr3","50107650","50107956","8","232214"
"chr3","50348495","50348810","chr3","50116908","50117213","10","231587"
"chr3","50600239","50600514","chr3","50205039","50205316","5","395200"
"chr3","50670341","50670526","chr9","79275132","79275308","30","28604791"
"chr3","50694050","50694340","chr3","50307053","50307330","20","386997"
"chr3","50948878","50949176","chr3","50563777","50564076","2","385101"
"chr3","51098422","51098732","chr3","50718016","50718327","2","380406"
"chr3","51122339","51122621","chr8","123868559","123868848","52","72746220"
"chr3","51151215","51151460","chr1","10453275","10453519","60","40697940"
"chr3","51189591","51189764","chr3","50813651","50813824","1","375940"
"chr3","51243241","51243437","chr3","50868381","50868582","6","374860"
"chr3","51293312","51293622","chr3","50919843","50920153","3","373469"
"chr3","51862721","51863011","chr3","51503793","51504077","7","358928"
"chr3","51944952","51945258","chr3","51587162","51587467","1","357790"
"chr3","52305556","52305871","chr3","51953330","51953645","0","352226"
"chr3","52610769","52611074","chr3","52261428","52261713","21","349341"
"chr3","52710330","52710637","chr3","52361321","52361630","4","349009"
"chr3","52751322","52751618","chr3","52401380","52401678","5","349942"
"chr3","52771264","52771559","chr3","52422389","52422686","5","348875"
"chr3","52806325","52806639","chr3","52458254","52458568","1","348071"
"chr3","53064159","53064457","chr3","52724786","52725084","0","339373"
"chr3","53102456","53102747","chr3","52766899","52767190","1","335557"
"chr3","53431757","53432059","chr3","53103739","53104041","1","328018"
"chr3","53633055","53633357","chr3","53308421","53308723","0","324634"
"chr3","53775179","53775473","chr3","53454236","53454544","14","320943"
"chr3","53811793","53812099","chr3","53490959","53491262","8","320834"
"chr3","53866800","53867098","chr3","53547538","53547837","5","319262"
"chr3","53944486","53944778","chr8","59209885","59210186","41","5265399"
"chr3","54117471","54117769","chr3","53806677","53806978","5","310794"
"chr3","54160595","54160891","chr3","53850618","53850916","4","309977"
"chr3","54206181","54206465","chr3","53897146","53897433","4","309035"
"chr3","54488171","54488481","chr3","54188586","54188897","2","299585"
"chr3","54488904","54489199","chr3","54189320","54189614","1","299584"
"chr3","54502755","54503057","chr3","54205216","54205509","9","297539"
"chr3","54533636","54533928","chr3","54236736","54237028","1","296900"
"chr3","55012835","55013146","chr3","54723923","54724204","30","288912"
"chr3","55343617","55343924","chr3","55055706","55056018","7","287911"
"chr3","55408201","55408518","chr3","55124887","55125184","32","283314"
"chr3","55880369","55880675","chr3","55590671","55590975","10","289698"
"chr3","56204246","56204541","chr3","55913878","55914173","4","290368"
"chr3","56209230","56209366","chr14","60419218","60419349","23","4209988"
"chr3","56344792","56345037","chr3","56055449","56055695","6","289343"
"chr3","56688576","56688887","chr3","56407981","56408292","3","280595"
"chr3","56896666","56896985","chr3","56618085","56618404","4","278581"
"chr3","56934179","56934483","chr3","56655641","56655951","8","278538"
"chr3","57725964","57726272","chr3","57447471","57447781","3","278493"
"chr3","57734980","57735265","chr3","57456842","57457130","4","278138"
"chr3","57799900","57800196","chr3","57521938","57522235","3","277962"
"chr3","57826034","57826330","chr3","57549122","57549419","1","276912"
"chr3","57998109","57998418","chr3","57724590","57724894","11","273519"
"chr3","58421051","58421167","chr10","109114059","109114176","13","50693008"
"chr3","58502887","58503174","chr3","58242457","58242745","4","260430"
"chr3","58510762","58511062","chr3","58250336","58250643","12","260426"
"chr3","58579312","58579625","chr3","58320127","58320440","2","259185"
"chr3","58669519","58669814","chr3","58412480","58412788","18","257039"
"chr3","58726803","58727103","chr3","58472749","58473048","2","254054"
"chr3","59066623","59066933","chr3","58601523","58601833","0","465100"
"chr3","59095447","59095740","chr3","58631293","58631589","4","464154"
"chr3","59126433","59126716","chr3","58663677","58663960","2","462756"
"chr3","59127235","59127539","chr3","58664484","58664777","13","462751"
"chr3","59243163","59243460","chr3","58781069","58781367","3","462094"
"chr3","59354783","59354858","chr2A","64207480","64207554","7","4852697"
"chr3","59445205","59445520","chr3","58989027","58989338","6","456178"
"chr3","59605275","59605349","chr15","62299927","62300002","15","2694652"
"chr3","59777441","59777694","chr3","59323107","59323357","4","454334"
"chr3","59885110","59885415","chr3","59441662","59441967","2","443448"
"chr3","60044149","60044448","chr3","59605671","59605973","4","438478"
"chr3","60288692","60288997","chr3","59854543","59854848","1","434149"
"chr3","60636661","60636929","chr3","60208620","60208888","0","428041"
"chr3","60755648","60755940","chr3","60327831","60328123","1","427817"
"chr3","61984929","61985244","chr3","61584019","61584327","9","400910"
"chr3","62150321","62150603","chr7","98974309","98974589","40","36823988"
"chr3","62204670","62204972","chr3","61809295","61809597","1","395375"
"chr3","62823865","62824128","chr3","62434162","62434424","4","389703"
"chr3","63112040","63112324","chr3","62729348","62729636","5","382692"
"chr3","63232391","63232704","chr3","190806616","190806918","40","127574225"
"chr3","63260027","63260329","chr3","62876893","62877199","8","383134"
"chr3","64448933","64449233","chr3","64081193","64081500","9","367740"
"chr3","67149832","67150128","chr3","66838660","66838956","12","311172"
"chr3","67385895","67386184","chr1","65694869","65695173","49","1691026"
"chr3","68012719","68012975","chr3","67958816","67959078","8","53903"
"chr3","68162399","68162713","chr3","68103682","68103993","4","58717"
"chr3","68586500","68586792","chr3","68531166","68531460","5","55334"
"chr3","70379145","70379423","chrX","109052172","109052452","35","38673027"
"chr3","70617586","70617836","chr3","70580794","70581045","2","36792"
"chr3","70793913","70794219","chr3","198083080","198083390","33","127289167"
"chr3","72175331","72175611","chr3","72156735","72157043","28","18596"
"chr3","72743517","72743810","chr3","72733601","72733898","5","9916"
"chr3","72789520","72789819","chr3","72780611","72780912","5","8909"
"chr3","73010059","73010368","chr3","73004487","73004797","2","5572"
"chr3","73168766","73169053","chr3","73163925","73164212","3","4841"
"chr3","74800791","74801074","chr3","74245143","74245433","9","555648"
"chr3","74848428","74848728","chr3","74296828","74297129","1","551600"
"chr3","75024899","75025194","chr3","74479425","74479720","1","545474"
"chr3","75164409","75164683","chr3","74621566","74621827","15","542843"
"chr3","75168015","75168316","chr3","74625162","74625472","10","542853"
"chr3","76119494","76119790","chr3","75604888","75605186","5","514606"
"chr3","77646310","77646622","chr3","77039290","77039601","3","607020"
"chr3","78653547","78653687","chr3","78061064","78061207","4","592483"
"chr3","78953969","78954231","chr3","78364614","78364876","2","589355"
"chr3","79358804","79359096","chr3","78777018","78777313","5","581786"
"chr3","80011311","80011607","chr3","79442669","79442964","3","568642"
"chr3","80860416","80860722","chr3","80315261","80315565","3","545155"
"chr3","81502134","81502446","chr3","80979823","80980133","5","522311"
"chr3","81895842","81896139","chr3","81376554","81376868","18","519288"
"chr3","82504239","82504550","chr3","82027292","82027602","8","476947"
"chr3","83045498","83045752","chr3","82399472","82399726","1","646026"
"chr3","83730763","83731071","chr3","83098142","83098450","0","632621"
"chr3","84200079","84200380","chr3","83575059","83575360","4","625020"
"chr3","84449996","84450289","chr3","83826996","83827292","3","623000"
"chr3","85888737","85889053","chr3","85273489","85273798","11","615248"
"chr3","86284841","86285135","chr3","85683956","85684252","7","600885"
"chr3","86431373","86431686","chr3","85832424","85832737","2","598949"
"chr3","87402752","87403053","chr3","86720813","86721114","1","681939"
"chr3","88665806","88666106","chr3","88004804","88005102","2","661002"
"chr3","89488067","89488128","chr3","88835482","88835543","1","652585"
"chr3","89512650","89512988","chr3","88860382","88860718","3","652268"
"chr3","89623280","89623572","chr3","88971694","88971989","7","651586"
"chr3","90109475","90109765","chr3","89471315","89471605","1","638160"
"chr3","90414623","90414905","chr3","89783716","89784000","4","630907"
"chr3","90521533","90521838","chr3","89893801","89894107","2","627732"
"chr3","97774198","97774483","chr3","97032784","97033087","18","741414"
"chr3","97866604","97866880","chr3","97126449","97126725","0","740155"
"chr3","98143787","98144090","chr3","97399109","97399420","18","744678"
"chr3","98369720","98370013","chr3","97625925","97626220","2","743795"
"chr3","98713024","98713329","chr3","97974051","97974360","5","738973"
"chr3","98867724","98868019","chr3","98135149","98135446","6","732575"
"chr3","98888097","98888388","chr3","98155878","98156174","7","732219"
"chr3","99706492","99706811","chr3","99002677","99003008","20","703815"
"chr3","100639612","100639881","chr3","99957964","99958233","1","681648"
"chr3","100673334","100673635","chr3","99992595","99992897","5","680739"
"chr3","100960342","100960409","chr3","100301244","100301314","4","659098"
"chr3","100961358","100961529","chr3","100302266","100302439","4","659092"
"chr3","100973102","100973398","chr3","100314029","100314325","12","659073"
"chr3","101032010","101032312","chrX","52120497","52120801","50","48911513"
"chr3","101351243","101351537","chr3","100687952","100688251","35","663291"
"chr3","101445903","101446198","chr3","100784530","100784828","3","661373"
"chr3","101731285","101731595","chr3","101075035","101075345","1","656250"
"chr3","102048784","102049017","chr1","8071184","8071408","43","93977600"
"chr3","102367747","102368051","chr3","101714288","101714593","2","653459"
"chr3","102402120","102402394","chr5","182040324","182040598","30","79638204"
"chr3","102623561","102623850","chr3","101976617","101976904","2","646944"
"chr3","103088407","103088702","chr5","14210923","14211217","30","88877484"
"chr3","103295764","103296060","chr3","102657300","102657594","7","638464"
"chr3","103311821","103312119","chr3","102673370","102673668","8","638451"
"chr3","103598879","103599164","chr3","102966088","102966373","1","632791"
"chr3","103980785","103981079","chr3","103351473","103351767","0","629312"
"chr3","104185266","104185551","chr3","103557396","103557680","2","627870"
"chr3","105010806","105011114","chr3","104413329","104413637","0","597477"
"chr3","105239694","105239992","chr3","104646884","104647182","0","592810"
"chr3","105426856","105426945","chr3","104829920","104830010","1","596936"
"chr3","105456647","105456951","chr2B","211623519","211623823","38","106166872"
"chr3","105498151","105498455","chr3","104902159","104902465","4","595992"
"chr3","106198364","106198659","chr3","105617210","105617511","7","581154"
"chr3","106923480","106923790","chr3","106362863","106363176","6","560617"
"chr3","107502796","107503108","chr3","106944764","106945073","4","558032"
"chr3","110435151","110435467","chr17","3489127","3489438","36","106946024"
"chr3","110492172","110492455","chr15","87458493","87458778","34","23033679"
"chr3","111200731","111201046","chr3","110409686","110409998","3","791045"
"chr3","112820586","112820885","chr3","112055840","112056144","8","764746"
"chr3","112851670","112851793","chr3","112086995","112087116","2","764675"
"chr3","113531736","113532030","chr3","112783603","112783902","6","748133"
"chr3","113589612","113589886","chr3","112842622","112842892","11","746990"
"chr3","114472743","114472890","chr1","133932337","133932484","30","19459594"
"chr3","114797029","114797321","chr3","114034118","114034411","4","762911"
"chr3","116396591","116396853","chr3","115640050","115640313","2","756541"
"chr3","116559070","116559363","chr3","115799086","115799379","1","759984"
"chr3","116725039","116725324","chr3","115969336","115969621","0","755703"
"chr3","117644779","117645058","chr3","116912125","116912404","1","732654"
"chr3","117743370","117743446","chr3","100301244","100301314","12","17442126"
"chr3","117835821","117836112","chr3","117103784","117104080","5","732037"
"chr3","117849577","117849857","chr3","117117825","117118105","0","731752"
"chr3","117964009","117964306","chr3","117234711","117235008","0","729298"
"chr3","118267861","118268156","chr3","117543181","117543476","1","724680"
"chr3","119292255","119292593","chr3","118579606","118579942","6","712649"
"chr3","119911665","119911955","chr3","119208431","119208717","4","703234"
"chr3","120419436","120419752","chr3","119716865","119717185","6","702571"
"chr3","120477621","120477894","chr3","119775054","119775330","11","702567"
"chr3","120894576","120894888","chr3","120204887","120205198","3","689689"
"chr3","121073715","121074028","chr3","120385016","120385325","4","688699"
"chr3","121453966","121454269","chr3","120768123","120768426","1","685843"
"chr3","122202666","122202950","chr3","121529613","121529896","4","673053"
"chr3","122445887","122446163","chr3","121780241","121780518","5","665646"
"chr3","123533297","123533467","chr3","122868129","122868303","4","665168"
"chr3","123666457","123666723","chr3","123003222","123003488","2","663235"
"chr3","124390282","124390592","chr3","123729723","123730034","7","660559"
"chr3","124735098","124735413","chr3","124079414","124079729","4","655684"
"chr3","125497631","125497924","chr3","124848037","124848332","3","649594"
"chr3","125720717","125721032","chr3","125080744","125081059","2","639973"
"chr3","125958472","125958772","chr3","125320649","125320947","7","637823"
"chr3","126446277","126446579","chr3","125822554","125822856","0","623723"
"chr3","126523901","126524188","chr3","125903343","125903641","12","620558"
"chr3","127686876","127687179","chr3","127089636","127089940","1","597240"
"chr3","127877959","127878248","chr4","40341217","40341506","38","87536742"
"chr3","128287727","128288028","chr3","127695187","127695488","0","592540"
"chr3","128314278","128314559","chr3","127722112","127722393","3","592166"
"chr3","128449326","128449621","chr3","127858258","127858556","6","591068"
"chr3","128885338","128885630","chr3","128292446","128292739","3","592892"
"chr3","128958512","128958809","chr3","128366810","128367111","6","591702"
"chr3","129171067","129171372","chr3","128582289","128582599","9","588778"
"chr3","129521649","129521915","chr3","128935854","128936120","1","585795"
"chr3","129547180","129547473","chr3","128960868","128961161","7","586312"
"chr3","129579676","129579992","chr3","128993579","128993882","19","586097"
"chr3","129596257","129596342","chr9","127846054","127846134","14","1750203"
"chr3","130214902","130215196","chr3","129220054","129220353","11","994848"
"chr3","130280036","130280192","chr19","13968486","13968648","20","116311550"
"chr3","131255338","131255624","chr6","86298158","86298442","33","44957180"
"chr3","132211769","132212074","chrX","2364356","2364654","42","129847413"
"chr3","132538852","132539145","chr3","131539140","131539436","5","999712"
"chr3","133000117","133000410","chr3","132004019","132004313","3","996098"
"chr3","133210585","133210879","chr3","132225299","132225591","4","985286"
"chr3","133481966","133482272","chr3","132483290","132483601","6","998676"
"chr3","133508314","133508618","chr3","132510764","132511067","5","997550"
"chr3","134075534","134075846","chr3","133102332","133102645","6","973202"
"chr3","134159313","134159631","chr3","133186258","133186545","31","973055"
"chr3","134610132","134610422","chr3","133656110","133656400","0","954022"
"chr3","134816116","134816177","chr3","183400045","183400111","13","48583929"
"chr3","134962146","134962438","chr3","134016234","134016526","0","945912"
"chr3","135279520","135279827","chr3","134335849","134336159","5","943671"
"chr3","135533909","135534222","chr3","134592733","134593044","7","941176"
"chr3","135931836","135932116","chr3","135005673","135005953","4","926163"
"chr3","136736477","136736782","chr3","135839740","135840041","5","896737"
"chr3","136966870","136967159","chr3","135916332","135916625","5","1050538"
"chr3","137152490","137152787","chr3","136103668","136103965","1","1048822"
"chr3","137986886","137987185","chr3","136944405","136944718","16","1042481"
"chr3","138081510","138081804","chr3","137040739","137041043","11","1040771"
"chr3","138694901","138695207","chr3","137682869","137683177","3","1012032"
"chr3","140631757","140632022","chr3","139640566","139640830","2","991191"
"chr3","140898768","140899075","chr3","139910560","139910869","5","988208"
"chr3","141039322","141039601","chr1","26932764","26933045","40","114106558"
"chr3","141219117","141219409","chr3","140238036","140238328","1","981081"
"chr3","141244672","141244749","chr2A","64207480","64207554","8","77037192"
"chr3","141247991","141248285","chr3","140267094","140267389","1","980897"
"chr3","141325858","141326159","chr3","140347331","140347632","1","978527"
"chr3","141367772","141368064","chr3","140390602","140390893","2","977170"
"chr3","141553459","141553624","chr3","140577302","140577466","2","976157"
"chr3","141603344","141603608","chr3","140628055","140628318","2","975289"
"chr3","142599942","142600238","chr3","141633260","141633558","2","966682"
"chr3","142649271","142649577","chr3","141684236","141684551","10","965035"
"chr3","142858597","142858881","chr3","141894528","141894812","0","964069"
"chr3","142867933","142868228","chr3","141903778","141904071","3","964155"
"chr3","143297804","143298095","chr3","142181051","142181342","0","1116753"
"chr3","143315103","143315403","chr3","142198383","142198686","3","1116720"
"chr3","144316742","144317020","chr3","143210049","143210341","18","1106693"
"chr3","144668946","144669247","chr3","143571401","143571704","2","1097545"
"chr3","145223086","145223343","chr3","144137141","144137398","5","1085945"
"chr3","145580282","145580571","chr3","144504817","144505106","1","1075465"
"chr3","145666241","145666546","chr3","144591878","144592183","0","1074363"
"chr3","145887866","145888168","chr3","144814161","144814457","7","1073705"
"chr3","146039608","146039913","chr20","61303383","61303682","36","84736225"
"chr3","146097782","146098100","chr3","145024815","145025106","27","1072967"
"chr3","146260925","146261229","chr3","145191403","145191703","5","1069522"
"chr3","146275928","146276236","chr2B","156311180","156311490","40","10035252"
"chr3","146379043","146379332","chr2A","44496854","44497154","44","101882189"
"chr3","146436105","146436422","chr3","145363058","145363373","7","1073047"
"chr3","146587655","146587753","chr3","145517707","145517786","19","1069948"
"chr3","146666757","146667037","chr3","145599566","145599845","5","1067191"
"chr3","146753032","146753341","chr3","145685571","145685884","8","1067461"
"chr3","147137663","147137971","chr3","146091077","146091385","2","1046586"
"chr3","147216147","147216276","chr7","101855440","101855572","30","45360707"
"chr3","147353058","147353350","chr3","146315160","146315450","2","1037898"
"chr3","147464410","147464705","chr3","146425965","146426263","7","1038445"
"chr3","147470768","147471060","chr3","146432348","146432640","0","1038420"
"chr3","147897976","147898282","chr3","146864035","146864343","3","1033941"
"chr3","148954837","148955127","chr3","147940009","147940299","3","1014828"
"chr3","149591063","149591361","chr3","148581559","148581857","1","1009504"
"chr3","150209940","150210251","chr3","149207393","149207704","1","1002547"
"chr3","151541628","151541961","chr3","150557430","150557759","5","984198"
"chr3","152598943","152599218","chr3","12091832","12092114","47","140507111"
"chr3","153461281","153461572","chr3","152500898","152501190","1","960383"
"chr3","154474335","154474641","chr3","153536014","153536327","9","938321"
"chr3","154544665","154544955","chr3","153607452","153607750","10","937213"
"chr3","155144510","155144806","chr13","21150972","21151268","36","133993538"
"chr3","155162113","155162254","chr3","191023369","191023506","22","35861256"
"chr3","155339408","155339732","chr3","154424516","154424839","7","914892"
"chr3","155792814","155793122","chr3","154883037","154883347","4","909777"
"chr3","157300332","157300659","chr3","156402042","156402369","2","898290"
"chr3","157526590","157526900","chr3","156633571","156633881","1","893019"
"chr3","157571509","157571800","chr3","156678977","156679268","0","892532"
"chr3","157589128","157589411","chr12","123266392","123266685","25","34322736"
"chr3","157594958","157595248","chr3","156702955","156703247","3","892003"
"chr3","157606425","157606733","chr3","156714351","156714662","3","892074"
"chr3","158352991","158353285","chr16","74740705","74741001","24","83612286"
"chr3","158417949","158418238","chr3","157533754","157534046","8","884195"
"chr3","159400089","159400383","chr3","158521936","158522231","4","878153"
"chr3","159660084","159660389","chr3","158781023","158781328","1","879061"
"chr3","159974518","159974818","chr11","105129907","105130204","32","54844611"
"chr3","160036780","160037065","chr5","77632205","77632488","37","82404575"
"chr3","160606039","160606345","chr3","159231749","159232053","3","1374290"
"chr3","160815398","160815662","chr3","159439332","159439596","1","1376066"
"chr3","160908651","160908961","chr3","159535036","159535344","2","1373615"
"chr3","160926833","160927128","chr3","159553230","159553526","2","1373603"
"chr3","160974667","160974839","chr3","159603653","159603827","5","1371014"
"chr3","160975013","160975331","chr3","159604001","159604323","7","1371012"
"chr3","161066273","161066438","chr3","159697209","159697376","2","1369064"
"chr3","161084734","161085037","chr3","159715693","159715996","0","1369041"
"chr3","161802628","161802691","chr3","160433127","160433191","1","1369501"
"chr3","162664360","162664673","chr3","161302657","161302971","3","1361703"
"chr3","163915734","163916023","chr3","162591661","162591947","3","1324073"
"chr3","165042338","165042618","chr3","163745276","163745558","4","1297062"
"chr3","165172060","165172106","chr5","133362814","133362869","15","31809246"
"chr3","165361074","165361365","chr3","164071111","164071402","0","1289963"
"chr3","165731049","165731345","chr3","164453247","164453543","1","1277802"
"chr3","166295088","166295344","chr3","165018386","165018642","0","1276702"
"chr3","166485505","166485817","chr5","150568275","150568587","35","15917230"
"chr3","166586143","166586423","chr3","165311448","165311729","4","1274695"
"chr3","166588253","166588493","chr3","165313561","165313839","39","1274692"
"chr3","166938177","166938485","chr3","165663574","165663884","5","1274603"
"chr3","167211109","167211193","chr19","18469045","18469116","23","148742064"
"chr3","167879340","167879515","chr14","54664350","54664519","35","113214990"
"chr3","167879542","167879661","chr7","141694833","141694959","32","26184709"
"chr3","167992602","167992913","chr3","189520195","189520504","45","21527593"
"chr3","168092756","168093066","chr3","166822899","166823215","6","1269857"
"chr3","169554387","169554673","chr3","168247538","168247824","1","1306849"
"chr3","169577622","169577902","chr3","168271015","168271295","2","1306607"
"chr3","170770335","170770625","chr3","169501617","169501900","7","1268718"
"chr3","171051929","171052241","chr3","169784464","169784778","4","1267465"
"chr3","171114098","171114379","chr3","169847551","169847832","2","1266547"
"chr3","171921741","171922062","chr3","170661940","170662261","0","1259801"
"chr3","173221005","173221297","chr3","171961732","171962020","6","1259273"
"chr3","174594687","174594982","chr3","173348433","173348730","2","1246254"
"chr3","174690651","174690954","chr3","173444409","173444712","2","1246242"
"chr3","174956745","174956916","chrX","71023082","71023251","20","103933663"
"chr3","175099256","175099485","chr3","173860140","173860369","1","1239116"
"chr3","175347960","175348262","chr3","173971702","173972014","10","1376258"
"chr3","175510969","175511286","chr3","174138793","174139068","44","1372176"
"chr3","175529811","175530130","chr3","174157931","174158221","43","1371880"
"chr3","175567807","175568100","chr3","174198072","174198365","1","1369735"
"chr3","175956941","175957225","chr3","174581104","174581391","8","1375837"
"chr3","176240134","176240405","chr3","174868825","174869092","4","1371309"
"chr3","176731134","176731418","chr3","175379206","175379491","1","1351928"
"chr3","177069275","177069580","chr3","175715048","175715356","5","1354227"
"chr3","177094731","177095023","chr3","175740479","175740771","0","1354252"
"chr3","177598865","177599161","chr3","176252378","176252666","8","1346487"
"chr3","177777074","177777370","chr3","176428241","176428537","0","1348833"
"chr3","177875668","177875975","chr3","176526225","176526532","7","1349443"
"chr3","177896588","177896875","chr3","176549750","176550038","3","1346838"
"chr3","178375355","178375609","chr3","177031340","177031596","2","1344015"
"chr3","179358922","179359214","chr3","178015358","178015650","5","1343564"
"chr3","180082981","180083260","chr3","178745731","178746037","32","1337250"
"chr3","180226071","180226367","chr3","178900858","178901156","5","1325213"
"chr3","180973742","180974044","chr3","179668179","179668473","13","1305563"
"chr3","182101435","182101791","chr3","180816855","180817163","67","1284580"
"chr3","182224057","182224337","chr3","180947906","180948186","2","1276151"
"chr3","182350001","182350299","chr3","181073770","181074068","1","1276231"
"chr3","182384577","182384864","chr3","181108659","181108947","4","1275918"
"chr3","182402150","182402451","chr3","181123335","181123637","2","1278815"
"chr3","182448664","182448966","chr3","181173476","181173783","26","1275188"
"chr3","182478224","182478515","chr3","181206438","181206729","0","1271786"
"chr3","182501549","182501862","chr3","181229960","181230271","7","1271589"
"chr3","182509893","182510043","chr3","181238294","181238434","12","1271599"
"chr3","182515384","182515670","chr3","181244219","181244506","1","1271165"
"chr3","182770037","182770330","chr3","181506822","181507115","3","1263215"
"chr3","182855350","182855629","chr3","181593421","181593700","1","1261929"
"chr3","183223570","183223859","chr3","181962928","181963218","1","1260642"
"chr3","183354718","183355012","chr3","182095761","182096053","2","1258957"
"chr3","183364128","183364419","chr3","182106331","182106648","27","1257797"
"chr3","183955617","183955901","chr3","182702041","182702325","3","1253576"
"chr3","184646467","184646757","chr19","39685173","39685461","28","144961294"
"chr3","184844045","184844346","chr3","183601124","183601450","25","1242921"
"chr3","184948904","184949192","chr3","187428575","187428865","29","2479671"
"chr3","185028331","185028635","chr3","183791139","183791447","9","1237192"
"chr3","185894570","185894849","chr3","184660702","184661011","31","1233868"
"chr3","186078725","186079020","chr12","58938571","58938864","29","127140154"
"chr3","186127972","186128266","chr3","184893355","184893662","14","1234617"
"chr3","186557013","186557328","chr3","185332846","185333172","11","1224167"
"chr3","186576526","186576801","chr3","185352326","185352601","0","1224200"
"chr3","186885289","186885582","chr3","185667056","185667348","3","1218233"
"chr3","187019297","187019593","chr3","185804074","185804370","4","1215223"
"chr3","187058969","187059185","chr3","185842836","185843054","2","1216133"
"chr3","187091340","187091458","chr3","185876148","185876268","4","1215192"
"chr3","187400834","187401149","chr3","186192658","186192983","13","1208176"
"chr3","187807593","187807842","chr3","186601383","186601658","26","1206210"
"chr3","188309921","188310234","chr3","187119496","187119809","3","1190425"
"chr3","188524851","188525149","chr3","187341389","187341692","5","1183462"
"chr3","188610917","188611207","chr3","187428575","187428865","0","1182342"
"chr3","188658032","188658326","chr3","187476910","187477206","8","1181122"
"chr3","188695746","188696030","chr3","187514586","187514899","31","1181160"
"chr3","188918577","188918872","chr3","187741296","187741590","3","1177281"
"chr3","188985990","188986296","chr3","187809499","187809804","2","1176491"
"chr3","189097820","189098127","chr3","187924922","187925229","2","1172898"
"chr3","189238926","189239097","chr14","33201090","33201257","35","156037836"
"chr3","189258280","189258589","chr3","188086246","188086555","1","1172034"
"chr3","189625528","189625828","chr3","188137393","188137696","3","1488135"
"chr3","189790288","189790595","chr3","188307556","188307863","3","1482732"
"chr3","189791135","189791310","chr7","144964144","144964314","26","44826991"
"chr3","189974559","189974844","chr3","188498487","188498772","0","1476072"
"chr3","189982639","189982948","chr3","188507002","188507310","2","1475637"
"chr3","190014229","190014510","chr17","46303158","46303444","40","143711071"
"chr3","190014546","190014562","chr10","118512818","118512847","17","71501728"
"chr3","190077346","190077637","chr3","188602911","188603203","2","1474435"
"chr3","190516007","190516290","chr3","189044687","189044995","26","1471320"
"chr3","190568100","190568381","chr3","189097285","189097584","20","1470815"
"chr3","190664594","190664903","chr3","189195884","189196193","19","1468710"
"chr3","190699846","190700149","chr3","189231819","189232115","7","1468027"
"chr3","191057315","191057640","chr3","189595684","189596005","8","1461631"
"chr3","191109800","191110038","chr7","145916272","145916512","34","45193528"
"chr3","191201268","191201544","chr17","65503895","65504170","39","125697373"
"chr3","191342893","191343172","chr3","189884260","189884539","0","1458633"
"chr3","191412098","191412373","chr3","189956483","189956770","13","1455615"
"chr3","191786178","191786490","chr5","36396285","36396593","40","155389893"
"chr3","191923219","191923516","chr3","190486081","190486379","9","1437138"
"chr3","192098865","192099178","chr3","190662388","190662702","5","1436477"
"chr3","192241139","192241440","chr3","190806616","190806918","4","1434523"
"chr3","193075041","193075298","chr3","191648429","191648688","5","1426612"
"chr3","193619337","193619621","chr3","192097535","192097819","2","1521802"
"chr3","193691712","193692020","chr3","192169774","192170083","3","1521938"
"chr3","194098805","194099115","chr3","192583553","192583863","3","1515252"
"chr3","195310164","195310354","chr3","193808977","193809184","17","1501187"
"chr3","195534291","195534573","chr3","194042139","194042419","3","1492152"
"chr3","195605089","195605388","chr3","194113589","194113891","4","1491500"
"chr3","196208593","196208790","chr3","194715410","194715616","11","1493183"
"chr3","196846188","196846479","chr3","195292086","195292386","12","1554102"
"chr3","197183288","197183599","chr3","195633966","195634277","1","1549322"
"chr3","197614834","197615110","chr17","7974525","7974803","44","189640309"
"chr3","197621364","197621649","chr22","49705972","49706262","34","147915392"
"chr3","197636381","197636681","chr4","156489089","156489386","34","41147292"
"chr3","197654704","197655020","chrX","40554591","40554898","34","157100113"
"chr3","197840397","197840680","chr6","39666669","39666957","37","158173728"
"chr3","197872851","197873156","chr10","121184273","121184577","29","76688578"
"chr3","198207314","198207623","chr4","97606174","97606482","38","100601140"
"chr3","198276836","198277141","chr18","57739119","57739422","33","140537717"
"chr3","199070867","199071161","chr7","9594360","9594649","42","189476507"
"chr3","199258409","199258723","chr1","219743638","219743950","37","20485229"
"chr3","199453649","199453828","chr6","36714828","36714995","32","162738821"
"chr3","199495718","199496013","chr1","205799406","205799702","31","6303688"
"chr3","199544914","199545211","chr3","195990253","195990534","19","3554661"
"chr3","199839608","199839909","chr3","196298511","196298812","3","3541097"
"chr3","200093922","200094219","chr3","196557033","196557330","1","3536889"
"chr3","200419275","200419582","chr3","196885161","196885467","5","3534114"
"chr3","200536323","200536636","chr3","197002598","197002914","8","3533725"
"chr3","200602878","200603178","chr3","197070233","197070539","7","3532645"
"chr3","201384607","201384915","chr3","197860122","197860431","5","3524485"
"chr3","201593130","201593435","chr3","198078071","198078370","9","3515059"
"chr3","201660540","201660845","chr3","198154667","198154972","0","3505873"
"chr3","201709603","201709906","chr3","198204295","198204600","3","3505308"
"chr3","201725051","201725348","chr3","198221837","198222138","5","3503214"
"chr3","201797092","201797387","chr3","198298486","198298785","6","3498606"
"chr3","201951222","201951535","chr3","198471934","198472247","0","3479288"
"chr3","201960888","201961182","chr3","198481934","198482231","8","3478954"
"chr3","201989173","201989456","chr3","198511041","198511328","5","3478132"
"chr3","202068296","202068592","chr3","198589623","198589919","5","3478673"
"chr3","202123840","202124146","chr3","198644554","198644860","4","3479286"
"chr3","202231702","202231985","chr3","198753830","198754123","11","3477872"
"chr3","202280367","202280666","chr3","198803088","198803389","4","3477279"
"chr3","202633059","202633253","chr3","199163311","199163546","44","3469748"
"chr3","202714161","202714464","chr3","199242768","199243062","11","3471393"
"chr3","202831614","202831903","chr3","199363082","199363378","10","3468532"
"chr3","202855638","202855940","chr17","72110430","72110731","38","130745208"
"chr3","202870682","202870846","chr17","42090335","42090499","16","160780347"
"chr3","202964423","202964721","chr3","199497416","199497725","13","3467007"
"chr3","202971499","202971803","chr3","199504551","199504855","0","3466948"
"chr3","203043862","203044174","chr3","199579320","199579632","7","3464542"
"chr3","203148359","203148691","chr3","199683023","199683357","8","3465336"
"chr3","203257648","203257952","chr3","199925920","199926191","37","3331728"
"chr3","203327962","203328245","chr3","200056136","200056419","1","3271826"
"chr3","203362022","203362318","chr3","200090193","200090491","3","3271829"
"chr3","203365614","203365896","chr3","200090193","200090491","17","3275421"
"chr3","203380520","203380802","chrX","109052172","109052452","32","94328348"
"chr3","203428050","203428356","chr3","200154544","200154850","3","3273506"
"chr3","203651481","203651790","chr18","9186033","9186354","49","194465448"
"chr3","203731890","203732200","chr3","200467356","200467666","0","3264534"
"chr3","203919376","203919685","chr3","200660012","200660322","5","3259364"
"chr3","204081845","204082141","chr3","200826410","200826708","2","3255435"
"chr3","204144399","204144708","chr3","200895966","200896276","4","3248433"
"chr3","204144896","204145180","chr3","200896465","200896749","2","3248431"
"chr3","204162733","204163031","chr3","200914801","200915100","2","3247932"
"chr3","204218943","204219238","chr6","6728897","6729194","30","197490046"
"chr3","204645522","204645822","chr3","201400173","201400474","2","3245349"
"chr3","204683857","204684147","chr3","201434982","201435271","3","3248875"
"chr3","204693267","204693538","chr3","201444383","201444653","2","3248884"
"chr3","204826020","204826332","chr4","97118108","97118419","33","107707912"
"chr3","204884327","204884637","chr3","201639594","201639903","6","3244733"
"chr3","205114173","205114463","chr3","201873663","201873950","3","3240510"
"chr4","113508156","113508459","chr4","113067140","113067444","1","441016"
"chr4","155320316","155320652","chr4","154349960","154350307","12","970356"
"chr4","184942315","184942606","chr4","183820991","183821282","0","1121324"
"chr4","180840","181152","chr4","166025","166332","5","14815"
"chr4","667554","667854","chr4","659577","659882","5","7977"
"chr4","972361","972642","chr4","960776","961057","2","11585"
"chr4","1013818","1014114","chr4","1007074","1007374","5","6744"
"chr4","1641335","1641642","chr4","1656500","1656807","1","15165"
"chr4","1654986","1655259","chr4","1671014","1671287","3","16028"
"chr4","1879651","1879943","chr4","1871011","1871306","4","8640"
"chr4","2019560","2019854","chr4","2014226","2014524","6","5334"
"chr4","2034209","2034512","chr4","2029206","2029506","10","5003"
"chr4","2280195","2280478","chr4","2275265","2275575","31","4930"
"chr4","2607413","2607712","chr4","2610827","2611127","2","3414"
"chr4","2680873","2681163","chr4","2693427","2693717","3","12554"
"chr4","2738074","2738277","chr4","2751425","2751628","0","13351"
"chr4","2786563","2786858","chr4","2802529","2802824","4","15966"
"chr4","3045990","3046280","chr4","3069488","3069751","27","23498"
"chr4","3111847","3112108","chr19","8432122","8432383","89","5320275"
"chr4","3935819","3936128","chr4","3898210","3898519","6","37609"
"chr4","4957532","4957816","chr20","61632542","61632829","29","56675010"
"chr4","5389360","5389691","chr4","5378522","5378855","3","10838"
"chr4","6015550","6015850","chr4","6076305","6076610","8","60755"
"chr4","6399746","6400051","chr4","6473363","6473668","0","73617"
"chr4","6705982","6706288","chr10","98892132","98892445","45","92186150"
"chr4","6985259","6985572","chr4","7075267","7075580","4","90008"
"chr4","6990213","6990511","chr4","7080223","7080521","1","90010"
"chr4","7159714","7160068","chr6","14309167","14309484","95","7149453"
"chr4","7350383","7350681","chr4","7447968","7448273","9","97585"
"chr4","7413222","7413531","chr4","7514350","7514652","9","101128"
"chr4","7437032","7437335","chr4","7536719","7537023","2","99687"
"chr4","8372050","8372335","chr4","8480741","8481026","13","108691"
"chr4","8892125","8892416","chr8","123868559","123868848","30","114976434"
"chr4","9652963","9653271","chr4","9620903","9621207","9","32060"
"chr4","9681230","9681532","chr5","56108599","56108902","37","46427369"
"chr4","10195044","10195340","chr4","10172924","10173223","5","22120"
"chr4","10204798","10204913","chr4","10182877","10182994","5","21921"
"chr4","10243942","10244226","chr5","179678021","179678301","35","169434079"
"chr4","10391477","10391752","chr4","10371305","10371580","1","20172"
"chr4","10403636","10403934","chr4","10383498","10383797","2","20138"
"chr4","10434133","10434433","chr4","10414597","10414893","11","19536"
"chr4","10848138","10848437","chr4","10842266","10842572","16","5872"
"chr4","11070080","11070392","chr4","11065790","11066102","11","4290"
"chr4","11132179","11132315","chr4","11129016","11129147","6","3163"
"chr4","12375502","12375794","chr4","12400513","12400803","4","25011"
"chr4","13892380","13892666","chr4","13978581","13978888","24","86201"
"chr4","13926817","13927110","chr4","14010659","14010958","7","83842"
"chr4","14311669","14311983","chr4","14400503","14400817","1","88834"
"chr4","15480341","15480634","chr4","15585372","15585665","1","105031"
"chr4","15897601","15897909","chr4","16004152","16004460","4","106551"
"chr4","15979132","15979460","chr4","16086873","16087162","48","107741"
"chr4","16457649","16457953","chr4","16567494","16567802","7","109845"
"chr4","16492687","16492998","chr4","16602881","16603191","4","110194"
"chr4","16587857","16588156","chr4","16699611","16699911","1","111754"
"chr4","17084557","17084630","chr4","17203585","17203661","4","119028"
"chr4","17095614","17095901","chr4","17214632","17214919","0","119018"
"chr4","17291149","17291459","chr4","17412101","17412416","5","120952"
"chr4","17376999","17377304","chrX","15437677","15437975","35","1939322"
"chr4","18065635","18065922","chr13","32872949","32873233","36","14807314"
"chr4","18065962","18065982","chr1","139896000","139896030","16","121830038"
"chr4","18567772","18567971","chr4","41118990","41119196","43","22551218"
"chr4","19218879","19219199","chr4","19371814","19372115","29","152935"
"chr4","19247535","19247828","chr4","19403757","19404051","3","156222"
"chr4","19254583","19254695","chr7","139525399","139525511","15","120270816"
"chr4","19747498","19747799","chr4","19907067","19907374","8","159569"
"chr4","20275980","20276262","chr4","20437254","20437536","3","161274"
"chr4","20551968","20552281","chr4","20720006","20720318","2","168038"
"chr4","20841022","20841334","chr4","21012456","21012768","23","171434"
"chr4","21574323","21574618","chr4","21760861","21761156","2","186538"
"chr4","22176897","22177207","chr4","22376743","22377053","11","199846"
"chr4","22268326","22268630","chr4","22468495","22468799","1","200169"
"chr4","22346825","22347130","chr4","22549105","22549413","4","202280"
"chr4","23891325","23891593","chr4","24130415","24130673","11","239090"
"chr4","24127124","24127440","chr4","24373900","24374220","5","246776"
"chr4","24420948","24421249","chr4","24668620","24668921","0","247672"
"chr4","24589194","24589513","chr4","24841154","24841451","23","251960"
"chr4","24933847","24934131","chr4","25199785","25200069","2","265938"
"chr4","24951221","24951522","chr4","25217307","25217607","2","266086"
"chr4","25130438","25130736","chr4","25395268","25395570","6","264830"
"chr4","25232474","25232799","chr4","25498554","25498880","2","266080"
"chr4","25325177","25325490","chr4","25598671","25598983","6","273494"
"chr4","25408332","25408597","chr15","83035680","83035951","60","57627348"
"chr4","25431297","25431606","chr14","22305183","22305494","43","3126114"
"chr4","25489627","25489927","chr4","25773465","25773768","3","283838"
"chr4","25659660","25659960","chr4","25945814","25946118","8","286154"
"chr4","25912010","25912166","chr2A","88313416","88313575","22","62401406"
"chr4","26193469","26193770","chr4","26489418","26489720","5","295949"
"chr4","26884778","26885073","chr4","27187854","27188151","7","303076"
"chr4","26898360","26898647","chr4","27201403","27201690","3","303043"
"chr4","27948318","27948592","chr4","28269276","28269550","3","320958"
"chr4","28947879","28947954","chr17","4370749","4370822","28","24577130"
"chr4","29074325","29074611","chr4","29393545","29393831","0","319220"
"chr4","29966430","29966724","chr4","30288704","30289001","6","322274"
"chr4","30279693","30279998","chr4","30607641","30607948","4","327948"
"chr4","30875213","30875521","chr4","31214060","31214369","6","338847"
"chr4","32046269","32046618","chr4","32404262","32404611","2","357993"
"chr4","32099408","32099721","chr4","32457458","32457774","3","358050"
"chr4","33063577","33063878","chr4","32805960","32806262","1","257617"
"chr4","34283517","34283774","chr4","34034622","34034882","4","248895"
"chr4","35094494","35094796","chr4","34857102","34857399","14","237392"
"chr4","36358706","36358987","chr3","201434982","201435271","51","165076276"
"chr4","36650479","36650776","chr4","36443170","36443467","2","207309"
"chr4","37173160","37173466","chr4","36963416","36963722","3","209744"
"chr4","37701616","37701899","chr4","37506493","37506774","6","195123"
"chr4","37740868","37741205","chr4","37546372","37546681","31","194496"
"chr4","37749128","37749432","chr4","37554844","37555149","3","194284"
"chr4","38046535","38046793","chr4","37852985","37853243","2","193550"
"chr4","38133262","38133562","chr4","37943307","37943610","3","189955"
"chr4","38275865","38276031","chr17","42090335","42090499","17","3814470"
"chr4","38276060","38276174","chr5","155652183","155652292","19","117376123"
"chr4","38416621","38416743","chr4","38237193","38237324","9","179428"
"chr4","38421170","38421467","chr4","38241454","38241751","1","179716"
"chr4","38852133","38852434","chr4","38680478","38680791","22","171655"
"chr4","38969666","38969976","chr4","38800667","38800979","10","168999"
"chr4","39271788","39271992","chr13","107513829","107514035","28","68242041"
"chr4","39319563","39319869","chr4","39157556","39157862","6","162007"
"chr4","39333730","39334023","chr1","205799406","205799702","30","166465676"
"chr4","39476806","39477089","chr4","39320202","39320500","16","156604"
"chr4","39568510","39568798","chr4","39414042","39414347","19","154468"
"chr4","39601411","39601580","chr4","39448678","39448847","4","152733"
"chr4","39610434","39610760","chr4","39457610","39457897","40","152824"
"chr4","39617015","39617316","chr4","39464305","39464608","5","152710"
"chr4","39811218","39811537","chr4","39660338","39660655","3","150880"
"chr4","39859988","39860291","chr4","39711592","39711903","14","148396"
"chr4","39937363","39937629","chr10","109283373","109283640","42","69346010"
"chr4","39975680","39975981","chr4","39832766","39833066","3","142914"
"chr4","40221467","40221771","chr4","40077841","40078145","0","143626"
"chr4","40222146","40222435","chr4","40078472","40078777","17","143674"
"chr4","40278254","40278553","chr4","40136010","40136309","2","142244"
"chr4","40314581","40314885","chr4","40172980","40173259","27","141601"
"chr4","40346512","40346818","chr4","40204561","40204868","1","141951"
"chr4","40466178","40466457","chr10","37158459","37158733","31","3307719"
"chr4","40472426","40472714","chr4","40341217","40341506","1","131209"
"chr4","40713958","40714266","chr4","40587094","40587402","4","126864"
"chr4","40876833","40877148","chr4","40758159","40758473","3","118674"
"chr4","40946780","40947086","chr5","151019289","151019600","36","110072509"
"chr4","40950319","40950637","chr2A","86818634","86818946","44","45868315"
"chr4","41086437","41086571","chr18","15829353","15829486","17","25257084"
"chr4","41086864","41087027","chr13","19318362","19318520","36","21768502"
"chr4","41125985","41126281","chr4","41012709","41013015","16","113276"
"chr4","41670019","41670318","chr4","41560186","41560489","6","109833"
"chr4","41836373","41836384","chr2A","86562381","86562407","18","44726008"
"chr4","41836430","41836628","chr17","59199726","59199920","29","17363296"
"chr4","41874636","41874939","chr4","41766709","41767010","6","107927"
"chr4","42208295","42208595","chr4","42104096","42104400","7","104199"
"chr4","42334610","42334912","chr4","42231770","42232073","1","102840"
"chr4","42429224","42429522","chr4","42334375","42334675","6","94849"
"chr4","43278880","43279181","chr4","43190616","43190919","7","88264"
"chr4","43519083","43519420","chr4","43433072","43433410","8","86011"
"chr4","44122778","44123076","chr4","44041010","44041283","25","81768"
"chr4","44764402","44764707","chr4","44692009","44692314","4","72393"
"chr4","45643524","45643811","chr4","45574537","45574828","4","68987"
"chr4","45978403","45978707","chr4","45911604","45911909","5","66799"
"chr4","46539658","46539958","chr4","46491222","46491525","6","48436"
"chr4","47059017","47059288","chr4","47013953","47014225","3","45064"
"chr4","47457844","47458147","chr4","47419396","47419697","3","38448"
"chr4","47630832","47631149","chr4","47592284","47592604","4","38548"
"chr4","48858269","48858581","chr4","48836326","48836638","3","21943"
"chr4","50476802","50477093","chr4","50481848","50482139","1","5046"
"chr4","51411918","51412226","chr4","51414296","51414604","1","2378"
"chr4","51875029","51875105","chr3","100301244","100301314","11","48426215"
"chr4","52040734","52041065","chrX","92128594","92128919","53","40087860"
"chr4","52313145","52313451","chr4","52316626","52316941","13","3481"
"chr4","52907009","52907268","chr4","52919276","52919538","8","12267"
"chr4","53531164","53531461","chr4","53553686","53553976","10","22522"
"chr4","53549128","53549426","chr4","53572702","53573007","9","23574"
"chr4","53587910","53588218","chr4","53613450","53613758","1","25540"
"chr4","53590996","53591288","chr4","53616536","53616834","7","25540"
"chr4","53822023","53822306","chr4","53850695","53850978","0","28672"
"chr4","54055888","54056191","chr11","125732108","125732409","36","71676220"
"chr4","54197325","54197625","chr4","54230470","54230770","0","33145"
"chr4","54198385","54198693","chr4","54231530","54231838","0","33145"
"chr4","54232356","54232639","chr4","54265943","54266260","36","33587"
"chr4","54240520","54240581","chr4","67836546","67836606","8","13596026"
"chr4","54326531","54326830","chr4","54364700","54365000","4","38169"
"chr4","54346253","54346549","chr4","54384519","54384827","15","38266"
"chr4","54392134","54392424","chr4","54430981","54431242","30","38847"
"chr4","54469393","54469695","chr4","54511078","54511383","4","41685"
"chr4","54650163","54650474","chr4","54694187","54694503","8","44024"
"chr4","55399890","55400200","chr4","55446533","55446843","1","46643"
"chr4","55547510","55547821","chr4","55595537","55595846","3","48027"
"chr4","56267972","56268276","chr4","56318355","56318660","4","50383"
"chr4","56895843","56896159","chr3","156697128","156697439","24","99801285"
"chr4","57790142","57790425","chr8","123868559","123868848","31","66078417"
"chr4","59837091","59837390","chr4","59420758","59421061","7","416333"
"chr4","59840639","59840810","chr5","174377587","174377754","20","114536948"
"chr4","60674475","60674717","chr4","60271866","60272110","6","402609"
"chr4","61681436","61681682","chr4","61114456","61114704","2","566980"
"chr4","62251335","62251631","chr4","61727649","61727946","2","523686"
"chr4","62542580","62542875","chr4","62014293","62014589","2","528287"
"chr4","62906505","62906788","chr4","62380194","62380478","2","526311"
"chr4","63700594","63700888","chr4","63182215","63182517","16","518379"
"chr4","63712224","63712531","chr4","63194209","63194517","3","518015"
"chr4","66683103","66683391","chr4","66213760","66214057","10","469343"
"chr4","68289189","68289495","chr4","67811483","67811789","1","477706"
"chr4","68314361","68314414","chr1","180807430","180807483","6","112493069"
"chr4","68395347","68395658","chr4","67918221","67918533","8","477126"
"chr4","70371674","70371974","chr1","41585409","41585706","38","28786265"
"chr4","70508149","70508429","chr4","70061309","70061592","4","446840"
"chr4","70859705","70859998","chr4","70419031","70419322","5","440674"
"chr4","71757154","71757459","chr4","71344508","71344813","7","412646"
"chr4","72303522","72303819","chr4","71759102","71759401","3","544420"
"chr4","72353806","72354093","chr4","71810673","71810967","8","543133"
"chr4","73406162","73406459","chr4","72875954","72876251","0","530208"
"chr4","73485344","73485651","chr4","72956648","72956954","6","528696"
"chr4","73529769","73530056","chr4","73002978","73003265","1","526791"
"chr4","73539908","73539987","chr14","20467168","20467247","12","53072740"
"chr4","73675673","73675971","chr4","73157555","73157857","12","518118"
"chr4","73680226","73680513","chr4","73162074","73162361","1","518152"
"chr4","73944642","73944935","chr4","73438229","73438527","8","506413"
"chr4","74138381","74138702","chr4","73631697","73632018","0","506684"
"chr4","74347994","74348295","chr4","73844459","73844761","5","503535"
"chr4","74449116","74449332","chr4","73945918","73946137","3","503198"
"chr4","74539639","74539934","chr4","74039796","74040092","1","499843"
"chr4","74580052","74580336","chr4","74080245","74080556","32","499807"
"chr4","75099006","75099303","chr4","74607939","74608249","14","491067"
"chr4","75387008","75387305","chr4","74898417","74898728","18","488591"
"chr4","75821739","75822048","chr4","75351971","75352283","5","469768"
"chr4","76955749","76955971","chr4","76485505","76485727","2","470244"
"chr4","77969712","77969998","chr4","77500138","77500422","2","469574"
"chr4","78017742","78018000","chr4","77547834","77548092","3","469908"
"chr4","83888393","83888693","chr4","83041090","83041391","2","847303"
"chr4","83900886","83901134","chr4","83053563","83053848","38","847323"
"chr4","84195872","84196151","chr4","83356381","83356668","9","839491"
"chr4","84543954","84544254","chr4","83701951","83702253","3","842003"
"chr4","84965071","84965377","chr4","84121644","84121950","0","843427"
"chr4","85262315","85262610","chr4","84426313","84426619","14","836002"
"chr4","86550074","86550375","chr4","85737321","85737622","4","812753"
"chr4","86713032","86713298","chr4","85904385","85904651","1","808647"
"chr4","87423148","87423441","chr4","86623567","86623862","2","799581"
"chr4","87892016","87892313","chr4","87100021","87100318","3","791995"
"chr4","88790254","88790546","chr4","88006190","88006482","1","784064"
"chr4","89726569","89726866","chr4","88945597","88945905","12","780972"
"chr4","89807710","89807985","chr3","97126449","97126725","30","7318739"
"chr4","89991300","89991614","chr4","89218941","89219254","6","772359"
"chr4","90207664","90207965","chr4","89437188","89437497","10","770476"
"chr4","90252302","90252529","chr17","8279490","8279715","37","81972812"
"chr4","90337807","90338108","chr4","89570537","89570841","4","767270"
"chr4","90479202","90479397","chr4","89718457","89718654","4","760745"
"chr4","91026873","91027142","chr4","90269162","90269458","28","757711"
"chr4","91147430","91147708","chr4","90390643","90390949","30","756787"
"chr4","91187064","91187363","chr4","90429122","90429400","22","757942"
"chr4","91200091","91200382","chr4","90442151","90442442","1","757940"
"chr4","91379877","91380176","chr4","90623100","90623398","6","756777"
"chr4","91615096","91615398","chr4","90865445","90865750","4","749651"
"chr4","91691419","91691712","chr4","90941604","90941912","15","749815"
"chr4","91788473","91788780","chr4","91039579","91039882","5","748894"
"chr4","91955467","91955764","chr4","91206860","91207161","7","748607"
"chr4","92109857","92110146","chr4","91362717","91363006","0","747140"
"chr4","92470818","92471136","chr4","91731505","91731819","4","739313"
"chr4","92781693","92781992","chr4","92056108","92056408","2","725585"
"chr4","93102319","93102625","chr4","92376109","92376417","6","726210"
"chr4","95324506","95324788","chr4","94609498","94609780","2","715008"
"chr4","95928260","95928480","chr4","95219836","95220052","6","708424"
"chr4","97722331","97722619","chr4","97051341","97051629","1","670990"
"chr4","97729517","97729820","chr4","97058553","97058861","8","670964"
"chr4","97789288","97789600","chr4","97118108","97118419","5","671180"
"chr4","98265278","98265583","chr4","97606174","97606482","10","659104"
"chr4","98747945","98748251","chr4","98099743","98100048","6","648202"
"chr4","101205614","101205919","chr4","100574372","100574676","1","631242"
"chr4","101982433","101982737","chr4","101359657","101359963","3","622776"
"chr4","102127302","102127588","chr4","101509064","101509354","6","618238"
"chr4","102150214","102150499","chr4","101532364","101532649","4","617850"
"chr4","102283438","102283738","chr9","83769540","83769840","41","18513898"
"chr4","102296008","102296303","chr4","101681852","101682148","5","614156"
"chr4","103095042","103095342","chr4","102492280","102492582","2","602762"
"chr4","103208472","103208764","chr4","102607591","102607891","19","600881"
"chr4","103937201","103937307","chr4","103341147","103341253","0","596054"
"chr4","105124795","105125086","chr4","104569232","104569524","4","555563"
"chr4","105870149","105870459","chr4","105330099","105330407","5","540050"
"chr4","105976459","105976787","chr7","61544761","61545056","81","44431698"
"chr4","106851060","106851370","chr4","106337457","106337768","2","513603"
"chr4","108047574","108047869","chr4","107536137","107536432","3","511437"
"chr4","108127358","108127644","chr4","107615934","107616216","4","511424"
"chr4","108765982","108766298","chr4","108263338","108263654","2","502644"
"chr4","109221746","109222055","chr4","108721503","108721813","1","500243"
"chr4","109548148","109548455","chr4","109052250","109052557","2","495898"
"chr4","110039979","110040286","chr4","109554358","109554659","9","485621"
"chr4","110303550","110303847","chr4","109822321","109822621","7","481229"
"chr4","111383500","111383799","chr4","110910552","110910852","1","472948"
"chr4","111771062","111771365","chr4","111309602","111309905","2","461460"
"chr4","112760081","112760382","chr4","112315554","112315855","1","444527"
"chr4","113111188","113111491","chr4","112671462","112671767","2","439726"
"chr4","113241471","113241762","chr4","112805057","112805349","2","436414"
"chr4","113593064","113593375","chr4","113153166","113153476","4","439898"
"chr4","114702393","114702701","chr4","114273402","114273724","20","428991"
"chr4","114878269","114878567","chr4","114448902","114449202","8","429367"
"chr4","115152598","115152907","chr17","9572031","9572344","37","105580567"
"chr4","115345521","115345819","chr4","114924608","114924906","3","420913"
"chr4","115348317","115348627","chr19","16488692","16489002","34","98859625"
"chr4","115558772","115559079","chr4","115137524","115137835","4","421248"
"chr4","115714194","115714495","chr4","115297426","115297724","5","416768"
"chr4","115797674","115797984","chr4","115385006","115385319","6","412668"
"chr4","115945651","115945946","chr4","115534372","115534667","2","411279"
"chr4","116231193","116231483","chr4","115821642","115821937","6","409551"
"chr4","116254877","116255193","chr4","115845190","115845514","8","409687"
"chr4","117117302","117117598","chr4","116735285","116735589","9","382017"
"chr4","120724451","120724716","chr4","120393218","120393483","0","331233"
"chr4","123818301","123818613","chr1","89215137","89215443","41","34603164"
"chr4","124594902","124595208","chr4","123700938","123701244","0","893964"
"chr4","126377864","126378136","chrX","135176513","135176779","45","8798649"
"chr4","126539151","126539457","chr4","125680141","125680452","5","859010"
"chr4","126570703","126570998","chr4","125711202","125711506","14","859501"
"chr4","126576339","126576638","chr4","125716861","125717161","4","859478"
"chr4","127785323","127785630","chr4","126940279","126940585","3","845044"
"chr4","128466963","128467083","chr4","127629605","127629727","4","837358"
"chr4","128607961","128608262","chr4","127770882","127771184","4","837079"
"chr4","129742881","129743171","chr4","128933840","128934132","2","809041"
"chr4","130010824","130011134","chr4","129202700","129203010","0","808124"
"chr4","131255085","131255387","chr4","130284077","130284379","1","971008"
"chr4","131335704","131335986","chr4","130366684","130366976","12","969020"
"chr4","131695985","131696277","chr4","130740440","130740733","3","955545"
"chr4","131934782","131934858","chr4","130986424","130986500","0","948358"
"chr4","132137151","132137434","chr4","131188083","131188389","30","949068"
"chr4","132188566","132188872","chr22","27158428","27158723","74","105030138"
"chr4","132282885","132283214","chr4","131339135","131339468","5","943750"
"chr4","134055390","134055462","chr4","133137378","133137450","0","918012"
"chr4","134570160","134570446","chr4","133658325","133658612","3","911835"
"chr4","134579108","134579407","chr4","133667280","133667580","3","911828"
"chr4","134617882","134618162","chr4","133706960","133707241","2","910922"
"chr4","134669729","134670030","chr6","36377625","36377927","49","98292104"
"chr4","134822789","134823087","chr4","133811374","133811673","1","1011415"
"chr4","135220719","135220854","chr8","112924183","112924316","19","22296536"
"chr4","136061532","136061844","chr4","135103787","135104096","5","957745"
"chr4","136350746","136351053","chr4","135394056","135394373","10","956690"
"chr4","138091869","138092182","chr4","137151069","137151373","10","940800"
"chr4","138232963","138233252","chr4","137291392","137291681","7","941571"
"chr4","138460314","138460609","chr4","137520346","137520643","4","939968"
"chr4","138733134","138733416","chr4","137798503","137798788","3","934631"
"chr4","139522119","139522452","chr4","138558148","138558478","4","963971"
"chr4","139689471","139689784","chr4","138727691","138728004","6","961780"
"chr4","139807167","139807458","chr4","138847422","138847716","3","959745"
"chr4","140967616","140967874","chr12","62447018","62447291","40","78520598"
"chr4","141870823","141871109","chr4","140893902","140894197","10","976921"
"chr4","142477490","142477797","chr4","141524830","141525139","2","952660"
"chr4","142702144","142702444","chr4","141755478","141755779","1","946666"
"chr4","142823029","142823350","chr1","26349179","26349476","59","116473850"
"chr4","142982864","142983177","chr16","65779398","65779694","49","77203466"
"chr4","143043386","143043688","chr4","142104092","142104394","2","939294"
"chr4","143071086","143071303","chr8","38651256","38651475","58","104419830"
"chr4","143219220","143219527","chr4","142283073","142283380","0","936147"
"chr4","143444230","143444534","chr1","24190740","24191046","30","119253490"
"chr4","143614090","143614385","chr4","142692036","142692331","0","922054"
"chr4","143665510","143665805","chr4","142743872","142744168","4","921638"
"chr4","143680025","143680330","chr4","142758440","142758745","3","921585"
"chr4","144279332","144279610","chr4","143360960","143361239","3","918372"
"chr4","144355688","144355807","chr4","143438286","143438405","0","917402"
"chr4","144710700","144710984","chrX","15414695","15414977","33","129296005"
"chr4","144861647","144861937","chr4","143954987","143955278","2","906660"
"chr4","145215734","145216015","chr4","144307201","144307484","5","908533"
"chr4","145442504","145442771","chr4","144531218","144531489","9","911286"
"chr4","145926003","145926282","chr4","145021697","145021977","8","904306"
"chr4","146985097","146985338","chr4","1611829","1612075","35","145373268"
"chr4","147138799","147139090","chr4","146257137","146257427","1","881662"
"chr4","148263828","148264142","chr4","147240609","147240926","4","1023219"
"chr4","149216971","149217275","chr8","51697169","51697472","31","97519802"
"chr4","149244572","149244880","chr4","148228797","148229105","1","1015775"
"chr4","149727038","149727337","chr4","148716007","148716309","3","1011031"
"chr4","149795816","149796121","chr4","148785216","148785504","20","1010600"
"chr4","150808890","150809178","chr4","149805034","149805322","8","1003856"
"chr4","151103286","151103592","chr4","150104225","150104531","3","999061"
"chr4","151417354","151417662","chr4","150422016","150422322","2","995338"
"chr4","151566706","151567014","chr4","150573945","150574251","11","992761"
"chr4","151652490","151652569","chr14","80736334","80736413","15","70916156"
"chr4","151652862","151653096","chr22","34404548","34404780","32","117248314"
"chr4","151658479","151658785","chr4","150669181","150669488","4","989298"
"chr4","151822246","151822505","chr5","138752910","138753152","60","13069336"
"chr4","152042114","152042414","chr4","151051601","151051902","3","990513"
"chr4","152088593","152088905","chr4","151098130","151098453","12","990463"
"chr4","152651231","152651531","chr4","151668067","151668367","2","983164"
"chr4","152928069","152928367","chr4","151946841","151947140","2","981228"
"chr4","153911518","153911796","chr2A","62755948","62756211","41","91155570"
"chr4","154020883","154021183","chr4","153043767","153044070","4","977116"
"chr4","154480746","154481030","chr4","153509452","153509736","2","971294"
"chr4","154606984","154607262","chr4","153635513","153635792","6","971471"
"chr4","154906371","154906666","chr4","153938818","153939113","1","967553"
"chr4","155310836","155311131","chr4","154340110","154340405","0","970726"
"chr4","155475660","155475950","chr4","154508630","154508916","6","967030"
"chr4","155851595","155851892","chr4","154888689","154888995","9","962906"
"chr4","155865869","155866163","chr4","154903067","154903365","6","962802"
"chr4","155933370","155933682","chr4","154971329","154971641","1","962041"
"chr4","156305088","156305375","chr4","155349560","155349848","1","955528"
"chr4","157187806","157188098","chr4","156240259","156240552","2","947547"
"chr4","157508233","157508525","chr4","156389800","156390092","1","1118433"
"chr4","157605314","157605608","chr4","156489089","156489386","4","1116225"
"chr4","157736819","157737128","chr4","156620328","156620637","3","1116491"
"chr4","158431928","158432228","chr4","157323467","157323767","1","1108461"
"chr4","159255657","159255962","chr4","158159322","158159628","1","1096335"
"chr4","160055468","160055775","chr4","158972366","158972667","7","1083102"
"chr4","160986463","160986758","chr4","159912235","159912533","6","1074228"
"chr4","162364025","162364331","chr4","161311790","161312103","9","1052235"
"chr4","162417698","162417996","chr4","161365565","161365865","3","1052133"
"chr4","162688288","162688346","chr12","120529663","120529721","6","42158625"
"chr4","162697584","162697874","chr4","161649793","161650084","1","1047791"
"chr4","162995482","162995773","chr4","161968475","161968766","0","1027007"
"chr4","163258271","163258445","chr4","162235393","162235546","31","1022878"
"chr4","163258744","163258878","chr5","155751924","155752056","19","7506820"
"chr4","163332288","163332588","chr4","162305734","162306034","2","1026554"
"chr4","163532387","163532716","chr4","162508293","162508623","2","1024094"
"chr4","163617604","163617902","chr4","162599711","162600014","8","1017893"
"chr4","163644048","163644359","chr4","162626201","162626515","5","1017847"
"chr4","164970773","164971068","chr4","163988340","163988637","4","982433"
"chr4","165465504","165465804","chr4","164482716","164483016","1","982788"
"chr4","165822868","165823170","chr4","164860022","164860324","1","962846"
"chr4","166048500","166048809","chr4","165087749","165088064","18","960751"
"chr4","166103291","166103589","chr4","165143255","165143561","12","960036"
"chr4","166184372","166184681","chr4","165224879","165225188","0","959493"
"chr4","166604862","166605171","chr4","165655030","165655309","30","949832"
"chr4","167098331","167098546","chr4","166159896","166160113","3","938435"
"chr4","167551774","167552072","chr4","186999450","186999747","33","19447676"
"chr4","168798111","168798424","chr4","167595125","167595427","12","1202986"
"chr4","169108776","169109078","chr4","167911138","167911448","20","1197638"
"chr4","169186663","169186973","chr4","167989511","167989821","1","1197152"
"chr4","169234327","169234620","chr4","168043461","168043757","4","1190866"
"chr4","169563687","169563976","chr4","168341204","168341493","4","1222483"
"chr4","169834368","169834652","chr20","61632542","61632829","32","108201826"
"chr4","169905669","169905979","chr4","168690495","168690806","2","1215174"
"chr4","169977093","169977245","chr4","168762481","168762633","0","1214612"
"chr4","170217644","170217946","chr4","169004675","169004986","14","1212969"
"chr4","170331028","170331332","chr4","169117636","169117942","4","1213392"
"chr4","170995194","170995477","chr4","169839825","169840108","2","1155369"
"chr4","171017557","171017854","chr4","169861686","169861997","17","1155871"
"chr4","171077617","171077928","chr4","169921802","169922113","5","1155815"
"chr4","172714892","172715194","chr4","171601031","171601339","7","1113861"
"chr4","172778215","172778514","chr4","171665236","171665532","6","1112979"
"chr4","172830049","172830355","chr4","171716898","171717206","2","1113151"
"chr4","172832249","172832486","chr17","60683821","60684031","64","112148428"
"chr4","172832780","172832872","chr7","78110543","78110632","19","94722237"
"chr4","172926437","172926738","chr4","171814064","171814365","3","1112373"
"chr4","172995020","172995324","chr4","171883163","171883467","1","1111857"
"chr4","173209132","173209438","chr4","172100017","172100324","4","1109115"
"chr4","173333974","173334241","chr4","172226237","172226506","5","1107737"
"chr4","173647542","173647838","chr4","172545408","172545704","5","1102134"
"chr4","173825315","173825621","chr4","172724924","172725230","1","1100391"
"chr4","173869753","173870047","chr4","172769861","172770157","4","1099892"
"chr4","173914245","173914543","chr4","172817069","172817368","2","1097176"
"chr4","174083284","174083596","chr4","172984698","172985010","2","1098586"
"chr4","174346070","174346365","chr4","173255554","173255849","0","1090516"
"chr4","175060316","175060616","chr4","173998377","173998677","0","1061939"
"chr4","175175085","175175387","chr4","174115987","174116296","8","1059098"
"chr4","175680909","175681228","chr4","174620958","174621253","29","1059951"
"chr4","175951613","175951910","chr4","174902931","174903228","1","1048682"
"chr4","177414717","177415021","chr4","176173275","176173578","4","1241442"
"chr4","177578970","177579090","chr9","123993001","123993103","31","53585969"
"chr4","177912479","177912743","chr4","176672354","176672618","0","1240125"
"chr4","179119790","179120080","chr4","177900587","177900882","5","1219203"
"chr4","179601229","179601521","chr4","178386569","178386863","10","1214660"
"chr4","180092196","180092487","chr4","178880908","178881202","3","1211288"
"chr4","180417211","180417524","chr4","179209747","179210058","9","1207464"
"chr4","180581784","180582124","chr4","179375435","179375776","11","1206349"
"chr4","180596825","180597128","chr4","179390465","179390768","2","1206360"
"chr4","180706688","180706986","chr4","179499608","179499907","1","1207080"
"chr4","180741866","180742178","chr4","179533247","179533561","2","1208619"
"chr4","180742569","180742719","chr4","179533942","179534102","11","1208627"
"chr4","181881762","181882071","chr4","180702834","180703143","1","1178928"
"chr4","182981497","182981779","chr4","181825000","181825311","29","1156497"
"chr4","183389813","183390119","chr4","182248239","182248545","5","1141574"
"chr4","183883224","183883515","chr4","182745401","182745692","1","1137823"
"chr4","184340124","184340239","chr4","183208804","183208921","8","1131320"
"chr4","184689527","184689829","chr4","183564165","183564467","5","1125362"
"chr4","184784652","184784955","chr4","183660771","183661079","6","1123881"
"chr4","184920230","184920526","chr4","183799631","183799927","1","1120599"
"chr4","185992305","185992462","chr7","159071431","159071591","26","26920874"
"chr4","185992496","185992626","chr5","155751924","155752056","21","30240572"
"chr4","186078058","186078348","chr4","184982606","184982896","2","1095452"
"chr4","186459653","186459941","chr4","185366244","185366532","1","1093409"
"chr4","186599917","186600202","chr4","185512514","185512799","1","1087403"
"chr4","186794612","186794924","chr4","185707889","185708201","1","1086723"
"chr4","186846358","186846686","chr15","88044910","88045215","61","98801448"
"chr4","187510044","187510342","chr4","186433254","186433549","10","1076790"
"chr4","187727587","187727683","chr8","118449488","118449581","20","69278099"
"chr4","188025848","188026146","chr4","186944887","186945185","2","1080961"
"chr4","188045990","188046324","chr4","186966232","186966568","5","1079758"
"chr4","188051314","188051446","chr4","186971468","186971603","4","1079846"
"chr4","188083654","188083955","chr4","187003982","187004284","2","1079672"
"chr4","188222228","188222539","chr4","187147341","187147653","4","1074887"
"chr4","188248645","188248962","chr4","187173783","187174104","6","1074862"
"chr4","188345140","188345424","chr4","187270852","187271141","10","1074288"
"chr4","188454053","188454365","chr4","187381024","187381337","1","1073029"
"chr4","188546136","188546425","chr4","187479742","187480030","1","1066394"
"chr4","188600306","188600599","chr4","187534479","187534774","3","1065827"
"chr4","188932671","188933003","chr4","187872308","187872647","10","1060363"
"chr4","189042360","189042651","chr4","187983449","187983740","0","1058911"
"chr4","189050310","189050606","chr4","187991573","187991869","1","1058737"
"chr4","189050666","189050936","chr11","64487737","64488012","37","124562929"
"chr4","189555215","189555382","chr5","142788239","142788412","32","46766976"
"chr4","190291557","190291866","chr4","189264627","189264941","9","1026930"
"chr4","190457924","190458207","chr4","189433718","189434027","26","1024206"
"chr4","190472378","190472683","chr4","189448503","189448809","1","1023875"
"chr4","190534263","190534551","chr4","189512581","189512881","13","1021682"
"chr4","190686786","190687082","chr2A","112683967","112684264","34","78002819"
"chr4","190929904","190930202","chr4","189913255","189913555","6","1016649"
"chr4","191829996","191830324","chr4","190825028","190825347","14","1004968"
"chr4","192412495","192412807","chr4","191422310","191422617","6","990185"
"chr4","192446146","192446428","chr4","191457190","191457472","1","988956"
"chr4","192467611","192467913","chr4","191478129","191478432","2","989482"
"chr4","192537662","192537954","chr4","191548256","191548549","5","989406"
"chr4","192545335","192545645","chr4","191555623","191555938","7","989712"
"chr4","192601995","192602298","chr4","191615277","191615585","9","986718"
"chr4","192787412","192787719","chr4","191809066","191809376","4","978346"
"chr4","192993912","192994206","chr4","192011484","192011781","6","982428"
"chr4","193012441","193012741","chr4","192029296","192029594","7","983145"
"chr4","193341617","193341926","chr4","192364411","192364718","7","977206"
"chr4","193657885","193658172","chr4","192690048","192690363","29","967837"
"chr4","195388924","195389224","chrUn_GL393544","163671","163977","26","195225253"
"chr4","195598130","195598432","chrUn_GL393544","163671","163977","25","195434459"
"chr4","195795926","195796235","chrUn_GL393516","166450","166767","35","195629476"
"chr5","121503459","121503757","chr5","120900385","120900685","5","603074"
"chr5","400634","400927","chr5","393150","393446","4","7484"
"chr5","458092","458404","chr5","452614","452924","3","5478"
"chr5","972110","972407","chr5","958608","958905","1","13502"
"chr5","1316237","1316548","chr10","106374646","106374955","40","105058409"
"chr5","1465528","1465787","chr5","1446901","1447166","8","18627"
"chr5","2030884","2031154","chr5","2015339","2015609","0","15545"
"chr5","2416330","2416597","chr5","2410077","2410345","1","6253"
"chr5","2513644","2513930","chr5","2507581","2507866","10","6063"
"chr5","2894392","2894692","chr5","2895651","2895949","4","1259"
"chr5","4338989","4339283","chr5","4380873","4381167","3","41884"
"chr5","5327802","5328102","chr5","5389579","5389907","28","61777"
"chr5","5857559","5857861","chr5","5935487","5935787","8","77928"
"chr5","6009740","6010049","chr16","74441947","74442260","40","68432207"
"chr5","6548157","6548418","chr5","156055982","156056243","32","149507825"
"chr5","7087352","7087561","chr16","78481781","78481988","35","71394429"
"chr5","7825412","7825723","chr5","7747742","7748054","1","77670"
"chr5","8969930","8970216","chr5","8924001","8924287","2","45929"
"chr5","9455906","9456201","chr5","9413527","9413822","2","42379"
"chr5","9990378","9990659","chr5","9913960","9914241","3","76418"
"chr5","10657921","10658269","chr5","150709815","150710153","42","140051894"
"chr5","10723957","10724271","chr5","10662613","10662925","4","61344"
"chr5","10741157","10741460","chr5","10679770","10680073","3","61387"
"chr5","10774590","10774900","chr5","10714764","10715075","5","59826"
"chr5","10924093","10924384","chr5","10876714","10877004","8","47379"
"chr5","11350144","11350449","chr5","11312800","11313110","15","37344"
"chr5","11529409","11529713","chr5","11489852","11490156","1","39557"
"chr5","11798983","11799264","chr5","11761664","11761945","1","37319"
"chr5","11996476","11996754","chr5","11961643","11961949","30","34833"
"chr5","13631907","13632195","chr5","13628372","13628675","20","3535"
"chr5","14201627","14201921","chr5","14210923","14211217","0","9296"
"chr5","14240405","14240702","chr5","14252117","14252415","1","11712"
"chr5","14758934","14759225","chr5","14775420","14775711","3","16486"
"chr5","14937401","14937683","chr5","14954815","14955097","1","17414"
"chr5","15552548","15552858","chr5","15582250","15582563","6","29702"
"chr5","15731426","15731721","chr5","15763321","15763617","2","31895"
"chr5","15763264","15763577","chr5","15796588","15796905","8","33324"
"chr5","16251249","16251541","chr5","16285298","16285590","2","34049"
"chr5","17144472","17144736","chr5","144048777","144049039","41","126904305"
"chr5","17247199","17247498","chr5","17298042","17298341","1","50843"
"chr5","17286874","17287188","chr5","17338262","17338567","13","51388"
"chr5","18070567","18070881","chr5","17979505","17979818","3","91062"
"chr5","18106175","18106471","chr5","18015257","18015554","2","90918"
"chr5","18236540","18236813","chr5","18146967","18147232","10","89573"
"chr5","19769851","19769970","chr9","37968815","37968898","59","18198964"
"chr5","19822837","19823131","chr5","19670444","19670739","1","152393"
"chr5","19883531","19883795","chr5","19732495","19732755","7","151036"
"chr5","20747334","20747620","chr5","20604206","20604492","0","143128"
"chr5","21421589","21421899","chr5","21288386","21288699","5","133203"
"chr5","23925769","23925913","chr12","7993023","7993163","25","15932746"
"chr5","24270380","24270690","chr5","24165584","24165895","3","104796"
"chr5","24714812","24715122","chr5","24627526","24627831","7","87286"
"chr5","24939356","24939650","chr5","24853319","24853613","0","86037"
"chr5","25130486","25130782","chr5","25044978","25045277","3","85508"
"chr5","25221235","25221545","chr5","25135787","25136097","18","85448"
"chr5","25739200","25739540","chr5","25660064","25660365","43","79136"
"chr5","26348539","26348838","chr5","26285738","26286033","5","62801"
"chr5","27317397","27317705","chr3","50718016","50718327","44","23400619"
"chr5","27956442","27956732","chr5","27904066","27904356","0","52376"
"chr5","28131982","28132261","chr5","28081165","28081447","3","50817"
"chr5","28418792","28419082","chr5","28372969","28373268","12","45823"
"chr5","29464195","29464475","chr5","29231838","29232118","3","232357"
"chr5","30960711","30961014","chr5","30753258","30753561","4","207453"
"chr5","31851616","31851905","chr5","31653617","31653906","2","197999"
"chr5","32438791","32439106","chr5","32249014","32249331","4","189777"
"chr5","32622284","32622588","chr5","32436310","32436612","6","185974"
"chr5","32633663","32633971","chr5","32447794","32448103","6","185869"
"chr5","33295009","33295288","chr7","98974309","98974589","35","65679300"
"chr5","33385768","33386068","chr5","33205253","33205556","8","180515"
"chr5","33413688","33413999","chr5","33233241","33233553","4","180447"
"chr5","33682478","33682783","chr5","33502378","33502682","4","180100"
"chr5","33740104","33740413","chr5","33560159","33560468","0","179945"
"chr5","33785793","33786080","chr5","33605615","33605902","2","180178"
"chr5","33822771","33823084","chr5","33643483","33643796","0","179288"
"chr5","33940352","33940653","chr5","33762977","33763278","0","177375"
"chr5","34140318","34140615","chr5","33970187","33970511","29","170131"
"chr5","34209264","34209571","chr5","34039548","34039847","14","169716"
"chr5","34303407","34303710","chr5","34136546","34136849","3","166861"
"chr5","34898050","34898355","chr5","34791304","34791610","6","106746"
"chr5","34988451","34988761","chr5","34884329","34884641","3","104122"
"chr5","35075492","35075777","chr5","34973301","34973617","32","102191"
"chr5","35124843","35125139","chr5","35022462","35022759","5","102381"
"chr5","35240747","35241020","chr8","139203384","139203658","36","103962637"
"chr5","35273024","35273315","chr5","35171760","35172075","27","101264"
"chr5","35443149","35443458","chr5","35350254","35350563","0","92895"
"chr5","35600574","35600878","chr5","35511794","35512094","4","88780"
"chr5","35727088","35727373","chr5","35646095","35646381","2","80993"
"chr5","35897558","35897864","chr5","35827642","35827949","1","69916"
"chr5","36050845","36051140","chr5","35986387","35986686","8","64458"
"chr5","36209092","36209395","chr5","36147831","36148143","12","61261"
"chr5","36258400","36258710","chr5","36203717","36204027","0","54683"
"chr5","36537145","36537446","chr5","36261367","36261670","3","275778"
"chr5","36660955","36661251","chr7","155966475","155966769","36","119305520"
"chr5","36661343","36661643","chr7","886268","886573","32","35775075"
"chr5","36667991","36668299","chr5","36396285","36396593","0","271706"
"chr5","36759052","36759356","chr5","36487792","36488098","3","271260"
"chr5","37173193","37173502","chr5","36910453","36910762","3","262740"
"chr5","37182926","37183235","chr5","36922165","36922475","1","260761"
"chr5","37200694","37200978","chr5","36939958","36940244","2","260736"
"chr5","37640782","37641079","chr1","161634069","161634369","32","123993287"
"chr5","37711189","37711483","chr5","37460994","37461290","3","250195"
"chr5","39070690","39071006","chr5","38768910","38769227","3","301780"
"chr5","39090912","39091214","chr5","38789927","38790229","3","300985"
"chr5","39616716","39617016","chrX","29578528","29578826","7","10038188"
"chr5","39736229","39736513","chr1","122820763","122821051","40","83084534"
"chr5","40373794","40374106","chr5","40013997","40014308","2","359797"
"chr5","40532630","40532914","chr5","40174811","40175095","1","357819"
"chr5","40596768","40597061","chr5","40238746","40239038","3","358022"
"chr5","40824331","40824635","chr5","40471564","40471870","4","352767"
"chr5","40838070","40838388","chr5","40485227","40485544","6","352843"
"chr5","41045937","41046236","chr5","40698064","40698368","7","347873"
"chr5","41144586","41144892","chr5","40798539","40798859","14","346047"
"chr5","41370410","41370697","chr5","41030655","41030942","0","339755"
"chr5","42239920","42240206","chr5","41921469","41921770","16","318451"
"chr5","42404079","42404373","chr5","42088530","42088826","2","315549"
"chr5","42464997","42465208","chr5","42150218","42150444","17","314779"
"chr5","42511593","42511867","chr5","42198393","42198667","2","313200"
"chr5","42764062","42764382","chr5","42453324","42453644","1","310738"
"chr5","42888149","42888442","chr5","42580431","42580731","8","307718"
"chr5","42914831","42915129","chr5","42605317","42605620","7","309514"
"chr5","42919059","42919363","chr5","42609559","42609863","2","309500"
"chr5","42927687","42927991","chr5","42618710","42619014","1","308977"
"chr5","42970666","42970954","chr5","42663022","42663310","0","307644"
"chr5","43521364","43521661","chr5","43215113","43215410","3","306251"
"chr5","43740092","43740361","chr5","43439894","43440190","29","300198"
"chr5","43807708","43808019","chr5","43507898","43508202","10","299810"
"chr5","45895639","45895952","chr5","45546089","45546397","11","349550"
"chr5","46061174","46061473","chr5","45715864","45716168","6","345310"
"chr5","46184309","46184607","chr5","45841118","45841417","2","343191"
"chr5","46276125","46276430","chr5","45935001","45935285","25","341124"
"chr5","46436860","46436954","chr5","46102427","46102520","2","334433"
"chr5","46521420","46521708","chr5","46190342","46190630","0","331078"
"chr5","47380528","47380816","chr5","47077741","47078029","3","302787"
"chr5","47565126","47565433","chr5","47265805","47266114","6","299321"
"chr5","48097661","48097960","chr5","117359395","117359695","35","69261734"
"chr5","48246803","48247081","chr5","47957964","47958241","3","288839"
"chr5","49329615","49329918","chr5","49049185","49049492","13","280430"
"chr5","49900171","49900473","chr5","49522026","49522328","2","378145"
"chr5","49967620","49967888","chr5","49591167","49591426","10","376453"
"chr5","50613842","50614147","chr5","50248045","50248351","1","365797"
"chr5","51456440","51456736","chr5","51110024","51110321","3","346416"
"chr5","53019557","53019845","chr5","52684757","52685044","4","334800"
"chr5","54878413","54878529","chr5","54562092","54562212","5","316321"
"chr5","55352097","55352225","chr5","55046981","55047112","4","305116"
"chr5","55441899","55442186","chr5","55138082","55138369","2","303817"
"chr5","56055903","56056184","chr7","98974309","98974589","42","42918406"
"chr5","56143727","56144043","chr5","55850702","55851012","8","293025"
"chr5","56401104","56401410","chr5","56108599","56108902","7","292505"
"chr5","56594700","56595011","chr5","56303877","56304188","1","290823"
"chr5","57053721","57054033","chr5","56775117","56775429","3","278604"
"chr5","57381271","57381579","chr5","57121431","57121739","3","259840"
"chr5","57888646","57888949","chr5","57631812","57632111","4","256834"
"chr5","58424844","58425160","chr5","58175643","58175965","10","249201"
"chr5","58448029","58448167","chr7","101855440","101855572","24","43407411"
"chr5","58448459","58448587","chr9","34466204","34466328","31","23982255"
"chr5","58466261","58466555","chr5","58218788","58219091","11","247473"
"chr5","58531333","58531641","chr5","58285566","58285880","10","245767"
"chr5","58597350","58597647","chr5","58352376","58352673","3","244974"
"chr5","58970873","58971168","chr5","58730049","58730344","1","240824"
"chr5","58985289","58985592","chr5","58744474","58744778","2","240815"
"chr5","59695408","59695710","chr5","59517850","59518154","5","177558"
"chr5","59698738","59699027","chr5","59521203","59521492","0","177535"
"chr5","59701383","59701685","chr5","59523866","59524169","1","177517"
"chr5","59926540","59926847","chr5","59754166","59754473","0","172374"
"chr5","59986954","59987060","chr13","47819145","47819246","14","12167809"
"chr5","60027323","60027625","chr5","59856272","59856578","5","171051"
"chr5","60224925","60225204","chr5","60056116","60056395","0","168809"
"chr5","60370456","60370749","chr5","60204004","60204306","11","166452"
"chr5","60379713","60380020","chr5","60213297","60213604","0","166416"
"chr5","60708728","60709041","chr5","60558013","60558326","0","150715"
"chr5","61106304","61106613","chr5","60958334","60958645","4","147970"
"chr5","61116558","61116862","chr5","60968577","60968878","3","147981"
"chr5","62745150","62745462","chr5","62619693","62620006","1","125457"
"chr5","62763713","62763852","chrX","153514418","153514551","46","90750705"
"chr5","63369281","63369581","chr5","63265270","63265572","4","104011"
"chr5","63747989","63748285","chr5","63647578","63647877","3","100411"
"chr5","64663946","64664248","chr9","103874922","103875215","58","39210976"
"chr5","64676114","64676398","chr5","64582292","64582575","8","93822"
"chr5","64965029","64965342","chr5","64876538","64876851","2","88491"
"chr5","64996766","64997058","chr5","64908885","64909178","1","87881"
"chr5","70637904","70638177","chr5","70247753","70248026","2","390151"
"chr5","70867869","70868199","chr1","127188541","127188847","76","56320672"
"chr5","71797701","71797993","chr5","71417351","71417645","3","380350"
"chr5","72040995","72041297","chr5","71664502","71664805","2","376493"
"chr5","72224351","72224643","chr5","71852641","71852936","4","371710"
"chr5","72267773","72268070","chr5","71898520","71898824","7","369253"
"chr5","72292295","72292433","chr12","45560515","45560647","19","26731780"
"chr5","73607038","73607333","chr5","73267993","73268289","3","339045"
"chr5","74427237","74427534","chr5","74101230","74101528","3","326007"
"chr5","74544049","74544344","chr5","74218964","74219260","8","325085"
"chr5","74647778","74648079","chr5","74326756","74327066","15","321022"
"chr5","75392217","75392508","chr5","75101057","75101353","6","291160"
"chr5","75659288","75659608","chr5","75370684","75370993","11","288604"
"chr5","75758032","75758328","chr5","75470418","75470714","0","287614"
"chr5","75876602","75876973","chr5","75591333","75591714","13","285269"
"chr5","75888491","75888785","chr5","75603275","75603567","7","285216"
"chr5","76013736","76014039","chr5","75733335","75733638","0","280401"
"chr5","76015930","76016228","chr5","75735509","75735807","1","280421"
"chr5","76051406","76051722","chr5","75771764","75772073","9","279642"
"chr5","76168789","76169083","chr5","75891884","75892191","13","276905"
"chr5","76225216","76225496","chr22","36136580","36136866","40","40088636"
"chr5","77430160","77430330","chr5","174377587","174377754","23","96947427"
"chr5","77653869","77654158","chr5","77391183","77391467","11","262686"
"chr5","77892444","77892725","chr5","77632205","77632488","3","260239"
"chr5","78247283","78247579","chr5","77735888","77736187","4","511395"
"chr5","78377581","78377808","chr5","77873771","77874002","6","503810"
"chr5","78403416","78403713","chr5","77900983","77901281","1","502433"
"chr5","79410623","79410914","chr5","78921011","78921302","0","489612"
"chr5","79599098","79599337","chr19","51673357","51673609","36","27925741"
"chr5","79811441","79811743","chr5","79320816","79321118","0","490625"
"chr5","79838820","79839084","chr5","79348467","79348731","0","490353"
"chr5","80726177","80726475","chr5","80261311","80261609","1","464866"
"chr5","80736723","80737007","chr5","80273060","80273344","3","463663"
"chr5","81158146","81158445","chr5","80707822","80708127","6","450324"
"chr5","81191539","81191844","chr1","183037614","183037919","37","101846075"
"chr5","82354228","82354516","chr5","81819196","81819485","1","535032"
"chr5","82651395","82651659","chr5","82124589","82124854","4","526806"
"chr5","82937184","82937448","chr5","82413568","82413833","1","523616"
"chr5","82986754","82987048","chr5","82463153","82463449","2","523601"
"chr5","83201137","83201443","chr5","82678288","82678595","3","522849"
"chr5","83252019","83252303","chr5","82729504","82729788","0","522515"
"chr5","83286105","83286159","chr4","105213948","105214003","21","21927843"
"chr5","83495808","83496110","chr5","82979649","82979957","6","516159"
"chr5","83664071","83664371","chr10","112120428","112120729","30","28456357"
"chr5","83678397","83678689","chr5","83168199","83168491","1","510198"
"chr5","83835930","83836213","chr5","83330067","83330355","7","505863"
"chr5","83844200","83844480","chr5","83339067","83339372","26","505133"
"chr5","83885380","83885672","chr5","83382436","83382730","3","502944"
"chr5","83905405","83905712","chr5","83401866","83402173","4","503539"
"chr5","84318354","84318664","chr5","83839402","83839718","8","478952"
"chr5","84545125","84545411","chr5","84070143","84070430","1","474982"
"chr5","85751067","85751371","chr5","85298811","85299116","2","452256"
"chr5","85769745","85769875","chr5","85317756","85317887","2","451989"
"chr5","85770497","85770795","chr5","85318512","85318810","6","451985"
"chr5","85800721","85801025","chr5","85349659","85349964","2","451062"
"chr5","87680778","87681069","chr5","87097305","87097599","3","583473"
"chr5","88768388","88768536","chr5","88151611","88151768","13","616777"
"chr5","89274251","89274545","chr5","88663629","88663923","2","610622"
"chr5","90366183","90366485","chr5","89777793","89778093","5","588390"
"chr5","93489297","93489602","chr5","92920383","92920659","30","568914"
"chr5","94374367","94374667","chr5","93724216","93724520","6","650151"
"chr5","94809258","94809389","chrX","153514418","153514551","19","58705160"
"chr5","94810471","94810663","chr10","70440300","70440486","33","24370171"
"chr5","95676553","95676854","chr5","95025735","95026039","4","650818"
"chr5","95838523","95838800","chr5","95188560","95188857","23","649963"
"chr5","95870911","95871220","chr5","95220951","95221233","28","649960"
"chr5","96492373","96492654","chr5","95854212","95854498","5","638161"
"chr5","97418870","97419173","chr5","96803990","96804299","10","614880"
"chr5","97497826","97498139","chr5","96882937","96883250","2","614889"
"chr5","97507411","97507716","chr5","96892525","96892830","2","614886"
"chr5","97652206","97652513","chr5","97036983","97037290","1","615223"
"chr5","98066239","98066356","chr5","97461364","97461487","12","604875"
"chr5","98875417","98875715","chr5","98283531","98283830","1","591886"
"chr5","99897848","99898122","chr5","99318536","99318835","25","579312"
"chr5","100140237","100140298","chr5","99569854","99569915","0","570383"
"chr5","100539384","100539659","chr5","99840390","99840665","0","698994"
"chr5","101696660","101696970","chr5","100996757","100997067","5","699903"
"chr5","102484457","102484657","chr5","101800900","101801101","2","683557"
"chr5","102961914","102962227","chr5","102253164","102253477","2","708750"
"chr5","103462539","103462825","chr5","102757304","102757590","0","705235"
"chr5","103656217","103656393","chr5","102952031","102952208","4","704186"
"chr5","104427399","104427693","chr5","103729464","103729760","5","697935"
"chr5","104761630","104761714","chr12","9226155","9226248","27","95535475"
"chr5","104762031","104762234","chr5","101800900","101801101","38","2961131"
"chr5","104863401","104863724","chr5","104163701","104164013","12","699700"
"chr5","105231233","105231534","chr5","104529318","104529625","6","701915"
"chr5","107356604","107356915","chr5","106604306","106604617","0","752298"
"chr5","107468144","107468431","chr5","106716422","106716748","39","751722"
"chr5","107493931","107494249","chr6","109199999","109200330","57","1706068"
"chr5","107921375","107921682","chr5","107203206","107203518","12","718169"
"chr5","109274999","109275288","chr5","108519656","108519943","4","755343"
"chr5","109560853","109560983","chr4","146247488","146247621","21","36686635"
"chr5","109848939","109849254","chr5","109089734","109090055","13","759205"
"chr5","109960869","109961177","chr5","109206238","109206548","4","754631"
"chr5","111026104","111026392","chr5","110298182","110298469","2","727922"
"chr5","111208007","111208316","chr5","110479745","110480061","11","728262"
"chr5","112025438","112025749","chr5","111307291","111307604","3","718147"
"chr5","112354113","112354394","chr5","111641409","111641692","3","712704"
"chr5","112653049","112653324","chr5","111940668","111940945","3","712381"
"chr5","113191518","113191838","chr5","112483953","112484273","0","707565"
"chr5","113322949","113323268","chr5","112619013","112619331","4","703936"
"chr5","113656599","113656895","chr5","112957796","112958095","9","698803"
"chr5","113921527","113921792","chr5","113222809","113223074","0","698718"
"chr5","114071485","114071794","chr5","113377198","113377508","4","694287"
"chr5","114436815","114437111","chr5","113740660","113740956","2","696155"
"chr5","114825577","114825871","chr5","114133613","114133907","3","691964"
"chr5","115134342","115134634","chr5","87580435","87580729","4","27553907"
"chr5","115556870","115557167","chr5","114886678","114886975","0","670192"
"chr5","116172166","116172477","chr5","115507709","115508022","2","664457"
"chr5","116232803","116233099","chr5","115568473","115568769","3","664330"
"chr5","116428077","116428377","chr5","115765082","115765388","8","662995"
"chr5","116513195","116513497","chr5","115853294","115853608","15","659901"
"chr5","118038498","118038792","chr5","117400490","117400784","3","638008"
"chr5","118656600","118656909","chr5","118031615","118031918","6","624985"
"chr5","119134372","119134670","chr5","118512871","118513180","11","621501"
"chr5","119266242","119266547","chr5","118644874","118645188","21","621368"
"chr5","119362085","119362398","chr5","118741200","118741515","4","620885"
"chr5","119473896","119474190","chr5","118853745","118854047","9","620151"
"chr5","120197283","120197325","chr1","84302076","84302113","12","35895207"
"chr5","120378593","120378896","chr5","119760204","119760507","4","618389"
"chr5","120517252","120517555","chr5","119897640","119897949","8","619612"
"chr5","120524032","120524329","chr5","119904426","119904730","10","619606"
"chr5","120571987","120572278","chr5","119952483","119952787","19","619504"
"chr5","121282328","121282616","chr5","120677747","120678035","1","604581"
"chr5","122706927","122707049","chr5","122124588","122124702","8","582339"
"chr5","122745108","122745165","chr5","122163340","122163396","1","581768"
"chr5","122912311","122912605","chr5","122330786","122331080","2","581525"
"chr5","123815652","123815937","chr5","123232865","123233154","6","582787"
"chr5","125193668","125193982","chr5","124631449","124631762","4","562219"
"chr5","125501955","125502259","chr5","124932743","124933046","10","569212"
"chr5","125730685","125730994","chr5","125163432","125163742","3","567253"
"chr5","126014195","126014492","chr5","125449418","125449723","12","564777"
"chr5","127156094","127156402","chr5","126598178","126598491","7","557916"
"chr5","127693502","127693801","chr15","80598511","80598813","35","47094991"
"chr5","127937610","127937991","chr17","81900528","81900871","111","46037082"
"chr5","127942520","127942814","chr5","127393256","127393550","3","549264"
"chr5","128210566","128210877","chr5","127662543","127662854","2","548023"
"chr5","128737613","128737905","chr5","128185453","128185747","2","552160"
"chr5","129006298","129006593","chr5","128456849","128457144","2","549449"
"chr5","129045641","129045927","chr5","128496949","128497267","32","548692"
"chr5","129401293","129401366","chr4","130986424","130986500","11","1585131"
"chr5","129669796","129670100","chr5","129132104","129132411","15","537692"
"chr5","132702070","132702363","chr5","131763399","131763693","1","938671"
"chr5","132780079","132780389","chr5","131843189","131843494","9","936890"
"chr5","132828874","132829175","chr5","131891760","131892063","5","937114"
"chr5","133211091","133211243","chr5","132285910","132286062","0","925181"
"chr5","133234685","133234986","chr5","132309337","132309638","1","925348"
"chr5","133262198","133262506","chr5","132336737","132337049","6","925461"
"chr5","133467642","133467953","chr5","132544313","132544609","25","923329"
"chr5","133915920","133916224","chr5","132995279","132995583","0","920641"
"chr5","134639586","134639899","chr5","133728191","133728504","10","911395"
"chr5","134644430","134644721","chr5","133733046","133733337","3","911384"
"chr5","135017125","135017423","chr5","134109926","134110227","4","907199"
"chr5","135036267","135036552","chr11","46808832","46809118","34","88227435"
"chr5","135036607","135036622","chr2A","86562381","86562407","17","48474226"
"chr5","135466634","135466937","chr5","134566324","134566627","3","900310"
"chr5","135665728","135666026","chr5","134770789","134771092","8","894939"
"chr5","135737997","135738297","chr5","134844893","134845192","1","893104"
"chr5","135742544","135742837","chr5","134849461","134849756","3","893083"
"chr5","135814911","135815198","chr5","134923415","134923702","0","891496"
"chr5","135945823","135946115","chr5","135060556","135060850","3","885267"
"chr5","135950010","135950309","chr5","135064749","135065050","2","885261"
"chr5","136026513","136026811","chr5","135147995","135148297","4","878518"
"chr5","136215004","136215270","chr5","135346773","135347041","6","868231"
"chr5","136426656","136426957","chr5","135571474","135571769","6","855182"
"chr5","136442064","136442366","chr5","135586897","135587199","2","855167"
"chr5","136604867","136605177","chrX","54045782","54046094","36","82559085"
"chr5","136715662","136715967","chr5","135872221","135872526","2","843441"
"chr5","138141097","138141402","chr5","137305307","137305612","4","835790"
"chr5","138647004","138647317","chr5","137806973","137807288","4","840031"
"chr5","139241219","139241412","chr5","138422431","138422624","0","818788"
"chr5","139397389","139397694","chr5","138578828","138579137","5","818561"
"chr5","139405962","139406014","chr5","138587666","138587719","1","818296"
"chr5","139455364","139455657","chr5","138637661","138637955","5","817703"
"chr5","139505619","139505873","chr5","138688339","138688587","6","817280"
"chr5","139567971","139568213","chr5","138752910","138753152","2","815061"
"chr5","139681457","139681750","chr5","138875958","138876252","1","805499"
"chr5","139714371","139714654","chr14","73389812","73390090","43","66324559"
"chr5","139731225","139731520","chr5","138926439","138926734","2","804786"
"chr5","139983390","139983696","chr5","139187302","139187608","1","796088"
"chr5","140004565","140004875","chr5","139209128","139209439","5","795437"
"chr5","140150772","140151064","chr1","17393141","17393441","43","122757631"
"chr5","140312967","140313254","chr5","139522910","139523198","2","790057"
"chr5","140644450","140644756","chr5","139857234","139857540","1","787216"
"chr5","140727102","140727420","chr5","139941909","139942232","7","785193"
"chr5","140820133","140820436","chr1","89215137","89215443","42","51604996"
"chr5","140846780","140847085","chr5","140068261","140068566","2","778519"
"chr5","140975086","140975389","chr5","140200394","140200695","2","774692"
"chr5","141061887","141061981","chr2A","44034260","44034356","15","97027627"
"chr5","141581312","141581614","chr5","140814825","140815129","2","766487"
"chr5","141865146","141865426","chr5","141104826","141105106","1","760320"
"chr5","141876729","141877021","chr14","33343905","33344200","30","108532824"
"chr5","141906092","141906400","chr5","141146316","141146623","2","759776"
"chr5","142212268","142212571","chr5","141462694","141462999","3","749574"
"chr5","142936686","142936848","chr5","142788239","142788412","39","148447"
"chr5","143027455","143027746","chr5","142302968","142303260","1","724487"
"chr5","143267269","143267566","chr5","142553036","142553334","3","714233"
"chr5","143542689","143542993","chr5","142833493","142833803","8","709196"
"chr5","143699868","143700176","chr5","142990851","142991159","1","709017"
"chr5","143775638","143775927","chr5","143067403","143067692","3","708235"
"chr5","143992306","143992601","chr5","143287786","143288081","2","704520"
"chr5","144547241","144547549","chr5","143843679","143843987","3","703562"
"chr5","144751916","144752073","chr2B","228250597","228250744","50","83498681"
"chr5","145009802","145010105","chr5","144307740","144308037","8","702062"
"chr5","145635744","145636030","chr1","140772098","140772379","37","4863646"
"chr5","145769835","145770150","chr5","145077552","145077865","7","692283"
"chr5","145864124","145864394","chr18","32620697","32620970","46","113243427"
"chr5","146581378","146581685","chr5","145916900","145917209","5","664478"
"chr5","146940885","146941188","chr5","146285487","146285792","24","655398"
"chr5","147539484","147539735","chr5","146910018","146910272","6","629466"
"chr5","147554368","147554663","chrX","71311184","71311477","30","76243184"
"chr5","147620404","147620709","chr5","146993657","146993962","1","626747"
"chr5","147669522","147669832","chr5","147043116","147043430","4","626406"
"chr5","147787376","147787682","chr5","147161809","147162115","2","625567"
"chr5","147962652","147962948","chr5","147340600","147340897","4","622052"
"chr5","148286363","148286678","chr5","147663593","147663901","8","622770"
"chr5","148915140","148915451","chr5","148300284","148300592","3","614856"
"chr5","148948098","148948409","chr5","148333808","148334120","4","614290"
"chr5","148989109","148989409","chr5","148374102","148374401","4","615007"
"chr5","149002568","149002877","chr12","24555144","24555454","38","124447424"
"chr5","150542666","150542778","chrX","135522113","135522226","20","15020553"
"chr5","150543511","150543711","chr2A","24709882","24710071","38","125833629"
"chr5","150709538","150709849","chr5","150115919","150116227","4","593619"
"chr5","150876419","150876715","chr5","150285312","150285614","8","591107"
"chr5","150896298","150896593","chr5","132544313","132544609","37","18351985"
"chr5","150940807","150941112","chr5","150350440","150350745","1","590367"
"chr5","151023464","151023787","chr5","150434707","150435030","1","588757"
"chr5","151151518","151151815","chr5","150568275","150568587","16","583243"
"chr5","151387508","151387808","chr5","150809369","150809672","3","578139"
"chr5","151575487","151575650","chr5","151002247","151002410","4","573240"
"chr5","151906018","151906349","chrX","92128594","92128919","50","59777424"
"chr5","152103734","152104042","chr1","65694869","65695173","43","86408865"
"chr5","152542423","152542726","chr5","151978371","151978674","0","564052"
"chr5","152631811","152632118","chr5","152071343","152071653","6","560468"
"chr5","152779321","152779398","chr5","152219295","152219372","1","560026"
"chr5","152872963","152873256","chr5","152310548","152310842","2","562415"
"chr5","152880109","152880393","chr5","152317694","152318010","33","562415"
"chr5","153068525","153068825","chr5","152507757","152508068","17","560768"
"chr5","153086692","153087017","chr5","152526128","152526441","12","560564"
"chr5","153204450","153204729","chr5","152645881","152646160","3","558569"
"chr5","153355494","153355796","chr5","152797838","152798140","1","557656"
"chr5","154151715","154152018","chr5","153592231","153592534","0","559484"
"chr5","154372276","154372569","chr5","153814239","153814533","5","558037"
"chr5","155136333","155136641","chr5","154582700","154583008","1","553633"
"chr5","155869643","155869925","chr5","155316673","155316963","9","552970"
"chr5","155952583","155952887","chr5","155401589","155401892","6","550994"
"chr5","156046901","156047209","chr5","155493834","155494142","4","553067"
"chr5","156068208","156068503","chr9","98068880","98069173","31","57999328"
"chr5","156134979","156135288","chr18","21193039","21193344","34","134941940"
"chr5","156195979","156196288","chr1","154537630","154537941","35","1658349"
"chr5","156291953","156292088","chr5","155751924","155752056","3","540029"
"chr5","156292389","156292571","chr5","155752673","155752853","2","539716"
"chr5","156592023","156592284","chr5","156055982","156056243","0","536041"
"chr5","156672557","156672844","chr5","156137671","156137959","4","534886"
"chr5","157296921","157297221","chr5","156767832","156768138","9","529089"
"chr5","158130656","158130921","chr5","157617244","157617511","5","513412"
"chr5","158339487","158339781","chr5","157827305","157827599","6","512182"
"chr5","158390261","158390555","chr5","157879032","157879323","3","511229"
"chr5","159134319","159134610","chr5","157986142","157986433","14","1148177"
"chr5","159507187","159507489","chr5","158367012","158367314","2","1140175"
"chr5","159532054","159532358","chr5","158391868","158392176","6","1140186"
"chr5","159536134","159536427","chr5","158396531","158396824","1","1139603"
"chr5","159621523","159621822","chr5","158482957","158483254","4","1138566"
"chr5","159635041","159635341","chr5","158496487","158496787","2","1138554"
"chr5","159651682","159651957","chr5","158513064","158513339","1","1138618"
"chr5","159764415","159764705","chr5","158638576","158638865","1","1125839"
"chr5","159867282","159867547","chr5","158741531","158741796","5","1125751"
"chr5","159934573","159934857","chr5","158811654","158811938","1","1122919"
"chr5","159988483","159988798","chr5","158865747","158866052","10","1122736"
"chr5","160118522","160118822","chr5","159003192","159003495","5","1115330"
"chr5","160293436","160293733","chr5","159186339","159186642","13","1107097"
"chr5","160539567","160539869","chr5","159434984","159435286","4","1104583"
"chr5","161156694","161156991","chr5","160051009","160051310","7","1105685"
"chr5","161231093","161231398","chr5","160127226","160127531","2","1103867"
"chr5","161991584","161991900","chr5","160895979","160896298","14","1095605"
"chr5","162089072","162089360","chr5","160993928","160994218","3","1095144"
"chr5","162141764","162141981","chr8","26615512","26615720","35","135526252"
"chr5","162151212","162151523","chr5","161057211","161057528","10","1094001"
"chr5","162156139","162156272","chr5","155751924","155752056","18","6404215"
"chr5","162156578","162156733","chr9","126510311","126510468","25","35646267"
"chr5","162157042","162157059","chr2A","86562381","86562407","17","75594661"
"chr5","162319303","162319609","chr5","161227600","161227906","6","1091703"
"chr5","163270303","163270613","chr5","162116259","162116568","8","1154044"
"chr5","163500001","163500297","chr5","162347225","162347538","17","1152776"
"chr5","165022435","165022747","chr5","163916882","163917191","3","1105553"
"chr5","165482004","165482293","chr5","164295068","164295363","6","1186936"
"chr5","165537019","165537331","chr5","164350160","164350471","1","1186859"
"chr5","166822411","166822704","chr5","165649686","165649978","3","1172725"
"chr5","166966331","166966628","chr5","165794857","165795159","9","1171474"
"chr5","167055123","167055406","chr5","165886438","165886722","2","1168685"
"chr5","167411751","167412028","chr5","166249779","166250056","3","1161972"
"chr5","167598710","167598999","chr5","166440719","166441008","0","1157991"
"chr5","168069354","168069625","chr18","32620697","32620970","69","135448657"
"chr5","168296285","168296432","chr5","140288144","140288294","20","28008141"
"chr5","168300565","168300879","chr5","167148120","167148419","21","1152445"
"chr5","168628010","168628037","chr1","139896000","139896030","17","28732010"
"chr5","168628084","168628228","chr5","77164122","77164267","29","91463962"
"chr5","168685368","168685673","chr5","167539814","167540119","2","1145554"
"chr5","168782084","168782389","chr5","167635996","167636303","2","1146088"
"chr5","169399321","169399638","chr5","168261194","168261515","5","1138127"
"chr5","169417302","169417643","chr5","168279744","168280044","44","1137558"
"chr5","169830849","169831134","chr5","168698398","168698683","0","1132451"
"chr5","169972765","169973064","chr5","168840595","168840895","2","1132170"
"chr5","170110551","170110854","chr5","168981154","168981457","8","1129397"
"chr5","170283787","170284108","chr19","17767865","17768173","48","152515922"
"chr5","170310054","170310361","chr5","169181422","169181729","3","1128632"
"chr5","170426899","170427192","chr5","169303068","169303361","1","1123831"
"chr5","170512730","170513036","chr9","130011653","130011963","61","40501077"
"chr5","170584062","170584361","chr5","169462243","169462542","4","1121819"
"chr5","170783043","170783342","chr5","169663801","169664100","0","1119242"
"chr5","170787032","170787336","chr5","169667791","169668095","0","1119241"
"chr5","170942513","170942819","chr5","169823760","169824067","5","1118753"
"chr5","171001684","171001996","chr5","169884038","169884350","2","1117646"
"chr5","171039754","171040046","chr12","1574328","1574617","50","169465426"
"chr5","171095631","171095944","chr5","169981661","169981974","7","1113970"
"chr5","171098693","171098977","chr5","169984720","169985005","1","1113973"
"chr5","172397838","172398125","chr5","171283468","171283752","3","1114370"
"chr5","173287761","173288067","chr5","172190315","172190621","0","1097446"
"chr5","173573672","173573994","chr5","172486058","172486370","12","1087614"
"chr5","173590559","173590868","chr5","172861485","172861786","41","729074"
"chr5","174277342","174277641","chr5","173022489","173022791","4","1254853"
"chr5","174441032","174441330","chr5","173192248","173192546","1","1248784"
"chr5","174482910","174483180","chr5","173234366","173234636","3","1248544"
"chr5","174523127","174523430","chr5","173276113","173276417","2","1247014"
"chr5","174553309","174553602","chrX","41860784","41861081","38","132692525"
"chr5","174591168","174591479","chr5","173343472","173343783","5","1247696"
"chr5","174738371","174738683","chr5","173494254","173494565","4","1244117"
"chr5","174882046","174882339","chr5","173641671","173641965","3","1240375"
"chr5","174959080","174959391","chr5","173720854","173721164","6","1238226"
"chr5","175207597","175207898","chr5","173973758","173974060","4","1233839"
"chr5","175227009","175227306","chr5","173993967","173994264","3","1233042"
"chr5","175333868","175334173","chr5","174104179","174104485","26","1229689"
"chr5","175350286","175350455","chr7","144964144","144964314","22","30386142"
"chr5","175448037","175448344","chr5","174221249","174221556","3","1226788"
"chr5","175982667","175982946","chr5","174768755","174769035","1","1213912"
"chr5","176730195","176730450","chr5","175532956","175533224","14","1197239"
"chr5","176773847","176774149","chr5","175577963","175578270","7","1195884"
"chr5","176836038","176836341","chr5","175640405","175640710","2","1195633"
"chr5","177083259","177083549","chr5","175898727","175899017","3","1184532"
"chr5","177604581","177604880","chr5","176428313","176428613","7","1176268"
"chr5","177741323","177741625","chr5","176566565","176566869","3","1174758"
"chr5","177752456","177752755","chr5","176577908","176578207","1","1174548"
"chr5","177806590","177806903","chr5","176636614","176636926","10","1169976"
"chr5","178253852","178254146","chr5","177093562","177093856","1","1160290"
"chr5","178705038","178705329","chr22","49705972","49706262","42","128999066"
"chr5","178748062","178748344","chr5","177439855","177440117","21","1308207"
"chr5","178764654","178764948","chr16","5864148","5864441","31","172900506"
"chr5","179384924","179385203","chr1","23275742","23276020","51","156109182"
"chr5","179449193","179449506","chr5","178149134","178149448","2","1300059"
"chr5","179469899","179470197","chr5","178170580","178170878","0","1299319"
"chr5","179487625","179487917","chr5","178188076","178188371","3","1299549"
"chr5","179558413","179558547","chrX","153514418","153514551","21","26043995"
"chr5","180594478","180594777","chr5","179287276","179287576","4","1307202"
"chr5","180671070","180671385","chr5","179371047","179371358","8","1300023"
"chr5","180858780","180859088","chr5","179561296","179561609","12","1297484"
"chr5","180907908","180908209","chr5","179611279","179611589","20","1296629"
"chr5","180951133","180951436","chr5","179655175","179655486","19","1295958"
"chr5","180972537","180972817","chr5","179678021","179678301","1","1294516"
"chr5","181256234","181256325","chr2A","76399770","76399856","18","104856464"
"chr5","181256351","181256434","chr22","39711394","39711469","25","141544957"
"chr5","181298924","181299206","chr5","180016447","180016747","21","1282477"
"chr5","181572426","181572734","chr5","180257927","180258236","2","1314499"
"chr5","181591836","181592142","chr5","180277354","180277660","1","1314482"
"chr5","181952375","181952668","chr9","119802849","119803145","29","62149526"
"chr5","181975540","181975839","chr5","180684198","180684497","1","1291342"
"chr5","182006947","182007218","chr1","23053759","23054028","41","158953188"
"chr5","182149070","182149368","chr3","48829257","48829555","41","133319813"
"chr5","182402849","182402927","chr5","181069208","181069286","0","1333641"
"chr5","182563310","182563609","chr5","181233560","181233859","0","1329750"
"chr5","182617562","182617896","chr5","181290468","181290779","24","1327094"
"chr5","182912351","182912670","chr5","181580273","181580592","3","1332078"
"chr5","182965001","182965313","chr5","181634705","181635025","14","1330296"
"chr5","183014681","183014976","chr5","181686469","181686771","13","1328212"
"chr5","183168219","183168373","chr11","71011249","71011386","34","112156970"
"chr5","183241607","183241917","chr5","181908575","181908885","1","1333032"
"chr5","183333013","183333129","chr6","21178033","21178152","21","162154980"
"chr5","183368312","183368586","chr5","182040324","182040598","7","1327988"
"chr5","183659610","183659913","chr5","182334270","182334572","1","1325340"
"chr6","6815620","6815923","chr6","6842206","6842512","4","26586"
"chr6","82313211","82313516","chr6","81670423","81670728","0","642788"
"chr6","413432","413745","chr6","422198","422511","0","8766"
"chr6","427036","427327","chr6","434711","435001","3","7675"
"chr6","1019365","1019659","chr6","1038106","1038400","4","18741"
"chr6","1443529","1443819","chr6","1473957","1474252","6","30428"
"chr6","1809836","1809989","chr6","1850416","1850585","16","40580"
"chr6","2167238","2167503","chr6","2219216","2219482","7","51978"
"chr6","2242369","2242679","chr6","2294361","2294673","10","51992"
"chr6","2500568","2500827","chr6","2560771","2561030","1","60203"
"chr6","2971880","2972189","chr19","2727043","2727349","34","244837"
"chr6","3072844","3073134","chr6","3143481","3143771","0","70637"
"chr6","3220094","3220367","chr3","128935854","128936120","41","125715760"
"chr6","3843944","3844261","chr6","3819543","3819860","1","24401"
"chr6","3853297","3853595","chr6","3829410","3829714","6","23887"
"chr6","3894695","3895001","chr6","3871050","3871357","2","23645"
"chr6","4017919","4018216","chr6","3994031","3994331","4","23888"
"chr6","4279479","4279770","chr6","4265739","4266032","2","13740"
"chr6","4532598","4532905","chr6","4523051","4523357","4","9547"
"chr6","4731458","4731761","chr6","4727486","4727786","6","3972"
"chr6","4900973","4901268","chr6","4897447","4897757","16","3526"
"chr6","5142799","5142867","chr2B","235218206","235218272","15","230075407"
"chr6","5216676","5217007","chr11","71426967","71427291","51","66210291"
"chr6","5919636","5919931","chr6","5938373","5938669","3","18737"
"chr6","6128230","6128542","chr6","6148829","6149138","6","20599"
"chr6","6399070","6399375","chr6","6424798","6425106","12","25728"
"chr6","6704536","6704837","chr6","6728897","6729194","4","24361"
"chr6","6727201","6727502","chr6","6754363","6754665","4","27162"
"chr6","6763097","6763372","chr6","6790392","6790667","0","27295"
"chr6","7172062","7172350","chr6","7116401","7116689","1","55661"
"chr6","7200291","7200600","chr6","7148248","7148557","1","52043"
"chr6","7247115","7247402","chr6","7196052","7196341","2","51063"
"chr6","7764167","7764462","chr6","7702287","7702575","14","61880"
"chr6","8242296","8242585","chr6","8183454","8183743","2","58842"
"chr6","8263343","8263636","chr6","8204531","8204825","3","58812"
"chr6","8454651","8454952","chr6","8395790","8396092","5","58861"
"chr6","8547189","8547487","chr6","8488369","8488667","2","58820"
"chr6","9461524","9461824","chr6","9418615","9418922","11","42909"
"chr6","9616834","9617131","chr6","9575232","9575531","4","41602"
"chr6","9654025","9654336","chr6","9612219","9612531","2","41806"
"chr6","9982035","9982332","chr6","9946618","9946915","2","35417"
"chr6","10671556","10671836","chr6","10633967","10634247","2","37589"
"chr6","10860285","10860580","chr6","10829382","10829675","8","30903"
"chr6","10914198","10914445","chr7","145916272","145916512","39","135002074"
"chr6","10977967","10978272","chr6","10948387","10948692","6","29580"
"chr6","11088869","11089170","chr6","11059231","11059532","0","29638"
"chr6","11106338","11106628","chr6","11077710","11078000","3","28628"
"chr6","11111170","11111481","chr6","11082179","11082490","2","28991"
"chr6","11113690","11114012","chr6","11084702","11085024","1","28988"
"chr6","11189411","11189698","chr6","11160712","11161004","8","28699"
"chr6","11198551","11198858","chr6","11169862","11170171","4","28689"
"chr6","11212424","11212727","chr6","11184212","11184515","2","28212"
"chr6","11278665","11278956","chr6","11250881","11251172","0","27784"
"chr6","11308202","11308493","chr6","11279312","11279604","3","28890"
"chr6","11310051","11310338","chr6","11281164","11281451","4","28887"
"chr6","11320425","11320721","chr6","11291552","11291849","1","28873"
"chr6","11348997","11349305","chr6","11320827","11321134","3","28170"
"chr6","11382741","11383019","chr6","11355003","11355281","7","27738"
"chr6","11587317","11587620","chr6","11561615","11561920","2","25702"
"chr6","11915363","11915649","chr6","11890224","11890511","2","25139"
"chr6","12055767","12056063","chr6","12034377","12034673","2","21390"
"chr6","12058126","12058427","chr6","12036734","12037038","5","21392"
"chr6","12267881","12268180","chr6","12162864","12163163","0","105017"
"chr6","12676439","12676735","chr6","12574012","12574308","2","102427"
"chr6","12681825","12682105","chr6","12579301","12579582","1","102524"
"chr6","13032771","13033067","chr6","12926485","12926781","3","106286"
"chr6","13106431","13106733","chr6","13001445","13001739","10","104986"
"chr6","13488107","13488411","chr6","13366270","13366570","6","121837"
"chr6","13723379","13723668","chr6","13604948","13605237","0","118431"
"chr6","13756627","13756918","chr6","13638018","13638309","1","118609"
"chr6","13825029","13825324","chr6","13710550","13710848","4","114479"
"chr6","14311153","14311452","chr6","14206150","14206445","4","105003"
"chr6","14319415","14319725","chr6","14214600","14214910","1","104815"
"chr6","14324643","14324914","chr6","14219857","14220130","3","104786"
"chr6","14394836","14395087","chr7","92704959","92705196","54","78310123"
"chr6","14437377","14437692","chr6","14351842","14352150","10","85535"
"chr6","14444202","14444502","chrX","67420560","67420854","39","52976358"
"chr6","14605006","14605315","chr6","14521711","14522019","2","83295"
"chr6","14748821","14749101","chr6","14666177","14666459","3","82644"
"chr6","14822538","14822840","chr6","14740634","14740937","3","81904"
"chr6","15206393","15206694","chr6","15138824","15139126","5","67569"
"chr6","15239569","15239878","chr6","15173168","15173476","4","66401"
"chr6","15309471","15309649","chr6","15247473","15247649","7","61998"
"chr6","15312741","15313055","chr6","15251368","15251677","9","61373"
"chr6","15334686","15334975","chr6","15274399","15274693","7","60287"
"chr6","15366254","15366555","chr13","51905735","51906026","41","36539481"
"chr6","15381120","15381431","chr6","15321854","15322165","1","59266"
"chr6","15391776","15392090","chr6","15332716","15333001","29","59060"
"chr6","15526131","15526445","chr3","141289418","141289734","37","125763287"
"chr6","15852179","15852485","chr6","15800062","15800375","7","52117"
"chr6","15983761","15984069","chr6","15931896","15932204","1","51865"
"chr6","16127269","16127554","chr6","16073319","16073606","3","53950"
"chr6","16315225","16315521","chr6","16264265","16264565","6","50960"
"chr6","16689245","16689546","chr6","16642065","16642358","9","47180"
"chr6","16744474","16744747","chr6","43651297","43651569","37","26906823"
"chr6","16746170","16746468","chr6","16698877","16699178","4","47293"
"chr6","16757085","16757398","chr6","16709805","16710118","0","47280"
"chr6","16847283","16847577","chr6","16801723","16802017","0","45560"
"chr6","16873226","16873284","chr2A","79568382","79568441","19","62695156"
"chr6","17316095","17316379","chr6","17271737","17272021","0","44358"
"chr6","17332990","17333297","chr6","17288679","17288986","1","44311"
"chr6","17459523","17459810","chr6","17418497","17418785","2","41026"
"chr6","17462615","17462909","chr6","17421586","17421880","2","41029"
"chr6","17729897","17730179","chr10","24156798","24157075","37","6426901"
"chr6","17767951","17768237","chr6","17741300","17741586","0","26651"
"chr6","18053073","18053364","chr6","18030447","18030735","4","22626"
"chr6","18092538","18092842","chr2B","222878700","222878999","34","204786162"
"chr6","19508690","19508982","chr6","19505068","19505360","1","3622"
"chr6","19545838","19546154","chr6","19540282","19540598","1","5556"
"chr6","19866798","19867096","chrX","138395883","138396182","2","118529085"
"chr6","19889495","19889800","chr6","19894660","19894965","1","5165"
"chr6","19998252","19998556","chr6","20006627","20006932","2","8375"
"chr6","20518406","20518704","chr6","20536780","20537078","1","18374"
"chr6","20711420","20711715","chr6","20734768","20735063","4","23348"
"chr6","20817196","20817491","chr6","20841259","20841554","0","24063"
"chr6","21149305","21149421","chr6","21178033","21178152","4","28728"
"chr6","21161568","21161877","chr6","21190314","21190623","1","28746"
"chr6","21423224","21423504","chr6","21454856","21455137","8","31632"
"chr6","21644159","21644464","chr6","21677434","21677750","13","33275"
"chr6","21800522","21800791","chr6","21836740","21837009","0","36218"
"chr6","21820008","21820258","chr6","21856868","21857138","21","36860"
"chr6","21841400","21841679","chr6","21878658","21878936","2","37258"
"chr6","22025261","22025555","chr6","22063259","22063554","2","37998"
"chr6","22811447","22811784","chr6","22869625","22869962","0","58178"
"chr6","22815833","22816150","chr6","22874014","22874333","6","58181"
"chr6","23837904","23838213","chr6","23906810","23907119","0","68906"
"chr6","24467670","24467992","chr6","24542947","24543273","6","75277"
"chr6","24613299","24613603","chr6","24694661","24694965","3","81362"
"chr6","24635880","24636183","chr6","24717669","24717972","1","81789"
"chr6","25034283","25034578","chr6","25125445","25125740","0","91162"
"chr6","25038933","25039243","chr6","25130101","25130411","3","91168"
"chr6","25065145","25065457","chr6","25156297","25156610","5","91152"
"chr6","26527081","26527380","chr6","26299649","26299951","4","227432"
"chr6","26618660","26618948","chr6","26390175","26390463","2","228485"
"chr6","26742799","26743087","chr7","73589805","73590095","41","46847006"
"chr6","26780762","26781074","chr6","26553662","26553974","1","227100"
"chr6","26810614","26810918","chr6","26584382","26584686","2","226232"
"chr6","27049589","27049643","chr1","180807430","180807483","10","153757841"
"chr6","27712240","27712551","chr4","156929291","156929602","43","129217051"
"chr6","27894572","27894865","chr6","27647256","27647552","12","247316"
"chr6","27899404","27899674","chr6","27652442","27652712","3","246962"
"chr6","28103354","28103664","chr6","27864264","27864573","3","239090"
"chr6","28260230","28260525","chr6","28024171","28024464","2","236059"
"chr6","28509992","28510116","chr6","28279777","28279901","1","230215"
"chr6","28920322","28920623","chr6","28699520","28699826","8","220802"
"chr6","29095123","29095416","chr6","28875089","28875382","1","220034"
"chr6","29274073","29274355","chr6","29053669","29053951","0","220404"
"chr6","29289743","29290035","chr6","29069441","29069735","5","220302"
"chr6","30143315","30143614","chr6","29934054","29934363","19","209261"
"chr6","30254497","30254804","chr6","30047155","30047478","17","207342"
"chr6","30308823","30309127","chr6","30115080","30115380","8","193743"
"chr6","30339537","30339614","chr6","30146471","30146548","1","193066"
"chr6","30397186","30397496","chr6","30316124","30316434","1","81062"
"chr6","30556177","30556476","chr6","30484970","30485269","16","71207"
"chr6","30889630","30889943","chr6","30620725","30621036","4","268905"
"chr6","31133074","31133368","chr6","30865823","30866118","7","267251"
"chr6","31153990","31154286","chr6","30886724","30887021","3","267266"
"chr6","31387828","31388131","chr6","31120763","31121066","1","267065"
"chr6","31405838","31406142","chr6","31140103","31140407","0","265735"
"chr6","31428980","31429283","chr6","31163178","31163486","18","265802"
"chr6","31452753","31453051","chr6","31187547","31187849","4","265206"
"chr6","31480414","31480724","chr6","31215640","31215951","3","264774"
"chr6","31574654","31574927","chr6","31310913","31311213","29","263741"
"chr6","31586637","31586927","chr6","31323214","31323506","2","263423"
"chr6","31696096","31696404","chr6","31435054","31435361","3","261042"
"chr6","31752728","31752852","chr1","205251781","205251905","18","173499053"
"chr6","31858441","31858713","chr6","31576661","31576933","1","281780"
"chr6","32050340","32050650","chr6","31776754","31777065","1","273586"
"chr6","32201356","32201665","chr6","31931725","31932031","4","269631"
"chr6","32313722","32314033","chr14","21459742","21460054","31","10853980"
"chr6","32337939","32338236","chr6","32072200","32072497","1","265739"
"chr6","32428808","32429101","chr6","32159099","32159392","0","269709"
"chr6","32468763","32469074","chr6","32200528","32200836","3","268235"
"chr6","33604399","33604711","chr6","33334110","33334421","2","270289"
"chr6","33735204","33735511","chr6","33466483","33466790","1","268721"
"chr6","33918843","33919145","chr6","33653365","33653669","3","265478"
"chr6","34176080","34176247","chr6","33912456","33912617","7","263624"
"chr6","34178525","34178835","chr6","33914904","33915214","1","263621"
"chr6","34211522","34211816","chr6","33948345","33948643","6","263177"
"chr6","34608279","34608577","chr6","34355726","34356024","0","252553"
"chr6","34939008","34939288","chr6","34691831","34692129","18","247177"
"chr6","35050280","35050572","chr6","34805620","34805910","4","244660"
"chr6","35378791","35379100","chr6","35150797","35151106","1","227994"
"chr6","35442963","35443270","chr6","35218423","35218730","7","224540"
"chr6","35489385","35489678","chr6","35264994","35265287","2","224391"
"chr6","35540996","35541074","chr3","101821730","101821811","14","66280734"
"chr6","35626344","35626654","chr6","35412177","35412489","2","214167"
"chr6","35780143","35780449","chr6","35563583","35563888","4","216560"
"chr6","36100227","36100525","chr6","35891385","35891683","0","208842"
"chr6","36102630","36102709","chr5","181069208","181069286","11","144966578"
"chr6","36334840","36335140","chr6","36019661","36019962","2","315179"
"chr6","36557428","36557729","chr6","36246290","36246595","9","311138"
"chr6","36687362","36687662","chr6","36377625","36377927","4","309737"
"chr6","36874697","36874996","chr6","36568966","36569268","4","305731"
"chr6","36884575","36884869","chr1","190438202","190438496","35","153553627"
"chr6","37198443","37198565","chr9","4470652","4470774","17","32727791"
"chr6","37326169","37326463","chr14","91800682","91800977","36","54474513"
"chr6","37332265","37332560","chr6","37042906","37043204","5","289359"
"chr6","37407215","37407468","chr6","37124708","37124961","0","282507"
"chr6","37540573","37540865","chr9","83769540","83769840","40","46228967"
"chr6","37566095","37566406","chr6","37286881","37287194","4","279214"
"chr6","37781234","37781532","chr6","37506079","37506377","2","275155"
"chr6","37788284","37788591","chr6","37513456","37513766","7","274828"
"chr6","37798264","37798575","chr6","37523866","37524175","5","274398"
"chr6","37873831","37874137","chr6","37602274","37602583","5","271557"
"chr6","37905669","37905966","chr6","37636536","37636849","16","269133"
"chr6","37964661","37964967","chr6","37699632","37699940","2","265029"
"chr6","38159866","38160157","chr6","37899774","37900068","4","260092"
"chr6","38443239","38443534","chr6","38190678","38190974","2","252561"
"chr6","38593987","38594279","chr6","38346241","38346536","4","247746"
"chr6","38603262","38603574","chr6","38355633","38355945","2","247629"
"chr6","38649104","38649227","chr6","38402579","38402702","1","246525"
"chr6","38750394","38750691","chr6","38503154","38503457","6","247240"
"chr6","39041706","39042019","chr6","38797977","38798289","13","243729"
"chr6","39140077","39140366","chr6","38897329","38897618","0","242748"
"chr6","39389261","39389405","chr1","133932337","133932484","30","94543076"
"chr6","39896304","39896608","chr6","39666669","39666957","20","229635"
"chr6","40244539","40244834","chr6","39888995","39889292","2","355544"
"chr6","40335832","40336112","chr14","73389812","73390090","40","33053980"
"chr6","40513968","40514273","chr6","40160199","40160506","4","353769"
"chr6","40871701","40871997","chr6","40517894","40518191","4","353807"
"chr6","41017208","41017509","chr6","40683255","40683556","0","333953"
"chr6","42341087","42341398","chr6","42017099","42017411","3","323988"
"chr6","42659633","42659930","chr6","42342274","42342572","3","317359"
"chr6","42803835","42804138","chr6","42491037","42491343","5","312798"
"chr6","42847950","42848239","chr6","42535151","42535450","11","312799"
"chr6","42889418","42889716","chr6","42580748","42581046","2","308670"
"chr6","42962607","42962923","chr6","42654641","42654957","7","307966"
"chr6","43243855","43244157","chr15","88044910","88045215","40","44801055"
"chr6","43379945","43380122","chr6","43083903","43084080","1","296042"
"chr6","43587660","43587954","chr6","43306348","43306644","5","281312"
"chr6","43616283","43616584","chr6","43337212","43337523","14","279071"
"chr6","43629447","43629747","chr6","43351355","43351656","3","278092"
"chr6","43660884","43661178","chr6","43383716","43384011","3","277168"
"chr6","43673625","43673923","chr6","43395467","43395771","9","278158"
"chr6","43687583","43687865","chr6","43410319","43410601","0","277264"
"chr6","44082418","44082710","chr6","43823934","43824228","3","258484"
"chr6","44174082","44174386","chr10","99111269","99111572","35","54937187"
"chr6","44179919","44180227","chr6","43922489","43922797","1","257430"
"chr6","44367415","44367721","chr2A","9507615","9507915","31","34859800"
"chr6","44451601","44451906","chr6","44201498","44201804","4","250103"
"chr6","44485620","44485935","chr6","44239238","44239553","1","246382"
"chr6","44590231","44590528","chr6","44342993","44343280","14","247238"
"chr6","44593100","44593399","chr6","44346541","44346842","3","246559"
"chr6","44841895","44842067","chr19","9024578","9024748","23","35817317"
"chr6","44842103","44842230","chr5","155751924","155752056","19","110909821"
"chr6","45049931","45050238","chr6","44821258","44821567","2","228673"
"chr6","45056725","45057007","chr5","28081165","28081447","41","16975560"
"chr6","46266330","46266622","chr6","46058932","46059226","3","207398"
"chr6","46384132","46384424","chr6","46177239","46177524","13","206893"
"chr6","46465165","46465468","chr6","46258456","46258764","6","206709"
"chr6","47251658","47251954","chr6","47055465","47055761","3","196193"
"chr6","47463573","47463884","chr6","47271205","47271515","2","192368"
"chr6","47780309","47780620","chr6","47589450","47589735","27","190859"
"chr6","47865723","47865882","chr7","159071431","159071591","25","111205708"
"chr6","47866223","47866362","chr7","101855440","101855572","28","53989217"
"chr6","48019451","48019745","chr6","47835231","47835529","4","184220"
"chr6","48125264","48125573","chr6","47941676","47941983","7","183588"
"chr6","48238421","48238701","chr6","48054324","48054631","28","184097"
"chr6","48653255","48653546","chr6","48479181","48479472","1","174074"
"chr6","49033472","49033777","chr6","48873949","48874255","10","159523"
"chr6","50852343","50852663","chr6","50716056","50716376","2","136287"
"chr6","51294094","51294396","chr6","51162634","51162936","2","131460"
"chr6","51483399","51483700","chr6","51357591","51357894","4","125808"
"chr6","51515853","51516150","chr6","51390844","51391140","4","125009"
"chr6","51921243","51921554","chr6","51802472","51802783","2","118771"
"chr6","52682659","52682972","chr8","92371690","92371996","29","39689031"
"chr6","52994220","52994506","chr6","52887707","52888026","33","106513"
"chr6","53024616","53024916","chr6","52919553","52919852","3","105063"
"chr6","53410775","53411102","chr1","65694869","65695173","47","12284094"
"chr6","54122280","54122578","chr6","53654762","53655062","3","467518"
"chr6","54158448","54158747","chr6","53692504","53692805","3","465944"
"chr6","54329445","54329744","chr6","53865212","53865510","2","464233"
"chr6","54556920","54557214","chr6","54097813","54098108","1","459107"
"chr6","54862917","54863210","chr6","54405916","54406212","6","457001"
"chr6","55652818","55653136","chr15","87103347","87103661","46","31450529"
"chr6","57842523","57842819","chr6","57431035","57431331","3","411488"
"chr6","58226463","58226762","chr6","57830062","57830363","3","396401"
"chr6","58423632","58423935","chr6","57986131","57986438","5","437501"
"chr6","64553223","64553487","chr17","6095464","6095730","37","58457759"
"chr6","64988134","64988435","chr22","44217193","44217494","41","20770941"
"chr6","65250996","65251083","chr19","18469045","18469116","22","46781951"
"chr6","65911600","65911904","chr10","121184273","121184577","39","55272673"
"chr6","65922908","65923200","chr14","93869610","93869902","44","27946702"
"chr6","66407496","66407669","chr17","7691308","7691475","27","58716188"
"chr6","66494910","66495197","chr5","28081165","28081447","43","38413745"
"chr6","67365812","67366119","chr6","66484349","66484656","0","881463"
"chr6","67830223","67830492","chr6","66952718","66952987","2","877505"
"chr6","68218797","68219095","chr6","67347008","67347306","4","871789"
"chr6","68410357","68410643","chr6","67535617","67535903","3","874740"
"chr6","69093820","69094116","chr6","68229699","68229996","12","864121"
"chr6","69796107","69796416","chr6","68933960","68934271","10","862147"
"chr6","71638078","71638356","chr6","70798865","70799143","1","839213"
"chr6","71766167","71766464","chr6","70930280","70930577","1","835887"
"chr6","71995165","71995451","chr6","71168659","71168945","0","826506"
"chr6","72254253","72254540","chr6","71434682","71434971","3","819571"
"chr6","72573069","72573379","chr6","71754776","71755086","0","818293"
"chr6","72802412","72802713","chr6","71984190","71984498","8","818222"
"chr6","73113150","73113458","chr6","72299055","72299364","4","814095"
"chr6","73296741","73297039","chr6","72487542","72487840","5","809199"
"chr6","74456941","74457241","chr6","73641553","73641854","3","815388"
"chr6","74520751","74521046","chr6","73704072","73704368","2","816679"
"chr6","74524051","74524343","chr6","73707379","73707671","2","816672"
"chr6","74525683","74525982","chr6","73708805","73709109","6","816878"
"chr6","74526883","74527179","chr6","73710010","73710309","5","816873"
"chr6","74528575","74528862","chr6","73711977","73712264","1","816598"
"chr6","74555316","74555556","chr6","73739770","73740009","2","815546"
"chr6","74571563","74571847","chr6","73758800","73759084","1","812763"
"chr6","74572848","74573180","chr6","73760089","73760431","11","812759"
"chr6","74695568","74695858","chr6","73891093","73891384","6","804475"
"chr6","74764011","74764292","chr6","73963271","73963552","0","800740"
"chr6","75862091","75862386","chr6","75069869","75070164","1","792222"
"chr6","75959208","75959515","chr6","75166989","75167298","7","792219"
"chr6","76056005","76056312","chr6","75255694","75255997","36","800311"
"chr6","76061061","76061362","chr6","75260103","75260416","13","800958"
"chr6","76804106","76804411","chr6","76025652","76025958","3","778454"
"chr6","76857006","76857297","chr6","76079140","76079433","3","777866"
"chr6","76866425","76866722","chr6","76089713","76090009","2","776712"
"chr6","77066296","77066598","chr6","131747876","131748177","34","54681580"
"chr6","77612801","77613088","chr6","76861981","76862268","0","750820"
"chr6","78360681","78360800","chr10","120388519","120388637","18","42027838"
"chr6","78493312","78493612","chr6","77778743","77779044","5","714569"
"chr6","80233063","80233359","chr6","79554543","79554845","10","678520"
"chr6","81626231","81626521","chr6","80975983","80976276","4","650248"
"chr6","81874797","81875094","chr6","81219792","81220091","4","655005"
"chr6","83347824","83348112","chr6","82726642","82726944","15","621182"
"chr6","83390430","83390725","chr6","82769422","82769718","1","621008"
"chr6","83419494","83419575","chr6","82801859","82801941","1","617635"
"chr6","83421982","83422278","chr6","82804362","82804658","2","617620"
"chr6","84323757","84324066","chr6","83719365","83719675","4","604392"
"chr6","84512513","84512818","chr6","83909320","83909626","4","603193"
"chr6","84528931","84529224","chr6","83925729","83926023","1","603202"
"chr6","84991230","84991538","chr6","84397605","84397915","3","593625"
"chr6","85182417","85182733","chr6","84591941","84592257","2","590476"
"chr6","85719294","85719564","chr6","85135230","85135532","32","584064"
"chr6","85873234","85873563","chr4","169004675","169004986","64","83131441"
"chr6","86212331","86212618","chr6","85618000","85618288","3","594331"
"chr6","86834883","86835175","chr6","86250380","86250673","2","584503"
"chr6","86883575","86883859","chr6","86298158","86298442","3","585417"
"chr6","88319904","88320190","chr6","87766092","87766378","1","553812"
"chr6","88391319","88391622","chr8","51697169","51697472","32","36694150"
"chr6","88403038","88403352","chr6","87852809","87853123","2","550229"
"chr6","88536881","88537181","chr6","87985083","87985384","5","551798"
"chr6","88834106","88834404","chr6","88293575","88293873","1","540531"
"chr6","88874772","88875072","chr6","88337462","88337763","3","537310"
"chr6","88946671","88946984","chr6","88410394","88410700","9","536277"
"chr6","88960165","88960406","chr6","88423876","88424115","3","536289"
"chr6","89086565","89086871","chr6","88551541","88551850","6","535024"
"chr6","89640168","89640289","chr6","89113368","89113475","15","526800"
"chr6","90204974","90205297","chr6","89693293","89693616","6","511681"
"chr6","90325079","90325358","chr6","89812570","89812867","20","512509"
"chr6","90369145","90369445","chr6","89856619","89856919","3","512526"
"chr6","90853028","90853327","chr6","90338264","90338573","11","514764"
"chr6","90933391","90933700","chr6","90420302","90420610","2","513089"
"chr6","90940719","90941030","chr6","90428047","90428358","2","512672"
"chr6","90948163","90948293","chr14","60419218","60419349","18","30528945"
"chr6","90993512","90993792","chr6","90480934","90481213","1","512578"
"chr6","91476544","91476861","chr6","90973443","90973762","5","503101"
"chr6","91914186","91914495","chr6","91421727","91422042","8","492459"
"chr6","92051584","92051907","chr6","91563995","91564320","15","487589"
"chr6","92107811","92108098","chr6","91620122","91620440","34","487689"
"chr6","92546531","92546836","chr6","92064091","92064398","2","482440"
"chr6","94506186","94506488","chr6","94046852","94047155","4","459334"
"chr6","95804637","95804919","chr6","95384502","95384784","1","420135"
"chr6","97830858","97831174","chr6","96981295","96981611","3","849563"
"chr6","98155449","98155770","chr6","97309998","97310279","42","845451"
"chr6","98538644","98538938","chr6","97697735","97698029","2","840909"
"chr6","98691824","98692122","chr6","97850232","97850531","3","841592"
"chr6","98745325","98745620","chr6","97905973","97906268","0","839352"
"chr6","98773551","98773854","chr6","97933348","97933652","10","840203"
"chr6","98841276","98841573","chr6","98001242","98001541","5","840034"
"chr6","99409171","99409367","chr6","98572637","98572827","6","836534"
"chr6","99470431","99470711","chr6","98634597","98634878","9","835834"
"chr6","101177222","101177524","chr6","100367864","100368168","2","809358"
"chr6","101954796","101955096","chr6","101150441","101150733","9","804355"
"chr6","104555716","104556034","chr6","103805543","103805862","3","750173"
"chr6","106071898","106072200","chr6","105367760","105368062","6","704138"
"chr6","106310364","106310675","chr6","105609206","105609517","0","701158"
"chr6","106703590","106703885","chr6","106016080","106016375","0","687510"
"chr6","106708181","106708490","chr6","106020687","106020997","2","687494"
"chr6","106893065","106893352","chr6","106214532","106214823","4","678533"
"chr6","106976097","106976388","chr6","106300930","106301221","1","675167"
"chr6","107045094","107045345","chr6","106370889","106371142","3","674205"
"chr6","107215144","107215448","chr12","107745775","107746073","42","530631"
"chr6","107405346","107405647","chr6","106734846","106735162","17","670500"
"chr6","107577336","107577639","chr6","106909196","106909499","2","668140"
"chr6","107820602","107820874","chr6","107156897","107157169","0","663705"
"chr6","108186367","108186649","chr6","107533167","107533449","1","653200"
"chr6","108717624","108717938","chr6","108093632","108093944","3","623992"
"chr6","108731009","108731294","chr6","108106886","108107173","4","624123"
"chr6","108863264","108863378","chr6","108241624","108241751","13","621640"
"chr6","108943931","108944246","chr13","25881979","25882291","44","83061952"
"chr6","109036874","109037175","chr6","108420638","108420951","16","616236"
"chr6","109133816","109134117","chr6","108518779","108519080","3","615037"
"chr6","109184552","109184837","chr6","108569354","108569640","4","615198"
"chr6","109404596","109404907","chr6","108791739","108792050","1","612857"
"chr6","109630717","109631027","chr6","109020463","109020773","0","610254"
"chr6","109890819","109891104","chr6","109280217","109280508","8","610602"
"chr6","109902926","109903207","chr6","109291843","109292142","18","611083"
"chr6","109941807","109942104","chr6","109331321","109331622","5","610486"
"chr6","110919887","110920195","chr6","110133960","110134254","15","785927"
"chr6","111081169","111081456","chr6","110297361","110297649","1","783808"
"chr6","111290077","111290371","chr6","110509798","110510094","2","780279"
"chr6","111986044","111986342","chr6","111214064","111214364","4","771980"
"chr6","112253299","112253550","chr6","111457413","111457664","2","795886"
"chr6","112279845","112280112","chr6","111483965","111484232","2","795880"
"chr6","112627526","112627825","chr6","111830802","111831107","8","796724"
"chr6","112648738","112649044","chr6","111852381","111852686","6","796357"
"chr6","112698576","112698887","chr6","111904775","111905052","34","793801"
"chr6","112699375","112699667","chr6","111905542","111905836","5","793833"
"chr6","112703050","112703331","chr6","111914191","111914472","2","788859"
"chr6","112841691","112841980","chr12","41265767","41266059","33","71575924"
"chr6","112843987","112844284","chr6","112039943","112040240","0","804044"
"chr6","112876428","112876476","chr6","112074555","112074611","8","801873"
"chr6","112878716","112878804","chr14","80736334","80736413","22","32142382"
"chr6","112943539","112943830","chr6","112143889","112144180","1","799650"
"chr6","113252896","113253198","chr6","112465128","112465431","3","787768"
"chr6","115274398","115274704","chr6","114518171","114518478","1","756227"
"chr6","115415761","115415841","chr6","114648195","114648278","7","767566"
"chr6","115433556","115433852","chr6","114665922","114666218","2","767634"
"chr6","115476449","115476758","chr7","28775506","28775818","43","86700943"
"chr6","115496839","115497143","chr6","114729588","114729897","7","767251"
"chr6","115827999","115828300","chr6","115063188","115063489","0","764811"
"chr6","115879939","115880032","chr3","26195774","26195868","13","89684165"
"chr6","116009630","116009932","chr6","115245527","115245829","5","764103"
"chr6","117015349","117015658","chr6","116177818","116178131","15","837531"
"chr6","117077948","117078243","chr6","116239674","116239970","2","838274"
"chr6","118286653","118286958","chr6","117465841","117466152","7","820812"
"chr6","119426298","119426588","chr6","118603701","118603991","1","822597"
"chr6","119474038","119474334","chr6","118652180","118652485","11","821858"
"chr6","119763577","119763655","chr6","118943649","118943727","0","819928"
"chr6","120288499","120288793","chr6","119472215","119472514","5","816284"
"chr6","120935474","120935754","chr6","120133299","120133579","1","802175"
"chr6","121099570","121099752","chr17","60130229","60130401","48","60969341"
"chr6","121305884","121306188","chr6","120516212","120516515","2","789672"
"chr6","121387761","121388055","chr6","120597165","120597461","3","790596"
"chr6","123373874","123374165","chr6","122632259","122632553","5","741615"
"chr6","123429651","123429950","chr6","122692105","122692405","2","737546"
"chr6","124362580","124362885","chr6","123653306","123653613","2","709274"
"chr6","124566420","124566583","chr6","123860511","123860674","0","705909"
"chr6","124698178","124698455","chr6","123993040","123993317","3","705138"
"chr6","124741535","124741846","chr6","124036221","124036533","4","705314"
"chr6","124818969","124819263","chr6","124112308","124112604","2","706661"
"chr6","125276929","125277221","chr6","124576776","124577072","4","700153"
"chr6","125500960","125501256","chr6","124798839","124799134","4","702121"
"chr6","125536690","125536705","chr10","118512818","118512847","18","7023872"
"chr6","125536738","125537022","chr6","124835105","124835389","1","701633"
"chr6","125762530","125762832","chr6","125070899","125071203","5","691631"
"chr6","126166513","126166825","chr6","125481597","125481909","3","684916"
"chr6","127921153","127921460","chr6","127274909","127275216","4","646244"
"chr6","128397602","128397903","chr6","127756703","127757002","4","640899"
"chr6","129002057","129002344","chr6","128372517","128372843","42","629540"
"chr6","129206422","129206723","chr6","128578742","128579043","3","627680"
"chr6","130261135","130261449","chr6","129651305","129651625","7","609830"
"chr6","130409929","130410235","chr6","129803123","129803434","10","606806"
"chr6","130484097","130484387","chr6","129879993","129880283","2","604104"
"chr6","131890955","131891236","chr6","131294245","131294527","1","596710"
"chr6","132158119","132158424","chr6","131561787","131562070","23","596332"
"chr6","132337972","132338272","chr6","131747876","131748177","3","590096"
"chr6","133879814","133880055","chr6","133298388","133298630","5","581426"
"chr6","134169600","134169904","chr6","133589339","133589626","18","580261"
"chr6","134438427","134438720","chr6","133862214","133862507","11","576213"
"chr6","134696345","134696633","chr6","134124019","134124309","3","572326"
"chr6","134760011","134760300","chr6","134187856","134188143","6","572155"
"chr6","135453351","135453655","chr6","134893431","134893743","10","559920"
"chr6","135648280","135648576","chr6","135091187","135091483","2","557093"
"chr6","135910519","135910823","chr6","135353681","135353985","2","556838"
"chr6","135942632","135942928","chr6","135390867","135391164","3","551765"
"chr6","136004236","136004530","chr6","135453449","135453737","21","550787"
"chr6","136117496","136117794","chr6","135569835","135570132","2","547661"
"chr6","136471340","136471631","chr6","135936067","135936358","1","535273"
"chr6","136925052","136925348","chr6","136399142","136399447","11","525910"
"chr6","137579338","137579644","chr6","137057095","137057402","3","522243"
"chr6","137621561","137621856","chr6","137099242","137099559","22","522319"
"chr6","137947752","137948052","chr6","137437258","137437569","11","510494"
"chr6","138712182","138712268","chr1","26249212","26249298","17","112462970"
"chr6","138875877","138876168","chr6","138377806","138378097","2","498071"
"chr6","138901790","138902102","chr6","138404949","138405263","3","496841"
"chr6","139133201","139133525","chr6","138634200","138634525","6","499001"
"chr6","139635443","139635514","chr6","139159890","139159971","11","475553"
"chr6","139640554","139640867","chr6","139165057","139165371","2","475497"
"chr6","139734410","139734712","chr6","139259264","139259572","11","475146"
"chr6","139768203","139768293","chr14","72379645","72379737","10","67388558"
"chr6","140386852","140387027","chr6","139918311","139918485","5","468541"
"chr6","140894386","140894699","chr6","140431281","140431595","2","463105"
"chr6","141014347","141014637","chr6","140555012","140555302","2","459335"
"chr6","141069800","141070115","chr6","140611772","140612094","7","458028"
"chr6","141319254","141319526","chr6","140864971","140865271","30","454283"
"chr6","141548267","141548567","chr6","141097336","141097669","35","450931"
"chr6","142206492","142206774","chr6","141764597","141764879","1","441895"
"chr6","142331644","142331931","chr14","73389812","73390090","57","68941832"
"chr6","144093417","144093731","chr6","143691567","143691880","5","401850"
"chr6","145323711","145324020","chr6","144280587","144280899","5","1043124"
"chr6","145899979","145900294","chr6","144867401","144867714","8","1032578"
"chr6","146666744","146667055","chr6","145643551","145643862","0","1023193"
"chr6","146985904","146986203","chr6","145966909","145967219","12","1018995"
"chr6","146998750","146999052","chr6","145979770","145980091","21","1018980"
"chr6","147246749","147247047","chr6","146230356","146230657","5","1016393"
"chr6","147654833","147655129","chr6","146644481","146644780","3","1010352"
"chr6","148914336","148914653","chr6","147921189","147921506","1","993147"
"chr6","149189715","149190021","chr6","148203943","148204255","7","985772"
"chr6","149765779","149765894","chr6","148792284","148792397","2","973495"
"chr6","150009339","150009640","chr6","149061216","149061518","2","948123"
"chr6","150772565","150772873","chr6","149833122","149833429","1","939443"
"chr6","150950896","150951201","chr6","150010275","150010579","12","940621"
"chr6","151954616","151954898","chr6","151017943","151018226","1","936673"
"chr6","152098707","152099006","chr6","151169182","151169486","10","929525"
"chr6","152131049","152131349","chr6","151202065","151202372","8","928984"
"chr6","152217272","152217480","chr4","95219836","95220052","46","56997436"
"chr6","152245980","152246270","chr6","151321231","151321522","2","924749"
"chr6","152253484","152253735","chr16","18995913","18996169","38","133257571"
"chr6","152286703","152286998","chr6","151362837","151363132","1","923866"
"chr6","152299953","152300246","chr6","151376907","151377202","3","923046"
"chr6","152358975","152359272","chr6","151437045","151437342","1","921930"
"chr6","152449123","152449430","chr6","151632687","151632994","2","816436"
"chr6","152542483","152542795","chr6","151647252","151647569","7","895231"
"chr6","153068413","153068701","chr6","152177724","152178012","3","890689"
"chr6","153188344","153188642","chr6","152301966","152302266","2","886378"
"chr6","153283325","153283632","chr6","152395551","152395858","6","887774"
"chr6","153459825","153460134","chr6","152589931","152590240","0","869894"
"chr6","153463986","153464291","chr6","152594093","152594401","3","869893"
"chr6","153723266","153723580","chr6","152864399","152864713","0","858867"
"chr6","153826176","153826480","chr6","152970092","152970403","14","856084"
"chr6","153885289","153885502","chr6","153036776","153036989","1","848513"
"chr6","154169994","154170295","chr6","153339008","153339310","3","830986"
"chr6","154286377","154286687","chr6","153458907","153459220","5","827470"
"chr6","154690180","154690491","chr6","153869545","153869858","5","820635"
"chr6","155410446","155410729","chr6","154594536","154594844","26","815910"
"chr6","155708560","155708861","chr6","154895982","154896288","11","812578"
"chr6","155891693","155892003","chr6","155081235","155081546","4","810458"
"chr6","155949012","155949293","chr6","155138779","155139063","5","810233"
"chr6","155985847","155985918","chr6","155176479","155176551","1","809368"
"chr6","156139188","156139399","chr17","60683821","60684031","34","95455367"
"chr6","156377401","156377687","chr6","155583667","155583954","2","793734"
"chr6","157600326","157600598","chr6","159392737","159393008","1","1792411"
"chr6","157814862","157815174","chr6","159603914","159604229","4","1789052"
"chr6","157824158","157824455","chr6","159613213","159613511","2","1789055"
"chr6","157856459","157856755","chr6","159646202","159646495","4","1789743"
"chr6","157943275","157943576","chr6","159734017","159734323","7","1790742"
"chr6","157984450","157984720","chr6","159775914","159776189","7","1791464"
"chr6","158035043","158035337","chr6","159827528","159827829","9","1792485"
"chr6","158202267","158202576","chr6","156142658","156142968","1","2059609"
"chr6","158284214","158284487","chr5","182040324","182040598","30","23756110"
"chr6","158450898","158451194","chr6","156396673","156396969","0","2054225"
"chr6","158512459","158512768","chr4","171716898","171717206","40","13204439"
"chr6","158762264","158762564","chr6","156713411","156713711","1","2048853"
"chr6","159084742","159085012","chr6","157041739","157042010","4","2043003"
"chr6","159817308","159817589","chr6","157780413","157780694","0","2036895"
"chr6","160730112","160730420","chr6","158709922","158710226","7","2020190"
"chr6","161046265","161046563","chr17","25414402","25414700","46","135631863"
"chr6","161198558","161198774","chr6","160036702","160036919","2","1161856"
"chr6","161372807","161373120","chr6","160216339","160216650","5","1156468"
"chr6","162560042","162560347","chr6","161420116","161420421","2","1139926"
"chr6","162584701","162585011","chr6","161447064","161447375","3","1137637"
"chr6","162676042","162676345","chr6","161543083","161543387","4","1132959"
"chr6","163310344","163310634","chr6","162177768","162178059","1","1132576"
"chr6","164080861","164080979","chr6","162908694","162908822","10","1172167"
"chr6","164115311","164115591","chrX","94953354","94953626","43","69161957"
"chr6","164263728","164264035","chr6","163099270","163099579","3","1164458"
"chr6","164806849","164807131","chr6","163650119","163650435","37","1156730"
"chr6","164809665","164809963","chr6","163652930","163653241","15","1156735"
"chr6","164863105","164863404","chr6","163707418","163707717","4","1155687"
"chr6","165209272","165209530","chr6","164057129","164057394","9","1152143"
"chr6","165534505","165534789","chr6","164398543","164398827","2","1135962"
"chr6","165565272","165565397","chr6","164430995","164431114","6","1134277"
"chr6","166022312","166022599","chr6","164890207","164890491","4","1132105"
"chr6","166422607","166422903","chr6","165296662","165296958","3","1125945"
"chr6","166452091","166452400","chr6","165326197","165326492","20","1125894"
"chr6","167198737","167199019","chr7","98974309","98974589","36","68224428"
"chr6","168731496","168731811","chr4","169004675","169004986","51","273179"
"chr6","171610850","171611156","chr6","170511068","170511376","4","1099782"
"chr6","171841694","171841986","chr6","170740439","170740732","2","1101255"
"chr6","172081505","172081795","chr6","170999013","170999303","1","1082492"
"chr6","172143032","172143316","chr6","171060642","171060928","5","1082390"
"chr6","172466201","172466477","chr6","171393314","171393599","11","1072887"
"chr6","172852587","172852888","chr10","67824466","67824762","43","105028121"
"chr6","173490615","173490942","chr6","172212598","172212925","6","1278017"
"chr7","41025489","41025795","chr7","38933411","38933717","0","2092078"
"chr7","931903","932203","chr19","1679386","1679696","39","747483"
"chr7","1010954","1011263","chr8","34575931","34576235","32","33564977"
"chr7","1065690","1065989","chr19","58086933","58087227","39","57021243"
"chr7","1991683","1991996","chr3","196859736","196860047","39","194868053"
"chr7","2028622","2028924","chr6","16264265","16264565","38","14235643"
"chr7","2131990","2132287","chr7","439328","439626","1","1692662"
"chr7","2550779","2551084","chr7","886268","886573","1","1664511"
"chr7","2640987","2641150","chrX","71023082","71023251","27","68382095"
"chr7","2662764","2663054","chr7","1001285","1001575","0","1661479"
"chr7","2683050","2683311","chr7","1020943","1021220","18","1662107"
"chr7","2701153","2701371","chr4","95219836","95220052","30","92518683"
"chr7","2750376","2750654","chr7","1089864","1090142","0","1660512"
"chr7","2812109","2812391","chr7","1153709","1154025","37","1658400"
"chr7","2844134","2844420","chr7","1186178","1186468","5","1657956"
"chr7","2891489","2891732","chr7","1235731","1235979","5","1655758"
"chr7","2934157","2934451","chr7","1278617","1278912","1","1655540"
"chr7","3002993","3003283","chr7","1349450","1349742","2","1653543"
"chr7","3028630","3028868","chr7","1375495","1375739","8","1653135"
"chr7","3188827","3189139","chr7","1534154","1534466","1","1654673"
"chr7","3213624","3213937","chr7","1558496","1558811","7","1655128"
"chr7","3586868","3587173","chr7","1934746","1935054","4","1652122"
"chr7","3631696","3631961","chr7","1979014","1979279","2","1652682"
"chr7","3723335","3723628","chr7","2086332","2086641","16","1637003"
"chr7","3747403","3747707","chr7","2110280","2110584","4","1637123"
"chr7","3769321","3769616","chr7","2132195","2132489","3","1637126"
"chr7","3832604","3832878","chr11","64487737","64488012","37","60655133"
"chr7","4015164","4015466","chr7","2379718","2380020","3","1635446"
"chr7","4180098","4180386","chr7","2545033","2545321","2","1635065"
"chr7","4580213","4580508","chr7","2947150","2947445","0","1633063"
"chr7","4622892","4623186","chr7","2991110","2991418","17","1631782"
"chr7","4667924","4668220","chr7","3035713","3036012","4","1632211"
"chr7","5192505","5192795","chr7","3569998","3570288","12","1622507"
"chr7","5383270","5383502","chr7","145916272","145916512","37","140533002"
"chr7","5422801","5423086","chr7","3801942","3802227","1","1620859"
"chr7","5477629","5477741","chr7","3867819","3867931","0","1609810"
"chr7","5596068","5596249","chr7","3993063","3993250","6","1603005"
"chr7","5622521","5622816","chr1","127046194","127046494","39","121423673"
"chr7","5791072","5791365","chr7","4187088","4187385","6","1603984"
"chr7","5958411","5958729","chr7","4355884","4356200","8","1602527"
"chr7","6137913","6138174","chr7","4593448","4593710","2","1544465"
"chr7","6243487","6243648","chr7","5335439","5335601","2","908048"
"chr7","6535560","6535837","chr7","5040791","5041088","28","1494769"
"chr7","6582574","6582852","chr7","4996755","4997035","4","1585819"
"chr7","6586063","6586373","chr7","4993212","4993524","4","1592851"
"chr7","6596434","6596578","chr1","133932337","133932484","18","127335903"
"chr7","6705104","6705399","chr7","4872205","4872498","2","1832899"
"chr7","7470258","7470560","chr7","6004729","6005034","5","1465529"
"chr7","7811162","7811457","chr7","6346685","6346980","4","1464477"
"chr7","8312032","8312334","chr7","6849451","6849751","3","1462581"
"chr7","8359901","8360176","chr7","6896208","6896483","2","1463693"
"chr7","11261346","11261659","chr7","9873658","9873970","1","1387688"
"chr7","11401667","11401961","chr7","10014152","10014446","1","1387515"
"chr7","11837761","11838037","chr7","10416873","10417152","3","1420888"
"chr7","12029106","12029412","chr7","10608599","10608907","3","1420507"
"chr7","13251494","13251765","chr7","11828759","11829033","5","1422735"
"chr7","13312778","13313069","chr7","11890432","11890722","2","1422346"
"chr7","13438021","13438132","chr3","11408786","11408893","20","2029235"
"chr7","14644204","14644495","chr7","13232770","13233061","2","1411434"
"chr7","14966205","14966485","chr7","13563915","13564200","6","1402290"
"chr7","15243492","15243770","chr7","13842663","13842943","5","1400829"
"chr7","15564082","15564385","chr7","14161819","14162117","7","1402263"
"chr7","16270370","16270653","chr7","14870129","14870413","1","1400241"
"chr7","16426915","16427243","chr7","15027194","15027522","6","1399721"
"chr7","16488100","16488399","chr7","15088418","15088717","4","1399682"
"chr7","16750686","16750997","chr7","15351577","15351888","2","1399109"
"chr7","18137070","18137322","chr7","16742180","16742432","1","1394890"
"chr7","18166384","18166673","chr7","16771502","16771791","1","1394882"
"chr7","18197515","18197810","chr7","16802687","16802978","5","1394828"
"chr7","18256019","18256313","chr7","16861183","16861476","5","1394836"
"chr7","18513953","18514258","chr7","17119828","17120137","8","1394125"
"chr7","20308784","20309078","chrX","36203671","36203965","31","15894887"
"chr7","20946145","20946420","chr7","19567994","19568269","3","1378151"
"chr7","21348391","21348690","chr7","19970811","19971113","5","1377580"
"chr7","21729969","21730263","chr7","20352968","20353263","1","1377001"
"chr7","22009308","22009604","chr7","20634638","20634937","4","1374670"
"chr7","22172282","22172582","chr7","20798204","20798504","2","1374078"
"chr7","22233040","22233341","chr7","20858985","20859288","3","1374055"
"chr7","23221908","23222196","chr7","21548336","21548626","3","1673572"
"chr7","23447858","23448166","chr7","21775748","21776048","9","1672110"
"chr7","23596652","23596812","chr7","159071431","159071591","15","135474779"
"chr7","23598089","23598370","chr7","21926952","21927238","7","1671137"
"chr7","23646698","23646998","chr7","21975540","21975841","2","1671158"
"chr7","23679042","23679110","chr2B","235218206","235218272","16","211539164"
"chr7","23704082","23704368","chr7","22032803","22033088","2","1671279"
"chr7","23883633","23883931","chr7","22216320","22216619","3","1667313"
"chr7","23935538","23935843","chr7","22269647","22269956","7","1665891"
"chr7","24116620","24116932","chr7","22447327","22447644","17","1669293"
"chr7","24307279","24307527","chr17","8034933","8035181","42","16272346"
"chr7","25534856","25534944","chr14","20467168","20467247","22","5067688"
"chr7","25992132","25992443","chr7","24327970","24328281","1","1664162"
"chr7","26519136","26519447","chr7","24863569","24863877","13","1655567"
"chr7","27239315","27239577","chr4","52919276","52919538","33","25679961"
"chr7","27474646","27474948","chr7","25819486","25819788","7","1655160"
"chr7","27506383","27506680","chr7","25851374","25851674","3","1655009"
"chr7","27765331","27765634","chr7","26112862","26113177","14","1652469"
"chr7","27791766","27792045","chr7","26139333","26139612","1","1652433"
"chr7","27906401","27906687","chr7","26254555","26254839","4","1651846"
"chr7","27918714","27918997","chr7","26267199","26267479","4","1651515"
"chr7","27973526","27973731","chr7","26322220","26322443","18","1651306"
"chr7","28945453","28945749","chr12","4252086","4252382","36","24693367"
"chr7","28991106","28991402","chr7","27336228","27336524","2","1654878"
"chr7","29166498","29166797","chr7","27511914","27512223","14","1654584"
"chr7","29325464","29325761","chr7","27672382","27672687","9","1653082"
"chr7","29336911","29337213","chr7","27683841","27684143","0","1653070"
"chr7","29657838","29658122","chr7","28006204","28006492","4","1651634"
"chr7","30516897","30517200","chr7","28339812","28340115","4","2177085"
"chr7","30842079","30842300","chrX","9872932","9873156","34","20969147"
"chr7","30846757","30846858","chr8","118449488","118449581","22","87602731"
"chr7","31099624","31099892","chr7","28924528","28924796","0","2175096"
"chr7","32306886","32307188","chr7","30128055","30128362","6","2178831"
"chr7","32310242","32310549","chr7","30131417","30131724","0","2178825"
"chr7","33873217","33873531","chr7","31424799","31425113","0","2448418"
"chr7","34037021","34037317","chr7","31589147","31589443","1","2447874"
"chr7","34326581","34326923","chr7","31879117","31879447","12","2447464"
"chr7","36072925","36073222","chr12","25578834","25579130","4","10494091"
"chr7","36517782","36518093","chr7","34218531","34218842","4","2299251"
"chr7","36659661","36659963","chr7","34360576","34360879","2","2299085"
"chr7","36798983","36799273","chr7","44400071","44400364","5","7601088"
"chr7","37067495","37067793","chr7","34771181","34771493","16","2296314"
"chr7","37163324","37163636","chr7","34867061","34867375","9","2296263"
"chr7","37179173","37179461","chr7","34882922","34883208","3","2296251"
"chr7","37330000","37330296","chr7","35034027","35034325","3","2295973"
"chr7","37966523","37966765","chr7","35677353","35677595","3","2289170"
"chr7","38138886","38139189","chr7","35847948","35848253","2","2290938"
"chr7","38158197","38158494","chr7","35867181","35867478","1","2291016"
"chr7","38159426","38159726","chr7","35868409","35868704","7","2291017"
"chr7","39507646","39507909","chr7","37211638","37211906","5","2296008"
"chr7","39516219","39516525","chr7","37220212","37220524","10","2296007"
"chr7","40378443","40378752","chr7","38081962","38082279","11","2296481"
"chr7","40490868","40491138","chr7","38402142","38402440","29","2088726"
"chr7","40657556","40657853","chr7","38557158","38557471","22","2100398"
"chr7","40922066","40922358","chr7","38827921","38828215","6","2094145"
"chr7","40974994","40975284","chr7","38880893","38881187","5","2094101"
"chr7","41375330","41375620","chr7","39284145","39284450","17","2091185"
"chr7","42084421","42084709","chr7","39987423","39987711","0","2096998"
"chr7","42247162","42247445","chr7","40149606","40149890","1","2097556"
"chr7","42402658","42402958","chr7","40305205","40305505","1","2097453"
"chr7","42620676","42620971","chr7","40523585","40523890","12","2097091"
"chr7","43872959","43873041","chr7","41777035","41777116","1","2095924"
"chr7","43923859","43924145","chr7","41828025","41828307","4","2095834"
"chr7","44347739","44348043","chr7","42255324","42255630","7","2092415"
"chr7","44855396","44855695","chr7","42735912","42736211","0","2119484"
"chr7","45388564","45388859","chr7","43271271","43271584","18","2117293"
"chr7","45497395","45497507","chr5","155652183","155652292","22","110154788"
"chr7","45517425","45517718","chr7","43401572","43401869","6","2115853"
"chr7","45606377","45606679","chr7","43491006","43491306","3","2115371"
"chr7","45682539","45682847","chr16","72336462","72336770","33","26653923"
"chr7","47690629","47690933","chr7","45545555","45545859","5","2145074"
"chr7","48029978","48030269","chr7","45880073","45880364","2","2149905"
"chr7","48267984","48268293","chr7","46117719","46118026","5","2150265"
"chr7","48500552","48500848","chr7","46350744","46351041","2","2149808"
"chr7","48519917","48520223","chr7","46370287","46370593","9","2149630"
"chr7","48856074","48856380","chr7","46708371","46708683","6","2147703"
"chr7","51050803","51051112","chr7","48813477","48813787","5","2237326"
"chr7","51391869","51392157","chr7","49194346","49194636","2","2197523"
"chr7","52070541","52070846","chr7","49880510","49880816","1","2190031"
"chr7","52098918","52099206","chr7","49909298","49909584","3","2189620"
"chr7","52160393","52160698","chr7","49970919","49971222","8","2189474"
"chr7","52218397","52218687","chr7","50029579","50029869","2","2188818"
"chr7","52239827","52240139","chr7","50051185","50051496","3","2188642"
"chr7","52380216","52380515","chr7","50117710","50118008","2","2262506"
"chr7","52894968","52895263","chr7","50631786","50632091","13","2263182"
"chr7","55291461","55291766","chr7","53022931","53023236","1","2268530"
"chr7","55559108","55559424","chr7","53295972","53296293","10","2263136"
"chr7","56073052","56073328","chr7","53808208","53808489","9","2264844"
"chr7","56238257","56238549","chr7","53974320","53974613","3","2263937"
"chr7","56770476","56770792","chr7","54395630","54395946","2","2374846"
"chr7","56816795","56817062","chr7","54440927","54441216","23","2375868"
"chr7","56842999","56843302","chr7","54467262","54467569","6","2375737"
"chr7","56866906","56867206","chr7","54491034","54491336","3","2375872"
"chr7","56868607","56868906","chr7","54492133","54492432","0","2376474"
"chr7","56893316","56893626","chr7","139585314","139585620","39","82691998"
"chr7","56904844","56904982","chr7","54527872","54528010","3","2376972"
"chr7","56913078","56913369","chr7","54536210","54536501","2","2376868"
"chr7","56923728","56924037","chr7","54546212","54546521","4","2377516"
"chr7","56987837","56988120","chr7","54609334","54609620","4","2378503"
"chr7","57050486","57050794","chr7","54673015","54673331","10","2377471"
"chr7","57084679","57084959","chr7","54707641","54707921","0","2377038"
"chr7","57152893","57153191","chr7","54776564","54776866","7","2376329"
"chr7","57190426","57190729","chr7","54812071","54812378","7","2378355"
"chr7","57312159","57312450","chr7","54936010","54936300","4","2376149"
"chr7","57330410","57330707","chr7","54954007","54954306","4","2376403"
"chr7","57347946","57348259","chr7","54971549","54971861","5","2376397"
"chr7","63088725","63089016","chr7","55765673","55765964","0","7323052"
"chr7","63101396","63101706","chr7","55753668","55753980","4","7347728"
"chr7","63105051","63105286","chr7","55750894","55751129","1","7354157"
"chr7","63529293","63529583","chr7","62122233","62122523","2","1407060"
"chr7","64015324","64015632","chr7","62594397","62594706","2","1420927"
"chr7","64203836","64203969","chr7","62787318","62787448","13","1416518"
"chr7","64363674","64363979","chr7","62945900","62946205","1","1417774"
"chr7","64373031","64373334","chr7","62956009","62956312","2","1417022"
"chr7","64640289","64640592","chr7","63899086","63899389","0","741203"
"chr7","64691109","64691320","chr12","95669340","95669557","37","30978231"
"chr7","64921696","64921991","chr7","63551526","63551820","2","1370170"
"chr7","65015922","65016216","chr7","63636459","63636754","1","1379463"
"chr7","65053854","65054166","chr7","63662490","63662800","3","1391364"
"chr7","73064348","73064566","chr7","64507414","64507654","22","8556934"
"chr7","73149565","73149863","chr7","64585182","64585484","4","8564383"
"chr7","73211149","73211460","chr7","64644779","64645090","2","8566370"
"chr7","73263043","73263340","chr7","64696242","64696541","6","8566801"
"chr7","73343918","73344168","chr7","64778511","64778763","3","8565407"
"chr7","73366671","73366985","chr7","64801289","64801603","2","8565382"
"chr7","73368877","73369167","chr3","187428575","187428865","35","114059698"
"chr7","73533069","73533371","chr7","64970088","64970383","8","8562981"
"chr7","73590925","73591223","chr7","65030067","65030369","5","8560858"
"chr7","73610366","73610663","chr7","65049341","65049641","4","8561025"
"chr7","73682489","73682784","chr7","65127026","65127324","3","8555463"
"chr7","73843450","73843747","chr7","65311373","65311670","3","8532077"
"chr7","73895911","73896204","chr7","65365013","65365306","3","8530898"
"chr7","74018010","74018095","chr22","43858578","43858664","16","30159432"
"chr7","74018443","74018472","chr3","122489849","122489876","6","48471406"
"chr7","74120405","74120706","chr7","74031705","74032017","13","88700"
"chr7","74935543","74935844","chr7","66058853","66059164","11","8876690"
"chr7","75172150","75172447","chr13","76995520","76995820","38","1823370"
"chr7","75327720","75328005","chr8","118372823","118373106","40","43045103"
"chr7","75328041","75328054","chr2A","86562381","86562407","16","11234340"
"chr7","75802310","75802598","chr7","66426178","66426468","5","9376132"
"chr7","75951996","75952305","chr7","66577566","66577875","8","9374430"
"chr7","76183339","76183646","chr7","66810267","66810575","5","9373072"
"chr7","76238862","76239153","chr7","66865716","66866009","12","9373146"
"chr7","76253317","76253600","chr7","66879768","66880051","1","9373549"
"chr7","76257588","76257904","chr7","66884049","66884365","4","9373539"
"chr7","76263194","76263508","chr7","66889667","66889980","9","9373527"
"chr7","76299472","76299770","chr7","66926033","66926332","1","9373439"
"chr7","76496037","76496320","chr7","67122201","67122484","1","9373836"
"chr7","77112291","77112587","chr7","67743943","67744240","1","9368348"
"chr7","77121308","77121652","chr2B","246680907","246681263","66","169559599"
"chr7","77139530","77139832","chr7","67770801","67771107","6","9368729"
"chr7","77190638","77190930","chr7","67822658","67822953","3","9367980"
"chr7","77238474","77238773","chr7","67870740","67871037","5","9367734"
"chr7","77403552","77403849","chr7","68036185","68036482","1","9367367"
"chr7","77951083","77951374","chr7","68574152","68574443","2","9376931"
"chr7","78027407","78027706","chr7","68645571","68645881","14","9381836"
"chr7","78055912","78056190","chr1","190356762","190357035","52","112300850"
"chr7","78719364","78719653","chr7","69347296","69347588","6","9372068"
"chr7","78750526","78750834","chr7","69378716","69379019","8","9371810"
"chr7","78804597","78804894","chr7","69433132","69433429","3","9371465"
"chr7","78818517","78818810","chr7","69446663","69446969","18","9371854"
"chr7","79046866","79047148","chr7","69675241","69675522","1","9371625"
"chr7","79106588","79106882","chr7","69737136","69737443","13","9369452"
"chr7","79250765","79251053","chr7","69881495","69881781","8","9369270"
"chr7","79304854","79305138","chr7","69936079","69936363","0","9368775"
"chr7","79335287","79335585","chr7","69966477","69966787","14","9368810"
"chr7","79470203","79470532","chr7","70101792","70102122","9","9368411"
"chr7","79482925","79483250","chr14","59164042","59164365","58","20318883"
"chr7","79597819","79598102","chr7","75059622","75059905","1","4538197"
"chr7","79695909","79696205","chr2A","44496854","44497154","38","35199055"
"chr7","79762787","79763090","chr7","74894921","74895218","7","4867866"
"chr7","79846919","79847225","chr7","74810288","74810596","4","5036631"
"chr7","79884265","79884563","chr7","74772749","74773049","3","5111516"
"chr7","79924634","79924911","chr7","74732238","74732527","17","5192396"
"chr7","79940732","79940977","chr7","74716139","74716385","2","5224593"
"chr7","80005528","80005823","chr7","74651504","74651800","5","5354024"
"chr7","80032717","80033011","chr7","74623777","74624061","10","5408940"
"chr7","80121891","80122197","chr7","74534477","74534791","8","5587414"
"chr7","80321048","80321131","chr7","74334484","74334567","1","5986564"
"chr7","80334299","80334568","chr7","74321125","74321383","11","6013174"
"chr7","80362653","80362945","chr7","74292807","74293100","5","6069846"
"chr7","80399128","80399331","chr1","216488397","216488599","26","136089269"
"chr7","80564445","80564749","chr7","73701740","73702043","7","6862705"
"chr7","80567483","80567784","chr7","70879842","70880142","6","9687641"
"chr7","80676288","80676576","chr7","73589805","73590095","3","7086483"
"chr7","80765349","80765731","chr7","73498503","73498881","7","7266846"
"chr7","80955000","80955197","chr7","73311754","73311951","2","7643246"
"chr7","81228997","81229281","chr10","114104793","114105074","42","32875796"
"chr7","81229307","81229323","chr10","118512818","118512847","17","37283511"
"chr7","81240276","81240572","chr7","73022172","73022471","5","8218104"
"chr7","81439869","81440184","chr7","72817972","72818293","8","8621897"
"chr7","81446323","81446419","chr5","133505432","133505528","17","52059109"
"chr7","81466785","81467078","chr7","72793498","72793792","3","8673287"
"chr7","81537751","81538036","chr7","72722447","72722739","10","8815304"
"chr7","81617964","81618272","chr7","72641754","72642074","12","8976210"
"chr7","81726885","81727171","chr7","72533769","72534055","1","9193116"
"chr7","81748478","81748783","chr7","72512941","72513247","3","9235537"
"chr7","81807047","81807308","chr7","107739742","107740012","62","25932695"
"chr7","81892732","81893040","chr7","72362575","72362891","8","9530157"
"chr7","81915168","81915435","chr7","72340393","72340685","26","9574775"
"chr7","82013708","82014019","chr7","72243502","72243813","0","9770206"
"chr7","82063597","82063869","chr15","48068244","48068524","42","33995353"
"chr7","82191436","82191747","chr7","75809126","75809437","2","6382310"
"chr7","82229878","82230178","chr7","75848795","75849093","6","6381083"
"chr7","82295049","82295362","chr7","75916692","75917002","6","6378357"
"chr7","82451707","82452005","chr7","76067140","76067438","1","6384567"
"chr7","82567104","82567386","chr4","59547127","59547411","39","23019977"
"chr7","82605412","82605709","chr7","76222494","76222800","13","6382918"
"chr7","82609579","82609804","chr5","77873771","77874002","40","4735808"
"chr7","82670202","82670501","chr7","76286555","76286858","5","6383647"
"chr7","82933932","82934221","chr7","77709966","77710257","2","5223966"
"chr7","83216378","83216680","chr7","77989307","77989609","2","5227071"
"chr7","83335088","83335177","chr7","78110543","78110632","0","5224545"
"chr7","83392763","83393064","chr7","78168490","78168792","1","5224273"
"chr7","83402685","83402983","chr7","78179145","78179451","9","5223540"
"chr7","83466986","83467292","chr7","78240441","78240743","5","5226545"
"chr7","83667099","83667338","chr7","78433066","78433305","1","5234033"
"chr7","85063954","85064264","chr7","79821280","79821583","24","5242674"
"chr7","85824277","85824591","chr7","80692969","80693283","1","5131308"
"chr7","86938259","86938570","chr7","81814302","81814613","0","5123957"
"chr7","87267720","87268021","chr7","82143085","82143388","2","5124635"
"chr7","87445626","87445682","chr2B","130484976","130485035","5","43039350"
"chr7","88811725","88811995","chr7","83690296","83690566","0","5121429"
"chr7","89419562","89419884","chr7","84297154","84297504","33","5122408"
"chr7","89541606","89541892","chr7","84416208","84416494","3","5125398"
"chr7","89830253","89830570","chr7","84703981","84704299","3","5126272"
"chr7","90113450","90113761","chr7","84987977","84988286","7","5125473"
"chr7","91338605","91338900","chr7","86213593","86213891","6","5125012"
"chr7","91453066","91453359","chr7","86328078","86328371","2","5124988"
"chr7","92276613","92276919","chr7","87155128","87155434","1","5121485"
"chr7","93287369","93287672","chr7","88167313","88167626","13","5120056"
"chr7","94556143","94556434","chr7","89442199","89442492","5","5113944"
"chr7","96179522","96179812","chr7","91104796","91105087","1","5074726"
"chr7","96563267","96563579","chr10","121184273","121184577","43","24621006"
"chr7","97731523","97731833","chr7","92662472","92662781","2","5069051"
"chr7","97773506","97773744","chr7","92704959","92705196","3","5068547"
"chr7","97872462","97872755","chr7","92804262","92804558","3","5068200"
"chr7","97989976","97990278","chr7","92922035","92922336","9","5067941"
"chr7","98034396","98034671","chr7","92966474","92966749","3","5067922"
"chr7","98582570","98582864","chr7","93516862","93517159","4","5065708"
"chr7","98756050","98756345","chr7","93731797","93732093","2","5024253"
"chr7","101728144","101728447","chr7","96719582","96719885","3","5008562"
"chr7","102494602","102494871","chr7","97482368","97482638","1","5012234"
"chr7","102704287","102704554","chr7","97693260","97693528","3","5011027"
"chr7","103481860","103482151","chr7","98556617","98556899","32","4925243"
"chr7","103726795","103727060","chr7","98802688","98802954","2","4924107"
"chr7","103754233","103754528","chr7","98829462","98829759","2","4924771"
"chr7","103757221","103757404","chr8","24923552","24923758","63","78833669"
"chr7","103763789","103764098","chr7","98838985","98839301","7","4924804"
"chr7","103892817","103893115","chr7","98967900","98968198","2","4924917"
"chr7","103898876","103899156","chr7","98974309","98974589","2","4924567"
"chr7","104172630","104172943","chr7","99248054","99248363","7","4924576"
"chr7","104188921","104189217","chr7","99278011","99278307","5","4910910"
"chr7","104218670","104218983","chr7","99284660","99284968","6","4934010"
"chr7","104252356","104252631","chr7","99328840","99329115","4","4923516"
"chr7","104257473","104257777","chr1","24190740","24191046","39","80066733"
"chr7","104339124","104339434","chr7","99404467","99404777","1","4934657"
"chr7","104477743","104478051","chr7","99545129","99545436","2","4932614"
"chr7","104488746","104489047","chr7","99556145","99556446","1","4932601"
"chr7","104634393","104634692","chr7","99702473","99702772","1","4931920"
"chr7","104655671","104655916","chr1","9626225","9626471","46","95029446"
"chr7","104685050","104685359","chr7","99753557","99753867","5","4931493"
"chr7","104693524","104693819","chr7","99762076","99762371","1","4931448"
"chr7","104785362","104785538","chr7","99855318","99855495","1","4930044"
"chr7","104921899","104922198","chr7","99991692","99991996","6","4930207"
"chr7","104988896","104989209","chr7","100058723","100059036","1","4930173"
"chr7","105020182","105020487","chr7","100090105","100090405","6","4930077"
"chr7","105384245","105384553","chr7","100526376","100526684","0","4857869"
"chr7","105598313","105598592","chr7","100740663","100740957","63","4857650"
"chr7","105705248","105705549","chr7","100851181","100851482","0","4854067"
"chr7","105879123","105879439","chr7","101061723","101062038","2","4817400"
"chr7","105889380","105889678","chr7","101071863","101072162","2","4817517"
"chr7","105889846","105890120","chr7","101072523","101072801","5","4817323"
"chr7","105898967","105899266","chr7","101082108","101082409","5","4816859"
"chr7","105961774","105962064","chr7","101144360","101144651","2","4817414"
"chr7","106066200","106066501","chr7","101249626","101249933","6","4816574"
"chr7","106179531","106179805","chr5","93650937","93651202","42","12528594"
"chr7","106185158","106185318","chr17","4829928","4830088","22","101355230"
"chr7","106192866","106193130","chr7","101382245","101382509","0","4810621"
"chr7","106214325","106214624","chr7","101403733","101404034","4","4810592"
"chr7","106290331","106290637","chr7","101479247","101479553","0","4811084"
"chr7","106366062","106366370","chr7","101556000","101556309","1","4810062"
"chr7","106451581","106451858","chr7","101675654","101675934","4","4775927"
"chr7","106712660","106712962","chr7","101942615","101942917","0","4770045"
"chr7","107109826","107110106","chr4","25692347","25692626","31","81417479"
"chr7","107110143","107110165","chr10","118512818","118512847","17","11402675"
"chr7","107584564","107584867","chr7","102820248","102820551","3","4764316"
"chr7","107914625","107914842","chr7","104566212","104566429","0","3348413"
"chr7","107961099","107961395","chr7","104614626","104614922","1","3346473"
"chr7","108201349","108201594","chr1","24067245","24067486","43","84134104"
"chr7","108762243","108762526","chr7","105529280","105529564","2","3232963"
"chr7","108988260","108988566","chr7","105755495","105755803","3","3232765"
"chr7","109102468","109102757","chr7","105868182","105868471","4","3234286"
"chr7","109843080","109843355","chr7","106613587","106613888","27","3229493"
"chr7","109944816","109945096","chr7","106715806","106716082","9","3229010"
"chr7","110012310","110012595","chr7","106783737","106784025","5","3228573"
"chr7","110118596","110118817","chr7","106892903","106893128","9","3225693"
"chr7","110141476","110141662","chr10","127095577","127095756","61","16954101"
"chr7","110427512","110427808","chr7","107203881","107204177","2","3223631"
"chr7","110961527","110961797","chr7","107739742","107740012","2","3221785"
"chr7","112109902","112110206","chr7","108893794","108894099","1","3216108"
"chr7","112661144","112661278","chr7","109446630","109446763","3","3214514"
"chr7","115163279","115163591","chr7","111960245","111960561","5","3203034"
"chr7","116306823","116307121","chr7","113115293","113115591","1","3191530"
"chr7","116346220","116346514","chr7","113155159","113155454","7","3191061"
"chr7","116427007","116427312","chr7","113236093","113236400","7","3190914"
"chr7","116587283","116587578","chr7","113396403","113396691","21","3190880"
"chr7","116619110","116619415","chr7","113428241","113428547","2","3190869"
"chr7","116783836","116784147","chr7","113593492","113593803","3","3190344"
"chr7","117650036","117650338","chr16","51772300","51772601","31","65877736"
"chr7","119049928","119050234","chr7","115873276","115873582","7","3176652"
"chr7","119334608","119334732","chr7","116153076","116153214","15","3181532"
"chr7","120926128","120926436","chr7","117746992","117747302","8","3179136"
"chr7","121463392","121463697","chr7","118286174","118286479","0","3177218"
"chr7","121998531","121998828","chr7","118822402","118822697","8","3176129"
"chr7","122049992","122050300","chr7","118873862","118874170","1","3176130"
"chr7","122492159","122492471","chr7","119316290","119316602","4","3175869"
"chr7","122851790","122852087","chr7","119685756","119686056","4","3166034"
"chr7","123810780","123811071","chr7","120652701","120653001","9","3158079"
"chr7","124991074","124991366","chr7","121828855","121829148","2","3162219"
"chr7","125165507","125165824","chr7","122003440","122003758","3","3162067"
"chr7","125433549","125433856","chr7","122273284","122273590","1","3160265"
"chr7","126247163","126247455","chr7","123087565","123087857","1","3159598"
"chr7","126289898","126290162","chr7","123130176","123130443","3","3159722"
"chr7","128219400","128219661","chr7","125060504","125060782","27","3158896"
"chr7","128725492","128725789","chr7","125568454","125568757","6","3157038"
"chr7","128884473","128884750","chr7","125729707","125729988","7","3154766"
"chr7","132476298","132476593","chr7","129364741","129365036","1","3111557"
"chr7","132922033","132922328","chr7","129812488","129812784","2","3109545"
"chr7","132949415","132949719","chr7","129839325","129839624","6","3110090"
"chr7","133700244","133700357","chr2A","95430884","95430999","15","38269360"
"chr7","133971217","133971294","chr7","130969170","130969247","0","3002047"
"chr7","134306540","134306802","chr7","101072523","101072801","53","33234017"
"chr7","134398122","134398427","chr7","131394770","131395067","9","3003352"
"chr7","134602713","134602872","chr5","140288144","140288294","27","5685431"
"chr7","135052575","135052864","chr7","132055163","132055452","5","2997412"
"chr7","135184589","135184895","chr7","132190554","132190857","5","2994035"
"chr7","135389046","135389236","chr1","216488397","216488599","38","81099351"
"chr7","135573464","135573744","chr7","132580442","132580723","1","2993022"
"chr7","135573746","135574057","chr7","132581004","132581318","5","2992742"
"chr7","135646098","135646405","chr7","132653615","132653929","7","2992483"
"chr7","136044857","136045165","chr7","133056658","133056970","5","2988199"
"chr7","136875675","136875975","chr7","133888182","133888482","3","2987493"
"chr7","137515564","137515859","chr7","134526531","134526825","4","2989033"
"chr7","137654264","137654563","chr7","134665793","134666089","27","2988471"
"chr7","137726910","137727195","chr7","134739417","134739714","13","2987493"
"chr7","137800319","137800615","chr7","134813117","134813416","5","2987202"
"chr7","138006379","138006689","chr7","135019797","135020107","3","2986582"
"chr7","138113114","138113405","chr7","135126657","135126948","2","2986457"
"chr7","139261832","139262136","chr7","136279317","136279625","24","2982515"
"chr7","139744439","139744543","chr7","136764491","136764593","2","2979948"
"chr7","139893613","139893917","chr7","136914459","136914771","11","2979154"
"chr7","139909283","139909592","chr7","136930155","136930464","2","2979128"
"chr7","139968895","139969188","chr7","136990336","136990649","24","2978559"
"chr7","140077254","140077556","chr7","137097350","137097654","5","2979904"
"chr7","140088539","140088817","chr7","137108805","137109083","0","2979734"
"chr7","140274576","140274893","chr7","137296677","137296995","1","2977899"
"chr7","140674256","140674556","chr7","137698113","137698413","2","2976143"
"chr7","141101553","141101863","chr7","138126555","138126864","5","2974998"
"chr7","141825427","141825721","chr7","138856016","138856311","4","2969411"
"chr7","142013500","142013793","chr7","139044230","139044523","1","2969270"
"chr7","142485351","142485463","chr7","139525399","139525511","0","2959952"
"chr7","142545358","142545664","chr7","139585314","139585620","2","2960044"
"chr7","142602286","142602580","chr7","139642846","139643141","10","2959440"
"chr7","143131774","143132062","chr7","140177444","140177732","2","2954330"
"chr7","143178952","143179263","chr7","140225086","140225399","4","2953866"
"chr7","143601921","143602220","chr7","140647226","140647526","2","2954695"
"chr7","144057582","144057874","chr7","141105122","141105414","2","2952460"
"chr7","144600265","144600579","chr7","141656759","141657061","13","2943506"
"chr7","144806306","144806448","chr19","9317932","9318081","20","135488374"
"chr7","144957979","144958238","chr7","142023406","142023664","2","2934573"
"chr7","144987378","144987645","chr7","142052460","142052727","2","2934918"
"chr7","145310119","145310426","chr7","142378288","142378589","7","2931831"
"chr7","145312121","145312187","chr7","142380285","142380351","0","2931836"
"chr7","145535088","145535381","chr7","142604128","142604421","6","2930960"
"chr7","145772782","145773016","chr7","142842826","142843060","2","2929956"
"chr7","145904465","145904753","chr7","142974456","142974744","1","2930009"
"chr7","145906515","145906798","chr7","142976506","142976810","24","2930009"
"chr7","146028346","146028641","chr7","143098793","143099096","11","2929553"
"chr7","146560642","146560949","chr7","143629436","143629748","6","2931206"
"chr7","147026378","147026677","chr7","144093832","144094133","3","2932546"
"chr7","147478895","147479208","chr7","144542485","144542798","2","2936410"
"chr7","147489278","147489573","chr7","144552871","144553173","10","2936407"
"chr7","147856998","147857287","chr20","61632542","61632829","28","86224456"
"chr7","148011537","148011664","chr7","145076289","145076427","11","2935248"
"chr7","148646073","148646355","chr7","145712297","145712579","1","2933776"
"chr7","148649389","148649573","chr7","145715879","145716048","15","2933510"
"chr7","148768538","148768849","chr7","145834890","145835201","4","2933648"
"chr7","148847863","148848100","chr7","145916272","145916512","4","2931591"
"chr7","149097755","149098031","chr7","146166994","146167295","27","2930761"
"chr7","149150858","149151154","chr7","146220526","146220824","9","2930332"
"chr7","149491932","149492243","chr7","146559241","146559554","2","2932691"
"chr7","150019188","150019500","chr7","147087258","147087570","1","2931930"
"chr7","150395779","150396069","chr7","147469921","147470211","1","2925858"
"chr7","150578484","150578790","chr7","147653804","147654112","4","2924680"
"chr7","151070055","151070359","chr7","148151532","148151847","14","2918523"
"chr7","151168917","151169091","chr7","148250495","148250675","6","2918422"
"chr7","151516279","151516571","chr7","148599163","148599455","0","2917116"
"chr7","151849615","151849896","chr7","148932499","148932787","11","2917116"
"chr7","152096294","152096595","chr7","149181716","149182030","16","2914578"
"chr7","152570266","152570574","chr7","149658428","149658736","3","2911838"
"chr7","152744130","152744419","chr7","149831767","149832056","0","2912363"
"chr7","153145065","153145364","chr7","150232438","150232739","4","2912627"
"chr7","153287941","153288239","chr7","150378555","150378854","2","2909386"
"chr7","153580209","153580519","chr7","150676946","150677255","4","2903263"
"chr7","153659625","153659930","chr7","150756153","150756458","1","2903472"
"chr7","153914968","153915268","chr7","151011072","151011379","9","2903896"
"chr7","154383051","154383336","chr7","151805887","151806168","4","2577164"
"chr7","155144760","155145066","chr7","152567322","152567628","1","2577438"
"chr7","155236308","155236596","chr7","152658928","152659216","1","2577380"
"chr7","155355601","155355902","chr7","152777253","152777561","9","2578348"
"chr7","155413781","155414081","chr7","104985951","104986249","41","50427830"
"chr7","155583139","155583450","chr7","153008708","153009015","9","2574431"
"chr7","155699387","155699700","chr7","153126095","153126409","3","2573292"
"chr7","155747313","155747609","chr7","153174077","153174374","4","2573236"
"chr7","155797253","155797378","chr7","153224961","153225090","5","2572292"
"chr7","156189422","156189722","chr7","153621942","153622246","6","2567480"
"chr7","156190151","156190429","chrX","109052172","109052452","32","47137979"
"chr7","156201127","156201413","chr7","153638689","153638976","2","2562438"
"chr7","156433166","156433459","chr7","153863656","153863951","8","2569510"
"chr7","156448918","156449207","chr7","153878948","153879238","1","2569970"
"chr7","157136158","157136461","chr7","154610004","154610312","9","2526154"
"chr7","157206318","157206624","chr7","154681533","154681837","4","2524785"
"chr7","157364750","157365042","chr7","154850773","154851068","5","2513977"
"chr7","157373068","157373359","chr7","154859101","154859392","6","2513967"
"chr7","157392411","157392709","chr7","154877952","154878262","18","2514459"
"chr7","157588222","157588536","chr7","155439666","155439979","9","2148556"
"chr7","157903241","157903545","chr7","155856543","155856835","14","2046698"
"chr7","157948280","157948483","chr2B","224448656","224448883","52","66500376"
"chr7","158013868","158014160","chr7","155966475","155966769","3","2047393"
"chr7","158038073","158038339","chr7","155990746","155991009","3","2047327"
"chr7","158148757","158149064","chr15","30375302","30375611","33","127773455"
"chr7","158205837","158206130","chr7","156157211","156157504","1","2048626"
"chr7","158331849","158332139","chr7","156283783","156284073","1","2048066"
"chr7","158880084","158880400","chr7","156915940","156916254","4","1964144"
"chr7","161472252","161472495","chr9","113514129","113514382","32","47958123"
"chr7","161885097","161885407","chr1","35417440","35417752","38","126467657"
"chr7","162202532","162202836","chr6","149940158","149940458","36","12262374"
"chr7","162554167","162554472","chr7","159022704","159023010","2","3531463"
"chr7","162604548","162604709","chr7","159071431","159071591","3","3533117"
"chr8","736151","736461","chr8","730195","730506","4","5956"
"chr8","1703299","1703593","chr8","1724517","1724814","6","21218"
"chr8","1705514","1705801","chr8","1726725","1727012","3","21211"
"chr8","1774683","1774980","chr8","1789170","1789468","5","14487"
"chr8","2557333","2557637","chr8","2534151","2534462","18","23182"
"chr8","2779610","2779907","chr8","2766961","2767260","7","12649"
"chr8","3584113","3584413","chr8","3540638","3540938","1","43475"
"chr8","3765912","3765970","chr8","3726260","3726320","2","39652"
"chr8","4122404","4122730","chr8","4102827","4103157","7","19577"
"chr8","5224293","5224602","chr8","5259169","5259477","14","34876"
"chr8","6219478","6219791","chr8","6192271","6192575","16","27207"
"chr8","6242886","6243172","chr8","6226512","6226798","1","16374"
"chr8","6271849","6271987","chr7","141694833","141694959","33","135422984"
"chr8","6272019","6272219","chr12","35743131","35743318","41","29471112"
"chr8","6478364","6478675","chr8","6463699","6464008","17","14665"
"chr8","8944012","8944297","chr8","8897848","8898133","1","46164"
"chr8","9674612","9674917","chr8","9642714","9643023","5","31898"
"chr8","9839072","9839381","chr8","9839502","9839822","13","430"
"chr8","10583172","10583480","chr8","10604954","10605264","4","21782"
"chr8","10772221","10772540","chr14","99786490","99786801","53","89014269"
"chr8","10981760","10982063","chr8","11008844","11009149","2","27084"
"chr8","12162624","12162934","chr8","12210880","12211187","4","48256"
"chr8","12170167","12170460","chr8","12218410","12218704","7","48243"
"chr8","13729953","13730129","chr8","13653816","13653992","3","76137"
"chr8","14605497","14605802","chr8","14537025","14537331","2","68472"
"chr8","14638306","14638641","chr8","14569823","14570136","33","68483"
"chr8","14950223","14950524","chr8","14886902","14887203","0","63321"
"chr8","15295741","15296049","chr8","15243104","15243410","6","52637"
"chr8","15484093","15484430","chr8","15433084","15433426","7","51009"
"chr8","15551113","15551393","chr8","15500608","15500888","1","50505"
"chr8","16138607","16138800","chr7","9487544","9487732","29","6651063"
"chr8","17212011","17212310","chr8","17183889","17184188","3","28122"
"chr8","17282523","17282834","chr8","17256469","17256776","5","26054"
"chr8","17564619","17564922","chr8","17550750","17551041","13","13869"
"chr8","18053845","18054066","chr8","26615512","26615720","42","8561667"
"chr8","18117219","18117512","chr8","18128337","18128620","12","11118"
"chr8","18329904","18330204","chr8","18340615","18340917","2","10711"
"chr8","18456506","18456792","chr8","18471592","18471873","7","15086"
"chr8","18522770","18523077","chr8","18532134","18532441","1","9364"
"chr8","18592093","18592390","chr8","18603775","18604075","5","11682"
"chr8","18597312","18597618","chr8","18609005","18609313","5","11693"
"chr8","18668545","18668835","chr8","18682579","18682853","16","14034"
"chr8","18744110","18744390","chr8","18758537","18758811","7","14427"
"chr8","18967757","18967860","chr8","18982007","18982114","4","14250"
"chr8","19276893","19277187","chr8","19295055","19295351","3","18162"
"chr8","19403222","19403526","chr8","19475255","19475556","8","72033"
"chr8","19442901","19443220","chr3","22100413","22100723","41","2657512"
"chr8","19702039","19702309","chr8","19779499","19779787","18","77460"
"chr8","19800388","19800670","chr8","19879105","19879387","3","78717"
"chr8","20057467","20057782","chr8","20141408","20141722","2","83941"
"chr8","20410169","20410453","chr8","20500001","20500277","8","89832"
"chr8","20485268","20485474","chr8","26615512","26615720","42","6130244"
"chr8","21321336","21321632","chr8","21413377","21413673","1","92041"
"chr8","21731810","21732104","chr8","21830883","21831181","7","99073"
"chr8","22177792","22178084","chr8","22281100","22281392","1","103308"
"chr8","22394100","22394383","chr22","38238676","38238962","33","15844576"
"chr8","22501016","22501310","chr17","59452635","59452929","42","36951619"
"chr8","22781488","22781719","chr8","22894080","22894311","0","112592"
"chr8","22794579","22794902","chr8","22907436","22907766","8","112857"
"chr8","23251813","23252119","chr8","23364309","23364616","3","112496"
"chr8","23775829","23776143","chr8","23596076","23596390","2","179753"
"chr8","23930795","23931091","chr8","23750503","23750806","9","180292"
"chr8","23981140","23981446","chr8","23803473","23803781","3","177667"
"chr8","24511682","24511974","chr8","24342466","24342759","1","169216"
"chr8","24589095","24589389","chr8","24419897","24420192","2","169198"
"chr8","24729945","24730252","chr8","24573381","24573688","2","156564"
"chr8","25036233","25036401","chr8","24887410","24887579","3","148823"
"chr8","25335167","25335474","chr8","25194211","25194521","7","140956"
"chr8","25560207","25560520","chr8","25425129","25425447","10","135078"
"chr8","25588096","25588391","chr8","25453541","25453842","6","134555"
"chr8","25678775","25679085","chr8","25544968","25545279","2","133807"
"chr8","25773952","25774269","chr8","25642400","25642683","38","131552"
"chr8","26121470","26121777","chr8","26001865","26002176","5","119605"
"chr8","26637310","26637606","chr8","26532207","26532505","4","105103"
"chr8","26727531","26727896","chr8","26625446","26625813","6","102085"
"chr8","26730918","26731236","chr8","26629220","26629538","2","101698"
"chr8","26747781","26747834","chrY","25549288","25549341","7","1198493"
"chr8","26747835","26748133","chr8","26646482","26646789","10","101353"
"chr8","26864491","26864658","chr8","26765225","26765391","4","99266"
"chr8","27388455","27388744","chr8","27296049","27296338","0","92406"
"chr8","27521377","27521667","chr8","27427538","27427828","0","93839"
"chr8","28041754","28042056","chr8","27967631","27967934","2","74123"
"chr8","28200916","28200980","chr8","28128038","28128102","2","72878"
"chr8","28902950","28903235","chr2B","241139932","241140219","38","212236982"
"chr8","29422070","29422370","chr8","29355264","29355565","1","66806"
"chr8","29934142","29934451","chr8","29876990","29877295","8","57152"
"chr8","30268352","30268664","chr8","30221802","30222096","21","46550"
"chr8","30281856","30282151","chr8","30234775","30235071","1","47081"
"chr8","31255712","31256034","chr8","31233546","31233864","6","22166"
"chr8","31458278","31458580","chr8","31441577","31441861","19","16701"
"chr8","31783898","31784193","chr8","31776808","31777103","1","7090"
"chr8","32789965","32790205","chr8","32794108","32794319","30","4143"
"chr8","33110854","33111134","chr8","33122826","33123134","28","11972"
"chr8","33278582","33278889","chr3","141703326","141703638","40","108424744"
"chr8","34002425","34002728","chr8","34040523","34040830","7","38098"
"chr8","34148158","34148461","chr8","34191371","34191675","2","43213"
"chr8","34445892","34446210","chr8","34497771","34498085","5","51879"
"chr8","34577286","34577572","chr8","34635999","34636285","0","58713"
"chr8","34594831","34595127","chr9","98068880","98069173","53","63474049"
"chr8","35112361","35112661","chr8","35183483","35183781","5","71122"
"chr8","35188442","35188741","chr8","35259080","35259353","27","70638"
"chr8","35291713","35292013","chr8","35363889","35364189","2","72176"
"chr8","35430953","35431259","chr8","35505694","35506002","2","74741"
"chr8","35460493","35460787","chr8","35535007","35535302","3","74514"
"chr8","35654227","35654509","chr11","116643247","116643535","32","80989020"
"chr8","36649875","36650188","chr8","36394779","36395091","3","255096"
"chr8","36652791","36652852","chr17","5295458","5295519","6","31357333"
"chr8","36657013","36657287","chr8","36401232","36401509","4","255781"
"chr8","36673428","36673732","chr8","36417711","36418015","2","255717"
"chr8","37255159","37255460","chr8","37012471","37012770","4","242688"
"chr8","37403528","37403842","chr8","37162669","37162981","5","240859"
"chr8","37471646","37471934","chr8","37231388","37231676","0","240258"
"chr8","37990239","37990386","chr10","108679259","108679406","29","70689020"
"chr8","38239238","38239541","chr8","38014787","38015091","1","224451"
"chr8","38432519","38432828","chr8","38214511","38214815","9","218008"
"chr8","38687628","38687932","chr8","38471228","38471532","0","216400"
"chr8","38711041","38711346","chr8","38494688","38494993","0","216353"
"chr8","38717914","38718217","chr8","38501645","38501952","6","216269"
"chr8","38755924","38756218","chr8","38540570","38540878","16","215354"
"chr8","38795437","38795747","chr8","38582685","38582995","1","212752"
"chr8","38862226","38862450","chr8","38651256","38651475","6","210970"
"chr8","38901794","38902059","chr8","38690829","38691109","15","210965"
"chr8","38903619","38903719","chrX","18539475","18539576","13","20364144"
"chr8","39024079","39024346","chr6","43651297","43651569","34","4627218"
"chr8","39031442","39031708","chr16","30327952","30328218","40","8703490"
"chr8","39247056","39247329","chr7","15575413","15575699","46","23671643"
"chr8","39300699","39301003","chr8","39103288","39103592","1","197411"
"chr8","39339435","39339740","chr8","39141998","39142303","3","197437"
"chr8","39416810","39417107","chr8","39218963","39219261","1","197847"
"chr8","39575448","39575749","chr8","39384797","39385097","4","190651"
"chr8","39713295","39713561","chr1","226309349","226309617","46","186596054"
"chr8","39732963","39733254","chr8","39547460","39547739","13","185503"
"chr8","40497357","40497640","chr8","44315120","44315405","3","3817763"
"chr8","40501558","40501860","chr8","44319301","44319603","3","3817743"
"chr8","40504972","40505321","chr8","44322713","44323062","2","3817741"
"chr8","41024752","41025020","chr8","44795520","44795796","8","3770768"
"chr8","41088977","41089054","chr14","80736334","80736413","17","39647357"
"chr8","41112909","41113116","chr8","44932392","44932599","1","3819483"
"chr8","41342358","41342640","chr8","45162695","45162977","0","3820337"
"chr8","41690621","41690920","chr8","45517184","45517463","21","3826563"
"chr8","41868917","41869213","chr8","45702135","45702439","9","3833218"
"chr8","41949232","41949542","chr8","45779966","45780276","0","3830734"
"chr8","42491258","42491588","chr8","46333475","46333782","26","3842217"
"chr8","42492171","42492471","chr8","46334388","46334689","1","3842217"
"chr8","42819687","42819744","chr8","46671040","46671097","0","3851353"
"chr8","44218693","44218994","chr8","48078242","48078543","1","3859549"
"chr8","44317351","44317682","chr8","48178825","48179152","11","3861474"
"chr8","45587373","45587631","chr8","49472026","49472285","1","3884653"
"chr8","45893277","45893579","chr8","49786733","49787035","1","3893456"
"chr8","46038579","46038880","chr8","49932728","49933031","2","3894149"
"chr8","47112189","47112491","chr8","51029007","51029308","5","3916818"
"chr8","47398222","47398515","chr8","51317804","51318097","1","3919582"
"chr8","47687424","47687717","chr8","51614428","51614723","2","3927004"
"chr8","47721239","47721552","chr8","51649076","51649387","6","3927837"
"chr8","47827056","47827366","chr8","51759662","51759976","4","3932606"
"chr8","47865643","47865957","chr8","51798240","51798556","2","3932597"
"chr8","47894912","47895219","chr8","51829227","51829534","3","3934315"
"chr8","47956767","47957062","chr8","51892374","51892673","11","3935607"
"chr8","48115744","48115834","chr22","39710673","39710766","28","8405071"
"chr8","49021521","49021818","chr8","52965754","52966050","2","3944233"
"chr8","49594980","49595284","chr8","53545795","53546091","10","3950815"
"chr8","50302216","50302480","chr8","54273039","54273303","0","3970823"
"chr8","55613848","55614062","chr8","55249180","55249394","0","364668"
"chr8","56131841","56132132","chr8","55771684","55771975","1","360157"
"chr8","56144643","56144940","chr8","55784493","55784791","3","360150"
"chr8","58303133","58303425","chr8","57950080","57950372","0","353053"
"chr8","58421676","58421945","chr8","58068847","58069117","3","352829"
"chr8","58673531","58673742","chrX","17907098","17907318","30","40766433"
"chr8","59196048","59196341","chr8","58807064","58807361","5","388984"
"chr8","59320683","59320978","chr8","58934166","58934462","2","386517"
"chr8","59551492","59551785","chr8","59165001","59165311","19","386491"
"chr8","59595958","59596259","chr8","59209885","59210186","2","386073"
"chr8","59899331","59899623","chr8","59514132","59514420","9","385199"
"chr8","60397756","60397825","chr8","60001369","60001431","8","396387"
"chr8","62161325","62161631","chr8","61766937","61767243","1","394388"
"chr8","63805799","63806075","chr6","43651297","43651569","33","20154502"
"chr8","63856590","63856898","chr8","63470510","63470818","0","386080"
"chr8","64672300","64672612","chr8","64298429","64298741","1","373871"
"chr8","64760937","64761234","chr8","64391160","64391468","13","369777"
"chr8","65163190","65163455","chr8","64803877","64804173","32","359313"
"chr8","65257142","65257268","chr8","64903186","64903315","4","353956"
"chr8","65593708","65593991","chr8","65241320","65241603","1","352388"
"chr8","65598350","65598663","chr8","65245962","65246275","2","352388"
"chr8","65609325","65609644","chr8","65258479","65258796","6","350846"
"chr8","65769393","65769697","chr8","65427838","65428143","2","341555"
"chr8","65947838","65948138","chr8","65605696","65606000","5","342142"
"chr8","67178527","67178818","chr8","66850826","66851118","3","327701"
"chr8","67225507","67225811","chr8","66898296","66898583","19","327211"
"chr8","67617759","67618045","chr2A","55966920","55967208","38","11650839"
"chr8","67632353","67632603","chr8","67311561","67311811","2","320792"
"chr8","67732642","67732935","chr8","67412510","67412802","2","320132"
"chr8","67862970","67863267","chr8","67538107","67538405","6","324863"
"chr8","67945120","67945449","chr8","67620789","67621118","2","324331"
"chr8","68133879","68134164","chr8","67822924","67823209","1","310955"
"chr8","68289249","68289553","chr14","48573209","48573505","40","19716040"
"chr8","68547417","68547684","chr8","68241139","68241406","0","306278"
"chr8","68739257","68739453","chr10","83071956","83072147","27","14332699"
"chr8","68840955","68841252","chr8","68536696","68536997","7","304259"
"chr8","69195193","69195502","chr8","68905601","68905908","8","289592"
"chr8","71202768","71203080","chr8","70949879","70950191","1","252889"
"chr8","71256388","71256676","chr8","71003685","71003973","1","252703"
"chr8","71384586","71384884","chr8","71159279","71159577","2","225307"
"chr8","71587542","71587848","chr8","71363177","71363481","12","224365"
"chr8","71656751","71657059","chr8","71437916","71438224","2","218835"
"chr8","71946383","71946688","chr8","71734203","71734511","7","212180"
"chr8","72027963","72028278","chr8","71817558","71817874","6","210405"
"chr8","72031603","72031910","chr8","71820686","71820990","5","210917"
"chr8","72069802","72070089","chr8","71859232","71859520","3","210570"
"chr8","72123983","72124288","chr8","71915080","71915385","1","208903"
"chr8","72158793","72159020","chr8","71949369","71949596","0","209424"
"chr8","73064414","73064707","chr8","72871418","72871712","3","192996"
"chr8","73574915","73575207","chr8","73388975","73389267","0","185940"
"chr8","73946802","73947110","chr8","73768878","73769186","1","177924"
"chr8","75259181","75259371","chr7","155259849","155260035","26","80000668"
"chr8","75342861","75343148","chr8","75196317","75196600","6","146544"
"chr8","75662033","75662326","chr8","75523944","75524235","4","138089"
"chr8","75693632","75693791","chr8","75555565","75555726","6","138067"
"chr8","76980810","76981123","chr8","76860251","76860565","8","120559"
"chr8","77783315","77783611","chr8","77676356","77676648","7","106959"
"chr8","78212261","78212559","chr8","78118014","78118310","3","94247"
"chr8","78347947","78348254","chr8","78254480","78254789","3","93467"
"chr8","78468513","78468803","chr19","12656149","12656439","33","65812364"
"chr8","78491562","78491856","chr8","78401083","78401378","2","90479"
"chr8","78504519","78504608","chr8","78414513","78414604","3","90006"
"chr8","78626051","78626364","chr8","78538384","78538696","3","87667"
"chr8","78744075","78744375","chr8","78658524","78658827","4","85551"
"chr8","78900226","78900527","chr8","78815843","78816144","3","84383"
"chr8","79630990","79631300","chr8","79552256","79552573","10","78734"
"chr8","79751381","79751676","chr8","79680909","79681204","1","70472"
"chr8","79779310","79779425","chr8","79708854","79708971","2","70456"
"chr8","79797537","79797834","chr8","79727217","79727517","4","70320"
"chr8","79864218","79864528","chr8","79793594","79793903","4","70624"
"chr8","79961291","79961602","chr8","79894329","79894639","3","66962"
"chr8","80204840","80205133","chr8","80135727","80136020","6","69113"
"chr8","80852882","80852960","chr8","80803434","80803503","9","49448"
"chr8","80922166","80922459","chr8","80874110","80874403","1","48056"
"chr8","81259033","81259329","chr8","81207803","81208099","0","51230"
"chr8","81907217","81907498","chr8","81864893","81865175","1","42324"
"chr8","82397164","82397330","chr8","82358426","82358593","2","38738"
"chr8","83482845","83483150","chr8","83473923","83474228","0","8922"
"chr8","84772188","84772488","chr8","84205611","84205911","1","566577"
"chr8","84895817","84896112","chr8","84331707","84332005","4","564110"
"chr8","87005360","87005664","chr8","86523479","86523784","2","481881"
"chr8","88444694","88444982","chr8","87994960","87995248","0","449734"
"chr8","88635308","88635607","chr8","88186511","88186810","1","448797"
"chr8","89123293","89123603","chr8","88676162","88676465","10","447131"
"chr8","89537745","89538047","chr8","89098550","89098856","5","439195"
"chr8","90891952","90892257","chr8","90476668","90476974","2","415284"
"chr8","92278953","92279256","chr8","91879577","91879880","0","399376"
"chr8","92310979","92311279","chr8","91912741","91913041","2","398238"
"chr8","92370542","92370833","chr8","91973007","91973298","1","397535"
"chr8","92381159","92381495","chr8","91984450","91984761","32","396709"
"chr8","92759366","92759655","chr8","92371690","92371996","26","387676"
"chr8","93713225","93713524","chr8","93085965","93086266","2","627260"
"chr8","93827182","93827473","chr8","93202670","93202961","0","624512"
"chr8","94333403","94333685","chr8","93719933","93720243","28","613470"
"chr8","94810377","94810690","chr8","94206925","94207239","11","603452"
"chr8","96579892","96580131","chr8","96008691","96008932","5","571201"
"chr8","96606415","96606708","chr8","96035722","96036021","7","570693"
"chr8","96617042","96617357","chr8","96043249","96043567","40","573793"
"chr8","96701066","96701366","chr8","96132188","96132485","7","568878"
"chr8","96720507","96720801","chr14","97894909","97895204","36","1174402"
"chr8","96752575","96752872","chr8","96185448","96185745","1","567127"
"chr8","96778445","96778712","chr8","96211906","96212180","9","566539"
"chr8","96796438","96796688","chr2A","32500581","32500831","43","64295857"
"chr8","96900888","96901181","chr8","96336509","96336802","1","564379"
"chr8","96976297","96976588","chr8","96412688","96412980","1","563609"
"chr8","97442571","97442873","chr8","96886124","96886427","3","556447"
"chr8","97466933","97467099","chr8","96910475","96910637","6","556458"
"chr8","97555665","97555967","chr4","162480912","162481212","39","64925247"
"chr8","97843684","97843974","chrX","16048528","16048826","45","81795156"
"chr8","98221380","98221437","chr15","27146703","27146746","22","71074677"
"chr8","98448073","98448200","chr7","141694833","141694959","20","43246760"
"chr8","98448232","98448408","chr8","101154856","101155040","34","2706624"
"chr8","98667042","98667354","chr8","98120543","98120841","15","546499"
"chr8","99067946","99068248","chr8","98530680","98530982","0","537266"
"chr8","99169448","99169752","chr8","98634150","98634453","1","535298"
"chr8","99237000","99237302","chr17","4409574","4409880","39","94827426"
"chr8","99500130","99500442","chr8","98966902","98967215","4","533228"
"chr8","99545760","99546067","chr10","93785466","93785777","38","5760294"
"chr8","99582731","99583022","chr8","99047946","99048238","1","534785"
"chr8","99583746","99584020","chr8","99050651","99050925","1","533095"
"chr8","99641813","99642114","chr8","99108395","99108695","3","533418"
"chr8","99791223","99791508","chr8","99261742","99262027","1","529481"
"chr8","99858913","99859210","chr7","53974320","53974613","41","45884593"
"chr8","99944809","99945098","chr8","99416527","99416816","0","528282"
"chr8","100178828","100179118","chr8","99654631","99654924","5","524197"
"chr8","100250191","100250471","chr8","99728789","99729089","21","521402"
"chr8","100262807","100262839","chr8","99741541","99741573","0","521266"
"chr8","101095555","101095845","chr8","100592760","100593051","3","502795"
"chr8","101152370","101152666","chr8","100650652","100650938","11","501718"
"chr8","101228648","101228950","chr8","100730649","100730952","4","497999"
"chr8","101615520","101615823","chr8","101125020","101125333","12","490500"
"chr8","101655429","101655732","chr8","101165182","101165485","1","490247"
"chr8","101698440","101698738","chr8","101210978","101211276","1","487462"
"chr8","101726450","101726760","chr8","101239272","101239565","20","487178"
"chr8","101879089","101879388","chr8","101395176","101395472","9","483913"
"chr8","102564672","102564980","chr8","102089968","102090276","1","474704"
"chr8","103765269","103765581","chr8","103320664","103320977","7","444605"
"chr8","104289887","104290198","chr8","103851503","103851821","11","438384"
"chr8","104385646","104385940","chr8","103949648","103949942","1","435998"
"chr8","104399502","104399779","chr8","103963490","103963765","3","436012"
"chr8","104887575","104887864","chr8","104476447","104476736","3","411128"
"chr8","105645604","105645916","chr8","105245090","105245402","1","400514"
"chr8","105831115","105831324","chr8","105433739","105433949","2","397376"
"chr8","106053189","106053493","chr8","105657823","105658129","3","395366"
"chr8","107378909","107379212","chr8","106991112","106991416","2","387797"
"chr8","108618210","108618332","chr8","108264251","108264369","5","353959"
"chr8","108726315","108726613","chr8","108373710","108374010","4","352605"
"chr8","109027642","109027953","chr8","108678710","108679023","8","348932"
"chr8","109960552","109960821","chr8","109206574","109206843","0","753978"
"chr8","110610688","110610990","chr8","109873290","109873589","5","737398"
"chr8","111508561","111508698","chr8","110781993","110782130","0","726568"
"chr8","111897510","111897822","chr8","111194786","111195095","4","702724"
"chr8","113609662","113609795","chr8","112924183","112924316","0","685479"
"chr8","114102225","114102509","chr8","113419259","113419543","1","682966"
"chr8","114176024","114176336","chr19","36413280","36413585","41","77762744"
"chr8","114263184","114263463","chr8","113581068","113581347","2","682116"
"chr8","115156561","115156877","chr8","114489571","114489890","3","666990"
"chr8","117222210","117222516","chr8","116587962","116588266","12","634248"
"chr8","117606366","117606671","chr8","116977704","116978012","4","628662"
"chr8","117854046","117854328","chr8","117229933","117230214","1","624113"
"chr8","118903466","118903767","chr8","118058723","118059024","0","844743"
"chr8","119088403","119088698","chr8","118246351","118246646","3","842052"
"chr8","119265249","119265536","chr8","118427189","118427481","5","838060"
"chr8","119488823","119489139","chr12","37875697","37876010","45","81613126"
"chr8","119515605","119515928","chr8","118682679","118683002","1","832926"
"chr8","119622751","119623065","chr8","118767944","118768259","4","854807"
"chr8","119779692","119780004","chr8","118927959","118928264","11","851733"
"chr8","119916779","119917082","chr8","119068408","119068715","5","848371"
"chr8","120070278","120070572","chr8","119225540","119225838","6","844738"
"chr8","121663091","121663400","chr8","120863242","120863551","1","799849"
"chr8","122206762","122206914","chr19","63437287","63437441","22","58769475"
"chr8","122424664","122424937","chr8","121638362","121638637","3","786302"
"chr8","122437799","122438091","chr8","121651882","121652174","0","785917"
"chr8","122460356","122460656","chr8","121674602","121674903","2","785754"
"chr8","122549936","122550222","chr8","121766073","121766357","3","783863"
"chr8","122656060","122656237","chr1","209458170","209458351","33","86802110"
"chr8","122681899","122682202","chr8","121899807","121900113","3","782092"
"chr8","123405627","123405939","chr8","122635331","122635644","3","770296"
"chr8","123630073","123630232","chr8","122861439","122861598","3","768634"
"chr8","123706242","123706546","chr8","122938708","122939012","2","767534"
"chr8","123836420","123836720","chr8","123070452","123070752","2","765968"
"chr8","124233413","124233676","chr3","115640050","115640313","30","8593363"
"chr8","124297539","124297831","chr8","123535450","123535741","2","762089"
"chr8","124466234","124466532","chr5","14252117","14252415","31","110214117"
"chr8","124625044","124625333","chr8","123868559","123868848","1","756485"
"chr8","124856756","124857068","chr8","124103046","124103357","11","753710"
"chr8","125056680","125056986","chr8","124306753","124307054","16","749927"
"chr8","125454704","125454998","chr8","124709296","124709599","10","745408"
"chr8","125828297","125828600","chr12","60758952","60759256","35","65069345"
"chr8","125897297","125897598","chr8","125159518","125159819","4","737779"
"chr8","125902270","125902566","chr4","39827804","39828101","30","86074466"
"chr8","125937082","125937394","chr8","125202571","125202882","6","734511"
"chr8","126611936","126612120","chr8","125891743","125891927","1","720193"
"chr8","127113749","127113840","chr8","126399041","126399132","0","714708"
"chr8","127310693","127311012","chr8","126599032","126599354","8","711661"
"chr8","128456022","128456331","chr8","127743394","127743703","3","712628"
"chr8","128894411","128894725","chr8","128183771","128184085","1","710640"
"chr8","128946093","128946247","chr8","128237736","128237893","3","708357"
"chr8","129301381","129301546","chr19","13968486","13968648","21","115332895"
"chr8","129413903","129414183","chr8","128709009","128709297","9","704894"
"chr8","129467555","129467848","chr8","128763613","128763906","0","703942"
"chr8","130022856","130023157","chr8","129072434","129072743","10","950422"
"chr8","130356285","130356522","chr8","129414799","129415035","6","941486"
"chr8","131525815","131526111","chr8","130581006","130581302","3","944809"
"chr8","131873439","131873739","chr8","130936000","130936301","3","937439"
"chr8","131983755","131984006","chr8","131041263","131041514","2","942492"
"chr8","132060278","132060574","chr8","131118639","131118937","7","941639"
"chr8","132210577","132210892","chr8","131268292","131268615","10","942285"
"chr8","133252326","133252618","chr8","132328206","132328499","1","924120"
"chr8","134257069","134257353","chr22","49705972","49706262","35","84551097"
"chr8","134397937","134398238","chr8","133478863","133479173","11","919074"
"chr8","135102042","135102339","chr8","134194937","134195234","0","907105"
"chr8","135483837","135484142","chr8","134597973","134598278","1","885864"
"chr8","136101883","136102195","chr8","135209705","135210017","0","892178"
"chr8","136390865","136391135","chr8","135499215","135499484","5","891650"
"chr8","137176729","137177014","chr8","136173747","136174024","12","1002982"
"chr8","137303040","137303324","chr17","43128419","43128706","44","94174621"
"chr8","138378728","138378976","chr15","74634340","74634597","46","63744388"
"chr8","139346315","139346610","chr8","138334855","138335145","5","1011460"
"chr8","139705436","139705745","chr8","138700993","138701308","8","1004443"
"chr8","139907474","139907770","chr8","138905191","138905490","6","1002283"
"chr8","140095472","140095797","chr2B","222405542","222405873","59","82310070"
"chr8","140132484","140132788","chr8","139135692","139135998","4","996792"
"chr8","140146266","140146439","chr14","102055726","102055904","25","38090540"
"chr8","140201015","140201311","chr8","139205995","139206294","4","995020"
"chr8","140218526","140218834","chr8","139224023","139224337","12","994503"
"chr8","140268445","140268727","chr8","139276004","139276286","1","992441"
"chr8","140367188","140367477","chr8","139378873","139379162","1","988315"
"chr8","140916778","140917061","chr8","139930417","139930701","2","986361"
"chr8","140920848","140921145","chr8","139934503","139934804","6","986345"
"chr8","140926069","140926380","chr8","139939718","139940026","4","986351"
"chr8","141229775","141230074","chr8","140252003","140252321","22","977772"
"chr8","141445076","141445380","chr8","140475179","140475483","1","969897"
"chr8","142688546","142688849","chr8","141734236","141734539","0","954310"
"chr8","142809041","142809342","chr8","141937380","141937685","6","871661"
"chr8","142907716","142908034","chr8","142034223","142034541","8","873493"
"chr8","142992974","142993274","chr8","142113300","142113600","2","879674"
"chr8","143219656","143219801","chrX","4351972","4352119","19","138867684"
"chr8","143615807","143615882","chr16","30587242","30587317","10","113028565"
"chr8","143949150","143949478","chr8","143093412","143093740","3","855738"
"chr8","144101352","144101656","chr8","143248240","143248541","9","853112"
"chr8","144161607","144161899","chr8","143307102","143307395","1","854505"
"chr8","144348526","144348822","chr8","143506652","143506951","7","841874"
"chr9","296198","296475","chr17","4411821","4412101","35","4115623"
"chr9","839524","839790","chr10","109283373","109283640","35","108443849"
"chr9","876429","876733","chr9","870626","870937","13","5803"
"chr9","1112677","1112981","chr9","1113889","1114196","3","1212"
"chr9","1713652","1713946","chr9","1721608","1721902","2","7956"
"chr9","3230153","3230409","chr9","3242684","3242942","4","12531"
"chr9","4154863","4155168","chr9","4178370","4178668","10","23507"
"chr9","4576864","4577189","chr9","4618759","4619085","3","41895"
"chr9","4659148","4659439","chr9","4700819","4701114","13","41671"
"chr9","4838331","4838634","chr9","4881499","4881802","2","43168"
"chr9","5559518","5559809","chr9","5614995","5615290","5","55477"
"chr9","6115734","6116018","chr9","6188488","6188772","1","72754"
"chr9","6472082","6472390","chr9","6553608","6553916","2","81526"
"chr9","6565055","6565354","chr9","6648651","6648951","3","83596"
"chr9","6983640","6983938","chr10","58263026","58263323","32","51279386"
"chr9","8685940","8686223","chr9","8805303","8805586","0","119363"
"chr9","9015027","9015322","chr9","9145727","9146032","12","130700"
"chr9","10641740","10642031","chr9","10811699","10812004","17","169959"
"chr9","10791386","10791663","chr9","10978159","10978436","1","186773"
"chr9","11734068","11734378","chr9","11670463","11670769","9","63605"
"chr9","12296293","12296557","chr9","12245343","12245607","1","50950"
"chr9","13899203","13899508","chr9","13790384","13790691","4","108819"
"chr9","15076361","15076645","chr9","14980421","14980739","34","95940"
"chr9","15125554","15125847","chr9","15029776","15030068","1","95778"
"chr9","17044957","17045117","chr9","16998517","16998678","1","46440"
"chr9","17286265","17286561","chr17","52918657","52918953","35","35632392"
"chr9","17337737","17338041","chr7","6004729","6005034","29","11333008"
"chr9","17401354","17401646","chr9","17356754","17357047","3","44600"
"chr9","17743572","17743874","chr9","17706635","17706939","4","36937"
"chr9","18208062","18208354","chr9","18171328","18171622","3","36734"
"chr9","18380075","18380394","chr10","18956725","18957037","41","576650"
"chr9","18720413","18720709","chr9","18692408","18692705","6","28005"
"chr9","19106047","19106352","chr9","19081816","19082122","6","24231"
"chr9","19505086","19505385","chr9","19486124","19486396","27","18962"
"chr9","19519508","19519822","chr9","19501354","19501661","21","18154"
"chr9","19741875","19742014","chr7","116153076","116153214","24","96411201"
"chr9","22590527","22590817","chr9","22454976","22455260","10","135551"
"chr9","22761324","22761637","chr9","22628672","22628982","6","132652"
"chr9","23923759","23924073","chr9","23801519","23801808","25","122240"
"chr9","24049349","24049653","chr9","23928712","23929024","12","120637"
"chr9","26024242","26024552","chr9","25925342","25925655","3","98900"
"chr9","27045298","27045616","chr9","26967424","26967747","5","77874"
"chr9","27274590","27274895","chr5","82635292","82635598","5","55360702"
"chr9","27460755","27461055","chr9","27392361","27392662","1","68394"
"chr9","28847041","28847365","chr9","28629991","28630315","3","217050"
"chr9","29302514","29302799","chr9","29085885","29086169","1","216629"
"chr9","29483389","29483554","chr9","29269360","29269527","3","214029"
"chr9","30625572","30625870","chr9","30426898","30427200","4","198674"
"chr9","31393975","31394271","chr9","31174093","31174392","4","219882"
"chr9","31556844","31557154","chr9","31337285","31337595","2","219559"
"chr9","32060550","32060870","chr9","31850687","31851007","0","209863"
"chr9","32158928","32159227","chr9","31948199","31948501","4","210729"
"chr9","33441383","33441697","chr9","33243356","33243668","4","198027"
"chr9","33610862","33611152","chr9","33417737","33418031","4","193125"
"chr9","33642355","33642645","chr7","77709966","77710257","37","44067611"
"chr9","33921395","33921409","chr2A","86562381","86562407","18","52640986"
"chr9","33921450","33921736","chr9","33737049","33737363","30","184401"
"chr9","33953737","33954041","chr9","33766878","33767159","24","186859"
"chr9","34006800","34007078","chr9","33816609","33816886","1","190191"
"chr9","34099496","34099785","chr9","33910666","33910957","4","188830"
"chr9","34418062","34418354","chr9","34168099","34168391","0","249963"
"chr9","34471617","34471687","chr2A","64207480","64207554","11","29735863"
"chr9","34494833","34494902","chr9","34249727","34249800","4","245106"
"chr9","34514946","34515250","chr9","34270882","34271187","3","244064"
"chr9","34659628","34659938","chr9","34421377","34421673","18","238251"
"chr9","34679668","34680003","chr19","9505636","9505964","69","25174032"
"chr9","34768941","34769154","chr9","34531326","34531543","4","237615"
"chr9","35070402","35070721","chr9","34833865","34834180","4","236537"
"chr9","35493334","35493625","chr9","35262158","35262453","5","231176"
"chr9","36157176","36157486","chr9","35931035","35931339","7","226141"
"chr9","36204276","36204567","chr9","35978626","35978920","4","225650"
"chr9","36242665","36242958","chr9","36017850","36018143","0","224815"
"chr9","36247279","36247582","chr9","36022485","36022787","2","224794"
"chr9","36289016","36289310","chr9","36068495","36068789","2","220521"
"chr9","36398620","36398815","chr15","39484004","39484186","35","3085384"
"chr9","36568585","36568898","chr9","36356468","36356777","7","212117"
"chr9","36601790","36602097","chr9","36411369","36411676","1","190421"
"chr9","36826807","36827123","chr9","36652190","36652509","5","174617"
"chr9","36904226","36904516","chr9","36732833","36733127","5","171393"
"chr9","36956954","36957164","chr17","60683821","60684031","35","23726867"
"chr9","37002946","37003248","chr12","2787667","2787968","40","34215279"
"chr9","37044596","37044903","chr9","36874145","36874453","2","170451"
"chr9","37098109","37098409","chr17","58457500","58457797","37","21359391"
"chr9","37116596","37116653","chr1","180807430","180807483","6","143690834"
"chr9","37121100","37121391","chr9","36955778","36956069","2","165322"
"chr9","37311410","37311699","chr9","37152278","37152587","23","159132"
"chr9","37405455","37405752","chr9","37248245","37248540","6","157210"
"chr9","37603653","37603735","chr5","181069208","181069286","14","143465555"
"chr9","37728995","37729301","chr9","37579891","37580202","9","149104"
"chr9","38038270","38038555","chr9","37761192","37761477","1","277078"
"chr9","38071339","38071651","chr9","37794207","37794517","3","277132"
"chr9","38171726","38172017","chr9","37900782","37901076","4","270944"
"chr9","38372822","38373105","chr9","38103314","38103622","25","269508"
"chr9","38582083","38582362","chr9","38315848","38316141","15","266235"
"chr9","38582383","38582648","chr9","38316168","38316464","33","266215"
"chr9","38749778","38750064","chr5","179678021","179678301","33","140928243"
"chr9","38758027","38758319","chr9","38490418","38490709","11","267609"
"chr9","67237366","67237690","chr9","67022820","67023150","10","214546"
"chr9","67384902","67385181","chr9","67170907","67171186","4","213995"
"chr9","67595911","67596207","chr9","67380173","67380476","8","215738"
"chr9","67816821","67817111","chr9","67604489","67604779","2","212332"
"chr9","68244752","68245049","chr9","68027617","68027920","7","217135"
"chr9","68250558","68250860","chr8","29995406","29995711","38","38255152"
"chr9","69582693","69582987","chr9","69371962","69372256","1","210731"
"chr9","69588239","69588303","chr9","69377507","69377571","0","210732"
"chr9","70011811","70012082","chr9","69808552","69808823","1","203259"
"chr9","70179736","70180040","chr9","69980241","69980537","8","199495"
"chr9","70776253","70776548","chr9","70584571","70584866","1","191682"
"chr9","70851287","70851601","chr9","70661891","70662205","8","189396"
"chr9","70899290","70899588","chr9","70711058","70711359","3","188232"
"chr9","71044982","71045287","chr9","70856079","70856384","0","188903"
"chr9","71329776","71330058","chrX","141306249","141306528","35","69976473"
"chr9","71642752","71643003","chr11","782084","782347","40","70860668"
"chr9","72066446","72066754","chr9","71855034","71855344","4","211412"
"chr9","72321744","72322045","chr9","72112485","72112787","5","209259"
"chr9","72650490","72650789","chr13","28830635","28830936","2","43819855"
"chr9","72915073","72915365","chr5","173993967","173994264","44","101078894"
"chr9","73718691","73718987","chr9","73444464","73444759","3","274227"
"chr9","74426868","74427161","chr9","74166832","74167121","8","260036"
"chr9","74510959","74511262","chr9","74251393","74251701","9","259566"
"chr9","74988438","74988760","chr9","74720846","74721169","7","267592"
"chr9","75227082","75227380","chr9","74962505","74962805","5","264577"
"chr9","75359530","75359835","chr9","75099115","75099421","2","260415"
"chr9","75657730","75658025","chr9","75399250","75399549","5","258480"
"chr9","75674531","75674829","chr9","75416063","75416370","11","258468"
"chr9","75854348","75854636","chr9","75596606","75596894","0","257742"
"chr9","76014012","76014292","chr9","75765938","75766219","1","248074"
"chr9","76405497","76405795","chr9","76164869","76165167","3","240628"
"chr9","76639052","76639365","chr9","76405581","76405894","0","233471"
"chr9","76849777","76850085","chr9","76618489","76618792","6","231288"
"chr9","76972815","76973102","chr9","76745073","76745355","6","227742"
"chr9","77028436","77028746","chr9","76816896","76817206","5","211540"
"chr9","77049867","77050169","chr9","76838451","76838753","0","211416"
"chr9","77203079","77203365","chr9","76990333","76990622","3","212746"
"chr9","77214516","77214822","chr16","12064494","12064789","44","65150022"
"chr9","79199445","79199727","chr9","79006305","79006607","29","193140"
"chr9","79830961","79831262","chr9","79609625","79609931","8","221336"
"chr9","79994183","79994480","chr9","79776548","79776848","5","217635"
"chr9","80612392","80612678","chr9","80401557","80401843","3","210835"
"chr9","80699813","80700100","chr9","80493382","80493673","5","206431"
"chr9","80734688","80734989","chr9","80531275","80531570","22","203413"
"chr9","81272110","81272410","chr9","80971847","80972152","9","300263"
"chr9","81481436","81481731","chr9","81180727","81181026","7","300709"
"chr9","82562280","82562592","chr9","82278700","82279009","4","283580"
"chr9","83061418","83061712","chr9","84698068","84698365","5","1636650"
"chr9","83153277","83153577","chr9","84604595","84604895","0","1451318"
"chr9","83172344","83172476","chr7","109446630","109446763","13","26274286"
"chr9","83228430","83228737","chr4","37943307","37943610","38","45285123"
"chr9","83439650","83439941","chr9","82746928","82747219","5","692722"
"chr9","83743026","83743339","chr9","83064460","83064770","11","678566"
"chr9","83782971","83783282","chr9","83105780","83106093","8","677191"
"chr9","83829673","83829976","chr9","83154769","83155072","2","674904"
"chr9","84243920","84244217","chr9","83572638","83572936","1","671282"
"chr9","84431531","84431831","chr9","83769540","83769840","2","661991"
"chr9","84495524","84495834","chr9","83833913","83834223","1","661611"
"chr9","84732456","84732565","chr19","18852868","18852977","22","65879588"
"chr9","85037298","85037598","chr9","84378430","84378730","0","658868"
"chr9","85509921","85510228","chr9","85131499","85131807","2","378422"
"chr9","85790601","85790914","chr9","85419212","85419527","3","371389"
"chr9","86064578","86064879","chr9","85695023","85695323","1","369555"
"chr9","86194993","86195299","chr9","85827403","85827710","1","367590"
"chr9","86767378","86767662","chr9","86417183","86417467","1","350195"
"chr9","86915619","86915921","chr9","86577992","86578307","14","337627"
"chr9","87197193","87197512","chr9","86839117","86839439","5","358076"
"chr9","87435741","87436036","chr9","87075689","87075993","14","360052"
"chr9","87477566","87477847","chr9","87119600","87119881","1","357966"
"chr9","87480744","87481027","chr9","87122901","87123185","1","357843"
"chr9","87512216","87512524","chr9","87153744","87154053","1","358472"
"chr9","87573942","87574233","chr9","87216098","87216389","0","357844"
"chr9","87650198","87650481","chr9","87292079","87292362","1","358119"
"chr9","87713870","87714126","chr22","24487557","24487817","32","63226313"
"chr9","87847134","87847372","chr9","87481762","87482005","5","365372"
"chr9","88700608","88700910","chr9","88339928","88340220","19","360680"
"chr9","89298208","89298510","chr9","88973924","88974226","1","324284"
"chr9","90509156","90509441","chr9","90148127","90148413","2","361029"
"chr9","90610130","90610440","chr9","76618489","76618792","36","13991641"
"chr9","90812172","90812467","chr9","90455689","90455984","0","356483"
"chr9","90904779","90905081","chr18","31955915","31956220","39","58948864"
"chr9","90935402","90935697","chr9","90578148","90578448","6","357254"
"chr9","91109090","91109384","chr9","15029776","15030068","29","76079314"
"chr9","91150963","91151267","chr9","90792738","90793037","5","358225"
"chr9","91193801","91194114","chr9","90837291","90837601","7","356510"
"chr9","91451573","91451877","chr9","91065457","91065763","5","386116"
"chr9","91656097","91656393","chr9","91271936","91272232","0","384161"
"chr9","91990471","91990772","chr9","91614667","91614966","3","375804"
"chr9","92176761","92177039","chrX","11701415","11701694","36","80475346"
"chr9","92209340","92209644","chr9","91837146","91837450","1","372194"
"chr9","92335551","92335842","chr9","91968720","91969012","2","366831"
"chr9","92348708","92349006","chr9","91982306","91982604","2","366402"
"chr9","92364174","92364469","chr9","91998247","91998542","2","365927"
"chr9","92654777","92655092","chr9","92291035","92291350","0","363742"
"chr9","93111768","93112073","chr9","92746089","92746394","2","365679"
"chr9","93148397","93148684","chr9","92785776","92786059","6","362621"
"chr9","93418359","93418657","chr9","93059158","93059463","9","359201"
"chr9","93841132","93841436","chr9","93387292","93387602","8","453840"
"chr9","93848114","93848248","chr7","101855440","101855572","18","8007326"
"chr9","93848543","93848721","chr3","122868129","122868303","26","29019586"
"chr9","94835898","94836199","chr9","94390766","94391068","1","445132"
"chr9","95594849","95595142","chr12","4252086","4252382","36","91342763"
"chr9","95697137","95697433","chr9","95260675","95260972","1","436462"
"chr9","95710086","95710384","chr9","95273650","95273948","2","436436"
"chr9","95883545","95883850","chr9","95450444","95450749","0","433101"
"chr9","95896555","95896834","chr9","95463081","95463389","30","433474"
"chr9","95935939","95936236","chr9","95502272","95502571","3","433667"
"chr9","96052320","96052624","chr9","95617313","95617617","4","435007"
"chr9","96229719","96229785","chr2B","235218206","235218272","12","138988487"
"chr9","96238057","96238345","chr9","95800711","95801002","5","437346"
"chr9","96458672","96458981","chr9","96024323","96024629","6","434349"
"chr9","96459825","96460115","chr9","96025473","96025764","3","434352"
"chr9","96467305","96467599","chr9","96032698","96032992","1","434607"
"chr9","96903276","96903583","chr9","96480906","96481215","4","422370"
"chr9","97092172","97092463","chr9","96667623","96667914","0","424549"
"chr9","97232679","97232980","chr9","96809712","96810020","9","422967"
"chr9","97299233","97299533","chr9","96877601","96877901","2","421632"
"chr9","98190459","98190763","chr9","97786201","97786505","2","404258"
"chr9","98472553","98472846","chr9","98068880","98069173","0","403673"
"chr9","98550689","98550999","chr9","98148175","98148487","3","402514"
"chr9","99622760","99623056","chr12","3200083","3200381","38","96422677"
"chr9","99668585","99668881","chr9","99280496","99280793","2","388089"
"chr9","99673384","99673684","chr9","99285297","99285601","7","388087"
"chr9","102021604","102021902","chr9","101693437","101693743","8","328167"
"chr9","103556167","103556462","chr9","103103905","103104202","2","452262"
"chr9","103925961","103926276","chr9","103484585","103484873","33","441376"
"chr9","104272224","104272511","chr16","58866829","58867112","40","45405395"
"chr9","104307056","104307351","chr9","103874922","103875215","5","432134"
"chr9","104373259","104373557","chr9","103942528","103942826","1","430731"
"chr9","104538443","104538729","chr9","104124190","104124474","2","414253"
"chr9","104598709","104599001","chr9","104186926","104187214","4","411783"
"chr9","104641057","104641366","chr9","104230144","104230452","1","410913"
"chr9","104850714","104851012","chr9","104447933","104448230","6","402781"
"chr9","104977501","104977818","chr9","104575462","104575794","20","402039"
"chr9","105410555","105410845","chr9","104950053","104950340","4","460502"
"chr9","105785594","105785876","chr9","105327966","105328248","1","457628"
"chr9","105958764","105958863","chr11","107728520","107728620","17","1769756"
"chr9","106583801","106584102","chr9","106133761","106134065","3","450040"
"chr9","106753548","106753832","chr9","106307416","106307728","33","446132"
"chr9","106790906","106791167","chr9","106345974","106346236","1","444932"
"chr9","106961266","106961575","chr9","106524298","106524614","7","436968"
"chr9","106998518","106998837","chr9","106561747","106562069","8","436771"
"chr9","108099745","108100030","chr9","107691480","107691765","1","408265"
"chr9","108305938","108306237","chr9","107900429","107900728","1","405509"
"chr9","108661077","108661383","chr9","108263862","108264168","1","397215"
"chr9","108666533","108666835","chr9","108269317","108269619","1","397216"
"chr9","109377674","109378006","chr17","2052218","2052543","47","107325456"
"chr9","109435785","109436092","chr9","109049234","109049546","6","386551"
"chr9","109454274","109454555","chr9","109067722","109068003","2","386552"
"chr9","109634367","109634470","chr9","109248128","109248231","2","386239"
"chr9","109752437","109752742","chr9","109369686","109369993","4","382751"
"chr9","109826740","109827054","chr9","109444136","109444449","5","382604"
"chr9","109874934","109875186","chr9","109494096","109494351","4","380838"
"chr9","110381101","110381398","chr9","110007399","110007697","3","373702"
"chr9","110692256","110692554","chr9","110330854","110331153","1","361402"
"chr9","110826366","110826675","chr9","110466866","110467178","4","359500"
"chr9","111058066","111058376","chr9","110703628","110703941","5","354438"
"chr9","111121023","111121323","chr9","110768703","110769003","7","352320"
"chr9","111303031","111303318","chr9","110954770","110955090","33","348261"
"chr9","111471406","111471700","chr9","111124559","111124857","4","346847"
"chr9","111474500","111474809","chr9","111127654","111127963","0","346846"
"chr9","111544821","111545123","chr9","111199527","111199829","0","345294"
"chr9","111552396","111552712","chr9","111207104","111207420","0","345292"
"chr9","111694569","111694884","chr9","111355414","111355729","1","339155"
"chr9","111816642","111816948","chr9","111479839","111480146","3","336803"
"chr9","111916108","111916407","chr9","111582734","111583033","0","333374"
"chr9","111982352","111982638","chr9","111650491","111650777","0","331861"
"chr9","112592030","112592284","chr9","112052306","112052596","42","539724"
"chr9","112926908","112927206","chr9","112392500","112392799","1","534408"
"chr9","113332356","113332647","chr9","112802823","112803116","2","529533"
"chr9","113424145","113424454","chr9","112896367","112896676","1","527778"
"chr9","113699428","113699490","chr16","1740873","1740930","18","111958555"
"chr9","114100793","114101085","chr9","113580464","113580758","5","520329"
"chr9","114193860","114194168","chr14","53861711","53862022","39","60332149"
"chr9","115665089","115665398","chr9","115146220","115146526","4","518869"
"chr9","115745877","115746179","chr9","115227026","115227328","0","518851"
"chr9","116216307","116216610","chr9","115702764","115703069","4","513543"
"chr9","117065021","117065338","chr9","116562671","116562983","7","502350"
"chr9","117110135","117110447","chr9","116608663","116608975","3","501472"
"chr9","118228074","118228387","chr9","117739641","117739952","4","488433"
"chr9","119384717","119385020","chr9","118923351","118923652","7","461366"
"chr9","119760495","119760807","chr9","119308181","119308493","1","452314"
"chr9","119845143","119845443","chr9","119391044","119391355","16","454099"
"chr9","120094722","120095026","chr9","119645597","119645904","4","449125"
"chr9","120507343","120507639","chr9","120067806","120068102","0","439537"
"chr9","120933082","120933386","chr9","120500797","120501101","3","432285"
"chr9","120971090","120971390","chr9","120535614","120535914","1","435476"
"chr9","121003367","121003638","chr9","120568943","120569216","2","434424"
"chr9","121374417","121374687","chr9","120946918","120947182","8","427499"
"chr9","121443915","121444210","chr9","121018071","121018365","1","425844"
"chr9","121473511","121473705","chr9","121050806","121050999","9","422705"
"chr9","122426111","122426387","chr9","122009408","122009689","9","416703"
"chr9","122857398","122857695","chr9","122252131","122252428","0","605267"
"chr9","122982640","122982947","chr9","122379612","122379919","4","603028"
"chr9","122996257","122996550","chr9","122393293","122393586","3","602964"
"chr9","123364508","123364801","chr9","122769779","122770077","8","594729"
"chr9","123636105","123636443","chr9","123045563","123045902","2","590542"
"chr9","123957340","123957641","chr9","123378051","123378348","9","579289"
"chr9","124067508","124067801","chr9","123490702","123490995","4","576806"
"chr9","124344139","124344435","chr9","123775439","123775737","2","568700"
"chr9","124552757","124552859","chr9","123993001","123993103","2","559756"
"chr9","124672576","124672876","chr9","124124038","124124342","5","548538"
"chr9","124709362","124709391","chr8","99741541","99741573","11","24967821"
"chr9","124714362","124714652","chr6","110133960","110134254","37","14580402"
"chr9","124896424","124896733","chr9","124363030","124363342","4","533394"
"chr9","124944324","124944634","chr9","124412520","124412832","3","531804"
"chr9","124986740","124987039","chr9","124458750","124459045","7","527990"
"chr9","125222033","125222326","chr2A","31063347","31063638","39","94158686"
"chr9","125292658","125292961","chr9","124769944","124770255","12","522714"
"chr9","125500001","125500084","chr5","181069208","181069286","11","55569207"
"chr9","126203831","126204132","chr9","125696744","125697052","10","507087"
"chr9","126339880","126340146","chr9","125835304","125835583","14","504576"
"chr9","126345052","126345370","chr9","125840608","125840927","2","504444"
"chr9","126701190","126701495","chr9","126052554","126052860","2","648636"
"chr9","126756014","126756325","chr9","126107836","126108119","29","648178"
"chr9","126785241","126785532","chr9","126137700","126137992","1","647541"
"chr9","126847764","126848070","chr9","126202059","126202368","4","645705"
"chr9","127024528","127024823","chr1","153217348","153217644","35","26192820"
"chr9","127129540","127129817","chr9","126490633","126490938","30","638907"
"chr9","127142918","127143052","chr9","126503972","126504108","2","638946"
"chr9","127282032","127282332","chr9","126627040","126627340","1","654992"
"chr9","127397221","127397501","chr9","126744293","126744604","32","652928"
"chr9","127539052","127539343","chr9","126892398","126892689","1","646654"
"chr9","127574322","127574619","chr9","126929281","126929578","3","645041"
"chr9","127698634","127698931","chr9","127051930","127052227","0","646704"
"chr9","127700234","127700531","chr9","127053843","127054141","1","646391"
"chr9","127772155","127772452","chr9","127130760","127131057","0","641395"
"chr9","127876760","127877058","chr9","127244679","127244976","4","632081"
"chr9","128144455","128144758","chr9","127516472","127516784","12","627983"
"chr9","128154141","128154440","chr1","78370843","78371142","26","49783298"
"chr9","128241374","128241687","chr19","62182382","62182693","41","66058992"
"chr9","128502070","128502136","chr9","127881014","127881082","2","621056"
"chr9","128502343","128502532","chr1","44529891","44530194","118","83972452"
"chr9","128835493","128835792","chr9","128222595","128222894","2","612898"
"chr9","128901368","128901551","chr12","56810076","56810260","25","72091292"
"chr9","128906105","128906230","chr9","4470652","4470774","18","124435453"
"chr9","129094309","129094603","chr9","128484095","128484392","3","610214"
"chr9","129204039","129204276","chr7","145916272","145916512","29","16712233"
"chr9","129261007","129261296","chr9","128684689","128684979","3","576318"
"chr9","129359425","129359718","chr4","40341217","40341506","32","89018208"
"chr9","129448165","129448453","chr9","128873285","128873574","2","574880"
"chr9","129541339","129541602","chr9","128967648","128967911","1","573691"
"chr9","129848195","129848493","chr9","129287872","129288170","0","560323"
"chr9","130457415","130457712","chr9","130011653","130011963","15","445762"
"chr9","130581858","130582164","chr9","130138794","130139100","0","443064"
"chr9","130811683","130811943","chr9","82078879","82079143","34","48732804"
"chr9","131075444","131075744","chr4","154903067","154903365","31","23827623"
"chr9","131083676","131083969","chr9","130738009","130738303","3","345667"
"chr9","131086647","131086944","chr7","67822658","67822953","31","63263989"
"chr9","131097210","131097500","chr9","130751296","130751586","2","345914"
"chr9","131177464","131177760","chr9","130836732","130837026","4","340732"
"chr9","131863736","131864046","chr9","131547035","131547328","19","316701"
"chr9","132054756","132055038","chr9","131743570","131743855","7","311186"
"chr9","132213783","132214057","chr9","131909822","131910096","0","303961"
"chr9","132314724","132315022","chr9","132013994","132014293","5","300730"
"chr9","132362406","132362696","chr9","132061039","132061329","1","301367"
"chr9","132408494","132408800","chr9","132107578","132107878","10","300916"
"chr9","132825654","132825952","chr9","132546800","132547107","11","278854"
"chr9","133042270","133042544","chr9","132780785","132781059","5","261485"
"chr9","133837555","133837848","chr9","133626822","133627115","3","210733"
"chr9","133873658","133873815","chr20","16036085","16036272","60","117837573"
"chr9","133960822","133961113","chr9","133748783","133749074","4","212039"
"chr9","133991463","133991762","chr9","133779243","133779542","2","212220"
"chr9","135570515","135570843","chr9","134955485","134955784","31","615030"
"chr9","135603476","135603745","chr9","134988922","134989203","14","614554"
"chr9","135978193","135978414","chr9","135383354","135383576","4","594839"
"chr9","136184286","136184599","chr9","135598806","135599119","1","585480"
"chr9","136756613","136756691","chr17","1333187","1333268","11","135423426"
"chr9","136914204","136914504","chr9","136478747","136479030","20","435457"
"chr9","136952062","136952368","chr15","88044910","88045215","35","48907152"
"chr9","137016271","137016570","chr9","136581046","136581340","5","435225"
"chr9","137126094","137126399","chr9","136694273","136694579","2","431821"
"chr9","137152695","137152995","chr9","136723454","136723756","4","429241"
"chr9","137539530","137539825","chr9","137105746","137106042","8","433784"
"chr9","137619924","137620234","chr12","24555144","24555454","41","113064780"
"chr9","137706218","137706515","chr7","140938636","140938929","32","3232418"
"chr9","137850319","137850597","chr10","2450788","2451067","30","135399531"
"chr9","137871258","137871558","chr9","137415906","137416208","2","455352"
"chr9","138095336","138095632","chr9","137639112","137639408","4","456224"
"chrX","123600859","123601157","chrX","124762874","124763172","1","1162015"
"chrX","673565","673857","chr1","7693601","7693896","38","7020036"
"chrX","677155","677443","chr13","114098596","114098883","34","113421441"
"chrX","735285","735581","chrX","679690","679983","4","55595"
"chrX","758907","759207","chrX","705374","705674","2","53533"
"chrX","849287","849507","chr6","160036702","160036919","34","159187415"
"chrX","850953","851260","chrX","791190","791497","6","59763"
"chrX","892285","892575","chr19","39685173","39685461","33","38792888"
"chrX","925910","926192","chr4","90429122","90429400","38","89503212"
"chrX","1001181","1001502","chrX","1013469","1013790","2","12288"
"chrX","1040031","1040346","chr1","124407286","124407598","39","123367255"
"chrX","1048970","1049278","chr1","55135283","55135595","41","54086313"
"chrX","1473422","1473732","chrUn_GL393554","11417","11725","11","1462005"
"chrX","1647644","1647977","chr16","25179591","25179916","52","23531947"
"chrX","1682409","1682685","chrUn_GL394295","2765","3059","22","1679644"
"chrX","1795287","1795585","chr3","122915973","122916273","47","121120686"
"chrX","1967668","1967953","chr2B","121892945","121893233","35","119925277"
"chrX","1975129","1975459","chr1","24190740","24191046","57","22215611"
"chrX","2009981","2010270","chr19","39685173","39685461","34","37675192"
"chrX","2029750","2030060","chr6","35412177","35412489","29","33382427"
"chrX","2065364","2065643","chr1","211189222","211189501","30","209123858"
"chrX","2110082","2110385","chr15","88044910","88045215","30","85934828"
"chrX","2190019","2190311","chr8","51614428","51614723","33","49424409"
"chrX","2197847","2197899","chr4","105213948","105214003","19","103016101"
"chrX","2197986","2198049","chr9","69015668","69015733","22","66817682"
"chrX","2227158","2227451","chrX","2195261","2195554","1","31897"
"chrX","2251682","2251990","chr5","117359395","117359695","37","115107713"
"chrX","2309004","2309315","chr7","56839417","56839730","43","54530413"
"chrX","2350516","2350814","chrX","2308355","2308654","4","42161"
"chrX","2405316","2405610","chrX","2364356","2364654","5","40960"
"chrX","2406743","2406878","chrX","2365790","2365925","5","40953"
"chrX","2418826","2418961","chrX","2377942","2378077","1","40884"
"chrX","2468641","2468946","chrX","2429755","2430065","7","38886"
"chrX","2471022","2471327","chr1","17500967","17501267","34","15029945"
"chrX","2494634","2494920","chrX","2452231","2452517","0","42403"
"chrX","2551535","2551847","chrX","2512148","2512446","16","39387"
"chrX","2612059","2612362","chrX","2570608","2570912","4","41451"
"chrX","2675626","2675851","chrX","2634706","2634931","1","40920"
"chrX","3242848","3242974","chrX","3216026","3216153","3","26822"
"chrX","3342798","3343060","chr4","81687830","81688088","38","78345032"
"chrX","3456714","3457018","chrX","3433570","3433876","4","23144"
"chrX","3530388","3530712","chrX","3509868","3510189","12","20520"
"chrX","3549219","3549520","chrX","3531025","3531326","1","18194"
"chrX","3635066","3635376","chr8","45779966","45780276","40","42144900"
"chrX","4511912","4512180","chrX","4488375","4488640","5","23537"
"chrX","4938499","4938808","chrX","4923574","4923883","2","14925"
"chrX","5096621","5096932","chrX","5083081","5083392","2","13540"
"chrX","5880543","5880849","chrX","5847424","5847729","1","33119"
"chrX","5891939","5892266","chrX","5858774","5859087","19","33165"
"chrX","6660709","6660995","chrX","6595530","6595816","4","65179"
"chrX","6963909","6964201","chr9","34168099","34168391","38","27204190"
"chrX","7039865","7040167","chrX","6971947","6972253","4","67918"
"chrX","8525039","8525322","chrX","8555847","8556157","27","30808"
"chrX","8525384","8525398","chr2A","86562381","86562407","17","78036997"
"chrX","8557022","8557319","chrX","8587263","8587560","2","30241"
"chrX","8920605","8920743","chrX","8920860","8921000","3","255"
"chrX","8922926","8923225","chrX","8923186","8923485","0","260"
"chrX","9296358","9296654","chr1","161634069","161634369","42","152337711"
"chrX","9478123","9478410","chrX","9505616","9505897","6","27493"
"chrX","9842217","9842449","chrX","9872932","9873156","10","30715"
"chrX","11264716","11265034","chr15","86367441","86367753","32","75102725"
"chrX","11689329","11689608","chrX","11701415","11701694","0","12086"
"chrX","11926483","11926793","chrX","11944341","11944663","13","17858"
"chrX","12657503","12657792","chrX","12692904","12693193","0","35401"
"chrX","12838320","12838609","chr10","116779194","116779483","41","103940874"
"chrX","14718560","14718816","chrX","14861677","14861933","0","143117"
"chrX","15050135","15050444","chrX","15209787","15210096","1","159652"
"chrX","15194849","15195131","chrX","15414695","15414977","3","219846"
"chrX","15220118","15220416","chrX","15437677","15437975","1","217559"
"chrX","15228196","15228426","chrX","15446184","15446414","2","217988"
"chrX","15778712","15779005","chrX","15924294","15924589","2","145582"
"chrX","15844585","15844873","chrX","15991165","15991455","4","146580"
"chrX","15901139","15901436","chrX","16048528","16048826","3","147389"
"chrX","16773283","16773409","chr1","205251781","205251905","16","188478498"
"chrX","16785686","16785984","chrX","16923743","16924042","2","138057"
"chrX","17120193","17120499","chr10","93983882","93984180","32","76863689"
"chrX","17728300","17728500","chrX","17907098","17907318","20","178798"
"chrX","18189603","18189896","chr8","123868559","123868848","36","105678956"
"chrX","18236399","18236646","chrX","18427706","18427954","4","191307"
"chrX","18311272","18311561","chrX","18495870","18496159","1","184598"
"chrX","18346958","18347258","chrX","18532247","18532549","4","185289"
"chrX","18826742","18827045","chrX","19022051","19022351","6","195309"
"chrX","18835203","18835543","chr5","14252117","14252415","68","4583086"
"chrX","18906415","18906707","chr7","70805236","70805525","27","51898821"
"chrX","19062543","19062847","chrX","19263859","19264177","17","201316"
"chrX","19224164","19224449","chr8","123868559","123868848","36","104644395"
"chrX","19244290","19244592","chrX","19447697","19447999","6","203407"
"chrX","19550049","19550358","chr6","6728897","6729194","52","12821152"
"chrX","19840173","19840464","chr11","66478364","66478652","35","46638191"
"chrX","20054153","20054444","chrX","20264291","20264583","4","210138"
"chrX","20068808","20069107","chr1","127046194","127046494","31","106977386"
"chrX","20073478","20073767","chr4","121884465","121884760","57","101810987"
"chrX","20125699","20126017","chrX","20337225","20337537","6","211526"
"chrX","20169410","20169700","chrX","20378295","20378586","1","208885"
"chrX","20177308","20177599","chr11","63211739","63212025","35","43034431"
"chrX","21390229","21390530","chrX","21618761","21619065","5","228532"
"chrX","21765254","21765556","chr8","51697169","51697472","29","29931915"
"chrX","21821790","21822112","chrX","22058101","22058425","3","236311"
"chrX","21882075","21882379","chrX","22122088","22122393","1","240013"
"chrX","22039056","22039355","chrX","22284054","22284353","2","244998"
"chrX","22646382","22646616","chrX","22894948","22895183","3","248566"
"chrX","23076664","23076975","chrX","23332929","23333244","7","256265"
"chrX","23684689","23684957","chrX","23930931","23931201","5","246242"
"chrX","23764047","23764125","chrX","24020384","24020464","2","256337"
"chrX","23780636","23780936","chr12","107745775","107746073","29","83965139"
"chrX","23866731","23867034","chr6","141030414","141030717","39","117163683"
"chrX","23905913","23906215","chrX","24162158","24162461","3","256245"
"chrX","23971658","23971945","chr8","37231388","37231676","30","13259730"
"chrX","23988607","23988890","chr11","114863713","114863997","35","90875106"
"chrX","24273996","24274313","chrX","24530542","24530859","0","256546"
"chrX","24534400","24534688","chr16","87207535","87207824","35","62673135"
"chrX","24575711","24576024","chrX","97411427","97411739","37","72835716"
"chrX","24647471","24647767","chrX","24900522","24900818","0","253051"
"chrX","24659447","24659749","chrX","24912435","24912737","0","252988"
"chrX","24989618","24989902","chr12","98924305","98924585","52","73934687"
"chrX","26563855","26564163","chrX","26826190","26826499","8","262335"
"chrX","27329062","27329371","chrX","27598649","27598962","4","269587"
"chrX","27615214","27615512","chr3","3591651","3591948","32","24023563"
"chrX","27685704","27685992","chrX","27962817","27963105","1","277113"
"chrX","28355118","28355425","chrX","28622407","28622719","6","267289"
"chrX","29023549","29023838","chrX","29070760","29071077","28","47211"
"chrX","29223658","29223940","chrX","29259483","29259765","1","35825"
"chrX","29389098","29389395","chrX","29428376","29428666","8","39278"
"chrX","29467229","29467340","chrX","29507166","29507277","0","39937"
"chrX","29478077","29478355","chrX","29518111","29518390","1","40034"
"chrX","29537716","29538016","chrX","29578528","29578826","5","40812"
"chrX","29564350","29564576","chrX","29605205","29605432","1","40855"
"chrX","30625110","30625417","chrX","30677126","30677433","1","52016"
"chrX","30758823","30759133","chrX","30814456","30814766","2","55633"
"chrX","30787258","30787560","chrX","30843062","30843365","4","55804"
"chrX","31211989","31212278","chrX","31265899","31266193","6","53910"
"chrX","31987026","31987313","chrX","32047137","32047426","4","60111"
"chrX","32452393","32452679","chrX","32536257","32536543","1","83864"
"chrX","32625972","32626268","chrX","32712825","32713121","2","86853"
"chrX","32738304","32738598","chrX","32828686","32828980","2","90382"
"chrX","33127932","33128227","chrX","33221766","33222061","2","93834"
"chrX","33229267","33229570","chrX","33328876","33329179","4","99609"
"chrX","34514390","34514511","chr7","141694833","141694959","18","107180443"
"chrX","34514566","34514686","chr6","21178033","21178152","34","13336533"
"chrX","36140091","36140386","chrX","36203671","36203965","3","63580"
"chrX","36168693","36168993","chrX","36233678","36233978","4","64985"
"chrX","36369073","36369383","chr14","21459742","21460054","37","14909331"
"chrX","36426494","36426770","chrX","36497632","36497910","2","71138"
"chrX","38445670","38445963","chr2A","31063347","31063638","32","7382323"
"chrX","38491266","38491558","chr1","41585409","41585706","31","3094143"
"chrX","38611750","38612064","chrX","38816359","38816667","6","204609"
"chrX","39008503","39008803","chrX","39231839","39232140","1","223336"
"chrX","39837241","39837531","chrX","40062216","40062495","12","224975"
"chrX","40321466","40321774","chrX","40554591","40554898","1","233125"
"chrX","40506862","40507102","chrX","40741931","40742172","4","235069"
"chrX","40728644","40728939","chrX","40963218","40963512","7","234574"
"chrX","40939090","40939398","chrX","41174671","41174980","2","235581"
"chrX","40966084","40966388","chr10","121184273","121184577","23","80218189"
"chrX","41058987","41059277","chrX","41298145","41298436","3","239158"
"chrX","41140280","41140579","chr7","113428241","113428547","31","72287961"
"chrX","41180461","41180760","chrX","41416924","41417223","5","236463"
"chrX","41277996","41278196","chr19","41248917","41249111","28","29079"
"chrX","41314793","41315083","chr22","49705972","49706262","37","8391179"
"chrX","41344612","41344944","chrX","101630375","101630689","51","60285763"
"chrX","41350945","41351226","chr7","44457673","44457955","32","3106728"
"chrX","41469148","41469451","chr9","70949495","70949790","38","29480347"
"chrX","41512554","41512867","chrX","41762520","41762830","10","249966"
"chrX","41514061","41514377","chrX","41764027","41764343","4","249966"
"chrX","41551547","41551833","chrX","41804709","41804992","4","253162"
"chrX","41638703","41639009","chr12","107745775","107746073","32","66107072"
"chrX","41838862","41839157","chrX","42100995","42101293","5","262133"
"chrX","42055765","42056077","chrX","42322666","42322978","4","266901"
"chrX","43312225","43312518","chrX","43471783","43472077","2","159558"
"chrX","43380833","43381135","chrX","43540449","43540751","1","159616"
"chrX","43864169","43864457","chr12","61669265","61669555","36","17805096"
"chrX","44587784","44588095","chrX","44765309","44765619","1","177525"
"chrX","44758950","44759245","chr5","78921011","78921302","35","34162061"
"chrX","44766107","44766394","chrX","44948172","44948460","3","182065"
"chrX","44885025","44885295","chr10","125370416","125370686","39","80485391"
"chrX","45017448","45017759","chrX","45229362","45229672","2","211914"
"chrX","45168886","45169188","chrX","45382745","45383051","4","213859"
"chrX","45207704","45207938","chr8","26611033","26611269","64","18596671"
"chrX","45244852","45245162","chrX","45459105","45459388","27","214253"
"chrX","45378225","45378520","chrX","45593922","45594218","3","215697"
"chrX","45692927","45693228","chrX","45899588","45899890","4","206661"
"chrX","45868637","45868931","chrX","46034388","46034681","6","165751"
"chrX","46488882","46489174","chrX","46681302","46681593","1","192420"
"chrX","46848115","46848416","chr13","95765800","95766100","34","48917685"
"chrX","47093299","47093606","chr13","30793195","30793500","28","16300104"
"chrX","47101536","47101839","chrX","47313162","47313468","4","211626"
"chrX","47106865","47107168","chrX","47318503","47318778","29","211638"
"chrX","47392112","47392407","chr17","11327119","11327421","50","36064993"
"chrX","47398795","47399089","chr9","36732833","36733127","32","10665962"
"chrX","47555223","47555498","chrX","120407369","120407639","52","72852146"
"chrX","47579287","47579574","chr6","7116401","7116689","33","40462886"
"chrX","47735555","47735865","chrX","124264776","124265076","39","76529221"
"chrX","47775960","47776250","chrX","47945339","47945632","9","169379"
"chrX","48366171","48366463","chrX","48534667","48534959","2","168496"
"chrX","48799776","48800067","chr17","36286100","36286392","33","12513676"
"chrX","49176389","49176689","chr6","6728897","6729194","27","42447492"
"chrX","49714842","49715131","chr4","185366244","185366532","30","135651402"
"chrX","49849046","49849324","chrX","141306249","141306528","37","91457203"
"chrX","50474735","50475046","chrX","50817973","50818281","14","343238"
"chrX","51528295","51528586","chrX","51873129","51873420","0","344834"
"chrX","51832154","51832460","chrX","51974789","51975095","0","142635"
"chrX","52009391","52009690","chrX","52156799","52157099","2","147408"
"chrX","52129629","52129922","chr2B","236928045","236928342","34","184798416"
"chrX","52475033","52475318","chrX","52604328","52604613","0","129295"
"chrX","53655833","53656104","chr7","83690296","83690566","41","30034463"
"chrX","53716520","53716806","chr5","78921011","78921302","38","25204491"
"chrX","54120244","54120525","chr11","11682634","11682913","35","42437610"
"chrX","54120565","54120580","chr2A","86562381","86562407","15","32441816"
"chrX","54161784","54162063","chrX","54525999","54526278","0","364215"
"chrX","54179051","54179364","chrX","54554065","54554378","2","375014"
"chrX","54196927","54196939","chr2A","86562381","86562407","17","32365454"
"chrX","54197063","54197349","chr20","12489550","12489858","23","41707513"
"chrX","54278432","54278745","chr14","21459742","21460054","33","32818690"
"chrX","54811112","54811408","chrX","55064096","55064394","3","252984"
"chrX","54861641","54861938","chr12","107745775","107746073","27","52884134"
"chrX","54862907","54863193","chrUn_GL394265","713","1015","17","54862194"
"chrX","57453593","57453914","chrX","57728270","57728591","1","274677"
"chrX","62325750","62326007","chrX","62580460","62580717","1","254710"
"chrX","62573511","62573813","chrX","62954541","62954849","7","381030"
"chrX","63542946","63543254","chrX","63858385","63858691","2","315439"
"chrX","64517052","64517368","chrX","64917236","64917553","1","400184"
"chrX","64845849","64846140","chrX","65253001","65253294","2","407152"
"chrX","64847678","64847989","chr1","22967515","22967827","40","41880163"
"chrX","64884210","64884472","chrX","65291825","65292087","0","407615"
"chrX","65275799","65276110","chr1","160904377","160904682","41","95628578"
"chrX","66987175","66987470","chrX","67420560","67420854","5","433385"
"chrX","67474938","67475244","chrX","67912621","67912927","3","437683"
"chrX","67544841","67545141","chrX","67982233","67982515","20","437392"
"chrX","67659164","67659457","chrX","68094798","68095097","9","435634"
"chrX","67771554","67771853","chrX","68212963","68213261","4","441409"
"chrX","68880144","68880433","chrX","69268097","69268387","2","387953"
"chrX","69018927","69019227","chr4","40333225","40333536","43","28685702"
"chrX","69292386","69292681","chrX","69674082","69674392","22","381696"
"chrX","69789120","69789429","chrX","70170302","70170618","9","381182"
"chrX","70402978","70403289","chrX","70808934","70809246","3","405956"
"chrX","70611136","70611427","chrX","71015300","71015593","2","404164"
"chrX","70625120","70625414","chr1","51781911","51782208","32","18843209"
"chrX","70796599","70796852","chrX","71198594","71198857","11","401995"
"chrX","70905398","70905690","chrX","71311184","71311477","1","405786"
"chrX","71357478","71357535","chrX","71753639","71753696","1","396161"
"chrX","73086478","73086774","chrX","73522956","73523252","2","436478"
"chrX","73335550","73335841","chrX","73780743","73781040","7","445193"
"chrX","73348781","73349081","chrX","73796504","73796811","9","447723"
"chrX","73575091","73575380","chrX","74021992","74022285","5","446901"
"chrX","73775029","73775319","chrX","74227769","74228055","5","452740"
"chrX","74023573","74023885","chrX","74474388","74474701","4","450815"
"chrX","74144896","74145181","chr5","179678021","179678301","25","105533125"
"chrX","74232057","74232353","chrX","74699187","74699479","7","467130"
"chrX","75751921","75752197","chrX","76239954","76240230","2","488033"
"chrX","76081549","76081852","chrX","76582779","76583083","2","501230"
"chrX","76894432","76894738","chrX","77453805","77454115","4","559373"
"chrX","77004759","77005067","chrX","77571659","77571970","5","566900"
"chrX","77033723","77034023","chrX","77597839","77598141","2","564116"
"chrX","77085788","77086101","chr4","189264627","189264941","47","112178839"
"chrX","77086161","77086308","chr7","116153076","116153214","24","39066915"
"chrX","77191168","77191475","chr1","24190740","24191046","33","53000428"
"chrX","77195412","77195708","chrX","77767284","77767580","1","571872"
"chrX","77196572","77196699","chrX","77768444","77768572","6","571872"
"chrX","77206584","77206889","chrX","77778584","77778893","6","572000"
"chrX","77975862","77976158","chrX","78565935","78566233","3","590073"
"chrX","78082785","78083095","chrX","78673848","78674157","16","591063"
"chrX","79099004","79099312","chrX","79697080","79697388","3","598076"
"chrX","79933804","79933886","chr1","26249212","26249298","15","53684592"
"chrX","80987306","80987616","chrX","81670075","81670385","7","682769"
"chrX","81043633","81043928","chrX","81728905","81729205","5","685272"
"chrX","81593754","81594048","chrX","82284992","82285289","3","691238"
"chrX","82296568","82296865","chrX","83001927","83002240","18","705359"
"chrX","85275256","85275548","chr1","205799406","205799702","42","120524150"
"chrX","86133098","86133407","chrX","86977989","86978296","3","844891"
"chrX","86476473","86476779","chrX","87334704","87335007","6","858231"
"chrX","86986792","86987092","chrX","87831723","87832024","2","844931"
"chrX","88764701","88764955","chrX","89387021","89387304","33","622320"
"chrX","89270560","89270850","chrX","89893056","89893381","38","622496"
"chrX","91051071","91051384","chrX","91691537","91691852","7","640466"
"chrX","91511957","91512260","chrX","92154820","92155123","1","642863"
"chrX","92414073","92414359","chrX","93118183","93118472","3","704110"
"chrX","93774857","93775166","chrX","94508216","94508526","4","733359"
"chrX","94201892","94202162","chrX","94953354","94953626","3","751462"
"chrX","94690109","94690403","chrX","95441171","95441470","11","751062"
"chrX","95137234","95137537","chrX","95957953","95958257","8","820719"
"chrX","95290908","95291213","chrX","96111988","96112293","0","821080"
"chrX","95297085","95297381","chrX","96118166","96118464","4","821081"
"chrX","96452024","96452306","chrX","97327132","97327414","1","875108"
"chrX","96535990","96536302","chrX","97411427","97411739","1","875437"
"chrX","96604784","96605067","chrX","97480593","97480876","0","875809"
"chrX","96628596","96628900","chrX","97504324","97504629","8","875728"
"chrX","96846559","96846861","chrX","97729414","97729716","1","882855"
"chrX","96930176","96930480","chrX","97812992","97813296","2","882816"
"chrX","96937344","96937617","chr6","43651297","43651569","25","53286047"
"chrX","97079656","97079955","chrX","97971806","97972105","2","892150"
"chrX","97168026","97168325","chrX","98069630","98069931","8","901604"
"chrX","98933964","98934269","chr1","64257123","64257429","40","34676841"
"chrX","100007348","100007629","chrX","101006538","101006822","26","999190"
"chrX","100048888","100049200","chrX","101049146","101049487","31","1000258"
"chrX","100062717","100063020","chrX","101063600","101063902","2","1000883"
"chrX","100173309","100173613","chrX","101171952","101172256","0","998643"
"chrX","100403979","100404286","chrX","101390365","101390677","6","986386"
"chrX","100493346","100493632","chrX","101492019","101492305","1","998673"
"chrX","100568990","100569303","chrX","101567690","101567997","6","998700"
"chrX","100659002","100659318","chr1","16562064","16562375","36","84096938"
"chrX","102337129","102337430","chrX","103267483","103267788","7","930354"
"chrX","102363006","102363172","chrX","103293178","103293344","1","930172"
"chrX","103721798","103722100","chrX","104679344","104679650","6","957546"
"chrX","103751281","103751576","chrX","104708472","104708767","3","957191"
"chrX","103851814","103852114","chrX","104810744","104811044","1","958930"
"chrX","104003690","104003984","chrX","104972597","104972893","4","968907"
"chrX","105616828","105617128","chr20","34480160","34480456","33","71136668"
"chrX","107049703","107050015","chrX","108006839","108007153","2","957136"
"chrX","107098180","107098469","chrX","108055543","108055832","0","957363"
"chrX","107382778","107383059","chrX","108338840","108339121","1","956062"
"chrX","107557521","107557832","chrX","108524715","108525026","0","967194"
"chrX","107644619","107644901","chrX","108611505","108611792","5","966886"
"chrX","108066816","108067096","chrX","109052172","109052452","0","985356"
"chrX","110307692","110307982","chrX","111163148","111163438","1","855456"
"chrX","111228502","111228795","chr10","124762447","124762739","36","13533945"
"chrX","111245664","111245766","chr18","13174428","13174529","20","98071236"
"chrX","111331362","111331455","chr22","43858578","43858664","20","67472784"
"chrX","112480788","112481052","chrX","113432302","113432566","0","951514"
"chrX","112558388","112558685","chrX","113509719","113510016","1","951331"
"chrX","113685544","113685843","chrX","114641894","114642193","1","956350"
"chrX","114279576","114279860","chrX","115275960","115276244","2","996384"
"chrX","115297594","115297902","chrX","116310807","116311117","4","1013213"
"chrX","115308282","115308589","chrX","116321619","116321925","1","1013337"
"chrX","115868298","115868616","chr2A","59337711","59338022","49","56530587"
"chrX","115906217","115906522","chrX","116900790","116901095","3","994573"
"chrX","116171402","116171671","chrX","117175450","117175718","4","1004048"
"chrX","117831042","117831335","chr9","104447933","104448230","34","13383109"
"chrX","117881055","117881347","chrX","118864947","118865244","6","983892"
"chrX","118307929","118308233","chrX","119361754","119362059","2","1053825"
"chrX","118334299","118334596","chr15","61590731","61591031","52","56743568"
"chrX","118416843","118417151","chrX","47313162","47313468","41","71103681"
"chrX","118702143","118702440","chr20","46687781","46688075","35","72014362"
"chrX","118964173","118964314","chr19","10286657","10286802","17","108677516"
"chrX","119003962","119004254","chrX","120065225","120065518","1","1061263"
"chrX","119249618","119249925","chr1","24190740","24191046","38","95058878"
"chrX","119277623","119277912","chrX","120338794","120339097","14","1061171"
"chrX","119341973","119342277","chrX","120395491","120395798","9","1053518"
"chrX","119354131","119354402","chrX","120407369","120407639","6","1053238"
"chrX","119354988","119355271","chrX","120408226","120408509","1","1053238"
"chrX","119375470","119375681","chr3","10168807","10169021","25","109206663"
"chrX","123056276","123056559","chrX","124193780","124194088","28","1137504"
"chrX","123062691","123062981","chrX","124200588","124200879","1","1137897"
"chrX","123189601","123189902","chrX","124328486","124328791","5","1138885"
"chrX","123263419","123263703","chr13","32872949","32873233","34","90390470"
"chrX","123308881","123309043","chr7","159071431","159071591","25","35762550"
"chrX","123335848","123336144","chrX","124485859","124486155","1","1150011"
"chrX","123442432","123442728","chrX","124595230","124595516","17","1152798"
"chrX","123698822","123699114","chr12","128802058","128802349","32","5103236"
"chrX","123783659","123783958","chrX","124951423","124951733","17","1167764"
"chrX","123873804","123874098","chrX","125041108","125041402","2","1167304"
"chrX","124317541","124317829","chrX","125505982","125506268","3","1188441"
"chrX","124751010","124751302","chrX","125945176","125945469","1","1194166"
"chrX","124809787","124810083","chrX","126003274","126003582","16","1193487"
"chrX","125446110","125446398","chrX","126640112","126640400","2","1194002"
"chrX","126195607","126195905","chrX","136657333","136657618","44","10461726"
"chrX","126757861","126758153","chrX","127944851","127945145","3","1186990"
"chrX","127458267","127458562","chrX","128652663","128652958","0","1194396"
"chrX","127470729","127470963","chr1","31382634","31382865","38","96088095"
"chrX","129454171","129454390","chr1","31382634","31382865","40","98071537"
"chrX","129512378","129512669","chrX","130675747","130676037","2","1163369"
"chrX","129569206","129569510","chrX","130730153","130730450","12","1160947"
"chrX","129691842","129692130","chr1","143898399","143898693","35","14206557"
"chrX","129793663","129793929","chrX","130958743","130959009","1","1165080"
"chrX","129840400","129840711","chrX","131002940","131003251","2","1162540"
"chrX","129916385","129916671","chr18","48355479","48355763","37","81560906"
"chrX","131151306","131151616","chrX","132316050","132316359","1","1164744"
"chrX","131286348","131286635","chrX","132448657","132448945","3","1162309"
"chrX","132045540","132045846","chrX","133257204","133257480","30","1211664"
"chrX","132590835","132591138","chrX","133794340","133794649","6","1203505"
"chrX","133463360","133463438","chr4","17203585","17203661","11","116259775"
"chrX","133831535","133831795","chrX","135044593","135044851","3","1213058"
"chrX","133953661","133953925","chrX","135176513","135176779","2","1222852"
"chrX","133962817","133963113","chrX","135187495","135187791","1","1224678"
"chrX","133983002","133983289","chrX","135207531","135207826","11","1224529"
"chrX","134144806","134145104","chrX","135371515","135371813","0","1226709"
"chrX","134208963","134209271","chrX","135437034","135437341","5","1228071"
"chrX","134213931","134214239","chrX","135442056","135442364","6","1228125"
"chrX","134229163","134229459","chr7","109847432","109847731","51","24381731"
"chrX","134251317","134251618","chr17","2674926","2675229","29","131576391"
"chrX","134261471","134261781","chr1","184071818","184072130","29","49810347"
"chrX","134407762","134408024","chrX","135636405","135636698","34","1228643"
"chrX","135081960","135082091","chrX","2377942","2378077","33","132704018"
"chrX","135348020","135348305","chrX","136657333","136657618","0","1309313"
"chrX","135362785","135363091","chrX","136672214","136672522","2","1309429"
"chrX","135389559","135389618","chr1","118789449","118789506","9","16600110"
"chrX","135468151","135468444","chrX","136775265","136775558","4","1307114"
"chrX","135524026","135524320","chrX","136834351","136834646","1","1310325"
"chrX","135698113","135698418","chrX","137015703","137016009","1","1317590"
"chrX","136033744","136034047","chrX","137342245","137342533","16","1308501"
"chrX","136149110","136149418","chrX","137458451","137458757","4","1309341"
"chrX","136255933","136256238","chrX","137566604","137566909","0","1310671"
"chrX","136256899","136257189","chrX","137567570","137567861","1","1310671"
"chrX","136331378","136331685","chrX","137640847","137641149","6","1309469"
"chrX","136764103","136764400","chrX","138065298","138065598","3","1301195"
"chrX","136783369","136783544","chrX","138086277","138086452","0","1302908"
"chrX","139311914","139312222","chrX","140640819","140641124","13","1328905"
"chrX","139982586","139982910","chr10","98892132","98892445","44","41090454"
"chrX","140118983","140119280","chr1","66160426","66160725","35","73958557"
"chrX","140132529","140132821","chrX","141454174","141454463","4","1321645"
"chrX","140519356","140519659","chrX","141802381","141802687","5","1283025"
"chrX","140664961","140665258","chrX","141945919","141946218","2","1280958"
"chrX","141005289","141005588","chrX","141898859","141899161","4","893570"
"chrX","141011461","141011740","chrX","141893235","141893514","2","881774"
"chrX","141012649","141012952","chrX","141892022","141892325","2","879373"
"chrX","141699678","141699980","chr14","89857189","89857489","32","51842489"
"chrX","145091909","145092217","chrX","146440390","146440700","7","1348481"
"chrX","145291898","145292021","chrX","146640865","146640988","0","1348967"
"chrX","145473130","145473440","chr4","169004675","169004986","44","23531545"
"chrX","146184818","146185086","chrX","147548849","147549119","2","1364031"
"chrX","148953126","148953426","chrX","150247535","150247836","2","1294409"
"chrX","149164874","149165179","chrX","150410956","150411260","2","1246082"
"chrX","149215469","149215583","chr8","18982007","18982114","20","130233462"
"chrX","150333971","150334261","chrX","151571564","151571850","6","1237593"
"chrX","150440678","150440977","chr5","37460994","37461290","36","112979684"
"chrX","150459095","150459397","chrX","151702235","151702540","5","1243140"
"chrX","150551947","150552246","chr9","104447933","104448230","35","46104014"
"chrX","151189836","151190127","chrX","152440990","152441281","1","1251154"
"chrX","152267556","152267737","chrX","153514674","153514872","19","1247118"
"chrX","153236310","153236615","chrX","154495724","154496029","2","1259414"
"chrX","153333524","153333822","chrX","154580015","154580318","6","1246491"
"chrX","153339187","153339338","chr16","31179130","31179280","21","122160057"
"chrX","153433905","153434164","chrX","154680583","154680845","4","1246678"
"chrX","153874655","153874973","chrX","155214425","155214745","4","1339770"
"chrX","154349214","154349519","chrX","155759037","155759344","7","1409823"
"chr10","627933","628220","chr10","614147","614412","23","13786"
"chr10","762088","762372","chr10","755014","755298","5","7074"
"chr10","1082441","1082752","chr10","1078683","1078994","0","3758"
"chr10","2418342","2418621","chr10","2450788","2451067","0","32446"
"chr10","2537381","2537689","chr10","2576590","2576897","8","39209"
"chr10","3514477","3514786","chr10","3572515","3572820","6","58038"
"chr10","3602992","3603286","chr10","3657908","3658203","4","54916"
"chr10","3856488","3856801","chr10","3920121","3920434","1","63633"
"chr10","4031669","4031800","chr10","4097342","4097473","0","65673"
"chr10","4093453","4093739","chr10","4159988","4160274","1","66535"
"chr10","4099615","4099909","chr10","4166141","4166436","6","66526"
"chr10","4568840","4569155","chr10","4636862","4637179","11","68022"
"chr10","4764193","4764490","chr10","4832362","4832659","7","68169"
"chr10","4911133","4911417","chr10","4972708","4972992","0","61575"
"chr10","5083482","5083789","chr10","5136094","5136405","12","52612"
"chr10","5418610","5418894","chr10","5469162","5469444","3","50552"
"chr10","5660845","5661136","chr10","5716484","5716776","2","55639"
"chr10","5706904","5707210","chr10","5764196","5764507","8","57292"
"chr10","5854138","5854440","chr10","5912773","5913076","5","58635"
"chr10","6041345","6041645","chr10","6102044","6102344","0","60699"
"chr10","6252403","6252699","chr10","6318513","6318811","5","66110"
"chr10","6727362","6727644","chr10","6801731","6802045","35","74369"
"chr10","6924655","6924960","chr10","7001498","7001800","7","76843"
"chr10","6946936","6947236","chr10","7021289","7021581","11","74353"
"chr10","7072078","7072374","chr10","7147427","7147725","7","75349"
"chr10","7075298","7075594","chr10","7151421","7151721","4","76123"
"chr10","7217045","7217308","chr10","7295096","7295360","1","78051"
"chr10","7583782","7584076","chr10","7660707","7661001","1","76925"
"chr10","7897725","7898030","chr10","7973868","7974169","6","76143"
"chr10","7938616","7938922","chr10","8015178","8015484","2","76562"
"chr10","8019292","8019600","chr10","8097895","8098203","1","78603"
"chr10","8030307","8030603","chr10","8108908","8109204","1","78601"
"chr10","8200273","8200537","chr10","8287760","8288024","0","87487"
"chr10","8227892","8228176","chr10","8315920","8316207","5","88028"
"chr10","8493774","8494054","chr10","8584573","8584886","33","90799"
"chr10","9228201","9228484","chr10","9339413","9339696","0","111212"
"chr10","9905165","9905460","chr10","10040269","10040564","1","135104"
"chr10","10039384","10039629","chr10","10177002","10177239","24","137618"
"chr10","10377583","10377884","chr10","10521974","10522275","2","144391"
"chr10","10546338","10546634","chr10","10694898","10695166","28","148560"
"chr10","10795276","10795515","chr10","10945457","10945703","8","150181"
"chr10","11130344","11130640","chr9","38316168","38316464","37","27185824"
"chr10","11356573","11356876","chr10","11512542","11512845","2","155969"
"chr10","11719004","11719303","chr10","11886101","11886400","0","167097"
"chr10","12044284","12044593","chr14","99786490","99786801","39","87742206"
"chr10","12045744","12046054","chr10","12217895","12218183","22","172151"
"chr10","12068647","12068925","chr10","12241582","12241862","2","172935"
"chr10","12082584","12082894","chr10","12255383","12255693","1","172799"
"chr10","12165267","12165573","chr10","12340117","12340423","0","174850"
"chr10","12385617","12385917","chr10","12574042","12574342","0","188425"
"chr10","12398370","12398663","chr10","12587130","12587427","5","188760"
"chr10","12402413","12402604","chr1","24253735","24253927","24","11851322"
"chr10","12465355","12465651","chr10","12656374","12656679","9","191019"
"chr10","12486006","12486301","chr10","12677195","12677490","1","191189"
"chr10","12734962","12735270","chr10","12939218","12939526","0","204256"
"chr10","12788533","12788835","chr10","12994642","12994944","3","206109"
"chr10","13032649","13032936","chr10","13244789","13245076","0","212140"
"chr10","13126036","13126342","chr10","13340479","13340782","6","214443"
"chr10","13135971","13136281","chr10","13350654","13350963","9","214683"
"chr10","13204071","13204381","chr2B","213038961","213039267","34","199834890"
"chr10","13888826","13889133","chr10","13762551","13762858","2","126275"
"chr10","13899397","13899706","chr10","13773078","13773390","13","126319"
"chr10","14237841","14238139","chr5","127087047","127087345","29","112849206"
"chr10","14286901","14287199","chr10","14166215","14166513","1","120686"
"chr10","14295252","14295523","chr10","14174655","14174925","3","120597"
"chr10","14819879","14820169","chr10","14713623","14713914","3","106256"
"chr10","14959751","14960053","chr10","14855226","14855543","15","104525"
"chr10","15215435","15215738","chr20","42776852","42777149","32","27561417"
"chr10","15634331","15634626","chr1","143898399","143898693","35","128264068"
"chr10","15638490","15638783","chr10","15477092","15477388","6","161398"
"chr10","15700218","15700514","chr10","15541134","15541428","4","159084"
"chr10","15729663","15729969","chr10","15570612","15570919","4","159051"
"chr10","15858233","15858544","chr10","15702934","15703244","6","155299"
"chr10","15897500","15897831","chr10","15742634","15742967","3","154866"
"chr10","15904768","15905080","chr10","15749934","15750247","1","154834"
"chr10","15909959","15910255","chr10","15755129","15755430","5","154830"
"chr10","16017380","16017689","chr10","15862884","15863191","11","154496"
"chr10","16132688","16132991","chr10","15980514","15980823","9","152174"
"chr10","16349866","16350151","chr13","114098596","114098883","30","97748730"
"chr10","16817176","16817499","chr10","16675721","16676020","24","141455"
"chr10","16987699","16987988","chr10","16847194","16847485","4","140505"
"chr10","17155503","17155803","chr10","17016785","17017086","2","138718"
"chr10","17309538","17309834","chr10","17173310","17173608","4","136228"
"chr10","17314634","17314934","chr10","17178432","17178732","1","136202"
"chr10","17398897","17399203","chr10","17264064","17264373","10","134833"
"chr10","17849255","17849540","chr10","17716042","17716327","0","133213"
"chr10","18007017","18007315","chr10","17876129","17876428","4","130888"
"chr10","18079436","18079745","chr10","17951458","17951771","7","127978"
"chr10","18127623","18127934","chr10","17999690","18000000","3","127933"
"chr10","18176094","18176373","chr10","18043525","18043826","24","132569"
"chr10","18212137","18212441","chr10","18081327","18081633","3","130810"
"chr10","18226282","18226579","chr3","198078071","198078370","33","179851789"
"chr10","18343781","18344091","chr10","18215212","18215531","15","128569"
"chr10","18553179","18553471","chr10","18429170","18429461","1","124009"
"chr10","18694288","18694575","chr10","18501258","18501543","4","193030"
"chr10","19124897","19125202","chr10","18944513","18944818","1","180384"
"chr10","19137146","19137451","chr10","18956725","18957037","8","180421"
"chr10","19368935","19369215","chr10","19188264","19188569","28","180671"
"chr10","19496343","19496633","chr10","19315603","19315893","0","180740"
"chr10","20046740","20047033","chr10","19877704","19878009","13","169036"
"chr10","20092868","20093181","chr10","19926139","19926455","7","166729"
"chr10","20321453","20321737","chr10","20164052","20164331","6","157401"
"chr10","20394790","20395103","chr12","94938195","94938504","34","74543405"
"chr10","20516873","20517175","chr10","20362819","20363126","8","154054"
"chr10","20672256","20672558","chr10","20524233","20524541","7","148023"
"chr10","21938134","21938445","chr10","21820496","21820795","13","117638"
"chr10","21993695","21993995","chr10","21877032","21877333","10","116663"
"chr10","22364494","22364812","chr10","22170013","22170303","29","194481"
"chr10","23333237","23333530","chr13","32872949","32873233","39","9539712"
"chr10","23792102","23792313","chr10","23611366","23611579","5","180736"
"chr10","24328005","24328282","chr10","24156798","24157075","4","171207"
"chr10","25084941","25085237","chr10","24932165","24932473","13","152776"
"chr10","25237058","25237364","chr10","25085663","25085955","14","151395"
"chr10","25304112","25304405","chr10","25152780","25153078","7","151332"
"chr10","27056796","27057075","chrX","135176513","135176779","46","108119717"
"chr10","27168307","27168535","chr1","128366960","128367184","35","101198653"
"chr10","27304715","27305024","chr10","27175730","27176039","0","128985"
"chr10","27591546","27591850","chr10","27467296","27467607","9","124250"
"chr10","27613106","27613364","chr10","27488859","27489145","31","124247"
"chr10","27674604","27674916","chr10","27551275","27551586","1","123329"
"chr10","28755002","28755081","chr10","28658134","28658214","3","96868"
"chr10","29034159","29034465","chr10","28945747","28946057","6","88412"
"chr10","29056610","29056924","chr10","28968729","28969043","6","87881"
"chr10","29119788","29120085","chr10","29034180","29034480","3","85608"
"chr10","29148814","29149110","chr10","29063280","29063580","4","85534"
"chr10","29174002","29174229","chr10","29090051","29090301","23","83951"
"chr10","29176009","29176300","chr10","29092191","29092482","2","83818"
"chr10","30266395","30266567","chr10","30206203","30206400","25","60192"
"chr10","30268337","30268635","chr10","30208207","30208506","12","60130"
"chr10","30270508","30270818","chr10","30210380","30210690","3","60128"
"chr10","30416029","30416328","chr10","30360532","30360835","16","55497"
"chr10","30554626","30554920","chr10","30501231","30501526","2","53395"
"chr10","30964423","30964722","chr10","30927945","30928245","2","36478"
"chr10","31044423","31044717","chr10","31013576","31013869","2","30847"
"chr10","31104475","31104766","chr10","31073784","31074076","11","30691"
"chr10","31152134","31152430","chr10","31121652","31121950","2","30482"
"chr10","31311371","31311660","chr10","31280692","31280981","3","30679"
"chr10","31407295","31407603","chr10","31378507","31378817","4","28788"
"chr10","31881561","31881855","chr10","31610606","31610901","2","270955"
"chr10","31893769","31894084","chr10","31623226","31623541","6","270543"
"chr10","32416312","32416620","chr10","32153890","32154198","0","262422"
"chr10","32489184","32489497","chr10","32226754","32227067","3","262430"
"chr10","32668543","32668834","chr10","32408852","32409144","1","259691"
"chr10","32775249","32775552","chr10","32514333","32514645","14","260916"
"chr10","33059518","33059810","chr6","31410095","31410389","34","1649423"
"chr10","33082109","33082390","chr10","32822469","32822753","3","259640"
"chr10","33114125","33114415","chr10","32854744","32855034","1","259381"
"chr10","34077974","34078278","chr10","33831433","33831737","0","246541"
"chr10","34092666","34092976","chr10","33846135","33846445","3","246531"
"chr10","34570748","34571036","chr10","34330534","34330822","4","240214"
"chr10","34608346","34608638","chr10","34367881","34368173","0","240465"
"chr10","34652454","34652765","chr9","111355414","111355729","30","76702960"
"chr10","34738699","34739004","chr10","34501610","34501914","5","237089"
"chr10","34922442","34922745","chr10","34686802","34687106","2","235640"
"chr10","35152706","35153011","chr10","34923437","34923734","9","229269"
"chr10","35615686","35615989","chr10","35398013","35398317","2","217673"
"chr10","35649970","35650288","chr10","35432557","35432855","26","217413"
"chr10","35736638","35736950","chr10","35522449","35522761","2","214189"
"chr10","35899392","35899694","chr10","35686440","35686743","4","212952"
"chr10","36042058","36042363","chr10","35830549","35830855","2","211509"
"chr10","36332163","36332448","chr10","36123897","36124182","0","208266"
"chr10","36389902","36390209","chr10","36186021","36186330","2","203881"
"chr10","36499313","36499629","chr10","36294745","36295062","5","204568"
"chr10","36632444","36632740","chr10","36428461","36428757","1","203983"
"chr10","36643827","36644111","chr8","123868559","123868848","38","87224732"
"chr10","36763508","36763805","chr10","36561004","36561301","4","202504"
"chr10","37091888","37092183","chr10","36893717","36894015","8","198171"
"chr10","37347816","37348090","chr10","37158459","37158733","0","189357"
"chr10","37387524","37387824","chr10","37199746","37200047","3","187778"
"chr10","37440832","37441137","chr2B","178467549","178467850","40","141026717"
"chr10","37456282","37456579","chr10","37270482","37270781","4","185800"
"chr10","38231555","38231865","chr10","38162668","38162979","3","68887"
"chr10","38353502","38353800","chr10","38285354","38285651","5","68148"
"chr10","38468234","38468476","chr10","38403237","38403479","0","64997"
"chr10","38835994","38836280","chr10","38783381","38783668","1","52613"
"chr10","42912702","42912999","chr10","42587099","42587412","19","325603"
"chr10","43519554","43519860","chr10","43209124","43209431","1","310430"
"chr10","43603371","43603681","chr10","43295360","43295672","3","308011"
"chr10","43709471","43709777","chr10","43409948","43410254","2","299523"
"chr10","43716613","43716937","chr10","43421904","43422226","11","294709"
"chr10","46482387","46482701","chr10","46117579","46117891","8","364808"
"chr10","47523669","47523969","chr18","31958969","31959269","37","15564700"
"chr10","49225835","49226118","chr10","48853162","48853445","1","372673"
"chr10","49993177","49993445","chr10","49618121","49618389","2","375056"
"chr10","50025854","50026154","chr10","49650893","49651192","3","374961"
"chr10","50046847","50047157","chr10","49672079","49672390","3","374768"
"chr10","51113369","51113675","chr10","50754292","50754598","0","359077"
"chr10","51259993","51260280","chr10","50905784","50906085","15","354209"
"chr10","51435718","51436004","chr10","51088945","51089231","0","346773"
"chr10","52585803","52586107","chr10","52176511","52176818","4","409292"
"chr10","52891877","52892170","chr10","52473382","52473675","0","418495"
"chr10","55015773","55016065","chr10","54573764","54574043","15","442009"
"chr10","57956541","57956835","chr10","57544648","57544938","5","411893"
"chr10","59133989","59134283","chr10","58754957","58755252","2","379032"
"chr10","60395350","60395625","chr10","59919230","59919505","1","476120"
"chr10","60464679","60464985","chr10","59988698","59988996","8","475981"
"chr10","60885572","60885896","chr10","60409302","60409614","16","476270"
"chr10","60972920","60973236","chr10","60498277","60498563","34","474643"
"chr10","61958884","61959186","chr10","61502603","61502910","8","456281"
"chr10","62296883","62297185","chr10","61846594","61846902","7","450289"
"chr10","62318629","62318913","chr10","61868458","61868768","26","450171"
"chr10","62322749","62323071","chr10","61872580","61872905","4","450169"
"chr10","62354518","62354803","chr10","61905267","61905553","6","449251"
"chr10","62557731","62558025","chr10","62113269","62113572","12","444462"
"chr10","63178611","63178923","chr10","62732251","62732562","1","446360"
"chr10","63508004","63508287","chr2B","221448701","221448978","39","157940697"
"chr10","63686609","63686919","chr10","63265465","63265771","5","421144"
"chr10","64997303","64997608","chr10","64621655","64621962","4","375648"
"chr10","65499572","65499848","chr10","65123970","65124248","3","375602"
"chr10","65826940","65827243","chr10","65460368","65460687","22","366572"
"chr10","66282700","66282999","chr10","65921948","65922247","1","360752"
"chr10","66524243","66524415","chr12","6786374","6786542","39","59737869"
"chr10","66559058","66559334","chr10","66202619","66202920","29","356439"
"chr10","66593558","66593850","chr10","66238476","66238768","2","355082"
"chr10","66642958","66643263","chr10","66287837","66288145","4","355121"
"chr10","66705253","66705552","chr10","66350646","66350946","4","354607"
"chr10","66859358","66859644","chr12","101161744","101162027","36","34302386"
"chr10","67029063","67029373","chr10","66687481","66687799","9","341582"
"chr10","67155244","67155535","chr10","66821723","66822016","4","333521"
"chr10","67180354","67180648","chr10","66848130","66848424","1","332224"
"chr10","67211470","67211764","chr10","66880166","66880459","5","331304"
"chr10","67530478","67530768","chr10","66968188","66968486","10","562290"
"chr10","67534266","67534563","chr17","19687748","19688043","40","47846518"
"chr10","67543043","67543342","chr10","66980014","66980313","1","563029"
"chr10","67635512","67635639","chr9","4470652","4470774","20","63164860"
"chr10","67656392","67656692","chr10","67097669","67097971","3","558723"
"chr10","67664140","67664434","chr10","67105428","67105722","0","558712"
"chr10","67667599","67667898","chr10","67108879","67109172","6","558720"
"chr10","67733672","67733748","chr4","130986424","130986500","9","63252752"
"chr10","67808000","67808273","chr10","67256564","67256852","17","551436"
"chr10","68032214","68032515","chr10","67492684","67492987","2","539530"
"chr10","68146101","68146392","chr10","67609993","67610288","5","536108"
"chr10","68347673","68347967","chr10","67824466","67824762","4","523207"
"chr10","68357689","68357989","chr10","67834528","67834836","11","523161"
"chr10","68428203","68428446","chr4","1611829","1612075","34","66816374"
"chr10","68722828","68722968","chr10","68209094","68209226","9","513734"
"chr10","69463610","69463912","chr10","68970508","68970814","6","493102"
"chr10","69873078","69873391","chr10","69383796","69384108","6","489282"
"chr10","70871310","70871520","chr11","67447426","67447612","57","3423884"
"chr10","70917213","70917523","chr10","70457028","70457338","1","460185"
"chr10","70920136","70920155","chr2A","86562381","86562407","16","15642245"
"chr10","70920181","70920462","chr1","15565561","15565849","36","55354620"
"chr10","70979356","70979653","chr10","70520882","70521183","6","458474"
"chr10","71138852","71139151","chr10","70678124","70678422","1","460728"
"chr10","71239841","71240124","chr10","70786667","70786975","26","453174"
"chr10","71301931","71302242","chr10","70852634","70852942","5","449297"
"chr10","71449765","71450071","chr10","71003157","71003463","1","446608"
"chr10","71567032","71567339","chr10","71116831","71117145","11","450201"
"chr10","71821446","71821759","chr7","56391423","56391718","42","15430023"
"chr10","71835135","71835466","chr10","71396662","71397004","17","438473"
"chr10","71860869","71861125","chr10","71423361","71423623","8","437508"
"chr10","72125166","72125472","chr10","71704758","71705065","1","420408"
"chr10","72380723","72381025","chr10","71967239","71967539","5","413484"
"chr10","72637086","72637395","chr10","72230426","72230735","1","406660"
"chr10","72641133","72641422","chr10","72234410","72234720","22","406723"
"chr10","72646249","72646536","chr10","72239529","72239817","2","406720"
"chr10","72663406","72663705","chr10","72257197","72257496","1","406209"
"chr10","72973365","72973543","chr14","102055726","102055904","26","29082361"
"chr10","73201090","73201392","chr10","72592502","72592805","2","608588"
"chr10","73528884","73529198","chr10","72924032","72924341","6","604852"
"chr10","74100664","74100977","chr20","46094818","46095122","40","28005846"
"chr10","74112019","74112305","chr10","73513962","73514248","2","598057"
"chr10","74290527","74290839","chr10","73691596","73691905","7","598931"
"chr10","74939495","74939790","chr10","74353872","74354166","2","585623"
"chr10","75284335","75284610","chr10","74701747","74702022","1","582588"
"chr10","75391855","75392164","chr10","74810043","74810354","25","581812"
"chr10","75399398","75399709","chr10","74818298","74818609","0","581100"
"chr10","76361976","76362275","chr10","75779924","75780225","4","582052"
"chr10","76449264","76449556","chr10","75865829","75866123","5","583435"
"chr10","76478789","76479081","chr10","75895534","75895826","2","583255"
"chr10","76902265","76902572","chr3","49037757","49038064","38","27864508"
"chr10","77022718","77023026","chr10","76455493","76455801","0","567225"
"chr10","77043751","77044067","chr10","76476905","76477221","1","566846"
"chr10","77697774","77698074","chr15","38226582","38226880","34","39471192"
"chr10","77898071","77898372","chr10","77350352","77350658","7","547719"
"chr10","78155015","78155287","chr10","77602079","77602366","16","552936"
"chr10","78596365","78596679","chr10","78054647","78054961","0","541718"
"chr10","78652822","78653120","chr10","78111969","78112263","5","540853"
"chr10","78696019","78696347","chr10","78156051","78156361","20","539968"
"chr10","78812324","78812629","chr10","78274829","78275133","1","537495"
"chr10","78853400","78853681","chr10","78324272","78324553","2","529128"
"chr10","81150045","81150368","chr1","12516471","12516782","45","68633574"
"chr10","84281554","84281854","chr10","83689884","83690185","1","591670"
"chr10","84385862","84386160","chr10","83796802","83797100","2","589060"
"chr10","84548730","84549036","chr10","83961540","83961848","5","587190"
"chr10","86135502","86135694","chr10","85579572","85579764","0","555930"
"chr10","86391992","86392270","chr5","179678021","179678301","43","93286029"
"chr10","86523406","86523715","chr10","85980165","85980475","5","543241"
"chr10","86540054","86540351","chr10","85996358","85996662","7","543696"
"chr10","86580500","86580793","chr10","86037281","86037576","5","543219"
"chr10","86713915","86714217","chr10","86172971","86173271","2","540944"
"chr10","87985751","87986047","chr10","87252647","87252943","1","733104"
"chr10","88009174","88009428","chr10","87276930","87277184","4","732244"
"chr10","89724532","89724832","chr10","88973146","88973446","1","751386"
"chr10","91258957","91259235","chr10","90523039","90523317","1","735918"
"chr10","91959849","91960140","chr10","91224587","91224877","2","735262"
"chr10","92335299","92335380","chr1","183972982","183973064","14","91637683"
"chr10","92361371","92361665","chr10","91634275","91634570","2","727096"
"chr10","92502150","92502425","chr10","91780596","91780871","1","721554"
"chr10","92545488","92545783","chr10","91826788","91827085","3","718700"
"chr10","92759797","92760054","chr10","92051260","92051518","4","708537"
"chr10","92966752","92967044","chr10","92261075","92261381","17","705677"
"chr10","93050362","93050649","chr10","92344143","92344431","1","706219"
"chr10","93067125","93067424","chr10","92361238","92361537","6","705887"
"chr10","93293659","93293949","chr7","66020356","66020651","36","27273303"
"chr10","93396414","93396707","chr10","92693908","92694201","1","702506"
"chr10","93451222","93451529","chr10","92749184","92749495","7","702038"
"chr10","93730743","93731042","chr10","93034060","93034361","4","696683"
"chr10","93737688","93737982","chr10","93040980","93041275","2","696708"
"chr10","94432261","94432551","chr10","93741108","93741398","1","691153"
"chr10","94647289","94647589","chr6","131747876","131748177","30","37100587"
"chr10","94651866","94652164","chr10","93965962","93966260","0","685904"
"chr10","94669289","94669585","chr10","93983882","93984180","4","685407"
"chr10","95392326","95392626","chr10","94711517","94711821","4","680809"
"chr10","95794838","95795140","chr10","95134214","95134518","5","660624"
"chr10","95804393","95804703","chr10","95143774","95144075","9","660619"
"chr10","95817075","95817376","chr10","95156452","95156758","8","660623"
"chr10","96090525","96090835","chr10","95431904","95432208","6","658621"
"chr10","96317914","96318188","chr10","95662410","95662684","2","655504"
"chr10","96408269","96408551","chr8","96412688","96412980","38","4419"
"chr10","96540084","96540253","chrX","71023082","71023251","25","25517002"
"chr10","96661809","96662085","chr10","96010639","96010932","18","651170"
"chr10","96781699","96781955","chr10","96131797","96132096","43","649902"
"chr10","96783070","96783360","chr10","96133200","96133519","30","649870"
"chr10","96867656","96867994","chr10","96219390","96219700","37","648266"
"chr10","96997777","96998079","chr10","96351143","96351445","2","646634"
"chr10","97002523","97002836","chr10","96355895","96356207","4","646628"
"chr10","97035234","97035516","chr5","179678021","179678301","33","82642787"
"chr10","97142931","97143254","chr1","20712730","20713036","50","76430201"
"chr10","97421245","97421511","chr16","11256173","11256423","37","86165072"
"chr10","97428964","97429229","chr10","96790999","96791264","2","637965"
"chr10","97467916","97468224","chr10","96832210","96832508","19","635706"
"chr10","97494982","97495292","chr10","96860254","96860574","11","634728"
"chr10","97584474","97584764","chr10","96950512","96950802","0","633962"
"chr10","97750884","97751102","chr10","97120785","97121004","1","630099"
"chr10","97794803","97795106","chr10","97166034","97166338","1","628769"
"chr10","98398795","98399099","chr10","97782317","97782623","3","616478"
"chr10","98767846","98768148","chr10","98154209","98154512","3","613637"
"chr10","99324648","99324957","chr10","98723638","98723942","7","601010"
"chr10","99702877","99703177","chr10","99111269","99111572","4","591608"
"chr10","99724743","99725046","chr10","99133529","99133833","2","591214"
"chr10","100043027","100043311","chr18","42074338","42074627","36","57968689"
"chr10","100059663","100059962","chr15","69567400","69567700","29","30492263"
"chr10","100198130","100198197","chr8","80803434","80803503","10","19394696"
"chr10","100365381","100365684","chr10","99460868","99461174","7","904513"
"chr10","100420265","100420557","chr10","99514268","99514562","2","905997"
"chr10","101028855","101029160","chr10","100130172","100130478","2","898683"
"chr10","101246014","101246193","chr10","100354926","100355107","6","891088"
"chr10","101421873","101422173","chr1","131901211","131901510","41","30479338"
"chr10","101423957","101424257","chr10","100538147","100538447","2","885810"
"chr10","101468204","101468539","chr10","100582628","100582963","0","885576"
"chr10","101931173","101931468","chr10","101054943","101055242","30","876230"
"chr10","101970528","101970655","chr10","101099550","101099677","0","870978"
"chr10","102074341","102074635","chr10","101209659","101209953","1","864682"
"chr10","102242772","102243075","chr10","95156452","95156758","36","7086320"
"chr10","102468308","102468614","chr10","101610194","101610492","8","858114"
"chr10","102699516","102699816","chr10","101849974","101850274","0","849542"
"chr10","102746300","102746402","chr13","47819145","47819246","13","54927155"
"chr10","102886480","102886795","chr10","102050947","102051263","2","835533"
"chr10","102991950","102992250","chr10","102161413","102161713","3","830537"
"chr10","103066390","103066684","chr10","102239246","102239540","2","827144"
"chr10","103190910","103191195","chr10","102364763","102365049","1","826147"
"chr10","103300813","103301127","chr10","102471632","102471940","29","829181"
"chr10","103337683","103337816","chr5","155751924","155752056","23","52414241"
"chr10","103338124","103338222","chr9","33767679","33767755","37","69570445"
"chr10","103338521","103338547","chr2A","86562381","86562407","16","16776140"
"chr10","103418740","103419037","chr10","102577364","102577659","10","841376"
"chr10","103461421","103461733","chr10","102639542","102639854","0","821879"
"chr10","103464087","103464374","chr10","102642519","102642807","1","821568"
"chr10","103530128","103530427","chr10","102708458","102708758","2","821670"
"chr10","103717535","103717833","chr10","102897082","102897382","2","820453"
"chr10","103745665","103745973","chr10","102924997","102925306","4","820668"
"chr10","104335541","104335831","chr10","103525287","103525579","3","810254"
"chr10","105085152","105085451","chr10","104284075","104284376","6","801077"
"chr10","105241009","105241312","chr10","104441758","104442064","4","799251"
"chr10","105263560","105263855","chr10","104464271","104464567","5","799289"
"chr10","105600415","105600718","chr10","104802502","104802807","3","797913"
"chr10","105963375","105963669","chr10","105171019","105171315","4","792356"
"chr10","106764638","106764865","chr10","105997404","105997633","3","767234"
"chr10","107024797","107025087","chr10","106273188","106273478","1","751609"
"chr10","107089317","107089602","chr10","106347885","106348171","2","741432"
"chr10","107115946","107116255","chr10","106374646","106374955","4","741300"
"chr10","107376097","107376376","chr10","106636018","106636295","4","740079"
"chr10","109382542","109382693","chr10","108679259","108679406","7","703283"
"chr10","109539529","109539837","chr10","108837758","108838067","2","701771"
"chr10","109688933","109689233","chr10","108988423","108988724","3","700510"
"chr10","109700605","109700918","chr10","109000112","109000425","2","700493"
"chr10","109809803","109809918","chr10","109114059","109114176","2","695744"
"chr10","110472959","110473237","chr10","109789352","109789634","7","683607"
"chr10","110494098","110494393","chr9","109019089","109019367","63","1475009"
"chr10","112202294","112202584","chr10","111555029","111555319","2","647265"
"chr10","112318803","112319113","chr10","111670971","111671281","1","647832"
"chr10","112655648","112655951","chr10","112008509","112008815","4","647139"
"chr10","112713936","112714228","chr10","112072232","112072524","1","641704"
"chr10","112718663","112718986","chr3","154424516","154424839","47","41705853"
"chr10","112761088","112761388","chr10","112120428","112120729","2","640660"
"chr10","112965641","112965945","chr10","112327041","112327321","25","638600"
"chr10","112987696","112988014","chr14","104815575","104815872","55","8172121"
"chr10","113014705","113014988","chr10","112378885","112379168","0","635820"
"chr10","113051188","113051487","chr10","112416501","112416796","6","634687"
"chr10","113975207","113975513","chr10","113353568","113353876","6","621639"
"chr10","114321907","114322201","chr10","113706992","113707287","1","614915"
"chr10","114322619","114322916","chr10","113707705","113708002","0","614914"
"chr10","114505980","114506268","chr10","113895299","113895585","2","610681"
"chr10","114607818","114608113","chr10","114000366","114000679","19","607452"
"chr10","114626686","114626986","chr10","114019696","114020004","9","606990"
"chr10","114936742","114937041","chr10","114336535","114336835","2","600207"
"chr10","114949242","114949532","chr10","114349044","114349332","5","600198"
"chr10","114971787","114972020","chr10","114371865","114372106","8","599922"
"chr10","114973663","114973972","chr10","114373741","114374050","2","599922"
"chr10","114986141","114986456","chr10","114386245","114386560","2","599896"
"chr10","115255426","115255736","chr10","114658369","114658680","4","597057"
"chr10","115624924","115625232","chr10","115029237","115029545","0","595687"
"chr10","116692760","116693070","chr10","116105344","116105652","4","587416"
"chr10","117505508","117505810","chr10","116937295","116937605","9","568213"
"chr10","118150198","118150529","chr10","117586444","117586754","22","563754"
"chr10","118230258","118230527","chr10","117671842","117672113","4","558416"
"chr10","118742123","118742382","chr10","118187359","118187618","0","554764"
"chr10","118921430","118921736","chr10","118364692","118364998","1","556738"
"chr10","119473523","119473833","chr10","118923940","118924245","9","549583"
"chr10","119672355","119672642","chr10","119131166","119131454","1","541189"
"chr10","119682171","119682466","chr10","119141012","119141311","6","541159"
"chr10","120161559","120161869","chr10","119624448","119624760","4","537111"
"chr10","121349183","121349492","chr10","120839497","120839806","1","509686"
"chr10","121366332","121366604","chr10","120856676","120856948","1","509656"
"chr10","121481508","121481817","chr10","120977728","120978040","6","503780"
"chr10","121681835","121682138","chr10","121184273","121184577","1","497562"
"chr10","121914421","121914726","chr10","121419817","121420123","2","494604"
"chr10","122221378","122221684","chr10","121731278","121731574","22","490100"
"chr10","125081855","125082147","chr10","123795808","123796100","0","1286047"
"chr10","125289917","125290049","chr14","60419218","60419349","16","64870699"
"chr10","125531991","125532272","chr10","124255942","124256223","6","1276049"
"chr10","125669579","125669877","chr10","124394621","124394926","9","1274958"
"chr10","125762998","125763285","chr10","124493536","124493834","12","1269462"
"chr10","126020294","126020568","chr10","124762447","124762739","20","1257847"
"chr10","126535723","126536027","chr10","125290484","125290789","1","1245239"
"chr10","126611428","126611713","chr10","125366158","125366446","6","1245270"
"chr10","126615681","126615958","chr10","125370416","125370686","9","1245265"
"chr10","127650035","127650339","chr10","126422322","126422627","2","1227713"
"chr10","127684894","127685207","chr10","126457192","126457503","3","1227702"
"chr10","127929866","127930071","chr13","80198654","80198862","39","47731212"
"chr10","128614721","128615017","chr10","127452053","127452349","0","1162668"
"chr10","128650473","128650758","chr10","127488029","127488316","3","1162444"
"chr10","128975998","128976288","chr7","66020356","66020651","34","62955642"
"chr10","129355036","129355344","chr10","128196599","128196906","8","1158437"
"chr10","129447971","129448279","chr10","128296383","128296692","3","1151588"
"chr10","129619230","129619535","chr10","128466137","128466442","1","1153093"
"chr10","130346878","130347185","chr10","129200348","129200657","10","1146530"
"chr10","130673623","130673927","chr10","129529812","129530114","2","1143811"
"chr10","131505604","131505899","chr10","130358839","130359150","20","1146765"
"chr10","131989714","131990018","chr10","130856540","130856843","3","1133174"
"chr10","132354860","132355159","chr10","131232589","131232882","8","1122271"
"chr10","132859590","132859855","chr10","131795912","131796177","4","1063678"
"chr10","132866650","132866936","chr10","131802964","131803252","2","1063686"
"chr10","132959182","132959493","chr10","131896119","131896431","2","1063063"
"chr10","134260652","134260972","chr10","133165185","133165506","4","1095467"
"chr10","134300574","134300873","chr22","28195006","28195307","27","106105568"
"chr10","134852103","134852401","chr10","133377252","133377555","6","1474851"
"chr11","7471099","7471238","chr11","7458378","7458517","0","12721"
"chr11","29753098","29753390","chr11","29805752","29806057","20","52654"
"chr11","305452","305616","chr5","179257143","179257303","26","178951691"
"chr11","616006","616229","chrX","9872932","9873156","33","9256926"
"chr11","620300","620595","chr11","616519","616818","8","3781"
"chr11","695961","696252","chr11","699846","700137","1","3885"
"chr11","2008974","2009267","chr7","2312551","2312843","38","303577"
"chr11","3116921","3117004","chr7","74334484","74334567","11","71217563"
"chr11","3500661","3500953","chr11","3478929","3479223","8","21732"
"chr11","3703419","3703728","chr11","3612436","3612745","0","90983"
"chr11","3704006","3704296","chr11","3613023","3613313","3","90983"
"chr11","3706568","3706845","chr11","3615599","3615876","1","90969"
"chr11","3760890","3761211","chr11","3671384","3671701","6","89506"
"chr11","5089533","5089837","chr11","5024009","5024313","3","65524"
"chr11","5461279","5461546","chr11","5422131","5422401","6","39148"
"chr11","5590825","5591129","chr11","5554918","5555223","1","35907"
"chr11","6000308","6000604","chr11","5966511","5966807","1","33797"
"chr11","6096374","6096685","chr11","6066859","6067168","10","29515"
"chr11","6262623","6262927","chr11","6235940","6236250","9","26683"
"chr11","6561252","6561538","chr11","6534038","6534323","5","27214"
"chr11","7109069","7109301","chr11","7091890","7092122","2","17179"
"chr11","7235359","7235648","chr11","7218996","7219283","2","16363"
"chr11","7512842","7513137","chr11","7498984","7499282","10","13858"
"chr11","8854615","8854917","chr11","8798222","8798530","6","56393"
"chr11","9086483","9086786","chr11","9032810","9033118","7","53673"
"chr11","9159977","9160081","chr9","123993001","123993103","14","114833024"
"chr11","9236220","9236439","chr3","10168807","10169021","35","932587"
"chr11","9288183","9288489","chr11","9241033","9241343","8","47150"
"chr11","9382903","9383204","chr11","9339567","9339870","3","43336"
"chr11","9400136","9400444","chr11","9357084","9357393","3","43052"
"chr11","9560097","9560403","chr11","9520154","9520461","3","39943"
"chr11","9945568","9945862","chr11","9908099","9908396","7","37469"
"chr11","10347929","10348221","chr11","10316495","10316788","1","31434"
"chr11","10540630","10540904","chr11","10513269","10513543","0","27361"
"chr11","10591016","10591323","chr11","10563615","10563925","3","27401"
"chr11","12494880","12495194","chr3","156697128","156697439","43","144202248"
"chr11","12980217","12980527","chr11","12980773","12981083","0","556"
"chr11","14168411","14168598","chr11","14180653","14180840","0","12242"
"chr11","14171564","14171861","chr11","14183930","14184231","5","12366"
"chr11","14265757","14266052","chr11","14280116","14280411","1","14359"
"chr11","14286866","14287172","chr11","14302830","14303136","2","15964"
"chr11","14418622","14418912","chr11","14432997","14433287","0","14375"
"chr11","15408742","15408958","chr11","15432110","15432329","5","23368"
"chr11","16463063","16463374","chr1","24190740","24191046","54","7727677"
"chr11","16748657","16748930","chr11","16788927","16789172","28","40270"
"chr11","16774023","16774265","chr11","16815003","16815262","18","40980"
"chr11","16876621","16876863","chr2B","207946221","207946456","36","191069600"
"chr11","16898501","16898801","chr11","16942381","16942683","3","43880"
"chr11","17010324","17010641","chr11","17064069","17064387","2","53745"
"chr11","17177011","17177325","chr11","17231206","17231512","9","54195"
"chr11","17801872","17802183","chr11","17865388","17865699","0","63516"
"chr11","18088684","18088972","chr11","18154896","18155189","5","66212"
"chr11","18569095","18569380","chr11","18406382","18406667","1","162713"
"chr11","18636187","18636497","chr11","18476157","18476469","3","160030"
"chr11","18639631","18639927","chr11","18479613","18479909","1","160018"
"chr11","19902465","19902792","chr11","19768662","19768988","4","133803"
"chr11","20435580","20435866","chr11","20323995","20324282","1","111585"
"chr11","21119007","21119304","chr11","21019483","21019788","8","99524"
"chr11","21822957","21823248","chr1","161634069","161634369","36","139811112"
"chr11","22274047","22274349","chr11","22193056","22193358","2","80991"
"chr11","22954024","22954319","chr11","22881267","22881562","6","72757"
"chr11","22992688","22992927","chr11","22920242","22920485","9","72446"
"chr11","23855261","23855548","chr11","23794256","23794546","7","61005"
"chr11","23961616","23961931","chr11","23900676","23900987","7","60940"
"chr11","24132075","24132393","chr11","24078965","24079279","5","53110"
"chr11","25663732","25664031","chr11","25640772","25641072","11","22960"
"chr11","26164357","26164661","chr11","26166226","26166526","4","1869"
"chr11","26196669","26196970","chr11","26198066","26198369","3","1397"
"chr11","26251400","26251705","chr11","26255143","26255451","5","3743"
"chr11","26296047","26296366","chr11","26299568","26299890","4","3521"
"chr11","26306991","26307287","chr11","26310970","26311265","4","3979"
"chr11","26489967","26490276","chr11","26498866","26499175","0","8899"
"chr11","27001904","27002265","chr19","54733121","54733479","80","27731217"
"chr11","27063974","27064280","chr11","27073247","27073552","3","9273"
"chr11","27195016","27195312","chr11","27198213","27198509","2","3197"
"chr11","27330515","27330823","chr11","27335312","27335620","2","4797"
"chr11","28798508","28798802","chr11","28830616","28830909","2","32108"
"chr11","29426919","29427220","chr11","29471902","29472207","5","44983"
"chr11","30162384","30162683","chr10","6318513","6318811","37","23843871"
"chr11","31115340","31115632","chr11","31187262","31187554","4","71922"
"chr11","31150621","31150896","chr11","31222553","31222828","0","71932"
"chr11","31305989","31306294","chr11","31378700","31379007","3","72711"
"chr11","31437416","31437729","chr11","31511838","31512151","0","74422"
"chr11","31533873","31534181","chr11","31609767","31610076","2","75894"
"chr11","31972088","31972397","chr11","32049873","32050184","4","77785"
"chr11","32216702","32217011","chr11","32298983","32299291","5","82281"
"chr11","32382763","32383024","chr11","32468455","32468717","5","85692"
"chr11","32422201","32422465","chr2A","62755948","62756211","29","30333747"
"chr11","32798906","32799210","chr11","32895456","32895756","5","96550"
"chr11","33056345","33056652","chr11","33153946","33154252","1","97601"
"chr11","33086289","33086465","chr13","18719427","18719603","25","14366862"
"chr11","33126205","33126501","chr11","33225171","33225468","2","98966"
"chr11","33271272","33271357","chr6","118943649","118943727","13","85672377"
"chr11","34114213","34114502","chr11","34242776","34243070","6","128563"
"chr11","35775475","35775784","chr11","35927718","35928027","2","152243"
"chr11","36178571","36178868","chr11","36329366","36329668","5","150795"
"chr11","37325461","37325774","chr17","46905434","46905745","41","9579973"
"chr11","37716117","37716408","chr11","37897705","37897993","6","181588"
"chr11","39056574","39056837","chr11","39250928","39251193","4","194354"
"chr11","39418565","39418889","chr11","39615436","39615765","9","196871"
"chr11","40617909","40618204","chr11","40302434","40302729","2","315475"
"chr11","41267784","41268084","chr11","40969244","40969544","7","298540"
"chr11","42937738","42938045","chr11","42579906","42580217","6","357832"
"chr11","43266222","43266518","chr11","42908808","42909106","3","357414"
"chr11","44076470","44076779","chr11","43714589","43714898","3","361881"
"chr11","44627047","44627339","chr11","44270569","44270863","3","356478"
"chr11","45039027","45039335","chr11","44685355","44685663","1","353672"
"chr11","45053133","45053385","chr11","44697481","44697741","9","355652"
"chr11","45111964","45112259","chr2B","236928045","236928342","34","191816081"
"chr11","45624282","45624579","chr11","45275204","45275502","3","349078"
"chr11","45692873","45693173","chr11","45346648","45346939","10","346225"
"chr11","45766273","45766573","chr16","5864148","5864441","45","39902125"
"chr11","46880156","46880456","chr11","46490076","46490376","1","390080"
"chr11","47129235","47129540","chr11","46744583","46744888","1","384652"
"chr11","47135283","47135574","chr11","46750702","46750994","1","384581"
"chr11","47155825","47156136","chr11","46772315","46772628","5","383510"
"chr11","47190748","47191034","chr11","46808832","46809118","1","381916"
"chr11","47207481","47207778","chr11","46826980","46827285","10","380501"
"chr11","47313546","47313853","chr11","46937211","46937518","0","376335"
"chr11","47465764","47466056","chr11","47094172","47094465","4","371592"
"chr11","47645203","47645504","chr11","47276145","47276448","2","369058"
"chr11","47680873","47681083","chr17","16289425","16289635","46","31391448"
"chr11","47799953","47800253","chr11","47436972","47437271","4","362981"
"chr11","47873242","47873538","chr11","47509012","47509310","5","364230"
"chr11","47938230","47938496","chr2A","96325107","96325368","39","48386877"
"chr11","47941972","47942267","chr11","47579397","47579692","1","362575"
"chr11","48035597","48035909","chr15","86367441","86367753","36","38331844"
"chr11","48043395","48043687","chr11","47684066","47684357","3","359329"
"chr11","48159255","48159563","chr11","47808472","47808793","18","350783"
"chr11","48201779","48202135","chr11","47850749","47851064","85","351030"
"chr11","48216190","48216487","chr11","47866343","47866641","4","349847"
"chr11","48256062","48256374","chr11","47907187","47907500","2","348875"
"chr11","48293129","48293416","chr11","47946188","47946475","1","346941"
"chr11","48369862","48370173","chr11","48026426","48026737","7","343436"
"chr11","48375687","48375983","chr11","48032257","48032554","1","343430"
"chr11","48380934","48381235","chr11","48037736","48038038","1","343198"
"chr11","48381582","48381890","chr11","48038383","48038691","1","343199"
"chr11","48472975","48473270","chr11","48133734","48134029","2","339241"
"chr11","48533502","48533811","chr11","48200362","48200672","3","333140"
"chr11","48606391","48606690","chr11","48274675","48274975","2","331716"
"chr11","48868754","48869047","chr11","48545113","48545409","4","323641"
"chr11","50045918","50046213","chr11","49610266","49610567","8","435652"
"chr11","50114684","50114995","chr11","49680761","49681070","3","433923"
"chr11","50129881","50130180","chr11","49696298","49696598","5","433583"
"chr11","50143055","50143325","chr11","49710843","49711112","3","432212"
"chr11","50218906","50219194","chr11","49787804","49788095","4","431102"
"chr11","50248460","50248744","chr11","49818154","49818467","29","430306"
"chr11","50417822","50418116","chr11","49989456","49989750","3","428366"
"chr11","56257902","56258203","chr12","107745775","107746073","32","51487873"
"chr11","56293674","56293975","chr15","88044910","88045215","37","31751236"
"chr11","56365794","56366088","chr19","41019003","41019296","50","15346791"
"chr11","56390992","56391307","chr1","22967515","22967827","45","33423477"
"chr11","58309342","58309648","chr11","57411641","57411947","0","897701"
"chr11","58421211","58421500","chr11","57526162","57526450","2","895049"
"chr11","58475446","58475738","chr11","57581885","57582174","7","893561"
"chr11","59917104","59917396","chr11","59077363","59077655","1","839741"
"chr11","60303043","60303342","chr11","59479464","59479763","0","823579"
"chr11","60458939","60459241","chr11","59640757","59641061","6","818182"
"chr11","60502765","60503076","chr11","59685675","59685986","2","817090"
"chr11","60664907","60665212","chr6","14983064","14983367","42","45681843"
"chr11","60683964","60684264","chr11","59871578","59871880","4","812386"
"chr11","60693598","60693890","chr11","59881264","59881556","2","812334"
"chr11","60726834","60727101","chrX","2013551","2013820","42","58713283"
"chr11","60824075","60824403","chr11","60017019","60017317","50","807056"
"chr11","61047826","61048123","chr11","60243657","60243962","11","804169"
"chr11","61120650","61120934","chr11","60323533","60323851","39","797117"
"chr11","61138640","61138937","chr11","60342637","60342935","9","796003"
"chr11","61142561","61142846","chr11","60346587","60346880","11","795974"
"chr11","61172407","61172589","chr15","39484004","39484186","30","21688403"
"chr11","61193107","61193390","chr11","60398903","60399189","4","794204"
"chr11","61196636","61196940","chr11","60402429","60402746","14","794207"
"chr11","61419915","61420228","chr11","60633059","60633367","7","786856"
"chr11","61452658","61452953","chr11","60666001","60666296","1","786657"
"chr11","61470398","61470478","chr11","60685132","60685212","0","785266"
"chr11","61547887","61548183","chr8","51614428","51614723","32","9933459"
"chr11","61675380","61675670","chr11","60897229","60897520","1","778151"
"chr11","62338600","62338921","chr11","61552379","61552693","10","786221"
"chr11","62353071","62353378","chr15","64090716","64091026","54","1737645"
"chr11","62482082","62482144","chr15","27146703","27146746","34","35335379"
"chr11","62511406","62511681","chr11","61730680","61730974","20","780726"
"chr11","62535661","62535978","chr11","61755824","61756142","6","779837"
"chr11","62543340","62543650","chr11","61764432","61764744","4","778908"
"chr11","62600373","62600638","chr11","61821444","61821720","11","778929"
"chr11","62648634","62648944","chr11","48038383","48038691","41","14610251"
"chr11","62700201","62700353","chr11","61919809","61919961","0","780392"
"chr11","62869217","62869387","chr11","62087525","62087695","3","781692"
"chr11","63037350","63037642","chr11","62259004","62259297","1","778346"
"chr11","63095374","63095683","chr11","62316722","62317031","2","778652"
"chr11","63371132","63371432","chr11","62600837","62601137","0","770295"
"chr11","63565399","63565685","chr11","62794999","62795284","6","770400"
"chr11","63610273","63610573","chr11","62839942","62840242","1","770331"
"chr11","63712059","63712357","chr11","62943618","62943916","1","768441"
"chr11","63744582","63744661","chr14","28837792","28837875","17","34906790"
"chr11","63770124","63770423","chr11","63006131","63006430","3","763993"
"chr11","63917730","63918036","chr11","63156433","63156739","2","761297"
"chr11","63959176","63959491","chr11","63193306","63193593","28","765870"
"chr11","64504526","64504831","chr11","63763781","63764090","8","740745"
"chr11","64612101","64612398","chr11","63876283","63876585","5","735818"
"chr11","64626037","64626340","chr11","63890726","63891029","0","735311"
"chr11","64631340","64631633","chr11","63896466","63896759","0","734874"
"chr11","64808072","64808383","chr11","64076974","64077285","8","731098"
"chr11","64892804","64893100","chr11","64161160","64161457","3","731644"
"chr11","65089350","65089641","chr11","64361127","64361419","3","728223"
"chr11","65115048","65115355","chr11","64386619","64386928","4","728429"
"chr11","65216542","65216817","chr11","64487737","64488012","1","728805"
"chr11","65318384","65318661","chrX","100379205","100379478","39","35060821"
"chr11","65410235","65410533","chr11","64688029","64688336","11","722206"
"chr11","65417297","65417602","chr11","64695428","64695734","1","721869"
"chr11","65419120","65419406","chr11","64697253","64697539","0","721867"
"chr11","65473918","65474212","chr11","64756295","64756590","2","717623"
"chr11","65595359","65595661","chr11","64880285","64880589","3","715074"
"chr11","65642823","65643135","chr11","64929092","64929392","16","713731"
"chr11","65756744","65757051","chr11","65039027","65039333","2","717717"
"chr11","65789325","65789500","chr11","65071037","65071212","0","718288"
"chr11","66378548","66378836","chr7","5508074","5508364","14","60870474"
"chr11","66516422","66516728","chr11","65813431","65813737","4","702991"
"chr11","66770165","66770457","chr11","66077802","66078094","2","692363"
"chr11","66781232","66781534","chr3","103446012","103446317","42","36664780"
"chr11","66984174","66984467","chr11","66295744","66296036","1","688430"
"chr11","67145750","67146045","chr11","66444706","66445009","8","701044"
"chr11","67176344","67176632","chr11","66478364","66478652","1","697980"
"chr11","67181316","67181614","chr11","66483350","66483649","3","697966"
"chr11","67223729","67224008","chr11","66525400","66525680","4","698329"
"chr11","67236054","67236362","chr11","66538585","66538894","2","697469"
"chr11","67279821","67280114","chr6","16801723","16802017","33","50478098"
"chr11","67337518","67337837","chr11","66642737","66643055","2","694781"
"chr11","67373771","67374072","chr11","66679419","66679719","8","694352"
"chr11","68073346","68073653","chr11","67407689","67407997","4","665657"
"chr11","68112553","68112724","chr11","67447426","67447612","15","665127"
"chr11","68219919","68220227","chr11","67558259","67558567","1","661660"
"chr11","68553402","68553700","chr11","67900372","67900670","0","653030"
"chr11","68572925","68573233","chr11","67919788","67920099","6","653137"
"chr11","69029402","69029700","chr11","68376904","68377209","12","652498"
"chr11","69283159","69283462","chr11","68647939","68648242","1","635220"
"chr11","69378670","69378944","chr11","68747177","68747451","0","631493"
"chr11","69427510","69427803","chr11","68795107","68795406","7","632403"
"chr11","69458150","69458450","chr11","68825840","68826151","12","632310"
"chr11","69633687","69633999","chr11","69002769","69003081","5","630918"
"chr11","69894686","69894975","chr11","69270713","69271002","4","623973"
"chr11","70361661","70361949","chr11","69781635","69781923","1","580026"
"chr11","70441674","70441962","chr11","69863411","69863700","2","578263"
"chr11","70481308","70481606","chr11","69903452","69903750","3","577856"
"chr11","70513055","70513202","chr11","69935161","69935306","5","577894"
"chr11","70710910","70711163","chr11","70137229","70137484","4","573681"
"chr11","70743674","70743970","chr11","70172460","70172758","4","571214"
"chr11","71212597","71212695","chr11","70646429","70646527","0","566168"
"chr11","71250283","71250597","chr8","93200227","93200539","36","21949944"
"chr11","71857056","71857125","chr11","71301107","71301177","1","555949"
"chr11","71873220","71873512","chr11","71317340","71317634","3","555880"
"chr11","72072768","72072932","chr5","61302592","61302758","23","10770176"
"chr11","72074592","72074890","chr11","71428959","71429258","2","645633"
"chr11","72937785","72938089","chr11","72323976","72324275","5","613809"
"chr11","73051528","73051821","chr11","72438961","72439259","5","612567"
"chr11","73270340","73270570","chr11","72663535","72663765","0","606805"
"chr11","73349248","73349544","chr11","72744533","72744833","4","604715"
"chr11","73493921","73494215","chr11","72891115","72891415","7","602806"
"chr11","73770442","73770736","chr11","73175982","73176278","3","594460"
"chr11","73853365","73853653","chr11","73255649","73255937","1","597716"
"chr11","74084363","74084662","chr11","73487859","73488158","0","596504"
"chr11","74393546","74393852","chr11","73798609","73798915","2","594937"
"chr11","75131293","75131585","chr6","118603701","118603991","31","43472408"
"chr11","75234487","75234771","chr11","74006563","74006851","4","1227924"
"chr11","75531994","75532060","chr1","118789449","118789506","31","43257455"
"chr11","75653086","75653379","chr11","74736238","74736539","11","916848"
"chr11","75654434","75654747","chr11","74737594","74737907","2","916840"
"chr11","75700718","75701008","chr11","74785357","74785656","10","915361"
"chr11","75744325","75744639","chr11","74830342","74830657","1","913983"
"chr11","75995141","75995438","chr11","75087069","75087368","2","908072"
"chr11","76105685","76105909","chr11","75196864","75197104","17","908821"
"chr11","76182782","76182967","chr11","75275987","75276148","24","906795"
"chr11","76470579","76470878","chr11","75573036","75573335","0","897543"
"chr11","76719055","76719275","chr11","75846932","75847152","0","872123"
"chr11","76724153","76724463","chr10","45473452","45473764","40","31250701"
"chr11","76856918","76857221","chr11","75986314","75986616","1","870604"
"chr11","77728791","77729085","chr11","76866754","76867048","2","862037"
"chr11","77888592","77888881","chr11","77031120","77031412","6","857472"
"chr11","79492670","79492962","chr11","78659686","78659979","5","832984"
"chr11","80514239","80514504","chr11","79700904","79701169","0","813335"
"chr11","82134675","82134956","chr11","81365204","81365486","2","769471"
"chr11","82738749","82739055","chr11","81979222","81979529","4","759527"
"chr11","84109335","84109632","chr11","83367619","83367916","2","741716"
"chr11","84709284","84709576","chr11","83972500","83972792","1","736784"
"chr11","84716494","84716787","chr11","83979736","83980030","3","736758"
"chr11","84723652","84723965","chr11","83986901","83987206","9","736751"
"chr11","84925859","84926166","chr11","84193696","84194008","5","732163"
"chr11","84972247","84972538","chr11","84245337","84245617","11","726910"
"chr11","85110927","85111235","chr11","84383410","84383722","4","727517"
"chr11","85547519","85547824","chr11","84822267","84822568","6","725252"
"chr11","85685824","85686108","chr11","84965737","84966023","3","720087"
"chr11","85802483","85802784","chr11","85086217","85086517","4","716266"
"chr11","85919375","85919662","chr11","85205758","85206046","3","713617"
"chr11","86243072","86243338","chr11","85539771","85540037","3","703301"
"chr11","87007658","87007965","chr11","86352615","86352922","5","655043"
"chr11","87590713","87591028","chr11","86961926","86962242","6","628787"
"chr11","87814233","87814409","chr11","87189504","87189690","10","624729"
"chr11","88610795","88611106","chr11","87895765","87896075","7","715030"
"chr11","90652577","90652872","chr11","89907006","89907287","17","745571"
"chr11","90912402","90912699","chr11","90187329","90187636","11","725073"
"chr11","91070777","91071088","chr11","90346229","90346538","5","724548"
"chr11","91132414","91132732","chr11","90408367","90408685","0","724047"
"chr11","91188918","91189228","chr11","90464895","90465211","6","724023"
"chr11","92053830","92054135","chr11","91340961","91341260","8","712869"
"chr11","92194926","92195219","chr11","91484137","91484428","6","710789"
"chr11","92519895","92520228","chr11","91815925","91816246","16","703970"
"chr11","92884524","92884814","chr11","92166666","92166957","2","717858"
"chr11","93526058","93526372","chr11","92774537","92774850","4","751521"
"chr11","93565251","93565539","chr11","92812037","92812325","3","753214"
"chr11","93758612","93758907","chr18","16597039","16597336","32","77161573"
"chr11","94539272","94539572","chr11","93795640","93795942","4","743632"
"chr11","96210004","96210080","chr11","95505717","95505795","2","704287"
"chr11","96594755","96595049","chr11","95917484","95917784","7","677271"
"chr11","96861717","96861991","chr11","96175353","96175628","4","686364"
"chr11","97035203","97035499","chr11","96344279","96344579","9","690924"
"chr11","98340982","98341275","chr11","97686812","97687097","12","654170"
"chr11","98387858","98388170","chr11","97738366","97738683","8","649492"
"chr11","98558607","98558915","chr11","97914463","97914770","7","644144"
"chr11","99147910","99148211","chr11","98509658","98509958","1","638252"
"chr11","99352929","99353241","chr11","98724059","98724369","7","628870"
"chr11","99378877","99379166","chr11","98752339","98752629","21","626538"
"chr11","99807647","99807947","chr11","99185716","99186015","2","621931"
"chr11","100170316","100170624","chr11","99563081","99563387","5","607235"
"chr11","100370475","100370721","chr4","1611829","1612075","36","98758646"
"chr11","100435067","100435355","chr11","99830805","99831096","3","604262"
"chr11","100504570","100504880","chr11","99902054","99902364","8","602516"
"chr11","100580637","100580908","chr11","99979098","99979369","0","601539"
"chr11","100692308","100692466","chr15","47840000","47840160","26","52852308"
"chr11","100743030","100743341","chr11","100145681","100145992","4","597349"
"chr11","100757857","100758152","chr11","100160548","100160843","1","597309"
"chr11","101598282","101598578","chr11","101017335","101017632","1","580947"
"chr11","103176782","103176818","chr11","102621943","102621979","0","554839"
"chr11","104570079","104570232","chr4","1004132","1004294","24","103565947"
"chr11","104570530","104570667","chr18","15829353","15829486","23","88741177"
"chr11","104741898","104742162","chr11","104205701","104205964","1","536197"
"chr11","105593154","105593464","chr11","105070923","105071212","22","522231"
"chr11","105605218","105605341","chr2A","95430884","95430999","18","10174334"
"chr11","105649757","105650052","chr11","105129907","105130204","4","519850"
"chr11","106224368","106224672","chr11","105713920","105714224","6","510448"
"chr11","106234289","106234573","chr11","105723385","105723671","2","510904"
"chr11","106253448","106253752","chr1","26154026","26154331","37","80099422"
"chr11","106269589","106269898","chr11","105759408","105759710","10","510181"
"chr11","106331994","106332281","chr11","105825435","105825723","8","506559"
"chr11","106369685","106369989","chr11","105864739","105865042","3","504946"
"chr11","106375662","106375960","chr11","105870724","105871020","2","504938"
"chr11","106404391","106404697","chr11","105901233","105901539","3","503158"
"chr11","106439967","106440251","chr11","105937641","105937931","9","502326"
"chr11","106656959","106657267","chr11","106158323","106158632","4","498636"
"chr11","106831086","106831369","chr11","106339076","106339360","1","492010"
"chr11","107397388","107397669","chr7","98974309","98974589","34","8423079"
"chr11","108466199","108466499","chr11","107605525","107605825","1","860674"
"chr11","108588426","108588526","chr11","107728520","107728620","3","859906"
"chr11","109208320","109208572","chr19","5668675","5668917","58","103539645"
"chr11","109916644","109916958","chr11","109080944","109081262","6","835700"
"chr11","110233841","110234136","chr11","109402135","109402452","22","831706"
"chr11","110299851","110300131","chr11","109468587","109468890","23","831264"
"chr11","110331798","110332106","chr11","109501303","109501617","9","830495"
"chr11","110582262","110582566","chr11","109753542","109753850","5","828720"
"chr11","110661375","110661683","chr11","109832767","109833078","6","828608"
"chr11","110797643","110797936","chr11","109976612","109976915","10","821031"
"chr11","110829164","110829452","chr11","110008210","110008498","1","820954"
"chr11","110902136","110902432","chr11","110082451","110082754","11","819685"
"chr11","111633369","111633659","chr11","110812365","110812655","1","821004"
"chr11","112758371","112758679","chr11","111952124","111952432","2","806247"
"chr11","114071372","114071679","chr11","113175787","113176070","25","895585"
"chr11","115119276","115119574","chr11","114245269","114245566","4","874007"
"chr11","115176756","115177060","chr11","114303860","114304175","15","872896"
"chr11","115182647","115182958","chr11","114309773","114310085","3","872874"
"chr11","115297029","115297336","chr11","114425853","114426165","8","871176"
"chr11","115475905","115476219","chr11","114605286","114605576","27","870619"
"chr11","115734201","115734485","chr11","114863713","114863997","4","870488"
"chr11","116034295","116034604","chr11","115170274","115170582","5","864021"
"chr11","116152024","116152314","chr11","115289987","115290277","2","862037"
"chr11","117042493","117042781","chr6","118603701","118603991","37","1561208"
"chr11","117423064","117423375","chr11","116583105","116583416","4","839959"
"chr11","117452054","117452279","chr17","60683821","60684031","60","56768233"
"chr11","117573011","117573311","chr11","116736193","116736499","10","836818"
"chr11","117575208","117575339","chr7","101855440","101855572","24","15719768"
"chr11","117575639","117575801","chr2A","71137356","71137515","22","46438283"
"chr11","117575865","117576164","chr11","116739059","116739359","3","836806"
"chr11","117585061","117585364","chr11","116748859","116749156","6","836202"
"chr11","117613421","117613720","chr11","116777457","116777756","3","835964"
"chr11","117660189","117660483","chr11","116825904","116826198","0","834285"
"chr11","117705362","117705619","chr11","116873326","116873583","3","832036"
"chr11","117768942","117769187","chr11","116933839","116934084","2","835103"
"chr11","117965645","117965956","chr11","117133988","117134299","3","831657"
"chr11","118334917","118335236","chr11","117512708","117513024","12","822209"
"chr11","118850088","118850374","chr11","118037022","118037308","1","813066"
"chr11","119649443","119649747","chr11","118846834","118847141","10","802609"
"chr11","120093196","120093494","chr11","119291925","119292238","18","801271"
"chr11","121143977","121144283","chr11","120344988","120345294","3","798989"
"chr11","121398364","121398665","chr11","120596079","120596397","17","802285"
"chr11","121790038","121790100","chr17","45380514","45380572","9","76409524"
"chr11","121862510","121862818","chr11","121081835","121082143","1","780675"
"chr11","121866466","121866751","chr11","121085993","121086297","21","780473"
"chr11","122042945","122043239","chr11","121265108","121265405","4","777837"
"chr11","122405303","122405609","chr11","121631752","121632058","0","773551"
"chr11","122464361","122464644","chr11","121691495","121691776","5","772866"
"chr11","123348501","123348804","chr11","122582622","122582926","26","765879"
"chr11","123351031","123351333","chr11","122585141","122585454","29","765890"
"chr11","123939646","123939956","chr11","123187580","123187891","6","752066"
"chr11","124197368","124197678","chr9","36356468","36356777","45","87840900"
"chr11","124384291","124384587","chr11","123637064","123637365","6","747227"
"chr11","124765474","124765776","chr11","124017752","124018057","4","747722"
"chr11","124968860","124969155","chr11","124224024","124224318","4","744836"
"chr11","125016901","125017200","chr11","124271460","124271760","3","745441"
"chr11","125102333","125102617","chr11","124363212","124363494","4","739121"
"chr11","125936696","125936977","chr11","125208052","125208333","0","728644"
"chr11","127477841","127478134","chr11","126776774","126777068","1","701067"
"chr11","127926085","127926148","chr13","82924616","82924678","5","45001469"
"chr11","128015031","128015340","chr11","127322946","127323246","17","692085"
"chr11","128027924","128028197","chr11","127335810","127336090","8","692114"
"chr11","128544303","128544596","chr11","127854293","127854586","0","690010"
"chr11","128678078","128678370","chr11","127991829","127992127","6","686249"
"chr11","128688430","128688730","chr11","128002258","128002563","6","686172"
"chr11","128924825","128925096","chr11","128245040","128245311","4","679785"
"chr11","129050151","129050442","chr11","128375258","128375551","5","674893"
"chr11","129093964","129094269","chr10","125290484","125290789","30","3803480"
"chr11","129171941","129172252","chr11","128501891","128502204","6","670050"
"chr11","129282597","129282905","chr11","128620491","128620802","3","662106"
"chr11","130226482","130226777","chr11","129571143","129571438","2","655339"
"chr11","133036915","133037221","chr11","132426440","132426746","7","610475"
"chr11","133627926","133628215","chr11","132551098","132551389","9","1076828"
"chr12","66322163","66322475","chr12","65921725","65922037","1","400438"
"chr12","93060814","93061127","chr12","92396461","92396774","1","664353"
"chr12","99352429","99352741","chr12","98624403","98624717","3","728026"
"chr12","425551","425847","chr12","399322","399620","4","26229"
"chr12","660921","661212","chr12","628742","629037","5","32179"
"chr12","822991","823280","chr12","794339","794629","2","28652"
"chr12","1020530","1020829","chr12","995150","995452","8","25380"
"chr12","1237584","1237886","chr1","32543401","32543700","36","31305817"
"chr12","1755122","1755426","chr12","1751962","1752268","10","3160"
"chr12","2768043","2768342","chr12","2787667","2787968","3","19624"
"chr12","2978319","2978622","chr9","137415906","137416208","48","134437587"
"chr12","3039538","3039833","chr12","3074636","3074930","1","35098"
"chr12","3096058","3096357","chr12","3134509","3134810","3","38451"
"chr12","3159799","3160095","chr12","3200083","3200381","6","40284"
"chr12","3227659","3227968","chr12","3272631","3272946","8","44972"
"chr12","3651402","3651729","chr12","3707218","3707523","23","55816"
"chr12","4015162","4015454","chr12","4075414","4075706","4","60252"
"chr12","4756226","4756542","chr12","4831068","4831353","34","74842"
"chr12","5636691","5636979","chr2A","48568494","48568787","37","42931803"
"chr12","6092349","6092643","chr12","6188894","6189189","4","96545"
"chr12","6209336","6209596","chr12","6312230","6312504","15","102894"
"chr12","6390224","6390524","chr11","17231206","17231512","33","10840982"
"chr12","6946214","6946508","chr12","7071434","7071731","7","125220"
"chr12","8040195","8040498","chr12","7985838","7986142","2","54357"
"chr12","8155610","8155890","chr12","8227171","8227450","1","71561"
"chr12","8204328","8204623","chr12","8280153","8280448","0","75825"
"chr12","8208136","8208439","chr12","8283960","8284263","0","75824"
"chr12","8224837","8224924","chr1","26249212","26249298","11","18024375"
"chr12","8391385","8391534","chr19","10286657","10286802","22","1895272"
"chr12","8427092","8427400","chr12","8177860","8178164","6","249232"
"chr12","8855245","8855542","chr12","8781725","8782025","7","73520"
"chr12","8883119","8883420","chr12","8809899","8810200","3","73220"
"chr12","8896320","8896621","chr12","8820789","8821091","2","75531"
"chr12","8943548","8943846","chr12","8868838","8869136","0","74710"
"chr12","9027969","9028222","chr1","197970326","197970590","78","188942357"
"chr12","9029045","9029098","chr2A","100804469","100804521","11","91775424"
"chr12","9052302","9052611","chr12","8978012","8978320","2","74290"
"chr12","9313549","9313725","chr12","9225023","9225205","7","88526"
"chr12","10060936","10061252","chr12","9947684","9947997","10","113252"
"chr12","10420297","10420360","chr2A","79568382","79568441","11","69148085"
"chr12","10446779","10447069","chr12","10346442","10346732","0","100337"
"chr12","10455122","10455428","chr12","10354992","10355302","16","100130"
"chr12","10481179","10481465","chr12","79719096","79719381","28","69237917"
"chr12","10489164","10489444","chr12","10389070","10389380","33","100094"
"chr12","10507580","10507864","chr12","10407424","10407690","26","100156"
"chr12","10534151","10534431","chr3","133186258","133186545","35","122652107"
"chr12","10960733","10961037","chr12","10882153","10882466","10","78580"
"chr12","12838895","12839105","chrX","26583575","26583788","30","13744680"
"chr12","13149773","13150070","chr12","13014815","13015116","6","134958"
"chr12","13209343","13209641","chr15","62920782","62921079","32","49711439"
"chr12","13428629","13428909","chr12","13281187","13281463","5","147442"
"chr12","13766458","13766770","chr12","13624028","13624341","11","142430"
"chr12","14901190","14901482","chr12","14783326","14783620","4","117864"
"chr12","15505066","15505373","chr12","15385882","15386194","6","119184"
"chr12","16288019","16288312","chr12","16189584","16189878","2","98435"
"chr12","17030184","17030487","chr1","40457459","40457757","44","23427275"
"chr12","17984878","17985058","chr12","17910510","17910690","0","74368"
"chr12","18188718","18189019","chr12","18118101","18118410","9","70617"
"chr12","18907321","18907621","chr12","18859195","18859495","2","48126"
"chr12","19230256","19230557","chr12","19184028","19184329","1","46228"
"chr12","19883502","19883585","chr12","19850465","19850552","5","33037"
"chr12","19887227","19887522","chr12","19854191","19854487","2","33036"
"chr12","22474981","22475233","chr12","22280531","22280782","12","194450"
"chr12","22611876","22612168","chr12","22420478","22420770","1","191398"
"chr12","22973302","22973625","chr2B","234407276","234407583","46","211433974"
"chr12","23083248","23083531","chr12","22895030","22895341","28","188218"
"chr12","23511272","23511559","chr12","23331615","23331896","10","179657"
"chr12","23675322","23675552","chr12","23497584","23497818","5","177738"
"chr12","23808461","23808539","chr14","80736334","80736413","24","56927873"
"chr12","24717757","24718068","chr12","24555144","24555454","4","162613"
"chr12","24917274","24917576","chr12","24764572","24764874","3","152702"
"chr12","24984757","24985071","chr12","24832678","24832992","1","152079"
"chr12","25164757","25165041","chr12","25018869","25019151","2","145888"
"chr12","25202459","25202754","chr12","25056901","25057197","4","145558"
"chr12","25322667","25322961","chr12","25183236","25183534","4","139431"
"chr12","25439328","25439633","chr12","25301633","25301940","4","137695"
"chr12","25525258","25525569","chr12","25388905","25389217","6","136353"
"chr12","25573181","25573494","chr12","25437195","25437510","6","135986"
"chr12","25598145","25598425","chr12","25462187","25462497","30","135958"
"chr12","25600866","25601162","chr12","25464975","25465273","2","135891"
"chr12","26256604","26256906","chr12","26330640","26330942","2","74036"
"chr12","26288991","26289305","chr12","26364149","26364463","5","75158"
"chr12","26332434","26332734","chr12","26408185","26408502","21","75751"
"chr12","26656096","26656397","chr12","26736267","26736570","4","80171"
"chr12","26693356","26693650","chr12","26776280","26776575","5","82924"
"chr12","27905321","27905537","chr12","28001590","28001807","3","96269"
"chr12","28375463","28375774","chr12","28492680","28492991","1","117217"
"chr12","28771041","28771342","chr12","28897437","28897738","2","126396"
"chr12","28936072","28936215","chr2B","204403367","204403503","20","175467295"
"chr12","31312008","31312319","chr12","31466880","31467187","7","154872"
"chr12","31774388","31774689","chr12","31945617","31945914","4","171229"
"chr12","31790006","31790318","chr12","31960987","31961299","0","170981"
"chr12","31858856","31859157","chr12","32031972","32032278","7","173116"
"chr12","32055035","32055342","chr12","32235892","32236200","2","180857"
"chr12","32586904","32587221","chr12","32770098","32770415","1","183194"
"chr12","32616438","32616745","chr12","32800557","32800864","2","184119"
"chr12","32721266","32721542","chr12","32910788","32911062","4","189522"
"chr12","33055935","33056248","chr12","33256322","33256636","7","200387"
"chr12","33173362","33173681","chr12","33374807","33375126","0","201445"
"chr12","33990187","33990484","chr12","33720174","33720471","1","270013"
"chr12","35216574","35216882","chr12","34978366","34978664","10","238208"
"chr12","35231770","35231934","chr2A","88313416","88313575","28","53081646"
"chr12","35232254","35232317","chrX","9065158","9065222","20","26167096"
"chr12","35633215","35633534","chr1","55371725","55372042","48","19738510"
"chr12","35824253","35824563","chr12","35534665","35534975","0","289588"
"chr12","36006914","36007213","chr12","35720036","35720337","7","286878"
"chr12","36029705","36029997","chr12","35742816","35743108","2","286889"
"chr12","36030017","36030200","chr12","35743131","35743318","4","286886"
"chr12","36146227","36146523","chr12","35865894","35866192","3","280333"
"chr12","36447396","36447486","chr7","74334484","74334567","18","37887088"
"chr12","36562054","36562338","chr5","14954815","14955097","31","21607239"
"chr12","36611996","36612273","chr2A","27796266","27796545","49","8815730"
"chr12","37194082","37194389","chr12","36946325","36946632","2","247757"
"chr12","37663954","37664262","chr12","37431938","37432244","2","232016"
"chr12","37817366","37817663","chr12","37587944","37588244","4","229422"
"chr12","37926536","37926838","chr12","37698385","37698688","1","228151"
"chr12","38062650","38062923","chr12","37724473","37724746","2","338177"
"chr12","38076578","38076887","chr12","37739274","37739583","2","337304"
"chr12","38102582","38102900","chr12","37765988","37766306","1","336594"
"chr12","38227813","38228107","chr12","37895489","37895787","5","332324"
"chr12","38285457","38285759","chr12","37954222","37954524","0","331235"
"chr12","38561600","38561683","chr12","38217652","38217736","1","343948"
"chr12","38580304","38580580","chr12","38237636","38237926","21","342668"
"chr12","38616853","38617128","chr12","38274408","38274713","30","342445"
"chr12","38647506","38647827","chr12","38305748","38306068","6","341758"
"chr12","38846420","38846725","chr12","38513165","38513473","3","333255"
"chr12","38871970","38872277","chr12","38540860","38541167","2","331110"
"chr12","39031826","39032123","chr12","38704447","38704746","3","327379"
"chr12","39048828","39049133","chr12","38721319","38721623","2","327509"
"chr12","39077809","39078028","chr12","38749897","38750116","2","327912"
"chr12","39184449","39184710","chr12","38860157","38860420","4","324292"
"chr12","39197405","39197686","chr12","38874237","38874546","28","323168"
"chr12","39220031","39220330","chr21","19981452","19981751","51","19238579"
"chr12","39277363","39277674","chr12","38955133","38955445","6","322230"
"chr12","39341393","39341673","chr12","39025018","39025299","2","316375"
"chr12","39451480","39451788","chr12","39136844","39137156","5","314636"
"chr12","39560570","39560871","chr12","39249621","39249922","2","310949"
"chr12","39741864","39742155","chr12","39436822","39437113","2","305042"
"chr12","39832284","39832592","chr22","42536840","42537150","33","2704556"
"chr12","40212611","40212919","chr12","39937412","39937720","0","275199"
"chr12","40244087","40244368","chr12","39970266","39970554","8","273821"
"chr12","40275742","40276034","chr12","40001204","40001499","4","274538"
"chr12","40394933","40395224","chr12","40132039","40132330","3","262894"
"chr12","40450041","40450336","chr12","40190891","40191187","3","259150"
"chr12","40480834","40481142","chr5","80707822","80708127","35","40226988"
"chr12","40544427","40544718","chr12","40290090","40290370","11","254337"
"chr12","40551688","40551855","chr5","174377587","174377754","22","133825899"
"chr12","40562143","40562347","chr4","41140476","41140672","33","578333"
"chr12","40746576","40746850","chr12","40495988","40496265","7","250588"
"chr12","40872281","40872588","chr12","40625243","40625549","2","247038"
"chr12","40908145","40908451","chr12","40662205","40662513","2","245940"
"chr12","41059371","41059640","chr12","40818340","40818609","1","241031"
"chr12","41257766","41258072","chr12","41012182","41012488","0","245584"
"chr12","41647364","41647640","chr12","41408372","41408648","0","238992"
"chr12","42376205","42376518","chr12","42151287","42151592","8","224918"
"chr12","42389420","42389727","chr12","42164512","42164819","0","224908"
"chr12","43445429","43445727","chr12","43227050","43227354","6","218379"
"chr12","43614365","43614651","chr12","43406470","43406756","2","207895"
"chr12","45426073","45426371","chr12","45241416","45241714","0","184657"
"chr12","45746330","45746460","chr12","45560515","45560647","2","185815"
"chr12","46437641","46437945","chr12","46269706","46270011","8","167935"
"chr12","46796279","46796456","chr12","46638841","46639004","16","157438"
"chr12","47062660","47062954","chr12","46910502","46910799","4","152158"
"chr12","47160167","47160444","chr12","47008880","47009184","36","151287"
"chr12","47160478","47160502","chr10","118512818","118512847","17","71352340"
"chr12","47324394","47324687","chr12","47176515","47176810","4","147879"
"chr12","47441494","47441570","chr20","53780333","53780407","27","6338839"
"chr12","47663636","47663929","chr12","47521449","47521746","5","142187"
"chr12","48097963","48098264","chr12","47971129","47971441","11","126834"
"chr12","48983502","48983804","chr12","48855615","48855915","7","127887"
"chr12","49112460","49112747","chr12","48985191","48985480","4","127269"
"chr12","49657041","49657345","chr12","49539802","49540106","0","117239"
"chr12","50314554","50314865","chr12","50208488","50208799","2","106066"
"chr12","50507982","50508283","chr12","50408875","50409178","4","99107"
"chr12","50841793","50842095","chr12","50753866","50754173","7","87927"
"chr12","51426084","51426376","chr12","50978581","50978874","2","447503"
"chr12","51781676","51781934","chr12","51338954","51339212","0","442722"
"chr12","52275656","52275895","chr12","51778629","51778875","23","497027"
"chr12","52319028","52319313","chr8","123868559","123868848","46","71549531"
"chr12","52370047","52370288","chr12","51778629","51778875","17","591418"
"chr12","52420420","52420715","chr12","107745775","107746073","33","55325355"
"chr12","54563304","54563595","chr12","54115575","54115866","2","447729"
"chr12","55116489","55116783","chr12","54673901","54674198","6","442588"
"chr12","55426768","55427078","chr12","54990427","54990737","2","436341"
"chr12","55434362","55434677","chr12","54998028","54998344","2","436334"
"chr12","55931223","55931515","chr12","55497806","55498098","1","433417"
"chr12","56375143","56375450","chr12","55949212","55949522","10","425931"
"chr12","56662519","56662822","chr12","56241683","56241993","7","420836"
"chr12","56973124","56973435","chr1","156641151","156641460","35","99668027"
"chr12","57046343","57046629","chr12","56653724","56654010","5","392619"
"chr12","57099535","57099818","chrX","137342245","137342533","41","80242710"
"chr12","57110659","57110954","chr12","56711183","56711479","1","399476"
"chr12","57150449","57150728","chr12","56751057","56751358","23","399392"
"chr12","57431481","57431791","chr12","57038577","57038849","39","392904"
"chr12","57452681","57452963","chr13","32872949","32873233","36","24579732"
"chr12","57505563","57505847","chr12","57118555","57118839","0","387008"
"chr12","57559258","57559560","chr12","57173860","57174166","6","385398"
"chr12","58117658","58117978","chr12","57660589","57660911","8","457069"
"chr12","58646427","58646743","chr8","18469641","18469953","44","40176786"
"chr12","59373392","59373673","chr12","58925109","58925390","2","448283"
"chr12","59386833","59387124","chr12","58938571","58938864","3","448262"
"chr12","59919510","59919808","chr22","45331038","45331337","48","14588472"
"chr12","60618492","60618784","chr12","60180698","60180991","3","437794"
"chr12","60708354","60708653","chr12","60269875","60270173","1","438479"
"chr12","60724366","60724661","chr12","60285889","60286175","10","438477"
"chr12","60768759","60769067","chr12","60331358","60331668","2","437401"
"chr12","61092355","61092665","chr12","60664359","60664671","4","427996"
"chr12","61154045","61154341","chr12","60725928","60726224","1","428117"
"chr12","61187269","61187573","chr12","60758952","60759256","1","428317"
"chr12","61329873","61330166","chr12","60902030","60902324","3","427843"
"chr12","61332211","61332519","chr12","60904365","60904672","3","427846"
"chr12","61839791","61840087","chr12","61418448","61418746","6","421343"
"chr12","61847339","61847643","chr9","28721047","28721351","39","33126292"
"chr12","61877695","61877826","chr4","143438286","143438405","42","81560591"
"chr12","61993094","61993393","chr12","61574833","61575136","5","418261"
"chr12","62009947","62010252","chr12","61591714","61592020","2","418233"
"chr12","62088561","62088851","chr12","61669265","61669555","1","419296"
"chr12","62570572","62570865","chr12","62156877","62157176","6","413695"
"chr12","62584738","62585030","chr12","62171053","62171348","3","413685"
"chr12","62857328","62857612","chr12","62447018","62447291","13","410310"
"chr12","63223387","63223678","chr12","62807892","62808187","5","415495"
"chr12","63415903","63416038","chr3","104920903","104921039","3","41505000"
"chr12","65398743","65399053","chr1","214951158","214951468","44","149552415"
"chr12","65574304","65574605","chr12","65177109","65177419","17","397195"
"chr12","66460593","66460888","chr12","66065067","66065362","2","395526"
"chr12","66669391","66669681","chr12","66275719","66276010","4","393672"
"chr12","67322317","67322630","chr12","66933495","66933810","2","388822"
"chr12","67846101","67846227","chr7","141694833","141694959","27","73848732"
"chr12","67846289","67846474","chr1","209458170","209458351","34","141611881"
"chr12","68502431","68502743","chr12","67965492","67965808","7","536939"
"chr12","69071680","69071982","chr12","68544706","68545006","3","526974"
"chr12","69498962","69499256","chr12","68973789","68974084","2","525173"
"chr12","69502922","69503234","chr3","62432074","62432387","46","7070848"
"chr12","69794575","69794879","chr12","69282005","69282309","0","512570"
"chr12","70183626","70183920","chr12","69678634","69678942","22","504992"
"chr12","70549299","70549602","chr12","70047482","70047785","5","501817"
"chr12","70837430","70837735","chr12","70339265","70339580","10","498165"
"chr12","71055958","71056263","chr12","70567991","70568296","0","487967"
"chr12","71343110","71343404","chr12","70862244","70862538","1","480866"
"chr12","72052786","72053084","chr12","71486997","71487289","6","565789"
"chr12","72129046","72129284","chr12","71564521","71564759","1","564525"
"chr12","72182523","72182807","chr12","71619086","71619370","2","563437"
"chr12","73543417","73543713","chr12","73004497","73004792","3","538920"
"chr12","74079418","74079531","chr12","73550342","73550455","1","529076"
"chr12","74353981","74354267","chr12","73824524","73824812","3","529457"
"chr12","75083214","75083521","chr12","74575473","74575778","2","507741"
"chr12","75249362","75249672","chr1","222285128","222285432","33","147035766"
"chr12","76164219","76164508","chr12","75696762","75697053","2","467457"
"chr12","76349859","76350157","chr12","75891533","75891833","5","458326"
"chr12","76506268","76506569","chr12","76048703","76049005","7","457565"
"chr12","76579693","76580005","chr12","76126238","76126550","0","453455"
"chr12","76608356","76608659","chr12","76155204","76155509","3","453152"
"chr12","76683079","76683319","chr1","24067245","24067486","58","52615834"
"chr12","76853439","76853739","chr12","76406327","76406627","2","447112"
"chr12","77007357","77007647","chr12","76563152","76563443","3","444205"
"chr12","77166571","77166850","chr12","76721487","76721767","3","445084"
"chr12","77191394","77191702","chr12","76746343","76746659","9","445051"
"chr12","77802507","77802810","chr11","17231206","17231512","39","60571301"
"chr12","77978493","77978757","chr12","77542637","77542901","2","435856"
"chr12","79192886","79193171","chr12","78811548","78811849","17","381338"
"chr12","79594139","79594438","chr12","79220125","79220422","6","374014"
"chr12","79970609","79970917","chr12","79594025","79594332","3","376584"
"chr12","80033611","80033915","chr12","79653762","79654067","3","379849"
"chr12","80098115","80098400","chr12","79719096","79719381","0","379019"
"chr12","81055489","81055812","chr12","80432174","80432513","32","623315"
"chr12","81619982","81620274","chr12","80998981","80999273","5","621001"
"chr12","81764677","81764714","chr7","65385505","65385544","12","16379172"
"chr12","83167783","83168039","chr8","131041263","131041514","39","47873480"
"chr12","83641343","83641638","chr12","83067299","83067595","2","574044"
"chr12","83665885","83666179","chr12","83091819","83092119","9","574066"
"chr12","83869889","83870194","chr12","83300293","83300598","1","569596"
"chr12","84499696","84499987","chr12","83932391","83932673","9","567305"
"chr12","85404568","85404885","chr12","84858986","84859302","5","545582"
"chr12","87163182","87163481","chr12","86511324","86511627","5","651858"
"chr12","87222909","87223218","chr12","86569858","86570168","5","653051"
"chr12","88793445","88793741","chr12","88096985","88097283","4","696460"
"chr12","89832446","89832751","chr12","89133807","89134114","5","698639"
"chr12","91971533","91971839","chr12","91293513","91293820","4","678020"
"chr12","92464722","92464996","chr12","91789674","91789949","2","675048"
"chr12","92722885","92723098","chr12","92053804","92054018","2","669081"
"chr12","94262064","94262361","chr3","49053098","49053395","29","45208966"
"chr12","95158774","95159067","chr12","94436658","94436951","2","722116"
"chr12","95175775","95176059","chr12","94453668","94453952","3","722107"
"chr12","95619933","95620270","chr12","94906071","94906415","7","713862"
"chr12","95651123","95651432","chr12","94938195","94938504","0","712928"
"chr12","96051802","96051989","chr2A","24709882","24710071","19","71341920"
"chr12","96412115","96412327","chr12","95669340","95669557","6","742775"
"chr12","96568979","96569292","chr12","95831290","95831603","4","737689"
"chr12","96758894","96759204","chr12","96024406","96024715","5","734488"
"chr12","96786692","96786998","chr12","96052728","96053034","2","733964"
"chr12","97105898","97106186","chr12","96347636","96347930","6","758262"
"chr12","97129979","97130290","chr12","96371425","96371737","5","758554"
"chr12","97226928","97227226","chr12","96468575","96468882","13","758353"
"chr12","97237911","97238192","chr12","96479616","96479897","0","758295"
"chr12","97259294","97259602","chr12","96501741","96502048","4","757553"
"chr12","97346258","97346386","chr7","101855440","101855572","25","4509182"
"chr12","97346691","97346846","chr4","168762481","168762633","29","71415790"
"chr12","97402530","97402808","chr12","96643605","96643913","32","758925"
"chr12","97418699","97419000","chr12","96660083","96660386","4","758616"
"chr12","97479856","97480155","chr12","96723012","96723313","5","756844"
"chr12","98129185","98129335","chr7","141314255","141314406","23","43185070"
"chr12","99452175","99452479","chr12","98724241","98724545","0","727934"
"chr12","99459091","99459392","chr12","98731579","98731880","0","727512"
"chr12","99492641","99492944","chr12","98768967","98769270","0","723674"
"chr12","99500533","99500821","chr12","98776847","98777136","4","723686"
"chr12","99595728","99596031","chr12","98873799","98874110","10","721929"
"chr12","99642690","99642970","chr12","98924305","98924585","2","718385"
"chr12","100763859","100764166","chr12","100064687","100064989","9","699172"
"chr12","101137342","101137644","chr12","100442648","100442950","0","694694"
"chr12","101173192","101173498","chr12","100479324","100479630","1","693868"
"chr12","101307701","101307955","chr12","100617234","100617490","6","690467"
"chr12","101611240","101611547","chr12","100926057","100926374","11","685183"
"chr12","101878879","101879159","chr12","101194110","101194417","27","684769"
"chr12","101953942","101954218","chr12","101268817","101269093","1","685125"
"chr12","102116546","102116831","chr12","101432811","101433097","1","683735"
"chr12","102235845","102236140","chr12","101549533","101549831","4","686312"
"chr12","102364651","102364956","chr12","101682209","101682508","9","682442"
"chr12","102422253","102422526","chr12","101741251","101741532","8","681002"
"chr12","102510706","102511024","chr12","101828745","101829057","12","681961"
"chr12","102749034","102749336","chr12","102070746","102071048","2","678288"
"chr12","102859002","102859296","chr12","102179263","102179557","0","679739"
"chr12","103063115","103063402","chr12","102385788","102386082","10","677327"
"chr12","103115477","103115787","chr12","102438389","102438701","8","677088"
"chr12","103749664","103750007","chr12","103083691","103084006","33","665973"
"chr12","104116135","104116432","chr12","103459851","103460155","9","656284"
"chr12","104761484","104761793","chr12","104102713","104103022","3","658771"
"chr12","104769472","104769776","chr12","104110763","104111069","6","658709"
"chr12","105094913","105095213","chr12","104437473","104437765","11","657440"
"chr12","105388320","105388621","chr12","104730073","104730380","8","658247"
"chr12","105660183","105660494","chr12","105005341","105005678","27","654842"
"chr12","105928538","105928835","chr12","105278122","105278415","5","650416"
"chr12","106567026","106567312","chr12","105928886","105929171","1","638140"
"chr12","107510086","107510390","chr12","106895437","106895743","5","614649"
"chr12","107675249","107675547","chr12","107068257","107068560","7","606992"
"chr12","107993238","107993337","chr11","107728520","107728620","15","264718"
"chr12","108033307","108033620","chr12","107430731","107431031","18","602576"
"chr12","108351799","108352096","chr12","107745775","107746073","3","606024"
"chr12","108416999","108417299","chr19","47090086","47090398","44","61326913"
"chr12","108421286","108421596","chr12","107815497","107815807","5","605789"
"chr12","109682643","109682930","chr12","109089344","109089632","2","593299"
"chr12","110285429","110285731","chr12","109713363","109713677","13","572066"
"chr12","110298996","110299297","chr12","109727167","109727466","4","571829"
"chr12","110369724","110370020","chr12","109798859","109799161","6","570865"
"chr12","110398485","110398785","chr12","109827381","109827680","1","571104"
"chr12","110822683","110822810","chr8","64903186","64903315","18","45919497"
"chr12","110971407","110971559","chr7","141314255","141314406","16","30342848"
"chr12","111045219","111045503","chr8","14239717","14240001","44","96805502"
"chr12","111204029","111204181","chr5","140288144","140288294","16","29084115"
"chr12","111253160","111253463","chr12","110700234","110700539","5","552926"
"chr12","111420670","111420972","chr12","110867848","110868158","9","552822"
"chr12","111495320","111495614","chr12","110943708","110943992","10","551612"
"chr12","111617346","111617645","chr1","51781911","51782208","34","59835435"
"chr12","111629725","111630015","chr12","111089640","111089930","0","540085"
"chr12","111655679","111655986","chr12","111116272","111116584","5","539407"
"chr12","111697754","111698036","chr12","111159662","111159944","2","538092"
"chr12","112471010","112471313","chr12","111943705","111944009","4","527305"
"chr12","112568131","112568435","chr12","112045112","112045416","0","523019"
"chr12","112719869","112720170","chr12","112197479","112197782","2","522390"
"chr12","112849509","112849801","chr12","112325126","112325431","14","524383"
"chr12","112863877","112864193","chr12","112339350","112339645","34","524527"
"chr12","113049566","113049702","chr4","146247488","146247621","20","33197922"
"chr12","113052795","113052901","chr20","34029243","34029350","18","79023552"
"chr12","113115810","113116095","chr12","112596660","112596945","0","519150"
"chr12","113218267","113218391","chr12","112705543","112705667","0","512724"
"chr12","113259016","113259318","chr12","112746436","112746739","5","512580"
"chr12","113307606","113307879","chr22","49119448","49119725","56","64188158"
"chr12","113342090","113342350","chr12","112830846","112831105","4","511244"
"chr12","113419908","113420202","chr12","112907655","112907952","5","512253"
"chr12","114232554","114232855","chr12","113734426","113734727","2","498128"
"chr12","114714664","114714946","chr12","114230382","114230686","23","484282"
"chr12","115173994","115174299","chr12","114704875","114705181","2","469119"
"chr12","115665677","115665981","chr12","115204481","115204785","0","461196"
"chr12","116402082","116402381","chr12","115952947","115953250","6","449135"
"chr12","116500584","116500877","chr12","116052676","116052968","2","447908"
"chr12","116550628","116550929","chr12","116103195","116103496","1","447433"
"chr12","117210726","117211029","chr12","116770613","116770914","4","440113"
"chr12","117400415","117400699","chr12","116964345","116964629","1","436070"
"chr12","117403622","117403933","chr12","116967555","116967868","2","436067"
"chr12","117422384","117422688","chr12","116986635","116986942","4","435749"
"chr12","117425624","117425928","chr12","116989877","116990182","3","435747"
"chr12","117501468","117501768","chr12","117064778","117065078","1","436690"
"chr12","117717782","117718073","chr12","117295947","117296238","0","421835"
"chr12","117721055","117721353","chr12","117299426","117299727","4","421629"
"chr12","117807332","117807624","chr12","117386760","117387052","1","420572"
"chr12","118046867","118047155","chr11","66077802","66078094","35","51969065"
"chr12","118063878","118064183","chr17","72110430","72110731","35","45953448"
"chr12","118066296","118066609","chr12","117648605","117648918","2","417691"
"chr12","118092869","118093150","chr12","117674841","117675122","3","418028"
"chr12","118149604","118149899","chr12","117732502","117732797","0","417102"
"chr12","118153041","118153328","chr12","117735653","117735942","2","417388"
"chr12","118848903","118849209","chr12","118441777","118442083","0","407126"
"chr12","118969021","118969359","chr12","118564246","118564546","43","404775"
"chr12","119087870","119088180","chr12","118683335","118683645","3","404535"
"chr12","119108587","119108852","chr12","118705028","118705293","1","403559"
"chr12","119188766","119189072","chr12","118786313","118786624","9","402453"
"chr12","119202374","119202682","chr12","118799809","118800117","3","402565"
"chr12","119308269","119308554","chr12","118907348","118907650","18","400921"
"chr12","120042728","120043030","chr12","119640692","119640997","5","402036"
"chr12","120140651","120140962","chr12","119738523","119738834","1","402128"
"chr12","120186912","120187222","chr12","119784798","119785108","1","402114"
"chr12","120278538","120278830","chr12","119876848","119877143","5","401690"
"chr12","120311428","120311620","chr12","119910048","119910221","19","401380"
"chr12","120895243","120895538","chr16","53934414","53934708","32","66960829"
"chr12","121236995","121237241","chr12","120883214","120883463","6","353781"
"chr12","121242308","121242608","chr12","120888795","120889096","4","353513"
"chr12","121250532","121250827","chr12","120896547","120896846","6","353985"
"chr12","121547633","121547928","chr12","121206142","121206422","17","341491"
"chr12","121551059","121551352","chr12","121209583","121209875","2","341476"
"chr12","121942888","121943168","chr12","121613163","121613411","58","329725"
"chr12","122177535","122177844","chr12","121853777","121854077","9","323758"
"chr12","122215094","122215397","chr12","121891454","121891756","1","323640"
"chr12","122263143","122263389","chr7","63420860","63421107","36","58842283"
"chr12","122308220","122308517","chr12","121990986","121991287","7","317234"
"chr12","122311688","122311991","chrX","18532247","18532549","31","103779441"
"chr12","122404050","122404361","chr12","122088081","122088393","6","315969"
"chr12","122453227","122453542","chr12","122141786","122142095","11","311441"
"chr12","122541946","122542239","chr12","122234075","122234368","0","307871"
"chr12","122653895","122654197","chr17","58463616","58463916","30","64190279"
"chr12","122672053","122672351","chr12","122363762","122364058","4","308291"
"chr12","122793089","122793383","chr12","122492597","122492885","20","300492"
"chr12","122810460","122810723","chr12","122510762","122511025","0","299698"
"chr12","122875597","122875899","chr12","122580661","122580965","2","294936"
"chr12","123078535","123078685","chr16","31179130","31179280","18","91899405"
"chr12","123122443","123122501","chr2B","120274761","120274816","7","2847682"
"chr12","123166756","123167063","chr12","123030600","123030913","8","136156"
"chr12","123318750","123319048","chr12","123183823","123184126","8","134927"
"chr12","124353168","124353460","chr12","123366846","123367138","1","986322"
"chr12","124584324","124584621","chr12","123589990","123590287","1","994334"
"chr12","124584758","124585051","chr12","123590425","123590718","1","994333"
"chr12","125020480","125020792","chr12","124024208","124024506","17","996272"
"chr12","125127555","125127699","chr11","46641316","46641456","18","78486239"
"chr12","125127738","125127854","chr20","38663756","38663880","26","86463982"
"chr12","125233379","125233689","chr12","124252834","124253144","0","980545"
"chr12","125377502","125377559","chr5","122163340","122163396","6","3214162"
"chr12","125535448","125535756","chr12","124574687","124575004","10","960761"
"chr12","126002438","126002745","chr12","124989527","124989836","4","1012911"
"chr12","126017254","126017309","chr12","125005363","125005418","2","1011891"
"chr12","126093325","126093625","chr12","125082795","125083095","1","1010530"
"chr12","126126204","126126489","chr12","125116862","125117152","13","1009342"
"chr12","126517322","126517480","chr12","125512163","125512333","14","1005159"
"chr12","126761134","126761444","chr12","125760929","125761242","7","1000205"
"chr12","126787101","126787385","chr12","125787845","125788128","4","999256"
"chr12","126844197","126844497","chr12","125848242","125848547","6","995955"
"chr12","126932467","126932542","chr12","125945768","125945844","2","986699"
"chr12","126959523","126959866","chr1","44529891","44530194","99","82429632"
"chr12","127074057","127074358","chr12","126078751","126079057","7","995306"
"chr12","127575220","127575531","chr12","126582847","126583158","2","992373"
"chr12","128645847","128646154","chr12","127680717","127681024","3","965130"
"chr12","128933663","128933948","chr12","127974772","127975057","0","958891"
"chr12","129369775","129370090","chr12","128418805","128419121","1","950970"
"chr12","129586818","129586879","chr12","128641438","128641499","1","945380"
"chr12","129982518","129982815","chr12","129039755","129040052","6","942763"
"chr12","130390318","130390600","chr12","129446337","129446619","0","943981"
"chr12","130642485","130642792","chr12","129704424","129704732","6","938061"
"chr12","131136299","131136455","chr12","130214798","130214957","4","921501"
"chr12","131973167","131973461","chr12","131082118","131082415","34","891049"
"chr12","132284881","132285191","chr12","131402327","131402640","5","882554"
"chr12","133778918","133779230","chr12","132669369","132669686","6","1109549"
"chr12","133860340","133860651","chr12","132752434","132752745","0","1107906"
"chr12","133894222","133894499","chr12","132788340","132788617","0","1105882"
"chr12","134198318","134198617","chr12","133102172","133102474","8","1096146"
"chr12","134508208","134508515","chr12","133437217","133437526","5","1070991"
"chr12","134702654","134702913","chr12","133633396","133633655","0","1069258"
"chr12","134835271","134835567","chr12","133765054","133765331","19","1070217"
"chr12","134847049","134847335","chr20","61632542","61632829","37","73214507"
"chr12","134925582","134925857","chr12","133857233","133857510","3","1068349"
"chr12","135033190","135033278","chr12","133963105","133963195","3","1070085"
"chr12","135058083","135058375","chr12","133991208","133991500","2","1066875"
"chr13","19151410","19151717","chr13","19017828","19018138","3","133582"
"chr13","19179443","19179740","chr13","19047080","19047380","3","132363"
"chr13","19200181","19200477","chr13","19067792","19068088","1","132389"
"chr13","19426734","19427034","chr13","19299535","19299844","11","127199"
"chr13","19437889","19438180","chr13","19311219","19311511","4","126670"
"chr13","19443757","19443992","chr5","77873771","77874002","35","58430014"
"chr13","19445515","19445608","chrX","31024239","31024338","13","11578724"
"chr13","19483164","19483454","chr13","19361367","19361657","6","121797"
"chr13","19558918","19559218","chr13","19437052","19437362","10","121866"
"chr13","19559697","19559976","chr13","19438232","19438542","33","121465"
"chr13","19577215","19577516","chr13","19456395","19456702","8","120820"
"chr13","19854056","19854372","chr13","19740558","19740848","29","113498"
"chr13","19903882","19904193","chr13","19790993","19791302","9","112889"
"chr13","20023123","20023422","chr13","19912800","19913099","2","110323"
"chr13","20110100","20110402","chr15","80598511","80598813","32","60488411"
"chr13","20111282","20111589","chr13","20000948","20001257","3","110334"
"chr13","20170685","20170990","chr13","20062866","20063172","3","107819"
"chr13","20522646","20522942","chr13","20419823","20420126","7","102823"
"chr13","20656528","20656773","chrX","134682766","134683025","40","114026238"
"chr13","20762469","20762766","chr12","56405568","56405867","30","35643099"
"chr13","20802321","20802567","chr13","20708614","20708862","2","93707"
"chr13","20825583","20825899","chr13","20733637","20733956","7","91946"
"chr13","21148672","21148954","chr13","21060502","21060786","3","88170"
"chr13","21236368","21236662","chr13","21150972","21151268","6","85396"
"chr13","21456665","21456968","chr13","21374182","21374484","4","82483"
"chr13","21561078","21561381","chr13","21476593","21476892","4","84485"
"chr13","21641612","21641928","chr13","21557138","21557464","10","84474"
"chr13","22356978","22357280","chr13","22282335","22282639","5","74643"
"chr13","22969120","22969431","chr13","22902833","22903145","2","66287"
"chr13","22974797","22975108","chr13","22908594","22908905","0","66203"
"chr13","23160451","23160726","chr13","23096653","23096927","1","63798"
"chr13","23589621","23589922","chr13","23525096","23525397","0","64525"
"chr13","24159212","24159529","chr13","24104349","24104669","5","54863"
"chr13","24256396","24256696","chr13","24201393","24201700","10","55003"
"chr13","24727270","24727567","chr7","103009137","103009434","0","78281867"
"chr13","24848013","24848293","chr13","24747850","24748136","9","100163"
"chr13","24863615","24863901","chr13","24763452","24763739","4","100163"
"chr13","24873662","24873934","chr13","24773492","24773774","11","100170"
"chr13","24875476","24875746","chr13","24775306","24775603","28","100170"
"chr13","24983890","24984191","chr13","24886103","24886404","0","97787"
"chr13","25410378","25410707","chr13","25312548","25312831","46","97830"
"chr13","25652475","25652774","chr12","56405568","56405867","33","30753093"
"chr13","25680590","25680873","chr13","25589013","25589296","3","91577"
"chr13","25756007","25756296","chr13","25664689","25664980","2","91318"
"chr13","25925908","25926209","chr13","25837510","25837806","7","88398"
"chr13","25970395","25970707","chr13","25881979","25882291","0","88416"
"chr13","26340411","26340700","chr13","26257471","26257760","1","82940"
"chr13","26653120","26653424","chr13","26574897","26575206","8","78223"
"chr13","26759204","26759474","chr13","26683269","26683545","6","75935"
"chr13","26885111","26885407","chr13","26821871","26822167","1","63240"
"chr13","26905425","26905728","chr17","2674926","2675229","30","24230499"
"chr13","26907473","26907633","chr5","132285910","132286062","37","105378437"
"chr13","26907661","26907776","chr5","155652183","155652292","16","128744522"
"chr13","27000937","27001231","chr13","26940710","26941014","14","60227"
"chr13","27521359","27521658","chr13","27487109","27487408","0","34250"
"chr13","27557910","27558231","chr13","27525132","27525438","17","32778"
"chr13","27569723","27570025","chr13","27537609","27537910","1","32114"
"chr13","27793593","27793867","chr6","11355003","11355281","37","16438590"
"chr13","27849718","27849816","chr13","27821877","27821983","9","27841"
"chr13","28049550","28049850","chr13","28023440","28023740","5","26110"
"chr13","28310762","28311098","chr13","28289048","28289383","1","21714"
"chr13","28629957","28630267","chr13","28613593","28613904","5","16364"
"chr13","29000180","29000457","chr13","29288655","29288939","8","288475"
"chr13","29061478","29061784","chr17","11327119","11327421","36","17734359"
"chr13","29063131","29063428","chr13","29353196","29353502","12","290065"
"chr13","29065728","29066021","chr13","29355804","29356100","8","290076"
"chr13","29099477","29099779","chr13","29391043","29391347","8","291566"
"chr13","29172601","29172907","chr13","29464191","29464498","1","291590"
"chr13","29273600","29273890","chr13","29565411","29565699","4","291811"
"chr13","29352324","29352624","chr13","29644340","29644631","11","292016"
"chr13","29983038","29983175","chr14","60419218","60419349","24","30436180"
"chr13","30114277","30114574","chr13","30013627","30013925","5","100650"
"chr13","30181803","30182110","chr13","30082430","30082710","29","99373"
"chr13","30185000","30185275","chr13","30085777","30086076","25","99223"
"chr13","30268853","30269150","chr13","30169979","30170276","2","98874"
"chr13","30635057","30635373","chr13","30540637","30540953","1","94420"
"chr13","30880815","30881119","chr13","30793195","30793500","2","87620"
"chr13","30949457","30949751","chr13","30860389","30860684","2","89068"
"chr13","31135972","31136276","chr13","31049885","31050192","5","86087"
"chr13","31453516","31453816","chr13","31386668","31386970","3","66848"
"chr13","32170391","32170698","chr13","32121324","32121629","2","49067"
"chr13","32281726","32282030","chr13","32234853","32235157","1","46873"
"chr13","32305396","32305690","chr13","32259316","32259612","4","46080"
"chr13","32731976","32732281","chr11","60633059","60633367","32","27901083"
"chr13","32912032","32912316","chr13","32872949","32873233","0","39083"
"chr13","33308550","33308850","chr13","33273025","33273329","10","35525"
"chr13","33376870","33377174","chr13","33341598","33341903","3","35272"
"chr13","35429861","35430167","chr13","35411169","35411447","28","18692"
"chr13","35434478","35434768","chr13","35415762","35416052","2","18716"
"chr13","35524197","35524496","chr13","35505074","35505373","8","19123"
"chr13","35622056","35622351","chr13","35605638","35605937","6","16418"
"chr13","35674420","35674739","chr13","35657317","35657628","20","17103"
"chr13","36434182","36434485","chr13","36420581","36420884","2","13601"
"chr13","36458181","36458485","chr13","36444710","36445018","9","13471"
"chr13","36704259","36704565","chr13","36692910","36693216","1","11349"
"chr13","37163641","37163937","chr13","37006216","37006514","2","157425"
"chr13","38252597","38252901","chr13","38101589","38101893","1","151008"
"chr13","38670226","38670540","chr13","38525969","38526283","0","144257"
"chr13","38779676","38779974","chr7","139374435","139374734","33","100594759"
"chr13","38967539","38967829","chr9","135919077","135919369","37","96951538"
"chr13","38993727","38994026","chr18","6547363","6547661","34","32446364"
"chr13","39196390","39196683","chr2B","236928045","236928342","28","197731655"
"chr13","39227125","39227297","chr12","13135377","13135546","27","26091748"
"chr13","39313957","39314259","chr3","137040739","137041043","34","97726782"
"chr13","39389458","39389754","chr19","58086933","58087227","38","18697475"
"chr13","40435338","40435635","chr7","70805236","70805525","34","30369898"
"chr13","40650419","40650718","chr15","88044910","88045215","33","47394491"
"chr13","40699734","40700028","chr9","96032698","96032992","31","55332964"
"chr13","40708097","40708387","chr13","51905735","51906026","24","11197638"
"chr13","40884875","40885187","chrX","135126193","135126507","37","94241318"
"chr13","40910763","40911087","chr1","154537630","154537941","50","113626867"
"chr13","40935506","40935801","chr1","7111237","7111530","34","33824269"
"chr13","41123971","41124267","chr15","65685955","65686252","42","24561984"
"chr13","41447792","41448100","chr4","171716898","171717206","33","130269106"
"chr13","41757559","41757858","chr1","78370843","78371142","30","36613284"
"chr13","46439667","46439972","chr13","46265233","46265538","1","174434"
"chr13","46921975","46922059","chr1","70177728","70177802","32","23255753"
"chr13","46993088","46993383","chr13","46825003","46825298","1","168085"
"chr13","47104710","47105012","chr13","46935796","46936094","6","168914"
"chr13","47795469","47795768","chr13","47644340","47644640","3","151129"
"chr13","47967340","47967441","chr13","47819145","47819246","7","148195"
"chr13","47997528","47997828","chr13","47850014","47850353","43","147514"
"chr13","48127172","48127467","chr13","47980057","47980353","2","147115"
"chr13","48448908","48449201","chr13","48309006","48309305","8","139902"
"chr13","49002550","49002823","chr13","48871834","48872107","0","130716"
"chr13","49403965","49404260","chr13","49229357","49229656","8","174608"
"chr13","49414789","49415087","chr13","49239217","49239518","4","175572"
"chr13","49463378","49463635","chr1","20795454","20795703","36","28667924"
"chr13","49472163","49472469","chr13","49297040","49297346","1","175123"
"chr13","49584167","49584451","chr5","14210923","14211217","38","35373244"
"chr13","49712498","49712793","chr13","49545272","49545570","3","167226"
"chr13","49822239","49822548","chr13","49654406","49654714","5","167833"
"chr13","49990816","49991108","chr13","49830748","49831043","3","160068"
"chr13","51764034","51764332","chr13","51625342","51625644","6","138692"
"chr13","51917403","51917688","chr13","51777728","51778018","7","139675"
"chr13","51987814","51988114","chr13","51850489","51850790","4","137325"
"chr13","52041000","52041291","chr13","51905735","51906026","2","135265"
"chr13","52238218","52238514","chr13","52044799","52045095","2","193419"
"chr13","52241909","52242206","chr13","52048442","52048739","2","193467"
"chr13","52966542","52966838","chr13","52774445","52774744","12","192097"
"chr13","53265919","53266226","chr13","53090610","53090914","5","175309"
"chr13","53325310","53325619","chr13","53149987","53150296","4","175323"
"chr13","54044666","54044982","chr4","186971745","186972054","43","132927079"
"chr13","54088979","54089272","chr13","53926936","53927243","18","162043"
"chr13","55485167","55485463","chr13","55329254","55329552","4","155913"
"chr13","55610044","55610055","chr2A","86562381","86562407","19","30952337"
"chr13","55610087","55610332","chr1","179405480","179405713","56","123795393"
"chr13","56093453","56093727","chr13","55944904","55945176","4","148549"
"chr13","56354574","56354832","chr13","56200946","56201205","3","153628"
"chr13","56953753","56954033","chr13","56799811","56800123","32","153942"
"chr13","58523832","58524136","chr13","58308324","58308594","36","215508"
"chr13","59071652","59071946","chr13","58864111","58864419","39","207541"
"chr13","60349418","60349700","chr13","60145126","60145404","5","204292"
"chr13","60464098","60464400","chr13","60258054","60258365","15","206044"
"chr13","60530389","60530682","chr13","60326203","60326496","1","204186"
"chr13","60897421","60897708","chr13","60700899","60701184","5","196522"
"chr13","61282166","61282465","chr13","61089789","61090086","4","192377"
"chr13","62179696","62180004","chr13","61986112","61986422","7","193584"
"chr13","63374567","63374845","chr13","63104048","63104326","2","270519"
"chr13","63574652","63574959","chr13","63308234","63308531","15","266418"
"chr13","63579453","63579750","chr13","63313027","63313324","1","266426"
"chr13","64023731","64023984","chr13","63751698","63751955","8","272033"
"chr13","64248447","64248761","chr13","63976993","63977307","3","271454"
"chr13","65563611","65563892","chr13","65303384","65303665","0","260227"
"chr13","66349581","66349870","chr13","66091522","66091827","16","258059"
"chr13","67264413","67264718","chr13","67012094","67012402","5","252319"
"chr13","68054126","68054414","chr13","67841500","67841803","15","212626"
"chr13","68086365","68086679","chr13","67874000","67874316","2","212365"
"chr13","68124787","68125096","chr13","67913493","67913803","2","211294"
"chr13","68242414","68242610","chr13","68031538","68031736","2","210876"
"chr13","70129584","70129654","chr13","69945878","69945951","3","183706"
"chr13","70540923","70541233","chr13","70359458","70359771","14","181465"
"chr13","70982660","70982963","chr13","70808952","70809233","24","173708"
"chr13","71363345","71363644","chr13","71208589","71208897","9","154756"
"chr13","71409403","71409638","chr13","71254491","71254726","2","154912"
"chr13","71494157","71494444","chr13","71339370","71339658","2","154787"
"chr13","71665445","71665748","chr13","71513488","71513790","3","151957"
"chr13","71675814","71676123","chr13","71523860","71524171","2","151954"
"chr13","73120045","73120337","chr13","72992015","72992308","4","128030"
"chr13","73239530","73239843","chr13","73114294","73114601","6","125236"
"chr13","73477319","73477633","chr13","73353884","73354198","2","123435"
"chr13","73734433","73734746","chr13","73616498","73616803","15","117935"
"chr13","74505006","74505298","chr11","66478364","66478652","40","8026642"
"chr13","75178150","75178458","chr13","75093588","75093891","7","84562"
"chr13","75925520","75925827","chr13","75581944","75582256","5","343576"
"chr13","76063716","76064032","chr13","75721643","75721955","7","342073"
"chr13","76801262","76801568","chr13","76470140","76470448","3","331122"
"chr13","77060729","77061028","chr13","76728760","76729060","6","331969"
"chr13","77725071","77725365","chr13","77401750","77402044","2","323321"
"chr13","77789773","77790071","chr13","77468614","77468913","2","321159"
"chr13","78038274","78038571","chr13","77752121","77752416","5","286153"
"chr13","78281602","78281881","chr13","77997338","77997613","6","284264"
"chr13","80189216","80189509","chr13","79943098","79943397","7","246118"
"chr13","80195257","80195547","chr13","79949151","79949443","2","246106"
"chr13","80440410","80440703","chr13","80195495","80195788","1","244915"
"chr13","80450247","80450352","chr13","80199312","80199418","4","250935"
"chr13","80467699","80468006","chr13","80217020","80217328","1","250679"
"chr13","80670478","80670779","chr13","80416364","80416666","2","254114"
"chr13","81089694","81089998","chr13","80844099","80844407","10","245595"
"chr13","82142807","82143030","chr13","81767746","81767964","7","375061"
"chr13","82773255","82773560","chr13","82415012","82415317","4","358243"
"chr13","83169778","83170072","chr13","82814389","82814683","1","355389"
"chr13","83228372","83228665","chr1","143898399","143898693","55","60670027"
"chr13","83251712","83252010","chr13","82898430","82898727","3","353282"
"chr13","83277885","83277951","chr13","82924616","82924678","4","353269"
"chr13","84219364","84219668","chr13","83874638","83874958","17","344726"
"chr13","84308623","84308920","chr13","83965078","83965379","4","343545"
"chr13","84486086","84486386","chr13","84144100","84144400","1","341986"
"chr13","84567476","84567753","chr13","84226819","84227096","0","340657"
"chr13","84888664","84888971","chr13","84552145","84552450","12","336519"
"chr13","85415666","85415954","chr13","85086680","85086984","17","328986"
"chr13","85865888","85866185","chr15","88044910","88045215","60","2179022"
"chr13","86118838","86119169","chr13","85797363","85797659","35","321475"
"chr13","86412383","86412681","chr13","86093431","86093733","5","318952"
"chr13","86536184","86536484","chr22","44217193","44217494","36","42318991"
"chr13","86605284","86605581","chr13","86344011","86344308","3","261273"
"chr13","86824287","86824566","chr4","165655030","165655309","39","78830743"
"chr13","86936114","86936222","chr13","86679468","86679576","3","256646"
"chr13","86983894","86984199","chr13","86727365","86727670","2","256529"
"chr13","87476998","87477312","chr13","87222956","87223282","16","254042"
"chr13","87803878","87804179","chr13","87554983","87555285","2","248895"
"chr13","88090384","88090672","chr13","87848656","87848944","3","241728"
"chr13","88535138","88535438","chr13","88304455","88304756","1","230683"
"chr13","89477978","89478272","chr6","28875089","28875382","34","60602889"
"chr13","89575949","89576252","chr13","89371978","89372282","3","203971"
"chr13","89830243","89830509","chr1","40384287","40384550","41","49445956"
"chr13","90630151","90630440","chr13","90428440","90428729","1","201711"
"chr13","91282339","91282649","chr13","91092234","91092547","5","190105"
"chr13","91442761","91443058","chr13","91256733","91257037","8","186028"
"chr13","92240683","92240984","chr13","92059625","92059941","15","181058"
"chr13","92394304","92394612","chr13","92216503","92216811","4","177801"
"chr13","92413780","92414078","chr13","92236675","92236973","1","177105"
"chr13","92799852","92800129","chr13","92634933","92635210","0","164919"
"chr13","92965765","92965987","chr13","92803471","92803703","15","162294"
"chr13","93912507","93912808","chr13","93758421","93758722","1","154086"
"chr13","94012617","94012926","chr13","93860013","93860322","0","152604"
"chr13","94025455","94025728","chr5","182040324","182040598","40","88014869"
"chr13","94592077","94592363","chr13","94443875","94444160","2","148202"
"chr13","94672487","94672786","chr13","94525260","94525562","3","147227"
"chr13","94686178","94686483","chr10","35686440","35686743","35","58999738"
"chr13","94840447","94840760","chr13","94692913","94693226","4","147534"
"chr13","95495039","95495346","chr13","95365634","95365941","0","129405"
"chr13","95570313","95570583","chr13","95438205","95438475","5","132108"
"chr13","95624243","95624558","chr13","95493791","95494106","1","130452"
"chr13","95632915","95633212","chr13","95502547","95502847","8","130368"
"chr13","95683991","95684293","chr8","29995406","29995711","38","65688585"
"chr13","95717728","95718018","chr13","95588087","95588378","3","129641"
"chr13","95812836","95813134","chr13","95685639","95685937","1","127197"
"chr13","95857478","95857694","chr13","95730469","95730685","0","127009"
"chr13","95892807","95893109","chr13","95765800","95766100","10","127007"
"chr13","97589832","97590131","chr13","97486572","97486871","3","103260"
"chr13","97603755","97604120","chr13","97500486","97500848","10","103269"
"chr13","97890377","97890516","chr13","97788998","97789138","1","101379"
"chr13","98158663","98158960","chr13","98052276","98052572","3","106387"
"chr13","98218329","98218623","chr13","98111437","98111730","2","106892"
"chr13","98316079","98316390","chr13","98209487","98209800","3","106592"
"chr13","98404266","98404581","chr13","98299657","98299972","0","104609"
"chr13","98493126","98493421","chr13","98389688","98389983","0","103438"
"chr13","98777633","98777916","chr13","98684921","98685221","17","92712"
"chr13","98930637","98930938","chr7","155856543","155856835","54","56925906"
"chr13","98935434","98935735","chr13","98848336","98848646","10","87098"
"chr13","99186738","99187010","chr13","99109566","99109838","3","77172"
"chr13","99451884","99452185","chr13","99380540","99380841","4","71344"
"chr13","100023915","100024204","chr13","99961943","99962229","6","61972"
"chr13","100061591","100061906","chr13","100001848","100002160","7","59743"
"chr13","100314992","100315265","chr13","100260447","100260738","20","54545"
"chr13","100347885","100348184","chr13","100294925","100295225","1","52960"
"chr13","100359154","100359427","chr2A","27796266","27796545","56","72562888"
"chr13","100468179","100468465","chr13","100417863","100418151","2","50316"
"chr13","100522096","100522403","chr13","100472322","100472632","15","49774"
"chr13","100541813","100542125","chr13","100492012","100492325","2","49801"
"chr13","100552310","100552612","chr13","100502840","100503151","11","49470"
"chr13","100705807","100706106","chr13","100659420","100659723","7","46387"
"chr13","102057876","102058222","chr13","102040068","102040393","78","17808"
"chr13","102528136","102528442","chr13","102518053","102518333","27","10083"
"chr13","102758413","102758715","chr13","102750521","102750826","3","7892"
"chr13","103644297","103644602","chr13","103655460","103655765","1","11163"
"chr13","105657810","105658116","chr13","105690941","105691243","6","33131"
"chr13","105847453","105847766","chr13","105881143","105881453","25","33690"
"chr13","106565058","106565381","chr13","106612591","106612910","14","47533"
"chr13","106639594","106639905","chr13","106700409","106700721","4","60815"
"chr13","106882648","106882961","chr13","106952006","106952317","11","69358"
"chr13","106919385","106919670","chr13","106987134","106987420","13","67749"
"chr13","106972753","106973060","chr13","107041595","107041874","28","68842"
"chr13","107154690","107154988","chr13","107233994","107234294","9","79304"
"chr13","107294498","107294802","chr13","107374150","107374455","2","79652"
"chr13","107699825","107700118","chr13","107785537","107785831","4","85712"
"chr13","109060635","109060929","chr13","109155811","109156108","4","95176"
"chr13","109186007","109186321","chr13","109286127","109286441","1","100120"
"chr13","109264965","109265255","chrX","18495870","18496159","35","90769095"
"chr13","109350405","109350698","chr13","109449089","109449401","20","98684"
"chr13","110110070","110110365","chr13","110223251","110223547","3","113181"
"chr13","110323917","110324228","chr13","110445695","110446006","2","121778"
"chr13","110543357","110543653","chr13","110668671","110668970","6","125314"
"chr13","110768560","110768850","chr13","110898521","110898817","10","129961"
"chr13","111012619","111012920","chr13","111153810","111154121","11","141191"
"chr13","111462802","111463103","chr13","111603868","111604169","3","141066"
"chr13","111717982","111718287","chr13","111870478","111870781","5","152496"
"chr13","112373845","112374140","chr1","26910045","26910339","46","85463800"
"chr13","112698180","112698478","chr13","113214861","113215189","32","516681"
"chr13","112821686","112821975","chr13","113343558","113343856","9","521872"
"chr13","113007363","113007683","chr13","113534793","113535109","12","527430"
"chr13","113110013","113110307","chr13","113637667","113637961","1","527654"
"chr13","114366000","114366306","chrUn_GL393546","3551","3860","3","114362449"
"chr14","18579387","18579691","chr14","18560974","18561277","3","18413"
"chr14","18874509","18874827","chr14","18870011","18870329","8","4498"
"chr14","18930552","18930822","chr14","18925192","18925462","1","5360"
"chr14","19299816","19300113","chr14","19301931","19302236","9","2115"
"chr14","19419649","19419941","chr14","19422845","19423137","3","3196"
"chr14","19471704","19472016","chr14","19470935","19471226","21","769"
"chr14","19561336","19561669","chr14","19569627","19569961","8","8291"
"chr14","19591808","19592117","chr14","19604341","19604652","3","12533"
"chr14","19661848","19662121","chr1","128826658","128826936","46","109164810"
"chr14","19695379","19695688","chr14","19707697","19708006","3","12318"
"chr14","19719038","19719330","chr14","19732278","19732570","3","13240"
"chr14","20138339","20138605","chr14","20128879","20129146","1","9460"
"chr14","20143617","20143937","chr14","20134153","20134472","14","9464"
"chr14","20352054","20352364","chr14","20350923","20351223","25","1131"
"chr14","20401575","20401706","chr7","109446630","109446763","18","89045055"
"chr14","20413843","20414132","chr14","20414523","20414812","0","680"
"chr14","21446088","21446385","chr14","21417766","21418065","5","28322"
"chr14","21614983","21615283","chr14","21590461","21590762","2","24522"
"chr14","21683090","21683398","chr14","21658432","21658742","12","24658"
"chr14","21724456","21724753","chr14","21700419","21700718","4","24037"
"chr14","21847163","21847430","chr14","21830438","21830704","3","16725"
"chr14","21876735","21876962","chr14","21863677","21863904","0","13058"
"chr14","21931563","21931863","chr12","132840347","132840648","31","110908784"
"chr14","22111696","22111991","chr14","22104055","22104350","4","7641"
"chr14","22485908","22486221","chr14","22488002","22488314","2","2094"
"chr14","22649237","22649539","chr14","22655897","22656204","5","6660"
"chr14","23013981","23014271","chr14","22957480","22957771","2","56501"
"chr14","23034067","23034373","chr14","22977847","22978158","7","56220"
"chr14","23059576","23059852","chr14","23013279","23013559","6","46297"
"chr14","23321258","23321571","chr14","23274130","23274442","7","47128"
"chr14","25105862","25106163","chr14","25081122","25081424","3","24740"
"chr14","25666351","25666645","chr14","25648558","25648852","1","17793"
"chr14","26313132","26313448","chr14","26299752","26300066","5","13380"
"chr14","26568973","26569279","chr14","26551795","26552102","3","17178"
"chr14","26709797","26710105","chr14","26625252","26625560","0","84545"
"chr14","26922792","26923080","chr14","26848364","26848652","3","74428"
"chr14","27076846","27077122","chr14","27001296","27001573","1","75550"
"chr14","28326951","28327252","chr14","28258936","28259234","5","68015"
"chr14","28470245","28470536","chr14","28405559","28405863","14","64686"
"chr14","28618412","28618717","chr14","28555067","28555369","4","63345"
"chr14","29710497","29710796","chr14","29607240","29607545","9","103257"
"chr14","29831307","29831607","chr14","29731970","29732270","0","99337"
"chr14","29874073","29874383","chr3","135839740","135840041","38","105965667"
"chr14","30018631","30018946","chr14","29921315","29921639","12","97316"
"chr14","30019507","30019666","chr15","59337524","59337669","44","29318017"
"chr14","30148938","30149242","chr14","30054119","30054424","1","94819"
"chr14","30150308","30150594","chr14","30055488","30055776","2","94820"
"chr14","30163583","30163887","chr14","30070103","30070407","4","93480"
"chr14","30335709","30335948","chr1","24067245","24067486","55","6268464"
"chr14","31116114","31116421","chr14","31035221","31035528","2","80893"
"chr14","31793212","31793497","chr14","31718780","31719062","3","74432"
"chr14","31978882","31979197","chr14","31908034","31908349","10","70848"
"chr14","32181120","32181390","chr14","32109773","32110043","1","71347"
"chr14","32978283","32978572","chr14","32918182","32918471","3","60101"
"chr14","33395175","33395469","chr14","33343905","33344200","1","51270"
"chr14","33434924","33435236","chr14","33385965","33386277","3","48959"
"chr14","33444082","33444389","chr1","14899857","14900167","40","18544225"
"chr14","33455804","33456109","chr14","33408029","33408334","2","47775"
"chr14","33465772","33466087","chr14","33418052","33418364","3","47720"
"chr14","33759521","33759799","chr14","33717563","33717850","9","41958"
"chr14","33798440","33798736","chr9","104447933","104448230","37","70649493"
"chr14","34022706","34023006","chr14","33997538","33997838","0","25168"
"chr14","34066332","34066558","chr15","69628035","69628259","37","35561703"
"chr14","34279842","34280149","chr14","34270100","34270406","4","9742"
"chr14","34706005","34706317","chr14","34711044","34711356","2","5039"
"chr14","34861266","34861545","chr14","34868007","34868289","6","6741"
"chr14","34889004","34889299","chr14","99574655","99574958","54","64685651"
"chr14","35275705","35275991","chr14","35290491","35290787","13","14786"
"chr14","36319755","36320054","chr14","36165361","36165661","4","154394"
"chr14","36407234","36407505","chr6","21878658","21878936","35","14528576"
"chr14","38180294","38180588","chr14","38049356","38049650","0","130938"
"chr14","38205892","38206203","chr14","38075414","38075725","0","130478"
"chr14","38246694","38246952","chr14","38116715","38116973","0","129979"
"chr14","38323752","38324059","chr14","38196350","38196658","2","127402"
"chr14","38346596","38346745","chr11","46641316","46641456","20","8294720"
"chr14","38441179","38441473","chr14","38312813","38313113","10","128366"
"chr14","38448834","38449134","chr14","38320488","38320791","3","128346"
"chr14","38474980","38475259","chr14","38347140","38347419","1","127840"
"chr14","38571460","38571754","chr14","38444770","38445064","1","126690"
"chr14","38900363","38900454","chr14","38781275","38781366","1","119088"
"chr14","39822180","39822493","chr14","39709766","39710093","18","112414"
"chr14","40360494","40360803","chr14","40251868","40252178","3","108626"
"chr14","41027407","41027696","chr14","40940087","40940376","1","87320"
"chr14","41651196","41651379","chr14","41582863","41583046","1","68333"
"chr14","41662422","41662731","chr14","41594090","41594401","4","68332"
"chr14","42903688","42904002","chr21","31362801","31363113","33","11540887"
"chr14","43942071","43942148","chr14","43887797","43887881","11","54274"
"chr14","43942750","43942968","chr14","43888508","43888726","0","54242"
"chr14","44062636","44062917","chr14","44012026","44012277","32","50610"
"chr14","44283092","44283376","chr14","44236126","44236411","2","46966"
"chr14","45976547","45976840","chr14","45962387","45962656","32","14160"
"chr14","46570901","46571188","chr14","46560376","46560666","5","10525"
"chr14","47017224","47017520","chr14","47011014","47011314","6","6210"
"chr14","47080406","47080717","chr14","47075225","47075534","6","5181"
"chr14","47278764","47279067","chr14","47270173","47270476","2","8591"
"chr14","48490964","48491293","chr14","48504886","48505225","29","13922"
"chr14","48498123","48498405","chr14","48512310","48512608","19","14187"
"chr14","48557875","48558170","chr14","48573209","48573505","1","15334"
"chr14","48590917","48591199","chr14","48606462","48606745","4","15545"
"chr14","48609811","48610115","chr14","48626225","48626532","8","16414"
"chr14","48618015","48618319","chr14","48634456","48634760","1","16441"
"chr14","48736291","48736560","chr6","43651297","43651569","40","5084994"
"chr14","48775393","48775704","chr14","48795513","48795825","7","20120"
"chr14","48833789","48834096","chr17","11327119","11327421","35","37506670"
"chr14","49016235","49016530","chr14","49045199","49045505","13","28964"
"chr14","49175666","49175973","chr14","49206660","49206968","2","30994"
"chr14","49305342","49305633","chr14","49337989","49338289","10","32647"
"chr14","49413768","49414063","chr14","49449130","49449431","7","35362"
"chr14","49786907","49787216","chr14","49830754","49831063","0","43847"
"chr14","49854512","49854812","chr14","49898118","49898425","8","43606"
"chr14","50160864","50161137","chr14","50210388","50210662","1","49524"
"chr14","50277900","50278205","chr14","50326353","50326658","3","48453"
"chr14","50479983","50480284","chr14","50533452","50533756","5","53469"
"chr14","50857886","50858183","chr14","50914605","50914907","9","56719"
"chr14","50942812","50943128","chr7","102871865","102872177","39","51929053"
"chr14","51102827","51103127","chr14","51160328","51160635","15","57501"
"chr14","51174634","51174938","chr14","51231900","51232204","6","57266"
"chr14","51469122","51469425","chr14","51535421","51535724","0","66299"
"chr14","51581917","51581966","chr1","180807430","180807483","8","129225513"
"chr14","51612745","51613045","chr14","51682606","51682905","6","69861"
"chr14","51896538","51896825","chr14","51973559","51973846","1","77021"
"chr14","52972972","52973271","chr14","53049849","53050153","6","76877"
"chr14","53113755","53113926","chr17","17189272","17189438","26","35924483"
"chr14","53113966","53114092","chr7","141694833","141694959","22","88580867"
"chr14","53726345","53726622","chr14","53817053","53817336","9","90708"
"chr14","54172285","54172464","chr7","144964144","144964314","27","90791859"
"chr14","54248080","54248367","chr14","54362636","54362923","0","114556"
"chr14","54286184","54286495","chr14","54402218","54402530","13","116034"
"chr14","54429302","54429598","chr14","54549019","54549312","8","119717"
"chr14","54543177","54543343","chr14","54664350","54664519","4","121173"
"chr14","54830638","54830945","chr14","54956114","54956421","2","125476"
"chr14","55407162","55407467","chr14","55534918","55535227","12","127756"
"chr14","55526444","55526731","chr16","87207535","87207824","29","31681091"
"chr14","55573017","55573315","chr14","55704949","55705248","2","131932"
"chr14","55691362","55691665","chr14","55833097","55833402","3","141735"
"chr14","55777541","55777617","chr12","32607934","32608012","15","23169607"
"chr14","56212673","56212962","chr14","56365688","56365978","4","153015"
"chr14","56338052","56338363","chr14","56491498","56491809","6","153446"
"chr14","57036279","57036584","chr14","57189561","57189872","10","153282"
"chr14","57085849","57086162","chr14","57241234","57241547","4","155385"
"chr14","57359560","57359879","chr14","57519650","57519979","12","160090"
"chr14","58932261","58932546","chr14","59097808","59098097","5","165547"
"chr14","59364485","59364797","chr14","59535075","59535388","1","170590"
"chr14","60047237","60047516","chrX","109052172","109052452","32","49004935"
"chr14","60233240","60233369","chr14","60419218","60419349","2","185978"
"chr14","60617687","60618016","chr20","1789260","1789586","46","58828427"
"chr14","60630199","60630496","chr14","60827365","60827676","20","197166"
"chr14","60689290","60689595","chr14","60886672","60886979","3","197382"
"chr14","62365842","62366139","chr14","62598785","62599089","12","232943"
"chr14","62404155","62404466","chr14","62640300","62640608","8","236145"
"chr14","62667725","62668020","chr14","62900144","62900436","4","232419"
"chr14","62706138","62706441","chr14","62940606","62940909","1","234468"
"chr14","62708381","62708694","chr14","62944105","62944425","10","235724"
"chr14","62712263","62712387","chr14","62947997","62948121","1","235734"
"chr14","62787027","62787297","chr14","63021144","63021413","6","234117"
"chr14","62995793","62996108","chr14","63234291","63234602","11","238498"
"chr14","63146569","63146864","chr14","63385705","63386007","10","239136"
"chr14","63224871","63225168","chr14","63468402","63468700","3","243531"
"chr14","63339242","63339553","chr14","63588535","63588846","1","249293"
"chr14","64274660","64274963","chr14","63899965","63900276","10","374695"
"chr14","64303402","64303721","chr14","63929143","63929462","0","374259"
"chr14","64466267","64466574","chr14","64094256","64094568","6","372011"
"chr14","64481890","64482185","chr14","64110402","64110696","3","371488"
"chr14","64621530","64621833","chr10","24932165","24932473","34","39689365"
"chr14","64770636","64770927","chr14","64401993","64402286","3","368643"
"chr14","64887298","64887400","chrX","18539475","18539576","15","46347823"
"chr14","64984528","64984843","chr14","64625917","64626230","8","358611"
"chr14","65432965","65433237","chrX","94953354","94953626","36","29520389"
"chr14","65516060","65516356","chr14","65167700","65167999","5","348360"
"chr14","66006928","66007240","chr14","65661636","65661948","6","345292"
"chr14","66024306","66024593","chr14","65679013","65679320","24","345293"
"chr14","66192414","66192733","chr14","65867482","65867798","9","324932"
"chr14","66327940","66328231","chr14","66006800","66007091","6","321140"
"chr14","66403923","66404209","chr14","66085652","66085937","2","318271"
"chr14","66692322","66692631","chr14","66374216","66374526","3","318106"
"chr14","66953203","66953470","chr14","66635784","66636051","0","317419"
"chr14","67046402","67046535","chr1","53364805","53364943","43","13681597"
"chr14","67920306","67920607","chr14","67616042","67616345","7","304264"
"chr14","68490490","68490771","chr14","68199220","68199502","4","291270"
"chr14","69870791","69871090","chr14","69615360","69615659","1","255431"
"chr14","69880710","69881002","chr14","69625284","69625576","0","255426"
"chr14","69959386","69959702","chr12","104208878","104209190","36","34249492"
"chr14","70180239","70180539","chr14","69930193","69930498","8","250046"
"chr14","70283520","70283828","chr14","70035513","70035823","6","248007"
"chr14","70441233","70441543","chr14","70194739","70195049","3","246494"
"chr14","70959271","70959559","chr14","70714030","70714318","1","245241"
"chr14","70963100","70963399","chr14","70717860","70718159","1","245240"
"chr14","71375446","71375740","chr14","71146060","71146364","11","229386"
"chr14","71894538","71894804","chr14","71683631","71683897","1","210907"
"chr14","71915602","71915898","chr14","71705885","71706194","24","209717"
"chr14","72460806","72461097","chr14","72268107","72268399","1","192699"
"chr14","72514280","72514576","chr14","72326228","72326525","2","188052"
"chr14","72560358","72560640","chr14","72374473","72374756","3","185885"
"chr14","72604037","72604377","chr14","72410619","72410934","39","193418"
"chr14","72964573","72964842","chr14","72787845","72788114","0","176728"
"chr14","72972794","72973072","chr14","72796068","72796349","4","176726"
"chr14","73038246","73038542","chr16","12064494","12064789","35","60973752"
"chr14","73042684","73042984","chr14","72868515","72868815","2","174169"
"chr14","73046148","73046368","chr14","86051793","86052005","39","13005645"
"chr14","73053786","73054038","chr14","72880403","72880663","10","173383"
"chr14","73253780","73254062","chr14","73086052","73086327","7","167728"
"chr14","73288435","73288750","chr14","73121348","73121662","6","167087"
"chr14","73294976","73295293","chr14","73128208","73128525","2","166768"
"chr14","73355725","73356028","chr14","73190390","73190693","1","165335"
"chr14","73361113","73361408","chr14","73195783","73196082","5","165330"
"chr14","73366200","73366477","chr14","73201887","73202164","1","164313"
"chr14","73488232","73488552","chr14","73330640","73330960","0","157592"
"chr14","73511271","73511566","chr14","73355581","73355879","7","155690"
"chr14","73543442","73543740","chr14","73389812","73390090","21","153630"
"chr14","73697930","73698242","chr14","73548354","73548665","4","149576"
"chr14","73699925","73700205","chr14","73550565","73550826","22","149360"
"chr14","73705999","73706295","chr14","73557643","73557942","5","148356"
"chr14","74441145","74441438","chr14","74311346","74311613","28","129799"
"chr14","74834287","74834567","chr14","74710589","74710872","9","123698"
"chr14","75644399","75644702","chr14","75524120","75524425","3","120279"
"chr14","76260010","76260300","chr14","75779665","75779964","15","480345"
"chr14","76300701","76300952","chr14","75820621","75820872","1","480080"
"chr14","76354891","76355193","chr14","19301931","19302236","39","57052960"
"chr14","76407111","76407440","chr14","75930579","75930906","5","476532"
"chr14","76472124","76472418","chr14","75998766","75999064","7","473358"
"chr14","76608700","76608994","chr14","76136961","76137276","21","471739"
"chr14","76958693","76959017","chr14","76494238","76494545","25","464455"
"chr14","77068625","77068938","chr14","76605638","76605951","0","462987"
"chr14","77317317","77317594","chr14","76859344","76859621","2","457973"
"chr14","77590177","77590468","chr14","77131814","77132105","1","458363"
"chr14","77633958","77634254","chr14","77176907","77177205","2","457051"
"chr14","77661176","77661489","chr14","77204441","77204753","8","456735"
"chr14","77787864","77788150","chr14","77332090","77332376","1","455774"
"chr14","78203929","78204227","chr14","77749001","77749297","3","454928"
"chr14","78247603","78247903","chr14","77791834","77792130","4","455769"
"chr14","78730432","78730685","chr19","51673357","51673609","31","27057075"
"chr14","79265912","79266214","chr14","78825351","78825654","7","440561"
"chr14","80142454","80142760","chr14","79720039","79720345","0","422415"
"chr14","80789171","80789464","chr14","80375633","80375938","12","413538"
"chr14","81010581","81010614","chr14","80595424","80595457","0","415157"
"chr14","81232982","81233278","chr17","66456521","66456817","34","14776461"
"chr14","81382299","81382600","chr14","80974411","80974706","7","407888"
"chr14","81456129","81456418","chr14","81048679","81048969","2","407450"
"chr14","81639258","81639559","chr14","81233918","81234220","5","405340"
"chr14","81994848","81995142","chr14","81601941","81602235","3","392907"
"chr14","83755031","83755337","chr14","83202970","83203278","14","552061"
"chr14","83929100","83929418","chr14","83378905","83379230","13","550195"
"chr14","84553709","84554021","chr14","84011754","84012064","25","541955"
"chr14","84847957","84848253","chr14","84302831","84303128","2","545126"
"chr14","84928884","84929053","chr14","84384497","84384665","13","544387"
"chr14","85374039","85374349","chr14","84846325","84846637","3","527714"
"chr14","86101246","86101533","chr14","85582290","85582580","5","518956"
"chr14","86994966","86995277","chr14","86480654","86480965","0","514312"
"chr14","88526993","88527160","chr6","139918311","139918485","29","51391318"
"chr14","88775174","88775448","chr14","88286034","88286306","3","489140"
"chr14","89051460","89051766","chr14","88562729","88563037","2","488731"
"chr14","89185781","89185948","chr14","88697973","88698140","0","487808"
"chr14","89242130","89242438","chr14","88756264","88756572","0","485866"
"chr14","89332429","89332740","chr14","88848689","88849000","2","483740"
"chr14","89334899","89335200","chr14","88852229","88852529","2","482670"
"chr14","89412123","89412434","chr14","88930709","88931051","31","481414"
"chr14","89737011","89737321","chr14","89261413","89261723","1","475598"
"chr14","89898313","89898612","chr14","89428379","89428679","3","469934"
"chr14","89909251","89909566","chr14","89439361","89439702","31","469890"
"chr14","90100125","90100449","chr14","89643409","89643698","46","456716"
"chr14","90240908","90241209","chr14","89787138","89787441","5","453770"
"chr14","90285415","90285720","chr14","89833383","89833689","7","452032"
"chr14","90308244","90308538","chr14","89857189","89857489","9","451055"
"chr14","90315061","90315346","chr14","89864768","89865055","3","450293"
"chr14","90334159","90334442","chr19","42156379","42156662","30","48177780"
"chr14","90343471","90343778","chr1","12516471","12516782","38","77827000"
"chr14","90535284","90535571","chr14","90088653","90088947","8","446631"
"chr14","90554948","90555244","chr14","90109377","90109674","2","445571"
"chr14","90743541","90743839","chr14","90299984","90300286","6","443557"
"chr14","91110437","91110744","chr14","90668729","90669039","4","441708"
"chr14","91242178","91242490","chr14","90805288","90805600","9","436890"
"chr14","91267026","91267329","chr14","90829520","90829823","1","437506"
"chr14","91458050","91458335","chr14","91022595","91022887","7","435455"
"chr14","91488795","91489105","chr14","91054102","91054401","11","434693"
"chr14","92226654","92226949","chr14","91800682","91800977","2","425972"
"chr14","92535350","92535644","chr14","92120972","92121276","10","414378"
"chr14","92537753","92538066","chr14","92123569","92123879","5","414184"
"chr14","92679025","92679329","chr14","92269078","92269379","3","409947"
"chr14","92681670","92681964","chr14","92271720","92272026","12","409950"
"chr14","93162792","93163129","chr14","92776273","92776598","12","386519"
"chr14","93238957","93239256","chr14","92852086","92852385","0","386871"
"chr14","93246984","93247276","chr14","92860115","92860407","1","386869"
"chr14","93461453","93461742","chr14","93076848","93077151","14","384605"
"chr14","93534691","93535001","chr14","93149106","93149416","3","385585"
"chr14","93862513","93862808","chr14","93479952","93480247","4","382561"
"chr14","94242067","94242359","chr14","93869610","93869902","4","372457"
"chr14","95305706","95306008","chr14","94951680","94951986","8","354026"
"chr14","95367327","95367616","chr14","94995640","94995924","6","371687"
"chr14","95451733","95452036","chr14","95107244","95107555","11","344489"
"chr14","96136874","96137172","chr14","95803011","95803310","2","333863"
"chr14","96232668","96232969","chr14","95904093","95904394","2","328575"
"chr14","96874886","96875191","chr14","96561945","96562250","4","312941"
"chr14","98873480","98873760","chr14","98596443","98596723","1","277037"
"chr14","98966435","98966724","chr7","150141574","150141865","32","51175139"
"chr14","99609551","99609855","chr14","99341168","99341477","7","268383"
"chr14","99673414","99673716","chr14","99403627","99403929","1","269787"
"chr14","99807848","99808142","chr14","99539048","99539351","12","268800"
"chr14","99888245","99888551","chr14","99619530","99619836","4","268715"
"chr14","100104067","100104382","chr14","99840062","99840350","27","264005"
"chr14","100313309","100313618","chr19","2138983","2139294","31","98174326"
"chr14","101379927","101380238","chr14","101142426","101142738","9","237501"
"chr14","101542927","101543180","chr14","101310000","101310253","2","232927"
"chr14","101594786","101595098","chrX","5083081","5083392","39","96511705"
"chr14","102397524","102397800","chr14","101654120","101654396","1","743404"
"chr14","102558288","102558576","chr14","101821684","101821973","4","736604"
"chr14","102784802","102785125","chr14","102048889","102049212","1","735913"
"chr14","102791436","102791612","chr14","102055726","102055904","4","735710"
"chr14","102821842","102822153","chr14","102088321","102088632","6","733521"
"chr14","102914363","102914672","chr14","102181133","102181445","5","733230"
"chr14","102970941","102971074","chr2B","141288412","141288545","17","38317471"
"chr14","103216834","103217129","chr14","102488620","102488912","22","728214"
"chr14","103321328","103321625","chr14","102591704","102592001","0","729624"
"chr14","103347737","103347898","chr1","24080018","24080182","25","79267719"
"chr14","103620171","103620439","chr14","102894299","102894599","32","725872"
"chr14","103621531","103621865","chr14","102895586","102895921","5","725945"
"chr14","103763891","103764177","chr14","103038656","103038941","2","725235"
"chr14","103810119","103810418","chr14","103087398","103087697","2","722721"
"chr14","104058308","104058620","chr17","18242993","18243303","36","85815315"
"chr14","104162085","104162397","chr14","103452164","103452476","5","709921"
"chr14","104229768","104230074","chr14","103521675","103521975","11","708093"
"chr14","104263223","104263526","chr14","103551439","103551740","3","711784"
"chr14","104353865","104354164","chr14","103641655","103641958","5","712210"
"chr14","104934900","104935210","chr14","104232743","104233053","6","702157"
"chr14","105485473","105485770","chr14","104802614","104802916","5","682859"
"chr14","105496117","105496413","chr14","104815575","104815872","11","680542"
"chr14","105558615","105558912","chr14","104872979","104873277","1","685636"
"chr14","105865601","105865895","chr14","105189007","105189321","25","676594"
"chr15","20373137","20373429","chr15","20438740","20439044","17","65603"
"chr15","20852899","20853211","chr15","20913852","20914164","0","60953"
"chr15","20900956","20901237","chr7","55000902","55001184","38","34099946"
"chr15","21368480","21368774","chr15","21432193","21432490","4","63713"
"chr15","21402510","21402816","chr15","21466266","21466563","10","63756"
"chr15","21458113","21458418","chr15","21522108","21522419","7","63995"
"chr15","21533877","21534152","chr15","21598862","21599137","3","64985"
"chr15","22265844","22266088","chr15","22311332","22311574","2","45488"
"chr15","22316766","22316843","chr9","37968815","37968898","34","15652049"
"chr15","22365869","22366174","chr15","22414643","22414948","1","48774"
"chr15","22954303","22954596","chr15","22991649","22991948","8","37346"
"chr15","23057891","23058091","chr15","23101286","23101486","2","43395"
"chr15","23059832","23060075","chr15","23103245","23103480","33","43413"
"chr15","23721556","23721867","chr15","23786532","23786844","4","64976"
"chr15","24145444","24145719","chr15","24219538","24219813","3","74094"
"chr15","24942211","24942519","chr15","25168505","25168816","3","226294"
"chr15","24964923","24965208","chr19","42156379","42156662","31","17191456"
"chr15","25151914","25152213","chr15","25379793","25380092","0","227879"
"chr15","25498456","25498746","chr15","25732999","25733294","5","234543"
"chr15","25517801","25518078","chr15","25752633","25752916","6","234832"
"chr15","25711328","25711620","chr15","25947616","25947913","6","236288"
"chr15","25799794","25800099","chr15","26202314","26202619","5","402520"
"chr15","25802506","25802823","chr15","26046096","26046413","2","243590"
"chr15","25830774","25830871","chr2A","44034260","44034356","19","18203486"
"chr15","26815380","26815706","chr15","26837431","26837757","7","22051"
"chr15","26834753","26835031","chr15","26865856","26866134","1","31103"
"chr15","27194149","27194458","chr15","27233570","27233884","5","39421"
"chr15","27264471","27264591","chr15","27305709","27305830","1","41238"
"chr15","27435003","27435309","chr11","64695428","64695734","45","37260425"
"chr15","28955278","28955573","chr3","9106751","9107045","36","19848527"
"chr15","29610059","29610350","chr15","28881281","28881587","19","728778"
"chr15","29975359","29975662","chr15","29406503","29406805","3","568856"
"chr15","30194019","30194332","chr15","29625044","29625355","2","568975"
"chr15","30240091","30240379","chr15","29671126","29671438","27","568965"
"chr15","30503041","30503353","chr15","29938971","29939285","13","564070"
"chr15","30524931","30525231","chr15","29960875","29961186","11","564056"
"chr15","30624049","30624359","chr15","30060181","30060491","8","563868"
"chr15","31104276","31104580","chr15","30550900","30551204","0","553376"
"chr15","31175134","31175415","chr15","30622541","30622832","11","552593"
"chr15","31220545","31220835","chr15","30668796","30669086","2","551749"
"chr15","31322196","31322490","chr15","30769326","30769622","7","552870"
"chr15","31345546","31345847","chr15","30796143","30796452","14","549403"
"chr15","31451964","31452270","chr15","30905147","30905453","0","546817"
"chr15","31739093","31739179","chr15","31375377","31375463","1","363716"
"chr15","32020270","32020562","chr15","31657758","31658059","11","362512"
"chr15","32077602","32077907","chr15","31716232","31716539","3","361370"
"chr15","32135633","32135930","chr15","31775750","31776049","5","359883"
"chr15","32652155","32652441","chr15","32305156","32305442","2","346999"
"chr15","33133023","33133300","chr15","32787889","32788166","0","345134"
"chr15","33536793","33537066","chr15","33189966","33190237","10","346827"
"chr15","33580325","33580636","chr15","33233501","33233814","8","346824"
"chr15","34343717","34344009","chr15","34005427","34005726","9","338290"
"chr15","35494941","35495243","chr15","35161828","35162128","2","333113"
"chr15","35686675","35686982","chr15","35355473","35355779","5","331202"
"chr15","37103913","37104180","chr15","36790688","36790958","4","313225"
"chr15","37227381","37227684","chr15","36915370","36915669","8","312011"
"chr15","37433452","37433764","chr9","94471199","94471510","33","57037747"
"chr15","37715517","37715813","chr15","37411134","37411432","6","304383"
"chr15","37760840","37761144","chr15","37457480","37457784","2","303360"
"chr15","37814869","37815171","chr15","37513830","37514133","2","301039"
"chr15","38105268","38105552","chr15","37817191","37817475","1","288077"
"chr15","38288608","38288881","chr15","38003412","38003685","1","285196"
"chr15","38288895","38289067","chr15","38003699","38003883","12","285196"
"chr15","38304210","38304487","chr15","38019610","38019911","27","284600"
"chr15","38344085","38344397","chr15","38061194","38061506","1","282891"
"chr15","38412924","38413222","chr15","38133963","38134267","17","278961"
"chr15","38477098","38477363","chr5","156055982","156056243","47","117578884"
"chr15","38507178","38507473","chr15","38226582","38226880","3","280596"
"chr15","38598141","38598277","chr8","53365031","53365184","28","14766890"
"chr15","39056282","39056575","chr15","38875429","38875727","30","180853"
"chr15","39220226","39220514","chr15","39042492","39042780","4","177734"
"chr15","39408910","39409206","chr15","39234512","39234808","3","174398"
"chr15","39534880","39534968","chr16","3740422","3740509","14","35794458"
"chr15","39595129","39595431","chr15","39472023","39472327","11","123106"
"chr15","39596764","39597072","chr15","39474086","39474393","7","122678"
"chr15","39607285","39607475","chr15","39484004","39484186","18","123281"
"chr15","39732265","39732400","chr15","39613466","39613602","2","118799"
"chr15","39760131","39760406","chr15","39641999","39642274","3","118132"
"chr15","39906902","39907191","chr15","39796017","39796303","7","110885"
"chr15","40013639","40013768","chr1","24641507","24641632","24","15372132"
"chr15","40014061","40014230","chr5","174377587","174377754","17","134363526"
"chr15","40220443","40220750","chr15","40110567","40110875","2","109876"
"chr15","40223146","40223455","chr15","40113272","40113584","5","109874"
"chr15","40604562","40604865","chr15","40505087","40505391","2","99475"
"chr15","40776802","40777054","chr1","133586187","133586440","41","92809385"
"chr15","41157293","41157606","chr5","50248045","50248351","46","9090752"
"chr15","41234301","41234579","chr15","41299802","41300107","28","65501"
"chr15","41303875","41304180","chr15","41370895","41371206","6","67020"
"chr15","41444757","41445051","chr15","41433066","41433362","2","11691"
"chr15","41558735","41559051","chr15","41553272","41553601","16","5463"
"chr15","41639072","41639362","chr15","41635617","41635907","2","3455"
"chr15","41845093","41845381","chr15","41849222","41849510","1","4129"
"chr15","41879020","41879312","chr15","41887765","41888058","2","8745"
"chr15","42544156","42544201","chr11","102621943","102621979","19","60077787"
"chr15","42544789","42544873","chr10","43290373","43290455","12","745584"
"chr15","42720497","42720800","chr15","42592821","42593124","3","127676"
"chr15","42803453","42803743","chr3","102966088","102966373","36","60162635"
"chr15","42958176","42958490","chr15","42831381","42831661","36","126795"
"chr15","43127396","43127684","chr15","43003373","43003659","4","124023"
"chr15","43424202","43424492","chr15","43307098","43307392","10","117104"
"chr15","43444827","43445122","chr15","43329827","43330132","11","115000"
"chr15","44603833","44604142","chr15","44498586","44498895","4","105247"
"chr15","45543827","45544116","chr15","45450545","45450834","0","93282"
"chr15","45580512","45580816","chr15","45488968","45489272","3","91544"
"chr15","46295885","46296189","chr15","46211458","46211763","1","84427"
"chr15","46299267","46299561","chr15","46214850","46215148","5","84417"
"chr15","46492180","46492497","chr15","46408374","46408691","3","83806"
"chr15","46860666","46860957","chr15","46781402","46781691","3","79264"
"chr15","47155807","47156105","chr15","47080459","47080757","4","75348"
"chr15","47540742","47541050","chr15","47467401","47467714","6","73341"
"chr15","47650131","47650221","chr10","43290373","43290455","22","4359758"
"chr15","47666913","47667079","chr11","120659334","120659499","28","72992421"
"chr15","47667193","47667500","chrX","74608773","74609085","36","26941580"
"chr15","47675979","47676277","chr15","62428213","62428508","46","14752234"
"chr15","47677264","47677570","chr15","47619592","47619898","3","57672"
"chr15","47764353","47764638","chr15","47693122","47693407","1","71231"
"chr15","47848233","47848538","chr15","47776962","47777267","0","71271"
"chr15","48072204","48072508","chr15","48006520","48006819","7","65684"
"chr15","48085868","48086162","chr15","48020707","48021004","7","65161"
"chr15","48274571","48274879","chr15","48215144","48215452","0","59427"
"chr15","48895881","48896170","chr15","48846529","48846819","7","49352"
"chr15","49274130","49274427","chr15","49234009","49234307","1","40121"
"chr15","49304036","49304350","chr15","49263368","49263684","4","40668"
"chr15","49699641","49699937","chr15","49674123","49674431","14","25518"
"chr15","49779971","49780251","chr13","99109566","99109838","35","49329595"
"chr15","50538987","50539273","chr15","50526632","50526918","8","12355"
"chr15","50585010","50585303","chr15","50572396","50572688","2","12614"
"chr15","52448335","52448645","chr15","52456722","52457033","6","8387"
"chr15","52702663","52702956","chr15","52714500","52714794","1","11837"
"chr15","52984282","52984559","chr15","53001536","53001824","13","17254"
"chr15","53062473","53062641","chr15","53082171","53082333","7","19698"
"chr15","53183740","53184022","chr2B","187813116","187813389","41","134629376"
"chr15","53225202","53225487","chr15","53247430","53247715","1","22228"
"chr15","53456942","53457239","chr15","53485305","53485595","10","28363"
"chr15","53503058","53503370","chr15","53532257","53532570","2","29199"
"chr15","54269662","54269970","chr15","54315575","54315884","3","45913"
"chr15","55273990","55274296","chr15","55332659","55332967","5","58669"
"chr15","55996786","55997079","chrX","36203671","36203965","34","19793115"
"chr15","56000834","56000985","chr20","41542185","41542335","20","14458649"
"chr15","56037071","56037290","chr9","129447147","129447366","37","73410076"
"chr15","56051034","56051342","chr15","56118029","56118337","5","66995"
"chr15","56144285","56144591","chrX","120407369","120407639","85","64263084"
"chr15","56516590","56516877","chr15","56589690","56589977","6","73100"
"chr15","56762035","56762340","chr15","56837598","56837903","3","75563"
"chr15","56898582","56898870","chr15","56977612","56977900","1","79030"
"chr15","57130444","57130746","chr15","57214664","57214967","4","84220"
"chr15","57295846","57296142","chr15","57386234","57386538","11","90388"
"chr15","57360000","57360275","chr15","57450389","57450693","29","90389"
"chr15","57712505","57712799","chr15","57814628","57814923","4","102123"
"chr15","57896067","57896362","chr15","58002304","58002599","2","106237"
"chr15","59036282","59036584","chr15","59160188","59160492","4","123906"
"chr15","59052568","59052813","chr15","59182659","59182904","2","130091"
"chr15","59206736","59207034","chr5","14252117","14252415","35","44954619"
"chr15","59537280","59537408","chr7","109446630","109446763","20","49909350"
"chr15","59860738","59861007","chr15","60004357","60004626","1","143619"
"chr15","60109503","60109787","chr15","60258630","60258948","36","149127"
"chr15","60718817","60719125","chr15","60880343","60880651","3","161526"
"chr15","60936829","60937125","chr15","61091313","61091614","5","154484"
"chr15","61003963","61004268","chr15","61157286","61157591","1","153323"
"chr15","61009108","61009374","chr15","61162440","61162706","3","153332"
"chr15","61013590","61013808","chr15","61167656","61167878","5","154066"
"chr15","61145202","61145511","chr15","61300172","61300482","1","154970"
"chr15","61444771","61445087","chr15","61606639","61606955","0","161868"
"chr15","61577121","61577181","chr4","67836546","67836606","9","6259425"
"chr15","61586695","61586996","chr15","61754974","61755277","2","168279"
"chr15","61684273","61684565","chr15","61855712","61856003","4","171439"
"chr15","61717066","61717363","chr15","61890293","61890593","16","173227"
"chr15","61747502","61747817","chr15","61922801","61923114","2","175299"
"chr15","61820744","61821028","chr12","117386760","117387052","48","55566016"
"chr15","61925260","61925568","chr15","62109399","62109706","2","184139"
"chr15","61990691","61990943","chr15","62177404","62177657","3","186713"
"chr15","62188506","62188802","chr15","62387894","62388193","3","199388"
"chr15","62208404","62208706","chr15","62408099","62408400","3","199695"
"chr15","62404132","62404442","chr15","62613581","62613891","2","209449"
"chr15","62466072","62466367","chr15","62684388","62684685","4","218316"
"chr15","62503606","62503877","chr15","62723468","62723739","1","219862"
"chr15","62523425","62523528","chr5","133505432","133505528","22","70982007"
"chr15","62532567","62532873","chr15","62753507","62753814","3","220940"
"chr15","62692346","62692643","chr15","62920782","62921079","0","228436"
"chr15","62884336","62884633","chr15","63114244","63114557","17","229908"
"chr15","63023884","63024166","chr15","63255723","63256007","2","231839"
"chr15","63204396","63204699","chr15","63439741","63440044","2","235345"
"chr15","63403749","63404056","chr15","63645074","63645382","3","241325"
"chr15","63444480","63444769","chr15","63687007","63687302","6","242527"
"chr15","63597107","63597216","chr16","76370373","76370474","27","12773266"
"chr15","63688814","63688876","chr15","63935833","63935897","5","247019"
"chr15","63706779","63707075","chr15","63955286","63955582","2","248507"
"chr15","63718788","63719079","chr15","63967310","63967601","1","248522"
"chr15","63994559","63994843","chr7","15575413","15575699","34","48419146"
"chr15","64279773","64280083","chr13","20649532","20649835","36","43630241"
"chr15","64305685","64305973","chr15","64568919","64569208","2","263234"
"chr15","64371898","64372171","chr15","64635659","64635932","2","263761"
"chr15","64842211","64842492","chr15","65113319","65113600","2","271108"
"chr15","64974484","64974767","chr15","65242984","65243276","10","268500"
"chr15","65251784","65252085","chr15","65522509","65522811","4","270725"
"chr15","65357199","65357482","chr11","32849732","32850013","32","32507467"
"chr15","65413014","65413307","chr15","65685955","65686252","5","272941"
"chr15","65457540","65457824","chr15","65735753","65736038","2","278213"
"chr15","66256821","66257144","chr15","66038993","66039318","33","217828"
"chr15","66535445","66535729","chr1","177702382","177702670","51","111166937"
"chr15","66730677","66730971","chr15","66532149","66532443","0","198528"
"chr15","67224914","67225207","chr15","67029943","67030236","2","194971"
"chr15","67580526","67580838","chr15","67393966","67394278","7","186560"
"chr15","67659988","67660286","chr15","67474391","67474689","3","185597"
"chr15","67679085","67679146","chr16","57820303","57820357","13","9858782"
"chr15","68542379","68542655","chr15","68369245","68369521","1","173134"
"chr15","69335451","69335745","chr15","69178090","69178395","34","157361"
"chr15","69397807","69398099","chr15","69241277","69241577","14","156530"
"chr15","69570729","69571030","chr15","69416303","69416605","1","154426"
"chr15","69901294","69901604","chr15","69758420","69758729","2","142874"
"chr15","70094955","70095270","chr15","69953516","69953831","3","141439"
"chr15","70153852","70154152","chr15","70014690","70014989","2","139162"
"chr15","70223584","70223891","chr15","70086751","70087057","3","136833"
"chr15","70529433","70529726","chr15","70395214","70395508","3","134219"
"chr15","71015654","71015951","chr15","70888183","70888483","4","127471"
"chr15","71693443","71693755","chr15","71575931","71576242","4","117512"
"chr15","72154844","72155143","chr15","75025532","75025831","1","2870688"
"chr15","72564054","72564368","chr15","75440113","75440425","6","2876059"
"chr15","72726217","72726516","chr15","71715862","71716163","3","1010355"
"chr15","72801492","72801768","chr15","71793906","71794184","5","1007586"
"chr15","72929817","72930142","chr1","220000178","220000496","52","147070361"
"chr15","72939125","72939410","chr15","71937844","71938130","2","1001281"
"chr15","73077399","73077588","chr14","33201090","33201257","48","39876309"
"chr15","73079548","73079788","chr1","31382634","31382865","44","41696914"
"chr15","73097696","73097990","chr15","72102295","72102589","3","995401"
"chr15","73204587","73204888","chr17","2747946","2748247","33","70456641"
"chr15","73260474","73260778","chr15","72264280","72264584","0","996194"
"chr15","73282056","73282339","chr15","72286265","72286548","0","995791"
"chr15","73374502","73374666","chr3","140577302","140577466","21","67202800"
"chr15","73374973","73375110","chr5","155751924","155752056","20","82376951"
"chr15","73703199","73703484","chr15","72726077","72726379","17","977122"
"chr15","73915472","73915768","chrX","18495870","18496159","35","55419602"
"chr15","73928028","73928318","chr15","72971070","72971360","1","956958"
"chr15","74018859","74019164","chr15","73060189","73060496","5","958670"
"chr15","74120204","74120505","chr15","73169766","73170067","1","950438"
"chr15","74559796","74560046","chr15","73608714","73608964","9","951082"
"chr15","74635007","74635301","chr15","73686378","73686672","0","948629"
"chr15","74799802","74800091","chr15","73853257","73853546","0","946545"
"chr15","75519978","75520283","chr15","74584417","74584722","1","935561"
"chr15","75571671","75571928","chr15","74634340","74634597","5","937331"
"chr15","75861501","75861808","chr15","75559070","75559379","4","302431"
"chr15","75954991","75955283","chr15","75645283","75645569","7","309708"
"chr15","76126761","76127069","chr15","75821948","75822256","5","304813"
"chr15","76260870","76261162","chr15","75961427","75961718","5","299443"
"chr15","76286718","76286997","chr15","75987287","75987555","11","299431"
"chr15","76716949","76717264","chr15","76420988","76421299","8","295961"
"chr15","76789706","76790026","chr15","76494891","76495216","6","294815"
"chr15","77068689","77069006","chr15","76775485","76775805","8","293204"
"chr15","77180198","77180488","chr15","76891440","76891739","12","288758"
"chr15","77323987","77324294","chr15","77032743","77033050","2","291244"
"chr15","77351053","77351348","chr15","77060195","77060492","4","290858"
"chr15","77709191","77709483","chr15","77423759","77424052","6","285432"
"chr15","77724604","77724916","chr15","77439570","77439883","1","285034"
"chr15","77782282","77782583","chr15","77500059","77500362","4","282223"
"chr15","77897319","77897632","chr15","77615949","77616244","20","281370"
"chr15","77915999","77916285","chr15","77636035","77636321","1","279964"
"chr15","77917958","77918255","chr15","77637994","77638292","3","279964"
"chr15","77925370","77925666","chr15","77646126","77646422","2","279244"
"chr15","77943894","77944023","chr6","28279777","28279901","32","49664117"
"chr15","78035142","78035439","chr15","77754304","77754600","1","280838"
"chr15","78035757","78036031","chr15","77754918","77755192","0","280839"
"chr15","78040195","78040482","chr15","77759399","77759686","1","280796"
"chr15","78918328","78918614","chr15","78637925","78638212","4","280403"
"chr15","79060925","79061240","chr15","78784286","78784587","15","276639"
"chr15","79078497","79078757","chr4","141725124","141725382","45","62646627"
"chr15","80655573","80655784","chr15","80326966","80327174","4","328607"
"chr15","80722083","80722231","chr15","80395407","80395567","14","326676"
"chr15","80756337","80756629","chr15","80429629","80429924","3","326708"
"chr15","80887028","80887325","chr15","80559466","80559763","1","327562"
"chr15","80914880","80915175","chr15","80587787","80588082","1","327093"
"chr15","80979976","80980288","chr15","80656061","80656344","30","323915"
"chr15","81518939","81519237","chr15","81201348","81201648","3","317591"
"chr15","82304551","82304843","chr15","79583278","79583573","4","2721273"
"chr15","82638975","82639268","chr15","81940312","81940609","6","698663"
"chr15","82652832","82653108","chr15","81953552","81953862","36","699280"
"chr15","82693541","82693843","chr15","81995512","81995819","7","698029"
"chr15","82715386","82715658","chr15","82017643","82017936","21","697743"
"chr15","82837579","82837864","chr15","82144001","82144282","6","693578"
"chr15","83074680","83074988","chr15","82384207","82384517","7","690473"
"chr15","83210003","83210295","chr15","82599304","82599604","9","610699"
"chr15","83423850","83424145","chr15","82818350","82818645","0","605500"
"chr15","83513772","83514052","chr15","82908920","82909200","2","604852"
"chr15","83601731","83602027","chr15","82996898","82997191","4","604833"
"chr15","83640447","83640740","chr15","83035680","83035951","22","604767"
"chr15","83796167","83796453","chr15","83195084","83195370","2","601083"
"chr15","85271267","85271556","chr15","84691269","84691558","3","579998"
"chr15","85451380","85451672","chr15","84873516","84873808","1","577864"
"chr15","86199214","86199525","chr15","85633091","85633402","1","566123"
"chr15","86792458","86792737","chr15","86233688","86233982","17","558770"
"chr15","86922383","86922694","chr15","86367441","86367753","5","554942"
"chr15","87099807","87100101","chr15","86545092","86545386","0","554715"
"chr15","87417919","87418221","chr15","86869219","86869524","31","548700"
"chr15","87465123","87465436","chr15","86918272","86918584","1","546851"
"chr15","87655042","87655347","chr15","87106563","87106868","1","548479"
"chr15","87771289","87771351","chr15","87222398","87222461","1","548891"
"chr15","87818915","87819174","chr22","36437551","36437818","45","51381364"
"chr15","87902501","87902826","chr15","87357258","87357583","2","545243"
"chr15","88000001","88000228","chr11","7091890","7092122","35","80908111"
"chr15","88066986","88067307","chr15","87525074","87525395","2","541912"
"chr15","88074500","88074801","chr15","87531787","87532088","0","542713"
"chr15","88143120","88143398","chr15","87605652","87605953","24","537468"
"chr15","88204797","88205068","chrX","2013551","2013820","50","86191246"
"chr15","88457540","88457837","chr15","87932886","87933184","6","524654"
"chr15","88569913","88570216","chr15","88044910","88045215","4","525003"
"chr15","88612570","88612865","chr15","88092397","88092692","3","520173"
"chr15","88618785","88619087","chr15","88098618","88098920","0","520167"
"chr15","88666193","88666495","chr15","88146831","88147133","0","519362"
"chr15","88792015","88792329","chr15","88275734","88276048","2","516281"
"chr15","88829589","88829891","chr8","39112304","39112604","37","49717285"
"chr15","90501060","90501350","chr15","89999351","89999641","2","501709"
"chr15","90508026","90508321","chr10","93983882","93984180","40","3475856"
"chr15","90616517","90616807","chr15","90119134","90119424","0","497383"
"chr15","90718397","90718705","chr15","90224574","90224883","7","493823"
"chr15","90773920","90774227","chr15","90284306","90284616","5","489614"
"chr15","90798902","90799186","chr15","90309741","90310025","0","489161"
"chr15","91276010","91276316","chr15","90797740","90798046","2","478270"
"chr15","91382588","91382881","chr15","90908101","90908394","4","474487"
"chr15","91974082","91974364","chr15","91514775","91515025","36","459307"
"chr15","92110040","92110331","chr9","36951025","36951322","32","55159015"
"chr15","92855175","92855442","chr4","145021697","145021977","53","52166522"
"chr15","94164214","94164456","chr11","782084","782347","52","93382130"
"chr15","94243863","94244176","chr15","93823937","93824246","11","419926"
"chr15","94637761","94638044","chr15","94220863","94221146","4","416898"
"chr15","95262503","95262792","chr15","94857480","94857776","9","405023"
"chr15","95553947","95554270","chr15","95154328","95154621","31","399619"
"chr15","95821376","95821670","chr4","27038348","27038636","56","68783028"
"chr15","96383108","96383419","chr15","96012616","96012927","1","370492"
"chr15","96808855","96809148","chr15","96452493","96452786","1","356362"
"chr15","96843990","96844290","chr20","42776852","42777149","38","54067138"
"chr15","96868117","96868414","chr15","96511444","96511741","0","356673"
"chr15","97387512","97387828","chr15","97035480","97035793","13","352032"
"chr15","97890475","97890696","chr15","97398745","97398967","2","491730"
"chr15","97937258","97937563","chr15","97445209","97445517","4","492049"
"chr15","98050691","98050991","chr15","97558913","97559217","6","491778"
"chr15","98052853","98053158","chr15","97561096","97561404","7","491757"
"chr15","98415639","98415937","chr15","97933220","97933519","3","482419"
"chr15","98430968","98431040","chr4","17203585","17203661","11","81227383"
"chr15","98637450","98637748","chr15","98154778","98155076","1","482672"
"chr15","98764573","98764854","chr15","98281585","98281870","5","482988"
"chr15","98803312","98803606","chr15","98322124","98322420","3","481188"
"chr15","98981353","98981658","chr15","98504164","98504471","8","477189"
"chr15","99232094","99232379","chr15","98761929","98762214","1","470165"
"chr15","99238887","99239164","chr15","98769477","98769752","4","469410"
"chr15","99291859","99292148","chr7","140938636","140938929","41","41646777"
"chr15","99311005","99311301","chr15","98846037","98846342","10","464968"
"chr15","99314011","99314323","chr15","98849240","98849549","9","464771"
"chr15","99393651","99393933","chr15","98931133","98931415","0","462518"
"chr15","99568446","99568747","chr15","99111782","99112083","7","456664"
"chr15","99680406","99680717","chr15","99224729","99225041","2","455677"
"chr16","57278288","57278599","chr16","56961960","56962271","1","316328"
"chr16","179479","179778","chr16","181103","181405","5","1624"
"chr16","206029","206323","chr9","120568943","120569216","71","120362914"
"chr16","316915","317215","chr16","326549","326838","13","9634"
"chr16","447226","447539","chr16","452776","453087","9","5550"
"chr16","476068","476343","chr16","480288","480588","35","4220"
"chr16","761928","762236","chr16","744837","745145","1","17091"
"chr16","852707","853015","chr16","838194","838504","4","14513"
"chr16","1631672","1631966","chr16","1606631","1606927","4","25041"
"chr16","1680162","1680463","chr16","1658034","1658334","3","22128"
"chr16","1988443","1988738","chr16","1960975","1961269","4","27468"
"chr16","2137324","2137613","chr16","2108941","2109230","1","28383"
"chr16","2147579","2147850","chr16","2119344","2119615","0","28235"
"chr16","2183591","2183888","chr16","2155898","2156195","6","27693"
"chr16","2429214","2429504","chr16","2394919","2395219","12","34295"
"chr16","3066729","3067049","chr7","1166992","1167305","57","1899737"
"chr16","3447828","3448137","chr16","3374700","3375009","1","73128"
"chr16","3491451","3491754","chr18","16884628","16884932","47","13393177"
"chr16","3511737","3512027","chr16","3440380","3440695","26","71357"
"chr16","3705469","3705782","chr16","3638939","3639252","2","66530"
"chr16","3708709","3709001","chr16","3642064","3642357","4","66645"
"chr16","3710229","3710364","chr5","77164122","77164267","33","73453893"
"chr16","3710664","3710804","chr5","155751924","155752056","26","152041260"
"chr16","3728538","3728846","chr16","3662946","3663259","7","65592"
"chr16","3813065","3813377","chr16","3752956","3753268","0","60109"
"chr16","3828010","3828146","chr16","3764185","3764321","0","63825"
"chr16","3854439","3854728","chr16","3791210","3791507","9","63229"
"chr16","3937153","3937487","chr16","3873404","3873713","28","63749"
"chr16","4228447","4228747","chr16","4169149","4169449","2","59298"
"chr16","4523644","4523938","chr16","4478551","4478846","1","45093"
"chr16","4556024","4556326","chr16","4511840","4512140","3","44184"
"chr16","4694373","4694683","chr16","4654739","4655050","4","39634"
"chr16","5017216","5017528","chr16","4990478","4990781","10","26738"
"chr16","5178494","5178580","chr9","130293791","130293868","30","125115297"
"chr16","5189330","5189425","chr14","72379645","72379737","16","67190315"
"chr16","5529784","5530070","chr16","5416919","5417207","7","112865"
"chr16","5733648","5733949","chr16","5625182","5625487","12","108466"
"chr16","6170390","6170639","chr6","58194158","58194394","60","52023768"
"chr16","6286601","6286912","chr5","62638106","62638411","49","56351505"
"chr16","6531095","6531391","chr16","6435027","6435338","20","96068"
"chr16","6873588","6873894","chr16","6783132","6783439","9","90456"
"chr16","6878816","6879104","chr16","6788389","6788677","4","90427"
"chr16","7084763","7085079","chr2B","184292080","184292392","38","177207317"
"chr16","7428855","7429163","chr16","7353887","7354172","24","74968"
"chr16","7710971","7711288","chr16","7643922","7644242","26","67049"
"chr16","8496005","8496299","chr16","8435625","8435920","2","60380"
"chr16","8692976","8693255","chr16","8633350","8633629","1","59626"
"chr16","8727370","8727673","chr16","8667813","8668117","4","59557"
"chr16","8813004","8813302","chr16","8772691","8772992","4","40313"
"chr16","9049055","9049360","chr16","9017227","9017532","0","31828"
"chr16","9384413","9384666","chr16","9364263","9364516","2","20150"
"chr16","9456451","9456712","chr16","9437109","9437371","3","19342"
"chr16","9711930","9712245","chr16","9695001","9695318","8","16929"
"chr16","9940036","9940347","chr16","9927943","9928256","7","12093"
"chr16","10389903","10390210","chr16","10380423","10380734","6","9480"
"chr16","10436085","10436383","chr16","10427129","10427428","2","8956"
"chr16","10468354","10468649","chr16","10448839","10449139","6","19515"
"chr16","10539007","10539307","chr16","10518764","10519064","3","20243"
"chr16","10544294","10544598","chr16","10524059","10524363","0","20235"
"chr16","10546887","10547188","chr13","24775306","24775603","51","14228419"
"chr16","10551076","10551341","chr16","10530904","10531192","26","20172"
"chr16","10699294","10699591","chr16","10681616","10681913","0","17678"
"chr16","10917346","10917627","chrX","15414695","15414977","36","4497349"
"chr16","10975567","10975865","chr16","10974718","10975016","7","849"
"chr16","11251136","11251394","chr16","11256173","11256423","10","5037"
"chr16","11284820","11285118","chr16","11289650","11289953","5","4830"
"chr16","11441996","11442304","chr19","35014914","35015218","35","23572918"
"chr16","11551322","11551636","chr16","11558345","11558663","9","7023"
"chr16","11590210","11590509","chr10","112120428","112120729","39","100530218"
"chr16","11617732","11618033","chr16","11627241","11627556","18","9509"
"chr16","11618788","11618881","chr16","11628310","11628403","1","9522"
"chr16","11675186","11675477","chr4","125716861","125717161","47","114041675"
"chr16","11900188","11900422","chr16","11915802","11916036","2","15614"
"chr16","12041186","12041481","chr16","12064494","12064789","1","23308"
"chr16","12041847","12042164","chr16","12065159","12065475","6","23312"
"chr16","12198247","12198524","chr16","31889551","31889831","3","19691304"
"chr16","12234465","12234767","chr16","31927423","31927727","11","19692958"
"chr16","12341998","12342223","chr8","26611033","26611269","45","14269035"
"chr16","12381669","12381973","chr16","12210275","12210579","4","171394"
"chr16","12389357","12389663","chr16","12220147","12220458","10","169210"
"chr16","12391297","12391603","chr6","16850862","16851160","38","4459565"
"chr16","12506577","12506862","chr16","12338440","12338748","24","168137"
"chr16","12528719","12529023","chr16","12364066","12364371","6","164653"
"chr16","12557285","12557525","chr16","12393107","12393349","4","164178"
"chr16","12601211","12601530","chr16","12438346","12438670","32","162865"
"chr16","13190070","13190381","chr16","13044072","13044388","6","145998"
"chr16","13270333","13270618","chr16","13128093","13128380","3","142240"
"chr16","13381120","13381411","chr16","13240281","13240574","3","140839"
"chr16","13500651","13500964","chr4","1656500","1656807","44","11844151"
"chr16","13793588","13793889","chr16","13656524","13656828","4","137064"
"chr16","13918081","13918363","chr7","98974309","98974589","31","85056228"
"chr16","13943747","13944017","chr16","13804825","13805099","4","138922"
"chr16","14070728","14071003","chr16","13933653","13933956","32","137075"
"chr16","14436827","14437143","chr16","14313981","14314264","33","122846"
"chr16","14743854","14744161","chr16","14621600","14621907","0","122254"
"chr16","14756927","14757226","chr16","14634609","14634921","14","122318"
"chr16","14821017","14821344","chr16","14698640","14698967","2","122377"
"chr16","15002052","15002357","chr16","14886766","14887072","3","115286"
"chr16","15044504","15044793","chr16","14970266","14970545","12","74238"
"chr16","15750588","15750891","chr16","15543884","15544188","1","206704"
"chr16","15972619","15972862","chr7","145916272","145916512","33","129943653"
"chr16","16048888","16049200","chr16","15837317","15837626","5","211571"
"chr16","16077955","16078248","chr16","15866495","15866796","10","211460"
"chr16","17381985","17382281","chr16","17171616","17171915","4","210369"
"chr16","17637211","17637513","chr16","17426102","17426404","3","211109"
"chr16","17713493","17713811","chr16","17503245","17503572","12","210248"
"chr16","19046914","19047202","chrX","101006538","101006822","41","81959624"
"chr16","19120771","19121074","chr16","18877895","18878201","4","242876"
"chr16","19224731","19224987","chr1","28787766","28788015","65","9563035"
"chr16","19234498","19234754","chr16","18995913","18996169","0","238585"
"chr16","19286682","19286970","chr16","19049245","19049534","3","237437"
"chr16","19357873","19358176","chr16","19121690","19121993","2","236183"
"chr16","19593473","19593746","chr16","19361564","19361837","2","231909"
"chr16","19593975","19594028","chr1","180807430","180807483","6","161213455"
"chr16","19892202","19892507","chr10","99111269","99111572","31","79219067"
"chr16","20015077","20015381","chr16","19791791","19792095","3","223286"
"chr16","20349871","20350169","chr16","20127828","20128113","13","222043"
"chr16","20402757","20403043","chr1","122820763","122821051","39","102418006"
"chr16","20443408","20443704","chr16","20224421","20224717","2","218987"
"chr16","20980373","20980415","chr2A","70953532","70953573","8","49973159"
"chr16","20980446","20980461","chr2A","86562381","86562407","16","65581935"
"chr16","21181057","21181365","chr16","20977222","20977530","7","203835"
"chr16","21244525","21244814","chr16","21039580","21039879","11","204945"
"chr16","21258370","21258665","chr16","21054581","21054877","1","203789"
"chr16","22456187","22456504","chr16","22252779","22253089","8","203408"
"chr16","22458963","22459238","chr16","22255549","22255827","3","203414"
"chr16","22538711","22539013","chr16","22334598","22334900","1","204113"
"chr16","22607523","22607637","chr16","22403404","22403518","2","204119"
"chr16","22630052","22630360","chr16","22427146","22427454","2","202906"
"chr16","23078387","23078679","chr16","22921748","22922045","5","156639"
"chr16","23284634","23284850","chr16","23127232","23127447","2","157402"
"chr16","23617600","23617698","chr5","77874304","77874375","50","54256704"
"chr16","23818846","23819165","chr16","23671342","23671661","1","147504"
"chr16","23829360","23829491","chr7","116153076","116153214","20","92323716"
"chr16","23933065","23933233","chr5","142788239","142788412","24","118855174"
"chr16","24690641","24690857","chr15","80326966","80327174","28","55636325"
"chr16","25022832","25023142","chr16","24898158","24898468","1","124674"
"chr16","25301819","25301932","chr16","25177712","25177825","0","124107"
"chr16","25339051","25339353","chr16","25215383","25215685","2","123668"
"chr16","25356454","25356753","chr16","25232736","25233035","5","123718"
"chr16","25525246","25525494","chr16","25406424","25406672","2","118822"
"chr16","26019030","26019321","chr16","25826762","25827054","5","192268"
"chr16","26019747","26020007","chr16","25827480","25827734","7","192267"
"chr16","26739282","26739543","chr20","12570616","12570886","46","14168666"
"chr16","27241942","27242245","chr16","27074412","27074689","30","167530"
"chr16","27384602","27384913","chr16","27217479","27217791","7","167123"
"chr16","27641414","27641727","chr16","27480656","27480970","1","160758"
"chr16","27716122","27716435","chr16","27556618","27556924","13","159504"
"chr16","28039998","28040307","chr16","27887792","27888101","1","152206"
"chr16","28151617","28151917","chr16","28001830","28002144","19","149787"
"chr16","28166211","28166506","chr16","28015112","28015413","7","151099"
"chr16","28355032","28355324","chr6","6728897","6729194","29","21626135"
"chr16","28360264","28360556","chr16","28208788","28209079","1","151476"
"chr16","29080562","29080790","chr16","28873257","28873486","2","207305"
"chr16","29271825","29272135","chr10","125290484","125290789","42","96018659"
"chr16","29301220","29301514","chr1","215382635","215382935","36","186081415"
"chr16","30062610","30062895","chr3","181108659","181108947","46","151046049"
"chr16","30216513","30216830","chr16","29988861","29989168","14","227652"
"chr16","30223650","30223950","chr16","29997536","29997836","5","226114"
"chr16","30332262","30332562","chr16","30109555","30109855","0","222707"
"chr16","30386347","30386630","chr16","30155800","30156087","5","230547"
"chr16","30411122","30411432","chr16","30182723","30183034","6","228399"
"chr16","30417458","30417785","chr16","30189322","30189649","0","228136"
"chr16","30735921","30736233","chr16","30497659","30497971","6","238262"
"chr16","30821975","30822051","chr16","30587242","30587317","1","234733"
"chr16","30996464","30996547","chr9","34249727","34249800","33","3253263"
"chr16","30996845","30996908","chr3","139926597","139926664","22","108929752"
"chr16","31047916","31048055","chr2A","9223900","9224016","41","21824016"
"chr16","31175291","31175585","chr16","30954147","30954447","11","221144"
"chr16","31475754","31476043","chr16","31268002","31268294","4","207752"
"chr16","31531624","31531763","chr18","15829353","15829486","25","15702271"
"chr16","31532350","31532524","chrX","388719","388895","24","31143631"
"chr16","31734161","31734470","chr16","31534483","31534789","11","199678"
"chr16","45538578","45538870","chr16","45305590","45305882","0","232988"
"chr16","45641651","45641944","chr16","45410915","45411201","9","230736"
"chr16","45733516","45733815","chr16","45504581","45504879","1","228935"
"chr16","45735833","45736140","chr11","60342637","60342935","40","14606804"
"chr16","45771285","45771587","chr16","45549023","45549330","7","222262"
"chr16","45821142","45821434","chr16","45599564","45599856","4","221578"
"chr16","45997959","45998269","chr16","45780840","45781150","0","217119"
"chr16","46879638","46879933","chr16","46676653","46676949","4","202985"
"chr16","47141902","47142193","chr16","46945400","46945691","5","196502"
"chr16","47234110","47234380","chr16","47041504","47041776","10","192606"
"chr16","47321486","47321796","chr16","47129519","47129829","2","191967"
"chr16","47368451","47368722","chr16","47132987","47133258","2","235464"
"chr16","47574495","47574804","chr16","47387147","47387456","3","187348"
"chr16","47791835","47791998","chr5","88151611","88151768","26","40359776"
"chr16","47793784","47794062","chr16","47612925","47613204","1","180859"
"chr16","47859505","47859805","chr16","47678478","47678778","2","181027"
"chr16","48141490","48141727","chr16","47961856","47962088","8","179634"
"chr16","49102533","49102806","chrX","109052172","109052452","35","59949639"
"chr16","49201456","49201750","chr16","49033687","49033981","1","167769"
"chr16","49313411","49313718","chr16","49148921","49149228","3","164490"
"chr16","51078767","51079061","chr16","50946513","50946806","4","132254"
"chr16","51424054","51424341","chr16","51294466","51294753","3","129588"
"chr16","51699535","51699864","chr16","51575658","51575978","23","123877"
"chr16","51955057","51955360","chr16","51834153","51834458","11","120904"
"chr16","52090244","52090386","chr16","51969439","51969586","5","120805"
"chr16","52151232","52151532","chr16","52032380","52032681","2","118852"
"chr16","52154669","52154788","chr3","142987338","142987458","19","90832669"
"chr16","52154835","52155014","chr7","144964144","144964314","30","92809309"
"chr16","52615157","52615468","chr16","52292227","52292538","2","322930"
"chr16","52715369","52715671","chr16","52394375","52394684","8","320994"
"chr16","52739267","52739376","chr14","21790131","21790225","24","30949136"
"chr16","52867494","52867790","chr16","52550623","52550919","1","316871"
"chr16","52978650","52978947","chr16","52663130","52663429","2","315520"
"chr16","53098159","53098400","chr16","52788736","52788975","3","309423"
"chr16","53161399","53161680","chr16","52855307","52855588","0","306092"
"chr16","53947227","53947520","chr16","53633750","53634043","0","313477"
"chr16","54106365","54106676","chr16","53807502","53807813","0","298863"
"chr16","54203473","54203759","chr16","53906907","53907206","13","296566"
"chr16","54230597","54230891","chr16","53934414","53934708","2","296183"
"chr16","54257592","54257889","chr16","53961605","53961903","3","295987"
"chr16","54754135","54754436","chr16","54465339","54465641","1","288796"
"chr16","56200583","56200890","chr16","55863901","55864208","1","336682"
"chr16","56675444","56675748","chr16","56349462","56349766","4","325982"
"chr16","56775764","56776068","chr16","56453355","56453658","1","322409"
"chr16","57191422","57191736","chr16","56873884","56874196","6","317538"
"chr16","57258207","57258504","chr16","56940729","56941026","1","317478"
"chr16","57386372","57386637","chr3","123003222","123003488","36","65616850"
"chr16","57486648","57486945","chr16","57173047","57173323","23","313601"
"chr16","57511298","57511586","chr16","57196436","57196725","7","314862"
"chr16","57520185","57520472","chr16","57204864","57205152","1","315321"
"chr16","57929792","57930100","chr16","57633111","57633417","2","296681"
"chr16","57956751","57957066","chr16","57660375","57660691","1","296376"
"chr16","58086582","58086726","chr16","57794690","57794848","15","291892"
"chr16","58111112","58111410","chr6","152301966","152302266","32","94190854"
"chr16","58258858","58259026","chr16","57973189","57973358","1","285669"
"chr16","59149115","59149399","chr16","58866829","58867112","2","282286"
"chr16","59283215","59283508","chr1","15565561","15565849","30","43717654"
"chr16","59416255","59416321","chr3","139926597","139926664","15","80510342"
"chr16","59458146","59458376","chr16","59180878","59181113","7","277268"
"chr16","59529381","59529673","chr16","59252380","59252670","2","277001"
"chr16","59698346","59698655","chr16","59425113","59425422","3","273233"
"chr16","59825195","59825498","chr16","59546157","59546460","2","279038"
"chr16","60976018","60976318","chr16","60738820","60739120","1","237198"
"chr16","61886789","61887077","chr16","61657745","61658033","3","229044"
"chr16","62367040","62367348","chr16","62157939","62158230","19","209101"
"chr16","63483832","63484139","chr16","63280339","63280646","1","203493"
"chr16","64154619","64154697","chr18","55007513","55007585","12","9147106"
"chr16","64252792","64253086","chr16","64062409","64062684","19","190383"
"chr16","64505939","64506234","chr16","64310998","64311293","1","194941"
"chr16","65525606","65525907","chr16","65339656","65339957","1","185950"
"chr16","65664868","65665168","chr12","56405568","56405867","38","9259300"
"chr16","65689308","65689619","chr16","65502126","65502437","6","187182"
"chr16","65886666","65886979","chr16","65701685","65701998","1","184981"
"chr16","65962768","65963064","chr16","65779398","65779694","0","183370"
"chr16","66094705","66095004","chr16","65911297","65911598","4","183408"
"chr16","66113056","66113351","chr16","65929905","65930201","2","183151"
"chr16","66774941","66775060","chr16","66309010","66309127","2","465931"
"chr16","66781153","66781452","chr16","66315324","66315624","3","465829"
"chr16","66795521","66795816","chr16","66329346","66329641","0","466175"
"chr16","67146953","67147226","chr16","66687180","66687458","8","459773"
"chr16","67316027","67316347","chr1","24190740","24191046","44","43125287"
"chr16","67364058","67364379","chr16","66906549","66906861","29","457509"
"chr16","67388340","67388641","chr16","66931377","66931678","4","456963"
"chr16","67485398","67485697","chr16","67032002","67032302","2","453396"
"chr16","67547198","67547402","chr1","43391132","43391344","60","24156066"
"chr16","67568277","67568342","chr18","50799091","50799159","15","16769186"
"chr16","67585402","67585720","chr16","67137520","67137823","23","447882"
"chr16","67597564","67597866","chr16","67150884","67151186","2","446680"
"chr16","67713024","67713326","chr16","67272225","67272528","34","440799"
"chr16","67731745","67732032","chr16","67291863","67292151","4","439882"
"chr16","67739860","67739934","chr5","77874304","77874375","17","10134444"
"chr16","67811983","67812253","chr16","67331327","67331636","39","480656"
"chr16","67947359","67947672","chr16","67469563","67469876","2","477796"
"chr16","68349309","68349383","chr16","67885396","67885470","0","463913"
"chr16","68827030","68827340","chr16","68383197","68383509","3","443833"
"chr16","68862153","68862458","chr16","68420520","68420825","1","441633"
"chr16","68886550","68886836","chr16","68444794","68445081","3","441756"
"chr16","68911674","68911985","chr16","68470027","68470340","4","441647"
"chr16","68967218","68967511","chr16","68529151","68529446","4","438067"
"chr16","68986634","68986933","chr16","68550496","68550797","2","436138"
"chr16","68987053","68987193","chr14","60419218","60419349","19","8567835"
"chr16","69042286","69042570","chr4","142231551","142231836","41","73189265"
"chr16","69250697","69250905","chr15","80326966","80327174","35","11076269"
"chr16","69272698","69273009","chr16","68842024","68842336","19","430674"
"chr16","69324980","69325286","chr16","68895474","68895780","0","429506"
"chr16","69431689","69432019","chr16","69007773","69008105","2","423916"
"chr16","69492398","69492704","chr16","69068872","69069177","3","423526"
"chr16","69513277","69513567","chr16","69090742","69091036","5","422535"
"chr16","69523757","69524041","chr16","69102424","69102708","2","421333"
"chr16","69531614","69531921","chr16","69109922","69110232","5","421692"
"chr16","69638252","69638551","chr16","69220001","69220303","7","418251"
"chr16","70251643","70251940","chr16","69750624","69750923","4","501019"
"chr16","70439841","70440137","chr16","69946645","69946949","11","493196"
"chr16","70736332","70736638","chr3","55590671","55590975","34","15145661"
"chr16","71535302","71535605","chr16","71043743","71044050","6","491559"
"chr16","71573309","71573602","chr16","71082681","71082969","5","490628"
"chr16","71599602","71599912","chr16","71110824","71111134","12","488778"
"chr16","71615861","71616152","chr16","71127253","71127547","3","488608"
"chr16","71953450","71953739","chr16","71456182","71456473","3","497268"
"chr16","72449586","72449643","chr16","3130472","3130523","17","69319114"
"chr16","72489291","72489590","chr16","71996434","71996732","3","492857"
"chr16","72600542","72600842","chr16","72107504","72107804","0","493038"
"chr16","73109216","73109513","chr3","55590671","55590975","37","17518545"
"chr16","73403493","73403799","chr9","108269317","108269619","39","34865824"
"chr16","73660173","73660477","chr16","73180045","73180351","2","480128"
"chr16","74092492","74092791","chr16","73615054","73615342","13","477438"
"chr16","74171209","74171497","chr7","69433132","69433429","45","4738077"
"chr16","74396102","74396400","chr16","73862103","73862402","3","533999"
"chr16","74419366","74419670","chr16","73886173","73886475","4","533193"
"chr16","74473617","74473922","chr16","73940456","73940761","0","533161"
"chr16","74506582","74506871","chr16","73974550","73974841","4","532032"
"chr16","74553038","74553347","chr16","74021168","74021478","1","531870"
"chr16","74722475","74722762","chr16","74199430","74199717","0","523045"
"chr16","74803772","74804056","chr16","74283432","74283729","15","520340"
"chr16","74868547","74868842","chr16","74346921","74347216","1","521626"
"chr16","74895653","74895966","chr16","74375185","74375500","11","520468"
"chr16","74960556","74960874","chr16","74441947","74442260","7","518609"
"chr16","75106820","75107094","chr16","74593165","74593439","3","513655"
"chr16","75227640","75227952","chr16","74719588","74719897","4","508052"
"chr16","75336863","75337167","chr16","74830746","74831048","4","506117"
"chr16","75426289","75426590","chr16","74926849","74927149","4","499440"
"chr16","75488785","75489087","chr9","38316168","38316464","39","37172617"
"chr16","75756730","75757024","chr16","75264698","75264994","5","492032"
"chr16","75827274","75827570","chr5","14252117","14252415","32","61575157"
"chr16","76123209","76123496","chr16","75630595","75630883","2","492614"
"chr16","76532706","76532963","chr16","76043455","76043710","4","489251"
"chr16","76670062","76670372","chr16","76181856","76182164","3","488206"
"chr16","76851102","76851204","chr2B","207135339","207135447","22","130284237"
"chr16","77239772","77240061","chr16","76676891","76677180","2","562881"
"chr16","77348562","77348863","chr16","76788129","76788438","9","560433"
"chr16","77381328","77381618","chr16","76820977","76821267","0","560351"
"chr16","77411768","77412076","chr6","35412177","35412489","39","41999591"
"chr16","77544124","77544416","chr16","76986274","76986567","2","557850"
"chr16","77605408","77605698","chr16","77044885","77045191","18","560523"
"chr16","77693722","77694033","chr16","77132758","77133069","4","560964"
"chr16","78032089","78032397","chr16","77474176","77474489","15","557913"
"chr16","78093614","78093736","chr16","77536942","77537064","0","556672"
"chr16","78367674","78367955","chr16","77816905","77817186","8","550769"
"chr16","78584726","78585034","chr16","78038618","78038926","3","546108"
"chr16","78664497","78664798","chr16","78119429","78119722","9","545068"
"chr16","78701583","78701890","chr16","78156998","78157304","5","544585"
"chr16","79798757","79799050","chr16","79282127","79282421","2","516630"
"chr16","79917687","79917829","chr1","53364805","53364943","24","26552882"
"chr16","80099483","80099776","chr16","79586983","79587277","2","512500"
"chr16","80497139","80497445","chr16","79986047","79986355","6","511092"
"chr16","80690873","80691163","chr16","80180671","80180962","2","510202"
"chr16","80956519","80956819","chr7","73490232","73490526","34","7466287"
"chr16","80963624","80963921","chr16","80454382","80454680","2","509242"
"chr16","81111608","81111893","chr16","80607577","80607862","3","504031"
"chr16","81121456","81121757","chr16","80618679","80618980","2","502777"
"chr16","81208638","81208944","chr16","80708080","80708387","4","500558"
"chr16","81277247","81277537","chr16","80777067","80777357","4","500180"
"chr16","81464105","81464392","chr16","80970504","80970791","2","493601"
"chr16","81777522","81777803","chr16","81295558","81295861","22","481964"
"chr16","81875892","81876215","chr16","81394908","81395234","4","480984"
"chr16","82016602","82016890","chr16","81544853","81545144","4","471749"
"chr16","82044353","82044648","chr16","81572649","81572949","8","471704"
"chr16","82377397","82377708","chr16","81942579","81942907","19","434818"
"chr16","82388321","82388621","chr16","81953439","81953743","5","434882"
"chr16","82860612","82860943","chr16","82432927","82433257","9","427685"
"chr16","83164781","83165077","chr16","82739187","82739485","4","425594"
"chr16","83347281","83347574","chr16","82924318","82924607","5","422963"
"chr16","83996089","83996385","chr16","83594350","83594645","19","401739"
"chr16","84115677","84115986","chr16","83717014","83717324","8","398663"
"chr16","84165720","84166010","chr16","83765649","83765940","4","400071"
"chr16","84241297","84241591","chr16","83845860","83846155","2","395437"
"chr16","84399707","84400000","chr16","84010126","84010419","0","389581"
"chr16","84459295","84459603","chr16","84072765","84073054","19","386530"
"chr16","84663605","84663875","chr16","84290104","84290414","41","373501"
"chr16","84687654","84687955","chr16","84315390","84315690","15","372264"
"chr16","84888309","84888605","chr16","84520502","84520813","21","367807"
"chr16","84899547","84899753","chr1","199318021","199318223","50","114418474"
"chr16","84906525","84906839","chr16","84538788","84539102","1","367737"
"chr16","84959634","84959934","chr16","84592222","84592524","72","367412"
"chr16","84975220","84975545","chr16","84607202","84607530","5","368018"
"chr16","85030300","85030437","chr8","64903186","64903315","21","20127114"
"chr16","85100236","85100530","chr16","84735792","84736093","11","364444"
"chr16","85105601","85105911","chr16","84741126","84741436","2","364475"
"chr16","85725004","85725305","chr16","85378992","85379293","1","346012"
"chr16","85742893","85743196","chr16","85396608","85396911","3","346285"
"chr16","86005953","86006242","chr16","85665902","85666192","5","340051"
"chr16","86331030","86331119","chr16","86003361","86003450","1","327669"
"chr16","86752938","86753231","chr11","106339076","106339360","53","19586138"
"chr16","86755061","86755358","chr16","86443818","86444118","11","311243"
"chr16","86809452","86809759","chr16","86494452","86494758","2","315000"
"chr16","87364284","87364584","chr16","87052078","87052377","1","312206"
"chr16","87379039","87379136","chr12","9226155","9226248","31","78152884"
"chr16","87424206","87424497","chr16","87115846","87116139","3","308360"
"chr16","87631479","87631796","chr16","87330661","87330979","3","300818"
"chr16","87905750","87906059","chr16","87613832","87614139","7","291918"
"chr16","88026085","88026385","chr16","21701245","21701545","0","66324840"
"chr16","88363560","88363866","chr16","87693076","87693383","2","670484"
"chr16","89250451","89250743","chr16","88606480","88606772","1","643971"
"chr16","89389522","89389821","chr16","88737815","88738116","4","651707"
"chr16","89449949","89450249","chr16","88801433","88801733","1","648516"
"chr16","89493181","89493476","chr16","88848425","88848724","5","644756"
"chr16","89533080","89533163","chr16","88888598","88888680","2","644482"
"chr16","89774633","89774942","chr16","89133342","89133647","6","641291"
"chr16","90139285","90139571","chr3","201434982","201435271","37","111295697"
"chr16","90237034","90237205","chr7","144964144","144964314","16","54727110"
"chr16","90286952","90287075","chr3","112086995","112087116","17","21800043"
"chr16","90418766","90419070","chr16","89731049","89731341","12","687717"
"chr17","392038","392355","chr17","410554","410871","1","18516"
"chr17","518382","518662","chr17","540426","540706","1","22044"
"chr17","557536","557841","chr17","578789","579094","2","21253"
"chr17","777083","777394","chr17","805279","805604","18","28196"
"chr17","814614","814919","chr17","849398","849683","23","34784"
"chr17","836334","836639","chr17","873410","873717","4","37076"
"chr17","850626","850923","chr17","890198","890497","9","39572"
"chr17","949887","950199","chr17","992838","993148","11","42951"
"chr17","1076211","1076516","chr17","1128208","1128513","2","51997"
"chr17","1175489","1175740","chr17","1228256","1228508","5","52767"
"chr17","1180547","1180858","chr17","1233570","1233885","6","53023"
"chr17","1187369","1187670","chr17","1240416","1240717","2","53047"
"chr17","1199898","1200208","chr17","1251644","1251951","9","51746"
"chr17","1219695","1219991","chr19","58086933","58087227","35","56867238"
"chr17","1223875","1224180","chr17","1273407","1273712","12","49532"
"chr17","1248259","1248569","chr17","1295952","1296262","3","47693"
"chr17","1364118","1364425","chr17","1414140","1414449","5","50022"
"chr17","1423540","1423836","chr17","1478831","1479129","2","55291"
"chr17","1627399","1627693","chr17","1687437","1687737","7","60038"
"chr17","1650185","1650487","chr17","1712238","1712540","0","62053"
"chr17","1670043","1670208","chr17","1732993","1733151","9","62950"
"chr17","1862850","1863158","chr17","1926134","1926445","9","63284"
"chr17","1982908","1983194","chr20","61632542","61632829","31","59649634"
"chr17","2181853","2182157","chr17","2254852","2255156","1","72999"
"chr17","2294735","2295027","chr17","2367390","2367693","12","72655"
"chr17","2298455","2298759","chr17","2371098","2371403","4","72643"
"chr17","2337982","2338259","chr17","2411578","2411855","0","73596"
"chr17","2542729","2543027","chr17","2497120","2497418","0","45609"
"chr17","2544596","2544904","chr17","2499355","2499664","2","45241"
"chr17","2555176","2555460","chr7","15575413","15575699","37","13020237"
"chr17","2599351","2599648","chr17","2553496","2553794","1","45855"
"chr17","2614877","2615043","chr17","2568769","2568935","0","46108"
"chr17","2683365","2683643","chr17","2638696","2638974","1","44669"
"chr17","2698862","2699169","chr19","34945220","34945531","32","32246358"
"chr17","2718343","2718646","chr17","2674926","2675229","3","43417"
"chr17","2742044","2742337","chr17","2698604","2698897","3","43440"
"chr17","2776175","2776478","chr17","2737771","2738077","4","38404"
"chr17","2783846","2784146","chr17","2747946","2748247","2","35900"
"chr17","2812068","2812242","chr12","35743131","35743318","41","32931063"
"chr17","2855345","2855647","chr17","2821576","2821880","3","33769"
"chr17","2884924","2885230","chr17","2851949","2852269","17","32975"
"chr17","2967360","2967666","chr17","2934544","2934850","0","32816"
"chr17","2974092","2974397","chr17","2941345","2941650","7","32747"
"chr17","3109338","3109630","chr17","3082188","3082484","7","27150"
"chr17","3174294","3174578","chr17","3144554","3144838","2","29740"
"chr17","3293676","3293745","chr8","80803434","80803503","13","77509758"
"chr17","3472909","3473225","chr17","3427865","3428182","4","45044"
"chr17","3516768","3517008","chr17","3474108","3474356","11","42660"
"chr17","3532817","3533121","chr17","3489127","3489438","12","43690"
"chr17","3633721","3634033","chr17","3592533","3592839","7","41188"
"chr17","3656923","3657225","chr17","3618504","3618806","4","38419"
"chr17","3788779","3789081","chr17","3755355","3755639","21","33424"
"chr17","3906920","3907217","chr17","3877242","3877537","2","29678"
"chr17","4164238","4164531","chr17","4132124","4132424","12","32114"
"chr17","4382648","4382942","chr17","4352133","4352426","1","30515"
"chr17","4400589","4400661","chr17","4370749","4370822","1","29840"
"chr17","4431589","4431899","chr1","14899857","14900167","38","10468268"
"chr17","4439424","4439698","chr11","113175787","113176070","41","108736363"
"chr17","4444133","4444434","chr17","4411821","4412101","23","32312"
"chr17","4469572","4469874","chr17","4443329","4443633","5","26243"
"chr17","4498626","4498889","chr5","179678021","179678301","54","175179395"
"chr17","4513210","4513514","chr17","4485110","4485416","4","28100"
"chr17","4533921","4534220","chr17","4501887","4502191","8","32034"
"chr17","4653158","4653465","chr17","4629429","4629740","53","23729"
"chr17","4804514","4804802","chr17","4784731","4785019","2","19783"
"chr17","4940530","4940607","chr13","69945878","69945951","17","65005348"
"chr17","5089192","5089503","chr17","5080732","5081038","7","8460"
"chr17","5139694","5139987","chr17","5132819","5133116","7","6875"
"chr17","5239342","5239653","chr17","5234617","5234928","0","4725"
"chr17","5257609","5257893","chr17","5253697","5253983","2","3912"
"chr17","5362652","5362981","chr17","5356845","5357178","10","5807"
"chr17","5408094","5408402","chr17","5399811","5400119","1","8283"
"chr17","5470783","5471094","chr17","5460405","5460717","2","10378"
"chr17","5596108","5596403","chr17","5588213","5588511","7","7895"
"chr17","5877041","5877340","chr17","5872270","5872571","13","4771"
"chr17","5978475","5978785","chr17","5973892","5974203","6","4583"
"chr17","6049420","6049730","chr17","6043961","6044271","5","5459"
"chr17","6063924","6064234","chr17","6058444","6058761","12","5480"
"chr17","6101165","6101431","chr17","6095464","6095730","3","5701"
"chr17","6239052","6239356","chr17","6236632","6236935","3","2420"
"chr17","6812574","6812865","chr17","6824004","6824298","3","11430"
"chr17","6814770","6815084","chr17","6826211","6826529","8","11441"
"chr17","7009923","7010035","chr5","155652183","155652292","16","148642260"
"chr17","7010331","7010538","chr1","216488397","216488599","31","209478066"
"chr17","7137722","7137947","chr17","7173438","7173665","3","35716"
"chr17","7218898","7219202","chr17","7256310","7256614","1","37412"
"chr17","7467955","7468251","chr17","7513207","7513503","0","45252"
"chr17","7486500","7486809","chr17","7532001","7532311","2","45501"
"chr17","7604076","7604364","chr17","7652784","7653078","6","48708"
"chr17","7667452","7667759","chr17","7715416","7715723","2","47964"
"chr17","7744072","7744383","chr8","22376857","22377169","40","14632785"
"chr17","7896056","7896351","chr17","7947587","7947886","6","51531"
"chr17","8221397","8221621","chr17","8279490","8279715","2","58093"
"chr17","8571592","8571880","chr17","8641255","8641547","4","69663"
"chr17","8580510","8580609","chr16","76370373","76370474","13","67789863"
"chr17","8885270","8885408","chr4","146247488","146247621","23","137362218"
"chr17","9047708","9048010","chr17","8922727","8923034","5","124981"
"chr17","9231597","9231892","chr17","9113435","9113731","2","118162"
"chr17","9621473","9621651","chr14","102055726","102055904","25","92434253"
"chr17","9626310","9626416","chr4","41140710","41140791","33","31514400"
"chr17","9626711","9626870","chr12","122069598","122069758","29","112442887"
"chr17","9792948","9793253","chr17","9681502","9681806","3","111446"
"chr17","9803900","9804207","chr17","9691317","9691626","6","112583"
"chr17","10055374","10055654","chr17","9947083","9947365","3","108291"
"chr17","10391147","10391394","chr22","40282767","40283000","43","29891620"
"chr17","10531709","10532008","chr17","10398969","10399272","7","132740"
"chr17","10684184","10684499","chr17","10531275","10531582","16","152909"
"chr17","10799158","10799277","chr17","10649821","10649940","0","149337"
"chr17","10870725","10871037","chr17","10721950","10722262","5","148775"
"chr17","11047329","11047594","chr17","10898706","10898994","47","148623"
"chr17","11273303","11273605","chr17","11103783","11104086","1","169520"
"chr17","11312368","11312667","chr3","55590671","55590975","41","44278303"
"chr17","11322543","11322842","chr17","11153293","11153592","0","169250"
"chr17","11433250","11433562","chr17","11265850","11266162","2","167400"
"chr17","11822825","11823123","chr17","11672072","11672383","14","150753"
"chr17","12300649","12300907","chr17","12199029","12199325","40","101620"
"chr17","12447063","12447357","chr17","12351982","12352275","1","95081"
"chr17","12485121","12485390","chr17","12390112","12390381","0","95009"
"chr17","12604809","12605109","chr17","12509888","12510189","2","94921"
"chr17","12721780","12722087","chr17","12629777","12630084","0","92003"
"chr17","13119151","13119459","chr8","34575931","34576235","30","21456780"
"chr17","13273407","13273704","chr17","13140368","13140667","4","133039"
"chr17","13319025","13319332","chr17","13188004","13188313","5","131021"
"chr17","13330087","13330377","chr17","13201110","13201400","0","128977"
"chr17","13475987","13476290","chr17","13352850","13353155","41","123137"
"chr17","13738009","13738317","chr17","13616101","13616410","2","121908"
"chr17","13971926","13972226","chr17","13774242","13774542","0","197684"
"chr17","14022713","14022792","chrX","9065158","9065222","30","4957555"
"chr17","14023085","14023237","chr19","63437287","63437441","29","49414202"
"chr17","14145303","14145549","chr7","145916272","145916512","33","131770969"
"chr17","14178002","14178310","chr17","13986807","13987117","4","191195"
"chr17","14226962","14227024","chr12","4632009","4632070","9","9594953"
"chr17","14271550","14271615","chr4","67836546","67836606","11","53564996"
"chr17","14463870","14463991","chr17","14291324","14291450","5","172546"
"chr17","14597534","14597666","chrX","153514418","153514551","27","138916884"
"chr17","14597965","14598126","chr5","140064568","140064737","26","125466603"
"chr17","14602350","14602662","chr17","14434473","14434784","3","167877"
"chr17","14609774","14610056","chr17","14441542","14441849","25","168232"
"chr17","14667569","14667649","chrX","24020384","24020464","12","9352815"
"chr17","14672696","14673004","chr17","14511961","14512272","6","160735"
"chr17","14703900","14704202","chr17","14541351","14541652","2","162549"
"chr17","14704215","14704322","chr13","47819145","47819246","14","33114930"
"chr17","14786437","14786735","chr17","14629481","14629781","3","156956"
"chr17","14820056","14820325","chr21","23626941","23627210","37","8806885"
"chr17","15042226","15042287","chr3","153619303","153619367","16","138577077"
"chr17","15320032","15320344","chr17","15175854","15176173","8","144178"
"chr17","15352268","15352555","chr3","116912125","116912404","52","101559857"
"chr17","15352586","15352604","chr1","139896000","139896030","16","124543414"
"chr17","15435672","15435969","chr17","15294346","15294643","0","141326"
"chr17","15526594","15526884","chr17","15390796","15391085","1","135798"
"chr17","15536098","15536432","chr17","15401034","15401369","2","135064"
"chr17","15584986","15585298","chr17","15451402","15451715","1","133584"
"chr17","15609289","15609455","chr12","119910048","119910221","28","104300759"
"chr17","15679491","15679786","chr17","15540408","15540701","5","139083"
"chr17","15722945","15723232","chr17","15584025","15584313","2","138920"
"chr17","15810761","15811058","chr17","15674180","15674478","1","136581"
"chr17","15817307","15817608","chr17","15681056","15681356","6","136251"
"chr17","15842744","15843033","chr17","15700946","15701235","0","141798"
"chr17","15867083","15867390","chr17","15726099","15726406","1","140984"
"chr17","15943694","15943990","chr17","15806190","15806472","15","137504"
"chr17","16103574","16103886","chr17","15969511","15969824","2","134063"
"chr17","16359520","16359834","chr17","16216064","16216378","0","143456"
"chr17","17113639","17113945","chr13","80217020","80217328","35","63103381"
"chr17","17301728","17302037","chr14","63588535","63588846","41","46286807"
"chr17","17335494","17335792","chr17","17204057","17204358","3","131437"
"chr17","17536433","17536650","chr3","10168807","10169021","37","7367626"
"chr17","17541252","17541419","chr19","13968486","13968648","23","3572766"
"chr17","17618011","17618290","chr17","17494993","17495277","6","123018"
"chr17","17651107","17651387","chr17","17528831","17529111","1","122276"
"chr17","17794617","17794908","chr17","17675888","17676179","2","118729"
"chr17","18001944","18002248","chr17","17889790","17890094","1","112154"
"chr17","18142296","18142390","chr16","3740422","3740509","21","14401874"
"chr17","18168110","18168425","chr15","42447280","42447610","16","24279170"
"chr17","18300627","18300783","chr17","18135841","18136000","3","164786"
"chr17","18316113","18316424","chr19","44295667","44295979","38","25979554"
"chr17","18404341","18404649","chr17","18242993","18243303","3","161348"
"chr17","18418751","18419047","chr17","18257857","18258170","20","160894"
"chr17","18526171","18526474","chr17","18367340","18367640","3","158831"
"chr17","18680217","18680536","chr17","18527513","18527833","6","152704"
"chr17","18698638","18698783","chr17","18544447","18544599","14","154191"
"chr17","18759034","18759286","chr17","18607758","18608013","4","151276"
"chr17","18762301","18762597","chr17","18611025","18611321","0","151276"
"chr17","18919625","18919922","chr17","18768985","18769282","1","150640"
"chr17","19271837","19272160","chr17","19085575","19085884","19","186262"
"chr17","19859359","19859654","chr17","19687748","19688043","1","171611"
"chr17","19921785","19922084","chr17","19754980","19755280","2","166805"
"chr17","20210934","20211231","chr4","42300183","42300477","54","22089249"
"chr17","20416024","20416320","chr17","20266156","20266453","1","149868"
"chr17","20796746","20797056","chr17","20651163","20651471","8","145583"
"chr17","20827937","20828219","chr17","20683010","20683316","25","144927"
"chr17","21216216","21216513","chr17","21077354","21077656","7","138862"
"chr17","21428565","21428877","chr17","21298630","21298942","2","129935"
"chr17","21448241","21448550","chr17","21318834","21319138","16","129407"
"chr17","21555545","21555861","chr17","21425961","21426296","22","129584"
"chr17","21571479","21571784","chr17","21444846","21445153","5","126633"
"chr17","21651403","21651717","chr17","21525394","21525708","6","126009"
"chr17","21821775","21822073","chr17","21704638","21704936","3","117137"
"chr17","22154292","22154585","chr2B","211615251","211615550","43","189460959"
"chr17","22347775","22348051","chr17","22246289","22246566","2","101486"
"chr17","23705551","23705858","chr17","23614760","23615069","12","90791"
"chr17","24628132","24628398","chr17","24554644","24554938","28","73488"
"chr17","24661547","24661855","chr17","24587999","24588303","5","73548"
"chr17","24790137","24790444","chr17","24721125","24721437","6","69012"
"chr17","25341968","25342274","chr17","26087044","26087352","3","745076"
"chr17","25519779","25520077","chr17","26273992","26274292","3","754213"
"chr17","25567350","25567653","chr17","25045156","25045460","6","522194"
"chr17","25646002","25646211","chr8","44932392","44932599","35","19286390"
"chr17","25836386","25836681","chr17","25321382","25321677","3","515004"
"chr17","25899274","25899557","chr17","25387159","25387442","2","512115"
"chr17","25925693","25925984","chr17","25414402","25414700","9","511291"
"chr17","26096826","26097127","chr17","25592492","25592788","6","504334"
"chr17","26097333","26097644","chr17","25592998","25593310","1","504335"
"chr17","26255843","26256155","chr17","25753851","25754163","0","501992"
"chr17","26270268","26270582","chr17","25768282","25768596","1","501986"
"chr17","26780636","26780932","chr17","26530074","26530371","2","250562"
"chr17","26899866","26900170","chr17","26653744","26654027","22","246122"
"chr17","27647435","27647733","chr17","27416138","27416449","15","231297"
"chr17","28121844","28122145","chr14","89857189","89857489","28","61735345"
"chr17","28437242","28437541","chr17","28229469","28229777","14","207773"
"chr17","28512958","28513259","chr17","28308185","28308483","6","204773"
"chr17","28527331","28527446","chr3","142987338","142987458","46","114460007"
"chr17","28527759","28527917","chr2B","138853075","138853229","22","110325316"
"chr17","28916925","28917234","chr17","28724890","28725195","4","192035"
"chr17","28988884","28989194","chr17","28797955","28798265","0","190929"
"chr17","29075646","29075952","chr17","28888207","28888519","12","187439"
"chr17","29356222","29356529","chr17","29170079","29170387","5","186143"
"chr17","29733447","29733758","chr17","29552292","29552603","0","181155"
"chr17","30252036","30252295","chr7","37211638","37211906","53","6959602"
"chr17","34845234","34845544","chrUn_GL393534","146427","146737","3","34698807"
"chr17","35135354","35135642","chr14","89864768","89865055","39","54729414"
"chr17","35535865","35536175","chr17","35016597","35016901","8","519268"
"chr17","36031239","36031520","chr17","35745942","35746223","2","285297"
"chr17","36120948","36121243","chr17","35838204","35838499","0","282744"
"chr17","36123066","36123347","chr17","35840302","35840609","27","282764"
"chr17","36266544","36266674","chr9","127615336","127615475","47","91348792"
"chr17","36310759","36311067","chr17","36026097","36026406","4","284662"
"chr17","36368615","36368903","chr17","36084047","36084345","10","284568"
"chr17","36561557","36561867","chr17","36280392","36280707","5","281165"
"chr17","36566815","36567106","chr17","36286100","36286392","2","280715"
"chr17","36719030","36719323","chr17","36443643","36443939","7","275387"
"chr17","36764325","36764636","chr10","125290484","125290789","27","88526159"
"chr17","36805370","36805672","chr17","36531947","36532249","2","273423"
"chr17","36910080","36910389","chr17","36636822","36637125","8","273258"
"chr17","37042308","37042485","chr15","39484004","39484186","35","2441696"
"chr17","37042526","37042557","chr4","141921253","141921294","12","104878727"
"chr17","37043098","37043386","chr7","38255179","38255472","35","1212081"
"chr17","37329848","37330164","chr17","37037292","37037609","3","292556"
"chr17","37886021","37886317","chr17","37595721","37596016","1","290300"
"chr17","37937963","37938277","chr17","37647816","37648131","5","290147"
"chr17","38228951","38229242","chr17","37928904","37929197","3","300047"
"chr17","38598805","38599110","chr3","55590671","55590975","38","16991866"
"chr17","38628496","38628817","chr6","35412177","35412489","44","3216319"
"chr17","38659300","38659605","chr17","38370327","38370631","1","288973"
"chr17","38803165","38803419","chr17","38520540","38520794","3","282625"
"chr17","38850579","38850877","chr17","38567016","38567314","0","283563"
"chr17","38987605","38987892","chr17","38719205","38719492","3","268400"
"chr17","39123869","39124191","chr17","38865230","38865552","3","258639"
"chr17","39295292","39295587","chr17","39038574","39038869","1","256718"
"chr17","41693102","41693400","chr17","41388181","41388479","3","304921"
"chr17","41778581","41778889","chr14","63588535","63588846","40","21809954"
"chr17","41796652","41796948","chr17","41495777","41496074","4","300875"
"chr17","41799019","41799293","chr17","41498132","41498417","20","300887"
"chr17","41833326","41833622","chr17","41532446","41532745","7","300880"
"chr17","41971500","41971793","chr17","41672202","41672512","20","299298"
"chr17","42040876","42041177","chr17","41741464","41741765","5","299412"
"chr17","42425796","42425953","chr17","42090335","42090499","7","335461"
"chr17","42726709","42727030","chr10","70319932","70320244","42","27593223"
"chr17","43299782","43300073","chr17","42989799","42990090","3","309983"
"chr17","43347612","43347919","chr17","43040666","43040973","1","306946"
"chr17","43433679","43433977","chr17","43128419","43128706","14","305260"
"chr17","43509133","43509468","chr17","43206110","43206445","0","303023"
"chr17","43610675","43610975","chr17","43306825","43307127","2","303850"
"chr17","43804441","43804739","chr17","43507413","43507707","7","297028"
"chr17","44142292","44142598","chr17","43796655","43796961","3","345637"
"chr17","44184391","44184702","chr17","43837629","43837941","3","346762"
"chr17","44592613","44592922","chr1","201940540","201940845","42","157347927"
"chr17","45573510","45573811","chr17","45246672","45246982","13","326838"
"chr17","45704742","45705034","chr17","45378520","45378811","1","326222"
"chr17","45706726","45706784","chr17","45380514","45380572","1","326212"
"chr17","45726403","45726721","chr17","45400957","45401271","4","325446"
"chr17","45809298","45809581","chr17","45484061","45484371","27","325237"
"chr17","45840429","45840720","chr17","45515269","45515560","1","325160"
"chr17","45892488","45892762","chr17","45567622","45567919","26","324866"
"chr17","45981065","45981363","chr17","45656263","45656561","1","324802"
"chr17","46038550","46038859","chr17","45714923","45715226","9","323627"
"chr17","46081518","46081792","chr17","45758521","45758795","0","322997"
"chr17","46150161","46150470","chr17","45828774","45829083","3","321387"
"chr17","46427987","46428281","chr17","46114462","46114756","1","313525"
"chr17","46494577","46494863","chr17","46182626","46182915","5","311951"
"chr17","46599717","46600005","chr17","46287825","46288120","8","311892"
"chr17","46612973","46613266","chr8","101239272","101239565","30","54626299"
"chr17","46613878","46614164","chr17","46303158","46303444","0","310720"
"chr17","46631857","46632154","chr17","46322602","46322900","5","309255"
"chr17","46662531","46662863","chrX","92128594","92128919","45","45466063"
"chr17","46688555","46688869","chr17","46384906","46385201","21","303649"
"chr17","46736216","46736519","chr17","46431940","46432256","14","304276"
"chr17","46794575","46794878","chr17","46493227","46493523","10","301348"
"chr17","46825853","46826144","chr17","46525840","46526132","2","300013"
"chr17","46903576","46903872","chr17","46606072","46606368","0","297504"
"chr17","47004334","47004630","chr17","46710609","46710907","8","293725"
"chr17","47005686","47005845","chr17","46711963","46712122","1","293723"
"chr17","47027187","47027480","chr17","46734755","46735048","3","292432"
"chr17","47045291","47045595","chr17","46753116","46753414","14","292175"
"chr17","47092615","47092932","chr17","46803264","46803602","22","289351"
"chr17","47140012","47140203","chr19","12466633","12466817","32","34673379"
"chr17","47156925","47157239","chr17","46869804","46870118","0","287121"
"chr17","47192532","47192843","chr17","46905434","46905745","1","287098"
"chr17","47327722","47328013","chr17","47042683","47042976","3","285039"
"chr17","47431995","47432306","chr17","47153710","47154022","3","278285"
"chr17","47687657","47687939","chr9","137724835","137725115","33","90037178"
"chr17","47951946","47952249","chr17","47687498","47687797","4","264448"
"chr17","48272705","48273004","chr17","48018313","48018607","6","254392"
"chr17","48288528","48288826","chr17","48034735","48035034","3","253793"
"chr17","48338400","48338702","chr17","48086150","48086450","5","252250"
"chr17","48567568","48567857","chr17","48321930","48322219","0","245638"
"chr17","49177983","49178278","chr17","48798594","48798891","4","379389"
"chr17","49209596","49209907","chr1","190730613","190730918","38","141521017"
"chr17","49753925","49754068","chr17","49383701","49383844","0","370224"
"chr17","50060209","50060304","chr16","3740422","3740509","16","46319787"
"chr17","50273337","50273636","chr17","49912903","49913207","8","360434"
"chr17","51138455","51138751","chr17","50784840","50785140","4","353615"
"chr17","52200274","52200584","chr17","51872685","51872997","7","327589"
"chr17","53221923","53222219","chr17","52918657","52918953","2","303266"
"chr17","54063702","54063994","chr17","53771120","53771426","20","292582"
"chr17","54380342","54380653","chr5","50248045","50248351","35","4132297"
"chr17","54418378","54418683","chr17","54130043","54130346","2","288335"
"chr17","54473710","54474014","chr17","54187803","54188108","4","285907"
"chr17","54909234","54909517","chr6","39666669","39666957","29","15242565"
"chr17","54944739","54945046","chr1","131901211","131901510","52","76956472"
"chr17","55819998","55820323","chr17","55557782","55558107","1","262216"
"chr17","55841588","55841892","chr17","55579480","55579784","0","262108"
"chr17","56176882","56177187","chr17","55925400","55925705","3","251482"
"chr17","56351365","56351674","chr17","56103474","56103780","4","247891"
"chr17","56636970","56637264","chr17","56391486","56391782","3","245484"
"chr17","56866054","56866349","chr17","56625962","56626268","20","240092"
"chr17","56869091","56869318","chr17","56628740","56628989","25","240351"
"chr17","57092211","57092526","chr17","56855112","56855427","1","237099"
"chr17","57323289","57323581","chr17","57091756","57092048","3","231533"
"chr17","57482573","57482874","chr17","57259856","57260158","1","222717"
"chr17","57499741","57499816","chr17","57278106","57278181","0","221635"
"chr17","57719336","57719627","chr17","57507085","57507376","4","212251"
"chr17","57800310","57800615","chr17","57590031","57590332","10","210279"
"chr17","57851274","57851578","chr17","57640742","57641044","5","210532"
"chr17","58090210","58090506","chr17","57883840","57884136","2","206370"
"chr17","58144619","58144907","chr17","57943552","57943841","2","201067"
"chr17","58159899","58160196","chr17","57958690","57958987","2","201209"
"chr17","58272704","58272941","chrX","22894948","22895183","43","35377756"
"chr17","58651142","58651443","chr17","58457500","58457797","4","193642"
"chr17","58657336","58657632","chr17","58463616","58463916","6","193720"
"chr17","58687201","58687512","chr17","58494507","58494819","3","192694"
"chr17","58753040","58753342","chr17","58562449","58562753","3","190591"
"chr17","58804910","58805216","chr17","58614571","58614856","26","190339"
"chr17","59714952","59715246","chr17","59232872","59233169","3","482080"
"chr17","59717253","59717561","chr17","59235389","59235693","6","481864"
"chr17","59725088","59725373","chr17","59243253","59243541","4","481835"
"chr17","59746493","59746793","chr17","59264868","59265168","4","481625"
"chr17","59808483","59808788","chr17","59326279","59326584","2","482204"
"chr17","59852632","59852934","chr17","59372404","59372706","3","480228"
"chr17","59928931","59929226","chr17","59452635","59452929","3","476296"
"chr17","60061156","60061455","chr17","59585147","59585444","3","476009"
"chr17","60203523","60203827","chr15","71715862","71716163","36","11512339"
"chr17","60472050","60472362","chr17","59993429","59993740","4","478621"
"chr17","60659807","60659972","chr17","60188354","60188525","7","471453"
"chr17","60828987","60829282","chr17","60364618","60364913","1","464369"
"chr17","60844933","60845248","chr17","60380579","60380893","4","464354"
"chr17","61105305","61105606","chr17","60650245","60650555","10","455060"
"chr17","61110232","61110546","chr17","60655802","60656117","1","454430"
"chr17","61117870","61118153","chr17","60663447","60663733","7","454423"
"chr17","61139391","61139700","chr17","60685669","60685978","1","453722"
"chr17","61186130","61186425","chr17","60733327","60733622","2","452803"
"chr17","61191410","61191698","chr17","60738889","60739179","2","452521"
"chr17","61368397","61368696","chr17","60918082","60918381","1","450315"
"chr17","61382443","61382753","chr17","60932301","60932611","3","450142"
"chr17","61693169","61693464","chr17","61211448","61211744","2","481721"
"chr17","61706410","61706700","chr17","61224864","61225154","1","481546"
"chr17","61958339","61958636","chr5","19670444","19670739","35","42287895"
"chr17","62248904","62249207","chr17","61769348","61769651","2","479556"
"chr17","62446509","62446803","chr17","61970670","61970963","4","475839"
"chr17","62724629","62724861","chr6","160036702","160036919","39","97312073"
"chr17","63033991","63034148","chr17","42090335","42090499","31","20943656"
"chr17","63034174","63034291","chr7","141694833","141694959","29","78660659"
"chr17","63077884","63078166","chr17","62605036","62605320","5","472848"
"chr17","63306671","63306980","chr17","62881050","62881355","10","425621"
"chr17","63395165","63395463","chr17","62970313","62970618","8","424852"
"chr17","63511385","63511685","chr17","63087416","63087716","3","423969"
"chr17","63551622","63551896","chr17","63129692","63129966","1","421930"
"chr17","63625868","63626173","chr17","63209240","63209545","2","416628"
"chr17","63650674","63650981","chr17","63235027","63235336","4","415647"
"chr17","63708144","63708440","chr17","63292827","63293124","1","415317"
"chr17","63727378","63727678","chr17","63313390","63313681","10","413988"
"chr17","64058774","64058933","chr17","63525694","63525857","5","533080"
"chr17","64157423","64157720","chr17","63625907","63626202","5","531516"
"chr17","64163984","64164149","chr8","26765225","26765391","19","37398759"
"chr17","64215074","64215370","chr17","63684949","63685246","2","530125"
"chr17","64328688","64328994","chr10","125290484","125290789","32","60961796"
"chr17","64490889","64491151","chr17","63966185","63966447","0","524704"
"chr17","64621042","64621335","chr17","64099238","64099535","7","521804"
"chr17","64645488","64645780","chr22","49705972","49706262","31","14939516"
"chr17","64780542","64780843","chr17","64266184","64266485","1","514358"
"chr17","65343412","65343707","chr20","51427632","51427921","55","13915780"
"chr17","65387971","65388256","chr17","64886303","64886590","5","501668"
"chr17","65481949","65482244","chr17","64982587","64982883","2","499362"
"chr17","65488637","65488922","chr17","64989322","64989608","2","499315"
"chr17","65513912","65514212","chr17","65014596","65014890","11","499316"
"chr17","65573052","65573414","chr13","35657317","35657628","92","29915735"
"chr17","65621811","65622140","chr17","65123543","65123875","6","498268"
"chr17","65647238","65647396","chr9","84586403","84586562","27","18939165"
"chr17","65647430","65647554","chr7","141694833","141694959","20","76047403"
"chr17","65720658","65720955","chr17","65223223","65223520","0","497435"
"chr17","65876306","65876612","chr17","65380897","65381196","7","495409"
"chr17","66013832","66014146","chr17","65519456","65519770","1","494376"
"chr17","66086880","66087163","chr17","65593503","65593792","9","493377"
"chr17","66207260","66207570","chr17","65716791","65717099","4","490469"
"chr17","66478375","66478681","chr17","65994607","65994890","23","483768"
"chr17","66548998","66549305","chr17","66072800","66073107","3","476198"
"chr17","66923897","66924191","chr17","66456521","66456817","7","467376"
"chr17","67186874","67187168","chr17","66722688","66722958","24","464186"
"chr17","67553634","67553800","chr8","26765225","26765391","23","40788409"
"chr17","67889697","67889995","chr17","67323696","67323997","6","566001"
"chr17","68415401","68415646","chr17","67862087","67862339","8","553314"
"chr17","68706051","68706357","chr17","68171401","68171707","1","534650"
"chr17","68724905","68725198","chr17","68190345","68190638","0","534560"
"chr17","68793064","68793358","chr17","68258402","68258706","12","534662"
"chr17","69182665","69182952","chr17","68651981","68652268","2","530684"
"chr17","70036368","70036690","chr17","69443252","69443574","2","593116"
"chr17","70336089","70336390","chr17","69746858","69747162","6","589231"
"chr17","70349359","70349670","chr17","69759711","69760020","4","589648"
"chr17","70718823","70719109","chr17","70147491","70147784","8","571332"
"chr17","70902158","70902471","chr17","70333873","70334186","2","568285"
"chr17","71507515","71507829","chr17","70960970","70961284","0","546545"
"chr17","71576833","71577119","chr13","32872949","32873233","28","38703884"
"chr17","72037820","72038122","chr17","71495971","71496277","6","541849"
"chr17","72395280","72395592","chr7","1534154","1534466","34","70861126"
"chr17","72555825","72556130","chr17","72035248","72035559","7","520577"
"chr17","72627330","72627628","chr17","72110430","72110731","6","516900"
"chr17","72628375","72628673","chr17","72110430","72110731","4","517945"
"chr17","72891260","72891561","chr17","72271017","72271322","6","620243"
"chr17","73077069","73077379","chr17","72457956","72458269","4","619113"
"chr17","73754794","73755091","chr17","73152457","73152754","1","602337"
"chr17","73788597","73788909","chr17","73186302","73186612","4","602295"
"chr17","73893390","73893698","chr1","24190740","24191046","35","49702650"
"chr17","73958520","73958823","chr17","73360007","73360317","11","598513"
"chr17","74470044","74470134","chr6","18335968","18336060","16","56134076"
"chr17","74624958","74625238","chr17","74044374","74044654","0","580584"
"chr17","74670682","74670945","chr17","74089136","74089399","1","581546"
"chr17","74681571","74681868","chr17","74102788","74103086","4","578783"
"chr17","74688583","74688696","chr8","18982007","18982114","18","55706576"
"chr17","74722698","74722760","chr13","82924616","82924678","5","8201918"
"chr17","74782320","74782620","chr17","74224436","74224736","11","557884"
"chr17","74800427","74800730","chr17","74226580","74226884","2","573847"
"chr17","74921511","74921812","chr17","74357868","74358170","2","563643"
"chr17","74933713","74934012","chr17","74371071","74371374","6","562642"
"chr17","75360202","75360499","chr17","74813223","74813523","10","546979"
"chr17","75687349","75687626","chr3","97126449","97126725","30","21439100"
"chr17","76293931","76294211","chr17","75621915","75622195","3","672016"
"chr17","76332902","76333215","chr17","75661476","75661789","2","671426"
"chr17","76401963","76402271","chr17","75732182","75732496","9","669781"
"chr17","76486221","76486466","chr1","10453275","10453519","50","66032946"
"chr17","76489501","76489809","chr17","75820114","75820422","1","669387"
"chr17","76496346","76496656","chr17","75826687","75826997","3","669659"
"chr17","76662303","76662609","chr17","75997286","75997594","4","665017"
"chr17","76722734","76723024","chr17","76060187","76060481","13","662547"
"chr17","76731242","76731537","chr17","76069898","76070196","9","661344"
"chr17","76735526","76735806","chr17","76074136","76074417","10","661390"
"chr17","76873051","76873141","chr7","78110543","78110632","11","1237492"
"chr17","76904781","76905085","chr17","76245898","76246202","28","658883"
"chr17","76912006","76912317","chr17","76254024","76254334","5","657982"
"chr17","77020551","77020878","chr17","76351366","76351679","15","669185"
"chr17","77092225","77092521","chr17","76425279","76425577","7","666946"
"chr17","77279369","77279672","chr17","76604401","76604704","0","674968"
"chr17","77562999","77563328","chr17","76891851","76892176","24","671148"
"chr17","77882046","77882355","chr17","77219829","77220134","7","662217"
"chr17","77908777","77909054","chr7","120588637","120588929","45","42679860"
"chr17","77927975","77928257","chr14","72374473","72374756","34","5553502"
"chr17","78002583","78002890","chr17","77345345","77345646","9","657238"
"chr17","78334328","78334642","chr17","77688584","77688893","13","645744"
"chr17","78882345","78882625","chr17","78248139","78248420","14","634206"
"chr17","79044169","79044478","chr17","78413574","78413901","18","630595"
"chr17","79229542","79229840","chr17","78779174","78779472","2","450368"
"chr17","79367445","79367735","chr17","78917683","78917975","2","449762"
"chr17","79373087","79373400","chr17","78923560","78923873","1","449527"
"chr17","79373718","79373933","chr17","78924191","78924406","2","449527"
"chr17","79581375","79581690","chr17","79133010","79133325","0","448365"
"chr17","79642582","79642898","chr3","173714389","173714704","34","94071807"
"chr17","80473166","80473238","chr3","22422159","22422229","8","58051007"
"chr17","80530438","80530731","chr17","79812642","79812937","3","717796"
"chr17","80648520","80648810","chr7","155966475","155966769","31","75317955"
"chr17","80709081","80709376","chr17","80006360","80006658","5","702721"
"chr17","81107499","81107787","chr17","80404221","80404505","5","703278"
"chr17","81307774","81308078","chr17","80611644","80611941","7","696130"
"chr17","81356393","81356691","chr17","80661030","80661329","2","695363"
"chr17","81661372","81661609","chr2B","241754946","241755177","39","160093574"
"chr17","81809120","81809430","chr1","182365218","182365531","38","100556098"
"chr17","82046081","82046395","chr17","81417057","81417399","29","629024"
"chr17","82717151","82717443","chr17","81999339","81999632","2","717812"
"chr17","82811831","82812142","chr17","82098681","82098992","3","713150"
"chr17","82850498","82850628","chr12","45560515","45560647","13","37289983"
"chr17","83049861","83050166","chr17","82344723","82345029","2","705138"
"chr17","83223210","83223509","chr17","82533418","82533717","9","689792"
"chr18","29359897","29360189","chr18","28297770","28298063","9","1062127"
"chr18","2819170","2819316","chrX","4351972","4352119","20","1532802"
"chr18","4621054","4621356","chr18","4591425","4591728","1","29629"
"chr18","4798330","4798642","chr18","4792102","4792413","2","6228"
"chr18","5342072","5342368","chr18","5358183","5358479","0","16111"
"chr18","5461941","5462163","chr18","5478395","5478617","2","16454"
"chr18","5647686","5647977","chr18","5667548","5667840","2","19862"
"chr18","5660633","5660930","chr18","5680509","5680808","2","19876"
"chr18","6237547","6237840","chr18","6251507","6251809","10","13960"
"chr18","6256825","6257125","chr9","90792738","90793037","40","84535913"
"chr18","6529832","6530130","chr18","6547363","6547661","5","17531"
"chr18","7323760","7324044","chr18","7350213","7350497","0","26453"
"chr18","7497655","7497976","chr18","7528052","7528368","7","30397"
"chr18","7528720","7529019","chr18","7559077","7559376","0","30357"
"chr18","7639521","7639835","chr18","7672146","7672467","8","32625"
"chr18","7802057","7802351","chr18","7834966","7835265","6","32909"
"chr18","7943925","7944214","chr18","7930485","7930778","5","13440"
"chr18","8060883","8061203","chr13","35657317","35657628","45","27596434"
"chr18","8163540","8163842","chr5","14252117","14252415","35","6088577"
"chr18","8928688","8929002","chr18","8925822","8926144","10","2866"
"chr18","9398341","9398617","chr18","9395676","9395954","3","2665"
"chr18","9458563","9458711","chr19","10286657","10286802","22","828094"
"chr18","9654371","9654669","chr18","9657057","9657356","5","2686"
"chr18","9812619","9812912","chr18","9817407","9817701","4","4788"
"chr18","9857260","9857572","chr18","9862444","9862761","8","5184"
"chr18","10039282","10039584","chr18","10045684","10045972","20","6402"
"chr18","10342112","10342406","chr18","10347930","10348224","0","5818"
"chr18","10460573","10460859","chr18","10466707","10466993","1","6134"
"chr18","11988170","11988461","chr18","12023165","12023461","5","34995"
"chr18","12301835","12302127","chr18","12339605","12339897","1","37770"
"chr18","12551183","12551481","chr18","12599603","12599899","18","48420"
"chr18","12972467","12972755","chr18","13023817","13024107","3","51350"
"chr18","12980230","12980517","chr18","13031202","13031492","5","50972"
"chr18","13080933","13081209","chr18","13144331","13144607","0","63398"
"chr18","13280516","13280674","chr18","13350628","13350786","0","70112"
"chr18","13398505","13398802","chr18","13471073","13471370","2","72568"
"chr18","13577444","13577736","chr18","13654875","13655168","5","77431"
"chr18","13943352","13943664","chr19","18699603","18699913","39","4756251"
"chr18","14021007","14021299","chr18","14111547","14111840","3","90540"
"chr18","14081831","14082123","chr18","14172320","14172613","3","90489"
"chr18","14088332","14088625","chr18","14178825","14179120","4","90493"
"chr18","14181091","14181392","chr18","14271976","14272281","5","90885"
"chr18","14261298","14261590","chr18","14353086","14353386","14","91788"
"chr18","14831709","14831865","chr18","14928794","14928954","6","97085"
"chr18","15698239","15698529","chr18","15786135","15786425","3","87896"
"chr18","15749207","15749498","chr18","15838146","15838424","16","88939"
"chr18","15781477","15781539","chr18","15870901","15870963","2","89424"
"chr18","15833583","15833858","chr18","15924394","15924669","0","90811"
"chr18","16307749","16307851","chr18","13174428","13174529","20","3133321"
"chr18","16332692","16333011","chr18","3412721","3413024","18","12919971"
"chr18","16552608","16552908","chr18","3636999","3637299","1","12915609"
"chr18","16594324","16594627","chr18","3677965","3678268","1","12916359"
"chr18","16659670","16659926","chr18","3746277","3746535","4","12913393"
"chr18","16733017","16733310","chr7","45880073","45880364","31","29147056"
"chr18","16897228","16897518","chr18","4002312","4002603","3","12894916"
"chr18","17035661","17035953","chr18","4142704","4142995","2","12892957"
"chr18","17276135","17276429","chr18","16023728","16024021","2","1252407"
"chr18","17487112","17487425","chr18","16244983","16245296","2","1242129"
"chr18","17533096","17533399","chr18","16298102","16298400","14","1234994"
"chr18","17794541","17794851","chr18","16562286","16562596","1","1232255"
"chr18","17829492","17829788","chr18","16597039","16597336","3","1232453"
"chr18","17840611","17840903","chr18","16608155","16608446","4","1232456"
"chr18","18066667","18066955","chr18","16831774","16832043","25","1234893"
"chr18","18095858","18096164","chr18","16861906","16862206","6","1233952"
"chr18","18117875","18118175","chr18","16884628","16884932","7","1233247"
"chr18","18270196","18270506","chr18","17043483","17043797","5","1226713"
"chr18","18337036","18337351","chr18","17110803","17111116","5","1226233"
"chr18","18488493","18488762","chr18","17269106","17269376","2","1219387"
"chr18","18515502","18515806","chr18","17298781","17299085","2","1216721"
"chr18","18625656","18625962","chr18","17417915","17418221","0","1207741"
"chr18","18626138","18626451","chr18","17418396","17418709","4","1207742"
"chr18","18773483","18773780","chr18","17565579","17565875","6","1207904"
"chr18","18800093","18800395","chr18","17592185","17592488","4","1207908"
"chr18","18989560","18989852","chr18","17784629","17784935","17","1204931"
"chr18","19259351","19259634","chr18","18065141","18065440","22","1194210"
"chr18","19272557","19272836","chr18","18078385","18078664","0","1194172"
"chr18","19960836","19961144","chr18","18772399","18772709","10","1188437"
"chr18","19966663","19966952","chr18","18778246","18778537","4","1188417"
"chr18","20063472","20063780","chr18","18877297","18877608","5","1186175"
"chr18","20105766","20106052","chr18","18919649","18919950","18","1186117"
"chr18","20288010","20288314","chr18","19100407","19100712","3","1187603"
"chr18","20345349","20345638","chr18","19161398","19161685","3","1183951"
"chr18","20391124","20391461","chr18","19207774","19208115","4","1183350"
"chr18","20507463","20507839","chr8","26625446","26625813","102","6117983"
"chr18","20540719","20541026","chr18","19358344","19358655","5","1182375"
"chr18","20552657","20552803","chr12","78928086","78928230","23","58375429"
"chr18","20754129","20754278","chr18","19573294","19573443","0","1180835"
"chr18","21073277","21073588","chr18","19898381","19898691","9","1174896"
"chr18","21121404","21121704","chr18","19946562","19946862","1","1174842"
"chr18","21167430","21167737","chr18","19992484","19992792","3","1174946"
"chr18","21271730","21272013","chr18","20100541","20100827","7","1171189"
"chr18","21287205","21287493","chr18","20117633","20117921","0","1169572"
"chr18","21724432","21724729","chr18","20560161","20560458","0","1164271"
"chr18","21989019","21989331","chr18","20826578","20826879","11","1162441"
"chr18","22581865","22582171","chr18","21423066","21423371","8","1158799"
"chr18","22762263","22762574","chrX","74608773","74609085","40","51846510"
"chr18","23117330","23117554","chr18","21967106","21967337","12","1150224"
"chr18","23178479","23178776","chr18","22033372","22033680","13","1145107"
"chr18","23400193","23400497","chr18","22256843","22257146","4","1143350"
"chr18","23417163","23417284","chr10","109114059","109114176","14","85696896"
"chr18","24297910","24298204","chr18","23176392","23176688","3","1121518"
"chr18","24585729","24586005","chr13","35411169","35411447","35","10825440"
"chr18","25134167","25134481","chr18","24031281","24031594","1","1102886"
"chr18","25596626","25596916","chr18","24493736","24494028","2","1102890"
"chr18","26627965","26628282","chr18","25508633","25508954","7","1119332"
"chr18","27957537","27957736","chr18","26862135","26862331","3","1095402"
"chr18","27996059","27996362","chr18","26901683","26901986","2","1094376"
"chr18","28649534","28649828","chr18","27567210","27567505","4","1082324"
"chr18","28698869","28699164","chr18","27618680","27618975","0","1080189"
"chr18","28738316","28738600","chr18","27659220","27659506","13","1079096"
"chr18","29623685","29623983","chr20","32763447","32763745","47","3139762"
"chr18","30468702","30468990","chr18","29415762","29416054","4","1052940"
"chr18","31537650","31537962","chr18","30494233","30494545","1","1043417"
"chr18","31763473","31763770","chr18","30726213","30726509","4","1037260"
"chr18","31810856","31811148","chr18","30774304","30774596","4","1036552"
"chr18","32210310","32210598","chr18","31170847","31171135","1","1039463"
"chr18","32958660","32958976","chr18","31936969","31937288","8","1021691"
"chr18","32977832","32978129","chr18","31955915","31956220","9","1021917"
"chr18","32980401","32980704","chr18","31958495","31958808","11","1021906"
"chr18","32980865","32981165","chr18","31958969","31959269","1","1021896"
"chr18","32992307","32992615","chr18","31970409","31970717","1","1021898"
"chr18","33121123","33121436","chr18","32099795","32100108","5","1021328"
"chr18","33189475","33189782","chr18","32168461","32168770","2","1021014"
"chr18","33458034","33458325","chr18","32441137","32441428","1","1016897"
"chr18","33764367","33764597","chr2B","241754946","241755177","30","207990579"
"chr18","34517940","34518242","chr1","26910045","26910339","44","7607895"
"chr18","34797727","34798020","chr18","33800095","33800389","1","997632"
"chr18","36154808","36155109","chr19","48590996","48591299","3","12436188"
"chr18","36667330","36667633","chr18","35675312","35675616","4","992018"
"chr18","36797321","36797634","chr18","35805629","35805940","7","991692"
"chr18","37221385","37221692","chr18","36232792","36233099","1","988593"
"chr18","37571013","37571241","chr7","99806219","99806446","53","62235206"
"chr18","38289514","38289793","chr18","37322158","37322437","0","967356"
"chr18","38951150","38951481","chr22","24159935","24160248","53","14791215"
"chr18","39041863","39042175","chr18","38081538","38081852","6","960325"
"chr18","39801384","39801661","chr18","38847654","38847954","27","953730"
"chr18","40262614","40262746","chr2B","141288412","141288545","18","101025798"
"chr18","40338486","40338814","chr18","39393633","39393953","10","944853"
"chr18","40534204","40534510","chr18","39606428","39606736","3","927776"
"chr18","40972713","40973006","chr18","40053934","40054227","2","918779"
"chr18","41508484","41508771","chr18","40597469","40597757","1","911015"
"chr18","41914831","41915127","chr18","41016926","41017225","3","897905"
"chr18","42139470","42139758","chr18","41243710","41244000","2","895760"
"chr18","42320425","42320754","chr18","41424274","41424578","28","896151"
"chr18","42420549","42420860","chr18","41528170","41528480","8","892379"
"chr18","42653414","42653706","chr18","41764741","41765033","1","888673"
"chr18","42667864","42668161","chr18","41779914","41780217","8","887950"
"chr18","42749311","42749625","chr18","41861769","41862087","7","887542"
"chr18","42781150","42781420","chr18","41894087","41894358","1","887063"
"chr18","42914233","42914435","chr1","216488397","216488599","29","173574164"
"chr18","42920236","42920546","chr18","42039913","42040222","3","880323"
"chr18","42928548","42928851","chr18","42050977","42051280","5","877571"
"chr18","42951365","42951650","chr18","42074338","42074627","5","877027"
"chr18","42970913","42971117","chr18","42101847","42102051","2","869066"
"chr18","43674626","43674915","chr18","42821692","42821981","1","852934"
"chr18","43721553","43721850","chr18","42869493","42869799","9","852060"
"chr18","43792686","43792983","chr18","42954270","42954574","9","838416"
"chr18","44255580","44255868","chr18","43421889","43422177","1","833691"
"chr18","44521453","44521757","chr18","43689891","43690196","2","831562"
"chr18","45713043","45713365","chr18","44899342","44899656","9","813701"
"chr18","45869662","45869965","chr18","45059167","45059472","4","810495"
"chr18","46134276","46134588","chr18","45326088","45326400","6","808188"
"chr18","46237616","46237926","chr18","45431780","45432088","3","805836"
"chr18","46271153","46271447","chr18","45466364","45466658","1","804789"
"chr18","46306909","46307212","chr18","45502145","45502459","12","804764"
"chr18","46324079","46324376","chr18","45519710","45520016","12","804369"
"chr18","46342153","46342487","chr18","45538034","45538341","31","804119"
"chr18","46976951","46977228","chr18","46188874","46189149","12","788077"
"chr18","47512668","47512980","chr18","46731085","46731394","7","781583"
"chr18","47524064","47524369","chr18","46742484","46742792","6","781580"
"chr18","47602843","47603122","chr18","46821681","46821960","2","781162"
"chr18","47895105","47895428","chr18","47112970","47113270","25","782135"
"chr18","48025123","48025433","chr18","47243824","47244134","1","781299"
"chr18","48814756","48815067","chr18","48033490","48033802","6","781266"
"chr18","49134802","49135086","chr18","48355479","48355763","1","779323"
"chr18","49234531","49234813","chr18","48453963","48454284","40","780568"
"chr18","49394969","49395266","chr18","48618600","48618898","2","776369"
"chr18","50086193","50086474","chr18","49325989","49326270","1","760204"
"chr18","50481090","50481401","chr18","49745722","49746034","5","735368"
"chr18","50938731","50939064","chr6","127274909","127275216","62","76336178"
"chr18","51099069","51099405","chr18","50374361","50374697","3","724708"
"chr18","51475968","51476036","chr18","50799091","50799159","0","676877"
"chr18","51931779","51932079","chr18","51261633","51261938","7","670146"
"chr18","53176056","53176359","chr18","52521001","52521304","1","655055"
"chr18","53330973","53331280","chr18","52676832","52677131","11","654141"
"chr18","53340959","53341260","chr18","52687342","52687653","10","653617"
"chr18","54342503","54342816","chr2B","156201573","156201885","44","101859070"
"chr18","54363637","54363706","chr18","50799091","50799159","14","3564546"
"chr18","55534280","55534314","chr22","16099281","16099316","9","39434999"
"chr18","55630128","55630195","chr18","55007513","55007585","7","622615"
"chr18","55708902","55709214","chr18","55088029","55088341","0","620873"
"chr18","55961305","55961620","chr18","55347907","55348223","2","613398"
"chr18","56282415","56282733","chr18","55673133","55673448","4","609282"
"chr18","56385527","56385813","chr18","55776475","55776761","0","609052"
"chr18","56586873","56587186","chr18","55980317","55980630","3","606556"
"chr18","57917903","57918183","chr18","57325826","57326106","2","592077"
"chr18","58327675","58327974","chr18","57739119","57739422","5","588556"
"chr18","59128283","59128592","chr18","58543619","58543929","4","584664"
"chr18","59295425","59295735","chr18","58710897","58711196","12","584528"
"chr18","59393860","59394143","chr18","58812945","58813228","0","580915"
"chr18","59522416","59522548","chr4","146247488","146247621","23","86725072"
"chr18","59540808","59541122","chr18","58962618","58962932","3","578190"
"chr18","59975240","59975562","chr18","59409805","59410116","13","565435"
"chr18","60007148","60007438","chr18","59442713","59443005","6","564435"
"chr18","60010481","60010788","chr18","59446033","59446336","6","564448"
"chr18","60073832","60074089","chr18","59510657","59510914","2","563175"
"chr18","60165229","60165540","chr18","59603144","59603454","1","562085"
"chr18","60260766","60260910","chr18","59698901","59699045","0","561865"
"chr18","60867699","60867990","chr18","60308046","60308337","2","559653"
"chr18","60958609","60958902","chr18","60400779","60401072","2","557830"
"chr18","62151903","62152199","chr18","61602366","61602669","11","549537"
"chr18","63891409","63891707","chr18","63406147","63406445","1","485262"
"chr18","64167569","64167879","chr10","121184273","121184577","33","57016704"
"chr18","64658993","64659292","chr18","64185273","64185574","4","473720"
"chr18","64830838","64831085","chr18","64357633","64357881","3","473205"
"chr18","64994350","64994647","chr18","64521539","64521836","1","472811"
"chr18","65252549","65252863","chr18","64781890","64782204","8","470659"
"chr18","65500621","65500917","chr18","65034580","65034876","1","466041"
"chr18","66033121","66033460","chr18","65592175","65592488","28","440946"
"chr18","66085671","66085961","chr18","65645855","65646145","1","439816"
"chr18","66280170","66280453","chr5","91054161","91054446","40","24773991"
"chr18","66728232","66728543","chr18","66295094","66295405","2","433138"
"chr18","66811623","66811968","chr18","66380500","66380845","0","431123"
"chr18","66985070","66985355","chr18","66555506","66555795","5","429564"
"chr18","67771692","67771999","chr18","67361442","67361749","1","410250"
"chr18","67819155","67819450","chr18","67409978","67410274","2","409177"
"chr18","68660049","68660232","chr18","68264209","68264393","1","395840"
"chr18","71453786","71454095","chr18","71089886","71090198","4","363900"
"chr18","71529925","71530221","chr18","71167664","71167963","4","362261"
"chr18","73448040","73448368","chr18","73124449","73124761","20","323591"
"chr18","73550944","73551242","chr18","73232107","73232410","6","318837"
"chr18","73726965","73727270","chr18","73411694","73411998","2","315271"
"chr18","74051917","74052107","chr2A","24709882","24710071","30","49342035"
"chr18","75756605","75756908","chr18","75465709","75466013","2","290896"
"chr18","77026443","77026735","chr18","76391205","76391497","3","635238"
"chr18","77078693","77078975","chr18","76443470","76443753","1","635223"
"chr18","77181275","77181578","chr18","76547869","76548170","6","633406"
"chr19","4849450","4849746","chr19","4904022","4904318","6","54572"
"chr19","422588","422886","chr12","4252086","4252382","38","3829498"
"chr19","526922","527222","chr12","133102172","133102474","34","132575250"
"chr19","530891","531188","chr19","471874","472177","7","59017"
"chr19","636647","636946","chr19","583726","584038","21","52921"
"chr19","1007256","1007547","chr19","968374","968679","31","38882"
"chr19","1038474","1038568","chr20","42731486","42731577","16","41693012"
"chr19","1171329","1171626","chr19","1134578","1134881","11","36751"
"chr19","1190824","1190988","chr12","122069598","122069758","29","120878774"
"chr19","1404784","1405017","chr19","1382383","1382616","0","22401"
"chr19","1410749","1411048","chr19","1388383","1388682","1","22366"
"chr19","1530654","1530942","chr19","1505210","1505498","1","25444"
"chr19","1708361","1708638","chr13","60145126","60145404","32","58436765"
"chr19","1783785","1784085","chr9","70949495","70949790","33","69165710"
"chr19","1818730","1819027","chr19","1789996","1790305","14","28734"
"chr19","1988100","1988401","chr19","1970953","1971244","13","17147"
"chr19","2012107","2012416","chr17","3618504","3618806","40","1606397"
"chr19","2085679","2085813","chr5","155751924","155752056","20","153666245"
"chr19","2086147","2086314","chrX","30278158","30278325","27","28192011"
"chr19","2101104","2101412","chr19","2092094","2092402","1","9010"
"chr19","2136592","2136875","chr5","84070143","84070430","50","81933551"
"chr19","2144532","2144835","chr19","2138983","2139294","10","5549"
"chr19","2158837","2158912","chr19","2153358","2153432","3","5479"
"chr19","2203465","2203780","chr19","2201305","2201618","3","2160"
"chr19","2220828","2220898","chr15","87222398","87222461","24","85001570"
"chr19","2392419","2392721","chr21","18864328","18864622","50","16471909"
"chr19","2392768","2393069","chr3","137040739","137041043","35","134647971"
"chr19","2720506","2720818","chr19","2727043","2727349","7","6537"
"chr19","2726861","2727145","chr19","2733496","2733781","5","6635"
"chr19","2727803","2728112","chr19","2734453","2734744","18","6650"
"chr19","2768302","2768592","chr19","2778480","2778770","1","10178"
"chr19","2843218","2843242","chr10","118512818","118512847","15","115669600"
"chr19","2843294","2843574","chr6","73963271","73963552","37","71119977"
"chr19","2903516","2903799","chrX","109052172","109052452","29","106148656"
"chr19","2922159","2922453","chr3","199242768","199243062","34","196320609"
"chr19","3029228","3029525","chr19","3052876","3053173","2","23648"
"chr19","3116525","3116814","chr19","3141429","3141723","11","24904"
"chr19","3683429","3683702","chr19","3712165","3712442","5","28736"
"chr19","3772171","3772476","chrX","120026195","120026492","33","116254024"
"chr19","3870883","3871197","chr19","3907363","3907677","1","36480"
"chr19","3933602","3933894","chr19","3976111","3976402","2","42509"
"chr19","3938552","3938847","chr19","3981876","3982171","33","43324"
"chr19","3969026","3969339","chr19","4010923","4011236","3","41897"
"chr19","3971458","3971771","chr12","131928829","131929140","36","127957371"
"chr19","4184577","4184853","chrX","109052172","109052452","36","104867595"
"chr19","4213567","4213645","chr19","4264174","4264252","0","50607"
"chr19","4218122","4218426","chr19","4270672","4270975","1","52550"
"chr19","4218895","4219197","chr19","4271444","4271740","8","52549"
"chr19","4310681","4310979","chr19","4364647","4364945","3","53966"
"chr19","4536545","4536848","chr19","4591457","4591762","8","54912"
"chr19","4599568","4599672","chr1","192007025","192007117","37","187407457"
"chr19","4599985","4600174","chr1","171774482","171774667","34","167174497"
"chr19","4618969","4619280","chr19","4658848","4659147","12","39879"
"chr19","4639977","4640251","chr19","4679054","4679328","1","39077"
"chr19","4665249","4665560","chr19","4704682","4704992","3","39433"
"chr19","4697286","4697567","chr19","4736127","4736408","3","38841"
"chr19","4717444","4717649","chr5","77873771","77874002","57","73156327"
"chr19","4748814","4749111","chr19","4791099","4791398","3","42285"
"chr19","4868369","4868679","chr19","4924193","4924498","7","55824"
"chr19","4875201","4875496","chr19","4931938","4932237","5","56737"
"chr19","4887933","4888238","chr19","4944584","4944892","23","56651"
"chr19","5338835","5339121","chr1","215814761","215815045","34","210475926"
"chr19","5572100","5572407","chr19","5647281","5647589","3","75181"
"chr19","5593405","5593647","chr19","5668675","5668917","3","75270"
"chr19","5595125","5595444","chr19","5670405","5670726","5","75280"
"chr19","5698453","5698754","chr19","5777267","5777570","15","78814"
"chr19","5787419","5787651","chr19","5869533","5869765","0","82114"
"chr19","5832201","5832499","chr7","129839325","129839624","46","124007124"
"chr19","5836757","5837050","chr5","14252117","14252415","45","8415360"
"chr19","5888732","5889028","chr19","5965428","5965724","0","76696"
"chr19","5949231","5949540","chr19","6028956","6029266","1","79725"
"chr19","6033010","6033318","chr19","6118000","6118310","3","84990"
"chr19","6133718","6133937","chr19","6221188","6221417","13","87470"
"chr19","6152357","6152626","chr4","90582401","90582664","40","84430044"
"chr19","6202133","6202408","chr6","42061679","42061964","38","35859546"
"chr19","6272198","6272466","chr10","109283373","109283640","52","103011175"
"chr19","6302663","6302954","chr19","6396109","6396412","13","93446"
"chr19","6322391","6322689","chr19","6415682","6415980","2","93291"
"chr19","6329714","6329965","chr20","48045480","48045733","41","41715766"
"chr19","6329996","6330009","chr2A","86562381","86562407","17","80232385"
"chr19","6385114","6385235","chr6","21178033","21178152","18","14792919"
"chr19","6396974","6397277","chr5","132995279","132995583","44","126598305"
"chr19","6519449","6519812","chr8","22410453","22410767","88","15891004"
"chr19","6651483","6651783","chr19","6738196","6738496","1","86713"
"chr19","6678190","6678504","chr7","109474502","109474819","41","102796312"
"chr19","6721887","6722157","chr19","6806559","6806830","2","84672"
"chr19","6770339","6770647","chr19","6854814","6855126","7","84475"
"chr19","6873984","6874299","chr19","6963220","6963535","0","89236"
"chr19","6902406","6902713","chr19","6991948","6992263","20","89542"
"chr19","6957885","6958195","chr19","7049837","7050142","7","91952"
"chr19","6959160","6959498","chr19","7051109","7051417","31","91949"
"chr19","7229140","7229449","chr19","7131752","7132051","14","97388"
"chr19","7247104","7247401","chr3","9106751","9107045","33","1859647"
"chr19","7347099","7347391","chr19","7252824","7253115","2","94275"
"chr19","7453621","7453925","chr19","7364745","7365049","2","88876"
"chr19","7575171","7575475","chr1","33770152","33770457","38","26194981"
"chr19","7862548","7862852","chr19","7815120","7815424","3","47428"
"chr19","7991086","7991393","chr19","7968860","7969172","5","22226"
"chr19","8000571","8000850","chr19","7979206","7979488","3","21365"
"chr19","8038584","8038799","chr17","78924191","78924406","28","70885607"
"chr19","8165563","8165866","chr19","8141765","8142075","9","23798"
"chr19","8175528","8175834","chr19","8151296","8151602","2","24232"
"chr19","8237755","8238047","chr19","8212282","8212574","2","25473"
"chr19","8341570","8341883","chr19","8324504","8324813","8","17066"
"chr19","8392412","8392683","chr19","8379341","8379647","36","13071"
"chr19","8475524","8475829","chr19","8471773","8472081","4","3751"
"chr19","8538325","8538665","chr19","8540661","8540980","25","2336"
"chr19","8767188","8767488","chr19","8780002","8780301","9","12814"
"chr19","9323131","9323427","chr19","9276367","9276663","2","46764"
"chr19","9548202","9548549","chr19","9505636","9505964","29","42566"
"chr19","9567189","9567487","chr19","9528180","9528479","2","39009"
"chr19","9629773","9630075","chr19","9592703","9593014","10","37070"
"chr19","9693106","9693395","chr19","9658399","9658689","2","34707"
"chr19","9805836","9806136","chr19","9776116","9776424","10","29720"
"chr19","10055475","10055772","chr19","10027307","10027606","2","28168"
"chr19","10063050","10063159","chr19","10034898","10035005","2","28152"
"chr19","10228455","10228619","chr19","10209281","10209446","2","19174"
"chr19","10374638","10374934","chr19","10351014","10351309","1","23624"
"chr19","10382901","10383201","chr19","10358665","10358968","3","24236"
"chr19","10415219","10415519","chr19","10390660","10390960","2","24559"
"chr19","10674503","10674793","chr6","21853738","21854026","50","11179235"
"chr19","10689608","10689768","chr8","54232467","54232622","20","43542859"
"chr19","10745913","10746095","chr18","19370272","19370450","32","8624359"
"chr19","10746395","10746530","chr7","101855440","101855572","23","91109045"
"chr19","10750021","10750318","chr19","10733160","10733453","12","16861"
"chr19","10830100","10830412","chr1","184071818","184072130","37","173241718"
"chr19","10931399","10931709","chr19","10920636","10920943","4","10763"
"chr19","10944710","10945004","chr19","10933888","10934182","0","10822"
"chr19","10972334","10972644","chr19","10964823","10965133","6","7511"
"chr19","10995163","10995440","chr19","10987519","10987796","1","7644"
"chr19","11164117","11164426","chr19","11103058","11103365","4","61059"
"chr19","11298722","11299024","chr19","11243595","11243895","8","55127"
"chr19","11301892","11302201","chr19","11246763","11247072","1","55129"
"chr19","11386211","11386493","chr7","98974309","98974589","38","87588098"
"chr19","11516325","11516624","chr19","11483668","11483968","3","32657"
"chr19","11531450","11531719","chr16","64062409","64062684","37","52530959"
"chr19","11569069","11569367","chr19","11537610","11537900","29","31459"
"chr19","11637343","11637620","chr19","11605819","11606110","20","31524"
"chr19","11695508","11695817","chr4","97606174","97606482","33","85910666"
"chr19","11818932","11819196","chr19","11791287","11791567","21","27645"
"chr19","11900565","11900881","chr19","11876866","11877182","1","23699"
"chr19","11904854","11905151","chr19","11881409","11881706","2","23445"
"chr19","12327402","12327704","chr7","134665793","134666089","40","122338391"
"chr19","12328970","12329166","chr1","216488397","216488599","29","204159427"
"chr19","12380388","12380693","chr19","12309111","12309414","4","71277"
"chr19","12412862","12413176","chr19","12341314","12341628","1","71548"
"chr19","12495271","12495580","chr19","12422846","12423153","4","72425"
"chr19","12504455","12504748","chr19","12431933","12432226","4","72522"
"chr19","12632348","12632652","chr19","12569665","12569969","2","62683"
"chr19","12755820","12756166","chr15","43329827","43330132","89","30574007"
"chr19","12799591","12799896","chr19","12748129","12748438","8","51462"
"chr19","12821638","12821870","chr1","24067245","24067486","40","11245607"
"chr19","12927662","12927904","chr2A","42680315","42680559","41","29752653"
"chr19","12958244","12958493","chr14","73617006","73617248","36","60658762"
"chr19","12998908","12999237","chrX","38637605","38637902","85","25638697"
"chr19","13385953","13386238","chr19","13376649","13376934","0","9304"
"chr19","13531750","13532050","chr19","13497866","13498166","2","33884"
"chr19","13727453","13727730","chr19","13701275","13701553","1","26178"
"chr19","13737030","13737339","chr19","13710823","13711135","6","26207"
"chr19","13915341","13915650","chr19","13890379","13890688","4","24962"
"chr19","13947213","13947506","chr19","13923305","13923598","3","23908"
"chr19","13992374","13992670","chr19","13967174","13967471","4","25200"
"chr19","13993677","13993894","chr13","81767746","81767964","19","67774069"
"chr19","14043978","14044129","chr19","14020396","14020547","2","23582"
"chr19","14048941","14049241","chr19","14025403","14025704","6","23538"
"chr19","14071911","14072186","chr19","14049391","14049696","33","22520"
"chr19","14194414","14194549","chr3","191023369","191023506","17","176828955"
"chr19","14333955","14334261","chr19","14330028","14330335","3","3927"
"chr19","14334863","14335158","chr7","134665793","134666089","29","120330930"
"chr19","14364131","14364441","chr19","14361344","14361656","5","2787"
"chr19","14721057","14721353","chr19","14610992","14611288","3","110065"
"chr19","14725629","14725920","chr19","14613436","14613727","3","112193"
"chr19","14831181","14831363","chr19","14718244","14718431","6","112937"
"chr19","14929529","14929828","chr19","14820252","14820551","2","109277"
"chr19","14949657","14949954","chr19","14841571","14841871","5","108086"
"chr19","14980337","14980503","chr1","14366325","14366477","60","614012"
"chr19","14980770","14980906","chr7","101855440","101855572","20","86874670"
"chr19","15008406","15008715","chr19","14898308","14898613","5","110098"
"chr19","15259663","15259952","chr5","181365454","181365750","10","166105791"
"chr19","15291741","15292026","chr14","57706560","57706846","36","42414819"
"chr19","15376099","15376418","chr19","15160384","15160702","5","215715"
"chr19","15521272","15521511","chr19","15305661","15305905","8","215611"
"chr19","15523728","15524021","chr19","15308114","15308413","22","215614"
"chr19","15587691","15588001","chr19","15372240","15372549","6","215451"
"chr19","15600820","15601116","chr19","15384079","15384371","4","216741"
"chr19","15618087","15618359","chr19","15400873","15401147","4","217214"
"chr19","15749174","15749471","chr19","15533632","15533929","0","215542"
"chr19","15792211","15792505","chr19","15575606","15575905","7","216605"
"chr19","15831484","15831768","chr19","15615393","15615683","8","216091"
"chr19","15879110","15879414","chr19","15663555","15663859","1","215555"
"chr19","16004649","16004965","chr19","15787709","15788025","0","216940"
"chr19","16038128","16038426","chr19","15822592","15822890","6","215536"
"chr19","16058509","16058800","chr19","15843195","15843487","3","215314"
"chr19","16061039","16061361","chr19","15845720","15846042","2","215319"
"chr19","16324371","16324676","chr19","16115410","16115714","2","208961"
"chr19","16531056","16531190","chr1","24641507","24641632","27","8110451"
"chr19","16531484","16531643","chr17","18135841","18136000","26","1604357"
"chr19","16588818","16589122","chr19","16385091","16385398","8","203727"
"chr19","16631041","16631339","chr19","16430967","16431263","6","200074"
"chr19","16633565","16633874","chr19","16433492","16433801","5","200073"
"chr19","16687052","16687363","chr19","16488692","16489002","8","198360"
"chr19","16724742","16725040","chr2B","180763245","180763543","32","164038503"
"chr19","16761890","16762200","chr19","16557052","16557361","4","204838"
"chr19","16771359","16771640","chr19","16568354","16568653","24","203005"
"chr19","16772219","16772413","chr10","70440300","70440486","29","53668081"
"chr19","16817543","16817838","chr19","16619328","16619623","2","198215"
"chr19","16904528","16904837","chr19","16708544","16708853","0","195984"
"chr19","16943006","16943307","chr19","16747362","16747665","12","195644"
"chr19","16953722","16954007","chr19","16757149","16757466","32","196573"
"chr19","17161235","17161526","chr19","16972814","16973108","3","188421"
"chr19","17165827","17165888","chr3","139926597","139926664","25","122760770"
"chr19","17171813","17172123","chr19","16983716","16984005","33","188097"
"chr19","17179334","17179635","chr19","16991467","16991769","4","187867"
"chr19","17250641","17250946","chr1","184071818","184072130","32","166821177"
"chr19","17278386","17278698","chr2A","62919317","62919630","34","45640931"
"chr19","17679135","17679427","chr19","17491110","17491403","3","188025"
"chr19","17711132","17711460","chr19","17527394","17527711","29","183738"
"chr19","17822378","17822691","chr19","17648348","17648686","46","174030"
"chr19","17826494","17826804","chr19","17652999","17653313","4","173495"
"chr19","17871001","17871291","chr19","17697822","17698112","1","173179"
"chr19","17877795","17877908","chr19","17704991","17705104","1","172804"
"chr19","17887379","17887689","chr19","17715178","17715481","8","172201"
"chr19","17997363","17997646","chr8","118372823","118373106","34","100375460"
"chr19","18052534","18052831","chr19","17881085","17881382","0","171449"
"chr19","18101258","18101550","chr4","53553686","53553976","38","35452428"
"chr19","18107718","18108005","chr19","55098356","55098643","32","36990638"
"chr19","18115637","18115939","chr19","17944714","17945015","4","170923"
"chr19","18159434","18159735","chr1","35806277","35806574","46","17646843"
"chr19","18222794","18223086","chr19","18051496","18051791","4","171298"
"chr19","18238749","18239051","chr19","18067203","18067510","6","171546"
"chr19","18339137","18339428","chr19","18170837","18171128","2","168300"
"chr19","18340909","18341097","chr7","144964144","144964314","56","126623235"
"chr19","18341386","18341406","chr12","78171574","78171601","15","59830188"
"chr19","18452733","18453036","chr19","18284179","18284482","1","168554"
"chr19","18477706","18478000","chr19","18308816","18309112","17","168890"
"chr19","18567260","18567559","chr19","18400323","18400622","2","166937"
"chr19","18633629","18633700","chr19","18469045","18469116","0","164584"
"chr19","18804930","18805222","chr19","18652400","18652692","2","152530"
"chr19","18850404","18850712","chr19","18699603","18699913","2","150801"
"chr19","19016922","19017221","chr15","77500059","77500362","31","58483137"
"chr19","19090874","19091136","chr15","33189966","33190237","43","14099092"
"chr19","19202667","19202961","chr1","190438202","190438496","34","171235535"
"chr19","19291360","19291620","chr19","19153915","19154190","16","137445"
"chr19","19397176","19397481","chr19","19279322","19279627","0","117854"
"chr19","19428506","19428800","chr19","19302717","19303011","1","125789"
"chr19","19510991","19511284","chr6","36568966","36569268","40","17057975"
"chr19","19531496","19531809","chr19","19404381","19404694","1","127115"
"chr19","19661392","19661482","chr19","19537650","19537740","1","123742"
"chr19","19814935","19815241","chr1","206626272","206626576","35","186811337"
"chr19","19834648","19834931","chr19","19719886","19720169","1","114762"
"chr19","19908999","19909303","chr19","19798999","19799305","4","110000"
"chr19","19949084","19949386","chr19","19839519","19839821","0","109565"
"chr19","20114844","20115108","chr19","20008533","20008797","10","106311"
"chr19","20273460","20273754","chr19","20168488","20168782","1","104972"
"chr19","20346508","20346735","chrX","77036720","77036939","9","56690212"
"chr19","20359517","20359827","chr19","20253121","20253413","20","106396"
"chr19","20411633","20411937","chr19","20309931","20310236","6","101702"
"chr19","20465447","20465681","chr19","20368030","20368283","19","97417"
"chr19","20921485","20921770","chr19","20829806","20830092","2","91679"
"chr19","21211718","21212016","chr19","20992807","20993112","10","218911"
"chr19","21385072","21385380","chr19","21183306","21183630","17","201766"
"chr19","21446861","21447038","chr13","18719427","18719603","30","2727434"
"chr19","21619358","21619664","chr19","21423295","21423603","2","196063"
"chr19","21683304","21683632","chr19","21490356","21490684","4","192948"
"chr19","21759590","21759900","chr9","126548933","126549246","37","104789343"
"chr19","21799153","21799411","chr19","21608379","21608637","5","190774"
"chr19","21808821","21809108","chr19","21619103","21619393","3","189718"
"chr19","22445114","22445406","chr19","22486921","22487215","3","41807"
"chr19","22519300","22519594","chr19","22560203","22560496","4","40903"
"chr19","22560773","22561081","chr19","22602091","22602401","4","41318"
"chr19","22666460","22666770","chr19","22708346","22708659","11","41886"
"chr19","22803450","22803754","chr19","22850308","22850611","1","46858"
"chr19","23387960","23388204","chr19","23415516","23415764","10","27556"
"chr19","23485577","23485888","chr19","23516517","23516827","5","30940"
"chr19","23530963","23531285","chr17","82138201","82138508","46","58607238"
"chr19","23649547","23649846","chr19","23685727","23686026","1","36180"
"chr19","23664373","23664668","chr19","23700595","23700890","0","36222"
"chr19","23735457","23735752","chr19","23769255","23769551","2","33798"
"chr19","24003012","24003305","chr6","124798839","124799134","36","100795827"
"chr19","24194152","24194442","chr19","22166548","22166838","4","2027604"
"chr19","24195939","24196228","chr19","22168337","22168638","15","2027602"
"chr19","32767281","32767596","chr5","177267574","177267879","40","144500293"
"chr19","32769984","32770271","chrX","36203671","36203965","44","3433687"
"chr19","33526657","33526968","chr19","32915140","32915446","9","611517"
"chr19","34157341","34157626","chr19","33550602","33550892","9","606739"
"chr19","35340452","35340743","chr19","34727687","34727978","1","612765"
"chr19","35630293","35630594","chr19","35034370","35034673","3","595923"
"chr19","35633271","35633565","chr19","35037353","35037661","17","595918"
"chr19","35832875","35833167","chr19","35242540","35242834","2","590335"
"chr19","35841182","35841462","chr19","35251310","35251615","30","589872"
"chr19","36763735","36764040","chr19","36203811","36204117","4","559924"
"chr19","36968181","36968480","chr19","36413280","36413585","6","554901"
"chr19","37165875","37166020","chr19","36611493","36611639","1","554382"
"chr19","37429899","37430192","chr19","36877256","36877551","4","552643"
"chr19","38214383","38214687","chr19","37686500","37686808","7","527883"
"chr19","38320548","38320812","chr19","37798723","37798988","1","521825"
"chr19","38346427","38346738","chr19","37825448","37825760","3","520979"
"chr19","38387779","38388087","chr19","37869303","37869611","6","518476"
"chr19","38409115","38409417","chr19","37891180","37891483","4","517935"
"chr19","38410724","38411022","chr15","64539425","64539727","31","26128701"
"chr19","38674489","38674771","chrX","141306249","141306528","34","102631760"
"chr19","38697675","38697976","chr19","38185247","38185552","7","512428"
"chr19","38719510","38719693","chr10","127095577","127095756","29","88376067"
"chr19","39021050","39021357","chr19","38514926","38515229","5","506124"
"chr19","39793807","39794087","chr19","39305432","39305712","0","488375"
"chr19","40049720","40050041","chr19","39569520","39569837","7","480200"
"chr19","40114235","40114528","chr19","39620815","39621108","0","493420"
"chr19","40176821","40177109","chr19","39685173","39685461","0","491648"
"chr19","40527057","40527355","chr19","40038500","40038798","5","488557"
"chr19","40534561","40534873","chr19","40046341","40046653","0","488220"
"chr19","40621346","40621654","chr19","40136584","40136892","0","484762"
"chr19","40713741","40714005","chr19","40228777","40229042","1","484964"
"chr19","41007873","41008162","chr19","40528432","40528722","2","479441"
"chr19","41109814","41110102","chr14","81048679","81048969","35","39938865"
"chr19","41138197","41138493","chr7","45880073","45880364","30","4741876"
"chr19","41166634","41166936","chr19","40688384","40688686","3","478250"
"chr19","41340813","41341114","chr19","40869247","40869550","3","471566"
"chr19","41424443","41424745","chr19","40959043","40959345","0","465400"
"chr19","41485358","41485659","chr19","41023832","41024141","13","461526"
"chr19","41506396","41506683","chr19","41044110","41044418","26","462286"
"chr19","41546648","41546942","chr19","41084927","41085221","2","461721"
"chr19","41593457","41593745","chr6","83925729","83926023","34","42332272"
"chr19","41593781","41593804","chr15","41969262","41969292","15","375481"
"chr19","41714893","41715192","chr1","131901211","131901510","37","90186318"
"chr19","41834830","41835055","chrX","9872932","9873156","36","31961898"
"chr19","41864267","41864548","chr19","41407156","41407441","4","457111"
"chr19","41865328","41865618","chr19","41408228","41408520","4","457100"
"chr19","41879831","41880115","chr19","41423537","41423815","6","456294"
"chr19","41911009","41911295","chr19","41455136","41455432","13","455873"
"chr19","42009515","42009809","chr19","42980405","42980706","8","970890"
"chr19","42173853","42174159","chr19","42815099","42815405","0","641246"
"chr19","42314365","42314505","chr19","42669858","42669998","2","355493"
"chr19","42321805","42322108","chr19","42662406","42662734","28","340601"
"chr19","42399119","42399417","chr19","42587371","42587669","3","188252"
"chr19","42500001","42500135","chr2B","141288412","141288545","11","98788411"
"chr19","42591535","42591829","chr19","41533679","41533981","10","1057856"
"chr19","42710289","42710601","chr19","41654443","41654764","10","1055846"
"chr19","42774606","42774857","chr19","41721224","41721492","17","1053382"
"chr19","42835779","42836062","chr19","41783022","41783308","4","1052757"
"chr19","42895930","42896217","chr19","41844636","41844940","23","1051294"
"chr19","42902472","42902737","chr19","41851128","41851394","1","1051344"
"chr19","42997323","42997605","chr19","41948162","41948444","2","1049161"
"chr19","43102291","43102579","chr19","42055984","42056272","1","1046307"
"chr19","43270739","43271046","chr19","42224591","42224899","2","1046148"
"chr19","43321766","43322069","chr19","42276988","42277291","1","1044778"
"chr19","43344399","43344694","chr19","42298763","42299058","1","1045636"
"chr19","43402758","43402834","chr2A","64207480","64207554","8","20804722"
"chr19","43456016","43456317","chr19","42413963","42414264","5","1042053"
"chr19","43733332","43733628","chr19","43264267","43264560","5","469065"
"chr19","43770683","43770978","chr19","43303619","43303916","2","467064"
"chr19","43810256","43810557","chr19","43346020","43346322","1","464236"
"chr19","43898574","43898875","chr19","43437834","43438137","3","460740"
"chr19","43930714","43930824","chr19","43470384","43470499","8","460330"
"chr19","43945244","43945541","chr19","43485991","43486288","1","459253"
"chr19","44031468","44031762","chr19","43572698","43572992","0","458770"
"chr19","44034733","44034863","chr7","153224961","153225090","20","109190228"
"chr19","44097904","44098209","chr19","43640268","43640575","4","457636"
"chr19","44209664","44209976","chr19","43752404","43752717","2","457260"
"chr19","44473146","44473190","chr19","44014920","44014964","0","458226"
"chr19","44502541","44502831","chr19","44065888","44066178","1","436653"
"chr19","44611764","44611806","chr2A","70953532","70953573","7","26341768"
"chr19","44763920","44764199","chr19","44338420","44338727","29","425500"
"chr19","44830118","44830408","chr19","44409033","44409325","4","421085"
"chr19","44877283","44877556","chr3","163745276","163745558","57","118867993"
"chr19","44896921","44897220","chr19","44475417","44475718","3","421504"
"chr19","45082922","45083220","chr19","44661919","44662217","1","421003"
"chr19","45315936","45316232","chr19","44893900","44894196","5","422036"
"chr19","45942936","45943237","chr19","45576711","45577019","8","366225"
"chr19","46172773","46173074","chr19","45825647","45825950","3","347126"
"chr19","46193659","46193961","chr19","45847507","45847811","2","346152"
"chr19","46248559","46248861","chr19","45903175","45903481","6","345384"
"chr19","46298758","46299064","chr19","45955474","45955777","6","343284"
"chr19","46361988","46362276","chr19","46020662","46020929","21","341326"
"chr19","46762736","46763046","chr19","46427709","46428020","4","335027"
"chr19","46987608","46987697","chr19","46650967","46651056","2","336641"
"chr19","47170800","47171062","chr19","46842600","46842867","6","328200"
"chr19","47208857","47209157","chr19","46883272","46883574","4","325585"
"chr19","47407395","47407707","chr19","47090086","47090398","0","317309"
"chr19","47509235","47509446","chr19","15469808","15470015","45","32039427"
"chr19","47701648","47701955","chr19","47296480","47296790","3","405168"
"chr19","47862292","47862467","chr19","47456857","47457028","4","405435"
"chr19","48195747","48196045","chr19","47787032","47787341","12","408715"
"chr19","48465001","48465311","chr19","47787032","47787341","27","677969"
"chr19","48689597","48689881","chr19","48407438","48407730","14","282159"
"chr19","48971759","48971910","chr5","140288144","140288294","18","91316385"
"chr19","48993232","48993526","chr19","48605572","48605868","4","387660"
"chr19","49048795","49049020","chr19","48664047","48664272","0","384748"
"chr19","49277759","49278068","chr19","48896552","48896863","3","381207"
"chr19","49372491","49372630","chr19","48992779","48992916","2","379712"
"chr19","49588000","49588131","chr19","49211865","49211989","9","376135"
"chr19","49766431","49766754","chr19","49398482","49398817","13","367949"
"chr19","50009083","50009326","chr19","49645566","49645809","0","363517"
"chr19","50147816","50148110","chr19","49772290","49772585","5","375526"
"chr19","50352598","50352896","chr22","44217193","44217494","35","6135405"
"chr19","50420467","50420766","chr19","50057070","50057371","9","363397"
"chr19","50605803","50606117","chr9","111355414","111355729","31","60749611"
"chr19","50668967","50669262","chr19","50314510","50314807","3","354457"
"chr19","50777315","50777616","chr19","50428296","50428602","6","349019"
"chr19","50805112","50805401","chr19","50458351","50458641","3","346761"
"chr19","50921074","50921371","chr18","32441137","32441428","42","18479937"
"chr19","51104572","51104863","chr16","12064494","12064789","30","39040078"
"chr19","51122221","51122371","chr18","19573294","19573443","33","31548927"
"chr19","51224571","51224876","chr10","121184273","121184577","44","69959702"
"chr19","51282505","51282810","chr19","50682497","50682804","3","600008"
"chr19","51298547","51298864","chr19","50699238","50699551","12","599309"
"chr19","51379518","51379674","chr17","63746619","63746773","27","12367101"
"chr19","51507413","51507707","chr19","50918757","50919052","2","588656"
"chr19","52054224","52054538","chr5","83594320","83594632","51","31540096"
"chr19","52221078","52221363","chr19","51634910","51635197","2","586168"
"chr19","52257027","52257320","chr14","104815575","104815872","28","52558548"
"chr19","52541144","52541415","chr19","51966600","51966881","10","574544"
"chr19","52545470","52545780","chr19","51971138","51971421","27","574332"
"chr19","52650833","52651124","chr19","52082017","52082309","2","568816"
"chr19","52934739","52935031","chr19","52234013","52234305","0","700726"
"chr19","52962367","52962452","chr16","3740422","3740509","14","49221945"
"chr19","53102115","53102408","chr19","52390218","52390510","2","711897"
"chr19","53370755","53371063","chr19","52659889","52660200","3","710866"
"chr19","53407997","53408300","chr19","52697427","52697729","4","710570"
"chr19","53487301","53487606","chr19","52781785","52782090","0","705516"
"chr19","53527339","53527629","chr19","52820232","52820522","0","707107"
"chr19","53801887","53802176","chr5","169968716","169969006","48","116166829"
"chr19","53884122","53884274","chr8","54232467","54232622","20","348345"
"chr19","53890938","53891240","chr19","53259839","53260145","5","631099"
"chr19","53894917","53895228","chr19","53263829","53264140","3","631088"
"chr19","54282712","54283016","chr19","53672651","53672953","4","610061"
"chr19","54829926","54830206","chr11","46828556","46828837","39","8001370"
"chr19","54884802","54884905","chr8","118449488","118449581","24","63564686"
"chr19","54953111","54953422","chr19","53789908","53790219","1","1163203"
"chr19","54985986","54986102","chrX","124459343","124459473","30","69473357"
"chr19","55188326","55188603","chr19","54240454","54240756","25","947872"
"chr19","55223050","55223344","chr10","124762447","124762739","36","69539397"
"chr19","55513229","55513522","chr19","54578663","54578957","3","934566"
"chr19","55539144","55539445","chr19","54603927","54604228","0","935217"
"chr19","55605168","55605438","chr19","54671928","54672212","16","933240"
"chr19","55948036","55948314","chr19","55030362","55030661","21","917674"
"chr19","56759443","56759739","chr19","55824023","55824316","7","935420"
"chr19","56896696","56896992","chr19","55958255","55958554","13","938441"
"chr19","56969428","56969722","chr19","56029460","56029755","2","939968"
"chr19","57136905","57137193","chr19","56200622","56200911","4","936283"
"chr19","57231990","57232273","chr19","56297838","56298154","34","934152"
"chr19","57232614","57232902","chr19","56298463","56298754","11","934151"
"chr19","57696352","57696646","chr19","56765865","56766158","4","930487"
"chr19","57894848","57895127","chr19","56967037","56967316","1","927811"
"chr19","58009481","58009768","chr19","57089513","57089803","3","919968"
"chr19","58230478","58230789","chr19","57325109","57325420","5","905369"
"chr19","58234820","58234970","chr19","57331012","57331163","1","903808"
"chr19","58503393","58503689","chr19","57560337","57560631","12","943056"
"chr19","58577789","58577990","chr18","26862135","26862331","51","31715654"
"chr19","58680187","58680499","chr19","57788354","57788666","2","891833"
"chr19","58866683","58866955","chr19","57977452","57977737","20","889231"
"chr19","58873342","58873631","chr19","57984628","57984889","32","888714"
"chr19","58882935","58883221","chr4","59547127","59547411","29","664192"
"chr19","58918082","58918375","chr19","58031447","58031741","2","886635"
"chr19","58973841","58974136","chr19","58086933","58087227","1","886908"
"chr19","59454302","59454581","chr19","58570796","58571074","3","883506"
"chr19","59511204","59511510","chr19","58629228","58629534","3","881976"
"chr19","59733536","59733827","chr19","58864807","58865098","1","868729"
"chr19","59891882","59892184","chr19","59024274","59024575","1","867608"
"chr19","59944007","59944348","chr9","95800711","95801002","73","35856704"
"chr19","59998019","59998312","chr19","59131517","59131814","7","866502"
"chr19","60157018","60157299","chr19","59294486","59294769","2","862532"
"chr19","60181386","60181430","chr19","59319380","59319424","0","862006"
"chr19","60218314","60218603","chr19","59354734","59355023","1","863580"
"chr19","60390986","60391308","chr19","59525518","59525840","0","865468"
"chr19","60468387","60468687","chr19","59602697","59602994","4","865690"
"chr19","60514475","60514801","chr19","59649425","59649752","1","865050"
"chr19","60840382","60840661","chr19","60022237","60022516","0","818145"
"chr19","60930676","60930973","chr19","60120651","60120948","2","810025"
"chr19","61206119","61206424","chr19","60393451","60393754","4","812668"
"chr19","61265040","61265346","chr19","60452358","60452657","13","812682"
"chr19","61297920","61298216","chr5","158396531","158396824","29","97098611"
"chr19","61342655","61342967","chr19","60538293","60538605","10","804362"
"chr19","61352243","61352543","chr19","60548556","60548857","4","803687"
"chr19","61360389","61360685","chr19","60558279","60558582","9","802110"
"chr19","61459349","61459635","chr19","60659396","60659682","1","799953"
"chr19","61626875","61627156","chr19","60826566","60826847","0","800309"
"chr19","61627466","61627769","chr19","60827157","60827460","1","800309"
"chr19","61664214","61664521","chr19","45576711","45577019","34","16087503"
"chr19","61809526","61809682","chr7","159071431","159071591","29","97261905"
"chr19","61852657","61852948","chr19","61058313","61058604","0","794344"
"chr19","61875756","61876051","chr19","61079896","61080193","3","795860"
"chr19","61940914","61941185","chr19","61149702","61149976","5","791212"
"chr19","62498864","62499175","chr19","61728213","61728502","23","770651"
"chr19","62544255","62544547","chr19","61775826","61776118","3","768429"
"chr19","62683241","62683321","chr19","61920752","61920832","1","762489"
"chr19","62777224","62777513","chr19","62015318","62015609","3","761906"
"chr19","62943523","62943814","chr19","62175860","62176151","2","767663"
"chr19","63021707","63022003","chr19","62212398","62212697","3","809309"
"chr19","63212585","63212754","chrX","71023082","71023251","26","7810497"
"chr19","63384999","63385299","chr19","62592571","62592869","4","792428"
"chr19","63497730","63497999","chr19","62706085","62706354","5","791645"
"chr19","63632085","63632365","chr19","62843347","62843627","2","788738"
"chr19","63632994","63633290","chr19","62844256","62844552","4","788738"
"chr19","63635504","63635801","chr19","62846649","62846945","4","788855"
"chr19","63693270","63693569","chr11","47509012","47509310","44","16184258"
"chr19","63770732","63771026","chr19","62984983","62985278","3","785749"
"chr19","64090139","64090426","chr19","63308824","63309111","1","781315"
"chr19","64185687","64185983","chr19","63409058","63409355","5","776629"
"chr19","64206302","64206617","chr19","63429479","63429795","8","776823"
"chr19","64307239","64307539","chr19","63535131","63535431","0","772108"
"chr19","64364996","64365048","chr19","63597810","63597863","3","767186"
"chr20","30277473","30277780","chr20","29629431","29629737","3","648042"
"chr20","98842","99150","chr1","9156662","9156972","42","9057820"
"chr20","264408","264716","chr20","247768","248076","6","16640"
"chr20","356619","356916","chr12","43239905","43240193","46","42883286"
"chr20","367981","368290","chr20","350127","350436","3","17854"
"chr20","435464","435771","chr20","417546","417853","8","17918"
"chr20","732317","732607","chr19","39685173","39685461","31","38952856"
"chr20","732681","732700","chr2A","86562381","86562407","15","85829700"
"chr20","1796291","1796603","chr20","1789260","1789586","20","7031"
"chr20","2343310","2343610","chr20","2344358","2344658","2","1048"
"chr20","2659193","2659517","chr20","2662669","2663000","13","3476"
"chr20","2703543","2703849","chr20","2711870","2712176","2","8327"
"chr20","2792227","2792536","chr20","2804173","2804485","9","11946"
"chr20","2933001","2933308","chr20","2938136","2938444","3","5135"
"chr20","2944005","2944305","chr20","2959011","2959308","9","15006"
"chr20","2949511","2949639","chr5","155751924","155752056","25","152802413"
"chr20","2949943","2950097","chr2B","228250597","228250744","32","225300654"
"chr20","2955760","2956066","chr20","2970686","2970992","2","14926"
"chr20","2984953","2985022","chr8","80803434","80803503","11","77818481"
"chr20","3104101","3104393","chr20","3127935","3128227","3","23834"
"chr20","3384986","3385282","chr20","3413810","3414109","3","28824"
"chr20","3857640","3857725","chr4","17203585","17203661","14","13345945"
"chr20","4016926","4016965","chr15","27146703","27146746","8","23129777"
"chr20","4206554","4206868","chr20","4248372","4248686","4","41818"
"chr20","4491517","4491813","chr20","4539889","4540190","8","48372"
"chr20","4492645","4492936","chr20","4541022","4541315","3","48377"
"chr20","4578933","4579235","chr20","4628840","4629151","10","49907"
"chr20","4697542","4697847","chr20","4744827","4745128","5","47285"
"chr20","4845225","4845540","chr20","4898735","4899050","12","53510"
"chr20","4921012","4921105","chr11","1744662","1744751","16","3176350"
"chr20","5270558","5270624","chr3","139926597","139926664","22","134656039"
"chr20","5435625","5435766","chr20","5507035","5507176","0","71410"
"chr20","5436931","5437236","chr20","5508337","5508644","8","71406"
"chr20","5452586","5452885","chrX","70797934","70798232","77","65345348"
"chr20","5530573","5530710","chr7","109446630","109446763","17","103916057"
"chr20","5545200","5545504","chr20","5623119","5623421","3","77919"
"chr20","5709165","5709457","chr20","5793740","5794032","2","84575"
"chr20","5880670","5880969","chr20","5969922","5970225","9","89252"
"chr20","6489163","6489466","chr20","6593950","6594252","3","104787"
"chr20","6794326","6794632","chr20","6902677","6902988","7","108351"
"chr20","7215309","7215625","chr20","7328093","7328405","4","112784"
"chr20","8266603","8266915","chr20","8399164","8399468","12","132561"
"chr20","8538015","8538333","chr20","8675484","8675801","3","137469"
"chr20","10148816","10149128","chr20","10088113","10088425","2","60703"
"chr20","10705742","10706068","chr7","27672382","27672687","63","16966640"
"chr20","10852170","10852432","chr20","10793697","10793955","5","58473"
"chr20","11119178","11119471","chr20","11060751","11061044","2","58427"
"chr20","11840543","11840828","chr20","11796543","11796829","4","44000"
"chr20","11883198","11883492","chr20","11839503","11839796","8","43695"
"chr20","11956169","11956455","chr20","11913734","11914021","1","42435"
"chr20","12535674","12535945","chr20","12570616","12570886","1","34942"
"chr20","12600369","12600624","chr20","12635396","12635667","17","35027"
"chr20","12780232","12780444","chr17","60683821","60684031","33","47903589"
"chr20","13101735","13102035","chr20","13133951","13134251","0","32216"
"chr20","13421433","13421804","chr18","19207774","19208115","85","5786341"
"chr20","13572982","13573266","chr20","13609485","13609772","4","36503"
"chr20","13681610","13681874","chr12","118705028","118705293","31","105023418"
"chr20","14626532","14626839","chr20","14672174","14672484","5","45642"
"chr20","14791999","14792301","chr20","14839212","14839517","6","47213"
"chr20","15035157","15035468","chr20","15085625","15085937","6","50468"
"chr20","15957353","15957648","chr20","16028987","16029284","2","71634"
"chr20","16431089","16431373","chr1","52029274","52029566","58","35598185"
"chr20","16604866","16605161","chr20","16690480","16690775","3","85614"
"chr20","17115561","17115852","chr20","17223426","17223719","2","107865"
"chr20","17818392","17818701","chr20","17938034","17938345","2","119642"
"chr20","18242760","18243055","chr20","18373406","18373711","13","130646"
"chr20","18269332","18269638","chr20","18400044","18400351","6","130712"
"chr20","18414830","18415127","chr20","18547075","18547372","2","132245"
"chr20","19085326","19085595","chr20","19231238","19231507","1","145912"
"chr20","19687699","19687983","chrX","136657333","136657618","32","116969634"
"chr20","19835006","19835303","chr20","19995481","19995779","3","160475"
"chr20","20470732","20471030","chr20","20660263","20660561","2","189531"
"chr20","21349346","21349639","chr20","21545642","21545948","14","196296"
"chr20","21693478","21693776","chr20","21894800","21895098","0","201322"
"chr20","21707502","21707816","chr20","21908922","21909237","3","201420"
"chr20","22131767","22132069","chr20","22341869","22342170","1","210102"
"chr20","22315537","22315850","chr7","113428241","113428547","39","91112704"
"chr20","22951883","22952188","chr20","22775491","22775797","2","176392"
"chr20","23015036","23015325","chr20","22839312","22839606","14","175724"
"chr20","23629008","23629337","chr20","23465793","23466121","3","163215"
"chr20","23733695","23733999","chr20","23572459","23572763","5","161236"
"chr20","23869299","23869567","chr20","23706876","23707136","9","162423"
"chr20","24309677","24309987","chr20","24170192","24170498","4","139485"
"chr20","25090862","25091180","chr20","24951647","24951968","19","139215"
"chr20","25648318","25648606","chr20","25468010","25468299","1","180308"
"chr20","25777632","25777926","chr20","25594544","25594839","1","183088"
"chr20","25824714","25825006","chr20","25641999","25642291","1","182715"
"chr20","26014079","26014370","chr20","25834388","25834679","1","179691"
"chr20","28340863","28341169","chr20","28142398","28142704","1","198465"
"chr20","28404789","28405095","chr20","28205618","28205925","4","199171"
"chr20","29149423","29149552","chr10","109114059","109114176","28","79964636"
"chr20","29157445","29157732","chr20","28464608","28464895","0","692837"
"chr20","29187551","29187844","chr20","28494586","28494878","2","692965"
"chr20","29191208","29191508","chr20","28498219","28498519","3","692989"
"chr20","29198038","29198330","chr20","28505276","28505572","7","692762"
"chr20","29200366","29200668","chr20","28507587","28507894","8","692779"
"chr20","29355081","29355396","chr20","28666715","28667030","1","688366"
"chr20","29527479","29527713","chr19","6221188","6221417","33","23306291"
"chr20","29677860","29678144","chr20","29001431","29001715","0","676429"
"chr20","29683223","29683516","chr20","29007272","29007567","4","675951"
"chr20","29741865","29742154","chr20","29068195","29068496","13","673670"
"chr20","29807001","29807269","chr20","29136691","29136958","3","670310"
"chr20","29820330","29820380","chr20","29149981","29150031","0","670349"
"chr20","29833791","29834097","chr20","29163681","29163990","7","670110"
"chr20","29908712","29909012","chr20","29241996","29242301","6","666716"
"chr20","30099179","30099462","chr2B","151599198","151599479","32","121500019"
"chr20","30283016","30283322","chr20","29635431","29635702","36","647585"
"chr20","30490249","30490551","chr20","29849171","29849474","2","641078"
"chr20","30571940","30572248","chr20","29936894","29937202","0","635046"
"chr20","30852620","30852923","chr20","30224404","30224708","5","628216"
"chr20","30905267","30905532","chr17","61169357","61169622","1","30264090"
"chr20","30996093","30996394","chr20","30340832","30341135","4","655261"
"chr20","31165346","31165635","chr20","30510998","30511288","4","654348"
"chr20","31528995","31529284","chr20","30876133","30876426","4","652862"
"chr20","31617785","31618098","chr2A","24123468","24123783","30","7494317"
"chr20","31717350","31717562","chr1","120809132","120809343","35","89091782"
"chr20","31899241","31899540","chr20","31253837","31254136","2","645404"
"chr20","32207297","32207608","chr20","31567253","31567537","29","640044"
"chr20","32288363","32288667","chr20","31651411","31651715","0","636952"
"chr20","32410785","32411097","chr20","31778449","31778759","6","632336"
"chr20","32561639","32561935","chr20","31934073","31934369","5","627566"
"chr20","32580841","32580935","chr7","78110543","78110632","13","45529702"
"chr20","32600058","32600363","chr20","31974609","31974918","6","625449"
"chr20","32630082","32630392","chr20","32005238","32005548","0","624844"
"chr20","32671796","32672093","chr20","32046650","32046935","13","625146"
"chr20","32751518","32751833","chr20","32126199","32126509","5","625319"
"chr20","32873952","32874249","chr20","32251998","32252296","2","621954"
"chr20","32989386","32989705","chr20","32370457","32370775","12","618929"
"chr20","33101398","33101694","chr20","32483444","32483738","2","617954"
"chr20","33189768","33190066","chr20","32570931","32571229","2","618837"
"chr20","33227472","33227765","chr20","32608398","32608699","9","619074"
"chr20","33272998","33273274","chr20","32655146","32655424","2","617852"
"chr20","33696635","33696931","chr20","33089086","33089382","0","607549"
"chr20","33883630","33883926","chr20","33294184","33294481","2","589446"
"chr20","33939275","33939566","chr20","33349989","33350282","3","589286"
"chr20","34062342","34062616","chr20","33473637","33473911","1","588705"
"chr20","34133130","34133400","chr20","33550519","33550805","20","582611"
"chr20","34188714","34188973","chr20","33607884","33608150","8","580830"
"chr20","34193544","34193850","chr20","33612858","33613164","1","580686"
"chr20","34278038","34278342","chr20","33706100","33706404","1","571938"
"chr20","34333423","34333729","chr20","33763803","33764106","25","569620"
"chr20","34591641","34591745","chr20","34029243","34029350","3","562398"
"chr20","34648641","34648980","chr20","34089450","34089789","3","559191"
"chr20","35043424","35043717","chr20","34480160","34480456","3","563264"
"chr20","35360386","35360686","chr20","34799316","34799616","1","561070"
"chr20","35545381","35545665","chr20","34979046","34979330","1","566335"
"chr20","35984607","35984907","chr20","35432360","35432664","4","552247"
"chr20","36358766","36359072","chr20","35808162","35808469","5","550604"
"chr20","36361909","36362194","chr20","35811320","35811608","3","550589"
"chr20","36374955","36375263","chr20","35824387","35824698","7","550568"
"chr20","36788768","36789050","chr20","36240031","36240313","2","548737"
"chr20","38405717","38406025","chr20","37896485","37896795","6","509232"
"chr20","38629578","38629862","chr20","38123287","38123571","0","506291"
"chr20","39092903","39093202","chr20","38602888","38603190","4","490015"
"chr20","39385491","39385781","chr20","38901756","38902047","2","483735"
"chr20","39470659","39470930","chr20","38986923","38987229","36","483736"
"chr20","40000002","40000194","chr2B","118460183","118460371","27","78460181"
"chr20","40200601","40200765","chr20","39720324","39720488","0","480277"
"chr20","40269361","40269661","chr20","39789081","39789384","5","480280"
"chr20","40686904","40687187","chr20","40216860","40217147","5","470044"
"chr20","41005185","41005489","chr20","40539843","40540150","5","465342"
"chr20","41059550","41059831","chr20","40596551","40596839","8","462999"
"chr20","41701143","41701350","chr5","140332666","140332866","34","98631523"
"chr20","41717792","41718078","chr20","41262845","41263131","1","454947"
"chr20","41755839","41756121","chr20","41299148","41299430","1","456691"
"chr20","41969246","41969554","chr20","41516117","41516430","7","453129"
"chr20","42416928","42417228","chr20","41967608","41967913","8","449320"
"chr20","42530408","42530707","chr20","42081156","42081458","3","449252"
"chr20","43048704","43048983","chr20","42614669","42614951","6","434035"
"chr20","43162023","43162111","chr20","42731486","42731577","4","430537"
"chr20","43209457","43209753","chr20","42776852","42777149","2","432605"
"chr20","43274000","43274293","chr5","158396531","158396824","40","115122531"
"chr20","43295311","43295612","chr20","42866957","42867238","30","428354"
"chr20","43321769","43322067","chr20","42894211","42894509","3","427558"
"chr20","43390692","43390984","chr20","42963828","42964103","21","426864"
"chr20","43462469","43462774","chr20","43037537","43037845","9","424932"
"chr20","44198921","44199217","chr20","43781577","43781875","2","417344"
"chr20","44410220","44410525","chr20","44001084","44001394","6","409136"
"chr20","44532259","44532556","chr20","44128567","44128877","16","403692"
"chr20","44601357","44601660","chr20","44198190","44198498","8","403167"
"chr20","44647506","44647784","chr20","44244593","44244893","24","402913"
"chr20","44739992","44740160","chr3","142987564","142987734","24","98247572"
"chr20","44829928","44830242","chr7","77709966","77710257","70","32880038"
"chr20","44869431","44869719","chr20","44474205","44474499","9","395226"
"chr20","44917330","44917571","chr7","92704959","92705196","52","47787629"
"chr20","44983516","44983812","chr20","44594153","44594454","5","389363"
"chr20","45010192","45010480","chr20","44621695","44621983","1","388497"
"chr20","45507936","45508208","chr20","45112083","45112356","6","395853"
"chr20","45569640","45569948","chr20","45173751","45174053","8","395889"
"chr20","45846808","45847105","chr20","45456208","45456504","3","390600"
"chr20","46348958","46349194","chr20","45968530","45968768","3","380428"
"chr20","46409137","46409475","chr1","20191998","20192342","62","26217139"
"chr20","46471455","46471748","chr20","46094818","46095122","13","376637"
"chr20","46531452","46531762","chr20","46157316","46157626","3","374136"
"chr20","46543690","46543985","chr20","46169689","46169985","1","374001"
"chr20","46559001","46559141","chr19","42669858","42669998","21","3889143"
"chr20","46577134","46577220","chr6","18335968","18336060","15","28241166"
"chr20","46653699","46653998","chr20","46283367","46283666","0","370332"
"chr20","47055051","47055345","chr20","46687781","46688075","0","367270"
"chr20","47127725","47128038","chrX","120441312","120441624","37","73313587"
"chr20","47169289","47169588","chr20","46805290","46805590","4","363999"
"chr20","47299688","47299985","chr20","46943376","46943672","1","356312"
"chr20","47356076","47356372","chr20","47002459","47002755","1","353617"
"chr20","47477796","47478125","chr20","47070250","47070580","6","407546"
"chr20","47550153","47550441","chr20","47143297","47143582","22","406856"
"chr20","47966009","47966320","chr20","47551683","47551994","0","414326"
"chr20","48031462","48031708","chr20","47618148","47618394","1","413314"
"chr20","48069567","48069870","chr14","49898118","49898425","35","1828551"
"chr20","48095376","48095687","chr20","47684260","47684566","13","411116"
"chr20","48167012","48167277","chr10","109283373","109283640","49","61116361"
"chr20","48171327","48171623","chr20","47759972","47760268","0","411355"
"chr20","48231706","48232005","chr20","47820576","47820877","2","411130"
"chr20","48447467","48447747","chr20","48045480","48045733","30","401987"
"chr20","48501559","48501869","chr20","48100561","48100873","2","400998"
"chr20","48685986","48686319","chr20","48290842","48291175","1","395144"
"chr20","48740756","48741048","chr20","48349751","48350043","0","391005"
"chr20","49005810","49006104","chr20","48620783","48621077","0","385027"
"chr20","49132519","49132808","chr20","48752994","48753284","2","379525"
"chr20","49143488","49143789","chr15","88044910","88045215","39","38901422"
"chr20","49193790","49194100","chr20","48811241","48811551","0","382549"
"chr20","49257331","49257641","chr20","48875795","48876116","19","381536"
"chr20","49351955","49352265","chr1","190730613","190730918","36","141378658"
"chr20","49369951","49370245","chr6","39666669","39666957","79","9703282"
"chr20","49374449","49374739","chr20","48997680","48997970","2","376769"
"chr20","49429064","49429372","chr20","49055952","49056260","5","373112"
"chr20","49474587","49474880","chr20","49102763","49103057","2","371824"
"chr20","49483083","49483367","chr20","49111298","49111583","1","371785"
"chr20","49705771","49706070","chr20","49337573","49337874","3","368198"
"chr20","50082289","50082582","chr20","49719111","49719406","3","363178"
"chr20","50291255","50291538","chr20","49932781","49933064","0","358474"
"chr20","50304263","50304558","chr20","49945838","49946141","10","358425"
"chr20","51002673","51002957","chr20","50654134","50654457","39","348539"
"chr20","51034893","51035208","chr20","50691467","50691780","9","343426"
"chr20","51187247","51187551","chr20","50854994","50855303","5","332253"
"chr20","51363777","51364060","chrX","136657333","136657618","38","85293556"
"chr20","51663664","51663976","chr20","51215622","51215934","3","448042"
"chr20","51872376","51872665","chr20","51427632","51427921","6","444744"
"chr20","52213904","52214205","chr20","51784354","51784660","6","429550"
"chr20","54081165","54081481","chr20","53616112","53616424","6","465053"
"chr20","54240611","54240684","chr20","53780333","53780407","1","460278"
"chr20","54242490","54242790","chr20","53782609","53782934","28","459881"
"chr20","54297788","54298086","chr20","53843537","53843837","4","454251"
"chr20","54305505","54305814","chr20","53851289","53851598","5","454216"
"chr20","54328244","54328542","chr20","53874509","53874803","4","453735"
"chr20","54393834","54394172","chr20","53941591","53941900","34","452243"
"chr20","54478719","54479011","chr20","54028752","54029044","0","449967"
"chr20","54875423","54875755","chr20","54439550","54439882","24","435873"
"chr20","54946493","54946791","chr20","54511500","54511799","1","434993"
"chr20","55430369","55430682","chr20","55010322","55010640","8","420047"
"chr20","55441565","55441874","chr20","55021525","55021838","7","420040"
"chr20","55579689","55579960","chr20","55161161","55161433","1","418528"
"chr20","56109601","56109908","chr20","55702115","55702423","2","407486"
"chr20","56668507","56668785","chr20","56175180","56175497","39","493327"
"chr20","56675162","56675468","chr10","121184273","121184577","26","64509111"
"chr20","56773699","56774009","chr20","56280582","56280894","8","493117"
"chr20","57986546","57986842","chr20","57528363","57528661","3","458183"
"chr20","58161662","58161978","chr2B","114468289","114468602","42","56306627"
"chr20","59069212","59069527","chr20","58634641","58634956","1","434571"
"chr20","59332348","59332669","chr20","58900871","58901184","8","431477"
"chr20","59722742","59723044","chr20","59301024","59301326","3","421718"
"chr20","59938132","59938449","chr20","59524827","59525144","1","413305"
"chr20","60061165","60061459","chr3","48729048","48729349","36","11332117"
"chr20","60598520","60598811","chr20","60301655","60301948","3","296865"
"chr20","60814423","60814728","chr20","60524806","60525118","8","289617"
"chr20","61546516","61546810","chr20","61023878","61024175","3","522638"
"chr20","61577763","61578054","chr20","61055760","61056057","7","522003"
"chr20","61578788","61579085","chr20","61056799","61057096","1","521989"
"chr20","61649155","61649470","chr20","61125938","61126260","8","523217"
"chr20","61728962","61729273","chr9","99285297","99285601","42","37556335"
"chr20","61816937","61817234","chr20","61303383","61303682","3","513554"
"chr20","61828492","61828596","chr9","130293791","130293868","43","68465299"
"chr20","62140008","62140295","chr20","61632542","61632829","1","507466"
"chr21","14198248","14198539","chr21","545822","546129","16","13652426"
"chr21","15484935","15485236","chr15","61091313","61091614","37","45606378"
"chr21","15542130","15542425","chr21","1894990","1895290","5","13647140"
"chr21","15848185","15848544","chr6","14309167","14309484","102","1539018"
"chr21","16520368","16520674","chr21","2873102","2873411","3","13647266"
"chr21","16660887","16661196","chr21","3014245","3014554","1","13646642"
"chr21","17441413","17441726","chr21","3804483","3804796","8","13636930"
"chr21","17557297","17557579","chr21","3921346","3921629","3","13635951"
"chr21","17681393","17681531","chr9","127615336","127615475","19","109933943"
"chr21","18128103","18128405","chr21","4494950","4495257","15","13633153"
"chr21","18167848","18168154","chr21","4534718","4535024","0","13633130"
"chr21","18370267","18370552","chr8","123868559","123868848","32","105498292"
"chr21","18623622","18623697","chr4","130986424","130986500","12","112362802"
"chr21","19079424","19079640","chr21","5446363","5446614","35","13633061"
"chr21","19097082","19097386","chr21","5464081","5464381","8","13633001"
"chr21","19523176","19523458","chr21","5892657","5892935","6","13630519"
"chr21","19722224","19722527","chr21","6091444","6091744","17","13630780"
"chr21","20293742","20294034","chr21","6664105","6664414","19","13629637"
"chr21","20557900","20558182","chr21","6927506","6927788","0","13630394"
"chr21","20647729","20648034","chr21","7017501","7017802","6","13630228"
"chr21","20750237","20750525","chr21","7120380","7120668","0","13629857"
"chr21","21112286","21112586","chr21","7485153","7485451","2","13627133"
"chr21","22338550","22338862","chr21","8714924","8715236","7","13623626"
"chr21","22363643","22363926","chr21","8739982","8740269","4","13623661"
"chr21","23061899","23062197","chr21","9437420","9437720","4","13624479"
"chr21","23685705","23686009","chr21","10068530","10068830","5","13617175"
"chr21","25869788","25870018","chr21","12229849","12230078","6","13639939"
"chr21","26403727","26404012","chr21","12763143","12763433","6","13640584"
"chr21","27164734","27165032","chr21","13518608","13518909","6","13646126"
"chr21","27358268","27358347","chr21","13712416","13712486","11","13645852"
"chr21","27660348","27660655","chr21","14012042","14012352","6","13648306"
"chr21","27849570","27849852","chr21","14205132","14205414","3","13644438"
"chr21","28541664","28541952","chr21","14896860","14897147","2","13644804"
"chr21","28830535","28830661","chr4","127629605","127629727","25","98799070"
"chr21","28944828","28945133","chr21","15300529","15300833","3","13644299"
"chr21","29332752","29332838","chrX","24020384","24020464","15","5312368"
"chr21","29635834","29636009","chr7","155392278","155392451","23","125756444"
"chr21","29636062","29636189","chr7","141694833","141694959","20","112058771"
"chr21","30059706","30059998","chr21","16414564","16414857","2","13645142"
"chr21","30073750","30074049","chr21","16428622","16428927","10","13645128"
"chr21","30369444","30369742","chr21","16724608","16724908","2","13644836"
"chr21","30924156","30924458","chr21","17279165","17279467","0","13644991"
"chr21","31015117","31015175","chr21","17370624","17370683","2","13644493"
"chr21","31195746","31196055","chr21","17551493","17551804","7","13644253"
"chr21","31259361","31259646","chr21","17615775","17616063","5","13643586"
"chr21","31380338","31380513","chr21","17738198","17738373","0","13642140"
"chr21","31826156","31826438","chr21","18187707","18188016","29","13638449"
"chr21","32056531","32056847","chr21","18416252","18416568","6","13640279"
"chr21","32231807","32232111","chr21","18593409","18593715","2","13638398"
"chr21","32411969","32412284","chr21","18774646","18774956","9","13637323"
"chr21","32501471","32501764","chr21","18864328","18864622","2","13637143"
"chr21","33226443","33226495","chr21","19594629","19594681","0","13631814"
"chr21","33314622","33314913","chr21","19682976","19683268","2","13631646"
"chr21","33414952","33415201","chr21","19783944","19784202","10","13631008"
"chr21","33451140","33451444","chr21","19820968","19821261","15","13630172"
"chr21","33597368","33597679","chr21","19967152","19967461","3","13630216"
"chr21","33725823","33726108","chr21","20096545","20096829","3","13629278"
"chr21","33797178","33797495","chr21","20168160","20168477","4","13629018"
"chr21","34202153","34202457","chr3","135839740","135840041","34","101637587"
"chr21","34326958","34327273","chr21","20697318","20697635","5","13629640"
"chr21","34486316","34486626","chr21","20857407","20857724","10","13628909"
"chr21","34612994","34613299","chr21","20984712","20985016","6","13628282"
"chr21","34615508","34615829","chr21","20987230","20987552","1","13628278"
"chr21","34761831","34762112","chr21","21134088","21134369","4","13627743"
"chr21","35557734","35558029","chr21","21932955","21933252","6","13624779"
"chr21","35665868","35666163","chr21","22041468","22041768","7","13624400"
"chr21","35718998","35719310","chr21","22095305","22095617","2","13623693"
"chr21","35832743","35833034","chr21","22207537","22207829","2","13625206"
"chr21","35876738","35877040","chr11","98509658","98509958","30","62632920"
"chr21","35973051","35973353","chr21","22347803","22348105","3","13625248"
"chr21","35993780","35994092","chr21","22368715","22369027","3","13625065"
"chr21","36007655","36007945","chr21","22382197","22382491","7","13625458"
"chr21","36089743","36089983","chr21","22464447","22464708","22","13625296"
"chr21","36093256","36093424","chr21","22468089","22468259","2","13625167"
"chr21","36116409","36116706","chr21","22491383","22491684","5","13625026"
"chr21","36135592","36135879","chr21","22512117","22512405","3","13623475"
"chr21","36166760","36166947","chr21","22543655","22543843","1","13623105"
"chr21","36168574","36168879","chr21","22545475","22545785","8","13623099"
"chr21","36311796","36312084","chr21","22688683","22688990","21","13623113"
"chr21","36443452","36443737","chr8","37231388","37231676","34","787936"
"chr21","36615034","36615343","chr21","22992677","22992988","4","13622357"
"chr21","36931177","36931464","chr21","23310502","23310798","9","13620675"
"chr21","37006849","37007149","chr21","23382956","23383254","10","13623893"
"chr21","37027556","37027867","chr21","23403766","23404080","3","13623790"
"chr21","37043556","37043845","chr21","23419636","23419926","2","13623920"
"chr21","37249147","37249416","chr21","23626941","23627210","3","13622206"
"chr21","38020031","38020338","chr21","24399110","24399417","9","13620921"
"chr21","38466440","38466734","chr21","24846168","24846464","3","13620272"
"chr21","38904407","38904707","chr21","25281961","25282263","4","13622446"
"chr21","38955507","38955811","chr21","25333124","25333428","0","13622383"
"chr21","38985667","38985966","chr21","25360570","25360880","11","13625097"
"chr21","39064393","39064681","chr21","25451254","25451565","29","13613139"
"chr21","39160224","39160537","chr21","25548291","25548605","1","13611933"
"chr21","39692056","39692350","chr21","26080795","26081092","5","13611261"
"chr21","40004333","40004647","chr21","26395160","26395475","1","13609173"
"chr21","40009345","40009649","chr21","26400177","26400483","4","13609168"
"chr21","40119112","40119417","chr21","26511694","26512000","5","13607418"
"chr21","40406997","40407301","chr21","26801000","26801302","9","13605997"
"chr21","40415951","40416240","chr21","26809953","26810242","3","13605998"
"chr21","41195673","41195985","chr21","27595294","27595599","8","13600379"
"chr21","41221832","41222173","chr21","27621214","27621525","42","13600618"
"chr21","42016359","42016666","chr21","28444286","28444593","2","13572073"
"chr21","42330427","42330740","chr21","28760479","28760792","1","13569948"
"chr21","42333117","42333387","chr21","28763169","28763454","20","13569948"
"chr21","42360553","42360861","chr21","28790712","28791021","4","13569841"
"chr21","42374735","42375028","chr21","28804923","28805217","3","13569812"
"chr21","42412944","42413255","chr21","28842476","28842763","26","13570468"
"chr21","42461650","42461947","chr21","28891261","28891563","11","13570389"
"chr21","42636626","42636775","chr7","116153076","116153214","21","73516450"
"chr21","42691291","42691586","chr21","29125947","29126242","0","13565344"
"chr21","42725769","42726068","chr21","29161270","29161564","8","13564499"
"chr21","42759734","42760038","chr21","29194302","29194606","13","13565432"
"chr21","42999772","43000000","chr19","6221188","6221417","36","36778584"
"chr21","43086050","43086276","chr4","95219836","95220052","43","52133786"
"chr21","43142498","43142621","chr21","29583260","29583384","1","13559238"
"chr21","43143801","43144110","chr21","29584566","29584872","4","13559235"
"chr21","43252502","43252776","chr21","29693812","29694083","9","13558690"
"chr21","43264735","43265027","chr21","29705820","29706119","11","13558915"
"chr21","43337205","43337488","chr21","29778528","29778840","30","13558677"
"chr21","43445186","43445498","chr21","29887345","29887655","3","13557841"
"chr21","43598404","43598700","chr21","30041203","30041502","5","13557201"
"chr21","43654086","43654385","chr21","30096891","30097173","18","13557195"
"chr21","43757823","43758131","chr21","30202519","30202829","9","13555304"
"chr21","44373475","44373787","chr21","30793456","30793767","3","13580019"
"chr21","44413864","44414087","chr21","30834528","30834755","4","13579336"
"chr21","44501416","44501719","chr21","30923113","30923418","8","13578303"
"chr21","44617421","44617711","chr21","31036629","31036933","17","13580792"
"chr21","44636179","44636474","chr21","31056121","31056416","5","13580058"
"chr21","44828049","44828325","chr21","31251052","31251329","1","13576997"
"chr21","45479839","45480122","chr21","31904339","31904625","8","13575500"
"chr21","45550260","45550567","chr21","31978872","31979179","1","13571388"
"chr21","45910975","45911075","chr21","32353785","32353891","6","13557190"
"chr21","46068162","46068331","chr3","122868129","122868303","24","76799967"
"chr22","44171140","44171446","chr22","43893206","43893495","22","277934"
"chr22","16266073","16266265","chr12","35743131","35743318","48","19477058"
"chr22","16454111","16454408","chr22","16478677","16478974","0","24566"
"chr22","16493759","16494038","chr5","139853622","139853898","57","123359863"
"chr22","16839511","16839797","chr22","16874257","16874543","3","34746"
"chr22","17417821","17418119","chr22","17386037","17386335","21","31784"
"chr22","17545741","17546042","chr22","17518954","17519265","12","26787"
"chr22","17741511","17741757","chr22","17714835","17715081","1","26676"
"chr22","17757693","17757886","chr1","66726763","66726953","27","48969070"
"chr22","17807658","17807956","chr22","17781605","17781904","1","26053"
"chr22","17831110","17831417","chr22","17805225","17805532","2","25885"
"chr22","18357549","18357855","chr22","18349869","18350176","5","7680"
"chr22","19190703","19191003","chr22","19138639","19138941","3","52064"
"chr22","19232917","19233230","chr22","19180174","19180489","7","52743"
"chr22","19241067","19241360","chr22","19188327","19188621","2","52740"
"chr22","19316040","19316341","chr22","19264358","19264664","8","51682"
"chr22","19535510","19535818","chr22","19491240","19491539","9","44270"
"chr22","19545070","19545383","chr22","19500788","19501101","2","44282"
"chr22","19612034","19612338","chr22","19568637","19568947","7","43397"
"chr22","20310067","20310365","chr22","20229973","20230275","5","80094"
"chr22","20418420","20418709","chr22","20337358","20337649","3","81062"
"chr22","20435543","20435849","chrX","44765309","44765619","48","24329766"
"chr22","20501985","20502282","chr22","20424459","20424758","5","77526"
"chr22","21996548","21996832","chr22","22840942","22841226","2","844394"
"chr22","22551648","22551952","chr22","22176852","22177156","3","374796"
"chr22","22636620","22636918","chr22","22265940","22266241","3","370680"
"chr22","22650042","22650157","chr1","76558735","76558845","19","53908693"
"chr22","22653424","22653723","chr22","22282150","22282450","2","371274"
"chr22","23342776","23343066","chr22","23242393","23242683","0","100383"
"chr22","23404827","23405120","chr22","23306040","23306333","0","98787"
"chr22","23456404","23456704","chr22","23357881","23358183","3","98523"
"chr22","23517098","23517377","chr22","23418375","23418654","0","98723"
"chr22","23520062","23520360","chr22","23421349","23421647","0","98713"
"chr22","23583973","23584230","chr22","23485652","23485911","3","98321"
"chr22","23654240","23654539","chr22","23550391","23550691","2","103849"
"chr22","23665620","23665915","chr22","23563172","23563467","3","102448"
"chr22","23696282","23696562","chr22","23593254","23593559","26","103028"
"chr22","24028583","24028893","chr22","23957087","23957399","3","71496"
"chr22","24084676","24084980","chr22","24013794","24014096","2","70882"
"chr22","24231265","24231562","chr22","24086071","24086368","0","145194"
"chr22","24306364","24306484","chr10","120388519","120388637","16","96082155"
"chr22","24567023","24567322","chr22","24427768","24428071","5","139255"
"chr22","24814099","24814402","chr7","73490232","73490526","34","48676133"
"chr22","25365791","25366101","chr22","25246723","25247048","16","119068"
"chr22","26324239","26324539","chr22","26223323","26223637","18","100916"
"chr22","26952583","26952883","chr22","26865977","26866269","10","86606"
"chr22","26979252","26979559","chr22","26894800","26895112","6","84452"
"chr22","27334147","27334449","chr22","27254211","27254514","2","79936"
"chr22","27395846","27396129","chr22","27316248","27316535","5","79598"
"chr22","27405266","27405574","chr22","27325666","27325972","3","79600"
"chr22","27529138","27529431","chr22","27453419","27453728","18","75719"
"chr22","27538576","27538887","chr22","27462664","27462975","1","75912"
"chr22","27587914","27588214","chr22","27512295","27512594","1","75619"
"chr22","28020368","28020660","chr22","27851925","27852225","30","168443"
"chr22","28027109","28027408","chr22","27859086","27859386","5","168023"
"chr22","28029149","28029386","chr22","27861132","27861384","16","168017"
"chr22","28149980","28150287","chr22","27987209","27987517","2","162771"
"chr22","28369412","28369711","chr22","28195006","28195307","3","174406"
"chr22","28434133","28434438","chr22","28259147","28259452","2","174986"
"chr22","29054144","29054452","chr22","28892817","28893128","4","161327"
"chr22","29204722","29205008","chr22","29046851","29047135","6","157871"
"chr22","29231465","29231757","chr22","29074637","29074933","7","156828"
"chr22","29440936","29441249","chr22","29286998","29287311","0","153938"
"chr22","29451412","29451715","chr22","29298327","29298629","4","153085"
"chr22","29474979","29475251","chr22","29324478","29324750","1","150501"
"chr22","29512477","29512782","chr22","29361691","29362003","8","150786"
"chr22","29573159","29573459","chr22","29424673","29424973","12","148486"
"chr22","29607264","29607551","chr22","29459539","29459830","7","147725"
"chr22","29619097","29619400","chr22","29471402","29471704","8","147695"
"chr22","29740572","29740671","chr22","29594022","29594122","3","146550"
"chr22","29788592","29788885","chr22","29644898","29645215","27","143694"
"chr22","29970596","29970904","chr22","29798863","29799169","7","171733"
"chr22","30210617","30210926","chr22","30019198","30019507","0","191419"
"chr22","30240118","30240416","chr22","30047853","30048154","3","192265"
"chr22","30249814","30250095","chr22","30058789","30059071","1","191025"
"chr22","30347903","30348191","chr22","30160360","30160649","3","187543"
"chr22","30385795","30386103","chr22","30198866","30199163","14","186929"
"chr22","30417722","30418028","chr22","30231641","30231947","0","186081"
"chr22","30737932","30738211","chr22","30550516","30550816","41","187416"
"chr22","30954666","30954978","chr22","30764063","30764375","1","190603"
"chr22","31695083","31695393","chr22","31506273","31506589","9","188810"
"chr22","31966893","31967187","chr22","31779109","31779406","4","187784"
"chr22","32399955","32400259","chr22","32217629","32217925","11","182326"
"chr22","32470114","32470388","chr22","32289840","32290114","0","180274"
"chr22","32526842","32527132","chr22","32348383","32348674","1","178459"
"chr22","32533317","32533628","chr22","32355083","32355394","6","178234"
"chr22","32634804","32635119","chr22","32454806","32455129","15","179998"
"chr22","33593905","33594219","chr22","33425466","33425779","9","168439"
"chr22","33781870","33782187","chr22","33617521","33617833","7","164349"
"chr22","34020831","34021122","chr22","33860213","33860504","4","160618"
"chr22","34204627","34204938","chr22","34051159","34051476","6","153468"
"chr22","34254785","34255018","chr22","34100259","34100495","6","154526"
"chr22","34366286","34366586","chr22","34213569","34213876","15","152717"
"chr22","34430186","34430493","chr22","34278155","34278462","2","152031"
"chr22","34481957","34482241","chr13","65303384","65303665","37","30821427"
"chr22","34547932","34548158","chr22","34404548","34404780","7","143384"
"chr22","34699263","34699570","chr22","34558226","34558537","5","141037"
"chr22","34841975","34842265","chr22","34701771","34702066","7","140204"
"chr22","35163080","35163355","chr22","35032116","35032391","0","130964"
"chr22","35178692","35178988","chr22","35048068","35048367","7","130624"
"chr22","35228925","35229220","chr22","35100156","35100451","4","128769"
"chr22","35264972","35265280","chr22","35135397","35135709","6","129575"
"chr22","35286683","35286928","chr22","35156256","35156532","31","130427"
"chr22","35331782","35332082","chr22","35202408","35202709","2","129374"
"chr22","35634325","35634637","chr22","35509449","35509764","6","124876"
"chr22","35639703","35639985","chr22","35514852","35515131","9","124851"
"chr22","36073957","36074237","chr22","35961709","35962023","35","112248"
"chr22","36187697","36187992","chr22","36077179","36077478","6","110518"
"chr22","36247311","36247594","chr22","36136580","36136866","8","110731"
"chr22","36518117","36518187","chr8","80803434","80803503","12","44285317"
"chr22","36641201","36641458","chr22","36549218","36549481","7","91983"
"chr22","36686788","36687087","chr22","36598555","36598856","4","88233"
"chr22","36714164","36714465","chr22","36627650","36627952","6","86514"
"chr22","36887319","36887609","chr22","36804055","36804345","2","83264"
"chr22","36895787","36896098","chr22","36812528","36812841","7","83259"
"chr22","37064151","37064182","chr17","59438473","59438505","14","22374322"
"chr22","37064444","37064526","chr4","130986424","130986500","14","93921980"
"chr22","37248670","37248966","chr22","37180461","37180757","1","68209"
"chr22","37519326","37519638","chr22","37465229","37465539","3","54097"
"chr22","37768951","37769259","chr22","37721700","37722011","10","47251"
"chr22","37795291","37795550","chr11","31222553","31222828","54","6572738"
"chr22","37806612","37806915","chr22","37758215","37758519","3","48397"
"chr22","37885159","37885456","chr22","37839672","37839976","11","45487"
"chr22","37922482","37922763","chr22","37877798","37878110","31","44684"
"chr22","38051577","38051747","chr12","119910048","119910221","25","81858471"
"chr22","38076962","38077268","chr22","38039553","38039859","1","37409"
"chr22","38275150","38275433","chr22","38238676","38238962","5","36474"
"chr22","38714966","38715261","chr22","38690390","38690686","1","24576"
"chr22","38889011","38889169","chr14","33201090","33201257","26","5687921"
"chr22","39404098","39404392","chr22","39110188","39110482","0","293910"
"chr22","39433744","39434059","chr22","39141052","39141367","5","292692"
"chr22","39489737","39490029","chr22","39197543","39197835","1","292194"
"chr22","39541252","39541458","chr5","140332666","140332866","31","100791414"
"chr22","39716894","39717190","chr22","39432430","39432727","2","284464"
"chr22","39722143","39722391","chr22","39437985","39438234","1","284158"
"chr22","39780583","39780894","chr22","39497516","39497827","5","283067"
"chr22","39793409","39793703","chr22","39511784","39512081","3","281625"
"chr22","39871913","39872041","chr5","85317756","85317887","19","45445843"
"chr22","39923982","39924264","chr22","39645772","39646053","1","278210"
"chr22","39986397","39986488","chr22","39710673","39710766","2","275724"
"chr22","39986490","39986764","chr22","39710768","39711042","1","275722"
"chr22","40004430","40004744","chr22","39730392","39730703","8","274038"
"chr22","40041677","40041969","chr22","39769696","39769990","7","271981"
"chr22","40083505","40083800","chr22","39815963","39816273","16","267542"
"chr22","40187618","40187920","chr22","39921933","39922235","0","265685"
"chr22","40230776","40231070","chr22","39969936","39970237","10","260840"
"chr22","40250249","40250531","chr22","39991650","39991955","25","258599"
"chr22","40368928","40369235","chr22","40106140","40106447","1","262788"
"chr22","40374972","40375260","chr22","40112315","40112608","8","262657"
"chr22","40435344","40435501","chr1","132482211","132482369","27","92046867"
"chr22","40435817","40436014","chr21","24395026","24395224","65","16040791"
"chr22","40454626","40454925","chr10","93034060","93034361","35","52579434"
"chr22","40860497","40860788","chr22","40604974","40605258","7","255523"
"chr22","41214613","41214910","chr22","40985108","40985414","10","229505"
"chr22","41335815","41336112","chr10","45788169","45788461","33","4452354"
"chr22","41759287","41759582","chr1","204632189","204632500","50","162872902"
"chr22","41930488","41930795","chr22","41642279","41642586","3","288209"
"chr22","42001858","42001954","chr4","41140710","41140791","34","861148"
"chr22","42135435","42135724","chr22","41800307","41800597","2","335128"
"chr22","42141207","42141514","chr22","41806423","41806731","6","334784"
"chr22","42270790","42271080","chr5","6626784","6627069","48","35644006"
"chr22","42437633","42437934","chr22","42113717","42114026","9","323916"
"chr22","42607589","42607867","chr22","42293540","42293819","3","314049"
"chr22","42712059","42712363","chr22","42397187","42397493","3","314872"
"chr22","43095978","43096283","chr22","42783974","42784286","14","312004"
"chr22","43142809","43143105","chr22","42831668","42831967","5","311141"
"chr22","43176352","43176651","chr22","42865848","42866152","6","310504"
"chr22","43181998","43182296","chr22","42871034","42871336","12","310964"
"chr22","43270365","43270662","chr22","42958888","42959185","2","311477"
"chr22","43510136","43510451","chr22","43217021","43217338","3","293115"
"chr22","43678276","43678576","chr22","43388376","43388675","3","289900"
"chr22","43749050","43749359","chr22","43458694","43459004","9","290356"
"chr22","44137653","44137945","chr6","6728897","6729194","35","37408756"
"chr22","44170196","44170491","chr22","43892233","43892528","2","277963"
"chr22","44487143","44487442","chr22","44217193","44217494","3","269950"
"chr22","44516719","44517021","chr22","44243300","44243604","12","273419"
"chr22","44585331","44585637","chr22","44314459","44314765","1","270872"
"chr22","44682489","44682798","chr22","44416027","44416339","14","266462"
"chr22","44759087","44759378","chr22","44500054","44500346","2","259033"
"chr22","45222842","45223146","chr22","44968642","44968946","2","254200"
"chr22","45265615","45265910","chr22","45012544","45012838","25","253071"
"chr22","45268552","45268626","chr22","45015808","45015882","2","252744"
"chr22","45280569","45280880","chr22","45028577","45028895","9","251992"
"chr22","45351661","45351728","chr8","80803434","80803503","8","35451773"
"chr22","45572972","45573268","chr22","45331038","45331337","4","241934"
"chr22","45662863","45663169","chr22","45424129","45424438","9","238734"
"chr22","45765411","45765697","chr5","179678021","179678301","31","133912610"
"chr22","45785972","45786282","chr22","45539898","45540208","1","246074"
"chr22","46810469","46810767","chr22","46586058","46586362","10","224411"
"chr22","47677712","47678011","chrX","19447697","19447999","36","28230015"
"chr22","47784288","47784591","chr22","47399468","47399752","22","384820"
"chr22","47969085","47969397","chr22","47597573","47597885","3","371512"
"chr22","48661840","48662128","chr22","48265045","48265329","5","396795"
"chr22","48681279","48681596","chr22","48285275","48285592","0","396004"
"chr22","49262642","49262950","chr22","48931746","48932054","1","330896"
"chr22","49319857","49319870","chr12","78171574","78171601","16","28851717"
"chr22","49319904","49320182","chr22","48992635","48992914","4","327269"
"chr22","49440539","49440839","chr22","49116677","49116976","2","323862"
"chr22","49659790","49660101","chr22","49362539","49362844","9","297251"
"chr22","49925836","49926132","chr22","49502864","49503161","1","422972"
"chr22","49972954","49973255","chr22","49551011","49551312","3","421943"
"chr22","49985408","49985720","chr22","49563910","49564220","6","421498"
"chr22","49990895","49991188","chr22","49570223","49570516","3","420672"
"chr22","50000388","50000683","chr22","49580113","49580408","3","420275"
"chr22","50105575","50105882","chr22","49689667","49689974","2","415908"
"chr2A","30801750","30802065","chr1","22967515","22967827","39","7834235"
"chr2A","84672299","84672574","chr2A","84187093","84187368","0","485206"
"chr2A","224533","224832","chr2A","226141","226441","3","1608"
"chr2A","653489","653784","chr2A","669510","669807","4","16021"
"chr2A","877338","877623","chr2A","901848","902135","7","24510"
"chr2A","1229734","1230026","chr2A","1262834","1263129","10","33100"
"chr2A","1385137","1385434","chr2A","1420796","1421094","2","35659"
"chr2A","1578675","1578976","chr15","38226582","38226880","31","36647907"
"chr2A","1660444","1660740","chr2A","1634915","1635211","4","25529"
"chr2A","2363565","2363849","chr2A","2360492","2360776","2","3073"
"chr2A","3410548","3410852","chr2A","5027134","5027438","7","1616586"
"chr2A","3475949","3476241","chr2A","3050030","3050323","3","425919"
"chr2A","3678183","3678472","chr2A","3263583","3263884","13","414600"
"chr2A","3834052","3834357","chr2A","3423405","3423704","7","410647"
"chr2A","4922372","4922668","chrUn_GL394103","33649","33945","0","4888723"
"chr2A","5304487","5304800","chr2A","5463843","5464152","7","159356"
"chr2A","5905598","5905884","chr2A","5849772","5850055","7","55826"
"chr2A","6794629","6794921","chr2A","6750040","6750329","3","44589"
"chr2A","7098142","7098431","chr2A","7050153","7050443","1","47989"
"chr2A","8437365","8437664","chr2A","8371362","8371661","1","66003"
"chr2A","8911803","8912101","chr2A","8842718","8843015","3","69085"
"chr2A","8923521","8923826","chr2A","8854764","8855069","3","68757"
"chr2A","9257738","9257904","chr19","13968486","13968648","22","4710748"
"chr2A","9317397","9317691","chr2A","9249476","9249770","6","67921"
"chr2A","9565464","9565604","chr3","191023369","191023506","19","181457905"
"chr2A","9568497","9568731","chr19","5668675","5668917","57","3899822"
"chr2A","9655481","9655780","chr2A","9595384","9595685","2","60097"
"chr2A","9752600","9752907","chr2A","9693976","9694284","2","58624"
"chr2A","9850716","9851034","chr2A","9793198","9793511","10","57518"
"chr2A","10100358","10100667","chr2A","10047050","10047359","3","53308"
"chr2A","10707384","10707680","chr2A","10648382","10648681","11","59002"
"chr2A","10859113","10859414","chr2A","10808748","10809051","4","50365"
"chr2A","10964993","10965296","chr2A","10918847","10919153","23","46146"
"chr2A","11257397","11257702","chr2A","11222523","11222829","1","34874"
"chr2A","11561088","11561305","chr4","2249229","2249438","42","9311859"
"chr2A","11594889","11595198","chr2A","11572823","11573130","2","22066"
"chr2A","11598471","11598743","chr2A","11576395","11576669","3","22076"
"chr2A","11610113","11610418","chr2A","11588149","11588456","3","21964"
"chr2A","11695239","11695541","chr2A","11675032","11675332","4","20207"
"chr2A","11846930","11847227","chr2A","11829485","11829782","0","17445"
"chr2A","11962683","11962987","chr2A","11946457","11946761","3","16226"
"chr2A","12392748","12392997","chr2A","12378856","12379116","12","13892"
"chr2A","12982238","12982530","chr2A","12967202","12967493","4","15036"
"chr2A","14380059","14380277","chr2A","14397155","14397373","4","17096"
"chr2A","14418045","14418347","chr2A","14435184","14435488","2","17139"
"chr2A","14656582","14656891","chr2A","14675940","14676248","5","19358"
"chr2A","14740999","14741296","chr2A","14765346","14765643","1","24347"
"chr2A","16062532","16062836","chr2A","16096267","16096574","4","33735"
"chr2A","16103307","16103579","chr2A","16137962","16138234","0","34655"
"chr2A","16118178","16118460","chr2A","16152791","16153100","27","34613"
"chr2A","16170020","16170324","chr2A","16207574","16207878","1","37554"
"chr2A","16191934","16192234","chr2A","16229947","16230239","9","38013"
"chr2A","16222838","16223149","chr2A","16260908","16261218","1","38070"
"chr2A","16304764","16305049","chr2A","16386668","16386953","0","81904"
"chr2A","16501261","16501561","chr2A","16580568","16580867","2","79307"
"chr2A","16957538","16957853","chr2A","17044307","17044622","0","86769"
"chr2A","17254930","17255229","chr2A","17344678","17344977","2","89748"
"chr2A","17514483","17514792","chr2A","17604476","17604785","1","89993"
"chr2A","17838759","17839052","chr2A","17931808","17932123","22","93049"
"chr2A","17858819","17859117","chr2A","17951914","17952228","20","93095"
"chr2A","19000601","19000871","chr2A","19104926","19105196","1","104325"
"chr2A","20201466","20201777","chr2A","20316470","20316789","14","115004"
"chr2A","20336209","20336504","chr16","21536423","21536721","39","1200214"
"chr2A","21210497","21210812","chr2A","21368131","21368450","4","157634"
"chr2A","21215068","21215359","chr2A","21372706","21373007","10","157638"
"chr2A","21314123","21314433","chr2A","21476002","21476314","3","161879"
"chr2A","21472073","21472349","chr2A","21635485","21635763","3","163412"
"chr2A","21727470","21727778","chr2A","21895079","21895384","7","167609"
"chr2A","21744753","21745044","chr2A","21912361","21912653","2","167608"
"chr2A","22483551","22483843","chr2A","22665684","22665993","18","182133"
"chr2A","23912822","23913138","chr2A","24123468","24123783","3","210646"
"chr2A","24249386","24249693","chr10","73864207","73864514","34","49614821"
"chr2A","24373090","24373393","chr2A","24596545","24596848","0","223455"
"chr2A","24486296","24486588","chr17","43507413","43507707","31","19021117"
"chr2A","24749839","24750133","chr2A","24973699","24973997","6","223860"
"chr2A","24852521","24852814","chr2A","25076440","25076734","1","223919"
"chr2A","24873725","24873827","chr2A","25098324","25098426","0","224599"
"chr2A","24874246","24874460","chr2A","25099117","25099330","6","224871"
"chr2A","25062514","25062817","chr2A","25292826","25293132","4","230312"
"chr2A","25231513","25231798","chr2A","25466903","25467194","9","235390"
"chr2A","25371481","25371787","chr2A","105239285","105239586","30","79867804"
"chr2A","25386358","25386652","chr2A","25620267","25620562","1","233909"
"chr2A","25444272","25444575","chr2A","25678144","25678447","3","233872"
"chr2A","25505682","25505744","chr2B","170302174","170302232","23","144796492"
"chr2A","25651397","25651703","chr2A","25892073","25892386","9","240676"
"chr2A","25943169","25943480","chr2A","26192955","26193265","4","249786"
"chr2A","26140877","26141176","chr2A","26403005","26403304","0","262128"
"chr2A","26223298","26223586","chr2A","26487208","26487502","6","263910"
"chr2A","26335609","26335922","chr2A","26604563","26604851","25","268954"
"chr2A","26342277","26342563","chr3","181593421","181593700","33","155251144"
"chr2A","26361001","26361302","chr2A","26630797","26631102","5","269796"
"chr2A","26677893","26678203","chr2A","26956845","26957155","3","278952"
"chr2A","26923435","26923730","chr2A","27210014","27210313","5","286579"
"chr2A","26929930","26930224","chr2A","27216524","27216820","4","286594"
"chr2A","27119055","27119364","chr2A","27404587","27404896","7","285532"
"chr2A","27234758","27235064","chr2A","27523599","27523904","2","288841"
"chr2A","27380451","27380759","chr2A","27670973","27671281","1","290522"
"chr2A","27435553","27435855","chr2A","27726771","27727075","4","291218"
"chr2A","27464121","27464409","chr2A","27755878","27756166","0","291757"
"chr2A","27915526","27915831","chr17","55925400","55925705","33","28009874"
"chr2A","28293646","28293947","chr2A","28602007","28602309","3","308361"
"chr2A","28372833","28373132","chr2A","28681926","28682229","5","309093"
"chr2A","28377022","28377313","chr2A","28686122","28686415","3","309100"
"chr2A","28501745","28502056","chr2A","28815625","28815938","4","313880"
"chr2A","28561334","28561629","chr7","155966475","155966769","34","127405141"
"chr2A","28806936","28807228","chr2A","29124673","29124965","1","317737"
"chr2A","28857802","28858097","chr2A","29176456","29176751","1","318654"
"chr2A","28928979","28929275","chr2A","29249714","29250012","3","320735"
"chr2A","29043060","29043347","chr1","45161195","45161493","49","16118135"
"chr2A","29201873","29202167","chr2A","29524965","29525258","2","323092"
"chr2A","29583839","29584152","chr2A","29910911","29911224","5","327072"
"chr2A","30785603","30785915","chr2A","31126262","31126574","3","340659"
"chr2A","30798251","30798540","chr2A","31138908","31139197","1","340657"
"chr2A","32141277","32141585","chr2A","32529233","32529542","5","387956"
"chr2A","32905733","32906023","chr2A","32652725","32653015","2","253008"
"chr2A","32927025","32927314","chr2A","32677130","32677420","2","249895"
"chr2A","33373272","33373565","chr2A","33132789","33133083","4","240483"
"chr2A","33860337","33860620","chr8","123868559","123868848","39","90008222"
"chr2A","34914126","34914407","chr2A","34661868","34662149","2","252258"
"chr2A","35079922","35080176","chr2A","34828870","34829118","12","251052"
"chr2A","35136665","35136963","chr2A","34885703","34886000","3","250962"
"chr2A","35641645","35641931","chr2A","35389361","35389647","0","252284"
"chr2A","36286148","36286256","chr5","155652183","155652292","21","119366035"
"chr2A","36297999","36298044","chr8","7035472","7035517","15","29262527"
"chr2A","36502959","36503266","chr1","24190740","24191046","39","12312219"
"chr2A","37729070","37729155","chr4","17203585","17203661","15","20525485"
"chr2A","38281721","38282105","chr2A","38028617","38029002","3","253104"
"chr2A","39107193","39107478","chr2A","38864962","38865247","0","242231"
"chr2A","39127736","39128009","chr2A","38888588","38888861","1","239148"
"chr2A","39208772","39209067","chr1","109751228","109751520","29","70542456"
"chr2A","39435122","39435432","chr2A","39203621","39203933","6","231501"
"chr2A","39436461","39436753","chr2A","39204962","39205254","0","231499"
"chr2A","39463297","39463553","chr2A","39233111","39233368","1","230186"
"chr2A","39474670","39474962","chr2A","39244406","39244703","5","230264"
"chr2A","39625744","39626042","chr2A","39405847","39406147","4","219897"
"chr2A","39903252","39903512","chr2A","39685832","39686096","5","217420"
"chr2A","40241065","40241361","chr2A","40028556","40028853","3","212509"
"chr2A","40272991","40273286","chr2A","40060843","40061140","5","212148"
"chr2A","40434433","40434714","chr2A","40223550","40223855","26","210883"
"chr2A","41005518","41005824","chr2A","40800900","40801206","2","204618"
"chr2A","42871150","42871527","chr2A","42590463","42590840","2","280687"
"chr2A","42957866","42958101","chr2A","42680315","42680559","14","277551"
"chr2A","43384972","43385083","chr2A","43115342","43115462","9","269630"
"chr2A","43585680","43585975","chr2A","43324118","43324414","2","261562"
"chr2A","44226196","44226515","chr2A","43961831","43962140","10","264365"
"chr2A","44298285","44298553","chr6","21836740","21837009","35","22461545"
"chr2A","44435252","44435549","chr2A","44170542","44170847","13","264710"
"chr2A","44664439","44664730","chr2A","44402239","44402531","4","262200"
"chr2A","44687160","44687459","chr2A","44424964","44425262","5","262196"
"chr2A","44759313","44759610","chr2A","44496854","44497154","4","262459"
"chr2A","45129891","45130191","chr2A","44777165","44777465","1","352726"
"chr2A","45287819","45288119","chr2A","44936502","44936802","1","351317"
"chr2A","46544171","46544485","chr2A","46209055","46209369","2","335116"
"chr2A","46673704","46673994","chr14","56365688","56365978","36","9691984"
"chr2A","46841002","46841311","chr2A","46510740","46511042","11","330262"
"chr2A","48046585","48046885","chr2A","47748000","47748300","0","298585"
"chr2A","48061916","48062222","chr2A","47764232","47764541","12","297684"
"chr2A","48187186","48187481","chr2A","47890603","47890893","8","296583"
"chr2A","48256831","48256886","chr1","180807430","180807483","10","132550599"
"chr2A","48284014","48284308","chr2A","47989797","47990092","2","294217"
"chr2A","48295600","48295914","chr2A","48001884","48002199","1","293716"
"chr2A","48314224","48314528","chr2A","48023050","48023356","2","291174"
"chr2A","48398543","48398880","chr17","2052218","2052543","48","46346325"
"chr2A","48419969","48420271","chr2A","48135184","48135488","5","284785"
"chr2A","48501510","48501810","chr2A","48220454","48220753","5","281056"
"chr2A","48731650","48731963","chr2A","48448691","48449002","5","282959"
"chr2A","48745270","48745546","chr2A","48461417","48461693","0","283853"
"chr2A","48746341","48746627","chr2A","48462487","48462773","0","283854"
"chr2A","48799632","48799944","chr14","99786490","99786801","43","50986858"
"chr2A","48827325","48827620","chrX","36203671","36203965","33","12623654"
"chr2A","48880163","48880461","chr2A","48602286","48602584","2","277877"
"chr2A","48921288","48921555","chr4","141725124","141725382","49","92803836"
"chr2A","48966538","48966835","chr2A","48689316","48689616","4","277222"
"chr2A","49176556","49176705","chr19","57331012","57331163","21","8154456"
"chr2A","49221401","49221700","chr2A","48946230","48946531","3","275171"
"chr2A","49953770","49954057","chr2A","49689218","49689505","1","264552"
"chr2A","50502155","50502468","chr2A","50232103","50232416","3","270052"
"chr2A","52281808","52282106","chr2A","52031130","52031428","1","250678"
"chr2A","52694726","52695001","chr2A","52444259","52444533","4","250467"
"chr2A","53221286","53221584","chr2A","52969329","52969629","3","251957"
"chr2A","53393985","53394290","chr2A","53147639","53147944","4","246346"
"chr2A","53757083","53757385","chr2A","53528361","53528670","8","228722"
"chr2A","54012829","54013125","chr2A","53784729","53785025","3","228100"
"chr2A","54571108","54571411","chr2A","54359615","54359911","8","211493"
"chr2A","54631365","54631676","chr2A","54420029","54420342","10","211336"
"chr2A","54701775","54702065","chr2A","54490659","54490949","0","211116"
"chr2A","54725040","54725131","chr8","78414513","78414604","11","23689473"
"chr2A","54826524","54826827","chr2A","54617472","54617775","0","209052"
"chr2A","54926538","54926828","chr2A","54718603","54718891","3","207935"
"chr2A","55038043","55038317","chr2A","54831282","54831556","0","206761"
"chr2A","55049316","55049618","chr2A","54843640","54843923","21","205676"
"chr2A","55139288","55139599","chr2A","54934976","54935287","4","204312"
"chr2A","56386933","56387221","chr2A","55948853","55949141","1","438080"
"chr2A","56542786","56543096","chr2A","56106309","56106619","2","436477"
"chr2A","56768147","56768371","chr17","60683821","60684031","50","3915674"
"chr2A","56773449","56773543","chr8","118449488","118449581","14","61676039"
"chr2A","56773842","56773853","chr2A","86562381","86562407","15","29788539"
"chr2A","56929875","56929927","chr20","29149981","29150031","6","27779894"
"chr2A","56988416","56988712","chr2A","56560261","56560557","1","428155"
"chr2A","57003616","57003951","chr2A","56576170","56576475","31","427446"
"chr2A","57008389","57008686","chr2A","56580912","56581211","3","427477"
"chr2A","57035483","57035760","chr2A","56609379","56609665","14","426104"
"chr2A","57224299","57224593","chr2A","56797181","56797477","2","427118"
"chr2A","59195782","59195888","chr16","76370373","76370474","22","17174591"
"chr2A","59304476","59304776","chr2A","58908769","58909069","1","395707"
"chr2A","59662861","59663142","chr2A","59269815","59270096","2","393046"
"chr2A","59727442","59727753","chr2A","59337711","59338022","1","389731"
"chr2A","59820546","59820844","chr2A","59431113","59431416","5","389433"
"chr2A","60293531","60293833","chr1","78370843","78371142","44","18077312"
"chr2A","60413709","60414014","chr2A","60029576","60029884","5","384133"
"chr2A","61529954","61530215","chr2A","61145232","61145494","2","384722"
"chr2A","61785025","61785335","chr2A","61399118","61399429","3","385907"
"chr2A","61917121","61917422","chr2A","61533367","61533670","4","383754"
"chr2A","61990704","61991008","chr2A","61608254","61608567","14","382450"
"chr2A","62031425","62031729","chr2A","61649466","61649775","7","381959"
"chr2A","62247291","62247608","chr6","3375104","3375417","42","58872187"
"chr2A","62360612","62360907","chr2A","61983379","61983673","3","377233"
"chr2A","62361277","62361578","chr2A","61984043","61984341","4","377234"
"chr2A","62629068","62629365","chr2A","62258793","62259087","5","370275"
"chr2A","62650045","62650328","chr2A","62279965","62280248","0","370080"
"chr2A","62653733","62654043","chr2A","62283662","62283974","3","370071"
"chr2A","62736089","62736364","chr2A","62370621","62370896","0","365468"
"chr2A","62902805","62903102","chr2A","62541027","62541321","4","361778"
"chr2A","62915381","62915672","chr2A","62554390","62554681","2","360991"
"chr2A","63039500","63039801","chr2A","62681579","62681881","1","357921"
"chr2A","63113346","63113611","chr2A","62755948","62756211","2","357398"
"chr2A","63185051","63185360","chr2A","62828306","62828610","7","356745"
"chr2A","63274906","63275220","chr2A","62919317","62919630","12","355589"
"chr2A","63288018","63288309","chr2A","62932226","62932517","1","355792"
"chr2A","63569683","63569783","chr11","107728520","107728620","16","44158837"
"chr2A","63597520","63597822","chr2A","63255546","63255848","3","341974"
"chr2A","63825384","63825485","chr22","29594022","29594122","19","34231362"
"chr2A","64540846","64541129","chr2A","64206393","64206691","21","334453"
"chr2A","64886827","64887129","chr2A","64560297","64560603","6","326530"
"chr2A","64909120","64909442","chr2A","64582548","64582871","1","326572"
"chr2A","66026603","66026909","chr2A","65721621","65721929","12","304982"
"chr2A","66031436","66031725","chrX","136657333","136657618","40","70625897"
"chr2A","66153676","66153946","chr2A","65853036","65853306","0","300640"
"chr2A","66199760","66200051","chr2A","65902012","65902304","4","297748"
"chr2A","66268507","66268794","chr2A","65972237","65972524","1","296270"
"chr2A","66373671","66373963","chr2A","66079810","66080103","4","293861"
"chr2A","66399602","66399917","chr2A","66105913","66106229","2","293689"
"chr2A","66473613","66473913","chr2A","66181787","66182087","3","291826"
"chr2A","66500838","66501130","chr2A","66209257","66209555","7","291581"
"chr2A","66541523","66541805","chr2A","66250806","66251091","5","290717"
"chr2A","66548428","66548728","chr2A","66257727","66258030","5","290701"
"chr2A","66639429","66639737","chr2A","66349966","66350275","2","289463"
"chr2A","68157866","68158169","chr2A","67885303","67885610","6","272563"
"chr2A","68165933","68166244","chr2A","67893359","67893671","24","272574"
"chr2A","69233907","69234204","chr2A","68966037","68966349","27","267870"
"chr2A","69482176","69482471","chr2A","69218385","69218680","1","263791"
"chr2A","69506719","69507000","chrX","109052172","109052452","31","39545453"
"chr2A","69525025","69525316","chr2A","69261785","69262076","1","263240"
"chr2A","69627243","69627552","chr2A","69364834","69365145","3","262409"
"chr2A","70650373","70650685","chr2A","100886162","100886459","60","30235789"
"chr2A","70748824","70749096","chr2A","70504982","70505254","1","243842"
"chr2A","70935198","70935489","chr2A","70696971","70697263","2","238227"
"chr2A","71176826","71177118","chr2A","70940156","70940452","6","236670"
"chr2A","71340334","71340628","chr2A","71111218","71111525","16","229116"
"chr2A","71502074","71502382","chr2A","71275406","71275712","2","226668"
"chr2A","72095103","72095393","chr2A","71879316","71879610","7","215787"
"chr2A","72128845","72129149","chr2A","71914119","71914431","9","214726"
"chr2A","72743398","72743685","chr2A","72143855","72144142","1","599543"
"chr2A","72798960","72799029","chr3","139926597","139926664","16","67127637"
"chr2A","73090247","73090550","chr1","124407286","124407598","50","51317039"
"chr2A","74217203","74217512","chr2A","73627143","73627457","6","590060"
"chr2A","74669449","74669548","chr22","29594022","29594122","26","45075427"
"chr2A","74707790","74708093","chr1","205799406","205799702","41","131091616"
"chr2A","74903976","74904283","chr2A","74326993","74327298","2","576983"
"chr2A","75154403","75154700","chr2A","74577625","74577932","10","576778"
"chr2A","75471817","75472128","chr10","72234410","72234720","35","3237407"
"chr2A","75551301","75551607","chr2A","74931648","74931959","7","619653"
"chr2A","75676629","75676937","chr2A","75060930","75061240","7","615699"
"chr2A","75807835","75808147","chr2A","75193885","75194195","8","613950"
"chr2A","75982938","75983250","chr2A","75371783","75372097","12","611155"
"chr2A","76050292","76050563","chr4","47013953","47014225","41","29036339"
"chr2A","76194638","76194939","chr2A","75590269","75590570","1","604369"
"chr2A","76337711","76338004","chr2A","75736840","75737134","7","600871"
"chr2A","76979984","76980068","chr2A","76399770","76399856","2","580214"
"chr2A","78016640","78016688","chr20","29149981","29150031","8","48866659"
"chr2A","78715530","78715847","chr2A","78068643","78068965","8","646887"
"chr2A","78981208","78981499","chr2A","78336176","78336468","2","645032"
"chr2A","79467274","79467606","chr17","78413574","78413901","56","1053700"
"chr2A","80182163","80182450","chr2A","79567262","79567551","5","614901"
"chr2A","80959716","80960011","chr2A","80373553","80373850","3","586163"
"chr2A","84447377","84447686","chr2A","83957594","83957899","7","489783"
"chr2A","84567195","84567478","chr2A","84080863","84081146","1","486332"
"chr2A","84864102","84864383","chr2A","84401480","84401794","33","462622"
"chr2A","84938862","84939165","chr2A","84484733","84485036","0","454129"
"chr2A","86606242","86606553","chr2A","86178443","86178753","3","427799"
"chr2A","86670837","86671069","chr1","24067245","24067486","42","62603592"
"chr2A","86695066","86695364","chr2A","86268240","86268536","3","426826"
"chr2A","86752463","86752774","chr2A","86328352","86328661","4","424111"
"chr2A","86803017","86803269","chr2A","86380756","86381008","1","422261"
"chr2A","87016317","87016618","chr2A","86600636","86600937","0","415681"
"chr2A","87046560","87046865","chr2A","86632190","86632465","33","414370"
"chr2A","87125222","87125525","chr6","6728897","6729194","60","80396325"
"chr2A","87176568","87176879","chr2A","86758690","86759000","5","417878"
"chr2A","87232513","87232821","chr2A","86818634","86818946","8","413879"
"chr2A","87728117","87728391","chr2A","87331613","87331912","28","396504"
"chr2A","87871526","87871813","chr2A","87481294","87481581","1","390232"
"chr2A","87896055","87896351","chr1","131901211","131901510","35","44005156"
"chr2A","88148237","88148535","chr2A","87766628","87766930","4","381609"
"chr2A","89050304","89050461","chr2A","88313416","88313575","3","736888"
"chr2A","89103699","89104000","chr2A","88368003","88368305","1","735696"
"chr2A","89315569","89315868","chr2A","88583127","88583440","15","732442"
"chr2A","89470439","89470742","chr2A","88738261","88738565","1","732178"
"chr2A","89536636","89536930","chr2A","88804529","88804823","0","732107"
"chr2A","89663888","89664190","chr2A","88933128","88933431","3","730760"
"chr2A","92091415","92091681","chr1","128826658","128826936","54","36735243"
"chr2A","96030967","96031274","chr2A","95320098","95320404","4","710869"
"chr2A","96106787","96107093","chr2B","192594888","192595194","28","96488101"
"chr2A","97326230","97326554","chr2A","96642429","96642753","2","683801"
"chr2A","97477030","97477321","chr2A","96797891","96798188","10","679139"
"chr2A","97618379","97618699","chr2A","96947173","96947493","2","671206"
"chr2A","97639843","97639920","chr8","80803434","80803503","15","16836409"
"chr2A","97845672","97845969","chr2A","97179310","97179613","7","666362"
"chr2A","98591283","98591397","chr2A","97864481","97864595","0","726802"
"chr2A","98913504","98913803","chr7","109847432","109847731","37","10933928"
"chr2A","98979398","98979690","chr2A","98255358","98255650","0","724040"
"chr2A","99616004","99616301","chr2A","98902286","98902589","10","713718"
"chr2A","99694621","99694894","chr2A","98967873","98968145","10","726748"
"chr2A","99869761","99870055","chr22","49705972","49706262","42","50163789"
"chr2A","99875078","99875379","chr2A","99154831","99155140","10","720247"
"chr2A","99900852","99901116","chr2A","99181695","99181959","1","719157"
"chr2A","100296755","100297074","chr2A","99579250","99579571","3","717505"
"chr2A","100519057","100519359","chr2A","99792689","99792995","7","726368"
"chr2A","100524238","100524541","chr2A","99797879","99798191","13","726359"
"chr2A","100631294","100631601","chr2A","99906472","99906780","3","724822"
"chr2A","100829031","100829258","chr2A","100110258","100110485","2","718773"
"chr2A","101509928","101510174","chr2A","100804139","100804412","31","705789"
"chr2A","101555074","101555369","chr1","17393141","17393441","41","84161933"
"chr2A","101814726","101815022","chr2A","101114004","101114300","0","700722"
"chr2A","101887797","101887913","chr2A","101196465","101196581","3","691332"
"chr2A","102187200","102187500","chr2A","101509813","101510114","2","677387"
"chr2A","102358467","102358746","chr2A","101680232","101680513","6","678235"
"chr2A","102460648","102460985","chr1","133462116","133462459","51","31001468"
"chr2A","102489944","102490226","chr19","42156379","42156662","34","60333565"
"chr2A","103282197","103282498","chr2A","102534733","102535036","7","747464"
"chr2A","105416527","105416839","chr2A","104666231","104666543","1","750296"
"chr2A","105982835","105983140","chr2A","105239285","105239586","4","743550"
"chr2A","106398828","106399125","chr2A","105662030","105662328","7","736798"
"chr2A","106404971","106405277","chr10","72230426","72230735","26","34174545"
"chr2A","106516179","106516468","chr2A","105786831","105787120","2","729348"
"chr2A","106630918","106631213","chr2A","105905241","105905538","6","725677"
"chr2A","106801009","106801312","chr2A","106076351","106076655","4","724658"
"chr2A","106973626","106973929","chr2A","106253026","106253324","9","720600"
"chr2A","106974637","106974945","chr2A","106254032","106254343","8","720605"
"chr2A","107031818","107032113","chr2A","106311729","106312027","7","720089"
"chr2A","107308412","107308695","chrUn_GL394720","3712","3995","2","107304700"
"chr2A","109684740","109684972","chr2A","108888659","108888893","6","796081"
"chr2A","109694369","109694655","chr2A","108898646","108898949","17","795723"
"chr2A","109723066","109723365","chr2A","108926555","108926861","9","796511"
"chr2A","109809318","109809624","chr2A","109026684","109027000","15","782634"
"chr2A","109876152","109876471","chr2A","109093657","109093977","3","782495"
"chr2A","110073284","110073561","chr2A","109261927","109262209","7","811357"
"chr2A","110375644","110375928","chr2B","177278915","177279210","41","66903271"
"chr2A","110433431","110433736","chr17","57640742","57641044","30","52792689"
"chr2A","110458381","110458657","chr17","39716908","39717168","16","70741473"
"chr2A","110487342","110487643","chr17","47687498","47687797","41","62799844"
"chr2A","110558126","110558292","chr3","189748917","189749082","25","79190791"
"chr2A","110566042","110566110","chr8","80803434","80803503","11","29762608"
"chr2A","110877041","110877330","chr2A","109607238","109607530","5","1269803"
"chr2A","110911131","110911429","chr2A","109640604","109640905","4","1270527"
"chr2A","111510457","111510762","chr2A","110418543","110418848","0","1091914"
"chr2A","111523897","111524206","chr2A","110431630","110431941","9","1092267"
"chr2A","111848935","111849232","chr2A","110729889","110730188","4","1119046"
"chr2A","113685500","113685808","chr4","171716898","171717206","35","58031398"
"chr2A","113705990","113706276","chr2A","112782271","112782560","3","923719"
"chr2A","113752970","113753268","chr2A","112831485","112831786","3","921485"
"chr2B","121765878","121766211","chr2B","121853585","121853927","14","87707"
"chr2B","155713254","155713555","chr2B","155385397","155385698","1","327857"
"chr2B","215744456","215744749","chr2B","214995789","214996082","1","748667"
"chr2B","221904594","221904906","chr2B","221072483","221072797","5","832111"
"chr2B","237633446","237633735","chr2B","236856197","236856473","16","777249"
"chr2B","114156448","114156755","chr2B","114148435","114148713","30","8013"
"chr2B","114267272","114267566","chr18","31958969","31959269","40","82308303"
"chr2B","114478349","114478663","chr2B","114468289","114468602","9","10060"
"chr2B","114617345","114617632","chr2B","114636417","114636724","20","19072"
"chr2B","115030097","115030405","chr2B","115062605","115062917","9","32508"
"chr2B","115564303","115564596","chr2B","115596352","115596646","1","32049"
"chr2B","116945968","116946261","chr2B","116952741","116953033","3","6773"
"chr2B","117001679","117001841","chr2B","117008476","117008638","1","6797"
"chr2B","117278365","117278669","chr2B","117291954","117292266","10","13589"
"chr2B","117624362","117624657","chr2B","117641033","117641326","8","16671"
"chr2B","117884347","117884650","chr2B","117906862","117907161","4","22515"
"chr2B","119714140","119714424","chr13","32872949","32873233","31","86841191"
"chr2B","120518428","120518575","chr11","46641316","46641456","29","73877112"
"chr2B","120535729","120536043","chr2B","120596532","120596847","2","60803"
"chr2B","120538762","120539044","chr2B","120599568","120599850","0","60806"
"chr2B","120541300","120541601","chr2B","120602111","120602418","9","60811"
"chr2B","120628150","120628436","chr2B","120690732","120691018","1","62582"
"chr2B","121804074","121804362","chr2B","121892945","121893233","0","88871"
"chr2B","122090486","122090756","chr1","223712066","223712342","36","101621580"
"chr2B","122362159","122362454","chr2B","122268873","122269171","5","93286"
"chr2B","122443300","122443618","chr2B","122353219","122353533","14","90081"
"chr2B","122695083","122695378","chr2B","122606789","122607085","2","88294"
"chr2B","124157414","124157724","chr2B","124085781","124086097","7","71633"
"chr2B","124416265","124416400","chr3","50745335","50745466","25","73670930"
"chr2B","125093285","125093606","chr2B","125033188","125033508","3","60097"
"chr2B","125140412","125140721","chr7","106673413","106673716","45","18466999"
"chr2B","125423911","125424198","chr2B","125370618","125370907","3","53293"
"chr2B","125469659","125469961","chr2B","125418880","125419185","7","50779"
"chr2B","125990285","125990595","chr6","160122129","160122441","55","34131844"
"chr2B","126553335","126553637","chr2B","126520968","126521270","2","32367"
"chr2B","126612485","126612611","chr2B","126583558","126583684","0","28927"
"chr2B","127409487","127409792","chr2B","127407331","127407625","12","2156"
"chr2B","127483113","127483418","chr2B","127482292","127482599","5","821"
"chr2B","127850633","127850944","chr2B","127875188","127875499","6","24555"
"chr2B","127915874","127916183","chr2B","127943568","127943877","2","27694"
"chr2B","127919295","127919597","chr2B","127946976","127947279","2","27681"
"chr2B","127984914","127985264","chr2B","128013925","128014250","33","29011"
"chr2B","127987986","127988286","chr2B","128016975","128017275","1","28989"
"chr2B","128157503","128157810","chr2B","128189446","128189751","4","31943"
"chr2B","128435885","128436169","chr2B","128477578","128477877","16","41693"
"chr2B","128535386","128535552","chr17","17189272","17189438","25","111346114"
"chr2B","128561541","128561840","chr2B","128606736","128607035","0","45195"
"chr2B","128597337","128597618","chr2B","128660512","128660795","2","63175"
"chr2B","128846502","128846787","chr2B","128914258","128914545","2","67756"
"chr2B","128857381","128857658","chr2B","128925152","128925432","7","67771"
"chr2B","129010553","129010871","chr2B","129080210","129080508","22","69657"
"chr2B","129247329","129247623","chr2B","129323439","129323735","2","76110"
"chr2B","129578763","129579060","chr2B","129658475","129658762","14","79712"
"chr2B","129626454","129626769","chr2B","129706277","129706602","15","79823"
"chr2B","130389420","130389480","chr2B","130484976","130485035","1","95556"
"chr2B","130621021","130621309","chr2B","130719020","130719323","15","97999"
"chr2B","130646307","130646597","chr2B","130746272","130746563","2","99965"
"chr2B","131474702","131475014","chr2B","131293044","131293356","2","181658"
"chr2B","131567447","131567758","chr6","36377625","36377927","40","95189822"
"chr2B","131861991","131862294","chr2B","131696637","131696930","10","165354"
"chr2B","131892086","131892380","chr2B","131726274","131726568","2","165812"
"chr2B","137313031","137313313","chr2B","137137797","137138084","6","175234"
"chr2B","138074295","138074595","chr3","198078071","198078370","33","60003776"
"chr2B","138709485","138709679","chr2B","138563390","138563588","7","146095"
"chr2B","138720393","138720688","chr2B","138579856","138580146","7","140537"
"chr2B","138773822","138774111","chr2B","138633233","138633533","14","140589"
"chr2B","138991124","138991307","chr14","102055726","102055904","29","36935398"
"chr2B","139038292","139038600","chr2B","138900473","138900783","5","137819"
"chr2B","139272397","139272665","chr2B","139139757","139140024","3","132640"
"chr2B","139373595","139373894","chr2B","139245758","139246057","2","127837"
"chr2B","139395042","139395326","chr2B","139267075","139267362","3","127967"
"chr2B","139568857","139569163","chr2B","139442486","139442792","0","126371"
"chr2B","139636354","139636651","chr2B","139516066","139516364","2","120288"
"chr2B","139791523","139791819","chr2B","139674345","139674639","4","117178"
"chr2B","139914911","139915220","chr2B","139801632","139801941","3","113279"
"chr2B","140023469","140023755","chr2B","139914774","139915060","0","108695"
"chr2B","140242312","140242584","chr2B","140137490","140137771","9","104822"
"chr2B","140410259","140410572","chr2B","140306508","140306821","2","103751"
"chr2B","140574911","140575199","chr2B","140479134","140479422","1","95777"
"chr2B","141384738","141384870","chr2B","141288412","141288545","2","96326"
"chr2B","142269753","142270047","chr2B","142199000","142199293","2","70753"
"chr2B","142899088","142899334","chr2B","142833548","142833789","5","65540"
"chr2B","143322412","143322721","chr2B","143260916","143261225","1","61496"
"chr2B","143923668","143923975","chr2B","143860292","143860599","1","63376"
"chr2B","144039253","144039550","chr2B","143976321","143976631","14","62932"
"chr2B","144510539","144510819","chr2B","144454838","144455122","4","55701"
"chr2B","144931379","144931535","chr6","33912456","33912617","28","111018923"
"chr2B","145464188","145464414","chr2B","145404027","145404253","2","60161"
"chr2B","145872266","145872457","chr2B","145820815","145821007","5","51451"
"chr2B","146275945","146276159","chr2B","146225979","146226187","7","49966"
"chr2B","149828175","149828475","chr2B","149811081","149811384","9","17094"
"chr2B","150734440","150734724","chr2B","150438099","150438381","4","296341"
"chr2B","150788073","150788370","chr2B","150491906","150492204","2","296167"
"chr2B","151787559","151787863","chr2B","151499225","151499534","7","288334"
"chr2B","151887566","151887876","chr2B","151599198","151599479","30","288368"
"chr2B","152099060","152099353","chr2B","151814482","151814777","2","284578"
"chr2B","152662436","152662728","chr2B","152383238","152383530","3","279198"
"chr2B","152950405","152950716","chr17","54633848","54634164","37","98316557"
"chr2B","153259393","153259694","chr2B","152986372","152986680","8","273021"
"chr2B","155789537","155789843","chr2B","155461523","155461814","16","328014"
"chr2B","155893082","155893363","chr2B","155518643","155518933","9","374439"
"chr2B","156021860","156022143","chr2B","155649782","155650065","2","372078"
"chr2B","156053330","156053602","chr2B","155681182","155681479","25","372148"
"chr2B","156126479","156126766","chr2B","155754019","155754304","4","372460"
"chr2B","156650135","156650448","chr2B","156311180","156311490","4","338955"
"chr2B","156685353","156685642","chr2B","156346569","156346854","5","338784"
"chr2B","156801089","156801384","chr2B","156464315","156464611","4","336774"
"chr2B","156864391","156864707","chr2B","156527823","156528139","8","336568"
"chr2B","158064766","158065059","chr2B","157747843","157748136","0","316923"
"chr2B","158460705","158460770","chr3","183400045","183400111","13","24939340"
"chr2B","159329575","159329885","chr2B","159031384","159031694","10","298191"
"chr2B","159440256","159440502","chr2B","159142789","159143036","3","297467"
"chr2B","160171665","160171952","chr2B","159880129","159880400","18","291536"
"chr2B","160768576","160768883","chr2B","160485379","160485698","14","283197"
"chr2B","160983927","160984072","chr2B","160702178","160702324","2","281749"
"chr2B","161795004","161795298","chr2B","161529926","161530224","7","265078"
"chr2B","162415500","162415795","chr2B","162153444","162153752","16","262056"
"chr2B","163609825","163610137","chr2B","163212862","163213173","5","396963"
"chr2B","163804031","163804333","chr2B","163411318","163411627","9","392713"
"chr2B","163845266","163845570","chr2B","163452818","163453126","5","392448"
"chr2B","163944263","163944564","chr2B","163553722","163554024","4","390541"
"chr2B","163984146","163984455","chr14","21459742","21460054","33","142524404"
"chr2B","164054376","164054660","chr2B","163664598","163664882","2","389778"
"chr2B","164074611","164074886","chr14","92010344","92010621","48","72064267"
"chr2B","164256587","164256897","chr2B","163872062","163872370","2","384525"
"chr2B","164575425","164575728","chr2B","164195524","164195827","2","379901"
"chr2B","165115986","165116296","chr2B","164740783","164741093","4","375203"
"chr2B","165880594","165880896","chr2B","165505461","165505763","2","375133"
"chr2B","165960559","165960848","chr2B","165588483","165588773","4","372076"
"chr2B","166299281","166299567","chr2B","165928180","165928466","2","371101"
"chr2B","168520744","168520862","chr2B","168168478","168168596","0","352266"
"chr2B","168632426","168632732","chr2B","168281336","168281642","1","351090"
"chr2B","169108845","169109153","chr2B","168772091","168772395","6","336754"
"chr2B","169625821","169626104","chr2B","169291350","169291660","27","334471"
"chr2B","169862590","169862951","chr2B","169530401","169530765","5","332189"
"chr2B","169973361","169973678","chr2B","169641185","169641502","5","332176"
"chr2B","170285732","170286031","chr2B","169957460","169957771","14","328272"
"chr2B","170749433","170749492","chr2B","170302174","170302232","1","447259"
"chr2B","171689932","171689994","chr2B","171263944","171264006","0","425988"
"chr2B","172030011","172030306","chr2B","171646392","171646699","16","383619"
"chr2B","172884738","172885029","chr2B","172522022","172522314","2","362716"
"chr2B","172973276","172973455","chr2B","172610938","172611111","8","362338"
"chr2B","173725165","173725287","chr2B","173371116","173371241","5","354049"
"chr2B","174194001","174194318","chr2B","173850844","173851160","22","343157"
"chr2B","174394221","174394538","chr9","28721047","28721351","41","145673174"
"chr2B","174609971","174610263","chr2B","174287317","174287610","1","322654"
"chr2B","174664164","174664459","chr2B","174342301","174342597","3","321863"
"chr2B","174727902","174728208","chr2B","174402886","174403193","2","325016"
"chr2B","175434844","175435156","chr2B","175118839","175119148","8","316005"
"chr2B","175443771","175444077","chr2B","175127764","175128073","7","316007"
"chr2B","175576603","175576909","chr2B","175264202","175264515","8","312401"
"chr2B","175620663","175620963","chr2B","175308558","175308859","5","312105"
"chr2B","175680283","175680566","chr2B","175369535","175369818","0","310748"
"chr2B","175777292","175777581","chr2B","175464729","175465020","3","312563"
"chr2B","175810258","175810568","chr2B","175497775","175498081","6","312483"
"chr2B","175987365","175987706","chr2B","175671521","175671865","6","315844"
"chr2B","176008559","176008850","chr2B","175693253","175693544","1","315306"
"chr2B","176084885","176085187","chr2B","175773345","175773652","7","311540"
"chr2B","176458721","176459017","chr2B","176151589","176151885","1","307132"
"chr2B","176891422","176891709","chr2B","176591770","176592057","0","299652"
"chr2B","176947563","176947872","chr2B","176648525","176648834","11","299038"
"chr2B","177252798","177253095","chr2B","176955772","176956071","4","297026"
"chr2B","177572925","177573223","chr2B","177278915","177279210","4","294010"
"chr2B","178144794","178145086","chr2B","177856262","177856554","5","288532"
"chr2B","178671314","178671594","chr2B","178388604","178388892","10","282710"
"chr2B","178728280","178728564","chr2B","178443324","178443618","14","284956"
"chr2B","178741100","178741393","chr2B","178456129","178456423","5","284971"
"chr2B","178826834","178826946","chr2B","178546019","178546141","11","280815"
"chr2B","178891352","178891655","chr2B","178612054","178612360","6","279298"
"chr2B","179015781","179016091","chr2B","178737659","178737970","3","278122"
"chr2B","179035554","179035819","chrX","120407369","120407639","43","58628185"
"chr2B","179179015","179179290","chr17","62605036","62605320","48","116573979"
"chr2B","179273540","179273850","chr2B","178993225","178993539","8","280315"
"chr2B","179981508","179981805","chr2B","179713486","179713783","2","268022"
"chr2B","180113583","180113880","chr2B","179845695","179845993","5","267888"
"chr2B","180846728","180847027","chr2B","180327378","180327678","1","519350"
"chr2B","181156800","181157076","chr2B","180645525","180645827","26","511275"
"chr2B","181434325","181434603","chr2B","180924066","180924345","1","510259"
"chr2B","182145975","182146284","chr2B","181642711","181643022","2","503264"
"chr2B","182190849","182191151","chr2B","181696073","181696376","3","494776"
"chr2B","182500468","182500773","chr2B","182011935","182012243","4","488533"
"chr2B","182547277","182547567","chr2B","182059878","182060174","6","487399"
"chr2B","183250740","183251043","chr2B","182777137","182777442","4","473603"
"chr2B","184322304","184322599","chr2B","183861719","183862020","8","460585"
"chr2B","184749136","184749445","chr2B","184292080","184292392","3","457056"
"chr2B","185772207","185772477","chr2B","185211477","185211747","0","560730"
"chr2B","187950818","187950963","chr2B","187433395","187433546","7","517423"
"chr2B","188306894","188307199","chr2B","187788836","187789137","7","518058"
"chr2B","188330726","188330999","chr2B","187813116","187813389","3","517610"
"chr2B","188774086","188774375","chr2B","188267890","188268177","2","506196"
"chr2B","188810236","188810546","chr2B","188304063","188304381","19","506173"
"chr2B","189484467","189484765","chr2B","188987553","188987851","3","496914"
"chr2B","190085916","190086215","chr2B","189589572","189589874","5","496344"
"chr2B","191593635","191593935","chr2B","191108712","191109012","1","484923"
"chr2B","191633312","191633615","chr2B","191148328","191148631","2","484984"
"chr2B","191654724","191655037","chr2B","191170292","191170604","6","484432"
"chr2B","192039011","192039276","chrX","2013551","2013820","46","190025460"
"chr2B","193146644","193146956","chr2B","192534523","192534828","10","612121"
"chr2B","193206484","193206791","chr2B","192594888","192595194","4","611596"
"chr2B","193266305","193266597","chr2B","192652066","192652358","2","614239"
"chr2B","193604156","193604454","chr2B","193014257","193014557","4","589899"
"chr2B","195459203","195459489","chr2B","194893353","194893639","1","565850"
"chr2B","195518033","195518305","chr2B","194952633","194952909","6","565400"
"chr2B","195628847","195629156","chr2B","195064448","195064758","6","564399"
"chr2B","196266530","196266834","chr2B","195707647","195707957","7","558883"
"chr2B","196728727","196729001","chr2B","196174207","196174481","1","554520"
"chr2B","196959516","196959817","chr2B","196411747","196412044","13","547769"
"chr2B","197304647","197304941","chr2B","196759569","196759870","10","545078"
"chr2B","197672019","197672310","chr2B","197133326","197133617","1","538693"
"chr2B","200948490","200948768","chr2B","200449898","200450176","0","498592"
"chr2B","201709952","201710230","chr2B","201231096","201231387","19","478856"
"chr2B","202136641","202136965","chr2B","201673534","201673857","3","463107"
"chr2B","202532132","202532430","chr22","23792749","23793050","37","178739383"
"chr2B","202564563","202564730","chr17","17189272","17189438","21","185375291"
"chr2B","202646762","202647056","chr2B","202198251","202198552","8","448511"
"chr2B","203486611","203486901","chr2B","203048136","203048425","3","438475"
"chr2B","203861419","203861676","chr2B","203425827","203426084","0","435592"
"chr2B","204661832","204662114","chr2B","204234851","204235171","38","426981"
"chr2B","204987101","204987385","chr2B","204288314","204288602","6","698787"
"chr2B","205097580","205097715","chr2B","204403367","204403503","3","694213"
"chr2B","205283668","205283972","chr2B","204592459","204592763","3","691209"
"chr2B","206298346","206298658","chr2B","205620857","205621168","6","677489"
"chr2B","206421142","206421442","chr2B","205746973","205747271","2","674169"
"chr2B","206502680","206502777","chr22","29594022","29594122","17","176908658"
"chr2B","206519805","206520101","chr2B","205858644","205858941","1","661161"
"chr2B","206574819","206575126","chr7","54467262","54467569","36","152107557"
"chr2B","206620620","206620722","chr10","67075724","67075830","21","139544896"
"chr2B","207162529","207162838","chr2B","206513549","206513861","5","648980"
"chr2B","207207788","207208092","chr2B","206558854","206559159","5","648934"
"chr2B","207328053","207328356","chr2B","206678455","206678764","9","649598"
"chr2B","207675014","207675128","chr2A","95430884","95430999","18","112244130"
"chr2B","207702493","207702763","chr2B","207067440","207067710","1","635053"
"chr2B","207718897","207719203","chr2B","207084581","207084888","2","634316"
"chr2B","207864981","207865293","chr2B","207237223","207237533","2","627758"
"chr2B","207987336","207987647","chr2B","207364127","207364440","5","623209"
"chr2B","208044493","208044779","chr2B","207425199","207425485","0","619294"
"chr2B","208047563","208047848","chr2B","207428275","207428560","0","619288"
"chr2B","208057457","208057692","chr2B","207438112","207438354","13","619345"
"chr2B","208294045","208294331","chr7","125060504","125060782","9","83233541"
"chr2B","208382277","208382580","chr2B","207795136","207795439","2","587141"
"chr2B","208529534","208529635","chr20","34029243","34029350","17","174500291"
"chr2B","208859101","208859421","chr2B","208287520","208287840","0","571581"
"chr2B","209122945","209123266","chr2B","208551521","208551842","2","571424"
"chr2B","209236755","209237067","chr2B","208667598","208667909","4","569157"
"chr2B","209410955","209411250","chr2B","208845251","208845549","5","565704"
"chr2B","210232837","210233127","chr2B","209677964","209678257","4","554873"
"chr2B","210411142","210411439","chr2B","209863350","209863655","8","547792"
"chr2B","210792272","210792568","chr2B","210247976","210248274","3","544296"
"chr2B","210808268","210808565","chr2B","210264610","210264908","4","543658"
"chr2B","210825681","210825990","chr2B","210282026","210282335","1","543655"
"chr2B","210830320","210830633","chr2B","210287468","210287781","5","542852"
"chr2B","211628356","211628662","chr16","65911297","65911598","42","145717059"
"chr2B","211944926","211945221","chr2B","211422399","211422688","7","522527"
"chr2B","212143838","212144143","chr2B","211623519","211623823","2","520319"
"chr2B","212784683","212785007","chr3","45383411","45383715","101","167401272"
"chr2B","212866814","212867131","chr2B","212349376","212349694","7","517438"
"chr2B","212989906","212990196","chr2B","212475472","212475765","8","514434"
"chr2B","213184502","213184788","chr2B","212672428","212672715","1","512074"
"chr2B","213229549","213229843","chr2B","212721391","212721682","4","508158"
"chr2B","213411444","213411743","chr2B","212906857","212907156","0","504587"
"chr2B","213525559","213525866","chr2B","213038961","213039267","1","486598"
"chr2B","213527091","213527405","chr2B","213040492","213040804","10","486599"
"chr2B","213532971","213533275","chr2B","213048180","213048486","2","484791"
"chr2B","213646800","213647100","chr2B","213163858","213164161","4","482942"
"chr2B","213950258","213950560","chr2B","213467209","213467514","4","483049"
"chr2B","214921258","214921554","chr2B","214163216","214163512","2","758042"
"chr2B","216035429","216035733","chr2B","215304047","215304352","3","731382"
"chr2B","217562017","217562290","chr1","109731847","109732124","36","107830170"
"chr2B","217609435","217609564","chr7","109446630","109446763","18","108162805"
"chr2B","219341979","219342262","chr2B","218584276","218584559","2","757703"
"chr2B","219460291","219460594","chr2B","218702899","218703202","1","757392"
"chr2B","219785343","219785647","chr2B","219029133","219029437","2","756210"
"chr2B","219990352","219990660","chr2B","219244849","219245159","5","745503"
"chr2B","220134502","220134806","chr2B","219394830","219395134","3","739672"
"chr2B","220404503","220404805","chr2B","219670533","219670826","9","733970"
"chr2B","220628016","220628329","chr2B","219898655","219898967","1","729361"
"chr2B","220936857","220937149","chr2B","220219779","220220075","7","717078"
"chr2B","220940891","220941192","chr2B","220223817","220224118","2","717074"
"chr2B","221170093","221170376","chr2B","220344397","220344704","25","825696"
"chr2B","221176455","221176759","chr2B","220350917","220351217","4","825538"
"chr2B","221997697","221998010","chr2B","221167179","221167496","10","830518"
"chr2B","222058051","222058350","chr2B","221224000","221224302","4","834051"
"chr2B","222577692","222577828","chr2B","221752034","221752170","4","825658"
"chr2B","222830262","222830560","chr2B","222007184","222007482","2","823078"
"chr2B","222893585","222893877","chr2B","222070730","222071022","2","822855"
"chr2B","223048251","223048534","chr2B","222227653","222227939","10","820598"
"chr2B","223690709","223691008","chr2B","222878700","222878999","2","812009"
"chr2B","223940336","223940621","chr2B","223135000","223135312","27","805336"
"chr2B","224161240","224161529","chr2B","223360363","223360653","2","800877"
"chr2B","224267451","224267759","chr2B","223469643","223469951","8","797808"
"chr2B","224450914","224451223","chr2B","223659922","223660225","7","790992"
"chr2B","224691933","224692246","chr2B","223908147","223908469","11","783786"
"chr2B","225048717","225049018","chr2B","224278404","224278707","7","770313"
"chr2B","225146962","225147267","chr2B","224379610","224379919","5","767352"
"chr2B","225213955","225214182","chr2B","224448656","224448883","0","765299"
"chr2B","226011094","226011391","chr2B","225253896","225254194","1","757198"
"chr2B","226023460","226023765","chr2B","225266345","225266655","7","757115"
"chr2B","226074395","226074684","chr2B","225317500","225317793","5","756895"
"chr2B","227229307","227229619","chr2B","226483423","226483735","2","745884"
"chr2B","228507262","228507570","chr2B","207364127","207364440","39","21143135"
"chr2B","228690448","228690732","chr2B","227977770","227978059","6","712678"
"chr2B","228745512","228745815","chr2B","228033743","228034050","7","711769"
"chr2B","229245705","229246008","chr2B","228537531","228537840","8","708174"
"chr2B","229518035","229518358","chr2B","228793063","228793386","1","724972"
"chr2B","229619525","229619799","chr2B","228905465","228905771","33","714060"
"chr2B","229620828","229621127","chr2B","228906768","228907067","1","714060"
"chr2B","229956305","229956614","chr2B","114468289","114468602","32","115488016"
"chr2B","230085488","230085791","chr2B","229381770","229382073","1","703718"
"chr2B","230321150","230321442","chr2B","229623317","229623611","3","697833"
"chr2B","231338446","231338770","chr2B","230422529","230422853","6","915917"
"chr2B","232748781","232749066","chr2B","231845769","231846054","5","903012"
"chr2B","233077968","233078270","chr2B","232175883","232176185","1","902085"
"chr2B","233109973","233110258","chr3","8716097","8716392","34","224393876"
"chr2B","233439986","233440274","chr2B","232546991","232547279","1","892995"
"chr2B","233479633","233479945","chr2B","232586411","232586719","7","893222"
"chr2B","233551416","233551711","chr2B","232659981","232660276","3","891435"
"chr2B","233612495","233612797","chr2B","232721840","232722109","36","890655"
"chr2B","233861135","233861355","chr2B","232980486","232980707","2","880649"
"chr2B","233935322","233935455","chr2B","233055698","233055818","16","879624"
"chr2B","234634415","234634702","chr5","35390322","35390606","34","199244093"
"chr2B","234635051","234635151","chr2B","233783493","233783596","9","851558"
"chr2B","235240107","235240419","chr2B","234407276","234407583","6","832831"
"chr2B","235561285","235561596","chr2B","234731972","234732283","4","829313"
"chr2B","235603035","235603309","chr2B","234776033","234776329","22","827002"
"chr2B","235659290","235659591","chr2B","234833297","234833598","1","825993"
"chr2B","235871347","235871661","chr2B","235054601","235054915","1","816746"
"chr2B","236096316","236096580","chr2B","235287475","235287755","45","808841"
"chr2B","236107449","236107751","chr2B","235298703","235299005","0","808746"
"chr2B","236625962","236626302","chr2B","235817752","235818046","49","808210"
"chr2B","236648645","236648956","chr2B","235841362","235841672","1","807283"
"chr2B","236728528","236728838","chr1","12516471","12516782","47","224212057"
"chr2B","236779791","236780088","chr2B","235979331","235979631","6","800460"
"chr2B","237011203","237011492","chr2B","236213893","236214182","2","797310"
"chr2B","237196546","237196854","chr2B","236405336","236405641","4","791210"
"chr2B","237255850","237256167","chr7","1558496","1558811","43","235697354"
"chr2B","237460095","237460393","chr2B","236680530","236680830","3","779565"
"chr2B","237589579","237589883","chr2B","236813228","236813532","3","776351"
"chr2B","237592125","237592452","chr12","48019557","48019866","73","189572568"
"chr2B","237595918","237596206","chr2B","236820097","236820386","7","775821"
"chr2B","237605717","237606013","chr2B","236828737","236829032","5","776980"
"chr2B","237673749","237673844","chr16","1740873","1740930","46","235932876"
"chr2B","237705856","237706150","chr2B","236928045","236928342","5","777811"
"chr2B","237767217","237767512","chr2B","236985123","236985418","2","782094"
"chr2B","237835019","237835327","chr2B","237054830","237055138","1","780189"
"chr2B","237921570","237921865","chr7","3511715","3512012","31","234409855"
"chr2B","238184967","238185266","chr2B","237404115","237404413","1","780852"
"chr2B","238376971","238377270","chr2B","237594678","237594977","1","782293"
"chr2B","238581974","238582236","chr2B","237649646","237649908","3","932328"
"chr2B","238772230","238772513","chr2B","237843807","237844090","4","928423"
"chr2B","238780713","238780954","chr5","105410951","105411192","38","133369762"
"chr2B","238803274","238803535","chr2B","237875335","237875596","1","927939"
"chr2B","238807836","238808132","chr8","101239272","101239565","32","137568564"
"chr2B","238860725","238861029","chr2B","237933444","237933756","10","927281"
"chr2B","239042120","239042426","chr2B","238117078","238117384","2","925042"
"chr2B","239103101","239103391","chr2B","238179254","238179544","6","923847"
"chr2B","239267971","239268277","chr2B","238342718","238343028","6","925253"
"chr2B","239369084","239369388","chr19","44456207","44456508","33","194912877"
"chr2B","239487991","239488266","chr2B","238587479","238587754","0","900512"
"chr2B","239650432","239650743","chr2B","238751378","238751691","7","899054"
"chr2B","240231595","240231878","chr2B","239345325","239345604","6","886270"
"chr2B","240400583","240400867","chr2B","239520059","239520347","4","880524"
"chr2B","240411018","240411311","chr2B","239529356","239529651","2","881662"
"chr2B","240616309","240616610","chr2B","239733904","239734205","1","882405"
"chr2B","241072453","241072759","chr2B","240203198","240203504","3","869255"
"chr2B","241465412","241465584","chr2B","240601759","240601929","2","863653"
"chr2B","241543469","241543779","chr2B","240681533","240681843","0","861936"
"chr2B","241649001","241649297","chr2B","240790010","240790306","1","858991"
"chr2B","241758192","241758497","chr2B","240899310","240899622","10","858882"
"chr2B","241860226","241860519","chr2B","241006307","241006607","10","853919"
"chr2B","241993314","241993603","chr2B","241139932","241140219","4","853382"
"chr2B","242183100","242183407","chr2B","241331411","241331729","12","851689"
"chr2B","242229725","242230006","chr2B","241378292","241378573","1","851433"
"chr2B","242597125","242597355","chr2B","241754946","241755177","2","842179"
"chr2B","243309724","243310022","chr2B","242485170","242485468","1","824554"
"chr2B","243587594","243587902","chr17","7947587","7947886","34","235640007"
"chr2B","244178344","244178639","chr4","39827804","39828101","33","204350540"
"chr2B","244196613","244196900","chr2B","243372260","243372547","0","824353"
"chr2B","244306755","244307070","chr2B","243483455","243483771","7","823300"
"chr2B","244588357","244588670","chr2B","243773750","243774052","13","814607"
"chr2B","244932259","244932554","chr2B","244131420","244131716","1","800839"
"chr2B","245032929","245033231","chr2B","244257747","244258054","15","775182"
"chr2B","245104106","245104413","chr2B","244328374","244328681","2","775732"
"chr2B","245394814","245395088","chr2B","244627036","244627330","30","767778"
"chr2B","245650992","245651285","chr2B","244892235","244892528","9","758757"
"chr2B","247033528","247033827","chr2B","246298617","246298919","3","734911"
"chr2B","247620452","247620754","chr2B","246885373","246885679","6","735079"
"chr2B","247633817","247634107","chr2B","246899728","246900025","9","734089"
"chr2B","247770721","247771021","chr2B","247040662","247040964","2","730059"
"chr2B","247845461","247845767","chr2B","247117940","247118246","4","727521"
"chr2B","247847875","247848165","chr2B","247120353","247120654","18","727522"
"chr2B","247853715","247853996","chr2B","247126046","247126358","34","727669"
"chrUn_NW_014014551v1","15385","15678","chr12","16189584","16189878","39","16174199"
"chrUn_NW_014014934v1","1","59","chr5","99569854","99569915","9","99569853"
"chrUn_NW_014015121v1","9567","9855","chr9","84467784","84468074","3","84458217"
"chrUn_NW_014015148v1","321","630","chr9","42515517","42515819","8","42515196"
"chrUn_NW_014015475v1","2199","2477","chr9","82483464","82483743","2","82481265"
"chrUn_NW_014015509v1","28405","28670","chr2A","61603155","61603417","31","61574750"
"chrUn_NW_014015509v1","36585","36885","chr1","154537630","154537941","47","154501045"
"chrUn_NW_014015679v1","7875","8110","chr7","130030859","130031130","36","130022984"
"chrUn_NW_014015817v1","6241","6540","chr18","4975122","4975421","1","4968881"
"chrUn_NW_014016241v1","1094","1334","chr1","31382634","31382865","34","31381540"
"chrUn_NW_014016311v1","302","592","chr19","40875671","40875964","3","40875369"
"chrUn_NW_014016355v1","361","644","chr17","36774142","36774426","2","36773781"
"chrUn_NW_014016385v1","111","422","chr1","10354603","10354908","36","10354492"
"chrUn_NW_014016485v1","570","869","chr10","12208276","12208575","0","12207706"
"chrUn_NW_014016854v1","1006","1312","chr7","76924892","76925197","7","76923886"
"chrUn_NW_014017090v1","7629","7929","chr10","45996432","45996733","4","45988803"
"chrUn_NW_014017165v1","574025","574326","chr20","32251998","32252296","34","31677973"
"chrUn_NW_014017165v1","985440","985551","chrX","130184859","130184969","21","129199419"
"chrUn_NW_014017165v1","987486","987769","chr1","200364916","200365199","39","199377430"
"chrUn_NW_014017235v1","329","639","chr10","45753473","45753783","11","45753144"
"chrUn_NW_014017284v1","2406","2639","chr6","58194158","58194394","14","58191752"
"chrUn_NW_014017356v1","1417","1708","chr2B","132076064","132076355","3","132074647"
"chrUn_NW_014017532v1","15770","16059","chr10","45725211","45725501","2","45709441"
"chrUn_NW_014017541v1","9469","9809","chr17","81417057","81417399","51","81407588"
"chrUn_NW_014017541v1","10069","10381","chr10","106374646","106374955","38","106364577"
"chrUn_NW_014017559v1","10606","10907","chr5","177196922","177197225","2","177186316"
"chrUn_NW_014017559v1","81900","82204","chr5","177267574","177267879","2","177185674"
"chrUn_NW_014017663v1","2398","2691","chr2B","132789935","132790245","26","132787537"
"chrUn_NW_014017744v1","20086","20378","chr10","45788169","45788461","2","45768083"
"chrUn_NW_014017819v1","247","432","chr7","155259849","155260035","1","155259602"
"chrUn_NW_014018095v1","681","980","chr4","4034788","4035091","8","4034107"
"chrUn_NW_014018121v1","329","625","chr21","29705820","29706119","41","29705491"
"chrUn_NW_014018418v1","784","1075","chr16","15904587","15904898","22","15903803"
"chrUn_NW_014018446v1","1089","1268","chr3","122868129","122868303","25","122867040"
"chrUn_NW_014018447v1","170","471","chrUn_GL393501","7663","7968","5","7493"
"chrUn_NW_014018453v1","604","910","chrUn_GL393522","443632","443938","1","443028"
"chrUn_NW_014018532v1","77","210","chr18","15829353","15829486","24","15829276"
"chrUn_NW_014018532v1","504","675","chr16","67302156","67302341","21","67301652"
"chrUn_NW_014018608v1","1134","1428","chr7","56998474","56998767","4","56997340"
"chrUn_NW_014018608v1","5613","5907","chr7","57502829","57503123","0","57497216"
