"GL873520","1247057","1247309","chr9","61298254","61298508","65","60051197"
"GL873520","3617844","3618110","chr16","3085420","3085710","70","532424"
"GL873520","4462163","4462454","chr2","63324574","63324876","78","58862411"
"GL873520","4985228","4985510","chr20","15326405","15326703","76","10341177"
"GL873520","7453602","7453876","chrX","93453690","93453955","68","86000088"
"GL873520","7860976","7861268","chr11","112530567","112530869","67","104669591"
"GL873520","8094935","8095207","chr16","3425282","3425573","71","4669653"
"GL873520","9575903","9576106","chr5","32623464","32623674","49","23047561"
"GL873520","10810551","10810837","chr11","120688692","120688978","73","109878141"
"GL873520","12048298","12048599","chr4","10921878","10922174","70","1126420"
"GL873520","15768185","15768400","chr6","125005648","125005841","55","109237463"
"GL873520","20473364","20473613","chr20","16239265","16239502","71","4234099"
"GL873520","20981394","20981669","chr12","43789423","43789710","72","22808029"
"GL873520","21038853","21039173","chr14","83438352","83438648","95","62399499"
"GL873520","23952186","23952483","chr6","172190333","172190631","62","148238147"
"GL873520","24222042","24222346","chr1","177681991","177682294","81","153459949"
"GL873520","24752818","24752989","chr7","81201574","81201740","44","56448756"
"GL873520","27057726","27057887","chr5","99329340","99329502","45","72271614"
"GL873520","27354067","27354372","chr3","97386247","97386553","62","70032180"
"GL873520","27394924","27395206","chr10","27712429","27712715","65","317505"
"GL873520","28459553","28459748","chr20","53416314","53416515","45","24956761"
"GL873520","30867559","30867732","chr5","5166428","5166586","55","25701131"
"GL873520","30949147","30949422","chr1","24322978","24323233","79","6626169"
"GL873520","38840240","38840543","chr8","133136661","133136956","66","94296421"
"GL873520","41601680","41601896","chr1","206867792","206867991","55","165266112"
"GL873520","43362730","43362940","chr3","66526927","66527154","57","23164197"
"GL873520","46003256","46003525","chr16","55717460","55717734","79","9714204"
"GL873520","50472825","50473136","chr9","17191347","17191651","80","33281478"
"GL873520","51224386","51224669","chr11","3115574","3115847","71","48108812"
"GL873520","51375191","51375465","chr16","45119400","45119681","74","6255791"
"GL873520","53519066","53519256","chr2","77360948","77361150","52","23841882"
"GL873520","53666021","53666304","chr6","171591332","171591623","75","117925311"
"GL873520","53808211","53808514","chr8","13204678","13204986","70","40603533"
"GL873520","54874776","54875104","chr5","117782579","117782900","92","62907803"
"GL873520","55218011","55218242","chr20","17694494","17694727","56","37523517"
"GL873520","55624054","55624341","chr6","143236928","143237231","73","87612874"
"GL873520","57273744","57273928","chr10","18414760","18414957","46","38858984"
"GL873520","59899971","59900257","chr6","50988717","50989010","69","8911254"
"GL873520","60133860","60134156","chr10","82946432","82946724","80","22812572"
"GL873520","61954815","61955106","chr15","12726017","12726302","71","49228798"
"GL873520","64825981","64826134","chr8","122720339","122720493","44","57894358"
"GL873520","67462701","67463001","chr1","140540962","140541262","61","73078261"
"GL873520","68771719","68771918","chr6","125005648","125005841","48","56233929"
"GL873520","69018794","69019017","chr9","15439088","15439284","64","53579706"
"GL873520","70479147","70479366","chr7","58851887","58852084","52","11627260"
"GL873520","71209023","71209221","chr12","93721433","93721642","49","22512410"
"GL873520","71778933","71779130","chr6","125005648","125005841","54","53226715"
"GL873520","72834825","72835052","chr16","755123","755323","64","72079702"
"GL873521","88269","88536","chr2","82779026","82779297","72","82690757"
"GL873521","1681799","1681965","chr4","7174798","7174975","46","5492999"
"GL873521","3439454","3439742","chr1","42973747","42974036","70","39534293"
"GL873521","3531159","3531432","chr16","23992250","23992515","67","20461091"
"GL873521","6329033","6329329","chr1","94582417","94582719","73","88253384"
"GL873521","6680460","6680752","chr9","96064804","96065100","58","89384344"
"GL873521","6788843","6789137","chr3","24476894","24477194","55","17688051"
"GL873521","7112589","7112773","chr6","125005648","125005841","57","117893059"
"GL873521","7743432","7743721","chr13","27659979","27660273","71","19916547"
"GL873521","7843282","7843357","chr10","77537333","77537397","23","69694051"
"GL873521","8643524","8643826","chr7","59817832","59818137","79","51174308"
"GL873521","9882104","9882167","chr7","123037093","123037150","17","113154989"
"GL873521","11515414","11515637","chr3","66526927","66527154","62","55011513"
"GL873521","12523991","12524262","chr12","99429984","99430263","63","86905993"
"GL873521","15016854","15017137","chr10","59308383","59308677","73","44291529"
"GL873521","15244375","15244532","chr8","41123499","41123656","47","25879124"
"GL873521","16917738","16917931","chr1","147473893","147474103","53","130556155"
"GL873521","17061505","17061818","chr6","74010594","74010910","81","56949089"
"GL873521","24625791","24626061","chr11","121967846","121968109","78","97342055"
"GL873521","25903388","25903594","chr9","15439088","15439284","50","10464300"
"GL873521","28090600","28090758","chr2","85220972","85221142","42","57130372"
"GL873521","32666107","32666321","chr13","90001371","90001568","60","57335264"
"GL873521","32842446","32842628","chr1","33500003","33500212","66","657557"
"GL873521","33699477","33699761","chr4","36964162","36964455","79","3264685"
"GL873521","34751399","34751613","chr4","41290170","41290375","55","6538771"
"GL873521","36076578","36076747","chr4","5064522","5064695","49","31012056"
"GL873521","39418743","39419024","chr1","23319190","23319459","90","16099553"
"GL873521","40060972","40061165","chr13","72971116","72971303","43","32910144"
"GL873521","41920667","41920844","chr1","129426020","129426212","49","87505353"
"GL873521","48727232","48727525","chr11","937143","937434","64","47790089"
"GL873521","50008765","50009028","chr5","109413024","109413289","64","59404259"
"GL873521","53758710","53758994","chr6","134114474","134114766","63","80355764"
"GL873521","54978394","54978682","chr8","9821109","9821387","72","45157285"
"GL873522","4155009","4155127","JH680086","33205","33320","39","4121804"
"GL873522","6612232","6612431","chr4","59336845","59337049","40","52724613"
"GL873522","7002538","7002815","chr3","136162412","136162690","71","129159874"
"GL873522","7429950","7430172","chr7","26446773","26446968","53","19016823"
"GL873522","7672123","7672397","chr12","32970721","32970998","68","25298598"
"GL873522","9840482","9840792","chr11","45026654","45026963","67","35186172"
"GL873522","10290968","10291253","chr15","26002583","26002868","68","15711615"
"GL873522","11357744","11358007","chr2","113625326","113625586","82","102267582"
"GL873522","11971624","11971903","chr4","17950726","17951010","80","5979102"
"GL873522","16360779","16360966","chr7","26446773","26446968","38","10085994"
"GL873522","16387604","16387775","chr7","323462","323644","62","16064142"
"GL873522","19188900","19189069","chr3","135045041","135045210","36","115856141"
"GL873522","19431407","19431659","chr15","23719274","23719528","65","4287867"
"GL873522","24445336","24445613","chr6","76040181","76040471","71","51594845"
"GL873522","26068122","26068321","chr1","127992533","127992734","52","101924411"
"GL873522","26447371","26447554","chrX","108901091","108901288","48","82453720"
"GL873522","30058723","30058981","chr7","37994843","37995095","66","7936120"
"GL873522","34058930","34059100","chr5","159294076","159294245","42","125235146"
"GL873522","34421212","34421468","chr19","40495325","40495598","70","6074113"
"GL873522","36233640","36233889","chr3","152851756","152852020","74","116618116"
"GL873522","36606929","36607134","chr1","127992533","127992734","53","91385604"
"GL873522","37694709","37695012","chr7","48891919","48892223","60","11197210"
"GL873522","37726781","37726974","chr16","4247268","4247474","48","33479513"
"GL873522","38016639","38016827","chr6","125005648","125005841","46","86989009"
"GL873522","38500785","38500981","chr1","151805531","151805718","48","113304746"
"GL873522","39377948","39378126","chr2","150328215","150328391","56","110950267"
"GL873522","40993659","40993923","chr1","41382161","41382424","74","388502"
"GL873522","41003607","41003879","chr19","16405075","16405372","70","24598532"
"GL873522","41022941","41023167","chr9","15439088","15439284","62","25583853"
"GL873522","41115644","41115838","chr1","31159669","31159878","53","9955975"
"GL873522","41257196","41257361","chr9","91590418","91590595","44","50333222"
"GL873522","41266419","41266603","chr1","151805531","151805718","48","110539112"
"GL873522","41572224","41572504","chr7","158708738","158709020","66","117136514"
"GL873522","42209517","42209824","chr1","56111031","56111328","74","13901514"
"GL873522","42766342","42766546","chr6","64953241","64953451","57","22186899"
"GL873522","45222101","45222322","chr16","13428759","13428975","54","31793342"
"GL873522","45254266","45254484","chr7","5230779","5230994","47","40023487"
"GL873522","47025859","47026112","chr19","10006209","10006464","74","37019650"
"GL873522","47211910","47212201","chr10","70966724","70967019","63","23754814"
"GL873523","1389239","1389512","chr2","62434052","62434332","63","61044813"
"GL873523","7192940","7193123","chr3","78102209","78102383","36","70909269"
"GL873523","13455543","13455737","chr7","46579901","46580093","48","33124358"
"GL873523","14436820","14437086","chr7","157574191","157574464","73","143137371"
"GL873523","14770399","14770696","chr16","9616893","9617192","77","5153506"
"GL873523","14799941","14800220","chr10","82017811","82018090","81","67217870"
"GL873523","16098957","16099235","chr2","47476445","47476723","76","31377488"
"GL873523","17225423","17225706","chr5","79666456","79666751","72","62441033"
"GL873523","20442853","20443130","chrX","44131949","44132241","75","23689096"
"GL873523","23434686","23434875","chr6","125005648","125005841","47","101570962"
"GL873523","23972474","23972674","chr6","125005648","125005841","50","101033174"
"GL873523","23972760","23972864","chr8","93295714","93295820","26","69322954"
"GL873523","25651959","25652134","chr9","91590418","91590595","39","65938459"
"GL873523","27629924","27630206","chr19","40952135","40952425","59","13322211"
"GL873523","28629631","28629950","chr4","104678738","104679030","102","76049107"
"GL873523","31037108","31037413","chr1","56111031","56111328","73","25073923"
"GL873523","31576162","31576439","chr17","11579148","11579439","76","19997014"
"GL873523","34362800","34363103","chr4","6666338","6666632","79","27696462"
"GL873523","34742557","34742847","chr1","47740067","47740363","66","12997510"
"GL873523","35861588","35861786","chr1","206867792","206867991","63","171006204"
"GL873523","35988527","35988583","chr6","21254411","21254461","19","14734116"
"GL873523","37402512","37402805","chr16","3425282","3425573","83","33977230"
"GL873523","39809481","39809668","chr8","21022003","21022173","57","18787478"
"GL873523","40102398","40102602","chr8","44099233","44099433","52","3996835"
"GL873523","40565777","40565963","chr6","16562586","16562768","42","24003191"
"GL873523","43244463","43244632","chr10","14100836","14101015","44","29143627"
"GL873523","44010398","44010643","chr17","26154443","26154698","72","17855955"
"GL873523","47182577","47182856","chr3","14922221","14922511","72","32260356"
"GL873524","1792138","1792426","chr4","73851481","73851774","61","72059343"
"GL873524","2632375","2632677","chr3","170395809","170396107","65","167763434"
"GL873524","5782783","5783039","chr1","53228894","53229137","66","47446111"
"GL873524","6154460","6154739","chr2","98377284","98377553","75","92222824"
"GL873524","6223299","6223573","chr14","361540","361820","66","5861759"
"GL873524","6355225","6355540","chr1","59273773","59274082","76","52918548"
"GL873524","9187634","9187788","chr8","73501910","73502068","61","64314276"
"GL873524","18406760","18406937","chr20","19515038","19515226","56","1108278"
"GL873524","19733702","19733897","chr6","3970958","3971150","56","15762744"
"GL873524","22125497","22125714","chr4","41290170","41290375","57","19164673"
"GL873524","24695546","24695717","chr1","152174593","152174762","42","127479047"
"GL873524","31077557","31077808","chr11","117102477","117102728","65","86024920"
"GL873524","32908329","32908623","chr5","101109048","101109342","71","68200719"
"GL873524","35399845","35399985","chr14","7864482","7864631","42","27535363"
"GL873524","39217045","39217270","chr1","206867792","206867991","68","167650747"
"GL873524","39818020","39818293","chr4","24870273","24870548","68","14947747"
"GL873524","40173659","40173950","chr6","132741140","132741431","81","92567481"
"GL873524","40254515","40254794","chr12","93699979","93700269","79","53445464"
"GL873524","40320210","40320428","chr8","44099233","44099433","60","3779023"
"GL873524","44216459","44216749","chr20","11790827","11791115","75","32425632"
"GL873525","230003","230259","chr9","89146509","89146773","68","88916506"
"GL873525","4589312","4589612","chr16","68375596","68375893","65","63786284"
"GL873525","4782457","4782735","chr2","86236037","86236317","72","81453580"
"GL873525","7840602","7840905","chrX","48603975","48604284","67","40763373"
"GL873525","8642761","8642941","chr1","151805531","151805718","43","143162770"
"GL873525","8892592","8892891","chr3","45985541","45985829","80","37092949"
"GL873525","11944126","11944406","chr8","68493558","68493846","72","56549432"
"GL873525","17336672","17336963","chr5","58244035","58244329","77","40907363"
"GL873525","20116262","20116465","chr6","125005648","125005841","52","104889386"
"GL873525","26668551","26668805","chr4","33940786","33941048","68","7272235"
"GL873525","27836355","27836647","chr3","127892523","127892811","82","100056168"
"GL873525","28122750","28122975","chr12","52434853","52435052","65","24312103"
"GL873525","28500002","28500104","chr18","51824330","51824428","21","23324328"
"GL873525","30090360","30090661","chr9","11734496","11734793","78","18355864"
"GL873525","31351288","31351526","chr9","2658681","2658890","67","28692607"
"GL873525","32907912","32908214","chrX","86621372","86621677","62","53713460"
"GL873525","33456134","33456402","chr20","731482","731754","65","32724652"
"GL873525","36759070","36759364","chr3","3401805","3402100","68","33357265"
"GL873525","37224509","37224779","chr6","66787663","66787927","72","29563154"
"GL873525","38072969","38073260","chr5","141560457","141560759","71","103487488"
"GL873525","40921569","40921862","chr13","61151193","61151493","74","20229624"
"GL873525","43665676","43665944","chr10","20645500","20645769","60","23020176"
"GL873525","43736485","43736682","chr11","11632654","11632833","57","32103831"
"GL873525","44382671","44382965","chrX","37395796","37396093","63","6986875"
"GL873525","45437750","45438049","chr8","14814014","14814313","65","30623736"
"GL873525","45477194","45477481","chr7","124750946","124751237","71","79273752"
"GL873526","243547","243821","chr13","96684286","96684579","72","96440739"
"GL873526","4079149","4079220","chr10","77537333","77537397","17","73458184"
"GL873526","4139376","4139660","chr6","65253712","65254002","65","61114336"
"GL873526","4391261","4391450","chrX","68561724","68561915","36","64170463"
"GL873526","5672369","5672687","chr14","58241260","58241569","78","52568891"
"GL873526","5902428","5902674","chr6","153999779","154000000","72","148097351"
"GL873526","6674077","6674259","chr9","122340562","122340742","41","115666485"
"GL873526","6879750","6880051","chr11","454780","455075","78","6424970"
"GL873526","6997304","6997601","chr13","63522287","63522570","99","56524983"
"GL873526","8756374","8756579","chr8","28857508","28857714","49","20101134"
"GL873526","12175147","12175318","chr16","45374567","45374757","49","33199420"
"GL873526","13194363","13194643","chr3","153446776","153447046","72","140252413"
"GL873526","13358001","13358288","chr7","24746800","24747091","66","11388799"
"GL873526","14424925","14425013","chr11","109229149","109229230","25","94804224"
"GL873526","19178352","19178626","chr4","9586177","9586442","74","9592175"
"GL873526","20525113","20525391","chr19","813520","813792","71","19711593"
"GL873526","20550554","20550726","chr3","173929063","173929230","43","153378509"
"GL873526","21858110","21858406","chr13","51251892","51252181","72","29393782"
"GL873526","21934860","21935130","chr9","61518454","61518721","75","39583594"
"GL873526","24681315","24681586","chr10","89761989","89762260","75","65080674"
"GL873526","24682621","24682839","chr1","127992533","127992734","58","103309912"
"GL873526","24867653","24867831","chr20","25516222","25516412","53","648569"
"GL873526","25678469","25678734","chr11","76517801","76518085","77","50839332"
"GL873526","26511523","26511796","chr2","117123024","117123295","72","90611501"
"GL873526","27412424","27412720","chr3","45985541","45985829","77","18573117"
"GL873526","31727129","31727418","chr8","118931923","118932200","81","87204794"
"GL873526","31787299","31787591","chr10","84786341","84786652","67","52999042"
"GL873526","33410766","33411048","chr6","105858126","105858419","71","72447360"
"GL873526","34849042","34849328","chr9","92176648","92176939","63","57327606"
"GL873526","36219320","36219508","chrX","108901091","108901288","47","72681771"
"GL873526","37692173","37692328","chr8","50582303","50582455","47","12890130"
"GL873526","37736107","37736412","chr8","59274381","59274676","78","21538274"
"GL873526","40464135","40464426","chr11","454780","455075","70","40009355"
"GL873527","1467602","1467878","chr3","14892733","14893021","69","13425131"
"GL873527","1777658","1777930","chr4","105757219","105757512","62","103979561"
"GL873527","3109258","3109545","chr15","51397083","51397370","70","48287825"
"GL873527","5555862","5556048","chr6","128346925","128347115","40","122791063"
"GL873527","6357082","6357354","chr5","45785236","45785528","79","39428154"
"GL873527","8225725","8225924","chr15","101825862","101826064","41","93600137"
"GL873527","11579169","11579466","chr8","16224588","16224884","77","4645419"
"GL873527","13342687","13343010","chr7","24652997","24653316","94","11310310"
"GL873527","13422661","13422959","chr14","107643606","107643910","66","94220945"
"GL873527","15019518","15019708","chr20","26013725","26013914","47","10994207"
"GL873527","15208371","15208420","chr16","3589733","3589778","14","11618638"
"GL873527","19275773","19275961","chr7","121885129","121885321","47","102609356"
"GL873527","19617126","19617416","chr14","112258287","112258567","76","92641161"
"GL873527","20847215","20847425","chr1","30697213","30697408","65","9849998"
"GL873527","21267163","21267327","chr5","101272156","101272332","46","80004993"
"GL873527","21538555","21538732","chr2","14327147","14327326","46","7211408"
"GL873527","21660044","21660336","chr10","60093662","60093942","74","38433618"
"GL873527","25488501","25488785","chr20","39753528","39753818","73","14265027"
"GL873527","26031823","26032089","chr4","42582875","42583156","80","16551052"
"GL873527","26228219","26228517","chr1","56111031","56111328","77","29882812"
"GL873527","31031771","31031970","chr6","125005648","125005841","49","93973877"
"GL873527","31550509","31550695","chr10","62383980","62384185","49","30833471"
"GL873527","31708279","31708554","chr8","83472691","83472969","67","51764412"
"GL873527","32752903","32753081","chr7","29634281","29634464","45","3118622"
"GL873527","35198541","35198814","chrX","49915057","49915353","72","14716516"
"GL873527","37017219","37017512","chr14","1467326","1467618","69","35549893"
"GL873527","37189098","37189277","chr2","14327147","14327326","39","22861951"
"GL873527","37212909","37213116","chr1","53381480","53381678","57","16168571"
"GL873527","38397871","38398120","chr16","74256023","74256296","66","35858152"
"GL873527","39493343","39493597","chr10","89761989","89762260","70","50268646"
"GL873527","39648206","39648400","chr3","38400740","38400927","48","1247466"
"GL873528","1080843","1081144","chr14","93875631","93875931","74","92794788"
"GL873528","2361612","2361899","chr4","15029439","15029734","60","12667827"
"GL873528","2725400","2725690","chr5","2357300","2357598","68","368100"
"GL873528","8364638","8364914","chr11","112477712","112477999","68","104113074"
"GL873528","8605198","8605481","chr19","33465516","33465815","58","24860318"
"GL873528","8614915","8615185","chrX","128165335","128165624","75","119550420"
"GL873528","8716850","8717041","chr3","47666874","47667054","62","38950024"
"GL873528","14256729","14256916","chr1","151805531","151805718","52","137548802"
"GL873528","14807356","14807647","chr1","185739777","185740073","84","170932421"
"GL873528","17708968","17709310","chr2","86887699","86888013","93","69178731"
"GL873528","22249349","22249468","chr1","90910332","90910450","32","68660983"
"GL873528","25964711","25964915","chr4","59336845","59337049","42","33372134"
"GL873528","26078743","26079057","chrX","117812981","117813278","87","91734238"
"GL873528","26488715","26488995","chr4","125604743","125605024","75","99116028"
"GL873528","29408936","29409011","chr16","50182883","50182956","24","20773947"
"GL873528","32073789","32074091","chr3","176418586","176418885","91","144344797"
"GL873528","33901925","33902222","chr7","145618603","145618903","71","111716678"
"GL873528","34319711","34319992","chr7","66641458","66641755","76","32321747"
"GL873528","36714978","36715290","chr3","161312134","161312444","73","124597156"
"GL873528","36776354","36776669","chr3","161312134","161312444","77","124535780"
"GL873528","37574497","37574802","chr1","24652662","24652954","81","12921835"
"GL873529","663923","664192","chr1","29438742","29439015","77","28774819"
"GL873529","681127","681377","chrX","93453690","93453955","74","92772563"
"GL873529","1129089","1129374","chr4","125604743","125605024","82","124475654"
"GL873529","2354403","2354712","chr4","155048845","155049157","77","152694442"
"GL873529","2541046","2541190","chr6","120554849","120555001","40","118013803"
"GL873529","2619571","2619843","chr20","26734511","26734791","74","24114940"
"GL873529","2779824","2779888","chr7","71146061","71146127","19","68366237"
"GL873529","3505955","3506233","chr19","3787605","3787888","73","281650"
"GL873529","5875206","5875381","chrX","65429056","65429240","66","59553850"
"GL873529","6285087","6285319","chr1","214129730","214129948","75","207844643"
"GL873529","7448997","7449290","chr19","804896","805187","70","6644101"
"GL873529","7849192","7849495","chr5","137743102","137743394","88","129893910"
"GL873529","8950555","8950837","chr6","75525846","75526130","60","66575291"
"GL873529","9384781","9384986","chr3","162104579","162104785","56","152719798"
"GL873529","9573196","9573514","chr14","93875631","93875931","85","84302435"
"GL873529","12995296","12995495","chr10","63859543","63859744","56","50864247"
"GL873529","14415081","14415270","chr11","3155788","3155982","41","11259293"
"GL873529","16286849","16287161","chr3","176290974","176291292","80","160004125"
"GL873529","16706551","16706613","chr18","62627987","62628047","15","45921436"
"GL873529","17716277","17716585","chr9","17191347","17191651","79","524930"
"GL873529","17769122","17769355","chr2","113625326","113625586","81","95856204"
"GL873529","18601212","18601403","chrX","90406648","90406841","45","71805436"
"GL873529","21782562","21782806","chr1","150054906","150055165","62","128272344"
"GL873529","24028726","24029034","chr7","17271638","17271937","75","6757088"
"GL873529","26108821","26109016","chr9","84635409","84635619","58","58526588"
"GL873529","28609668","28609853","chr1","985560","985752","42","27624108"
"GL873529","32869825","32870125","chr19","9388376","9388685","63","23481449"
"GL873529","33110525","33110716","chr3","47666874","47667054","59","14556349"
"GL873529","34877964","34878258","chr2","27447111","27447404","69","7430853"
"GL873529","35689279","35689454","chr8","41123499","41123656","48","5434220"
"GL873530","1904396","1904671","chr20","11306455","11306734","67","9402059"
"GL873530","3260708","3260856","chr11","106154535","106154686","48","102893827"
"GL873530","3343132","3343410","chr12","97738153","97738455","72","94395021"
"GL873530","3343851","3344014","chr2","150328215","150328391","47","146984364"
"GL873530","4836147","4836376","chr7","56674842","56675069","70","51838695"
"GL873530","5447408","5447593","chr6","125005648","125005841","52","119558240"
"GL873530","5475338","5475649","chr1","56111031","56111328","79","50635693"
"GL873530","7904759","7905049","chr3","76469907","76470202","73","68565148"
"GL873530","9195782","9196014","chr3","173815517","173815739","58","164619735"
"GL873530","9849790","9850000","chr12","93721433","93721642","52","83871643"
"GL873530","11285593","11285893","chr11","129624256","129624556","68","118338663"
"GL873530","11437767","11438027","chr7","48827058","48827334","70","37389291"
"GL873530","15767137","15767319","chr1","151805531","151805718","35","136038394"
"GL873530","16090994","16091194","chr6","125005648","125005841","51","108914654"
"GL873530","16640983","16641224","chr1","13407583","13407847","70","3233400"
"GL873530","16894946","16895136","chr6","125005648","125005841","44","108110702"
"GL873530","16995958","16996161","chr17","19032079","19032280","51","2036121"
"GL873530","17169796","17170053","chr12","62652469","62652726","68","45482673"
"GL873530","17632971","17633245","chr1","128090094","128090371","56","110457123"
"GL873530","17887468","17887775","chr3","176290974","176291292","77","158403506"
"GL873530","23937658","23937982","chr19","30136601","30136912","86","6198943"
"GL873530","25549000","25549282","chr13","73135033","73135318","66","47586033"
"GL873530","26656283","26656574","chr3","44173219","44173529","90","17516936"
"GL873530","27508153","27508420","chr17","11456143","11456431","72","16052010"
"GL873530","28352428","28352719","chr8","118203300","118203594","68","89850872"
"GL873530","31547281","31547509","chr9","2658681","2658890","66","28888600"
"GL873530","32638778","32639064","chr14","67979934","67980237","62","35341156"
"GL873530","33776716","33777004","chr5","136058327","136058622","62","102281611"
"GL873531","11575831","11576061","chr15","106677121","106677334","61","95101290"
"GL873531","12159366","12159553","chr5","140952273","140952455","51","128792907"
"GL873531","12654258","12654457","chr1","151805531","151805718","51","139151273"
"GL873531","13079973","13080234","chr4","9586177","9586442","73","3493796"
"GL873531","13341040","13341318","chr3","40603838","40604123","78","27262798"
"GL873531","18781715","18781892","chr1","151805531","151805718","58","133023816"
"GL873531","19477479","19477684","chr8","97790819","97791025","56","78313340"
"GL873531","25259946","25260251","chr5","172982768","172983057","83","147722822"
"GL873531","26547057","26547355","chr1","127604412","127604707","68","101057355"
"GL873531","28203679","28203985","chr13","61151193","61151493","72","32947514"
"GL873531","28711675","28711970","chr9","56588612","56588913","74","27876937"
"GL873531","30012851","30013040","chr6","125005648","125005841","48","94992797"
"GL873531","31475753","31476047","chr2","84244706","84245012","70","52768953"
"GL873531","31886696","31886914","chr1","206867792","206867991","57","174981096"
"GL873532","1137828","1138097","chr4","18359158","18359445","66","17221330"
"GL873532","1708466","1708685","chr8","119885468","119885682","45","118177002"
"GL873532","1784572","1784755","chr9","21930576","21930762","43","20146004"
"GL873532","2478055","2478337","chr2","187343267","187343559","72","184865212"
"GL873532","2514962","2515238","chr4","9586177","9586442","73","7071215"
"GL873532","6314496","6314570","chr8","99768331","99768404","25","93453835"
"GL873532","6315511","6315736","chr10","22664071","22664299","54","16348560"
"GL873532","9077718","9077986","chr1","132107870","132108142","69","123030152"
"GL873532","11250949","11251240","chr19","40843650","40843949","77","29592701"
"GL873532","13123427","13123638","chr9","15439088","15439284","51","2315661"
"GL873532","13289324","13289620","chr9","36688664","36688974","76","23399340"
"GL873532","13462354","13462573","chr9","15439088","15439284","58","1976734"
"GL873532","13665881","13666076","chr2","176905594","176905779","50","163239713"
"GL873532","13696286","13696571","chr5","85691812","85692101","89","71995526"
"GL873532","13895178","13895455","chr1","183315486","183315778","70","169420308"
"GL873532","14141652","14141893","chr15","36754335","36754584","60","22612683"
"GL873532","15212396","15212686","chr3","14892733","14893021","74","319663"
"GL873532","15735681","15735948","chr3","152851756","152852020","72","137116075"
"GL873532","16258973","16259174","chr6","125005648","125005841","55","108746675"
"GL873532","17138210","17138492","chr1","79644060","79644340","68","62505850"
"GL873532","17354361","17354618","chr4","9586177","9586442","69","7768184"
"GL873532","20106130","20106446","chr3","152007838","152008144","74","131901708"
"GL873532","23792962","23793264","chrX","37395796","37396093","71","13602834"
"GL873532","24880050","24880330","chr1","37770884","37771162","76","12890834"
"GL873532","24888860","24889034","chr4","7174798","7174975","56","17714062"
"GL873532","25049016","25049294","chr8","59274381","59274676","74","34225365"
"GL873532","25339385","25339575","chr19","46208681","46208868","43","20869296"
"GL873532","27865963","27866255","chr10","12528022","12528319","73","15337941"
"GL873532","28779569","28779866","chr2","87447908","87448215","72","58668339"
"GL873532","28884831","28885116","chr19","16405075","16405372","63","12479756"
"GL873532","29669287","29669484","chrX","108901091","108901288","52","79231804"
"GL873532","29970242","29970429","chr3","127461989","127462177","32","97491747"
"GL873532","30076689","30076954","chr4","9586177","9586442","77","20490512"
"GL873532","30890970","30891258","chr18","27973490","27973765","67","2917480"
"GL873533","984917","985084","chr9","29541673","29541844","47","28556756"
"GL873533","1952725","1952917","chr14","46384498","46384688","39","44431773"
"GL873533","7255873","7256125","chr15","35899788","35900041","70","28643915"
"GL873533","10649010","10649286","chr1","163436331","163436600","67","152787321"
"GL873533","13669479","13669771","chr7","17271638","17271937","71","3602159"
"GL873533","15667743","15667984","chrX","141594339","141594567","65","125926596"
"GL873533","15901676","15901858","chr6","132191827","132192026","47","116290151"
"GL873533","18544687","18544968","chr3","126981357","126981635","71","108436670"
"GL873533","20245621","20245914","chr7","63495429","63495725","65","43249808"
"GL873533","22978434","22978759","chr14","93875631","93875931","90","70897197"
"GL873533","23590859","23590994","chr6","64959538","64959666","26","41368679"
"GL873533","23591121","23591267","chr5","73135578","73135720","46","49544457"
"GL873533","24332927","24333188","chr11","119193608","119193888","70","94860681"
"GL873533","25201583","25201870","chr19","39461919","39462212","72","14260336"
"GL873533","26257173","26257454","chr5","86551","86846","65","26170622"
"GL873533","27489568","27489743","chr8","39611899","39612083","44","12122331"
"GL873533","27947194","27947404","chr1","30697213","30697408","55","2750019"
"GL873533","28793877","28794154","chr7","155781411","155781699","73","126987534"
"GL873533","29791185","29791371","chr12","52434853","52435052","45","22643668"
"GL873533","30306672","30306962","chr13","61151193","61151493","70","30844521"
"GL873533","30615405","30615665","chr3","12768576","12768825","72","17846829"
"GL873533","30864329","30864544","chr4","41290170","41290375","57","10425841"
"GL873533","31339893","31340054","chr5","106738837","106739001","36","75398944"
"GL873533","31355654","31355932","chr6","134653283","134653578","71","103297629"
"GL873534","1156096","1156314","chr1","206867792","206867991","58","205711696"
"GL873534","1340488","1340734","chrX","140584783","140585030","64","139244295"
"GL873534","3046064","3046371","chr5","135151207","135151508","78","132105143"
"GL873534","6199931","6200128","chr6","125005648","125005841","47","118805717"
"GL873534","6346520","6346814","chr20","15326405","15326703","66","8979885"
"GL873534","6915254","6915464","chr9","57487347","57487566","60","50572093"
"GL873534","8329003","8329300","chr1","184967482","184967775","74","176638479"
"GL873534","11225293","11225607","chr14","66836694","66836995","85","55611401"
"GL873534","13967249","13967540","chr18","1036635","1036912","91","12930614"
"GL873534","14290846","14291050","chr18","38084023","38084204","57","23793177"
"GL873534","14614519","14614813","chr7","95575617","95575913","83","80961098"
"GL873534","14946322","14946604","chr3","14922221","14922511","67","24101"
"GL873534","14993273","14993463","chr14","92601738","92601928","44","77608465"
"GL873534","15196301","15196464","chr14","71908604","71908771","35","56712303"
"GL873534","16205286","16205451","chr18","2830762","2830923","42","13374524"
"GL873534","19684038","19684320","chr10","84767769","84768056","75","65083731"
"GL873534","21923882","21924128","chr15","37447143","37447399","65","15523261"
"GL873534","23506523","23506720","chr6","125005648","125005841","51","101499125"
"GL873534","23951222","23951493","chr6","65312054","65312332","70","41360832"
"GL873534","25367717","25367873","chr5","75445394","75445557","38","50077677"
"GL873534","26586276","26586467","chr20","2748617","2748802","47","23837659"
"GL873534","28201034","28201306","chr7","155709979","155710269","68","127508945"
"GL873534","28411461","28411624","chr16","41031795","41031964","42","12620334"
"GL873535","717976","718190","chr1","206867792","206867991","51","206149816"
"GL873535","7968244","7968531","chr20","4191498","4191789","79","3776746"
"GL873535","8576631","8576798","chr5","75445394","75445557","44","66868763"
"GL873535","8693391","8693626","chr7","109094805","109095060","73","100401414"
"GL873535","10010615","10010823","chr8","119885468","119885682","45","109874853"
"GL873535","10483118","10483390","chr11","30447313","30447601","72","19964195"
"GL873535","10577401","10577683","chr1","213028347","213028634","67","202450946"
"GL873535","11801906","11802130","chr19","34135236","34135463","49","22333330"
"GL873535","18323501","18323768","chr4","9586177","9586442","76","8737324"
"GL873535","20498027","20498293","chr3","9326854","9327127","68","11171173"
"GL873535","24923591","24923894","chr6","135892717","135892978","88","110969126"
"GL873535","25796021","25796237","chr6","125005648","125005841","59","99209627"
"GL873535","26857067","26857224","chr1","15049045","15049205","77","11808022"
"GL873535","27186600","27186899","chr1","56111031","56111328","77","28924431"
"GL873535","28190024","28190197","chr16","41031795","41031964","41","12841771"
"GL873535","28656081","28656260","chr5","140952273","140952455","48","112296192"
"GL873535","29708008","29708235","chr19","18136388","18136613","48","11571620"
"GL873536","2154953","2155256","chr3","147670469","147670762","78","145515516"
"GL873536","2165584","2165783","chr6","125005648","125005841","48","122840064"
"GL873536","3390850","3391038","chr10","10746529","10746729","52","7355679"
"GL873536","5627384","5627658","chr16","49192381","49192666","71","43564997"
"GL873536","6432633","6432872","chr9","95508170","95508413","62","89075537"
"GL873536","8157112","8157312","chr20","12964248","12964455","51","4807136"
"GL873536","9160635","9160926","chr4","107181153","107181447","74","98020518"
"GL873536","9177085","9177152","chr2","69447019","69447094","18","60269934"
"GL873536","9995449","9995727","chr15","55589252","55589539","72","45593803"
"GL873536","10621325","10621477","chr1","29580537","29580706","43","18959212"
"GL873536","11084005","11084263","chr1","183143168","183143453","74","172059163"
"GL873536","12783621","12783915","chr9","96064804","96065100","60","83281183"
"GL873536","13280273","13280600","chr7","64451650","64451962","108","51171377"
"GL873536","13584302","13584560","chr6","170652119","170652375","73","157067817"
"GL873536","14215781","14215926","chr8","41123499","41123656","50","26907718"
"GL873536","15000522","15000828","chr1","204861294","204861603","65","189860772"
"GL873536","15296862","15297021","chr16","44866431","44866595","34","29569569"
"GL873536","24110786","24111091","chr3","177188544","177188840","82","153077758"
"GL873536","24166797","24166848","chr19","33511565","33511623","19","9344768"
"GL873536","24275099","24275376","chr1","113946939","113947226","64","89671840"
"GL873536","24391197","24391423","chr13","68596211","68596440","49","44205014"
"GL873536","24755356","24755636","chr1","53718880","53719168","63","28963524"
"GL873536","28123513","28123791","chr6","29943576","29943863","61","1820063"
"GL873536","28388055","28388272","chr13","69023825","69024053","54","40635770"
"GL873536","29081584","29081862","chr4","155230835","155231120","62","126149251"
"GL873537","985239","985435","chr9","102126616","102126815","47","101141377"
"GL873537","1214652","1214912","chr3","157478676","157478959","79","156264024"
"GL873537","4106160","4106351","chr1","125171197","125171393","59","121065037"
"GL873537","5163871","5164176","chr11","110344999","110345297","77","105181128"
"GL873537","5539472","5539652","chr1","127992533","127992734","54","122453061"
"GL873537","6513652","6513810","chr11","99776884","99777032","60","93263232"
"GL873537","6630876","6631142","chr5","51126531","51126811","66","44495655"
"GL873537","8980956","8981146","chr7","46579901","46580093","37","37598945"
"GL873537","9167112","9167407","chr10","90507974","90508273","62","81340862"
"GL873537","11700115","11700441","chr2","87447908","87448215","88","75747793"
"GL873537","12703431","12703721","chr1","13940003","13940307","69","1236572"
"GL873537","13569681","13569913","chr7","38730439","38730673","82","25160758"
"GL873537","13666406","13666616","chr7","58851887","58852084","50","45185481"
"GL873537","14491180","14491264","chr3","92789288","92789372","24","78298108"
"GL873537","14610222","14610515","chr1","14794546","14794843","63","184324"
"GL873537","14727102","14727303","chr9","15439088","15439284","44","711986"
"GL873537","15334052","15334255","chr13","40744241","40744440","50","25410189"
"GL873537","15433806","15434100","chr10","36387842","36388138","69","20954036"
"GL873537","15652292","15652490","chr6","125005648","125005841","45","109353356"
"GL873537","16094033","16094242","chr1","206867792","206867991","48","190773759"
"GL873537","16187334","16187523","chr1","151805531","151805718","53","135618197"
"GL873537","16863079","16863330","chr14","32317691","32317955","68","15454612"
"GL873537","17200698","17200973","chr8","54985771","54986039","69","37785073"
"GL873537","19698820","19699107","chr20","12836459","12836747","73","6862361"
"GL873537","19854881","19855185","chr2","82309489","82309785","67","62454608"
"GL873537","21411126","21411410","chr4","9586177","9586442","78","11824949"
"GL873537","21455474","21455747","chr7","20802905","20803201","71","652569"
"GL873537","21572914","21573164","chr7","109094805","109095060","69","87521891"
"GL873537","21822616","21822915","chr6","61083315","61083617","60","39260699"
"GL873537","23267900","23268188","chr3","42669030","42669324","67","19401130"
"GL873537","24800008","24800272","chr2","106591470","106591747","72","81791462"
"GL873537","25486371","25486584","chr9","15439088","15439284","58","10047283"
"GL873537","26846555","26846801","chr5","1716687","1716953","75","25129868"
"GL873537","27397248","27397500","chr9","87292750","87293012","68","59895502"
"GL873537","28146585","28146926","chr3","17698747","17699068","108","10447838"
"GL873537","28267000","28267267","chr4","9586177","9586442","72","18680823"
"GL873538","70117","70320","chr7","5230779","5230994","49","5160662"
"GL873538","1899262","1899572","chr1","214460681","214460985","81","212561419"
"GL873538","2291291","2291486","chr4","59336845","59337049","50","57045554"
"GL873538","2887533","2887793","chr1","123637209","123637461","78","120749676"
"GL873538","3378748","3378885","chr20","10429000","10429146","44","7050252"
"GL873538","4372519","4372827","chr3","55125139","55125441","87","50752620"
"GL873538","5313151","5313338","chr5","2193051","2193243","43","3120100"
"GL873538","6196480","6196706","chrX","87299900","87300131","51","81103420"
"GL873538","7948168","7948354","chr10","16587327","16587525","46","8639159"
"GL873538","8355173","8355480","chr19","3787605","3787888","76","4567568"
"GL873538","8362022","8362319","chr6","134135315","134135616","69","125773293"
"GL873538","8911474","8911690","chr4","41290170","41290375","65","32378696"
"GL873538","11677828","11678109","chrX","21006053","21006341","73","9328225"
"GL873538","14058407","14058461","chr19","33511565","33511623","20","19453158"
"GL873538","14124235","14124517","chr2","88174484","88174775","71","74050249"
"GL873538","18239909","18240116","chr1","3834856","3835068","55","14405053"
"GL873538","18379767","18379970","chr7","17552876","17553087","44","826891"
"GL873538","18772012","18772138","chr6","4240477","4240610","40","14531535"
"GL873538","18832941","18833164","chr19","6677847","6678070","43","12155094"
"GL873538","18849135","18849333","chr6","125005648","125005841","47","106156513"
"GL873538","18919085","18919360","chr1","158511055","158511345","74","139591970"
"GL873538","21033143","21033284","chr8","1919977","1920118","41","19113166"
"GL873538","22144764","22144982","chr1","139311303","139311538","66","117166539"
"GL873538","22387849","22388073","chr1","127992533","127992734","63","105604684"
"GL873538","23767640","23767951","chr1","56111031","56111328","85","32343391"
"GL873539","1988229","1988444","chr1","127992533","127992734","61","126004304"
"GL873539","2375287","2375485","chr2","130418260","130418460","56","128042973"
"GL873539","4110986","4111164","chr3","173929063","173929230","46","169818077"
"GL873539","4370269","4370472","chr2","77360948","77361150","56","72990679"
"GL873539","5424168","5424462","chr2","131694865","131695150","78","126270697"
"GL873539","13021736","13022029","chr11","129624256","129624556","69","116602520"
"GL873539","13047700","13048004","chr6","113004251","113004556","81","99956551"
"GL873539","16664642","16664936","chr17","62538506","62538804","72","45873864"
"GL873539","17464549","17464622","chr1","1503871","1503941","22","15960678"
"GL873539","17526860","17527134","chr10","82017811","82018090","61","64490951"
"GL873539","17922175","17922484","chr13","61151193","61151493","75","43229018"
"GL873539","17999407","17999617","chrX","17611586","17611807","49","387821"
"GL873539","18150911","18151180","chr9","84492488","84492765","72","66341577"
"GL873539","19057949","19058145","chr3","160735907","160736111","43","141677958"
"GL873539","20685815","20686107","chr1","24366807","24367085","85","3680992"
"GL873539","26001711","26002010","chr10","70045693","70045993","74","44043982"
"GL873539","26377244","26377511","chr7","18491194","18491479","71","7886050"
"GL873540","1102835","1103098","chr7","109094805","109095060","72","107991970"
"GL873540","1971133","1971317","chr19","38486135","38486324","38","36515002"
"GL873540","3127294","3127587","chr6","73275805","73276100","69","70148511"
"GL873540","3225667","3225846","chr3","150878098","150878286","50","147652431"
"GL873540","4660927","4661244","chr9","96064804","96065100","77","91403877"
"GL873540","5032953","5033241","chr20","11790827","11791115","63","6757874"
"GL873540","5141966","5142179","chr1","206867792","206867991","65","201725826"
"GL873540","8397579","8397874","chr3","13328841","13329147","65","4931262"
"GL873540","13182742","13183061","chr6","98759637","98759961","75","85576895"
"GL873540","14404652","14404872","chr4","41290170","41290375","59","26885518"
"GL873540","17019811","17020111","chr8","59274381","59274676","80","42254570"
"GL873540","17338008","17338170","chr3","173929063","173929230","41","156591055"
"GL873540","17989439","17989788","chr1","46307463","46307794","100","28318024"
"GL873540","18103296","18103502","chr9","15439088","15439284","49","2664208"
"GL873540","18452928","18453088","chr5","5166428","5166586","54","13286500"
"GL873540","18988632","18988921","chr13","27451361","27451651","80","8462729"
"GL873540","19261288","19261560","chr9","109215032","109215303","79","89953744"
"GL873540","19351161","19351348","chr1","56779619","56779818","51","37428458"
"GL873540","20289045","20289224","chr3","64660136","64660327","55","44371091"
"GL873540","20564984","20565167","chr1","151805531","151805718","48","131240547"
"GL873540","22644797","22645091","chr3","82924521","82924826","75","60279724"
"GL873540","22918489","22918775","chr2","34393023","34393315","67","11474534"
"GL873540","23031616","23031703","chr18","1377871","1377957","32","21653745"
"GL873540","23185423","23185708","chrX","34347179","34347464","75","11161756"
"GL873540","24871086","24871292","chr6","58929994","58930190","53","34058908"
"GL873541","2184209","2184494","chr2","41293684","41293971","77","39109475"
"GL873541","2336864","2337165","chr11","27271431","27271741","60","24934567"
"GL873541","2933814","2934012","chr2","77360948","77361150","48","74427134"
"GL873541","3278864","3279045","chr6","125005648","125005841","52","121726784"
"GL873541","3279048","3279304","chr13","9655770","9656043","79","6376722"
"GL873541","6096713","6096970","chr4","9586177","9586442","77","3489464"
"GL873541","7866480","7866761","chr3","14922221","14922511","71","7055741"
"GL873541","10784887","10785122","chr10","77416775","77417024","70","66631888"
"GL873541","14270263","14270548","chr3","67934736","67935031","66","53664473"
"GL873541","14951013","14951297","chrX","99111558","99111858","66","84160545"
"GL873541","16754258","16754440","chr3","14605945","14606123","42","2148313"
"GL873541","18119813","18120082","chr12","68065045","68065319","69","49945232"
"GL873541","19160231","19160503","chr7","130135809","130136092","74","110975578"
"GL873541","19681037","19681227","chr6","125005648","125005841","42","105324611"
"GL873541","19776451","19776639","chr10","84949298","84949494","44","65172847"
"GL873541","19777008","19777266","chr7","109094805","109095060","70","89317797"
"GL873541","20807256","20807440","chr14","11038600","11038784","42","9768656"
"GL873541","21603901","21604167","chr1","192505197","192505482","68","170901296"
"GL873541","22594002","22594299","chr3","14908945","14909251","79","7685057"
"GL873541","22889066","22889348","chr11","49468959","49469248","66","26579893"
"GL873542","1414199","1414464","chr8","5746730","5747006","86","4332531"
"GL873542","1610435","1610700","chr5","103955453","103955743","71","102345018"
"GL873542","4685650","4685950","chr13","86881647","86881945","81","82195997"
"GL873542","6041196","6041392","chr2","158159439","158159629","62","152118243"
"GL873542","6579005","6579271","chr14","61176603","61176883","83","54597598"
"GL873542","7287844","7288031","chr1","15049045","15049205","60","7761201"
"GL873542","7964283","7964470","chr1","151805531","151805718","48","143841248"
"GL873542","8000021","8000213","chrX","108901091","108901288","42","100901070"
"GL873542","9129541","9129828","chr11","30880792","30881071","78","21751251"
"GL873542","9312484","9312624","chr8","1919977","1920118","42","7392507"
"GL873542","9853617","9853835","chr7","5230779","5230994","60","4622838"
"GL873542","10533446","10533676","chr18","38040816","38041066","76","27507370"
"GL873542","10633538","10633819","chr19","33227423","33227724","78","22593885"
"GL873542","13034603","13034783","chr7","138118094","138118277","42","125083491"
"GL873542","13184630","13184818","chr3","160735907","160736111","44","147551277"
"GL873542","14336326","14336618","chrX","105189331","105189623","63","90853005"
"GL873542","14904907","14905160","chr17","24165757","24166027","69","9260850"
"GL873542","17304862","17305131","chr9","89351215","89351492","62","72046353"
"GL873542","17574139","17574402","chr7","90440767","90441050","66","72866628"
"GL873542","17867052","17867338","chr5","33400884","33401177","75","15533832"
"GL873542","19051153","19051434","chr6","3121108","3121403","73","15930045"
"GL873542","22335732","22336014","chr7","78065310","78065607","72","55729578"
"GL873543","1100774","1100855","chr19","9615865","9615938","28","8515091"
"GL873543","1101135","1101322","chr18","49888486","49888677","53","48787351"
"GL873543","2161369","2161627","chr2","31317856","31318128","69","29156487"
"GL873543","2251252","2251509","chr12","97307963","97308221","49","95056711"
"GL873543","5203948","5204125","chr1","17925326","17925526","48","12721378"
"GL873543","6513529","6513741","chr5","140599851","140600072","56","134086322"
"GL873543","8246201","8246466","chr19","36063957","36064242","71","27817756"
"GL873543","11767534","11767671","chr10","85261407","85261542","38","73493873"
"GL873543","12596360","12596645","chr16","56158211","56158500","70","43561851"
"GL873543","12859299","12859494","chr3","127461989","127462177","51","114602690"
"GL873543","12896385","12896665","chr8","63520345","63520627","66","50623960"
"GL873543","13003682","13003893","chr19","46758966","46759164","57","33755284"
"GL873543","17961055","17961313","chr1","49494377","49494639","63","31533322"
"GL873543","18512979","18513154","chr1","151805531","151805718","44","133292552"
"GL873543","19038967","19039153","chr1","34331866","34332058","40","15292899"
"GL873544","3824286","3824560","chr20","11276174","11276458","69","7451888"
"GL873544","3942836","3943093","chrX","102493604","102493858","58","98550768"
"GL873544","3990436","3990721","chr9","59805256","59805548","62","55814820"
"GL873544","4931148","4931377","chr4","41290170","41290375","63","36359022"
"GL873544","6800577","6800894","chr7","63621816","63622138","77","56821239"
"GL873544","6994823","6995106","chr3","2916724","2917014","66","4078099"
"GL873544","8320428","8320729","chr2","72435597","72435892","87","64115169"
"GL873544","12514569","12514641","chr20","51353230","51353304","21","38838661"
"GL873544","12814523","12814746","chr12","96064621","96064829","59","83250098"
"GL873544","13032180","13032448","chr1","129272407","129272664","64","116240227"
"GL873544","13876668","13876960","chr8","7022349","7022651","69","6854319"
"GL873544","13938916","13939197","chr6","143236928","143237231","70","129298012"
"GL873544","15536669","15536873","chr15","101825862","101826064","50","86289193"
"GL873544","15663290","15663480","chr14","92601738","92601928","57","76938448"
"GL873544","17548166","17548456","chr15","103580962","103581264","62","86032796"
"GL873544","17707913","17708185","chr1","135376239","135376514","67","117668326"
"GL873544","19248279","19248545","chr20","1284233","1284507","62","17964046"
"GL873544","19934110","19934375","chr19","47021970","47022241","61","27087860"
"GL873544","21004226","21004514","chr3","40561028","40561332","70","19556802"
"GL873544","21649269","21649565","chr12","69822502","69822804","72","48173233"
"GL873545","5699023","5699186","chr7","37174172","37174333","35","31475149"
"GL873545","6324270","6324535","chr5","109413024","109413289","61","103088754"
"GL873545","6821461","6821764","chr1","110549315","110549614","65","103727854"
"GL873545","7232320","7232566","chr1","46014511","46014771","67","38782191"
"GL873545","7689253","7689449","chr11","47763291","47763484","42","40074038"
"GL873545","7815887","7816068","chr12","58410375","58410560","43","50594488"
"GL873545","8174442","8174633","chr1","137720725","137720894","59","129546283"
"GL873545","11776322","11776539","chr15","107013173","107013404","80","95236851"
"GL873545","12461518","12461731","chr19","18136388","18136613","56","5674870"
"GL873545","12653719","12653990","chrX","45990254","45990510","76","33336535"
"GL873545","18219547","18219745","chr6","125005648","125005841","56","106786101"
"GL873545","19119695","19120005","chr9","17191347","17191651","77","1928348"
"GL873545","20400718","20400951","chr4","41290170","41290375","64","20889452"
"GL873545","21044915","21045213","chr9","81180350","81180652","64","60135435"
"GL873546","621389","621604","chr7","58851887","58852084","49","58230498"
"GL873546","824334","824399","chr7","71146061","71146127","16","70321727"
"GL873546","2466212","2466320","chr1","90910332","90910450","30","88444120"
"GL873546","9771170","9771468","chr11","112530567","112530869","75","102759397"
"GL873546","15345636","15345830","chr6","125005648","125005841","51","109660012"
"GL873546","15365432","15365727","chrX","46953617","46953923","77","31588185"
"GL873546","15458271","15458439","chr5","72948814","72948994","52","57490543"
"GL873546","17345286","17345468","chr3","39862303","39862474","58","22517017"
"GL873546","17491645","17491830","chr6","125005648","125005841","52","107514003"
"GL873546","19165913","19166205","chr3","3401805","3402100","75","15764108"
"GL873547","4126061","4126351","chr6","105858126","105858419","68","101732065"
"GL873547","4392399","4392676","chr12","76512359","76512633","69","72119960"
"GL873547","5124539","5124845","chr11","112446228","112446525","75","107321689"
"GL873547","5445689","5445892","chr6","125005648","125005841","49","119559959"
"GL873547","5917141","5917215","chr9","45570475","45570540","24","39653334"
"GL873547","5917345","5917577","chr9","112628126","112628359","54","106710781"
"GL873547","6400862","6401165","chr9","17191347","17191651","78","10790485"
"GL873547","8602858","8603058","chr6","125005648","125005841","46","116402790"
"GL873547","11987313","11987623","chrX","108323616","108323903","86","96336303"
"GL873547","13957942","13958206","chr14","32317691","32317955","63","18359749"
"GL873547","14439815","14440114","chr6","132446406","132446712","71","118006591"
"GL873547","15545081","15545364","chr8","89550079","89550360","73","74004998"
"GL873547","15933880","15934118","chr4","41290170","41290375","73","25356290"
"GL873547","17862676","17862973","chr1","56111031","56111328","77","38248355"
"GL873548","3115105","3115277","chrX","65429056","65429240","57","62313951"
"GL873548","6343720","6344016","chr1","64140382","64140693","68","57796662"
"GL873548","8126682","8126872","chr4","127305143","127305329","52","119178461"
"GL873548","11579012","11579320","chr15","9792393","9792706","61","1786619"
"GL873548","15104981","15105148","chr3","144553083","144553237","57","129448102"
"GL873548","18008093","18008373","chr19","36359417","36359701","70","18351324"
"GL873548","18463814","18464033","chr13","34357844","34358029","75","15894030"
"GL873549","547015","547262","chr15","56641652","56641894","63","56094637"
"GL873549","1111019","1111297","chr13","125822204","125822488","65","124711185"
"GL873549","5322995","5323275","chr20","11790827","11791115","77","6467832"
"GL873549","6309948","6310252","chr7","160934742","160935035","77","154624794"
"GL873549","15090880","15091169","chr3","45985541","45985829","75","30894661"
"GL873549","16121918","16122194","chr2","30719324","30719607","73","14597406"
"GL873549","16881636","16881880","chr7","38730439","38730673","82","21848803"
"GL873549","16931218","16931499","chr3","37130561","37130852","63","20199343"
"GL873550","127729","127885","chr5","693306","693466","43","565577"
"GL873550","1383179","1383453","chr11","101847018","101847293","68","100463839"
"GL873550","2578878","2579070","chrX","108901091","108901288","50","106322213"
"GL873550","2834095","2834262","chr11","47292455","47292623","39","44458360"
"GL873550","4138357","4138604","chr7","45230336","45230571","79","41091979"
"GL873550","5538885","5539176","chr16","3425282","3425573","83","2113603"
"GL873550","5610279","5610577","chr5","86551","86846","66","5523728"
"GL873550","6832357","6832632","chr4","9586177","9586442","76","2753820"
"GL873550","7434033","7434223","chr6","125005648","125005841","50","117571615"
"GL873550","8837253","8837434","chr15","101558773","101558959","46","92721520"
"GL873550","9491191","9491397","chr1","134909029","134909221","61","125417838"
"GL873550","11971320","11971588","chr7","145060312","145060590","78","133088992"
"GL873550","11987011","11987052","chr9","3367379","3367416","13","8619632"
"GL873550","12280936","12281215","chr16","18669912","18670204","69","6388976"
"GL873550","12907029","12907327","chr7","114636450","114636747","60","101729421"
"GL873550","15307795","15307933","chr7","23381880","23382030","34","8074085"
"GL873550","16604409","16604717","chr14","93875631","93875931","83","77271222"
"GL873550","16697708","16697985","chr11","93028204","93028496","70","76330496"
"GL873550","17407337","17407590","chr12","33636543","33636807","63","16229206"
"GL873551","1378926","1379130","chr2","90944278","90944485","42","89565352"
"GL873551","1468599","1468879","chr17","7127589","7127871","69","5658990"
"GL873551","2500501","2500678","chr3","150878098","150878286","45","148377597"
"GL873551","6594167","6594473","chr14","93875631","93875931","80","87281464"
"GL873551","7310860","7311134","chr2","77689262","77689545","67","70378402"
"GL873551","8736908","8737078","chr10","286568","286729","46","8450340"
"GL873551","10810072","10810348","chr2","19382766","19383036","110","8572694"
"GL873551","18541105","18541349","chr15","35899788","35900041","70","17358683"
"GL873552","2029432","2029729","chr16","40539341","40539638","77","38509909"
"GL873552","3936614","3936835","chr1","206867792","206867991","57","202931178"
"GL873552","5740641","5740947","chr1","13457414","13457725","87","7716773"
"GL873552","9210707","9211002","chr7","146540593","146540893","86","137329886"
"GL873552","12955701","12955997","chr4","41332787","41333076","82","28377086"
"GL873552","14471706","14472008","chr1","31404175","31404478","64","16932469"
"GL873553","4014272","4014569","chr11","129624256","129624556","73","125609984"
"GL873553","4977978","4978276","chr1","135159904","135160191","85","130181926"
"GL873553","5205208","5205484","chr5","142235493","142235780","57","137030285"
"GL873553","5225755","5225905","chr5","5166428","5166586","44","59327"
"GL873553","8719565","8719851","chr3","71058981","71059269","71","62339416"
"GL873553","8980746","8980898","chr1","113717400","113717559","43","104736654"
"GL873553","10835873","10836156","chr4","9586177","9586442","68","1249696"
"GL873554","1669536","1669812","chr2","98377284","98377553","71","96707748"
"GL873554","1915310","1915488","chr16","19148569","19148751","40","17233259"
"GL873554","2001726","2002003","chr8","39804673","39804964","74","37802947"
"GL873554","3353409","3353637","chr14","10421636","10421859","63","7068227"
"GL873554","4983235","4983533","chr3","49331119","49331406","83","44347884"
"GL873554","5562028","5562307","chr10","78817133","78817417","70","73255105"
"GL873554","5635070","5635348","chr7","118509408","118509692","74","112874338"
"GL873554","7320239","7320325","chr16","67266636","67266720","15","59946397"
"GL873554","7320433","7320643","chr18","23513260","23513479","61","16192827"
"GL873554","8282314","8282491","chr1","73508269","73508457","56","65225955"
"GL873554","8472616","8472905","chr8","5973066","5973347","76","2499550"
"GL873554","9390635","9390935","chr11","24521464","24521765","71","15130829"
"GL873554","10372319","10372605","chr20","11790827","11791115","69","1418508"
"GL873554","10471189","10471402","chrX","17611586","17611807","55","7140397"
"GL873554","16358755","16359023","chr3","175122707","175122979","70","158763952"
"GL873554","16597640","16597806","chr19","32728349","32728517","32","16130709"
"GL873555","1042565","1042841","chr7","92005585","92005869","88","90963020"
"GL873555","1069792","1069973","chr4","17719341","17719534","45","16649549"
"GL873555","4817430","4817718","chr6","73275805","73276100","70","68458375"
"GL873555","6342416","6342508","chr11","51654751","51654840","26","45312335"
"GL873555","7818587","7818869","chr11","125680855","125681131","58","117862268"
"GL873555","12836958","12837150","chr6","125005648","125005841","49","112168690"
"GL873555","13092672","13092965","chr8","28333683","28333984","78","15241011"
"GL873555","14185182","14185471","chr20","32398979","32399265","83","18213797"
"GL873555","14246006","14246307","chr19","29941183","29941487","75","15695177"
"GL873556","482345","482655","chr1","56111031","56111328","77","55628686"
"GL873556","6521997","6522284","chr7","133570319","133570620","79","127048322"
"GL873556","6523239","6523510","chr4","9586177","9586442","68","3062938"
"GL873556","7938551","7938751","chr6","91454421","91454632","64","83515870"
"GL873556","8818870","8819169","chr11","46331424","46331726","76","37512554"
"GL873556","10287449","10287653","chr2","62473779","62473984","51","52186330"
"GL873557","318501","318599","chr4","34986276","34986383","30","34667775"
"GL873557","1438999","1439143","chr18","47438694","47438844","53","45999695"
"GL873557","2415928","2416210","chr19","4320357","4320640","59","1904429"
"GL873557","4007993","4008285","chr10","78440318","78440620","52","74432325"
"GL873557","5077950","5078240","chr8","9821109","9821387","66","4743159"
"GL873557","8202091","8202271","chr1","151805531","151805718","46","143603440"
"GL873557","8608914","8609095","chr4","7174798","7174975","53","1434116"
"GL873557","10004839","10005067","chr7","58851887","58852084","64","48847048"
"GL873557","10114153","10114445","chr13","54908746","54909039","79","44794593"
"GL873557","10421882","10422093","chr11","109973079","109973303","75","99551197"
"GL873557","10920394","10920596","chr6","125005648","125005841","53","114085254"
"GL873557","11077605","11077889","chr10","59308383","59308677","67","48230778"
"GL873557","13265261","13265566","chr20","2744793","2745088","82","10520468"
"GL873557","14585374","14585599","chr11","119863838","119864082","74","105278464"
"GL873558","3015567","3015751","chr6","142340625","142340810","39","139325058"
"GL873558","3147942","3148112","chr5","3549918","3550090","34","401976"
"GL873558","3258303","3258437","chr17","4496836","4496975","32","1238533"
"GL873558","3258555","3258704","chr1","18818532","18818667","57","15559977"
"GL873558","3890667","3890938","chr3","55428641","55428920","71","51537974"
"GL873558","6591807","6591993","chr1","151805531","151805718","50","145213724"
"GL873558","6983035","6983337","chr10","7736570","7736876","79","753535"
"GL873558","11822471","11822670","chr6","125005648","125005841","54","113183177"
"GL873558","11905202","11905408","chr11","2210614","2210819","40","9694588"
"GL873558","12413986","12414269","chr13","70384285","70384573","64","57970299"
"GL873558","12753056","12753350","chr2","99478202","99478497","57","86725146"
"GL873558","14374692","14374980","chr3","4500002","4500274","77","9874690"
"GL873559","3152922","3153055","chr1","13268493","13268639","40","10115571"
"GL873559","7718118","7718414","chr3","49655616","49655909","65","41937498"
"GL873560","458708","458999","chr4","19357","19653","69","439351"
"GL873560","481138","481369","chr7","133487773","133488024","76","133006635"
"GL873560","1279351","1279614","chr5","94423339","94423596","72","93143988"
"GL873560","2132952","2133241","chr11","129624256","129624556","62","127491304"
"GL873560","3641816","3642076","chr20","5773573","5773836","62","2131757"
"GL873560","9559506","9559825","chr17","50693027","50693329","80","41133521"
"GL873560","9832754","9833022","chr11","59991018","59991285","67","50158264"
"GL873560","10672210","10672468","chr3","81190197","81190464","66","70517987"
"GL873560","11229682","11229899","chr5","116118909","116119137","54","104889227"
"GL873560","12321500","12321823","chr2","87447908","87448215","81","75126408"
"GL873560","13090360","13090636","chr10","82017811","82018090","68","68927451"
"GL873561","377550","377825","chr12","37108839","37109100","87","36731289"
"GL873561","534748","534944","chr1","206867792","206867991","56","206333044"
"GL873561","1235238","1235539","chr17","7915599","7915898","55","6680361"
"GL873561","2302110","2302398","chr16","58989747","58990033","66","56687637"
"GL873561","3644639","3644838","chr6","125005648","125005841","50","121361009"
"GL873561","8534358","8534516","chr8","120357833","120357995","41","111823475"
"GL873561","8957342","8957745","chr1","93944680","93945067","138","84987338"
"GL873561","14484697","14484987","chr14","17553786","17554081","58","3069089"
"GL873562","4688503","4688755","chr4","41290170","41290375","77","36601667"
"GL873562","7476931","7477193","chr20","11955530","11955804","71","4478599"
"GL873562","8180067","8180252","chr14","64337426","64337635","53","56157359"
"GL873562","9612511","9612808","chr3","50135480","50135778","75","40522969"
"GL873562","9686327","9686613","chr16","66249183","66249478","68","56562856"
"GL873562","10388767","10389035","chr2","183403633","183403885","70","173014866"
"GL873562","10674671","10674933","chr11","109851421","109851678","71","99176750"
"GL873562","10985571","10985849","chrX","50633837","50634120","68","39648266"
"GL873562","11486580","11486860","chr4","24870273","24870548","60","13383693"
"GL873562","14118860","14119161","chr9","27691851","27692157","58","13572991"
"GL873563","1188803","1189114","chr1","56111031","56111328","82","54922228"
"GL873563","1245708","1245762","chr19","33511565","33511623","17","32265857"
"GL873563","2991543","2991844","chr9","66956234","66956531","81","63964691"
"GL873563","3007678","3007963","chr1","204800757","204801040","72","201793079"
"GL873563","5563489","5563629","chr16","41007385","41007520","45","35443896"
"GL873563","6318084","6318385","chr11","129624256","129624556","65","123306172"
"GL873563","7497361","7497436","chr10","77537333","77537397","22","70039972"
"GL873563","9766182","9766490","chr9","17191347","17191651","80","7425165"
"GL873563","10358139","10358326","chr6","125005648","125005841","45","114647509"
"GL873563","10766866","10767047","chr1","151805531","151805718","46","141038665"
"GL873563","10916950","10917124","chr20","19280","19462","46","10897670"
"GL873563","13232271","13232582","chr8","118255551","118255814","100","105023280"
"GL873564","927321","927521","chr7","38793388","38793580","48","37866067"
"GL873564","4134360","4134606","chr4","148857833","148858092","73","144723473"
"GL873564","4994993","4995272","chr16","64658262","64658548","67","59663269"
"GL873564","6347207","6347406","chr1","151805531","151805718","53","145458324"
"GL873564","6402572","6402849","chr1","47740067","47740363","71","41337495"
"GL873564","6670307","6670525","chr1","17925326","17925526","56","11255019"
"GL873564","9260833","9261021","chr5","140952273","140952455","39","131691440"
"GL873564","9451859","9452089","chr1","206867792","206867991","72","197415933"
"GL873564","9749369","9749656","chr1","4374165","4374454","75","5375204"
"GL873564","9772370","9772656","chr6","165485602","165485895","69","155713232"
"GL873564","11155386","11155531","chr10","84049196","84049352","47","72893810"
"GL873564","12054373","12054634","chr7","132100621","132100899","76","120046248"
"GL873564","12138135","12138319","chr1","151805531","151805718","48","139667396"
"GL873564","12827679","12827937","chr14","108033804","108034075","67","95206125"
"GL873564","13680894","13681162","chr1","213028347","213028634","67","199347453"
"GL873565","1513063","1513334","chr4","46210097","46210386","74","44697034"
"GL873565","2034717","2034979","chr12","68309902","68310175","67","66275185"
"GL873565","2135642","2135851","chr3","180243671","180243871","64","178108029"
"GL873565","2317168","2317429","chr7","150827166","150827437","59","148509998"
"GL873565","2573846","2574034","chr20","53416314","53416515","40","50842468"
"GL873565","2781255","2781452","chr8","2004322","2004511","47","776933"
"GL873565","4792600","4792873","chr4","41332787","41333076","71","36540187"
"GL873565","13096266","13096519","chrX","63866454","63866726","74","50770188"
"GL873565","13146975","13147026","chr6","21254411","21254461","19","8107436"
"GL873565","13478156","13478344","chr1","151805531","151805718","42","138327375"
"GL873565","13585671","13585946","chr7","106269832","106270117","81","92684161"
"GL873565","13637102","13637197","chr18","51824330","51824428","30","38187228"
"GL873566","17395","17568","chr10","15127326","15127511","58","15109931"
"GL873566","3362433","3362518","chr3","92789288","92789372","20","89426855"
"GL873566","3678898","3679181","chr19","38666755","38667028","77","34987857"
"GL873566","7676143","7676349","chr6","49186178","49186384","47","41510035"
"GL873566","9084671","9084925","chr4","33433201","33433453","82","24348530"
"GL873566","9159236","9159503","chrX","21006053","21006341","81","11846817"
"GL873566","10439057","10439321","chr10","62525768","62526046","62","52086711"
"GL873566","10992828","10993027","chr8","124853900","124854103","46","113861072"
"GL873566","11636207","11636402","chr2","77360948","77361150","52","65724741"
"GL873566","11832318","11832608","chr3","84312839","84313113","81","72480521"
"GL873566","13356255","13356555","chr13","51827671","51827973","63","38471416"
"GL873566","13663917","13664205","chr2","125433118","125433421","69","111769201"
"GL873566","13836176","13836433","chr1","30096823","30097078","75","16260647"
"GL873567","236513","236846","chr12","30214603","30214946","95","29978090"
"GL873567","2277938","2278094","chr8","41123499","41123656","52","38845561"
"GL873567","3324592","3324862","chr6","128157114","128157397","66","124832522"
"GL873567","8162875","8163169","chr11","103431244","103431528","78","95268369"
"GL873567","11889920","11890173","chr3","126657166","126657418","66","114767246"
"GL873567","12358074","12358260","chr1","151805531","151805718","52","139447457"
"GL873567","12411852","12412006","chr20","26170881","26171028","46","13759029"
"GL873568","2251139","2251341","chr16","50918268","50918468","42","48667129"
"GL873568","2442901","2443196","chr9","96064804","96065100","70","93621903"
"GL873568","8679308","8679512","chr18","42375167","42375357","54","33695859"
"GL873568","11125263","11125536","chr16","49192381","49192666","67","38067118"
"GL873568","12003869","12004093","chr4","41290170","41290375","63","29286301"
"GL873568","12350591","12350779","chr10","4116157","4116336","45","8234434"
"GL873568","12879290","12879579","chr7","34117425","34117722","62","21238135"
"GL873569","411656","411961","chr10","26606602","26606890","71","26194946"
"GL873569","471753","471929","chr11","11632654","11632833","55","11160901"
"GL873569","7804436","7804713","chr10","80744428","80744721","73","72939992"
"GL873569","8506045","8506224","chr3","14605945","14606123","44","6099900"
"GL873569","10424016","10424317","chr16","3425282","3425573","86","6998734"
"GL873569","11342443","11342620","chr1","15049045","15049205","55","3706602"
"GL873569","11433448","11433630","chr11","99776884","99777032","66","88343436"
"GL873569","13020608","13020890","chr8","68493558","68493846","72","55472950"
"GL873570","125130","125417","chr13","84245355","84245636","84","84120225"
"GL873570","1967555","1967838","chr9","96061262","96061545","50","94093707"
"GL873570","2360610","2360932","chr16","52490333","52490643","92","50129723"
"GL873570","3860474","3860628","chr10","78198345","78198500","44","74337871"
"GL873570","4749871","4750044","chr7","120853434","120853606","61","116103563"
"GL873570","5058299","5058599","chrX","45943241","45943543","72","40884942"
"GL873570","7606988","7607258","chr5","101109048","101109342","71","93502060"
"GL873570","9203131","9203413","chr8","135840657","135840946","70","126637526"
"GL873570","9208000","9208282","chr12","95690309","95690596","71","86482309"
"GL873570","9333724","9334010","chr1","1934018","1934314","60","7399706"
"GL873570","12402244","12402473","chr4","41290170","41290375","65","28887926"
"GL873570","12422836","12423094","chr11","52090922","52091186","70","39668086"
"GL873571","97424","97627","chr8","138600112","138600299","60","138502688"
"GL873571","294079","294263","chr9","21930576","21930762","48","21636497"
"GL873571","2709898","2710047","chr18","47438694","47438844","42","44728796"
"GL873571","3929443","3929548","chr4","34986276","34986383","26","31056833"
"GL873571","4215189","4215338","chr14","73756679","73756840","40","69541490"
"GL873571","10007246","10007414","chr3","144553083","144553237","62","134545837"
"GL873571","10044528","10044814","chr15","105484587","105484890","76","95440059"
"GL873572","1528235","1528531","chrX","128121008","128121293","74","126592773"
"GL873572","1625405","1625604","chr6","125005648","125005841","46","123380243"
"GL873572","2521966","2522157","chr7","121632292","121632491","52","119110326"
"GL873572","7569251","7569404","chr9","111536483","111536644","38","103967232"
"GL873572","7596996","7597214","chr7","26446773","26446968","58","18849777"
"GL873572","7976112","7976373","chr3","153446776","153447046","73","145470664"
"GL873573","918581","918754","chr11","112411105","112411285","51","111492524"
"GL873573","2793392","2793667","chrX","908451","908732","64","1884941"
"GL873573","4668229","4668529","chr1","56986231","56986536","65","52318002"
"GL873573","5146962","5147245","chr13","54082232","54082516","66","48935270"
"GL873573","5635409","5635671","chr1","34308283","34308555","75","28672874"
"GL873573","6719122","6719307","chr1","151805531","151805718","43","145086409"
"GL873573","7322500","7322546","chr7","15778135","15778171","20","8455635"
"GL873573","7322556","7322771","chr17","29585481","29585698","58","22262925"
"GL873574","106984","107280","chr9","12497864","12498153","81","12390880"
"GL873574","412491","412694","chr1","127992533","127992734","51","127580042"
"GL873574","3799948","3800242","chr13","61151193","61151493","71","57351245"
"GL873574","4055649","4055861","chr3","162095138","162095353","54","158039489"
"GL873574","4532912","4533158","chr14","91632703","91632965","68","87099791"
"GL873574","5275158","5275399","chrX","87299900","87300131","64","82024742"
"GL873574","5441336","5441623","chr7","130135809","130136092","61","124694473"
"GL873574","6271850","6272135","chr16","64658262","64658548","54","58386412"
"GL873574","6335750","6335947","chrX","108901091","108901288","55","102565341"
"GL873574","6484583","6484892","chr9","61401130","61401428","77","54916547"
"GL873574","7344004","7344256","chr11","29997701","29997953","73","22653697"
"GL873574","7841748","7842059","chr1","56986231","56986536","78","49144483"
"GL873574","8339985","8340256","chr3","130700288","130700573","83","122360303"
"GL873574","8567117","8567435","chr2","153135869","153136171","80","144568752"
"GL873574","9688801","9689087","chr16","71906691","71906960","110","62217890"
"GL873574","9983324","9983609","chrX","45751618","45751893","69","35768294"
"GL873575","6815491","6815798","chr2","87447908","87448215","78","80632417"
"GL873575","5026830","5027084","chr9","110707778","110708031","67","105680948"
"GL873575","6660024","6660282","chr15","24632978","24633246","76","17972954"
"GL873575","8217017","8217329","chr1","203844178","203844484","85","195627161"
"GL873575","8751980","8752236","chr11","3636179","3636436","80","5115801"
"GL873575","9489789","9490089","chr16","21276678","21276965","111","11786889"
"GL873575","9502530","9502840","chr10","28663752","28664047","87","19161222"
"GL873576","822770","822892","chr13","37366309","37366448","40","36543539"
"GL873576","5595178","5595478","chr7","49373771","49374068","79","43778593"
"GL873576","7180139","7180363","chr11","69536717","69536928","61","62356578"
"GL873576","8818981","8819194","chr16","7862143","7862354","60","956838"
"GL873576","9784541","9784801","chr4","3525152","3525424","69","6259389"
"GL873576","9968571","9968766","chr1","127992533","127992734","44","118023962"
"GL873577","1507850","1508135","chr10","16642111","16642401","75","15134261"
"GL873577","6383515","6383815","chr1","56111031","56111328","79","49727516"
"GL873577","7065159","7065384","chr20","1106256","1106471","61","5958903"
"GL873577","8910244","8910564","chr17","50693027","50693329","79","41782783"
"GL873577","10045754","10045918","chr2","89880206","89880374","42","79834452"
"GL873578","5494966","5495093","chr10","85261407","85261542","44","79766441"
"GL873578","5604336","5604615","chr16","64658262","64658548","62","59053926"
"GL873578","8937053","8937334","chr3","127892523","127892811","75","118955470"
"GL873578","10030407","10030500","chr10","81176304","81176408","29","71145897"
"GL873579","869995","870206","chr1","9488050","9488270","47","8618055"
"GL873579","2475119","2475345","chr4","41290170","41290375","64","38815051"
"GL873579","3540918","3541124","chr14","50811075","50811286","59","47270157"
"GL873579","5260314","5260510","chr1","151805531","151805718","50","146545217"
"GL873579","6153237","6153404","chr7","69831870","69832041","45","63678633"
"GL873579","7815166","7815377","chr1","206867792","206867991","57","199052626"
"GL873579","10985659","10985844","chr17","57852234","57852431","52","46866575"
"GL873580","155053","155371","chr1","28149060","28149393","101","27994007"
"GL873580","262617","262925","chr11","115481950","115482247","78","115219333"
"GL873580","302207","302511","chr14","93875631","93875931","81","93573424"
"GL873580","1100752","1100907","chr12","31041413","31041570","32","29940661"
"GL873580","1184475","1184748","chr10","56112604","56112879","67","54928129"
"GL873580","1696858","1697072","chr20","43983594","43983805","59","42286736"
"GL873580","2454597","2454892","chrX","88095923","88096214","60","85641326"
"GL873580","2988538","2988823","chr3","173789587","173789883","71","170801049"
"GL873580","3007755","3007921","chr8","39611899","39612083","46","36604144"
"GL873580","3062816","3063002","chr9","21930576","21930762","39","18867760"
"GL873580","7070043","7070332","chr8","117840456","117840721","85","110770413"
"GL873580","8056842","8057029","chr7","26446773","26446968","38","18389931"
"GL873580","9497290","9497554","chr3","48711651","48711918","72","39214361"
"GL873580","9533927","9534087","chr14","65765679","65765854","56","56231752"
"GL873581","1734289","1734552","chr20","20702376","20702656","64","18968087"
"GL873581","3472099","3472289","chr7","58851887","58852084","39","55379788"
"GL873581","3845864","3846174","chr12","62713749","62714046","81","58867885"
"GL873581","4137196","4137349","chr8","41123499","41123656","45","36986303"
"GL873581","8690129","8690407","chr4","9586177","9586442","67","896048"
"GL873581","10920826","10921024","chr9","15439088","15439284","46","4518262"
"GL873582","1396379","1396512","chr17","62850678","62850812","40","61454299"
"GL873582","1673928","1674110","chrX","141568173","141568368","49","139894245"
"GL873582","5057607","5057819","chr1","23554509","23554705","78","18496902"
"GL873584","1041435","1041631","chr6","125005648","125005841","50","123964213"
"GL873584","2396862","2397139","chr4","24870273","24870548","67","22473411"
"GL873584","3492521","3492810","chr9","60861255","60861549","68","57368734"
"GL873584","4010283","4010560","chr7","107069996","107070292","63","103059713"
"GL873584","4033614","4033698","chr3","92789288","92789372","20","88755674"
"GL873584","5475976","5476256","chr8","119510711","119511001","69","114034735"
"GL873584","6673126","6673464","chr1","177681991","177682294","102","171008865"
"GL873584","7337759","7337906","chr10","62393720","62393876","34","55055961"
"GL873584","9860878","9861166","chrX","41580200","41580499","63","31719322"
"GL873584","10502430","10502702","chr12","100913930","100914200","65","90411500"
"GL873584","10819349","10819649","chr12","64057726","64058028","59","53238377"
"GL873584","10983766","10984078","chr6","53914875","53915180","90","42931109"
"GL873585","521898","522053","chr8","28256851","28257005","37","27734953"
"GL873585","1840298","1840476","chr1","35098051","35098222","43","33257753"
"GL873585","9202190","9202452","chr4","148857833","148858092","70","139655643"
"GL873585","9877027","9877207","chr5","5166428","5166586","44","4710599"
"GL873585","10016896","10017081","chr16","72383997","72384185","43","62367101"
"GL873586","837971","838157","chr1","127992533","127992734","39","127154562"
"GL873586","1008719","1008937","chr1","196874139","196874333","65","195865420"
"GL873586","1049012","1049294","chr12","99687775","99688063","62","98638763"
"GL873586","3973627","3973904","chrX","108427442","108427724","72","104453815"
"GL873586","4253540","4253809","chrX","141863621","141863891","74","137610081"
"GL873586","5183023","5183263","chr1","126463168","126463410","67","121280145"
"GL873586","5238625","5238786","chr8","75529371","75529530","38","70290746"
"GL873586","5632486","5632782","chr9","60919557","60919850","74","55287071"
"GL873586","5844345","5844637","chr11","937143","937434","68","4907202"
"GL873586","5982514","5982781","chr9","115306291","115306577","76","109323777"
"GL873586","8211718","8212006","chr4","73851481","73851774","71","65639763"
"GL873586","9297379","9297677","chr4","35470081","35470373","63","26172702"
"GL873587","1861590","1861768","chr9","122340562","122340742","39","120478972"
"GL873587","2096110","2096297","chr8","32856566","32856770","57","30760456"
"GL873587","2388106","2388327","chr1","127992533","127992734","67","125604427"
"GL873587","4373902","4374162","chr2","183403633","183403885","68","179029731"
"GL873587","4681833","4682021","chr2","32346743","32346925","42","27664910"
"GL873587","4816756","4817019","chr3","160819763","160820036","74","156003007"
"GL873587","4998145","4998368","chr16","45374567","45374757","76","40376422"
"GL873587","6153331","6153519","chr3","172763170","172763353","49","166609839"
"GL873587","6336942","6337199","chr10","73249194","73249470","67","66912252"
"GL873587","7161819","7162035","chr4","41290170","41290375","55","34128351"
"GL873587","7587026","7587221","chr6","125005648","125005841","51","117418622"
"GL873588","1454498","1454699","chr13","40744241","40744440","41","39289743"
"GL873588","3009121","3009407","chr12","76870977","76871259","69","73861856"
"GL873588","6219000","6219299","chr15","8153896","8154201","67","1934896"
"GL873588","7586507","7586793","chr17","19673245","19673537","72","12086738"
"GL873588","9857215","9857398","chr1","151805531","151805718","40","141948316"
"GL873588","10173096","10173429","chr10","71186411","71186721","96","61013315"
"GL873589","2908378","2908659","chr14","9825214","9825512","61","6916836"
"GL873589","3534889","3535162","chr15","102410883","102411166","72","98875994"
"GL873589","3547390","3547655","chr7","152663836","152664082","71","149116446"
"GL873589","3853253","3853593","chr4","157586406","157586731","100","153733153"
"GL873589","4350286","4350501","chr12","52434853","52435052","58","48084567"
"GL873589","6540832","6541085","chr1","145656262","145656538","68","139115430"
"GL873589","9024335","9024519","chr9","21930576","21930762","33","12906241"
"GL873589","10168713","10168960","chr15","56641652","56641894","68","46472939"
"GL873590","1303213","1303415","chr11","24784316","24784529","47","23481103"
"GL873590","3945021","3945297","chr4","41332787","41333076","69","37387766"
"GL873590","6574073","6574262","chr1","151805531","151805718","38","145231458"
"GL873590","7585548","7585828","chr19","4082440","4082718","80","3503108"
"GL873590","7732657","7732877","chr4","41290170","41290375","58","33557513"
"GL873590","8841901","8842129","chr4","41290170","41290375","65","32448269"
"GL873590","9311354","9311633","chr5","103955453","103955743","81","94644099"
"GL873590","9349177","9349428","chr14","107389541","107389803","76","98040364"
"GL873591","2147245","2147473","chr3","38715420","38715622","68","36568175"
"GL873591","2897989","2898149","chr12","28652549","28652713","36","25754560"
"GL873591","2943156","2943343","chr1","151805531","151805718","52","148862375"
"GL873591","3895474","3895753","chr3","55000670","55000946","78","51105196"
"GL873591","4227244","4227543","chr20","11790827","11791115","72","7563583"
"GL873591","7344141","7344313","chr8","122720339","122720493","51","115376198"
"GL873592","2700137","2700414","chr8","65475945","65476219","66","62775808"
"GL873592","4641561","4641757","chr1","34331866","34332058","46","29690305"
"GL873592","6477411","6477686","chr5","72481984","72482284","74","66004573"
"GL873592","6850500","6850682","chr1","151805531","151805718","43","144955031"
"GL873592","7008575","7008874","chr15","98907969","98908265","76","91899394"
"GL873592","7117737","7118012","chr12","64223842","64224129","67","57106105"
"GL873592","8245719","8245902","chr2","176905594","176905779","44","168659875"
"GL873592","8352845","8353123","chr19","28439232","28439504","66","20086387"
"GL873592","8710264","8710431","chr7","76063817","76063988","37","67353553"
"GL873592","9617535","9617822","chr8","62369731","62370024","69","52752196"
"GL873592","9658303","9658593","chr8","121863522","121863798","85","112205219"
"GL873593","70360","70634","chr2","43948245","43948537","73","43877885"
"GL873593","1639318","1639584","chr3","75843272","75843555","71","74203954"
"GL873593","1854432","1854653","chr4","41290170","41290375","58","39435738"
"GL873593","1867788","1868075","chr15","36464528","36464827","66","34596740"
"GL873593","1886893","1886947","chr13","10047392","10047451","15","8160499"
"GL873593","2317873","2318168","chr8","59274381","59274676","69","56956508"
"GL873593","3859297","3859504","chr15","70436649","70436842","61","66577352"
"GL873593","4719075","4719286","chr4","41290170","41290375","46","36571095"
"GL873593","4915633","4915921","chr1","56111031","56111328","84","51195398"
"GL873593","6157283","6157389","chr10","81176304","81176408","30","75019021"
"GL873593","6857288","6857550","chr17","230360","230623","55","6626928"
"GL873593","8319743","8320025","chr3","106467496","106467780","64","98147753"
"GL873594","3447894","3448054","chr3","87652486","87652640","47","84204592"
"GL873594","6746789","6746972","chr1","151805531","151805718","50","145058742"
"GL873594","7705428","7705723","chr8","65424363","65424658","69","57718935"
"GL873595","2710984","2711169","chr13","92037665","92037851","42","89326681"
"GL873596","3528445","3528730","chr15","25667916","25668203","63","22139471"
"GL873596","3685627","3685822","chr15","23139561","23139763","58","19453934"
"GL873596","5852741","5853025","chr1","30188018","30188308","77","24335277"
"GL873596","8129560","8129853","chr12","40106121","40106422","72","31976561"
"GL873596","9014504","9014696","chr16","59709152","59709312","62","50694648"
"GL873597","1407977","1408237","chr14","91632703","91632965","71","90224726"
"GL873597","1917550","1917780","chr1","24010279","24010480","71","22092729"
"GL873597","3576171","3576462","chrX","88095923","88096214","63","84519752"
"GL873597","4618091","4618392","chr7","158843382","158843682","77","154225291"
"GL873597","4881900","4882171","chr3","51402350","51402650","73","46520450"
"GL873597","6562967","6563126","chr10","12133387","12133552","37","5570420"
"GL873597","7819133","7819437","chr17","54184665","54184929","100","46365532"
"GL873597","7983510","7983671","chrX","50899208","50899368","42","42915698"
"GL873597","8319138","8319384","chr3","87372769","87373010","56","79053631"
"GL873597","8382816","8383055","chr1","34174945","34175171","62","25792129"
"GL873598","444320","444609","chr8","9843104","9843404","64","9398784"
"GL873598","1088608","1088812","chr4","63358161","63358354","52","62269553"
"GL873598","5998832","5999092","chr6","172852491","172852759","83","166853659"
"GL873599","207931","208135","chr6","58929994","58930190","56","58722063"
"GL873599","284408","284698","chr20","23268184","23268481","73","22983776"
"GL873599","3277681","3277942","chr3","151317759","151318029","82","148040078"
"GL873599","3470204","3470487","chr19","39461919","39462212","69","35991715"
"GL873599","3493112","3493282","chr2","122548902","122549048","55","119055790"
"GL873599","3637889","3638078","chr6","125005648","125005841","45","121367759"
"GL873599","6187632","6187924","chr1","178628994","178629298","69","172441362"
"GL873600","126474","126609","chr10","78118667","78118807","41","77992193"
"GL873600","2027733","2028018","chr4","17310391","17310675","67","15282658"
"GL873600","3189990","3190232","chr15","57892806","57893072","71","54702816"
"GL873600","6238822","6239016","chr3","124322697","124322893","44","118083875"
"GL873600","8373172","8373460","chr13","47262389","47262685","59","38889217"
"GL873600","8750729","8751006","chr3","125133032","125133325","73","116382303"
"GL873601","1267904","1268197","chr13","53743893","53744186","64","52475989"
"GL873601","6915208","6915493","chr17","24165757","24166027","80","17250549"
"GL873601","6926109","6926375","chr7","37994843","37995095","65","31068734"
"GL873601","8575312","8575599","chr7","91815341","91815631","79","83240029"
"GL873601","8626364","8626645","chr8","54985771","54986039","66","46359407"
"GL873602","99882","100116","chr20","20806932","20807149","78","20707050"
"GL873602","190287","190489","chr1","47247036","47247242","45","47056749"
"GL873602","3440228","3440453","chrX","56587","56810","54","3383641"
"GL873602","3536234","3536422","chr6","125005648","125005841","48","121469414"
"GL873602","6889143","6889230","chr19","42960082","42960168","20","36070939"
"GL873602","6889265","6889404","chr1","46004233","46004362","48","39114968"
"GL873603","106812","107077","chr4","10547417","10547691","81","10440605"
"GL873603","3530582","3530872","chr17","8517605","8517900","60","4987023"
"GL873603","6175789","6176068","chr14","20466887","20467175","70","14291098"
"GL873603","7852284","7852457","chr4","8798009","8798195","53","945725"
"GL873604","2901575","2901856","chr4","151889628","151889924","66","148988053"
"GL873604","4332782","4333080","chr14","93875631","93875931","77","89542849"
"GL873604","4877486","4877742","chr12","103903366","103903619","72","99025880"
"GL873604","6543989","6544264","chr1","113279487","113279767","78","106735498"
"GL873604","6986493","6986719","chr3","39811777","39812004","59","32825284"
"GL873604","7050807","7050972","chr5","3549918","3550090","49","3500889"
"GL873604","7365702","7365996","chr5","96653915","96654214","71","89288213"
"GL873605","3396317","3396621","chr13","61151193","61151493","79","57754876"
"GL873605","3544162","3544448","chr10","90707551","90707838","63","87163389"
"GL873605","3703798","3703942","chr5","58106494","58106644","49","54402696"
"GL873605","4697193","4697380","chr20","26013725","26013914","35","21316532"
"GL873605","5119556","5119786","chr4","157665784","157666012","51","152546228"
"GL873605","5435053","5435248","chr5","99866288","99866467","60","94431235"
"GL873605","7990501","7990789","chr10","19983020","19983312","61","11992519"
"GL873605","8571054","8571358","chr10","67179520","67179827","63","58608466"
"GL873606","806403","806646","chr7","109094805","109095060","64","108288402"
"GL873606","1224110","1224376","chr20","70932853","70933112","73","69708743"
"GL873606","1574751","1574932","chr4","107846887","107847078","42","106272136"
"GL873606","2392811","2393107","chr1","162849587","162849880","76","160456776"
"GL873606","2553414","2553681","chr2","143233612","143233868","95","140680198"
"GL873606","2717454","2717753","chr1","33148879","33149191","57","30431425"
"GL873606","3140845","3141116","chr5","109413024","109413289","69","106272179"
"GL873606","4943715","4943898","chr8","120357833","120357995","63","115414118"
"GL873606","6667589","6667884","chr8","59274381","59274676","77","52606792"
"GL873606","7290892","7291100","chr11","15392861","15393084","54","8101969"
"GL873607","8266089","8266289","chr19","48960711","48960888","58","40694622"
"GL873608","281101","281351","chr11","71954549","71954814","68","71673448"
"GL873608","2374826","2375097","chr3","85811361","85811636","64","83436535"
"GL873608","3671662","3671964","chr9","67500004","67500303","64","63828342"
"GL873608","5027045","5027332","chr3","45985541","45985829","74","40958496"
"GL873608","6470761","6471024","chrX","143115864","143116128","68","136645103"
"GL873609","4005304","4005569","chr10","89761989","89762260","76","85756685"
"GL873609","7765458","7765755","chr3","14892733","14893021","78","7127275"
"GL873609","8171812","8172011","chr3","160735907","160736111","41","152564095"
"GL873610","3061902","3062204","chr3","8925548","8925845","86","5863646"
"GL873610","4467002","4467190","chr2","130418260","130418460","53","125951258"
"GL873610","4773315","4773615","chr17","15769049","15769341","81","10995734"
"GL873610","4813564","4813678","chr9","2561961","2562075","42","2251603"
"GL873610","5662478","5662562","chr3","47552085","47552168","23","41889607"
"GL873610","5784234","5784470","chr4","41290170","41290375","68","35505936"
"GL873610","6049242","6049471","chr4","41290170","41290375","67","35240928"
"GL873610","6147263","6147514","chr4","126171741","126172005","79","120024478"
"GL873610","7484237","7484501","chr3","39964651","39964919","78","32480414"
"GL873611","571086","571374","chr16","55325040","55325337","62","54753954"
"GL873611","1276058","1276339","chr4","154656187","154656469","73","153380129"
"GL873611","2825840","2826148","chr9","111081011","111081314","69","108255171"
"GL873611","6558761","6558942","chr10","15127326","15127511","50","8568565"
"GL873611","7442995","7443277","chr16","4997636","4997921","69","2445359"
"GL873611","7686921","7687219","chr17","21859373","21859665","79","14172452"
"GL873611","8127592","8127856","chr12","10923775","10924049","69","2796183"
"GL873612","346726","346924","chr1","127992533","127992734","45","127645807"
"GL873612","2784968","2785138","chr9","42496801","42496983","54","39711833"
"GL873612","3336161","3336363","chr20","11054650","11054858","52","7718489"
"GL873612","6037231","6037534","chr1","33148879","33149191","72","27111648"
"GL873612","6701329","6701607","chr10","71327099","71327376","67","64625770"
"GL873612","6852337","6852486","chr5","75445394","75445557","35","68593057"
"GL873613","1005977","1006176","chr1","206867792","206867991","56","205861815"
"GL873613","2338298","2338579","chr1","212893045","212893331","62","210554747"
"GL873613","2787300","2787509","chr10","44252383","44252590","49","41465083"
"GL873613","2904212","2904466","chr13","917372","917622","65","1986840"
"GL873613","3182482","3182656","chr10","5156560","5156738","36","1974078"
"GL873613","3283588","3283874","chr3","10405732","10406021","69","7122144"
"GL873613","3285202","3285403","chr8","30657685","30657893","47","27372483"
"GL873613","3506033","3506220","chr1","151805531","151805718","43","148299498"
"GL873613","4178906","4179198","chr9","17191347","17191651","77","13012441"
"GL873613","4426443","4426614","chr19","13905017","13905191","58","9478574"
"GL873613","4560304","4560563","chr19","27762384","27762636","70","23202080"
"GL873613","5241508","5241727","chr20","11054650","11054858","62","5813142"
"GL873613","5569680","5569968","chrX","32911208","32911497","75","27341528"
"GL873613","7032215","7032509","chr2","19897327","19897620","72","12865112"
"GL873613","7981754","7982030","chr14","17154728","17155007","78","9172974"
"GL873614","497937","498149","chr9","84635409","84635619","56","84137472"
"GL873614","2048534","2048723","chr12","31341459","31341652","41","29292925"
"GL873614","2380292","2380602","chrX","69547869","69548171","88","67167577"
"GL873614","2842875","2843157","chr17","7915599","7915898","65","5072724"
"GL873614","3036640","3036915","chr6","71718801","71719086","63","68682161"
"GL873614","4066676","4066837","chr16","40252971","40253136","35","36186295"
"GL873614","4168091","4168272","chr20","19280","19462","44","4148811"
"GL873614","5350413","5350696","chr2","78490835","78491135","65","73140422"
"GL873614","5746353","5746512","chr4","7174798","7174975","61","1428445"
"GL873614","6859973","6860261","chr3","37130561","37130852","66","30270588"
"GL873615","523583","523867","chr3","165061348","165061636","68","164537765"
"GL873615","5337478","5337677","chr1","151805531","151805718","48","146468053"
"GL873615","6241671","6241870","chr6","125005648","125005841","45","118763977"
"GL873615","6398911","6399195","chr20","35917051","35917352","64","29518140"
"GL873615","6763387","6763681","chr2","99357214","99357515","72","92593827"
"GL873615","7549746","7550077","chr11","28711063","28711386","94","21161317"
"GL873615","7917998","7918269","chr3","85811361","85811636","65","77893363"
"GL873616","46261","46539","chr15","102410883","102411166","67","102364622"
"GL873616","1066337","1066609","chr4","150644567","150644842","68","149578230"
"GL873616","1359350","1359553","chr2","130418260","130418460","51","129058910"
"GL873616","3356715","3357030","chr17","50693027","50693329","82","47336312"
"GL873616","3808124","3808443","chr12","39641139","39641437","91","35833015"
"GL873616","5798731","5799007","chr10","16642111","16642401","67","10843380"
"GL873616","6820562","6820833","chr3","134457792","134458070","70","127637230"
"GL873617","606194","606470","chr4","41332787","41333076","75","40726593"
"GL873617","2179922","2180213","chr3","173903628","173903922","87","171723706"
"GL873617","2352554","2352828","chr2","42377268","42377552","70","40024714"
"GL873617","4816900","4817156","chr2","85410481","85410743","65","80593581"
"GL873617","6776480","6776750","chr4","9586177","9586442","71","2809697"
"GL873618","1911569","1911824","chr7","156806943","156807195","67","154895374"
"GL873618","2742417","2742696","chrX","50279268","50279555","76","47536851"
"GL873618","3018909","3019067","chr6","133142944","133143117","45","130124035"
"GL873619","5375379","5375575","chr11","972916","973110","44","4402463"
"GL873619","5718697","5718968","chr7","25081078","25081353","74","19362381"
"GL873620","390384","390577","chr6","125005648","125005841","53","124615264"
"GL873620","2949724","2949899","chr20","20004154","20004328","38","17054430"
"GL873620","3240846","3241125","chr8","29253010","29253299","69","26012164"
"GL873620","4869411","4869710","chr1","68912573","68912870","77","64043162"
"GL873620","6205782","6205977","chr8","125133547","125133748","53","118927765"
"GL873620","6392549","6392751","chr12","93691350","93691557","36","87298801"
"GL873620","6522443","6522648","chr1","127992533","127992734","49","121470090"
"GL873621","236057","236361","chr2","131694865","131695150","83","131458808"
"GL873621","289233","289491","chr20","496005","496273","72","206772"
"GL873621","499410","499693","chr18","24337075","24337370","67","23837665"
"GL873621","642753","643031","chr10","82017811","82018090","59","81375058"
"GL873621","877466","877761","chr1","12335146","12335451","74","11457680"
"GL873621","1101383","1101671","chrX","108427442","108427724","74","107326059"
"GL873621","1277918","1278082","chr1","68789620","68789801","51","67511702"
"GL873621","1663634","1663856","chr1","47019945","47020164","56","45356311"
"GL873621","2509748","2509994","chr13","60348504","60348765","71","57838756"
"GL873621","5730505","5730797","chr1","33431400","33431699","65","27700895"
"GL873621","7031935","7032245","chr14","7187892","7188193","79","155957"
"GL873621","7312855","7313131","chr10","27228223","27228500","75","19915368"
"GL873621","7493029","7493292","chr7","145060312","145060590","68","137567283"
"GL873622","2224824","2225119","chr20","51878730","51879026","75","49653906"
"GL873622","2580181","2580473","chr3","71058981","71059269","72","68478800"
"GL873622","4091846","4092133","chr11","129624256","129624556","63","125532410"
"GL873622","6317748","6317966","chr11","66155928","66156146","54","59838180"
"GL873622","7009922","7010082","chr10","12133387","12133552","44","5123465"
"GL873622","7152948","7153223","chrX","93453690","93453955","68","86300742"
"GL873622","7497694","7497930","chr11","64127036","64127268","70","56629342"
"GL873622","7498274","7498342","chr2","111306798","111306852","23","103808524"
"GL873622","7543967","7544241","chr3","53258526","53258801","66","45714559"
"GL873623","345281","345502","chr9","15439088","15439284","58","15093807"
"GL873623","2204962","2205263","chr20","66342681","66342974","74","64137719"
"GL873623","3858059","3858340","chrX","24784096","24784380","63","20926037"
"GL873623","5538685","5538908","chr9","30999447","30999693","62","25460762"
"GL873623","5914123","5914367","chr1","202662430","202662676","60","196748307"
"GL873623","6009706","6009981","chr10","89761989","89762260","65","83752283"
"GL873623","6697770","6697935","chr5","106738837","106739001","38","100041067"
"GL873623","7448871","7449094","chr1","127992533","127992734","60","120543662"
"GL873624","642732","642957","chr9","2658681","2658890","60","2015949"
"GL873624","677645","677830","chrX","108901091","108901288","54","108223446"
"GL873624","1882423","1882695","chr4","9586177","9586442","69","7703754"
"GL873624","2145284","2145440","chr7","81201574","81201740","43","79056290"
"GL873624","2145689","2145845","chr4","30255236","30255388","42","28109547"
"GL873624","2223982","2224184","chr6","125005648","125005841","57","122781666"
"GL873624","4067668","4067860","chr4","7280167","7280356","38","3212499"
"GL873624","4148799","4149005","chr1","212373020","212373225","43","208224221"
"GL873624","4772767","4772954","chr6","125005648","125005841","45","120232881"
"GL873625","3421114","3421381","chrX","41663146","41663428","74","38242032"
"GL873625","4759494","4759747","chr4","3525152","3525424","89","1234342"
"GL873625","7005707","7005860","chr8","120357833","120357995","44","113352126"
"GL873626","7206134","7206447","chr3","14908945","14909251","81","7702811"
"GL873627","3383343","3383522","chr5","2193051","2193243","42","1190292"
"GL873627","4070967","4071170","chr4","59336845","59337049","47","55265878"
"GL873627","4518210","4518502","chr3","45234200","45234496","60","40715990"
"GL873627","5257308","5257554","chr7","38730439","38730673","64","33473131"
"GL873627","5612902","5613195","chr3","151880899","151881200","73","146267997"
"GL873627","7261399","7261564","chr8","110669621","110669788","41","103408222"
"GL873628","98","261","chr6","166159956","166160144","46","166159858"
"GL873628","1089230","1089528","chr7","156349663","156349951","68","155260433"
"GL873628","1644994","1645260","chr3","12084431","12084700","64","10439437"
"GL873628","2369749","2369944","chr6","125005648","125005841","61","122635899"
"GL873628","4038124","4038301","chr1","217764446","217764638","46","213726322"
"GL873628","4072325","4072497","chr5","101272156","101272332","49","97199831"
"GL873628","5056244","5056537","chr13","43242594","43242885","60","38186350"
"GL873628","5166065","5166344","chr5","172565835","172566122","52","167399770"
"GL873628","5307687","5307874","chr6","125005648","125005841","41","119697961"
"GL873628","5474098","5474389","chr6","134114474","134114766","53","128640376"
"GL873629","2064944","2065121","chr19","32728349","32728517","45","30663405"
"GL873629","2411936","2412203","chr3","159616026","159616302","65","157204090"
"GL873629","3560272","3560556","chr10","59101960","59102254","62","55541688"
"GL873629","5346180","5346449","chrX","93453690","93453955","71","88107510"
"GL873630","149771","150064","chr16","48921758","48922043","61","48771987"
"GL873630","856569","856794","chr2","155472617","155472863","81","154616048"
"GL873630","2202814","2203078","chr3","39964651","39964919","69","37761837"
"GL873630","3350741","3350894","chr8","120357833","120357995","52","117007092"
"GL873630","4013533","4013702","chr11","40783276","40783445","48","36769743"
"GL873630","4548734","4549022","chr13","15671186","15671485","75","11122452"
"GL873631","914973","915183","chr6","125005648","125005841","56","124090675"
"GL873631","1460519","1460790","chr3","134457792","134458070","72","132997273"
"GL873631","1461928","1462225","chr6","113004251","113004556","75","111542323"
"GL873631","2169261","2169521","chr3","85811361","85811636","64","83642100"
"GL873631","2782025","2782245","chr1","127992533","127992734","69","125210508"
"GL873631","4131390","4131579","chr4","127305143","127305329","35","123173753"
"GL873632","179396","179688","chr4","43247715","43248010","80","43068319"
"GL873632","218305","218607","chr15","21337900","21338195","79","21119595"
"GL873632","1733133","1733356","chr9","15439088","15439284","65","13705955"
"GL873632","1755724","1755943","chr4","41290170","41290375","53","39534446"
"GL873632","3260990","3261214","chr1","127992533","127992734","60","124731543"
"GL873632","4332470","4332717","chr4","107453880","107454109","72","103121410"
"GL873632","5810073","5810378","chr18","66058220","66058514","80","60248147"
"GL873632","6022931","6023196","chr2","98377284","98377553","77","92354353"
"GL873632","6324008","6324157","chr20","26473306","26473437","52","20149298"
"GL873632","6881568","6881718","chr15","75924063","75924224","41","69042495"
"GL873633","988638","988926","chr3","177654445","177654739","61","176665807"
"GL873633","3777282","3777487","chr4","85253754","85253967","69","81476472"
"GL873633","6095094","6095405","chr14","114491789","114492087","82","108396695"
"GL873634","539258","539443","chr14","50684025","50684208","63","50144767"
"GL873634","626580","626723","chr13","31717918","31718075","43","31091338"
"GL873634","2545771","2546081","chr13","61151193","61151493","76","58605422"
"GL873634","3121319","3121507","chr20","3707494","3707689","52","586175"
"GL873634","3851628","3851832","chr6","125005648","125005841","49","121154020"
"GL873634","6057079","6057340","chr17","77377612","77377877","66","71320533"
"GL873634","6888845","6889054","chr4","69290836","69291044","50","62401991"
"GL873635","4095805","4095963","chr3","173929063","173929230","46","169833258"
"GL873635","5002905","5002969","chr7","123037093","123037150","18","118034188"
"GL873636","12580","12669","chr18","51824330","51824428","30","51811750"
"GL873636","2671716","2672009","chr16","58989747","58990033","68","56318031"
"GL873636","2987577","2987770","chrX","108901091","108901288","45","105913514"
"GL873637","2263707","2263927","chr6","132191827","132192026","60","129928120"
"GL873637","2305651","2305927","chr9","35251775","35252047","69","32946124"
"GL873637","4097200","4097494","chr13","11106386","11106677","69","7009186"
"GL873637","4277684","4277896","chr12","52434853","52435052","58","48157169"
"GL873637","5281151","5281415","chr9","98372320","98372603","74","93091169"
"GL873638","3263851","3264129","chr3","134457792","134458070","74","131193941"
"GL873638","3847261","3847418","chr5","58106494","58106644","44","54259233"
"GL873638","5209464","5209738","chr13","9655770","9656043","63","4446306"
"GL873638","5774943","5775237","chr10","71080091","71080383","73","65305148"
"GL873638","6161334","6161608","chr15","42385665","42385953","76","36224331"
"GL873639","70922","71236","chrX","35580904","35581206","90","35509982"
"GL873639","1623691","1623972","chr7","156504211","156504502","73","154880520"
"GL873639","2272446","2272670","chr7","58851887","58852084","63","56579441"
"GL873639","4457331","4457519","chr6","125005648","125005841","46","120548317"
"GL873639","5444731","5445022","chr6","172190333","172190631","65","166745602"
"GL873639","5516759","5516984","chr13","68596211","68596440","51","63079452"
"GL873639","6219335","6219612","chr7","62519234","62519520","72","56299899"
"GL873640","100807","101105","chr3","161772598","161772891","80","161671791"
"GL873640","2317450","2317720","chr2","31317856","31318128","61","29000406"
"GL873640","2413501","2413708","chr6","125005648","125005841","61","122592147"
"GL873640","2930768","2930967","chr9","15439088","15439284","49","12508320"
"GL873640","3997102","3997378","chr20","53173656","53173932","73","49176554"
"GL873640","4849402","4849483","chr2","171059747","171059824","24","166210345"
"GL873640","6429087","6429381","chr2","102341376","102341669","68","95912289"
"GL873641","2508858","2509033","chr3","14605945","14606123","40","12097087"
"GL873641","2805808","2806126","chr3","44173219","44173529","93","41367411"
"GL873641","3252248","3252404","chr7","138118094","138118277","46","134865846"
"GL873642","1043974","1044177","chr1","85570955","85571168","61","84526981"
"GL873642","3523807","3524003","chr19","17863773","17863969","58","14339966"
"GL873642","5172191","5172374","chr10","36777477","36777663","44","31605286"
"GL873643","1789270","1789413","chr11","99776884","99777032","41","97987614"
"GL873643","1984270","1984560","chr9","27451441","27451739","65","25467171"
"GL873643","2438555","2438806","chr3","39190996","39191242","80","36752441"
"GL873643","3362266","3362459","chr2","130418260","130418460","55","127055994"
"GL873644","444189","444466","chr1","3502507","3502794","73","3058318"
"GL873644","637097","637366","chr15","39222376","39222651","62","38585279"
"GL873645","1997845","1998038","chr14","58277426","58277615","43","56279581"
"GL873645","2407803","2408089","chr6","65220210","65220490","66","62812407"
"GL873645","3302376","3302681","chr9","28493778","28494077","67","25191402"
"GL873645","3914546","3914850","chr11","52199035","52199334","71","48284489"
"GL873645","4966588","4966775","chr20","11054650","11054858","59","6088062"
"GL873645","5030637","5030937","chrX","8272334","8272634","77","3241697"
"GL873645","5195893","5196013","chr2","164271483","164271601","31","159075590"
"GL873645","5196707","5196883","chr3","88028639","88028809","55","82831932"
"GL873646","1613130","1613397","chr10","31544796","31545079","78","29931666"
"GL873646","2031325","2031633","chr2","131694865","131695150","80","129663540"
"GL873646","2497339","2497496","chr10","14399774","14399929","40","11902435"
"GL873646","2937669","2937945","chr3","33625593","33625866","71","30687924"
"GL873646","3016585","3016870","chr3","14922221","14922511","66","11905636"
"GL873646","3552079","3552277","chr7","58851887","58852084","52","55299808"
"GL873646","3656713","3656903","chr15","98978668","98978842","53","95321955"
"GL873646","3759130","3759412","chr1","12761361","12761651","68","9002231"
"GL873646","4120769","4120960","chr3","47666874","47667054","57","43546105"
"GL873646","5223928","5224108","chr5","140952273","140952455","45","135728345"
"GL873647","4610108","4610198","chr18","1377871","1377957","17","3232237"
"GL873647","4863782","4863967","chr6","125005648","125005841","44","120141866"
"GL873647","5644164","5644341","chr4","17719341","17719534","51","12075177"
"GL873648","130043","130314","chr2","131694865","131695150","65","131564822"
"GL873648","700230","700532","chr3","3401805","3402100","71","2701575"
"GL873648","856342","856415","chr16","50182883","50182956","26","49326541"
"GL873648","2905749","2905966","chr4","41290170","41290375","48","38384421"
"GL873648","2970471","2970671","chr11","69536717","69536928","50","66566246"
"GL873648","3017433","3017744","chr13","31205964","31206269","61","28188531"
"GL873648","3143425","3143685","chr16","74256023","74256296","69","71112598"
"GL873648","4433803","4434079","chrX","11578330","11578627","68","7144527"
"GL873648","5761920","5762179","chr15","12720988","12721252","75","6959068"
"GL873649","3220561","3220863","chr9","89444008","89444308","70","86223447"
"GL873649","4649482","4649775","chr4","106157695","106157994","79","101508213"
"GL873649","4953172","4953439","chr11","8008484","8008755","63","3055312"
"GL873650","2407256","2407538","chr18","56429785","56430070","77","54022529"
"GL873650","4985798","4986098","chr14","93875631","93875931","79","88889833"
"GL873650","5054218","5054492","chr5","90241218","90241483","74","85187000"
"GL873651","529692","529967","chr12","15664396","15664676","65","15134704"
"GL873652","976883","977074","chr16","19148569","19148751","45","18171686"
"GL873652","2803550","2803738","chr4","85373487","85373694","52","82569937"
"GL873653","614266","614550","chr10","65774892","65775193","61","65160626"
"GL873653","2396928","2397099","chr7","18754594","18754776","41","16357666"
"GL873653","2763761","2763958","chr6","125005648","125005841","51","122241887"
"GL873653","3990345","3990518","chr9","29541673","29541844","53","25551328"
"GL873654","183283","183453","chr3","173929063","173929230","43","173745780"
"GL873654","465781","466080","chr10","58023021","58023321","89","57557240"
"GL873654","2391463","2391775","chr3","14908945","14909251","76","12517482"
"GL873654","3992047","3992241","chr7","58851887","58852084","40","54859840"
"GL873654","4545002","4545276","chr4","9586177","9586442","72","5041175"
"GL873654","5147969","5148247","chr7","91694773","91695058","61","86546804"
"GL873655","1198916","1199200","chr5","148918759","148919022","77","147719843"
"GL873655","3449637","3449937","chr17","7915599","7915898","75","4465962"
"GL873655","4294606","4294859","chr16","3341082","3341338","64","953524"
"GL873655","5346841","5347135","chr2","99357214","99357515","80","94010373"
"GL873656","634222","634387","chr11","109327119","109327263","48","108692897"
"GL873656","3890142","3890341","chr6","125005648","125005841","51","121115506"
"GL873657","723480","723661","chr11","31194023","31194214","48","30470543"
"GL873657","2842764","2842960","chr7","17552876","17553087","45","14710112"
"GL873657","3311343","3311612","chr3","125324109","125324402","74","122012766"
"GL873657","3434435","3434736","chr4","36586826","36587133","76","33152391"
"GL873657","4006385","4006642","chr7","37994843","37995095","64","33988458"
"GL873657","4240360","4240644","chr10","70424309","70424589","80","66183949"
"GL873658","574162","574360","chr6","125005648","125005841","45","124431486"
"GL873659","539965","540153","chr6","125005648","125005841","41","124465683"
"GL873659","689532","689840","chr4","41788421","41788726","83","41098889"
"GL873659","924206","924463","chr11","101847018","101847293","63","100922812"
"GL873659","1411508","1411583","chr2","69447019","69447094","18","68035511"
"GL873659","2373658","2373930","chr4","9586177","9586442","78","7212519"
"GL873659","3718645","3718916","chr15","39671131","39671405","63","35952486"
"GL873659","4537595","4537814","chr1","127992533","127992734","54","123454938"
"GL873660","1512799","1513087","chr1","93567980","93568266","70","92055181"
"GL873660","3651206","3651519","chr1","56111031","56111328","83","52459825"
"GL873660","3928071","3928302","chr1","127992533","127992734","62","124064462"
"GL873660","4618359","4618673","chr1","56111031","56111328","82","51492672"
"GL873661","1276754","1276932","chr20","20004154","20004328","50","18727400"
"GL873661","3215457","3215709","chr8","118255551","118255814","69","115040094"
"GL873661","3232190","3232378","chr6","125005648","125005841","47","121773458"
"GL873661","3389401","3389678","chr4","157652625","157652910","76","154263224"
"GL873662","59310","59598","chr15","42604006","42604299","74","42544696"
"GL873662","4758309","4758613","chr9","94744645","94744948","77","89986336"
"GL873663","117865","118048","chr6","125005648","125005841","46","124887783"
"GL873663","620619","620838","chr13","40744241","40744440","59","40123622"
"GL873663","1280347","1280568","chr4","41290170","41290375","70","40009823"
"GL873663","1290551","1290861","chr2","79643767","79644078","63","78353216"
"GL873663","2408964","2409204","chr18","54703054","54703308","73","52294090"
"GL873663","2954032","2954348","chr2","72435597","72435892","85","69481565"
"GL873663","3942896","3943087","chr10","15127326","15127511","43","11184430"
"GL873664","724297","724561","chr3","42877344","42877616","63","42153047"
"GL873664","1429397","1429588","chr1","151805531","151805718","46","150376134"
"GL873664","1444045","1444248","chr2","130418260","130418460","62","128974215"
"GL873664","3163219","3163480","chr1","37115130","37115398","66","33951911"
"GL873664","3264032","3264215","chr9","42496801","42496983","43","39232769"
"GL873664","3295374","3295651","chr11","64260802","64261096","70","60965428"
"GL873664","3816832","3817093","chr15","45855208","45855481","78","42038376"
"GL873665","451898","452126","chr1","127992533","127992734","67","127540635"
"GL873665","463079","463356","chr18","55660457","55660746","62","55197378"
"GL873665","2734465","2734580","chr1","22233602","22233720","43","19499137"
"GL873665","3633894","3634174","chr6","58463927","58464211","60","54830033"
"GL873666","2504237","2504446","chr17","1594357","1594568","56","909880"
"GL873666","2749425","2749723","chr8","5973066","5973347","88","3223641"
"GL873666","3289830","3290008","chr1","151805531","151805718","50","148515701"
"GL873667","974349","974648","chr16","16881938","16882234","70","15907589"
"GL873667","2530581","2530890","chr1","9899743","9900051","64","7369162"
"GL873667","3852466","3852753","chr14","15567901","15568201","64","11715435"
"GL873667","3957440","3957719","chr1","19795299","19795592","73","15837859"
"GL873668","264774","265055","chr2","41293684","41293971","71","41028910"
"GL873668","1711177","1711382","chr7","67099739","67099961","53","65388562"
"GL873669","1794088","1794356","chr8","44020794","44021076","71","42226706"
"GL873669","4358699","4358977","chr4","125604743","125605024","75","121246044"
"GL873669","4692309","4692490","chr4","35116961","35117149","51","30424652"
"GL873670","1391713","1392022","chr9","104511632","104511949","74","103119919"
"GL873670","1904154","1904411","chr1","38417375","38417644","75","36513221"
"GL873670","2368118","2368387","chr7","145060312","145060590","76","142692194"
"GL873670","3809226","3809509","chr2","31317856","31318128","75","27508630"
"GL873670","3949247","3949506","chr14","61176603","61176883","68","57227356"
"GL873671","644630","644815","chr5","3549918","3550090","49","2905288"
"GL873671","1442286","1442575","chr1","34588531","34588828","70","33146245"
"GL873671","1927204","1927498","chr3","49655616","49655909","63","47728412"
"GL873671","2356801","2357011","chr8","97790819","97791025","45","95434018"
"GL873671","2794703","2795010","chr9","20846800","20847091","88","18052097"
"GL873671","3676840","3677011","chr1","137720725","137720894","53","134043885"
"GL873671","4355469","4355612","chr1","51920153","51920300","50","47564684"
"GL873672","619179","619488","chr1","178628994","178629298","74","178009815"
"GL873672","3187889","3188171","chr20","51715924","51716210","66","48528035"
"GL873672","3236572","3236872","chr1","56111031","56111328","80","52874459"
"GL873672","3498221","3498505","chr5","33738852","33739135","71","30240631"
"GL873673","1561371","1561557","chr6","125005648","125005841","46","123444277"
"GL873673","4591813","4592037","chr1","206867792","206867991","63","202275979"
"GL873674","658447","658761","chr3","71058981","71059269","83","70400534"
"GL873674","2988978","2989291","chr1","56111031","56111328","79","53122053"
"GL873674","3901833","3902149","chr7","8331932","8332258","79","4430099"
"GL873674","4429698","4429879","chr11","45010117","45010300","41","40580419"
"GL873675","119126","119397","chr3","127072882","127073163","73","126953756"
"GL873675","1510494","1510716","chr9","87296247","87296467","61","85785753"
"GL873675","1573564","1573821","chr3","93563814","93564074","63","91990250"
"GL873675","1732333","1732643","chr1","56111031","56111328","79","54378698"
"GL873675","2178807","2179006","chr13","92803636","92803839","49","90624829"
"GL873675","2826356","2826545","chr5","140952273","140952455","43","138125917"
"GL873675","3135104","3135380","chr3","125324109","125324402","73","122189005"
"GL873675","3378611","3378834","chr4","41290170","41290375","60","37911559"
"GL873675","3445832","3446019","chr6","125005648","125005841","49","121559816"
"GL873676","92120","92437","chr6","98759637","98759961","79","98667517"
"GL873676","1990331","1990483","chr5","132124261","132124407","55","130133930"
"GL873676","2520808","2521097","chr19","13483655","13483943","71","10962847"
"GL873677","3284027","3284217","chrX","108901091","108901288","44","105617064"
"GL873677","3429970","3430154","chr10","18414760","18414957","48","14984790"
"GL873677","3696241","3696574","chr15","74458625","74458927","97","70762384"
"GL873677","4033166","4033419","chr15","59470898","59471170","73","55437732"
"GL873678","19694","19966","chr3","41420618","41420905","71","41400924"
"GL873678","223464","223748","chr15","102410883","102411166","68","102187419"
"GL873678","1797201","1797493","chr7","43529373","43529680","70","41732172"
"GL873678","2544735","2545007","chr7","30059478","30059758","63","27514743"
"GL873678","4092756","4093048","chr7","11483310","11483605","73","7390554"
"GL873679","829254","829415","chr7","29650254","29650439","46","28821000"
"GL873679","897735","898012","chr1","110050764","110051054","71","109153029"
"GL873679","990545","990729","chr2","176905594","176905779","54","175915049"
"GL873679","1007836","1008142","chr1","56111031","56111328","79","55103195"
"GL873680","530139","530402","chr6","58463927","58464211","66","57933788"
"GL873680","2446519","2446720","chr5","32623464","32623674","44","30176945"
"GL873681","207120","207284","chr3","87652486","87652640","46","87445366"
"GL873681","1372258","1372577","chr8","103488486","103488777","95","102116228"
"GL873681","1631846","1632159","chr9","26489671","26489987","92","24857825"
"GL873681","3063159","3063336","chr1","217764446","217764638","52","214701287"
"GL873684","1130800","1131033","chr7","5230779","5230994","65","4099979"
"GL873684","2371252","2371462","chr4","41290170","41290375","52","38918918"
"GL873684","2573453","2573674","chr10","76371335","76371571","65","73797882"
"GL873684","2932918","2933102","chr7","323462","323644","55","2609456"
"GL873684","3155089","3155384","chr11","120516659","120516950","69","117361570"
"GL873685","221088","221341","chr15","104059194","104059451","66","103838106"
"GL873685","2208337","2208616","chr17","38350583","38350877","83","36142246"
"GL873685","2681153","2681444","chr3","17647091","17647385","70","14965938"
"GL873685","2762974","2763234","chr8","9821109","9821387","75","7058135"
"GL873685","3583864","3584140","chr3","93355676","93355968","56","89771812"
"GL873686","327668","327853","chr7","14188456","14188643","42","13860788"
"GL873686","440439","440665","chr11","129761355","129761544","76","129320916"
"GL873687","1602630","1602933","chr9","17191347","17191651","77","15588717"
"GL873687","1931533","1931774","chr11","119863838","119864082","70","117932305"
"GL873688","764726","765019","chr2","48561873","48562166","60","47797147"
"GL873688","3369018","3369288","chr1","53326186","53326469","77","49957168"
"GL873689","150054","150293","chr7","37994843","37995095","65","37844789"
"GL873689","3120340","3120617","chr3","19941448","19941733","69","16821108"
"GL873690","2804148","2804213","chr7","71146061","71146127","15","68341913"
"GL873691","2128761","2129039","chr19","31699393","31699679","59","29570632"
"GL873691","2142160","2142438","chr2","138324789","138325058","68","136182629"
"GL873691","2152204","2152390","chr1","127992533","127992734","55","125840329"
"GL873691","2497507","2497677","chr9","29541673","29541844","48","27044166"
"GL873691","2728642","2728873","chr8","38238249","38238488","64","35509607"
"GL873692","1797381","1797548","chr1","124767906","124768091","56","122970525"
"GL873692","1898750","1898939","chr6","125005648","125005841","54","123106898"
"GL873693","908209","908364","chr10","32474690","32474851","37","31566481"
"GL873693","1272447","1272709","chr8","56388648","56388937","72","55116201"
"GL873693","1435178","1435477","chr16","3425282","3425573","83","1990104"
"GL873693","1459366","1459548","chr1","33698681","33698866","48","32239315"
"GL873693","2361508","2361753","chr2","66018809","66019055","64","63657301"
"GL873693","2546783","2546979","chr6","58929994","58930190","59","56383211"
"GL873693","3289003","3289268","chrX","53129916","53130187","82","49840913"
"GL873695","2913057","2913256","chr6","125005648","125005841","50","122092591"
"GL873696","143665","143924","chr4","15167418","15167688","68","15023753"
"GL873696","1837430","1837669","chr10","79617126","79617360","76","77779696"
"GL873697","591102","591417","chr17","50693027","50693329","78","50101925"
"GL873697","913368","913553","chr6","133931890","133932063","46","133018522"
"GL873698","374182","374482","chr19","39461919","39462212","73","39087737"
"GL873698","1372468","1372628","chr5","75445394","75445557","43","74072926"
"GL873698","2324062","2324347","chr13","124655779","124656073","78","122331717"
"GL873698","2358363","2358668","chr8","59274381","59274676","80","56916018"
"GL873698","2928646","2928827","chr6","127738666","127738849","40","124810020"
"GL873699","495147","495400","chr1","37395452","37395712","85","36900305"
"GL873699","1132170","1132449","chr20","11276174","11276458","73","10144004"
"GL873699","1239301","1239559","chr11","94643367","94643637","65","93404066"
"GL873699","1932795","1932988","chr7","17552876","17553087","47","15620081"
"GL873699","2367928","2368130","chr1","56779619","56779818","52","54411691"
"GL873700","588453","588625","chr10","14048830","14049001","45","13460377"
"GL873700","1595726","1595890","chr7","81201574","81201740","40","79605848"
"GL873700","2317644","2317905","chr7","18860066","18860333","67","16542422"
"GL873701","116733","117018","chr4","9586177","9586442","81","9469444"
"GL873701","830307","830612","chr19","40952135","40952425","83","40121828"
"GL873701","2003857","2004159","chrX","45943241","45943543","80","43939384"
"GL873701","2621572","2621711","chr8","1919977","1920118","49","701595"
"GL873702","1092030","1092328","chr1","34008675","34008975","82","32916645"
"GL873703","151036","151319","chr10","82017811","82018090","77","81866775"
"GL873703","714650","714829","chr16","50121652","50121824","59","49407002"
"GL873703","989173","989503","chr1","113966997","113967293","103","112977824"
"GL873704","1146036","1146235","chr19","11226830","11227009","57","10080794"
"GL873704","1271606","1271908","chr6","6544346","6544650","50","5272740"
"GL873704","2103539","2103842","chr3","10026885","10027196","71","7923346"
"GL873704","2270016","2270314","chr9","113787986","113788288","64","111517970"
"GL873704","2791833","2792124","chr17","75257453","75257753","72","72465620"
"GL873705","1043523","1043829","chr7","123517474","123517785","62","122473951"
"GL873706","257824","258106","chr9","37861344","37861638","71","37603520"
"GL873706","678826","679100","chr18","49858587","49858873","65","49179761"
"GL873708","1716361","1716635","chr3","33195780","33196058","65","31479419"
"GL873708","2732169","2732442","chr16","57210284","57210563","61","54478115"
"GL873709","383510","383788","chr14","30473332","30473615","61","30089822"
"GL873709","466726","467032","chr17","7770016","7770310","81","7303290"
"GL873710","1119893","1120046","chr14","65400259","65400412","42","64280366"
"GL873711","2272176","2272454","chrX","50926487","50926768","63","48654311"
"GL873712","894766","895064","chr7","4068258","4068566","75","3173492"
"GL873712","2094111","2094152","chr20","24729347","24729378","17","22635236"
"GL873712","2391334","2391615","chr10","62349186","62349470","66","59957852"
"GL873713","117964","118179","chr6","125005648","125005841","60","124887684"
"GL873714","296172","296468","chr1","163056688","163056985","78","162760516"
"GL873714","828692","828982","chr20","8799533","8799815","80","7970841"
"GL873714","2716194","2716394","chr6","125005648","125005841","48","122289454"
"GL873715","14496","14671","chr7","120853434","120853606","68","120838938"
"GL873715","209903","210191","chr20","47752832","47753132","69","47542929"
"GL873715","2570063","2570333","chr4","9586177","9586442","73","7016114"
"GL873717","175195","175409","chr4","20141542","20141754","58","19966347"
"GL873717","334604","334882","chr7","130135809","130136092","75","129801205"
"GL873718","1197575","1197758","chr1","151805531","151805718","44","150607956"
"GL873718","1625002","1625220","chrX","17611586","17611807","65","15986584"
"GL873719","1552894","1553082","chr18","49888486","49888677","45","48335592"
"GL873720","161374","161632","chr7","109094805","109095060","76","108933431"
"GL873720","1829520","1829707","chr10","73929017","73929206","42","72099497"
"GL873723","40093","40287","chr9","15439088","15439284","43","15398995"
"GL873723","146861","147046","chr1","55704764","55704950","46","55557903"
"GL873723","491206","491358","chr6","121585442","121585601","43","121094236"
"GL873724","159706","159998","chr7","78065310","78065607","87","77905604"
"GL873725","1575757","1575970","chr15","91283200","91283429","61","89707443"
"GL873726","552863","553143","chr17","30363052","30363349","71","29810189"
"GL873726","1454972","1455171","chr1","151805531","151805718","55","150350559"
"GL873728","987797","988052","chr8","54985771","54986039","66","53997974"
"GL873728","1109181","1109487","chr11","30825080","30825388","69","29715899"
"GL873729","498482","498668","chr8","6071763","6071935","56","5573281"
"GL873729","705789","706059","chr11","123980769","123981040","60","123274980"
"GL873729","1872965","1873242","chr18","37792081","37792365","68","35919116"
"GL873730","185854","186115","chr16","74256023","74256296","62","74070169"
"GL873730","1238874","1239133","chr5","100137911","100138184","82","98899037"
"GL873730","1242394","1242695","chr9","29955238","29955533","96","28712844"
"GL873730","1927548","1927830","chr7","123811325","123811619","66","121883777"
"GL873731","1453112","1453395","chr20","26056027","26056308","86","24602915"
"GL873731","1457220","1457397","chr4","7174798","7174975","65","5717578"
"GL873731","1789108","1789389","chr6","165317315","165317598","66","163528207"
"GL873732","1644740","1644911","chr5","3549918","3550090","51","1905178"
"GL873733","1220355","1220658","chr1","25691505","25691816","67","24471150"
"GL873733","1669294","1669507","chr3","66526927","66527154","49","64857633"
"GL873734","2310161","2310341","chr1","151805531","151805718","47","149495370"
"GL873735","1082522","1082696","chr8","139309267","139309453","46","138226745"
"GL873735","1235585","1235844","chr12","80315782","80316061","71","79080197"
"GL873735","2198231","2198432","chr2","158159439","158159629","66","155961208"
"GL873737","724734","724988","chr12","62965653","62965906","58","62240919"
"GL873737","2107696","2107980","chr4","119880702","119880992","72","117773006"
"GL873738","1460266","1460569","chr3","11745528","11745832","72","10285262"
"GL873740","958803","959068","chr1","207387073","207387358","74","206428270"
"GL873741","1509065","1509242","chr1","151805531","151805718","45","150296466"
"GL873742","453406","453676","chr8","44020794","44021076","68","43567388"
"GL873742","529235","529492","chr11","71954549","71954814","80","71425314"
"GL873742","540329","540556","chr1","101079825","101080059","74","100539496"
"GL873742","618437","618722","chr20","25231743","25232030","70","24613306"
"GL873743","202886","203184","chr14","5523251","5523552","64","5320365"
"GL873744","601031","601308","chr9","60919557","60919850","70","60318526"
"GL873744","2029167","2029459","chr1","56692733","56693035","70","54663566"
"GL873744","2064701","2064991","chr11","129624256","129624556","64","127559555"
"GL873748","457973","458292","chr6","131878789","131879085","84","131420816"
"GL873748","666547","666796","chr9","20635055","20635315","74","19968508"
"GL873749","622560","622821","chr8","120463527","120463777","73","119840967"
"GL873751","1668312","1668508","chr9","15439088","15439284","54","13770776"
"GL873752","250009","250268","chr11","109851421","109851678","60","109601412"
"GL873752","1860557","1860830","chrX","68243689","68243974","72","66383132"
"GL873752","1902678","1902936","chr4","24870273","24870548","76","22967595"
"GL873754","389666","389785","chr11","47020698","47020819","43","46631032"
"GL873754","1571303","1571599","chr6","122813342","122813639","62","121242039"
"GL873755","789303","789572","chr1","46363107","46363391","71","45573804"
"GL873756","13332","13618","chr9","61463094","61463386","72","61449762"
"GL873757","299234","299492","chr2","159321207","159321479","72","159021973"
"GL873758","576266","576437","chr8","41123499","41123656","45","40547233"
"GL873758","1117739","1117878","chr11","98180123","98180263","40","97062384"
"GL873758","1118170","1118320","chr11","64909996","64910138","42","63791826"
"GL873761","1382908","1383206","chr5","129869363","129869660","81","128486455"
"GL873762","470591","470885","chr5","101109048","101109342","71","100638457"
"GL873762","647373","647642","chr14","50132511","50132788","74","49485138"
"GL873763","1042107","1042256","chr8","120357833","120357995","44","119315726"
"GL873763","1271254","1271468","chr4","41290170","41290375","59","40018916"
"GL873763","1530518","1530812","chr6","150572687","150572995","75","149042169"
"GL873764","1520729","1521030","chr3","45985541","45985829","75","44464812"
"GL873765","1742846","1743068","chr5","171949972","171950203","62","170207126"
"GL873766","786328","786529","chr2","113305532","113305738","48","112519204"
"GL873766","819212","819299","chr3","92789288","92789372","28","91970076"
"GL873767","176240","176539","chrX","14106282","14106578","65","13930042"
"GL873767","187858","188157","chr5","118925848","118926149","63","118737990"
"GL873767","1575599","1575883","chr15","102975612","102975902","79","101400013"
"GL873767","1586025","1586211","chr20","13134712","13134902","58","11548687"
"GL873768","129616","129819","chr4","91042794","91042998","40","90913178"
"GL873768","599189","599476","chr3","93355676","93355968","79","92756487"
"GL873768","880378","880601","chr4","41290170","41290375","65","40409792"
"GL873768","1068578","1068882","chr13","51117582","51117876","75","50049004"
"GL873768","1396222","1396421","chr4","59336845","59337049","45","57940623"
"GL873769","382515","382742","chr11","31855101","31855338","76","31472586"
"GL873769","444584","444791","chr6","65234345","65234546","47","64789761"
"GL873769","1433118","1433378","chr19","33062122","33062391","68","31629004"
"GL873770","514266","514553","chr11","115511281","115511574","59","114997015"
"GL873770","729867","730065","chr20","19280","19462","60","710587"
"GL873770","804746","804932","chr12","64814460","64814657","51","64009714"
"GL873772","137922","138120","chr6","125005648","125005841","56","124867726"
"GL873772","783556","783841","chr12","63707689","63707991","74","62924133"
"GL873772","1486635","1486825","chr14","98860969","98861169","55","97374334"
"GL873772","1502831","1503112","chr14","112258287","112258567","75","110755456"
"GL873773","201486","201692","chr13","40744241","40744440","48","40542755"
"GL873773","1348531","1348832","chr6","161868885","161869165","81","160520354"
"GL873775","406517","406784","chr5","47527773","47528037","76","47121256"
"GL873776","1108728","1108840","chr6","127738114","127738237","40","126629386"
"GL873777","669350","669632","chr17","65076203","65076495","90","64406853"
"GL873779","930365","930574","chr9","15439088","15439284","52","14508723"
"GL873780","486799","487003","chr7","111518221","111518427","58","111031422"
"GL873780","514707","514982","chr9","101589023","101589297","69","101074316"
"GL873780","588230","588499","chr10","75616493","75616765","63","75028263"
"GL873781","547408","547706","chr10","39622708","39622992","81","39075300"
"GL873782","102490","102703","chr16","2279209","2279440","61","2176719"
"GL873783","683710","683893","chr7","29650254","29650439","43","28966544"
"GL873783","987122","987405","chr1","29973112","29973389","65","28985990"
"GL873783","991082","991380","chr14","93875631","93875931","82","92884549"
"GL873785","202864","203030","chr6","16782034","16782188","50","16579170"
"GL873786","1038728","1039033","chr13","51117582","51117876","73","50078854"
"GL873788","79036","79331","chr13","90320629","90320924","82","90241593"
"GL873788","170431","170690","chr17","24165757","24166027","60","23995326"
"GL873788","189148","189404","chrX","93453690","93453955","70","93264542"
"GL873789","207594","207884","chr7","158954570","158954873","76","158746976"
"GL873789","845601","845873","chr7","51323753","51324024","64","50478152"
"GL873792","729959","730235","chr13","24270580","24270870","69","23540621"
"GL873794","161788","161913","chr15","103845591","103845712","41","103683803"
"GL873794","783596","783844","chr20","10722805","10723056","75","9939209"
"GL873795","290923","291140","chr1","3834856","3835068","57","3543933"
"GL873795","416628","416834","chr4","129652967","129653195","68","129236339"
"GL873795","600864","601116","chr1","33345692","33345956","77","32744828"
"GL873796","291561","291851","chr14","67979934","67980237","70","67688373"
"GL873796","605545","605829","chr13","11106386","11106677","80","10500841"
"GL873802","332013","332194","chr11","11632654","11632833","63","11300641"
"GL873802","546912","547218","chr3","46196643","46196948","64","45649731"
"GL873802","731752","731828","chr3","92789288","92789372","27","92057536"
"GL873802","820648","820831","chr1","137720725","137720894","61","136900077"
"GL873806","181338","181631","chr8","40091894","40092186","74","39910556"
"GL873807","609068","609325","chr1","29393027","29393307","67","28783959"
"GL873808","264697","264953","chr15","83630086","83630356","98","83365389"
"GL873808","553862","554041","chr2","39392815","39392993","57","38838953"
"GL873808","597768","598016","chr2","86702505","86702757","82","86104737"
"GL873812","452686","452991","chrX","16360166","16360472","73","15907480"
"GL873812","506206","506499","chr1","47740067","47740363","74","47233861"
"GL873812","621873","622087","chr4","41290170","41290375","60","40668297"
"GL873813","434447","434765","chr15","36926881","36927179","89","36492434"
"GL873816","612047","612309","chr20","26056027","26056308","64","25443980"
"GL873818","49391","49631","chr13","60348504","60348765","61","60299113"
"GL873818","728751","729043","chr2","41293684","41293971","80","40564933"
"GL873819","405244","405538","chr2","167320725","167321017","83","166915481"
"GL873822","204143","204433","chr2","17767606","17767902","73","17563463"
"GL873823","71215","71431","chr1","206867792","206867991","59","206796577"
"GL873823","532630","532895","chr9","95147203","95147485","67","94614573"
"GL873824","183363","183633","chr5","3840716","3841006","79","3657353"
"GL873824","186895","187164","chr2","19161431","19161699","79","18974536"
"GL873824","559667","559822","chr20","10429000","10429146","57","9869333"
"GL873827","332525","332727","chr6","125005648","125005841","52","124673123"
"GL873827","503299","503547","chr5","52996469","52996727","89","52493170"
"GL873829","1","196","chr9","15439088","15439284","49","15439087"
"GL873831","4914","5177","chr8","29955581","29955829","89","29950667"
"GL873831","288481","288695","chr6","132191827","132192026","56","131903346"
"GL873831","322279","322461","chr12","52434853","52435052","48","52112574"
"GL873832","120440","120730","chr2","147015721","147016013","77","146895281"
"GL873832","573011","573207","chrX","65429056","65429240","73","64856045"
"GL873835","511917","512069","chr2","89880206","89880374","56","89368289"
"GL873842","33531","33811","chr3","174315009","174315292","61","174281478"
"GL873844","431362","431561","chr1","127992533","127992734","51","127561171"
"GL873851","252787","253087","chr19","40952135","40952425","80","40699348"
"GL873857","224780","225038","chr6","127623398","127623667","86","127398618"
"GL873858","1509","1801","chr2","41293684","41293971","80","41292175"
"GL873858","63896","64188","chr6","36572609","36572901","91","36508713"
"GL873858","257376","257656","chr11","129624256","129624556","69","129366880"
"GL873864","158687","158965","chr4","41332787","41333076","76","41174100"
"GL873880","168630","168905","chr12","76870977","76871259","75","76702347"
"GL873888","126764","127042","chr3","124732316","124732601","75","124605552"
"GL873902","25275","25407","chr18","21244929","21245060","36","21219654"
"GL873906","24972","25164","chr6","40050631","40050826","44","40025659"
"GL873906","102933","103109","chr9","29541673","29541844","59","29438740"
"GL873917","101744","102006","chr16","23992250","23992515","64","23890506"
"GL873920","58326","58399","chr2","69447019","69447094","20","69388693"
"GL873926","131678","131958","chr2","136160269","136160551","83","136028591"
"GL873989","5038","5292","chr4","9586177","9586442","79","9581139"
"GL874069","18162","18444","chr5","42026089","42026382","106","42007927"
"GL874094","646","732","chr11","15229811","15229898","29","15229165"
"GL874094","804","992","chr1","73508269","73508457","60","73507465"
"GL874317","1202","1369","chr3","47666874","47667054","42","47665672"
"GL874806","3089","3283","chr6","162015858","162016033","56","162012769"
"AAQR03193178","1518","1783","chr1","192505197","192505482","74","192503679"
"AAQR03195345","1809","2065","chr10","20645500","20645769","80","20643691"
"AAQR03196399","586","846","chr8","38238249","38238488","70","38237663"
"AAQR03198326","7","222","chr4","157665784","157666012","55","157665777"
"AAQR03198609","283","486","chr14","98860969","98861169","53","98860686"
