"GL873520","9860036","9860269","chr7","65997669","65997908","66","56137633"
"GL873520","45140678","45140962","chr8","98816551","98816833","70","53675873"
"GL873520","72687195","72687465","chr7","30299148","30299435","86","42388047"
"GL873521","8203778","8204048","chr12","27308543","27308826","69","19104765"
"GL873521","27737113","27737375","chr13","73485968","73486251","73","45748855"
"GL873521","34006833","34007129","chr18","57014389","57014685","79","23007556"
"GL873521","40813117","40813351","chr13","109044743","109044987","56","68231626"
"GL873521","49044274","49044518","chr18","9667918","9668173","67","39376356"
"GL873522","5090605","5090876","chr4","73041997","73042260","79","67951392"
"GL873522","15842096","15842370","chr1","16400022","16400314","72","557926"
"GL873522","17204196","17204478","chr12","111511969","111512250","70","94307773"
"GL873522","18675974","18676197","chr19","46052526","46052734","59","27376552"
"GL873522","24363541","24363777","chr19","16906459","16906690","64","7457082"
"GL873522","31999756","31999996","chr19","6432725","6432967","70","25567031"
"GL873522","47147913","47148198","chr17","2812708","2813005","71","44335205"
"GL873523","4311240","4311319","chr3","70882763","70882838","33","66571523"
"GL873523","9641237","9641523","chr1","240051570","240051856","67","230410333"
"GL873523","36552863","36553134","chr5","101636312","101636587","84","65083449"
"GL873523","46565253","46565558","chr1","21747567","21747872","82","24817686"
"GL873524","3267975","3268227","chr3","60387035","60387290","52","57119060"
"GL873524","5259380","5259684","chr15","64721350","64721647","81","59461970"
"GL873524","41491809","41492068","chr7","136090583","136090839","68","94598774"
"GL873525","33258250","33258518","chr1","47238534","47238814","74","13980284"
"GL873526","3488748","3489015","chr4","112497367","112497637","77","109008619"
"GL873527","859130","859281","chr2","31375027","31375169","53","30515897"
"GL873527","3554390","3554680","chr3","52625576","52625877","70","49071186"
"GL873527","30425494","30425756","chr15","42974940","42975193","62","12549446"
"GL873528","7163413","7163703","chr1","235264776","235265074","68","228101363"
"GL873528","8025903","8026200","chr21","36439879","36440177","75","28413976"
"GL873529","4640275","4640468","chr5","23908061","23908258","53","19267786"
"GL873529","5209881","5210148","chr17","17613057","17613345","77","12403176"
"GL873530","9554474","9554748","chr14","63257957","63258248","84","53703483"
"GL873530","14304588","14304872","chr3","52252879","52253170","65","37948291"
"GL873530","35797741","35798022","chr2","182666336","182666623","66","146868595"
"GL873531","9868854","9869090","chr13","104705622","104705840","86","94836768"
"GL873532","923361","923606","chr1","36708199","36708451","70","35784838"
"GL873532","1031400","1031671","chr5","179826599","179826880","83","178795199"
"GL873533","14597761","14598072","chrX","31062550","31062855","79","16464789"
"GL873534","1102638","1102768","chr1","221628035","221628145","52","220525397"
"GL873534","21096646","21096869","chr20","53551401","53551637","67","32454755"
"GL873536","162582","162829","chr8","141846430","141846681","64","141683848"
"GL873536","13728341","13728609","chr13","34254953","34255242","81","20526612"
"GL873537","5563206","5563333","chr10","63259910","63260039","44","57696704"
"GL873537","9752993","9753227","chr15","55795987","55796219","54","46042994"
"GL873537","14418510","14418774","chr9","119996062","119996332","65","105577552"
"GL873537","15194406","15194653","chr15","58067817","58068068","61","42873411"
"GL873537","16117278","16117500","chr17","76054571","76054789","73","59937293"
"GL873539","19078258","19078547","chr6","150845545","150845841","74","131767287"
"GL873539","19357741","19357989","chr6","136048242","136048488","54","116690501"
"GL873539","21198631","21198908","chr2","182666336","182666623","75","161467705"
"GL873539","21378910","21379175","chr4","181318675","181318968","88","159939765"
"GL873540","12892297","12892554","chr3","3692870","3693125","73","9199427"
"GL873540","19103539","19103825","chr7","84075177","84075458","70","64971638"
"GL873540","24210455","24210612","chr8","115748805","115748964","38","91538350"
"GL873541","2698283","2698557","chr10","30435562","30435843","72","27737279"
"GL873542","8946420","8946716","chr5","134651935","134652221","82","125705515"
"GL873542","13049706","13050028","chr9","97530788","97531103","83","84481082"
"GL873543","6797915","6798254","chr11","77238302","77238602","96","70440387"
"GL873543","12245544","12245821","chr18","4360697","4360967","74","7884847"
"GL873543","18043425","18043729","chr17","40921695","40922001","61","22878270"
"GL873543","19782653","19782877","chrX","3562832","3563067","67","16219821"
"GL873544","10638015","10638179","chr1","85228025","85228180","42","74590010"
"GL873544","13181765","13182037","chr2","182666336","182666623","69","169484571"
"GL873547","7053466","7053741","chr7","26402404","26402691","94","19348938"
"GL873547","10785279","10785560","chr17","65616570","65616869","69","54831291"
"GL873548","16726047","16726338","chr2","70252598","70252895","60","53526551"
"GL873552","13029755","13030029","chr5","140446920","140447202","84","127417165"
"GL873553","4659359","4659664","chr2","37280049","37280344","83","32620690"
"GL873553","5078351","5078649","chr4","82929906","82930198","65","77851555"
"GL873553","7760540","7760816","chr1","151505598","151505879","70","143745058"
"GL873553","8048971","8049227","chr12","96520262","96520519","74","88471291"
"GL873554","15635409","15635751","chr9","132302378","132302692","96","116666969"
"GL873557","13264962","13265115","chr4","98228391","98228553","52","84963429"
"GL873558","1855031","1855324","chr11","68131692","68131993","59","66276661"
"GL873558","10972075","10972339","chr7","131712988","131713271","71","120740913"
"GL873558","14516615","14516886","chr1","154980018","154980313","79","140463403"
"GL873559","3859421","3859689","chr11","8696796","8697065","69","4837375"
"GL873559","6584316","6584622","chr2","85365967","85366270","76","78781651"
"GL873561","13989772","13990090","chr19","39062423","39062728","83","25072651"
"GL873563","7304402","7304686","chr8","100993038","100993325","60","93688636"
"GL873563","8442180","8442469","chr1","11064267","11064559","69","2622087"
"GL873564","1510465","1510755","chr3","159781179","159781475","60","158270714"
"GL873567","11743953","11744262","chr1","46177053","46177349","75","34433100"
"GL873569","9067468","9067722","chr3","53108704","53108968","70","44041236"
"GL873570","8615594","8615854","chr1","34658463","34658723","87","26042869"
"GL873571","7091234","7091495","chr1","24776659","24776921","75","17685425"
"GL873572","278680","278994","chr9","94637400","94637690","106","94358720"
"GL873572","11496735","11497036","chr2","170532531","170532835","73","159035796"
"GL873576","6930773","6931062","chr4","128293477","128293760","70","121362704"
"GL873576","10627558","10627613","chr13","111905930","111905985","8","101278372"
"GL873576","10697265","10697560","chr1","203612576","203612872","62","192915311"
"GL873577","2970847","2971141","chr2","24355921","24356216","64","21385074"
"GL873578","6419081","6419391","chrX","147241662","147241960","72","140822581"
"GL873579","2703879","2704159","chr12","13444408","13444682","94","10740529"
"GL873579","5647017","5647309","chr2","177215098","177215389","91","171568081"
"GL873583","6014450","6014641","chr5","76669863","76670059","58","70655413"
"GL873584","7225077","7225325","chr15","42974940","42975193","52","35749863"
"GL873587","5785243","5785451","chr7","102011826","102012025","60","96226583"
"GL873587","5785739","5785816","chr1","62158353","62158437","23","56372614"
"GL873590","8331748","8332038","chr13","71616880","71617167","80","63285132"
"GL873590","8431021","8431296","chr1","73271111","73271387","77","64840090"
"GL873592","8732015","8732299","chr21","17502826","17503128","70","8770811"
"GL873596","1800894","1801202","chr18","23892621","23892922","76","22091727"
"GL873597","4710234","4710525","chr3","98704564","98704866","151","93994330"
"GL873599","209575","209842","chr18","4360697","4360967","73","4151122"
"GL873599","3476511","3476695","chr17","17307874","17308060","42","13831363"
"GL873601","3375101","3375350","chr1","181165896","181166143","63","177790795"
"GL873603","3823922","3824228","chr6","43601777","43602086","80","39777855"
"GL873603","4271787","4272043","chr1","36708199","36708451","67","32436412"
"GL873604","2876567","2876815","chr9","128840294","128840549","61","125963727"
"GL873604","6420961","6421237","chr9","110315105","110315397","69","103894144"
"GL873606","4821346","4821649","chr3","33506938","33507236","70","28685592"
"GL873606","8283228","8283392","chr7","74176237","74176401","37","65893009"
"GL873609","3004343","3004624","chr8","125247455","125247739","68","122243112"
"GL873612","6660241","6660530","chr17","66190051","66190340","71","59529810"
"GL873613","5873554","5873839","chr6","51069808","51070097","75","45196254"
"GL873613","7613650","7613894","chr11","18257561","18257813","63","10643911"
"GL873615","7902005","7902263","chr6","10076182","10076445","71","2174177"
"GL873618","2621948","2622241","chr7","63477383","63477687","59","60855435"
"GL873618","2803873","2804140","chr14","31343089","31343368","74","28539216"
"GL873630","3372952","3373191","chr1","36708199","36708451","63","33335247"
"GL873631","933316","933587","chr4","73041997","73042260","79","72108681"
"GL873631","1405821","1406080","chr20","34309518","34309792","79","32903697"
"GL873632","5460884","5461124","chr6","35884719","35884970","63","30423835"
"GL873633","234413","234667","chr21","21514234","21514495","80","21279821"
"GL873644","5434053","5434211","chr16","16496622","16496784","36","11062569"
"GL873645","2336037","2336329","chr5","168864895","168865198","80","166528858"
"GL873648","3064425","3064674","chr8","59691662","59691915","57","56627237"
"GL873654","4781225","4781506","chr10","28390670","28390953","59","23609445"
"GL873657","1143343","1143429","chr2","71313374","71313475","31","70170031"
"GL873657","1288947","1289213","chr2","182666336","182666623","70","181377389"
"GL873663","2253127","2253407","chr13","71616880","71617167","82","69363753"
"GL873665","3336490","3336738","chr18","58666033","58666285","60","55329543"
"GL873668","4815320","4815575","chr17","62810206","62810477","80","57994886"
"GL873675","1978088","1978390","chr11","123628399","123628694","69","121650311"
"GL873680","45296","45589","chr8","92043696","92043997","72","91998400"
"GL873688","217615","217880","chr1","218177259","218177532","79","217959644"
"GL873697","3384640","3384915","chr2","182666336","182666623","73","179281696"
"GL873700","68907","69145","chr2","169593211","169593460","69","169524304"
"GL873714","2395772","2396065","chr12","49498791","49499085","77","47103019"
"GL873715","273871","274067","chr6","10575359","10575555","44","10301488"
"GL873724","801982","802301","chr5","138122157","138122469","83","137320175"
"GL873727","1012312","1012580","chr9","110315105","110315397","91","109302793"
"GL873728","748569","748826","chr3","3692870","3693125","58","2944301"
"GL873733","118331","118619","chrX","28296904","28297197","64","28178573"
"GL873733","1332492","1332789","chr7","48445015","48445308","68","47112523"
"GL873739","1874519","1874786","chrX","47398693","47398971","70","45524174"
"GL873752","831342","831616","chr15","27444889","27445172","74","26613547"
"GL873759","324219","324536","chrX","134897870","134898178","75","134573651"
"GL873759","1752206","1752458","chr3","3692870","3693125","63","1940664"
"GL873766","708682","708872","chr3","117259492","117259688","51","116550810"
"GL873768","802361","802635","chr7","152413603","152413900","63","151611242"
"GL873772","1078857","1079122","chr1","70268185","70268460","79","69189328"
"GL873789","145117","145415","chr1","52285873","52286171","67","52140756"
"GL873922","85297","85591","chr3","155892628","155892931","78","155807331"
"GL873935","49253","49514","chr2","119895396","119895639","67","119846143"
"GL873957","12315","12597","chr2","161498372","161498671","72","161486057"
"AAQR03191837","13531","13784","chr16","12223386","12223646","87","12209855"
"AAQR03198206","4","307","chr10","112866792","112867085","79","112866788"
