"GL873520","9860036","9860269","chr7","65997669","65997908","66","56137633","GGCTCACACCTGTAATCCTAGGACTCTAGGAGGCTGAGGTGGGTGGATTCTCTGACTTTCAGAGTTTGAGACCAGCCTGATCAAAAGCAAGACCCTGTCTCTACTAAAAATAGAAAAATTATCCGGCCCTTGTAGTGGACGCCTATAGTCCCAACTACATGGAAGATGAGGCAAGGGGTTCACTTGAGCCCGAGAGTCAGAGATTACTGTGAGCTAGGACACCATGGCACTCTA","GCTCATGCCTGGAATCCCAGCACTTTGGGAGGCCAAGGCGGGAGGATCATTTGAGGTCAGGAGTTCAAGACCAGCCTGGCCAACATGGCGAAACCCTGTCTCTACTAAAAATACAAAAATTCGGCGGGCCTGGTGATGGACACCTGTAATCCCAGCTACTTGGGAGGCTGAGGCAGGAGAATCGCTTGAACCCGAGAGGCGGAGTTTGCAGTGAGCCAAGATCGTGCCATTGAACTGCAG"
"GL873520","45140678","45140962","chr8","98816551","98816833","70","53675873","GGCAGAGCACAGTGGCTCACACCTTCAATCCTGGCACACTGGAAGGCTAAAAGGGGAAAGATCCCTTGAGCTCAGGATTTCGAGACCAGCCTGAGCAATAGAAACCCCATCTCCACTAAAAATAGAAAAAAAATAGCCAGGTATTGTGGCTGGCACCTGTAGTTCCAATTACTCTGGAGACTGAGGCAAGAGGATCCCTTGAACCCAGGAGACTGAGGTGGCTATGAGCTAGGTTAATACCATGGCACTCTAGCCTGGGGCAACAGTGAAACTCTTGACTCAAAA","GGCCAGACACGGTGGCTCACACCTGTAATCCCAGCACTGTGGGAGGCCGAGGTGGGTAGATCACCTGAGGTCAGGAGATCAAGACCAGCCTGACCAACATGGCAAAACCCCATCTCTACTAAAAATACAAAAATTAGCTAGGCATGGTGGCAGGCACCTGTAATCCCAGCTACTCGGGAGGCTGAGGCAGGAGAATCCCTTGAACCCAGGAGGTGGAGGTTGCAGTGAGCTGAGATTGCACCATTGCACTCTAGCCTGGGCAACAAGAGGGAAACACTGTCTC"
"GL873520","72687195","72687465","chr7","30299148","30299435","86","42388047","CCAGGCATGGTGGGTCACACCAGTAATTCCAACACTCTGGGGGGGCTGAAGCAGGTGGATCACCTAAAGTCAGGAGTTCCAAGACCAGCCTGAGCTAGAACAAGACCCCTGTCCCTAAAAATGGCCAGCTGTTGTGGCGGATGCCAATAGTCCCAGCCCAGTTTGAGGCAAAAGAATTGCTTGAGCCCAAGAGGCTAAGGTTACTGTGAGCTGTGATGTTCCGCACTCTACAGAGCATGACAAGTAAAATTCTATAAATAAATAAATAAAA","CTGGGCGTGGTGGCTCACGCCTGTAATCCCAGCACTTTGGGAGTCTGAGGCAGGTGGATCACCTGAGGTCAGGAGTTCGAGACCAGCCGGACTAACATGGTGAAACACTGTCTCTACAAAAATTAGCCGAGCGTAGTGACGCATGCCTGTAATCCCAGCGACTCGGGAGGCTGAGGCAGGAGAATTGCTTGAACCCGGGAGGCGGAGGTTGCAGTGAGTTGAAATCGCGCCATGGCACTCCAGCCTGGGCAACAAGGGCGAAACTATGTCTCAAAAAAAAAAAAAAAA"
"GL873521","8203778","8204048","chr12","27308543","27308826","69","19104765","GGCTGGGCATGGTGGCTTACACCTGTAATCCCAGCACTCTGGGAGGCTGAGGCTGGTGGATTGCCTGAGCTCACAAGTTGGAGAGCAGCCTGATGAAGAGTGAGCCCCCGTCTCTAAAAATAGCTGGGCATTGTGCTGGGCACCTATAGTTCCAGCTACTAGGGAGGCTGAGGCAAGAGAATTGCTTGAGCCCAAGAGTCTGAGATTGCTATGAGCTAAGACACCCTGGCTCTCTACCAGGGGTGATGAAGTGAAACTGTGTCTCAAAAAA","GGCTGGGTGCGGTGGCTCACGCCTGTAATCCCAATACTTTGGGAGGCCGAGGCGGGTGGATCGCCTGAGGTCAGGAGTTCGAGACCAGCCTGGCCAGTGAAACCCCGTCTCTATAAAAATACAAAAATTAGCTGGGCGTGGTGGTGGGCACCTGTAATCCCAGCTACTTGGGAGGCTGAGGCAGGAGAATCGCTTGAGCCCAGGAGGCAGAAGTTGCAGTGAGCTGAGATCCCACCATTGCACTCCAGCCTGGGCAACATGAGTGAAACGCTCTCTCAAAAAAA"
"GL873521","27737113","27737375","chr13","73485968","73486251","73","45748855","GCTGAGCACTGTGGCTCATGCCTTTAATCCTTGCACTCTGGGAGGCCAAGATGAGAGAATTGTTTGAGCTCAGGAGTTCATGAGCAAGAGTGAGACCCCCATCTTTACTAAAAATCAAAAAATTAGCTGGGCATGTGATGGTCTCCTATAATCTCAGCTACTTGGGAGGCTGAGGCTGGAGGATGGCTTGAACCCAGGAGGTTGCTGTGAGCTGCTAGGTTGATACCATAGCACTGCAGCCTGAACTCTGTCTCCAAAAAAAA","GGCTGGGCCTGGTGGCTCATGCCTGTAATCCCAGTACTTTGGGAGGCCGAGGTGGGTGGATCATATGAGGTCAGGAGTTTGAGCCCAGCCTGGCCAACATGGTGAAACCCCATCTCTACTAAAAATACAAAAAATTAGCCAGGCATGGTGGTGGGCACCTGTAATCCCAAGTACTTGGGAGGCTGAGGCAGGAGAATTGCTTGAACCTAGGAGATGGAGGTTGCAGTGAGCCGAGATCATGCCATTGCACTCCAGCCTGGGCAACTCTGTCTAAAAAAAAAGAA"
"GL873521","34006833","34007129","chr18","57014389","57014685","79","23007556","GCCCAGGCCTGTCATCCTAGCACTCTGGAAGGCCGAGGTGGGTGACTGAGTGCCTGAGCTCAGAAGTTAGAGACCAGCCCAAGCAAGAGTGAAACCCCCATCTCTACTAAAAATAGAAAAACTAGCCAGCATTGCAGTGGATGCCTATAGTCCAGCTACTCTGGAGGCTGAGGCAAGAGAATCGCTTGACCCTGAGTTTGAGGTTGCTGTGACCTAAAATATCCCAGCACTCTATGGGGTGACAAGAGGGAGACTCTGTTCCCCCCTCAAAAAAAAAGAAAAGAGAAAAAAAGAAAA","GCTCACACCTGTAATCCCAGCACTTTGGGAGGCTGAGGTGGGTGGATCACCTGAGGTCAGGAGTTCAAGACCAGCCTGACCAACATGGAGAAACCCTGTCTCTACTAAAAATACAAAAAATTCGCCAGGCGGTTGGTGGGTGCCTATAATCCCAGCTACTCAGGAGGCTGAGGCAGGAGAATCACTTGAACCTGAGATGCGGAGGTTGCAGTGAGCCGAGATCGCGCCATTGCACTCCAGCCTGGGCAACAAGAGTAAAACTCTGTCTCAAAAGAAAAAAAAAAGGAAGAAAAGAAA"
"GL873521","40813117","40813351","chr13","109044743","109044987","56","68231626","GGCCAGGTGCGATGGCTCACGCCTATAATCCTAGCACTCTGGGAGATCAAGGCAGACAGATCACCTGAGTTCACTAGTTCGAGACCAGCCTGAGCTACAGTGAGACCGTGTCTCAAGAAAAAAAAAAATAACTGGGTGTTGTGACAGGCACCTATTGTCCCAGCTACTTGGGAGGCTGAGGCAAGAGAATTGCTTGAAAGCGTCTGAGGTTGCTGTGAGCTATGTCGCCATTGCA","GGCCGAGTGCGGTGGCTCACGCTTGTAATCCCAGCACTTTGGGAGGCCAAGGTGGACAGATCACGAGGTCAGGAGTTTGAGACCAGCCTGACCAATACAGTGAAACCCCATCTCTACTAAAAATACAAAAATTAGCTGGGTGTGGTGACAGACGCCTGTAATCCCAGGTACTTGGGAGGCTGAGGCAGGAGAATTGCTTGAACCTGGGAGGCGGAAGCTGCAGTGAGCTGAGATTCTGCCATTGC"
"GL873521","49044274","49044518","chr18","9667918","9668173","67","39376356","CCCAGCACTCTGGGAGGCTGAGGTGGGAGGATCACTTGAGCTCAGGCATTCAAGACCCACCCAAGAGGGAGACCCCATCTCCACTAAAAATAGAAAAACCAGCCGAGTGTCATTGCAAGTTCCTGTCATTGCAACTATTCAGGATGCTGAGGCAGGAGACTCACTGGAGCCCAGGAGTCTGAGGTTGCTGTGAGCTAGGCTGGTACCATGTCACTTTAGCCTGGGGCAACAGTGAAACTCCATCT","CCAGCACTTTGGGAGGCTGAGACGGGTGGATCACCTGAGGTCAAGAGTTCAAGACCAGCCTGGGCAAAGATGGTGAAACCCCATCTCTACTAAAAATACAAAAGTTAGCCGGACATAATGCAGGTGCCTGTAATCCCAGCTACTCGGGAGGCTGAGGCAGGAGAATCACTTGAATCCAGGAGGCGGAGGTTGTGGTGAGCCGAGATCGCGCCACTGCACTCCAGCCTGGGCGACAAGAGTGAAACTCCGTCTCAAA"
"GL873522","5090605","5090876","chr4","73041997","73042260","79","67951392","GGCCTAGGCAGGGTAGCTCATGACTGTGATCCTAAGCACTCTGGGTGGCTGGGTGATCACTCTGGGTGATCAACTGAGCTCAAGTTTTCAAGTTTGAGACCATCCTGAGCAAAAGTTGAAACCTGCAACTCTACTAAAAATAAGAAAATTTAGCTGTGTGGCAGGCACCAGTAATCCCAGCTACTTGGGAGGCTCAAGGAGGATTACTTGAACCTAGGACTTTGAAGTTGCTTTGAACTAAGCTGAGGCCATGGCACTCCAGTTCAGGTGAC","GCTGGGCGTGGTGGCTCATGCCTGTAATCCCAGCACTTTGGGAGGCTGAGGAGGGTGGATTACCTGAAGTCAGGAGTTTGAGACCAGCCTGACCAACATGGTGAAACCCCATCTCTACTAAAAATAAAAAAATTAGCTGGGTGTGGTGGTGGGCACCTGTAATCCCACCTACTTGGGAGGACGAAACAGGAGAATCACTTGAACCCAGGAGGTGGAGGTTGCAGTGAGCTGATATCACGCCATTGCATTCCAGCCTGGATGACA"
"GL873522","15842096","15842370","chr1","16400022","16400314","72","557926","GCCAGGCACAGTGGCTCACGCCTGCAATCCCAGAATTTGGGAGGCTGAAGTGAGTGGATTGCCTGAGCTCACAGGTTCGAGACCAGCCTGAGCCAGAGTGAAACCTCATCTCTAATAATAGCCAGGTGTTGTGGCAGGGGACTGTAGTCTCAGCTACTTTGGAGGCTGAGGCAAGAGAATTGCTTAACCCCTTGAGTTTAAGGTTGTTGTGAGTTAACACACCATGGTACTCTACCGAGGGTGACAAAGTAAAACTCTGTCTCGAAAAAAAAAAA","CCAGGCACAGTGGCTCACATCTGTAATCCCAGCACTTTGGGAGGCCGAGGTGGGCGGATCACCTGAGGTCAGAAGTTCGAGACCATCCTGGCCAACATGGTGAAACCCCATCTCTAAAAAATTAGCCAGGTGTGGTGGCGAGCACCGGTAATCCCAGCTACTCTGGAGGCTGAGGCTGGAGAATCGCTTGAACCCGGGAGATGGAGGTTGCAGTGAGCCGAGATCACGCCATTGCACTCCAGCCTGGGGGACAAGAGCAAAACTCTGTCTCAAAAAAAAAAACAAAAATGAAA"
"GL873522","17204196","17204478","chr12","111511969","111512250","70","94307773","GGCCAGTCTCAGTGGCTCATACCTGTAATCTTAACACTTTGGGAGGCTGAGGTGAGAGGATCCCTTGAGGTCAGGAGTTCAAGATGAGCCTGATCAAGAATGAGATCCTGTCTCAACTAAAAATAGGAACATTAGCTAGATGTTATTTTGGGCATCTGAGGAGACCGAGACAGGAGGTTCCCTTGAACCCAGGAGTATGAGGTTGGTATGAGCTAGTCTGATGGCATGGCACTCTAACCTGGACAAGAGAGAAACTTTGTCTCAAAAAAATAAATAAATAAAA","GGCCAGTTGCTGTGGCTCATGCCTGTAATCCCAGCACTTTGGGAGGCTGAGGTGGGTGGATCACTTGAGGTCAGGAGTTCAAGACTGGCCTGACCAACATGATGAAACCCCATCTCTACTAAAAATACAAAATTAGCTGAGTGTGGTGGCTATTTGAGAGGCTGAGGCAGGAGAATCATTTGAACCCAGGAGGTGAAGGTTGCAGTGAGCCAAGATCACACCATTGCACTCCAGTCTGGGTGACAAGAGCGAAACTCTATCTCAAAAAAAAGAAAAAAGAAA"
"GL873522","18675974","18676197","chr19","46052526","46052734","59","27376552","AGTTTGAGACCAGTCTGAACAAGAATGAGACCCCATCTCTACTAAAAATAGAAAAAGTTAGTCAGGTGTTGTGGCATGTGCCTATAATCCCAGCTGCTCGGGAGTCTGAGGCAAGAAAACCGCCTGAATCCAGAAGTCTGAAGTTCCTATGTGCTAGGCTGATATGCTATGGCACTCAAGCTTGAGCGACAAGAGAGAGACTGTCTTAAAAAAAGAAAGAGAAA","AGCCTGGCCAACATGGTGAAACCCCATCTCTACTAAAAATACAAAAATTAGCTGGGTGTGGTGGCATGTGCCTGTAATCCCAGCTACTCGGGAGACTGAGGCAGGAGAATCACTTGAACCCAGGAGTCGGAGGTTGCAGAGAGCCGAGATTGCGCCATTGCACTCCAGCCTGGGCGACAACAGTGAAACTCCGTCAAAAAAAAAAAAAA"
"GL873522","24363541","24363777","chr19","16906459","16906690","64","7457082","GGCTGGGTCCAATGGCTCATGTCTGTAATTCTAGCACTCTGTGAGGCCAAGGCCTGAACTCAGGAGTTGGAGACCAGACTGAGCAAGAGGGTGCAAGACCTCCATCTCTACTAAAAATAGAAAAAAGCTTAATGGTGTGGTGGTAGGTGCTTGTAGTCCTAGCTACTTGGGAGGCTGCGGTAACGGGATCACTGGAACCCAGGAGACTGGTTGCTGTGAGCTAAGATGACGCCATTG","GACCAGGCGCGGTGGCTCACGCCTGTAATTCCAGCACTTTGGGCAGATCACTTGAGGCCAGGAGTTCGAGACCAGCCGGGCCAATATGGTGAAACCCCGTCTCTCCTAAAAATACAAAAATTAGCTGGGTGTGGTGGCAGGTGCCTATAACCCCAGCTACTCGGGAGGCTGAGGCACAAGAATCACTTGAACCCAGGAGGCAGAGGTTGCAGTGAGCTGAGATAATGCCATT"
"GL873522","31999756","31999996","chr19","6432725","6432967","70","25567031","GGTTGGGTGTGGTGGTTTATGCCTGTAATCCTAGCACTGTGGGAGGCCGAGGCTGGTGAATTGCCTGAGTTCACAGGTTCGAAACTAGCCTGACCCAGAGTGAGACCCAGTGTCTAAACATAGCCAGGCGTTGTTGGTGGGCACCAAGTAGTAATCCCAACTACTTGGGAGGCTGAGGCAAGAGAAATGCTTGAGCCCAAGAATCTGAGGTTGCTGTGAGCTATGATGCCATAGCACTCTA","GGCTGGGTGTGGTGGCTCACACCTGTAATCCCAGCACTTTGGGAGGCTGAGGCAGGTGGATCACCTGAGGTCAGGAGTTCAAGACCAGCCTGGCCAACATGGTGAAACCCTGCCTCTATTAAAATAATACAAAAATTTGCTCGGCACGTTGGCACTGTAATCCCAGCTACTGGGGAGGCTGAGGCAAGAGAATCACTTGAACCCAGGAGGCGGAGGTTGCAGTGAGCCGAGATCACACCATTG"
"GL873522","47147913","47148198","chr17","2812708","2813005","71","44335205","GGCTGGGTGCAGTGGCTCCTAACTATAATCTCAGCATTCTGGGAGGCTGAGATGGGTGGATCACCCAAGCTCAGGAGTTCCAGACCAGCCAGAACAAGAGTAAGACCCTGTCTCTACTGAAATAAAAAACTAGGCTAGGTGTGGTGGCAGGTCCTAGCTTCTTGGGAGGCTGAGGCAGGAGTATCACTTAAACCCAGGAGTTTGAAGTTGCCGTGCACTAGGCTGACATGATGGCACTCTAGTCTGGGCCAAGAGAGTGAGATTCTGTCTAAATAAATAAATGAAA","GGCTGGGCGCAGTGGCTCACACCTGTAATCCCAGCATTTTGGGAGGCCGAGGTGGGTGGATCACCTGAGGTCAGAAGTTCGAGACCAGCCTGACCAATATAATGAAACCCTGTCTCTACTAAAAATACAAAAACTAGCCAGGCGTGGTGGTGGTTCCCTGTAATCCTAGCTACTCAGGAGGCTGAGGCAGGAGAATCGCTTGAACCCGGGAGATGGAAGTTGCAGTGAGCCGAGATCGCACCATTGCACTCTAGCCTGGGTAACAAGAGTGAAACTCCGTCTCAAAAAAAAAAAAAAA"
"GL873523","4311240","4311319","chr3","70882763","70882838","33","66571523","GCACTGAGCAGAGAGCCCTGTGNNNNNNNNNNNNNNNNNNNNAAAGTAAAACTCTGTCTCAAAAAAAAAAAAAAAAAAAA","GCTGAGATCACACCACTGCACTCCAGCCTGCACGACAAGAGTGAAACTCTGTCTCAAAAAAAAAAAAAAAAAAAAA"
"GL873523","9641237","9641523","chr1","240051570","240051856","67","230410333","GACTGGGAGTAGTGGCTCACGCCTGTTATTCTAGCACTCTGGGAAACTGAGGCAGAGGATTACTTGGGATCAGGAGTTCGAGCCTGAGTGAGGAAGAGCCATCTCTACTAACTATAGAAAAATTAGTGGAGAATGGTAGTGGGCACCTGTGGTCCCAGCTACTTGGAAGGCTGAGGCAGGAGGATCACTTGAGCCCAGGAGCCTGAGGTTGCTGTGAGCTAGGCTGAGGCCATAGCACTCTAGCCTGGGCAAAAGAGTGAAACTCTGCCTCAACAACAATAATAAAA","GGCCGGGTATGGTGACTCATGCCTGTAAGCCTAGCACTTTGGGAGGCTGAGGCAGGTGGATCACCTGAGGTCAGGAGTTGGAGACCAACATGATGAAACCCCGTCTCTACTAAATACAAAAAATTAGCTGAGCGTGGTGGTGCACACCTGTAATCCCAGCTACTTGGGAGGCTGAGGCAGGAGAATCGCTTGAACCCGGGAGGCAGAGGTTGCAGTGAGCCAAGATTGCACCATTGCACTCCAGCCTGGGCAACAAGAGCGAAATTCTGTCTCAAAAAAAAAAAAAA"
"GL873523","36552863","36553134","chr5","101636312","101636587","84","65083449","GCCAGACACTGTGGCTCACACCTGTAATCCTAGCACTCTGGAAGGCCAAGATGGGCAGATTGCCTGAACTCTGGAGGCTGATAATGGCATGAGCAAAAGTGAAACCTGGTGTCTGCTAAAAATAGAAAAACTAGTCAGGTGCTGCAGCAGGCACCTATTAAGTCCAGTTACCTGGGAGGCTGAGGCAAGGGATTGGATCATTTGAGCCCAAGAGTTTGAGGTTGCCAGAACACCATGGCACTCTAAACATTGTCTCAAAAAAAGGAAAAAAA","GGCCAGGCATGGTGGCTCACACCTGTAATCCTAGCACTTTGGGAGGCCAAGGCAGGCAGATCACCTGAGGTCAGGAGTTCCAGACTAGCCTGGCCAACATGGTGAGACCCCGTCTCTACTAAAAATACAAAAATTAGCCTGGCATGGTGGCAGGCACCTGTAATTCCAGCTACTCAGGAGGCTAAGGCAGGAGAATCACTTGAACCTGGGAGGTGGAGGTTGCAGTGAGCCATTGCACCCCAGCTTGGGCAACAAGAGCAAAACTGTCTAAAAAAA"
"GL873523","46565253","46565558","chr1","21747567","21747872","82","24817686","GGCCGGGTTTGGTGGCTAACGACTGTTGTCCCAGCGCTGTGGGAGGCCGAGGCAGGTGGATCACCTGTGCTCAGAGGTTCAAGACCAGCATGAGCCAGAGTGAAAGCCAGAGTGAGACCCCATCTCTACCAAAAATTGCCAGGCGTTCTGGTAGGCGCCTGTAATACCAGCTACTTGGGAGGCTGAGGCTAGAGAATCACTTAAACCCACGGATCCGGGGGTTGGCAGAGGTTGCTGTGAGCTTTGTACTCTACTGAAGGACACAAAGTGAGACTCTGCCTCCATTAAAAAAAAAAGTAAAATAAA","GGCCGGGTGCGGTGGCTCACGCCTGTAATCCCAGCACTTTGGGAGGCTGAGGCAGGTGGATCACCTGAGGTCAGGAGTTCGAGATCAGCCGGGCCAACATGGTGAAACCCCGTCTCTACTAAAAATACAAAAATTAGCCGGGCGTGGTGGCAGGCGCCTGTAATCCCAGCTACTGGGGAGGCTGAGGCAGGAGAATCACTTGAACCCAGGAGGCGGAGGTTGCAGTGAGCCGAGATTGCACCATTGTACTCCGGCCTGGGCAACAAGAGTGAAACTCTGTCTTGGAAAAAAAAAAAGAAAGAAAAA"
"GL873524","3267975","3268227","chr3","60387035","60387290","52","57119060","GGCCAGGCATGGTGGCTCACACCTATAATCCTAGTACTCTGGGAGGCCAAGGCGGGTGGATCACCTGAGCTCAGGAGTTCAAGACCAGCTTGAACAAGTGTGAGACCCCATCTCTACTAAAGATACAAAAACTAGCTGGGTGTTGTGGCAGTCACATGTAGTCCCAGCTACTCAGGAGGCTAAGGCAAGAGAAGATCGCTTGAGCCTGAGAGTTTGAGGTTGCTGTGAGCTACAACAGTGCCATGGTACTCTA","GGCTGGGCACGGTGGCTCACACCTGTAATCCCAGCACTTTGGGAGGCCAAGGTGGGTGGATCACTTGAGGTCGGGAGTTCCAGACCAGCCTAGCTGACATTGTGAAACCCTGTCTCTAACTAAAAATACAAAAAAATTAGCTAGGTGTGGTGGCAGGCACCTGTAATCCCAGCTACTCAGGAGGCTGAGGCAGGAGAATCGCTTGAACCTGGGAAGTAGAGGTTGCAGTGAGCTGAGATAGCGCTGTTGCACTCCA"
"GL873524","5259380","5259684","chr15","64721350","64721647","81","59461970","GGCAGGGCGTGGTGACTCACGCCTGTAGTCCCAGCGCTGTGGGAGGCAGAGGCGGGTGGATCACCTGTGCTTAGAGGTTCGAGACCAGCATGAGCCAGAAGGAGAGCCAGAGTGAGACCCCGTCTCAACCAAAAATTGCCGGGCGTTCTGGCAGGCGCCTGTAATCCCAGCTACTTGGGAGGCTGAAGCCAGAGAATCACTTAAACCCAGGGACCCAGGGGTTGGCAGAGGTTGCTGTGAGCTATGTACCCTACTGAAAGACACAAAGCGAAACTCTGTCTCCTCCATTAAAAAAAATAATAAAA","GGCTGGGCATGGTGGCTCACGCCTGTAATCCCAGCACTTTGGGAGGCCGAGGTGGGTGGATCACCTGAGGTCAGGAGTTCAAGACCAGCCTGGACAACATGGTGAAACCCCGTCTCTACTATAAATACAAAAATTAGCCGGGCGTGGTGGCAGGTGCCTGTAATCCCAGCTACTCGGGAGGGTGAGGCCAAAGAATCGCTTGAACCCAGGAGGCGGAGGTTGCAGTGAGTAGGGATCACACCATTGCACTCCAACCTGGGAGACAAGAGCAAAACTCTGTCTCAAAAAAAAAAAAAAA"
"GL873524","41491809","41492068","chr7","136090583","136090839","68","94598774","GGCTAGGCATGATGGTTTGTGTCTGTAATTCTAGCTGTCTGGGAGGCCGAGGCCGGTGGATTGCCTGAGCTCAGGAGTTCCAGACCAGCCTAAGCAAGAGAGAGACCTTGTTTCTACTAAAAATAGAAAACTAGCCGTGTGTTGTGGTGGGTCCTTGTAGTTCCAGCTACTCGGGAGGTTGAGGCAAGAGAGTCGCTTGAGCACCCAAGAGTTAGAGGTTGCTGTGAGCTGAGGCCATGACACTCTACTGAGGGTGACAA","GGCTGGGCGTGCTGGCTCATGCCCATAATCCTAGCACTTTGGGAGGCCGAGGTGGGTGTATCACCTGAGGTCAGGAGTTCAAGACCAGCCTGGCCAACATGGTGAAACCCTGTCTCTACTAAAAATACAAAATTAGCCAGGCATGGTGGTGGGCACTGGTAATCCCAGCTACTCAGGAGGCTGAGGCAGGAGAATCTCTTGAACCCGGGAGATGGAGGTTGCAGTGAGCTGAGATCACGCCATTGTACTCCAGCATG"
"GL873525","33258250","33258518","chr1","47238534","47238814","74","13980284","GGCCAGCTGCAGTGGTACATGCCTATAATTCTACCACTACGGAAGGCTGAGGTGGGAGGATCCCCTGAGCAAGAGTGAAACTCTGTCTCTACTAAAAATAGGAAAATTAGCGAGGCATTGTGGTGGGTACTTATAGTCCCAGCTACTTGGGAGACTGAGGCAGAAGGATCACTCAAACCTTGAAATTTGAGGTTGCTATGAGCCAGTCTGAGGCCGTCGAACTCTAGCCTGGGGCAATAGACACTGTCGCAAAAAAAAGAAAAAAAAAA","GGCCGGGCACAGTGGTTCATGCCTGTAATCCCAGCACTTTGGGAGGCTGACGCGGGCGGATCATCTGAGGTCAACATGGTGAAACTCCGTGTCTACTAAAAATACAAAAATTAGCTGGGAGTGGTGACAGGCACCTATAATCCCAGCTACTTGGGAGGCTGAGGCAGGAGAATCGCTTGAACCCAGGAGGCGGAGGTTGCCGTGAGCCCAGATGGCGCCATTGCACTCCAGCCTGGGTGATAAGAGTGAAACTCTGTCTCAAAAAAAAAAAAAAAAAAAAA"
"GL873526","3488748","3489015","chr4","112497367","112497637","77","109008619","GGCTGGGCTCAGTGGCTCTCGCCTGTAAGCCACTCTGGGAGGCTGAGGTGGATGGATTGCCTGAGCTCATAGGTTCCTGAACAAGAGTGAGACCCTGCCTCTAAAAGTAGCTGGGCATTGTGGCAGGCGCTTTATACCAGCTACTCGGGAGGCTGAGGCAAGAGGACTGCTTGAGTCTGAGAGTTTGAGATTGCTGTGAGCTGTGATGCCGTTGCACTCTACCAAGGGTGACAAAAGTGAAACTCTGTCTCAAAAAAAAAAAAGGAAA","GGCTGGGCGCAGTGGCTCACACCTGTTATCCCAGCACTTTGGGAGGCCCAGGCAGGCAGATTGCCTGAGGTCAAGAGTTTGAGACAAGCCTGACCAACATGGTACAAAAATTAGCTGGGCATGGTGGTGGGCACCTGTAATCCCAGCTACTTGGGAGGCTGAGGCAGGAGAATCACTTGAACCTGGGAAGTGGAGGTTGCAGTGAGCCGAGACCAGGCCATTGCACTCCAGCCTGGGCAACAAGAGAGAAACTCTGTCTCAAAAAAAAAAA"
"GL873527","859130","859281","chr2","31375027","31375169","53","30515897","ACTAAAAATAGAAAAATTAGCTGGGCATTGTGGTGGGTGCTTCTGAGGCAGGAGGATCACTTGAAGAGTTTGAGGTTGCTGTGAGCTGGGCTGATATCATGGCACTCTAGTCTGGGCAATAAAATGAACCTCTGTCTGAAAAAAAAAAAGAA","CCTGTAATCTCAGCTACGTGGGAAGCTGAGGCAGGAGAATCACTTGAACTCGGGAGGTGGAGGTTGCAGTGAGCCAAGATCATGCCATTGCACTCTAGCCTGGGCTACAAGAGCGAAACTCTGTCTCAAAAAAAAAAAAAAAA"
"GL873527","3554390","3554680","chr3","52625576","52625877","70","49071186","GGCCAGGCTCAGTGGCTCATGCCTATAATCCTCCCAGTCTGGGAGGCTGAGACAGGTGGATCCCTTGAGCTCAGGAGTTCAAGACCAGCCTGAACAAGAAGGAGACCCCATCTCTACTAAAAATAGAAAAAAAATAGCCAGGCATCATGGTAGGCACCTCTAGTCCTAACTACTCAGGGGACTGAGACAAGAGAATTGCCTGAACCCCGAGTTTGAGGTTGCTGTCAGCAAGGCTGATATACTCTAGCCCAAGGGAAAAAAAGAAAACCCGGCCCAAAAAAAAAAAGAAAA","GGCCAGGCACAGTGGCACATGCCTGTAATCCCAGCATTTTGGGAGGCCGAGCCAGGTGGATCACTTGAGGTCAGGAGTTTCGAGACCAGCCTGGACAACGTGGTGAAACCTCATCTCTACTAAAAATACAAAAAAATTAGCCAGGCGTGATAGTGGGCACCTGTAATCCCAGCTACTCGGGAGGCTGAGGCAGGAGAATCGCTTGAACCTGGGAAGTGGAGGTTGCAGTGAGCCGAGATTGTACCATTGCACTCCAGCCTGGGTGACAAGAGCAAAACTCTGTCTCAAAAAAAAAAAAAAAA"
"GL873527","30425494","30425756","chr15","42974940","42975193","62","12549446","GCCAGGTGTGTCAGCCCACACCTGTAATCCTAGCACTCTGAGAGGCTGAAGCAGGTGGATCAATTAAACTCAAGAGTTTGAGACCAGCCTGAGAAAGAGTGAGAGCCTGTCTCTACTAAAATTTGAAAAATTAGCCAGGCATTGTGGTGGGTGCCTGTCATCCTGGCTACTCAGGAGGCTGAGGCAGGAGAGTTGCTTGAACCTGGAAGTTTGAGGTTGCTGTGAGGTGGGCAGATGCCATGGCACTCTAGGCTGGGCAATAA","GGCCGGGTGGTGGCTCACACCTGTAATCCCAGCACTTTGGGAGGCTGAGGCAGGTGGATCACCTGAGGTCAGGAGTTCGAGACCAGCCTGACCAACATTGTGAAACCCCGTCTCTACTAAAAATACAATAATTAGCCAGCGTGGTGGCAGGTGTCTGTAATCCCAGCTACTCAGGAGGCTGAGGCAGGAGAATTGCTTGAACCCAGGAGGCAGAGGTTGCAGTGAGCTGAGATCATGCCATTGCACTCCAGCCT"
"GL873528","7163413","7163703","chr1","235264776","235265074","68","228101363","GGCTGGGCAAAGTGGCACATGCCTGCAATCCTAGGACTCTGGAAGGCTGGGGCGGGTAGATTGCCCGAGCTCAAGAGTTCGAGACCAGTCTGACCAAGAATAAAACCCCATGTCTACTGAAAATAGAAAAAGTAGCCAGGCGTTGTTGTGCTGGGCGCCTGCAGTCCCACCTACTCGGGAGGCTGAGGCCAGAGGATGGCTTGCACTCAGGAGGAGGCTGCTGTGAGCCAGTCTCTTGCCATGGCGCTCTAGCCCAGGGCAACAAAGACTTTGTCTCATAAAAAAGAAAAA","GGCTGGGCAAGGTGGCTCATGCCTGTAATCCCAGCACTTTGGGAGGCCAAGGCGGGTGGATTACCTGAAGGTCAGGAGTTCGAGACAAGCCTGGTCAACATGGTGAAACCCCATCTCTACTTAAAATATAAAAAATTAGCCAGGCATGGTGGCGGGCGCCTGTAATCCCAGCTACACGGGAGGCTGAGGCAGAAGAATCGCTTGATCTCAGGAGGCGGAGGTTGCAGTGAGCCGAGATCATGCCGTTGCACTCCAGCCTGGGCAACAAGAGTGAAACTTCGTCTCAAAAAAAAAAAAAA"
"GL873528","8025903","8026200","chr21","36439879","36440177","75","28413976","GGCTGGGCGTGGTGGCTCACGCCTATTGTCCCAGTGCTGTGGGAGGCGCAGGTGGGTGGATCACCTGTGTTCAGAGGTTCGAGGCCAGCATGAGCCAGAGTGAGACCCCGTCTCTACCAAAAATTGCCGGCGTTCTGGCAGGCGCCTGTAATCCCAGCTACTTGGGAGGCTGAGGCTAGGGAATCACTTAAACCCAGGAACCCAGGGGTTGGCAGAGGTTGCTGTGAGCTATGATTCCATGGTACTCTACTGAAGGACACAAAGTGACACTCTGTCTCCATAAAAAAAAATAAAATAA","GGTTGGGCGTGGTGGCTCACGCCTGTAATCCCAGCACTTTGGGAGGCCAAGGTGGGTGGATCAGCTGAGGTCAGGAGTTCAAGACCAGCCTGACCAACATTGTGAAACCTCGTCTCTACTAAAATACAAAAATTAGCCAGGTGTGATGGCAGGCACCTGTAATCCCAGCTACCTGGGAGGCTGAGTCAGGAGAATCACTTGAACCCAGGAGGCAGAGGTTGCAGCGAGCCGAGATTGTGCCATTGCACTCCAGCCTGGACAACAAAAGCGAAACTCCATCTCAAAAAAAAAAAAAAAAA"
"GL873529","4640275","4640468","chr5","23908061","23908258","53","19267786","GGTGAGACCGTATCTCTACTCAAAGTGAAAAATTAACCAGGCATTGTGGCAAGAGCCTATAATCCCAGTTACTTGGGAGGCTGCTGTGGGAGGATTACTTGAACCCAGGAGTCTGAGATTGCTATGAGCTAGGCTGACAGCATGGCACACTAGCCTGGGCAAGAGGAGTGAGATTCTGCCTCAAAAAAAAAAAA","GTGAAACCTCGTCTCTACTAAAAATACAAAAATTAGCCAGGCGTGGTGGTGGGCGCCTGTAATCTCAGTTAGTCGGGAGGGTGAGGCAGGAGAATTGCTTGAACCCGAGAGGTTGAAGGTTGCTGTGAGCCAAGATTGTGCCATTGCACTCTAGCCTGGGCAACAAGAGTGAAACTCCTCCTCAAAAAAAAAAAAAAA"
"GL873529","5209881","5210148","chr17","17613057","17613345","77","12403176","ACACCTATAATCCTAGCACTGTGGGAGGCCAAGGCAAATGCATTGTCTGAACTCACACATTGGAGGCAAGCCTGAGCCAGAGCGAGACCTCATCTCTATTAATAGCCAGGCATTGTGGCAGGTGCCTGTAGTCCCAGCTACTGGGGAGGCTGAGGCAAGAGAATCACTTGAGCCCGAGATACGGAGGTTGCTGTGAGCTGCCATGGCACTCTACTGAGGGCTACAAAGTGAAACTCTGTCTCCAAAAAAAAAAAAAACAAAGAAGAAA","GGTGGATCACCTGAGGTCATCCCAGCACTTTGGGAGGCCAAGGCAGGTGGATCACCTGAGGTCAGAAGTTTGAGACCAGCCTGGCCAACATGGTGAAACCCCGTCTCTACTAAAAATACAAAAATTAGCCAGGCTTGGTGGCACATGCCTGTAATCCCAGCTACTCAGGAGGCTGAGGCAGGAGAATTGCTTGAACCCAAGAGGCTGAGGTTGCAGTGAGCTGAGATCGCACTCCAGTCTGGGCGACAAGAGTGAAACTCCGTCTCAAAAAAAAAAAAAAAAAAAAAAA"
"GL873530","9554474","9554748","chr14","63257957","63258248","84","53703483","TGGCTCACACATACAATCCTAGCACTCTGGGAGGCTGAGGTTGGTATATTATCTGAGGACAGGAATTCAAGACCAGCCTGAGTCTATTACTAAAAATAGAAAAACTAGCCTGGCATTGTAGTGGGAGCACATAGTGCCAGCTACTCAAAGGCTGAGACAGGAGAATCACTTGAGCCCAAGAGTTTGAAGTTGCTTGAACTATGATACCATATCATTCTACCCAGGCAACAAGAGTGAGCCTGTGTCTCACAAAAAAAAACAAAACAAAAACAAAA","TGGCTCACACCTGTAATCCCAGCACTTTGCGAGGCCGAGGCGGGTGGATCACCTGAGGTCAGGAGTTCAAGACCAGCCTAGCCAACATGGTGAAACTCCATCTCTACTAAAAATACCAAAAATAAGCCAGGCTCAGTGGCGGGCGCCTGTCATCCCAGCTACTCAGGAGTCTGAGACAGGAGAATCGCTTGAACCCGGGAGGTGGAGGTTGCAGTGAGCCAAGATCACGCCATTGCACTCCAGCCTGGGCAACAAGAGTGAAACTCTGTCCCAAAAAAAAAAAAAAAAAAAA"
"GL873530","14304588","14304872","chr3","52252879","52253170","65","37948291","GGCTGGGCACAGTGGCTCACGCCTGCAATCCTAGCACTCTGGGAGGCTGAGGCAGGTGGATTGCCTGAGTTCAGGAGTTTGAGACCAGCCTGGGCAAGAGTGAGACCCCATCTCTAAAAAATAGCCAGGCGTTGTGGAGGGTACCTGTATTCCAAGCTACAGGTGAGGGTGAGGCAAGAGAATCACTTGAACCCAAGAGTCTGAGGTTGCTGTAAGCTATGACGCTATGGCACTCTACTGAGGGTAACGATGAAACTCTATCTCAAAAATAAAATAAAAAATAAA","GGCTGGGTGCAGTGGCTCACGCCTGTAATCCCAGCACTTTGGGAGACCGAGGTGGGTGGATCACCTGAGGTCAGGAGTTTGAGACCAGGCTGGCCAACATGATGAAACCCCATCTCTACTAAAAATATTGGGTGTGGTGGTGTGTGCCTGTAATTCCAACTGTTCAGGAGGCTGAGGCAGGAGAATCACTTGAACCCAGGAGGCTAGAGGTTGCAGTGAGCTGAGATGGCACCATTACACTCCAGCCTGGGCGACAAGAGTGAAGCTCCATCTCAAAAAAAAAAAAAAAAAA"
"GL873530","35797741","35798022","chr2","182666336","182666623","66","146868595","GGCCGGGGTGCAGTGGCTCACACCTATAATCCTATCACTCTGGGGGGCCAAGGTAGGTGGATTGCTTGAGATCAGGAGTTCGAGACTAGTCTGACCAAGAGTAAGACCCCATCTCTAAAAAAATTAGCTGGGCATTGTGGTGGGTGCCTGTAGTCCCAGCTACTTAGGAGACTGAGGCAAGAGAATCTCTTGAAGCCAAGCAATTGCTATGAGCTGTGATGCCATGGCACTCTACCAAGGGTGACAAAGTGAAACTCTGTCTCAATAATATTAATAAAAAAA","GGCTGGGTGTGGTGGCTCACGTCTGTAATCCCAGCACTTTGGGAGGCCAAGGTGGGTGGATTACCTGAGATCAGGAGTTCGAGACCAGCCTGACCAACATGGTGAAACCCCATCAATACAAAATTAGCCGGGTGTGGTGGCGCATGCCTGTAATCCCAGCTACTCAGGAGGCTGATGCAGGAGAATCGCTTGAACCCGGGAGGCAGAGGTTGCAGTGAGCTGAGATCATGCCATTGCACTCCAGCCTAGGAAACAACAGTAAAACTCTGTCTCAAAAAAAAAAAAAAA"
"GL873531","9868854","9869090","chr13","104705622","104705840","86","94836768","GACCAGGCATGGTGGTTCATATCTGTAATCCTAGCATGATTTCTGGAATTCAACAGTTTGTGACCAGACTAAGCAAGAATGAGGCCTCATCTCTACTAAAAATAGAAAAATTAGCCAGGCATTTAAGTGGATGTCCATAGTCCCAAATACCTGGGAAGCTGAGGCAGGAGTTTGAGGTTGCTGTGAGCCAAGGTGAGGCCATGGCACTCTAACCCAGGTGACAAAGTGAAACTCTGT","GGCCAGGCACAGTGGCTCACACCTGTAATCCCAGCACTTTGCGGTCAGGGGTTCGAGACCAGCCTGGCTAATATGGTGAAACCCTATCTCTACTAAAAATACAAAAATTAGCCTTCTGTGGTGGCGGGTGCCTGTAATCCCAGCTACTTGGGAGGCTGAAGCAGGATAATCGCTTGAACGTGGGAGATGGAAGTTGTAGTGAGCCAAGACTGCACCATT"
"GL873532","923361","923606","chr1","36708199","36708451","70","35784838","GGCCAAGCATGGTGGCTCCCACCTATAATCCTAGCACTCTGGGAGGCAAGGTAGGCAAACTGCTTGAGCTTAGGAGTTCGAGACCACCCTGAACAACAATGAGACCCTGTTTCTACTAAAAATAGAAAAATTAACTAGGCATTGTGGGGGGCGCCTATAACCCTAGCAACTAGAAAGGCTGCGACAAAGAATGCTTGAGGTTGCTGAGAGCTATGATGACACCATGGCACTCTAGCCTGGGTGACA","GGCCACGCGTGGTGGCTCACACCTGTAATCCTAGCACTTTGGGAGGACCGAAGCAGGCGAATCACTTGAGGTCAGGAGTTTAAGACCAGCCTGGCCAACATGGTGAAACCCTGTCTCTACTAAAAATACAAAAATTAGCCAGGCATGGTGGTGGGTGCCTATAATCCCAGCTACTCAGGAGGCTGAGGCAGGAGAATCGCTTGAACCCGGGAGGCTGAGGTTGCAGTGAGCCAAGATCGCGCCATTGCACTCC"
"GL873532","1031400","1031671","chr5","179826599","179826880","83","178795199","GGTGGGGTGGCTCCCACCTGTAATCCTACACTCTGGGAAGCCTCAGGAGTTCAAGATCAGCCTGAGGAAGGGAGAGACCCCCAAAACTACTAAAAATAGAAAAACTAGCCAAGTTTTATGGTGGGCATATGGTTCCAGCTACTTGGAAGGCTCAGGTAGGAGGAAGATTTGAATCTGGGAGTTCGGGGGTTGCCGTGAGCGAGGCTGAGGCAAGTGTACTCTAGCCCTAGTGACAAGAGCCAGACTCTGCTCTATGAGGGAAAAACAACAAA","GGCCGGGCTCGGTGGCTCACACCTGTAATCCCAGCACTTTGGGAGGCCGAGGCAGGTGTCGAGATCAGCCTGGCCAACACAGTGAAACCCCGTCTCTACTAAAAATACAAAAAATAGCTAGGCGTTGTGGTGGGCACCTATAATCCCAGCTACTTGGGAGGCTGAGGCAGGAGAATCGCTTGAACCTGGAAGGCAGAGGTTGCAGTGAGCCGAGATCACACCACTGCACTCCAGCCTAGGCGACAAGGGTGAAAGTCTGTCTCAAAGAAAAAAAAAAAAAAA"
"GL873533","14597761","14598072","chrX","31062550","31062855","79","16464789","GGCCGGGCATGGTGGCTCGTGCCTGTTGTCCCAGCGCTGTGGGAGGCCAAGGCGGGTGGATCACCTGTGCTCAGAGGTTCAATTCCAGCATGAGCCAGAGTGAAAGCCAGTGTGAGACCCCGTCTCTACCAAAAATTGCCGGGCGTTCTGGCAGGCGCCTGTAATCCCAGCTACTTGGGAGGCTGAGGCTAGAGAATCACTTAAACCCAGGGACCCAGGGGTTGGCAGAGGTTGCTGTGAGCTATGATTCCATGGTACTCTACTGAAGGACACAAAGTGAAACTCTGTCTCCATTAAAAAAAAATAAATAAA","GGCCGGGCATGGTGGCTCATGCCTGTAATCCCAGCACTTTGGGAGGCCAAGGCGGGTGGATCACCTGAGGTCAGGAGTTCGAGACCAGCCTGACCAACATGATGAAACCCCATCTCTACTAAAAATACAAAAATTAGCTGGGCGTGGTGGCAGGTGCCTGTAATCCCAGCTACTCGGGAGGCTGAGGCAGGAGAATCACTTGAACCCAGGAGGCGGAGGTTGCAGTGAGCTGAGATCGAGCCATTGCACTCAAGCCTGGGCGACAAGAGTGAAACTCCATCTCAAAAATTAAAAAAAAAAAAAGAA"
"GL873534","1102638","1102768","chr1","221628035","221628145","52","220525397","GGCACCTGTGATTGCAGCTACTCCAGAGGCCTGCTGTCTGCCCCAGGAGTCTGAGGTCCTAGCAAGCCAGATTGACACCATGGCACTCTATCCCCCGATGACAGAAACTGTCTCAAGACAAACAAAAACAA","AGACTGAGGCAGGAAAATTGCTTGAACCTGGGAGTCGGAGGTTGCAGTGAGCCAAGATTGCACCACTGCACTCCAGCCTGGGTGACAAAAGTGAACTCCATCTCAAAAAAA"
"GL873534","21096646","21096869","chr20","53551401","53551637","67","32454755","GGCCAGGTGTGGTGGCTAATGCCTGTAATCCTAGCACTTTGGGAGGCGGAGGAGGATTGCTTGAAGTCAGGAGTTCAAGAAATTAGGCAGGTGTTGGTGACAGTTGCCTGTGGTCCCAGCTACTCTGGAGGCTGAGGCAGGAGGATTTCTGAACCTGGGAGTTTGAGGTTGTAGTGAGCTGAGCCTGCCCTGTAGCCCAGGTGACAAGAGTGAGACTTCATCCC","GGCTGGGCGCAGTGGCTCATGCCTGTAATCCTAGCACTTTGGGAGGCCGAGGTGAGCAGATCACCTGAGGTTTCTACTAAAAATACAAAATTAGCCAGGTGTGGTGGTGCATGCCTGTAATCCCAGCTGCTCGGGAGGCTGAGGCAGGAGAATTGCTTGAACCCGGGAGACGGAGGTTGCAGTGAGCCAAGATTGCTGCATTGCACTCCAGCCTGGGCGATAAGAGAGAAACTCCAT"
"GL873536","162582","162829","chr8","141846430","141846681","64","141683848","GGCCAGGTGCAGTGGCTCACATCTGTAATTCCAGCACTCTGGGAGGCTGAGGCAGGTGGATTGCCTCAACTCAAGAGCTCAAGAACAGTCTGAGCTAGAGACCCCTGTCTTTACCAAAAACAGAAAAAATAGTGGGGTGTTATGGCAGGTACCTCTATTCTCAGGTACTTGGGAGGCTGAGGCAGGAGAATCACTTGAACCCAGGGGCCTGAGGGTGCTGTGTGCTAGGCTGACACTATAGCACTCTA","CTGGGTGTGGTGGCTCACACCTGTAATCCCAGCACTTTGGGAGGCTGAGGCAGGTGGATCACCTGAGATCAGGAGTTCGAGACCAGCCTGGCCAACATGGCAAAACCCCGTCTCTACTAAAAATACAAAAATTAGCTGGGCTTGGTGGCGTGTGCCTGTAATCCCAGCTACTTGGGAGGCCGAGGCAGGAGAATCACTTAAACCCAGGAGGTGGAGGTTGAAGTGAGCTTAGATTGCACCATAGCACTGCAG"
"GL873536","13728341","13728609","chr13","34254953","34255242","81","20526612","GGCGGGGCATGGTGGCTTACACCTATAATCCTGAAACTCTGGGAGACTAAGACAGATTCCTTGAGGTCAGGAGTTTCAAGATTAGCCTAAACAAAGTGGGACCCCCATCTCTACTAAAAACAGAAAAATTTTAACCAGACCTTGCGGTGGGTGACTGTAACCCAGTTATTTGAGAGGCTGAGGCAGGAGGATCAATCACTTGAACTGTGAGCTAGGCTGACGCCATGGTACTCTAGCATGGGTGACAGTGACACTGTCTCAAAAAAAAA","GGCCAGGCGTGGTGGCTCACATCTGTAATCCCAGCACTTTGGGAGGCCTAGAAGGGCAGATCATCTGAGGTCAGGAGTTTGAGACCAGCCTGGTCAATATGGTGAAACCCTCTCTCTACTAAAAATACAAAAATTAGCCAGGCGTGGTGGTGGGTGCCTGTAATCCCAGCTACTTGGGAGGCTGAGGCAGGAGAATCACTTGAACCTGGGAGGCGGAGGTTGCAGTGAGCAGAGATCATGCCATTGCACTCCAGCCTGGGTGACAAGAGCAAAACTGTCTCAAAAAAAAA"
"GL873537","5563206","5563333","chr10","63259910","63260039","44","57696704","AAAAATTAGCCAGGCATGGTGGTGGGTGCCTGGAGGATCACTTGAACCCAGGATTTGAGGTTCCTATGAACTAGGCTGATGCTTGACACTCTCGCCTGGGCAAGAGTGAGACTGTCTCAAAAACAAAA","ATCCCAGCTACTCTGGAGGCTGAGGCAAGAGAATCACTTGAACCCAGGAGGTGGAGGTTGCAGTGAGCCGAGATCACACCATTGCACTCCAGCCTGGGCAATAAGAGTGAAACTCTGTCTCAAAAAAAAA"
"GL873537","9752993","9753227","chr15","55795987","55796219","54","46042994","TCAGGAGTTCAGCACAAGCCTGAGCAGTAGGACAACCCTATCTCTACTAAACATAGAATAGTTAGCTGGGTGTTGTGGCAGGCACCTATAGTCCCAGCTTCTTGGGAGGCTGAGGCAGGAGGATCACTTGAACGCAGGAGTCTGAGGTTTCTGTGTGCTAAGCTGGCACCATGGCACTGTAGCCTGGGCAACATGATGAAACTCTGTCTCAAAATAAATAAATAAATAAGAAAAA","CAGGAGTTAGAGATCAGCCTGGGCTACGTGGTGAAACCCTGTCTCTACTAAAAATACAAAATTAGCCAGGTGTGGTGGCGCATGCCTATAATCCCAGCTACTTGAGAGGCTGAGGTAGAACTACTTGAACCCAGGAGGCAGAGGTTGCAGTGAGCTAAGATCGTGCCATTGCACTCAAGCCCGGGCAACAAGAGTGAAACTCTGTCTCAAAAAAATGAAAAAATAAAAATAAA"
"GL873537","14418510","14418774","chr9","119996062","119996332","65","105577552","GGCCTGCCATGATGGCTCACATCTGTAATCCCAGCACTTTGGAGGCTGAGGCAGGAGAATCACTTGAGCTCAGAAGTTTGAGACCAGCCTAAACAAGAGGGAAACCCATTTCTACTAAAAATAGAAAAACTAACCAGGTGTTGTGGCAGGTGCCTATAGTCCCAGCTACTCAGGAGGTTTAAGGTTGCTGTGAGCTAGGCTAACACCATGGCACTCCAGCCTGAATAAGAGTGAGACTCTTATCTTTAAAAAATAAATAAATAAA","GGCCAGGCATGGTGGCTCACGCCGGTAATCCGAGCACTTTGGGAGGCTGAGGCGGGTGGATCACCTGAGGTCAGGAGTTGTAACCAGCCTAACCAACATGGTGAAAGCCTGTCTCTACTAAAAATACAAAAATTTTCTGGGCATGGTGGCAGGCGCCTGTAGTCTCAGCTACTTGGCAGGCCGAGGTTGCAGTGAGCTGAGATCATGCCATTGCACTCCAGCCTGGGCAACAAGAGTGAAACTCTGTCTCAAAAAAAAAAAAAAAAAAAAA"
"GL873537","15194406","15194653","chr15","58067817","58068068","61","42873411","GACTGGGCATGGTGGCTCATGCCTGTAATCCTAGCACTCTGGGAGGCTGAGGCAAGAGGATCCCCTGAGGTCAGAAGTTCAAGACCAGCATAAGTAAGAGTGAAATCCCATCTCTATTAAAAACAGAAAAATCAGCCAGGCATTGTGGTAGGTGCCTGCAGCTACTTAGAAGGTTGAGGCAGGAGAATCACTTGAGCCTGGAGTTTGAGGTTGTTATGAGCTAGGCTAACACCATGTCATTCTAGCCT","GGCTGGGCACGGTGGCTCATGCCTGTAATCCCAGCAGTTTGGGAGGCCGAGGCGGGTGGATCACTTGAGGTCAGGAGTTCAAGACCAGCCTAACCAACATGGTGAAACCCCATCTCTACTAAAAATACAAAAATTAGCTGGGCCTGGTGGCAGGTGCGTGTAATTCTAACTACTCGGGAGGCTAAGGCAGGAGAATCGCTTGAACCCAGGAGGTGGAGGTTGTAGTGAGAGGAGATCTTGCACTCCAGCCTG"
"GL873537","16117278","16117500","chr17","76054571","76054789","73","59937293","GTCAGGCACAGTGTCTCACCTATAATCCTAGCACTCTGGGAGGCCAAGGCAGGCAGATGCCTTGCGCTTAAGAGCAAAATTCTGACTCTATTAAAAATAAAAAAATTAGGCATTGTGATGGGCACAGCTATAGTCCCAGCTAGTAGGGAGGCTGAGGAAGGAGAAATGCTTGAGCCCAGAAGAGTGATGTGAGCTGTGATGATGCTTTGGCACTCAAACATGG","GCTGGGCGCTGTGGCTCACGCCTGTAATCCCAGCACTTTGGGAGGCCGAGGCGGGTGGATTGCCTGAAGTCAGGAGTTCGAGACCTACTAAAAATACAAAAAATTAGTTGGGCATGGTGGTATGCGCCTGTAATCCCAGCTACTTGGGAGGCTGAGGCAGGAGAATCACTTGAACCCGGGACACGGAGGTTGCAGTGAGCTGAGATCACACCATTGCAC"
"GL873539","19078258","19078547","chr6","150845545","150845841","74","131767287","GGCCAGGCATGGTGGCTCACGCCTATAATCCCAGCACTTGGGAGGCTGAGGTGGGTATATTGCCTGAGCTCACAGGTTCCAGACCAGCCTGAGCCAAAATGAGAGCCCCCGTCTCTAAAAAATAGCTGGGCATTGTGGTGGGTACCTGTAGTCCCAGCTACTTGGGAGACTGAGGAAACAGAATTGCTTGAGCAGAAAAGTTTGAGGTTACTTTAACAAAAACATTTTTTAACATTCCAGCCTGAGCAAGAGCAAGAGCAAGACTCCATCTCTACCAAAAAATAGAAAAA","GGCCAGGCATGGTGGCTCACGCCTGTAATCCCAACACTTTGGGAGGCGAGGCGGGTGGATAACCTGAGGTCAGGAGTTCGAGACCAGCCTGGCCAACATGGTGAAACCCTGTTTCTACTAACAATACAAAAATTAGCTGGGCATGGTGGTGGGCGCCTGTAATCCCAGCTACTTGGGAGGCTGAGGCAGGAGAATCGCTTGAACCCAGGAGGGGGAGGTTGCAGTGAGCCGAAATCTTGCCATTGCACTCCAGCCTGGGTGACAAGAGCAAGACTCCATCTTAAAAAAAAAGAAAAA"
"GL873539","19357741","19357989","chr6","136048242","136048488","54","116690501","GGCTGGGCACGGTGGCTCATGCCTGTAAACCTAGCACTCTGAGAAGCTGAGGCAGGTGAATCTCTTGAGCTCAGGAGTTCTAGATGAGCCTGAGCAAGAGTGACAACCTGCCTCTACTAAAAATAGAAAAACTAGCCAGGCGTTGTGGCGGGTGTCTGTAATCCCAGCTAATCAGGAGGCTGAGGCAAGAGAATCTCTTGAACTCAGGAGTTTGAGGTTTCTCTGTGTTAAGATGATGCCATGGCATTC","GGCTGGGCGCGGTGGCTCACGGCTATAACATCAGCACTTTGGGAGGCCGAGGCAGGTGGATCACCTGAGGTCAGGAGTTCAAGACCAGCCTGGCCAACATGGTGAAACTCTGTCTCTACTAAAAATACAAAAATTAGAGGCGTGGTGGTGGGTGCCTGTAACCCAGCTACTCGGGAGGCTGAGGCAGGAGAATCCTCGAACCCAGGAGGTAGAGGTTGCAGTGAGCCGAGATTGTGCCATTACACTC"
"GL873539","21198631","21198908","chr2","182666336","182666623","75","161467705","GGCTGGGTGAGGTGGCTCATGTCTATAATTAGCATGCTGGGAAACCGAGGCAGGTGGATTGCCCGAGCTCAGGAGTTTGAGACTCCATGTAAGAATGAGACCCTGTCTCTATAAATAGCTGAGCATTGTGGTGGGTGCCTGTACATCTTATTTACTCAGGAGGCTGAGGCAAGAGAATCACTTGAGCCCAAGAGTTTGAGGTTGCTGTGAGCTTAGATGCCATGGCACTCAACCCCAGGAAGACAAGGTAGAACTCTGCTCAAAAAAAGAAAAAAGAA","GGCTGGGTGTGGTGGCTCACGTCTGTAATCCCAGCACTTTGGGAGGCCAAGGTGGGTGGATTACCTGAGATCAGGAGTTCGAGACCAGCCTGACCAACATGGTGAAACCCCATCAATACAAAATTAGCCGGGTGTGGTGGCGCATGCCTGTAATCCCAGCTACTCAGGAGGCTGATGCAGGAGAATCGCTTGAACCCGGGAGGCAGAGGTTGCAGTGAGCTGAGATCATGCCATTGCACTCCAGCCTAGGAAACAACAGTAAAACTCTGTCTCAAAAAAAAAAAAAAA"
"GL873539","21378910","21379175","chr4","181318675","181318968","88","159939765","CACCTGTAATCCCAGCATTCTGGGAGGCCAAGGCAGGTGGATTACTTGAGCTCAGGAATTTGAGACCAGCCTGTTTCTACCAAAGATAGAAAAACTAGCTGAGTGTTGTGACGAGTGCTTGTAGTCTCAGTTACTTGGGAGGCTCAGGGAACAGGGTCACTCGAACCCAAGAGTTTGAGGTTGTTGTGATGCCATGGCACTCTACCCAGGGTGACAAGAGTCAAACTTTACCTCAAACCAAAGCAAAACAAACAACTAAAGAAAAA","GCTCATGCCTGTAATCCCAGCACTTTGGGAGGCCAAGGCAGGTGGATCACTTGAGGTCAGGAGTTCGAGACTAGCCTGGCCAACATGGTGAAACCCCGTCTCTACTAAAAATACAAAAATTAGCTGAGTATGGTAGCTGGCACCTGTAATCCCAGCTACTTGGGAGGCTGAGGTATGAGGATCGCTTGAACCTGGGAGGTGGAGGTTGCAGTGAGCCAAGACCATTGCACTCCAGCCTGGGCAACAAGAGCAAAGCTCAATCTCAAAAAAAAAAAAAAAAAAAAAAAAAAAAAA"
"GL873540","12892297","12892554","chr3","3692870","3693125","73","9199427","GGCCAAGTGTGGTGGCTCATGTCTGTAATCCTAGCACTCTGGAAGGTCAACACCAGTGGATTACCTGAGTTCACACTCACAAGTTCAAGACCAGCCTGAGCAAGAGTGAGACCCCTTCTTCACTAAAAACAGAAAAATTAGCTGGATGTCATGGTAGACACTTGTCATCCCAGCTACCTGGGAGGCTGAGACAGAAGAATTGCCTGACTCCAGAATTTTTAGGTTGCTGTGAGCTTTGACGCCTTGGCACTGTAGCCT","GGCTGGGCATGGTGGCTCATGCCTGTAATCCCAGCACTTTGGGAGGCTGAGGCGGGAGGATCACTTGAGGTCAGGAGTTCGAGACCAGCCTGGCCAACATAGTGAAACTCTGTCTCTACTAAAAATACAAAAATTAGCTGGGTGTGGTGGCAGATACCTGTAATCCCAGCTACTTGGGAGGCTGAGGCAGGAGAATTGCTTGAACCCAGGAGGTGGAGGTTGCAGTGAGCCCAGATCACACCATTGCACTCCAGCC"
"GL873540","19103539","19103825","chr7","84075177","84075458","70","64971638","GGCCAGGTGCAGTGGCTCACACCTGTAATCCTAACACTCTGGGAGGCTGAGGTGGGTGGATCCCCTGAGCTCAGAAATTCAACTAGCATGACACTGTCTCTACTAAAAATAGAAAAACTAGCCAAGTGATGTGGTGGGCACCTATAGTTCCAGCTACTCAGGAGGCTGAGGCCAGAGGATTATTGAACCCAGGTATATGAGGTTACTGTGAGCTATGATGATACCATGACACTCTACCCCAGGGTAAAAAGAGTGAAATTCTGTTTCAAGGAAAAAAAAAAAAGAAA","GACCAGGTGCAGTGGCTTATGCCTGTAATCCCAGCACTTTGGGAGGCCGAGGCGGGTGGATCACCTGAGGTCAGGAGTTCAAGACCAGCCTGGCCGTCTCTACTAAAAACACAAAAAATCAGCCTGGCATGGTGGCAGGTGCCTGTAATCCCAGCTACTCGGGAGGCTGAGGCAGGAGAATCACTTGAACCCAGGAGGTGGAGGTTACAGTGAGCCGAGATCACACCATTGCACTCCAGCCTGGGCAACAGCAAAACTCTGTCTCAAAAAAAAAAAAAAAAA"
"GL873540","24210455","24210612","chr8","115748805","115748964","38","91538350","CCAGGCATTGTGGCGGGTGCCTGTAGTCCCAGCAACTTGGGAGGCTGAGGCAAGAGAAGTGCTTTAGTCTGAGAGTCTGAGGTTGCTGTAAGCCATGAAGCCATGGCACGCTACCAAGGGTGACAAAGTGAAACTCTGTCCCAAAATAAATAAATAAA","GCCAGGCATGGTGGTGGGTGCCTGTTATCCCAGCTACTCGGGAGGCTGAGGCAGGAGAATCACTTGAACCTGGGAGGCAGAGGTTGCAGTGAGCCGAGATGGTGCCATTGCACTCCAGCCTGGGCGACAAGAGCGAAACTCTGTCTCAAAAGAAAAAAAA"
"GL873541","2698283","2698557","chr10","30435562","30435843","72","27737279","GGCTGGGCACAGTGGCTCACACCCGTAATCCTAGCACTCTGGGAGGCTGAGGTGGGTGGTTGCCTGAGCTTATAGGTTTGAGACCAACCTGACCCAGATCTCATCTCATCTCTAAAAATTGTTGGGTGTTGTGGCGGGTGCCTATAGTCTCAGCTACTTGGGAGGCTGAGGCAAGAGAATTGCTTGAGCCCAGGAGTTTGAGGTTGCTGTGAGCCGTGACGCTATGGCACTCTACTAAGGGTGACAAAGTGAAACTGCCCCCCCCCCAAAAAAAA","GGCCGGGCACAGTGGCTCATGCCTGTAATCTCAGCACTTTGGGAGGCCAAGGAGGGTGCATCACCTGAGGTCAGGAGTTCAAGACCAGCCTGGCCAACATGGTGAAACCCTGTCTCTACAAAAATTAGCCGGGCGTGGCGGCGGGCGCCTGTAATCCCAGCTACTCGGGAGGCTGAGGCAAGAGAATCGCTTGAACCCGGGAGGTGGAGGTTGCAGTGAGCCGAGATCGCGCCATTGCGCTCCAGCCTGGGCGACAAGAGTGAAACCCCCTCTCAAAAAAAA"
"GL873542","8946420","8946716","chr5","134651935","134652221","82","125705515","GGTCAGGCGCGGTGGCTCACGTCTATAATCCTAGTGCTCTGGGAGGCCGAGGCGGGTGGATTGCCCTGAGCTCAGGAGTTCGAAATCAACCTAAGCAAGAGTGAGATCTCGTCTCTACTCAAAGTAGAAAAACTAGCCGGGGGTTGTTTGTCATCCCCGGTGGGTGTTTGTCATCCCAGCCGCTTGGGAGGCTGAGGCAAGAGGATTGCTTGAGGTTGCTGTGAGCTGTGACGCCATGACACTGTCTAGCCTGGGGCAAGACAAGTGAGGCTCTGACTCAAAAAAAAAAAGGAAAAA","GGCCAGGCGCGGTGGCTCACGCCTGTAATCCCAGCACTTTGGGAGGCCGACGCGGGCGGATCACCTGAGGTCAGGAGTTTGAGACCAGCCTGACCAATGTGATGAAACCCTGTCTCTACTAAAAATACAAAAATTAGCCGGGTGTGGTGGCATGCACCTGTAATCCCAGTTGCTCAGGAGGCTGAGGCAGGAGAATTGCTTGAATCTGGGAGGCAGAGGTTGCAATGAGCCATTGCACTCTAGCCTGGGCAACAAAAGTGAAACTCCATCAAAAAAAAAAAAAAAAA"
"GL873542","13049706","13050028","chr9","97530788","97531103","83","84481082","GGCCAGGTACAGTGGCTCACACCTGTAATCCTAGTACTCTGGGAGACCCAGGAGGCACGGGGTGGGCGGGGGGGGGGGGTAGCTAAGCTCAGGAGTTCAAGACCAGCCTCACCAAAAGTGAGACCCCATTTCTACTAAAAATAGAAAAAATAGCCAGGCATTGTGGTGGGTGCCTATAGTCCCAGCTACTCAGGGAGACTGAGGCAGGAGGATCACTTAGGTTATAACCTAAGAGACTGAGGTTGCTGTGAGCTATGACGACCCATGGCACTTTTCTCAGGGCAATCAGGGAGGGACACTATGTCTCCAAAAAAAAAAAAAAA","GGCCAGGTGCAGTGGATCACATCTGTAATCCCAGCACTTTGGGAGGCCAAGGGGTGGTGGGGGGGGTGGGTGTGGATCACCTAAGGTCAGGAGTTCGAGACCAGCCTGGCCAACATGGTGAAACCCCATCTCTACTAAAAATACAAAAATTAGCCGGGCATGGTGATGTGCGCCTGTAAGTCCAGCTACTTGGGAGGCTGAGGCAGGAGAATCACTTGAACCTAGGAGGCGGAAGTCACAATGAGCCGAGATCACGCCGTTGCACTCCAATCTGGGCAACAACAGTGAAACTGTCTCAAAAAAAAAAAAAAAAAAA"
"GL873543","6797915","6798254","chr11","77238302","77238602","96","70440387","GGCTGGGCATGTTGGATCACTCTTATAATCCCAGCACTCTGGGAGGCTGAGGTGGGTGGATTGCTTGAGCTGAGGAGTCAAGACTAGCCTGAACAAGAGTGAGACACCATCTCTACTAAAATACACCCATAAGCTGAGTAGTGTGGTGGGTGCCTGAGCTTTGTCTGCATAATTCTCTCACAGAGGCAAAACTCTGTGCCTCAGCTACTTGGGAGGCTGAGGCGGGAGGGTTGCTTGAACCTTAGAGTCTGAGGTTGCTATGAGCTGGGTTAACACCATAGCACTCTACCCTGGGCAACAGAGAGAGAGAGATTCTGTCTCCAAAAAAAAAAAAAAAAAA","GGCTGGGCGTGGTGGCTCATGCCTGTAATCCCAGCACTTTGGGAGGCCGAGGTGGGTGGATCACCTGAGGTCAGGAGTTTGAGACCAGCCTGGCCAACATGATGAAACCCCGTCTCTACTAACAATACAAAAATTAGCTAGGTGTGGTGGTGTGAGCCTGTAATCCCAGCTACTTGGGAGGCTGAGGCAGGAGAATCACTTGAACCTGGGAGGCAGAGGTTGCAGTGAACCGAGATCACACCATTGCACTCCAGCCTGGGCAACAAGAGCGAAACTCCGTCTCAAAAAAAAAAAAAAAAAA"
"GL873543","12245544","12245821","chr18","4360697","4360967","74","7884847","GGCAGAGCAAGTTGGTTCAAGCCTGTATTCCTAGTATTCTGGGAGGCCTAGGCTGGAGGGTCACTTAAGGTCTATAGTTTAAGACCAGCCTAAGGGAAAATGAGACCCCTGTCTCTACTAAAAAGTAGAAAAATTAGCTGGGGGTTGTGGAGGGCACCTGTAGTCACAGCTACTCAGGAGGCTGAGGCCGGAGGAACTAGGCATTACTGTGAACTAGGCTGATGCCATGGTACTCTAGCCAGGGGCAACAAGAGTGAGATTCCATCTCCAAAAAGAAA","GGCCAGGTGCAGTGGCTCAAGCCTGTAATCCCAGAACTTTGGGAGGCTGAGGCAGGTGGATCACCTAAGGTCAGGAGTTCGAGACCAGCCTAGCCAACATGGCAAAACCCTGTCTCTACTAAAAACACAAAAAATTAGCCAGGCATGGTGGCGGGCACCTGTAATCTCAGCTACTCAGGAGGCCGAAGCAGGAGAATCACTTGAACCCAACAGGCAGCCATTGCACTTCAGCCTGGGCAACAAGAGTAAGATTCTACGTCAAAAAAAAAAA"
"GL873543","18043425","18043729","chr17","40921695","40922001","61","22878270","GGCCAGGCTCAGTGGCTCATGCCTATAATCTTAGCACTCTGGGAGGCCAAGGTGGGTAGATTGCCTGAGCTCAGGAGTTCAAGACCAGCTTGACCAAAGTGAGATCCCCATCTCTACTAAAAATAGAAAAACTAGCCAGGCGTTGTGGTGGGTGCTTATCATCCCAGTCATTTAGGAGGCTGAGACAAGAGGATTGCTTGAGCCCAGGAGTTTGAGGTTGCTGTGAGCTAAGATGCCATGACAGTCAAACCCAGGGTGACAAAGTGAAACTCTGTCTCCAAAAAACAAAACAACAACAACAAAAA","GGCCAGGCACAGTGGCTCACGCCTGTAATCCCAGCACTTTGGGAGGCCGAGGTGGGTGGATCACCTGAGGTCAGGAGTTCGAGACCAGCCTGGCCAATATGGTGAAACCCCGTCTCTACTAAAATCGAAAAATTAGCTGGGCATGGTGGTGGGTGCTTGTAATGCCAGCTACCTGGGAGGCTGAGACAGGAGAATTGCTTGAACCCAGGAGGCTTAGGTTGCAGTGAGCCAAGATCGCACCACTGCACTCCAGCCTGGGTGACAAGAGTGAGACTCTGTCTCAAAAAAAAAAAAAAAAAAAAAAAAA"
"GL873543","19782653","19782877","chrX","3562832","3563067","67","16219821","GGCCAGGCACAATGGCTCATGCCTATAATCCTAGTGCTCTGAGAGGCCAAGATGGGCAGATCACTTGAGCAAGAGTGAGACAACCTATCTCTATTAAAACAGAAAATATTAGCTGGGTTTCGTGGCAGGTCCTTGTAGTCCCAGCTACTTGGGAGGTTGAGGCAGGAGAATCCCTTAAGCCCAAGAAAATGAGGTTTCTGTGAGCTGTGACACCATGGTACTCTA","GGCCTGGCGCAGTGACTCACGCCTGTAATCCCAACACTTTGGGAGTCCGAGGCGGGCCGATCACCTGAGGTCAGGAGTTCGAGACCAGCCCCCGTCTCTACTAAAAATACAAAAATTAGCTGGGCATAGTGGCGGGTGCCTGTAATCCCAGCTACTCGGGAGGCTGAGGCAAGAGAATCACTAGAACCTGAGAGGTGGAGGTTGCAGTGAGCCGAGATTGTGCCATTGCACTCCAG"
"GL873544","10638015","10638179","chr1","85228025","85228180","42","74590010","AGCCAGGAACGGTGGCTCAGGCCTGTAATCTCAGCTACTGGGAAAGGAGGCTGAGCCAGGATCATCACTTGAGCCCAAGAGTTGAAGGTTGCAATGAGCTGAGATTACACCATTGCACTCACATTGCTTGAGGGCAAGACCCTAACCCTAACTCAAAAAAGTAAA","GCTGGGCGCGGTGGCTCACGCCTGTAATCCCAGCTACTCAGGAGGCTGAGGCAGGAGAATCACTTGAACCTGGGAGGTGGAGGTTGCAGTGAGCCGAGATAGCACCATTGCACTCCAGCTGGGTGACAAGAGTGAAACTCCATCTAAAAAATAAAA"
"GL873544","13181765","13182037","chr2","182666336","182666623","69","169484571","GGCCGGGCGCAGTGGCTCACTCCTGTAATCCTAGCACTCTGGGAGGCCAAGGTGGGTAGATTGTCTGAGCTCTCAGGTTTGAGACCAGCTTGAGCAAGAGTGAAACATTGTCTCTAAAAATAGCCAGTGTTGTGGTGGGCACCTGTGCCCAGCTTTTCAGGAGGCTGAGGCAAGAGAATCTCTTGAGCCCGGAGGTTGCTGTGAGCTATGACACCATAGCACTCTACCAAGGGAGACAAAGCAAAACTCTGTCTCAAAAAAAAAAAAAAAAAA","GGCTGGGTGTGGTGGCTCACGTCTGTAATCCCAGCACTTTGGGAGGCCAAGGTGGGTGGATTACCTGAGATCAGGAGTTCGAGACCAGCCTGACCAACATGGTGAAACCCCATCAATACAAAATTAGCCGGGTGTGGTGGCGCATGCCTGTAATCCCAGCTACTCAGGAGGCTGATGCAGGAGAATCGCTTGAACCCGGGAGGCAGAGGTTGCAGTGAGCTGAGATCATGCCATTGCACTCCAGCCTAGGAAACAACAGTAAAACTCTGTCTCAAAAAAAAAAAAAAA"
"GL873547","7053466","7053741","chr7","26402404","26402691","94","19348938","CTGGGCAAGGTAGCTTATGCCTAACACTCTGGGAAGATGAGGGGGTGGAATGCCTGAGTTCACGGGTTTGAGACTAGCCTAAGCCAGAGTGAAACCTCGTCTCTAAAAATACCTGAGCATTGTGGCAGGCACCTGTAGTCCCAGCTACTTGGGACTGAGCAAAAGAATGCTGAGGCAAAAGAATGCTTAAGCCCAAGAGTCTGAGGTTGCTGTGAGCTGTAATGCCATGGCATTCAACCAAGAGTGACAAAAAAAAAAAGAAAGAAAGAAAGAAAA","GGGCACGGTGGCTCACACCTGTAATCCCAGCACTTTGAGATGTCAAGGTGGGTGGATGACCTGAGGTCAGGAGTTCGAGACCAGCCTGGCCAACATGGTGAAACTCTATCTCTACTAAAAATACAAAAATTAGCTGGGTGTGGTGGCAGGCACCTGTAATCCCAGCTACTTGGGAGGCTGAGGCAGAAGAATCGCTTGAACCCAGGAGGCAGAGGTTGCGGTGAGTGGAGATCATGCCATTGCACTCCAGCCTGGGTGATAAGAGCAAAAAAAAAAAAAAAAAAAAAA"
"GL873547","10785279","10785560","chr17","65616570","65616869","69","54831291","GGTCAGGAGCAGTGGCTCACACCTGTAATGCTAGCACTCTGGGAGGCCAAGGCAGGAGGATTACTTGAGGTCAGAGTCTGAGACCAGCCTGACCCAGTATGAGACTCATCTCTACTGAAAACAGAAAAATGAGATGGATGTGTATCAGGTGCCTAAAATCCCAGCTATTGGGGAGCCTGAGGCAGGAAGTTTACTTGAGCCCAGGAGTTTGAGGTTGCTGTGACTAGGCCATGGCCCTCTACCCTGGGAGACAAGACTGTGTCTCAAAAAAATAAAAAAAAA","GGCCCGACACAGTGGCTCACACCTGTAATCCCAGCACTTTGGGAGGCCGAGGCAGGCGGATCACCTGAGGTCAGAAGTTTGAGACCAGCCTGGCCAACATGTCGAAACCGCATCTCTACTAAAAATACAAAAATTAGCTGGGCGTGGTGGCATGTGCCTGAAATCCCAGCTACTTGGGAGGCTGAGGCAGGAGAATTGCTTGAACCCGGGAGGTGGAGGTTGCAGTGAGCCGAGATCATGCCATTGCACTCCAGCCTGGGCGACAAGAGCGAAACTCTGTCTCCAAAAAAAAAAAAAAAA"
"GL873548","16726047","16726338","chr2","70252598","70252895","60","53526551","GGCTGGACATGGTGTCTCATGCCTGTAATCCCAGCACTCTGGGAGGCTGAGGTGGTGAATCACTTAAGCTCAGGAATTCAAGACCAGCCCAAGTGAGATTGAAACTCCCATCTGTACTAAAAATAGAAAAACTAGCCAGGTGTTTGGTAGGCACTTGGAGTCCCAGCTACTCAGGAGGCTGAGGCAAGAGAATCACTAGAACCCAAGAGTTTGAGGTTGCTGTGAGCTGTGACGCTATGGCACTCTACTAGGGGCAAGAAAGTGAAACTCTGTCTCAAAAAAAAAAAAAAAA","GGCCGGGCATGGTGGCTCATGCCTGTAATCCCAGCACTTTGGGAGGCCGAGGCAGGCGGATGACCTGAGGTCAGGAATTCGAGACCAGCCTGGCCAATATGGTGAAACCCCATCTCTACTAAAAATACAAAAATTGGCCGGGTGTGGTGGCAGGCGCTTGTAATCCCAGCAACTCAGGAGGCTGAGGCAGGAGAATTGCTTGAACCCGGGAGGTGGAGGTTGCAGTGAGCTGAGATCGAGCCATTGCACTCCAGCCTGGGCAACAAGAGTGAAACTCTATCTCAAAAAAAAAAAAAAA"
"GL873552","13029755","13030029","chr5","140446920","140447202","84","127417165","GGCCAGGTGCGGTGCAGTGCCTTGCCTCTATAATCTGGGAGACCAAGGTAGGTCGATTACTTGACATCAGGAGCCTGAGCAAGAGTGTAACACAGTCTCTACTAAAAATAGAAAAACTAGCCAGACATTGTGGTAGGCACCTATATTTTCACCCACTCAGGAGGCTGAGGCAAGAGGCTCACTTGAGCCCCCAAACTGGGGTTGCTGTGAGCTCTGATGATGCCATGGCCATCTACCCAGGGTGAAAGAGCGAAGGACTCTGTCACAAAAATAAA","GGCCAGGCACGGTGGTTCATGCCTGTAACCCCAGCACTTTAGGAGGCCAAGGCAGGTGGATCATTTGAGGTCAGGAGACCAGACTGACTAATATGATGAAACCCTGTCTCTACTAAAAATACAAAAATTAGCCAGACATGTGGCATGCACCTGTAATACCAGCTACTAGGGAGGCTGAGACAGGAGAATCACTTGAACCCGGGAGGCGGAAGTTGCAGTGAGCCAAGATCACACCATTGCACTCCAGCCTGGGCAACAAGAGTGAAACTCCGTCTCAAAAAAA"
"GL873553","4659359","4659664","chr2","37280049","37280344","83","32620690","GGCCGGGCGCGGTGGCTCACTCCTTGTAATCCCAGCACTCTGGGAAGCTAAAGAAAGTGGATTCCCTGAGTTCACAGGTTTGAGACCTGTGCAAGACCTGTGCTCTTGCCTGAGCAAGAGCAAAACCCTGTCTCTAAAAATAGACAGGCACTGTGGTGGGCACCTGTAGTCCCAGCTACTTGGGAGACTGAGGCAAGAGAATAGCTTGAACCCAAGAGTTTGAGATTGCTGTGAGCTGTGATACCAGGGCACCATACTGAGGGTGACAAAAGTGAGACTCTGTCTCAAAAAATAAAACAATGAAAA","GGCCAGGCGTGGTGGCTCACGCCTGTAATCCCAGCACTTTGGGAGGCCGAAGTGGGTGGATCCCCTGAGGTCAGGAGTTCGAGACCAGCCTGGCCAACATGGCGAAACCCCATCTCTACTAAAGATACAAAAATTAGCTGGGCATGGTGGTGGGCGCCTGTAATCCCAGCTACTGAGGAGGCTGAGGCTAGAGAATCGCTTGAACCCAGGAGGTAGAGGTTGCAGTGAGCCGAGATCACACTCCAGCCTGGGTGACAAGAGTGAAACTCTATCTCAAAAAAAAAAAAAAAGAGAAA"
"GL873553","5078351","5078649","chr4","82929906","82930198","65","77851555","GGCCAGCCACAGGGGCTCATACCTGTAATCCTAACACTCTGGGAGGTCACGGTGGGAGGATCACCAGAGCTCAAGAGTTTGAGACTAGCCTGACTAAAGTGAAACCCCTTCTCTACTAAAACTAGAAAAATTAGCTGGGTGCTAATTTTTGGTGTGGCAGCCACCTGTAGTCCCAGCCACTTGGAAAGCTGAGGCAAGAGAATCGCTTGAGCCCAGGAGTCTGAGGTTGCTGTGAGCTAGGCTGACGTTATAGCACTCCAGCCTGGGCAAGAGTGAGACTCTGTCTTGGAAAAAAAAAA","GGCCAGGCACAGTGGCTCACGCCTATAATCCCAGCACTTTGGGAGGCCAAGGTGGGCAGATCACCTGAGGTCAGGAGTTTGAGACTAGCCTGGCCAACATGGTGAAACCCCATCTCTACTAAAAATACAAAAAATTAGCTGGGCATGGTGGTGTGCGCCTGTAATCCCAGCTACTTGGGAGGCTGACGCAGGAGAATCGCTTGAGCCTGGGAGGCAGAGGTTGCAGTGAGCCAAGATCACGCAATTGCACTCCAGCTTGGGCAACAAGAGCAAACTCCGTCTCAAAAATAAAA"
"GL873553","7760540","7760816","chr1","151505598","151505879","70","143745058","GTCAGGTATGGAGACTCACGCCTGTAATCCTAGCACTCTGGGACACTAAGGCTGGTGGATGCCTGAGCTCACAAGTTCCAGACCAGTCTGAGCAAGAGCGAGACCTTGTCTCTACTAGAAATAAAAAAACTAGCCAGGCATTATGGTGGGCACCTGTAGTCCCAGGTAGTTGGAGAGGCTGAGGCAAGAGCATCACTTGAGCCTGAGAGGCTGAGGTTGCTGTGAGCAGGTTGCTGTGAGCATGCCATGGTACTCTACCGGAGGTGACAAAGTGAAA","GGCTGGGCTCGGTGGCTCACACCTGTAATCCTAGCACTTTGGGAAGCTGAGGCAGGTGGATCACCTGAGATCAGGAGTTCAAGACCAGTCTGGCCAACATGGTGAAACTCTGTCTCTACAAAAATACAAAAAAATTAGCCAGGCATGATGGCGGGTGCCTGTAATCCCAGCTACTCAGGAGGCTGAAGCAGGAGAATCGCTTGAACCCGGGAGGCAGAGGTTGCTGTGAGCTGACATCGCTCCATTGCACCATTGCACTCCAGCCTGGGTGACAAAGAGAAA"
"GL873553","8048971","8049227","chr12","96520262","96520519","74","88471291","GGCAGGGTGTGGCTGCTCACGCTTGTAATCCTAGCACTCTGCCAGGCCAAGGCGTGAAGATAGCTTGAGGTTAGGAGTTGAGACAAACTGAGCTAATGGAGACACAGTCTCTACTAAAAAACAGAAAAATTAGCCAGTCATCACGGCCGGCACCTGTACTCCCGCTACTTGAGACATTGTAGTTGCTATAAGCTGAGCTGACACCATGGCACTCTAGCGGGGGCAAGAGACGGAAACTCTGTCTCCAGAAAAGAAAA","GGCTGGGCATGGTGGCTCATGCCTGTAATCCCAGCACTTTGGGAGGCTAAGGCTGGTGGATCACCTGAGATCAGGAGTTCGAGACCAGCTTGACCAACATGGTGAAACCCTGTCTCTACTAAAAATACAAAAATTAGTCAGGCATGGTGGTGTGCACCTGTAGTCCCAGCTACTCGGGAGGCTGAGGTTGCAGTAAGCTGAGATCGCACCGTTGCACTCCAGCCTGGGCAACAAGAGTGAAACTCCATCTCAAAAAAA"
"GL873554","15635409","15635751","chr9","132302378","132302692","96","116666969","GGCCGGGCGTGGTGGCTCATGCCTGTTGTCCCAGCGCTGTGGGAGGCCGAGGTGGGTGGATCACCTGTGCTCAGAGGTTCGAGACCAGCATGAGCCAGAGTGAGAGCCAGAGTGAGACCTCATCTCTATCAAAAATTGCCAGGCGTCTGGCAGGCGCCTGTAATTCCAGCTACTTGGGAGGCTGAGGCTAGAGAATCACCTAAACCCAGGGACCCAGGGGTTGGCAGAGGTTGCTGTGAGCTATGATTCCATGATACTCTACTGAAGGACACAAAGTGAGACTCTGCCTCCATTAAAAAAATAATAATAATAAAAATAAAAGCAAAATTAAAAAAAAAGACAA","GGCCAGGTGTGGTGGCTCACGCCTGTAATCCCAGCACTTTGGGAGGCCGAGACGGGCGGATCACCTGAGGTCAGGCGTTTGAGACCAGCCTGGCCAACATGGTGAAACCCCATCTCTACTAAAAATACAAAAATTAGCCAGGCGTCGTGGCAGGCGCCTGTAATCCCAGCTACTTGGGAGGCTGAGGCAGGAGAATCGCTTGAACCTGGGAGGTGGAGATTGCTGTGAGCCAAGATTGCGCCATTGCACTCCAGCCTGGGCAACAAGAGTGAGACTTTGTCTCAAAAAAAAAAAAAAAAAAAGCAAAAAAAAAAA"
"GL873557","13264962","13265115","chr4","98228391","98228553","52","84963429","GTGAGACCCTATCTTTACTAAAAATTGAAAAAAATAGCTAGGTGTTACGCTGGACACCTATACTTCCAGTTACTTGGGAGGCTGAAGGAAGAACCCAGAAATTTGAGGTTGCTATGATCTAGGCTGAAGCCATAGCACTCTAGCCTGGGTCACA","TGAAAACCCATCTCTACCAAAAATACAAAAAATTAGCCGGGCATGGTGGTGGACACCTATGATCCCAGCTACTCGGGAGACTGAGGCAGAAGAATCACTTGAACCCGGAGGCAGAGGTTGCAATGAGCCAAGATCGCACCATGGCACTACAGCCTGGGCAACA"
"GL873558","1855031","1855324","chr11","68131692","68131993","59","66276661","GGCACGGTGGCTCACACCTGTAATTCTAGCACTCTGCAAGGTCAAGGCTGGTGGATCACCTAAGCTCAGGAGTTTGAGACCAGCTTGAGCGAGAGTGAAACTCAATCTCTACTAAAAATAAAAATATTAGCTGGGTGTGGTGGTGGGAGCCTGTAGTTCTAGCTTCTTGGGAGGCTGAGGCAAGAGGATCATTTGAGCCCAGGAGTTTGAGGTTGCTGTGAGCTAAGAAGCCATGGCACTTTAGCCTACGGCAACAAAAGTGAGACTCAGTCTCAAAACAAAAAACCAAAAGAA","GGCCAGACGCAGTGGCTCACACCTGTAATCCCAGCACTTTGGGAGGCCAAGGCAGGTGGATCACCTGAGGTCAGGAGTTTGAGACCAGCCTGAGCAACATGGTGAAACCCCATCTCTACTAAAAATACAAAAATTAGCTGGGTGTGGTGGTGGGCGCCTGTAATTCCAGCTACTCAGGAGGCTGAGGCAGGAGAATCTCTTGAACTGGGGAGGCAGAGGTTGCAGTGAGCTGAGATCATGCCATTGCACTCCAGCCTGGGCGACAAGAGTGAAACTCCATCTCAAAAAAAAAAAAAAAAAAA"
"GL873558","10972075","10972339","chr7","131712988","131713271","71","120740913","CACAGTGACTCATGCCTATGATCCTAGCACTCTGGGAAGCTGAGGCAGATGGATCACCTGAGCTCAGGAGTTTGAGACCAGCAAGAGTGAGACCTTATCTCTACTAAAAATAAAATACTATCCAGGGGTTGTGGTGGTCACCTCCCAACTACTCGGGAGCCTGAGGCAGAAGGATGGCTTGAGCCCAAGAGTCTGAGGTTGCTGTGAGCTGTGACACCATGGCACTCTACCCAGGGCAGCAAGTAGAGACTGTCTCTAAAATAAA","CACAGTGGCTCATGCCTATAATCCCAGCACTTTGGGAGGCCGAGGCGGGTGGATCACCTGAGGTCAGGAGTTCGAGACCAGCCTGGCCAACATGGTGAAACCCTGTCTCTACTAAAAATACAAAAATTAGCTGGGCTGGTAGTACGCACCTGTAATCCCAGCTACTCGGGAGGCTGCGGCAGCAGAATCACTTGAACCTGTGAGGCGGAGGTTGCCGTGAGCTGAGATCACGTCATTGCACTCTAGCCTGGGTGACAAGAGCAAAACTCTGTCTCAAAAAAAAA"
"GL873558","14516615","14516886","chr1","154980018","154980313","79","140463403","GGCCTGTAGCAGTGGCTCATGCCTATAATCCTAGCGCTCTGGGAGGCTGAGGTGGGTGGGTAGCCCTGAGCTCAGAAGTTAGAGACCAGCTGAACTAGAGTGAGACCCCATCTCTAAAACAAAATAGCCAGGCATTGTGGCCAGCACCTGCAATCCCCTACTTGGAGGCTGAGGACAAGAGAATTGCTTGAGAATCTGAGGTGAGCTGTGAAACTATGACACTCTACTGAGGGCACAAAGTGAAATGCCATCTCAAAACAAAGCAAAACAAA","GGCTGGGTGCAGTGGCTCATGCCTGTAATCCCAGCACTTTGGGAGGCTGAGGTGGGTGGATCACCTGAGGTCAGAAGTTTGAAACCAGCCTGGCCAACATGGTGAAACCCCATCTCTACTAAAACAAAATTAGCCGGGCGTGGTGGCACACGCCTGTAATCCCAGCTACTCCGGAGGCTGAGGCAGGAGAATCACTTGAACCTGGGAGGCAGAGGTTGCAGTGAGCTGAGATCACGCTATTGCACTTCAGCTTGGGCAACAAGAGTGAAACTCTGTCTCAAAAAAATAAAAATAAA"
"GL873559","3859421","3859689","chr11","8696796","8697065","69","4837375","GGCCAGGTGGTATGGCTCAGGCCTGTAATCCTAGCACTTTGGGAGGCCAAGCCAGGTGGATTACCTGAGCACACAAGTTCAAGACCAGCCTGATCAAGAACAAGACCTGATCTCTAAAAATAGCTGGATGTTGTGGAAGGTGCCTGTAGGCCCAGCTACTTGGGAGTCTGAGGCAAGAGAATTGCATGAACCAAGGGTTTGAGCTTGCTATAAGCTGAGATGCCATGGCACCTATGGAGGGCAACAAAAGTGAGACTCCGTCTCAAAAA","GGCCGGGTGTGGTGGCTCACGCCTGTAATCTCAGCACTTGGGGAGGCCAAGGCGGGTGGATCACCTGAGGTCAGGAGTTCGAGACCAGCCTGGCTAACATGGTGAAACCCCATCTCTACTAAAAATACAAAAAGTGCACCTGTAATCCCAGCTACTTGGGAGGCTGAGGCAGGAGAATTGCTTGAACCCAGGAGGCGGAGGTTGCAATGAGCTGAGATGGCGCCATTGCACTCTAACTTGGGCAACAAGAGTGAAACTCGGTCTCAAAAA"
"GL873559","6584316","6584622","chr2","85365967","85366270","76","78781651","GGCCAGGTAGAGTGGCTCATGTCTGTAATCTTAGCATTCTGGGATACAGAGCTGGGAAGATCACTTGTGGTCAGGAGTTCAAGACCAGCCTGAGCAAAAGTGAGACCCTGTCTCTACTAAAAAAAAAAAAAAAAAAAAAAAAAATTAGCCGGGTGTTTTAGTGGGTGCTTGTAATCCCAGCTACTCAGGAGGCTGAGGCAGGACCATTGCTTTAGCTCAAGAGATTGAGGTTTCTGTGAGCAAGGCTGAAGCCATGCCATGCTAGCCCAGGTGAGAACAAGATTCTGAAGATTCTGTCTCAAAAAAA","GGCCGGGTGCGGTGGCTCACGCCTATAATCTCAGCACTATGGGACGCTGAGGTGGGTGGATCACCTGAGGTCAGGAGTTTGAGACCAGCCTGGCCAACATGGTGAAACCCTGTCTCTACTAAAAATACAAAAAAAAAAAAAAAAAATTAGCTGGGTATGTGGCAGATGCCTGTAATCCCAGCTACTTGGGAGGCTGAGGCAGGAGAATCACTTGAACTCGGGAGGCGGAGGTTGCAGTGAACCAAGATTGCGCCATTGCACTCTAGCCTGGGCGCCAAGAGTGAGACTCTGTTTCAAAAAAAAA"
"GL873561","13989772","13990090","chr19","39062423","39062728","83","25072651","GGCCGGGCGTGGTGGCTCACGCCTGTTGTCCCAGCTCTGTGGGAGGCTGAGGCGGGTGGATCACCTGTGCTCAGAGGTTCGAGACCAGCATGAGCCAGAAGGAGAGCCAGAAGGAGAGCCAGAGTGAGACCCCGTCGCAACCAAAAATCGCCGGGCATTCTGGCAGGCGCCTGTAATCCCAGCTACTCGGGAGGCTGAGGCTAGAGAATCACTTAAACCCAGGGATCCAGGGGTTGGCAGAGGTTGCTGTGAGCTATGTACTCTACTGAAGGACACAAAAGTGAGACTCTGTCTCCACTAAAAAAAATAAAAAACAAAA","GGCTGGGCGTGGTGGCTCACGACTGTAATCCCAGCACTTTGGGAGGTTGAGGCGAGTGGATCACCTGAGGTCTGGAGTTCGAGACCAGCCTGGCCAACATGGTGAAAGCCCATCTCTACTAAAAATACAAAAAATTAGCCGGCATGGTGGCGGGCGCCTGTAATCCCAGCTATTCAGGAGGCTGAGGCAGGAGAATCTCTTGAACCCAGAGGCAGAGGTTGCAGTGAGCTGAGATCGAGCTATTGCTCTCCAGCCTGGGCAACAAGAGTGAAACTCTGTCTCAAAAAAAAAAAAAAAAAAAAAAAA"
"GL873563","7304402","7304686","chr8","100993038","100993325","60","93688636","GGCTGGGCACAGTGCCTCACACCTGTAATGCCAGCACTTTGGGAGGCTAAGGTGGGTAGATAACCTGAGCTCAGGAGTTTGAGACCAGCCTGAGCAGGAGTGAGACCCCATCTCTACTAAGAATAGAAAATAACTAGCTGGGCACTTTGACAGGCACTTGTACTCCCAGCTACTCAGGAGGCTGAGGCAGGAGAATCTCTTGAATCCAGGAGTCTGAAGTTGCAGTGAGCTAGGCTGAGGCCATGGCACTTTAACCTAGGCCTGTATTAAAAAAAAAAAAAAAGA","GGCCGGGCGCAGTGGCTCACACCTGTAATCCCAGCACTTTGGGAGGCCGAGGCAGGTGGATCACCTGAGGTCAGGAGTTTGAGACCAGCCTGGCCAGTATAGTGAAACCCCATCTCTACTAAAAATACAAAAATCAGCTGGGCGTGGTGGCAGGCACCTGTAATCCCTGTTACTCGGGAGGCTGAGGCAGGAGAATTGCTTAAACCCGGGAGGCGGAGGTTGCAGTGAGCCGAGATCACGCCATTGCACTCCAGCCTGGCTGGAAAAAAAAAAAAAAAGGAAAGAAAA"
"GL873563","8442180","8442469","chr1","11064267","11064559","69","2622087","GGCCAGGCGTGGTGGATCACACCTGTAATCCTAGCACTCTGGAAGGCTGAGGTGGGTGGATTGCCTGAGCTCACAGGTTTGAGACCAGCCTGAACCAGGTGTGACTCCCCCCACCTCTAAAAATAGCTGGGTATTGTGGTGGGCACCTGTAGCCCCAGCTACTTGGGAGGCTGAGGCAAGAGAATCACTTGAACCCAAGAGTTTGAGGTTGCTGCAAGCTATTAAACCATGGCACTCTACTGAGGCTGACAAAGTGAAACTCTGTCTCAAAAAAAAAAAAAAAATAAAAA","GGCCAGGCGTCGTGGCTCACGCCTTGCAATCCCAGCACTTTGGAAGGCTGAGGTGGGCGGATCACTTGAGGTCAGGAGTTCAAGACCAGTCTGGCCAACATGGTACAACCCCGTCTCCACTAATTAGCTGGGTGTGGTGGTGGGCGCCTGTAATCCCAGCTACGTGGGAGGCTGAGGCAGGAGAATTGCTTGAACCCGAGAGGCAGAGGTTGCAGTGAGCTGAGATCGTACCACTGCACTCCAGCCTGGGTGACAAGAGCGAGACTGTCTCAAAAAAAAAAAAAAAAAAAAAA"
"GL873564","1510465","1510755","chr3","159781179","159781475","60","158270714","GGCTGGATAAAATGGCTCATGCCTATAATCCTTGCACTCCAGGAGGCCAAGGTGGGTGGATTACTTGAGTTCAGGAGTTCAAGGACCAGCCTGAGCAAGAGTGAAACCCCATCTTTACTAAAAATAGAAAAACTAGCTGGTGTAGTGGTGGGCACCTGTAGTCCTACTTACTTGGGAGGCTGAGGCAAAAGGATCACTTGAACCCAAGAGTTTGAGGTTGCTGTGAGCTACAATGCCATGGCTCTCTACCCAGGGCAACAAGAGTTAAGACTCTATCTCAAAATAAATAAA","GGCTGGGCATGGTGGCTCACACCTATAATCCCAGCACTTTAGGAGGCCAAGGTGTATGGATCACCTGAGATCAGGAGTTCGAGACCAGCCTGGCCAACATAGTGAAACCCCATCTCTACTAAAAATACAAAAACTAGCTGGGCGTGGTGGTGTGCACCTGTAATCCCAGCTACTTGAGAGGCCGAGGCAGGTGAATCGCTTGAACCTAAGAGGTGGAGGTTGCAGTGAGCCGAGATCATGCCATTGCACTCCAGCCTGGGCAACAAGAGCAAAACTCTGTCTCAATAAATAAATAAA"
"GL873567","11743953","11744262","chr1","46177053","46177349","75","34433100","GGCTGGGTATGGTGGTTCATACCTATAATCCTAGCACTTTGGGAGGCTGAGGCAGGCAGAACACTAGAGCTCAGGAGTTCAAGACCAGCCTGACCAAGAGTGAGACCCCTCCACCCCCTACCCCAATCTCTGACTAAAAACAGAAAAACCAGCTGGATGTTGTGGTGGGTGCTCATAGTCCCAGCTGCTCCAGAGGCTGAGGCAGGGGGATTGCTTGAACCCAGGAGGTTGAGGTTGCTGTGAGCTAGGTTGAGGTCAGAACACTCTAGCCTTGGCCCTGGAAGTGAAACTGTCTCAAAAAAAAAAAAAA","GGCCAGGCATGGTGGCTCAAGCCTGTAATCCCAGCACTTTGGGAGGCCGAGGTGGGCAGATCACCTGAGGTCAGGAGTTCAAGACTAGCCTGGTTAACATGGCAAAACCCCATCTCTACTAAAAATACAAAAATTAGCTGGGTGTGGTGGTGGGTGCCTGTAGTCCCAGCTACTCAGGAGGCTGAGACAGGAGAATAGCTTGAACCCAGGAGGTGGAGATTGCAGTGAGCCCAGATTGCACCATTGCACTCCAGCCTGGGCAACAAGAGTGAAACTCTGTCTCAAAAAAAAAAAAAA"
"GL873569","9067468","9067722","chr3","53108704","53108968","70","44041236","GGCCAGACACAGTGGCTGACACCTATAATCCCAGCACTCTTGAGAGGCCAAGGAGGGCAGATCACCTGAGCTCACAAGTTTGAGACCAGCCTGAGTTAGAGTGAAACCCCTCCTCTAAAAATAGATGGGGGTTGTGGCAGGTGCCTGTAGGCCCAGCTACTTGGGAGTCTGAGATTGCTGTGAGCTATGACACCATAGCACTCTACTGGGGGCGACAAAAGGAAGACTCTCATTAAAAAACAAACAAACAAAAAA","GGCCCGGCACGGTGGCTCACGCCTGTAATCCCAGCACTGTGGGAGGCCAAGGTGGGCGGATCATCTGAGGTAAGGAATTCGAGACCAGCCTGGCTAGCACAGTGAAACCCCATCTCTACTAAAAATACAAAAATTAGCTGGGCGTGGTGGCAGGCGCCTGTTATCCCAGCTACTCGGGAGGCAGAGGTTGCAGTGAGCCCAGATAGCACCATTGCACTCCAGCTTGGGCGACAAGAGCGAAACTCTGTCTCAAAAAAAAAAAAAA"
"GL873570","8615594","8615854","chr1","34658463","34658723","87","26042869","GGCAGGGTGTAGTGGCTCAAGCCTATAATGCTAGCATGCTGGGAGGCTGAGGCAGGCAGAATGCTTGAGGTCAGGAGTTTGAGACCAGCCTGAGCAAGTGTGAGGCTTCCCCCTCCCCTGTCAGGTGTAGTGGTGGGTTCTTGTAGTAGTCCCAGATACTCTGCAGAAGGAAGCAGGAGAATCCCTTGAACCTAGGACTTTGAGGTTGCTCTAACTTAGGCTACAGCCTGGCATTCTAACCTGGGCAACAGGGGTGAGACT","GGCCAGGCGCGGTGGCTCACGCCTGTAATCCCAGCACTTTGGGAGGCCAAGGCAGGTGGATCACCTGAGGTCAGGAGTTTGAGACCAGCCTGGCCAACATGTCTCTACCAAAAATACAAAAATTAGCTGGGTGTGGTGGTGGGCACCTGTAACCCCAGTTACTTGAGAGGCTGAGGCAGGAGAATCACTTGAACCTGGGAGGCAGAGGTTGCAGTGAGCCGAGATTGCACCATTGCACTCCAGCCTGGGCAACAAGAGTGA"
"GL873571","7091234","7091495","chr1","24776659","24776921","75","17685425","GGCCAGGCATGATGGCTCATGGCTGTAATCCTAGTACTCTGAGAGGCTGAGGCAGGTGGATCATCTGAGTTTGAGACCAGCCTGACCAGGGATGAAATTTAGTCTGTAAAAACAGTAGCTGGGAATTGTGACAGGCACCATAGTCTTAGCTACTTGGGAGGCTGAGGCAAGAGGATCTTATGAGCCCAAGAGCTTGAGGTTGCTGTGAGCTATGCCATGGCAGTCTACCAAGGGTGACAAAGCGAAACTCTGTCTCAAAAAA","GGCCAGGTGTCATGGCTCATGCCTGTAATCCCAGCACTTTGGGAGGCTGAGGCAGGTGGATCACCAGAGGTCAGGAAACCCTGTCTCTACCAAAAATACAAAAATTAGCTGGGCATGGTGGTAGGGGCCTGTAGTCCCAGCTACTCGGGAGGCTGAGGCAGGAGAATCCCTTGAACCCAGGAGGCGGAGGTTGCAGTGAGCAAAGATCATGCCATTGCACTCCAGCCTGGGCGACAAGAGCAAAACTCTGTCTCAAAAAAAAA"
"GL873572","278680","278994","chr9","94637400","94637690","106","94358720","GGCAAGGCGCGGGTTCATGCCTGTAATCCCAGCACTCTGGGAGGCCAAGACAGGTGGATTGCCTGAGCTCAAAAGTTTAAGACCAGCCTGAGCCAGTGAGACGTCATCTCTAAAAATAGCTGAGTGTTGTGGTGGGTGCCTGTTGTCCCAGCTACTTGGTAAAGGGCGAAAGATTTATACGATTTGAAGAGAAACCAGAGTATGTCCCAGCTACTTGGGAGGCTGAGGCAGGAGAATCACCTAAACTCAGGAGTTTGAGGTTGCTGTGAGCTGGGATGCCATGATAATTTACTCTGTCTCAAAAAAAAAAAAAAA","GGCTGGGCGCGTAGGCTCTAGCCTGTCATCCCAGCACTTTGGGAGGCCGAAACAGGTGGATTGCCTGAGGTCAGGAGTTCAAGACCAACCTGATCAACATGGTGAAACCCCGTCTCTACCAAAAATTAGCTGGGTGTGGTGGCAGGCGCCTGTAATCCCAGCTACTCGGGAGGCTGAGGAAGGAGAATTGCTTGAACCCAGGAGGCAGAGGTTGCAGTGAGCCGAGATCGCATCATTGCACTCCAGCCTGCGCGACAAGAGCGTGACTTTGTCTTAAAAAAAAAAAAAAAA"
"GL873572","11496735","11497036","chr2","170532531","170532835","73","159035796","GGCTGGGCACAGGGGCTCATGCCTATAATCCTAACACTCTTGGACGCCAAGGTGATAGGAACATCTGAGGTCATGAGCTCAAGATCAGCCTGAATGAGAGTGAGACCCCTCTTCTCTACTAAAATAAGAAAAAACAAGCCAAGCATGGTGGCAGGTGCCCGTAGTCCCAGCTACTCAGGAGGATGAGGCAGGAGAATCACTTGCACCCAGGAGTTTCAGGTTACCTGGTGTTTGGCTGATGCAATGGTACTCTGGCCTGGGCTACAAAATACATTCTGCCTCAAATAAAAAAAAAAAAGAAA","GGCTGGGCGCAGTGGCTCATGCCTGTAATCCTAGCACTTTGGGAGGCCAAGGTGGGCGGATCACCTGGGGTCAGGAGTTCGAGACCAGCCTGACCAACATCGTGAAACCCCATCTCTACTAAAACTACAAAAAAAATTAGTCAGGCATGGTGGCAGATGCCTGTAATCCCAGCTACTCGGGAGGCTGAGGCAGGAGAATCACTTGAACCTGGGAGGTGGGGGTTGCGGTGAGCCAAGATTGAGCCATTGCACTCCAGTCTGGGCAACAAGAGTGAAACTCTGTCTCAAAAAAAAAAAAAAAAAAA"
"GL873576","6930773","6931062","chr4","128293477","128293760","70","121362704","GGCTGGGCATGGTGGCTCACGCCTGTTGTCCCACCACTGTGGGAGGGTGAGGCAGGTGGATCACCTGTGCTCAGAGGTTCGAGACCAGCATGAGCCAGAGTGAGACCCCCATCTCTACCAAAAATTGCTGGGTGTTCTGGCAGGTGCCTGTAATCGCAGCTACTTGGGAGACTGAGGCTAGAGAATCACTTAAACCCAGGGACCCAGGGGTTGGCAGAGGTTGCTGTGAGCTATGATTCCATGGTACTCTACTGAAGGACACAAAATGAGACTCTGTCTCTATAAAAAAA","GGCTGGGCATGGTGGCTCATGCCTGTAATCCCAGCACTTTGGGAGGCTGAGGTGGGTGGATCATCTGAGCTCAGGAGTTCCAGATCAGCCTGGCCAACATGGTGAAACCCCTGTCTCTACTAAAATTAGCTGGGTGTGGTGGTGGACACCTGTAATCCCAGCTACTTGGGAGGCTGAGGCAGGAGAATCACTTGAACCTGGGAGGTGGAGGTTGCAGTGAGCTGAGATCATGTCATTGCACTCCAGCGTGGATGACAAGAGTGAGACTCTTATCTCAAAAAAAA"
"GL873576","10627558","10627613","chr13","111905930","111905985","8","101278372","ACTCTAGACGGGGTGACAAGAGTGAGACTCTGTCTCAAAAAAAAAAAAAAAAAAAA","ACTCCAGCTTGGGTGACAAGACTGAGACTCTGTCTCAAAAACAAACAAACAAAAAA"
"GL873576","10697265","10697560","chr1","203612576","203612872","62","192915311","GGCCAGGTACAGTGGCTCATGCCTGTAATCCTAACATTCTGGGAGGTTGAGGTGAGAGGATTCCTTGAGCTCCCAAGTTCAAGAATAGCCTGAACAAAAGTGAGACCCCTATCTCCACTAAAATTATAAAAATTAGCCAGGCATTTTGGCAGTCACCTGTATTCCCAGCTACTCGGGGAGGCTGAGGCAGAAGAACCTCTTGAACTTGGGAAATTGAGGTTGCTGTGAGCTAAGCTGATACCATGGCACTCTAGCCTGGAAACCAGAGTGAAATACGGTCTCAAAAAAAAAAAAAA","GGCTAGATGCGGTGGCTCATGCCTGTAATCCCAGCACTTTGGGAGGCTGAGGTAAGCGGATCACTTGAGGCCAGGAGTTCGAGACCAGCCTGACCAACATGGTGAAACCCCATCTCTACTAAAAATACAAAAATTAGCCAGGCTTGGTGTCAGGCACCTGTAATCCCAGCTACTCGGGAGGCTGAGGCAGGATAATCTCTTGAACTGGGGAGGCAGATGTTGCAGTGAGCCGAGATCACACCATTGCACTCCAACTTGGGCGACGAGAGTGAAATGCTGTCTCAAAAAAAAAAAAAA"
"GL873577","2970847","2971141","chr2","24355921","24356216","64","21385074","GGCCAGACACAGTGGCTCACACCTGTAATCCTAGCATTGTAGGAGGCTGAGGCGGGTGAATCACCTGAGTTCAGGAGTTTGAGACAGGCCTGAACAAGAGGAAAACCCTATCTCTACTAAAAATAGAAAAACTGGCCTGGTCTCACGGCAATTGCCTATAGTCCCAGCTACTTGGGAAGCTGAGGCAAGAGCATCATCTGAGCCCAAGAGTTTGAGGTTGCTGTGAGCTAGGCTAACACCATGGTTTTCTATCCAAGGTGACAAGAATGAGACTCCGTCTCAAAAAAAAAAAAAA","GGCCAGGCATAGTGGCTCACATCTGTAATCCCAGCACTTTGGGAGGCCGAGGCGGGTGGATCACCTGAGGTCAGGAATTTGAGACCAGCCTGGACATGGTGAAACCCCATCTCTACTAAAAATACAAAAATTAGCTGGGCATGGTGGCAGGCGCCTGTAATCCCAGCTACTCAGGAGGCTGAGGCAGGAGAATCACACTTGAACCCCGGAGGCTGAGGTTGCAGTGAGCCAAGATCGCACCATTGCACTCCAGCCTGGGGGACAAGAGCGAGACTCCATCTCAAAAAAAAAAAAAA"
"GL873578","6419081","6419391","chrX","147241662","147241960","72","140822581","GCCAGGTGTGGTGGCTCATGCCTGTAATCCTAGCACTCTGGGAGGCCAATGTGGGTGGATCACCTGAACTCAGGAGTTTGAGACCAGCCTGAGCAAGAGTGAGACCATATCTCTACTGAAAAAGAAAACAGAAAAACTAGCTGGGCATTGTGGTGGGCAGCTGTATAAGCCCAGATACTTGGGAGGCTGAGACAAGAGGATAGCTTGAGCCCAAGAGGTTGACATTGCTGTGAGATTGTGAGATACAACGTCATAGCATTCTACCTAGGGTGAATGAGTGAAATGGTCCCAAACAAAACAAACAAACAAAA","GGCGAGGTGCGGTGGCCCACGCCTATAATCCCAGTACTTTGGGAGGCCAAGGTGGGTGGATCACCTGAGGTCAGGAGTTCGAGACCAGCCTGGCCAACATGGTGAAACCCTGTCTCTACTAAAAATACAGACATTAGCTGGGCGTAGTGGTGGGCTCCTGTAATCCCAGCTACTTGGGAGGCTGAGGTGGGAGGATCGCTTGAACCCAGGAGGTTGAGGTTGCAGTGAGCTGAGATCACGCCACTGCACTCCAGCCTGGGTGACAGGAGTGAAACTCCGTCTCAAAAAAAAAAAAAAAA"
"GL873579","2703879","2704159","chr12","13444408","13444682","94","10740529","GACCAGATATGGTGGCTCATGCCTAGCACTGGGAGGCCAACGTGAGAGGATCCTTTGAGCTCAGGAGTTGGAGACCAGTCTGAACAAGAAAGAAACCCATCTCTACTACTTAAAAATAAAAAAAGAAGAAGAAATCTTTGCTTAGCGTTGTGATAGATAACTGTAATTCCAGCCACTGAGGAGACCAAGGCAGAAGGATCCCCTGAACCTAGTAGTCTAGAGTGAATTAGGCTGAGACCATGGAACTCTGGCCTGAAACAAAAAAAAACAAAAAAAAAAAA","GGCTAGGCATGGTGGCTCATGCCTGTAATCCCAGCACTTTGGGAGGCTGAGGTGGGAGGATCACCTGAGGTCAAGAGTTCAAGACCAGTCTGGCCAACGTGGTGAAACCCTGTCTCACTAAAAATACAAAAATTAGCCAGGCATGGTGGCAGGTGCCTGTAATAATAGCTACTTGGGAGGCTGAGGCAGAAGAATCACTTGAACCCAGGAGGCAGAGGCTGCAGTGAGCCGAGATCACGCCATTGCACTCCAAAAAAAAAAAAAAAAAAAAAAAA"
"GL873579","5647017","5647309","chr2","177215098","177215389","91","171568081","GTGTGGTAGCTCACGCCTATAATCCTAGCACTCTAGGAGCAGAGGCAGGACCATCACCCGAGCTCAGGAGGTGGACACCTACAGCAAGACAACACCTCCCCCTCCCCACTAACAACAGACAAAATCAGCCAGACATTGTGGCGGGCATCTGTACTCCCAGCTACTTGGTAAGCTGAGGCATCACTTGAATCCAGAAGATTGTGGTTGCTGTGAGGTAGGCTGATGGCATGACACTCTAGCCTGAGCTTTGTCTCAAAAGACTTTGTCTCAAAAAGAAAACAAAACAAAAAAAA","GGCGCGATGTCTCATGCCTGTAATCCCAACACTTTGGGAGGCCGAGGCAGATGGATTACCTGAGGTCAGGAGTTCGAGACCAGCCTGGCCAACACGGCGAAACCCCATCTCTACTAAAAACACAAAAATTAGCTGGGCGTGGTGGCGGGCGTCTGTAATCCCAGCTACTCGAGAAAGGAAAATCGCTTAAACCCAGGAGGCGGAGGTTGCGGTGAGCCAAGATCATGTCATTACACTCCAGCCTGGGCCATAGGAGCGAAAACTCCGTCTCAAAAAAACAAAACAACAAAAA"
"GL873583","6014450","6014641","chr5","76669863","76670059","58","70655413","TGAAGTCAAGATTTCAAGAACAGCCTGAGTCAAATGAGACCCTGTCTCTACTAAAAATAGAAAAATTAGCCAGGTGTGGTGGGCAACTCTGGTCCCACCTACAGACAGCAGGGGAATTGCTTGAGCCCAGGAGTTTGAGGTTGCTGTGAGCTGGGATGAGGCCATGGCAATCTCGCCTGGGCAAAATAGAGC","CCTGAAGTCAGGAGTTCGAGACCAGCCTGGCCAACATGGTGAAACCTCTTCTCTACTAAAAATACAAAAATTAGCCAGGCGTGGTGGCGGGTACCTGTAGTCCCAGCTACTCAGGAGGCTGAGGCAGAAGAATTGCTTGAACTCAGGAGGCAGAGGTTTCAGTGAGCTGAGATCATGCCATTGCACTCCGGCCTAGG"
"GL873584","7225077","7225325","chr15","42974940","42975193","52","35749863","GGCTGGGTGCAGTGGCTCACATCTGTAATCCTAGCACTCTGGGAGGCTAAGGCAAATGGGTCACCTCAGCTCAGGAGTTCAAGACCAGCCTGACCAAGACTCAGACCCCATCTTTACTAAAAATAGAAAAATTAGCCAGGCGTGGTGGCAGGCACCTGTAGTCCCAGCTACTCAGGAGGCTCAGGCAACAGGATTGCTCGAAGTCAGGAGTTTGAGGTTACTGTGAGCTACAATGCTGCCATGGCACTC","GGCCGGGTGGTGGCTCACACCTGTAATCCCAGCACTTTGGGAGGCTGAGGCAGGTGGATCACCTGAGGTCAGGAGTTCGAGACCAGCCTGACCAACATTGTGAAACCCCGTCTCTACTAAAAATACAATAATTAGCCAGCGTGGTGGCAGGTGTCTGTAATCCCAGCTACTCAGGAGGCTGAGGCAGGAGAATTGCTTGAACCCAGGAGGCAGAGGTTGCAGTGAGCTGAGATCATGCCATTGCACTCCAGCCT"
"GL873587","5785243","5785451","chr7","102011826","102012025","60","96226583","AAGAATTTGAGACCAGCCTGAGCAAGAGTGAGACCCTGTCTCTACTAAAAATAGAAAAACTAGCCAGGTGTGGTGGTGGGCACCTATAGTCCCAGCTACTTGGGAAGCTAATGTAGGCCGATCGATCAAGCCAAGAGTTGCTAGGATGCCATGGCACTCTACCAAGGGTGACAAAATGAAACTCTGTCTCAATAAAATAAAAAATAAAA","ACCAGCATGGCCAACATGGTGAAACCCCGTCTCTACTAAAAATACAAAAATTAGCCAGGTGTGGTGATGGGCGCCTGTAATCCTAGCTACTTGGGAGGCTGAGGTTGGAGAATCACTTGAACCCAGGGACCAGCGATCACACCATTGCACTCCAGCCTGGGTGACAAGACCGAAATTCCGTCTCAAAATAAAAAAATAAA"
"GL873587","5785739","5785816","chr1","62158353","62158437","23","56372614","CAGTGGCTCTTGTGTGTAATCCTAGCACTTTGGGAGGCGAAGGTGGGTGAATCACTTCAGCTCAAGAATTTGAGACCA","GGCTGGGCACGGACTCATGCCTGTAATCCCAGCACTTTGGGAGGCTGAGGCAGGTGGATCACCTGAGGTCAAGAGTTCGAGACCA"
"GL873590","8331748","8332038","chr13","71616880","71617167","80","63285132","GGTCAAGCACTGTGGCTCATGACTGTAATTCCAGAACTCTGGGAAGCCAAGGCAGGTGAATTGTCTGAGCTTACAGGTCAAGACCAACCCAAGCCCCAGTGGGGGGGTGGGGGACTGTCTCTAAAATATAGCCAGGTGTTATAGTAGGCACCTGTAGTCCCAGCTACCTGGGAGAATGAGGCAAGAGAATCACTTGAACCGGAGAGTTTGAGGTTTCTGTGAGGTAAGATGCCATGGCACTCTACCAAGGGTGACCAAATGAAACTCTAACTCAAAAAAAAAAAAAAAAAA","GCTGGGCAGAGTGGCTCAAGCCTGTAATCCCAGCACTTTGGGAAGCCGAGGCAGGTAGATCACCTGAGGTCTGGAGTTCGAGATCAGCCTGGCCAGCATGGTGAAACCCTGTCTCTAATAAAGCCGGGCGTGATGGTGGGCACCTGTAATCCCAGCTACTCGGGAGGCTGAGGCAGGAGAATCACTTGAACCTGGGAGGTGGAGGTTGCAGTGAGCCAAGATCGCGCCATTGCACTCCAGCCTGGGCAACAAGAGCGAAACTCCATCTCAGAAAAAAAAAAAAAAAAA"
"GL873590","8431021","8431296","chr1","73271111","73271387","77","64840090","GGCCAGGCAGTGGCTCACACCTATAAATCTAGCTGAGGCAGGTGGATCGCTTGACATCAGGAATTCAAGACCAGCCTCAGTAAGGAAACTCTGTTTCTACTAAAAAATTAGAAAAACTTGCCAGGTGTCATCGCAGACGCCAATATTTCCAGCTACTCGGGAGGCTGAGGCAAGAGGATCTCTTTAACCCCAGAGATTGAGACTGCTGTGAGCTGTGATGTTGCCATAGTACTTTACCCAGGGTGACACAGAGCAAGACTCAAAAAAAAAAAACAA","GGCCAGGCACAGTGGCTCACACCTGTAATCTCAGAACTTTGGAATCACCTGAGGTCAGGAGTTTAAGACCAGCCTGACCAATATGGTGAAACCCTGTCTCTACTAAAAATACAAAAATTAGCCAGGTGTGGTGGCAGGTGCCTGTAATTCCTGCTACTTGGGAGGCTGAGGCAGAAGAATCGCTTGAACCCAGGAGGTGGAGGTTGCAGTGAGCTGAGATCATGGCATTGCACTCCAGCCTGGGCAACAAGAGTGAAACTCCATCTCAAAAAAAAAA"
"GL873592","8732015","8732299","chr21","17502826","17503128","70","8770811","GGCCAGGCAAGGTGACTCATGCCTGTAATCCTAGCACTCTTGGAGGCTGAGGTAGGTGGATTGCCCTGACCTCACAGGTTCGAGACCAGCCTGAGCAAGGGGGAGACCCCCATCTCTACAACTAGCCAGGTATTGTTTTGGGAGCCTGTAATCCTAGCTACTCTGGAGGCTGGGGCAAGAGAATTGCTTGAACCTAAGACTTGGAGGTTGCTGTGAGCTTTAATGCCATGGCACTCTACCAAGGGTGACAAAGGGAACTCCGTCTCAAAAAAAAAAAACAAAAAA","GGCCGGGCGTGGTGGCTCACGCCTGTAATCCCAGCACTTTGGGAGGCTGAGGTGGGTGGATTGCCTGAGCTCAGGAGTTCCAGACCAGCCTGGCCAATATGGTGAAACCCCATCTCTACTAAAATACAAAATATCAGCTGGGCATGGCAGCAGGCCTGTAAGCCCAGCTACTTGAGAGGCTGAGGCATGAGAATTGCTTGAACCTAGGAGGCGGAGGTTGCAGTGAGCTGAGATCATGCCATTGCACTCCAGCCTGGGTGACAAAGTGAAACTCTGTCTCAAATAAACAAACAAACAAACAAA"
"GL873596","1800894","1801202","chr18","23892621","23892922","76","22091727","GGCCGGGCGTGGTGGTTCATGCCTGTTGTCCCAGCGCTGTAGGAGGCTGAGGTGGGTGGGTCACCTGTGCTCAGAGGTTTGAGACCAGCATGAGCCAGAGTGAGAGCCAGAGTGAGACCCTGTCTCTACCAAAAATTGCCGGGCGTTGTGGCAGGCGCCTGTAATCCCAGCTACTTGGGAGGCTGAGGCAGGAGAATCACTTAAACCCAGGGACCCAGGGGATGGCAGAGGTTGCTGTGAGCTATGATTTCACAGTACTCTACTGAAGGACACAAAGTGAAACTCTGTCTCCATTAAAAAAAAAAAAAA","GGCCGGGCATGGTGGCTCATGCCTGTAATCCCAGCACTTTGGGAGGCTGAGGTGGGTGGATCACCTGAGGTCAGGAGTTTGAGACCAGCCTGGCCAACATGGGGAAACCCTGTCTCTACTAAAAATACAAAAATTAGCTGGGTGTGGTGGCAGATGCCTGTAATCTCAGCTACTTGGGAGGCTGAGGCAGGAGAATCGCTTGAACCCAGGAGGCAGAGGTTGCAGTGAGCTGAGATAGCACCACTGCACTCCAGCTTGGGTGACAAGAGCGAAACTCTGTCTCAAAAAAAAAAAAAAAAAAA"
"GL873597","4710234","4710525","chr3","98704564","98704866","151","93994330","GGCCCTGCACAATGGCCTGCCCTTATAATCCCAGGGCTCTGGGAGCTGAGGTGGGAAGATCCCTTGAGCTCAAGACCAGCCTGAGCAAGAGTGAGATCCCATCTCTACTAAAAATAGAAAAATTAGCCAGGCATTGTGATGGGTGCCTGTTAACCCAGATNNNNNNNNNNNNNNNNNNNNNNNNNNNNNNNNNNNNNNNNNNNNNNNNNNNNNNNNNNNNNNNNNNNNNNNNNNNNNNNNNNNNNNNNNNNNNNNNNNNNNNNNNNNNNCTCCAAAAAAAAAAAAAAAAAAA","GGCTGGGCACAGTGGCTCATGCCTGTAATCCCAGGACTTTGGGAGGCTGAGGTGGGCGGATCACCTGAGGTCAGGAGTTCGAGACCAGCCTGGCCAACATGGTGAAACCCCATCTGTACTTAAAATACAAAAATTAGCCAGGCATGGTGGCAGGTGCCTGTAATCCCAGCTACTCGGGAGGCTGAGGCAGGAGAATTGCTTGAAGCCGGGAGGTGGATGTCGCAGTGAGCCGAGATCGTGCCATTGCACTCCAGCCTGGGGGACAAGAATAAGACTTTGTCTCAAAAAAAAAAAAAAAAAAAA"
"GL873599","209575","209842","chr18","4360697","4360967","73","4151122","GGCTAGATGCAGTGCCTCACACCTGTAATCCTAGCACTCTGGGAGGCTGAGACAGGCCAACTACTTGAGATCAGGAGCTGAAGACCAGCCTGAGCCAAAGAAAGATCCCATCTCTACTAATAACAGAAAAATTAGCCAGGCCTTGTGGTAGGCACCTATAGTCCCAGCTATTTGGGAGACTGAGGCAAAAAGGCCACTAACTAAAGCCATGATGCCTTAGCACTCAAGCCAGGAGAAAAGAGTGAGATTCTGTCTCAAAAAAATAAAA","GGCCAGGTGCAGTGGCTCAAGCCTGTAATCCCAGAACTTTGGGAGGCTGAGGCAGGTGGATCACCTAAGGTCAGGAGTTCGAGACCAGCCTAGCCAACATGGCAAAACCCTGTCTCTACTAAAAACACAAAAAATTAGCCAGGCATGGTGGCGGGCACCTGTAATCTCAGCTACTCAGGAGGCCGAAGCAGGAGAATCACTTGAACCCAACAGGCAGCCATTGCACTTCAGCCTGGGCAACAAGAGTAAGATTCTACGTCAAAAAAAAAAA"
"GL873599","3476511","3476695","chr17","17307874","17308060","42","13831363","CCTGTCTCTACTAAAAATAGAAAAATTAGCTAGGTGTTGTAGCAGGCACCTGTAGTCCCAGCTACTTGGGAGGCTGAAGCAGGAGGATTGCTAGAACTTGGAAATCTGAAGTTGCTGTGAGCTGGGCAAATGCCATAGCACACTAGCCTGGGCCAAAAAATGAAACTGTCTCAAAAAAAAAAAAA","CCCTGTCTCTACTAAAAATACAAACAATTAGCTGGGCGTGGTGGTGGGCGCCTGTAATCCCAGCTACTTAGGAGGCTGAAGCAGGAGAATAGCTTGAGCCCAGGAAGTGGAGGTTGCAGTGAGCTGAGATTGCTCCATTGCACTCTAGCCTGGGCAACAAGATTGAAACTCTGTCTCAAAAAAAGAA"
"GL873601","3375101","3375350","chr1","181165896","181166143","63","177790795","GGCCAGGAGCAGTGGCTCACGTAATCCTAACACTCTGGGAGGCTGAGGCAGGTAGATCACCTGAGCTCAGGAGTTCGAGAGCAGCCTGAGCATTGAGCGATACCTCAACTCTGATAAAAACAGAAAAACTAGTTGGGCATTCTGGCAGGTACATGTAGTCTCAACTGCTCAGGAGGCTGAGGCAAGAGGATCGCTCAAGCCCAAGAGGTAGAAGTTGCTGTGAGCTAGATGACACCATGGCACTCTATCC","GGCCGGGCGCAGTGGCTCACGCATGTAATCCCATCCCTTTGGGAGGCTGCTGCAGGTGGATCACCTAAGGTCAGGAGTTCGAGACCAGCCTAGGCAATATGGTGAAACCCTGTCTCTACTAAAAATATAAAAATTAGCTGGGCGTGGTGGCAAGTTCATGTACTGCCAGCTGCTCAGGAGGCTGAGGCATGAGAATCGCTTGAGCCCAGGAGGTTGCGGTGAGCCGAGATCACGCCATTGCATTCCAG"
"GL873603","3823922","3824228","chr6","43601777","43602086","80","39777855","GGCTTAGTAGCTCATGCCTGTAATCCTAGCACTCTGGGAGGTGGAGGCAGGAGGTTTCCCTGAACTCAGGAGTTGAGATCAGCCTGAGCAACGGTGAAACCTTGTTGCTACTAAAGATAGAAAAATTACCAGATAAGCTGGGTGTTGGGGCGGATACCTGTAGTCTCAACTACTGGGGAGGCTGAGGCTGGAGAATCACTTGAATCCAAGAGTTGAGGTTGATACTGAGCTAGGCAAAAGCTCTGGCACTCTTTCCTGGGCAAGGCTAAGACTCTGTCTTAAAATAAAATAAAATAAAAACATAAAA","GGCCGGGTGCGGTGGCTCACGCCTGTAATCCCAGCACTTTGGGAGGCGAGGCAGGTGGATCACCTGAAGTCAGGAGTTCGAGACCAGCCTGGCCAACATGGTGAAACCCTGTCTCTACTAAAAATACAAAAATTAGCTGAGCGTGGTGGCGGGTGCCTGTAATCCTAGCTACTCGGGAGGCTGAGGCAGGAGAATCACTTGAACCCAAGAGGCGGAGGTTGCAGTGAGCCAAAATGGCGCCCTTGCACTCTAGCCTGGGTGACAAGAGCAAGACTCCGTCTTAAAAATATATAAAAAATAAATAAATAAA"
"GL873603","4271787","4272043","chr1","36708199","36708451","67","32436412","GGCTGGCTGTGGAGGCTGGCACCTGTAATCCTAGCATTCTGGGAGACCAAGGCAGATGGGTTTCTTGAGCTCAGGAGTTTAGGACCAGCCTGACCAAGAGTGAGCCTGTCTCTACTGAAAATAGAAATATTAACCAGGTGTTTTGGAGGGTGCCCGTAGTCTCAGCTACTCAAGAGGTTGAGAGGTTGAGGCAAGAGAATCGCTTAAACCCAAGAGTTTGAGGTTGCTGTGAGCTGTGATGCCATAGCACGCTACCC","GGCCACGCGTGGTGGCTCACACCTGTAATCCTAGCACTTTGGGAGGACCGAAGCAGGCGAATCACTTGAGGTCAGGAGTTTAAGACCAGCCTGGCCAACATGGTGAAACCCTGTCTCTACTAAAAATACAAAAATTAGCCAGGCATGGTGGTGGGTGCCTATAATCCCAGCTACTCAGGAGGCTGAGGCAGGAGAATCGCTTGAACCCGGGAGGCTGAGGTTGCAGTGAGCCAAGATCGCGCCATTGCACTCC"
"GL873604","2876567","2876815","chr9","128840294","128840549","61","125963727","GGCTGGGTGCGGTGGCTCACGCCTATAATCCCAGCATTCTGGGAGGCCAAGGCACGCAGATTGCTTGAGGTCACGGTTTCGAGACCAGCCTGAGCTAGAGTGAGATCTTGCCTCTAAAAATAGCTGAGTGTTGTGGTGGGCACCTGTAATCCCAGCTACTGAGGAGGCTGAGGCAAGAGAATTGCTTGAGCCAGAGAGTCTGAGGTTGCTGTGAGCTGTGACACCATAGCACTTGACACGGGGCAACAA","GCTGGGTATGGTGGCTCACGCCTATAATCCCAGCATTCTGGGAGGCTAAGGCTGGCAGATCACCTGAGGTCAGGAGTTCAAGACCAGCCTGCCCAACATGGTGAGATCCCATCTCTAATAAAAATTAGCTGGGCGTGGTGGTGGGTGCCTGTAATCCCAACTACTTGGGAGGCTGAGGCACAAGAATCGCTTGAACCCGGGAGGCGGAGGTTGCAGTGGGCCGAGGTGGTGCCATTGCACTCCAGCCTGGGTGACA"
"GL873604","6420961","6421237","chr9","110315105","110315397","69","103894144","GGCTGGGGGAAGTGGCTCACGCTTGTAATCCCAGCACTTAGGAGGCTGAGGTGGGTGGATTACCTGAGTTCACAGGTTCAAGACCAGCCTGAGTCAGAGTAAGACCTCATTTCTAAAAACAGTTGGGTGTTGTGGTAGACGCCTGGAATCTCAGCTACTTGGGAGGTTGAGGCAAGAGAATTGCTTGAACCCAAGAGTTTGAGGTTGCTGTGAGCTATGACACCATGGCAATATACCGAGGGCGACAAGAGGGCAACAAAAACAAAACAAAACAAAA","GGCTGGGTGCAGTGGCTCACACTTGTAATCCCAGCACTTTGGGAGGCTGAGGCGGGTGGATTACCTGAGGTCAGGAGTTCGAGACCAGCCTGGCCAACATGGCAAAACCCCGTCTGTACTAAAAATACAAAAATTAGCTGGGTGTGGTGGCGGGTGCTTGTAATCCCAGCTACTCGGGAGGCTGAGGCAAGAGAATCACTTGAACCCAGCAGGCGGAGGTTGCAGTGAGCCAAGAGCATGCCATTGCACTCCAGCCTGGGCAACAAGAGCCAAAAAAACAAAACAAAAAAAAA"
"GL873606","4821346","4821649","chr3","33506938","33507236","70","28685592","GGCTGGGTGTGGTGGCCCATACCTATAATCCCAGCACTCTGGAAGGCTGAGACAGGCAGACCACTTGAGCTCATGAGTTCAAGACCAGCCTGAGCAAGAGTGAGACCCCCCCCCCAATCTCTACTAAAAATAGAAAAACTAGCCAGGTGTTGTGGTGGGCCCCTGTAGTCCCACCTACTCGGGAGGCTGAAGAAGGAGGATCACTGGAACCCAAGAGGATGAGGTTGCTGTGAGCTATGCCATGACACTTTACCCAGGGCAACAAAGTGAAACTGACTAGAAAACAAAATTAAAAAAAAATAAA","GGCTGGGTGTGGTGGCTCACGCCTGTAATCCCAGCACTCTGGGAAGCTGAGGCAGGCAAATCACCTGAGGTCAGGAGTTCAAGACCAGCCTGGCCATAGTGAAACCCCGTCTCTAGTAAAAATACAAAAAATCAGCCGGGTGTGGTGGTGCGCCTCTGTAATCGCAGCTACTCGGGAGGCTGAGGCAAGAGAATCACTTGAACCTAGGAGGCAGAGGTTGCAGTGAGCTGAGATTGAGCCATTGCACTCCAGCCTGGGCAACAAGAGCGAAACTCCTTCTCAAAAAAAAAAAAAAAGAA"
"GL873606","8283228","8283392","chr7","74176237","74176401","37","65893009","GCCAGGCGTTGTGGCAGGTGCCTGTCGTCCCAGCTACTCAGGAGGCTGAGGCAAGGGAATCACCAAAGCCCGGGAGTTGGAGTTTGCTGTGAGCTGTGTGACACCATGGCACTCTACTGTGGGCGATAAAGTGAAACTCTGTCTCTACAAAAAAAAAAAAAGAGA","GCCGGGCGCGGTGGCTAATGCCTGTAATCCCAGCACTTTGGGAGGCTGAGGCAGGAGAATCGCTTAAACCCGGGAGGTGGAGGTTGCAGTGAGCCGAGATCACACCATTGCACTCCAGCTTGGGCAACAAGAGTGAAACTCCATCTCAAAAAAAAAAAAAAAGAA"
"GL873609","3004343","3004624","chr8","125247455","125247739","68","122243112","TGGCTTATACCTGTAATTCTAGCACTCTGGGAGGGCAAGTGAGTAGATTGCCTGATTCAGGGATTCAAGACCAGCCTGAGCAAGAATGAAACCCTGTCTCACTAAAAATATAAAAACTAGCTGGGCATTGTGGCAGGCACCTCTAGTCCCTGCTACTGGGGAGGCTGAGGCAGGAGGGTCTCTTGAGCTCAGGACGTTGAGGTTGCTACGAGCTAGGATGACACCAGGGTACTCTACCCAGGAAGAAAGAGTAAAACTCTGTCTCAAAAAAAAAAAAAAAAA","TGGCTCACGCCTATAATCCCAGCACTTGGGGAGCCCAAGGCCGGTGGATTACCTGAGGTCAGCAGTTCGAGACCAGCCTGGCCAACACGGTGAAACCCCGTCTCCACTGAAAATATAAAAATTAGCTGGGTATGGTGGCAGGCACCTGTAATCCCAGCTACTCGGGAGGCTGAGGCAGGAGAATCGCTTGAACCCAGGAGGCAGAGGTTGCAGTGAGCCGAGATTGCATCATTGTACTCCCACTGGACAACAAGAGCAAAATTCTGTCTCAAAAAAAAAAAAAAA"
"GL873612","6660241","6660530","chr17","66190051","66190340","71","59529810","GCTGGGGACAGTGGCTCACGCCTGTAATCTCAGCAATCTGGGAGGCTGAAGCAGGCAGGTCAGCTGAGCTCACAAGTCCGAGACCAGCCTGAGCTAGAATAAGACGCCATCTCTAAAAATAGACAGGCACTGTGGCAAGCACCTGTAGTCCCAGCTACTCAGGAGGCTGAGCAAGAGAATCGCTTGAACCCCAGAGTCTGAGGTGGCTGTGAGCTGACACCATGGCATTCCGCCATGGGTGAGAAAGTGAAACTCTATTTCAAAAAAAAAAAAAAAGAAAAGAAAGAAAA","CGGGTGCAGTGGCTCACACCTGTAATCCCAGCACTTTGGGAGGCCGAGGCGGGAGGGTCACCTGAGGTCAGGAGTTCGAGACAAGCCTGGCCAATTAAAAACACAAAAATTAGCCGGGCATGGTGGCAGGCACCTGTAATCCCAGCTACTCAGGAAGCTGAGGCAGGAGAATCGCTTGAACCTGGGAGGCAGAGGTTGCAGTGAGCTGAAATCATGCCACTGCACTCCAGCCTGGGTGACAAGAGCAAAGCTCCGTCTCAAAAAAAAAAAAATTGAAAATGAAAAATAAA"
"GL873613","5873554","5873839","chr6","51069808","51070097","75","45196254","GGCCAGGCAGGGTGCCTCTGGCCTGTAACCCCAGCACTCTGGGAGGCCGTGGTGGGCGGATCATCGGAGCTCACGATTTAGAGACCAGTCTGGGCTAGAGTGAGACCCTGACTCTAAAAATAGAGAGGTGTTTTGGTAGGTGCCTGTAATCCCAGCTACTCAGGTGGGTGAGGCAAGAGAATTGCTTGAGTCCAGGAGTCTGAGGTTGTGAGCTAAGATGCCGTGACACTCTTACTGGGAGTGACAACAGTGAGACTCTGCATAAAAAAGCAAAACAAAAACAAAA","GGCCAGGTGCAGGGCTCAGGCTTGTAATCCCAGCATTTTGGGAGGCCGAGGTGGGCGGACCATCTGAGGTCAGGAGTTCGAGACCAGCCTGGCCAACATAGTCAAACCTCGTTTCTACTAAAAATTAGCCGGGTGTTGTGGTGTGTGCCTGTAATCCCAGCTACTCGGGAGGCTGAGGCCGAAGAATTGCTTGAACCCAGGAGGCAGAGGTTGCAGTGAGCTAAGATCATGCCATTGCACCCCAGCTTGGGCAACAAGAGTGAAACTCCATCTCAAAAAAAAAAAAAAAA"
"GL873613","7613650","7613894","chr11","18257561","18257813","63","10643911","AGGCAGGTGGATAGCTTGAGCTTAGGAGTTCAAGATCAGCCTGAGTAACAGTGATACTCCATCTCTACTAAAAGTAGAAAAAATGAGCCAGGTGTTGTAGCGGGTGCCTGTAGTCCCAGCTACCTGGGAGGCTGAGATAAGAGAATCTCTTGAGCCCAAGAGTTGGAGGTTGCTGTGAGCTAGGCTGAGACAGTATTCTACCCTAGGTGAGAGTGAAACTTCATTTAAAAAAAAAACAAGAAAAA","AGGCGGGTGGATCACCTGAGGTCAGGAGTTCCAGACAAGCCTGGCCAACATGGTGAACCCCATCTCTACTAAAAATACAAAACATTAGCTTGGCGTTGTGGCAGGTCCCTGTAATCCCAGCTACTTGGGAGGCTGAGGCAGGAAAATCGCTTGAACCTGGGAGGTGGAGGTTGTAGTGAGCTGAGGTCACGCCATTGCACTCCAGCCTAGGCAACAACAGTGAAACTCCGTCTGAAAAAAAAAAAAAAAAAAA"
"GL873615","7902005","7902263","chr6","10076182","10076445","71","2174177","GGTCAGGCATGGTGGCTCACACCTATAATCCTAGTAGTATGGGAGGCTGAGGCAGGTGGATTGCCTGAGCTCCCAAGTTCGAGACCACCCATCCCGTCTCTAAAAATAGCCAGGTGTTGTGGCAGGCGCCTGTAGTCCCAGCTACTTGGGAGGCTGAGGCAAGAGAATCACTTAAACCCAGAGCATGAGATTCCTGTGAGCTAAGATGCCATGGCACTTTACCAAGGGTGACAAAGACTCTCTCAAAAAAAAAAAAGAA","GGCCAAGCACGGTGACTCACGCCTGTAATCCCAGCACTTTGGGAGGCCAAGGTGGGTGGATCACCTGAGATCAGGAGTTCGAGACCAGCAGCTAACATGGAGAAAAATACAAAAATTAGCTGGGTGTGGTGGCAGGCGCCTGTAGTCCCTGCTACTCAGGAGGCTGAGGCAGGAGAATCGCTTGAACCCGGGAGGCAAAGGTTGCGGTGAGCCAAGATCGCACCTTTGCACGAGAGCAAAACTCCATCTCAAAAAAAAAAAAAA"
"GL873618","2621948","2622241","chr7","63477383","63477687","59","60855435","GCCGGGCATGGTGGCTCATGCCTGTAATCCCAGCACTTGGGAGGCTAAAGCAGTTGGATTGCCTGAGCTCAGGAGTTGGAGACCAACCTGAGCAAGAGTGAGACCCTGTCTTTAAGCAAAGAAAAATAGCCAGGCGCTGTGGTGGGTGCCTGTAGTCCCAGCTACCTGGGAGGCTGAAGCAAAAGAATTGCTTGAACCCAAGAGGTTGAGGTTGCTGTGAGCTAAGATGCCATGGCACTCCACCAAGGGTGACCAAGAGAAGAGACTGTCTCAAAAAAAAAAAAAAAAAAAGAA","GGCCAGGCACGGTGGCTCATGCCTGTAATCCCAGCACTTTGGGAGGCCGAAGCAGGTGGATCACCTGAGGTCAGGAGTTCGAGAGCAGCCTGGCCAATGTGGTGAAACCCTGTCTCTACTAAAAATACAAAAATTAGCCGGGCATGGTGATGGGCGCCTGTAATCCCAGCTACTTGGGAGGCTGAGGCAGGAGAATTGCTTGAACCTGGGAGGTGGAGGTTGCAGTGAGCTGAGATCATGCCATTGCACTCCAACCTGGGTGACAAGAGTGAGACTCCATCTCAAAAAAAAAAAAAAAGAAAAAA"
"GL873618","2803873","2804140","chr14","31343089","31343368","74","28539216","GACCGGGCACAGTGGCTCTCACCTGTAATCCCACCATTCTGGGAGGCCAAGGTGAGCTGATCTCCTGAGCTCACATTCCAGACCTCCCTCCTAAAAATAGTAGGGTGGTGGGTGTTGCGGTGAGCGCCTCTAATCCCAGCTACTTGGGAGGCTGAGGCAAGAGAATTGCCTAAGCCTAGGAGTTGGAGGTTGCTGTGCACAGTGACGCCATGGCACTCTGATGGCAATAAAGTGAAACTCTCGTCTCTTAAAAAGGATAAAAAAAAAA","GGCCAGGCGCAGTGGCTCATGCCTGTAATCCCAGCACTTTGGGAGGCCAAGGTGGGCAGATCAGCCTGGCCAACATGGTGAAACCCCGTCTCTACTAAAAATACAAAAATTAGCTGGGCGTGGTGGTGGGTGCCTGTAATCCCAGCTACTCAGGAGGCTGAGCCAGGAGAATCGCTTGAACCCGGGAGGTGGAGGTTGCAGTGAGCCGAGATCGTGCCATTGGCACTCCAGCCTGGGCAACAAGAGTGAAACTCCGTCTCAGGAAAAAAAAAAAAAAAAA"
"GL873630","3372952","3373191","chr1","36708199","36708451","63","33335247","GGCTGGGTGTAGTGGCTCACACCTGTAATCCTAGCACTCTAGGAGGCCCAGGCGGGCAGATCACCTGAGCTCACAAGTTCGAGACCAGCCTGAGTAACAGTGAGACCCCGTATCTAAAAATAGCCTGGCATTGTGGATGGGGCCTTATACTCCCAGCTACTCCGGGGGCAGCTGAGGCAAGAGAATCGTTTGAGCCCAGGAGTCTGAGGTTGCTGTAAGCCATGATGCCATGGCACTCCA","GGCCACGCGTGGTGGCTCACACCTGTAATCCTAGCACTTTGGGAGGACCGAAGCAGGCGAATCACTTGAGGTCAGGAGTTTAAGACCAGCCTGGCCAACATGGTGAAACCCTGTCTCTACTAAAAATACAAAAATTAGCCAGGCATGGTGGTGGGTGCCTATAATCCCAGCTACTCAGGAGGCTGAGGCAGGAGAATCGCTTGAACCCGGGAGGCTGAGGTTGCAGTGAGCCAAGATCGCGCCATTGCACTCC"
"GL873631","933316","933587","chr4","73041997","73042260","79","72108681","GGCCTAGGCAGGGTAGCTCATGACTGTGATCCTAAGCACTCTGGGTGGCTGGGTGATCACTCTGGGTGATCAACTGAGCTCAAGTTTTCAAGTTTGAGACCATCCTGAGCAAAAGTTGAAACCTGCAACTCTACTAAAAATAAGAAAATTTAGCTGTGTGGCAGGCACCAGTAATCCCAGCTACTTGGGAGGCTCAAGGAGGATTACTTGAACCTAGGACTTTGAAGTTGCTTTGAACTAAGCTGAGGCCATGGCACTCCAGTTCAGGTGAC","GCTGGGCGTGGTGGCTCATGCCTGTAATCCCAGCACTTTGGGAGGCTGAGGAGGGTGGATTACCTGAAGTCAGGAGTTTGAGACCAGCCTGACCAACATGGTGAAACCCCATCTCTACTAAAAATAAAAAAATTAGCTGGGTGTGGTGGTGGGCACCTGTAATCCCACCTACTTGGGAGGACGAAACAGGAGAATCACTTGAACCCAGGAGGTGGAGGTTGCAGTGAGCTGATATCACGCCATTGCATTCCAGCCTGGATGACA"
"GL873631","1405821","1406080","chr20","34309518","34309792","79","32903697","GGCCAGGCTGGGTAGCTCATGCCTGTAATCCTAGCACTCTAGGAGGCCAAGGCAGGAGTATCCCTCAAGCTCAGGAGTACAAGAGCAAAAACGCCATCTCTATTAAAAATAGCTGGGCTTGGGGGCAGGTGTTTGTAGTCCCAGCTACTCGGAAGGCTAAGGCAGGAGGATCGCCTTAACTCAGGTTATGGTGAGCTAGGGGGACACCCTGGCACTCTAGAATGGGGCATAAGAATGAGACTCTGTCTCAAAAACAAAAA","GGCCAGGCACAGTGGCTCATGCCTGTGATCCCAGCACTTTGGGAAGCCGAGGCTGGCAGATCACAAGGTCAGGATTTCAAGAGGAAACCCCTGTCTCCACTAAAAATACAAAAATTAGCCGGGCGTGGTGGCAGGCACTTGTAATCCCAGCTACTTGGGAGGCTGAGGCAGGAGAATCGCTTGAACCCAGGAAGGGGAGGCTGCAGTGAGCCGAGATCGTGCCATTGCACTCCAGCCTGGGCTACAAGAGCAAGACTCTGTCTCAAAATAAATAA"
"GL873632","5460884","5461124","chr6","35884719","35884970","63","30423835","GGCCTAGCTCAGTGGCTCCTGCCTATAATCCTAGAACTCTGGGAGGCCAAGCGAGACCAGTGTATTGCCTGAGGTCAGGAGTTAGAGACCAGCCTGAGCAAAAGCGAGACCCCATCTCTAAAAAACTAGCTGGTGTTGTGGCTGGCACCTGTGATCCTAGCTACTAGGGAGGCTGAGGCAAGAGGATCACTTGAGCCCAGGAGTTGGAGGTTGCTGTGAGCAGAGACACCATAGCACTCTA","GGCCGGGCACGGTGGCTCACACCTGTAATCCCAGCACTTTGGGAGGCCGAGGCGGGCAGATCACCTGAGGTCAGGGGTTTGAGACCAGCCTGGCCAACATGGTGAAACCCCATCTCTACTAAAAATACAAAATTAGCTGGGTGTGGTGGCATCCACCTGTAATCCCAGCTACTCGGGAGGCTGAGGCAGGAGAATCACTTGAACCCAGGAGGCAGAGGTTACAGTGAGCCGAGATTATGCCATTGAACTCCA"
"GL873633","234413","234667","chr21","21514234","21514495","80","21279821","GGTGGCTCATGCCCGTAATCCTAGCACTTTGGGAGGCTGAAGCCAACCTAAGCAGGAGAGAAACCTCATCTATACCAAAAACAGAAAAATTGGCCAGGCATGTGGTGGGTGCCTATAGTTCCAGCTACTTGGGCGGCTGAAGCTGGAGAGGATCACTTAAGTCCAGGAGGTTGCTGTGAGCTGTTACATCATAACACTCTGGCCTAAGGCAAAACTCTGTCTCAAAAAAAGAAAAAAAAGGTAAAAAATAAGAAA","GGGAGGCTGAGGCGGGTGGATCACCTGAGGTCAGGAGTTCGAAACCAGCCTGGACAACATGGCGAAACCCCATCTTTACTAAAAATACAAACATTAGCTAGGCATGGTGGTGGGTGCCTGTAATCCCAGCTACTCGGGAGGCTGAGGCAGGAGAATCACTTGAACCTCGGAAGTGGAAGTTGCAGTGAGCCATTGTACTCCTGGCTGGGCAACAAGAGCAAAACTTTGTCTCAAAAAACAAAAAAAAAAAAAAAAAAAAAAA"
"GL873644","5434053","5434211","chr16","16496622","16496784","36","11062569","GCTGGGCTTTGTGGTGGGAGCCTGTAATCTCACCTACTTGGGGGGCTGAGGCAAGAGAATTGCTTAAGCCCAAGAGTTTGAGGTGGCTGTGAGCTGCCATGCCATAGCACTCTACTGAGGGCAACAAAGTGAAACTCCATCTCAAAAAAAAAAAAAAAA","GCTGGGTATGGTGGCAGGTGCCTGTAATCCCAGCTACTCGGGAGGCTGAGGCAGGAGAATTGCTTGAACCCAGGAGGTAGAGGTTGCAGTGAGCCGTGAACGTGCCATTGCACTCCAGCCTGGGTGACAAGTGCGAAACTCCATCTCAAAAAAAAAGATAAAA"
"GL873645","2336037","2336329","chr5","168864895","168865198","80","166528858","GTGACTCATGCCTGTAATCGTAGCACCCTGGGAGGCTGAGGCAAATGGATTGCCCTGAGCTCAGAGGTTCAAGACCAGCGTGAGCCAGAGTGAGACTCCATCTCTACCAAAAATTGCCAGGCGTTCTGGCAGGCACCTGTAATCCCAGCTACTTGGGAGGCTGAGGCTAGAGAATCACTTAAACCCAAGGACCCAGGGGTTGGTGAAGGTTGCTGTGAGCTATGATTCCATAGTACTCTACTGAGGGTCACAAAGTGAAACTCTGTCTCCATTAAAAAAAAAAAAACAAAAAA","CGGTGGCTCACGCCTCTAATCCCAGCACTTTGGGAGACCGAGGCGGGTGGATCACCTGAGGTCAGGAGTTCAAGACCAGCCTGGCCAATGTGGTGAAACCCCATCTCTACTAAAAATACAAAAATTAGCCAGGCGTGGTGGTGGACACCTGTAATCCCAGCTACTTGGGAGGCTGAGGCAGGAGAATCAATTGAACCTGGGAGGCGAGGCGGAGGTTGCAGTGAGCCAAGATTGTGCCATTGTACTCCAGCCTGGGCAACAGGAGTGAAACTCCGTCTCAAAAAAAAAAAAAAAAAAAAAAGAA"
"GL873648","3064425","3064674","chr8","59691662","59691915","57","56627237","GGCCTAGTGTGATGGCACATACCTGTAATCCTAGCACTCTGGGAGGCCAAGACAGGTGGATTGTTTGAGGTCACGAGTTCAAGACTGCCTGAGCAAGAGTGAGACCCACCCCATCTCTACTAAAGATAGAAAAACTAGCTGGGCATTGTGGCAGGTGCCTGTAGTCCCAGCTACTTGAGAGGCTGAGACAGGAGGATCCCTTGAACCCAAGAGGTTGAAGTTGCTGTGACAGATGCCATGGCACTCTAGC","GCTGGATTCGGTGGCTCATACCTGTAATCCTAGCACTTCTGGAGGCCAAGACAGGTGGATCATTGAGGTCAGGAGTTCCAGGGCAGCCTGGCCAATATGGCGAAATCCCGTCTCTACTAAAAATAAAAAAATTAGCTGGACGTGGTGGCGGGTGCCTGTAATCCCAGCTACTTGGGAGGCTGAGGCAGGAGATTCACTTGAACCTGAGAGGTGGAGGTTGCAGTGAGCTGAGATGGCGCCATTGCCCTCCAGCC"
"GL873654","4781225","4781506","chr10","28390670","28390953","59","23609445","GGCTGGGTACTGTGGCTCACGCCTGTAATCATGGCACTCTGGGAGGCCAAGGTGGGTGGATTATCTGAGTTTAGGAATTCCAGACCAGCCTGAGCAAGATTGAGACCCTGTCTCTACTAAAAATAGAAAAACTAGCCAGGAGTAGTGGCAGGCACCTGTAATCCCAGCTATTTGGGAGGTGGGGGCAAGAGAATCACTTGAGCCCAGGAGTTTGGGGTTGCTCTGAGCTGTGATGATGCCATAGCACTCTACCGAGGGCGACAAAAAAAAAATCAAAAAAGA","GGCTGGGCACTGTGGCTCACACCTGTGATCTCAGCACTTTGGGAGGCCGAGGTGGGTGGATCACCTGAAGTCAGGAGCTTGAAACCAGCCTGGCCAACATGGTGAAACCCTGTCTCTACTAAAAATACAAAAATTAGCTGAGCATAGTGGCAGGGACTTGTAGTCCCAGCTACTTGGGAGGCTGAGGCAGGAGAATCGCTTGAACCTGGGAGGTGGAGGTTGCAGTGAGCTGAAATCATGCCATTGCACTCTAGCCTGGGTGAAAAAAAAAAAAAAAAAAAAAA"
"GL873657","1143343","1143429","chr2","71313374","71313475","31","70170031","ATCCCAGCTATTCAAGAGGCAGAGGCAGGAGGATTGCTTGAACCCTGGAGTCTGAGGGTGCTAGATACCATGGCACTCTAGCCTGGG","TCCCAGCTATTTGGGAGGCTGAGGCAGGAGAATTGCTTGAACCCGGGAGGTGGAGGTTGCAGTGAGCCGAAGATCGCGCCATTGCACTCCAGCGTGGGCCAC"
"GL873657","1288947","1289213","chr2","182666336","182666623","70","181377389","GGCCGGGCCTGGTGGCTCACATCTGTAATCCTAGCACTCTGGGAGGCTGAGGCGGGTGGATTGCCCTGAGTTCATAGGTTCCAGACCAGCCTGAGCAAGAGCAAGACACATCTAAAAATAGCCAGGCGTTGTGGCCGGTGCCTATAATCCCAGCTACTTAGGAGGCTGAGGCAAGAGAATCACTTGAGCTTGGAGGTTGCTGTGAGCTGTGACGCCATGGTATCTATCAACGGTGACAAAGTGAAACTCCTCAAAAAAAAAAAAAAA","GGCTGGGTGTGGTGGCTCACGTCTGTAATCCCAGCACTTTGGGAGGCCAAGGTGGGTGGATTACCTGAGATCAGGAGTTCGAGACCAGCCTGACCAACATGGTGAAACCCCATCAATACAAAATTAGCCGGGTGTGGTGGCGCATGCCTGTAATCCCAGCTACTCAGGAGGCTGATGCAGGAGAATCGCTTGAACCCGGGAGGCAGAGGTTGCAGTGAGCTGAGATCATGCCATTGCACTCCAGCCTAGGAAACAACAGTAAAACTCTGTCTCAAAAAAAAAAAAAAA"
"GL873663","2253127","2253407","chr13","71616880","71617167","82","69363753","GGCTGGGCGCAGTGGCTCACACCTGTAATCCTAGCGCTCTGGGAGGTTAAGGCAGTGGATCCCCTGAGCTCAGGAGTTCAAGATCAGCCTGAGTGAGAGTGAGACTCTGTCTCCAAAAACAAGCTGGGTGTTGTGGTGGGCACCTGTAGTCCCAGCTACTTGGGAGATTGAGGGAACAGGATCACTTGAACTGTGAGAGGTTGGTATATAAAACCAGCACATTGTACCCCATGATTGCATTAATGTACACAGCTATGATTTAATAAAAAAAAAAGAAAGAA","GCTGGGCAGAGTGGCTCAAGCCTGTAATCCCAGCACTTTGGGAAGCCGAGGCAGGTAGATCACCTGAGGTCTGGAGTTCGAGATCAGCCTGGCCAGCATGGTGAAACCCTGTCTCTAATAAAGCCGGGCGTGATGGTGGGCACCTGTAATCCCAGCTACTCGGGAGGCTGAGGCAGGAGAATCACTTGAACCTGGGAGGTGGAGGTTGCAGTGAGCCAAGATCGCGCCATTGCACTCCAGCCTGGGCAACAAGAGCGAAACTCCATCTCAGAAAAAAAAAAAAAAAAA"
"GL873665","3336490","3336738","chr18","58666033","58666285","60","55329543","GGCCAAGGTGAGAGGATCAGGTGAGGTCAGGAGTTCAAGACAAGCCTGAGCAAAAGTGAGACCCTATCTCTGCTAAAAAAACAAATTTAGCCAGTCATCGTGGTGGGCACCTATAGCCCCAGCTACTCAGGAGGCTGAGGCAGGAAGATTAATTAAATCCTAGAGTCTGAGGTTGTTGTGAGCTAAGCCAAGGACATGGCACTCTAGCCCGGGAAACAAAGTGAAACTCTGTGTCTAAGGAAAAAAAAA","GGCTGAGGCGGGTGGATCACCTGAGGTCAGGAGTTCGAGACCAGCCTGACCAACAGGGTGAAACCCTGTCTCTACTAAAAATACAAAAATTAGCCGGGTGTGGTGGCGCATGCCTGTAATCCCAGCTACTCAGGAGGCTGAGGCAGGAGAATTGCTTGAACCCAGGAGGCGGAGGTTGCAGTGAGCTGAGATCGTGCCATTGCACTCCAGCCTGGGCAACAAGAGCAAAACTCTGTCTCAAAAAAAAAAAAAA"
"GL873668","4815320","4815575","chr17","62810206","62810477","80","57994886","GGCCAGGCCTGGTGGATCATGCCTGTAATCCTAGCACTCTGGGAAGCCCAGGCAGGTGGATCATCTGAGCTCATGAGTTTGAGACTAGCTTGCGCTAGAGTGAGACCTTGTCTCTAAAAATAGCCATGGGCTGTGGCCAGTGCCGATATTCCCAGCTATTCAGGAGACTAAAGGAGAACTGCTTATACCTGAGGTTGCTGTGAGGTATGACGCCATGGCACTTTACCAAGGACTCTGTCTTAAAAAAAAAAAAAAA","GGCCAGGCATGGTGGCTCACGCTTGTAATCCCAGCACTTTGGGAGGCCGAGGCAGGGGGATCACCTGAGGTCAGGAGTTTTGAGACCAGCCTGGCCAACATGGTGAAACCCCATCTCAACTAGAAATACAAAAATTAGCCAGGTGTGCTGGCAGCCACCTGTAAACCCAGCTACTCAGGAAGCTGAGGCAGGAGAATTGCTTGAACCCAGGAGGCGGAGGTTGCACTCCAGCCTGGGCGACAAGAAACTCTGTCTCAAAAAAAAAAAAAAAA"
"GL873675","1978088","1978390","chr11","123628399","123628694","69","121650311","GGCTGGGTGTGGTGGCTCACACCTGTAATCCTTGCACTCTGGAAGGTCGAGGCAGGCGAATTCCCCAAGCTCAGGAGTTCAAGACCAGCCTGAGCAAGAGTGAGAACCGAGTGAGAACCGTCTGTACTAAAAATAGAAAAACTAGTCAGGCATTGTGGCAGGTACCTGTGGTCCCAGTTACTCAGGAGGCTGAGGCAAGAGGATTGCTCAAATCTGAGAGCTTGAGGTTGCCATGAGCTACGATGATGCCATAGCACTCTATTCAGGACAACAAGAGTGAGACTGTCTCAGGGGAAAAAAAAA","GGCCGGGTGCGGTGGCTCACACCTATAATCCCAGCACTTTGGGAGGCCGAGGCAGGTGGATCACCTGAGGTCAGGAGTTCAAGACCAGCCTGGCCAACATGATGAAACCCCATCTCTACTAAAAATACAAAAATTAGCCGGGCATGGTGGCAGGCACCTGTAGTCCCAGCTACTCAGGAGGCTGAGGCAGGAGAGTTGCTTGAACCTGGAAGGCGGAGGTTGCAGTGAGCTGAGATCATGCCATTGCACTCCAGCCTGGGCAACAAGAGTGAAACTCCATCTCAAAGAAAAAAAAA"
"GL873680","45296","45589","chr8","92043696","92043997","72","91998400","GGCTTGGTGTGGTGGCTCACACCTGTAATCCTAGCATTCTGGGAGGCTGAGGTGGATGGATTCCATGAGGTCAGGAGTTTGAGACCACCATGAGCAAAAGCGAGACCCTAGCTCTACTAAAAATAGAATTATCAGCTGGATATCATGGCAGCCACCTGCAATCCCAGCTGTTTGGGAGGATGAGGCAGGAGAAATCACCCAAGCACCCAAGTTGCTGTGAACTATGACACCATGGCACTCTAGCCTGGGGCAACAAGAGTGAGACTCTTGTTTCCAAAAAAAAGGAAAAGAAAA","GCCGGGTGCGGTGGCTCACACCTGTAATCCCAGCACTCTGGTAGGCTGAGGCGGATGGATCACCTGAGGTCAGAAGTTCGAGACCAGCCTGGCTAACATGGTGAAACCCCATCTCTACTAAAAATACAAAAAATTAGGTGGGCATGTTGACAGGCACCTGTAATCCCAGCTACCTGGGAGGCTGAGGCAGGAGAATCGCTTGAACCCAGGAGGCAGAGGTTGCAGTGAGCTGAGATCAAGCCATTGCACTCCAGCCTGGGCAACAAGAGTGAAACTCCGTCTCAAAAAAAAAAAAAAAAAAA"
"GL873688","217615","217880","chr1","218177259","218177532","79","217959644","GCTGGGCAGAGTAGCTCATGCCCATAATCCTAGCACTCTGGGAGGCTGAAGTAGGTAGATCATCCTGAGCTCAGGAGTTCAGGACCAGCCTGAAACAGGGTCTCTAAAAATAGCAGGGCATTGTGGAAGGTGCCTATAGTCCCAGCTACTAAGGAGGCAAGAGAATCACTTATACCCAAGAGTTTGAGGTTACTGTCAGCATGACACCATAGCACTTGACTGAGGGTGACAAAGTGAAACTCTGTCTCAAAAAACTTAAAGAAAAA","GGCTGGGCGTGGTGGCTCATGCCTATAATCCCAGCACTCTGTGAGGCCAAGGTGGGCAGATCACCCGAGGTCAGGAGTTCGAGACCAACTTGGCCAACATGGCAAAATTAGCTGGGCGTGGTGGTGGGCACCTGTAATCCCAGCTACTCAAGAGGCTGAGGCAGGAGAATTGCTTGAACCCGGGAGGCGGAGGTGTCAGTGAGCCAAGATCGCACCATTGCACTCCAGCCTGGGCGACAAGAGTGAGACTCCATCTCAAAAAAAAAAAAAAAAA"
"GL873697","3384640","3384915","chr2","182666336","182666623","73","179281696","GGCAGGGTGCAGTGGTTCACGCCTATAATCTTAGCACTATGGGAGGCCAGGGAGGGTGGATTACCTGAAATCAGGGGTTTGAGACCAGCCTGAGCAAGAGTTGAGACCCCTTCTCTAAAAATAACTGGGTGTTATGGCAGATGCCTGTAGTCCCAGCTACTCCAGAGGCCAAGGCAAGAGAAAATGGCTTGAGCTTGAGAGTCAGGTTGCTGTGAGCTGTGAGGCTATGGCACTCTAAGGAGGGTGACAAAGTGAAATGCTGTCTTAAAAAAAAAA","GGCTGGGTGTGGTGGCTCACGTCTGTAATCCCAGCACTTTGGGAGGCCAAGGTGGGTGGATTACCTGAGATCAGGAGTTCGAGACCAGCCTGACCAACATGGTGAAACCCCATCAATACAAAATTAGCCGGGTGTGGTGGCGCATGCCTGTAATCCCAGCTACTCAGGAGGCTGATGCAGGAGAATCGCTTGAACCCGGGAGGCAGAGGTTGCAGTGAGCTGAGATCATGCCATTGCACTCCAGCCTAGGAAACAACAGTAAAACTCTGTCTCAAAAAAAAAAAAAAA"
"GL873700","68907","69145","chr2","169593211","169593460","69","169524304","ACTCTTGGAGGCCAAGGCAGGTGGATTGCCTGAGTTCAGGAATTCAAGACCAGCCTGAGCAAGAGTGAAACCCTGTCTCTAAAAAAAATAGGTGGGTGTTTTGAAGGGTGCCTGTAAATCCCAGCTACTTGGGTGACTGAGGCAAGGGTATCATTTGAGCCCTGAGAGTTTGAGGTTGCTGTGATCTATTAAGCCATGGCACTCTACCAAGGTGACAAGGTGAAACTCTGTGTCAAAAA","ACTTTGGGAGGCCAAGGCGGGTAGATCACCTGAGGTCAGGAGTTCATGACCAGCCTGACCAATGTGGTGAAACCCCATCTCTACTAAAAATACAAAAAAATAGCCGGGCATGGTGGTGGGTGTCTGTAATTCCAGTTACTTGGGAGGCTGAGGCAGGAGAATCACTTGAGCCCAGGAGGCAGAGGTTGCAGTGAGCTGAGATTGTGCCATTGCACTCCACCCTGGACGACAAGAGCAAGACTCTGTCTCA"
"GL873714","2395772","2396065","chr12","49498791","49499085","77","47103019","GTTGAGTATGGTGGCTCACACCTCTAATCCCAGCACTCTGGGCATCCAAGACAGCTGGATCCCTTGAGTGCAGGAGTTCAAGAACAGCCTGAGCAAGAGTGAGACCCATGTCTCTACTAAAAATAGAAAATAGCTGTGCATGGTGGCAGATGCCTGTAGTCCTAGCCACTTGAGAGGCTGAGACAGGAGGATCACTTGAGGTTTCTGTGAGCCAGGCTGACTCCATGGCCCTCTAGCCTGGGGCAACACCATGTGAAACCCTCTCCCTCTCAAAACCAAACCAAAACAAAAAAA","GGCCAGGTGTGGTGGCTCACGCCTGTAATCCCAGCACTTTGGGAGGCCAAGATGGGTGGATCACCTGAGGCCAGGAGTTCAAGACCAGCCTGGCCAGCATGGTGAAACCCTGTCTCTACTAAAAATACAAAATTAGCTGGGTGTGGTGGCACGCACCTGTAATCCCAGCTACTCGGGAGGCTGAGGCAGGAGAATCACTGGGAGGCGGAGGTTTCAGTGAGCTGAAATCACACCATTGCACTCCAGCCTGGGTGACAAGAGTGAAACTCCATCTCAAAAAAAAAAAAAAAAAAAA"
