"chr1","23461758","23462082","chr1","22233954","22234245","45","1227804","GGCCAGGCACAGTGGCTCACGCCTGTAATCCCAGCACTTTGGGAGGCTGAGGTGGGTGGATCACCTGAGGTCAGGAGATCAAGACCATCCTGGCTAACATGGTGAAACCCCATCTCTACTAAAAATACAAAAAAATTAGCCAGGCATGGTGACACCCACCTGTACTCCCACCTACTCGGGAGGCTGAGGCAGGAGAATCGCTTGAACCCAGGAGGCCGAGGTTGCAGTGAGCCGAGATCATGCCGTTGCAGTGAGCCAAGATCGTACCACTGCACTCCAGCCTGGGCAACAGAGCGAGACTCCGTTTGAAAAAAAAAAAAAAAAA","GGCCAGGCACAGTGGCTCACGCCTGTAATCCCAGCACTTTGGGAGACTGAGGTGGGTGGATCACCTGAGGTCAGGAGATCAAGATCATCCTGGCTAACACGGTGAAACCCCATCTCTACTAAAAATACAAACAACTAGCCAGGCATGGTGACACCCACCTGTAGTCCCAGCTACTCGGGAGGCTGAGACAGGAGAATCGCTTGAACCCGGGAAGCGGAGGTTGCAGTGAGCCAAGATCGCACCACTGCACTCCAGCCTGGGCAACAGAGTGAGACTCCATCTAAAAAAAAAA"
"chr1","42204952","42205271","chr1","41239190","41239501","45","965762","GGCCGGGCGCAGTGGCTCACGCCTGTAATCCTAGCACTTTGGGAGACCAAGGAAGGCAGATCATGAGGTCAGGAGATTGAGACTATCCTGGCTACCATGGTGAAACCCTAAAATTACAAAAACTACTAAAAATACAAAAAATTAGCCGGGTGTGGTGGCACGCACTTGTGGTCTCAGCTACTCAGGAGGCTGAGGCAGGAGAATCGCTTGAACCCAGGAGGCAGAGGTTGCGGTGACCCGAGATCGCACCATTGCACTCCAGCCTGGGCCACAGAGTGACACTCCGTCTCAAAAAAAAAAAAAAGAAAAGAAAAGAAAAA","GGCTGGGCGCAGTGACTCACGCCTGTAATCCCAGCACTTCGGGAGACCAGGGAAGGCGGATCACGAGGTCAGGAGATCGAGACCATCCTGGCTAACACGGTGAAACCCTGTCTGTACTAAAAATACGAAAAATTAGCCGGGTGTGGTGGCATGCACCTGTGTTCCCAGCTCCTCAGGAGGCTGAGGCAGGAGAATCACTTGAACTCGGGAGGTGGAGGTTGCAGTGAGCCGAGATCACACCATTGCACTCCAGCCTGGGTGACAGAGAGTGACACTCTGTCTCAAAAAAAAAAAAAAAAAAAAAAAAAAAAA"
"chr1","71958280","71958584","chr1","71203688","71203989","35","754592","GGCTGGACGTGGTAACACATGCCTGTAATCCCAGCACTTTGGGAGGCCAAAGAGGGTGGATCACGAGGTCAGGAGATCGAGACCATCCTGGCTAACATGGTGAAACCCCATTTCTACTAAAAATACAAAAAATTAGCCAGGCGTAGTGGCACATGCCTGTACTCCCAGCTACTTGGGAGGCTGAGGCAAGAGAATCATTTGAACCCAGGAGGTGGAGGTTGCAGTGAACCAAGATTGCACCACTGCACTCCAGCCTGGGTGACAGAGCGAGGCTCTGTCTCAAAAAATAAACAAACAAACAAAAA","CGGGTGTGGTAGCACATGCCTGTAATCCCAACACTTTGGGAGGTCAAAGAGGGTGGATCATAAGGTCAGGAGATTGAGACCATCCTGGCTAACATGGTGAAACCCCATCTATACCAAAAATACAAAAAATTAGCCAGGCATTGTGGCACATGCCTGTGTTCCCAGCTCCTCAGGAAGCTGAGGCAAGAGAATTGTTTGAACCTGGGAGGTGGAAGTTGCAGTGAACTGAGATTGCACAACTGAACTTCAGCCTGGGTGACAGAGTGAGACTCTATCTCAAAAAATAAACAAACAAACAAAAA"
"chr1","793990","794313","chr3","34851335","34851651","42","34057345","GGCCGGGTGCAGTGGCTCACGCCTGTAATCCCAACACTTTGGGAGGCTGAGGTGGGCAGATCATGAGGTCAGGAGATCGAGACCATCCTGACTAACATGGTGAAACCCCATCTCTACTAAAAATACAAAAAATTAGCCGGGCCTGGTGGCAGACATCTGTAGCCCCAGCTACTCAGGAGGCTGAGGCAGGAGAATCACTTGAACCCAGGAGGTGGAGGTTGCAGTGAGCTGAGATTGCACTACTGCACTCCAGCCTGGGTGACAGAGTGAGACTCCATCCACCTCCCCACCCCCAACAAAAGAAAAAAAAAGAAGAAAAGAAAA","GCCAGGCGCAGTGGCTCGCGCCTGTAATCCCAGCACTTTGGGAGGCCAAGGTGGGCGGATCACAAGGTCAGGAGATCGAGACCATCCTGGCTAACATGGTGAAACCCCGTCTCTACTAAAAATACAAAAAATTAGCCGGCGTGGTGGCAGCGCCTGTAGTCCCAGCTACTCGGGAGGCTGAGGCAGGAGAATCACTTGAACCTGGGAGGCAGAGCTTGCAGTGAGCCAAGATCGTGCCACTGCACTCCAGCCTGGGCGACAGAGTGAGACTCCATCCCCCCGCCCCCCCAAAAAAACAAAACAAAACAAAAAAAAGA"
"chr1","1171412","1171721","chrX","872740","873049","34","298672","GGCTGGGCGAGGTGGCTCACGCCTGTAGTCCCAGCACCTTGGGAGGCCGAGGCGGGCGGATCATGAGGTCAGGAGATAGAGACCATCCTGGCTAACACGGTGAAACCCCGTCTCTACTAAAATTAAAAAAAAATTAGCCGGGTGTGGTGGCGCGCGCCTATAGTCCCAACTACTCAGGAGGCTGAGGCAGAATAATCACTTGAACTTGGGAGGCAGAGGTTGCAGTGAGCCAGGATCACGCCACTGCACTCCAGCCTGGGCGACAGAGCAAGATTCTGTCTCAAAAAAAAAACAAAAAAAACAAAAAAAA","GGCCGGGCGCGGTGGCTCACGCCTGTAATCCCAGCACTTTGGGAGGCCGAGGCAGGCGGATCACGAGGTCAGGAGATGGAGACCATCCTGGCTAACACGGTGAAACCCCGTCTCTACTAAAAATACAAAAATTAGCCGGGCGTGGTGGCGGGCGCCTGTAGTCCCAGCTACTCAGGAGGCCGAGGCAGGAGAATCGCTTGAACCCAGGAGGCGGAGGTTGCAGTGAGCCGAGATCACCCCATTGCACTCCAGCCTGGGCGACAGAGCAAGACTCCGTCTCAAAAAAAAAAAGAAAAGAAAAGAAAAGAAA"
"chr1","1293369","1293676","chr4","71292858","71293156","36","69999489","GGCTGGGTGCAGTGGCTCACTGACGCCTGTAATCCCAACACTGTGGGAGGCCAAGGTGGGTAGATCACGAGGTCAGGAGATCGAGACCATCCTGGCCAATGCGGTGAAACCCCCGTCTCTACTTAAAATACAAAAATTAGCCGGGCGTGGTGGCACATGCCTGTAGTCTCAGCTACTCAGGAGGCTGAGGCAGGAGAATCGCTTGAACCCAGAAGGCAGAGCTTGCAGTGAGACGAGATTGTGCCACTGCACTCCAGCCTGGGCAACAGAGGGAGACTCCGTCTCAAAAAAAAAAAAAAAAAAAAAAA","GGCTGGGCGCAATGGCTCACGCCTGTAGTCCCAGCACTTTGGGAGGCGGAGGTGAGAGATCACGAGGTCAGGAGATTGAGACCATCCTGGCTAACACGGTGAAACCCCGTCTCTACTAAAAATACAAAAAATTAGCCGGGCGTGGTGGCACATGCCTGTAGTCCCAGCTACTCAGGAGGCTGAGGCAGGAGAATTGCTTGAACCGGGAGGAGGAGGTTGCAGTGAGTCGAGATGGTGCCACTGCACTCCAGCCTGGTGACAGAGCGAGACTCCGTCTCAAAAAAAAAAAAAAAAAAAAA"
"chr1","1316556","1316862","chrX","872740","873049","38","443816","GGCCAGGCATGGTGGCTCACGCCTGTAATCCCAACACTTTGGAAGGCTGAGGCAGACAGATCACGAGGTCAGGATATTGAGACCATCCTGGCTAACAGGTGAAACCCCGTCTCTATTAAAAATACGAAAAATTAGCTGGGCATGGTGGCCGGCACCTGTAGTCCCAGCTACTCAGGAGGCCGAGGCTGGAGAATCGCTTGAACTTGGGAGGCGGAGGCTGCAGTGAGCCGAGTTCACGCCACTGCACTGCAGCCTGGGCAACAGAGTGAGATTCTGTCTCAAAAAAAAAAAAAAAAGTGTAGAAAAA","GGCCGGGCGCGGTGGCTCACGCCTGTAATCCCAGCACTTTGGGAGGCCGAGGCAGGCGGATCACGAGGTCAGGAGATGGAGACCATCCTGGCTAACACGGTGAAACCCCGTCTCTACTAAAAATACAAAAATTAGCCGGGCGTGGTGGCGGGCGCCTGTAGTCCCAGCTACTCAGGAGGCCGAGGCAGGAGAATCGCTTGAACCCAGGAGGCGGAGGTTGCAGTGAGCCGAGATCACCCCATTGCACTCCAGCCTGGGCGACAGAGCAAGACTCCGTCTCAAAAAAAAAAAGAAAAGAAAAGAAAAGAAA"
"chr1","1357952","1358252","chrX","29961696","29962000","43","28603744","CCCGGCGTGGCAGCTCACCACGCCTGTAATCCCAGCACTTTGGGAGGCCGAGGCGGGCAGATCACGAGGTCAGGAGATCATCCTGGTTAACATGGTGAAACCCCGTCTCTACTAAAAATACAAAAAATTAGCCGGGCGCGGTGGTGGATGCCTGTAATCCCAGCTACACAGGAGGCTGAGGCAGGAGAATTGCTTGAACCCAGGAGAGACGGAGGTTGCAGTGAGCTGACACAGTGCCACTGCACTCCAGCCTCGGCCACGAATGAGACTCTGTCTCAAAAAAAAAAAACAAAAAAAACAA","GGCTGGTGGGCGGTGGCTCACGCCTATAATCCCAGCACTTTGGGAGGCTGAGGCGGGCAGATTACGAGGTCAGGAGATCGAGACCATCCTGGCTAACATGGTGAAACCCCGTCTCTACTAAATATACAAAAAATTAGCCTGGCGTGGTGGCGGGTGCCTGTAACCCCAGCTACTCAGGAGGCTGAGGTAGGAGAATTGCTTGAACCCAGGAGGTGGAGGTTGCAGTGAGCTGAGATCATGCCACTGCACTCCAACCTGGGCGACAGAGCGAGACTCCGTCTCAAAAAAAAAAAAAAAAAAAAAAA"
"chr1","1363598","1363760","chr7","129362850","129363013","35","127999252","TGGCACGTGGGTGTAGTCCCAGCTACTCAGGAGGCAGAGGTAGAGAATCACTTGAACCCGGGAGGCAGAGGTTGCAGTGAGCCAAGATCCTGCCATTGCACTCCAACCTTGGGACAGAGCGAGGCTCCTTCTCAAAAAAAAAAAAAGGAAAGAAAAAACAGAA","TTAGCTGGGCATAGTGTAGTCCCAGCTACTCAGGAGACTGAGGCAGGAGAATCGCTTGAACCTGGGAGGCAGAGGTTGCAGTGAGTTGAGATCGTGCCACTGCACTCCAGCCTGGGCAACAGAGTAAGACTCGTCTCAAAAAAAAAAAAAAAAAAAAGAAGAAA"
"chr1","1383459","1383618","chr11","54926961","54927123","37","53543502","GGGCCAGGTGGCACATGCCGGTGGTCCCAGCTTCTTGGCTTGGAGGCTAAGGTAGGAGGATCGCCTGAGCATGGGAGGCAGAGGTTGCAGTGAGCCAAGATCGCACCATTGCACTCCAGCCTGGGTGATAGAGTGAGACTGTATCTCTAAATAACCAAAA","TAGCCGGGCATGGTGGCACGCATCTGTAGTCCCAGCTAGTCTGGAGGCTGAGGCAGGAGAATCGCTTGAACCTGGGAGGCAGAGGTTGCAGTGAGCCAAGATCACACCACTGCACTCCAGCCTGGGCGATAGAGCAAGACTCTGTCTCAGAAAAAAAAAAAAA"
"chr1","1399473","1399767","chr12","64458271","64458570","56","63058798","GGCCAGGCGGTGGTGGCTCAGGCCTGTAATCCCAGCATTTTCGGAGGCAGAGGTGGGCGGATCACGAGGTCCGGAGATCGAGATCATCCTGGTAAGAGTGAAACCCTGTCTCTACTAAAAAAAAGAAAAAAAAAGAAAAAAATTAGCTGGGTGTGGTGACATGTGCCTGTAATCTCAGGAGGCTGAGGCAGGAGAATCACTTGAACCCGGGTGGTGGAGGTTGCAATGAGTCGAGATCCCACCACTGCACCCCAGCCTGGGGAGAGAGCAGGACTCCGTTTCAAAAAAAAACAAA","GGCCAGGCACAGGGGCTCACGCCTGTAATCCCAGCACTTTGGGAGGGCGAGGTGGGCAGATCACAAGGTCAGGAGATGGAGACCATCCTGGCTAACATAGTGAAACCCCGTCTCTATTAAAAATTAAAAAAAAAAAAAAATCAGCTGGGTGTGGTGGCGCATGCCTGTAGTCCCAGATACTCAGGAGGCTGAGGCAGGAGAATCGCTTGAACCCGGGAGGCGGAGGTTGCAGTGAGCCGAGATCACACCATTGCACTCCAGCCTAGGTGACAGAACAAGACTCCGTCTCAGAAAAAAAAA"
"chr1","1426482","1426645","chr15","6911024","6911192","32","5484542","GGGCCAGGTGGCACATGCCGGTGGTCCCAGCTTCTTGGCTTGGAGGCTGAGGTAGGAGGATCGCCTGAGCATGGGAGGCAGAGGTTGCAGTGAGCTGAGATCGCACCATTGCACTCCAGCCTGGGTGACAGAGTGAGACCCTCTCAATAAATAAATAACCAAAA","GCTGGGCGTGGTGGCACATGCCTGTAGTCCCAGCTACTCAGGAGGCTGAGGCAGGAGAATCGCTTGAACCCGGGAGGCAGAAGTTGCAGTGAGCTGAGATGGCACCACTGCACTCCAGCCTGGGTGACAGAGTGAGACTCCGTCTCAAAACAAAACAAAACCAAAAAAA"
"chr1","1461050","1461315","chr5","188993981","188994246","43","187532931","GGCCGGGCGCAGTGGCTTAGGCCTGTAATCCCGGCACTTTGGGAGGCCGAGGTGGGCGGATCACGAGGTCAGGAGACCGAGACCATCCTGGCTAACACGGTGAAACCCCGTCGCTACTAAAAATACAAAAATTAGACGGACATAGTGGCACATGCCTGCAATCCCAGCTAATTGGGAGGCTGAGGTTGCAGTGAGCCAAGATCATGCCACTGCACTCCAGCCTGGTCAACAGAGCAAGACTGTCTCAAAAAGAAAAAGACAAGAAA","GGCCGGGCACGGTGGCTCATGCCTGTAATCCCAGCACTTTGGGAGGTCGAGGTGGGCAGATCACAAGGTCAGATCGAGACCATCCTGGCCAACATGGTGAAACCCCGTCTGTACTAAAAATACAAAAAATTAACCGGGCGTGGTGGCACGTGCCTGTAGTCCCAGCTACTTGGGAGGCAGAGGTTGCAGTGAGCCAAGATCACACCACAGCACTCCAGCCTGGGTGACAGAGAGACTCCCTCTCAAAAAAAAAAAAAAAAGAAGAA"
"chr1","1472649","1472946","chr9","29839402","29839695","38","28366753","GGCCAGGCATGGTGGTTCACGCCTATAATCCCAGCACTGTGGGAGGCCAAGGCGGGTGGATCACAAGGTCAGGAGATGGAGACCATCCTGGCTAACACGGTGAAACTCCATCTCTATTAAAAATACAAAGAATTAGCCAGGCGTGGTGGCGGCGTGCCTGTAGTCCCAGCTACTTGCAGGGGCTGAGGCAGGAGAATCGCTTGAACCCAGGAAGTGGAGCTTGCAGTGAGCCACAACCACGCCATTGCACTCCAGCCTGGGCAAAAAGAGCAAAACTCTGTCTCAAAAAAAAAAAAAA","GGCCAGGTGTGGTGACTCACGCCTGTAATCCCAGCACTTTGGGAGGCTGAGGCGGGTGGATCACGAGGTCAGGAGATGGAGACTATCCTGGCTAACATGGTGAAACCCCATCTCTACTAAAAATACAAAAATTAGCTGGGCGTGGTGGCACATCCCTGTAGTTCCAGCTACTTGGGAGACTGCGGCAAGGGAATCGCTTGAACCCAGGAAGTGGAGGTTGCAGTGAGCCAAGATCGCACCACTGCACTCCAGCCTGGGCAACAGAGCAAGACTCTGTCTCAAAAAAAAAAAAAA"
"chr1","1489531","1489859","chr1","18283228","18283557","44","16793697","GCCGGGCGCAGTGGCTCACGCCTGTAATCCCAGCACTTTGGGAGGCCGAGCGGGCGGATCACGAGGTCATAAGATCGAGACCATCCTGGCTAACATGATGAAACTCCGTCTCTACTAAAAATACAAAAAAAAAAAAAAAAAGAAAGAAAATTAGCCGTGCGTGGTGGCCGGTGCCTGTAGTCCCAGCTACTCGGGAGGCTGAGGCAGGAGAATCACTTGAACTTGAGAGGCACAAGTTGCAGTGAGCCGAGATCGCGCTACTGCACTCCAGTTTGGGCGACAGAGCAAGACTCTGTCTCAAAAAAAAAAAAAAAAAAAAAAGAAAAGAA","GCCAGGTGTGGTGGCTCACGCCTGTAATCCCAGAACTTTGGGAGGCCGAGGTGGGTGGATCACAAGGTCAGGAGATCGAGACCATCCTGCCTAACACGGTGAAACCCCGTCTCTACTAAAAATACAAAAAAAAAAAAAAAAAAAAAAAAAATTAGCCGGACGTGGTGGCGGGCGCCTGTAGTCCCAGCTACTTGGGAGGCTGAAGCAAGAGAATTACTTGAACGTGGGAGTAGGTGGAGGTTGCAGTGAGCCGAGATCGTGCAACGGCAGTCCAGCCTGGGCGACAGAGCGAGACTCCGTCTCAAAAAAAAAAAAAAAAAAAAAAAAAAA"
"chr1","1498377","1498674","chr1","638759","639044","34","859618","GGCTGGGCGTGGTGGCTCACGCCTATAATCCCAGCACTTTGGGAGGCCGAGGCGCCCGGATCACGATCAGGAGACCATCCTGGCTAACACAGTGAAACCCTATGGCTACTAAAAACACAAAAATTAGCCGGGTGTAGTGGTGGCACGTGCCTGTGATCCCAGCTACTCAGGAGGCTGAAAATCACTTGAACCTGGGAGTCGGAGGTTGCAGTGAGCCAAGATCGCGCCACTGTACTCCAGCCTGGGTGACAGAGCGAGACTTCATCTCAAAACAACAACAACAACAAAAAACAGACAA","GGCTGGGTGCAGTGGCTCATGCCTATAATCCCAGCACCTGGAGGCCGAGGCAGGCGGATCACGATCAGGAGACCATCCTGGCTAACACAGTGAAACCCTATGTCTACTAAAAATACAAAAAGTAGCCGGGTGTGGTGGTGGCATGTGCCTGTGATCCCAGCTACTCAGGAGGCTGAAAATCGCTTGAACCTGGGAGACGGAAGTTGCAGTGAGCCAAGATCGCGCCAGTGCACTCCAGCCTGGGTGACAGAGTGAGACTCTGTCTCAAAACAACAACAACCAAAAA"
"chr1","1507026","1507322","chr7","61336293","61336589","36","59829267","GGCCAGGCGTGGTAGCTCACGCCTGTAATCCCAGCACTTTGGGAGGCCGAGGCGGGCGGATCACGAGGTCAGGAGATAGAGACCATCCTGGCTAAAATGGCGAAACCCCGTCTCTACTAAAAGTACAAAAAATTAGCCGAGTGTGGTGGCAGGTGCCTGTAATCCCAGCTACTCGGGAGGCTGAGACAGAAGAATCCCTTGAACCTGGGAGGCGAAGGTTGCAGTGAGCTGAGATGACACCATTGCACTCCAGCCTGGGCGGCAGAGCGAGACCCCGTCTCCAAAAAAAAATAAAAA","GGCCAGGCGCGGTGGTCCACGCCTGTAATCCCAACACTTTGGGAGGCCAAGGCAGGCGGATCACGAGGTCAGGAGATCCAGACCAGTCTGGCTAACACGGTGAAACCCCATCTCTCCTAAAAATAGAAAAAATTAGCCGGGCATGGTGGCAAGTGCCTGTAGTCCCAGCTACTCGGGAGGCTGAGGCAGGAGAATCGCTTGAACCTGGGAGGCAGAGGTTGCAGTGAGCCGAGATCGCACCACTGCACTCCAGCCTGGGCGACAGAGCGAGACTCCGTCTCAAAAAAAAAAAAAAAA"
"chr1","1561874","1562171","chr20","30937004","30937299","43","29375130","GGCCGGCCGCGGTGGCTCACGCCTGTAATCGCAGCACTTTGGGAGGCTGAGGTGGGTGGATCACAAGGCCAAGAGATCAAGAGACTATCCTGGCTAACACAGTGAAACCCTGTCTCTACTAAAAATATAAAAAAATAGCTGAACATGGTGGCGGGTGCCTGTAATCCCTGCTACTCCGGAGGCTGAGGCAGGAGGATCACTTGAACCCGGGGGGCAGAGGGTGCAGCGAGGCGAGATCGCGCCCCCGCACTCCAGCCTGGGGGACAAGAGCAAAACTCTGCCTCCAAAAAAAAAAAAA","GCCAGGCACGGTGGCTCACGCCTGTAATCCCAGCACCTTGGGAGGCTGAGGCGGGTGGCTCACAAGGTCAGGAGATCGAGACCATCCTGGCTAACACAGTGAAACCCCGTCTCTACTAAAAATACAAAAAATTAGCCGGGCGTGGTGGCGGGTGCCTGTAGTCCTAGCTACTCAGGAGGCTGAGGCAGGAGAATTGCTTGAACCTGGGAGGCAGAGGTTGCAGTGAGCCGAGATCGCACCACTGTACTCCAGCCTGGGTGACAGAGCAAGACTCTGTCTCAAAAAAAAAAAAAAAA"
"chr1","1606559","1606846","chr1","756384","756669","35","850175","GGCCGGGCACGCTGGCTCACACCTGCCATCCCAGCGCTTTGGGAGGCTGAGGTGGGCGGATCACAAGGTCAGGACATCGAGATCGTCCTGGCCAACACAGTCAAACCCCGTTTCTACCACAAAAAATTAGCCGGGCATGATGGCACGTGCCTGTAATCCCAGCTACTCAGGAGGCTGAGCCAGGAGAATTGCTTGAACCCAGGAGGCGGAGGCTGCAGTGAGCGGAGATCGCGCCATTGCACTCCAGCCTGGGCGGCAGAGCGAAACTCTGTCCCAGAAAAAAATAAA","GGCCGGGCGCGGTGGCTCACTCCTGTAATCCCAGCACTTTGGGAGGCTGAGGTGGTGGATCACAAGGTCAGGACATCGAGACCATTCTGGCCAACACAGTGAAACCCCATCTCTACTACAAAAAAATTAGCCAGGTGTGATGGTGCGCACCTGTAGTCCCAGCTACTCAGTGAAGCTGAGCCAGGAGAATCACTTGAACCCAGGAGGCGGAGGCTGCAGTGAGCGGAGATCGCGCCATTGCACTCCAGCCTGGGCGACAGAGCGAGACTCCGTCTCAAAAAAAAAA"
"chr1","1607126","1607423","chr15","28092029","28092327","37","26484903","GGTCGGGCGCGGTGGCTCAAGCCTGTAATCCCAGCACTTTGGGAGGCCGAGGTGGGCGCATCACGAGGTCAGGAGATTGAGACCATCCTGGCTAACACAGTGAAACCCCGTCTCTACCAAAAATACAAAAAAATTAGCTGGACGTGGTGGTGGGTGCCAGTAGTCCCAACTACACAGGAGGCTGAGGCACGAGGATCGCTTGAACCTGGGAGACGGAGGCTTTAGTGAGCTGAGATTGCACCACTGCACTCCAACCTGGCTGACAGAGCGAGACTGTCTCAAAAAAAAAACAAACAAA","GGCCGGGCGCGGTGGCTCACGCCTGTAATCCCAGCACTTTGGGAGGCCGAGGCGGGCAGATCACGAGGTCAGGAGATCGAGACCATCCTGGCTAACACGGTGAAACCCCGTCTCTACCAAAAATACAAAAACATCAGCTGGGCGTGGTGGTGCATGCCTGTAATCCTAGCTACTCGGGAGGCTGAGGCAGGAGAACTGCTTGAACCCGGGAGGCAGAGGTTGTAGTGAGCTGAGATGGCACCACTGCACTCCAGCCTGGGTGACAGGGCAAGACTCCGTCTCCAAAAAAAAAAAAAAAA"
"chr1","1612959","1613268","chrX","130126302","130126612","35","128513343","GGCTGGGTGCGTTGGCTCGCGCCTGTAATCCCAGCACTTTGGGTGGCCGAGGCGGGCGGATCACGAGGTCAGAGATCGAGACCATCCTGGCTAACACGATGAAACCCCGTCTCTACAAAAAATACGAAAAAAAATTAGCCGGGCGTGGTGGCACGTGCCTGTAATCCCAGCTACTTGGGAGGCTGAGGCAGGAGAATCGCTTGAACTCAGGAGGCAGAGCTTGCAGTTAGCCAAGATTGGGCCACTGCACTCCAGCCTGGCGACAGAGTGAGACTCCGTCAAAAAAAAAAAAAAAAAAGGAAGAAAGAAA","GGCCGGGCGCGGTGTCTCACGCCTGTAATCCCAGCACTTTGGGAGGCCAAGGCGGGTGGATCATGAGGTCAGGAGATTGAGACCATCCTGGCTAACACGGTGAAACCCCGTCTCTACTAAAAATACAAAAAATTATCCGGGTGTGGTGGCACGTGCCTGTAGTCCCAGCTACTCGGGAGGCTGAGGCAGGAGAATCGCTTGAACCCAGGAGGCGGAGGTTGCAGTGAGCCAAGATTGCGCCACTGCACCCCAGCCTGGGTGACAGAGTGAGACTCTATCTCAAAAAAAAAAAAAAAAAGAAAAGAAAAAAA"
"chr1","1645610","1645920","chr6","86782969","86783279","29","85137359","GGCCAGGTGCAGTGGCTCACACCTGTAACCCCAGCACTTTGGGAGGCTGATGTGGGTGGATCACAAGGTCAGGAGATCGAGACCATCCTGGCAAACATGGTGAAACCCTGTCTCTACTAAAAATACAAAAAATTAGCTGGGCATGGTAGCAGGCGCCTGTAATCCCAGCTACTTAGGAGGCTGAGGCAGGAGAATCGCTTGAACCTGGGAGGTGGAGGTTGCAGTGAGCTGAGATCGCACCATTGCACTCCAGCCTGGGCAAAAAAGAGCGAAACTCCGTCTCAAAAAAAAAAAAAAAAAAAAAAAAAAAA","GGCCGGGCAAGGTGGCTCACACCTGTAATCCCAGCACTTTGGGAGGCCGAGGCAGGTGGATCATGAGGTCAAGAGATCAAGACCATCCTGGCCAACATGGTGAAACTCCGTCTCTACTAAAAATACAAAAAATTAGCTGGGCATGGTGGCAGGCGCCTGTAATCCCAGCTACTAAGGAGACTGAGGCAGGAGAATTGCTTGAACCTGGGAGACGGAGATTGCAGTGAGCCGAGATCGCGCCATTGCACTCCAGCCTGGGCAAAAAGAGCGAAACTCTGTCTCAAAAAAAAAAAAAGAAAAAAAAAAAAGAA"
"chr1","1728654","1728931","chr1","220479140","220479419","37","218750486","GTGGCTTATGCCTGTAATCCCAGCACTTTGAGAGGCCGAGGAGGGCGGATCACAAGGTCAGGAGATCGAGACCATCCTGGCTAACACGGTGAAACCCCATCTCTACTAAAAATACAAAACATTGGCCGGGCATGGTGGCGGGCACCTGTAGTCCCAGCTACTCAGGAGGCTGAGGCAGGAGAATCGCTTGAACCCGGGAAGCAGAGGTCGCAGTGAGCCAAGATTGTGCCACCGCACTCCAACCTGGGCAACAGAGTGAGACTCCATCTCAAAAAGAA","CACGGTGGCTCATGCCTGTAATCCCAGCACTTTGGGAGGCCAAGGTGGGCGGATCACGAGGTCAGGAGATCGAGATCATCCTGGCTAACATGGTGAAACCCTGTCTCTACTAAAACTACAAAAAATTAGCCGGGCGTGGTGGCACACGCCTGTAGTCCCAGCTACTTGGGAGGCTGAGGCAGGAGAATCACTTGAACCCGGGAGGTGGAGGTTGCAGTGAGCCAAGATCGTGCACTGCACTCCAGCCTGGGCAACAGAGAGACTCCATTTCAAAAAAAAA"
"chr1","1781433","1781728","chr6","173896362","173896661","46","172114929","GGCCAAGTGCGGTGGCTCATGCCTGTAATCTCAGCACTTTGTGAGGCCCAGGTGGACGGATGACAAGGTAAGGAGATCGAGACGATCCTGGCTAACATGGTGAAACCCCGTCTCTAGTAAAAGTATAAAAAATTAGCCGGACTTGGTGGTGGGTGCCTGTAGTCCCAGCTACTCGGGGAGGCTGAGGCATGAGAATTGCTTGCCCTGGGAGCCAGAGGTTGCAGTGAGCCGACATGGGGGCATTACACCCCACCCTGGAGACAGAGGGAGACTCTGCCTCAAAAAAAAAAAAAAAA","GGCCAGGCGCGGTGGCTCACGCCTGTAATCCCAGCACTTTGGGAGGCCGAGGTGGGCAGATCACGAGGTCAAGAGATCAAGACCATCCTGGCTAACATGGTGAAACCCCATCTCTACTAAAAATATAAAAAATTAGCTGGGCGTGGTGGCATGTGCCTGTAGTCCCAGCTACTCGGGAGGCTGAGGCAGGAGAATCGCTTGAACTTGGGAGGCAGAGGTTGCAGTGAGCCGAGATTGGGACACTGCACTACAGCCTGGGCAACAGAGTGAGACTCTGTCTCAAAAAAAAAAAAAAAAAAA"
"chr1","1801965","1802266","chr8","8325984","8326278","36","6524019","GGTCGGGCACAGTGTCTCACACCTGTAATCCCAACACCTGAGGAGGCCGAGGTGGGCAGATCACGAGGTCAGGAGATCGAGACCATCCTGGCTAACGCAGTGAAACACCATCGCTACTAAAAATACAAAAAATTAGCCAGGTGTGGTGGTGGGTGCCTGTAGTCCCAGCTACTTGGGAGGCTGAGGCAGGAGAATCATTGAACCCGGGAGGCGGAGGTTGCAGTGAGCTGAGATCATGCCACTGCTCTCCAGCCTGGGCAACAGAGCGAGATCCTGTCTCAAAAAAAAAAGAAAAAAAGAAA","GGCCAGGCACCGTGGCTCACACCTGTAATCCCAGCACTTTGGGAGGCCCAGGTGGGCAGATCACGAGGTCAGGAGATCGAGACCATCCTGGCTAACATGGTGAAACCCCATCTCTACTAAAAATACAAAAATTAGCCGGGCGTGGTGGCGGACGCCTGTAGTCCCAGCTACTTGGGTGGCTGAGGCAGGAGAATCACTTGAACCTGGGAGGCGGAGGTTGCAGTGAGCCGAGATCGCACCGCTGCACTCCAGCCTGGGCAACAGAGCGAGACTGTCCAAAAAAAAAAAAAAAAAA"
"chr1","1867794","1868093","chr11","108584077","108584374","27","106716283","GGCCGGGTGCGGTGGCTCACGCCTGTAATCCCAGCACTTTGGGAGGCCGAGGCGGGCGGATCACGAGGTCAGGAGATTGAGACCATCCTGGCTAACACGGTGAAACCCCGTCTCTACTAAAAATACAAAAAATTAGCCAGGCGTGGTGCAGGCGCCTGGAGTCCCAGCTCCTCGGGAGGTTGAAGCAGGAGAGTTGCTTGAACTGGGGAGGTGGAGGTTGCAGTGAGCTGAGATCGTGCCACTGCACTCCAGCCTGGGCGACAGAGCGAGACTCCATCTCAAAAAAAAGAAAAAAGAAAA","GGCCGGGTGCAGTGGCTCACGCCTGTAATCCCAGCACTTTGGGAGGCCAAGGCGGGCGGATCACGAGATCAGGAGATGGAGACCATCCTGGCTAACACGGTGAAACCCCGTCTCTACTAAAAATACAAAAAATTAGCTGGGCATGGTGGCACGCGCCTGTAGTCCCAGCTACTCGGGAGGCTGAGGCAGGAGAATCGCTTGAACATGGGAGGCGGAGGTTGCAGTGAGCCGAGATCGTACCACTGCACTCCAGCCTGGGCGACAGAGCAAGACTCCGTCTCAAAAAAAAACAAACAAA"
"chr1","1926915","1927209","chrX","82518065","82518358","31","80591150","GGCCGGGCACCATGGCTCACGCCTGTAATCCCAGCACTTTGGGAGGCTGAGGCGGGTGGATCACGAGGTCAGGAGATCGAGACCATCCTGGCTAACATGGTGAAACTCCGTCTCTACTAAAAATACAAAACATTAGCCAGGCGTGATGACACATGCCTGTAGTCCCAGCTACTTGGGAGGGTGAGGCAGAAGAATTGCTTGAACCCGGGAGGCGGAGGTTGCATTGAGCTGAGATCGCGTCACTGCACTCCAGCCTGGGCGACAGAGCGAGACTCCAACTAAAAAAAAAAAAAAA","GGCCGGGCACTGTGGCTCACGCCTGTAATCCCAGCACTTTGGGAGGCCGAGGCGGGCAGATCATGAGGTCAGGAGATCAAGACCATCCTGGCTAACACGGTGAAACTCCGTCTCTACTAAAAATACAAAAAATTAGCCAGGCATGATCACACATGCCTGTAGTCCCAGCTATTAGGGAGGCTGAGGCAGGAGAATCACTTGAACCCCGGAGACGGAGCTTGCAGTGAGCCGAGATCGTGCCACTGCACTCCAGCCTGGGCAACAGAGCAAGACTCTGTCTCAAAAAAAAAAAAA"
"chr1","2038410","2038717","chr2","149644045","149644340","44","147605635","GGCCGGGCGTGGTGGCTCACACCTGTAATCCCAGCACTTTGAGAGGCCAAGGCGGGCGGATCACGAGGTCAGGAGATCGAGACCATCCTGGCTAACACGGTGAAATAACACAGTGAAACCCTGTCTCTACTAAAAATACAAAAAAATTATCCAGGTGTGGGGGGGGGCCCCTGTAGTCCCAGCTCCTCGGGGGGCTAAGCCAGGGAAATACTTGAACCCGGGAGGCAGAGGCTGCAGTGAGCTGAGATCCCACCACTGCATTCCAGCCTGGGCGACAGAGCGAAACTCTGTCTCAAAAAAAAAAAAAA","GGCTGGGCGCGGTGGCTCACGCCTGTAATCCCAGCACTTTGGGAGGCCAAGGCGGGCGGATCACGAGGTCAGGAGATCGAGACCATCCTGGCTAACACGGTGAAACCCCATCTCTACTAAAAATACAGAAAATTATCCAGGCGTGGTGGCGGGTGCCTGTAGTCCCAGCTTCTCGGGAGGCTGAGGCAGGAAAATCGCTTGAACCCGGGAGACGGAGGTTGCAGTGAGCTGAGATCGCGCCACTGCACTCCAGCCTGGGTGACAGAGCGCGACTCCGTCTTTAAAAAAAAAAAAAA"
"chr1","2091881","2092190","chr1","165996033","165996341","33","163904152","GGCCGGGCACAGTGGCTCACGCCTTTAATCCCAGTGCTTTGGGAGGCCGAGCTGGGTGGATCACAAGGTCAGGAGATCAAGACCATCCTGGCTAACACAGTGAAACCCTGTCTCTACTAAAAATACAAAAAATTAGCCGGGCGTGGTGGTGGGCGCCTATCATCCCAGCTACTCGGGAAGCTAAGGCAGGAGAATCGCTTGAACCCAGGAGGTGGAGGTTGTAGTGAGCCGAGATCGCGCCACTGCACTCCAGCCTGGGTGACAGAGCGAGACTCGGTCTCAAAAAAAAAAAAAAAAAAAAAAAAGCAAA","GCCAGGCACAGTGGCTCACGCCTGTAATCCCAGCACTTTGGGAGGCCGAGGCGGGCGGATCACGAGGTCAAGTAATCGAGACCATCCTGGCTAACACGGTGAAACCCCATCTCTACTAAAAATAGAAAAAATTAGCCAGGCGTGGTGGCGGGCGCCTGTAATCCCAGCTACTCAGGAGGCTGAGGCAGGAGAATCGCTTGAACCCAGGAGGCAGAGGTTGCAGTGAGCCGAGATCACGCCACTGCATCCAGCCTGGGTGACAGAGCGAGACTCTGTCTCAAAAAAAAAAAAAAAAAAGAAAGAAAGAAA"
"chr1","2108881","2109165","chr3","85177437","85177728","36","83068556","GGCCAGGCGCAATGGCTCATGCCTGTAATCCCAACACTTTCGGAGGCCGAGGTGGGCAGATCAAGAGGTCAGGAGATGGAGACCATCCTGGCCAACATGGTAAAACCCCGTCTCTACTAAAATACAAAAAATTAGCCAGGCGTGGTGGCACGCACCTGTAGTCCCAGCTGCTCAGGAGGCTGAGGCAGGGGAATTGCTTGAACCCGGGAGGTTGCAGTGAGCTGAGATCACGCCACTGCACTCCAGCCTGGGCAACAGAGCAAGACTCCATCTCAAAAAAAAAAA","GGCCATGTGTGGTGGCTCATGCCGGTAATCCCAGCACTTTGGGAGGCTGAGGAGGGCAGATCACGAGGTCAGGAGATCAAGGCCATCCTGGCTAACATGGTGAAACCCTGTCTCTACTAAAAATACAAAAAATTAGCCAGTGTGGTGGCGTGCACCTGTAGTCCCAGCTACTCGGGGGGCTGAGGCAGGAGAATTGCTTGAATCCAGGAGGCAGAGGTTGCAGTGAGCTGAGATCACGCCACTGCACTCCAGCCTGGGCTACAGAGCAAGATTCCATCTCAAAAAAAAAGAA"
"chr1","2137657","2137948","chr19","34956456","34956748","37","32818799","GGCCGGACGCAGTGGCTCACCCCTGTAATCCCAGCACTTTGGAAACCTGAAGCAGGCGGATCCATGAGGTCAGGAGATCAAGACCATCCTGGCCAACATGGAGAAACCCTGTCTCTACTAAAAATACAAAAAATTAGCCGGGTGTGGTGGCGGGTGCCTGTAATCCCAACTACTCGGGAGGCTGAGGCATGAGAATCACTTGAACCCAGAGGCAGAGGGTGCAGTGAGCCGAGATCGTGCCACTGCACTTCAGCCTGGGTGACAGAGCAAGACTCCATCTCAAATAAATAAA","GGCCGGGCACAGTGGCTCACGCCTGTAATCCCAGCACTTTGGGAGGCCGAGACAGGCGGATCACGAGGTCAGGAGATCGAGACCATCCTGGCCAACATGGTGAAACCCCGTCTCTACTAAAAATACAAAAAATTAGCGGGGTGTGGTGGCAGGTGCCTGTAATCCCAGCTACTCAGGTGGCTGAGGCAAGAGAATTGCTTGAACCCGGGAGGCAGAAGTTGCAGTGAGCTGAGATCACACCACTGCACTCCAGCCCGGGTGACAGGGCGAGACTCCATCTCAAAAAAAAAAAA"
"chr1","2526235","2526537","chr1","1725200","1725503","34","801035","GGCCAGGTGCAGTGGCTCACGCCTGTAATCCCAGCATGTTGGGAGGCCGAGGTGGGCAGATCCAGAGGTCAGGAGATCGAGACCATCCTGGCCAACATGGTGAAACCCCGTCTCTACTAAAAATACAATAAAAATACAAAACTTAGCCAGGCATAGTGGTGGGTGCCTGTAGTCCCAGCTACTCAGGAGGCTGAGGCAGGAGAATTGGTTGATCCCAGGAGGCGGAGGTTGCGGTGAGCTGAGATTGTGGCACTGCACTCCAGCCTAGGTGACAGAGTGAGACTCCATCTCTTCTAGAAAAAA","GGTCAGGTGCAGTGGCTTACACCTGTAATCCCAGCACACTGGGAGGCCGAGGCAGGCGGATCCAGAGGTCAGGAGATCGAGACCATCCTGGCCAAGATGGTGAAACCTCGTCTACTAAAAATACAATAAAAATACAAAAATTAGCTGGGCGTGGTGGCACGTGCCTGCCATCCCAGCTACTCAGGAGGCTGAGGCAGGAGAACTGGTTGATCCCAAGAGGCAGAGGTTGCGGTGAGCTGAGATCGTGCCACTGCACTCCAGCCTAGGCGACAGAGTGAGACTCCATCTCTTCTAAAAAAAAAAA"
"chr1","2543270","2543573","chr16","47849984","47850287","35","45306714","GCTGGGTGTTGTGGCTCACGCCTGTAATCCCAGCACTTTGAGAGGCCAAGGAGGGTGGATCACGAGGTCAGGAGATCAAGACCATCCTGGCTAACACGGTGAAATCTGGTCTCTACTAAAAATACAAAAAGTTAGCCAGGCGTGGTGGCCCGCACCTATAATCCCAGCTACTCGGGAGGCTGAGGCAGGAGAATCGCTTGAACCCGGGAGGTGGGAGTTGCAGTCAGCTGAGATCCGCCACTGCACTCCAGCCTGGGCGACAGAGCGAGACTCCAGCTCCAAAAAAAAGAAAAAAAAAATAGAA","GGCTGGGTGTAGTGGCTCACGCCTGTAATCCCAGCACTTTGGGAGGCGGAGGCGGGCGGATCACGAGGTCAGGAGATCGAGACCATCCTGGCTAACATGGTGAAACCCAGTCTCTACTAAAAATACAAAAAATTAGCCAGGCGCACTGGCAAGCACCTGTAATCCCAGCTACTCGGGAAGCTGAGGCAGGAGAATCGCTTGAACCAGGAGGCGGAGGTTGCAGTGAGCCGAGATTGCGCCACTGCACTCCAGCCTGGGCGACAGAGCGAGACTCCATCTCAAAAAAAAAAAAAAGAAAAGAAAA"
"chr1","3472368","3472678","chrX","130126302","130126612","35","126653934","GGCTGGGCGCAGTGGCTCACGCTTGCAATCCCAGCACTTTGGGAGGCCGAGGCGGGTGGATCATGAGGTCAGAAGATTGAAACCATCCTGGCCCACATGGTGAAACCCCGTTTCTACTAAAAATACAAAAAATTAGCCAGGCGTGGTGGCACGTGCCTGTAGTCCCAGCTATTCAGGAGCCTGAGGCATGAGAATCGCTTGAACCTGGGAGGCAAAGGTTGCAGTGAGCCAAGATGGAGCCACTGCACTCCAGCCTGGGCAACAGAGAGAGATTCTGTCTCAAAAAAAAAAAGAAAGAAAGAAAGAAAAAA","GGCCGGGCGCGGTGTCTCACGCCTGTAATCCCAGCACTTTGGGAGGCCAAGGCGGGTGGATCATGAGGTCAGGAGATTGAGACCATCCTGGCTAACACGGTGAAACCCCGTCTCTACTAAAAATACAAAAAATTATCCGGGTGTGGTGGCACGTGCCTGTAGTCCCAGCTACTCGGGAGGCTGAGGCAGGAGAATCGCTTGAACCCAGGAGGCGGAGGTTGCAGTGAGCCAAGATTGCGCCACTGCACCCCAGCCTGGGTGACAGAGTGAGACTCTATCTCAAAAAAAAAAAAAAAAAGAAAAGAAAAAAA"
"chr1","3565298","3565619","chr9","105321199","105321510","63","101755901","GGCCAGGCGCGGTGGCACACGCCTGTAATCCCAGCACTTTGGGAGGCAGAAGTGGACGGATCGACTAGGTCAGGAGAGCGAGAGGATCCTGGGTGATGCGTGAAACCCCGTCTCTACTAGAAATACAAAAAATTGAGCGGGCGTGGTGGCGCACACCTGTAGTCCCAGCTGCTTGGGAGGCTGAAGTGGGAGGACTGCTTGAGCTCGGGGAGCTTAAGGCTTCGGTGAGCTGGGATCACACCACGACACTCAAGCCTGGGTGACAGAGTGAGACCCCGTCTCAAAAAATACTACTACTAATAATAATAAAATAAAAAAAAAA","GGCCGGGCGCGGTGGCTCAAGCCTGTAATCCCAGCACTTTGGGAGGCCGAGGCCGACGGATCACGAGGTCAGGAGATCGAGACCATCCTGGCTAATACAGTGAAACCCCGTCTCTACTAAAAATACAAAAAAATTAGCCGGGCGTGGTGGCGGGCGCCTGTAGTCCCAGCTACTTGGGAGGCTGAGGCAGGAGAATCGCTTGAACCCGGGAGGCGGAGGTTTCAGTGAGCGGAGATCGTGCCACTGCACTCCAGCCTGGGCGACAGAGTGAGACTCCGTCTCGAAAAAAGAAAAAGAAAAAATAAAAGAAAA"
"chr1","3905382","3905692","chr9","105321199","105321510","29","101415817","GGCTGGGCGCGGTGGCTCACGCCTGTAATCCCAGCACTTTGGGAGACTGAGGTGGACAGATCACGAGGTCAGGAGATTGAGACTATCCTGCCTAACACGGTGAAACCCCGTCTCTACTAAAAATACAAAAAATTGGCCGGGCGTGGTGGTAGGCGCCTGTAGTCCCAGCTACTTGGGAGGCTGAGGCAGGAGAATCACTTGAACCCGGGAGGCAGAGGTTGCAGTGAGCTGAGATCCTGCCACTGCACTCCAGCCTGGGCGACAGACCGAGACTCCATCTCAAAAAAAAAAAAAAAAAAAAAAAAAAAAAA","GGCCGGGCGCGGTGGCTCAAGCCTGTAATCCCAGCACTTTGGGAGGCCGAGGCCGACGGATCACGAGGTCAGGAGATCGAGACCATCCTGGCTAATACAGTGAAACCCCGTCTCTACTAAAAATACAAAAAAATTAGCCGGGCGTGGTGGCGGGCGCCTGTAGTCCCAGCTACTTGGGAGGCTGAGGCAGGAGAATCGCTTGAACCCGGGAGGCGGAGGTTTCAGTGAGCGGAGATCGTGCCACTGCACTCCAGCCTGGGCGACAGAGTGAGACTCCGTCTCGAAAAAAGAAAAAGAAAAAATAAAAGAAAA"
"chr1","3929579","3929888","chr3","78877261","78877570","42","74947682","GGCCGGGCACGGTGGCTCACGCCTATAATCCCAACACTTTGGGAGGCCAAGGCAGGCAGATCACAAGGTCAGGAAATCATGACCATCCTGGCCAACAAGGTGAAACCTCATCTCTACTAAAATGCAAAAAATTAGGCGGGCGTGGTGGTGCACACCTATAGTCCCAGCTACTCAGGAGGCTGAGGCGGGGAATTGCTTGAACCCGGGAGGCAGAGGTTGCAGTGAGCCGAGATTGTGCCATTGCACTCCAGCCTGGGTGATAAGAGTGAGACACTGTCTAAAAAAAAAAAAGAAAGAAAGAAAGAAAAAA","GGCCTGGCACGGTGGCTCACGCCTGTAATCCCAGCACTTTCGGAGGCTAAGGTGGGTAGATCACAAGGTCAGGAGATCAAGACGATCCTGGCTAACACGGTGAAACCCCGTCTCTACTAAAATACAAAAAATTAGCCTGGCGTGGTGGCACATGCCTATAGTCCCAGCTACTCAGGAGGCTGAGGCAGGAGAATCACTTGAACCTGGGAGGCGGAGGTTGCAGTGAGCTGAGATCGTGCCATTGCACTCCAGCCTGGGTGATAGAACAAGACTCTGTCTCAAAAAATAAAAAAATAAAAAATATAAAAAA"
"chr1","3933215","3933521","chr9","41221127","41221428","34","37287912","GCCAGGAGCGGTGGTTCATGCCTGTAATCCCAGCACTTTGGGAGGCCAAGGTGGGTGGATCATGAGGTCAGTAGATCAAGACCATCCTGGCTAACACGGTGAAACCCCATCTCTACTAAAAACACACACAAAAAAATTAACTGGGTGTGGTGGCACGCACCTGTAGTCCCAGCTACTCGGGAGGCTGAGGCAGGAGAATTGCTTGAACCCGGGAGGCACAGGCTGCAGTGAGCCGAGATTGTGCCACTGCATTCCAGCCTGGGTGACAGAGCGAGACTCCATCTCAAAAAAAAAAAAAAAACAGAAA","GGCCAGGCTCGGTGGCTCATGCCTGTAATCCCAGCACTTTGGGAGGCCAAGATGGGTGGATCACGAGGTCAGGAGATCAAGACCATCCTGGCTAACACAGTGAAACCCCATCTCTACTAAAAATACAAAAAATTAGCTGGGTGTGGTTCACACACCTGTAGTCCCAGCTACTTGGGAGGCTGAGGCAGGAGAATTGCTTGAACCCAGGAGGCAGAGGTTGCAGTGAGCCGAGATCGTACCACTGCACTCCAGGCTGGGTGACAGAGCAAGGCTCCGTTTCAAAAAAAAACAAAAGAAAAGAA"
"chr1","4033049","4033350","chr2","27655358","27655658","31","23622309","GGCCGGGCACAGTGGCTCATGCCTGTAATTCCAGCACTTTGGGAGGCCAAAGTGGGTGGATCATGAGGTTGGGAGATCGAGACCATCCTGGCTAACACGGTGAAACTCCATCTCTACTAAAAATACAAAAAAATAGCCGGGCATGGTGGCACGTGCCTGTAGTCCCAGCTACTCAGGAGGCTGAGGCAGGATAATTGCTTGAACCTGGGAGGTGGAGATTGCAGTGAGCCGAGATTTCGCCACTGCACTCCAGCCTGGGTGACAGAGCAAGACTCCATCTCAAGGAAAAAAAAAAAAAAAGA","GACCGGGCACAGTGGCTCATGCCTATAATCCCAGCACTTTGGGAGGCCAAGGTGGGTGGATCATGAGGTCAGGAGATTGAGACCATCCTGGCTAACAAGGTAAAACTCCATCGGTACTAAAAATACAAAAAATTAGCCGGGCGTGGTGGCAGGTGCCTGTAGTCTCAGCTACTGAGGAGGCTGAGGCAGGAGAATCACTTGAACCCGGGAGGCGGAGGTTGCAGTGAGCCGAGATTGTGCCACAGCACTCCAGCCTGGGCGACAGAGGGAGACTCCATCTGAGGAAAAAAAAAAAAAAAAA"
"chr1","4406043","4406370","chr16","26800160","26800487","41","22394117","GGCCGGGCGCGGTGGCTCACGCCTGTAATCCCAGCACTTTGGGAGGCTGAGGCGGGCAGATCTTGAGGTCAGGAGCTCGAGACCATCCTAGCTAACATGGTGAAACCCTGTCTCTACTAAAAATACAAAAAATTAGCCAGGCATGGTGGCACGCACCTGTAATCCCAGCTACTTGGGAGGCTGAGGCAGGAGAATCGCTTGAATCCAGGAGGCTGAGGTTGCGGTGAGCCAAGATCGTGCCACTGCACTCCAGCCTGGGCAACAGAGCAAGATTCTGTCAAAAAAAAAAAAAAATACAAAACAAAACCAAAAAAAAAAAAAAAAAAAA","GGCCAGGCACGGTGGCTCATGCCTGTAATCTGAGCACTTTGGGAGGCCGAGGTGGGCAGATCACGAGGTCAGGAGATCAAGACCATCTTGGCCAACATGGTGAAACCCCGTCTCTACTAAAATACAAAAAATTAGCCGGGCGTGGTGGCAGGCACCTGTAATCCCAGCTACTTGGGAAGCTGAGGCAGGGGAATCGCTTGAACCCAGGAGGCAGAGGTTGCAGTGAGCTGAGATCGTGCCACTACACTCCAGCGTGGTGACAGAGCGAGACTCCGTCTCAAAAAAAAAAAAAAAAAAAAAAAAAAAAAAAAAAAAAAAAAAAAAAAAA"
"chr1","5137619","5137944","chr6","111150739","111151045","43","106013120","GGCTGGGTGCAGTGGCTCATGCCTGTAATCCCAGCACTTTGGGAGGCCGAGGCGGCAGATCACAAGGTTAGGAGATTGAGACCATTCTGGCTAACATGGTGAAACCCCGTCTCTATTAAAACTACACACACAAAAAAAATTAGCTGGGCATGGTGGCACGCGCCTGTAGTCCCAGCTACTCGGTAGGCTGAGGCAGGAGAACCGCTTGAACCCAAGAGGTGGAGGTTGCAGTGAGCCAAGATCGCGCCACTGCACTCCAGCCTGGGCGACAGAGCGAGACTCTGTCTCAATAAATAAATAAATAAATAAAAATAAAAATAAATAAA","GGTTGGGTGCAGTGGCTCATGCCTGTAATCCCAGCACTTTGGGAGGCCGAGGTGGGCAGATCACAAGGTCACGAGATTAAGACCATCCTGGCTAACATGGTGAAACCCTGTCTCTACTAAAAAAACAAAAAATTAGCTGGACATGGTGGACATGCCTGTAGTCCCAGCTACTCGGGAGGCTGAGGCAGGAGAATCACTTGAACCCAAGAGGTGGAGGTTGCAGTAAACCAATATTGTGCCACTGCACTCCAGCCTGGGTGACAGAGCGAGACTCCATCTCAAAAAAAAAAAAAAAAAAAAAAAAAAA"
"chr1","5222727","5223035","chr13","72779565","72779870","34","67556838","GGCCAGGTGCCGGTGGCTCATGCCTGTAATCCTAGCACTTTGGGAGGCTGAGGCAGGTGGATCATGAGGTCAAAAGATCGAGACCATCCTGGCCAACATTGTGAAACCCCGTCTCTACTAAAAATGCAAAAAATAGCTGGGTGTGGTGGCACACACCTGTAGTCCCAGCTACTCAGGAGGCTGAGGCAGAAGAATCGCTTGAGCCCAGGAGGCGGAGGTTGCAGTGAGCTGAGATTGTGCCACTGCACTCCAGTCTGGGCGACAGTGAGAGACTCTGTCAAAAAAAAAAAAAAGAAAGAAAAAGAAAAA","GGCCGGGCACGGTGGCTCATGCCTGTAATCCCAGCACTTTGGGAGGCCGAGGCAGGCGGATCATGAGGTCAAGAGATCGAGACCATCCTGGCTAACATGGTGAAACCCCGTCTTTACTAAAAATACAAAAAATTAGCCAGTTGTGGTGGCACGCACCTGTAGTCCCAGCTACTCAGGAGGCTGAGGCAGAAGAATCGCTTGAACCCAAGAGGCGGAGGTTGCAGTAAGCTGAGATCGTGCCACTGCACTCTAGCCTGGGTGACAGAGCGAAACTCCATCTCAAAAAAAAAAAAAAAAAAAAAAGAA"
"chr1","5459242","5459550","chr1","4609065","4609375","31","850177","GCCGGGCGCAGTGGCTCACGCCTGTAATCCCAGCACTTTGGGAGGCTGAGGCGGGCAGATCACAAGGTCAGGAGATCGAGACCATCCTGGCTAACACCGTGAAACCCCGTCTCTACTAACAACACAAAAAAATTAACCGGGCGTGGTGGCGGGCACCTGTAGTCCCAGCTACTCAGGAAGCTGAGGCAGCAGAATTGCTTGAACCTGGGTCAGAGGTTGCAGTGAACCAAGATCACACCACTGCACTCCAGCCTGGGCAACAGAGAGAGACTCCATCTCAAAAAAAAAAAAAAAGAAAGAAAGAAAGAA","GGCCGGGCGCAGTGGTTCAAGCCTGTAATCCCAGCACTTTGGGAGGCTGAGGCAGGCAGATCACAAGGTCAGGAGTTCGAGACCATCCTGCCTAACACGGTAAAACCCCGTCTCTACTAAAAACATACAAAAAATTAGCCGGGCGTGGTGGCGGGCACCTGTAGTCCCAGCTACTCAGGAAGCTGAGGCAAGAGAATTGCTTGAACCCGGGGCGGAGGCTGCAGAAGAGCCAAGATCACACCACTGCACTCCGGCCTGGGCAACACAGAGAGACTCTGACTCAAGAGAAAAAAAAAAGAGAGAAAAGAGAA"
"chr1","5635545","5635856","chr5","85045085","85045391","40","79409540","GGCTGGGCGCAGTGGCTCACACCTGTAATCCCAGCACTTTGGGAGGCTGAGGCAGGCAGATCGTGAGGTCAGGAGATCAAGACCATCCTGACTAACACGGTGAAACCCCGTCTCTACTAAAAATACAAAAAAGTAGCTGAGCGTGGTGGCACACACCTGTAGTCCCAGCTACTCAGGAGGCTGAGGCAGGAGAATCGCTTGAACCCAGGAGGTGAAGGTTGCAGTGAGCTGAGATTGTGCCACTGCACTACAGCCTGGGTGACAGAGCGAGACTCCATCCCCGCCACCGCCCCACAAAAAAAAAGAAAAGAA","GGCCAGGCGCGGTGGCTCACGCCTGTAATCCCAACACTTTGGGAGGCCAAGGCGGGCGGATCACAGGTCAGGAGATCAAGACCATCCTGGCTAACACGGTGAAACCCCGTCTCTACTAAAAATACAAAAATTAGCCGGGTGTGGTGGTACATGCCTGTAGTCCCAGCTACTCAGGAGGCTGAGGCAGGAGAATCACTTGAACCCAGGAGGTGGAGGTTGCAGTGAGCCGAGATTGTGCCATTGCACTGCAGCCTGGGTGACAGAGCAAGACTCCATCTCAGAAAAAGCAAAAAAAAAAAAAAACAAA"
"chr1","5643802","5644095","chr4","5864759","5865052","31","220957","GGCCGGGCACAGTGGCTCACGCTTGTAATCCCAGCACTTTGGGAGGCTGAGGCAGGTGGATCACGAGGTCAAGAGATTGAGATCATCCTGGCCAACAAGGTGAAACCCTGTCTGTACTAAAAATACAAAAAAATTAGCCAGGCGTGGTGGCATGTGCCTGTAGTCCCAGCTACTCAGGAGGCTAAGGCAGCAGAATCGCTTGAACCAGGAGGGTGGAGGTTGCAGTGAGCTGAGATCGCACCACTGCACTCCAGCCTGGGTGACAGAGTGAGACTCCATCTCAAAAAAAAAAAA","GGCCAGGTGCAGTGGCTCACGCCTGTAATCCCAGCACTTTGGGAGGTGGAGGCAGGTGGATCACGAGGTCAAGAGATCGAGACCATCCTGGCGAACACGGTGAAACCCCGTCTCTACTAAAAACACAAAAAAATTAGCCAGGCGTGGTGGCGGATGCCTGTAGTCCCAGCTACTCGGGAGGCTGAGGCAGGAGAATCACTTGAACCCGGGAGGTGGAGCTTGCAGTGAGCCGAGATCGCGCCACTACACTCCAGCCTGGGCGACAGAGTGAGACAACGTCTCAAAAAAAAAAAA"
"chr1","5894752","5895030","chr1","5036390","5036668","27","858362","GGCCAGGCGCGGTGGCTCATGCCTGTAATCCCAGCACTTTGGGAGGTTCAGGTGGGCATATCATGAGGTCAGGAGATTGAGACCATCCTGGCTAACATGGTGAAACCCTATCTCTACTAAAAATACAAAAAATCAGCTGGCGTGGTGGCACGCGCCTGTAGTCCCAGCTACTCGGGAGGCTGGGGCAAGAGATCTCTTGAACCTGGGAGGCAGAGGTTGCAGTGAGCCGAGATTGCACCACTGCACTCCAGCCTGGACGATAGAGTGAGACTCTGTCTC","GGCTGGGCACAGTGGCTCATGCCTGTAATCCTAGCACTTTGGGAGGCTGAGGTGGGTATATCACCGAGGTCAGGAGATTGAGACCATCCTGGCTAACACGTTGAAACCCTGTCTCTACTAAAAATGTAAAAAATTAGCTGGACGTGGTGGCACGTGCCTGTAGTCCCAGCTACTCGGGAGGCTGAGGCAGGAGAATCTCTTGAACCTGGGAGGCAGAGGTTGCAGTGAGCCGAGATCGCACCACTGCACTCCAGCCTGGGCGGTAGAGTGAGACTCTGT"
"chr1","5920867","5921163","chrX","23155568","23155864","25","17234701","GGCCATGCACAGTGGCTCATGCCTGTAATCCCAGCACTTTGGAAGGCCAAGGCGGGTGGATCACAAGGTCAGGATATCGAGACCATCCTGGCTAACATGGTAAAACCCCATCTCTACTAAAAATACAAAAAATTAGCCGGGCATGGTGGCAGGCACCTGTAGTCCCAGCTACTCAGGAGGCTGAGGCAGGAGAATTGCTTGAACTCAGGAGGCGGAGGTTGCAGTGAGCCGAGGTCGCGCCACTGCACTCCAGCCTGGGCGACAGAGCGAGACTCCATCTCAAAAAAAAAAAAAAAA","GGCCAGGCATGGTGGCTCATGCCTGTAATCCCAGCACTTTGGGAGGCTGAGGCGGGTGGATCAGAAGGTCAGGAGATCGAGACCATCTTGGCTAACATGGTGAAACCCCGTCTCTACTGAAAATACAAAAAATTAGCCGGGCATGGTGGCATGCACCTGTAGTCCTAGCTACTCGTGAGGCTGAGGCAGGAGAATCGCTTGAACCCGGGAGGTGGAGGTTGCAGTGAGCCGAGATCACGCCACTGCACTCCAGCCTGGGCAACAAAGCAAGACTCCATCTCAAAAAAAAAAAAAAAA"
"chr1","6013474","6013740","chr3","128496104","128496369","38","122482630","CACTTTGGGAGGCCCAGGCGAGTGGATCACAAGGTCAGGAGATCAAGACCATCCTGGCCAACATGGTGAAACCCTGTCTCTACTAAAAAATACAAAAAAATTAGCCAGGCATGGCAGCATGTGCCTGTAGTCCCAGCTACTCAGAAGGCTGAGGCAGGAGACTTGCTTGAACCCAGGAGGCAGAGGCTGCAGTGAGCCGAGATCGCGCCATTGCACTCCAGCCCAGGCGACTGAAGAGACTCCATCTCAAAAAAAAAAAAAAAAAGA","GCACTTTGGGAGGCCGAGGCGGGCGGATCACGAGGTCAGGAGATCAAGACCATCCTGGCTAACATGGTGAAACCCCGTCTGTACTAAAAATTAAAAAAAAAATTAGCCAGGCATGGTGGCAGTTGCCTGTAATCCCAGCTACTCAGGAGGCTGAGGCAGGAGAATTGCTTGAACCCAGGAGGCGGAGGTTGCAGTGAGCCAAGATCATGCCATTGTACTCCAGCCTGGGCAACAAGAGTGAAACTCCATCTCAAAAGAAAAAAAAA"
"chr1","6174955","6175259","chr19","44754788","44755097","36","38579833","GGCCAGGGGCACTGGCTCACGCCTGTAATCCCAGCATTTTGGAGGGCTGAGGCAGGCGGATCATGAGGTCAGGAAATGGAGACCATCCTGGCTAACACAATGCAACCCTATCTCTACTAAAAATACAAAAAATTAGCCAGACATGGTGGTGGGCGCCTGTAGTCCCAGCTAGTCAGGAGGCTGAGGTAAGAGAATCGCTTGAACCCGGGAGGCAGAGGCTGCAGTGAGCCGAGATGGCGCCATTGCACTCCAGCCTGGGCAACAGAGCAAGACTCCATCTCAAAAAAAAAAAAAAAAAAAAAAAA","GGCCGGGCACGGTGTTTCACACCTGTAATCCCAGCACTTTGGGAGGCTGAGGCAGGCGGATCACGAGGTCAGGAGATGGAGACCATCCTGGCTAACATGGTGAAACTCTGTCTCTACTAAAAATACAAAAAATTAGCCGGGCATGGTGGTGGGTGCCTATAGTCCCAGCTACTCAGGAGGCTGAGGCAGGAGAATCGCTTGAACCCGGGAGGCAGAGGTTGCAGTGAGCTGAGATCGCGCCACTGCACTCCAGCCTGGGCGACAGAGCGAGACTCCATCTCAAAGAAAAAAAAAAAAAAAAAAAAAAAAA"
"chr1","6218183","6218496","chr13","87929611","87929914","36","81711428","GCTGGGCACGGTGGCTCATGCCTATAATCCCGGCACTTTGGGAGGCCGAGGTGGGCAGATCATGAGGTCAGGAGATCAAGACCATCCTGGCTAACACAGTCAAACCCCATCTCTACTAAAAATACAAAAAATTAGCCGGGTGTGGTGGCGGGCGCCTGTAGTCCCAGCTACTCAGGAGGCTGAAGCAAGAGAATCGCTTGAACCTGGGAGGCAGAGGTTGCAGTGACCTGAGATCATGCCACTGCACTCCAGCCTGGGCAACAGGGCAACAGAGTGAGACTCCATCTCAAAAAGGAAAAAAAAAAAAAAAAAAA","GGCTGGGCACGGTGGCTCATGTCTGTAATCCCAGCACTTTGAGAGGCTGAGGTGGGCAGATCATGAGGTCAGGAGATCAAGACCATCCTGGCTCACACGGTTAAACCCCGTCTCTACTAAAAATACAAAAAAATTAGCCAAGCGTGGTGGCAGGCGCCTGTAGTCCCAGCTACTCAGGAGGCTGAGGCAGGAGAATCACATGAACCCGGGAGGCAGAGGTTGCAGTGAACTGAGATCACGCCACTGCACTCCAGCCTGGGCGATAGAGTGAGACTCCATCTCCAAAAAAAAAAAAAAAAAAAAA"
"chr1","6324618","6324916","chr1","5472580","5472880","42","852038","GGCCAGCTGCGGTGGCTTACGCCTGTAATCCCAGCACTTTGGCAGGCCGAGGCAGGCGGATCACGAGTTCAGAATCGAGACCATCCTGGCTAACAGGTCTCTACTAAAAATAGAAAAAAATTAGCCAGTCATGGTGACACGTGCCTGTAATCCCAGCTACTCGGGAGGCTGAGGCAGGAGAATCACTTGAACCTGAGAGGCGGAGGTTGTAGTGAGCCGAGATCGCGCCACTGCACTCTAGCCTGCACGACAGAGCAAGACTCGGTCTCAAAAAAAAAAAAAAAAAAAAAAAAAAAAAA","GGCCAGCTGCGGTGGCTCACGCCTGTAATCCCAGCACTTTGGCAGGCCGAGGCAGGCAGATCACGAGCTCAGAATCGAGACGATCCTGGCTAACACGGTGAAGCCCCGTGTCTACTAAAAATACAAAAAAATTAGCCGGGCATGGTGACATGTGCCTGTAGTCCCAGCTACTCGGGAGGCTGAGACAGGAGAATCACTTGAACCTGGGAGGCAGAGGTTGTAGTGAGCCAAGATGGCGCCACTGCACCCCAGCCAGGGCGGCAGAGCAAGACTCAGTCTCAAAAAAAGAAAAAAAAAAAAA"
"chr1","6358470","6358642","chr15","88479888","88480061","24","82121418","TTAGCTGGACATGGCAACATGTGCATGTAGTCCCAGCTACTCAGGAGGCTGAGGCAGGAGAATTGCTTGAACCCAGGAGGTGGAGGTTGCAGTGAGCTGAGATTGTGCCATTGCACTCCAGCCTGGGTGACAGAGTGAGCCTCCTTCTCTACAAAAAAAAAAAAAAAAAGAAA","ATTAGCTGGGCGTGGTGGCATGTGCCTGTAGTCCCAGCTATTTGGGAGACTGAGGCAGGAGAATTGCTTGAACCCAGGAGGCAGAGGTTGCAGCAAGCCAAGATTGTGCCACTGCACTCCAGCCTGGGTGACAGAGCAAGACTCCATCTCAAAAAAAAAAAAAAAAAAAAGAAA"
"chr1","6362581","6362771","chr16","49440030","49440218","41","43077449","AACCCCATCTCTTCAAAAACTATAAAAAATTAGCTGGGCATGGTGGCATGTGCCTGTAGTCACAGCTACATGGGAAGCTGAGGCAGGAGAATCACTTGAACCTGGGAGGCAGAGGTTGCAGTAAGCTGGGATCACGCCACTACACTCTAGCCTGGGCAACAGAGCGAGACTCCATCTCAAAAAAAAAAAAA","CCCCGTCTCTACTAAAATACAAAAATTAGCCAGAATGGTGGCAGGCGCCTATAGTCCCAGCTACCCAGGAGGCTGAGGCAGGAATCACTTGAACACGGGAGGCGGAGTTGCAGTGAGCTGAGATCACGCCACTGCACTCCAGCCTGGGCAATAGCGTGAGACTCGGTCTCAAAAAAAGAAGAAAAGAAA"
"chr1","6392701","6393009","chr1","5539735","5540040","31","852966","GGCCAGCCTCGGTGGCTTACGCATGTAATCCCAGCACTTTGGGAGGTCAAGGCAGGCGGAACACGAGGTCAGGAGATGGAGACCATCCTGGCTCACACGGTGAAATGCTGTCTTTACTAAAAATACAAAAAATTAGCCGGGTGTGGTGGCACGTGCCTGTAGTTCCAGCTACTCGGGAGGCTGACGCAGGAGAATCCCTTGAACCCAGGAGGCGGAGGTTTGCAGTGAGCTGAGATTGTGCCAGCGACAGCCTGGGCAACAGAGTGAGACTCTGTTTCAAAAAAAAAAAAAAAAATTAAAGAAAGAAAA","GGCTGGCCTCGGTGGCTCACGCATATAATCCCAGAACTTTGGGAGGCCAAGGCGGGCGGAACACGAGGTCAGGAGATGGAGACAATCCTGGCTCACACGGTGAAACCCTGTCTTTACTAAAAATACAAAAATTTAGCCGGGCGTAATGGCACGTGCCTGTAGTCCCAGCTACTCAGAATGCTGAGGCAGGAGAATCTCCTGAACCCAGGAGGTGGAGGTTGCAGTGAGCTGAGATCGTGCCAGCGACAGCCTAGGCAACAGAGTGAGACTCTGTCTTAAAAAAAATAAATAAATAAAGAAAGAAAA"
"chr1","6426482","6426656","chr15","88479888","88480061","24","82053406","TTAGCCGGGTGTGGTTGTTCCTGCCTGTAGTCCCAGCTACTTGGGAGGCTGAGGCATGAGAATCACTTGAACCCAGGAGGCAGCGGTTGCAGTGAGCTAAGATTATGCCACTGCATTCCAGCCTGGGCAACAGAGCAAGACTCCATTTCAAAAAAAAAAAAAAAAAAAAGAACAA","ATTAGCTGGGCGTGGTGGCATGTGCCTGTAGTCCCAGCTATTTGGGAGACTGAGGCAGGAGAATTGCTTGAACCCAGGAGGCAGAGGTTGCAGCAAGCCAAGATTGTGCCACTGCACTCCAGCCTGGGTGACAGAGCAAGACTCCATCTCAAAAAAAAAAAAAAAAAAAAGAAA"
"chr1","6456394","6456676","chr8","65531215","65531499","29","59074821","GCCTGTAATCCAGCACTTTGGGAGGCCCAGTTGGGTGGATCACGAGGTCAGGAGATCAAGACCATCTTGGCTAACATGGTGAAACCCCGTCTCTACTAAAAATACAAAAAATTAGCCGGGGGTGGTGGTGGGCTCCTGTAGTCCCAGCTACTTGGGAGGCTGAGGCAGGAGAATCACTTGAACCCAGGCGGCAGAGGTTGTAGTGAGCCAAGATCGTGCCACTGCACTCCAGCCTGGGTGACAGAGCAAGTCTCCATCTCAAAAAAAAAAAAAAAAAAAAAGA","GCCTGTAATCCCAGCACTTTGGGGGGCCGAGGTGGGCGGATCACGAGGTCAGGAGATCGAGACCATCCTGGCTAACATGGTGAAACTCCATCTCTACTAAAAATACAAAAAATTAGCCGGGTGTGGTGGCACGCGCCTGTAATCCCAGCTACTCAGGAGGCTGAGGCAGGAGAATCACTTGAACCCAGGAGGCAGAGGTTGCAGTGAGCAGAGATAGCACCACTGCACTCCAGCCTGGGTGACAGAGCAAGACTCTGTCTCAAAAAAAAAAAAAAAAAAAAAAAA"
"chr1","6475527","6475828","chr1","5624859","5625166","34","850668","GGCCAGGCGTGATGGCTCATGCCTGTAATCCCCAGCACTTTGGGAGGCTGAGGCAGGCGGATCACAAGGTCAGGAGATCAAGACCATCCTGGCTAACACGGTGAAACCCCGTCTCTACTAAAAACACAAAAACTTAGCCGGGCATGGTGGCACACGCCTGTAGTCCCAGCTACTCAGGAGGCTGAGGCAGGAGAATTGCTTGAACTCAGGAGGCAGAGGTTGCAGTGAGCTGAGATTGCGCCACTGCACTCCAGCCTGGGCTACAGGGAAGACACTATCTTAAAAAAAAAAAAAAGCCAAAA","GGCCGGGCGCAGTGGCTCATGCCTGTAATCCCAGCACTTTGGAAGGCCAAGGCAGGTGGATCACAAGGTCAGGAGATCCAAGACCATCCTGGGTAACACAGTGAAACCTCATCTCTACTAAAAATACAAAAACTTAGCCGGGCGTGGTGACACACGCCTGTAGTCCCAGTTACTCAGGAGGCTGAGGCAGGAGAATGGCTTGAACCGGGGAGACAGAGGTTGCAGTGAGCTGAGATTGCGCCATTGCACTCCAGCCTGGGCTACAGAGAAAGACACCATCTTATAAAAACAAACAAACAAACAAAAAA"
"chr1","6510002","6510292","chr2","57288005","57288297","35","50778003","GGCTGGGTGTGGTGGCTCACGCCTGTAATCCCAGCACTTTGGGAGGCTGAGGCAGGCAGATCATGAGGTCGGGAGATTGAGACCATCCTGGCTAACACGGTGAAACCCCGTCTCTACTACAAATACCAAAAATTAGCCGGATGTGGTGGCAGGCGCCTGTAGTCCTAGCTATTGGGGAGGCTGAGACAGGAGAATCACTTGAACCCAGGAGGTGGGGGTTGTAGTGAGCCAAGATTTTGCCACTGCACTCCAGCCTGGGTAACAGAGTGAGACACTGTCTCAAAAAAAAAA","GGCCAGGCGTGGTGGCTCATGCCTGTAATCCCAGCACTTTGGGAGGCTGAGGCGGGTGGATCACGAGGTCAGGAGATCGAGACCATCCTGGCTAACACAGTGAAACCCCGTCTCTACTAAAAACACAAAAAATCAGCTGGGCGTGGTGGCGGGCGCCTGTAGTCCCAGCTACTCTGGAGGCTGAGGCAGGAGAATCACTTGAACCCAGAAGGTGGAGGTTGCAGTGAGCCGAGACCATGCCACTGCACTCCAGCCTGGGTGACAGAGTGAGACCCTGTCTCAAAAAATAGAAA"
"chr1","6525946","6526245","chr2","47824467","47824767","32","41298521","GCTGGGCGCGGTGGCTCACACCTGTAATCCCAGCACTTTGGGAGGCCAAGGCAGGCAGATCACGAGGTCAGGAGATCGAGACCATCCTGGCTAACACAGTGAAACCCCCTCTCTATTAAAAATACAAAAAATTAACCAGGCATGGTGGCACGTGCCTGTGGTCCCAGCTACTCAGGAGGCTGTGGCAGGAGAATCGCTTGAACCCAGGAGGCGGAGGTTGCAGTGATCTGAGATCACGACACTGCACTCCAGCTTGGGTGACAGAGCGAGATGCCGACTTAAAAGAAAAAAAAAAAAGAA","GGCTGGGAGCGGTGGCTCATGCCTGTAATCCCAGCACTTTGGGAGGCCGAGGCAGGCGGATCACGAGGTCAGGAGATCGAGACCATCCTGGTTAACATGGTGAAACCCCATCTCTACTAAAAATACAAAAAATTAGCTGGGCATGGTGGCACACGCCTGTAGTCCCAGCTATTCAGGAGGCTGAGGCAGGAGAATCACTTGAACCCAGGAGGTGGAGGTTGCAGTGAGCTGAGATCACGCCACTGCATTCCAGCCTGGGTGACAGAGTGAGATTCCATCTTAAAAAAAAAAAAAAAACAAA"
"chr1","6536071","6536240","chr16","29014757","29014925","25","22478686","TTAGCTGGGTTTGGTGGCACGTGCCTATAGTCCCAGCTACTTGGGACGCCGAGGCAGGAGAATCGCATGAACCCAGGGGTGGAGGTTGCAGTGAGCCAAGATCATTCCACTGCACTCCAGCCTGGGCAACAGAGTGAGATTCTATCTCAAAAAAAAAAAAAAAAAAAAAA","TTAACTGGGCGTGGTGGCGGGCGCCTGTAGTCCCGCTACTTAGGAGGCTGAGGCAGGAGAATCACTTGAACCCGACAGGCGGAGGTTGCAGTGAGCCAAGATTGCACCACTGCACTCCAGCCTGGGCAACAGAGCGAGACTCCATCTCAAAAAAAAAAAAAAAAAAAAA"
"chr1","6537534","6537825","chr12","121351661","121351954","34","114814127","GCCGGGCATGGTGGCTCATGCCTGTAATCCCAGCACTTTGGGAGGCTGAGGCGGGCGGATCCCAAGGTCAGGAGATCAAGACCATCCTGGCTAACACTGTGAAACCCCGTCTCTACTAAAAATAGAAAAAATTAGCCGGGCGTGGTGGCACATGCCTGTAATCCCAGCTACTCGGGAGGCTGAGGCAGGAGAATTGCTCAAGCCTGGGAGACGGAGGTTATAGTGAGCCGAGACTGCGCCACTGCACTCCAACCTGGGCGACAGAGCGGGACTCTGTCTCAAAAAAAAAAAA","GGCCAGGTGCGGTGGCTCATGCCTGTAATCCCAGCACTTTGGGAGGCCGAGGTGGGCGGATCACGAGGTCAGGAGATCAAGACCATCCTGGCTAACACAGTGAAACCCTGTCTCTACTAAAAATACAAAAAATTAGCTGGGCATGGTGGCATGTGCCTGTAGTCCCAGCTACTCAGGAGGCTGAGGTAGGAGAATTGCTTGAACCTGGGAGGCGAAGGTTGCGGTGAGCCCAGATTGCACCACTGCACTCCAGCCTGGGTGACAGAGCGAGACTCTGTCTCAAAAAAAAAAAAA"
"chr1","6545459","6545752","chr1","39347733","39348026","33","32802274","GGCCAGGCGCGGTGGCTCACGCCTGTGATCCCAGCACTTTGGGAGGCCAAGGCGGGCGGATCATGAGGTCAGGAGATCGAGACCATCCTGGCTAAGACGGTGAAACCCTGTCTCTACTAAAAATGCAAAAAATTAGCCGAGCGTGGTGGCAGGCGCCTGTAGTCCCAGCTACTCGGGAGGCCGAGACAGGAGAATCGCTTGAACCCAGGAGGCGGAGTTTGCAGTAGGCTGAGATCACGCCACTGCACTCCAGCCTGGGCAACAGAGAGAGACCCCATCTCAAAAAAAAAAAAA","GGCCAGGCGTGGTGGCTCACACCTGTAATCCCAGCACTTTGGGAGGCCAAGGCGGGTGGATCACCAGGTCAGGAGATCAAGACCATCCTGGCTAACACGGTGAAACCCCATCTCTAATAAAAATACGAAAAATTAGCCTGGTGTGGTGGCATGCACCTGTAGTCCCAGCTACTCAGGAGGCTGAGGCAGGAGAATTGCTTGAACCCAGGAGGTGGAGGTTGCAGTGATCTGAGATCGTACCACTGCACTCCAGCCTGGGCAACAGAGAGAGACTCCATCTCAAAGAAAGAAAAA"
"chr1","6549155","6549463","chr1","54184910","54185214","37","47635755","CCAGGTGCGGTGGTTCACACCTGTAATCCCAGCACTTTGAGAGGCCGAGGCGGGTGGATCACAAGGTCAGGAGATCGAGACTATCCTGGCTAACATGGCGAAACCCCGTTTCTACTAAAAATACAAAAAATATAGCCGGGCGAGGTGGCACGCGCCTGTAGTCCCAACTACTCCGGAGGCTGAGGCAGGGGAATCGCTTCAACCCGGGATGCGGAGGTTGCAGTGAGCCGAGATTGCGCCACTGCACTCCAGCCTGGGGGACAGAGTGAGACTCTGTCTCAAAAAGAAAAAGAAAGAAAGAAAACAAAA","GGCCGGGCGCGGTGGCTCACGCCTGTAATCCCAGCACTTTGGGAGGCCGAGGCGGGTGGCTCACGAGGTCAGGAGATCGAGACCATCCTGGCTAACACGGTGAAACCCCATCTCCACTAAAAATACAAAAAATTAGCCGGGCGTGTTGGCAGGTGCCTGTAGTCCCAGCTACTCGGGAGGCTGAGGCAGAAGAATTGCTTGAACCTGGGAGGCGGAGGTTGCAGTGAGCCGAGATTGCACCACTGCACTCCAGCCTGGGTGACAGAGCAAGACTCTGTCTCAAAAAAAAAAAAAAAAAAAAAAAA"
"chr1","6576388","6576695","chr4","5357211","5357521","41","1219177","GGCTGAGCGTGGTAGCTCACACCTGTAATCCCAGCACTTTGGGAGGCCAAGGCGGGTGGATCACAAGGTCAGGAGATTGAGACCATCATGGCCATCATGGTGAAACCCCGTCTCTACTAAAATACAAAAAATTAGCCGGGTGTGGTGGCACGTGCCTGTAATCCCAGCTATTTGGGAGGCTGAAGCAGAGGAATCACTTGAACCCAGGAGGCAGAGGTTGCACTGAGCTGAGATCACACTACTGCACTCTAGCCTGGTGACAGAGCAAGACTCCAACTCAAAAACAAAAACAAACAAAAAACATAAAA","GGCCGGGCGCGGTGGCTCATGCCTGTAATCCCAGCACTTTGGGAGGCCGAGGTGGGTGCATCACAAGGTCAGGAGATCGAGACCATCCTGGCTAAGATGGTGAAACCCCATCTCTACTAAAAATACAAAAAATTAGCCAGGTGTGGTGGCACGTGCCTGTAGTCCCAGCTACTCGGGAGGCTGAGGCAGGAGAATCACTTGAACCTGGGAGGCGGAGGTTGCAGTGAGCTGAGATTGTACCACTGCACTCCAGCCTGAGCGACAGAGCAAGACTCCATCTCAAAAAAAAAAAAAAAAAAAAAAAAAAGAAA"
"chr1","6715980","6716238","chr7","9788676","9788936","34","3072696","CATTTTGGGAGGCTGAGGTGGCAGATCACGAGGTCAGGAGACCATCCTGGCTAACACGGTGAAACCCTGTCTCTACTAAAAATACAAAAAAAATTAGCCGGGCGTGGTGGCACACGCCTGTAGTCCCAGCTACTCAGGAGGCTGAGGCAGGAGAATTGCTTGAACCCAGGAGGCGGAGGTTGCAGTGAGCCAAGATCGTGCCACTGCACTCCAGCCTGGGCGACAGAGCAAGATTCTGTCTCAAAAAAAAAAAAAAAAA","CTTTGGGAGGCTGAGGTGGGCGGATCACGAGGTCAGGAGATTGAGACCATCCTGGCCAACACGGTGAAACTCTATCTCTACTAAAAATACAAAAAAATTAGCCGAGTGTGGTGGCACACGCCTGTAGTCCCAGCTATTCAGGAGGCTGAGGCAGGAGACTCGCTTGAACCTGGGAGGCGGAGGTTGCGGTGAACTGAGATCGCGTCACTGCACTCCAGTCTGGGTGACAGAGCAAGACTCTGTCTCAAAACAAACAAAAAA"
"chr1","6805831","6806102","chr14","112579862","112580130","30","105774031","CACTTTGGGAGGCCGAGGCGGGTGGATCATGAGGTCAGGAGATCGAGACCATCCTGGCTAACATGGTGAAACCCCGTCTCTACTAAAAATACAAAAAATTAGCCGAGCGTGGTGGCACGTGCCTGTAGTCTCAGCTACTTGGGAGGCTGAGGCAGGAGAATCGCTTGAATCCAGGAGGCGGAGGTTGCAGTGAGCTGAGATCGTGCCACTGCACTTCAGCCTGGAGGACAGAGCAAGACTCCATCTCAAAAAAAAAAAAAAAAAAAGAAAAA","ACTTTGGGAGGCCGAGGTGGGCGGATCATGAGATCAGGAGATTGAGACCATCCTGGCTAACACGGTGAAACCCTGTCTCTACTAAAAATACAAAAAAATTAGCCGGGTGTGGTGGCACATGCCTGTAGTCCCAGCTACTCGGGAGGATGAGGCAGAAGAATCTCTTGAATCCAGGAGGTGGAGGTTGCAGTGAGCCGAGATCTCACCACTGCACTCCAGCCTGGGGGACAGAGGGAGACTCTGTCTCAAAAAAAAAAAAAAAAAAAAAA"
"chr1","6837759","6837993","chr9","93688855","93689088","27","86851096","GGCTGGGTATGGTGGCTCACGCCTGTAATCCCAGCACTTTGGGAGGCTGAGGCGGGCAGATCACAAGGTCGGGAGATCGATACCATCCTGGCTAACATGGTGAAACCCTGTTCCTACTAAAAATACAATAAATTAGCTGGGCGTGGTGGCATGTGCCTGTAATCCCAGCTACTCGGGAGGCTGAGGCAGGAGAATCACTTGAACCCGGGAGGCAGAGGTTGCAGTGAGTCGAGAT","GGCCAGGCACGGTGGCTCACGCCTATAATCCCAGCACTTTGGGAGGCTGAGGTGGGCAGATCAGGAGGTCAGGAGATTGAGACCATCCTGGCTAACACGGTGAAACCCCATCTCTACTAAAAATACAAAAAATTAGCCGGGCATGGTGGCACGCACCTGTAGTCCCAGCTACTCGGGAGGCTGAGGCAGGAGAATCGCTTGAACCCAGGAGGCAGAGGTTGCAGTGAGCCGAGA"
"chr1","6838381","6838473","chr1","12339903","12339996","21","5501522","AGGTTGCAGTGAGTCGAGATCGTGCCACTGCACTCCAGCCTGGGCGACAGAGCGAGACTCTCTCAAAAAAACAAAAAACAAAAAACAAAAAAA","AGACAGAGGTTGCAGTGAGCCGAGATCGTGCCACTGCATTCCAGTCTGGGCGACAAAGCGAGACTCCATCTCAAAAAAAAGAAAAAAAAAGAAA"
"chr1","6973068","6973376","chr9","32178167","32178466","39","25205099","GGCTGGACGCAGTGGCTCACGCCTGTAATCCCAGCACTTTGGGAGGCCGAGGCGAGTGGATCCCAAGGTCAGGAGATCGATACCATCCTGGCTGACATGGTGAAACCTCGTCTGTACTAAAAATACAAAAAATTAGCCAGGTGTGGTGGCACGCATGTGTAGTCCCAGCTACTCGGGAGGCTGAGGCTGGAGAATTTCTTGAACCTGGGAGGTGGAGGTTGCAGTGAGCCGAGACTGCGCCACTGCACTCCAGCCTGGGTGACAGAGCAACAGAGCAAGACTCCTTCTCAAATTAAAAAAAAAAAAAAA","GGCTGGGCGCAGTGGCTCACGCCTGTAATCCCAGCACTTTGGGAGGCCGAGGCGGGCAGATCACAAGGTCAGGAGATCAAGACCATCCTGGCCAACATGGTGAAACCCCGTCTCTACTAAAAATACAAAAAATTAGCCGGGTGTGGAGGCACGCATCTGTAGTCCCAGCTACTCAGGAGGCTGAGGCAGGAGAATTGCTTGAATCCGGGAGGCGGAGGCTGCAGTGAGTCAAGATTGTGCCACTGCACTCCAGCATGGCAACAGAGCAAGACTCCATCTAAAAATTAAAAAAAAAAAAAA"
"chr1","7029203","7029496","chr5","184105008","184105299","32","177075805","GGCTGGGCGTGGTGACTCATGCCTATAATCCCAGCAATTCAGGAGGCCAAGGTGGGCAGATCACAAGGTCAGGAGATCAACACCATCCTGGCTAACACAGTGAAACCCCGTCTCTACTAAAAAATACAAAAAAATTAGCTGGGCATGGTGGCACGCGCCTGTAGTCCCAGCTACTCTGGAGGCTCAGGCAGGGGAATCACTTGAACCTGGGAGGCGGAGGTTGCAGTGAGCCGAGATTGCACCACTGCACTCCAGCCTGGGTGACAGAGTGAGAGTCTGTCTCAAGAAAAAAAA","GGCTGGGCATGGTGGCTCATGCCTGTAATCCCAGCACTTTGGGAGGCCGAGGTGGGCAGATCACAAGGTCAAGAGATCAAGACCATCCTGGCCAACATGGTGAAACCCCATCTCTACTAAAAATACAAAAAAATTTCCTGGGCGTGGTGGCACGTGCCTCTAGTCCCAGCTACTCGGGAGGCTGAGGCAGGAGAATCACTTGAACTCGGGAGGCGGAGGTTGCAGTGAGCTGAGATTGTGCCACTGCACTCCAGCCTGGGCTACAGAGCGAGACTCTGTCTCAAAAAAAAAA"
"chr1","7106413","7106734","chr4","5357211","5357521","41","1749202","GGCTGGTTGGGGTGGTTCACACCTGTAATCCCAGCACTTTGGGAGGATGAGGTGGGCAGATCACAAGGTCAGGAGATCAAGACCATCCTGGCTAACACGGTGAAACCACATCTCTACTAAAAATACAAAAAATTAGCCGGGCGTGGTGGCACATGCCTGTAGTCCCAGCTACTCAGGAGGCTGAGGCAGGAGAATCACTTGAACCCGGGAGGCGCAGGTTGCAGTAAGCTGAGATTGCATCACTGCACTCTAGCCTGGGCGACAGGGCAAAACTCCATCTCCAAAACAAACCAACAAACAAACAAACAAACAAACAAAAAAA","GGCCGGGCGCGGTGGCTCATGCCTGTAATCCCAGCACTTTGGGAGGCCGAGGTGGGTGCATCACAAGGTCAGGAGATCGAGACCATCCTGGCTAAGATGGTGAAACCCCATCTCTACTAAAAATACAAAAAATTAGCCAGGTGTGGTGGCACGTGCCTGTAGTCCCAGCTACTCGGGAGGCTGAGGCAGGAGAATCACTTGAACCTGGGAGGCGGAGGTTGCAGTGAGCTGAGATTGTACCACTGCACTCCAGCCTGAGCGACAGAGCAAGACTCCATCTCAAAAAAAAAAAAAAAAAAAAAAAAAAGAAA"
"chr1","7270339","7270634","chr1","7247666","7247956","36","22673","CTGGGCACGGTGACTCACACCTGTAATCCCAGCACTTTGGGAGGCCGAGGCAAGCGGATCACGAGGTCAGGAGATTGAGACCATCCTGGCTAACATGGTGAAATCCCTCCTCTACTAAAAATACAAAAATTAGCCAGGCATGGTGGCGGGTGCCTGTAGTCACAGCTACTCAAGAGGCTGAGGCAGGAGAATTACTTGAACCCAGGAGGCGGAGGTTGCAGTGAGGCGACATCACACCATTGCACTCCAGCCTGGGTGACAGAGGAAGATTCTGTCTCAAAAAGAAAAAAAAAAAA","GCCAGGCGGGTGGCTCACGCCTGTAATCCCAGCACTTTGGGAGGCCAAGGCGGTTGGATCATGAGGTCAGGAGATTGAGACCATCCTGGCTAACACGGTGAAACCCTCTCTATTAAAAATACAAAAAATTAGCCGGGCATGGTGGCGGGTGCCTGTAGTCACAGCTACTCAAGAGGCTGAGGTAGGAGAATCACTTGAACCTGGGAGGCAGAGGTTGCAGTGAGCCGAGATCACGCCACTGCACTCCAACCTGGGTGACAGAGCAAGACTCCGTCTCAAAAAAAAAAAAAA"
"chr1","7273009","7273307","chrX","872740","873049","36","6400269","CTGGGCACGGTGACTCACACCTGTAATCCCAGCACTTTGGGAGGCCGAGGCAAGCGGATCACGAGGTCAGGAGATTGAGACCATCCTGGCTAACATGGTGAAATCCCTCCTCTACTAAAAATACAAAAATTAGCCAGGCATGGTGGCGGGTGCCTGTAGTCACAGCTACTCAAGAGGCTGAGGCAGGAGAATTACTTGAACCCAGGAGGCGGAGGTTGCAGTGAGGCGACATCACACCATTGCACTCCAGCCTGGGTGACAGAGGAAGATTCTGTCTCAAAAAGAAAAAAAAAAAAAAA","GGCCGGGCGCGGTGGCTCACGCCTGTAATCCCAGCACTTTGGGAGGCCGAGGCAGGCGGATCACGAGGTCAGGAGATGGAGACCATCCTGGCTAACACGGTGAAACCCCGTCTCTACTAAAAATACAAAAATTAGCCGGGCGTGGTGGCGGGCGCCTGTAGTCCCAGCTACTCAGGAGGCCGAGGCAGGAGAATCGCTTGAACCCAGGAGGCGGAGGTTGCAGTGAGCCGAGATCACCCCATTGCACTCCAGCCTGGGCGACAGAGCAAGACTCCGTCTCAAAAAAAAAAAGAAAAGAAAAGAAAAGAAA"
"chr1","7382413","7382624","chr9","82349333","82349540","25","74966920","TCCTGGCTAACACGGTGAAACCTCGTCTCTACTAAAAATACAAAAACTTAGCCGGGAGTGGTGGCATGTGCCTGTAGTCCCTGCTACTCAGGAGGCTGAGGCAGGAGAATAGTTTGAACCTGGGAGGCGGAGGTTGCAGTGAGCCGAGATCACGCCACTGAACTGTAGCCTGGGTGACAGAGCGAGACTCCGTCTCAAAAAAAAAAAAAAAA","CCTGGCTAACACGGTGAAACCTCGCCTCTACTAAAAATACTAAAAATTAACTGGGTGTGGTGGCACGTACCTGTAGTCCCAGCTACTTGGGAGGCTGAGGCAGGAGAATCGCTTGAACCTGGGAGGCGGAGGTTGCAGTGAGCCGAGATCACACCACTGCACTCCAGCCTGGGCGACAGAGTGAGACTCCATTTCAAAAAAAAAAAAA"
"chr1","7412270","7412484","chr3","125944975","125945201","38","118532705","GAGACCATCCTGGCCAACATGGTGAAACCCCATGTCTACTAAAAACACAAAAGATTAGCCGGGCGTGGTGACATGCCCCTGTAATCCCAGCTACTCAGGAGGCTGAGGCAGGAGAATCGATAGAACCTGGGAGGCCGAGGTTGCAGTGAGCCAAGATCACGCCACTGTACTCCAGCCTGGTGAGACTCTGTCTCAAAAAAAAAAAAAAAAAGGAA","GAGATCAAGACCATCCTGGCTAACATGGTGAAACCCCATCTCTACTAAAAACACAAAAAATTAGCAGGGCGTGGTGACACACGCCTGTAGTCCCAGCTACTCAGGAGGCTGAGGCAGGAGAATCGCTTGAACCCGGGAGGCAGAGGTTGCAGTGAGCCGAGATCACGCCACTACACAGCAGCCTGGGTGACAGAGTGAGATTCCGTTTCAAAAAAAAAAAAAAAAAA"
"chr1","7726776","7727074","chr13","106164334","106164628","27","98437558","GGCCGGGCGCGGTGGCTCACGCCTGTAATCCTAGCACTTTGGGAGGCCGAGGTGGGCAGATCACGAAGTCAGGAGATCGAGACCATCCTGGCTAACATGGTGAAACTCCATCTCTACTAAAAATACAAAAAATTAGCCGGGTGTGGTAGCTCATGCCTGTAGTCCCAGCTACTCGGGAGGCTGAGGCAGGAGAATGGCACGAACCCAGGAGGCGGAGGTTGCAGTGAGCCGAGATCGCACTACTGCACTCCAGCCTGGGCAACAGAGCAAGACTCTCAAAAAAAAAAAAAAAAAAAAAA","GGCCGGGTGCAGTGGCTCTCACCTGTAATCCCAGCACTTTGGGAGGCCGAGGTGGGCAGATCACGAGATCAGGAGACAGAGACCATCCTGGCTAACATGGTGAAACCCCGTCTCTACTAAAAATACAAAAAATTAGCCGGGTGTGGTGGCACATGCCTGTAGTCCCAGCTACTCGGGAGGCTGAGGCAGGAGAATTGCTTGAACCCAGGAGGCAGAGGTTGCAGTGAGCTGAGATCGCACCACTGCACTCCAGCCTGGGCAACAGAGCGAGACTGTCTCAAAAAAAAAAAAAAAA"
"chr1","7877038","7877347","chrX","130126302","130126612","24","122249264","GGCCAGGCCCGGTAGCTCACGCCTGTAATCCCAGCACTTTGGGAGGCCAAGGCAGGTGGATCATGAGGTCAGGAGATCGAGACCATCCTGGCTAACATGGTGAAACCCCATCTCTACTAAAAGTACAAAAAATTAGCCGGGTGTGGTGGCACGCGCCTGTAGTCCCAGTACTCGGGAGGCTGAGGCAGGAGAATCACTTGAACCCAGGAGGCGGAGGTTGCAATGAGCCAAGATCGCACCACTGCACTCCAGCCTGGGCAACAGAGTGAGACTCTGTCTCAAAAAAAAAGAAAAAAGAAAAAAAAGAAAA","GGCCGGGCGCGGTGTCTCACGCCTGTAATCCCAGCACTTTGGGAGGCCAAGGCGGGTGGATCATGAGGTCAGGAGATTGAGACCATCCTGGCTAACACGGTGAAACCCCGTCTCTACTAAAAATACAAAAAATTATCCGGGTGTGGTGGCACGTGCCTGTAGTCCCAGCTACTCGGGAGGCTGAGGCAGGAGAATCGCTTGAACCCAGGAGGCGGAGGTTGCAGTGAGCCAAGATTGCGCCACTGCACCCCAGCCTGGGTGACAGAGTGAGACTCTATCTCAAAAAAAAAAAAAAAAAGAAAAGAAAAAAA"
"chr1","8121050","8121351","chr7","127065845","127066144","27","118944795","GCCAGGCGGGTGGCTCACGCCTGTAATCCGAGCACTTTGGGAGGCTGAGGCAGGTGGATCACAAGGTCAGGAGATCAAGACCATCCTGGCCAACATGGTGCAACCCCGTCTCTACTAAAAATACAAAAAATTAGCCGGGCATGGTGGTGGGTGCCTGTAGTCCCAGCTACTCAGGAGGCTGAGGTAGGAGAATCGCTTGAACCTGGCAGGTGGAGGTTGCAGTGAGCCGAGATCGCGCCACTGCACTCCAGCCTGGGCGACAGAGCAAGACTCCGTCTCAAAAATAAATAAATAAATAAAAA","GCCAGGTGCGGTGGCTCACGCCTGTAATCCCAGCACTTTGGGAGGCTGAGGCAGGTGGATCACGAGGTCAGGAGATCAAGACCATCCTGGCTAACACAGTGAAACCCCGTCTCCACTAAAAATACAAAAAATTAGCTGGGCGTGGTGGCGGGCGCCTGTAGTCCCAGGTACTTGGGAGGCTGAGGCAGGAGAATTGCTTGAACCTGGGAGGTGGAGGTTGCAGTGAGCCGAGATCGTGCCACTGCACTCTAGCCTGGGTGACAGAGCAAGACTCTGTCTCAAAAAAAAAAAAAAAAAAAA"
"chr1","8144015","8144206","chr16","44977902","44978086","41","36833887","GCCAGGTGCGGTGGCACACACCTGTAGCCCCAGCTACTCGGGAGGCTGAGGTAGTAGAATCACTTGAACCCGGGAGGCAGAGGTTGCAGTGAGCTGAGATCGAGCCACTGCACTCCAGCCTGGAAGACAGAGTGAGAGTCCATCTTGAAAAATAAATAAATAAGTACATAAGTAAATAAATAAATAAATAAA","TTAGCCACGTGTGGTGGCACATGCCTGTAGTCCCAGCTACTCAGGAGGCTGAGGCAGGAGAATAACTTGAACCCAGGAAGCGGAGGTTGCAGTGAGCTGAGATCGCGCCACTGCACTCCAACCTGGGTGACAGAGCAAGACTCCATCTCAAAACAAAACAAAACAAACAACACACACAAAAAAAA"
"chr1","8183535","8183833","chr19","41471869","41472170","33","33288334","GGCCGGGCACAGTGGCTCATGACTATAATCCCAGGACTTTGGGAGGCCGAGACAGGCAGATCACGAGGTCAGGAGATCGAGACCATCCTGGCTAACACGGTGAAACCCCGTCTCTACTAAAAATACAAAAATTAGCCAGGCATGGTGGTGGGCATGTGTAATCCTAGCTACTCGGAAGGCTGAGGCAGGAGAATCACTGGAACCCGGGAGGCAGAGGTTGCAGTGAGCCGAGATTGCACCACGGCACTCCAGCCTGGGCGACAGAGCGAAACTCCATCTCAAAAAAAAAAAAAGAAGAA","GGCTGGGCACAGTGGCTCACACCTGTAATCCCAGCACTTTGGGAGGCCGAGGCGGGCGGATCACGAGGTCTGGAGATTGAGACCATCCTGGCTAACACGGTGAAACCCTGTCTCTACTAAAAATACAACAAATTAGCCAGGCATGGTGGCACGCATCTGTAGTCCCAGCTACTCCAGAAGGCTGAGGCAGGAGAATCACTTGAACCCGGCAGGCAGAGGTTGCAGGGAGCCAAGATCACGCCACTGCACTCCAGCCTGGGTGACAGAGCGAAAGTCCATCTCAAAAAAAAAAAAAAAAAGAA"
"chr1","8210495","8210785","chr16","48583435","48583727","33","40372940","CTGGGCACAGTGGTTCACATCTGTAATCCCAGCACTTTGGGAGGCCGAGGTGGGCGGATCACGAGGTCAGGAGAATGAGACCATCCTGGCTAACACGGTGAAACCCCGTCTCTACTAAAAATACACAAAATTAGCCGGGCGTGGTGGCGGGTGCCTGTAATCCCAGCTACTCGAAAGGCTGAGGCAGGAGAATCGCTTGAACCCGGGAGGTGGAGGTCGCGGTGAGCTGAGATCACACCACTGCACTCCCGCCTTGGTGGTAGAGTGAGACTCCATGTCAAAAAAAAGAAA","CTGGGCACAGTGGCTCACGCCTGTAATCCCAGCACTTTGGGAGGCCGAGACGGGCGGATCACGAGGTCAGGAGATCGAGACCATCCTGGCTAACACAGTGAAACCCCGTCTCTACTAAAAATACAAAAAGAAATTAGCCGGGCATGGTGGCGGGCGCCTGTAGTCCCAGCTACTCGGGAGGCTGAGGCAGGAGAATCGCTTGAACCCGGGAGGTGGAGGTTGCAGTGAGCCAAGATCACGTCATTGCACTCCAGCATGGTGACAGAGCGAGACTCCATCTCAAACAAAAAAAA"
"chr1","8249876","8250161","chr8","65531215","65531499","36","57281339","CATGCATGTAATCCCAGCACTTTGGGAGGCTGAGGTGGGAGGATCACGAGGTCAGGAGATCAAGACCATCCTGGCTAACACAATGAAACTCTGTCTCTACTAAAAATACAAAAAATTACTCGGGGGTGGTGGCACGCACCTGTATTCCCAGCTGCTCGGGGGGCTGAGGCCGGAGAATCACTTGAAACCGGGAGGCGAAGGTTGCAGTGAGCCGAGATGGCGCATTGCACTCCAGCCTGGGCGACAGAGCGAGACTCCATCTCAAAAAAAAAAAAAAAAAAAAAAA","GCCTGTAATCCCAGCACTTTGGGGGGCCGAGGTGGGCGGATCACGAGGTCAGGAGATCGAGACCATCCTGGCTAACATGGTGAAACTCCATCTCTACTAAAAATACAAAAAATTAGCCGGGTGTGGTGGCACGCGCCTGTAATCCCAGCTACTCAGGAGGCTGAGGCAGGAGAATCACTTGAACCCAGGAGGCAGAGGTTGCAGTGAGCAGAGATAGCACCACTGCACTCCAGCCTGGGTGACAGAGCAAGACTCTGTCTCAAAAAAAAAAAAAAAAAAAAAAAA"
"chr1","8303889","8304175","chr1","221787583","221787868","37","213483694","GCCAGGCTCGGTGGCTCACACCTGTAATCCCAGCACTTTGGGAGGCCAAGAGGGGAGGATCACGAGGTCAAAAGATGGAGACCAACCTGGTTAACACGGTGAAACCCCATCTCTACTAAAAATACAAAAAAAATTAGCCATGCATGGTGGCATGTGCCTGTAGTCCCATCTACTCAGGAGGCTGAGGCAGGAAAATTGCTTGAACCCAGGAGGCAGAGGTTGCAGTGAGCCGAGATGGCGCCACTGCACTCCAGCCTGGGGGCAACAGAGTAAGAGTCCGTCTCAAA","GGCCTGGCGCGGTGGCTCACACCTGTCATCTCAGCACTTTGGGAAGCCAGGGCGGGCGGATCACAAGGTCAGGAGATCGAGACCATCCTGGCTAACACAGTGAAACCCTATCTCTACTAAAAATACAAAAAAATTACCCAGGCATGGTGGCACATGCCTGTAGTCCCAGCTACTGAGGAGGCTGAGGCAGGAGAATTGCTTGAACCCAGGAGGCAGAGGTTGCAGTGAGCCGAGATCACGCCACTGGACTCCAGCCTGGGTGACAGAGCGAGACTCCATCTCAAAA"
"chr1","8320422","8320610","chrX","147147954","147148141","30","138827532","TACAAAAACTACAAAAAGTAGCCAGGCCTGGTGGTACGTGCCTGTAGTCCCAGCTACTCAGGAGGCTGAGGCAGGAGAATCGCTTGAGCCCAGGAGGCGGAGGTTGCAGTGAGCCGAGATCGCGCCACTGCACTCCAGCCTGGATGACAGAGCCAGACTCCATCTCAAAAAAACAGAAAAAAAAAAAAA","AAACAAAAAAAAATTAACCAGGTGTGGTGGCACGAGCCTGTAATTCTTGCTACTCAGGAGGCTGAGGCAGGAGAATCGCTTGAACCTGGGGGAGGCGGAGGTTGCAGTGAGCCCAGATCATGCCACTGCACTCCAGCCTGGGTGACAGAGCGAGACTCCGTCTCAAAAAAAAAAAAAAAAAAAAAAAA"
"chr1","8357185","8357490","chr11","108584077","108584374","34","100226892","GGCCGGGTGTGGTGGCTCACACCTGTAGTCCCAGGTACTTAGGAGGCCGAGGTGGGTGGATCACGAGGTCAGGAGATTGAGACCATCCTGGCTAACACAGTGAAACCCCATCTCTACTAAAAATACAAAAAATTAGCTGGGCATGGTGGCGCATGCCTGTAGTCCCAGCTACTCGGGAGGCTGAGGCAGGAGAATCGCTTGAATCTGGGAGGCGGAGGTTGCAGTGAGCCGAGATGGTGAGATGGTGCCACCGCACTCCAGCCTGGGCGACAGAGCAAGACTCCGTTTCAAAAAAAAAAAAAAAGA","GGCCGGGTGCAGTGGCTCACGCCTGTAATCCCAGCACTTTGGGAGGCCAAGGCGGGCGGATCACGAGATCAGGAGATGGAGACCATCCTGGCTAACACGGTGAAACCCCGTCTCTACTAAAAATACAAAAAATTAGCTGGGCATGGTGGCACGCGCCTGTAGTCCCAGCTACTCGGGAGGCTGAGGCAGGAGAATCGCTTGAACATGGGAGGCGGAGGTTGCAGTGAGCCGAGATCGTACCACTGCACTCCAGCCTGGGCGACAGAGCAAGACTCCGTCTCAAAAAAAAACAAACAAA"
"chr1","8364065","8364368","chr1","54184910","54185214","22","45820845","GGCTGGGCGCAGTGGCTCACGCCTGTAATCCCAGCACTTTGGGAGGCCGAGGCGGGTGGATCACGAGGCCAGGAGATTGAGACCATCCTGGCTAACACGGTGAAACCCCGTCTCTACTAAAAATACAAAAAATTAGCTGGGCATGGTGGCGGGCGCCTGTAGTCCCAGCTACTTGGGAGGCTGAGGCAGGAGAATCGCTTGAACCTGGGTGGCAGAGGTTGCAGTGGGCTGAGATTGCACCACTGCACTCCAGCCTGGGTGACAGAGCGAGACTCCGTCTCAAAAAAAAAAAAAAAAAAAAAAA","GGCCGGGCGCGGTGGCTCACGCCTGTAATCCCAGCACTTTGGGAGGCCGAGGCGGGTGGCTCACGAGGTCAGGAGATCGAGACCATCCTGGCTAACACGGTGAAACCCCATCTCCACTAAAAATACAAAAAATTAGCCGGGCGTGTTGGCAGGTGCCTGTAGTCCCAGCTACTCGGGAGGCTGAGGCAGAAGAATTGCTTGAACCTGGGAGGCGGAGGTTGCAGTGAGCCGAGATTGCACCACTGCACTCCAGCCTGGGTGACAGAGCAAGACTCTGTCTCAAAAAAAAAAAAAAAAAAAAAAAA"
"chr1","8509914","8510202","chr12","110042316","110042609","44","101532402","CGGGCGCAGTGGCTCACGCCTGTAATCCCAGCACTTTGGGAGGCCAAGGCGGGCGGATCACGAGGTCAAGAGGTCAAGACCATCCTGGCCAACGTGGTGAAATCCTGTCTCTACGAAAAATACAAAAAAATTAGCGGGACGTGGTGGCACATGCCTGTAGCTACTCAGGAGGCTGAGGCAGGAGAACTGCTTAAACCTGGGAGGAGGAGGTTGCAGTGAGCCCAGATCGCACCACTGCACTCCAGCCTGGGCAACATCTCAAAAAAAAAAAAAAAAAAAGAAAAGAAAA","GCCGGGTGCGGTGGCTCATGCCTGTAATCCCAGCACTTTGGGAGGCCGAGGCGGGTGGATCACGAGGTCAGGAGATCAAGACCATCCTGGCTAACACGGTGAAACCCCATCTCTACTAAAAATACAAAAAATTAGCCGGGTGTGCTGGCACACACCTGTAGTCCCAGCTACTTGGGAGGCTGAGGCAGGAGAATCACTTGAACCTGGGGGGCGGAGGTTGCAGTGAGCCGAGATCTCACCACTGCACTCCAGCCTGGGTAACAGTCTCAAAAAAAAAAAAAAAAAGAAAAGAAA"
"chr1","8563223","8563524","chr4","88700124","88700424","35","80136901","GACCGGGCATGGTAGCTTGCACCTGTAATCCCAGCACTTTGGGAGGCTGAGGCAGGCAGATCACGAGGTCAGGAGATCGAGACAATCCTGGCTAACACAGTGAAACCTCGTCTCTACTAAAAATACAAAAAGTTAGCCGGGTGTGGTGGCACGCGTCTGTAATCCCAGCTACTCGGGAGGCTGAAGCAGGAGAATTGCTTGAACCCGGGAGGCGGAGGTTGCAGTGAGTCGAGATCACGCCATTGCACTCCAGTCTGGGTGTCAGAGTGAGGCTCTGTCTCAAAAAACAAAAAAAAAAAGAA","GGCCGGGCGTGGTGGCTCAGGCCTGTAATCCCAGCACTTAGGGAGGCTGAGGCGGGCGGATCACGAGGTCAGGAGATCAAGACCATCCTGGCTAACACGGTGAAACCCCATCTCTACTAAAAATACAAAAAATTAGCCAGGTGTAGTGGCCAGCGCCTGTAGTCCCAGCTACTCGGGAGGCTGAGGCAGGAGAATCACTTGAACCCGGGAGGCAGAGCTTGCAGTGAGCCGAGATCGCGCCACTGCACTCCAGCCTGGGTGACAGAGCGAGACTCTGTCTCAAAAAAAAAAAAAAAAAGAA"
"chr1","8584676","8584968","chr3","48912719","48913013","32","40328043","GGCCGGGTGCGGTGCCTCACACCAGAAATCCCAGCACTTTGGGAGGCCGAGTCAGGCGGATCACGAGGTCTGCAGATCAAGACCATCCTGGCTAACACGATGAAACCCCATTTCTACTAAAAATACAAAAAATTAGCTGGGTGTGGTGGCACATGCTGTAGTCCCAGCTACTCAGAATGCTAAGGCAGGAGAATTGCTGGAACCCTGGAGGCGGAGGTTGCAGTGAGCCGAGATAGCACCACTGCACTCCAACCTGGGTGACAGAGTGAGACTCTGTCTCAAAAAAAAAAAAA","GGCCGGGTGCAGTGGCTCACACCTGTAATCCCAGCACTTTGGGAGGCCGAGGCAGGAGGATCACGAGGTCAGGAGATCGAGACCATCCTGGCTAACACGGTGAAAGCCCGTGTCTACTAAAAATACAAAAAATTAGCTGGGCGTGGTGGCACATGCCTATAGTCCCAGCTACTTGAGAGGCTGAGGCAGGAGAATTGCTTGAACCCAGGAGGTGGAGGTTGCAGTGAGCTGAGATTGCGCCACTGCCCTCCAGCCTGGGCGACAGAGTGAGACTCTGTCTCAAAAAATAAATAAA"
"chr1","8622967","8623163","chr6","63630625","63630830","40","55007658","TGAAACCCCATCTCTACTAAAAATACAAAAAATTAGCAGGGCATGGTGGCACGTGCCTGTAGTCCCAGCTACTTGGGAGGCTGAAGCAGGAGAATCGCTTGAATCAGGGAGGTGGAGGTTGCAGTGAGATCGTGCCATTGCACCCCAACCTGGGCGACAGAGCGAGACTCCGTCTTGTGGGAAAAAAAAAGAAAAAA","ACACGGTGAAACCCCGTCTCTACTAAAAATACAAAAAATTATCTGGGCGTTGTGGCACACGCCTGTAGTCCCAGCTACTCTGGAGGCTGAGGCAGGAGAATCGCCTGAACCTGAGAGGCAGAGGTTGCAGTGAGCCGAGATTGCGCCACTGCACTCCAGCCTGGACGACAGAGCGAGACTCCGTCTCAAAAAAAAAAAAAAAAAAA"
"chr1","8623340","8623427","chr11","40743980","40744071","17","32120640","GGCCAGGCTCAGTGGCTCACATCTGTAATCCCAGCACTTTGGGAGGCTGAGGCAGGTGGATAACGAGGTCAGGAGATTGAGACCATCC","GGCCAGGCACAGTGGCTCACACCTGTAATCCCAGCACTTTGGGAGGTCAAGGCAGGCAGACCATGAGGTCTGGAGATCAAGACCATCCTGGC"
"chr1","8629341","8629640","chr1","7761014","7761319","36","868327","CCGGGCGCAGTGGCTCACACCTGTAATCCCAGCACTTTGGGAGCCCTAGGTGGGGGGATCCTGAGGTCAGGCAGTCAAGATCATACTGGCTAACACAGTGAAACCCCATCTCTACTAAAAATACAAAAAAGATTGCCAGGTGTGGTGGAATGCACCTGTAGTCCCAGCTACTCGGGAAGCTGAGGCAGGAGAATTGCTTGAACCCGGGAGGCGGAGGTTGCAGTGAACTGAGATCACGCCACTGCACTCCAGCCTGGGTGACAGAGCAAGACTCTGTCTCAAAAAACAACAACAACAAAA","CCAGGCACGGTAGCTCACACCTGTAATCCCAACACTTTGGGAGGCCGAGGTGGGTGGATCACAAGGTCAGGAGGTCAAGATCATACTGGCTAACATGGTGAAACCCCATCTCTATTAAAAATACGAAAAAAAAAAAATTAGCCTGGTGTGGTGGAATGCACCTATAGCTCCAGCTACCCAGGAGGCTGAGGCAGGAGAATTGCTTGAACCTGGGAGGCAGAGGTTGCAGTGAGCCGAGATCGTGCCACTGCACTCCAGCCTGGGTGACAGAGCAAGACTCTGTCTCAAAAAACAACAACAACAAAA"
"chr1","8676863","8677166","chr2","44364597","44364899","35","35687734","GCCAGACATGGTGGCTCATACCTGTAATCCCAGCACTTTGGGAGGCCGAGGTGGGCAGATCATGAGGTCAGGAGGTCGAGACCATCCTGGCTAACATGGTGAAACCCCATCTCTACTAAAAATACAAAAAATTAGCCGGGCGTGGTGGTGGACACCTGTAGTCCCAGCTCCTCGGGAGGCTGAGTTAGGAGAACCGCTTGAACCCAGGTGGCAGAAGTTGCAGTGAGCTGAGATCGCGCCACTGCACTCCAGCCTGGGCAACGAGAGAGACTCCATCTCAAAAAAAAAAAAAGAAAAAAGAAAA","GGCCAGGCACGGTGGCTCACACCTGTAATCCCAGCACTTTGGGAGGCCGAGGCAGGTGGATCATGAGGTCAGGAGATCGAGACCATCCTGGCTAACACAGTGAAACCCCGTCTCTACTAAAAATACAAAAAACTAGCCGGGCGTTATGGCGGGCGCCTGTAGTCCCAGCTACTCGGGAGGCTGAGGCGGGAAAATTGCTTGAACCCAGGAGGCAGAGGTTGCAGTGAGCTGAGATCGCGCCACTGTACTCCAGCCTGGGCGACAGAGCGAGTCTCCATCTCAAAAAAAAAAAAAAAAAAAAAA"
"chr1","8695855","8696186","chr11","115817214","115817536","62","107121359","GGCCAGACACAGTAGCTCACGCCTATAATCCTAGCATTTTGGGAGGCCAAGGCGGGCAATCCCAAGGTCAGGAGATCAAAACCATCCTGGCTAACATGGTGAAACCCCATCTCTACTAAAAATACACACACAAAAAAAAATTAGCCAGGCATGGTGGCACGCGCCTGTAGTCCCAGCTACTCAGGAAGCTGAGGCAGGAGAATCAGGAACCGAATCGATTGAACCTGGGAGGCGGAGGTTGCAGGGAGGCGGAGGTTGCAGTGAGCCGAGATCGTACCACTGCACTCTAGCCTGGGCGACAGAGTGAGACTCCATCTCCAAAAAAATAAAAA","GGCCAGGCGTGGTGGCTCACGCCTGTAATCCCAGCACTTTGGGAGGCTGAGGCGGGTGGATCACAAGGTCAGGAGATCGAGACCATCCTGGCCAACGTGGTAAAATGCCATCTCTACTAAAAATACAAAAAAAAAAAAAATTAGCCAGGCGTGGTGGCGGGCGCCTGTAGTCCCAGCTACTCAGGAGGCTGAGGCAGGAGAATCACTTAATCCCGGGAGGCAGAGGTTGCAGTGAGTAGAGGTTGCAGTGAACCGAGATCATACCACTGCACTCCAGCCTGGGTGACAGAACAAGACTCTTGTCTCAAAAAAAAAAAAAAAAA"
"chr1","8702924","8703114","chr1","7836728","7836920","22","866196","GGCCGGGCGCGGTGGCTCATGCCTGTAATCCCAGCACTTTAGGAGGCCGAGGTGGGTGGATCGCGAGGTCAGGAGATCTAGACCATCCTGGCTAACACGGTGAAACCCTGTCTCTACTAAAAACACACACACAAAAAAACAAAAAAAAATCAGCCGGGTGTGGTGGCACGCCCCTGTAGTCCCAGCTACTC","GGCCGGGCGCCGTGGCTCACGCCTGTAATCCCAGCACTTTGGGAGGCCGAGGAGGGCAGATCATGAGGTCAGGAGATCTAGACCATCCTGGCTAACACGTTGAAATCCTGTCTCTACTAAAAATACAAAAAAAAACAAAAAACAAAAAAAATTAGCCAGGCGTGGTGGCATGCCCCTGTAGTCCCAGCTATTC"
"chr1","8907356","8907664","chr1","2715985","2716290","42","6191371","GGCTGGGCACGGTGGCTCACACCTATAATCTCAGCACTTTGGGAGGCTGAGGCGGGAGGATCAAGAGGTCAGGAGATCAAGACCATCCTAGCTAATACGGTGAGACCCCATCTCTACTAAAAATACAAAAGCTTAGCCGGGCGTGGTGGCACGCGGCTGTAATCCCAGCTAATCGGGAGGCTGAGGCAGGAGAATCGCTTGAACCCGGGAGGCAAAGGTTGCAGGGAGCCAAGACTGTGCCCCTACACTCCAGCCTGGGTGACAGAGAGAGACTCTGTCTCAAAAGTAAAATAAAATAATATAAAATAA","GACCAGGCGCAGTGGCTCACGCCTATAGTCCCAGCACTTTGGGAGGCTGAGGCAGGCAGATCACGAGGTCAGGAGATCGAGACCATCCTGGCTAACACGGTGAAACCCCATCTCTACTAAAAATACAAATTAGCCAGGCGTGGTGGCGCACGCCTGTAGTCCCAGCTACTCTGGAGGCTGAGGCAGGAGAATCGCTTGAACCCGGGAGGCGGAGCTTGCAGTGAGCCGAGATTGTGCCACTGCACTCCAGCCTGGGCGACAGAGTGAGACTCTGTCTCAAAAAATAAATAAAATAAATAAATAAAA"
"chr1","8919633","8919942","chr3","168251317","168251618","40","159331684","GACCGGGTGCAGTGGCTCATGCCTGTAATCCCAGAACTTTGGGAGGCCAAGGTGGGCGGATCACGAAATCAGGCGATCAAGACCATCCTGGCTAACATGGTGAAACCCCGTCTTGACTAAAAATACAAAAAATTAGCCGGGTGTGGTGGTGCCTGCCTGTAGTCCCAGCTACTCAGGAGGCTGAGGTAGCAGAATCGCTTGAACCCGGGAGGCAGAGGTCGCAGTGAGCTGAGATTGCGCCACCGCACTCCAACCTGGGTGACCGAGCGAGAATCTGTCTCAAAAATAAAAAATTAAAACAAAACAGAAA","GGCCGGGTGCAATGGCTCATGCCTGTAATCCTAGCACTTTGGGAGGCCAAGGTAGGCAGATCACGAGATCAGGAGATCAAGACCATCCTGGCTAACATGGTGAAACCCCATCTCTACTAAAAATACAAAAAATTAGCTGGGTGTGGTGGTAAATGCCTGTAATCCCAGCTACTCGGGAGGCTGAGGCAGGAGAATCACTTGAATCCAGGAGGCAGAGGTTGTAGTGAGCTGAGACTGCACCATTGCACTCCAGCCTGGGTGATAGAGCGAGACTCTGTCTCAAAAAAAAAAAAAAAAAAAAA"
"chr1","8956015","8956306","chr1","8098644","8098951","38","857371","GGTCGAGCACAGTGGCTCATGCTTGTAATCCCAGCACACTTTGGGAGGCCGAGGCGGGCAGATCACAAGGTCAGGAGATCGAGACCATCCTAGCTAACACGGTGGTTTACTACAAATACAAAAAATTAGCTGGGTGTGGTGGCACGCACCTGTAGTCCCAGCTACTTGGAGGCTGAGGCAGGAGAATCCCTTGAACCCAGGAGGCGGAGGTTGCAGTGAGCTGAGATTGTGCCACTGCACTCCATCCTGGGCGACAGAGCGAGACTCCGTCTCAAAAAAAAAAAAAAAAGAA","GGCTGGGCACAGTGGCTCATGCTTGTAATCCCAGCACACTTTGGGAGGCCAAGGCGGGCAGATCACAAAATCAGGAGATCGAGACCATCCTGGCTAACACGGTGAAACCCCGTCTCTACTAAAAATACAAAAATTAGGGTGTGGTGGCACGCACCTGTAGTCCCAGCTACTTGGAGGCTGACGCAGGAGAATCGCTTGAACCCAGGAGGCGGAGGTTGCAGTGAGCTGAGATTGTGCCACTGCACTCCATCCTGGGTGACAGAGTGAGATTCCATCTCAAAAAAAAAAAAAAAAGAAAGAAAAAAGAA"
"chr1","9019610","9019906","chr19","15122632","15122923","38","6103022","GGCCGGGCGCTGTGGCTCATGCCTGTAATCCCAGTACTTTGGGAGGCCGAGGCAGGTGGATCACAAGGTCAGAAGATTGAGACCATCCTGGCCAACATGGTGAAACCCTGTCTCTAATAAAATTTAAAAAAAGTAGCCGGGCATGGTGATGCACACCTGTAGTCCCAGCTACTCAGGAGGCTGAGGCAGGGGAATCGCTTGAACCTGGGAGGCAGAGGTTAGAGTGAGCCAAGATCATGCCACTGCATTCCAGCCTGAGCGACAGAGCGAGACTCTGTATCTAAATAAATAAATAAA","GGCCGGGCGCGATGGCTCATGCCTGTAATCCTAGCACTTTGGGAGGCGGAGGCCGGCGGATCACAAGGTCAGGAGATCAAGACCATCCTGGCTAACATGGTGAAACCCCCTCTCTATCAAAAATACAAAAAATTAGCCGGGCATGGTGGCACACGTCTGTAGTCCCAGCTACTCAGGAGGCTGAGGCAGGAGAATCACTTGAACCTGGGAGGCAGAGGTTGCAGTGAGCCAAGATCATGCCACTGCACTCCAGCCTGGGCGACAGAGGGAGACTCCGCCTCAAAAAAAAAAA"
"chr1","9248737","9248918","chr16","41943604","41943785","41","32694867","AAAATTAGCCAGATGTGGTGGCACATGCCTATGGTCCCAGCTACTCTGGAAGCTGACAGGGAGGATTGCTGGAGCCCAGGAAGTTGAGTCTACAGTAAGCCGTGATAGCGCCACTGCACTCCAGCCTGGGCAACAGAGCCAGACCCTGTCTGAAAATAAAATAAATACATAAATAAAATAAA","AATTAGCTGGGTGTGGTGGCACATTGCCTGTAGTCCCAGCTACTCAGGAGGCTGATGCAGGAGAATTGCTTGAACCCAGGAGGCGGAGGTTGCAGTGAGCCGAGATCGCACCACTGCACTCCAGTCTGGGTGACAGAGCAAGACTCCATCTCAAAAAAAATAAAAAAAAATAAAAAATAAGA"
"chr1","9249355","9249393","chr11","38404829","38404868","6","29155474","CATCCTGGCTAACACGGTGAAACCCCGTCTCTACTAAAA","ATCCTGGCTAACACAGTGAAACCCTGTCTATACTAAAAAT"
"chr1","9254940","9255239","chr4","88700124","88700424","30","79445184","GGCTGGGCGCGGTGGATCATGCCTGTAATCCCAGCATTTTGGGAGGCTGAGGCAGGCAGATCACGAGGTTGGGAGATCGAGACCATCCTGGCTAACATGGTAAAAACCTGTCTCTACTAAAAATACAAAAAAATTAGCCAGGTGTGGTGGCACGCATCTGTAGTCCCAGCTACTTGGGAGGCTGAGGCAGGAGAATCACTTGAACCCGGGAGGCAGAGGTTGCAGTTAGCCGAGATCACGCCACTGCACTCCAGCTTGGTGACAGAGCGAGACTCCGTCTCAAAAAAAAAAAAAAAAAAA","GGCCGGGCGTGGTGGCTCAGGCCTGTAATCCCAGCACTTAGGGAGGCTGAGGCGGGCGGATCACGAGGTCAGGAGATCAAGACCATCCTGGCTAACACGGTGAAACCCCATCTCTACTAAAAATACAAAAAATTAGCCAGGTGTAGTGGCCAGCGCCTGTAGTCCCAGCTACTCGGGAGGCTGAGGCAGGAGAATCACTTGAACCCGGGAGGCAGAGCTTGCAGTGAGCCGAGATCGCGCCACTGCACTCCAGCCTGGGTGACAGAGCGAGACTCTGTCTCAAAAAAAAAAAAAAAAAGAA"
"chr1","9316319","9316627","chr4","162478404","162478714","34","153162085","GGCTGGGCGCGGTGGATCATGCCTGTAATCCCAGCATTTTGGGAGGCTGAGGCAGGCAGATCACGAGGTTGGGAGATCGAGACCATCCTGGCTAACATGGTAAAAACCTGTCTCTACTAAAAATACAAAAAAATTAGCCAGGTGTGGTGGCACGCATCTGTAGTCCCAGCTACTTGGGAGGCTGAGGCAGGAGAATCACTTGAACCCAGGAGGCAGAGGTTGCAGTTAGCCGAGATCACGCCACTGCACTCCAGCTTGGTGACAGAGCGAGACTCCGTCTCAAAAAAAAAAAAAAAAAAAGAAGAAGAA","GGCTGGGTGTGGTGGCTCACACCTGTAATCTCAGCACTTTGGGAGGCTGAGGAGGGCAGATCACAAGGTCAGGAGATAGAGACCATCCTGGCTAACATGGTGAAAACCTGTCTCTACTAAAAATACAAAAAATTAGCCGGGTGTGGTGGCAGGTACCTGTAGTCCCAGCTACTTGGGAGGCTGAGACAGGAGAATCGCTTGATCCCAGGAGGCGGAGGTTGCAGTGAGCCGAGATCATGCGCCACTGCACTCCAGCCAGAGTGACAGAGCGAGACTACATCTCAAAAAAAAAAAAAAAAAAAAAAAAAAAA"
"chr1","9656560","9656862","chr19","15978488","15978799","32","6321928","GGCTGCGCGCGGTGGCTCACGCCTGTAATCCCAGCACTTTGGGAGGCCGAAGCGGGCGGATCACAAGGCCAGGAGATCGAGACCATCCTGGCCAATACCGCTGAAACCCCGTCTCTACTAAAAATACAAAAAAAATTAGCCGGGCGTGGTGGCGGGTCCCAGCTACTCAGGAGGCTGAGGCAGGAGAATCGCTTGAATCTGGGAGGCAGAGGTTGCAGTGAGCAGAGATGGTGCCACTGCACTCCAGCCTGGGCGACAGAGCAAGACTCTGCCTCAAAAAAAAAAAAAAAAAAAAAAAAAAAA","GGCCGAGCGCGGTGGCTCACGCCTGTAATCCCAGCACTTTGGGAGGCCGAGGCGGGCGGATCACAAGGTCAGGAGATCGAGACCATCCTGGCTAACACGGTGAAACCCCGTCTCTACTAAAAATACAAAAAAAATTAGCCAGGCGTGGTGGCGGCGCCTGTAGTCCCAGCTACTCGGGAGGCTGAGGCAGGAGAATCGCGTGAACCCGGAAGGCAGAGGTTGCAGTGAGCCGAGATCGTGCCACTGCACTCCAGCCTGGGCGACAGAGTGAGACTCCGTCTGAAAAAAAAAAAAACAAAAACAAAAACAAAA"
"chr1","9667081","9667363","chr1","8738916","8739205","32","928165","GGCCGGGTGGGGTGGCTCACGCCTGTAATCCCAACACTTTGGGAGGCCGAGGCAGGCAGATCGAGACTATCCTGGCTAACACGGTGAAACCCTGCCTCTACTAAAAATACAAAAAATTGGCTGGGTGTGGTGACACGTGCCTATAGTCCCAACTACTCGGGAGGCTGAGACAGGAGAATCCCTTGAGCCCAGGAGGCGGAGGTTGCAGTGAGCCGAGATTGCGCCATTGCACTCCAGCCTGGGCGACAGAATGACTCTGTCTCAAAAACAAACAAACAAAAAA","GGCCAGGCGCGGTGGCTCACGCCTGTAATCCCAACACTTTGGGAGGCCGAGGCAGGCGGATCGAGACCATCTTGGCTAACACGGTGAAACCTCGCCTCTACTAAAAATACAAAAAATTAGCTGGGTGTGGTGGCCCGTGCCTGTAGTCCCAGCTACTTGGGAGGCTGAGACAGGAGAATCCCTTGAGCCCGGGAGGAGGAGGTTGCAGTGAGCCGAGATCTTGCTGTTGCACTCCAGCCTGGGCGACAGAGTGAGACTCTGTCTCAAAAAAAAAAAAAAAAAAAAAAAAA"
"chr1","9707455","9707768","chr8","105120121","105120431","32","95412666","GGCTGGGCGCAGTGGCTCATGCCTGTAATCCCAGCACTTTGGGAGGCTGAGGTAGGCAGATCAGATCACGAGGTCAGGAGACTGAGACCATCCTGGCTAATATGGTGAAACCCCGTCTCTACTGAAAATACAAAAAATTAGCTGGGCGTGGTGGCAGGTGCCTGTAGTCCCAGCTACCCAGGAGGCTGAGGCAGGAGAATCACTTGAACTTGGGAGGCGGAGGTTGCAGGGAGCTGAGATGGCGCCACTGCACTCCAGCCTGGGAGACAGAGCGAGACTCCATCTCACAAAAAAAAAAAAAAAAAAAAAAGAAA","GGCCAGGCGCAGTGGCTCATGCCTGTAATCCCAGCACTTTGGGAGGCTGAGGCGGGCGGATCACGAGGTCAGGAGATCGAGACCATCCTGGCTAACACGGTGAAACCCCGTCTCTGCTAAAAATACAAAAAATTAGCTGGGCGTGGTGGCGGGCGCCTGTAGTCTCAGCTACTCAGGAGGCTGAGGCAGAAGAATCGCTTGAACCTGGGAGGCGGAGGTTGCAGTGAGCTGAGATTGCGCCACTGCACTCCAGCTTGAGCGACAGAGCGAGACTCCGTCTCAAAAAAAAAAAAAAAAAAAACAAAAACAAA"
"chr1","9837628","9837905","chrX","117589965","117590253","34","107752337","GGCCGGGCACAATGGCTCACGCCTGTAAACCCAGCACTTTGGGAGGCCAAGGCGGGTGAATCATGAGGTCAGGAGATCGAGACCATCCTGGCTAACACGGTGAAACCCCGTCTCTACTAAAAAATACAAAAAATTAGCCAGGTGTGGTGGCGGCTGCCTGTAGTCCCAGCTACTTGGGAGGCTGAGGCAGAAGAATCACTTGAACCTGGGAGGCGGAGGTTGCAGTGAGCCGAGATCATGCCCAGCCTGGGCGACAGAGTGAGACTGTCTCAAAAAAA","GGCCGGGCGCAGTGGCTCACGCCTGTAATCCCAGCACTTTGGGAGGCCAAGGCGGGCGGATCATGACGAGGTCAGGAGATCGAGACCATCCTGGCTAACACGGTGAAACCCCGTCTCTACTAAAATACAAAAAAATTAGCCGGTGTGGTGGCACGCACCTGTAGTCCCAGCTACTCGGGAGGCTGAGGCAGGAGAATCACTTGAACCCGGGAGGCAGAGGTTGCAGTGAGCCAAGATTGTGCCACTGCACTCCAGCCTGGGTGACAGAGTGAGACTCCGTCTCAAAAAA"
"chr1","9912974","9913157","chr12","21198542","21198719","39","11285568","AAAAATACAAAAAAAATTGGCCAGGAGCGTGGTAGCATGCGCCTGTAATCCCAGCTATTCAGGAAGCTGAGGTAGGAGAATAGCTGGAACCTGGGAGGCGGAGGCTGCAGTGAGCCGAGATTGCACCATAGCACTCCAGCCTAGACAACAGAGTGAGACTCAGTCTCAAAAATAAATAAATAAA","TACATACATACAAAAAATTAGCTGGGCGTGGTGGCAGGTGCCTGTAATCCCAATTACTCAGGAGGCTGAGGCAGGAGAACTGCTTGAGTCTAGGAGGCAGAGGCTGCAGTGACCTGAGATTGCACCACTGCACTCCAGCCTGGGCAATAGAGCAAGACTCTGTCTCTAAATAAATAAA"
"chr1","10015565","10015824","chr1","9084915","9085177","32","930650","GGCCGGGTGCTGTGGCTCACGCTTGTAATCCCAGCACTTTGGAAGGCCGAGGCGAGCAGATCACAAGATTGAGACCATCCTAGCTAACAAGGTGAAACCCCATCTCTACTAAAAATACAAAAAATTAGCACAGCATGGTGGCATGTGCTTGTGGTCCCAACTACTTGGGAGGCCGAGATGGGAGGATCACTTGAGCCTGGGAGGTTGAGGCTGTGATCACGGTGAGCTGTGATCGTGTCACCACACTCCAGCCTGGGCGA","GGCCTGGCATGGCGGCTCACGCTTGTAATCCCAACACTTTGGAAGGCCGAGGCAGGCAGATCACAAGGTCAGGAGATTGAGACCATCCTGGCTAACAAGGTAAAACCTCATCTCTACTAAAAATACAAAAAATTTAGCGCAGCATGGTGGCATGTGCCTGTGGTCCCAACGACTTGGGAGGCTGAGATGGGAGGATCACTTGAGCCTGGGAGGTTGAGGCTGCAGTGAGCTGTGATCGTGCCACCACACTCCAGCCTGGGCGA"
"chr1","10018197","10018497","chrX","95082495","95082798","27","85064298","GCCGGGCATGGTGGCTCACGCCTGTAATCCCAGCACTTTGGGAGGCCAAGGCAGGCGGATCACGAGGTCAGGAGATTGAGACCATCTTGGCTAACATGGTGAAACCCCGTCTTTACTAAAAATACAAAAAATTAGCCTGGCGTGGTGGTACGCACCTGTAGTCCCAGCTACTCGGGAGGCTGAGGCAGGAGAATTGCTTGAACGCTGGAGGCGGAGGTTGCAGTGAGCTGAGGTTGCACCATTGCACTCCAGCCTGGGCAATAGAGTGAGACTCTGTCTCAAAAAAAAAGAAAAAAAAAAA","GGCCGGGTGCGGTGGCTCACGCCTGTAATCCCAGCACTTTGGGAGGCCAAGGCAGGCAGATCACGAGGTCAGGAGATTGAGACCATCCTGGCTAACATGGTGAAACCCCGTCTCTACTAAAAATACAAAAAAATTAGCTGAGTGTGGTGGCATGCACCTGTAGTCCCAGCTAGTCAGGAGGCTGAGGCAGGACAATCGCTTGAACCCGGGAGGCAGAGGTTGCAGTGAGCTGAGATTGCACCATTGCACTCCAGCCTGGGTGACAGAGCGAGACTCTGTCTCAAAAAAAAAAAAACAAAAAAAA"
"chr1","10032092","10032272","chrX","59842814","59842986","34","49810722","AAAATACAAAAAATGAGCCAGGTGTGGTGGCATTTGCCTGTAGTCCCAGCTACTGAAAAGGCTGAAGCAGAAGAATTGCTTGAACCCAGGAGGCTGAGGTTACAGTGAGGCAATATTGTGCCACTGCACTCCAGCCTGGTCGACAGAGCAAGACTCCTCAAAAAAAAAAAAAAAAAAAAAA","TACAAAAAATTAGCCAGGCATGGTGGCATGCACCTGTAGTCCCAGCTACTGGGGAGGCTGAGGCAGGAGAATCGCTTGAACCCAGGAGGCAGAGGTTTCAACGAGCTGAGATCGTGCCACTGCACTCCAGCCTGGGTGACAGAGCAAGACTCCGCCTAAAAAAAAAAAAAAAA"
"chr1","10043509","10043799","chr15","108330667","108330955","26","98287158","GGCCGGGCACGGTGGCTCACGCCTATAATCCCAGTACTTTGGGAGGCAGAGGTGGGCGGATCACAAGGTCAGGAGATGGAGACTATCCTGGCTAACACGGTGAAACCCCATCTCTAGTAAAAATACAAAAAATTAGCTGGGCATGGTGGCATGCGCCTGTAGTCCCAGCTATTTGGGAGGCTGAGGCAGGAGAATCGCTTGAACCCGGGAGGCGGAGGTTGCAGTGAGCCAAGATCACGCCATTGCACTCCAGCCTGGGCGACAGAGCGAGACTCCGTCTCAAAAAAAAAA","GGCCGGGCACGGTGGCTCACGCCTGTAATCCCAGTACTTTGGGAGGCCGAGGCAGGCAGATCACAAGGTCAGGAGATTGAGACCATCCTGGCTAGCACGTGAAACCCTGTCTCTAATAAAAATACAAAAAATTAGCCGGGCGTGGTGGTACGCGCCTGTAATCCCAGCTACTTGGGAGGCAGAGGCAGGAGAATTGCTTGAACCCGGGAGGCAGAGGTTGCAGTGAGCCAAGATCACGCCACTGCACTCCAGCCTGGGTGACAGAGCAAGACTCAGTCTCAAAAAAAAA"
"chr1","10073329","10073618","chr16","48583435","48583727","41","38510106","CCGCGCACAGTGGCTCACACCTGTAATCCCATTTTGGGAGGCTGAGGTGGGTGGATCACAAGGACAGGAGATGGAGACCATCCTGGATAATGCGGTGAAACCCCGTCTCTACTAAAAATACAAAAAAAAATTAGCCAGGCGTGGTGGCAGGCACCTGTAGTTTCAGCTACTCGGGAGGCTGAGGCCGGAGAATTGCTTGAACCTAGGAGGCAGAGGTTGCAGTGAGTCAAGATCACGTCACTGCACTTCCACCTGGGCGACAGAGCAAGACTCCGTCTCAAAAAAAAAAA","CTGGGCACAGTGGCTCACGCCTGTAATCCCAGCACTTTGGGAGGCCGAGACGGGCGGATCACGAGGTCAGGAGATCGAGACCATCCTGGCTAACACAGTGAAACCCCGTCTCTACTAAAAATACAAAAAGAAATTAGCCGGGCATGGTGGCGGGCGCCTGTAGTCCCAGCTACTCGGGAGGCTGAGGCAGGAGAATCGCTTGAACCCGGGAGGTGGAGGTTGCAGTGAGCCAAGATCACGTCATTGCACTCCAGCATGGTGACAGAGCGAGACTCCATCTCAAACAAAAAAAA"
"chr1","10082316","10082598","chr7","145000278","145000562","34","134917962","GGCCGGGCACGGTGGCTCACACCTGTAATCCCAGCACTTTGGGAGGCCGAGACGGGCGGATCACGAGGTCAGGAGATCGAGACCATCCTGGCTAAAACGGTGAAACTCTGTCTCTACTAAAAATACAAAAAATTAGCCGGGTGTGGTGGCACATGCCCATAATCCCAGCTACTTGGGAGGCTGAGGCAGAATTGCTTGAACCTTGGAGGTGGAGGTTGCGGCGAGCCGAGATCATGCCATTGCACTCCAACCTGGGCAACAAGAGCAAAACTCTGTCTCAAAA","GGCCGGGCACGGTGGTTCATGCCTGTAATCCCAGCACTTTAGGAGGCCGAGGTGGGCAGATCACAAGGTCAGGAGATTGAGACCATCCTGGCTAACATGGTGAAACCCTGTCTCTATTAAAAATACAAAAAATTAGCCGGGTGTGGTGGCATGCACCTGTAATCCCAGCTACTTGGGAGGCTGAGGCAGGAGAATTGCTTGAACCTGGGAGGTACAGGTTGCAGTGAGCCAAGATCATGCCACTGCACTCCAGCCTGGGTGACAGATCGAAACTCTGTCTCAAAA"
"chr1","10084285","10084550","chr10","83240707","83240972","35","73156422","GGCCAGGCACGGTGGCTCATGCCTCTAATTCCAGCATTTTGGGAAGCCGAGGCAGGCGGATCATGAGGTCAGGAGATCAAGACCATCCTGGGCTAACACGGTGAAACCCCATCTCTACTAAAAATACAAAAAATTGGCCAGCATGGTGATGCGCGCCTGTAGTCCCAGCTACTCGGGAGGCTGAGGCAGGAGAATCACTTGAGCCGGGGAGGTAGAGGTTGCAGTGAGCCAAGATTGTGCCACTGCACTCCAACCTGGGTGACAAA","GACCAGGTGCGGTGGCTCACGACTGTAATCCCAGCACTTTGGGAGGCCAAGGCGGGCGGATCGCGAGGTCAGGAGATCGAGACCATCCTGGCTAACACGGTGAAACCCCGTCTCTACTAAAAATGCAAAAAATTAGCCGGGCGTGGTGGTGGGCGCCTGTAGTCCCAGCTACTCAGGAGGCTGAGGCAGGAGAATCACTTGAACCCAGGAGGCAGAGGTTACAGTAAGCCAAGATCACGCCACTGCACTCCAGCCTGGGGGACAAA"
"chr1","10093687","10093987","chr7","61781005","61781304","32","51687318","GGCTGGGCGTGGTGGCTTACGCCTGGAATCCCAGCACTTTGGGAGGCCAAGGCAGGCAGATCACAAGGTCAGGAGATTAAGACCATCCTGGCTAACACGGTGAAACCCCGTCTCTACTAAAAATACAAAAAAATTAGCCGGGCTTGGTGGCGGGTGCCTGTAGTCCCACCTCCTTGGGAGGCTAAGCCAGAAGAATCGCTTGAACCCAGGAGGTGGAGGTTGCAGTGAGCCAAGACCATGCCACTGCACTCCAGCCTGGGTGACAGAGCGAGACTCCATCTCAAAAAAAAAAAAAAAAAAA","GGCTGGGCGCGGTGACTCAGGCCCATAATCCCAGCACTTCGGGAGGCCGAGGCGGGCAGATCACGAGGTCAGGAGATCGAGACCATCCTGGCTAACACAGTGAAACCCCGTCTCTACTAAAAATACAAAAAATTAGCCTGGCCTGGTGGCGGGCGCCTGTAGTCCCAGCTACTTGGGAGGCTGAGGCAGGAGAATCGCTTGAACCTGGGAGGCAGAGGTTGCAGTGAGCCAGGATCACGCCACTGCACTCCAGCCTGGGTGACAGAGTGAGACTCCGTCTCAAAAAAAAAAAAAAAAAAA"
"chr1","10101290","10101588","chr6","177249478","177249776","24","167148188","GCTGGGCACAGTGGCTCACACCTGTAATCCCAGCACTTTGGGAGGCCGAGGTGGGCGGATCATGAGGTCAGAAGATCGAGACCATCCTGGCTAACATGGTCAAACCCTGTCTCTACTAAAAATACAAAAAATTAGCCGGGTGTGGTGGCATGCACCTGTAATCCCAGCTACTCGGGAGGCTGAGGCAGGAGAATCACTTGAACCTGGGAGGCAGAGGTTGCAGTGAGCCAAGACCGCACCACTGCACTCCAACCTGGGCGACAGAGTGAGACTCCGTCTCAAAAAAATAAAAAAAAGAA","GGCTGGGCACAGTGGCTCACACCTGTAATCCCAGCACTTTGGGAGGCTGAGGCGGGCGGATCATGACGTCAGGAGATTGAGACCATCCTGGCTAACACGGTGAAACCCTGTCTCTACTAAAAATACAAAAAATTAGCCGGGTGTGGTGGCAGGCACCTGTAGTCCCAGCTACTTGGGAGGCTGAGGCAGGAGAATTGTTTGAACCTGGGAGGCAGAGGTTGCAGTGAGCTGAGATTGCACCACTGCACTCCAGCCTGGGCAACAGAGTAAGACTCCATCTCAAAAAAAAAAAAAAAAAA"
"chr1","10103822","10104012","chr1","25647948","25648135","34","15544126","GTCTCTACTAAAAATACAAAAAATTAGCCGGGCATGGTGCCACGTAACTGTAATCCCAGCTACTTGGGAGGCTGAGGCAGGAGAATCGCTTGAACCCGGGAGGCACAGGTTCCAGAGAGCCAAGGTTGTGCCACTGCACTCCAGCCTGGGCAAAAAAGCAAAACTCCATCTCAAAAAGAAAAAAAAAAAAA","TTATATATAAATATATAAATAGCCGGGCATGGTGGCACATGCGTGTAATCCCAGCTACTTGGGAGGCTGAGGCAGGAGAATCGCTTAAACCCAGGAGGCAAAGGTTGCAGTGAGCTAAGATTGCACCATTGCACTCTAGCCTGGGCAACGAGCAAAACTCTGTCTCAAAAAAAAAGAAAAAAAAAGAA"
"chr1","10145362","10145650","chr2","159694664","159694955","33","149549302","TGGCTGGGTGAGGTGGCTCACGCCTGTAATCCCAGCACTTTGGGAGGCTGAGGCAGACAGATCACGAGGTCAGGAGATCAAGACCATCCTGGCCAACATGGTGAAACCCCGTCCCTACTAAAAATGCAAAAATTAGCCGGGCATGATGGCATGTGCCCGTAGTCCCAGCTACTCAGGAGGCCAAGGCAAGAGAATTGCTTGAACCCGGGAGGCAGAGGTTGCAGTGAGCCGAGATCGTGCCACTATACTCCAGCCTGGGCAACAGAGCGAGACTCTGTCTCAAAAAAAA","GGCTGGGCGCGGTGGCTCACGCCTGTAATCCCAGCACTTTGGGAGGCTGAGGCAGGCGGATCACAAGGTCAGGAGATCAAGACCATCTTGGCCAACACGGTGAAACCCCGTCTCTACTAAAAATGCAAAATATTAGCCGTGCATGGTGGCACATGCCTGTAGTCCCTGCTACTCAGGAGGCTGAGGCAGGAGAATTGCTTGAACCTGGGAGGCGGAGGTTGCAGTGAGCCGAGATCACTCCACTGCGCTCCAGCCTGGGCAACAGAGCGAGAGTCCATCTCAAAAAAAAAAA"
"chr1","10217464","10217763","chr20","24065144","24065443","27","13847680","GCTGGGTGTGGTGGCTCACACCTGTAATCCCACCATTTTGGGAGGTCGAGGTGGGTGAATCACAAGGTCAGGAGATTGAGACCATCCTGGCTAACATGGTGAAACCCCGTCTCTACTAAAAATACAAAAAAATTAGCTGGGCGTGGTGGCGGGCGCCTGTAGTCCCAGCTACTCAGGAGGCTGAGGCAGGAGAATCGCTTGAACCCGGGAGGCGGAGGTTGCAGTGAGCCAAGATTGCGCCATTGCAGTCCAGCCTGGGCAACAGAGCAAGACTCCGTCTAAAAAAAAAAAAAAAAAAAA","GGCTGGGTGTGGTGGCTCACGCCTGTAATCCCAGCACTTTGGGAGGTCGAGGGGGGCGGATCACAAGGTCAGGAGATTGAGACCATCCTGGCTAACACAGTGAAACCCCGTCTCTACCAAAAATACAAAAAATTAGCGGGGCGTGGTGGCAGGCGCCTGTAGTCCCAGCTATTCGGGAGGCTGAGGCAGGAGACTAGCTTGAACCTGGGAGACGGAGGTTGCAGTGAGCCAAGATCGCGCCACTGCACTCCAGCCTGGGCGACAGAGTAAGACTCTTTCTCAAAAAAAAAAAAAAAAAAA"
"chr1","10261762","10262061","chr2","44364597","44364899","33","34102835","GGCCAGGTGCGTGGGCTCACGCCTGTAATCCCAGCACTTTGGGAGGCCGAGGCGGGCGGATCACGAGGTCAGGAGATCAAGACCATCCTGGCTAACACGGTGAAACCCCGTCTCTACTAAAAATACAAAAAATTAGCTGGGCGTAGTGGTGGGCGCCTGTAGTCCCAGCTACTCAGGAGACTGAGACAGGGGAATTGCTTGAACCCAGGCGGCAGAGGTTACAGTGAGCTGAGATCACGCCATTGGATTCCAGCCTGGACTACAGAGCGAGACTCCATCAAAAAAAAAAAAAAAAAAAAA","GGCCAGGCACGGTGGCTCACACCTGTAATCCCAGCACTTTGGGAGGCCGAGGCAGGTGGATCATGAGGTCAGGAGATCGAGACCATCCTGGCTAACACAGTGAAACCCCGTCTCTACTAAAAATACAAAAAACTAGCCGGGCGTTATGGCGGGCGCCTGTAGTCCCAGCTACTCGGGAGGCTGAGGCGGGAAAATTGCTTGAACCCAGGAGGCAGAGGTTGCAGTGAGCTGAGATCGCGCCACTGTACTCCAGCCTGGGCGACAGAGCGAGTCTCCATCTCAAAAAAAAAAAAAAAAAAAAAA"
"chr1","10286428","10286732","chr4","3752022","3752324","35","6534406","CCGGGTGCAATGGCTCACGCCTGTAATCCCAGCACTTTGGGAGGCCGAGGAAGGCGGATCACGAGGTCAGGAGATCGAGACCATCCTGGCTAACACGGTGAAACCCCATCTCTACTAAAAATACAAAAAATAAGCCAGGCGTAGTGGCAGGTGCCTGTAGTCCCAACTACTTGGGAGGCTGAGGCAGGAGAATCACTTGTACCCAGGAGGCAAAGATTGCAGTGAGCTGAGATCGCGCCACTGCACTCCAGCATGGGTGAAAGAGCAAGACTCCGTCTCAAAAACAAACAAACAAAATACAAAAA","GGCCGGGGGCGGTGGCTCACGCCTGTAATCCCAACACTTTGGGAGGCCGAGGCGGGCGGATCACGAGGTCAGGAGATCGAGACCATCCTGGCTAACACGGCGAAACCCCATCTCTACTAAAAATACAAAAAATTAGCCAGGCGTGGTGGCACGTGCCTGTAGTCCCAGCTACTCGGGAGGCTGAGGCAGGAGAATCGCTTGAACCTGGGAGACAGAGGTTGAAGGGAGCCGAGATCGCACCCCTGCACTCCAGCCTGGGTGACAGAGCGAGCCTCCGTCTCAAAAAAAAAAAAAAAGAAAAAA"
"chr1","10302260","10302572","chr1","9382859","9383171","22","919401","GGTTGGGCGCGGTGGCTCACGCCTGTAATCCCAGCACTTTGGGAGGCCGAGGCAGGCAGATCATGAGGTCAGGAGATCGAGACCATCCTGGCTAACATGGTGAAACCCCGTCTCTACTAAAAATACAAAAAAAATTAGCCAGGCGTGATGGTGCATGCCTGTAGTCCCAGCTATTTGGGAGGCTGAGGCAAGAGAATTGCTTGAATCTGGGAGGTGGAGGTTGCAGTGAGCTGAGATCGCACCACTGCACTCCAGCCTGGGCAACAGAGGGAGACTCCGTCTCAAAAAAAAAAAAAAAAAAAAAGAAAAAGAA","GGTTGGGCGCGGTGGCTCACGCCTGTAATCCCAGCACTTTGGGAGGCCGAGGCAGGCGGATCAAGAGGTCAGGAGATCGAGACCATCCTGGTTAACATGGTGAAACCCCATCTCTACTAAAAATACAAAAAAAATTAGCCAGGCATGTGTGTGCACACCTGTAGTCCCAGCTACTTGGGAGGCTGAGGCAAGAGAATTGCTTGAATCTGGGAGGTAGAGGTTGCAGTGAGCCGAGATCATACCAATGCACTCCAGACTGGACAACAGAGGTAGACCCCATCTCAAAAAAAAAAAAAAAGAAAAAAAAAAAGAA"
"chr1","10317289","10317561","chr7","95960109","95960384","37","85642820","GGTGGCTCACGCCTATAATCCCAGCACTTTGGGAGGTGGAGGCGGGCAGATCATGAGGTCGGGAGATCAAGACCATCCTGGGTAACACGGTGAAACCCCATCTCTACCAAAAATACAAAAAATTAGCCGGGCATGGTGGCACATGCCTGTAGTCCCAGCTACTTGGGAGGCTGAGGCAAGAGAATCGCTTGAACCCGGGAGGTGGAGGTTGCAGTGAGCTGAGATCGCACCACGTCACTCCAGCCTGGGCAACAGAGTGAGACCCCATCTCAA","GCAGTGGCTCACGCCTATAATCCCAGCACTTTGGGAGGCCAAGGGGGGCGGATCACGAGGTCGTGAGATCAAGACCATCCTGGGTAACAGGGTGAAACCCGGTCTCTACTAAAAATAACAAAAAATTAGCCGGGCTTGGTGGCGGGCGCCTGTAGTCCCAGTTACTCGGGAGGCTGAGGCGGGAGAATCACTTGAACCCGGGAGGCGGAGGTTGCAGTGAGCTGAGATCGTGCTACCGCACTCCAGCCTGGTGACAGAGCGAGACTCCGTCTCAAA"
"chr1","10342793","10343092","chr11","96407817","96408112","33","86065024","GGCTGGGCACGGCAGCTCACGCTTGTAATCCCAGCACTTTGGGAGGCTGAGGCGGGCAGATCACAAGGTCAGGAAATCGAGACCATCCTGGCTAACATGGTGAAACCCCATCTCTACTAAAAATACAAAAAATTAGCCAGGTGTGGTGACACGCACCTGTAAACCCAGCTACTCGGGAGGCTGAGGCAGGAGAACCGCTTAAACCCGGGAGGCGGAGGTTGCAGTGAGCTGGGATATCGCACTACTGCACTCCAGCCTGGGCAACAGAGCGAGACTCCATCTCAAACAAACAAACAAAAA","GGCTGGGTGCGATGGCTCACACCTGTAATCCCAGCACGTTGGGAGGCTGAAGTGGGCAGATCATGAGGTCAGGAGATCGAGACCATCCTGGCTAACATGGTGAAACCCCATCTCCACTAAAAATACAAAAAATTAGCCAGGTGTGGTGGCACACACCTGTAATCCCAGCTACTCGGGAGGCTGAGGCAGGAGACTCGCTTGAACCCGGGAGGCAGCGGTTGCAGTGAGCTGAGATCGCACCACTGCACTCCAGCCTGGGCAACAGAGCAAGGCTCCGCCTCAAAAAAAAAAAAAAA"
"chr1","10380580","10380845","chr1","9474971","9475236","29","905609","GGCTGGGCAAGGTGGCTCATGCCTGTAATCCCAGCACTTTGGGAGGACGAGGCAGGCAGATCACGAGGTCAGGAGATCGAGAACATCTTGGCCAACATGGTGAAACCGCATCTCTACTAAAAATACAAAAATAGTCCCAGCTATTCTGGAGGCTGAGGCAGGAGAATCGCTTGAACCCAGGAGGCGGAGGTTGCAGTGAGCCAAGATCATGCCACTGCATTCCAGCCTGGGCAAGAGGAGTGAAAGTCTAAAAAAAAAAAAAAAAA","GGCTGGGAGTGGTGGCTCATGCCTGTAATCCCAGCACTTCTGGAGGCCAAGGCAGGCAGATCATAAGGTCAGGAGATCGAGAACATCTTGGCCAACATGGTGAAACCCCATCTCTACTAAAAATACAAAAATAGTCCCAGCTATTCTGGAGGCTGAAGCAGGAGAATAGCTTGAACCCTGGAGGCGTAGGTTGCAGTGAGCCAAGATTGTGCTACTACACTTCAGCCTGGGTAAGAAGAGTGAAACTCTGTCTTTAAAAAAAAAAA"
"chr1","10493656","10493845","chr9","69069873","69070058","31","58576217","GGCCGGGCGCAGTGGCTCACGCCTGTAATCCCAGCACTTTGGGAGGCTGAGGCTGGCAGATCATGAGGTCAGGAGACCAAGACCATCCTGGCTAACACGGTGAAACCCCATCTCTACTAAAAATACAAAAAATTAGCTGGGTGTGGCCGGGTGCAGTGGCTCACGCCTGTAATCCCAGCACTTTGGGAGG","GGCTGGGCGTGGTGGCTCACGCCTGTAATCTCAGCACTTTGGGAGGCTGAGGCGGGCAGATCACAAGGTCAGGAGATCAAGACCGTCCTGGCTAACACAGCGAAACCCCATCTCTACTAAAAATACAAAAAATTAGCCAGGTGTGGCGCCATGTACCTGTAGTCCCAGCACTTTGGGAGGCCGAGG"
"chr1","10514008","10514270","chr13","80255959","80256222","38","69741951","GGGAGGCCGAGGTGGGCAGATCACGAGGTCAGGAGATCGAGACCATCCCGGGTAACTTGGTGAAACCCCAACTCTACTAAAAATACAAAAAATTAGCTGGGTGTGGTGGCGTGCACCTGTAGTCCCAGCTACTCAGGAGGCTGAGGAAGGAGAATTGCTTGAACCCGGGAGGTGGAGGCTTCAGTGAGCCGGGATTGTGCCACTGCACTCCAGTCTGAGCAACAGACCAAGACACTGTCTCAAAAAAAAAAAAAAAAGAGAAA","GGGAGGCCGAGGTGGGCAGATCATGAGGTCAGGAGATCGAGACCATCCTGGTTAACAAGGTGAAACCCTGTCTCTACTAAAAATACAAAAAACTAGCTGGGTGTGGTGGCATGCACTGTAGTCCCAGCTACTCGGGAGGCTGAGGCAGAAGAATCGCTTGAACCTGGGAGGCGGAAGTTGCAGTGAGCCACGATCGCGCCACTGCACTCCAAGCTGGGTGACAGAGAGAGACACCCTCTCAAAAAAAAAAAAAAAAAAAAAGAA"
"chr1","10523928","10524227","chrX","54753778","54754077","32","44229850","GGCCGGGTGTGGTGGCTCACACCTGTAATCCCAGCACTTTGGGAGGCCGAGGCAGGTGGACCAAGAGGTCAAGAGATCAAGACCATCCTGGCTAACGTGGCGAAAACCCATCTCTACTAAAAATACAAAAAATTAGCCTGGCATGGTGGCATGCGCCTGTAGTCCCAGCTACTTGGGAGGCTGAGGCAGGAGAATTGTTTGAACCCAGGAGGCAGAAGTTGCAGTGAGCCGAGATCATGCCACTGCACTCCAGCCTGGGCGACAGAGTGAAACTCCATCTGAAAAAAAAAAAAAAAAAAA","GGCCAGGCGTGGTGGCTCACGCCTGTAATACCAGCACTTTGGGAGGCCGAGGTGGGAAGATCACGAGGTCAGGAGATCGAGACCATCCTGGCTAACTTGGTGAAACCCCATCTCTACTAAAAATTCAAAAAATTAGCCAGGCGTGTTGGCATGCACCTGTAGTCCCAGCTACTCGGGAGGCTGAGGCTGGAGAATTGCTCGAACCCGAGAGGCGGAAGTTGCAGTGAGCCCAGATCATGCCACTGCACTCCAGCCTGGGCAACAGAGTGAGACTCCGTCTCAAAAAAAAAAAAAAAAAAA"
"chr1","10533591","10533887","chr6","177249478","177249776","29","166715887","GGCCGGGCACAGTGGTTCATGCCTGTAATGCCAGCACTTTGGGAGGCCGAGGCGGGTGGATCATGAGGTCAGGAGATTGAGACCATCCTGGCTAACATCATGAAACCCTGTTTCTACTAAAAATACAAAAAATTAGCCAGGTGTGGTGGCACGTGCCTGTAGTCCCAGCCACTCAGGAGGCTGAGGCAGGAGAATTGCTTGAACCTGGGAGGCAGAGTTTGCAGTGAGCTGAGATGGCACCACTGCACTCCAGCCTGGGCGACAGAGCGAGACTTCGTCTCAAAAAAAAAAAAAAAA","GGCTGGGCACAGTGGCTCACACCTGTAATCCCAGCACTTTGGGAGGCTGAGGCGGGCGGATCATGACGTCAGGAGATTGAGACCATCCTGGCTAACACGGTGAAACCCTGTCTCTACTAAAAATACAAAAAATTAGCCGGGTGTGGTGGCAGGCACCTGTAGTCCCAGCTACTTGGGAGGCTGAGGCAGGAGAATTGTTTGAACCTGGGAGGCAGAGGTTGCAGTGAGCTGAGATTGCACCACTGCACTCCAGCCTGGGCAACAGAGTAAGACTCCATCTCAAAAAAAAAAAAAAAAAA"
"chr1","10538507","10538736","chr16","14612829","14613055","30","4074322","GGCCGGGCGCGGTGGCTCACACCTGTAATCCCAGCATTTTGGGAGGCCGAGGCAGGCGGATCACGAGGTCAGGAGATCCAGACCATCCTGGCTGACACGGTGAAACCCCGTCTCTACTAAAAATACAAAAATTAGCCGGTTGTAGTGGCGCGTGCCTGTAATCCCAGCTACTCGCGAGGCTGAGGCAGGAGAATCGCTTGAACCTGGGAGGTGGAGGTTGCTGTGAACCG","GGCCGGGCACAGTGGCTCACACCTGTAATCCCAGTGCTTTGGGAGGCCGAGGTGGGCGGATCACGAGGTCAGGAGATCGAGACCATCCTGGCCAACATGGTGAAACCCGGTCTCTACCAAAAATACAAAAAATTAGCCGGGCATGGTGGCGCGTGCCTGTAATCCCAGCTACTCGGGAGGCTGAAGCAGGAGAATCTCTTGAACCCGGGAGTCAGAGGTTGCAGTGA"
"chr1","10573025","10573191","chr4","49540998","49541166","26","38967973","TTACCCAGGCATGGAAGCACATGCTGTAGTCCCAGCTACTCAGGAGGCTGAGGCAGGAGAATCACATGAACCTGGGAGGCGGAAGTTGCAGTGAGCTGAGACCGCGCCATAGCACTCCAGCCTGGGTGACAGCTAGACTCCGTCTCAAAAAAAAAAAAAAAAAAAAA","TTAGCCAGGCATGGTGGCACGTGCCTGTAGTCCCAGGTACTCGGGAGGCTGAGGCAGGAGAATTGCTTGAACCTGGAAGGCGGAGGTTTCAGTGAGCCGAGATCACGCCACTGCACTCCAGGCTGGGTGACAGAGCGAGACTCATCTCAAAAAAAATAAAAATAAAAAA"
"chr1","10582281","10582576","chr1","61388678","61388976","31","50806397","GGCCGAGCGTGGTGGCTCGCGCTTGTAATCCCAGCACTTTGGGAGGCCGAGGCGGATGGATCACGAGGTCAGGAGATCGAGACCATCCTGGCTAACACAGTGAAACGTGTTTCTACTAAAAGTACAAAAAACTAGCTGGGCGTGGTGGCAGGAGCCTGTAGTCCCAGCTACTCGGGAGGCTGAGGCAGGAGAATTGCTTGAACTGGGGAGGCAGAAGTTGCAGTGAGCCGAGATTATGCCACTGCACTCCAGCCTGGGTGACAGAGTGACACTCTGTCTCAAAAAAAAAAAAAAAA","GGCCGGGCTCGGTGGCTCACGCCTATAATCCCAGCACTTTGGGAGGCCGAGACGGGTGGATCACGAGGTCAGGAGATCGAGACCATCCTGGCTAACACGGTGAAAGCCCGTCTCCACTAAAAATACAAAAAATTAGCTGGGCGTGTTGGCAGGCGCCTGTAGTCCCAGCTACTCGGGAGGCTGAGGCAGGAGAATTGCTTGAACCTGGGAGGTGGAGGTTGCAGTGAGCCGAGATCACACCACTGCACTCCAGCCTGGGTGACAGAGCAAGACTCTGTCTCAAAAAAAAAAAAAAAAAA"
"chr1","10588001","10588292","chr8","143767297","143767585","32","133179296","CAGGCACGGTGGCTTATGCCTGTAATCCCAGCACTTTGGGAGGCCGAGGCGGGCAGATCACAAGGTCAGGAGATCGAGACCATCCTGGCTAACACGGTAAAACCCCATCTTTACTAAAAATACAAAAAATTAGCCGGGCGTGGTGGTGTGCACCTGTAGTCCCAGCTACTCGGGAGGCTGAGGCAGAAGAATCGCCTGAACCCAGGAGGTGGAGCTTGCAGTGAGCCGAGATCGCACCACTGCTCTCCAGCCTGGGTGACAGAGAGAGACTCCATCTCCAAAAGAAAAAAAA","GGCACAGTGGCTCACGCCTGTAATCCTAGCACTTTGGGAGGCCGAGGCTGGTGGATCACCAGGTCAGGAGATCGAGACCATCCTGGCTAACACGGTAAAACCCCGTCTCTACTAAAAATACAAAAAATTAGCTGGGTGTGGTGGCGGCACCTGTAGTCCCAGCTACTCGGGAGGCTGAGGCAGGAGAATCGCTTGAACCCAGGAGGCGGAGCTTGCAGTAAGCCAGAACTGCATCACTGTACTCTAGCCTGGGTGACAGAGAGAGACTCCGTCTCAAAAATTAAACAAA"
"chr1","10602836","10603020","chr20","27267477","27267649","30","16664641","TTAGCCAGGCGTAGTGGCACACACCTGTAGTCTCAGCTACTCAGGAGGCTGAGGCAGGTGAGGCAGGAGAACCGCTTGAACCTGGGAGGCTGAGGTTGCAGTGAGCCGAGATTGAGCCACTGTACTCCAGCCTGGGCAACAGAGGGAGACTCCATCTCAAAAACAAACAAACAAAAAAAAAAAAA","TTAGCCGGGCGTGGTGGCACACACCTGTAGTCCCAGCTACTTGGGAGGCTGAGGCAGGAGAATCCCTTGAACCCAGGAGGCGGAAGTTGCAGTGAGCTGAGATCGCACCACTGCACTCCAGCCTGGGTAACAGAGTGAGACTCCATCTTAAAAAAAAAAAAAAAAAAAAAAAA"
"chr1","10635695","10636001","chr1","9758331","9758640","38","877364","GGCCGGGCGCGGTGGCCTACGCCTGTAATCCCAGCTCTGGGAGACCAAGGTGGGTGGATCACGAGGTCATGAGATCCAGACCATCCCAGCTAACACGATGAAACCTCATCTCTACTAAAAATACAAAAAATTAGCCGGGCGTGGTGGCACACACCTGTAGTCCCAGCTACTCAGGAGGCTGAGGCAGGAGAATCGCTTGAACCCGTGAGGCGGAGGTTGCAGTGAGCCGACATCACGCCACTGCACTCCAGCCTGGCGACAGAGCAAGACTCCATCATAAAAAATAAAAATTAAAAAAAAAAAAGAA","GGCCAGGCGCGGTGGCCCACGCCTGTAATCCCAGCACTTTTGGAGGCCAAGGTGGGGGGATCACGAGGTCACAAGATTGAGACCATCCCAGCTAACACAATGAAACCTCATCTCTACCAAAAATATAAAAAATTAGCCGGGTGTGGTGGCTCGTGCCTGTAGTCCCAGCTACTCAGGAGGCTGAAGTAGAAGAATTGCTTGAACCCAGGAGGCGGAGGTTGCAGTGAGCCGAGATCACGCCACTGCACTCCAGACTGGCGACAGAGCAAGACTCCACTATTAAGAAAAAAAAAAAAAAGAAGGAAAAGAA"
"chr1","10648943","10649240","chr5","19074410","19074703","33","8425467","GGCCAGGCGCGGTGGCTCACGCCTGTAATCCCAGCACTTTGGGAGGCTGAGGCGGGCGGATCATGAGGTCAGGAGATCGAGACGATCCTGGCTAACACGGTGAAACCCCGTCTCTACTAAAAATACAAAAACTTAGCCGGGTGTGGCAGCACGCACCTATAGTCCCAGCTACTAGGGAGGCCGAGGTAGGAGAATCGCTTGAACCTGGGAGACAGAGGTTGCAGTGAGCCAAGATCACGCCACTGCACTCCAGCCTGGAAGACACAATGAGACTCTGTCTCAAAAAAAAAAAAAAAAA","GGCCGGGTGCGGTGGCTCACGCCTGTAATCCCAACACTTTGGGAGGCTGAGGTGGGTGGATCACGAGGTCAGGAGATCGAGAATATCCTGGCTAACACGAAGAAACCCCGTCTCTACTGAAAATACAAAACATTAGCCAGGCGTGGCGGCAGGCGCCTCTAGTCCCAGCTACTAGGGAGGCTGAGGCAGGAGAATCGCTTGAACCTGGGCGGAGGTTGCAGTGAGCCAAGATCACGCCACTGCACTCTAGCCTGGGAGACAGAGTGCGACTCCGTCTCAAAAAATAAAAAAAAA"
"chr1","10666227","10666535","chr7","113241613","113241916","34","102575386","GGCTGGGCGCGGTGGCTCACGCCTATAATCCCAGCACTTTGGGAGGCAGAGGCGGGAGGATCACGAGGTCAGAAAATTGAGACCATCCTAGCTAACACGGTGAAACCCCGTCTCTACTAAAAATACAAAAAATTAGCTCGGCGTGGTGGTATGCGCCTGTAGTCCCAGCTACTCGCGAGGCTGAGGCAGGAGAATCGCTTTAACCCGGGAGACAAAGGTTGCAGTGAGCCGAGATCGTGTCACCGCACTCCAGCCTGGGTGACAGAGCAAGACTCCATCTCAAAAATAGAAACAAAAACAAACAAAAAA","GGCTGGGCGCAGTGGCTCACGCCTGTAATCCCAGCACTTTGGGAGGCCAAGGCGGGCAGATCACGAGGTCAGGAGATTGAGACCATCCTGGCTAACACGGTGAAACGCCGTTTGTACTAAAAATACAAAAAATTAGCTGGGCGTGGTGGCACGCGCTTGTAGTCCCAGCTACTCGGGAGGCTGAGGCAGGAGAATCGCTTGAATCCGGGAGGCAGAGGTTGCAGTGAGCCGAGATCATGCCACTGCACTCCAGCCTGGGCGACAGAGTGCGACTCGATCTCAAAAAAAAAAAAAAAAAAAAAAA"
"chr1","10877294","10877588","chr1","130574287","130574581","27","119696993","GGCTGGGCGTGGTGGCTCACACCTGTAATCCCAGCACTTTGGGAGGCCGAGGCGGGTGGATCACAAGATCAGGAGATCGAGACCATCCTGGCCAACATGGTGAAACCCCATCTCTACTAAAAACACAAAAAATTAGCTGTGCATGGTGGCACACGCCTGTAGTCCTAGCTACTCAGGAGGCTGAGGCAGGAGAATTGCTTGAACCAGGGAAGTGGAGGCTGCAGTGAGCTGAGGTTGCACCACTGCACTCCAGCCTGGGCGACAGAGTGAGACTCTGTCTCAAAAAAAAAAAAAA","GGCTGGGTGCAGTGGTTCACACCTGTAATCCCAGCACTTTGGGAGGCTGAGGCAGGTGGATCACAAGGTCAGGAGATGGAGACCATCCTGGCTAACACGGTGAAACCCCATCTCTACTGAAAACACAAAAAATTAGCTGGGCATGGTGGCACACGCCTGTAGTCCCAGCTACTCAGGAGGCTGAGGCAGGAGAATCGCTTGAACTTGGGAGGCGGAGGTTGCAGTGAGCCAAGATAACACCACTGCACTCCAGCCTGGGCGACAGAGCAAGACTCCGTCTCAAAAAAAAAAAAAA"
"chr1","11063704","11063999","chr14","66326782","66327072","32","55263078","GGCCGGGCGTGGTGGCTCACGCCTGTAATCCCAGCACTTTGGGAGGCCGAGGTGGATGGTTCACAAGATCAGGATTTCGAGACCATCCTAGCAAACACGGTGAAACCCCGTCTCTATTAAAAATACAAAAAATTAGCTGAGCGTGGTGGCACGCGCCTGCAGTCCCAGCTACTCAGGAGGCTGAGGCAGGAGAATTGCTTGAACCCGGGAGGCGGAGGTTGCAGTGAGCTGAGATCGGTTGCGCCACTGCACTCCAGCCTGGGCAACAGAGCAAGACTCCGTCTCAAAAAAAAAAA","GGCTGGGCGTGGTGGCTCACGTCTGTAATCCCAGCACTTTGGGAGGCCGAGGTGGGCGGATCACAAGGTCAGGAGATAGAGACCATCCTGGCTAACACGGTGAAACCCCGTCTCTACTAAAAATACAAAAAATTAGCTGGGCATGGTGGCACTTGCCTGTAGTCCCAGCTACTCAGGAGGCTGAGGCAGGAGAATTGCTTGAACTCAGGAGGCAAAGGTTGCAGTGAGCTGAGATCGCGCCACTGCACTCTAGCCTGGGCGACCAAGTGAGACTCCGTCTCAAAAAAAAAA"
"chr1","11087668","11087977","chr16","1680827","1681137","29","9406841","GGCTGGGCGCAGTGGCTCACGCCTGTAATCCCAGCACTTTGGGAGGCTGAGGCAGGCGGATCATAAGGTCAGGAGATCGAGACCATCCGGCTAACACAGTGAAACCCTGTCTCTACTAAAAACACAAAAAATTAGCTGGGCGTGGTGGCATGCACCTGTAGTCCCAGCTACTTGGGAGGCTGAGGCAGGAGAATCGCTTGAACCCAGGAGGAGGAGGTTTCAGTGAGCCGAGATCGCACCACTGCACTCCAGCCTGGGCAACAGAGCGAGACTCTGTCTCAAAAAAAAAAAAAAAAAGAAAAGATAAGAA","GGCCGGGTGCAGTGGCTCACGCCTGTAATCTCAGCACTTTGGGAGGCCGAGGCAGGCAGATCACAAGGTCAGGAGATCGAGACCATCCTGGCTAACATGGTGAAACCCCGTCTCTACCAAAAACACAAAAAATTAGCCGGGCGTGGTGGCGGGCACCCGTAGTCCCAGCTACTCGGGAGGCTGAGGCAGGAGAATTGCTTGAACCCGGGAGGTGGTGGTTACAGTGAGCCGAGATCGCGCCACTGCACTCCAGCCTGGGCAACAGAGTGAGACCCTGTCTCCAAAAAAAAAAAAAAAAAAAAGAAAGAAAA"
"chr1","11121155","11121459","chr4","88700124","88700424","33","77578969","GACCGGGCGCGGTGGCTCACGCCTGTAATCCCAGCACTTTGGGAGGCCGAGGCGGGCGGATCACGAGGTCAGGAGATCAAGACCATCCTGGCTAACATGGTGAAACACCGACTCTACTAAAAACACACACAAAAAAATGAGCCAGGCTTGATGACGCACGCCTGTGGTCCCAGCTACTCAGGAGGCTGAGGCAGGAGAATCACTTAAACCCGGGAGGCAGAGGTTGCAGTGAGCTGAGATTGCACCACTGCACTCCAGCCTGGGTGACAGAGCGAGACTGTCTCAAAAAAAAAAAAAAAAAGAAA","GGCCGGGCGTGGTGGCTCAGGCCTGTAATCCCAGCACTTAGGGAGGCTGAGGCGGGCGGATCACGAGGTCAGGAGATCAAGACCATCCTGGCTAACACGGTGAAACCCCATCTCTACTAAAAATACAAAAAATTAGCCAGGTGTAGTGGCCAGCGCCTGTAGTCCCAGCTACTCGGGAGGCTGAGGCAGGAGAATCACTTGAACCCGGGAGGCAGAGCTTGCAGTGAGCCGAGATCGCGCCACTGCACTCCAGCCTGGGTGACAGAGCGAGACTCTGTCTCAAAAAAAAAAAAAAAAAGAA"
"chr1","11140583","11140890","chr16","14212456","14212761","35","3071873","GGCCGGGCGCAGTGGCTCACACCTGTAATCCCAGCACTTTGAGAGGCCGAGGCGGGCGGATCACAAGGTCAGGAGATCGAGACCATCCTGGCTAACACAGTGAAACCCCATCTCTACTAAAAATACAAAAATTAGCTGGGCACGTGCAGTGGTAGGCGACTGTAATCCCAGCTACTCGGGAGCTGAGGCAGGAGAATCACTTGAACCCGCAAGTTAGAGGTTGCAGTGGGCCGAGATCGTGCCATTGCACTCCAGTCTGGGTGACAGAGTGAGACTCCGTTTCAAAAAAAAAAAAGAAAGAAAAGAAA","GGCCGGGCACGGTGGCTCACGCCTGTAATCCCAGCACTTTGGGAGGCCGAGGCGGGCGGATCACAAGGTCAGGAGATCGAGACCATCCTGGCTAACACGGTGAAACCCCATCTCTAGTAAAAATACAAAAAATTAGCCGGGTGTGGTGGTGGGCGCCTGTGGTCCCAGCTACTCGGGAGGCTGAGGCAGGAGAATCATTTGAACCCGGGGGGCAGAGGTTGCAGTGAGCCGAGATCATACCACTGGACTCCAGCCTGGGTGACAAAGGGAGACTCCGTCTCAAAAGAAAAAAAAAAAGAAAAGAAA"
"chr1","11198412","11198720","chrX","872740","873049","31","10325672","GGCCGGGCGCGGTGGCTCACGCCTGTAATCCCAGCACTTTGGGAGGCCGAGGCAGGCGGATCACGAGGTCAGGAGATCGAGACCATGCTGGCCAACACGGTGAAACTCCTTCTCTACTAAAAATACAAAAAATTAGCCGGGCATGGTGGTGGACGCCTGTAATCCCAGCTACTCAGGAGGCTGAGGCAGGAGAATCGCTTGAACCTAGGAGGCGGAGGTTGCAGTGAGCCGAGATCACGCCACCTCATTTGAGCCTGGGCAGTAGAGCAAGACTCTGTCTCAAAAAAAAAGGCAAATGCAAAGAGAAAA","GGCCGGGCGCGGTGGCTCACGCCTGTAATCCCAGCACTTTGGGAGGCCGAGGCAGGCGGATCACGAGGTCAGGAGATGGAGACCATCCTGGCTAACACGGTGAAACCCCGTCTCTACTAAAAATACAAAAATTAGCCGGGCGTGGTGGCGGGCGCCTGTAGTCCCAGCTACTCAGGAGGCCGAGGCAGGAGAATCGCTTGAACCCAGGAGGCGGAGGTTGCAGTGAGCCGAGATCACCCCATTGCACTCCAGCCTGGGCGACAGAGCAAGACTCCGTCTCAAAAAAAAAAAGAAAAGAAAAGAAAAGAAA"
"chr1","11205384","11205679","chr4","88700124","88700424","34","77494740","GGCTGGGCATGGTGGCTCACGCCTGTAATCCCAGCACTTTGAGAGGCCGAGGTGGGCGGATCATGAGGTCAGGAGATCAAAACCATCCTGGCTAACATGGTGAAACCCCATCTCTACTAAAAATACAAAAAATTAGCCAGGCGTCGTGGCAGGCGCCTGTAGTCCCAGCTACTCGGGGGGCTGAGGCAGGAGAATCGCTTGAACCTGGGGGGCGGAGCTTGCAGTGAGCCGAGGTTGCGCCACTGCACTCCAACCTGCGCGACAGAGCAAACTCTAGCCAAAAAAGAAAAAGAAAA","GGCCGGGCGTGGTGGCTCAGGCCTGTAATCCCAGCACTTAGGGAGGCTGAGGCGGGCGGATCACGAGGTCAGGAGATCAAGACCATCCTGGCTAACACGGTGAAACCCCATCTCTACTAAAAATACAAAAAATTAGCCAGGTGTAGTGGCCAGCGCCTGTAGTCCCAGCTACTCGGGAGGCTGAGGCAGGAGAATCACTTGAACCCGGGAGGCAGAGCTTGCAGTGAGCCGAGATCGCGCCACTGCACTCCAGCCTGGGTGACAGAGCGAGACTCTGTCTCAAAAAAAAAAAAAAAAAGAA"
"chr1","11258441","11258733","chr7","157656549","157656844","32","146398108","GGCTGGGTGCAGTGGCTTAGGCCTGCAAGCCAGCACTTTGGGAGGCCGAGGCAGGCGGATCACGAGGTCAAGAGATTGAGACCATCCTGGCCAACATGGTGAAATCCGTCTCTACCAAAAATAAAAAAATTAGCTGGGCATGGTGGCACACACCTGTAGTCCCAGCTACTCGGGAGGCTGAGGCAGGAGGATCACTTGAACCCAGGAGGCAGAGGTTGCAGTGAGCCAAGATTGTGCCACTGCACTCCAGCCTGGGCAACAGAGCAAGACTCTGTCTCAAAAAAGAAAAAAAA","GGCCAGCTGCAGTGGCTCATGCCTGTAATCCCAGCACTCTGGGAGGCCGAGGCAGGCGGATCATGAAGTCAGGAGATTGAGACCATCCTGGCTAACACGGTGAAACCCTGTCTCTACTAAAAATACAAAAAATTAGCTGGGCATGGTGGCACGCACCTGTAGTCCCAGCTGCTCGGGAGGCTGAGGCAGGAGAATCGCTTGAACTCAGGAGGCAGAGGTTGCAGTGAGCCAAGATTGTACCACTGCACTCCAGCCTGGGGGACATGAGCGAGACTCCGTCTAAAAAAAAAATAAAA"
"chr1","11339090","11339386","chr14","55303254","55303549","33","43964164","GGCCGGGCACAGTGGCTCATGCCTGTAATCCCAGCACTCTGGGAGGCCGAGGTGGGCAGATTGCGAGGTCAGGAGATCGAGACCATCCTGGCTAACATGGTGAAACCCCATCTCTACTAAAAGTACAAAAAATTGGCCAGGTGTGGTGGCATGCACCTGTAGTCCCAGCTCGTTGGGAGGCTGAGGCAGGAGAATGGCTTGAACCCGGGAAGCAGAGGTTGCGGTGAGCCAAGATCGCGCCACTGCACTCCAGCCTGGGAAACAGAGCAAAACTCCGTCTCAAAAAAAAAAAAAAAA","GGCCGGGCACAGTGGCTCATGCCTGTAATCTCAGCACTTTGGGAGGCCGAGGTAGGCGGATCACAAGGTCAGGAGATTGAGACCATCCTGGCTAACACGGTGAAACCCCATCTCTACTAAAAATACAAAAAATTAGCCAGGCGTGGTGGTGGGCACCTGCAGTCCCAGCTACTTGGGAGGCTGAGGTAGGAGAATTGCTTACACCTGGGAGGCAGAGGTTGCAGTGAGCCGAGATCGTGTCACTGCACTCCAGCCTGGGCAACAGAGCGAGACTCCGACTCAAAAAAAAAAAAAAA"
"chr1","11670775","11671081","chr1","10790603","10790909","28","880172","GGCCAGGTGCGGTGGCTCATGCCTGTAATCCCACCTTGGGAGGCCGAGGTGGGCGGATCACGAGGTCAGCTGATAGAGACCATCCTGGCTAACACGGTGAAACTCCTTCTCTACTAAAAATACAAAAAATTAGCCGGGCATGGTGGCACGCACCTGTAGTCCCAGCTACTCAGGAGGCTGAGGCAGGAGAATCACTTGAACCCAGAGGCAGAGGTTGCAGTGAGCCGAGATCGCGCCTCTGCACTCCAGCCTGGGCAACAGAGCGAGACTCCGTCTCAAAAAAAAAAAAAAAAAAAGAGAAAAAGAA","GGCCAGGTGCGGTGGCTCATACCTGTAATCCCAGCACTTTGGGAGGCCGAGATGGGCAGATCACAAGGTCAGCAGATCAAGACCATCCTGGCTAACACGGTGAAACCCCATCTCTACTAAAAGTACAAAAAATTAGCTGGGTATGGTGGCGGGCGCCTGTAGTCCCAGCTACTCAGGAGGCTGAGGCAGGAGAATCGCTTGAACCCAGAGGCAGAGGTTGCAGTGAGTCAAGATCGTGCCTCTGCACTCCAGCCTGGGCAACAGAGCGAGACTCTGTCTCAAAAAAAGGAAAAAAAAAGAAAAAAAA"
"chr1","11711119","11711425","chr1","10831245","10831551","31","879874","GGCCAGGCGCGGTGGCTCACGCCTGTAATCCCAGCACTTTGGGAGGCTGAGGCAGGTGGATCACGAGGTCAGGAGATCAAGACCATCCTGGCTAATATGGTGAAACCCCATCTCTACTAAAAATACAAAAAAATTATCCAGGCTTGGTGGCAGGTGCCTGTAGTCCCAGCTACTCAGGCAGCTGAGGCAGGAGAATCACTTGAACCCAGGAGGTGGAGGTTGCAGTGAGCCAAGATAGTACCACTGCATTCCAGCCTGGGTGACAGAGCGAGACTCCATCTCAAAAGAAAAAGAAAAGGAAAAAAAA","GCCGGGTGCGGTGGCTCACGCCTGTACTCCCAGCACTTTGGGAGGCCGAGGCTGGCGGATCACGAAGTCAGGAGATCAAGACCATCCTGGCTAATATGGTGAAACCCCGTCTCTATTAAAAATACAAAAAAATTATCCGGAGCATGGTGGCATGCGCCTGCAGTCCCAGCTACTTGGGCAGCTGAGCCAGGAGAATCGCTTGAACCTGGGAGGCAGAGGTTGCAGTGAGCCGAGATCACACCACTGCACTCCAGGTTGGGTGACAGAGCGAGACTCCATCTCAAAAGAAAAAGAAAAGGAAAAAAAA"
"chr1","11809487","11809796","chrX","44760602","44760923","54","32951115","GGCCGGGCACGGTGGCTCACGCCTGTAATCCCAGCACTTTGGGAGGCCGATGTGGGCGGATCACGAGGTTAGGAGATCGAGACCGTCCTGGCTAACACAGTGAAACTCCGTCTCTACTAAAAATACAAAAAATTAGCCGGGCATGGTTGCAGGTGCCTGTAGTCCCAGCTACTCGGGAGGCAGGTGCCTGTAGTCCCAGCTACGCAGGAGGCTGAGGCAGGAGGATCGCTTGAGCCCAGGAAGTCAAGGCTGCAGTGAGCCGTGATCATGCCACTGCACTCCAGCCTGGGTGACAGAGCAAGACTCTGCC","GGCCGGGCACGGTGACTCACACCTGTAATCCCACCACTTTGGGAGGCCAAGGCAGGCGGATGACGAGGTCAGGAGATGAGAACATCCTGGCTAACACAGTGAAACCCCGTCTCTACTAAAAATACAGAAAATTAGCCAGGCGTGGTGGCACGCGCCTGTAGTCCCAGCAACTCGGGAGGCATAGTGGTGTGCATCTGTAGTCCCAGCTACTTGGGGGACTGAGGCAGGAGAATCGTTTGAACCCGGGAGGTGGAGGTTGCAGTGAGCCAAGATCGTGCCACTGCACTCCAGCCTGGGCGACAGAGTGAGACCCCGTCTCAAA"
"chr1","11812056","11812353","chr11","108584077","108584374","25","96772021","GGCCGGGTACAGTGGCTCACGCCTATAATCCCAGCACTCTGGGAGGCCGAGGCGGGCTGATCATGGGGTCAGGAGATTGAGACCATCCTGGCTAACACGATGAAACCCCGTCTCTACTAAAAATACAAAAAATTAGCTGGGCATGGTGGCATGCGCCTATAGTCCCAGCTACTCGGGAGGCTGAGGCAGGAGAATCGCTTGAACCCTGGAGGTGGAGGTTGCAGTGAGCCGAGATTGCACCACTGCACTCCAGCCTGGGTGACAGAGCAAGAGACTCTGTCTCAAAAAAAAAAAAAGA","GGCCGGGTGCAGTGGCTCACGCCTGTAATCCCAGCACTTTGGGAGGCCAAGGCGGGCGGATCACGAGATCAGGAGATGGAGACCATCCTGGCTAACACGGTGAAACCCCGTCTCTACTAAAAATACAAAAAATTAGCTGGGCATGGTGGCACGCGCCTGTAGTCCCAGCTACTCGGGAGGCTGAGGCAGGAGAATCGCTTGAACATGGGAGGCGGAGGTTGCAGTGAGCCGAGATCGTACCACTGCACTCCAGCCTGGGCGACAGAGCAAGACTCCGTCTCAAAAAAAAACAAACAAA"
"chr1","11857750","11858052","chr1","25380611","25380914","36","13522861","GGCCGGGCGCGGTGGCTCATGCCTGTAATCCCAGCACTTTGGGAGGCCAAGGCGGGCACAAGGTCAGGAAATCAAGACCATCCTGGCTAACATGGTGAAACCCCATCTCTACTAAAAATACAAAAAAAAAAAAATAGCCGGGCGTAGTGGCAGGCACCTGTAGTTCCAGCTACTTGGGCGGCTGAAGCAGAGAATTGCTTGAACCCGGGAGGCAGAGCTTGCAGTGAGCCAAGATCACGCCACTGCACTCCAGCCTGGGCGACAGAGTGAGACTCCATCTCAAAAAAAAAAAAAAAAAAAAAA","GGCCGGGGGTGGCTCATGCCTGTAATCCCAGCACTTTGGGAGGCCGAGGCGGGCGGATCTCAAGGTCAGGAGATCGAGACCATCCTGGCTAACACGGTGAAACCCCGTCTCTACTAAAAATACAAAAAAAATTAGCCGGGCGTGGTGGCGGCACCTGTAGTCCCAGCTACTAGGGAGGCTGAGGCAGGAGAATGGCTTGAACCCGGGAGGCGGAGGTTGCAGTGAGCCGAGATTGCGCCACTGCACTCTAGCCTGGGCGACAGAGTGAGATTCCATCTCAAAAAAAAAAAAAAAAAAATACAAA"
"chr1","12002738","12003053","chr19","15978488","15978799","37","3975750","GGGCACGGTGGCTCATGCCTGTAATCCCAGCGCTTTGGGAGGCCGAGGAGGGCGGATCACCAGGTCAGGAGATGGAGACTATTCTGGCTAACACACTGAAACCCCGTCTCTACTAAAAATACAAAAAAATTAGCCGGGCGTGGTGGCGCACACCTGTAGTCCCAGCTACTCGGGAGGCTGAGGCAGGAGAATCGCTTGAACCTGGGAGGCAGAGGTCGCAGTGAGCCGAGATCGCACCACTGCTCTCCAGCCTGGGCAACAGAGTGAGACTCCATCTCAAAAACAAAACAAAACAAAACAAAACAAAACACAACAA","GGCCGAGCGCGGTGGCTCACGCCTGTAATCCCAGCACTTTGGGAGGCCGAGGCGGGCGGATCACAAGGTCAGGAGATCGAGACCATCCTGGCTAACACGGTGAAACCCCGTCTCTACTAAAAATACAAAAAAAATTAGCCAGGCGTGGTGGCGGCGCCTGTAGTCCCAGCTACTCGGGAGGCTGAGGCAGGAGAATCGCGTGAACCCGGAAGGCAGAGGTTGCAGTGAGCCGAGATCGTGCCACTGCACTCCAGCCTGGGCGACAGAGTGAGACTCCGTCTGAAAAAAAAAAAAACAAAAACAAAAACAAAA"
"chr1","12099620","12099924","chr4","108327631","108327935","32","96228011","GGCTGGGTGCGGTGGCTCATGGCTGTAATCCCAGCACTTTGGCAGGCGGAGGCAGGCAGATCACGAGGTCAGGAGATCGAGACCATCCTGGCCAACATAGTGAAACCCCATCTCTACTAAAATACAAAAAATTAGCCAGGCACGGTGGCAGGCGCCTGTAATCCCAGCTACTCGGGAGGCTGAGGCAGGAGAATGGCTTGAACCTAGGAGGCAGAGGTTGCACTGAGCTGAGATCACGCCATTGCACTCCAGCCTGGGCAACAGAGCAAGACTCCGTCTCAAAAAAAAAAAAAAAATACAAAAAA","GGCCGGGCACGTGGCTCATGCCTGTAATCCCAGCACTTTGGGAGGCCGAGGCAGGCAGATCACGAGGTCAGGAGATCGAGACCATCCTGGCTAACATGGTGAAACCCCGTGTTTACTAAAACTACAAAAAATTAGCCGGGCATGGTGGCAGACGCCTGTAGTCCCAGCTACTCAGGAGGCTGAGGCAGGAGAATCGCTTGAACCCGGGAGGCGGAGCTTGCAGTGACCTGAGATTGGGCCACTGCACTCCAGCCTGGGCAACAGAGCAAGACTCCATCTCAAAAAAAAAAAAAAAAAAAAAAAAA"
"chr1","12185497","12185803","chr1","11337545","11337851","26","847952","GGCCGGGCACAGTGGCTCATGCCTCAAATCACAGCACTTTGGGAGGCTGAGGTGGGCAGATCACATGGTCAGGAAATCAAGACCATCCTGGCTAATACCGTGAAACCCCGTCTCTACTAAAAATACAAAAAATCAGCCAGGTGTGGTGGCACGTGACTGTAGTCCCAGCTACTCAGGATGCTGAGGCAGGAGAATCGCTTGAACCCAGGAGGCAGAGGTTGCAGTGAGCCGAGATCGCGCGATTGCACTCCAGCCTGGGGGACAGAGCAAGACTCCATCTCAAAAAATAAAATAAATAAAATAAGAA","GGCCGGGCGCGGTGGCTCACGCCTCTAATCCCAGCACTTTGGGAGGCAGAGGTGGGCGGATCACGTGGTCAGGAGATCAAGACCATCCTCGCTAATATGGTGAAACCCCATCTCTACTAAAAACATAAAAAATTAGCCAGGTGTGGTGGCACGTGCCTGTAGTCCCAGCTACTCAGGAGGCTGAGGCAGCAGAATCGCTTGAACCCAGCAGGCAGAGGTTGCAGTGAGCCGAGATTGCGCCATTGCACTCCAGCCTGGAGGTAAGAGCTAGACTCCATCTCAAAAAATAAAATAAATAAAATAAGAA"
"chr1","12357129","12357439","chr4","5357211","5357521","29","6999918","GGCCGGGCGCGGTGGCTCATACCTGTAATCCCAGCACTTTGGGAGACTGAGGTGGATGGATCACGAGGTCAGGAGATGGAGATCATCCTGGCCAACATGTTGAAACCCTGTCTCTACTAAAAATACAAAAAATTAGCCAGGCATGGTGACTGGTGCCTGTAGTCCCAGCTACTCGGGAGGCTGAGGCAGGAGAATCACTTGAACCTGGGAGGTGGAGGTTGCAGTGAACTGAGATTGCACCACTGCACTCCAGCCTGGGTGACAGAGTGAGACTCTGTCTCAAAAAAAAAAAAAAAAAAAAAAAAAGAGAA","GGCCGGGCGCGGTGGCTCATGCCTGTAATCCCAGCACTTTGGGAGGCCGAGGTGGGTGCATCACAAGGTCAGGAGATCGAGACCATCCTGGCTAAGATGGTGAAACCCCATCTCTACTAAAAATACAAAAAATTAGCCAGGTGTGGTGGCACGTGCCTGTAGTCCCAGCTACTCGGGAGGCTGAGGCAGGAGAATCACTTGAACCTGGGAGGCGGAGGTTGCAGTGAGCTGAGATTGTACCACTGCACTCCAGCCTGAGCGACAGAGCAAGACTCCATCTCAAAAAAAAAAAAAAAAAAAAAAAAAAGAAA"
"chr1","12486864","12487168","chr1","54184910","54185214","32","41698046","GGCTGGGCGCGTTGGCTCACACCTGTAATCCCAGCACTCTGGGAGGCCGAGGCAGGCAGATCACGAGGTCAGGAGATCGAGACCATCCTGGCTAACACGGTGAAACCCCATCTCTACTAAAAATACAACAAATTAGCTGGGGGTGGTGGCAGGCGCCTGCAGTCCCAGCTATTTGGGAGGCTGAGGCAAGAGAATTGCTTGAACCCGGGAGGCGGAAGTTGCAGTGAGCTGAGACGGCACCACTGCATTCCAGCCTGGGCAACAGAGTGAGACTCCATCTCAAAAAAAAAAAAAAAAAAAAGAAA","GGCCGGGCGCGGTGGCTCACGCCTGTAATCCCAGCACTTTGGGAGGCCGAGGCGGGTGGCTCACGAGGTCAGGAGATCGAGACCATCCTGGCTAACACGGTGAAACCCCATCTCCACTAAAAATACAAAAAATTAGCCGGGCGTGTTGGCAGGTGCCTGTAGTCCCAGCTACTCGGGAGGCTGAGGCAGAAGAATTGCTTGAACCTGGGAGGCGGAGGTTGCAGTGAGCCGAGATTGCACCACTGCACTCCAGCCTGGGTGACAGAGCAAGACTCTGTCTCAAAAAAAAAAAAAAAAAAAAAAAA"
"chr1","12651401","12651682","chr9","96531532","96531807","48","83880131","GGCCGGGCGCAGTGGCTCATGCCTGTAATCCCAGCACTTTGGGAGGCCGAGGCGGGCGGATCACGAGGTCAGGAGTTCGAGACCATCCTGGCTAACACGGTGAAACCCCATCTCTACTTTAAAAAAAAAAAAAAAAAAAATCGTTAACTGTGCACATGCCTGTAGTCCCAGCTACTCGGGAGGCTGAGGCAGGAGAATTGCTTGAACCCGGGAGGCGGCGGTTGCAGTGAACCAAGATTGCGCCTAGGCGACAGAGACTCCGTCTCAAAAAAAAAAAAAAAA","GGCCGGGCGCGGAGGCTCACGCCTGTAATCCCAGCACTTTGAGAGGCCGAGGCGGGCGGATCACGAGGTCAGGAGATCGAGACCATCCTGGCTAACACGGTGAAACCCCGTCTCTATTAAAAATACAAAAATTAGCCGGGTGCATTGGCAGGCGCCTGTATCCCAGCTACCCAGGAGGCTGAGGCAGGAGAATCACATGAACACAGGTGGCAGAGGTTGCAGTGAGCCGAGATCGCGCCACAGAGTGAGACTCTGTCTTAAAAAAAAAAAAAAAAA"
"chr1","12655286","12655401","chr15","89943987","89944106","14","77288701","GGCCGGGCATGGTGACTCATGCCTGTAATCCCAGCACTTTGGGAGGCTGAGGCAGGCGGATCACAAGGTCAGGAGATTGAGACCATCCTGGCTAACATGATGAAACCTCATCTCTA","GGCCGGGCATGGTGGCTCATGCCTGTAATCCCAGCATTTTGGGAGGCCAAGGCAGGCGGATCATGAGGTCAGGAGATTGAGACCATCCTGGCTAACGTGGTGAAACCCCGTCTCTACTAA"
"chr1","12655504","12655646","chr10","82796400","82796530","38","70140896","ACTAAAAATACAAAAAATTAGCTGGGCATGGTGGTGGGCGCCTGTAGTCCCAGCTACTTGGGAGGCTGAGGCAGGAGAATCACTTGAACCCGGGAGGCGGAGGTTGCAGTGAGCCGAGATCACACCGCTGCACTCCAGCCTGG","TTACCCAGGTGTGGTGGCGCATGCCTTTAGTCCCAGCTACTCGGGAGGCTGAGGCAGGAGAATGGCTTGAACCCAGGAGGCGGAGGTTGCAGTGAGCCAAGATCTCGCCACTGCACTCCAGCCTGGGTGAC"
"chr1","12680893","12681189","chr8","41718631","41718927","26","29037738","GGCTGGGCACGGTGGCTCACGCCTGTAATCCCAGCACTTTGGGAGGCCAAGGTGGGCAGATCACGAGGCCAGGAGATCGAGACCATCCTGGCTAACATGGTGAAAACCCAACTCTACTAAAAGTACAAAAAATTAGCCGGGCGTGGTGGCACGCGCCTGTGGTCCCAGCTACTCAGGAGGCTGAGGCAGGAGAATCACCTGAACCCAGGAGGCAGAGGTTGCAGTGAGCCAAGATTGTGCCACTGCACTCCAGCCTGGGTGACAGAATGAGACTCCATCTCAAAAAAAAAAAAAAAA","GGCTGGGCATGGTGGCTCACACCTGTAATCCCAGCACTTTGGGAGGCCAAGACGGGCAGATCACGAGGTCAGGAGATCGAGACCATTCTGGCTAACACGGTGAAACCCCATCTTTACTAAAAATACAAAAAATTAGCCAGGCATGGTGGCACACACCTGTAGTCCCAGCTACTCGGGAGGCTGAGGCAGGAGAATCACTTGAACCCAGGAGGCAGAAGTTGCAGTGAGCCTAGATCGCACCACTGCACTCTAGCCTGGGTGACAGAGTGAGACTCCGTCTCAAAAAAAAAAAAAAAA"
"chr1","12706874","12707175","chr6","173896362","173896661","32","161189488","GGCCAGGCGCAGTGGCTCACGCCTGTAATCCCAGCACTTTGGGAGGCTGAGGTGGGCAGATCACAAGGTCAGGAGATCAAGACTATCCTGGCTAAAAGGGTGAAACTCCATCTGTACTAAAAATACAAAAAATTAGCTGGGTGTGGTGGCACCTGCCTGTAGTCCCAGCTGCTCGGGAGACTAAGACAGGAGAATCACTTGAACCCAGGAGGCGGAGGTTGCAGTGAGCCGAGATCGTACCACTGCACTCCAGCCTGGGCCACAGAGCGAGACTCTGACTCAAAAAAAAAAAAAAAAAAAAA","GGCCAGGCGCGGTGGCTCACGCCTGTAATCCCAGCACTTTGGGAGGCCGAGGTGGGCAGATCACGAGGTCAAGAGATCAAGACCATCCTGGCTAACATGGTGAAACCCCATCTCTACTAAAAATATAAAAAATTAGCTGGGCGTGGTGGCATGTGCCTGTAGTCCCAGCTACTCGGGAGGCTGAGGCAGGAGAATCGCTTGAACTTGGGAGGCAGAGGTTGCAGTGAGCCGAGATTGGGACACTGCACTACAGCCTGGGCAACAGAGTGAGACTCTGTCTCAAAAAAAAAAAAAAAAAAA"
"chr1","12794547","12794850","chr1","199847714","199848008","34","187053167","GGCCGGCTGCGGTGGCTCATGCCTGCAATCCCAGCACTTTGGGAGGCCGAGGCGGGCGGATCACAAGGTCAGGAGATCACGACCATCCTGGCTAACACGGTGAAACCCCATCTCTACTAAAAATACAAAAAATTAGCCAGGCGTGGTGGCACGCACCTGTAGTCCCAGCTACTCGGGAGGCTGAGGCAGGAGAATCGCTTGAACCCGGGAGGTAGAGGTTGCAGTGCAGTGAGCTGAGATTGTGCAACTGCACTCCAGCCTGGGTGACAGAGCAAGACTCCATCTCAAAAACAAAAACAGAAAA","GGCCGGGCGCAGTGGCTCACGCCTGTAATCCCAGCACTTTGGGAGGCCAAGGCAAGCGGATCACGAGGTCAGGAGATCAAGACCATCCTGGCCAACATGGTGAAATCCCATCTCTACTAAAAATACAAAAAATTAGCCGGGCGTGGTGGCAGGCACCTGTAGTCCCAGCTACTCAGGAGGCTGAGGCAGGAGAATCACTTGAACCCGGGAGGTGGAGGTTGCAGTGAGCTGAGGTTGTAGCACTGCACTCCAGCCTGGGCGACAGAGCAAGACTCCGTCTCAAAATAAAATAAAA"
"chr1","12839874","12840182","chrX","16154845","16155145","36","3314971","GCCAGGCGCAGTGGCTCATGCTTGTAATCCCAGCACTTTGGGAGGCCGAGGCAGGTGGATCACAAGGTCAAGAGATCAAGATCATCCTGCCTAACATGGTGAAACCCTGTCTCTACTAAAAATACAAAAAAATTAGCCGGGCATGGTGGCACGCACTTGTGGACCCAGCTACTTGGGAGGCTGAGGCAGGAGAATCGCTTGAACCCGGGAGGTGGAGGTTGCAGTGAGCCAAGATCACGCCACTGCCCTCCAGCCTCAGCGACAGAGTAAGACTCTGTCTCAAAAAAAAAAAAAAGAAGAAGAAAGAAA","GCTGGGCGCGGTGGCTCACGCTTGTAATCTCAGCACTTTGGGAGGCTGAGGCGGGTGGATCACTAGGTCAAGAGTTCAAGACCATCCTGGCTAACATGGTGAAACCCTGTCTCTACTAAAAATATAAAAAATTAGCTGGGCATGGTGGCACGCACCTGTAGTCCCAGCTACTTGGGAGGCTGAGGCAGGAGAATCACTTGAACCAGGGAGGCGGAGGTTGCAGTGAGCCAAGATTGCACCACTGCACTCCAGCCTGGGCGACAGAGTGAAACCCTGTCTCAAAAAAAAAAAAAAAAAAAAA"
"chr1","12939587","12939862","chr2","80029263","80029536","49","67089676","GGCCGGGAGTAGTGGCTCACACCTGTAATCTCAGCACTTTAGCAGGCCAAGGTGGGTGGATCATGAGGTCAGGAGATCAAGACCATCCTGGGCTAATACGGTGAAACTCCATCTCTACTAAAAATACAAAAAACTCGGTGGGAGGGGTGGCAGGTGCCTGCAATGCCGGCTGGTGCAGAGGCTGAGACCGGATTCGGGCTTGAACCTGGGAGGCAGAGGTTGCAGTGAGCCGAGATGGCACCACTACACTCCAGCCTTGGGGACAGAGCAAGACTC","GGCCGGACACAGTGGCTCACACCTGTAATCCCAGCACTTTGGGAGGCCGAGGTGGGCGGATCACGAGATCAGGAGATCAAGACCATCCTGGCTAACACGGTGAAACCCCGTCTCTACTAAAAATACAAAAAATTAGCCAGGTGTGGTGGCATGTGCCTGCAGTCCCAGCTACTCAGAAGTCTGAGGCAGGAGAATCTCTTGAACCCGGGAGGCAGAGGTTGCAGTGAGCCGAGATTGTACCACTGCACTCCAGCCTGGGCAACAGAGTGAGACT"
"chr1","12984196","12984476","chr1","8396483","8396764","36","4587713","GGCCAGGCATGGTGGCTCATGCCTGTATTCCCAGCACTTTGGGAGGCTGAGGTGGGCAGATCACTAGGTCAGGAGACCGAGACCATCCTAGCTAACACGGTGAAACTCCGTCTCTACTAAAAATACAAAAAATAGCTGGGCGTAGTGGCATGCACCTGTAGTGCCAGCTACTCAGGAGGCTGAGGCAGGAGAATCTCTTAAACTGGGGGGGCAGAGGTTGCAGTGAGCCGAGATCATGCCACTGCACTCCAGCCTGTTAACAGAGTGAGACTCTGTCTCAA","GGCCGGGCGCGGTGGCCCACGTCTGTAATCCCAGCACTTTGGGAGGCTGAGGCGGGCATATCACGAGGTCAGGAGATCGAGACCATCCTGGCTAACACGGTGAAAACCCATCTCTACTGAAAATACAAAACATTAGCCTGGCATGGTGGCATGCACCTGTAGTCCCAGCTACTCAGGAGGCTGAGGCAGGAGAATTGCTTGAACCCGGGGGGCAGAAGTTGCAGTGAGCTGAGATGACGCCACTGCACTCCAGCCTGGTGACAGAGCGAGACTCTGTCTGAA"
"chr1","13446255","13446421","chr3","76215454","76215617","49","62769199","GCATTGTGGCACACACCTATGGTCCCAGCTACTCTGGAGGCTGAAATGGGAAGATCCATTTTTTGATCCCCACAATGCAGAGGTTGCAGTGAGCCGAGATCAATCCACTGCCCTCTGGGCTGGGCAACAGAGCTTGTATCAAAAACAAAAACAAACAAAACAAAAAA","GCCAGGCATGGTGGCACACACCTGTAGTCCCAGCTACTCAGGAGGCTAAGGCAGGAGAATCACTTGAACCTGGGAGGCGGAGGTTGCAGTGAGCCAAGATCATGCCACTGCACTCCAGCCTGGGCAACAGAGCGAGACTCTGTCTGGAAAAAAAAAAAAAAAAA"
"chr1","13470888","13471180","chr10","21437144","21437433","38","7966256","GGCCAGGCATGGCAGCTCACGCCTGTAATCCCAGCACTTTGGGAGGCTGAGGCAGGCAGATCACGAAGTCAGGAGATTGAGACCATCCTGGCTAACCTGGTGAAATCCCGTCTCTACTAAAAATACAAAAAATTAGCTGGGCATAGTGGCATGCACCTGTAGTCCCAGCTCCCCAGAGGCTGAGGCACAAGAATCACTTGAACCCACGAGGCGGAGGTTGCAGTGAGTTGAGATCCTGCCACTGAACTCCAGGCTGGTGACAGAGCGAGACTCTGCCTCAAAAAAGAGAAAAA","GGCCAGGCATGGTGGCTCACCCTGTAATCCCAGCACTTTGGGAGGCTGAGGCAGTCAGATCACCAGGTCAGGAGATCGAGACCATCCTGGCTAACATGGTGAAACCCCATCTCTACTAAAAATACAAAAAATTAGCTGGACGTGATGGCATGTACCTGTAGTCCCAGCTACTCAGGAGGCTGAGGCAGGAGAGTCACTTGAACCCGGGAGGTGGAGGTTGCAGTGAGCTGAGATCGTGCCACTGTACTCCAGCCTGGGTGACAGAACGAGACTCCATCTCAAACAGAAAA"
"chr1","13596031","13596322","chr2","97742204","97742501","39","84146173","GCCCGGCACAGGGGCTCACACCTGTAATCTCAGCACTTTGGGAGGCTGAGGCGGGCAGATCATGAGGTCAGGAGATCGAGACCATCCTCGCTAACACAGTGAAACCCTGTCTCTACTAAAAATACCAAAAAAAAAAAACAATTAGCTGGGCGTGGTGGCATGTGCCTGTGGTCCCAGCTACTCGGGAGGCTGAGGCAAGAGAATCTCTCGAACCCAGTAGGCAGAGGTTGCGGTGAGCCAACATCGCGCCACTTCACTCCAGCCGGGGTGACAGAGCAAGACTCCGTCTCAA","GGCCTGGGCACCGTGGCTCACGCCTGTAATCTCAGCACTTTGGGAGGCCGAGGCAGGTGGATCACAAGGTCAGGAGATCGAGACCATCCTGGTTAACACGGTGAAACCCCGTCTCTACTAAAAATACAAAAAAAAAAAAAAAATTAGCTGGGCGTGGTGGCATGTGCCTGTAGTCCCAGCTACTCAGGAAGCTGAGGTAGGAGAATCGCTTGAACCCAGGAGGCAGAGGTTGCAGTGAGCCGAGATCGCACCACTGCACTCCAGCTAGGGTGACAGAGCAATACTCTGTCTCAAAAAA"
"chr1","13600512","13600798","chr3","12332767","12333051","52","1267745","GGCTGAGTGCAGTGGCTGACGCCTGTAATTCCAGCACTCTGGGAGCTGAAGCAGGTGGATCATGAGGTCAAGAGATCAAGACCATCCTGGCCAACATGGTGAAACCCCGTCTTTACTAAAAATACAAAAAATCAGCTGTGTGTGGTGGCGTGTGCCTGCAGTCCCAGCTACTTGGGAGGCTGAAGTGGGAGGATCACTTGAGCCTGGGGGAGGTCAAGGCAATAATGAGCTGTGATCATTCCACTGTATTCTAGCCTGGGTGACAGAGTGAGACCCTGTCTCAAAAA","GGCTGGGCGCGGTGGCTCACACCTGTAATCCCAGCACTTTGGGAGGCCAAGGTAGGTGGATCACGAGGTCAGGAGATCGAGACCATTCTGGCTAACACGGTGAAACCCCATCACTACTAAAAATACAAAAAATTAGCTGGGCATGGTGGCAAGTGCCTGCAGTCCCAGCTACTTGAGAGGCTGAGACAGGAGAATCACTTGAACCTGGGAGGCAGAGGTTGCAGTGAGCTGAGATCATGCCACTGCACTCCAGCCTGGGTGACAGAGCAAGACTCTGTCTCAAAA"
"chr1","13619346","13619643","chr6","177249478","177249776","25","163630132","GCTAGGCACAGTGGCTCATGCCTGTAATCCCAGCACTTTGGGAGGCTGAGGCAGGCGGATCACGAGGTCAGGAGATCGAGACTATCTTGGCTAACACAGTGAAACCCTGTCTCTACTAAAAATACAAAAAATTTGCCGGGTGTGGTGGTGGGCACCTGTAGTCGCAGCTACACAGGAGGCTGAGGCAGGAGAATCGCTTGAACCTGGGAGGCAGAGGGTGCAGTGAGCTGAGATGGCACCACTGCACTCTAGCCTGGGCGACAGAGCAAGACTCCATCTCAAAAAAAAAAAAAAAAAA","GGCTGGGCACAGTGGCTCACACCTGTAATCCCAGCACTTTGGGAGGCTGAGGCGGGCGGATCATGACGTCAGGAGATTGAGACCATCCTGGCTAACACGGTGAAACCCTGTCTCTACTAAAAATACAAAAAATTAGCCGGGTGTGGTGGCAGGCACCTGTAGTCCCAGCTACTTGGGAGGCTGAGGCAGGAGAATTGTTTGAACCTGGGAGGCAGAGGTTGCAGTGAGCTGAGATTGCACCACTGCACTCCAGCCTGGGCAACAGAGTAAGACTCCATCTCAAAAAAAAAAAAAAAAAA"
"chr1","13697814","13698099","chr17","78859912","78860191","24","65162098","GGCCGGGCACGGTGGCTCACGCCTGTAATCCCAGCACTTTGGGAGGCCAAGGCGGGCAGATCACGAGGTCAGGAGATCGAGACCATCCTGGCTAACACGGTGAAACCCCGTCTCTTCTAAAAATACAAAAAAAATTAGCCGGGCGTGGTGGCAGGCGCCTGTAGTCCCAGCTACTCGGGAGGCTGAGGCAGGAGAAGCACTTGAACCCAGGAGGCAGAGGTTGCAGTGAGCTGAGATCGCGCCACTGCACTCCAGCCTGGGCGACAGAGCGAGATTCCATCTCAAA","GGCCGGGCGCCGTGGCTCACGCCTGTAATCCCAGCACTTTGGGAGGCCAAGGTGGGCAGATCATGAGGTCAGGAGATCTAGACCATCCTGGCTAACACAGTGAAACCCCATCTCTACTAAAAATACAAAAATTAGCCGGGCGTGGTGGCGGTGCCTGTAGTCCCAGCTACTCGGGAGGCTGAGGCAGGAGAATCACTTGAACTCGGGAGGTGGAGGTTGCAGTGAGCTGAGATTGCGCCACTGCACTCCTGCCTGGGCGACAGAGCGAGACTCCGTCTCA"
"chr1","13721710","13722005","chr20","28697028","28697324","29","14975318","GGCCGGGCGTGGTGGCTCACACCTGTAATCCCAGCACTTTGGGAGGCCGAGGTGGGTGGATCACGAGGTCAGGAGATGGAGACCATCCTGGCTAACGAGGTGAAACCCCGTCTCTACTAAACACACAAAAAATTAGCCAGGCGTGGTGGCATGTGCCTGTAGTCCCAGCCACCTGGGAGGCTGAGGCAGGAGAATGGCATGAACCCTGGAGGCGGAGGTTGCAGTGAGCCGAGATCACGCCACTGCACTCCATCCTGGGTGACAGAGGGAGACTCCGTCTCAAAAAAAAAAAAAAA","GCCGGGCGTGGTGGCTCATGCCTGTAATCCCAGCACTTTGGGAGGCCGAGGCGGGTGGATCATGAGGTCAGGAGATCGAGACCATCCTGGCTAACACGGTGAAACCCCGTCTCTACTAAAAACACAAAAAATTAGCCGGGCGTGGTGGCACGTGCCTGTAGTCCCAGCTACTCGGGAGGCTGAGGCAGGAGAATTGCTTGAACCTGGGAGGTGGAGGCTGCAGTGAGCCGAGATCGCACCACTGCACTCCAGTCTGGGTGACAGAGCGAGACTCCTTCTCAAAAATAAATAAATAAA"
"chr1","13731050","13731350","chr1","12471447","12471749","26","1259603","GGCCAGGCCCGGTGGCTCACGCCTGTAGTCCCAGCACTTTGGGAGGCCCAGGCAGGCTGATCACAAGGTCAGGAGATGAAAACCATCCTGGCTAACACGGTGAAACCCCATCTCTACTAAAAATACAAAAAAAATTACCTGGGCATGGTGGCGGACGCCCGTAATCCCAGCTACTAGGGAGGCTGAGGCAGGAGAATTGCTTGAACCCAGGAGGCAGAAGTTGCAGTGAGCTGAGATCACGCCACTGCACTCCAGCCTGGGCTACAGAGCAAGACTCCGTCTCAAAAAAAAAAAAAAAAAA","GGCTGGGCACGGTGGTTCACATCTGTAGTCCCAGCACTTTGGGAGGCCGAGGCGGGCAGATCACAAAGTCAGGAGATCAAGACTGTCCTGGCTAACACGGTGAAACCCCATCTCTACTAAAAATACAAAAAAAAATTACCCGGGCATGGTGGCGGATGCCTATAGTCCCAGCTACTCGGGAGGCTGAGACAGGAGAATTGCTTGAACCCAGGAGGCAGAAGTTGCAGTGAGCTGAGATCACACCACTGCACTCCAGCCTGGGCTACAGAGCAAGACTCCATTTCAAAAAAAAAAAAAAAAAAA"
"chr1","13754778","13755077","chr2","109007017","109007313","34","95252239","GGCGGGGCATGGTGGCTCATGCCTGTAATCCCAGCACTTTGGGAGGCCGAGGTCGGCGGATCATGAGGTCAGGAGATTGAGACCATCCTAGCTAACACAGTGAAACCCCCGTCTCTACTAAAAATACAAAAAATTAGCCGGGCGTGGTGGCAGGCGCCTATAATCCCAGCTACTCAAGAGGCTGAGGCAGGGGAATCACTTGAACCCAGAAGGTGGAGATTGCAGTGAGCCGAGATTGCACCATTGCACTCCAGCCTGGCAACGAAGTGAGACTCCGTCTCAAAAAAAAAAAAAAAAAAA","GGCCGGGCTTGGTGGCTCAGGCCTATAATCCCAGCACTTTGGGAGTCCGAGGCGGGCGGATCATGAGGTCAGGAGATTGAGACCATCCTGGCTAACACAGTGAAACCCCGTCTCTACTAAAAATACAAAAAAGTAGCCGGGCGTGGTGGCGGGTGCCTATAGTCCCAGCTACTCCGGAGGCTAAGGCAAGAGAATCACTTGAACCAGGGAGGTGGAGGTTGCAGGGAGCCGAGATGGCGCCACTGCACTCCAGCCTGGGCAACAGAGTGAAACTCTGTCTCAAAAAAAAAAAAAAAA"
"chr1","14162698","14162986","chr7","19039688","19039974","29","4876990","GACTGGGCACGGTGGCTCACGCCTGTAATCCCAGCACTTTGGGAGGCCGAGGCAGGTGGATCACGAGATCAGGAGATTGAGACCATCCTGGCTAACATGGTGAAACCCTGTCTCTACTAAAAATACAAAAAATTAGCTGGGCTTGGTGGCACACACCTGTAGTCCCAGCTACTCAGGAGGCTGAGGCAGGAGAATGGCGTGAACCCAGGAGGTGGGGGTTGCGGTGAGCCGAGATCACGTCACTGCACTCCAGCCTGGGTGACAGAGCGAGACTCCGTCTAAAAAAAAA","GGCCGGGCGCGGTAGCTCATGCCTGTAATCCCAGCACTTTGGGAGGCCGAGGCGGGTGGATCACGAGGTCAGGAGATCGAGACCATCCTGGCTAACATGGTGAAACCCCATCTCTACTAAAAATGCAAAAATTAGCCAGGCGTGGTGGCACGCACCTGTAGTCCCAGCTACTCGGAGGCTGAGGCAGGAGAATGGCTTGAATCTGGGAGGCGGAGGTTGCAGTGAGCAGAGATTGCGTCACTGCACTCCAGCCTGGGTGACAGAGCAAGACTCCATCTAAAAAAAAA"
"chr1","14236239","14236554","chr2","42661896","42662205","40","28425657","GGCCAGGCATGGTGGCTCACGCCTGTAATCCCAGCACTTTGGGAGGCCGAGGCAGGTGGATCACGAGGTCAGGAGATCGAGACCATCCTGGCTAATACTATGAAACCTCATCTCTACTAAAAAAAAAAAAATACAAAAAATTAGCTGGGCGTGGTGGCACACGCCTGTAGTCCCAGCTACTCAGGAGGCTGAGGCAGGAGAATGATTTGAACCCAGGAGGCGGAGGTTGCAAGGAGCCAAGATCGTGCCACTGCACTCCAGCCTGGGCAACAGAGCAAGACTCTGTCAAAAAAAAAAAAAAAAGGAAAGAAAGAAA","GGCCGGGCACGGTGGCTCAAGCCTGTAATCCCAGCACTTTGGGAGGCCTAGGCGGGTGGATCACGAGGTCAGGAGATCAAGACCATCCTGACTAACACAGTGAAACCCCGTCTCTACTAAAAATACAAAAAATTAGCTGGGCATGGTGGCACATGCCTGTAGTCCCAGCTATTCAGGGGGCTGAGGCAGGAGAATCGCTTGAATCCAGGAGGCGGAAGTTGCAGTGAGCCAAGATTGTGCCACTGCACTCCAGCCTGGGCAACAGAGTGAGAATACATCTCAAAAAAAAAAAAAAAAGAAAGAAAGAAAA"
"chr1","14368384","14368691","chr3","163965151","163965458","40","149596767","GGCCGGGCACGGTGGCTCACACCTGTAATCCCAGCACTTCGGGAGGCTGAGGTGGGTGGATCACAAGGTCAAGAGATCGAGACCATCCGGGCTAACACAGTGAAACACCCATCTCTACTAAAAATACAAAAAATTAGCCAGACGTGATGGCACACCCCTGTAGTCCCAGCTACTCAGGAGGCTGTGGCAGGAGAATCAGGAGACTCACTTGAACCTGGGAGACGGAGGTTGCAGTGAGCCGAGATCGCGCCACTGCACTCCAGCCGGGGTGACAGAGTGAGACTCCATCTCAAAAAAAAAAAAAAAAA","GGCTGGGCACAGTGGCTCATGCCTGTAATCCCAGCACTTTGGGAGGCCGAGGCAAGCAGATCACGAGGTCAGGAGATGGAGACCATCCTGGCTAACATGGTGAAACCCCATCTCTACTAAAAATACAAAAAATTAGCCAGATGTGGTGGCACGCACCTGTAGTCCCAGCTACTCAGGAGGCTGAGGCAGGAGAATCGCGAGAATCGCCTGAATTCAGGAGGTGGAGGTTGCAGTGAGCTGAGATCGCACCACTGCACTCCAGCCTGGGTGACAGAACGAGACTCCATCTCAAAAAAAAAAAAAAAAAA"
"chr1","14391598","14391871","chr2","56486018","56486290","36","42094420","GGCTGGGCGCAGTGGCTCACGCCTGTAATCCCAGCACTTTGGGAGGCTGAGGTGGGCAGATCCGAGGTCAGGAGATTGAGACTGTCCTGGCTAACACGGTGAAACCCCGTCTCTTCTAAAAATACAAAAAAAATTAGCCGGCTGTGGTGGCAGGCACATCTAGTCGCAGCTACTCAGGAGGGTGAGGCATGAGAATCACTTGAACCTGGGAGGTGGAGGTTGCAGTGAGCCAAGATCTCACCACGGCACTCCATCCTGGGCAACAGAGTGAGAC","GGCCGGGCACAGTGGCTCATGCCTGTAATCCCAGCACTTTGGGAGGCCGAGGTGGGTGGATCACGAGGTCAGGAGATAGAGACCATCCTGGCTAACACGGTGAAACCCCATCTCTACTAAAAATACAAAAAATTATCCGGGCATGGTGGCATGTGCCTGTAGTCCCAGCTACTCAGGAGGCTGAGGCAGGAGAATCGCTTGAACCTGGGAGGTGGAGTTTGCAGTGAGCCGAGATCATACCATTGCACTCCAGCCTGGGTGACAGAGTGAGAC"
"chr1","14436244","14436422","chr20","179530","179710","31","14256714","TTAGCCAGGTGTGGTGACACCCACCTGTAGTCCCAGCTCTCAGGAGGCTGAGGTGGGAGGATCACTCGAGCCTGGGAGGCAGAGGTTGCAATGAGTCAAGATCATGCCACTGCACTCCAACCTGGGGCGACACAGTGAGACACTGACTCTAAAAAAGAAAAAAAAAAAAGAAAAAAAAA","TTGGCCGGGTGTGGTGACATGCACCTGCAGTCCTAGCTACTCATGAGGCTGAGGCAGGAAAATCTCTTGAACTGGGGAGGCAGAGGTTGCAGTGAGCCAAGATCATGCCACTGTACTCCAGTCTGGGCGACACAGTGAGACACTGTCTCAAAAAAACAATCAAAACAAAACAAAACAAAAA"
"chr1","14723887","14724197","chrX","53714392","53714701","32","38990505","GGCCGGGCGCAGTGGCTCATGCCTGAAATCCCAGCACTTTGGGAGGCTGAGGTGGGTGGATCACAAAGTCAGGAGATCGAGACCGTCCTGGCTAACACGGTGAAACCCTGTCTCTACTAAAAATACAAAAAATTAGCCAGGCTTGGTGGCATGTGCCTGTAGTCCCAGCTACTCTAGAGGCTGAGGCAGGAGAATCGCTTGAATCCGGGAGGCGGAGGTTGCAGTGAGCCAAGATCGCGCCACTGCACTCCAGCCTGGCCAACAGAGCGAGACTCCATCTCAAGAAAAAAACAACAACAACAACAAAAAAA","GGCCGGGCGCGGTGGCTCACGCCTGTAATCCCAGCACTTTGGGAGGCCGAGGCGGGCGGATCACGAGGTCAGGAGATCAAGACAATCCTGGCTAACACGGTGAAACCCTGTCTCTACTAAAAATACAAAAAATTAGCCGGGCATAGTGGCACGTGCCTGTAGTCCCAGCACTCGGGAGGCTGAGGCAGAAGAATCGCTTGAACCTGGGAGGCGGAGGTGGCAGTGAGCCGAGATCGCGCCACTGCACTCCATCCTGGGCGACAGAGTGAGACTCCATCTCAAAAAAACAAAACAAAACAAAACAAAAAAA"
"chr1","14742730","14743036","chr20","54448223","54448522","29","39705493","GGCCAGGCATGGTGGCTTAAGCCTGTAATCCCAGCACTTTGGGAGGCCAAGGCGGGCAGATGACAAGCTCAGGAGATCGAGACCATCCTGGCTAACACGGTGAAACCCCGTCTCTACTAAAAATACAAAAAAATTAGCCAGGCGTGGTGGCATGTGCCTGTAGTCCCACCTACTCGGGAGGCTGAGGCAGGAGAATTGCTTGAACCCGGGAGGCAGAGGTTGCAGTGAGCTGAGATCACGCCACTGCACTCCAGCCTGGGTGACAGAGTGAGACTCCATCTCAAACAATAAATAAATAAATAAAAAA","GGCCAGGCGCGGTGGCTCAGGCCTGTAATCCCAGCACTTTGGGAGGCCGAGGCGGGTGGATCACAAGCTCAGGAGATGGAGACCATCCTGGCTAACATGGTGAAACCCCGTCTCTACTAAAAATACAAAAAATTAGCTGGGCGTGGTGGCAGAGGCCTGTAGTCCCAGCTACTCGGGAGGCTGAGGCAAGAGAATCGCTTGAACCCGGGAGGCAGAGGTTGCACTGAGCCGAGATCACGCCACTGCACTCCAGCCTGGGTGACAGAGTGAGACTCTGTCTCAAAAAAAAAAAAAAAAAAA"
"chr1","15199635","15199942","chr2","31108102","31108405","43","15908467","GGCCGGGCGCGGTGGCTCACGCCTGTAATCCCAGCACTTTGGGAGGCAGGTAGATCACGAGGTCAGGAGATCGAGACCGTCCTGGCTAACACGGTGAAATCCCATCTCTACTAAAATTACAAAAAATTATCCCGGCGTGGGCGTGGTAGCACACGCCTGTAGTCCCAGCTACTCCAGAGGCTGAGGCAGGAGAATCACTTGAACCTGGGAGGCAGAGGTTGCAGTAAGTCGAGATCGTGCCACTGCACTCCAGTCTGGGTGACAGAGCAAGACTCCATTGCAAAAACAAAAAACAAAAAACAACAAAA","GGCCGGGTGCGGTGACTCACACCTGTAATCCCAGCACTTTGGGAGGCCGAGACGGGCAGATCACGAGGTCAGGAGATCGAGACCATCCTGGCTAACATGGTGAAACCCGGTCTCTACTAAAAATACAAAAAATTAGCTGGGCGTGGTGGCACACACCTGTAGTCCCAGCTACTTGAGAGGCTGAGGCAGGAGAATCACTTGAACATGGGAGGCAGAGGTTGCAGTGAGTCGAGATCTTACACCTGCACTCCAGCCTGGGTGACAGAGCAAGACTCCATCTAAAAAAATAATAATTAAAAAAAAA"
"chr1","15297326","15297629","chr1","27056894","27057200","40","11759568","GGCCGGGCGCAGTGGCTCACGCCTGTAATCCCAGCACTTTGGGAGGCTGAGGCTGGCAGATCACCAGGTCAGGAGATCAAGACCATCCTGGCTAGCACGGTGAAACCCCATCTCTACTAAAAATACAAAAAATTAGCCGGGCGTGGTGGCACGTGCCTATAATTCCATCTTCTGGGGAGGCTGAGGCAGGAGAATTGCTTGAACCCGGGAGGTGGAGTGAACCGAAATAGGGCCACTGCACTCCAGCTTGGGCGACAGAGTGAGACTCTGTCTCAAAAAACAAAAACAAAAACAAAACAAAAAA","GGCCGGGCGTGGTGGCTCACGCCTGTAATCCCAGCACTTTAGGAGGCTGAGGCTGGCAGATCACGAGGTCAAGAGATGGAGACCATCCTGGCCAACATAGTGAAACCCCATCTCTACTAAAAATACAAAAAATTAGCTGGGCGTGGTGGCAGGTGCCTATAATCCCAGCTACTCGGGAGGCTGAGGCAGGAGAATTGCTTGAACCTGGGAGGCCGAGGTTGCATTGAGCTGAGATGGCGCCACTGCACTCCAGCCTGGGTGACAGAGCGAGACTCCATCTCAAAAAACAAAACAAAACAAAACAAAA"
"chr1","15342155","15342466","chr13","39352330","39352639","34","24010175","GGCCAGGTATGGTGGCTCACGCCTGTAATCCCAGCACTTTGGGAGGCTGAGGTGGGCAGATCACGAGGTCAGGAGATCGAGACCATCCTGGCTAACACGATGAAACCCTGTCTCCACTAAAAATACAAAAAAATTAGCCAGGCGTGGTGGCATGCACCTGTAGTCACAGCTACTCGGGAGGCTGAGGCAGGAGAATTGTTTGAACCTGGTAGGCAGAGGTTGCAGTGAGCCAAGATTGCACCACTGCACTCCAGCCTGGGTGATAGAGTGAGACTCCATGTCAAAAAAAAAAAAAAAGAAAAAAGAAAAAAA","GGCTGGGCACAGTGGCTCACGCCTGTAATCCCAGCACTGTGGGAGGCTGAGGTGGGCAGATCACGAGGTCAGGAGATCGAGACCATCCTGGCTAACACAGTGAAACCCCATCTCTACTAAAAATACAAAAAATTAGCTGGGCGTGGTGGCACACACCTGTAGTCCCAGCTACTCGGGAGGCTGACGCAGGAGAATCGCTTGAACCTGGGAGGCAGAAGATGCAGTGAGCCGAGATCGTGCCACTGCACTCCAGCCTGGGTGACAGAGTGAGACTCTGTCTCAAAAAAAAAAGAAAAAGAAAAAGAAAAAA"
"chr1","15529937","15530245","chrX","130126302","130126612","26","114596365","GGCCGGGCACGGTGGCTCACGCTTGTAATCCCAGCACTTTGGGAGGCCAAGGCGGGCGGATCACAAGGTCAGGAGATTGAGACCATCCTGGCTAACACGGTGAAACCCTGTCTCTACTAAAAATACAAAAAATTAGCTGGGTGTGGTGGTGCTGCCTGTAGTCCCAGCTACTCGGGAGGCTGAGGCAGAAGAATTGTTTGAACCCGGGAAGCGGAGGCTGCAGTGAGCCAAGATTGTGCCACTGCACTCCAGCCTGGGTGACAGAGCAAGACTCTGTCTCAAAAAAAAAAAAAAAAAAAAAAAGAAAAA","GGCCGGGCGCGGTGTCTCACGCCTGTAATCCCAGCACTTTGGGAGGCCAAGGCGGGTGGATCATGAGGTCAGGAGATTGAGACCATCCTGGCTAACACGGTGAAACCCCGTCTCTACTAAAAATACAAAAAATTATCCGGGTGTGGTGGCACGTGCCTGTAGTCCCAGCTACTCGGGAGGCTGAGGCAGGAGAATCGCTTGAACCCAGGAGGCGGAGGTTGCAGTGAGCCAAGATTGCGCCACTGCACCCCAGCCTGGGTGACAGAGTGAGACTCTATCTCAAAAAAAAAAAAAAAAAGAAAAGAAAAAAA"
"chr1","15611155","15611443","chr4","88700124","88700424","34","73088969","GGCCAGGGGCGGTGGCTCACGCCTGTCATCCCAGCACTTTGGGAGGCCGAGGCGGGCAGATCACGAGGTCAGGAGATCAAGACCATCCTGGCTAACACAGTGAAACCCCGTCTCTACAAAAAATTAGCCAGGTGTGGTGGCACACGCCTGTAGTCCCAGCTACTTGGGAGGCTGAGACAGGAGAATCGCTTGAACCCAGGAGGCGAAGCTTGCAGTGAGCCATCGCGCCACTGCATTCCAGCCTGGATGACAGAGCGAGACTCTGTCTCAAAAAAAAAAAAAAAAAAAA","GGCCGGGCGTGGTGGCTCAGGCCTGTAATCCCAGCACTTAGGGAGGCTGAGGCGGGCGGATCACGAGGTCAGGAGATCAAGACCATCCTGGCTAACACGGTGAAACCCCATCTCTACTAAAAATACAAAAAATTAGCCAGGTGTAGTGGCCAGCGCCTGTAGTCCCAGCTACTCGGGAGGCTGAGGCAGGAGAATCACTTGAACCCGGGAGGCAGAGCTTGCAGTGAGCCGAGATCGCGCCACTGCACTCCAGCCTGGGTGACAGAGCGAGACTCTGTCTCAAAAAAAAAAAAAAAAAGAA"
"chr1","15724608","15724791","chr14","11857658","11857836","36","3866950","TTAGCCGGCTGTAGTGACATGCGCCTATAACTCCAGCTATTCTGGAGGCTGAGGCAGGATAATCGCTTGAATCCTGGAGGTGGAGGTTGCAGCGTGCCGAGAATGTGCCACTGCACTCCAGCCTGGGGGACAGAGGGAGACTCTGTCCAAAAAGATACTCAAAAAAAAAAAAAAAAAAAAAAAA","TTAGCCAGGCGTGGTGGCATGCACCTGTAATCCCAGCTACTCGGGAGGCTGAGGCAGGAGAATCGCTTGAACCCGGGAGGTGGAAGTTGAAGTGAGTCGAGATGTTGCCACTGCACTCCAGCCTGGGCGACAGACTGAGACTCTGTTTCAAAAAAAAAAAAAAAGAAGCCAAAACAAAA"
"chr1","15782347","15782557","chr9","82349333","82349540","32","66566986","TGTCCAACACGGTGAAACCTCGTCTCTACTAAAAATACAAAAAATTAGCTGGGCATGGTGGCACACGCCTGTAATCCCAGCTACTTGGGAGACTGAGGCAGGAGAATTGCTTGAACCTGGGAGATGGGGGTTGCAGTGAGCCTAGATCGCACCACTGCACTCCAGTGTGGGCGGCAGAGCGAGACTCTGTCTCACCCCAAAAAAAAAAAAA","CCTGGCTAACACGGTGAAACCTCGCCTCTACTAAAAATACTAAAAATTAACTGGGTGTGGTGGCACGTACCTGTAGTCCCAGCTACTTGGGAGGCTGAGGCAGGAGAATCGCTTGAACCTGGGAGGCGGAGGTTGCAGTGAGCCGAGATCACACCACTGCACTCCAGCCTGGGCGACAGAGTGAGACTCCATTTCAAAAAAAAAAAAA"
"chr1","15792763","15793046","chr20","27262721","27263002","39","11469958","GGCCGGGCGCGGTGGCTCATGCCTGTAATCCCAGCACTTTGGGAGGCCGATGGGGGCAGATCACAAGGTCAGGAGATCGAGACCATCCTGATTAACATGGTGAAACCCTGTCTCTACTAAAAATACAAAAAATTAGTGGGCGTGGTGGCACACGCCTGTAGTCCCAGCTACTCAGGAGGCTGAAGCAGGAGAATTGCTTGAACCCAGGAGGTGGAGGTTGAAGTGAGCCGAGATCATGCCATTGCACTCCATCTCAAAAAAAAGAAAAAAGAATAAAAAGAAAA","GGCCAGGCGCGGTGGCTCACACCTGTAATCCCAGCACTTTGGGAGGCTAAGGAGGGCAGATCACAAGGTTAGGAGATCAAGACCATCCTGGCTAACACGGAGAAACCCTATCTCTACTAAAAATACAAAAAATTAGCTGGGTGTGGTGGCACGTGCCTGTAGTCCCAGCTACTCGGGAGGCTGAGGCAGGAGAATTGCTTGAACCCGGGAGGCGGAGGTTGCAGCGAGCCGAGATCATGCCATTACACTCCAGCCTGGGCGACAGAGAGAAAAAAAAAAAAA"
"chr1","15803107","15803277","chr1","14567569","14567741","23","1235538","TTAGCTGGGTGTGGTGGCACATGCACCTGTAGTCCCAGCTACTCGGGAGGCTGAGGCAGGAGAATTGCTTAAAGCTGGGAAGCGGAAGTTGCAGTGAGCAGAGATCGCACCATCGCATTCCAGCCTGGGGAACAGAGCAAGGCTCTGTCTCAAAAAAAAAAAAAAAACAAA","AGCTGGGTGTGGTGGCACGCGCGCCTGTAGTCCCAGCTACTCAGGAGGCTGAAGCAGGAGAATCGCTTAAACCTGGGAAGCAGAGGTTGCAGTGAGCCGATATCGCATCACTGCACTCTAGCCTGGGGAACAGAGCAAGGCTCTGTCTCAGAGAAAAAAAAAAAAAAAAAAAA"
"chr1","15936222","15936514","chr1","22411003","22411299","35","6474781","GGCCGGGCGCAGTGGCTCACACCAGTAATCCCAGCACTTTGGGAGAGTGAGGCGGGTGGATCATGAAGTCAGGAGATCAAGACCATCCTGGTTAACATGGTGAAATCCCGTCTCTACTAAAAATACAAAAAATTAGGCGGGCATGGTGACCGCACCTGTAGTCCCAGCTACTCGGGAGGCCGAAGCAGGAGAATCACTTGAAATGGGAGGCAGAGGTTGCAGTGAGCTGAGATTGTGCCACTGCACTCCAGCCTGGGCAACAGAGCGAGACGCTGTCTCAAAAAAAAAAAAAA","GGCCAGGCACGGTGGGTCACGCCTGTAATCCCAGCACTTTGGGAGGCCGAGGCGGGTGGATCACGAGGTCAGGAGATCAAGACCATCCTGGCTAACATGGTGAAACCCCATCTCTACTAAAAATACAAAAAAATTAGCTGGGCATGGTGGCACACGCCTGTAGTCCCAGCTACTCGGGAGGCTGAGGCAGGAGAATCACTTGAATCTGGGAGGCAGAGGTTGCAGTGAGCCGATATCGCGCCACTGCACTCCAGTCTGGGTGACAGAGCGAGACTCTGTCTCAAAAAAAAAAGAAGA"
"chr1","15948985","15949140","chr2","49127094","49127264","39","33178109","TTAGCCAGGCAGTAGTAGCACACACCTGTTGTCCCAGCTACTTAGGAGGCTGAGGCACCTGGAAGGCGGAGGTTGCAGTGAGCCAAGATTGCACTACTGCACTCCAGTCTTGGCGACAGAGTGAGACCCTGTTTCAAACAAACAAACAAAAAAAAA","TTAGCCAGGCGTGGTGGCACACACCTGTAATCCCAGCTACTTGGGAGGCTGAGGCAGAAGAATTGCTTGAACCAGGAGGTAGAGGTTGCAGTGAGCCAAGATTGCACCATTGCCCTCCAGCCTGGGCAACAGAGCAAGACTCCGTCTTGGAAAAAAAAAAAAAAAAAAAAA"
"chr1","15961330","15961621","chr12","46463059","46463348","39","30501729","GGCCGCACCCAGTGGCTCACGCCTGTAATCCCAGCACTTTGGGAGGCCAAGGCGGGAGGATCACAAGGTCAGGAGAGTGAGACCATCGTGGCCAACACGTGGAAACCCCGTCTCTACTAAAAATACAAAAATTAGCTGGGTGTGGTGGTGTGTGCCTGTAGTCCCAGATACTTAGGAGGCTGAGACAGGAGAATCCCTTGAACCCAGGAGGCGGAAATTGCAGTGAGCCAAGATTGCGCCACTGTACTCCAGCCTGGGTGACAGAGTGAGACCTGGTCTCAAAAAAAAAAAA","GGCTGGGTGCAGTGGCTCACGCTGTAATCCCAGCACTTTGGGAGGCCAAGGCGGGTGGATCACAAGGTCAGGAGATTGAGACCATCCTGGCCTACATGGTGAAACCCTGTCTCTATTAAAAATACAAAAATTAGCTGGGTGTGGTGGCATGCGCCTGTAGTCCCAGCTACTCAGGAGGGTGAGGCAGGAGAATTGCTTGAACCCAGGAGGTGGAGGTTGCGGTGAGCTGAGATTGCACCACTGCACTCCAGCCAGGGCGACAGAGCAAGACTCTGTCTCAAAAAAAAAAA"
"chr1","15961988","15962281","chr1","45194641","45194934","34","29232653","GCCTGGCACGGTCGCTCACACCTGTAATCCCAGCACTTTGGGAGGCCGAGACAAGCGGATCATGAGGTCAGGAGACAGAGACCATCCTGGCTAACACAGTGAAACCCCATCTCTACTAAAAATACAAAAAATTAGCCGGGCTTGGTGGCGAGTTCCTGTAGTCTCAGCTACTCAGGAGGCTGAGGCAGGAAAATTGCTTGAACCTGGGAGGTGGAGGTTGCCATGAGCCGAGATCGCGCCACTGCACTCCAGCCTGGGCAACAGAGTAAGACTCCATCTCAAACAAAAAAAAAA","CCAGGCGCAGTGGCTCACACCTGTAATCCCAGCACTTTGGGAGGCCAAGGCAGGAGGATCATGAGGTCAGGAGATTGAGACCATCCTGGCTAACACAATGAAACCCCATCTCTACTAAAAATACAAAAAATTTAGCCAGGCGTGGTGGCATGCACCTGTAGTCTCAGCTACTCAGAAGGCTGAGGCAGGAGAATTGCTTGAACCCGGGAGGTGGAGGTTGCAGTGAGCCTAGATCATGCCACTGCATTCCAGCCTGGGTGACAGAGCAAGACTCCGTCTCCAAAAAAAAAAAAA"
"chr1","15965436","15965706","chr14","12933847","12934125","36","3031589","GGCCGGGCCTGGTGGCTCACGCCTGTAATCCCAGCACTCTGGGAGGCCGATCATAAGGTCAGGAGATCAAGACCATCCTGGCTAACACAGTGAAAACCCATCTCTACTAAAAATACAAAAAATTAGCCGGGCATGGTGGTATGCACCTGTAGTCTCAGCTACTCGGGAGGCTGAGGCAGGAGAATCGCTTGAACCCGGGAAGCAGAGGTTGCAGTGAGCCCAGATCACGCCACTGCACTCCAGCCTGGGCAACAGAGCAAGACTCTGTCTC","GGCCGGGCGCGGTGGCTCACGCCTGTAATCCCAGCACTTTGGGAGGCCGAGGCGGGCGGATCACCAGGTCAGGAGATCAAGACCATCCTGGCTAACATGTGAAACCCCGTCTTTACTAAAAATACAAAAAATTAGCCAGGCGTGGTGGCACGCGCCTGTAGTCCCAGGTACACGGGAGGCTGAGGCAGGAGAATCGCTTGAACCCGAGAGGTGGAGGTTGCAGTGAGCCGAGATCATGCCGCTGCACTCCAGCCTGGCAACAGAGCAAGACTCTCTCTC"
"chr1","15990887","15991172","chr19","5448006","5448295","41","10542881","GGCCGGGCACGGTGGCTCACACCTGTAATCCCAGCACTTTGGGAGGGCCAAGGCAGGCAGATGACCAGGTCAGGAGATGGAGACCATCCTGGCCAACATGGTAAAACCTCATCTCTACTAAAACGCAAAAAATTAGCCGAGTGTGGTGGTGCCCGCCTGCAGTCCCAGCCACTCAGGAGGCTGAGGCAGGGGAATCGCTTGAACCTGGGAGGCAGAGACTGCAGTGAGCCGAGATTGCGCCACTGCACTCCAGCCTAGGCAACAAGAGCCAAAACTCCATCTCGAA","GGCCGGGCTCAGTGGCTCATGCCTGTAATCCCAGCACTTTGGGAGGCCAAGGCAGGAGGATCATGATGAGGTCAGGAGATTGAGACCACCCTGACTAACATGGTGAAACCCCATCTCTACTAAAAATACAAAAAATTAGCCGGGCGTGGTGGTGCACACCTGCAATCCCAGCTACTCGGGAGGCTGAGGCAGGAGAATTGCTTGAACCCGGGAGGCAGAGGTTGCAGTGAGCTGAGATTGCGCCACTGCACTCCAGCCTGGGGAACAAGAGCAAGACTCCATCTCATAAA"
"chr1","15993171","15993423","chr8","45011846","45012107","54","29018675","GGCTGGGTGCAGTGGCTCACACCTGTAATCCCAGCACTTTGGGAGGCCCAGGCAGGTGGATCGCCTCTACTAAAAATCCAAAAAAATTAGCTGGGCATGGTAGTACACATCTGTAATCCCAGCTACTTGGGAGGCTGAGGCATGAGAATTGCTTGAGCTCAGGAGGTGGAGATTGCAGTGTGCCAAGATCGTGCCACTGCACTCCAGCCTGGGTGACAGAGCGAGACTCAGTCTCAACAAAGAAAATAGAAAA","GGCTGGGTGCAGTGGCTCACACCTGTAATCCCAACACTTTGGGAGCCCAAGGCAGCCTGGCTAACATAGTGAAACCCTGTCTCTCCTACCAATTAAAAAATTAGCTCGGGCGTGGTGGCACACACCTGTAGTCCCAGCTACTCGGGAGGCTGAGGTAGGAGAATTGCTTGAACCTCGGAGGTGGAGGTTGCAGTGAGCTGAGACCGTGCCACTGCACTCCAGCCTGGTGACAGAGTGAGACTCCGCCTCAAAAATAAATAAA"
"chr1","16602865","16603030","chr17","13116329","13116498","26","3486536","GCCGGGTGTGGTGGCACACGCCTGTAGTCCTAGCTACTAGAGAGGCTGAGGCAGGAGAATCGCTTGAACTTGGGAGGCTGAGGTTGCAGTGAGCTGAGATTGTGCCACTGCACTCCCGCAAGGGTGACAGAGCAAGATTCCATCTCAAAAAATAAATAAATAAAAA","TTAGCCGGGTGTGGTGGCACACGCCTGTAGTCCCAGCTACTAGGGAGGCTGAGGCAGGAGAACTGCTTAAACCCGGGAGGCAGAGGTTGCAGTGAGCCGAGATCGGGTCACTGCACTCCAGCCTGGGCGACAGAGCAACACTCCATCTCAAAAAAATAAAACAGAAAAAA"
"chr1","16611864","16612166","chr1","2715985","2716290","38","13895879","GCTGGGCGCAGTGGCTCACGCCTATAATCCCAGCACTTTGGGAGGCCGAGGCGGGTGGATCACCTGAGGTCGGGAGATCAAGACCATCCTGGCTAACACGGTGAAACCCTATCTCTACAAAAAATTAGCTGGGCGTGGTGGCATATGCCTGTAGTCCCAGCTACTCAGGAGGCTGAGGCAGGAGAATCGCTTGAACCCAGGAGGCAGAGGTTGCAGTGAGCCGAGATCGTGCCACTGCACTCCAGCCTGGGCAACAGAGCGAGACTCTGTCTCAAAAAAAAAAAATAATAATAATAATAATAA","GACCAGGCGCAGTGGCTCACGCCTATAGTCCCAGCACTTTGGGAGGCTGAGGCAGGCAGATCACGAGGTCAGGAGATCGAGACCATCCTGGCTAACACGGTGAAACCCCATCTCTACTAAAAATACAAATTAGCCAGGCGTGGTGGCGCACGCCTGTAGTCCCAGCTACTCTGGAGGCTGAGGCAGGAGAATCGCTTGAACCCGGGAGGCGGAGCTTGCAGTGAGCCGAGATTGTGCCACTGCACTCCAGCCTGGGCGACAGAGTGAGACTCTGTCTCAAAAAATAAATAAAATAAATAAATAAAA"
"chr1","16755195","16755494","chr7","61781005","61781304","32","45025810","GGCCGGGCGTGCTGACTCATGCCTGTAATCCCAGCACTTTGGGAGGCGGAGGTGGGCGGATCACGAGGTCAGGAGATCGAGACCATCCTAGCTAACACAGTGAAACCGTATCTCTCCTAAAATCACAAAAAATTAGCTGGGCATGGTGGCACGCGCCTGTAGTCCCAGATACTTGGGAGGGTAAGGCAGAAGAATCGCTTCAACCTGGGAGGCAGAGGTTGCAGTGAGCCAAAATCACGCCACTGCACTCCAGCCTGGGTGACAGAGCGAGACTCCGTCTAAAAAAAAAAAAAAAAAGAA","GGCTGGGCGCGGTGACTCAGGCCCATAATCCCAGCACTTCGGGAGGCCGAGGCGGGCAGATCACGAGGTCAGGAGATCGAGACCATCCTGGCTAACACAGTGAAACCCCGTCTCTACTAAAAATACAAAAAATTAGCCTGGCCTGGTGGCGGGCGCCTGTAGTCCCAGCTACTTGGGAGGCTGAGGCAGGAGAATCGCTTGAACCTGGGAGGCAGAGGTTGCAGTGAGCCAGGATCACGCCACTGCACTCCAGCCTGGGTGACAGAGTGAGACTCCGTCTCAAAAAAAAAAAAAAAAAAA"
"chr1","16759652","16759941","chr1","15639677","15639960","40","1119975","GCCGGGCGCAGTGGCTCACGCCTGTAATCCCAGCAGTTGGGGAAGCCGAGGCGGGTGGATCACCTGAGGTACGGAGATCAAGACCATCCTGGCTAACACGGTGAAACCCTATCTCTACAAAAAATTAGCCGGGTGTGGTGGCACGCGCCTGTAGTCGCAGCTACTCAGGAGGCTGAGGCAGGAGAATTGCTTGAACCCAGGAGGCAGAGGTTGCAGTGAGCCAAGATCGTGCCACTGCACTGCAGCCTGGGCAACAGAGCAAGACTCCGTCTCAATAATAATAATAATAA","GCCGGGCGCAGTGGCTCACGCCTATAATCCCAGCACTTTGGGAGGTGGAGGCGGATGGATAACAAGGTTAGGAGATCAAGACCATCCTGGCTAACACAGTGAAACCCTATCTCTACAAAAAATCAGCTGGGCATGGTACCTGGCGCCTGTTGTCCCAGTTGCTCGGGAGGTTGAGGCAGGAGAATTGCTTGAACCCGGGAGGCAGAGGTTGCAGTGAGCTGAGATGGTGCCACTGCACTCCAACCTGGGCAACAGAGTGAGACTCCGTCTCAAAATAATAATAA"
"chr1","16842910","16843181","chr15","44422532","44422812","36","27579622","CCGGGCGCAGTGGCTCATGCCTATAATCCCAGCACTTTGGGAGGCCGAGGCAGGTGGATCACCTGAGGTCCGGAGATCAAGACCATCCTGGCTAACACGGTGAAACCCTATCTCTACAAAAAATTAGCTGGGTGTGGTGGCACGCGCCTGTAGTCCCAGCTACTTGGGAGGCTGAGGCAGGAGAATCGCTTGAACCCAGGAGGCAGAGGTTGCAGTGAGCCAAGATCATGCCACTGCACTCCAGCCTGGGCAACAGAGCAAGACTCCGTCTC","GGCCGGGCACGGTGGCTCATGCCTGTAATCCCAGCACTTTGGGAGGCCGAGGCGGGCGGATCATGAGGTCAGGAAATCAAGACCATCCTGGCTAACACGGTGAAACCCTGTCTCTACTAAAAATACAAAAAATTAGCCGGGTGTGGTGGCACGTGCCTGTAGTCCCAGCTACTCGGGAGGCTGAGGCAGGAGAATTGCTTGAACCCAGGAGGCGGAGGTTGCAGTGAACGGAGATCGCGCCACTGCACTCCAGTCTGGGTGACAGAGCGAGACTCCGTTTC"
"chr1","16848382","16848677","chr5","188648995","188649286","34","171800613","GGCCGGTTGTGTTGACTCATGCGTGTAATCCAGCACTTCGGGAGGCCGAGGTGGGCGGATCACGAGGTCAGGAGATCGAGACCATCCTGGCTAACACAGTGAAACCCCATCTCTACTAAAATCACAAAAAATTAGCTGGGCTTGGTGGCACGCGCCTGTAGTCCCAGATACTTGGGAGGGTAAGGCAGAAGAATCGCTTCAACCTGGGAGGCAGAGGTTGCAGTGAGCCAAAAACATGCCACTGCACTCCAGCCTGGGTGACAGAGCGAGACTCCGTCTAAAAAAAAAAAAAAGAA","GGCCGAGTGTGGTGCCTCATGCCTGTAATCCCAGCACTCTGGGAGGCCGAGGTGGGCGGATCACGAGGTCAGAAGATCGAGACCATCCTGGCTAACACGGTGAAACCCCATCTCTACTGAAAATACAAAAAATTAGCCGGGCATGGTGGCGGCGCCTGTAGTCCCAGCTACTTGAGGCTGAGGTAGGAGAATCGCTTGAACCTGGGAGGCGGAGCTTGCAGTGAGCCGAGATCACGCCACTGCACTCCAGCCTGGGGGACAGAGCGAGACTCCGTCTCAAAAAAAAAAAAAA"
"chr1","16934183","16934519","chr20","8659416","8659737","52","8274767","GGCCAGGTGGGTGGCTCACGCCTGTAATCCCAGCACTTTGGGAGGCACTTTGGGAGGCCTTGGCGGGTGGATCATGAGGTCAGGAGATTGAGACCATCCTGGCTAACGTGGTGAAACCCTGTCTCCACTAAAAATACAAAAAATTAGCCCGGCATGGTTGCATGTGCCTGTAGTCCCAATTACTTGGGAGGCTGAGGCAGGAAAATTGCTTGAACCCCGGAGGCAGAGGTTGCAGTGAGCCGAGACCGCACCACTGCACTCCAGCCTGGGAGACAGAGCGAGAATGTCTCAAAAAAATAAATAAATAAAATAAAAATAAATAAATAAATAAATAAAT","GGCCAGGCGCGGTGGCTCACGTCTGTAATCCCAGCACTTTGGGAAGCCGAGGCAGGCGGATCATGAGGTCAGGAGATCAAGACCATCCTGGCTAACATGGTGAAACCCTGTCTCTACTAAAAATGAAAAAAATTAACCAGGCATGGTAGCACGCACCTGTAATCCCAGCTACTCGGGAGGCTGAGGCAGGAGAATCGCTTGAACCCGGGAGGCAGAGGTTGCAGTGAGCTGAGATCACACCACTGCACTCCAGCCTGGGCGACAGAGAGACACCATCTCTAAATAAATAAATAAATAAATAAATAAATAAATAAATAAATAA"
"chr1","16948340","16948630","chr12","88022841","88023127","48","71074501","GCCTGGCACAGTGGCTCACACCTATATGTAATCCAGCACTTTGGGAGGCTGAGGCAGGTGGATCACGACATCAGGAGTTCAAGACCATCTTGGCTAAAACGGTGAAACCCCATCCCTACTAAAAATACAAAAAAGTTAGCCGGGCATGTGACACGCGCCTGTAATCCCAGCTACTTGGGAGGCTGAGGCAGGAGAATTGCTTGAACCCAGGAGGCAGAGAGATCTCGCCACTCCACTCCAGCCTGGGTGACAGAGTGAGACTGTCTCACAAAAAAAAAAAAAAAAAAAGAA","GGCTGGGCACGGTGGCTCACGCCTGTAATCCAGCACTTTAGGAGACCGAGGCAGGCGGATCATGAGGTCAGGAGATGGAGACCATCCTGGCTAACACAGTGAAACCCCATCTCTACTAAAAATACAAAAAATTAGCCGGGCATGGTGGCAGGTGCCTGTAGTCACAGCTACTTGGGAGGCTAAGGCAGGAGAATCGCTTGAACCTGGGAGCCGAGATCACACCACTGCACTCCAGCCTGGGGGACAGAGCAAGACTCTGTTTCAAAAAAAAAAAAAAAAAAAAAAAA"
"chr1","17171182","17171485","chr12","55214705","55215009","31","38043523","GGCCAGGCACGGTGGCTCACGCCTATAATCCCAGCACTTTGGGAGGCCGAGGCGGGCAGATCACAAGGTCAGGAGATTGAGACCATCCTGGCTAAGACAATGAAACCCTGTCTCTACTAAAAATACAAAAAATTAGCTGGGTGTGGTGGCACATGCCTGCAGTCACAGCTACTTGGGAGACTGAGGCAGGAGAATCACCAGAACCCGGGAGGTGGAGGTTGCAGTGAGCCAAGGTCACGCCACTGTACTCCAGCCTGAGCAACAGAGCGAGACTCTGTCTCAAAAAAAAAAAAAAAAAAAAAAA","GGCTGGGCACGGTGGCTCAGGTCTCTAATCCCAGCACTTTGGGAGGCCGAGGTGGGCAGATCACAAGGTCAGGAGATCGATACCATCCTGGGTAACACGGTGAAACCCCGTCTCTACTAAAAATACAAAAAATTAACTGGGTGTGGTGGCGCGCGCCTGTAGTCCCAGCTACTTGGGAGACTGAGGCAGGAGAATCGCTTGAACCCAGGAGGCAGAGGTTGCAGTGAGCCAAGATCACGCCACGGTACTCCAGCCTGGCAACAGAGTGAGACTCTGTCTCAAAACAAAAAAAAAACAAAAAAAAA"
"chr1","17191017","17191309","chr14","66326782","66327072","29","49135765","GGCTGGGCGTGGTGGCTCACGCCTGTAATCCCAGCACTTTGGGAGGCCGAGGTGGGCGGATCACGAGATCAGGAGATCAACACCATCCTGGCTAATATGGTGAAACCCCATCTCTACTAAAAATACAAAAAATTAGCTGGGCGTGGTTGCATGTGCCTGTGGTCCCAGCTACTCTGGAGGCTGAGGCAGGAGAATTGCTTGAACCTGGGAGGCAGAGGTTGCAGTGAGCTGAGATCGTGCCACTGCACTCCAGCCTGGTGATGAAGTGAGATTCCGTCTCAAAAAAAAAAAAA","GGCTGGGCGTGGTGGCTCACGTCTGTAATCCCAGCACTTTGGGAGGCCGAGGTGGGCGGATCACAAGGTCAGGAGATAGAGACCATCCTGGCTAACACGGTGAAACCCCGTCTCTACTAAAAATACAAAAAATTAGCTGGGCATGGTGGCACTTGCCTGTAGTCCCAGCTACTCAGGAGGCTGAGGCAGGAGAATTGCTTGAACTCAGGAGGCAAAGGTTGCAGTGAGCTGAGATCGCGCCACTGCACTCTAGCCTGGGCGACCAAGTGAGACTCCGTCTCAAAAAAAAAA"
"chr1","17216309","17216602","chr4","21309683","21309973","30","4093374","GACCGGGCGCAATGGCTCACATCTGTAATCCCAGCACTTTGGGAGGCCGAGGCAGGCGGATCAAAAGGTCAGGAGATCGAGACCATCCTGGCCAACATGGTGAAACGCCGTCTCTACTAAAAATACAAAAATTAGCCGGGCGTGGTAGCACGCAGCTATAGTCCCAGCTACTTGGGAGGCTGAGGCAGGAGAATCGCTTGAACCCAGGAGGCGGACGCTGCAGTGAACCGAGATTGTGCCACTGAACTCCAGCCTGGGCAACACAGTGAGACTCCGTCTCAAAAAAAAAAAAAA","GGCCGGGCGCGGTGGCTCAGCCTGTAATCCCAGCACTTTGGGAGGCCGAGGCAGGCGGATCATGAGGTCAGGAGATCGAGACCATCTTGGCCAACATGGTGAAACCCTGTCTCTACTAAAAATACAAAAATTAGCCAGGCGTGGTAGCAGGAGCCTGTAGTCCCAGCTACTTGGGAGGCTGAGGCAGCAGAATTGCTTGAACCCGGGAGGCGGAGGCTGCAGTGAGCTGAGATCGTGCCACTGTACTCCAGCCTGGGCAACAGAACGAGACTCTGTCTCAAAAAAAAAAAA"
"chr1","17348878","17349174","chr4","170001134","170001432","36","152652256","GGCCGGGCGCGGTGGCTCACGCCTGTAATCCCAGCACTTCAGGAGGTCAAGATGGGTGGATCATGAGGTTGGGAGACTGAGACCATCCTGGCTAACATGGTGAAACCCCGTCTCTACTAAAATACAAAAAATTAGCTGGGCGTGGTGGCGCGCGTCTGTAGTCCCAGCTACTCAGGAGGCTGAGGCAGGGGAATCGCTTGAACTCAGGAGGCAGAGATTGCAGTGAGCCAAGAGTGCCACTGCACTCCAGCCTGGGTGACAGAGCGACACTGAGTCTCAAAAAAATAAATAAATAAA","GCTGGGAGCGGTGGCTCACGCCTATAATCCCAGCACTTTGGGAGGCCGAGGTGGGCGGATCACAAGGTCAGGAGATTGAGACCATCCTGGCTAACATGGTGAAACCCCGTCTCTACTAAAAATACAAAAAATTAGCTGGGTGTGGTGGCGGGTGCCTGTAGTCCCAGCTACTCAGGAGGCTGAGGCAGGAGAATCGCTTGAACCCAGGAGGCGGAGGTTGCAGTGAGCTGAGATCGCGCCACTGCACTCCAGCCTGGGTGACACAGCAAGACTCTATCTCAAATAAATAAATAAATAAA"
"chr1","17356398","17356694","chr13","95773591","95773881","41","78417193","GGCTGGGCTCGGTGGCTCATGCCTATAATCCTAGCACTTTAGGAGGGTGAGGCGGGTGGATCACGAGGTCAGGAGATCGAGACTATCCTGGCTAACACAGTGAAACCCTGTCTCTACGAAAAATACAAAAAATTAGCTGGGCGTGGTGGCGGGCGCCTACAGTCCCAGCTACTCAGGAGGCAGGGGCAGGAAATTCACTTGAATCGAGGAGGCAGAAGTTGCAGTGAGCAGAGATTTTACCACTGCACTGCACTCCAGCCTGGGCAACAGAGCAAGACTCGCTCTCAAAAAAAAAAA","GGCCGGGCGCAGTGGCTCATGCCTGTAATCCCAGCACTTTGGGAGGCAGAGGCGGGTGGATCACGAGGTCAGGAGATCGAGACCATCCTGGCTAACACAGTGAAACCCCATCTCTACCAAAAATGCAAAAAATTAGCTGGGCTTGGTGGTGGGTGCCTGTAGTCCCAGCTACTCTGGAGGCTGAGGCAGGAGACTCACTTGAACTAGGGGGCGGAGGTTGCAGTGAGCTGAGATTGTGCCACTGCACTCCAGCCTGGGCCACAGAGCGAGACTCTGTCTCAAAAAAGAAAA"
"chr1","17375901","17376092","chrX","147147954","147148141","42","129772053","AAGAATACAAAAGTGAATTAGCCAGGCGTGGTGACACATGCCTATAATTCCAGCTACTCAGAGACTGACGCTAGTGAATCACTTGAACCTGGGAGGTGGAGGTTGCAGTGAGGCAAAATTGCACCATTGCACTACAGCCTGGGTGACAGAGCAACACTCTGTCTCAAAAAACAAAAATAAACAAAATTAAAA","AAACAAAAAAAAATTAACCAGGTGTGGTGGCACGAGCCTGTAATTCTTGCTACTCAGGAGGCTGAGGCAGGAGAATCGCTTGAACCTGGGGGAGGCGGAGGTTGCAGTGAGCCCAGATCATGCCACTGCACTCCAGCCTGGGTGACAGAGCGAGACTCCGTCTCAAAAAAAAAAAAAAAAAAAAAAAA"
"chr1","17379025","17379216","chrX","147147954","147148141","42","129768929","AAGAATACAAAAGTGAATTAGCCAGGCGTGGTGACACATGCCTATAATTCCAGCTACTCAGAGACTGATGCTAGTGATTCGCTTGAACCTGGGAGGTGGAGGTTGCAGTGAGGCAAAATTGCACCATTGCACTACAGCCTGGGTGACAGAGCAACACTCTGTCTCAAAAAACAAAAATAAACAAAATTAAAA","AAACAAAAAAAAATTAACCAGGTGTGGTGGCACGAGCCTGTAATTCTTGCTACTCAGGAGGCTGAGGCAGGAGAATCGCTTGAACCTGGGGGAGGCGGAGGTTGCAGTGAGCCCAGATCATGCCACTGCACTCCAGCCTGGGTGACAGAGCGAGACTCCGTCTCAAAAAAAAAAAAAAAAAAAAAAAA"
"chr1","17411680","17411989","chr9","59841601","59841904","47","42429921","CCGGGTGGGGTGGCTTATGCCTGTAATCTCAGCACTTTGAGAGGTCGAGGTGGGCAGATCATAAGGTCAGGAGATCAAGACCATCCTGGCTAACACGGTGAAACCCCGACTCTACGAAAAATACACACATGCACAAAAAAATTAGCCAGGCATGGTGGCGGGTGCCTGTAGTTCCAGCTACTCGGGAGGCTGAGTCAGGAGAATTGCTTGAATCCAGGAGGCAGAGGTTGCAGTGAGCCGAGATCGTGCCATTGCATTCCAGCCTGGGCAACAGAGTGAGACTCCATCTCAAGCAACAACAACAACAAAA","GGCCGGGCACGGTGGCTCATGCCTGTTATCCCAGCACTTTGGGAGGCTGAGGCGGGCAGATCATGAGGTCAGGAAATCAAGACCATCCTGGCTAACACGGTGAAACCCTGTCTCTACTAAAAATACACACACACACAAAAATTAGCTGGGCATGGTGGCACGTGCCTGTAGTCCCAGCTACTCGGGAGTCTAAGGCAGGAGAATCGCTTGAACCCAGGAGGTAGAGGTTGCAGTGAGCCGAGATCATGCCACAGCGCTCTAACCTGGGTGACAGAGTGAGACTCCGTCTCAAAAAAAAAAAAAA"
"chr1","17549253","17549554","chr3","61603468","61603773","38","44054215","GGCCGGGCGCAGTGGCTCACGCCTGTAATCCCAGCACTTTGGGAGGCTGAGGCGGGTGGATCACAAGGTCAGGAGATCGAGACCATCCTGGCTAACATGGTGAAACCCTGTTTCTACTAAAAATACAAAAAATTAGCCTGGCACACGCCTGTAGTCCCAGCTACTCGGGAGGCCAAAGCAGGAGAATTGCTTGAATCCGGGAGTTCGAGTTTGCGGCGAGCCAAGATCATGCCACTGCACTCCAGCCTGGGCAACAGAGCCAGACTCCATCTCAAAAACAAAACAAAACAAAACAAACAAAA","GGCCGGGTGCAGTGGCTCACACCTGTAATCCCAGCACTTTGGGAGGCCGAGGCGGGTGGATCACGAGGTCAGGAGATCGAGACCATCCTGGCTAATGTGGTGAAACCCCGTCTCTACTAAAAATACAAAAAATTAGCCGGACGTGGCCGGCGCCTGTAGTCCCAGCTACTTGGGAGGCTGAGGCAGGAGAAATTGCTTGAACCCAGGAGGTGGAGGTTGCAGTGAGCCGAGACCACGCCACTGCACTCCAGCCTGGGCAACAGAGCAAGACTCCGTCTGAAAAAAAAACCAAAAAAACAAAAAAAA"
"chr1","17641860","17642233","chr19","40608198","40608561","62","22966338","GGCCGGGTGCAGTGGCTCACGCCTGTAATCCCAGCACTTTGGGAGGCCGAGGCGAGTGGATCATGAGGTCAGGAGATCGAGACCATCCTGGCTAACACGGTGAAACCCCACCTCTACTAAAAATACAAAAAATTAGCCGGGCGTGGTAGCACGCACCTGTAGTCCCAGCTACTCCGTCTCTACTAAAAATACAAAAATACAAAAGTTAGCCGTGCGTGATGGTGCGTGCCTGTAATCCCAGCTACTCGAGAGGCTGAGGCAGGAGAATCGCTTGAACCCGGTAGGCGGAGGTTGCAGTGAGCCAAGATCGCACCACTGCACTCTAGCCTGGGCAACAGAGCGAGACTTGGTCTAAAAAATAAAACAAAAAACAA","GGCCGGGTGCGGTGGCTCACGCCTGTAATCCCAGCACTTTGAGAGGCCGAGACGGGCAGATCACGAGGTCAGGATATCGAGACCATCCTGGCCAACACCGTAAAACCCTGTCTCTACTAAAAATACAAAAAAAAATTAGCCGGGCGTGGTGGCAGGCGCCTGAGCAAGACTCTGTCTCAAAAAAAAACCCCAAAATTAGCTGGGTGTGGTGGCACGCGCCTGTAATCCCAGCTACTCGGGAGGCTGAGGCAGGAGAATCACTTGAACCCGGGAGACGGAGGTTGCAGTGAGCCGAGATCACCCCACTGCACTCCAGCCTGGGTGACAGAGCGAGACCCTGTCAAAAAACAAAACAAAAACAAAA"
"chr1","18929275","18929554","chr1","17756482","17756762","31","1172793","GGCTAGGTGTGGTGGCTCATGCCTGTAATCTCAGCACTTTGGGAGGCCAAGGCGGGTGGATCACAAGGTCAGGAGATTAAAACCAGCCTGGCTAACACGGTGAAACCCTCTCTCTACTAAAAACACAAAAAATTAGGCGGGCATGGTAGCATGCACCTGTAGTCCCAGCTACTCGGGAAGCTGAAGCAAGAGAATTGCTTGAACCTGAGAGGCAGAGGTTGCAGTGAGCCGAGATGGTGCCACTGCACTCCAGCCTGGCAACAGAGTGAGACTCCATCTC","GGCCAGGTGTGGTGGCTGATGTCTATAATCCCAGCACTTTGGGAGGCCAAGGCAGGCGGATCACAAGTTCAGGAGATTGAGACCAGCCTGGCTAACATGGTGGAAACCCGTCTCTACTAAAAACACAAAAAATTAGGCGGGCATGGTGGCACACACCTGTAGTCCCAGCTACTCGGGAGGCTGAAGCTGGAGAATTGCTTGAACCTACCAGGCAGAGGTTGCAGTGAGCCGAGATCACACCACTGCACTCCAGCCTGGTGACAGAGTGAGACTCCATCCCA"
"chr1","18962315","18962611","chr3","48879684","48879984","27","29917369","GGCCGGGCGCGGTGGCTCACGCCTGTAATCCCAGCACTTTGGGAGGCCGAGGCGGGCAGATCACAAGGTCAGGAGATCGAGATCACCCTGGTTAACACGGTGAGACCCCGTCTCTACTAAAAATACAAAAAATTAGCTGGGCGTGGAGGCACGTGCCTATAATCTCAGCTACTCGGGAGGCTGAGGCAGGAGAATCGCTTGAACCCGGCAGGCAGAGGTTGCAGTGAGCCGAGATGGTGCCACTGCACTCCAGCCTGGCGACAGAGCAAGACTCCATCTCAAAAAAAGAAAAAAAAA","GGCTGGGCTCGGTGGCTCACATCTGTAATCCCAGCACTTTGGGAGGCCGAGGCGGGCGGATCACAAGGTCAGGAGATCGAGACCATCCTGGCTAACACGGTGAAACCCCGTCTCTACTAAAAATACAAAAAATTAGCTGGGCGTGGTGGCATGTGCCTGTAATCCCAGCTACTCGGGAGGCTGAGGCAGGAGAATCACTTGAATCCGGGAGGCGGAGCTTGCAGTGAGCCGAGATTGTGCCACTGCACTCCAGCCTGGGTGACACAGTTAAGACTCCATCTCAAAAAAAAAAAAAAAAAAA"
"chr1","19171117","19171419","chr14","118913053","118913356","31","99741936","GGCCAGTCGTGGCGGCTCACACCTGTAATCCCAGCACTTTGGGAGGCCGAGGCGGGTGGATCACAAGGTCAGGAGATCAAGACCATCCTGGCCAACATGGTGAAACTCCGTCTCTACCAAAAATTTAAAAATGAGCTGGGCACAGTGGCACGCACCTGTAGTCCCAGCTACTCAGCAGACTGAGGCAGGAGAATCGCTTGAACCAGGGAGGCTGAAGTTGCAGTGAGCTGAGATCGCACCACTGCACTCCAGCCTGGGTGACAGAGCAAGACTCCGTCTCAAAAAAAAAAAAAAAAAAAAAAA","GGCCGGGCGCGGTGGCTCACGCCTGTAATCCCAGCACTTTGGGAGGCCGAGGCGGGTGGCTCACAAGGTCAGGAGATCGAGACCATCCTGGCTAACATGGTGAAACCCCATCTCCACTAAAAATATAAAAAATTAGCCGGGCGTGTTGGCAGGCACCTGTAGTCCCAGCTACTCGGGAGGCTGAGGCAGGAGAATTGCTTGAACCCGGGAGGCGGAGGTTGCAGTGAGCGGAGATCGCACCACTGCACTCCAGCCTGGGTGACAGAGCCAGACTCTGTCTCAAAAAAAAAAAAAAAAAAAAAAA"
"chr1","19209938","19210250","chr4","5955341","5955651","37","13254597","GGCCGGGCGCGGTGGCTCACGCCTGGAATCCCAGCACTTTGGGAAGCCGAAGTGGGCAGATCATAAGGTCAGGAGATTAAGACCATCCTGGCTAACACGGTGAAACCCCGTCTCTACTAAAAATAGAAAAAAAAACTAGCTGGGCATAGTGGCATGTGCCTGTAGTCCCAGCTACTCAGGAGGCTGAGGCAGGAGAATCGCTTGAACCCGGGAGGTGGAGGTTGCCGTGAGTTGAGATTGGACCACTGCTCTCCAGCCTGGGCAACAGAGCAAAACTCTGTCCCAGAAAAAAAAAAAAAAAAAAAAAAAAGAA","GGCTGGGCACGGTGGCTCACACCTGTAATCCCAGCACTTTGGGAGGCCGAGGAGGGCAGATCATGAGGTCAGGAGATTAAGACCATCCTGGCTAACACAGTGAAACCCTGTCTCTACGAAAAATACAAAAAATTAGCCAGGTGTGGTGGCACGCACCTGTAGTCCCAGCTACTCAGGAGGCTGAGGCAGGAGAATCGCTTGAACCTGGGAGGTGGAGGTTGCAGTGAGCTGAGATTGTGCCACTGCACTCCAGCCTGGGCGACAGAGCAAGACTCTGTATCAAAAAAAAAAAAAAAAAAAAAAAAAAAAAA"
"chr1","19230219","19230531","chr17","16036823","16037127","38","3193396","GGCCAGGCGCAGTGGCTCACACCTGTAATCCCAGCACTTTGGGAGGCCAAGGGCAGACAGATCATGAGGTCAGGAGATTGAGACCATCTGGCTAACATGATGAAACCCCATCTCTACTAAAAAATATATAAAAAATTAGCCAGATGTGGTGGCACGCGCCTGTAGTCCCACCTACTTGGGAGGCTGAGGCAAGATAATTGGTTGAACCCAGGAGGCGGAGGTTGCAATGAGCCGAGATCACGCCACTGCACTCCAGCCTGGGCCACAGAGTGAGACTCCATCTCAAAAAAATAAAAAACAACAAAAACAAAAA","GCCAGGCGCGGTGGCTCACGCCTGTAATCCCAGCACTTTGGGAGACCAAGGCAGGCGGATCATGAGGTCAGGAAATTGAGACCATCCTGGCTAACATGGTGAAACCCTGTCTCTACTAAAAGCACAAAAAATTAGCTGGGCGTGGTGGCACACGCCTGTAGTCCCAGCTACTTGGGAGGCTGAGGCAGGAGAACTGCTTGAACCCAGGAGGCGGAGGTTGCAGTGAGCCGAGATCATGCCACTGCACTCCAGCCTGGATGACAGAGCGAGACTCCATCTCAAAAAAAAAAAAAAAAAAAACAAAA"
"chr1","19531397","19531677","chr13","97520871","97521154","41","77989474","GGCCAGGCGCCTGGCTTACGCTAGTAATCCCAGCACTTTGGGAGGCCGAGGCGGGTGGATCACGAGGTCAGGAGATCGAGACCAGCCTGGCCAACACAGTGAAACTCCGTCTCTACTAAAAATACAAAAATTAGCCAAGTGTGGTGGCACAGACCTGTAGTCCCAGCTACTCAGGAGGCTGAGGTGGGAGAACCGCTTGAACCCGGGAGGCAGAGGTTGCAGTGAGCTGAGACCATGCCATCACACTCCAGCTTGAGTGACAGAGTGAGAGTCCATCTCAA","GGCCGGGCGCGGTGGCTCACGCCTGTAATCCCAGCACTTTGGGAGGCCGAGGCAGGTGGATCACAAGGTCAGGAGATTGAGACCATCCTGGCTAACATGGTGAAACCCCGTCTCTACTAAAAATACAAAAAGTTAGCTGGGCATGGTGGCACGTGCCTGTAGTCCCACCTACTCAGGAGGCTGAGGCAGGAGAATCGCCTGAACCCGGGAGGTGGAGGTTGCAGTGAGCCAAGATCATGCCATTGTACTCCAGCCTGAGTGACAGAGCAAGACTCCATCTCAAA"
"chr1","19567672","19567777","chr1","22941685","22941780","30","3374013","CTTGAACCCGGGAGGCGGAAGTTGCAGTGAGCTGAGATCACGCCACCACACTCCAGCCTGAGTGACAGAGCAGGACTCTGTCTCAAAAATAAATAAATAAATAAAA","TGGAGGCGGACGTTGCAGTGAGCTGAGGTGGGGTCATTGCACTCCAGCCTGGGTGACAAGAGTGAAACTTTGTCTCAAAAAAAAAAAAAAAAGAAA"
"chr1","19568085","19568216","chr7","68956423","68956553","8","49388338","GGCTGGGCGCGGTAGCTCACACCTGTAATCCCAGCACTTTGGGAGGCCGAGGCGGGCAGATCACGAGGTCAGGAGATCGAGACCATCCTGGCTAACACAGTTAAACCCCGTCTCTACTAAAAATACAAAAAA","GGCCGGGCGCGGTGGCTCACGCCTGTAATCCCAGCACTTTGGGAGGCCGAGGCGGGCGGATCACGAGGTCAGGAGATCGAGACCATCCTGGCTAACACGGTGAAACCCCGTCTCTATTAAAAATACAAAAA"
"chr1","19588819","19589130","chrX","872740","873049","33","18716079","GGCCGGGCACAGTGGCTCACGCCTGTAATCCTAGCACTTTGGGAGGCCAAGGCAGGCAGATCACGAGGTCAGGAGATAGAGACCATCCTGGCTAACACAGTGAAACCCCATCTCTACTAAAAATACAAAAAATTAGCCGGGCATGGTGGCAGGCGCCTGTAGTCCCAGCTACTCAGGAGGCTGAGGCAAGAGAATTGTTTGAACCAGGGAGTTGGAGGTTGCAGTGAGTCGAGATTTCACCACTGCACTCCAGCCTGGTGACAGAGCGAGACTCCGTCTCAAAATAAAATTAAAAAAAAAAAAAGAAAAGAA","GGCCGGGCGCGGTGGCTCACGCCTGTAATCCCAGCACTTTGGGAGGCCGAGGCAGGCGGATCACGAGGTCAGGAGATGGAGACCATCCTGGCTAACACGGTGAAACCCCGTCTCTACTAAAAATACAAAAATTAGCCGGGCGTGGTGGCGGGCGCCTGTAGTCCCAGCTACTCAGGAGGCCGAGGCAGGAGAATCGCTTGAACCCAGGAGGCGGAGGTTGCAGTGAGCCGAGATCACCCCATTGCACTCCAGCCTGGGCGACAGAGCAAGACTCCGTCTCAAAAAAAAAAAGAAAAGAAAAGAAAAGAAA"
"chr1","19829550","19829860","chr1","18638387","18638692","33","1191163","GGTTGAGTGCAGTGGCTCATGCCTGTAATCCCAGCACTTTGGGAGGCCAAGATGAGCAGATCACGAGGTCAGGAGATTGAGGCCATCCCAGCTAACATGGTGAAACCCCATCTTTACTGAAAATACAAAAAATTAGCCGGGCGTGGTAGGATGTGCCTGTAGTCCCAGCTACTCGGGAGGCTGAGGCAGGAGAATCGCTTGAACCCAGGAGGCAGAGGTTGCAGTGAGCCAAGATCCTGTCACTGCACTCCAGCCTGGGTGACAAAGCAAGACTCCATCTCAAACAAAAACAAAAACAAAAACAAAACAAA","GGCTGAGTGCAGTGGCTCATGCCTGTAATCCCAGCGCTCTGGGAGGCCGAGACAGGCAGATCATGAGGTCAGGAGATTGAGGCCATTCTGGCTAACATGGTGAAATCCCATCTTTACTGAAAATACAAAAAATTAGTCGGAAGTGGTGGCACATGCCTGTAGTCCTAGCTACTTGGGAGGCTGAGGCAGGAGAATCACTTGAACCCAGGAGGCAGAGGTTGCAGTGAACCGAGATCGTGCTACTGCACTCCAGCCTGTGACAAAGCAAGACTCCATCTCAAACAAAAACAAAAACAAAACAAAGAA"
"chr1","19844952","19845242","chr1","18654259","18654543","31","1190693","GGCCAAGCATGGTGGCTCACACCTGTAATCCCAGCACTTTGGGAGGCTGAGGCGGGTGGATCACGAGGTCAGGAGATCGAGACCATCCTGGCTAACATGATGAAACGCCGTCTCTAATAAAAATACAAAAAATTAGCTGGGTGTGGTAGGATGTGCCTGTAGTCCCAGCTATTTGGGAGGCTGAGGCAGGAGAATCACTTGAACCCCAGAGGCGGAGGTTGCAGTGAGCCGAGATCGTGCCACTGCACTCCAGCCTGGGCGACAGACAGAGCGAGACTCCGTCTCAAAAAA","GGCCGGGCGCGGTGGCTTACACCTGTAATCCCAGCACTTTGGGAGGCTGAGGCGGGCAGATCATGAGGTCAGGAGATCGAGACCATCCTGGCTAACATGATGAAACCCCAACTCTACTAAAAATACAAAAAATTAGCTGGGCGTGGTAGCATGTGCCTGTAGTCCAAGCTACTCAGGAGGCTGAGGCAGGAGAATTGCTTGAACCCCTGAAGCGGAGGTTGCAGTGAGCCGAGATCGTGCCACTGCACTCCAGCCTGGGTGACAGACAGTGCGAGACTCTGTCTC"
"chr1","19991352","19991622","chr1","49408758","49409030","36","29417406","CCTGTAATCCCAGCACTGTTGGAGGCCAAGGCAGGTGGATCACGAGGTCAGGAGATTGAGACCATTCTGGCTAACGTGGTGAAACCCCATCTCTACTAAAAATAAAAAAAAAATTAGCCAGGCGTGGTGGCATGTGCCTGTAGTCCCATCTACTCAGGAGGCTGAGGCAGGAGAATCGCTTGAACCTGGGCAGCAGAGGTTGCAGTGAGCCTAGATAGCACCAATGCACTCCAGCCTGGGTGACACAGCAAGACTCCATCTCAAAAAAAAA","CTATAATCCCAGTGCTTTGGGAGGCCAAGGAGGGTGGGTCACGAGGTCAGGAGATGGAGACCATCCTGGCTAACATGGTGAAACCCCATCTCTACTAAAAATACAAAAAAATTAGCTGGGCGTGGTGGCATGCGCCTGTAGTCCCAGCTACTTAGGAGGCTGAGGCAGGAGAATCGCTTGAACCTGGGAGGTGGAGGTTGCAGGGAGCCCAGATCGCTCCACTGCACTCCAGCCTGGGTGACACAGTGAGGTTCCATCTCAACAACAACAAAA"
"chr1","20429156","20429455","chr9","31201059","31201360","35","10771903","GGCCGGGCGTGGTAGCTCATGCCTGTAATCCCAGCACTTTGGAAGGAAAGTGGGCAGATCATGAGGTCAGGACATCGAGACCCTCCTGGCTAACACAGTGAAATCCTGTCTGTACTAAAAATACAAAAAATTAGCTGGGCATGGTGGCACACACCTTTAGTCCCAGCTACTCGGGAGGCTGAGGCAGGAGAATCACTTGAACCTGGGAGGTGGAGGTTGCAGTGAGCCAAGGTCATGCCACTGCACTCCAGCCTGGGCAAGAGAGTGAGACTCTGTCTCAAAAAAAAAAAAAAAAAAGAA","GGCTGGGCGCAGTGGCTCATGCCTGTAATCCCAGCACTCTGGGAGGCCGAGGCGGGCGGATCACGAGGTCAGGAGATCGAGACCATCCTGGCTAAAACAGTGAAACCCTGTCTCTACTGAAAATACAAAAAATTAGCTGGCCATGCTGGCACGTGCCTGTAGTCCCAGCTACTAGGGAGGCTGAGGCAGGAGAATCGCTTGAACCTGGGAGGCAGAAGTTGCAGTGAGCCAAGATCATGCCACTGCACTCCAGCCTGGGCAACAGAGTGAGACTCTGTCTCAGGAAAAAAAAAAAAAAAAAA"
"chr1","20559542","20559858","chr16","54764613","54764924","50","34205071","GGCTGGGTGCAGTGGCTTACAGCTGTAATCTCAGCACTTTGGGAAGCCGAGGCAGGGGGCAGATCACAAGGTCAGGAGATCAAGATCATCCTGGCTAACATGGTGAAGCCCCGTCTCTACAAAAATAAATACAAAAAATTTAGTCAGGCGTGGGTGGCACACTCCTGTAACCCCACTATTCGGGAGGCTGAGGCGGAAAATTCCCTTGAACACAGGAGGTGGAGGTCGCAGTGAGCCAAGATCGTGCCACTGCCCTCCAGCCTGGATGACAGAGCAAGACTCCATCTCAAAAAAAAAAATAGAATAAAATTTAAAAA","GGCTTGGTGGGGTGGCTGACACCTGTAATCCCAGCACTTTGGGAGGCTGAGGCGGGTGGATCACGAGGTCAGGAGATCGAGACCATCCTGGCTAACACGGTGAAACCCCATCTCTACTAAAAAATACAAAAAATTAGCCAGGTGTGGTGGCACACTCCTGTAGTCCCAGCTACTCAGGAGGCTGAGGCAGGAGAATTGCTTGAACCCAGGAGGCAGAGGTTGCAGTGAGCCAAGATCGCGCCACTGCACTCCAGCCTGAGTGACAGAGCAAGACTCCATCTCAAAAAAATTAAAAAATAAATAAAAATAAAA"
"chr1","20587996","20588273","chr7","1513646","1513928","39","19074350","GGCCGGGCGGGATGGCTCATGCCTGGAGGCCGAGGTGGGCGGATCACGAGGTCAGGAGGTCGAGACCATCCTGGCTAACACAGTGAAACCCCGTCTCTACTAAAAATACAAAAATTAGCCGGGCGTGGTGGTGCATGCCTGTAATCCCAGCTACTCGGGAGGTTGAGGCAGGAGAATCGCTTGAACCCGGGAGGCGGAGGTTGCAGTGAGCCAAGATCACGCCACTGCACTCCAGCCTGGGTAACAGAGCGAGACTCCATCTCAAAAAAAAAAAAAAA","GGCCGCGCGCGGTGACTCATGCCTGTAATCCCAGCACTTTGGGCGGATCACGAGGTCAGGAGATGGAGACCATCCTGGCTAACATGGTGAAACCCCGTCTCTACTAAAAATACAAAAAGTTAGCTGGGCGTGGTGGCGGGCGCCTGTAGTCCCAGCTACTCGGGAGGTTGAGGCAGGAGAATCATTTGAACCCAAGAGGCAGAGGTTGCAGCGAGCTGAGATCATGCCACTGCACTCCAGCTTGGGCAACAGTACGAGACTCTGTCTCAAAAAAAAAAAAAAA"
"chr1","20677020","20677322","chr1","19509803","19510103","29","1167217","GGCCAGGCGAGGTGGCTCATGCCTGTAATCTCAGCACTTTGGGAGGCTGAGGCGGGCGAATCACGAGGTCCTGATTGAGACCATCCTGGCTAACACGGTAAAACCCCATCTCTACTAAAAATACAAAAAATTAGCTGGGCATGGTGGTGCGTGCCTGTAGTCCAAGCTACTTGGGAGGCTGAGGCAGGAGAATCGCTTGAACCCGGGAGGTGGAGGTTGCAGTGAGCCGAGATCGCGCCACTGCACTCCAGCCTGGGCGACAGAGCAAGACTCCATCTCAAAAAAAAAAGACACAAACACAAA","GGCCAGGCAAGGTGGCTCGCGCCTGTAATCTCAGCACTTTGGGAGGCCGAGGTGGGCGAATCACGAGGTCCTGATCAAGACCATCCTGGCTAACACAGTGAAACCCCATCTCTATTAAAAATACAAAAAATTAGCTGGGCATGGTGGCGTGTGCCTGTAGTACCAGCTACTTGGGAGGCTGAGGCAGGAGAATCACCTGAACCAAGGAGGCAGAGGTTGCAGTGAGCCGAGATCGCGCCACTGCACTACAGCCTGGGCAACAGAGCAAGACTCCGTCTCAAAAAAAAAAAAAAAAAAGAGA"
"chr1","20691213","20691523","chr19","15978488","15978799","32","4712725","GGCCAAGCGCGGTGGCTCACGCCTGCAATCCCAGCACTTTGGGAGGCCAAGGCAGGCAGATCGCAAGGTCAGGAGATCGAGATCATCCTGGCTAACACGGTGAAACCCCGTCGCTACTAAAAATACAAAAAATTAGCCAGGCGTGGTAGTGGGTGCCTGTAGTCCCAGCTACTCAGGAGGCTGAGGCATGAGAATTGCTCGAACCCGGGAGGCAGAGGTTGCAGTGAGCCAAGATCGTGCCATTGCACTCCAGCCTGGGCGAAAGAGCAAGACTCCGTCTCAAAAACAAAAACAAAAACAAACAAAGAAAA","GGCCGAGCGCGGTGGCTCACGCCTGTAATCCCAGCACTTTGGGAGGCCGAGGCGGGCGGATCACAAGGTCAGGAGATCGAGACCATCCTGGCTAACACGGTGAAACCCCGTCTCTACTAAAAATACAAAAAAAATTAGCCAGGCGTGGTGGCGGCGCCTGTAGTCCCAGCTACTCGGGAGGCTGAGGCAGGAGAATCGCGTGAACCCGGAAGGCAGAGGTTGCAGTGAGCCGAGATCGTGCCACTGCACTCCAGCCTGGGCGACAGAGTGAGACTCCGTCTGAAAAAAAAAAAAACAAAAACAAAAACAAAA"
"chr1","20726178","20726483","chr1","221383235","221383539","43","200657057","GGCCATGAGTGGTAGCTCACATCTGTAACCCCAGGATTTTGGGAGGCTGAGGTGAGTGGATCACGAGGTCAGGAGATCGAGACCATCCTGGCTAACATGGTGAAACCCCAACTCTACTAAAAATACAAAAAATTAGCTGGGCGTGGTCGTGTACGCCTGTAGTCCCAACTCGGGAGGCTGAGGTGGGAGAATCGCTTGAACCTGGGAGGCGGAGTTTGCAGTGAGCCAAGATCACACCACTGCACTCCACACTGGGCGACAGAGCGAGACTCTGTCTCAAAAAAAATAATAATAAAAAATAAAAAA","GGCCAGGCGTGGTGGCTCATGCCTGTAATCCCAGCACTGGGAGGTTGAGGTGGGCGGATCACGAGGTCAGGAGATCGAGACCATTCCGGCTAACACAGTGAAACCCCGTCTCTACTAAAAATACAAAAAATTAGCCGGACGTGGTGGCGGCGCCTGTAGTCCCAGCTACTCGGGAGGCTGAGGTAGGAGAATCACTTGAACCTGGGAGGCGGAGGTTGCAGTGAGCCAAGATCGAGCCACTGCACTCCAGCCTGGGCGACAGAGCGAGACTCCATCTCAAAAAAAAAATAATAATAATAATAAAA"
"chr1","20735678","20735972","chr1","19563103","19563398","30","1172575","GGTCAGGCGCGGTGGCTCATGTCTGTAATCCCAGCACTTTGGGGAGGCCGAGGTGGGCGAATCACGAGGTCAGGAGATCCAGACCATCCTGGCTAACATGGTGAAACCCAATCTCTAGTAAAAATACAAAAAATTAGCCGGGCATGGTGGCACATGCCTGCAATCCCAGCTACTCGGGAGGCTGAGGCAGGAGAATCCCTTGAACCCAGGAGGCAGAGGTTGCAGTAAGCCAAGATCACGCCACTGCACTCCAGCCTGGGTGACAGAATGAGACTCCGTCTCAAAAAAAAAAAAA","GGCTGGGCGCGGTGGCTCACACCTGTAATCCCAGCACTTTGGGAGGCTGAGGCCGGCGAATCACGAGGTCAGGAGATCGAGACCATCCTGGCTAACACGGTGAAACCCAGTCTCTAGTAAAAATACAAAAAATTAGCTGGGCATGGTGGCACACACCTGCAATCCCAGCTACTTGGGAGGCTGAGGCAGGAGAATCGCTTGAACCCGGGAGGCGGAGGTTGCAGTGAGCCGAGATCACACCACTGTACTGCCTCCAGCCTGGGTGACAGAATGAGACTCCGTCTCAAAAAAAAAAA"
"chr1","20741075","20741368","chr15","12161880","12162173","31","8579195","GGCCAGGTGTGGTGGCTCACACCTGTAATCCCAGCACTTTGGGAGGCTGAGGCGGGCAGATCATGAGGTCGGAAGATCAAGACCATCCTTGCTAACACGGTGAAACCCCGTCTTTACTAAAAGTACAAAAAATTAGCCCGGCGTGGTGGCACGCGCCTGTAGTCCCAGCTACTTAGGAGGCTGAGGCAGGAGAATCACTTGAACCTGAGGGGGCAGAGGTTGCAGTGACCTGAGATCGCGCCACTGCACTCCAGCCTGGGTGACAGAGGGAGACTGCGTCTCAAAAAAAAAAAA","GGCTGGGCGCGGTGGCTCACACCTGTAATCCCAGCACTTTAGGATGCTGAGGTGGGCAGATCATGAGGTCAGGAGATTGAGACCATCCTGGCTAACACGGTGAAACCCCATCTCTACTAAAAACACAAAAAATTAGCCGAGTCTGGTGGCACGCGCCTGTAGTCCCAGCTACTTGGGAGGCTGAGGCAGGAGAATCGCTTGAACCTGGGAGGCAGATGTTGCAGTGAGCTGAGATCGCGCCACTGCACTCCAGCCTGGGTGACGGAGAGAGACTCCATCTCAAAAAAAAGAAAA"
"chr1","20761058","20761364","chr13","25547088","25547394","32","4786030","GCTGGGCGCGGTGGCTCACGCCTGTAATCCCAGAATTTTGGGAGGCTGAGGCGGGTGGATCACGAGGTCAGGAGATCGAGACCATCCTGGCTAACACAATGAAACCCTGTCACTACTAAAAATACAAAAAATCAGCTGGGCATGGCGGCACGCACCTGTAGTCCCAGCTACTAGGGAGGCTGAGGCAGGAGAATCGCTTGAACCTGGGGAGGCGGAAGTTGCAGTGAGCCAAGATTGCGCCACAGCACTCTAGCCTGGGAGACAGAGCGAGACTCCGTCTCAAAAAATAAATAAATAAATAAATAAA","GCCGGGCGCAGTGGCTCACGCCTGTAATCCCAGCACTTTGGGAGGCTGAGGCCGGCGGATCACGAGGTCAGGAGATTGAGACCATCCTGGCTAACACGAGGAAACCCCGTCTCTACTAAAAATACAACAAATTAGCTGGGTGTGGTGGCACGCACCTGTAGTCCCAGCTTCTAGGGAGGTTGAGGCAGGAGAATCACTTGAACCTGGGAGGCGGAGGCTGCAGTGAGCCAAGATCACGCCACCGCACTCTAGCCTGGGAGACAGAGCGAGACTCCGTCTCAAAAAAAAAGAAGAAAAAAAAGAAAAA"
"chr1","20781683","20781997","chrX","47430937","47431256","27","26649254","GGCCGGGCGCGATGGCTCACGCCTGTAATCCCAGCACTTCGGGAGGCCGAGGCAGGCGGATCACGAGGTCAGGAGATCGAGACCATCCTGGCTAACAGGGTGAAACCCTGTCTCTACTAAAAATACAAAAAATTAGCCAGGCCTGGTGGCGGGCGCCTGTAGTCCCAGCTACTCGGGAGGCTGAGGCAGGAGAATCGCTTGAACCTGGGAGGTGGAGGTTGCGGTGAGCCGAGATCACACCACTGCACTCCAGCCTAGGCGACAGAGTGAGACTCCATCTCATAAATAAATAAATAAATAAATAAATAAATAAAT","GGCCGGGCGCGGTGGCTCACGCTTGTAATTCCAGTACTTTGGGAGGCCGAGGCGGGCAGATCACGAGGTCAGGAGATCGAGACCATCCTGGCTAACATGGTGAAACCCCATCTCTACTAAAAACACAAAAAATTAGCCGGGCGTGGTGGCGGGCGCCAGTAGTCCCAGCTACTCGGGAGGCTGAGGCAGGAGAATCACTTGAACCTGGCAGGTGGAGGTTGCAGTGAGCCAAGATCACACCACTGCACTCCAGCCTGGGTTACAGACTGAGACTCCATCTCAAATAAATAAATAAATAAATAAATAAATAAATAAATAAA"
"chr1","20796630","20796935","chr15","5945391","5945695","28","14851239","GGCTGAGCACGGTGGCTCACACCTGTAATCCCAGCACTTTGGGAGGCCGAGGCAGATGGATCATGAGGTCAGGAGATCGAGACCATCCTGGCTAACATAGTGAAACCCTGTCTCTACTAAAAATACAAAAAATTAGCTGGGTGTGGTGGCGGGCACCTGTAATCCCAGCTACTTGGGAGGCTGAGGCAGGAGAATCGCTTGAACCCAGGAGGCGGAGGTTACAGTGATCCAAGAGCATGCCACTGCACTCCAGCCTGGCGACAGAGCGAGACTCTATCTCAAAAAAAAAAAAAAAAAAAACAAAAA","GGCCGGGCGCGGTGGCTCACGCCTGTAATCCCAGCACTTTGGGAGGCCGAGGCGGAAGGATCATGAGGTCAGGAGATCAAGACCATCCTGGCTAACACGGTGAAACCCTGTCTCTACTAAAAAATACAAAATATTAGCTGGGCGTGGTGGCGGGCACCTGTAATCCCAGCTACTTGGGAGGCTGAGACAGGAGAGTTGCTTGAACCCAGGAGGCGGAGGTTGCAGTGAGCCGAGATTGCGCCACTGCACTCCAGCCTGGCGACAGAGCGAGACTCTGTCTCAAAACAAAAAAAAAGAAAAAGAAA"
"chr1","20824291","20824579","chr7","19039688","19039974","30","1784603","GGCTGGGCACCGTAGCTCACACCTGTAATCCCAGCACTTTGGGAGGCCGAGGCGGGTGGATCACGAGGTCAGGAGATCGAGACCATCCTGGCTAACATGGTGAAACCCCGCCTCTACTAAAAATACAAAAAATTAGCCGGGCGTGGTGGCACGCACCTGTAATCCCAGGTACCCGGAGACCGAGGCAAGAGAATCTCTTGAACCAGGGAGGTGGAGGTTGCAGTGAGCTGAAATTGCGCCACTGCACTCCATTCTGGGCGACAGAGCAAGACTCCCTCTCAAAAAAGAA","GGCCGGGCGCGGTAGCTCATGCCTGTAATCCCAGCACTTTGGGAGGCCGAGGCGGGTGGATCACGAGGTCAGGAGATCGAGACCATCCTGGCTAACATGGTGAAACCCCATCTCTACTAAAAATGCAAAAATTAGCCAGGCGTGGTGGCACGCACCTGTAGTCCCAGCTACTCGGAGGCTGAGGCAGGAGAATGGCTTGAATCTGGGAGGCGGAGGTTGCAGTGAGCAGAGATTGCGTCACTGCACTCCAGCCTGGGTGACAGAGCAAGACTCCATCTAAAAAAAAA"
"chr1","20868800","20869117","chr1","19689366","19689678","36","1179434","GGCCGGGGGTGGTGGCTCACGCCTGTAATCCCCACACTTTGGGAGGCCGAGGTGGGCAGATCACGAGTTCAGGAGATAGAGACCATCCTGGCTTACACGGTGAAACCTGGTCTCTACTAAAAATATAAAAAGTTAGCCAGGCATGGTGGACACGCCTGTAATACCAACTACTTGGGAGGTTGAGGCAGAAGAATCACTTGAGCCTGGGAGGCGGAGGCTGCAGTGAGCCAAGATCGCACCACTGCACTCCAGGCTGGGTGACAGAGCGAGAGCGAGAGCGAGACTCCATCTTAAAAGAAAAAAAAAAAAAGAAGGAAA","GGCCGGGGGTGGTGGCTCACGCCTGTAATCCCACACGTTTGGAGGCTGAGGTGGGCAGATCACCAGTTCAGGTGATAGAGACCATCCTGGCTAACATGGTGAAACCCGGTCTCCACTAAAAATACAAAAAGTTAGCCAGGCGTGGAGGCACATGCCTGTAATACCAACTGCTTGGGAGGCTGAGGCAGGAGAATCGCTTGAACCCAGGAGGCAGAGGCTGCAATGAGCCAGGATCGCACCACTGCACTCCAGGCTGGGCGACAGAGCGAGAGAGACTCCATCTTAAAAGAAAAGAAAAAAAAAAAGAAGGAAA"
"chr1","20937614","20937909","chr1","19757805","19758098","29","1179809","GGCGGGGCGCAGTGGCTTACGTCTGTAATCCCAGCACTTTGGGATGTCAAGGTAGGCGGATCACGAGGTCAGGAGATCAAGACCACCCTGGCTAACATGGTGAAACCCTGTCTCTACTAAAATACAAAAAATTAGTTTGGGTGTGGTGGCGCACACCTGTAGCCCCAGCTACTCAGGAGGCTGAGGCAGGGGAATCACTTGAACCTGGGAGGCAGAGGTTTCAGTAAGCCAAGGTTGCACCACTGCACTCCTGCCTGGTGACAGAGCAAGACTCCGTCTCAAAAAAAAAAAAAAAA","GGCCGGGCACAGTGGCTTATGCCTGTATTCCCAGCACTTTGGGATGCCAAGGCAGGCGGATCATGTGGTCAGGAGATAAAGACCACCCTGGCCAACATGGTGAAGTCCCGTCTCTACTAAAATACAAAAAACTAGTTGGGTGTGGTGGCACACACCGGTAGCCCCAGCTACTCAGGAGGCTGAGGCAAGGAAATCACTTGAACCTGGGAGGCTGAGGTTTCAGTGAGCCGAGGTTGTGTCACTGCTCTCCTGCCTGGTGACAGAGCAAGACTCTGTCTCAAAAAAAAAAAAAAA"
"chr1","20955754","20956046","chr1","19777338","19777630","31","1178416","GGCCAGGCGCGGTGGCTCACGCCTGTAATCCCAGCACTTTGGGAGGCTGAGGCGGGCGGATCATAAGGTCAGGAGATCAAGACCAGCCTGGCTAACACGATGAAACTCCATCTCTACTAACAATACAAAAAATTAGCTGGGCGTGGTAGCACATGCCTGTAGTCTCAGCTACTCAGGAGGCTGAGGCAGGAGAATCACTTGAACCTGAGAGGCGGAGCTTGCAGTGAGCCAAGATCGCGCCACTGCACTCCAACCTGGGCGACAGGGCAAGACTCCATTTAAAAAAAAAAAAA","GCCAGGCGCGGTGGTTCACACCTGTAATCCCAGCACTTGAGGAGGCTGAGGCGGGCGGATCACAAGGTCAGGGGATCGAGACCATCCTGGCTAACACGGTGAAACCCTGTCTCTACTAAAAATACAAAAAATTAGCCAGGCATGGTGACACATGCCTGTAGTCTCAGCTACTCAGGAGGCTGAGGCAAGAGAATCACTTGAACCCGAGAGGCGGAGGTTGCAGTAAGCCAAGATTGCGCCACTGCACTCCAGCCTGGGCAATAGGGCAAGACTCTGTTTCAAAAAAATAAAAA"
"chr1","20971166","20971460","chr8","65214285","65214580","22","44243119","GACTGGGCACGGTGGCTCACGCCTGTAATCCCAGCACTTTGGGAGGCCGAGGCGGGCGGATCACGAGGTCAGGAGATTGAGACCATCTTGGCTAACACGGTGAAACCCTGTCTGTACTAAAAATACAAAAATTAGCTGGGCGTGGTGGCATGTGGCTGTAGTCCCAGCTACTCAGGAGGCTGAGGCAGGAGAATCGCTTGAACCCGGGAGGTGGAGGTTGCAGTGAGCCAAGATCACGCCACTGCACTCCAGCCTGGGCGACAGAGCAAGACTCTGTCTCAAAAAAAAAAAAAAA","GCTGGGCACGGTGGCTCACGCCTGTAATCCCAGCACTTTGGGAGGCCGAGGCAGGCGGATCACGAGATCAGGAGATCGAGACCATCCTGGCTAACACGGTGAAACCCCATCTGTACAAAAAATACAAAAAAATTAGCTTGGCGTGGTGGCATGTGCCTGTAGTCCCAGCTACTCAGGAGGCTGAGGCAGGAGAATTGCTTGAACCCGAGAGGCGGAGGCTGCAGTGAGCCAAGATTGCGTTACTGCACTCCAGCCTGGGCGACAGAGCAGGACTCAGTCTCAAAAAAAAAAAAAAA"
"chr1","21011998","21012159","chr3","76215454","76215617","17","55203456","GCTGGGCATGGTGGCACGCACCTGTAGTCTCAGCTACTTGGGAAGCTGAGGCAGGAGAATCACTTGAACCCGGGAGGTGGAGGTTGCAGTGAGCTGAGATCTTGCCACTGCACTCCAGCCTGGGCGACAGAGCGAGACTCTGTCTCAAAAAAAAAAAAAAAA","GCCAGGCATGGTGGCACACACCTGTAGTCCCAGCTACTCAGGAGGCTAAGGCAGGAGAATCACTTGAACCTGGGAGGCGGAGGTTGCAGTGAGCCAAGATCATGCCACTGCACTCCAGCCTGGGCAACAGAGCGAGACTCTGTCTGGAAAAAAAAAAAAAAAAA"
"chr1","21271449","21271762","chrX","52884540","52884848","30","31613091","GGCCGGGCGCTGTGGCTCACGCCTGTAATTCCAGCATTTTGGGAGGCCAAGGCGGGTGGATCACGAGGTCAGGAGATTGATTGAGACCATCCTGGCTAACACGGTGAAACCCCATCTCTACTAAAAATACAAAAAATTAGCCAGGTGTGGTGGCATGTGCCTGTAGTCCCAGCTACTCGGGAGGCTGAGGCAGGAGAATCTCTTGAACCCGGGAGGCCAAGGTTGCAATGAGCCGAGATGGCGGCACTGCACTCCAGCCTGGGTGAGAGAGCAAGACTCCGTCTCAAAAAAAAAAAAAAAAAAAAAAAAAAGAA","GGCCGGGTGTGGTGGCTCACGCCTATAATCCCAGCACTTTGGGAGGCCGAGGCGGGTGGATCACGAGGTCAGGAGATCGAGACTATCCTGGCTAACATGGTGAAACCCCATCTCTACTAAAAATACAAAAAATTAGCCGGGTGTGGTGGCATGTGCCTGTAGTCCCAGCTACTTGGGAGGCTGAGGCAGGAGAATCGCTTGAACCCGGGAGGTGGAGGTTGCAGTGAGCTGAGATTGCACCACTGCACTTCAGTCTGGGCGACAGAGCAAGACTCCGTCTCAAAAAAAAAAAAAAAAAAAAAAAAAAAA"
"chr1","21494754","21495032","chr3","61219427","61219705","32","39724673","GGCCGGGCGAGGGGGTTCACGCCTGTAATCCCAGCACTTTTGGAGACCGAGGCGGGCGGATCACGAGGTCAAGAGATCCAGATCATCCTGGCTAACATGGTGAAACCCCGTCTCTACTAAAAATACAAAAAAATTAGCTGGGCATGGTGGCGTGCCCCTGTAGTCCCAGCTACTCGGGAGTCTGAGGCAGGAGAATTGCTTGAACTCAGGAGGTGGAGGTTGCAGTGAGCTGAGATTGTGCCACTGCACTCCAGCCTGGGCAACAGAGCGAGACTCTGT","GGCCGGGCGCGGTGGCTCACGCCTGTAATCCCAGCACTTTGGGAGGCCAAGGCAGGTGGATCACGAGGTCAAGAGATCGAGACCGTCCTGCCTAACATGGTGAAACCACGTCTCTACTAAAAATACAAAAAATTAGCCTGGCATGGTGGCATACGCCTGTAATCCCAGCTACTTGGGAGGCTGAGGCAGGAGAATCGCTTGAACCCGGGAGGCAGAGGTTGCAGTGAGCCAAGATTGTGCCACTGCACTCCAGCCTGGGCAACAGAGTGAGACTCGGTC"
"chr1","21510849","21511125","chr1","53192216","53192497","37","31681367","TCCCAGCACTTTGGAAGGCTAAGGTGGGCGGATCACAAGGTCAGGAGATCGAGAACATCCTGGCTAACACGGTGAAACCCCGTGTCTACTATAAATACAAAAAACTAGCCGGGCGTGGTGGCACACGCCTGTAGTCCCAGCTACTCCAGAGGCTGAGGCAGGAGAATCACTTGAACCTGGGAGGCTGCAGTGAGCCAAGATCAAGCCACTGCACTCCATCCTGGGCGACAGAGCGAGACTCCGTCTCAAAAAAAAAAAAAAAGAAAAGAAAAAAGAA","CCCAGCACTTTGGGAGGCCAAGGCGGGCAGATCACAAGGTCAGGAGATCAAGACCATCCTGGCTAACACAGTGAAACCCCGTCTCTACTAAAAAGACAAAAAATTAGCTGGGCATGGTGGCAGGTGCCTGTAGTCCCAGCTACTCAGGAGGCTGAGGCAGGAGAATCACTTGAACCCGGGAGGCAGAGGTTGCAGTGAGCCAAGGTCGTGCCACTGCACTCCAGCCTGGGCGACAGAATGAGACTCTGTCTCAAAAAAAAAACAAAAGAAAAACAAAAACAA"
"chr1","21529821","21530131","chr1","165996033","165996341","28","144466212","GGCCGGGCACGGTGGCTCACGCCTTTAATCCCAGCATTTTGGGAGGCCGAGGCGGGCGGATCACAAGGTCAGGAGATCAAGACCATCCTGGCTAACACAGTGAAACCCTGTCTCTACTAAAAATACAAAAAATTAGCCAGGCGTGGTGGTGGGCGCCTATAATCCCAGCTACTCAGGAGGCTAAGGCAGGAGAATCGCTTGAACCTGGGAGGTGGAGGTTGTAGTGAGCCAAGATCACGCCACTGCACTCCAGCCTGGGTGACAGAGCGAGACTCCGTCTCAAAAAAAAAAAAAAAAAAAAAAAAAAAAAA","GCCAGGCACAGTGGCTCACGCCTGTAATCCCAGCACTTTGGGAGGCCGAGGCGGGCGGATCACGAGGTCAAGTAATCGAGACCATCCTGGCTAACACGGTGAAACCCCATCTCTACTAAAAATAGAAAAAATTAGCCAGGCGTGGTGGCGGGCGCCTGTAATCCCAGCTACTCAGGAGGCTGAGGCAGGAGAATCGCTTGAACCCAGGAGGCAGAGGTTGCAGTGAGCCGAGATCACGCCACTGCATCCAGCCTGGGTGACAGAGCGAGACTCTGTCTCAAAAAAAAAAAAAAAAAAGAAAGAAAGAAA"
"chr1","21779780","21780083","chr6","86782969","86783279","31","65003189","GGCCGGGCACGGTGGCTCACACCTGTAATCCCAGCACTTTGGGAGGCCGAGGCAGGCAGATCATGAGGTCAAGAGATCAAGACCATCCTGGCCAACATGGTGAAACCCCGTCTCTACAAAAAATACAAAAAATTAGCTGGGCGTGGTGGCACACGCCTGTAGTCCTAGCTACTCAGGAGGCTGAGGCAGGAGAATCGCTTGAACCTGGGAGGTGGAGGTTGCGGTGAGCCAAGATCATGCATTGCACTCCAGCTTGGGCAACAAGAGTGAAATTCTGTCTCAAAAAAAAAAGAAAAAAAAAAAA","GGCCGGGCAAGGTGGCTCACACCTGTAATCCCAGCACTTTGGGAGGCCGAGGCAGGTGGATCATGAGGTCAAGAGATCAAGACCATCCTGGCCAACATGGTGAAACTCCGTCTCTACTAAAAATACAAAAAATTAGCTGGGCATGGTGGCAGGCGCCTGTAATCCCAGCTACTAAGGAGACTGAGGCAGGAGAATTGCTTGAACCTGGGAGACGGAGATTGCAGTGAGCCGAGATCGCGCCATTGCACTCCAGCCTGGGCAAAAAGAGCGAAACTCTGTCTCAAAAAAAAAAAAAGAAAAAAAAAAAAGAA"
"chr1","21786027","21786201","chr15","6911024","6911192","27","14875003","ATTAGCTGGACGTGGTGGCACGTGCCTGCAGTCCCAGCTACTCGGGAGGCTGAGGCAAAAGAATCGCTTGAACCCGAGTGGCAGAGGTTGCGGTGAGCTGAAATTGTGCCACTGCACTCCACCCTGGGTGACAGAGTGAGACTCCGTCTCGAAAAATAAAAATAAGAAAAAATAA","GCTGGGCGTGGTGGCACATGCCTGTAGTCCCAGCTACTCAGGAGGCTGAGGCAGGAGAATCGCTTGAACCCGGGAGGCAGAAGTTGCAGTGAGCTGAGATGGCACCACTGCACTCCAGCCTGGGTGACAGAGTGAGACTCCGTCTCAAAACAAAACAAAACCAAAAAAA"
"chr1","22023614","22023905","chr1","20795909","20796210","40","1227705","GGCCGGGCGCGGTGGCTCACACCTGTAATCCCAGCACTTTGGGAGGCCGAGGCAAGGCCGGTGGATCATGAGGTCAGGAGATCGAGACCATCCTGGCTAACATGGTGAAACCTCATTTCTACTAAAAATACAAAAAAAATTAGCTGGGCCTGGTGGCACGCGCCGTAGTCCCAGCTACTCAGGAGGCTGAGGCAGGAGGATTGCTTGAACCTGGGAGGCAGAGGTTGCAGTGAGCCAAGATTGTGCCTGGGCAACAGAGCAAGACTCCGTCTCAAAAAAAAAATAAATAAAA","GGCCGGGCACAGTGGCTCACGCCTATAATCCCAGCACTTTGGAAGGCCGAGGCAGGGGGATCATGAGGTTAGGAGATCAAGACCAACCTGGCTAACATGCTGAAACCTCGTTTCTACTAAAAATACAGAAAAAATTAGCTGGGCGTGGTGGCACGCACCTGTAGTCCCAGCTACTCAGGAGGCTGAGGCAGGAGAATTGCTTGAACCTGGGAGTTAGAAGTTGCAGTGAGCCAAGATCGTGCCACTGCACTCCAGCCTGGGCAACAAAGCAAGACTCCGTCTCAAAAAAAAAAAAAACAAAA"
"chr1","22070530","22070833","chr1","20845780","20846086","36","1224750","GCCGGGCACGGTGCCTCATGCCTGTAATCCCAGCACTCTGGGAGGCCGAGGCAGGCAGATCACAAGGTCAGGAGATGGAGACCATTCTGGCTAACACGGTGAAACCCCATCTCTACTAAAAATACAAAAAATTAGCTGGGCGTGGTGGCACGCACCTGTAGTCCCAGCTACTCAGGAGCCTGAGGCAGGAGAATCGCTTGAACTCGGGAGGCAGAGGCGCACTGCAGTGAGCCAAGATGGCGCCACTGCACTCCAGCCTGGGCAACACAGTGAGACCCCGTCTCAAAAAAGAAGAAAAAGAAAA","GCGGAGCGCAGTGCCTCACACCTGTAATCCCAGCACTCTGGGAGGCCGAGGCAGGCAGATCACAAAGTCAGGAGATGGAGACCATTCTGGCCAATACCGTGAAACCCCATCTCTACTAAAAATACAAAAAACTAGCTGGGCGTGGTGGCACACGCCTGTAGTCCCGGCTACTCAGGAGCCTGAGGCAGGAGAATCGCTTCAACTCGGCAGGCGGAGGCGCACTGCAGTGAGCCAAGATAGCGCCATTGCACTCCAGCCTGGGCGACAGAATGGTCTCAAAAAAAAGAAAAAAAGAAAGAAAAGAAAA"
"chr1","22178077","22178367","chr1","20954150","20954445","30","1223927","GCCTGTAATCCCAGCACTTTGGGAGGCCGAGGCAGGCAGATCACGAGGTCAGGAGATCGAGACCATCCTGGCTAACATGGTGAAACCCTGTCTCTACTAAAAATACAAAAAATTAGCCGGGCGTGGTGGCGGGCACCTGTAGTCCCAGCTACTTGGGAGGCTGAGGCAGGAGAATCGCTTGAACCTGGGAGGCGGAGGTTGCAGTGAGCCGAGATCACGCCACTGCAGTCTAGCCTGGGTGACAGAGCGAGACTCTGTTTCACACACACACACAGAAAAAAAAAAAAAGAA","GCCTGTAATCCCAGCACTTTGGGAGGTCAAAGTGGGCAGATCACGAGGTCAGGAGCTCGAGACCATCCTGGCTAACACGGTGAAACCTCGTCTCTACTAAAAATACAAAAAATTAACCGGGCATGGTGGTGCACACCTATAGTCCCAGCTACTTGGGAGGCTGAGGCAGGAGAATTGCTTAAACCTGGGAGGCAGATGTTCCAATGAGCCGAGATCACACCACTGCAGTCCAGCCTGGGTGACAGAGCAAGACTCCGTTTCACACACACACACACGGAAAAAAAAAAAAAAAAGAA"
"chr1","22254245","22254551","chr5","111585861","111586163","31","89331616","GGCTGGGTGCGGGGGCTTGTGCCTGTCATCCCAGCACTTTGGGAGGCTGAGGCAGGTGAATCATGAAGTCAGGAGATCGAGACCATCCTGGCTAATACAGTGAAACCCTGTCTCTACTAAAAATACAAAAAATTAGCCAGGCGTGGTGGCACGCGCCTGTAGTCCCAGCTACTCAAGAGGCTGAGGCAGGAGAATCGCTTGAACCAGGGAGGCGGAGGTTGCAGTGAGCTGAGATCAGGCCACTGCACTCCAGCCTGGGTGACAGCGAGAGACTCTGTCTCAAAAAAAAAAAAAAAAAAAAAAAAGA","GGCTGGGTGCGGTGACTTATGCCTGTAATCCCAGCACTTTGGGAGGCTGAAGCAGGTGGATCATGAGGTCAGGAGATGGAGACCATCCTGGCTAACACAGTAAAGCCCGTCTCTACTAAAAATACAAAAAATTAGCCAGGTGTGGTGGCACGTGCCTGTAGTCCCAGCCACTAGGGAGGCTGAGGTAGGAGAATTGCTTGAACCCAGGAGGTGGAGGTTGCAGTGAGTCGAGATCGCGCCACTGCACTCCAGCCTGGGTGACAGCAAGACTCCGTCTCAAAAAAAAAAAAAAAAAAAAAAAAA"
"chr1","22434195","22434500","chr19","10607277","10607584","33","11826918","GCCGGACGCAGTGGCTCATGCCTGTAATCCCAGCACTTTGGGAGGGCGAGGCAGGTGCATCACGAGGTCAGGAGATCGAGACCATCCTGGCTAACATGGTGAAACCCTGTCTCTACTAAAAATACAAAAAAATTAGCCGGGTGTGGTGGCACATGCCTGTAATCCCAGCTACTCAGGAGGCTGAGGCAGGAGAATCGCTTGAACCCGGAAGGCAGAGGTTGCGGTGAGCCGAGATGGTGCCATTGCACTCCAGCATGGGTAACAAGAGTGAAACTCCATCTCAAAAAAATAAAAAATAAAAATAAA","GGCTGGGCGCAGTGGCTCATGTCTGTAATCCCAGCACTTTGGGAGGCCGAGGCGGGTGGATCACGAGGTCAAGAGATTGAGACCATCCTGGCCAACATGGTGAAACCCCATCTCTACTAAAAATACAAAAAATTAGCCGGGAGTGGTGGCACATGCCTGTAATCCCAGCTACTCAGGAGGCTGAGGCAGGAGAATTGCTTGAATTCGGGAGGTGGAGGTTGTGGTGAGCCAAGATCGTGCCATTGCACTCCAGTCTGGGCAACAAGAGTGAAACTCTGTCTCAAAAAAAAAAAAAGAAAAAAAAAAAA"
"chr1","22985882","22986189","chr3","81656161","81656467","32","58670279","GGCCAGATGTGGTAGCTCATGCCTGTAATCCCAGCACTTTGGGAGGCCGAGATGGGTGGGATCACGAGGTCAGGAGATGGAGACCATCCTGGCTAACACAGTGAAACCTCATCTCTACTAAAAATATAAAAAATTAGCCAGGTGCAGTGGCACGTGCCTGTAGTCCCAGCTACTCAGGAGGCTGAGGCAGGAGAATCTCTTGAACCCAGGAGGCAGAGGTTGCAGTGAGCCAAGATTGCGCCACTGCACTCCAGCCTGGGCAACAGAGACATACTCCATCTCAAAAAAAAAAAAAAAAAAAAAAAAAA","GACCAGGTGCAGTGGCTCATGCCTGTAATCCCAGCACTTTGGGAGGCCAAGGTGGGTGGATCATGAGGTCAGGAGATGGAGACCATCCTGGCTAACATGGTGAAATCCCATCTCTACTAAAAATACAAAAAATTAGCCAGGCGTGGTGGCACGCACCTATAGTCCCAGCTACTTGGGAGGCTGAGGCAGGAGAATCCCTTGAACCCGGGAGGCAGAGGTTGCAGTGAGCCGAGATCGTGCCACTGCACTCCAGCCTGGGCGACAGAGAGAGACTGCTTCTCAAAAAAAAAAAAAAAAAAAAAAAAAA"
"chr1","23226758","23227036","chr10","49026178","49026438","45","25799420","GAGGCCGAGGCGGGCGGATCACGAGGTCAGAAGATGGAGACCATCCTGGCTAATACGGTGAAACCCCGTCTCTATCAAAAATACAAAAAATTAGCCGGGCGGGTGGCACGCTTCTGTAGTCCCAGCTACTCAGGAGGCTGAGGCAGGAGAATCGCTTGAACCCGGGAGGCGGAGGTGGCAGTGAGCCGAGATCGCGCCACTGCGCTCCAGCCTGGGCGACAGAGCAAGACTCCGTCTCCAAACCAACCAACCAACCAACAAACCAACCAACCAACCAAC","GGCCGAGGCAGGCAGATCACGAGGTCAGGAGATCGAGACCATCCTGGCTAACACGGTGAAACTCTGTCTCTACTAAAAATACAAAAAATTAGCTGAGTGTGGTGGCACGCACCTGTAGTCCCAGCTACTCGGGAGACTGAGGCAAGAGAATCACCTGAACCCGGGAGGCGGAAGTGGCAGTGAGCTGAGATCGCGCCACTGCACTCCAACCTGGGTGACAGAGCAAGACTCCATCTCAAACAAACAAACAAACAAACAAAA"
"chr1","23279111","23279420","chr4","5357211","5357521","30","17921900","GACTGGGCGCGGTGGCTCATGCCTGTAATCCCAGCACTTTGGGAGGCTGAGGGGGGCGGATCACAAGGTCTGGAGAGCGAGACCATCCTGGCTAACACGGTGAAACCCCGTCTCTACTAAAAATACAAAAAATTAGCCAGGCGTGGTGGCATACGCCTGTAGTCCCAGCTACTTGGGAGGCTGAGGCAGGAGAATCAGTTGAACCTGGGAGGCGGAGGTTGCAGTGAGCTGAGATCCAGCCACTGCACTCCAGCCTGGAGACACAGCGCGACTCTGTCTCAAAAAAAAAAAAAAAAAAAAAAAAAGAAAA","GGCCGGGCGCGGTGGCTCATGCCTGTAATCCCAGCACTTTGGGAGGCCGAGGTGGGTGCATCACAAGGTCAGGAGATCGAGACCATCCTGGCTAAGATGGTGAAACCCCATCTCTACTAAAAATACAAAAAATTAGCCAGGTGTGGTGGCACGTGCCTGTAGTCCCAGCTACTCGGGAGGCTGAGGCAGGAGAATCACTTGAACCTGGGAGGCGGAGGTTGCAGTGAGCTGAGATTGTACCACTGCACTCCAGCCTGAGCGACAGAGCAAGACTCCATCTCAAAAAAAAAAAAAAAAAAAAAAAAAAGAAA"
"chr1","23374694","23374748","chr14","18724456","18724513","12","4650238","TTAGCCGGGCGTGGTAGCAAGCGCCTGTAGTCCCAACTACTTGGGAGGCTGAGGC","TTAGCCGGGCATGGTGGCGTGCACCTGTAGTCCCAGTACTCGGGAGGCTGAGGCAGGA"
"chr1","23481027","23481314","chr3","40351729","40352027","46","16870702","GCCGGGCACGGTGGCTCACACCTGTAATCCCAGTACTTTGGGAGGCTGAGGCTGGCAGATCACGAAGTCAAGATCGAGACCATCCTGGCTAACACGTCTCTACTAAAAATACAAAAAATTAGCCGGGCATGGTGGCATGTGCCTGTAGTCCCAGCTACTCGGGAGGCGGAGGCAGGAGAATCGCTTGAACCTGGGAGGCGGAGGCTGCAGTGAGCTGAGATCACGCCATTGCACCCCAGCCAGGAGGGCAGTGTGAGACTCCATCCATCTCAAAAAACAAACAAAAAA","GGCTGGGCACGGTGGCTCGCGCCTGTAATCCCAGCACTTTGGGAGGCCGAGGCGGGTGGATCACGAAGTCAGGAGATCGAGACCATCCTGGCTAACACAGTGAAACCCCGTCTCCACTAAAAATACAAAAAATTAGCCGGGTGTGGTGGCAGGTGCCTGTAGTCCCAGCTACTCGGGAGGCTGAGGCAGGAGAATCGCTTGAACCCAGGAGGCGGAGGTTGCAGTGAGCTGAGATCGCGCCATCGCACTCCAGCCAGGGTGACAGGGTGAGACTCTATCTGGAGAAAAAAAGAAAAGAA"
"chr1","23523245","23523542","chr1","22297556","22297852","35","1225689","GGCCAGGTGCAGTGGCTCACGCCTGTAATCCCAACACTTTGGGAGTCCAAGGCGGGCGGATCGCAAGGTCAGGAGATTGAGATCATCCTGGCTAACACGGTGAAACCCCGTCTCTACTAAAAAAATAAAATAAATTAGCGGGCATGGTTGCAGGCGCCTGTAACTCCAGCTACTCAGGAGGCTGAGTCAGGGGAATCACTTGAACCCAGGAGGCAGAGGTTGCAGTGAGCCGAGATGGCGCCATTGCATTCCAGCCTGGGCAACAGAGCGAGACTCCGTCTCAAAAAAAAAAAAGAGA","GGCTGGGTGCAGTGGCCCACACCTGTACTCCCAACACTTTGGGAGGCCAAGGCGGGCAGATCACAAGGTCAGGAGATCGAGATCATCCTGGCTAACACGGTGAAACCCCGTCTCTACTAAAAATACCAAAAAAAAAATTAGCTGGGCATGGTGGCAGGCACCTGTAATCCCAGCTACTCGGGAGGCTGAGGCATGAGAATGACTTGAACCCAGGGGGCGGAGGTTGCAGTGAGCCGAGATGGCGCCATGGCACTCCAGCCTGGGTGACAGAGCGAGACTCCGTCTAAAAAAAAAAAA"
"chr1","23627311","23627609","chr1","22411003","22411299","22","1216308","GGCCAGGCGTGGTGGTTCACGCCTGTAATCCTAGCACTTTGGGAGGCCAAGGCGGGTGGATCACGAGGTCAGGAGATCGAGACCATCCTGGCTAACATGGTGAAACCCCATCTCTACTAAAAATACAAAAAAATTAGCCGGGCGTGGTGGCACATGCCTGTAGTCCCAGCTACTCGGGAGGCTGAGGCAGGAGGATCGCTTGAATCCGGGAGATGGAGGTTGCAGTGAGCCGAGATCATGTCACTGCACTCCAGTCTGGGTGACAGAGCGAGACTCTGTCTCAAAAAAAAAAAAAAAGA","GGCCAGGCACGGTGGGTCACGCCTGTAATCCCAGCACTTTGGGAGGCCGAGGCGGGTGGATCACGAGGTCAGGAGATCAAGACCATCCTGGCTAACATGGTGAAACCCCATCTCTACTAAAAATACAAAAAAATTAGCTGGGCATGGTGGCACACGCCTGTAGTCCCAGCTACTCGGGAGGCTGAGGCAGGAGAATCACTTGAATCTGGGAGGCAGAGGTTGCAGTGAGCCGATATCGCGCCACTGCACTCCAGTCTGGGTGACAGAGCGAGACTCTGTCTCAAAAAAAAAAGAAGA"
"chr1","23631695","23631989","chr20","28697028","28697324","32","5065333","GCTGGGCGCAGTGGCTCATGCCTGTAATCCGAGCACTTTGGGAGGCCAAGGCGGGTGGATCACGAGGTCAGGAGATCGAGACCATCCTGGCTAACACGGTGAAACCCCGTCTCTACTAAAAATACAAAAAATTACACAGGTGTGGTGGCACACACCTGTAATCCCAGCTACTCGAGAGGCTGAGGTACGAGAATTGCTTGAACCTGGGAGGTGGAGGTTGCAGTGAGCCAAGATCGCACCACTGCAAATCCAGCCTGGGCAACAGAGTGAGACTCCATTTCCAAAAAAAAAAAAA","GCCGGGCGTGGTGGCTCATGCCTGTAATCCCAGCACTTTGGGAGGCCGAGGCGGGTGGATCATGAGGTCAGGAGATCGAGACCATCCTGGCTAACACGGTGAAACCCCGTCTCTACTAAAAACACAAAAAATTAGCCGGGCGTGGTGGCACGTGCCTGTAGTCCCAGCTACTCGGGAGGCTGAGGCAGGAGAATTGCTTGAACCTGGGAGGTGGAGGCTGCAGTGAGCCGAGATCGCACCACTGCACTCCAGTCTGGGTGACAGAGCGAGACTCCTTCTCAAAAATAAATAAATAAA"
"chr1","23651201","23651347","chr7","3648725","3648875","30","20002476","TTAGCCGAGCGTGGTGGCACGCGCCTGTAGTCCCAGATACTTGAGAGGCTGAGAATTGCTTCAACTTGAGAAGTGGAGGTTGCAGTGAGCCGAGATTGCACCACTGCACTCCAGCCTGGGTGACAGAGCAAGACTCCGTCTCAAAAA","GCCGGGTGTGGTGGCATGCACCTGTAATCCCAGCTACTTGGGAGGCTGAGGCAGGAGAATCACTTGAACCTGGGAGGTGGAGGTTGCAGTGAGCCAAGATTGCACTGCTGCACTCCAGCCTGGGTGACAGAGTGAGACTCTGCCTCAAAAA"
"chr1","23717663","23717970","chrX","95082495","95082798","33","71364832","GGCCGGGCGTGGTGGCTCACGCCTGTAATCCCAGCACTTTGGGAGGCCGAGGCAGGCAGATCACAAGGTCAAGAGATCGAGACCAACCTGGCGAACATGGTGAAACCCCATCTCTACTAAAAATACAAAAAAATTAGCTAGGCGTGGTGGGCGCCTGTAGTCCCAGCTACTCAGGAGGCTGGGGCAGGAGAATAACTTGAACCCGGGAGGCAGAGGTTGCAGTGAGCCAAGATTGCACCACTGCACTCCAGCCTGGGTGACAGAGTGAGACTCTGTCTCAAAAAATTAAAAATAAATAAAAATAAAAA","GGCCGGGTGCGGTGGCTCACGCCTGTAATCCCAGCACTTTGGGAGGCCAAGGCAGGCAGATCACGAGGTCAGGAGATTGAGACCATCCTGGCTAACATGGTGAAACCCCGTCTCTACTAAAAATACAAAAAAATTAGCTGAGTGTGGTGGCATGCACCTGTAGTCCCAGCTAGTCAGGAGGCTGAGGCAGGACAATCGCTTGAACCCGGGAGGCAGAGGTTGCAGTGAGCTGAGATTGCACCATTGCACTCCAGCCTGGGTGACAGAGCGAGACTCTGTCTCAAAAAAAAAAAAACAAAAAAAA"
"chr1","23832924","23833223","chr4","88700124","88700424","31","64867200","GCCGGGCGCGGTGGCTCACGCTTGTAATCTCAGCACTTTGGGAGGCCGAGGCGGGCAGATCATGAGGTCAGGAGATCGAGACCATCCTGGCTAACACAGTGAAACCCCATCTCTACTAAAAATACAAAAAATTAGCCGGTCGTGGTGGCACACGCCTGTAGTCCCAGCTACTCGGGAGGCTGAGGTGGGAGAATCACTTGAACCTGGGAGGTGGAGCTTGCAGTGAGCCGAGATCATGCCACTGTACTCCAGCCTGGGCAACAGAGCAAGACTCTGTCTAAAAAAAACAAAAACAAAAGA","GGCCGGGCGTGGTGGCTCAGGCCTGTAATCCCAGCACTTAGGGAGGCTGAGGCGGGCGGATCACGAGGTCAGGAGATCAAGACCATCCTGGCTAACACGGTGAAACCCCATCTCTACTAAAAATACAAAAAATTAGCCAGGTGTAGTGGCCAGCGCCTGTAGTCCCAGCTACTCGGGAGGCTGAGGCAGGAGAATCACTTGAACCCGGGAGGCAGAGCTTGCAGTGAGCCGAGATCGCGCCACTGCACTCCAGCCTGGGTGACAGAGCGAGACTCTGTCTCAAAAAAAAAAAAAAAAAGAA"
"chr1","23834125","23834435","chrX","872740","873049","31","22961385","GGCCGGGCGCGGTGGCTCACGCCTGTAATCCCAGCACTTTGGGAGACCAGGGCAGGCGGATCATGAGGTCAGGAGATCGAGACCATCCTGGCTAACACGATGAAATCCCATCTCTACTAAAAATACAAAAAATTAGCCGGGCTTGGTGGCAGGTGCCTGTAATCCTAGCTACTTGGGAGGCTGAGGCAGGAGAATCACTTGAACCCAGAAGGCGGAGGTTGCAGTGAGCCAAGATCATGCCACTGCATTCCAGCCTGGGTGACAGAGCAAGACTTTGTCTCAAAAAAAAAAAAAAAAAAAGAAAAAAGAAA","GGCCGGGCGCGGTGGCTCACGCCTGTAATCCCAGCACTTTGGGAGGCCGAGGCAGGCGGATCACGAGGTCAGGAGATGGAGACCATCCTGGCTAACACGGTGAAACCCCGTCTCTACTAAAAATACAAAAATTAGCCGGGCGTGGTGGCGGGCGCCTGTAGTCCCAGCTACTCAGGAGGCCGAGGCAGGAGAATCGCTTGAACCCAGGAGGCGGAGGTTGCAGTGAGCCGAGATCACCCCATTGCACTCCAGCCTGGGCGACAGAGCAAGACTCCGTCTCAAAAAAAAAAAGAAAAGAAAAGAAAAGAAA"
"chr1","23859693","23859985","chr11","124283009","124283305","31","100423316","GGCCGGGCGCGGTGGCTCAAGCCTGTAATCCCAGCACTTTGGGAGGTCGAGGCGGGCGGATCACGAGGTCAGGAGATCAAGACCATCCTGGCGAACACAGTGAAACCCCGTCTCTACTAAAAATACAAAAATTAGCCCGGCGTGGTGGCAGGCACCTGTAATCTCAGCTACTCAGGAGGCTGAGGCACGAGAATTGCTTGAACCCGAGAAGCAGAGGTTGCAGTGAGCCGAGATTGCGCCACTGCACTCAAGCCTGGGCGACAAAGCGAGACTCCAAAAAAAAAAAAAAAAAA","GGCCGGGCGCGGTGGCTCACGCCTGTAATCCCAGCACTTTGGGAGGCCGAGGCGGGCAGATCACGAGGTCAGGAGATGGAGACCATCCTGGCAAACACAGTGAAACCCCGTCTCTACTAAAAATACAAAACATTAGTTGGGTGCGGTGGCGGGCGCCTGTAGTCCCAGCTACTCAAGAGGCTGAGGCAGGAGAATTGCTTGAACCCGGGAGGCAGAGGTTGCAGTGAGCCAAGATTGAGCCATTGCACTCCAGCCTGGGTGACAGAGAGAGACAGTCTCAAAAAAAAAAAAAAGAAA"
"chr1","23874780","23875049","chr1","22650900","22651170","32","1223880","TTTGGGAGGCCAAGGCAGGCAGATCATGAGGTCAGGAGATAAGAGACCATCCTGGCTAACACGGTGAAACCCCGTCTCTACCAAAAATACAAAAAATTAGCTGGGCATGGTGGCACATGCCTGTAGTCCCAGCTACTTGGGAGGCTGAGGCAGGAGAATCGCTTGAACCTGGGAGGCGGAGGTAGCAGTGAGCCGAGATCGTGCCACTGCACTCCAGCCTAGGCGACAGCAGAGCGAGACTCCGTCTCAAAAACAAAAACAAAAACAAAA","TTTGGGAGGCCGAGGCAGGCAGATCATGAGGTCAGGAGATCGAGACCATCCTGGCTAACATGGTGAAACCCCGTTTCTACTAAAAATACAAAAAATTAGCTGGGCATGGTAGCATGTGCCTTTAGTCCCAGCTACTCAGGAGGCTGAGGCAGGAGAATCGCAGGAACCCAGGAGGCAGAGATTGCAGTGAGCCGAGATTGTGCCGCTGCACTCCAGCCTGGGCGACAGAGCAAGACTCTGTCTCAAAAACAAAAACAAAAACAAAAACAAA"
"chr1","23899446","23899748","chr2","50474471","50474769","34","26575025","GGCTAGGTGCAGTGGCTCATGCCTGTAATCCCAGCACTTTGGGAGGCTAAGGCAGGCAGATCACGAGGTCAGGAGATCGAGACCAGCCTGACTAACATGGTGAAACCCCGTCTCTACTAAAAATATGAAAACTTAGCCGGGCATGGTAGTATGCGCCTGTAGTCCCAGCTACTCGGGAGGCTGAGGCAAGAGAAAGGCTTCAACCTGGGAGGCGGAGGTTGTAGTGAGCCGAGATTGTGCCACTGCACTCCAGCCTAGGTGACAGAGTGAGACTCCGTCTCAAAAAAAAAAAAAAAAAAAAAA","GGCCAGGCGCAGTTGCTTATGCCTGTAATCCCAACACTTTGGGAGGCCGAGGCAGCAGATCACGAGGTCAGGAGATCAAGACCATCCTGGCTAACATGGTGAAACCCCATCTCTACTAAAAATACAAAAAATTAGCCGGGCACGGTGGCATGCGCCTGTAGTCCCAGCTACTCGGGAGGCTGAGGCAGGAGAATCGCTTGAACCTGGGAGGCGGAGGTTGTAGTGAGCTGAGATTGTGCCACTGCACGCCAGCCTGGGTGACAGAGCGAGATGCCGTCTCAAAAAGAAAAGAAAAGAAA"
"chr1","23961267","23961552","chr14","32498007","32498292","30","8536740","GGCCGGGCGTGGTGGTTTACGCCTGTAATCCCAGCACTTTGGGAGGCCGAGGCGGGCAGATCACGAGGTCGGGAGATCAAGACCATCCTGGCTAACACGGTGAAATCCTGTCTCCACTAAAAATACAAAAAATTAGCCAGTCGTGGTGGCAGGCGCCTGTAGTCCCACCTCCTCAGGAGGCTGAGGCAGGAGAATCGCTTGAACCCAGGAGGCGGAGCTTGCAGTGAGCTGAGATCGCACCACTGCACTCCAGCCTGGGCAACAGAGCGAGACTCCATCTCAAAAA","GGCCGGGCGCAGTGGCTCACGCCCGTAATCCCAGCACTTTGGGAGGCCGAGGCGGGCGGATCACGAGGTCAGGAGAGCAAGACCATCCTGGCTAACACTATGAAAACCCGTCTCTACTAAAAATACAAAAAATTAGCCAGGCGTTGTGGCGGGCGCCTTTAGTCCCAGCTACTCAGGAGGCTGAGGCAGGAGAATTGCTTGAACCCAGGAGGCGGAGGTTGCAGTGAGGCGAGATGGTGCCACTACACTCCAGCCTGGGCGACAGAGCGAGACTCTGTCTCAAAAA"
"chr1","24064633","24064802","chr13","89859967","89860138","25","65795334","AAAATAAGCCAGGTGTGGTGGCACATGCCTGTAGTCCCAGCTACTCGGGAAGCTGAGGCAGGAGAATCACTTAAACCTGGGAGGCAGAGGTTGCAGTGAACTGAGATCGTGCCACTGCATTCCAGCCTGGGTCTCAGAGCGAGACTCTGTTTCAAAAAAACAAACAAAAA","AAAATTAGCCAGGCGTGGTGGCATGTGCCTGTAGTCCCAGCTACTCGGGAGACTGAGGCAGGAGAATCACTTGAACCCAGGAGGCAGAAGTTGCAGTGAGCCGAGACTGCGCCACTGCACTCCAGCCTGGGTGACAGGGTGAGACTCTGTCTCAAAAAAGAAAACAAACAAA"
"chr1","24109500","24109807","chr13","39352330","39352639","29","15242830","GGCTGGGCACAGTGGCTCACGCCTGTAATCCCAACACTTTGGGAGGCTGAGGTGGGCGGATCACGAGGTCAGGAGATTGAGACCATCCTGGCTAATACGGTGAAACCCCATCTCTACTAAAAATACAACAAAATTAGCCAGCATGGTGGCAGGCACCTGTAGACCCAGCTACTTGGGAGGCTCAGGCAGGAGAATTGCTTGAACCCGGGAGGCGGAGGTTGCAGTGAGCCGAGATCGTGCCACTGCATTCCAGCCTGGGTGACAGAGCGAGACTCCGTCTAAAAAAAAAAAAAAAAAAAAAAAAAAAA","GGCTGGGCACAGTGGCTCACGCCTGTAATCCCAGCACTGTGGGAGGCTGAGGTGGGCAGATCACGAGGTCAGGAGATCGAGACCATCCTGGCTAACACAGTGAAACCCCATCTCTACTAAAAATACAAAAAATTAGCTGGGCGTGGTGGCACACACCTGTAGTCCCAGCTACTCGGGAGGCTGACGCAGGAGAATCGCTTGAACCTGGGAGGCAGAAGATGCAGTGAGCCGAGATCGTGCCACTGCACTCCAGCCTGGGTGACAGAGTGAGACTCTGTCTCAAAAAAAAAAGAAAAAGAAAAAGAAAAAA"
"chr1","24450064","24450373","chr8","69900771","69901081","36","45450707","GGCCGAGCGCTGTGGCTCACACCTGTAATCCCAGCACGTTGCGAGGCCGAGGTGGGCGGATCATGAGGTCAGGAGATCCAGACCACCCTGGCTAACACAGTGAAACCCCATGTCTACTAAAAATACAAAAATTAGCTGGACATGGTGGCGTGCACCTGTAGTCCCAGCTACTCAGGAGACTGAGGCAGGAGAATCGCTTGAACCCAGGAGGTGAAGGTTGCAGTGAGCCAAGATCGCGCCACCGCACTCCAGCCTGGGCGACAGAGCGAGACTCCGTCTCAAAACAAACAAACAAACAAATAAAAAACAA","GGCCGGGCGCGGTGGCTCACTCCTGTAATCCCAGCACTTTGGGAGGCCAAGGTGGGTGGATCACGAGGTCAGGAGATCAAGACCATCTTGGCTAACACAGTGAAACCCCATGTCTACTAAAAATACAAAATATTAGCTGGACCTGGTGGCATGGACCTGTAATCCCAGCTACTCGAGAGGCTGAGGCAGGAGAATCGCTTGAACCCAAGAGGCAGAGGTTGCAGTGAGCCAAGATCGCGCCGCTGCACTCCAGCCTGGTTTACAAAGCGAGACTCCATCTCAAAAAAAACAAAAAAAAAAAACAAAAAAAA"
"chr1","24665048","24665337","chr1","23450977","23451272","32","1214071","GGCCGGGCGTGATGGCTCACACCTGTAATCCCAGCACTTTGGGAGGCCAAGGGGGGGACCATGAGGTCGGGAGATTGAGACCATCCTGGCTAACACGGTGAAACCCCACCTCTACTAAAAATACAAAAATTAGCAGGGCATAGTGACGGACCCCTGTAGTCCCAGTTACTTGGGACACCGAGGCAGGAGAATCACTTGACCCCGGGAGGTGGACGTTGCAGTAAGCCAAGACTGAGCCACTGCACTCCAGCCTAGGGGACAGAGCGAGACTCTGTCAAAAAAAAAAAAAA","GGCCGGGCGCGGTGGCTCACGACTGTAATCCCAGCACTTTGGGAGGCCAAGGAGGGCGGACCACGAGGTCAGGAGATTGAGACCATCCTGGCTAACACGGTGAAACCCCATATCTACTAAAAATACAAAAATTAGCAGGGCGTGGTGGCGGACGCCTGTAGTTCCAGTTGCTCGGGACCACACCGAAACAGGAGAATCACTTGACCCCGGAAGGTGGACGTTGCAGTGAGCCAAGATTGCGCCGCTGCACTCCAGCCTAGGTGACAGAGCGAGACTCTCCAAAAAAAAAAAAAAAA"
"chr1","24680516","24680824","chr1","23467935","23468236","24","1212581","GGCTGGGCACGGTGGCTCATGCCTGTAATCCCAGCACTTTTTGAGAGCCTGAGGCGGGTAGATCACGAGGTCAGGAGATCAAGACCATCCTGGCTAACACGGTGATACCCTGTCTCTACTAAAAATACAAAAAATTAGCCAGGCGTGGTGGTGCATGCCTGTAGTCCCAGCTACTCAGGAGGCTGAGGTAGGAGAATCGCTTGTACCTGGGAGGCGGAGGTTGCAGTGAGCCGAGATCGGGCCACTGCACTCCAGCCTGGGAGATGGCAAGACTCTGTCTCAAAAAAAATAAATAAATAAATAAATAAA","GGCTGGGCATGGTGGTTCATGCCTGTAATCCCAGCATTTTTTGAGAGACTGAGGCAGGTAGATCACGAGGTCAGGAGATCAAGACCATCCTGGCTAACACGGTGAAACCCTGTCTCTACTAAAAATACAAAAAATTAGCCGGGCATGGTGGCGCACGCCTATAGTCCCAGCTACTTGGGAGGCTGAGGTAGGAGAATCGCTTGAACCTGGGAGGCGGAGGTTGCAGTGAGCCGAGATCATGCCACTGCACTCCAGCCTGGGAGATGGCAAGACTCCGTCTCAAAAAAAAAAAAAAAAAAAAA"
"chr1","24726970","24727265","chr11","120760460","120760756","26","96033490","GGCCAGGCGCGGTGGCTCACACCTGTAATCCCAGCACTTTGGGAGGCCGAGGCGGGCGGATCACGAGGTCAGGAGATCGAGACCATCCTGACCAACATAGTGAAACCCCGTCTCTACTAAAAATACAAAAAATTAGCTGGGCGTGGTGGCGGGCGCCTGTAATCCCAGCTACTCGAGAGGCTGAGGCAGGAGAATTGCTTGAACCCAGGAGGTGGAGGTTGCAGTGAACCAAGATCACACCATTGCACTCCAGCCTGGGTGACAGAGCGAGACTCCATCTCAAAAAAAAAAAAAAA","GGCTGGCCACGGTGGCTCACACCTGTAATCCCAGCACTTTGGGAGGCCGAGGCGGGCAGATCATGAGGTCTGGAGATCGAGACCATCCTGGCTAACATGGTAAAACTCCGTCTCTACTAAAAATACAAAAAATTAGCCAGGCGTGGTGGCGGGCGCCTGTAATCCCAGCTATTTGGGAGGCTGAGGCAGGAGAATTGCTTGAACCCAGGCGGCAGAGGTTGCAGTGAGCCAAAATCACACCACTGCACTCCAGCCTGGGTGACAGAGCGAGACTTCGTCTCAAAAGAAAAAAAAAAA"
"chr1","24731923","24731960","chr20","54495305","54495348","15","29763382","GGCTGGGTGCGGTGGCTCCCACCTGTAATTCCAGCACT","GGCCCTGCACAGTGGCTCACGCCTGTAATCCCAGCACTTTGGGA"
"chr1","24732577","24732738","chr5","18060035","18060193","25","6672542","AGCCGGGTGTGGTGGCACGCGCCTGTAGTCTCAGCTACTCAGGAGGCTGAGGCAGAGGAATCGCTTAAGCCCGGGAGGCGGAGGTTGCAGTGGGCCAAGATCGAGCCACTGCACTCCAGCCTGGGTGACAGAGCTAGACTTCCACTCAAAAAAAAAAAAAGA","CCAGGCATGGTGGCGCATGCCTGTAGTCCCAGCTACTCGGGAGGCTGAGGCAGGAGAATCCCTTGAACCCGGGAGGTGGAGGTTGCAGTGAGCCAAGATCATGTCACTGCACTCCAGCCTGGGTGACAGAGCGAGACTCCATCTCAAAGAAAAAAAAAA"
"chr1","24888652","24888738","chr1","12339903","12339996","28","12548749","GAAGGTCACAGTGAGCCAAGATTGCACCACTGCAGTCCAGTCTGGGCAATGGGAGTGAAAGCCTATGAAAAGAAAATAAAAAATAAA","AGACAGAGGTTGCAGTGAGCCGAGATCGTGCCACTGCATTCCAGTCTGGGCGACAAAGCGAGACTCCATCTCAAAAAAAAGAAAAAAAAAGAAA"
"chr1","24888895","24888952","chr11","127837568","127837636","21","102948673","GGTGGCACGTGCCTGTAGTGCCAGCTACTCAGGAGGCTGAGGCAGGAGGATTGCTTGA","GTGGCATGCACATGTAGTCCCAGCTACTCGGGAGGCTGAGGCAGGAGAATCGCTTGAACCAGGGAGGTG"
"chr1","25190369","25190650","chr1","23965386","23965675","31","1224983","GCTCACACCTGCAATCCCAGCACTTTGGGAGGCTGAGGTGGGCAGATCACAAGGTCAGGAGATTGAGACCATCCTGGCTAACACGATGAAATCCCATCTCTACTTAAAAAAAAATACAAAAAATTAGCTGGGCGTGGTGGCACACACCTGTAATCCCAGCTACTTGGGAGGCTGAGGCAGGAGAATCACTTGAACCCAGGAGGCAGAGGTTGCAGTGAGCCAATATCGCGCCACTGCACTCCAGCCTTGGGTGACAGAGTGAGACTGTCTCAAAAAAAAAAA","GCTCACACCTGTAATCCCAGCACTTTGGGAGGCTGACGTGGGCAGATCACAAGTTCAGGAGATCGAGACCATCCTGGCTAACACGATGAAACCCATCTCTACTAAAAAAAAATACAAAAAATTAACCGGGCATGGTGGCATGCACCTGTAATCCTAGCTACTTGGGAGGCTGAGGCAGGAGAAATGCTTGAACCTGGGAGGCGGAGGTTGCAGTGAGCCAATATCGCGCCACTGCACTCCAGCCTGGGTGACAGAGCGAGACTCTGTCTCCAAAAAAAAAAAAAAAAAAA"
"chr1","25295279","25295566","chr8","132168596","132168882","31","106873317","GTGTGGTGGCTCACGCCTGTAATCCCAGCACTTTGGGAGGCCAAGGTGGGCAGATCACGAAGTCAGGAGATCGAGACCATTCTGGCTAAACGGTGAAACCCTGTCTCTACTAAAAATACAAAAACTTAGCCTGGTGTGGTGGTGCGTGCCTGTAATTCCCACTACTTGGGAGGCTGAGGCAGGAGAATCACTTGAACCCAAGAGGTGGAGGTTGCAGTGATCTGAGATCGTGCCACTGCACTCCAGCCTGGGCGACAGAGCGAGACTCTGTCTCAAAAAAAAAAAAAA","GCGTGCTGGCTCACGCCTGTAATCCCAGCACTTTGGGAGGCCAGGGTGGGCAGATCACGAGGTCAGGAGATCAACACTATCCTGGCTAACATGGTGAAACCCTGTCTCTACCAAAAATATAAAAAATTAGCTGGGTGTGGTGGCGGGTGCCTGTAGTCCCAGCTACTTGGGAGGCTGAGGCAGGAGAATCACTTGAACCTGGGAGGCAGAGGTTGCAGTGAGCTGAGATCACGCCACTGCACTCCAGCCTGGCGACAGAGCCAGACTCTGTCTCAAAAAAAAAAAAA"
"chr1","25396046","25396323","chrX","113744652","113744922","42","88348606","TCACCCCTGTAATCCCAGCTCTTTGGGAGGCCGAGGCAGGCAGTCCCTGATGTCAGGAGATCGGGACCATCCTGGTTACAACAGTGAAACCCTGTCTTTACTAAAAATACAAAAAATTAGCCGGGTATAGTGGCATGCGCCTGTGGTCCCAGCTACTCGGGAGGCTGAGGCAGGAGAATCACTTGAACCCAGGAGGCAGAGGTTGCAGTGAGCAGAGATCATGCCACTAAACTCCAGCCTGGGCGACAGAGTGAGACTCTGTCTCAAAAACTAAAAAA","ACGCCTGTAATCCCAGCACTTTGGAGGCTGAGGCAGGTGGATCACGAGGTCAGGAGATCAAGACCATCCTGGCTAACACGGTGAAACTCCGTCTCTGCTAAAAATACAAAAAATTAGCCGGGCATAGTGGCATGCGCCTGTAGTCCCAGGTACTCAGGAGGCTGAGGCTGGAGAATCGCTTGAACCCAGGAGGCAGAGGTTGCAGTAAGCTGAGATTGTGCCACTGCACTCCAGCCTGGGAAACAGAGTGAGACTCCGTCAAAACAGAAAA"
"chr1","25399042","25399342","chr7","10408478","10408778","39","14990564","GCCGGGCACGGTGGCTCACGCCTGTAATCCCAGCACTTTGGGAGGCCGAAGTGGAAGGATCTCGAGGTCAGGAGATTGAGACCATCCTGGCCAACATGATGAAGCCCCGTCTCTACTAAAATACAAAAAATTGGCTGGGTGTGGTGACACGCGCCTGTGGTCCTAGCTACTCAGGAGGCTGAGGCAGGGGAATCACTTGAACCCGGGAGGTGGAGGTTGCAGTGAGCTGAAATTGTGCCCACTGCACTCCAGCCTGGCGACCGAAACAGACTCCATCTCAAAAAAAAAAAAAAAAAAAAAA","GCTGGGAATGGTGGCTCACGTCTGTAATGCCAGCACTTTGGGAGGCTGAGGTGGGTGGATCACGAGGTCAGGAGATTGAGACCATCCTGGCCAACATGGTGAAACCCTGTCTATACTAAAATAAGAAAAAATTAGCCGGGCATGGTGGCACACGCCTGTAGTCCCAGCTACTCAGGAGGCTGATGCAGGGGAATCACTTGAACCAGGGAGGCGGAGGTTGCAGTGAGCTGAGATCGCGCCACTGCACTCCAGTCTGGTGACAGAACAAGACTCTGTATCAAAAAAAAAAAAAAAAAAAAAA"
"chr1","25409219","25409496","chr2","96876334","96876612","31","71467115","GGCCGGGCATGGTGGCTCATGCCCGTAATCCCAGCACTTTGGGAGGCCAAGGCGGTGGGTCACGAGGTCAGGAGATCAAGACTATCCTGGCTAACATGGTGAAACCCTGTCTCTACTAAAAATACAAAAAATTAGCTGGGCGTGCTGGCAGGTGCCTGTAATCCCAGCTACTTGGGAGGCTGAGGCAGGAGAATCACTTGAACCTGGGAGGCAGAGTTTGCAGGGAGCCAAGATCACGCCACTGCACTCCAGCCTGGGCGACAGAGCGAGACTCCCTC","GCCGGGGATGGTGGCTCACGTCTGTAATCCCAGCACTTTGGGAGGCCGAGGTGGGTGGATCACGAGGTCAGGAGATCGAGACCATCCTGGCTAACACGGTGAAACCCCATATCTACTAAAAATACAAAAAATTAGTCGGCTGTGGTGGCACGTGCCTGTAGTCCCAGCTACTTGGGAGGCTGAGGCAGAAGAATCACTTGAACGTGGGAGGCAGAGGTTGCAGTAAGCCAAAATCACGCCACTGCACTCCAGCCTGGGTGACAGAGTGAGACTCCGTCT"
"chr1","25583536","25583789","chr5","175099779","175100038","38","149516243","CCAAGGCGGACGGATCACGAGGTCAGGAGATGGAGACCATCCTGGCTAACACGGTGAAACCCCGTCTCTACTAAAAATACAAAAAACATTAGCTGGGCGTTGCGGCAGACGCCTGTAGTGCCAGTTACTTGAGAGGCTGAGGCAAGAGAATCGCTTGAACCCGGGAGGTGGAGGTTGCAGTGAGCCGAGATGGCGCCATTGCACTCCAGCCTGAGTGACAGAGCGAGACTCCATCTCAAGAAAAAAAAGAAAAA","GGCTGAGGCGGGTGGATCACGAGGTCAGGAGATCAAGACCATCCTGGCTAACACGGTGAAACCCCGTCTCTACTAAAAATACAAAAAATTAGCTGGGCGTGGTGGCATGCACCTGTAATCCCAGCTACTTGGGAGGCTGAGGCAGGAGAATCGCTTGAACCCGAGAGGTGGAGGTTGTAGTGAAGCAAGATTGCACCATTGCACTCCAGCCTGGGCGACAGAGCAAGACTCCATCTCAAACAAACAAACAAACAAACAAA"
"chr1","25880572","25880878","chr4","108327631","108327935","39","82447059","GGCCAGGCACGGTGGCTCATGCCTGTAATCCCAGCACTTTGGGAGACCGAGGCAGGCAGATCACAAGTTCAAGAGATCGAAACGATCCTGGCCATGGTGAAACCCCGTCTCTCCTCAAAATACAAAAATATTAGCTGGGCGTGGTGGCGGGCATCTGTAGTCCCAGCTACTCAGGAGGCTGAGGCAGGAGAATCTCTTGAACCTGGGAGGCGGAGGTTGCAGTGAGCTGAGATCGCACCACTGCATTCCAGCCTGGGCAACAGAGTGAGACTCCATCCCCCACCACAAAAAAAAAAAAAAAAAAAAA","GGCCGGGCACGTGGCTCATGCCTGTAATCCCAGCACTTTGGGAGGCCGAGGCAGGCAGATCACGAGGTCAGGAGATCGAGACCATCCTGGCTAACATGGTGAAACCCCGTGTTTACTAAAACTACAAAAAATTAGCCGGGCATGGTGGCAGACGCCTGTAGTCCCAGCTACTCAGGAGGCTGAGGCAGGAGAATCGCTTGAACCCGGGAGGCGGAGCTTGCAGTGACCTGAGATTGGGCCACTGCACTCCAGCCTGGGCAACAGAGCAAGACTCCATCTCAAAAAAAAAAAAAAAAAAAAAAAAA"
"chr1","26058800","26059100","chr3","81656161","81656467","34","55597361","GCTGGGCGCAGTGGCTCATGCCTGTAATCCCAGCACTTTGGGAGGTCAAGCTGGGTGGATCATGAGGTCAGGAGATCGAGACCATCCTGGCCAACATGGTGAAACCCAATCTCTACTAAAAATACAAAAAAATAGCCAGGCGTTGTAGCGTGTCTATAATCCCAGCTACTCGGGAGGCTGAGGCAGGAGAATCGCTTGAACCTGGGAGGTGGAGGTTGCAGTGAGCCAAGATCGCACCACTGCACTCCAGCGTGGGCAACAGAGAGAGACTCCATCTCAAAAAAAAAAAAAAAAAAAAAAA","GACCAGGTGCAGTGGCTCATGCCTGTAATCCCAGCACTTTGGGAGGCCAAGGTGGGTGGATCATGAGGTCAGGAGATGGAGACCATCCTGGCTAACATGGTGAAATCCCATCTCTACTAAAAATACAAAAAATTAGCCAGGCGTGGTGGCACGCACCTATAGTCCCAGCTACTTGGGAGGCTGAGGCAGGAGAATCCCTTGAACCCGGGAGGCAGAGGTTGCAGTGAGCCGAGATCGTGCCACTGCACTCCAGCCTGGGCGACAGAGAGAGACTGCTTCTCAAAAAAAAAAAAAAAAAAAAAAAAAA"
"chr1","26097610","26097921","chr2","107287918","107288224","38","81190308","GGCCAGACGCGGTGGTTCATGCCTGTAATCCCAGCACTTAGGGAGGCCAAGGGAGGTGGATCACGAAGTCAGGAGATTGAGACCATCCTGGCTAACATGGTGAAACCCCATTTCTACTAAAAATACAAAAAAATTAGCCCGGAGCAGTGGCACATGCCTGTAATCCCAGCTACTCGGGAGGCTGAGGCAGGAGAGTTGCTTGAACCTGGGAGGCGGTGGTTGCACTGAGCCAAGATCGCGCCACTGCACTCCAGCCTGGAGGACAGAGTGAGACTCCGTCTCAAAAAATAAATAAAATAAAATAAAAGAAAA","GCCAGGCATGGTGGCTCACGCCTGTAATCCCAACACTTTAGGAGGCCCAGGCGGGTGGATCACGAGGTCAGGAGATTGAGACCATCCTGGCTAACATGGTGAAACCCCATCTCTACTAAAAATACAAAATTAGCCGGGCATGGTGGCATGTGCCTGTAATCCCAACTACTCGGGAGGCTGAGGCAGGAGAATTGCTTGAACCTGGGAGGCGGAAGTTGCAGTGAGCCGAGATCGCACCACTGCACTCCAGCCTGGGCGACAGAGTGAGACTCCATCTCAAAATAAATAAATAAATAAAATAAAAAAA"
"chr1","26135679","26135921","chr9","66337345","66337595","49","40201666","GGGCGCAGTGGCTCACGCCTGTAATCCCAGCACTTTGGAAGGCCGAGGCGGGCGGATCACGAGATTAGGAGATCAAGACAATCCTGGCTAATGCTGTGAAACCCCATCTCTACTAAAAGTACAAAAAATTAGCTGAGCAGAAGAATTGCTTGAACCCGGGAGGCAGAGGCTGCAGTGAGCCGAGATTGCACTACTGCACTCCAGCCTGGGTGACAGAGTGAGACTGTCTCAAAAATGAATAAA","GCCGGGCATGATGACTCACGTCTGTAATCCCAGCACTTTGGGAGGCCGAGGTGGGCGGATCACAAGGTCAGGAGATCAAGACTATCCTGGCTAACACGGTGCAACCCTGTCTCTACTAAAAATACAAAAAATTAGCCAGGCGTGGTGGCGAATCCCTTGAACCCGGGGAGGGGAGGTTGCAGTGAGCTGAGATCACACCATTACACTCCAGCCTGGGCGACAGAATGAGACTCCGTCTCTAAATAAATAAA"
"chr1","26224644","26224921","chr13","61154306","61154584","40","34929662","GGCTGGGTGCGGTGGCTTACTCCTGTAATCCCAACACTTTGGGAGGCCGAGGTGGGCGAATCACGAGGTCAGGAGATGGAGACCATCCTGGCTAACATGGTGAAACCCCGTCTCTACTAAAAGCACAAAAAATTAGCCGGGCATGGTGGCGGGCATCTGTAGTCCCACTTACTCGGGAGGCTGAGGCAGGAGGATCACTTGAACCCAGGAGGCGGAGGTTGCAGTGAGCCGAGATTGTGCCGCTGCACTTGGAGTGAGACTCCGCCTCAAAAAAAAAA","GGCCGGACGTGGTGGCTCACGCCTGTAATCCCAGCACTTTAGGAAGCCAAGGTGGGCGGATCACGAGGTCAGGAGATCAAGACCATCCTGGCTAACACGGTGAAACCCCGTCTCTACTAAAAATACAAAAAATTAGCTGGGCATGGTGGCACATGCCTGTAGTCCCAGCTACTCAGGAGGCTGATGCAGGAGAATCACTTGAACCCGGGAGGCGAAGGTTGCAGTGAGCCGAGATTGTGCCACTGGGCAACAGAGCAAGACTCCGTCTCACAAAAAAAA"
"chr1","26259559","26259867","chr8","31331410","31331717","31","5071851","GGCCGGGCGCAGTGGCTCATGCCTGTAATCCCCAGCACTTTGGGAGGCTGAGGAGGGGGGATCATGAGGTCAGGAGATCGAAACCACCCTGGCTAACACAGTGAAACCCTGTCTCTACTAAAAATACAAAATATTAGCCAGGTATGGTGGCACGCGCCTGTAGTCCCAGCTATTCGGGAGGCTGAGGCAGGAGAATCGCTTGAACCCAGGAGGTGGAGGTTGCAATGAGCCAGGATCGCACTACTGCACTCCAGCCTGGGCGACAGAGTGAGACTCCATCTCAAAAAAAAAAAAAAAAAAAAAAAAAAA","CTGGGCGCAGTGGCTCATGCCTGTAATCCCAGCACTTTGGGAGGCCGAGGTGGGCGGATCATGGGATCAGGAGATTGAGACCATCCTGGCTAACACGGTGAAACCCTGTCTCTACTAAAAATACAAAAAAAAATAGCCAGGTATGGTGGCATGCACCTGTAGTCCTAGCTACTCGGGAGGCTGAGGCAGGAGAATCTCTTGAACCCATGAGGTGGAGCTTACAGTGAGCCGAGATCGCACCACTGCACTCCAGCCTGGGTGACAGAGTAAGACTCCATCTCAAAAAAAAAAAAAAAAAAAAAAAAAAA"
"chr1","26279830","26280133","chrX","23130799","23131097","31","3149031","GGCCGGACACGGTGGCTCACGCCTGTAATCCCAGCACTTTGGGAGGCCGAGGTGGGCAGATCACAAGGTCAGGAGATTGAGACCATCCTGGCTAACAAGCTGAAACCCTGTCTCTNCTAAGAATACAAAAAAATTAGCTGGGCGTGGTGTCATGCACCTGTAGTCCCAGCTACTCGGGAGGCTGAGGCAGGAGAATTGCTTGAACCTGGGAGGTGGAGGTTGCAGTGAGCCGAGATCACGCCACTGCACTCCAGCCAGTCTGGGCGACAGAGTGAAACTCCATCTCAAAAAAAAAAAAAAAAAA","GGCCAGGCACGGTGGCTCATGCCTGTAATTCCAGCACTTTGGGAGGCTGAGGTGGGCAGATCACGAGGTCAGGAGATTGAGACCATCCTGGCTAACATGGTGAAACCCTGTCTGTACTAAAAATACAAAAAATTAGCCAGGCGTGGTGGCATGTGCCTGTAGTCCCAGCTACTCGGGAGGCTGAGGCGGGAGAGTCACTTGAACCTGGGAGGTGGAGGTTGCAGTGAGCTGAGATCACGCCACTGCACTGTAGCCTGGGCGACAGAGTGAGACTCTGTCTCAAAAAAAAAAAAAAAAAA"
"chr1","26282263","26282566","chrX","23130799","23131097","30","3151464","GGCCGGACACGGTGGCTCACGCCTGTAATCCCAGCACTTTGGGAGGCCGAGGTGGGCAGATCACAAGGTCAGGAGATTGAGACCATCCTGGCTAACAAGCTGAAACCCTGTCTCTACTAAGAATACAAAAAAATTAGCTGGGCGTGGTGTCATGCACCTGTAGTCCCAGCTACTCGGGAGGCTGAGGCAGGAGAATTGCTTGAACCTGGGAGGTGGAGGTTGCAGTGAGCCGAGATCACGCCACTGCACTCCAGCCAGTCTGGGCGACAGAGTGAAACTCCATCTCAAAAAAAAAAAAAAAAAA","GGCCAGGCACGGTGGCTCATGCCTGTAATTCCAGCACTTTGGGAGGCTGAGGTGGGCAGATCACGAGGTCAGGAGATTGAGACCATCCTGGCTAACATGGTGAAACCCTGTCTGTACTAAAAATACAAAAAATTAGCCAGGCGTGGTGGCATGTGCCTGTAGTCCCAGCTACTCGGGAGGCTGAGGCGGGAGAGTCACTTGAACCTGGGAGGTGGAGGTTGCAGTGAGCTGAGATCACGCCACTGCACTGTAGCCTGGGCGACAGAGTGAGACTCTGTCTCAAAAAAAAAAAAAAAAAA"
"chr1","26311721","26312015","chr6","1092742","1093043","42","25218979","GGCCAGGCGCGGTGGCTGGTAATTCCAGCACTTTGGGAGGCCGAGGTGGGCAGATCACGAGGTCAGGAGATCGAGACCATCCTGGGTAATACAGTGAAACCCGTCTCTACTAAAAATACAAAAAATTAGCCAGGTGTTACAGCATGCACCTGTAGTCCCAGCTACTGAGGCTGAGGCAGGAGAATCGCTTGAACTCAGGAGGCACAGGTTGCAGTGAGCCAAGATCGTGCCACTGCAATCCACAGCCTGGGCGACAGAGCGAGACTTGGTCTTAAAAAAAAAAAAAAAAAAAAGA","GGCTGGGCACGGTGGCTCACTCCTGTAATCCCAGCACTTTGGGAGGCCGAGGTGGGCAGATCATGAGGTCAGGAGATTGAGACCATCCTGGCTAACATAGTGAAATCCCGTCTTTACTAAAAATACAAAAAATTAGCCAGGCGTAGTGGCGGCGCCTGTAGTCCCAGCTACTCAGGAGGCTGCGGCAGGAGAATCGCTTGAACCCGGGAGGCGGAGGTTGCAGTGAGCCGAGATCGTGCCACTGCACTCCAGCCTGGGCGACAGAGTGAGACTCCGTCTCAAAAAAAAAAAAAAAAAAAAGA"
"chr1","26508136","26508449","chr1","165996033","165996341","34","139487897","GCTGGGCACAGTGGCTCACGCCTGTAATCCCAGCACTTTGGGAAGCTGAGGCGGGCGGATCACAAGGTCAGGAAATTGAGACCATCCTGGCTAACACGGTGAAACCCCGTCTCTACTAAAAATACAAAAAATTAGCCGGGTGTGGTGGCGCGCGCCTGTCTGTAGTCCCAGCTACTCGGGAGGCTGAGGCAGGAGAATCGTTTGAACCCAAGAGGCAGAGGTTGCAGTGAGCCGAGATCACACCACCACACTCCAGCCTGGGTGACAGAGTGAAACTCCGTCTCAAAAAAAAAAGAAAAAGAAAAAACACAAAA","GCCAGGCACAGTGGCTCACGCCTGTAATCCCAGCACTTTGGGAGGCCGAGGCGGGCGGATCACGAGGTCAAGTAATCGAGACCATCCTGGCTAACACGGTGAAACCCCATCTCTACTAAAAATAGAAAAAATTAGCCAGGCGTGGTGGCGGGCGCCTGTAATCCCAGCTACTCAGGAGGCTGAGGCAGGAGAATCGCTTGAACCCAGGAGGCAGAGGTTGCAGTGAGCCGAGATCACGCCACTGCATCCAGCCTGGGTGACAGAGCGAGACTCTGTCTCAAAAAAAAAAAAAAAAAAGAAAGAAAGAAA"
"chr1","26525824","26526123","chr6","174905209","174905512","34","148379385","GCTGGGCACGGTGGCTCACGCCTGTAATCCTAGCACTTTGGGAGGCTGAGGCAGGTGGATCACGAGGCCAGGAGATCGAGACCATCCTGGCTAACATGGTGAAACCCCGTCTCTACTAAAAATTTAAAAAAAAATTGCCAGGCGTGGTGGCACGCACATGTAGTCCCAGCTACTTGGGAGGCTGAGATAGGAGAACTGCTTGAACCCGGGAGGTGGAGGTTGCGGTGAGCTGAGATCGGGCCACTGCACTCCAGCCTGGGCGACAGAGCGAAACTCTGTCTCAAAAAAAGAAAAAGAAAA","GCGGGGCGCGGTGGCTCACACCTGTAATCCCAGCACTTTGGGAGGCTGAGGCAGGCGGATCACAAGGTCAGGAGATCGAGACCATCCTGGCTAACACGGTGAAACCCTGTCTGTACTAAAAATAAAAAAAAAAAATTAGCCAGGCGTGGTGGCAGGGGCCTGTAGTCCCAGCTACTCGGGAGGCTGAGGCAGGAGAATTGCTTGAACCTGGGAGGCAGAGGTTGCAGTGAGCTGAGATCATGCCAATGCACTCCAGCCTGGGCGACAGAGCGAGACTCTGTCTCAAAAAAAAAAAAAAAAAAAA"
"chr1","26533885","26534193","chrX","130126302","130126612","31","103592417","GCCGGGCGCGGTGGCTCACACCTGTAATCCCAGCACTTTGGGAGGCTGAAGCGGGCAGATCATGAGGTCAGGAGATCGAGACCATCCTGGCTAACATGGTGAAACCCTGTCTCTACTAAAAATACAAAAAATTAGCTGGGTGTGGTGGCAGGTGCCTGTATTCCCAGCTACTTGGGAGGCTGAGGCAGGAGAATAGCTTGAACCTGGGAGGCGGAGGTTGCAGTGAGCCAAGATCGCGCCACTGCCCTCCAGCCTGGTGACAGGGAGAGACTCCGTCTCAAACAAAGAAAAAAAAAAGAAAAAGAAAAA","GGCCGGGCGCGGTGTCTCACGCCTGTAATCCCAGCACTTTGGGAGGCCAAGGCGGGTGGATCATGAGGTCAGGAGATTGAGACCATCCTGGCTAACACGGTGAAACCCCGTCTCTACTAAAAATACAAAAAATTATCCGGGTGTGGTGGCACGTGCCTGTAGTCCCAGCTACTCGGGAGGCTGAGGCAGGAGAATCGCTTGAACCCAGGAGGCGGAGGTTGCAGTGAGCCAAGATTGCGCCACTGCACCCCAGCCTGGGTGACAGAGTGAGACTCTATCTCAAAAAAAAAAAAAAAAAGAAAAGAAAAAAA"
"chr1","26537465","26537815","chr1","25357134","25357481","35","1180331","GGCCAGGCGCAGTGGCTTATGCCTGTAATCCCAGCACTTTAGGAGGCCAAGACGAGCAGATCATGTGGTTAGGAGATTGAGAGCATACTGGCCAACATGGTGAAACCTCGTCTCTACTAAAAAATATAAATATAAAATTAGCCAGGTGTGGTGGCACACGCTTATACAAAAATTAGCCAGGTGTGGTGGCACATGCCTATAGTCACAGCTACTTGGGAGGCTGAGGCAGGAGAATCGTTTGAACCTGGGAGGCGGAGGTTGCAGTGAGCCGAGATCAGGCTACTGAACTGCACTCCAGCCTGGGCGACACAGTGAGACTCCATCTCAAAATAATAATAATAATAAAAAGAA","GGTCGGGCACAGTAGCTCATGCCTGTAATCCCAGCACTTTGGGAGGCCGAGGCGAGCAGATCACGAGGTCAGGAGATCGAGACCATACTGGCAAACATGGTGAAACCTTGTCTCTACTAAAAAATATATACATAAAATTAGCCAGCTGTGGTGGCACACGCCTATACAAAAATTATCCAGGTGTGGTGGCACATGCCTGTAGTCCCTGCTACTTGGGAGGCTGAGGCAGGAGAATTGTTTGAACCCGGGAGGCAGAGGTTACAGTGAGCCAAGATCAGGCCACTGCACTGCACTACAGCCTGGGCGACAGAGTGAGACTCCATCTCAAAATAATAATAATAAAAAGAA"
"chr1","26538013","26538310","chr1","25357679","25357978","27","1180334","GACCTGGCACAGTGGCTCACGCCTATAATCCCAGCACTTTGGGAGGCCAAGATGGGCAGACCATGAGGTCAGGAGATTGAGACCATCCCGGCTAATACAGTGAAACCCCGTCTCTACTGAAAATACAAAACGTTAGCCAAGCGTGGTGGCACGCACCTGTAGTCCCAGCTACTCGGGAGGCTGAGGCAGGAGAATTGCTTGAACCTGGGAGGTGGAGGTTGCAGCGAGCTGAGATTGAGCCACTGCACTCCAGCCTGTTGACAGAGCAAGACTCTGTCTCAAAAGAAAAGAAAAAAAA","GGCCTGCTGCAGTGGCTCACGCTTGTAATCCCAGCACTTTGGGAGGCCAAGGCGGGAGGACCATGAAGTCAGGAGATTGAGACCATTCCAGCTAATACAGTGAAACCCCGTCTCTACTGAAAATACAAAATGTTAGCTGAGCGTGGTGGCATGCACCTGTAGTCCCAGCTACTCGGCAGGCTGAGGCAGGAGAATTGCTTGAACCTGGGAGGTGGAGGTTGCAGTGAGCTGAGATTGAGCCACTGCACTCTAGCTTGGGTGACAGAGCGAGACTCTATCTCAAAAGAAAATTAAAAAAAA"
"chr1","26560803","26561104","chr8","65030667","65030967","31","38469864","GACCAGGCGTGGTGGCTCACACCTCTAATCCCAGCACTTTGGGAGGCCGAGGCAGGCAGATCATGAGGTCAGGAGATCGAGACCATCCTGGCCAACATGGTGAAACCCCGTCTCTAGTAAAAAATACAAAAAATTAGCCAGCCTGGTGGCACGTGCCTGTAGTCCCAGCTACTCAGGAGGCTGAGGCAGGGGAATCGCTTGAACCCAGGAGGCGGAGGTTGCAGTGAGCCGAGATCACGCCACTGCACTCCAGCCTGGTGACAGAGTGAGACTCTGCCTCAAAAAAAAAAAAAAAAAAAAAA","GGCTTGGCGTGGTGGCTCAGGCCTGTAATCCCAGCACTTTGGGAGGCCGAGGCAGGTGGATCATGAGGTCAGGAGATCGAGACCATCCTGGCTAACATGGTGAAACCCCATCTCTACTAAAAATACAAAAAACTAGCCAGGCGTGGTGGCACGCACCTGTAGTCCCAGCTACTCAGGAGGCTGAGGCAGGAGAATTGCTAGAACCCAGGAGGCGGAGGTTGCAATGAGCTGAGATCACACCACTGCACTCCAGCCCCTGGGCAGCAGAGACTCTGTCTCAAAAAAAAAAAAAAAAAAAAAA"
"chr1","26688093","26688423","chrX","113475257","113475588","46","86787164","GGCCAGGCACGGTGGCTCACACCTGTAATCCCAGAACTTTGGGAGGCCGAGGCAGGCAGATCATGAGGTCAAGAGATTGAGACCATCTTGGCCAGCATGGAGAAACCCCGTCTCTACTAAAAATACAAAAAAAAAAAAAAAAAAAAAAAAAAAATTAGCTGGGCGTGGTGGCACTCGCCTGTAATCCCAGCTACTCGGGAGGCTGAGGCAGGAGAATCACTTGAACCCGGGAGGCGGAGGTTGCAATGAGCCAAGATCATGCCATTGCACTCCAGCCTGGACAACAGAGAGAGACTCTATCTCAAAAGCAAAACAAAACAAAACAAACAAA","GGCTGGGCGTGGTGGCTCACGCCTGTAATCCCAGCACTTTGGGAGGCCGAGGTAGGTGGATCATGAGGTCAAGAGAGCGAGACCGTCCTGGCTAGCACAGTGAAACCCCGTCTCTACTAAAAAATGCAAAAAAAAAAAAAAAAAAAAAAAAAAAAATTAGCCGGGTGTGGTGGCAGGCGCCTGTAGTCCCAGCTACTCAGGAGGCTGAGGCAGGAGAATCACTTGAACACAGGAGGCAGAGGTTGCAGTGAGCCGAGATCACACCACTGCACTCCAGCCTGGGTGACAGAGCGAGACTCCGTCTCAAAAAAAAAAAAAAAAAAAAAAAAAAA"
"chr1","26697598","26697907","chr16","3245842","3246150","35","23451756","GCCGCGCGTGGTGGCGCACGCCTATAATCCCAGCACTTTGGGAGGCCGAGGCAGGCAGATCACGAGGTCAGGAGATCGAGACCATCCTTGCTAACACGGTGAAACCCCGTTTCTACTGAAAATACAAAAAATTAGCTGGGCGTGGTGGCACCCGCCTGTAATCCCAGCCACTCGGGAGGCTAAGGCAGGAGAATCGGTTGAACCGGGGAGGCGGAGGTTGCAGTGAGCTGAGATGTCGCCACTGCACTCCAGCCTGGGCAACAAAGGGAGACTCCGTCTCAAAAAACAAAAAACAAAACAAAACAAAAAA","GCTGGGCGCGGTGGCTCACGCCTGTAATCCCAGCACTCTGGGAGGCCAAGGCGGGCAGATCACGAGGTCAGGAGATCGAGACCATCCTGGCTAACACGGTGAAACCCCGTCTCTACTAAAAATACAAAAAATTAGCTGGGCGTGGTGGCGGCGCCTGTGGTCCCAGCTACTCGGGAGGCTGAGGCAGGAAAATCGCTTGAACCTGGGAGGCAGAGGTTGCAGTGAGCTGAGATCACGCCACTGCACTCCAGCCTGGGTGACAGAGCGAGACTCTGTCTCAAAAAATAAAAATAAAAATAAAAAAATAAA"
"chr1","26717879","26718162","chr5","147526333","147526620","48","120808454","GGTGGCTCACACCTGTAATCCCAGCACTTTGGGAGGCCAAGGCAGGTGGATCACAAGGTCAAGAGATCGAGACCATCCTGGCCAACCAACATAAACCAACCCCGTATTAATTGTACAAAAATAAATTAGCTAGGCGTGGTGGGGATGCCTGTAGTCCCAGCTACTTGGGAGGTTGAGGCAGGAGAATCGCTTGAACCTGGGAGGCAGAGGTTGCAGTGAGCCGAGATCACACCATTGCACTCCAGCCTGGGCGACAGAGCGAGATGCCATCTCAAAAAATAAAA","GGTTGGGCACGGTGGCTCACACCTGTAATCCCAGCACTTTGGGAGGCCAAGGCAGGCGGATCACAAGGTCAGGAGATCGAGACCATCCTGACTAACACGGTGAAACCCCATCTCTACTAAAAACACAAAAAATTAGCTGGGCGTGGTGGCACGCACCTGTAGTCCCAGCTACTTGGGAGGCTGAGGCAGGAGAATCGCTTGAACCTGGGAGGCAGAGGCTGCAGTGAGCTGAGATCACACCATTGCACTCCAGCCTGGGCAACAGAGCGAGACTCCGTTCAAAAAAAA"
"chr1","26744455","26744744","chr13","9550833","9551123","35","17193622","GGCCGGGCATGGTGGCTCACGCCTGTAATCCCAGCACTTTGGGAGGCCAAGGCGGGCAGATCACGAGGTCAGGAGATCGAGACCATCCTGGCAACCATGGTGAAACCCCGTCTCTACTAAAAATATAAAAAATTAGCCAGGCATAGCAGCGGGTACCTGTAGTCCCAGCTATTCGGGAGGCAGAGGCAAGAGAATCACTTTAGAACCTGGGAGGCGGAGGTTGCATTGAGCCGAGATCACACCACTGCACTCCAGCCTGGTCGACAGTGAACTCCATCTCAAAAAAAAAA","GGCTGGGCATGGTGGCTCACGCCTGTAATCCCAGCACTTTGGGAGGCCGAGGTGGGCAGATCACGAGGTCAGGAGATCAAGATCATCCTGGCTAACACAGTGAAACCCCGTCTCTACTAAAAATACAAAAAATTAGCCAGGCGTAGTGGCATGTGCCTGTAGTCCCAGCTATTCGGGAGGCTGAGGCAGGAGAATCACTTGAACCTGGGAGGTGGAGGTTGCAGTGAGCTGAGATAGCGCCACTGTACTTCAGCCTGGGTGACAGAGGGAGACTCCATCTCAAAAACAAAA"
"chr1","26820069","26820361","chr2","100586330","100586626","28","73766261","GGCCGGGCGCGGTGGCTCACACCTGTAATCCCAGCACTTTGGGAGGCCAAGGCGGGCAGATCATGAGGTCAGCAGATCGAGACCATCCTGGCTAACAGGGTGAAACCCCATCTCTATTAAAAATACAAAAAAATAGCCGGGCATGGTGGCATGCACCTGTAGTCCCAACTACTCGGGAGGCTGAGGCAGGAGAATCGCTTGAACCCAGGAGGCGGAGGTTGCAGTGAACCAAGATCGCGCCACTGCACTCCAGCCTGGGCAACAGAGCAAGTCTCCGTCTCAAAAAAAAAAAA","GGCCAGGCGCGGTGGCTCACGCCTGTTAATCCCAGCACTTTGGGAGGCCAAGGCAGGCAGATCACGAGGTCAGGAGACCGAGACCATCCTGGCTAACAGGGTGAAACCCCGTCTCTATTAAAAATACAAAAAATTAGCCAGGCATAGTAGCATGCGCCTGTAGTCCCAGCTACTCGGGAGGCTGAGGCAAGAGAATCGCTTGAACCCGGGAGGCGGAGGTTGCAGTGAGCCGAGATTGCGCCACTGTACTCCAGCCTGGGTGACAGAGCAAGATTCCATCTCAAAAAAAAAAAAAAA"
"chr1","26847609","26847889","chr17","78859912","78860191","31","52012303","GGCCAGGTGTGGTGGCTCACATCTGTAACCCCAGCACTTTGGGGGGCCGAGGCGGGCAGATCATGAGGTCAGGAGATCGAGACCATCCTGACCAACACGGTGAAACCCCGTCTCTACTAAAAATACAAAAAATTAGCCGGGTGTGGTGGCGTGTGCCTGTAGTCCCAGCTACTCGGGAGGCTGAGGCAGGAGAATCACTTGAACCCGGGAGGCGGAGCTTGCAGTGAGCCGAGAACGTGCCACTGCACTCCAGCCTGGGCGACGGTGGGAGACTCTGTCTC","GGCCGGGCGCCGTGGCTCACGCCTGTAATCCCAGCACTTTGGGAGGCCAAGGTGGGCAGATCATGAGGTCAGGAGATCTAGACCATCCTGGCTAACACAGTGAAACCCCATCTCTACTAAAAATACAAAAATTAGCCGGGCGTGGTGGCGGTGCCTGTAGTCCCAGCTACTCGGGAGGCTGAGGCAGGAGAATCACTTGAACTCGGGAGGTGGAGGTTGCAGTGAGCTGAGATTGCGCCACTGCACTCCTGCCTGGGCGACAGAGCGAGACTCCGTCTCA"
"chr1","26862388","26862690","chr1","54184910","54185214","31","27322522","GGTCGGGCGTGGTGGCTCACGCCTGTCATCTCAGCACTTTGGGAGGCTGAGGTGGGTGGATCACAAGGTCAGGAGATCGAGACCATTCTGGCTAACACAGGAAAACCCCGTCTCTACTAAAAATACAAAAAATTAGCCGGGCATGGTGGCACATGCCTGTAGTCCCAGCTACTCGGGAGGCTGAGGCAGGAGAATCGCTTGAACCCGGGAGGCGGAGGTTGCAGTGATCCGAGATGGCGCCACTGCACTCCAGCCTGGGTGACAGAGCAAGACTCCGTCTCAAAACAAAACAACAACAAAAAA","GGCCGGGCGCGGTGGCTCACGCCTGTAATCCCAGCACTTTGGGAGGCCGAGGCGGGTGGCTCACGAGGTCAGGAGATCGAGACCATCCTGGCTAACACGGTGAAACCCCATCTCCACTAAAAATACAAAAAATTAGCCGGGCGTGTTGGCAGGTGCCTGTAGTCCCAGCTACTCGGGAGGCTGAGGCAGAAGAATTGCTTGAACCTGGGAGGCGGAGGTTGCAGTGAGCCGAGATTGCACCACTGCACTCCAGCCTGGGTGACAGAGCAAGACTCTGTCTCAAAAAAAAAAAAAAAAAAAAAAAA"
"chr1","26898014","26898348","chrX","113475257","113475588","43","86577243","GGCCTGGCGCAGTGGGTCATGCCTGTAATCCCAGCACTTTGGCAGGCCGAGGCAGGTGGGTCACGAGGTCAGGAGATTGAGACTATCCTGGTTAACACGGTGAAACCCCGCCTGTACTAAAAATACAAAAAAAAAAAAAAAAAAAAAAAAAAAAAAATTAGCCGGGTGTGGTGGCACATGCCTGAAGTCCCAGCTTACTCGGGAGGCTGAGGCAGGAGAATCACTTAAACCCAGGAGGTGGAGGTTGCAGTGAGCCGAGATCGCACCACTTCACTCCAGCCTGGGTGACACAGTGAGACTCTGTCTCAAAAAAAAAAAAGAAAAAAATGAATAAA","GGCTGGGCGTGGTGGCTCACGCCTGTAATCCCAGCACTTTGGGAGGCCGAGGTAGGTGGATCATGAGGTCAAGAGAGCGAGACCGTCCTGGCTAGCACAGTGAAACCCCGTCTCTACTAAAAAATGCAAAAAAAAAAAAAAAAAAAAAAAAAAAAATTAGCCGGGTGTGGTGGCAGGCGCCTGTAGTCCCAGCTACTCAGGAGGCTGAGGCAGGAGAATCACTTGAACACAGGAGGCAGAGGTTGCAGTGAGCCGAGATCACACCACTGCACTCCAGCCTGGGTGACAGAGCGAGACTCCGTCTCAAAAAAAAAAAAAAAAAAAAAAAAAAA"
"chr1","26960534","26960830","chr10","73354021","73354316","35","46393487","GGCCAGGCGCGGTGGCTCACGCCTGTAATCCCAGTACTTTGAGAGGCCGAGGCGGGTGGATCACGAGATCAGGAGATCAGACCATCCTGACTAACATGGTGAAACCCCATCTCTACTAAAAATACAAAAAATTAGCCAGGCGTGGCACGCGCCTGTAGTCCCAGCCACTCAGGAGGCTGAGGCAGGAGAATCGCTTGCACCCGGGAGGCAGAGGTTGCAGTGAGCCAAGACCACGCCACTGCACTCCACTCCAGCCTGGGCAACAGAGTGAGACTCCATCTCAAGAAAAAAAAAAAA","GGCCAGGCGCAGTGGCTCACGCCTGTAATCCCAGCACTTTGGGAGGCTGAGACAGGCGGATCATGAGGTCAGGAGATCAAGACCATCCTGGCTAACACGGTGAAACCCCATCTCTACTAAAAATACAAAAAATTAGCTGGGCATGGTGGCACACACCTGTAATCCCAGCCACTCAGGAGGCTGAGGCAGGAGAATCACTTGAACCCGGGAGGTGGAGGTTGCAGTGAGCAGAGATCAGGCTACTGCACTCCAGCCTGGGCAACAGAGTGAGACTCCATCTCAAAAAAAAAAAAAAA"
"chr1","26968611","26968906","chr5","19074410","19074703","35","7894201","GCTGGGTGCGGTAGCTCATGCTTGTAATCCCAGCACTTTGGGAGGCTGAGGCGGGTGGATCACGAGGTCGGGAGATTGAGACCATCCTGGCTAACTCGATGCAACTCCGTCTCTACTAAAAATACAAAAAATTAGCCAGGTGTGGCAGCACACGCCTGTAGTCCTAGCTACTAGGGAGGCTGAGGCAGGAGAATCACTTGAACCTGGGAGGCGGAGGTTGCAGTGAGCCAAGATCACGCCACTCCACTCTAGCCTGGGAGACAGAGCAAGACTCTGTCTCAAAAAAAAGAAAGAAA","GGCCGGGTGCGGTGGCTCACGCCTGTAATCCCAACACTTTGGGAGGCTGAGGTGGGTGGATCACGAGGTCAGGAGATCGAGAATATCCTGGCTAACACGAAGAAACCCCGTCTCTACTGAAAATACAAAACATTAGCCAGGCGTGGCGGCAGGCGCCTCTAGTCCCAGCTACTAGGGAGGCTGAGGCAGGAGAATCGCTTGAACCTGGGCGGAGGTTGCAGTGAGCCAAGATCACGCCACTGCACTCTAGCCTGGGAGACAGAGTGCGACTCCGTCTCAAAAAATAAAAAAAAA"
"chr1","26975766","26975954","chr19","53087200","53087382","28","26111434","AAAGATTAGCCGGGTGTGGTGGCATGCGCCTGTAGTCCCAGCTTCTCAGGAGGCTGAGACAGGAGAATTGCTTGAACCCAGGAGGTGGATGGAGGTTGCAGTGAGCCAAGATCTTACACCACTGCACTCCAGCCTGGGTGACAGAGTGAGACTCTGTCTCAAAAACAAAAAACAAAAAACAAAAACAAA","TAAGTTAGCTGGATGTGGTGGCATGCACCTGTAGTCCCAGCTACTTGGGAGGCTGAGGCAGGAGAATCGCTTGAGCCCAGCAGGCAGAGGTTGGAGTGAGCTGAGATCCTACCACTGCACTCCAGCCTGGGTGACAGAGTGAGACTCTGTCTCAAAAAAAAAAAAAAAAAAAAAAAAAAAAAA"
"chr1","26977563","26977853","chr3","7367921","7368221","33","19609642","GGCTCGGTGGCTCATGCCTGTAATCCCAGCACTTTGGGACGCCGAGGCGGGCAGATCACCAGGTCAGGAGATCAAGACCATCCTGGCTAACAGGGTGAAACCCCATCTCTACTAAAAATACAAAAAATTAGCTAGGCGTGGTACATGCCTGTAGTCCCAGCTTCTCGGGAGGCTGAGGCAGGAGAATCACTTGAACCCGGGAGGCGGAGGTTGCAGCGAGCCAAGATTGTGCCATTGCACTCCAGCCCGGACGACAGAGTGAGACTCCGTCTCAAAAAAAAAAAAAAAAAA","GGCTGGGCACGGTGGTTCATGCCTGTAATCCCAGCACTTTGGGAGGCCAAGGCGGGCGGATCACGAGGTCAGGAGATCAAGACCATCCTGGCTAACACAGTGAAACCCCATCTCTACTAAAAATACAAAAAATTAGCCGGGCCTGGTGGCATGTGCCTGTAGTCCCAGCTACTCGGGAGGCTGAGGCAGGAGAATCACTTGAACCCGGGAGACAGAGGTTGCAGTGAGCCAAGATCGTACCACTGCACTCCAGCCTGGGTGACAGAGTGAGACTCCATCTTAAAAAAAAAAACAAAAAAAA"
"chr1","27084465","27084766","chr1","25920966","25921261","28","1163499","GCCAGGCACAGTGGCTCACGCCTGTAATCCCAGCACTTTGGGAGGCCAAGGTGGGTGGATCACAAGGTCAGGAGATCGAGACCATCCTGGCTAACATGGTGAAACCCCATCTCTACTAAAAATACAAAAAATTAGCCAGGTGTGGTGGTGGGCGCCTGTAGTCCCAGCTACTTGGGAGGCTGAGGCAGGAGAATCGCTTGAACCTAGGAGGAGGAGGTTGCAGTGAGCCAAGATCACGCCACTACACTCCAGCCTGGGTGACAGAGTGAGACTCCATCTCAAAAAAACAAAAACAAAAAAAA","GCCAGGCACAATGGCTCACGCCTGTAATCCCAGCACTTTGGGAGGCCAAGGCAGGCGGATCACGAGATCAGGAGATCGAGACCATCCTGGCTAACATGATGAAACCCCATCTCTACTAAAAATACAAAAAATTAGCCAGACGTGGTGGCACATGCTGGTAGTCCCAGCTTGGGAGGCTGAGGCAGGAGAATCGCTTGAACCTGGGAGGAGGACGTTGCAGTGAGCCAAGATCACGCCACTACACTCCAACCTGGGCGACAGAGTGAGACTCCATCTCAATAAAACAAAAAACAAAA"
"chr1","27236738","27237060","chrX","872740","873049","44","26363998","GCTGAGCGCGGTGGCTCACGCCTGTAATCCCAGCACTTTGGGAGGCTGAGGTGGGCAGATCACGAGGTCAGGAGATTGAGACCATCCTGGCTAACACGGTGAAACCCCATCTCTACTAAAAATACAAAAAAAATTAGCTGGGCATTGTGGCACGCGCCTGTAGTCCCAGCTACTCAGGAGGGATTTTCCTACTAAGGCAGGAAAATCGCTTGAACCCAGGAGGTGGAGGTTGCGGTGAGCTGTGATCGTGCCATTGCACTCCAGCCTGGGCAACAAAAGTGAAACTCCATCTCAAAAAAAAAAAGAAAAGAAAAGAAAAAAAA","GGCCGGGCGCGGTGGCTCACGCCTGTAATCCCAGCACTTTGGGAGGCCGAGGCAGGCGGATCACGAGGTCAGGAGATGGAGACCATCCTGGCTAACACGGTGAAACCCCGTCTCTACTAAAAATACAAAAATTAGCCGGGCGTGGTGGCGGGCGCCTGTAGTCCCAGCTACTCAGGAGGCCGAGGCAGGAGAATCGCTTGAACCCAGGAGGCGGAGGTTGCAGTGAGCCGAGATCACCCCATTGCACTCCAGCCTGGGCGACAGAGCAAGACTCCGTCTCAAAAAAAAAAAGAAAAGAAAAGAAAAGAAA"
"chr1","27251675","27251887","chr6","63630625","63630830","34","36378950","AACACAGTGAAACCCTGTCTCTACCAAACGAACAAAAAGTTAGCCAGGTGTGGTGGCACGTGCCTGTAGTCCCAGCTACTCCGGAGGCTGAGGCATGAGAATCACCTGAACCCAGGAGGCGGAGGTTGCATTGAGCCGAGATTGCACCACTGCACCCCAGCCTGGGTGACAGACCGAGACTCCGTCTCAAAAAAAGGAAAAGAAAAAAAAAAA","ACACGGTGAAACCCCGTCTCTACTAAAAATACAAAAAATTATCTGGGCGTTGTGGCACACGCCTGTAGTCCCAGCTACTCTGGAGGCTGAGGCAGGAGAATCGCCTGAACCTGAGAGGCAGAGGTTGCAGTGAGCCGAGATTGCGCCACTGCACTCCAGCCTGGACGACAGAGCGAGACTCCGTCTCAAAAAAAAAAAAAAAAAAA"
"chr1","27252073","27252377","chr3","7367921","7368221","36","19884152","GGCCGGGCGCAGTGGCTCACACCTGTAATCCCAGCACTTTGGAAGGCCAAGGTGGGCAGATCAAGGAGGCCAAGGTCAGGAGATCAAGACCATCCTGGCTAACACAGTGAAACCCTGTCTCTACTAAACGTACAAAAAGTTAGCCAGGTGTGGTGGCATGTGCCTGTAGTCCCAGCTACTTGGGAGGCTGAGGCAGGAGAATCACCTGAACCCGGGAGGCGGAGGTTGCAGTGAGCCGAGATTGCACCACTGCACTCCAGCCTGGGTGACAGAGTGAGACTCCATCTCAAAAAAAAAAAAAAAAA","GGCTGGGCACGGTGGTTCATGCCTGTAATCCCAGCACTTTGGGAGGCCAAGGCGGGCGGATCACGAGGTCAGGAGATCAAGACCATCCTGGCTAACACAGTGAAACCCCATCTCTACTAAAAATACAAAAAATTAGCCGGGCCTGGTGGCATGTGCCTGTAGTCCCAGCTACTCGGGAGGCTGAGGCAGGAGAATCACTTGAACCCGGGAGACAGAGGTTGCAGTGAGCCAAGATCGTACCACTGCACTCCAGCCTGGGTGACAGAGTGAGACTCCATCTTAAAAAAAAAAACAAAAAAAA"
"chr1","27260168","27260464","chr1","61388678","61388976","30","34128510","GGTCAGGCATGGTGGCTCACGCCTGTAATCCCAGCACTTTGGGAGGACAAGGTGGGTGGATCACGAGGTCAGGAGATCAAGATCTCCTGAGTAACACGGTGAAACCCCGTCTCTACTAAAAATACAAAAAATTAGCTGGGCGTGGTAGCATGCGCCTGTAGTCCCAGCTACTTGCGAGGCTGAGGCAAGAGAATCGCTTGAACCTGGGAGGTGGAGGTCGCACTGAGCTGAGATCACACCACTGCACTCCAGCCTGGGCAACAGAGCAACACTCTGTCTCAAAAAAAAAAAAAAAAA","GGCCGGGCTCGGTGGCTCACGCCTATAATCCCAGCACTTTGGGAGGCCGAGACGGGTGGATCACGAGGTCAGGAGATCGAGACCATCCTGGCTAACACGGTGAAAGCCCGTCTCCACTAAAAATACAAAAAATTAGCTGGGCGTGTTGGCAGGCGCCTGTAGTCCCAGCTACTCGGGAGGCTGAGGCAGGAGAATTGCTTGAACCTGGGAGGTGGAGGTTGCAGTGAGCCGAGATCACACCACTGCACTCCAGCCTGGGTGACAGAGCAAGACTCTGTCTCAAAAAAAAAAAAAAAAAA"
"chr1","27275176","27275481","chr1","26138744","26139042","28","1136432","GGCCAGGCGCGGTGACTTATGCCTATAATCCCACACTTTGGGAGGCTGAAGCAGGCAGATCACAAGGTCAGGAGATTGAGACCATGCTGGCTAACACAGTGAAACCCCATCTCTACTAAAAATACAAAACTTAGCCAGGTGTGGTGGCACACACCTGTAGTCCCAGCTACTTGGGAGGCTGAGGCAGGAGAATTGCTTGAACCCAGGAGGAGGAGATTGCAGTGAGCCGAGATTGCGCCACTGCACTCCAGCCTGGGTGACAGAGCAAGACTTCGTCTCGAAAAAAAAAAAGAAAAGAAAAAAAAA","GGCCAGGCGCGGTGGCTCACGCCTATAATCCCAGCACTTAGGGAGGCCGAAGCAGGCAGATCACAAGGTCAGGAGATCGAGACCATCCTGGCTAACACAGTGAAACCCCATCTCTACTAAAAATATAAAACTTAGCCAGGCATGGTGGCACACACCTGTAATCCCAGCTACTCGGGAGGCTGAGGCAGGAGAATTGCTTGGACCCAGGAGGTGGAGGTTGCAGTGAGCCGAGATTGCGCTACTGTACTCCAGCCTGGGTGGCAGAGCAAGACTTCGTCTCAAAAAGAAAAAAAAGAAAA"
"chr1","27390509","27390806","chr10","35925060","35925352","38","8534551","GGCCGGGCACGGTGGCTCATGCCTGTAATCCCAGCACTTTGGAAGGCCGAGGCGGGCGGATCACAAGGTCAGGAGATCGAGACCATCCTGGCTAACATGGTGAAACCCTGTCTCTACTAAAAATACAAAAAATTAGCCAGGCATGGTGGTGGGTGCCTGTAATCTCAGAATCTCAGCTACTTGGGAGGCTGAGGCACAAGAATCCCTTGAACCTGGGAGGTGGAGGTTGCAGTGAGCTGAGACTGTGCCACTGCACTCCAGCCTGGGCAGCAGAGTGAGACTCAGGCTCAAAAAAAAA","GGCCGGGCGCGGTGGCTCATGCCTGTAATCCCAGCACTTTGGGAGGCTGTGGCGGGCAGATCACGAAGTCAGGAGATCGAGACCATCCTGGCTAACATGGTGAAACCCCGTCTCTACTAAAAATACAAAAAATTAGCCAGGCGTGGTGGCGGGCACCTGTAGTCCCAGCTACTTGGGAAGCTGAGGCAGGAGAATCGCTTGAACCTCGGAGGTGGAGGTTGTAGTGAGCCGAGATTGCGCCACTGTGCTCCAGCCTGGGCAACAGAGTGAGACTCTGTCTCAAAAAAAAAAAA"
"chr1","27487959","27488188","chr1","201610677","201610899","30","174122718","GAGGTCAGGAGATCGAGACCATCCTGGCTAACATGGTGAAACCCCGTCTCTACTAAAAATACAAAAAAAAAAAATTAGCCAGGCGTGGTGGCACGCGCCTATAGTCCCAGCTACTCAGGAGGCTGAGGCAGGAGAATCACTTGAACCTGGGAGGTGGAGGTTGCAGTGAGCCGAGATCACGCCACTGCACTCCAGCCTGGGCGACAGAGGGAGACTCCGTATGAAAAAAA","GAGGTCAGGAGATAGAGACCATCCTGGCTAACATGGTGAAACTCTGTCTCTACTAAAAATACAAAAAATTAGTCAGGCGTGGTGGCAAGTGCCTATAGTCCTAGCCCTCGGGAGACTGAGGCAGGAGAATCACTTGACCCGGGAGGCGGAGGTTACCATGAGCCGAGATCGTGCCACTGCACTCCAGCCTGGGCGACAGAGCAAGACTCCGTCTCAAAACAAA"
"chr1","27502733","27503038","chr1","153294643","153294943","57","125791910","GCTGGGCGTGGTGGCAGGCACCTGTAATCTCAGCTGCAGGCGGATCACGAGGTCAAGAGATCGAGACCATCCTGGCCAATATGGTGAAACCCTGTCTCTACTAAAAATACAAAAAAATTAGCCAGACGTGGTGGCACGTGCCTGTAGTCCCAGCTACTCGGGAGGCTGAGGCAGGAGAATCGCTTGAACCTGGGAGGCGAAGGTTGCAGTGAGCCGAGATCATGCCACTGCACTCCAGCCTGGGCGACGGAGCGAGACCCCGGCTCAAAAAACATTTTTTCTTAAATAAAAATAAAAACACAAAAA","GGCTGGGTGTGGTGGCTCATGCCTGTAATCCCAGCACTTGGGAGGCCGGATCATGAGGTCAGGAGATCGAGACCACCCTGGCTAACATGGTGAAACCCTGTCTTTACCAAAAATACAAAAAATTAGTCAGGCATAGTGGTGGGCGCCTGTAGTCCCAGCTACTCGGGAGGCCGAGGCAGGAGAATTGCTTGAACCCAGGAGGCAAAGGTTGCAGTGAGCCGAGATCACGCCACTGCATTCCAGCCTGGGCAACAGAGCATGACTCCATCTCAAAAAATAAATAAAAAATAAAAATACAAAA"
"chr1","27533218","27533399","chr1","19159458","19159639","25","8373760","GGTCGGGTGTGGTGGCTCACGCCTGTAATCCCAGCACTTTGGGAGGCCGAGGCGGGCAGATCACCTGAGGTCAGGAGATCGAGACCATCCTGGCTAACATGATGAAACCCTCTTGCTACTAAAAATACAAAAAATTAGCCGGGTGTGGTGGCACATGCCTGTAGTCCCAGCTACTCGGGAGG","GGCCGGACGCAGTGGCTCACGCCTGTAATCCCAGGACTTTGGGAGGCTGAGGCGGTCAGATCACAAGGTCAGGAGATCGAGACCATCCTGGCTAACATGGTGAAACCTCGTCTCTACTAAAAATACAAAAAATTAGCCAGGCGTCGTGGCACGCGCCTGTAGTCCCAGCTACTCGGGTGACT"
"chr1","27537080","27537249","chr15","6911024","6911192","32","20626056","GGGCGCGGTGGCACGCGCCTGTGGTTCCAGTTCCTTGGGAGGCCGAGGCAGGAGAATCGCTTGACCTGGGAGGCACAGGTTGCAGTGAGCTGAGATCGCGCGACTACACTCCAGCCTGCGTGACAGATCCAGACTCCATCTCAAAAACAAAAAAACAAACAACAAAAAAA","GCTGGGCGTGGTGGCACATGCCTGTAGTCCCAGCTACTCAGGAGGCTGAGGCAGGAGAATCGCTTGAACCCGGGAGGCAGAAGTTGCAGTGAGCTGAGATGGCACCACTGCACTCCAGCCTGGGTGACAGAGTGAGACTCCGTCTCAAAACAAAACAAAACCAAAAAAA"
"chr1","27636770","27637073","chr15","15837347","15837647","24","11799423","GGCCGGGTGCGGTGGCTCATGCCTGTAATCCCAGCACTTTGGGAGGCCGAGGCGGGCAGATCACGAGGTCAGGAGATCGAGACCATCCGGGCTAACATGGTGAAACCCCGTCTCTACTCAAAATACAAAAAATTAGCCAGGCGTGTTGGCAGCGCGCCTGTAGTCCCAGCTACTCAGGAGGCTGAGGCAGAAGAATCACTTGAACCCAGAAGGCGGAGGTTGCAGTGAGCCAAGATTGTGCCACTGCACTCCAGCCTGGGCAACAGAGTGAGACCCCATCTCAAAAAAAAAATCACAAAAAAAA","GGCCGGGTGCGATGGCTCACGCCTGTAATCCCAGCACTTTGGGATGCCGAGGCAGGCAGATCACGAGGTCAGGAGATCGAGACCATCCTGGCCTACATGGTGAAACCCCGTCTCTACTAAAAATACAAAAAATTAGCCAGGCGTGGTGGCAGGCGCCTGTAGTCCCAGCTACTTGGGAGGCTGGGGCAGGAGAATCACTTGAACCCGGGAGGTGGAGCTTGCAGTGAGCCGAGATTGTGCCACTGCACTCCAGCCTGGCAACAGAGCGAGACTCCATCTCAAAAAAAAAAGCAAAAAAAAA"
"chr1","27715620","27715922","chr20","18488386","18488688","31","9227234","GGCTGGGCGTGGTAGCTCATGCCTGTAATCCCAGCACTTTGGGAGGCCAAGGCAGGTGGATCACGAAGTCAAGAGATCGAGACTACCCTGGCTAACATGGTGAAACCCTGTCTCTACTAAAAATACAAAAAATTAGCTAGGTGTGGTGGCACATGCCTGTAGTCCCAGCTACTTAGGAGGCTGAGGCAGGAGAGTCACTTGAACCCAGGAGGCAGAGGTTGCAGTGAGCCGAGATCACACCACTGCACTCCAGCCTGAGCAACAGAGCAAGACTCCATCTCAAAAAAAAAAAAAAAAAGAAAA","GGCCTGGTGTGGTGGCTCATGCCTGTAATCCCAGCACTTTGGGAGGCCAAGGCGGTTGGATCACAAGTTCAGGAGATGGAGATCATCCTGGCTAACATGGTGAAATCCTGTCTCTACCAAAAATACAAAAAATTAGCCAGGTGTGGTGACACACACATGTAGTCCCAGCTACTTAGGAGGCTGAGGCAGGAGAATCGCTTGAACCTAGGAGGTGGAGTTTGCAGTGAGCTGAGATCGTGCCACTGCACTCCAGCCTGGGCAACAGAGCAAGACTCCATCTCAAAAAAAAAAAAAAAAAGAAAA"
"chr1","27735711","27736004","chr1","26608496","26608785","44","1127215","GCTGGNNNNNNNNNNTCATGCCTGTAATCCCAAAACTTTGGGAGGGTGAGGCAGGTGGATCACAAGGTCAGGAGATTGAGACCATCCGGGTTAACATGATGAAACCCAGTTTCTATTAAAAATACAAAAAAATTACCTGGGTGTGGTGGCACACACCTGTAGTCCCAGCTACTTGGGAGGCTGAGGCAGGAGAATTGCTTGAACCCAGGAGGTGGAGGTTGCAGTGAGCTGAGATTGCGCCACTGCACTCCAGCCTGGGTGACGGGGAAACTCTGTCTCAAAATAAAAAAAAAA","GGCCGGGTGCGGTGGTCACGGCCTGTAATCCCAACACTTTGGGAGACTGAGGCGGGCGGATCAGGAGGTCAGGAGATCGAGACCATCCTGGCTAACATGATGAAACCCAGTCTCTACTAAAAATACAAAAAAATAAGCTGGGCGTGGTGGCATGCACCTGTAGTCCCAGCTACTCGGGAGGCTGAGGCAGGAGAATTGCTTGAATCCAGGAGGTGGAGGTTGCAGTGAGCTGAGATTGCGCCACTGCACTCCAGCCTGGGTGACAGAGCAAGACTCTGTCTCAAAAAAAA"
"chr1","27741577","27741880","chr1","26614628","26614939","32","1126949","GGCCGGACGTGGTGGCTCATGCCTGTAATCCCAGCAGTTTGGGAGGCCGAGGCTAGTAGATCATGAGGTCAGGAGATCAAGACTATCGTGGCTAACATGGTGAAACCGCGTCTCTACTAAAAATACAAAAAATTAGCCAGGCGTGGTGGCATGCGCCTGTAGTCCCAGCTACTCAGGAGGCTGGGGCAGAAGAATCACTTGAACCCGGGAGGCAGAGGTTGCAGTGAGCTGAGATCATGCCACTGCACTCCAGCCTGAGTGACAGAGCAAGACTCTATCTCAAAAAAACAAAAAAACAAAAAAA","GACCAGGCGCGGTGGCTCATGCCTATAATCCCAGCACTTTGAGAGGCCGAGGAGGCCACTGGATTATGAGGTCAGGAAATCGAGACTATCCTGGCTAACATGGTGAAACCGTGTCTCTACTAAAAATACAAAAAATTAGCCAGGCGTGGTGGCACATGCCTGTAGTCCCAGCTACTCTGGAGGCTGGGGCAGAAGAATCACTTGAACCCAGGAGGCAGAGGTTGCAGTGAGCCGAGATCATGCCACTGCACTCCAGCCTGGGTGACAGAGCAAGACTCCATCTCAAAAACAACAACAACAACAAAGAAAAAA"
"chr1","27800189","27800488","chr12","115108242","115108542","26","87308053","GCCGGGAGCAGTGGCTCACGCCTGTAATCCCAGCACTCTGGGAGGCCGAGGTGGGTGGGTCATGAGGTCAGGAGATCAAGACCATCCTGGCTAACACAGTGAAACCCTGTCTCTACTAAAAATACAAAAAATTAGCCAGGCGTGGTGGCACGTGCCTGTAGTCCCAGCTACTTGGGAGGCTGAGGCAGGGGAATCGCTTGAACCTGGGAGGCGGAGGTTGCAGTGAGCTGAGATCACATCACTGCACTCCAGCCTAGGTGACAGAGCAAGACTCTGTCTCAAAAAAATAAAATACAAAAA","GCCAGGCGCGGTGGCTCACGCCTGTAATCCCAGCACTTTGGGAGGCCAAGGTGGGTGGATCATGAGGTCAGAAGATTGAGACCATCCTGGCTAACATGGTGAAACCCTGTCTCTACTAAAAATACAAAAAATTAGCCGGGCATGGTGGCACGTACCTGTAGTCCCAGCTACTAGGGAGGCTGAGGCAGGAGAATCGCTTGAACCTGGGAGGCAGAGGCTGCAGTGAGCTGAGATCATGCCACTGCACTCCAGCCTGGGTGACAGAGCAAGACTCAGTCTCAAAAAAATAAAAAATAAAAAA"
"chr1","27808018","27808284","chr1","26681658","26681923","36","1126360","TTGGGAGGATGAGGCAGGCAGATCACCAGGCCAGGAGATGGAGACCATCTGGCTAACATGGTGAAACCGTGTCTCTACTAAAAATACAAAAAATTAGCCAGGCGTGGTGGCATGCGCCTGTAGTCCTTTGCCACTTGGGAGGCTGAGGCAGGAGAACTGCTTAAACCTGGAAGGTGGAGGTTGCAGTGAGCTGAGATCGCACCACTGCACTCCAGACTGAGCAAAAGAGCCAGGTTCTGTCTCAAAAAAAAAAAAAAAAAAAAAAAA","TTGGGAGGCTGAGGTGGGCAGATCATGAGATCAGGAGATGGAGACCGTCTGTGTAACATGGTGAAACTGTGTCTCTACTGAAAATACAAAAAATTAGCCGGGCGTGGTGGTGCACACCTGTAGTCCCAGCCACGTGGGAGGTTGAGGCAGGAGAACTGCTTAAACCTGGAAGGTGGAGGTTGCAGTGAGCTGAGATCGCGTCACTGCACTCCAGACTGAGTGAAAGACCCAGGCTCCCTCTCAGGGGAAGAAAAAAAAAAAAAAAA"
"chr1","27826645","27826944","chr1","26700624","26700923","28","1126021","GGCTAGGCGTGGTGGCTCAGGCCTGTAATCCCAGCACTTTGGGAAGCCCAAGCGGGCAGATCATGAGGTCAGGAGATGGAGACCATCCTGGCTAACACGGTGAAACCCGTCTCTACTAAAAATACAAAAAATTAGCTAGGCCTGGTGGCACGCACCTGTAGTCCCAGCTACTCGGGAGGCTGAGGCAGGAGAATCCCTTGAACCCAGGAGGTGGAGGTTGCAGTGAGCCGAGATTGTGCCACTGTATTCCAGCCTGGGTGACAGAATGAGACTTCGTCTCAATTAAAAAAAAAAAAAAAA","GGCTGGGCGTGGTGGCTCACACCTGTAATCCCAGCACTTTGGGAGGCCAAGGCGGGCAGATCACGAGGTCAGGAGATCGAGACCATCCTGACTAACACTTAGTGAAACCCGTCTCTACTAAAAATACAAAAAATTAGCTGGGCCTGGTGGCACGCACCTGTATTCCCAGCTACTCGGGAGGCTGAGGCAGGAGAATTGGTTGAACCTGGGAGGCGGAGGTTGCAGTGAGCCGAGATCGCGCCACTGTACTCCAGCCTGGGTGACAGAGTGAGACATCGTCTCAATAAAGAAAAAAAAAAA"
"chr1","27845790","27846083","chr1","61388678","61388976","29","33542888","GGCCAGGCACGGTGGCTCACCCCTGTAATCCCAGCACTTTGGGAGTCCGAGGCGGGTGGATCATGAGGTCAGGAGATCAAGACCATCCTGGCTAACACGGTGAAAGCCTGTCTCTTCTAAAAATACAAAAAATTAGCTGGGCGTGGTGGCACACGCCTGTAGTCCCAGCTACTGGGGAGGCTGAGGCAGGAGAATGGTTTGAACCCGGGAGGCAGAGCTTGTAGTGAGCCGAGATCACGCCACTGCACTCCAGCCTGGGTGACAGAGACTCGTCTCAAAAAAAAAAAAAAAGAA","GGCCGGGCTCGGTGGCTCACGCCTATAATCCCAGCACTTTGGGAGGCCGAGACGGGTGGATCACGAGGTCAGGAGATCGAGACCATCCTGGCTAACACGGTGAAAGCCCGTCTCCACTAAAAATACAAAAAATTAGCTGGGCGTGTTGGCAGGCGCCTGTAGTCCCAGCTACTCGGGAGGCTGAGGCAGGAGAATTGCTTGAACCTGGGAGGTGGAGGTTGCAGTGAGCCGAGATCACACCACTGCACTCCAGCCTGGGTGACAGAGCAAGACTCTGTCTCAAAAAAAAAAAAAAAAAA"
"chr1","27846138","27846434","chr9","98432771","98433070","37","70586633","GGCCGGGCGCAGCGGGTGGCTCACGCTTGTAATCCCAGCACTTTGGGAGGCTGAGGAGGGCAGATCACGAGGTCAGGAGAACGAAACCATCCTGGCTAACACGGTGAAACCCCTACCAAAAATACAAAAAATTAGCTGGGCGTGGTGGCGGGCGCCTGTAATCCCAGCTACTTGGGAGGCTGAGACAGGAGAATCTCTTGAACACGGGAGGCAGAGGTTGCAGTGAGCCGAGATCGCACCACTGCATTCCAGACTGGGCGACAGAGCGAGACTTAGTCTCAAAAAAAAAAAAAAGAA","GGCTGGGCGTGGTGGCTCACGCCTGTAATCCCAGCACTTTGGGAGGCTGAGGCGGGCAGATCACGAGGTCAGGAGATCAAGACCATCCTGGCTAACACGGTGAAACCATGTCTCTACTAAAAATACAAAGCAATTAGCCAGGCATGGTGGTGGGCGCCTGTAGTGCCAGCTACTTGGGAGGCTGAGGCAGGAGAATCACTTGAACCTGGGAGGCCGAGGTTGCAGTGAGCCAAGATCGCACCACTGCACTCCAGCCTGGGCGACAGAGCGAGACCTCGTCTCAAAAAAAAAAAAAAAAAA"
"chr1","27885846","27886153","chr17","1826651","1826962","34","26059195","GGCCAGGCGTGGTGGCTCATGTCTGTAATCCCAGCACTTTGGGAGGCCGAGGAGGGTGGATCACAAGGTCAGGAGATCGAGACCATCCTGGCCAATACGGTGAAACCCCGTCTCTAAAAATACAAAAAAATTAGCCGGGTGTGGTGGTGCATGCCTGTAATCACAGCTACTTGGGAGGCTGAGGCAGGAGAATTGCTTGAACCCAGAAGGTGGAGGTTGCAGTGGGCCAAGATCGCTCCACTGCACTCCAGCCTGGGTGACAGAGCGAGACTCTGTCTCAAAAAAAAACAAAAACAAAAACAAAAAAA","GGCCAGGTGCGGTGGCTCACGCCTGTGATCCCAGCACTTTGGGAGGCCGGGGAGGGCGGATCACGAGGTCAGGGGATTGAGACCATCCTGGCAAACACGGTAAAACCCCGTCTCTACTAAAAAATACAAAAAATTAGCTGGGCGTGGTGGCACATGCCTGTAATCCCAGCTACTTGGGAGGCTGAGGCAGGAGAATTGCTTGAACCCGAGAGGTGGAGGTTGCAGTGAGCCAAGATCACGCCACTGCACTCCAGCCTGGGTGACAGAGCGAGACTCCGTCTCAAAAAACAAACAAACAAACAAAAACAAAAA"
"chr1","27898516","27898808","chr10","45592833","45593119","42","17694317","GGCTCACGCCTATAATCCCAGCACCTTGGGAGGCCAAGGTGGTCGGATCATGAGGTCAGGAGATCGAGACCATCCTGGCTAACACGATGAAACCCTGTCTCTACTAAAAATACAAAAATTAGCTGGGTATGGTGGCATGCGCCTATAGTCCCAGCTACTCGGGAGACTGAGGCAGGAGAATCACTTGAACATGGGAGGCGGAGCTTGCAGTGAGCTGAGATTGCACCACTGCACTCCAGCCTGGGCAACACAGCAAGGCTCTAAAAAAAAAATAAAAATAAAAATAAAGAAAA","TGTAATCCCAGCACTTTGGGAGACCGAGGAGGATGGATCATGAAGTCAGGAGATCGAGACCATCCTGGCTAACATGGTGAAACCCCGTCTCTACTAAAAATACAAAAATTAGCTGGGCGTGGTGGCGGGTGCCTGTAGTCCCAGCTACTCGGGAGGCTGAGGCAGGAGAATCACTTGAACTTGGGAGGCGGAGGTTGCAGTGAGCTGAGATTGCACCACTGCACTCCAGCCTGGGTGACAGAGCAAGACTCTGTCTCAAAAAAAAAAAAAAAGAAAAGAAAAGAAAA"
"chr1","27907034","27907345","chr2","195505774","195506079","45","167598740","GGCCGGACACGGTGGCTCAAGCCTGTAATCCCAGCACTTTGGGAGGCCGAGACGGGTGGATCATGAGGTCAGGAGATGGAGACCATCCTGGCCAACATGGGGAAACCCCGTCTCTACTAAAGATACAAAAAAAATACAAAAAAATTAACCGGGTGTGGTGGCAGGCACCTATAGTCCCAGCTATTTGGGAGGCTGAGGCAGGAGAATCACTTAAAATTGTGAGGCAGAGGTTGCAATGAGCCGAGATCGTGCCACTCCACTCCAGTCTGGGTGACAGAGCAAGACACTTCGTCTCAAAAAAAAAAAAAAAAA","GGCTGGGCTCAGTCGCTCACACCTGTAATCCCAGCACTTTGGGAGGCCGAGGTGGGTGGATCATGAGGTCAGGAGATCGAGACCATCCTGGCTAACAGTGTGAAACCCCATCTCTACTGAAAAAAAAAAAAACCGAAAAATTAGCCGGGCGTGGTGGCAGACGCCTGTAGTCCCAGCTACTCAGGAGGCTGAGGCAGGAGAATCGTTTGAACTCGGGAGGCAGAGGTTGCACTGAGCCGAGATCATGCCACTGCACTCCAGCCTGGGTGACAGAGCGAGACTCCGTCTAAAAAAAAAAAAAAAAAA"
"chr1","27910585","27910755","chr2","15318266","15318436","35","12592319","AAAAATTTAAAAATTAGCAGGGCATGGTAGCACTTGCCTGTAGTCCCAGCTATTCGGGAGGCTGAGGCAGGAGAATTGCTTGAGCCTGGGAGATGGAGGTTGCAGTGAGTCAAGATTGCGTCACTGCCCTCTAGCCTGGGCATCAGAGCAATATTCCATCTCAGAAAAAAA","CACACACACAAATTAGCTGGGCATGGTGGCACACGCCTGTAGTCCCAGCTATTCGGGAGGCTGAGGCAGGATAATTGCTTGAACCTGGGAGGCAGAGCCAGTAGTGAGCCGAGATCGCACCACTGCGCTCCAGCCTGGGCGACAGAGCGAGACTCCGTCTCAAAAAAAAAA"
"chr1","27974752","27975050","chr11","108584077","108584374","34","80609325","GGCCGGGTGTGGTGGCTCATGCCTGTAATCCCGGCACTTTGGGAGGCTGAGGCGGGCTGATCACGAGTTCAGGAGATTGAGACCATCCTGGCTAACATGGTGAAGCCTCGTCTCTACTAATACAAAAAATTAGCTGGGTGTGGTGGTGCGCGCCTGTAGTCCCAGCTACTCAGGAGGCTGAGGCAGGAGAATCTCTTGAATCTGCGAGGCGGAGGTTACAGTGAGCCGAGATCGTGCCACTGCACTCCAGCCTGGCGACAGAACAAGACTCCGTCTCAAAAAAAACAAAAAAACAAAAA","GGCCGGGTGCAGTGGCTCACGCCTGTAATCCCAGCACTTTGGGAGGCCAAGGCGGGCGGATCACGAGATCAGGAGATGGAGACCATCCTGGCTAACACGGTGAAACCCCGTCTCTACTAAAAATACAAAAAATTAGCTGGGCATGGTGGCACGCGCCTGTAGTCCCAGCTACTCGGGAGGCTGAGGCAGGAGAATCGCTTGAACATGGGAGGCGGAGGTTGCAGTGAGCCGAGATCGTACCACTGCACTCCAGCCTGGGCGACAGAGCAAGACTCCGTCTCAAAAAAAAACAAACAAA"
"chr1","27999388","27999687","chr19","45770144","45770438","30","17770756","GGCCGGGTACAGTGGCTCACACCTGTAATCCCAGCACTTTGGGAGGCTCAGGTGGGTGGATCACAAGGTCAGGAGATCGAGACTATCCTGGCTCACACGGTGAAACCCCATCTCTACTAAAAATACAAAAAATTAGCTGGGCGTGGTGGCACTCGCCTGCAGTCCTAGCTACTCAGGAGGCTGAGGCAGGAGAATCCCTTGAACCTGAGAGGCGGAGGTTGCAGTGAGCCGAGATTGCGCCACTGCACTCCAGCCTGGGTGACAGAGTGAGACTCCATCTCGAAATAATAATAATAATAA","GGCCGGGCATGGTGGCTCACACCTGTAATCCCAGCACTTTGGGAGGCTGAGGTGGGTGGATCACAAAGTCAGGAGATTGAGACCATCCTGGCTAACACGGTGAAACCCCATTTCTACTAAAAATACAAAAATTAGCTGGGCGTGGTGGCACACACCTGTAGTCCCAGCTACTCAGGAGGCTAAGGCAGGAGAATCGCTTGAACCCGGGAGATGGAGGTTGCAGTGAGCCAAGATTGTGCTGCTGCACTCCAGCCTGGGTGACAGAGCGAGACTCCGTCTCAAAAAAATAAAATAA"
"chr1","28020025","28020331","chr2","83597002","83597303","32","55576977","GCCGGGCGCGGTGGCTCACGCCTGCAATCCCAGCACTTTGAGAGACTGAAGCAGGTGGATCACAAGGTCAGGAGATCGAGACCATCCTCGCTAACATGGTGAAACCCCATCTCTACTAAAAATACAAAAAATTAACCAGGTGTGGTGGCACGTGCCTGTAATCCCAGCTACTCAGGAGTCCGAGGCAGGAGAATCGCTTGAACCTGGGAGGCGGAGGTTGCAGTGAGCTGAGATCATGCCACTGCACTCCAGACTGGGTGACAGAGCATGACTCCATCTCCAAAAAATAAATAAAAATAAAAATAAA","GGCCGTGCGCGGTGGCTCACGCCTGTAATCCCAGCACTATGGGAGGCTGAAGCAGGTGGATCATGAGGTCAGGAGATCGAGACCATCCTGGCTAACATGGTGAAACCCCGTCTCTACTAAAAATACAAAAAATTAGCCAGGTGTAGTGGCACGTGCCTGTAGTCCCAGCTACTCAGGAGGCTGAGGCAGGAGAATCACTTGAACCCAGGAGGCGGAGGTTGCAGTGAGTGGAGATCATGCCACTGCACTCCAGCCTGGGCGACAGAGCGAGACTCCTGTCCCAAAATAAATAAATAAATAAA"
"chr1","28153401","28153716","chr1","27015504","27015815","36","1137897","GGCAGGGCACAGTGGCTCACGCCTGTAAGCCCAGCACTTTGGGAGGCTGAGGTGGGCAGATTACGAGGTCAGGAGATCGAGACCATCCTGGCTAACATGGTGAAACCCCATCTCTACTAAAAATGCAAAAAAATTAGCTGGGTGTGGTGGCAGGTGCCTGTAGTCAGTCCCAGCTACTCAGGAGGCTGAGGCAGGGGAATTGCTTGAATCCAGGAGGTGGAGGTTGCCATGAGCCAAGATTGCACCACTGCACTCCAGCCTGGGCAACAGAGCAAGACCCGATCTCAAAAAAAAAAAAAAAAGAAAAAAGAAAAAA","GGCCGGGCACAGTGGCTCATGCTTGTAATCCCAGCACTTTGGGAGGCTGAGGCAGGCAGATTACGAGGTCAGGAGATCGAGACCATCCTGGCTAACACGGTGAAACCCCCGTCTCTACTAAAAATGCAAAAAATTAGCTGGGTGTGGTGGCAGGTGCCTGTAGTCCCAGCTACTCGGGAGGCTGAGGCAGGAGAATTGCTTGAATCCAGGAGATGGAGGCTGCCGTGAGCCGAGATCATACCACTGCACTTCAGCCTGGGCAACACAGTGAGACTCTTTCTTAAAAAACAAAAAACAAAACAAAACAAAAAA"
"chr1","28239110","28239425","chr1","7768760","7769067","38","20470350","GGCTGGGCGCGGTGGCTCACGCCTGTAATCCCAGCACTTTGGAAAGCTGAGGCGGGTGGATCACGAGGTCAGGAGATCGAGACCATCCTGGCTAACATAGTGAAACCCCGTCTCTATGAAAAATACAAAAAATTAGCCGGGCGTGGTGGCGGGCGCCTGTAGTCCCAGCTACTCGGGAGACTGAGACAGGAGAATTGCTTGCACCCGGGAGGCGGAGGTTGCAGTAAGCCGAGATCGTGCCCCTGCACTCCAGCCTGGGCAACAAGAAGGAAACTCTGTCTCAAAAAGGGAAAAAAAGAAAGAAAGAAAGAAAGAA","GGCCGGGCGCGGTGGCTCACGCCTGTAATCCCAACACTTTGGGAGGCCGAGGCGGGTGGCTCACGAGGTCAGGAGATCGAGACCATCCTGGCTAACACAGTGAAACCCCGTCTCCACTAAAATTACAAAAAATTAGCCAGGCGTGTTGGCAGGCGCCTGTAGTCCCACCTACTCGGGAGGCTGAGGCAGGAGAATTGCTTGAACCTGGGAGGCGAAGGTTGCAGTGAGCCGAGATCGCACCACTGCACTCCAGCCTGGGTGACAGAGCAAGACTCTGTCTCAAAAAAAAAAAAAAAAAAAAAAAAAAA"
"chr1","28247553","28247851","chr1","34922657","34922952","35","6675104","GGCTGGGCACAGTGGCTCACGCCTGTAATCCCAACACTTTGGGAGGCTGGGGGGTGGGCAGATCATGAGGTCAGGAGATGGAGTCCATCCTGGCCAACATGGTGAAACCCCGTCTCTACTAAAAATACAAAAAATTAGCTGGGCATGGTGGCATGGCGTGTAGTCCCAGCTACTTGGGAGGCTGAGGCAGGAGAATCGATTGAACCCCAGGGACAGAGGTTGCAGTGAGCGAATATCGCGCCACTGGACTCCAGCCTGGGAGACACAGCGAGACTCCGTCTCAAAAAAGAAAAAAAAAA","GCTGGGCGCAGTGGCTCACGCCTGTAATCCCAGCACTTTGGGAGGCTGAGGCAGGCGGATCATGAGGTCAGGAGATCGAGACCAGCCTGGCTAACATGGTGAAACCCTGTCTCTACTAAAAATACAAAAAATTAGCCAGGTGTGGTGGCATGCGCCTGTAGTCCCAGCTACTTGGGAGGCTGAGGCAGGAGAATCGCTTGAACCCAGGAGGCAGAGGTTGCAGTGAGCCGAATTCGCGCCACTGCACTCCATCTGGGGCGACAGAGCGAGACTCCATCTCAAAAAAAAAAAAAGAA"
"chr1","28260921","28261224","chr4","108327631","108327935","31","80066710","GCCAGGCGTGGTGGCTCATGCCTGTAATCCCAGCACTTAGGGAGGCTGAGGCGGACGGATCACGAGGTCAAGAGATCGAGACCATCCTGGCTAACATGGTGAAACCCCGTCTGTATTAAAAATACAAAAATTAGCCAGGCATGGTGGCACGCGCCTGTAGTCCCAGCTACTCGGGAGGCTGAGGCAGGAGAATCGCTTGAACCCGGGAGGTGGAGGTTGCAGTGAGCCAAGATTGTGTCACTGCACTCTAGCCTGGGCAACAGAGCGAGACTCCGTCTCAAAAAAAAAAAAAAAAAAAAAGAAA","GGCCGGGCACGTGGCTCATGCCTGTAATCCCAGCACTTTGGGAGGCCGAGGCAGGCAGATCACGAGGTCAGGAGATCGAGACCATCCTGGCTAACATGGTGAAACCCCGTGTTTACTAAAACTACAAAAAATTAGCCGGGCATGGTGGCAGACGCCTGTAGTCCCAGCTACTCAGGAGGCTGAGGCAGGAGAATCGCTTGAACCCGGGAGGCGGAGCTTGCAGTGACCTGAGATTGGGCCACTGCACTCCAGCCTGGGCAACAGAGCAAGACTCCATCTCAAAAAAAAAAAAAAAAAAAAAAAAA"
"chr1","28272010","28272310","chr17","82184412","82184713","34","53912402","GGTTGGGAGCAGTGGCTCATGACTGTAATCCCAGGACTTTGGGAGGCTGAGGCGGGCAGATCACGAGGTCAAGAGATTGAGACCATCCTGGCCAACATAGTGAAACCCCATCTCTACTAAAAATACAAAAAATTAGCTGAGCGTGTGGCATGTGCCTGTAGTCCCATATACCAGGGAGGGTGAGGCAGGAGAATCACTTGAACCCAGGAGGTGGAGGTTGCAGGAAGCCGAGATTGTGCCACTGCACTCCAGCCTGGGTGACAGAGTGAGACTCCATCTCAAAAAAAAAAAAAAGAGAGAA","GGCCGGGCGCCGTGGCTCACGCCTGTAATCCCAGCACTTTGGGAGGCTGAGGTGGGCAGATCAAGAGGTCAAGAGATCGAGACCATCCTGGCCAACATGGTGAAACCCCATCTCTACTAAAAATACAAAAAAATAGCTGGGCATGGTGGCACGCGCCTGTAGTCCCAACTACTCGGGAGGCTGAGGCAGGAGAATCACTTGAACCCAGGAGGTGGAGGCTGCAGTGAGCTGAGATCATGCCACTGCACTCCAGCCTGGGTGACAAAGCGAGACTCTGTCTCAAAAAAAAAAAAAAAAAAGAA"
"chr1","28281250","28281552","chr1","27149143","27149441","35","1132107","GGCTGGGCACGGTGGTTCGCACCTGTAATCCAAGCACTTTGGGAGGCCAAGGTAGGTGGATCACAAGGTCAGGAGATCGAGACCATTCTGGCTAATGCGGTGAAACCCCGTCTCTACTAAAAATACAAAAAATTAACCCTGCGTGGTGGCACACGCCTGTAGTCCCAGCTACTCGGGAGGCTGAGGTAGGAGAATTGCTTGAACCTGGGAGGCAGAGGTTGCAGTGAGCCGAGATCGCTTCACTGTACTCCAGCCTGGGTGACAGAGTGAGACTCGGTCTCAAAAAAAACAAAACAAAACAAA","GGCTGGGTGCAGTGGCTCACACCTGTAATTTGAGCACTTTGAGAGACTGAGGTAGGTGGATCATGAGGTCAGGAGATCGAGACCATCCTAGCTAACACGGTGAAATCCCGTCTCTACTAAAAATACAAAAAATTAACCCTATGTGGTGGCACACACCTGTAGTCTCAGCTACTCAGGAGGCTGAGGTAGGAGAATTGCTTGAACCTGGGAGGCAGAGGTTGCAGTGAGCTGAGATTGCTCCACTGCACTCCAGCCTGTGTGACAGAGTGAAACTCCGTCTCAAAACAAAACAAAACAAA"
"chr1","28298348","28298648","chr12","95161451","95161754","35","66863103","GGCCAGGCACGATGACTCACACCTGTAATCTCAGCACTTTGGAAGTCCGAGACAGGTGGATCACAAGGTCAGGAGATCAAGATCATCCTGGCTAACACAGTGAAACCCCATCTCTACTAAAAATACAAAAAATTAGCCGGGGATGGTGGCACACACCTGTAGTCCCAGCTACTCAGGAGGCTAAGGCAGGAGAATCGCTTGAACTTGGGAGGTGGAAGTTGCAGTGAGCCAAGATCGTGCCACTGCACTCCAGCCTGGGCAACAAAGGGAGACTCATCTCAAAAAAAAAAAAAAAAAAAAA","GCCAGGCACGATGACTCACACCTGTAATCCCAGCACTTTGGGAGTCTAAGGCAGATGGATCACAAGGTCAGGAGATCAAGACCATCCTGGCTAACATGGTGAAACCCCGTCTCTACTAAAAATACAAAACATTAGCCGGGTGTGGTGGCACACGCCTGTAGTCCCAGCTACTCAGGAGGCTAGGCAGGAAAATCACTTGAACCCGGGAGGCAGAGGTTGCAGTGCGCTGAGATCATGCCACTGCACTCCAGCCTGGGCAACAGAGCAAGACTCCATCTCAAAAAAAAAAAAAGAAATAAAGAAA"
"chr1","28331236","28331388","chr6","54854033","54854182","44","26522797","AATTGGCTGGGTATCGAGGCATGTGCCTGTAGTTGCAGCTGCTCAGGAAGGGGAGGCAGAGGCAGGAGGATCGAGCTCTGGAGTTGGAGGCTGTGCTGAGCTTTGATGGCACCACTGTACTCCAGCCTGGGCAACAAAGACAGACCCTGTCTC","AATTATCTGGGTGTGGTGGCGCATGCCTGTGATCCCAGCTACTAGGGAGGCTGAGGCAGGAGAATCGCTTGAACCAGGAGGTGGAGGTTGCAGTGAGCTGAGATTGTGTCACTGTACTCCAGCCTGGCAACAAAGCTAGACTCTGTCTCA"
"chr1","28332189","28332319","chr7","68956423","68956553","6","40624234","GGCCGGGCGCGATGGCTCATGCCTGTAATCCCAGCACTTTGGGAGGCCGAGGCAGGTGGATCATGAGGTCAGGAGATCGAGACCATCCTGGCTAACACGGTGAAACCCCGTCTCTACTAAAAATACAAAAA","GGCCGGGCGCGGTGGCTCACGCCTGTAATCCCAGCACTTTGGGAGGCCGAGGCGGGCGGATCACGAGGTCAGGAGATCGAGACCATCCTGGCTAACACGGTGAAACCCCGTCTCTATTAAAAATACAAAAA"
"chr1","28357288","28357575","chr9","102998871","102999170","41","74641583","CTCACGCCTGTAATCTCAGCACTTTGGGAGGCCGAGGTGGGCAGATCATGAGGTCAGGAGATCGAGACCATCCTGGCTAACAAGGTGAAACCCCGTCTCCAATAAAAAAAAAAAAATTAGCCGGGCGCGGTGGCGCACGCCTATAGTCCCAGCTACTCGGGAGGCTGAGGCAGGAGAATCGCTTGAACCCGGGAGGCGGAGCTTACAGCGAGCTGAGATCGCGTCACTGCAGTCCAGCCTGGGCGACGGAGCGAGACTCCATCTCAAAAAAAAAAAGAAAGAAAGAAA","GGCTCACGCCTGTAATCTCAGCACTTTGGGAGGCCGAGGCGGGCGGATCACGAGGTCAGGAGATCGAGACCATCCTGGCTAACATGGTGAAACCCCATCTCTCTTAAAAATAAAAATAAAAAAAAATTAGCTGGGCTTGGTGGCAGGCACCTGTAGTCCCAGCTACTCAGGAGGCTGAGGCAGGAGAATCACTTGAACTCGGGAGGCGAAGCTTTCAGTGAGCTGAGATCTCACCACTGCACTCCAGCCTGGATGACAGAGAGAGACTCCATCTCAAAAAAAAAAAAAAAAAAAAGAAAA"
"chr1","28373319","28373613","chr14","67296885","67297179","34","38923566","GGCTGGGTGTAGTGGCTCATGCCTGTAATCCCGGCACTTTGGGAGGCGGAGGTGGGTGGATCACGAGGTCAGGAGCTCGAGACCATCCTAGCTAACACGGTGTAACCCCATCTCTACTAAAAATACAAAAAATTAGCTGGGCATGGTGGCATGTGCCTGTAGTCCCATCTACTTGGGAGGCTGAGGCAGGAGAATCGCTTGAACCCGGGAGGTGGATGTTGTAGTGAGCTGAGATCATGCCACTGCACTCCAACCTGGGTGACAGAGCGAGACTCTGTCCCAAACAAACTAAAAA","GGCTGGGTGCGGTGGCTCACGCCTGTAATCCCAGCACCTCGGGAGGCCGAGGCGGGTAGATCACAAGATCAGGAGATCGAGACCATCCTGGCTAACATGGTGAAACCCCATCTCTACTAAAAATACAAAAAATTAGCCGGCTGTGGTGGCGGGTGTCTGTAGTCCCAGCTACTCGGGAGGCTGAGGCAGGAGAATCGCTTGAACCCGGGAGGTGGAGGTTGCAGTGAGCTGAGATCACGCCACTGCACTCCATCCTGGGTGACAAAGCAAGACTCTGTCTCAAAAAAAAAAAAAA"
"chr1","28388751","28389044","chr10","87136170","87136463","27","58747419","GGCCGGGCGTGGTGGCTCACGCCTGTAATCCTAGCACTTTGGGAGGCCAAGGCGGGAGGATCACGAGGTCAGGAGATCGAGACCATCCTGGCTAACATGGTGAAACCCAGTCTCTACTGAAAATACAAAAAATTAGCCAGGTGCAGTGGCAGACGCCTGTAGTCCCAGCTACTCAGGAAGCTGAGGCAGGAGAATTGCTTGAACCGGGAGGCGGAGGTTGCAGTGAGCCAAGATCGTGCCAATGCACACCAGCCTGGGCAACAGAGCGAGACTCCGTCTCAAAAAAAAAAAAAA","GGCCGGGCGTGGTGTCTCACGCCTGTAATCCCAGCACTTTGGGAGGCCGAGGCGGGTGGATCACGAGGTCAGAAGATGGAGACCATCCTGGCTAACACGGTGAAACCCGTCTCTACTGAAAATACAAAAAATTAGCCAGGTGTGGTGGCAGGTGCCTGTAGTTCCAGCTACTGGGGAGGCTGAGGCAGGAGAATCACTTGAATCCGGGAGGCAGAGGTTGCAGTGAGCCGAGATCGTGCCACTGCACTCCAGCCTGGGCGACAGAGCGAGACTCCATCTCAAAAAAAAAGAGAA"
"chr1","28409623","28409918","chr2","100586330","100586626","27","72176707","GGCCAGGCGCAGTGGCTCATGCCTGCAATCCCAGCACTTTGGGAGGCTAAGGCGGGCGGATCACGAGGTCAGGAGATCGAGACCATACTGGCTAACACGGTTTAACTGCGTCTCTACTAAAAACACAAAAAATTAGCCAGGCGTGGTGGCATGCGCCTGTAGTCCCAGCTACTCGGGAGGCTAAGGTAAGAGAATCGCTTGAACCCGGGAGGCGGAGGTTGCAGTGAGCTGAGATCGCGCCACTGCACTCCAGCCTGGGCGACAGAGCAAGACTCCGTCTCAAAAAAAAAAAAAAA","GGCCAGGCGCGGTGGCTCACGCCTGTTAATCCCAGCACTTTGGGAGGCCAAGGCAGGCAGATCACGAGGTCAGGAGACCGAGACCATCCTGGCTAACAGGGTGAAACCCCGTCTCTATTAAAAATACAAAAAATTAGCCAGGCATAGTAGCATGCGCCTGTAGTCCCAGCTACTCGGGAGGCTGAGGCAAGAGAATCGCTTGAACCCGGGAGGCGGAGGTTGCAGTGAGCCGAGATTGCGCCACTGTACTCCAGCCTGGGTGACAGAGCAAGATTCCATCTCAAAAAAAAAAAAAAA"
"chr1","28419753","28419930","chr9","62270006","62270180","32","33850253","TTATCCGGGCATGGTGGTACACGCCTATAGTCCAGCTACTCGGGAGACTAAGGTGAGAGAATCTTTTGAACCCAGGAGGTGGAGGTTGCAGTGAGCTGAGATTGTGCCACTGTACTCCAGCCTGGGTGACAAAGCAAGACTCCATCTCAATAAGAAAAAAATAAATGAATAAATAAAA","ATTAGCTGGGCATGGTGGTGGGCGCCTGTAGTCCCAGCTACTCGGGAGGCTGAGGCAGGAGAATCACTTGAACTTGGGAGGTGGAGGTTGCAGTGAGCTGAGATTGCACCACTGCACTCCAGTCTGGGTGACAGAGCAAGACTCTGTCTCAAAAAAAAAAAAAAAAAAAAAAAAA"
"chr1","28453959","28454270","chr3","97673764","97674072","39","69219805","GGCCAGCCACGGTGGCTCACACCTGTAACCCCAGCACTTTGGGAGGCTGAGGTGGGCAGATCACAAGGTCAGGAGATCGAGACCATCCTGGCTAACACAGTGAAACCCCATCTCTACTAAAAATAGAAAAAATTAGGCAAGTGTGGTGGCATGTGCCTGTAGTCCCTGCTACTTGGGAGGCTGAGGCAGGAGAATTGCTTGAACCCAGGAGGCAGAGGTTGCAGTGAGCTGAGATGGTGCCACTGCACTCCAGCCTGGGTGGCAGAGAGACTCTGACTAAAAAAAAATAATAAATAAAATTTAAAAATAAAA","GGCTGGGTGCAGTGGCTCACACCTGTAATCCCAGCACTTTGGGAGGCCGAGGGGGCAGATCAGGAGGTCAGGAGATCGAGACCATCCTGGCTAACACAGTGAAACCCCCTCTCTACTAAAAATATAAAAAATTACCCGGGTGTGGTGGCATGTGCCTGTAGTCCCAGCTACTTGGGAGGCTGAGGCAGGAGAATTGCTTGAACCCGGGAGGTGGAGGTTGCAGTGAGCCGAGATTGTGCCACTGCACTCCAGCTTGGGTGACAGAGCGAGACTCCATCTCAAAAAAATAAATAAACAAAAATAAATAAA"
"chr1","28464056","28464356","chr7","83941543","83941842","37","55477487","GGCTGGGCACAGTGGCTCATGCCTGTAATCCCAGCACTTTGGGAGGCCAGGGTAGGCAGATCGCAAGGTCAGGAGATTGAGAACATCTTGGCCAACATGGTGAAATCCCGTCTCTACTAAAAATACAAAAATTAGCTGGGCTTGGTGGTACGTGCCTGTAGTACCAGCTACTCAGGAGGCTGTGGCAGGAGAATCACTTGAACCTGGGAGGCAGAGGTTGCAGTGAGCCAAGATAGCGCTACTGCATTCCAGCCGGGGTGACAAGAGTGAAACTCCATCTCAAAAAAAAAAAAAAAGAAAA","GGCTGGGCGCAGTGGCTCATGCCTGTAATCCCAGCACTTTGGGAGACCGAGGTGGGCGGATCACGAGGTCAGGAGATCGAGACCATCCTGGCTAACACAGTGAAACCCAATCTCTACTAAAAATACAAAAATTAGCCGGGCATGGTGGCACGTGCCTGTGGTCCCAGCTACTCAGGAGGCTGAGGCAGGAGAATCACTTGAACCTAGGAGGCAGAGGTGGCAGTGAGCCAAGATTGCGCCACTGCACTCCATCCTGGGTGTCAGAGCGAGACTCCATCTCAAACAAAAAACAAAACAAAA"
"chr1","28497923","28498227","chr1","27398587","27398889","21","1099336","GGCCGGGTGCGGTGGCTCACGCCTGTAATCCCAGCACTTTGGGAGGCCGAGGTGGGTGGATCACAAGGTCAGGAGATTGAGACCATCCTGGCAACATGGTGAAACCCCGTCTCTACTAAAAATACAAAAAATTAGCCGGGCGTGGTGGCACGTGCCTGTAGTCCCAGCTACTTGGGAGGCTGAGGCAAGAGAATTGCTTGAACCCGGGAGGCGGAGGTTGCAGTGAGCCAAGATTGTGCCACTGCACTCCAGCCTAGGCGACAGAGAGAGACTCCGTCTCAAAAAAACAAAAACAAACAAACAAA","GGCTGGGTGCAGTGGCTCACGCCTGTAATCCCAGCACTTTGGGAGGCCGAGGTGGGTGGATCACAACAAGGTCAGGAGATCGAGACCATCCTGGCTAACATGGTGAAACCCCGTCTCTACTAAAAATACAAAAAATTAGCTGGGCGTGGTGGCACGTGCCTGTAGTCACAGCTACTTGGGAGGCTGAGGCAAGAGAATTGCTTGAACGCAGGAGGCGGAAGTTGTAGTGAGCCAAGATTGTGCACTCCAGCCTGGGCGACAGAGAGAGACTCCGTCTCAAAAAAACAAAAACAAACAAAAAAA"
"chr1","28516221","28516514","chr2","63419289","63419578","32","34903068","GGTTGGGCGCAGTGGCTCATGCCTGTAATCCCAGCACTTTGGGAGGCCAAGGCGGGTGGATCACGAGGTCAGGAGATAGAGACCATCCTGGCTAACACGGTGAAACCCCATCTCTACTAAAATTACAAAAAATTTAGCCGGGTGGTGGCAGGCACCTGTAGTCCCAGCTACTCGGGAGGCTGAGGCAGGAGAATCGCTTGAACCCAGGGGACAGAGGTTGCAGTGAGCTGAGTTCACACCACTGCACTCCAGCCTGGGCAACAAGAGCAAAAGAAACTCTGTTTCAAAAGAAAA","GGCCAGGCGCGGTGGCTCAATGCCTGTAATGCCAGCACTTTGGGAGGCCAAGGCGGGCGGATCACGAGGTCAGGAGATCGAGACCATCCTGGCTCTCACGGTGAAACCCCGTCTCTACTAAAAACAAAAAATTAGCCAGGCGTGGTGGTGGGCACCTGTAGTCCCAGCTACTCGGGAGGCTGAGGCAGGAGAATCACTTGAACCCAGGAGGCAGAGGTTGCAGTGAGCTGAGATCGTGCCACTGCACTCCAGCCTGGGCAACAGAGCAAGACTCTGTCTCAAAAGAAAAA"
"chr1","28518613","28518922","chr1","7768760","7769067","39","20749853","GGCGGGGCACAGTGGCTCACGCCTGTAATCCTAGTACTTTGGGAGGCCGAGGCGGGAGGATCACAAGGTCAGGAGATTGAGACCATCTTGGCTAACACAGTGAAACGCCATCTCTACTAAAACTACAAAAACTTAGCCGGGCATGGTGGCACTCGCCTATAGTCCCAGCTACTCGGGAGGCTGAGGCAGGAGAATCGCTTGAACCTGGGAGGCGGAGGTTGCAGTGAGCCGAGATCAAGCCACTGTATTCCAGCCTGGGCGGCAGAGCAAGATTCTGCCTAAAAAAAAATAAAAATAAAATAAAAATAAA","GGCCGGGCGCGGTGGCTCACGCCTGTAATCCCAACACTTTGGGAGGCCGAGGCGGGTGGCTCACGAGGTCAGGAGATCGAGACCATCCTGGCTAACACAGTGAAACCCCGTCTCCACTAAAATTACAAAAAATTAGCCAGGCGTGTTGGCAGGCGCCTGTAGTCCCACCTACTCGGGAGGCTGAGGCAGGAGAATTGCTTGAACCTGGGAGGCGAAGGTTGCAGTGAGCCGAGATCGCACCACTGCACTCCAGCCTGGGTGACAGAGCAAGACTCTGTCTCAAAAAAAAAAAAAAAAAAAAAAAAAAA"
"chr1","28563122","28563353","chr20","34321481","34321710","39","5758359","GTCAGAAGATCGAGACCATCCTGGCTAACATGGTGAAACCCCGTCTCTGCTAAAATACAAAAAATTAGCCTTGCGCGGTGGCGCCCGCCTGTAGTCCCAGCTACTCAGGAGGCTGAGGCAGAGGAATCGCTTGAACCCGGGAGGCAGAGGTTGCAGTTAGCCAAGATCGACCACTGCACTCCAACCGGGGAGAAAGGGAGACTCCGTCTCAAAATAACAATAACAATAATAA","GGGCAGGAGATCGAGACCATCCTGGCTAACACGGTGAAACCCTGTCTCTACTAAAAATACAAAAAATTAGCTGGGCATGTTGGCATGCGCCTGTAGTCCCAGCTACTTAGGAGGCTGAGGCAGAAATTGCTTGAACCTGGGAGGCAGAGGTTGCAGTGAGCCGAGATTGCGCCACTGCACTCCAGCCTGGGCGACAGAGTGAGACTCCATCTCAAAAAAGAAAAAAAAAA"
"chr1","28596623","28596924","chr2","57288005","57288297","45","28691382","GGCCGGGTGTGGTGGCTCATGCCTGTAATCCCAGCACTTTGGGAGGCCGAGGTGGGCGGATCACAAGGTCAGGAGATCAAGACCATCCTGGCTAACACGGTGAAACCAAGTCTCTACTAAAAATACAAAAAATTAGCCGGGCGTGGTGGCGGGCGCCTGTAGTCTCAGCTACTCAGGAGGCTGAGCCAGGAGGCTCACCTGAGCCCAGGGAGGGCTACAATGATCAAGGCTACTGTGAGCCATGATCGTGCCACTGCACTCCAGCCTGGGCAACAGAGTGAGACCCTGTCTTAAAAAAGAAA","GGCCAGGCGTGGTGGCTCATGCCTGTAATCCCAGCACTTTGGGAGGCTGAGGCGGGTGGATCACGAGGTCAGGAGATCGAGACCATCCTGGCTAACACAGTGAAACCCCGTCTCTACTAAAAACACAAAAAATCAGCTGGGCGTGGTGGCGGGCGCCTGTAGTCCCAGCTACTCTGGAGGCTGAGGCAGGAGAATCACTTGAACCCAGAAGGTGGAGGTTGCAGTGAGCCGAGACCATGCCACTGCACTCCAGCCTGGGTGACAGAGTGAGACCCTGTCTCAAAAAATAGAAA"
"chr1","28605640","28605907","chr1","27524483","27524751","28","1081157","TCCCAGCACTTTGGGAGGCTGAGGCAGGCGGATCACGAGGTCAGGAGATCGAGACCAGCCTGGCTAACATGGTGAAACCCTGTCTCTACTGAAAATACAAAAAATTAGCCAGGCGTGGTGGCACACACCTGTAGTCCCAGCTACTCGGGAGGCTGAGGCAGGAGAATTGCTTGAACCCAGGAGGCGCAGGTTGCAGTGAGCCGAGATCACGCCCCTGTACTCCAACCTAGGCAACAGAGCAAGACTCTGTCTCAAGAAAAAAAAAAAA","TCCCAGCAATTTGGGAGGCTGAGGAGGACGGATCACAAGGTCAGGAGATCGAGACCAGCCTGGCTAACATGGTGAAACCCTGTCTCTACTAAAAATACAAAAAATTAGCCAGGCATGGTGGCACACACCTGTAATCCCAGCTACTCAGGAGGCTGAGGCAGGAGAATCGCTTGAACACGGGAAGCAGAGGTTGCAGTGAGCTGAGATCACGTGACTGCACTCCAGCCTGGGCGACAGAGCAAGACTGTCTCAAAAAAAAAAAAAAAAAA"
"chr1","28609305","28609358","chr2","83649077","83649125","11","55039772","AGGTCAGGAGTTTGAGACCACCCTGGCTAACACAGGAAACCCCATCTCTACTAA","GTCAGGAGATCTAGACCATCCTGGCTAACACAGTGAAACCCCATCTTTA"
"chr1","28610329","28610426","chr11","127837568","127837636","39","99227239","AAAAACTGAAAGCCAAGCATGGTGGCCTGTGGTTCCAGCTACTTGGGGGAGGCTGAGGCAGGAGGATTGCTTGGGCCCAGGAGGTTGAGGCTTCAGTG","GTGGCATGCACATGTAGTCCCAGCTACTCGGGAGGCTGAGGCAGGAGAATCGCTTGAACCAGGGAGGTG"
"chr1","28621278","28621412","chr7","68956423","68956553","14","40335145","GGCCGGGCGCGGTGGCTCACGCCTGTAATCCCAGCACTTTGGGAGGCCAAGGTGGGCAGAACACGAGGTCAGGAGAGCGAGACTATTATCCTGGCTAACACAGTGAAACCCCGTCTCTACTAAAAAAAAAAAAAA","GGCCGGGCGCGGTGGCTCACGCCTGTAATCCCAGCACTTTGGGAGGCCGAGGCGGGCGGATCACGAGGTCAGGAGATCGAGACCATCCTGGCTAACACGGTGAAACCCCGTCTCTATTAAAAATACAAAAA"
"chr1","28622202","28622363","chr13","89859967","89860138","32","61237765","AAAAAATTAGCCAGGCATGGTGGCACGCGCCTCCCAGCTACACGGGACACTGAGGCAGGAGAATCGCTTCAACCTGGGCGGAGGTTGCAGTGAGCCGAGATTGTGCCACTGCACTCCAGCCTGGGCAATATAGTGAGACTCTATCTCAAAAAAAAAAAAAAA","AAAATTAGCCAGGCGTGGTGGCATGTGCCTGTAGTCCCAGCTACTCGGGAGACTGAGGCAGGAGAATCACTTGAACCCAGGAGGCAGAAGTTGCAGTGAGCCGAGACTGCGCCACTGCACTCCAGCCTGGGTGACAGGGTGAGACTCTGTCTCAAAAAAGAAAACAAACAAA"
"chr1","28633502","28633794","chr3","157300225","157300518","35","128666723","GCCTGGTGTGGTGGCACACACCTGTAGTCTCATCTTCTTGGGAGGCTGAGGCGGGTGGATCACGAGGTCAGAAGATCGAGACCATCCTGGCTAACATGGTGAAACCCCATCTCTACTAAAAATACAAAAAATTATCTGGGCGTGGTGGCGTGCGCCTGTAGTCCCAGCTACTCAGGAGGTTGAGGCAGGAGAATCGTTTGAACCCAGGAGGCAGAGGTTGCAGTGAGCCGAGATTGCGCCACTGCACTCCAGCCTGGGTGACAGAGCAAGACTCCACCTCAAAATAATAATAA","GCCAGGTGCGGTGGCTTACGCCTGTAATCCCAGCATTTTGGGAGGCCAAGGCGGGTGGATTACAAGGACAGGAGATCAAGACCATCCTGGCTACCATGGTGAAACCCCATCTCTACTAAAAATACAAAAAATTGGCTGGGTGTGGTGGCGGGCACCTGTAGTCCCAGCTACTCAGGAGGCTGAGGCAGGAGAATCACTTGAACCCAGGAGGCAGAGGTTGCAGTGAGCCGAGATGGCGCCACTGCACTCCAGCCTGGTGACAGAACAAGACTCCATCTCAAAACAACAACAAAA"
"chr1","28634253","28634552","chr1","22411003","22411299","30","6223250","GGCCCGGCACGGTGGCTCACACCTGTAATCCCAGCACTTTGGGAGGCCGAGGCGGGCAGATCACGAGGTCAGAAGATCGAGACCATCCTGGCTAACATGGTGAAACCCCATCTCTACTAAAAATACAAAAAATTAGCTGGGCGTGGTGGCACGCACCTGTAGTCCCAGCTACTCAGGAGGTTGAAGCAGGAGAATCGCTTGAACCCCGGAGGCAGAGGTTGCAGTGAGCCGAGATTGCACCACTGCACTCCAGCCTGGGTGACAGAGCAAGACTCTGCCTCAAAATAATAATAATAATAA","GGCCAGGCACGGTGGGTCACGCCTGTAATCCCAGCACTTTGGGAGGCCGAGGCGGGTGGATCACGAGGTCAGGAGATCAAGACCATCCTGGCTAACATGGTGAAACCCCATCTCTACTAAAAATACAAAAAAATTAGCTGGGCATGGTGGCACACGCCTGTAGTCCCAGCTACTCGGGAGGCTGAGGCAGGAGAATCACTTGAATCTGGGAGGCAGAGGTTGCAGTGAGCCGATATCGCGCCACTGCACTCCAGTCTGGGTGACAGAGCGAGACTCTGTCTCAAAAAAAAAAGAAGA"
"chr1","28635385","28635552","chr18","12359809","12359972","24","16275576","GGCCGGGCGCGGTGGCTCACGCGTGTAATCCCAGCACTTTGGGAGGCCGAGGCGGGTGGAACACGAGGTCAAGAGATCGAGACCATCCTGGCTAACACCATGAAGCCCCGTTTCTACCAAAAAATATAAAAAATTAGCCGGGCGTGATGGCACGCGCCTGTGGTGCCA","GGCCGAACGTGGTGGCTCACGCCTGTAATCCTAGCACTTTGGGAGGCTGAGGTGGGCGGATCACGAGGTCAGGAGATCGAGACCATCCTGGCTAACACCGTGAAACCCCATCTCTACTAAAAATACAAAAAATTAGCTGGGCGTGGTGGCACACGCCTGTAGTC"
"chr1","28692454","28692757","chr2","97742204","97742501","41","69049750","GGCTGGGTGCAGTGGCTGACGCCTATAATCCCAGCACTTTGGGAGGCTGAGGCGGACAGATCACAAGGTCAGGAGATCGAGACCATCCTGGCTAACACAGTGAAACCCCGTCTCTACTAAACATACAAAAAAAAAAAAAAAAAACTTAGCCAGGCGTGGTGACGGGTGCCTGTAGTCCCAGCTACCTGAGAGGCTGAGGCAGGAGAATCGCTTGAACCCAGGAAGCGGAGGTTGCAGTGAGCCGAGATTGCACCACTGCTCTCCAGCCTAGGCTATAGAGCAAGACTCTGTCTCAAAGAACAAA","GGCCTGGGCACCGTGGCTCACGCCTGTAATCTCAGCACTTTGGGAGGCCGAGGCAGGTGGATCACAAGGTCAGGAGATCGAGACCATCCTGGTTAACACGGTGAAACCCCGTCTCTACTAAAAATACAAAAAAAAAAAAAAAATTAGCTGGGCGTGGTGGCATGTGCCTGTAGTCCCAGCTACTCAGGAAGCTGAGGTAGGAGAATCGCTTGAACCCAGGAGGCAGAGGTTGCAGTGAGCCGAGATCGCACCACTGCACTCCAGCTAGGGTGACAGAGCAATACTCTGTCTCAAAAAA"
"chr1","28694122","28694422","chr11","56089370","56089672","34","27395248","GGCTGGACGCGGTGGCTTAAGCCTGTAATTCCAGCACTTTGGGACCCCGAGGCGGGCAGATCACGAGGTCAGGAGATCGAGACCATTCTGGTTAAGACGGTGAAACCCTGTCTCTACTGAAAATACAAAAAAATTAGCTGGGTGTGGTGGCACACAGCTGTAGTCCCAGATACTCGGGAGGCTGAGGCAGGAGAATCGCTTGAACCTGGGAGGCGGAGGTTGCAGTGAGCCGAGATCGTGCCATTGCACTCCAGCCTGGCAACAGAGCAAGACTCCATCTCAAAAAAAAAAACAAAAAAAA","GGCCGGGCGCAGTGGCTCATGCCTGTAATCCCAGCACTTTGGGAGGCCGAGGCGAGCGGATCACGATGTCAGGAGATCGAGACCATCCTGGCGAACACGGTGAAACCCTGTCTCTACTAAAAATACAAAAAAATTAGCCGGGTGTGGTGGCAGACACCTGTAGTCCCAGCTGCTCGGGAGGCTGAGGCAGGAGAATGGCTTGAGCCCAGGAGGCGGAGGTTGCAGTGAGCTGAGATTGCGCCACTGCACTCCAGCCTGGGCGACAGAGCAAGACTCCGTCTCAAAAAAAAAAAAAAAAAAAAA"
"chr1","28708859","28709027","chr10","79914103","79914267","49","51205244","AAAACTAACAAAATTAGGCAGGCGCAGTGCCACGCACCTGTAGTCCCAGCTACTCAGGAGGCTGAGCTGAGAGGATCGAGTTTGCAGTGAGCTGAGATCCCGCAATGCACTCTCACCTGGGCAACAGAGGGAAACTCTGTTCCCCCAAAAAAATAAAATAAAAAAGAAA","TACAAAAAATTAGCCAGGCCTGGTGGCACGCGCCTGTAATCCCAGCAGGAGAATGGCTTGAACCCGGGAGGCGGAGGTTGCAGTGAGCTGAGATCGCACCCCTGCACTCCAGCCTGGGCAACAGAGCAAGATGCTGTCTAAAAAACAAAAAACAAACCAAAGAAA"
"chr1","28747564","28747749","chr5","13274636","13274819","40","15472928","CTTTATTAAAGATACAAAAAATTAGCTGGGTGGGGTGGCATGCGCCTGTAATCCCAGCTACTCAGGAGTCTAAGGCAGGAGAATCGCTTGAACTCAGGAGGTGGAGGTTGCAGTTAGCTGAGATCACGCCACTGCACTCCAGCCTGGGTGACTGAGTGAAACTCCGTCTCAGAAAAAAAAAGAAAA","ATATATATGCAAAAAAATTAGCTGGGCATGGTGGCACGTGCCTGTAGTCACAGCTACTAGGGAGGCTGAGGCAGGAGAATCGCTTGAACCTGGAAGGTGGAGGTTGCAGTGAGCCAAGATCACGCCACTGCACTCCAGCCTAGGTGACAGACACTCAGTCTCAAAACAAAACAAAACAAAAAAA"
"chr1","28748212","28748475","chr12","44585601","44585868","43","15837389","GGCTGGGCGCAGTGGCTCATGCCTATAATCCCAGCACTTTGGGAGGCCGAGGCGGGCGGATCACGCGGGTGAAGGATTGTGACACTCCTGTGGCCCACGTGGTGAAACCGCGTCTCTACTAAAAATACAAAATATTAGCTGGGCGTGGTGGCATGCGCCTGTAATCCCCGCTACTCGAGAGTCTAAGGCAGGAGAATCGCTTGAACTCAGGAGGTGGAGGTTGCAGTTAGCTGAGATCACGCCACTGCACTCCGCCTGGGTGAC","GGCTGGGCATGGTGGCTGATGTACAGTAATCCCAGCACTTTGGGAGGTCGAGGCAGGCAGATCACCTGAGGTCAGGAGATTGTGACCATCCTGGCTAACACGGTGAAACCCCGTCTCTACTAAAAATACAAAAAATTAGCTGGGCATGGTGGCATGCGCCTGTAATCCCAGCTACTTGGGAGGCTGAGGCAGGAGAATTGCTTGAACTCAGGAGGCGTAGGTTGCAGTGAGCCGAGATCGCGCCACTGCACTCCAGCCTGGGCGACAG"
"chr1","28778398","28778672","chrX","117589965","117590253","37","88811567","GGCCAGGCGCGCTGGCTCACGCTGGTAATCCCAGCACTTTGGGAGGCCAAGGCGGGTGGATCACAAGGTCAGGAGATCGAGACCATCCTGGCTAACACCGTAAAACCCCGTCTCTACTAAAAATACAAAAAATTAGCCGGGTGTAGTGGCGGGCACCTGTAATCCCAGCTACTTGGGAGGCTGAGGCAGGAGAATCACTTGAACCCGGGCGGCGGAGCCAAGATCGTGCCACTGCACTCCAGCCTGGGCAACAGAGCAAGACTCCGTCTCAAAAA","GGCCGGGCGCAGTGGCTCACGCCTGTAATCCCAGCACTTTGGGAGGCCAAGGCGGGCGGATCATGACGAGGTCAGGAGATCGAGACCATCCTGGCTAACACGGTGAAACCCCGTCTCTACTAAAATACAAAAAAATTAGCCGGTGTGGTGGCACGCACCTGTAGTCCCAGCTACTCGGGAGGCTGAGGCAGGAGAATCACTTGAACCCGGGAGGCAGAGGTTGCAGTGAGCCAAGATTGTGCCACTGCACTCCAGCCTGGGTGACAGAGTGAGACTCCGTCTCAAAAAA"
"chr1","28778675","28778843","chr11","54926961","54927123","31","26148286","AAAAATAAGTCAGGTATGGTGGCATGTGCCTGAAGTCTCAGCTACTCCGGAGGCTGAGGCAGGAGGATTGCTTGAATTTGGGAGGCTGAGGTTGCAGTGAGCCGAGATCCCACCACTGCACTCCAGCCTGGGGAACACAGCGAGACTCGGTCTCAGAAAAAAATAAAAA","TAGCCGGGCATGGTGGCACGCATCTGTAGTCCCAGCTAGTCTGGAGGCTGAGGCAGGAGAATCGCTTGAACCTGGGAGGCAGAGGTTGCAGTGAGCCAAGATCACACCACTGCACTCCAGCCTGGGCGATAGAGCAAGACTCTGTCTCAGAAAAAAAAAAAAA"
"chr1","28780561","28780866","chr2","29914298","29914604","41","1133737","CGGGCGCGGTGGCTCATGTTTGTAATCCCAGCACTTTGGGAGGCCAAGGCGGGCCGAATCATGAGGTCAGAAGATCGAGACCATCCTGGCCAACATGGTGAAATCTCGACTCTACTAAAAATACAAAAATTAGCTGGGCATGGTGCCATGCACCTGTAGTCCCAGCTAATCGGAGGCTGAGGCAGGAGAATCGCTTGAACCCGGGAGGCAGAGGTTGCAGTGAGCCGAGATCACGCCATTACACTCCAGCCTGGGCAACAGAGCAAGACTCGTCTCAAAATAAATAAATAAATAAATAACAAATAA","GGCCGGGCGCGGTGGCTCATGCCTGTAATTCCAGCACTTTGGGAGGCCGAGGTGGGCAGATCACGAGGTCAGGAGATTGAGACCATCCTGGCCAACATGGTGAAACCCCATTGCTACTAAAATACAAAAAATTAGCTGGGCATGGTGTCGTGCACCTGTAGTCCCAGCTACTCAGGAGGCTGAGGCAGGAGAATCGCTTGAATCCAGGAGGCAGAGGTTGCAGTGAGCTGAGATCGTGCCACTGCACCCCAGCCTGGGCGACAGAGCAAGATTCTGTCTCAAATAAATAAATAAACAAACAAACAAA"
"chr1","28809051","28809363","chr8","105120121","105120431","38","76311070","GGCTGGGCACAGTGGCTTACGCCTGTGATCCCAGCACTTTGGGAGGCTGAGGTGGGCGGATCACCAGGTCAGGAGATCGAGACCATCCTGGCTAACATGGTGAAACCCCATCTCTACTAAAAATACAAAAAATTAGTTGGGCATGGTGGCACACACCTGTAGTCCCAGCTATTCAGGAGGCTAAGGCAGGAGAATCGCTTGAACCTGGGTGGTGGAGGTTGCACTGAGCTGAGATCGCACCACTGCACTCCAGCCTGAGCAACAGAGGGAGATTCCATCTCAATAAAAAATAAAAATTAAAAATAAATAAAAA","GGCCAGGCGCAGTGGCTCATGCCTGTAATCCCAGCACTTTGGGAGGCTGAGGCGGGCGGATCACGAGGTCAGGAGATCGAGACCATCCTGGCTAACACGGTGAAACCCCGTCTCTGCTAAAAATACAAAAAATTAGCTGGGCGTGGTGGCGGGCGCCTGTAGTCTCAGCTACTCAGGAGGCTGAGGCAGAAGAATCGCTTGAACCTGGGAGGCGGAGGTTGCAGTGAGCTGAGATTGCGCCACTGCACTCCAGCTTGAGCGACAGAGCGAGACTCCGTCTCAAAAAAAAAAAAAAAAAAAACAAAAACAAA"
"chr1","28822834","28823062","chr7","99437766","99437994","29","70614932","CCATCCTGGCTAACACGGTGAAACCCTGTCTCTACTAAAAATACAAAAAATGAGCCGGGCGTGGTGACGCGCGCTTGTAATCCCAGCTACTCGGGAGGCTGAGGCAGGAGAATCACTTGAACCTGGGAGGCGGAGGTTGCAGTGAGCGGAGATCGCACCACTGCACTACAGCCTGTGCGACAGAGTGAAACTCCGTCTCAAAAAAAAAAAAAAAAAAAAAAAAAAAAAA","CTATCCTGGCTAATACGGTGAAATCCCGTCTCTACTAAAAATATAAAAAATTAGCCAGGCATGGTGGTGGGCACCTATAGTCCCAGCTACTTGGAAGTCTGAGGCAGGAGAATCGCTTGAACCTGGGAGGCGGAGGTTGCGGTGAGCCGAGATTGCGCCACTGCACTCCAGCCTGGGCGACAGAGCGAGACTCCGTCTCAAAAAAAAAAAAAAAAAAAAAAGAAAGAAA"
"chr1","28936584","28936792","chr19","964579","964783","30","27972005","ACCCCGTTTTTACTAAAAATACAAAAAAAAATTAGCTGGGCATGGTGGTCTGTGCCTGTAATCCCAGCTACTAGGGAGGCTGAGGCAAGAGAATTGCTTGAACCTGGGAGGCAGAGGTTGCAGTGAACTGAGATCATGCCACTGCACTCCAGCCTGGGCGACAGAGCAGGACTCCGTCTCAAAAAAAAAAAAAAAAAAAAAAAAAAAGA","CCCCACCTCTACAAAAATACAAAAAAATTAGCTGGGTGTGGTGGCGGGCGCCTGTAATTCCAGCTACTTGGGAGGCTGAGGCAAGGGAATTGCTTGAACCAGGGAGGTAGAGGTTGCTGTGAACCGAGATGGCGCCACTGCACTCCAGCCTGGGCGACAGAGCAAGACTCCGTCTCAAAAAAGAAAAAAGAAAAGAAAAAAGAAA"
"chr1","28966123","28966418","chr16","23431615","23431905","37","5534508","GGCCGGGCGCGGTGGCTCAAGCCTGTAATCCCAGCACTTTGGGAGGCCGAGAAGGGCGGATCACGAGGTCAGGAGATCGAGACTAACACGGTGAAACCCCGTCTCTACTAAAAATACAAAAATTAGCTGGGCGTGGTGGTACACGCCTGTAGTCCCAGCTACTCGGGAGGCTGAGGCAGGAGAATCGCTTGAACCCGGGAGGCAGAGGTTGCAGTGAGCCGAGATTCCGGCACCGCACTCCAGCCTGGTGACAGAGCGAGACTCCGTCTCAAATAAATAAATAAATAAAAGAAAAA","GGCCAGGCGCGGTGGCTCACGCCTGTAATCCCAGCACTTTGGGAGGCCGAGGTGGGCGGATCACGAGGTCAGGAGATCGATACCATAACACTGTGAAAACCCGTCTCTACTAAAAATACCAAAAATTAGCCGGGCGTGGTGGCGGGCGCCTTTAGTCCCAGCTACTCGGGAGGCTGAGGCAGGAGAATCGCTTGAACCCGGGAGGCGGAGGTTGCAGTGGGGCGAGATGGTGCCACTGCACTCCAGCCTGGGCGACAGAGCGAGACTCTGTCTCAAAAAAAGAAAAAAAAA"
"chr1","28984516","28984817","chr13","92512308","92512602","39","63527792","GGTCGGGCGCGGTGGCTCACGCCTGTAATCCTAGCACTTTGGGAGGCCGAGGCGAGTGGATCATGAGGTCAGGAGACCGAGACCATCCTGGCTAACACAGTGAAACCCTGTTTCTACCAACAATACAAAAAAAAAAAAAATCAGCCAGACGTGGTGGCGGGCGCCTGTAATCCCAGCTACTCAGGAGGCTGAGGCAGGAGAACTGCTTGAACCCGGGGAGGCAGAGGTTGCAGTCAGCCGAGATCGCACCACTGCACTCCAGCCTGGGCGACAGGCGAGACTTTGTCTCAAAAAAAAAAAAA","GGCCGGGCGCGGTGGCTCACGCCTGTAATCCCAGCACTTCGGGAGGCCGAGGCAGGTGGATCATGAGGTCAGGAGAGCGAGACCATCCTGGCTAACACAGTGAAACCCCATCTCTACTAAAAAACACAAAAAATTAGCTGGGCATGGTGGCGGGTGCCTGTAGTCCCAGCTACTCGGGGAGGCTGAGGCAGAAGAATCGCTTGAACCCAGGAGGCAGAGGTTGCAGTGAGCCGAGATCACACCACTGCACTCCAGCCTGGCGACAGAGCGAGACTCCGTCTAAAAAAAAAAAAAA"
"chr1","28999210","28999296","chr1","12339903","12339996","23","16659307","AGGTGAAGGCTGCAGTGAGCTGAAATTGCGCCATTGCACTCCAGGCTGGGCGAAAGAGCGAGAATTCATCTCAAAAAAAAAAAAGAA","AGACAGAGGTTGCAGTGAGCCGAGATCGTGCCACTGCATTCCAGTCTGGGCGACAAAGCGAGACTCCATCTCAAAAAAAAGAAAAAAAAAGAAA"
"chr1","28999309","28999417","chr17","39176643","39176754","13","10177334","GGCCAGGTGCAGTGGCTCACGCCTGTAATCCCAGCACTTTGGGAGGCCAAGGCAGGTGGATCACGAGGTCAGGAGATCAAGACCATCCTGGCCAACACGGTGAAACCCC","GCCGGGTGCGGTGGCTCATGCTTGTAATCCCAGCACTTTGGGAGGCCAAGGTGGGTGGATCACGAGGTCAGGAGATCGAGACCATCCTGGCTAACACGGTGAAACCCCATCT"
"chr1","29090480","29090782","chr1","28021991","28022290","30","1068489","GGCCAGGCACGGTGGCTCATACCTGTAATCCCAGCACTTTGGGAGGCCGAGGTGGGCAGATCATGAGGTCAGGAGATCGAGATCATCCTGGCTAACACAGTGAAACCTCATCTCTACTAAAAATACAAAAACAAAAACTAGCTAGGTATGGTGGTGTGCACCTGTAATCCCAGCTGCTCAGGAGGCTGGGGCAGGAGAATTGCTTGAACCCAGGAGTAGGAGTTTGCAGTGAGCCGAGATCCGCCACTGCACTCCAGCCTGGGCGACAGAGCGAGACTCTGTCTCGAAAAAAAAAAAAAAAAA","GGCCAGCGCAGTGACTCTCGCCTGTAATCCCAGCACTTTGGGTGGCCGAGGTGGGTGGATCATGAGGTCAGCAGATCGAGACCATCCTGGTTAACACAGTGAAACCCCGTCTCTACTAAAAATACAAAAACAAAAATTAGCTAGGCATGGTGGTGTGCACCTGTAATCCCAGCTGCTCAGGAGGCTGAAGCAGGAGAATTGCTTGAACCCAGGAGTCGGAGGTTGCAGTGAGCTGAGATTTGCCACTGCACTCCAGTCTGGGCAACAGAGCGAGACTCCATCTCAAAAAAAAAAAAAAAA"
"chr1","29235859","29236143","chr3","106101050","106101334","28","76865191","GGCTGGGCATGGTGGCTCACACCTGTAATCCCAGCACTTTGGGAGGCCGAGGCAGGCGGATCATGAGGTCAGGAGATCGAGACCATCCTGCCTAACACGGTGAAACCCTGTCTCTACTAAAAATACAAAAAATTAGCCGGGCGTGGTGGCACGCGCCTGTAGTCCCAGCTACTTGGGAGGCTGAGGCAGGAGAATTGCTTGAACCCAAAAGGCGGAAGTTGCAGTGAGCTGAGATTGTACCACTGCACTCCAGCCTGGGCGACAGAGCAAGACTCCATCTCAAAA","GGCCAGGCGTGGTGGCTCACACCTGTAATCCCAGCACTTTGGGAGGCCAAGGTGGGCAGATCACGAGGTCAGGAAATTGAGACCATCCTGGCTAACACTGTGAAACCCTGTCTCTACTAAAAATACAAAAAATTAGCCAGATGTGGTGGCACGCGCCCGTAGTCCCAGCTACTTGGGAGGCTGAGGCAGGAGAATCGCTTGAACCAAGGAGGTGGACTTTGCAGTGAGCCGAGATTGTGCCACTGCACTCCAGCCTGGGCAACAGAGTGAGACTCCATCTCAAAA"
"chr1","29245444","29245606","chr11","133328099","133328256","28","104082655","AAATTAGCTTGGCATGGTGGCACGGGCCTGTAGTCCCAGCTACTCAGGAGGCTGAGGCAGGAGAACTGTGTGAACCCAGGAGGCACAGGTTGCAGTGAGCCAAGATCATGCCACTGCATTCCAGCCTGGGTGACAGAGCAAAACTCTGTCTCAAAAAATAAAA","TTAGCCGGGCATGGTGGCATGCACCTGTAGTCCCAGGTACTCAGGAGGCTGAGGCAGGAGAATCGCTTGAGCCTTGGAGGTAGAGGTTGCGGTGACCAAGACTGTGCCACTGCACTCCAGCCTGAGTGACAGAGCGAGACTCTGTCTCAAAAAAAAAA"
"chr1","29252543","29252707","chr19","32419513","32419677","23","3166970","AATTAGACAGGTGTGCTGGTACATGCCTGTAGTCCCAGCTACTCAGGAGTCTGAGGCAGGACAGTCACTTGAACCTGGGAGGCAGAGGTTGCAGTGAGCTGAGATCACGCCACTGCACTTCAGCCTGGGCAAGAGAGAGAGACTCTGTCTCAAAAAAAAAAAAAA","AATTAGCTGGATGCGGTGGCATGCACCTGTAATCCCAGCTACTCAGGAGGCTGAGGCAGGACAATCACTTGAACCTGGGAGGTGGAGGTTGCAGTGAGCCGAGATCACGCCACTGCACTCCAGCCTGGGCAACATAGCAAGACTTCATCTCAAAAAAAAAAAAAA"
"chr1","29302708","29303000","chr1","28231976","28232271","28","1070732","GGGCCCGGTGGCTCATGCCTGTAATCCCAGTACTTTGGGAGGCCGAGTCAGGCAGGTCACCAGGTCAGGAGATGGAGACCATCCTGGCTAACACAGCGAAACCCCGTCTTTACTAAAAATACAAAAAATTAGCCGAGCGTGGTGGCACGCGCCTGTAGTCCCAGCTACTTGGGAGGCTGAGGCTGAAGAATTGCTTGAACCCAGGAGGCAGAGGTTGCAGTGAGCCAAGATGGTGCCCCTGCACTCCAGCCTGGGTGACAGAGTGAGACTCCATCTCAAAAAAAAAAAAGAAA","GGCCGGGCGTGGTGGCTCACGCCTATAATCCCAGCACTTTGGGAGGCTGAGGCAGGCGGGTCACGAGGTCAGGAGATCGAGACCATCCTGGCTAACACAGTGAAACCCTGTCTCTACTAAAAATACAAAAAATTAGCCTGGCGTGGTGGCACGTGCCTGTAGTCCCAGCTACTTGGGAGACTGAGGCTGGAGACTTGCTTGAACCCAGGAGGCGGAGGTTGCAGTGCGCCAAGATGGTGCCACTGCACTCCAGCCTGGGTGACAGGGTGAGACTCCATCTCAAAAAAAAAAAGAAA"
"chr1","29399786","29400096","chr15","82596670","82596979","26","53196884","GGCCAGGCACAGTGTCTCACACCTGTAATCCCAGCACTTTGGGAGGCCAAGGCGGGTGGATCACGAGGTCAGGAGATCGAGACCATCCTGGCTAACACAGTGAAACCGCGTCTCTACTAAAAATACAAAAAATTAGCCCGGCGTGGTGGCACACTCCTGTAGTCCTAGCTACTTGGGAGGCTGAGGCAGGAGAATCGCTTGAACCCAGGAGGCAGAGGTTGCAGTGAGCCGAGATCGCGCCACTGCACTCCAGCCTGGGCGACAGAGCAAGACTCTGTCTCAAAAAAAAAAGAAAAAAAGAAAAAGAAAAA","GGCCGGGCACAGTGGCTCACACCTTAATCCCAGCACTTCGGGAGGCCAAGGAGGGTGGATCACGAGGTCAGGATATCGAGACCATCCTGGCTAACATGGTGAAACCCCGTCTTTACTAAAAATACAAAAAATTAGCCAGGCATGGTGGCACGCATCTGTAGTCCCAGCTACTCAGGAGGCTGAGGCAGGAGAATCACTTGAACCCAGGAGGCAGAGGTTGCAGTGAGCCGAGAGCCCACCACTGCACTCCAGCCTGCGCGACAGAGCAAGACTCTGTCTCAAAAAAAAAAAAAAAAAGAAAAAAGGAAAA"
"chr1","29542105","29542422","chr4","5955341","5955651","29","23586764","GGCTGGGCGCGGTGGCTCACGCCTGTAATCCCAGCACTTTGGGAGGCCGAGGAGGGTGGATCATGAGGTCAGGAGATCGAGACCATCCTGGCTAACACAGTGAAACCCTGTCTCTACTAAAAATACAAAAAATTAGCCAGGCGTGGGGGCACGCACCTGTAGTCCCAGCTACTCGGGAGGCTGAGGCAGGAGAATCACTTGAACCTGGGAGGCAGAGGTTGCAGTGAGCCGAGATTGTGCCATTGCACTCCAGCCTGGGAGACAGAGTCTCACTCTGTCTCAAAAATAAATAAATAAATAAATAAATAAATAAATAAA","GGCTGGGCACGGTGGCTCACACCTGTAATCCCAGCACTTTGGGAGGCCGAGGAGGGCAGATCATGAGGTCAGGAGATTAAGACCATCCTGGCTAACACAGTGAAACCCTGTCTCTACGAAAAATACAAAAAATTAGCCAGGTGTGGTGGCACGCACCTGTAGTCCCAGCTACTCAGGAGGCTGAGGCAGGAGAATCGCTTGAACCTGGGAGGTGGAGGTTGCAGTGAGCTGAGATTGTGCCACTGCACTCCAGCCTGGGCGACAGAGCAAGACTCTGTATCAAAAAAAAAAAAAAAAAAAAAAAAAAAAAA"
"chr1","30989120","30989158","chr20","54495305","54495348","10","23506185","GATGTGATGGCTCACGCCTGTAATCCCAACACTTTGAGA","GGCCCTGCACAGTGGCTCACGCCTGTAATCCCAGCACTTTGGGA"
"chr1","30989245","30989420","chr16","7509806","7509984","35","23479439","AAAATTAAAAACAAATTAGCTGGGCTTGGTGGCATGCACCTATAGCCCCAGCTACTCAGGAGGCTGAGGCAGGAGGATGGCTTGAACCCGGGAGGTGGAGATTGCAGTGAGCCAAGATCACGCCACTGCACTCCAGCCTGGGCGACACAGTGAGATGCCGTCAAAAAAAAAAAGAA","AAAAACCATACAAAAAATTAGACAGGCGTGGTGGCACGCGCCTATAGTCCCAGCTACTCGGGAGGCTGAGGCAAGAGAATTGCTTGAACCTGGGACGGGGAGGTTACAGTGAGCCGAGATCATGCCACTGCACTCCAGCCTAGGTGACAGAGCGAGACTCTGTATCAAAAAAAACAAAA"
"chr1","31109192","31109500","chr6","176464782","176465093","44","145355590","GGCCGGGCGTGGTGGCTCACGCCTATAATCCTAGCACTTTGGGAGGCCAAGGCAGGAGCATCACGAGGTCAGGAGATCAAGACCATCCTGGCTAACACAGCGAAACCCTGTCTTTACTAAAAATACAAAAAAAAAAAAAAAAAATTGGCCGGGCGTGGTGGTGTGTGCCTGTAGTCCCAGCTCCTCAGGAGGCTGAGGCAGGAGACTAGCTTGAACCTAGGAGTGGGAGGGTGCGGTGAGCTAAGATCATGCCACTGCACTCCAGCCTGGGCAACAGAGCGAGACTCCATCTTCAAAAAAAAAAAAAAA","GGCTGGGCGGTGGCTCACGCCTTAATCCCAGCACTTTGGGAGGCTGAGGTGGGCAGATCAGGAGGTCAGGAGATTGAGACCATCCTGGCTAACACGGTGAAACCCTATCTCTACTGAAAATACAAAAAAAAAAAAAAAAAAAATTAGCCGGGGGTGGTGGCGGGCGCCTGTGGTCCCAGCTCCTCAGGAGGCTGAGGCAGGAGAATCGCTTGAACCTGGGAGGCAGAGGTTGCGGTGAGCTGAGATCGGGCCACTGCACTCCAGCCTGGGCGACAGAGCGAGACTCCATCTCAAGAAAAAAAAAAAAGAAAA"
"chr1","31152283","31152559","chr1","35099526","35099805","32","3947243","GGCCGGGCATGGTGGCTCAAGCCTGTAATCGCAGCACTTTGGGAGGCCGAGGCAGGTAGATCACCTGAGGTCAGGAGATCGAGACCATCCTGGCTAACACAGTGAAACCCCGTCTCTACTAAAAATACAAAAAATTAGCTGGGCGTGGTGGCACGCGCCTGTAGTCCCAGCTACTTGGGAGGCTGAGGCAGGAGAATTGCTTGAACTTGGGAGGCGGAGGTTGCAGTGAGCCGAGAATGCACCATTGCATTCCAGCCTGGCGACAGAGCGAGACTCC","GGCCGGGCGCGGTGGCTCATGCCTGTAATCCTAGCACTTTGGGAGGACGAGGCAGGTGGATCACGAGGTCAGGAGATCGAGACCATCCTGGCTAACACAGTGAAACCCCGTCTCTACTAAAAATACAAAAAAATAGCTGGGTGTGGTGGCACGCGCCTGTAGTCCCAGCTACTTGGGAGACTGAGGCAGGAGATTCGCTTGAACTTGGGAGGCAGAGGTTGTAGTGAGATGAGATCACACCACTGCACTCCAGCCTAGGTGACAGAGTAAGATTCCGTCT"
"chr1","31160395","31160573","chr12","84405516","84405692","35","53245121","TTAGCTGGGCGTGGGGGCACATGCCTGTGTTTCCAGCTGCTTGGGAGGCTGAGGTGGAAGGATTGCTTGAGCCTGGGTGGCAGAAGTTGCAGTGAACAGAGATCATGCCACTGCACTTCAGCCTGGGCAACAGAGTGGGACCCTGTCTCAAAAAAAAAAAAAAAAAAAAAAGAAAAGAA","CAGCTGGGCCTGGTGACACGTGCCTGTAGTCCCAGCTACTTGGGAGGCTGAGGCAGGAGAATTGCTTGAACCCAGCAGGCAGAGGTTGCAGTGAGCTGAGATCGCGCCACTGCACTCCAGCCTGGATGACAGAGGGAGACTCCTCCTCAAAAAAAAAAAAAAAAAAGAAAAAAAGAA"
"chr1","31206266","31206565","chr2","47824467","47824767","33","16618201","GGCCGGGCGCGGTGGCTCATGCCTGTAATCACAGCACTTTGGGAGGCCGAGATGGGCAGATCACGAGGTCAGGAGATGGAGACCATCCTGGCTAACACGGTGAAACCCCATCTCTACTAAAAATACAAAAACTTAGCTGGGCATGGTGGCACACGCATGTAGTCTCAGCTGCTCAGGAGGCTGAGGCAGGAGAATTGTTTGAACCCAGGAGTCGGAGGTTGCAGCGAGCCAACATGGCGCCATTGCACTCCAGCCTGGGCAACAGAGTGAGACTCCATCTTAAAAAAAAAACAAAAAAAA","GGCTGGGAGCGGTGGCTCATGCCTGTAATCCCAGCACTTTGGGAGGCCGAGGCAGGCGGATCACGAGGTCAGGAGATCGAGACCATCCTGGTTAACATGGTGAAACCCCATCTCTACTAAAAATACAAAAAATTAGCTGGGCATGGTGGCACACGCCTGTAGTCCCAGCTATTCAGGAGGCTGAGGCAGGAGAATCACTTGAACCCAGGAGGTGGAGGTTGCAGTGAGCTGAGATCACGCCACTGCATTCCAGCCTGGGTGACAGAGTGAGATTCCATCTTAAAAAAAAAAAAAAAACAAA"
"chr1","31249456","31249745","chr1","30209266","30209552","29","1040190","GGCTGGGTGCGGTGGCTCCTGCCTGTAATCCCAGCACTTTGGGAGGCCGAGGCGGGGAATCATGAGGTCAGGAGATCAAGACCATCCTGGCTAACACGGTGAAACCCCGTCTCTACTAAAAATACAAAAAATTAGCCAGGCGTGGTGGCACACGCCTGTAGTCTCAGCTACTCCGGAGGCTGAGGCAGGAAAATCACCTGAACCCACGAGTCAGAGGTTGCAGTGAGCCGCGATCATGCCACTGGCACTCCAGCCTGGGCAACAGAGCAAGACTTCTTCTCCAAAAAAAA","GGCCAGGCGCGGTGGCTCATGCCTGTAGTCCCAGCACTTTGGGAGGCCGAGGTGGGCGGATCACGAGGTCAGGAGATCAAGACCATCCTGGCTAACACGGTGAGACCCCGTCTCTACTAAAAATACAAAAAATTAGCTGAGCATGGTGGCACATGCCTGTAGTCTCAGCTACTCCAGAGGCTGAGGCAAGAGAATCACTTGAACCCATGAGGCAGAGGTTGCAGTGAGCCGAGATCGTGCCACTGGCACTCCAGCCTGGGCAAGAGAGCAAGACTTCATCTCAAAAA"
"chr1","31251047","31251346","chr3","14647021","14647316","36","16604026","GCCGGGTGTGGTGGCTCATGCCTGTAATCCCAGCACTTTGGGAGGCCGAAGCGGGCGGATCACGAGGTCAGATCGAGACCATCCTGGCTAACATGGTGAAACCCCATCTCTACGAGAAAAAAAAACACAAAAAAATTAGCCTGGCGGGGTGGCGGGCGCCTGTAGTCCCAGCTACTCAGGAGGCTGAGGCAGGAGAATTGTTTGAACCCGGGAGGCGGAGGTTGCAGTGAGCCAAGATCACACCATTGCACTCTGGCCTGGGAGACAGAGCGAGACTCCATCTAAAAAAAAAAAAAAAAA","GGCCGGGCATGGTGGCTCACGCCTGTAATCCCAGCATTTGGGAGGCCGAGGCGGGTGGATCACGAGGTCAGAAGATCAAGACCATCCTGGCTAACACGGTGAAACCCCGTCTCTACTAAAAATACAAAAAAAATTAGCCGGGCCTGGTGGCGGGCGCCTGTAGTCCGAGCTACTCAGGAGGATGAGGCAGGAGAATCGCTTGCACCTGGGAGGCGGAGGTTGCAGTGAGCCAGGATCACACCACTGCACTCCAGCCTGGGTGACAGAGCGAGACTCCATCTAAAAAAAAAAAAAAA"
"chr1","31252037","31252336","chr3","14647021","14647316","37","16605016","GCCGGGTGTGGTGGCTCATGCCTGTAATCCCAGCACTTTGGGAGGCCGAAGCGGGCGGATCACGAGGTCAGATCGAGACCATCCTGGCTAACATGGTGAAACCCCATCTCTACGAGAAAAAAAAACACAAAAAAATTAGCCTGGCGGGGTGGCGGGCGCCTGTAGTCCCAGCTACTCAGGAGGCTGAGGCAGGAGAATTGTTTGAACCCGGGAGGCGGAGGTTGCAGTGAGCCAAGATCACACCCTTGCACTCTGGCCTGGGAGACAGAGCGAGACTCCATCTAAAAAAAAAAAAAAAAA","GGCCGGGCATGGTGGCTCACGCCTGTAATCCCAGCATTTGGGAGGCCGAGGCGGGTGGATCACGAGGTCAGAAGATCAAGACCATCCTGGCTAACACGGTGAAACCCCGTCTCTACTAAAAATACAAAAAAAATTAGCCGGGCCTGGTGGCGGGCGCCTGTAGTCCGAGCTACTCAGGAGGATGAGGCAGGAGAATCGCTTGCACCTGGGAGGCGGAGGTTGCAGTGAGCCAGGATCACACCACTGCACTCCAGCCTGGGTGACAGAGCGAGACTCCATCTAAAAAAAAAAAAAAA"
"chr1","31279953","31280252","chr1","61388678","61388976","26","30108725","GGCTGGGCGTGGTGGCTCACACCTGTAATCCCAGTACTTTGGGAGGCTGAGGTGGGTGGATCACGAGGTCAGGAGATCGAGACCATCCTGGCTAACACGGTGAAACCCTGTCTCCACTAAAAATACAAAAAATTAGCTGGGCGTGGTGGCATGCGCCTGTAGTCCCAGCTACTCCAGAGGCTGAGGCAGGAGAATCGCTTGAACCTGGGAGGTGGAGGTTGCAGTGAGCTGAGATCATGCCACTGCACTCCAGCCTGGGAGACAGTGAGACTCTGTCTCAAAAAAAAAAAAAAAAAAGAA","GGCCGGGCTCGGTGGCTCACGCCTATAATCCCAGCACTTTGGGAGGCCGAGACGGGTGGATCACGAGGTCAGGAGATCGAGACCATCCTGGCTAACACGGTGAAAGCCCGTCTCCACTAAAAATACAAAAAATTAGCTGGGCGTGTTGGCAGGCGCCTGTAGTCCCAGCTACTCGGGAGGCTGAGGCAGGAGAATTGCTTGAACCTGGGAGGTGGAGGTTGCAGTGAGCCGAGATCACACCACTGCACTCCAGCCTGGGTGACAGAGCAAGACTCTGTCTCAAAAAAAAAAAAAAAAAA"
"chr1","31283540","31283860","chr11","2572656","2572970","50","28710884","GGCCGGACGCAGTGGCTCATGCCTGTAATCCCAGCACTTTGGCAGGCTGAAACAGGCAGATCACAAGGTCAGGAGATCGAGACCATCCTGGCCAACATGGTGAAACCCCGTCTCTAGTAAAATACAAAAAAAAAAAAAAAAAAAAAAAAATTAGCCAGGCATGGTGGTGGGCACCTGTAATCCCAGCTACTTGGGAGGCTAAGGCAGGAGAATCGCTTGAACCTGGGAGATGGAGGTGGCAGTGAGCTGAGATCATGCCACTGCACTCCAGCCTGGGCGACAGAGACACTGTTTCAAAAATAATAATAATAAAATAAAAAA","GGCCGGGCACAGTGGCTCACGCCTGTAATTCCAGCACTTTGGGAGGCTGAGGCAGGCGGATCATGAGGTCAGGAGATCGAAACCATCCTAGCTAACATGGTGAAATCCCGTCTCTACTAAAACTACAAAAAAAAAAAAAAAAAAAAAAAATTAGCTGAGCATGGTGGCAAGCACCTGTAGTACCAGGTACTCGGGAGGCTGAGGCAGGAGAACCGCTTGAACCTGGGAGGTGGAGGTTACAGTGAGCCGAGATCATGCCACTGCACTCCAGCCTGGGTGACAGAACGTGACTCCGTCTCCAAAAAAAAAAAAAAA"
"chr1","31287778","31288046","chr2","32323","32577","51","31255455","CCGGGTGCGGTGGCTCACACCTATAATCCCAGCATTTTGGGAGGCCGAGGCAGGCGGATCATAACGTGAAACCCCGTCTCTACAAAAATTACAAAAAAATTAGGTGGGCCTGGTGGCACATGCCTGTAATCCCAGATACTCGGGAGGCTGAGGCAGGAGAATTTTGCTTGACCCTGGAAGGCGGAGGTTGCAGTGAGCCGAGATCGTGCCACTGCACTCCAGCCTGGGCAACAGAGTGAGACTCTGTCTCAAAAAAAAAGAAAGAAAAA","GGCCGGGCACAGTGACTCACATCTGTAATCCCAACACTTTGGGAGGCCGAGGCTAACATGGTGAAACCCTGTCTCTACTAAAAATACAAAAAAATTAGCCAGGCGTGGTGGCATGTGCCTATAGTCCCAACTACTAGGGAGGCTGAGGCAGGAGAATTGCTTGAACCTGGAAGGCAGAGGTTGCAGTGAGATGAGATCGTGCCACTGCACTCCAGCCTGGGCGACAAAGTGAGACTCCATCTCAAAAAAAAAAAA"
"chr1","31365005","31365315","chr1","30323380","30323688","34","1041625","GGTCGGGCGCAGTGGCTTTCACCTGTAATCCCAGCACTTTGGGAGGCTGAGGTGGGTGGATCACAATATCAGGAGATCAAGACCATCCTGGCCAACATGGTGAAACCCCATCTCTACTAAAATACAAAAAATCAGCTGGGCGTGGTGGCACGTGCCTGTAGTCCCATCTACTCGGGAGGCTGAGGCGGGGGAATCGCTTGAACATGGGAGGCGGAGGTTGCAATGAGCCAAGATTGCACCACTGCACTCCAGCCTGGGCAACAAGAGTGAAACTCCGTCTCAAAAAAAAAAAAGAAAAGAAAAGAAAAGAA","GGTCGGGTGTGGTGGCTTACACCTGTAATCCCAGCACTTTGGGAGGCTGAGGTGGACGGATCACGATATCAGAAGATCAAGACTGTTCTGGCCAACATGGTGAAACCCCATCTCTACTAAAATACAAAAAATTAGCTGGGCATGGTGGCACATGCCTGTAGTCCCATCTACTTGGGAGGCTGAGGCAGGGAAATCGCTTGAACCTGGGAGGCGGAGGTTGCAACGAGCCAAGATTGTGCCACTGCACTCCAGCCTGGTGACAGAGAAAGACTCTGTCTCAAAAAAAAAAAAAAAAAAAAGAAAGAAAAA"
"chr1","31930523","31930835","chrX","872740","873049","38","31057783","GGCCGGGCTCGGGGCTCACACCTGTGATCCCAGCACTTTGGGAGGCCGAGGCCAGTGGATCACAGGGTCAGGAGATCGAGATCATCCTGGCTAACACGGTGAAACCCTGTCTCTACTAAAAATACAAGAAAAAAATAGCCGGGTGTGGTGGCAGGCGCCTGTAGTCCCAGCTACTCAGAAAGCCTAGGCAGGAGAATCGCTTGAACCCGGGAAGTGGAGGTTGCAGTGAGCCAAGATCATGCCACTGCATTCCAGCCTCGGTGACAGAGCGAGACTCCATCTCAAAAAAAAAAAAAAAAAAAAAAGAAAGAAA","GGCCGGGCGCGGTGGCTCACGCCTGTAATCCCAGCACTTTGGGAGGCCGAGGCAGGCGGATCACGAGGTCAGGAGATGGAGACCATCCTGGCTAACACGGTGAAACCCCGTCTCTACTAAAAATACAAAAATTAGCCGGGCGTGGTGGCGGGCGCCTGTAGTCCCAGCTACTCAGGAGGCCGAGGCAGGAGAATCGCTTGAACCCAGGAGGCGGAGGTTGCAGTGAGCCGAGATCACCCCATTGCACTCCAGCCTGGGCGACAGAGCAAGACTCCGTCTCAAAAAAAAAAAGAAAAGAAAAGAAAAGAAA"
"chr1","31968174","31968481","chr1","30891315","30891616","34","1076859","GTCGGGCGCGGTGGCTCACGCCTGTAATCCTAGCACTTTGGGAGGCCAAGGCGGGTGGTTCATGAGGTCAGGAGATCGAGACCATCCTGGCCAAAATGATGAAACCCTGTCTCTACTAAAATACAAAAAAATAGCTGGGCGTGGTGGCACGCGCCTGTAATTCCAGCTACTCAGGAGGCTGAGGCAAGGGAATTGCTTGAACCGGAGAGGCGGAGGTTGCGGTGAACCGAGATCGCACCACTGCACTCCAGCCTGGGCAACAGAGCAGCCTCCGTCTCAAAAAAAAAGAAAAAGAAAAAAGAAAGAAA","GCTGGGCGCGGTGGCTCACACCTGTAATCCTAGCACTTTGGGAGGCCGAGGTGGGCGGTTCATAACATCAGGAGATCAAGACCATCCTGGCCAACATGACGAAACCCTGTGTCTACTAAAATACAAAAAAGTAGCCAGGCGTGGTGGCACACGCCTGTAATTCCAGCTACTCAGGAGGCTGAGGCAAGGGAATTGCTTGAACCCGGGAGGCAGAGGTTGCAGTGAACTGAGATCGCACGACTGCACTCCAGTCTGGCAACAGAGCAGACTCTGTCTCAACAAAAAAAAGAAAAGAAAAGAAA"
"chr1","32091932","32092228","chr9","117928495","117928793","32","85836563","GGCCAGGCGGGGTGGCTCATGCCTGTAATCCCAGCACTTTGGGGGGCTGAGGCGGGAGGATCACGAGGTCAGGAGATAGAGACCATCCTGGCCGACATGGTGAAACCCTGTCTCTACTAAAAATACAAAAATTAGCTGGGAGTGGTGCTATGCACCTGTAGTCCCAGCTTCTCAGGAGGCTGAGGCAGGAGAATCACTTGAATCTGGGAGTCGGATGTTGCAGTGAGCCAACATCGCACCATTGCACTCCAGCCTGGGCGACAGAGCAAGACTCCGTCTCAAAAAAGAAAAAAAAAA","GGCCGGGCACGGTGGCTCACGCTTGTAATCCCAGCACTTTGGGGAGGCTGAGGCGGGTGGATCACGAGGTCAGGAGATTGAGACCATCCTGGCCAACACGGTGAAACCCTGTCTCTACTAAAAATACAAAAAATTAGCCAGGCATGGTGGCATACGCCTATAGTCCCAGCTACCAGGGAGGCTAAGGCAGGAGAATCACTTGAATCTGGGAGGCGGAGGGTGCAGTGAGCCAAGATCGCACCACTGCACTCCAGCCTGGGCCACAGAGCAAGACTCCATCTCAAAAAAAAAAAAAAAAA"
"chr1","32102335","32102639","chr1","31025245","31025550","31","1077090","GCCGGGTGCCGTGGCTCACGCCTGTAATCCCAGCACTTTGGGAGGCTGAAGCGGGCAGATCACGAGGTCAGGAGAGCGAGACCATCCTGGCCAACATGGTGAAACCCTGTCTCTACTAAAAATACAATAAATTAGCTGGATGTGGTGGCATGCACTTGTAGTCCCAGCTACTTGGGAGGCTGAGGCAGAAGAATCGCTTGAACCTGGGAGGTGGAGGCTGCAGTGAGCTGAGATCGCACCACTGCACTCCAGCCTGGGCGACAGAGTGAGATTCCGTCTCGGGGAAACAAAAACAAAAACAAAAA","GCCAGGCGCGGTGGCTCACGCCTGTAATCCCAGCACTTTGGGAGGCTGAAGCGTGCAGATCACAAGGTCAGGAGAGTGAGACCATCCTGGACAACATGGTGAAACCCCATCTCAGCTAAAATTACAAAAAATTAGCCCGGTGTGGTGGCGGGTGCTTGTAGTCCCAGCTACTCGGGAGGCTGAGGCAGAAGAATTGCTTGAACCTGGGAGGCGGAGGTTGCAGTGAGCTGAGATCGCACCACTGCCCTCCAGCCTGGGAGACAGAGTGAGACTCTGTCTTGGAGAAAACAAAAACAAAAACAAAAA"
"chr1","32152797","32153141","chr1","31072418","31072758","80","1080379","GGGCGCGGTGGCTCACACCTGTAATCCCAGCACTTTGGGAGGCCAAAGTGGGCAGGAGATCGAGACTATCCTGGCCAACATGGTGAAACCCTGTTTCTACTATGGTGAAACCCTGTCTCTACTAAAGATTTAAAGATTTACTCTAGCTAAATCTAAAAACTGGTTGGGCGTGGTGGGGCGTTTCTGAGTCTCAGCTACTCAGGAGGCTGAGAGAGGAGAATTGCTTGAACCCGGGAGGTGGAGGTTGTAGTGAGCCGAGATCATGCCACTGCACTCCAGACTCCAGCCTGGGTGACAGAGCAAGACTCCATCTCCTAAAAAAAAAAAAAAGAAAGAAAAAAGAAA","GGGCGTGGTGGCTCACACCTGTAATCCCAGCACTTTGGGAGGCCAAGGTGGGTAGATCACGAGGTCAGGAGATCGAGACCATTGTGGCCAACATGGTGAAACCCTGTTGGGGTTTAGTTAAACCCTTTAAAGATTTAAAGATTTACTCTAGCTAAATGTAAAAATTGGGCGTGCTGGCGTGTGCCAGCGTTTGCCTGTCGTCCCAGCTACTCAGGAGGCTGAGACAGAAGAATCGCTTGAATCCGGGAGGCAGAGGTTGCAGTGAGCCAAGATTGCATTACTGCAGTCCAGTCTGAGTGACAGAGTAAGAACCTGTCTCAAAAAAAAAAAAAAAAAAAGAA"
"chr1","32153457","32153752","chr2","100586330","100586626","31","68432873","GGCCGGGCGCGGTGGCTCACGCTTGTAATCCCAACACTTTGGGAGGCCGAGGCAGGTGGATCACAAGGTCAGGAGATCGAGACCATCCTAGCTAACACGGTGAAACCCCGTCTCTACTAAAAATACAAAAATTAGCCAGGTGTGGTGGCATGCGCCTATAGTCACCAGCTACTCGGGAGGCTGAGACAGGAGAATTGCTTGAACCCGGGAGGCGGAGGTTGCAGTGAGCCAAAATTGCGCCACTGCACTCCAGTGTGGGTGACAGAGCAAGACCCTGTCTCAAAAAAAAAAAAAAA","GGCCAGGCGCGGTGGCTCACGCCTGTTAATCCCAGCACTTTGGGAGGCCAAGGCAGGCAGATCACGAGGTCAGGAGACCGAGACCATCCTGGCTAACAGGGTGAAACCCCGTCTCTATTAAAAATACAAAAAATTAGCCAGGCATAGTAGCATGCGCCTGTAGTCCCAGCTACTCGGGAGGCTGAGGCAAGAGAATCGCTTGAACCCGGGAGGCGGAGGTTGCAGTGAGCCGAGATTGCGCCACTGTACTCCAGCCTGGGTGACAGAGCAAGATTCCATCTCAAAAAAAAAAAAAAA"
"chr1","32181430","32181737","chr1","31096969","31097274","25","1084461","GGCCGGGCGTGGTGGCTCATGCCTGTAATCCCAGCACTTTGGGAGGCTGAGGCAGGTGGATCATGAGGTCAGGAGATCGAGACCATCCTGGCTAACACGGTGAAACCCCGTCTCTACTAAAAATACAAAAAATTAGCCAGGTGTGGTGGCACGTGCCTATATTCCCAGCTGCTTGGGAGGCTGAGGTAGGAGAATCACTTGAACCCAGGAGGCGGAGGTTGCAGTGAGCTGAGATCGTGCCACTGCACTCCAGCCTGGGCGACAGAGCGAGACTCTGTCTCAAAAAAAAATAAAAAATAAAAAATAAA","GGCCGGGCATGGTGGCTCACACCTGTAATCCCAGCACTTTGGGAGGCTGAGGCAGGTGGATCATGAGGTCAGGAGATTGAGACCATCCTGGCTAACACGGTGAAACCCCGTCTCTACTAAAAATACAAAAAATTAGCCAGGTGTGGTGGCACGTGCCTGTAGTCCCAGCTGCTTGGGAGGCTGAGGCAGGAGAATCACCTGAACCCAGGAGGCAGAGGTTGCAGTGAGCTGAGATCGCACCACTGCACTCCAGCCTGGGCGACAGAGTAAGACTCTGTCTCCCCCCCCCAAAAAAAAAGAAAGAAA"
"chr1","32203107","32203412","chr3","170399117","170399420","35","138196010","GCCGGTGGTGGTGGCGCGTGCCTGTAATCCCAGCACTTTGGGAGGCCAAGGCAGGCGGATCATGAGGTCAGGAGATTGAGACCATTCTGGCTAACATGGTGAAACCCCATCTCTACTAAAAATACAAAAAACTAGCAAAGTGTGGTGGCACACACCTGTAGTCCCAGCTACTCGGGAGGCTGACGCAGGAGAATCGCTTGAAACCGGGAGGTGGAGGTTGCAGTGACCCGAGATCACACCACTGCACTCCAGCCTGGGGACAGAGTGAGACTCCGTCTCAAAAAAACAAACAAACAAAAAAACAAA","GGCAGGGTGCGGTGGCTCAAGCCTGCAATCCCAGCACTTTGGGAGGCCAAGGCAGGCAGATCATGAGGTCAGGAGATGAGACCATCCTGGCCAACACAGTGAAACCCCATCTCTACTAAAAATACAAAAACTAGCCAGGCGTGGTGGCGCACACCTATAGTCCCAGGTACTTGGGAGGCTGAGGCAGGAGAATCGCTTGAACCTGGGAGGTGGAGGTTGCAGTGAGCCGAGATCGCACAACTGCACTCCAGCCTGGGCGACAGAGCGAGACTCCGTCTCAAAAAAAAAAAAAAAAAAAAAAAAA"
"chr1","32217086","32217384","chr2","84585817","84586114","38","52368731","GGCTGGGCACGGTGGCTCACACCTGTAATCCCAGCACTTTGGGAAGCTGAGATGGACGGATCACGAGGTCAGGAGATCGAGACCATCCTGACTAACACGGTGAAACCCCGTCTCTACTAAAAATACAAAAAATTAGCCAGGCGTGGTGGCGGGCGCGTGTAGTCCCAGCTACTCGGGAGGCTGAGGCAGGAAAATCGCTTGAAACTGGGAAGTGAAGGTTGCAGTGAGCCAAGATTGCACTATTCCACTCCAGCCTGGGCAACAACGGCGAATCTCCATCTCAAAAAAAAAAAAAAGAA","GGCCAGCGCGGTGGCTCAAGCCTGTAATCCCAGCACTTTGGGAGGCCGAGATGGGCGGATCACGAGGTCAGGAGATCGAGATCATCCTGGCTAACACGGTGAAACCCCGTCACTACTAAAAATACAAAACAATTAGCCAGGCGTGGTGGCAGGCGCCTGTAGTCCCAGCTACTCGGGAGGCTGAGGCAGGGGAATCGCTTGAACCCGGAAGGCGAAGGTTGCAGTGAGCCGAGATCACACCACTGCACTCCAGCCTGGTTGACAGAGTGAGACTCCATCTCAAAAAAAAAAAAAAAAA"
"chr1","32217458","32217576","chr10","63832033","63832158","31","31614575","ATTAGCTGGGCATGGTAGCCTGCACCTGTAGTCCCAGCTACTTGGGAGGCTGAGATGGGAGGATGGCTTGAGCCAGTGAGGCAGAGGTTGCAATAAACTGAGATTGCACCACTGCCTCC","TTAGCTGGGTATGGTGGCAGGTTCCTGTAATCCCAGCAATTTGGGAGGCTGAGGCAGGAGAATAGCTTGAACTCAGTGGTCAGAGGTTGCAGTGAACCGAGATGGAGTCACTCACTGCACTCCAGC"
"chr1","32368346","32368633","chr7","113437485","113437769","35","81069139","GGCCTGGCACAGTGGCTCACACCTGTAATCCCAGCACTTTGGGAGGCTGAGGTGGGCAGATCACAAGGTCAGGAGATCGAGACCACCCTGGCTAACATGGTGAAACCCCCTGCCTACTAAAAATACAAAAAATTAGCCGGGCATGTTGGCACCCGCCTGTAGTCCCAGCTACTCAGGTGGCTGAGGCAGGAGAATCACTTGAACCTGGGAGTCAGAGGTTGCGGTAAGCCAAGATCCCACCACTGCACTCCAGCCTAGGTGTCAGAGCAAGACTCCATCTCAAAAAAA","GGCCAGGTGCAGTGGCTCACACCTGTAATCCCAGCACTTTGAGAGGCTGAGGTGGGCAGATCACAAGGTCAGGAGATCGAGATCATCCTGGCCAACATGGTGAAACCCCGTCTCTACTAAAAACACAAAAAATTAGCTGAGTGTGGTGGCACTCGCCTGTAGTCCCAGCTACTTGGGAGGCTGAGGCAGGAGAATTGCTTGAACCTGGGAGGCAGAGGTTGCAGTGAGCCAAGATCATACCACTGCACTCCAGCCAGGGTGACAGAGTGAGACTCCATCTCAAAA"
"chr1","32381785","32382088","chr18","11323123","11323428","44","21058662","GGTGCAGTGGCTCACGCCTGTAATCCCTGCACTTTGGGAAGCCGAGGTGGGCGGATCACGAAGTCAGGAGTTTGAGACCATCCTGGCTAATACGGTGAAACCCCGTCTCTACTAAAAATACAAAAAATTAGCCGAGTGTGGTAGCATGCATCTGTAGTCCCAGCTACTTGAGAGGCTGAGGCAAGAGAATCGCTTGAACCCGGGAGGCAGAGGTTGCAGTGAGCCGAGATCGAGCCATTGCATTCCAGCCTGGGTGACAAAGCAAGACTCTGTCAAAAGAAAGAAAGAAGGAAAGAGAGAGAGA","GGCTGGGCACGGCTCACGCCTGTAATCCCAGCACTTTGGGAGGCTGAGGTGGGTGGATCACGAGGTCAGGAGATTGAAACCATCCTGGCTAATATGGTGAAACCCCGTCTTTACTAAAAATACAAAAAATTAGCCAGGTGTGGTGGCATGCACCTGTAGTCCCAGCTACTTGGGAGGCTGAGGCAGGAGAATCGCTTGAACCCGGGAGGCGGAGCTTGCAGTGAGCTGAGATTGCACCATTGCACTCCAGCCTGGGTGACAGAGCGAGATGCCATCTCAAAAAAAAAAAAAAAAAAAAAAGTAAAA"
"chr1","32403634","32403937","chr14","118913053","118913356","30","86509419","GGCCGGGCACAGTGGCTCACGCCTGTAATCCCAGCACTTTGGGAGGCCGAGGCAGGAGGATCACAAGGTGAGGAGATTGAGACCATCCTGGCAAACACGATGAAACCCCATCTCTACTAAAAATATTAAAAATCAGCCAGGTGTGGCGGCACGCGCCTGTAGTCCCAGCTACTAGGGAGGCTGAGGCAGGAGAATCGCTTGAACCCAGGAGGTGGAGGTTGCAGTGAGCTGAGATCGCGCCACTGCACTCCAGCCTGGGAGACAGAGTGAGACTCTGTCTCAAAAAAAATAAAAAAAGAAAAAA","GGCCGGGCGCGGTGGCTCACGCCTGTAATCCCAGCACTTTGGGAGGCCGAGGCGGGTGGCTCACAAGGTCAGGAGATCGAGACCATCCTGGCTAACATGGTGAAACCCCATCTCCACTAAAAATATAAAAAATTAGCCGGGCGTGTTGGCAGGCACCTGTAGTCCCAGCTACTCGGGAGGCTGAGGCAGGAGAATTGCTTGAACCCGGGAGGCGGAGGTTGCAGTGAGCGGAGATCGCACCACTGCACTCCAGCCTGGGTGACAGAGCCAGACTCTGTCTCAAAAAAAAAAAAAAAAAAAAAAA"
"chr1","32415354","32415664","chr16","45426817","45427122","35","13011463","GGCCGGGTGTGGTGGCTCACGCCTGTAATCCCAACACTTTGGGAGGCCGAGGCAGGCCAATCACGAGGTCAGGAGATTGAGGCCATCCTGGCTAACATGATGAAACCCTGTCTCTACTAAAAATACAAAAAATTAGCTGCGCATGGTGGCACGTACCTGTAATCCTAGCTATTTGGGAGGCTGAGGCAGGAGAATCACTTGAACCCAGGAGGCAGAGGTTGCAGTGATCCGAGATGGCGCCACTGCACCCCAGCCTGGGAGACAGAGCAAGACTCCGTCTCAAAAAAAAAAAAAAAGAAAAAGAAAAAGAA","GGCTGGATGTGGTGGCTCACACCTGTAATCCCAGCACTTTGGGAGGCTGAGGCAGGCAGATCATGAGGTCAGGAGATCGAGACCATCCTGGCTAACATAGTGTAACCCTATCTCTACTAGAAATATAAAAAATTAGCTGGCGTGGTGGCACGTGCCTGTAATTCCAGCTACTTGGGAGGCTGAGGCAGGAGAATCACTTGAACCAGGGAGGCGGAGGTTGCAGTGAGCCGAGATCATGCCACTGCACTCCAGCCTGGGCGACAGAGCAAGACTCCGTCTCAAAAAAAAAAAAAAAAAAAAAAAAAA"
"chr1","32564429","32564739","chr16","3245842","3246150","29","29318587","GGCTGGGCGCGGTGGCTCGCACCTGTAATCCCAGCCTTTTGGGAGGCCCAGGCGGGCAGATCACGAGGTCAGGAGATCGAGACCATCCTGGCTAACACGGTGAAACCCTGTCTCTACTAAAAATACAAAAAAGTTAGTTAGGCATGGTGGCGGGCACCTGCAGTCCTAGCTACTTGGGAGGCTCAGGCAGGAGAATCGCTTGATCCCGGGAGGCGGAGGTTGCAGTGAGCCGAGATCCGCCACTGCACTCCAGCCTGGGTGACAGAGCGAGACTCTGTCTCAAAAAAAAAAAAAAAAAAAAAAAAAAAAAA","GCTGGGCGCGGTGGCTCACGCCTGTAATCCCAGCACTCTGGGAGGCCAAGGCGGGCAGATCACGAGGTCAGGAGATCGAGACCATCCTGGCTAACACGGTGAAACCCCGTCTCTACTAAAAATACAAAAAATTAGCTGGGCGTGGTGGCGGCGCCTGTGGTCCCAGCTACTCGGGAGGCTGAGGCAGGAAAATCGCTTGAACCTGGGAGGCAGAGGTTGCAGTGAGCTGAGATCACGCCACTGCACTCCAGCCTGGGTGACAGAGCGAGACTCTGTCTCAAAAAATAAAAATAAAAATAAAAAAATAAA"
"chr1","32625460","32625758","chr1","19563103","19563398","35","13062357","GGCCGGGCGCGGTGGCTCATGCCTGTAATCCCAGCACTTTGAGAGGCTGAGGCGGGCAGATCACGAGGTCAGGAGATCGAGACCATCCTGGCTAATATGATGAAACCCCGTGTCTACTAAAAATACAAAAAATTAGCTGGGCATGGTGGCAGGCACCTGTAATCCCAGCTACTCGGGAGGCTCAGGCAGGGGAATCACTTGAACCCAGGAGGCGGAGGTTGCAGTGAGCCGAGATCGCTCCACTGTGCCATTGCACTCCCATCTGGGCGACAGAGTGAGACTCCATCTCAAAAAAAAAA","GGCTGGGCGCGGTGGCTCACACCTGTAATCCCAGCACTTTGGGAGGCTGAGGCCGGCGAATCACGAGGTCAGGAGATCGAGACCATCCTGGCTAACACGGTGAAACCCAGTCTCTAGTAAAAATACAAAAAATTAGCTGGGCATGGTGGCACACACCTGCAATCCCAGCTACTTGGGAGGCTGAGGCAGGAGAATCGCTTGAACCCGGGAGGCGGAGGTTGCAGTGAGCCGAGATCACACCACTGTACTGCCTCCAGCCTGGGTGACAGAATGAGACTCCGTCTCAAAAAAAAAAA"
"chr1","32641351","32641546","chr1","20817755","20817952","32","11823596","TCGTGACCAGCCTGGGTAACACAGTGAAACCCCGTCTCTACTAAAATACAAAAAATTAGCTGGGTGTGGTGGCATACACCTGTAATCCCAGCTACTTGGGAGGCTGAGGCAGGAGAATCGCTTGAATATGGAAGGCGGAGGTTGCAGTCCAGCCTGGGCGAGAGAGTGAGAATCTGTCTCAAAAAAAAAAAAAAAA","TCGAGACCATCCTGGCTAACACGGTGAAACCCCGTCTCTACTAAAAAATACAAAAAACTAGCCGGGCGAGGGGGGGCGTGCACGCCTGTAATCCCAGCTACTCAGGAGGCTGAGGCAGGAGAATCGCTTGAATTTGGGAGGCGGAGGCTGCAGTGCCTGGGTGACAGAGAGAGATTCCATCTCAAAAAAAAAAAAAAA"
"chr1","32667350","32667637","chr1","11858253","11858537","38","20809097","GTGGATCACGCTTGTAATCCCAGCACTTTGGGAGGCTGAGGCAGGCAGATCACGAGGTCAGGAGATCAAGACCATCCTGGTCAACATGGTGACACGCCATCTCTTATAAAATACAAAAAATTAGCTGGGCATGGTGGCACACGCCTGTAGTGCCAGCTACTCGGGAGGCTGAGGCAGGGGAATCACTTGAACCTGGGATACGGAGGTTGCAGTGAGCCAAGATCGCGCCACTGCACTCCAGCCTGGCGACAGAGTGAGAGTCCGTCAAAAAAACAAAAAAAAAACAAA","CTCATGCCTGTAATCCCAGCACTTTGGGAAACTGAGGCAGGCAGATCATGAGGTCAGGAGATCAAGACCATCCTGGTTAAAAAGGTGAAACCCCATCTCTACTAAAAATACAAAAAAATTAGCTGGGCATGGTGGCACGCGCCTGTAGTCCCAGTTGCTCGGGAGGCTAAGGCAGGAGAATCACTTGAACCTGGGAGGCGGGGGTTGCAGTGGGCCGAGATCACGCCACTGCACTCCAGCCTGGGCAACAGAGTGAGACTCCGTCTCAAAAAAAAAAAAAAAAAA"
"chr1","32859063","32859235","chrX","59842814","59842986","38","26983751","AATACAGAAACTTAATAGCTGGGCATGATGGCACGTACCTGTAGTCCCAGTTCCTTGGGAGGCTGAAGTGGGAGGCTAGCGTGATCCCAGGAGGCAGAGGTTGCAGTGAGCTAAGATGGTGCCACTGCACTCCAGCCTGGGTGACAGAGCGAGACCCTGTCTCAAAAAAAAAA","TACAAAAAATTAGCCAGGCATGGTGGCATGCACCTGTAGTCCCAGCTACTGGGGAGGCTGAGGCAGGAGAATCGCTTGAACCCAGGAGGCAGAGGTTTCAACGAGCTGAGATCGTGCCACTGCACTCCAGCCTGGGTGACAGAGCAAGACTCCGCCTAAAAAAAAAAAAAAAA"
"chr1","32870875","32871143","chr7","69097134","69097409","45","36226259","GGCCGGGTGCGGTGGCCCATGCCTGTGATCCCAGCACTTTGGGAGGCAGAGGCGAGTGGATCATGAGGTCAGGAGATCGAGACCATCCTGGCTAACACGGTGAAACCCTGTCTCGCTAAAAATACAAAAAATTAGCCGGGCGTGGTGGTGCGTGCCTGTAATCCCAGCTACTCGGGGGCTGAGGCAGAATTGCTTGAACCCGCAAGGTGGAGGTTGAGATCGCGCCACTGCACTCCAGCCTGGGCGACAGAGACTCCGCCTTAAAAAAA","GGCCGGGTACAGTGGCTCATGCCTGTAATCCCAGCACTTTGGGAGGCTGAGGTGGGCGGATCATGAGGTCAGGAGATCGAGACCATCCTGGCTAACACAGTGAAACCCTGTCTCTACTAAAAATACAAAAATTTACTGGGTGTGGTGGCACACGCCTGCAGTCCGAGCTACTCGGGAGGCTGAGGCAGGAGAATCCCTTGAACCTGGGAGGCAGAGTTGAGATCGCGCCACTGCACTCCAGCCTGGCAAGAACGAGACTCCATGTCAAAAAAAAAA"
"chr1","32873516","32873818","chr1","31761877","31762179","21","1111639","GGCCGGGCTCAGTGGCTCACACCTATAATCCCAGTACTTTGGGAGGCCGAGGCAGGTGGATCATGAGGTCAGGAGATCAAGACCATCCTGGCTAACATAGTGAAACACTGTCTCTAATAAAAATAGAAAAAATTAGCCAGCTATGGTGGCATGCACCTGTAGTCCCAGCTACTCGGGAGGCTGAGGCAGGAAAATCGCTTGAACCCAGGAGGCAGAGGTTGCAGTGAGCCCAGATCATGCCACTGCACTCCAGCCTGGGTGACAGAGCGAGACTCCTTCTCAAAAAACAAAAAAAACAAAAAA","GGCCGGGCTCAGTGGCTCACACCTATAATCCTAGTACTTTGGGAAGCCGAGGTGGGTGGATCATGAGGTCAGGAGATTGAGACCATCCTGGCTAACATGGTGAAACCCCGTCTCTACTAAAAATACAAAAAATTAGCCAGCCATGGTGTTATGCACCTGTAGTCCCAGCTACTCAGGAGGCTGAGGCAGGAAAATCGCTTGAACCCAGGAGGCAGGGGTTGCAGTGAGCCCAGATCACACCACTGCACTCCAGCCTGGGTGACAGAGCAAGACTCCTTCTCAAAAAAAAAAAAAAAAAAAAAA"
"chr1","32882129","32882431","chr19","40872250","40872551","40","7990121","GGCCAGGCGCAGTGACTCGTGCCTGTAATCCCAGCACTTTAGGGGGCCATGATCCCTGGTGGATCACGAGGTCAGGAGATTGAGACCATCCTGGCCAACATGGTGAAACCCGGTCTCTACTAAATACACAAAAATTAGCCAGGCGTGGTGGCAGGCACCTATAGTCCCAGCTACTCAGGAGGCTGAGGCAGGAGAATCACTTGAACCCAGGAGGAGGAGTTTGCAGTGAGCTGAGACCACACCACTGCACTCCAGCCTGGGCGACAGAGTGAAGCTCCATCTCAAAAAAAAAAGAAAAGAAAA","GGCCGGGCGCAGTGGCTCATGCCTGTAATACCAGCACTTTGGGAGGCCGAGGCAGGTGGATCACGAGGTCAGGAGATTGAGACCATTGTGACCAACATGGTGAAACCCCGTCTCTACTAAAAATACAAAAATTAGCCAGGTGTGGTGGCAGGCACCTATAGTCCCAGCTACTCGGGAGGCTGAGGCAGGAGAATCGCTTGAACCCAGGAGGCAGAAGTTGCAGTGAGCTGAGATCATGCCACTGCACTCCAGCCTGGGTGCCAGAGCGAGACTCTGTCTCAAAAAAATTAAAAAATTAAAAA"
"chr1","32964240","32964530","chr6","180011017","180011306","33","147046777","GCCGGGCGTGGTGGCTCACACCTGTAATCCCAGCATTTCAGGAGGCCGAGGCGGGCAGATCACGAGGTCAGGAGATCGAGACCATCCTGGCTAACACAGTGAAACCCCGTCTCTACTAAAATTACAAAAAATTAGCTGGGTGTGGTGGCGGGGCGCCTGTAGTCCCAGCTACTCAGAAGGCTGAGGCAGGAGAATCACTTGAACCTGAGAGGAGGAGGTTGCGGCGGGCTGAGATCACGCCACCACACTCCATCCTGGATGACAGAGTGAGACTCCGTCTCCAAAAAAAAA","GTCGGGCACAGTGGCTCACACCTGTAATCCCAGCACTTCAGGAGGCCAAGGCAGGCAGATCACGAGGTCAGGAGATCAAGACCATCCTGGCTAACACGGTGAAACCCGTCTCTACTAAAAATACAAAAAATTAGCTGGGTGTGGTGGTGGGTGCCTGTAGTCCCAGCTACTCGGGAGGCTGAGGCAGGAGAATCGCTTGAACCTGCGAGGTGGAGGTTGCAGTGAGCAGAGATCATGTCACTGCACTCCAGCCTGGGCGATAGAGTGAGACTCCGTCTCAAAAAAAAAAA"
"chr1","33132710","33133015","chr1","32033535","32033843","33","1099175","GGCCGGATGTGGTGGCTCACACCTGTAATCCCAGCACTATGGGAGGCCAAGGTGGGCGGATCATGGGGTCAGGAGATCGAGATCTTCCTGGCTAACACGGTGAAACCCCAAACCCCGTCTATACTAAAAAAAAAAATTAGCCAGGCGTGGTGGCACGTGGCTGTAGTCCCAGCTACTCAGGAGGCTCAGGCAGGAGAATCACTTGAACCTGGGAGGCGGAGGTTGCAGTGAACCGAGATCGCGACATCATACTCCAGCCTGGGTGACAGAGACTCCGTCTCAAAAAAAAAAAAAAAAAAAAAGAAA","GGCCAGGTGTGGTGGCTCACGCCTGTAATCCAGCACTTTGGGAGGCCAATGTGGGCGGATCATGGGGTCAGGAGATTGAGACCATCCTGGCTTAACACGGTGAAACCCCAAACCCTGTCTCTACTAAAAAAAAAAAATTGGCCAGGCATGGTGGCACGTGCCTGTAGTCCCAGCGACTTGGGAGGCTAGGGCAGGAGAACTGCTTGAACCTGGGAGGCGGAGGTTGCAGTGAACAGAGATCGTGTCACCGTACTCCAGCCTGGGTGACAGAGGCTCTGTCTCAAAAAAAAAAAAAAAAAAAAAAAGAAA"
"chr1","33297556","33297862","chr9","98432771","98433070","47","65135215","GCTGGGCGCAGTGGCTCACGCCTGTAATCCCAACACTTTGGGAGGCAGAGGTAGGCAGATCATGAGGTCAGGAGGTCGAGACCATCCTGGCTAACACGGTGAAACCCCATCTCTACCCCATCTCTACCCCATCTCTCCAGGCATGGTGGCGGGCGCCTGTAGTCCCAGCTATTTGGGAGGCTGAGGCCTCCCAAGAGAATCGCTTGAGCCTGGGAGGTGGAGGTTGCAGTGAGCCGATATTGCACCACTGCACTCCAGCCTGGGCGACAGAGCGAGACGCCGTCTCAAAAAAAATAAATAAATAAAA","GGCTGGGCGTGGTGGCTCACGCCTGTAATCCCAGCACTTTGGGAGGCTGAGGCGGGCAGATCACGAGGTCAGGAGATCAAGACCATCCTGGCTAACACGGTGAAACCATGTCTCTACTAAAAATACAAAGCAATTAGCCAGGCATGGTGGTGGGCGCCTGTAGTGCCAGCTACTTGGGAGGCTGAGGCAGGAGAATCACTTGAACCTGGGAGGCCGAGGTTGCAGTGAGCCAAGATCGCACCACTGCACTCCAGCCTGGGCGACAGAGCGAGACCTCGTCTCAAAAAAAAAAAAAAAAAA"
"chr1","33361898","33362093","chrX","107228651","107228850","50","73866753","GAAACCCCCAACTCTACTACAAATACAAAAAAAAAAAAATGAGCGGGGCATTCATGGCACACACCTATAATCCCAGCTACTCAGGAGGCTGAGGCACGAGAATCGCTTGAACCGGGAGGCAGAGGTTTCCGTGAGCTGAGATCGTTCCACTACACTCCAGCCTGGGTGACAGAGTGACACTCCATCTTAAAAAAAA","CTAACACAGTGAAACCCCATCTCTACTAAAAATACAAAAAATTAGCCAGGCATGGTGGTGGGCGCCTGTAATCCCAGCTACTCTGGAGACTGAGGCAGGAGAATCCCTTAAACCTGGGAGGCAGAGGTTGCAGTGAGCCGAGATTGCACCATTGCACTCCAGCCTGGGTGACAGAGTGAGACTTCGTCAAAAAAAAGAAA"
"chr1","33486317","33486359","chr20","54495305","54495348","15","21008988","GGACATGATAGTACCCACCTGTAGTCCCAGCTACTTGGAGGGC","GGCCCTGCACAGTGGCTCACGCCTGTAATCCCAGCACTTTGGGA"
"chr1","34642088","34642393","chr15","50080292","50080598","32","15438204","GGCTGGGTGTGGTGACTCACGCCTGTAATCCCAGCACTCTGGGAGGCTGAGGTGGGCAGATCACAAGGTCAGGAGATCAAGACAATCCTGGCTAACATGGTGAAACCCCATCTCTAATAAAAATACAAAAAATTAACCGGGCATGGTGGCACACGCCTGTAATCCCAGCAACTCGGGAGGCTGAGGCAGGAGAATTGCTTGAACCTGGTAGGTGGAGGTTGCAGTGAGTCAAGATTGCACCACTGCACTCCAGGCTGGGCAACAGAGCGAGACTTTGTCTCAAAACAATAAAATAAAATAAATAAA","GGCCGGGCGTGGTGGATCAAGCCTGTAATCCCAGCACTTTGGGAGGCTGAGGTGGGCAGATCACGAGGTCAGGAGATCGAGACCATCCTGGCTAACACGGTGAAACCCCCGTCTCTACTAAAAATACAAAAAATTAGCCGGGCGTGGTAGCACACACCTGTAGTCCCAGCTACTTGGGAGGCTGAGGCAGGAGAATCGCTTGAACCTGGGAGGTGGAGGTTGCGGTGAGCAGAGATCACACCACTGCACTCCAGCCTGGGCAACAGAGCGACACTCTGTCTCAAAAAATAAAATAAAATAAAATAAA"
"chr1","34693094","34693321","chr9","93688855","93689088","32","58995761","GGCTGGGCGTGGTGGCTCACCCCTCTAATTCCAGCACTTTGGGAGGCCGAGGTGGGAGGATCACAAGGTCAGGAGTTCGAGACCATCCTGGCTAACACGGAGAAACCCCATCTCTACTAAAAATACAAAAAATTAGCCAGGCTTAGTGGCACGCATCTGTAGTCCCAGCTACTTGGGAGGCTGAGGAAGGAGAACCGCTTGAACCCGGGAGGCGGAGGTCACAGTGAG","GGCCAGGCACGGTGGCTCACGCCTATAATCCCAGCACTTTGGGAGGCTGAGGTGGGCAGATCAGGAGGTCAGGAGATTGAGACCATCCTGGCTAACACGGTGAAACCCCATCTCTACTAAAAATACAAAAAATTAGCCGGGCATGGTGGCACGCACCTGTAGTCCCAGCTACTCGGGAGGCTGAGGCAGGAGAATCGCTTGAACCCAGGAGGCAGAGGTTGCAGTGAGCCGAGA"
"chr1","34972047","34972345","chr9","117928495","117928793","30","82956448","GGCCGGCCACAGTGACTCATGCTTATAATCCCAGCACTTTGGGAGGCCGAGGCGGGTGGATCATGAGGTCAAGAGATTGAGACCATTCTGGCCAACACAGTGAAACCCCGTCTCTACTAAAAATACAAAAATTAGCTGGGCGTGGTGGCATGCGCCTGTAGTCCCAGCTACTTGAGAGGCTGAGGCAGGAGAATCACTTGAACCTGGGAGGTGGAGGTTGCAGTGAGTTAAGATCGCACCACTGCACTCCAGCCTGGGCAACAGAGCAAGACTCCATCTCAAAAAAAAAAAAAAAGAAA","GGCCGGGCACGGTGGCTCACGCTTGTAATCCCAGCACTTTGGGGAGGCTGAGGCGGGTGGATCACGAGGTCAGGAGATTGAGACCATCCTGGCCAACACGGTGAAACCCTGTCTCTACTAAAAATACAAAAAATTAGCCAGGCATGGTGGCATACGCCTATAGTCCCAGCTACCAGGGAGGCTAAGGCAGGAGAATCACTTGAATCTGGGAGGCGGAGGGTGCAGTGAGCCAAGATCGCACCACTGCACTCCAGCCTGGGCCACAGAGCAAGACTCCATCTCAAAAAAAAAAAAAAAAA"
"chr1","35322451","35322612","chr4","140168185","140168346","28","104845734","TTAGCCCAGCATGGTGGCACATGCCTATAGTCCCAGCTACTTGGGAGGCTGAGGCAGGAGGATCACTTGAGCCCAGGAAATGGAGGTTGCAGTGAGCTGAGATTGAGCCACTGCACTCCAGCCTGGGGAACAGAGTGAGACTGTCTCAATTTAAAAACAAAA","TAGCTGGGCATGGTGGCATGTGCCTATAATCTCAGCTACTTGGGAGGCTGAGGCAGGAGAATCACTTGAACCTGGGAGATGGAGGTTGCAGTGAGCCGAGATGATGTCACTGCACTCCAGCCTGGGCGACAGAGCTAGACTCCATCTCAAAAAAAAAAAAAA"
"chr1","35347718","35347991","chr18","67602006","67602279","32","32254288","GGCCGGGCGCTTTGGCTCATGCCTGTAATCCCACCACTTTGGGAGGCCGAGGCGGGCAGATCACAAGGTCAGGAGATTGAGACCATCCTGGCCAACATGGTGAAACCCCGTCTCTACTAAAAATATGAAAAATTAGTTGGGTGTGGTGGCGGGCGCCTGTAGTCCCAGTTTCTCAGGAGGCTGAGGCAGGAAAATCATTTGAACCTGGGAGGCAGAGGTTGCAGTGAGCCAAGATTGTGCCAGTGCGCTCCAACCTGGGCGACAGAGCGAGACT","GGCCGGGCGCGGTGGCTCACGCCTGTAATCCCAGCACTTTGGGAAGCCGAGGTGGGCAGATCATGAGGTCAGGAGAGGGAGACCATCCTGGCTAACACGGTGAAACCCCATCTCTACTAAAAATACAAAAAATTAGCTGGGTGTGGTGGCAGACGCCTATAGTCCTATCTTCTCAGGAGGCTGAGGCAGCAGAATCCCTTGAACCTGGGAGGAGAGGTTGCAGTGAGCCAAGATTGTGCCACTGCACTCCAGCCTGGGTGACAGAGCGAGACTC"
"chr1","35354650","35354881","chr12","67929783","67930007","46","32575133","GTCAGGAGATGGAGACCATCCTGGCTAACACGGTGAAACCCCGTCTCTACTAAAAATACAAAAAAAAAAAAAAAAATTAGCTGGGCATGGTGGCACATGCCTGTAATCCCAGCTACTTGGGAGGCTGAGGCCAGATAATAGCTTGAACCTGGGAGATGGAGGTTGCAGTGAGCTGAGATGGTGCCACTTCACTGCAGCCTGGGTGATGGAGGGAGATTCCGTCTCAAAAAAA","AGGTCAGGAGATTGAGACCATCCTGTCTAACATGGTGAAACCCCGTCTCTACTAAAAATACAAAAAAAAAAAAAAGTTAGCCAGGCATGGTGGCACACATCTGTAGTCCCAGCTACTCAGGAGGCTGAGGTAGAAGAATCACTCGAACCTGGGAGGCAGACGTTGCAGTGAGCTGAGATCATGCCACTGCACTCCAGCCTGAGTGACAGAGCAATACTCTGTCTC"
"chr1","35475467","35475753","chr1","34420393","34420681","31","1055074","GCTGGGCACGGTGGCTCATGCCTGTAATCCCAGCACTTTGGGAGGCCGAGGCGGGCAGATCACGAGGTCAGGAGATGGAGCCCATCCTAACATAGTGAAACCCCGTCTCCACTAAAAATACAAAAAATTAGCCAGGCATGGCGGCACGCTCCTGTAGTCCCAGCTACTTGGGAGACTGAGGCAGGAAAATGGCTTGAACCCAGGAGGCAGAGGTTGCAGTGAGCCAAGATTCTGCCACTACACTCCAGCCTGGGCGAGAGAGTGAAACTCCGTCTAAAAAAAAAAAA","GCCAGGCGTGGTGGCTCACACCTGTAATCCCAGCACTTTGGGAGGCCGGGGCGGGCAGATCACGAGGTCAGGAGATGGAGACCGTCCTAGCTAACATGGTGAAACCTCGTCTCTACTAAAAATACAAAAAATTAGCCATGCATGGGGGCACGCACCTGTAGTCCCAGCTACCTGGGAGACTGAGGCAGGAAAATGGCTTAAACCCAGGATGCGGAGGTTGCAGTGAGCCGAGATTCCACCACTGCACTCCAGCCTGGGCGAGAGAGCGAAATTCCGTCTAAAAAAAAAA"
"chr1","35478045","35478346","chr3","95674476","95674775","28","60196431","GGTCGGGTGCGATGGCTCACGCATGTAATCCCAGCACACTGAGAGGCCAGTGCGGGCGGAACACGAGGTCAGGAGATCGAGACCATCCTGGCTAACACAGTGAAACCCTGTCTCTACTAAAAATACAAAAAATTAGCCAGGCGTGGTGGCACATGCCTGTAATCCCAGCTACTCGGGAGGCTGAGGAAGGAGAATCACTTGAACCCAGGAGGCGGAGGTTGCAGTGAGCCAAGATTGTGCCACTGCACTCCAGCCTGGGTGACAGAGCGAGACTCCATCTCAAAAAAAAAAAAAAAAAAAAA","GGCCAGGCACGGTGGCTCACGCCTGTAATCCCAGCACTCTGGAGGACAAGTGGGGCGGATCATGAGGTCAGGAGATCGAGACCATCCTGGCTAACACGGTGAAACTCCATCTCTACTAAAAATACAAAAAATTAACCAGGCGTGGTGGCGCATGCCTGTAATCCCAGCTACTCGGGAGGCTGAGGCAGGAGAATCACTTGAACTCAGGAGGCGGAGGTTGCAGTGAGCTGAGATCATGCCACTGCACTCCAGCCTGGGTGACAGAACGAGACTCCGTCTCAAAAAAAAAAAAAAAAAAAA"
"chr1","35491974","35492265","chr1","34437740","34438040","34","1054234","GGCCAGGCACAGTGGCTCACACCTGTAATCCCAGCACTTTGGGAGCATGAGGTCAGGAGATCGAGACCATCCTGGCTAATACAGTGAAACCCCGTCTCTACTAAAAACACAAAAAATTAGCTGGGCGTGGTGGCACGCGCCTGCAGTCCCAGCTACTTGGGAGGCTGAGGCAGGAGAATCGCTTGAACCCAGGAGGCAGAGGTTGCAGTGAACCAAGATTGCGCCACTGCACTCCAGCCTGGGTGACAGAGTGAGACACTGTCTCAAAAAAAAAAAAAAAAAGGAATAAAAA","GGCCAGGTGCGGTGGCTCACACCTGTAATCCCAGCACTTTGGGAGGCCGAGGCAGGCGGATCACAGTCAGGAGATTGAGACCATCCTGGCTAATACAGTGAAACCCCGTCTCTACTAAAAATACAAAAAATTAGCCGGGCATGGTGGCACACGCCTGCGGTCCCAGCTACTTGGGAGGCTGAGGCAGGAGAATTGCTTGAACCCAGGAGGCAGAGGTTGCAGTGAGCCAAGATTGTACCACTGCACTCCAGCCTGGGTGACAGAGTGAGACTCTGTCTCAAAAAAAAAAAAAGAATAAAAA"
"chr1","35541469","35541786","chr9","105321199","105321510","40","69779730","GGCCGAGCGTGGTGGCACATGCCTGTAATCCCAGCACTTTGGGAAGCCGAGGCGGGCAGATCACAAGGTCGGGAGATCAAGACCATCCTGGCTAATACAGTGAAACCCCGTCTCTACTAAAAATACAAAAAAATTAGCCGGGTGTGGTGGCACGCACCTGTAGTCCCAACTACCTGGGAGACTGAGGCCGGAGAATCACTTGAACCCAGGAGGCGGAGGTTGCAGTGAATCGAGATTGCGCCACTGCACTCCAGCCTGGGTGACAGAGTGAGACTCCGTCTCAAAAATAAATATATAAATAAGTAAATAAATAAATAA","GGCCGGGCGCGGTGGCTCAAGCCTGTAATCCCAGCACTTTGGGAGGCCGAGGCCGACGGATCACGAGGTCAGGAGATCGAGACCATCCTGGCTAATACAGTGAAACCCCGTCTCTACTAAAAATACAAAAAAATTAGCCGGGCGTGGTGGCGGGCGCCTGTAGTCCCAGCTACTTGGGAGGCTGAGGCAGGAGAATCGCTTGAACCCGGGAGGCGGAGGTTTCAGTGAGCGGAGATCGTGCCACTGCACTCCAGCCTGGGCGACAGAGTGAGACTCCGTCTCGAAAAAAGAAAAAGAAAAAATAAAAGAAAA"
"chr1","35723388","35723689","chr1","38218968","38219269","34","2495580","GGCCGGGCGCGGGGGCTCATGCCTGTAATCCCAGCACTTTGGGAGGCCAAGGTGGGTGGATCATGAGGTCAGGAGATTGAGATCATCCTGGCTAACACTGTGAAACCCCATCTCTCCTGAAAATACAAAAAAAATTAGCCGGGCGTGGTGGCAGGCGCCTGTAGTCCCAGCTACTCGGGAGGCTGAGGCAGGAGAATCGCTTGAATCCGGGAGGCAGAGGTTGCAGTGAGCTGAGATCGCACCACTGCACTCCAGCCTGGCAAGAGTGAAACTCCACATCAAAAAAAAAAAAAAAAAAAAAA","GGCTGGGCGCAGTGGCTCATGCCTGTAATCCCAGCACTTTGGGAAGCCAAGGTGGGCGGATCATGAGGTCAGGAGATGGAGACCATCCTGGCTAACACGGTGAAATCCCGTCTCTACTAAAAATACAAAAAATTAGCCGAGTGTGGTGGCACGTGCCTGTAGTCCCAGCTACTCGGGAGGCTGAGGTAGGAGAATCGCTTGAACCCAGGAGGCGGAGGTTGCAGTGAGCTGAGTTCGCACCACTGCACTCCAGCCTGGGCAACAGAGCAAGACTCCGTCTCAAAAAAAAAAAAAAATAGAAA"
"chr1","35890698","35891004","chrX","872740","873049","38","35017958","GACTGGGGGCGGTGGCTCACTCCTGTAATCCCAGCAGTTTAGGAGGCCAAGGCGGGCGGATCACGAGGTCAGGAGATCGAGACCATCCTGGCTAACATGGTGAAACCCCGTCTCTACTACAAATACAAAAAATTAGCCGGGCGTGATGGTGGGTGCCTGTAGTCCCAGATGCACGGGAGACCGAGACAGGAGAATCACTCGAACCCAGGAGGCAGAGGTTGCAGTGAGCTGAGATTACACCATTGTACCCCAGCCTGGGGGACAGAGCAAGACTCCATCTCAAAAAAATAAAAAATAAGAAAAAAAA","GGCCGGGCGCGGTGGCTCACGCCTGTAATCCCAGCACTTTGGGAGGCCGAGGCAGGCGGATCACGAGGTCAGGAGATGGAGACCATCCTGGCTAACACGGTGAAACCCCGTCTCTACTAAAAATACAAAAATTAGCCGGGCGTGGTGGCGGGCGCCTGTAGTCCCAGCTACTCAGGAGGCCGAGGCAGGAGAATCGCTTGAACCCAGGAGGCGGAGGTTGCAGTGAGCCGAGATCACCCCATTGCACTCCAGCCTGGGCGACAGAGCAAGACTCCGTCTCAAAAAAAAAAAGAAAAGAAAAGAAAAGAAA"
"chr1","35951217","35951516","chr1","34922657","34922952","40","1028560","GGCCAGGCGCAGTGACTTACGCCTGTAATCCCAGCACTTTGGGAGGCTGAGGCAGGCGGATCATGAGGTCAGGAGATCGAGACCCAGCCTGGCTAACATGGTGAAACCCTGTCTCTACTAAAAATATAAAAAATTAGCCAGTGTGGTGGCAGGCACCGCACCTCAGCTACTTGGGAGGGTGAGGCAGGAGGATGGCTCGGGCGGAAGGCGGAGGTTGCAGTGAGCCGAATTCGCGCCACTACACTCCAGCTGGGGTGACAGAGCGAGACTGTCTCAAAAAAAAAAAAAAAAAAAAAAGAA","GCTGGGCGCAGTGGCTCACGCCTGTAATCCCAGCACTTTGGGAGGCTGAGGCAGGCGGATCATGAGGTCAGGAGATCGAGACCAGCCTGGCTAACATGGTGAAACCCTGTCTCTACTAAAAATACAAAAAATTAGCCAGGTGTGGTGGCATGCGCCTGTAGTCCCAGCTACTTGGGAGGCTGAGGCAGGAGAATCGCTTGAACCCAGGAGGCAGAGGTTGCAGTGAGCCGAATTCGCGCCACTGCACTCCATCTGGGGCGACAGAGCGAGACTCCATCTCAAAAAAAAAAAAAGAA"
"chr1","35993405","35993706","chr9","26215862","26216159","42","9777543","GGCCGGGCGTGGTGGCCCACGCCTGTAATCCCAGCACTTTGGAAGGCCAAGGCGGGTGGATCATTATGTTAGGAGATCGGGACCATCCTGGCAAACATGGTGAAACTCCGTCTCTGCTAAAATTACAAAAAATTAGTTGGGCATGGTGGCGCACGCCTGTAGTCCCAGCTACTCGGGAGGCTGAGACAGGAGATTCCCTTGGATCTGGGAGCTAGAGGTTGTGGTGAGCCAAGATCATGCCATTGCACTCCAGCCTGGGCAACAAGAGTGACACTCCGTCTCTTAAAAAAAAAAGAAAAAAA","GGCCAGGCGCTGTGGCTCACGCCTGTAATCCCAGCACTTTGAGAGGCCAAGGCGGGTGGATCATGAGGTCAAGAGATCGAGACCATCCTGGCCAACATGGTGAAACCCCGTCTCTACTAAAAATACAAAAAATTAGCTGGGCATGGTGGCAGGCGCCTGTAATCCCAGCTACTTGGGAGGCTGAGGCAGGAGAATCGCTTGAACCTGGGAAGCGGAGGTTGCAGTAAGCCAAGATCACGCCATTGCACTCCAGCCTGGGCAAAAAGAGTGAAATTCCATCTCAAAAAAAAAAAAGAAA"
"chr1","36001741","36002047","chr4","3752022","3752324","33","32249719","GGTCGGGCGCAGTGGCTCACGCCTGTAATCCCAGCACTTTGGGAGGCCGAGGCAGGCGGATCACGAGGTCAGGAGATCAAGACCATCCTGGCTAACACGGTGAAACCCCCTCTACTAAAAATACAAAAAAATTAGCCAGGCGTGGTAACACACGCCTGTAGTCCCAGCTACTTGGGAGGCTGAAGCAGGATAATCACTTGAATCCTGGAGGCAGAGGTTGCGGTGTGAGCCGAGATCGCGCCACTGCACTCCAGCCTGGGTGACAGAGAGAGACTCCGTCTCAAAAAAAAATAAAAAAAAAAATAAA","GGCCGGGGGCGGTGGCTCACGCCTGTAATCCCAACACTTTGGGAGGCCGAGGCGGGCGGATCACGAGGTCAGGAGATCGAGACCATCCTGGCTAACACGGCGAAACCCCATCTCTACTAAAAATACAAAAAATTAGCCAGGCGTGGTGGCACGTGCCTGTAGTCCCAGCTACTCGGGAGGCTGAGGCAGGAGAATCGCTTGAACCTGGGAGACAGAGGTTGAAGGGAGCCGAGATCGCACCCCTGCACTCCAGCCTGGGTGACAGAGCGAGCCTCCGTCTCAAAAAAAAAAAAAAAGAAAAAA"
"chr1","36031625","36031928","chr12","84493501","84493799","32","48461876","GGCCAGGCTCAGTGGCTCACACCTGTAATCCCAGCACTTTGGGAGGCCGAGTGGGTGGATCATGGGGTCAGGAGATCGAGATCATCCTGGCCAACATGGTGAAACCCTGTCTCTACTAAAATACAAAAAATGAGCCAGGCATGGTGGCACGCGCCTGTAGTCCCAGCTACTGGGGAGGCTGAGGCAGGAGAATCACTTGAATCCAGGAGGCAGAGGTTGCAGTGAGCCAAGATCTCACCACTGCACTCCAGCCTCGCGACAGAGCAAGACTCCGTCTCAAAAAAATAAAAATAAAAAAATAAAA","GCCAGGCGTGGTGGCTCACGCCTGTAATCCCAGCACTTTGGGAGGCCAAGGTGGGTGGATCACGAGGTCAGGAGATCGAGACCATCCTGGCCAACATGGTGAAACCCTGTCTGTACTAAAATACAAAAAATTAGCTGGGCGTGGTGGCACACACCTGTAATCCCAGCTACTCAGGAGGCTGAGGCAGGAGAATCACTTGAACCCAGGAGGCAGAGGTTGCAGTGAGCCAAGATCGTACCACTGCACTCCAGCCTGGTGACAAAGCAAGACTCCGTCCCAAAAAATAAAATAAAATAAAA"
"chr1","36033632","36033787","chr19","10635260","10635411","32","25398372","TGGCACGTGCCTGTAGTCCCAGTACTTGGGGGGCTGAGGCAGGAGAATCACTTGAACCCAAGAGGCGGAGGCTGCAGTGAGTCAAGATTGCGCCACTGCACTACAGCCTGGATGACAGAGCAGGACCCTGCCTCAAAAAAAAAAAAAAAAAAAAAA","AATTAGCGTGTCTGTAGTCCCAGCTACTTGAGAGGCTGAGGCAGGAGAATCGCTTTAACCTGGGAGGCAGAGGTTGCAGTGAGCCAAGATGGCGCCACTGCACTCCATCCTGGATGACAGAGCGAAACTCCATCTCAAAAAAAAAAAAAAAA"
"chr1","36221862","36222150","chr2","182299722","182300007","40","146077860","GGCCAGGCATGGTGGCTCACAACTGTAATCTCAGCAGTTTGGGAGGCCGAGGTGGGCAGATCACGAGGTCAAGAGATGGAGACCATCCTGGCTAACGTGGTGAAACCCCGCTCTACTAAAAATACAAAAAATTAGTTGGGCGTGGTGGTACGTGCCTGTTCTACTTGGGAGGCTGAGGCAGGACAATTGTTTGATCCCGGGAGGCAGAGGCTGCAGTGAGCCGAGATCACGCCACTGCACTCCAGCCTGGGTGACAGAGCGAGACTCCATCTCAAAAAAAAAAAGAGAA","GGCTGGGCAGGTGGCTCACGCCTGTAATCCCAGCACTTTGGGAGGCTGAGGCGGGCAGATCATGAGGTCAAGAGATTGAGACCATCCTGGCTAACACGGTGAAACCCCGTCTCTACTAAAAATACAAAAAAATAGCCGGGTGTGGTGGCACGCGCCTGTAGTTAGCTGGGAGGCTAAGGCAGGACAATCGCCTGAACCAGGGAGGCGGAGGTTGCAGTGAGCCGAGATCACGCCACTGCACTCCAGCCTGGGAGACAGAGTGAGACTCCATTTCAAAAAAAAAAAA"
"chr1","36222311","36222608","chr4","26555905","26556201","40","9666406","GGCCAGGTGTGGTGGCTCATGCCTGTAATCCCAGCACTTTGGGAGGCCAAGGTGGGTGAATCACGAGGTCAGGAGATCGAGACCATCCTGGCCAACAGGGTGAAACCCCATCTCTACTAAAATACAAAAAATTAGCCAGGCATGGTGGCACATGCCTGTAGTCCCAGCTACTCAAGAGGCTGAGGCAGGGGAATTGCTTGAACCCGGGAGATGGAGGTTGCAGTGAGCCAAGATCACAGCCTGGCGACAGAGCAAGACTCCGTCTCAAAACAAAAACCAAAAAACAAAAAAAACAAAA","GGCCAGGTGCAATGGCTCACACCTGTAATCCCAGCACTTTGGGAGGCTGAGGTGTGTGAATCACGAGGTCAGGAGATCGAGACTATCCTGGCCAACATGGTGAAACCCTGTCTCTACTAAAATACAAAAAATTAGCCAGGCATGGTAGCGCATGCCTGTAATCCCAGCTACTCAGGAGGCTGAGGCAGGGGAGTTGCTTGAACCTGGGAGGTGGAGGTTGCAGTGAGCTGAGATCGCACCACTGCACTCCAGCAAGACTCCATCTCAAAAAATAATAATAATTAAAAAAGAAAGAAA"
"chr1","36347279","36347579","chr4","170001134","170001432","31","133653855","GGCTGGGCGCCGTGGCTCACGCCTGTAATCCCAGCACTTTGGGAGTCTGAGGCGGGCAGATCACAAGGTCAAGAGATTGAGACCATCCTGGCTAACACGGTGAAACCCCGTCTCTACTAAAAATACAAAAATTAGCTGGGTGTGGTGGCGCGTGCCTGTAATCCCAGCTACTCAGGAGGCTAAGGCAGGAGAATCGCTAGAACCCAGGAGGAGGAGGTTGCAGTGAGCCAAGATCACGCCACTGCACTCCAGCCTGGGCAATAGAGCAAGACTCCGTCTCCAAAAAAAAAAAAAAAAAGAA","GCTGGGAGCGGTGGCTCACGCCTATAATCCCAGCACTTTGGGAGGCCGAGGTGGGCGGATCACAAGGTCAGGAGATTGAGACCATCCTGGCTAACATGGTGAAACCCCGTCTCTACTAAAAATACAAAAAATTAGCTGGGTGTGGTGGCGGGTGCCTGTAGTCCCAGCTACTCAGGAGGCTGAGGCAGGAGAATCGCTTGAACCCAGGAGGCGGAGGTTGCAGTGAGCTGAGATCGCGCCACTGCACTCCAGCCTGGGTGACACAGCAAGACTCTATCTCAAATAAATAAATAAATAAA"
"chr1","36373492","36373789","chr7","86454351","86454652","36","50080859","GGCCAGGTGCAGTGGCTCATGCCTGTGATCCCAGCACTTTGGGAGGCCAAGGCAGGCGGATCACAAGGTCAGGAGATCGAGACCATCCTGGCCAACAAGGTGAAACCCCGTCTGTATTAAAAACACAAAAAATTAGCCAGGCGTGGTGGCAGGCGCCTGTAGTCCCAGGTACACAGGAGGCTGGGGCAGAATTGCTTGAACCAGGGAGGTGGAGCTTGCAGTAAGCCAAGATAGCGCCACTGCACTCCAGCCTGGGTGACAGAAGGAGACTCTGTCTCAAAAAAAAGAAAAAAAAAAA","GGCCGGGCGTGGTGGCTCACGCCTGTAATCCCAGCACTTTGGGAGGCCGAGGCGGGCGGATCACAAGGTCAGGAGATCGAGACCATCCTGGCTAACACGGTGAAACCCCGTCTCTACCAAAAATACAAAAAATTAGCCAGGCATGGTGGCGGGCGCCTGTAGTCCCACCTACTCAGGATGCTGAGGCAGAATTGCTTGAACCTGGGAGGTGGAGGTTGCAGTGAGCTGAGATTGCACCACTGCACTCCAGCCTGGGTGACAGAGGGAGACTCCGACTCCAAAAAAAAAAAAAAAAAAAAAAA"
"chr1","36389487","36389772","chr14","108106190","108106474","34","71716703","CGGTGGCTCACGCCTGTAATCCCAGCACTTTGGGAGGGCGAGGCAGGCGGATCACAAGGTCAGGAGATAAGAGAACATCCTGGCTAACACGGTGAAACCCCATCTCTACTAAAAATACAAAAATTAGGCAGGCGTGGTGGCTGGCGCCTGTAGTTCCAGCTACTCGGGAGGCTGAGGTAGGGGAATCGCTTGAACCTAGGAGGTGGAGGTTGCAGTGAGCTGAGATTGCACCACTGCCCTCCAGCCTGGGTGATGGAGCCAGACTCCGTCTCAAAAAAAAAAAAAA","CGGTGGCTCACGCCTGTAATCCCAGCAATTTGGGAGGCCGAGGTGGGCAGATCACAAGGTCAGGAGATTGAGACCATCCTGGCTAACATGGTGAAACCCCATCTCTACTAAAACTACAAAAAATTAGCCAGGCGTGGTGGCACGTGTCTGTAATCCCAGCTACTCAAGAGGCTGAGGCAGGAGAATTGCTTGAACCTGGGAAGCGGAGGTTGCAGTGAGCTGAGATCGCACCACTGAACTCCAGCCTGGGTGACAGAGCGAGACTCCGTCTCAAAAAAATAAAAA"
"chr1","36399687","36399820","chr3","33493296","33493438","33","2906391","TGACATGTGTCCATAGTCCCAGCTACTCCAGAGGCTGAGTCAGAAGAATTGCTTGAACCAGGAGGCGGAGGTTGCACTGAGCCGAGATAGTGCCACTGCACTCCAGACTGGGCAACAGAGGGAGACTCCGCCTC","TACAAGCATGGTGGCACGTGCCTGTAGTCCCAGCTACTCGGGAGGCTGAGGCAGGAGAATCGCTTGAACCTGGGAGGCGGAGGTTGCAGTGAGCTGAGATCACGCCACTGCTCTCCAGCCTGGGTGACAGAGTGAGACTCCGT"
"chr1","36422346","36422651","chr14","118913053","118913356","28","82490707","GGCCGGGCGCAGTGGCTCACGCCTGTAATCCCAGCACTTTGGAAGGCCGAGGCGGGAGGATCACAAGGTCAGAAGATCGAGACCATCCTGGCTAACACAGTGAAATCCCGTCTGTACTAAAAACACAAAAAATTAGCTGGGCATGGTGGCAGGCACCTGTAGTCCCAGCTGCTCGGGAGGCTGAGGCAGGAGAATCACTTGAACCCGGGAGGCGGAGCTTGCAGTGAGCGGAGATCGCGCCACTGCACTCCAGCTTGGGCGACAGAGCAAGACTCCATCTCAAAAAAAAAAAAAAAAAGAAAAAAA","GGCCGGGCGCGGTGGCTCACGCCTGTAATCCCAGCACTTTGGGAGGCCGAGGCGGGTGGCTCACAAGGTCAGGAGATCGAGACCATCCTGGCTAACATGGTGAAACCCCATCTCCACTAAAAATATAAAAAATTAGCCGGGCGTGTTGGCAGGCACCTGTAGTCCCAGCTACTCGGGAGGCTGAGGCAGGAGAATTGCTTGAACCCGGGAGGCGGAGGTTGCAGTGAGCGGAGATCGCACCACTGCACTCCAGCCTGGGTGACAGAGCCAGACTCTGTCTCAAAAAAAAAAAAAAAAAAAAAAA"
"chr1","36444068","36444364","chr8","8325984","8326278","31","28118084","GGCCAGACACGGTGGCTCACCACTATAATCCCAGCACTTTGGGAGGCTGAGGCGGGCAGATCACGAGGTCAGGAGATGGAGACCCTCTTGGCTAACACGGTGAAACCCCGTCTCTACTAAAAATACAAAAATTAGCCGGGTGTGGTGGCGGGCGCCTGTAGTCCAAGCTACCTGGGAAGCTGAGGCAGGAGAATCACTTGAACCTGGGAGGCTGAGGTTGCAGCAAGCCGAGATCGCACCATTGCACTCCAACCTGGGCAACAGAGCGAGGCTCCATCTCAAAAAAAAAAAAAAAAA","GGCCAGGCACCGTGGCTCACACCTGTAATCCCAGCACTTTGGGAGGCCCAGGTGGGCAGATCACGAGGTCAGGAGATCGAGACCATCCTGGCTAACATGGTGAAACCCCATCTCTACTAAAAATACAAAAATTAGCCGGGCGTGGTGGCGGACGCCTGTAGTCCCAGCTACTTGGGTGGCTGAGGCAGGAGAATCACTTGAACCTGGGAGGCGGAGGTTGCAGTGAGCCGAGATCGCACCGCTGCACTCCAGCCTGGGCAACAGAGCGAGACTGTCCAAAAAAAAAAAAAAAAAA"
"chr1","36453172","36453490","chr3","169805566","169805870","66","133352394","GCCGGGCGCGGCGGCTCACACCTGTAATCCCAGCACTTTGGGAGGCCGAGGCGAGTGGATCACGAGGTCAGGAGATCCAGACCATCCTGGCTAACACAGTGAAACCCGTCTCTACTAAAAAAAAGAAAAAAAAAATTTTTGCTACATCACCAGGCATGGTGGTACACACCTGCAGTCCCAGTTACTCAGGAGTCTGATGTAGGAAGATCACTTAAGCTCAGGAGTTTGAGGCTACAGTCAGCTATGTTCATGCCACTGTACTGAGGCCTGGGTGACAAAGCAAGGTTGTCTCCAAAAAAACACAAAAAGAAAAAAAAAA","GCCAGGCGCGGTGGCTCACGCTGTATTCCCAGCACTTTGGGAGGCCGAGGCGGGTAGATCACAAGGTCAGGAGATCGAGACCATCCTGGCTAACACAGTGAAACCCCGTCTCTACTAAAAATACAAAAAAATTAGCCAGACGTGGTGGCACACACCTGTAGTCCTAGCTACTCAGGAGGCTGAGGCAGGAGAATCGCCTGAACCCGGGAGGCAGAGGTTGCAGTGAGCTGAGATCATGCCACTGCACTCTAGTCTGGGTGACAAAGCGAGACTCTGTCTCAAAAAAAAGAAAAGAAAAAGAAAAA"
"chr1","36492723","36493030","chr1","35483437","35483742","39","1009286","GCCAGGCGCGGTGGATCATGCATGTAATCCCAGCATTTTGGGAGGCCGAGGTGGGCGGATCACGAAGTCAGGAGATCGAGACCATCCTGGCTAACACAGTGAAACCCCATCTTTACTAAAAGTAAAAAAAATTAGCTGGGCATGGTGGTGGGCGCCTGTAATTCCAGCTACTTGGGAAGCTGAGGCAGGAGAATCACTTGAATCCAGGTGGCAGAGGTTGCAGTGAGCTGAGATCATGCCATTGCACTCTAGCCTGAGCAACAAGAGCAAAGCTCTGTCTCAAAAAAAATAAATAAATAAAAATAAAA","GCCGTGCGCAGTGGCTCATGCCTGTAATCCCAGCACTTTGGGAGGCCGAGGCGGGCCTATCACGAGGTCAGGAGATTGAAATCATTCTGGCTAACACAGTGAAACCCCATCTCTACTAAAAATACAAAACATTAGCCAGGCGTGGTGGCGGGCACCTGTAATTCCAGCTACTTGGGAGGTCGAGGCAGGAGAATCACTTGAACCCAGGTGGCAGAGGTTGCAGTAAGCTGAGATGTGCCATTGTACTCTAGCCTGGGCAATAAGAGCAAAACTCCGTCTCAAAAAAAAAATAAAAATAAAAATAAA"
"chr1","36528114","36528419","chr4","88700124","88700424","35","52172010","GGCCGGGCTTGGTGGCTTATGCCTGTAATCCCAGCACTTTGGGAGGCTGAGGCGGGTGGATCATGGGGTCAAGAGACGGAGACCATCTTGGCTAACATGGTGAAACCCCGTCTCTACTAAAAATACAAAAAATTAGCCAGGCATGGTGGCACATGCCTGTAGTCCCAGCTACTCGGGAAGCTGAGACAGGAGAATTGCTTGTTCACCCAGGAGGCAGAGGTTGCAGTGAGCCGAGATCGCGTCACTGCACTCCAGCCTGGGTGACAGAGCGAGACTCTGTCTCAAAATAAATAAATAAATAAATAA","GGCCGGGCGTGGTGGCTCAGGCCTGTAATCCCAGCACTTAGGGAGGCTGAGGCGGGCGGATCACGAGGTCAGGAGATCAAGACCATCCTGGCTAACACGGTGAAACCCCATCTCTACTAAAAATACAAAAAATTAGCCAGGTGTAGTGGCCAGCGCCTGTAGTCCCAGCTACTCGGGAGGCTGAGGCAGGAGAATCACTTGAACCCGGGAGGCAGAGCTTGCAGTGAGCCGAGATCGCGCCACTGCACTCCAGCCTGGGTGACAGAGCGAGACTCTGTCTCAAAAAAAAAAAAAAAAAGAA"
"chr1","36646929","36647225","chr9","26215862","26216159","26","10431067","GGCCAGACGCGGTGGCTCATGCCTGTAATCCCAGGACTTTGGGAGGCCGAGGCAGGTGGATCACGAGGTCAAGAGATCGAGACCATCCTGGCCAACATGGTGAAACCCCGTCTCTACTAAAAATACAAAAAATTAGCTGGGCATGGTGGCAAGTGCCTGTAATCCCAGCTACTTGGGAGGCTGAGGCAGGAGAATTGCTTGAACCCGGGAGGCAGATGTTGCAGTGAGCCAAGATCGCGCCATTGCTCTCCAGCCTGGACAAAAAGAGCAAAACTCTGTCTCAAAACAAAAAAAAAA","GGCCAGGCGCTGTGGCTCACGCCTGTAATCCCAGCACTTTGAGAGGCCAAGGCGGGTGGATCATGAGGTCAAGAGATCGAGACCATCCTGGCCAACATGGTGAAACCCCGTCTCTACTAAAAATACAAAAAATTAGCTGGGCATGGTGGCAGGCGCCTGTAATCCCAGCTACTTGGGAGGCTGAGGCAGGAGAATCGCTTGAACCTGGGAAGCGGAGGTTGCAGTAAGCCAAGATCACGCCATTGCACTCCAGCCTGGGCAAAAAGAGTGAAATTCCATCTCAAAAAAAAAAAAGAAA"
"chr1","36669873","36670179","chr1","54184910","54185214","32","17515037","GGCTGGCCATGGTGGCTCACACCTGTAATCTCAGCACTTTGGGAGGCCGAGGTGGGGAGATCACGAGGTCAGGAGATTGGGACCATCCTGGCTAACACAGTGAAACCCTGTCTCTACTAAAAATACAAAAAATTAGCTGGGCGTGGTGGCACGCGCCTGTAGTCCCAGCTACTCAGGAGGCTGAGGCAGGAGAGTTGCTTGAACCTGGGAGGCGGAGCCTGCAGTGAGCCGAGATCGCACCTCTGCACTCCAGCCTAGGTGACAGAGCAAGGCTCTGTATCAGGAAAAAAAAAAAAAAAAAAAAAAA","GGCCGGGCGCGGTGGCTCACGCCTGTAATCCCAGCACTTTGGGAGGCCGAGGCGGGTGGCTCACGAGGTCAGGAGATCGAGACCATCCTGGCTAACACGGTGAAACCCCATCTCCACTAAAAATACAAAAAATTAGCCGGGCGTGTTGGCAGGTGCCTGTAGTCCCAGCTACTCGGGAGGCTGAGGCAGAAGAATTGCTTGAACCTGGGAGGCGGAGGTTGCAGTGAGCCGAGATTGCACCACTGCACTCCAGCCTGGGTGACAGAGCAAGACTCTGTCTCAAAAAAAAAAAAAAAAAAAAAAAA"
"chr1","36705694","36705988","chr1","35694490","35694797","37","1011204","GGCCAGGCGCGGTAGCTCAGACCCGTAATCCCAGCACTTTGGGAGGCCAAGGCGGGCAGATCACGAGGTCAGGAGATCGAGACCATCCTGGCTAACACGGTGAAGCCCCATCTCTACTAAAAATACAAAAAAATTAGCACATGCCTGTAGTCCCAGCTACTTAGGAGGCTGAGGCAGGAGAATCGCTTGAACCCAGGAGGTGGAGGTTGCAATGAGCCGAGATTGCACCTCTGCACTCCAGCCTGGGCAACAGAGCAAGACTCTGTCTCCAAAAAATAAATAAATAAATACAAAA","GGCTGGGCACGGTGGCTCACACCTGTAATCCCAGCACTTTGGTAGGCCGAGGCGGGCAGAGCACGAGGTCAGGAGATCGAGACCATCCTGGCTAACATGGTGAAGCCCCATCTCTACTAAAAATACAAAAAATTAGCCCTGTGTGGTGGCACATGCCTGTAGTCCCAGCTACTTGGGAGGCTGAGGCAGGAGAATCACTTGAACCCTGGAGGCAGAGGTTGCAGTGAGCCAAGGTTGCAGCACTGAACTCCAGCCTGGGCAGCAGAGCAAGACTCTGTCTCCAAAAAGATAAATAAATAAACACAAAA"
"chr1","36895830","36896053","chr1","35881420","35881640","25","1014410","CATCCTGGCTAACACGGTGAAACCCCATCTCTCTAAAAATACAAAAAATTAGCTGGGCATGGTGGCAGGTGCCTGTAGTCCCAGCTACTCAGGAGGCTGAGGCAGGAGAATCACTTGAACCAGGGAGGCGGAAGTTGCAGTGAGCCAAGATTGAGCCAGTGCACTCCAGCCTGGGTGATAGAGTGAGACTCCGTCTCAAAAAAAAAAAAAAAAAAAAAGAATAA","CATCCTGGATAACACAGTGAAACCCCGTTTCTACTGAAAATACAAAAAATTAGCTGGGCATGGTGGCACGCACCTGTAGTCCCAGCTACTCGGGAGGCTGAGGCAGGAGAATCGCTTGAACCCAGGAGGCGGAGGTTGCAGTGAGCCGAGGTTGAGCCATTGCACTCCAGCCTGGGTGACAGAGCGAGACTCTGTCTCAAAAAAAAAAAAAAGAAAAAAAA"
"chr1","36967204","36967493","chr2","57288005","57288297","36","20320801","GGCCGGGCATGGTGGCTCTGCCTGTAATCCCAGTACTTTGAGAGGCTGAGGCAGGCGGATCATGAGATCAGGAGATCGAGACCATCCTGGCTAACAGGGTGAAATCCCGTCCTACTAAAAATACAAAAAATTAGCTGGGCGTGGTGGCACGTGCCTGTAGTCCCAGCAACTCAGGAGGCTGAGGCAGGAGAATCGCTTGAACCCAGGAGGAGGAGGTTGTAGTGAGCGGAGACTGAGCCACTGTGCCCCAACCTGGGTGACAGAGCGAGACTCTGTCTCAAAAAAAAAAA","GGCCAGGCGTGGTGGCTCATGCCTGTAATCCCAGCACTTTGGGAGGCTGAGGCGGGTGGATCACGAGGTCAGGAGATCGAGACCATCCTGGCTAACACAGTGAAACCCCGTCTCTACTAAAAACACAAAAAATCAGCTGGGCGTGGTGGCGGGCGCCTGTAGTCCCAGCTACTCTGGAGGCTGAGGCAGGAGAATCACTTGAACCCAGAAGGTGGAGGTTGCAGTGAGCCGAGACCATGCCACTGCACTCCAGCCTGGGTGACAGAGTGAGACCCTGTCTCAAAAAATAGAAA"
"chr1","37196442","37196751","chr1","36173389","36173696","37","1023053","GGCTGGACGCAGTGGCTCATGCCTGTAATCCCGGCACTTTGGGAGGCCAAGGCGGGAGATCACGAGGTCCGGAGATCGAGACCATACTGGCTAATACAGTGAAACCCTGTCTCTACTAAAAATACAAAAAATCAGCCGGGCATGGTGGCATGCACCCGTAGTCTCAGCTACTCAAGAAGCTGAGGCAGGAGAATCACTTAAGCCCAGGAGGTGGAGGTTGCAGTGAGCTGAGATCGTGCCACTGCACTCACTCGAGCCTGGGCGACAGAGCAAGACTCCCTCTCAAAAAAAAAAAAAAAAAAAAAAACAA","GGTCAGGTATGGTGGCTCACGCCTCTAATCCCAGCACTTTGGGAGGCCAAGGCAGGAGATCATGAGGGCAGGAGATCGAGACCATCCTGGCTAATAAAGTGAAACCTTGTCTCTACTGAAAATACAAAAAATTAGCCAGGCATGGTGGCACGTACCCGTAGTCTCAGTTACTCAAGAAGCTGAGTCAGGAGAATCACTTGAGCCCAGGGAGTGGAGGTTGCAGTGAGCCGAGATCGTGCCACTGCACTCCATCCTGGGGCGAGAGAGCAAGACTCCCTTTCAAAAAAAAAAAAAAAAAAAAAGAAAAA"
"chr1","37685513","37685810","chr7","61781005","61781304","35","24095492","GGCTGGGCGCAGGGGCTCATGCCTGTAATCCCAGCACTTTGGGAGGCCGAGGCGGGTGGATGACAAGGTCAGGAGATTGAGACCATTCTGGCTAACACGGTGAAACCTCGTCTCTACTAAAAATACAAAAATTAGCCAGGCACGGTGGTGGGCGCCTGTAGTCCCAGCTACTTGGGAGGTTGTGGCATGAGAATTGCTTGTGCCTGGGAGGCAGAGGTTGCAGTGAGCCGAGATCTGACCACTGCACCCCAGCCTGGGTGACAGAGTGAGACTCTGTCTTAAAAAAAAAAAAAAAAAA","GGCTGGGCGCGGTGACTCAGGCCCATAATCCCAGCACTTCGGGAGGCCGAGGCGGGCAGATCACGAGGTCAGGAGATCGAGACCATCCTGGCTAACACAGTGAAACCCCGTCTCTACTAAAAATACAAAAAATTAGCCTGGCCTGGTGGCGGGCGCCTGTAGTCCCAGCTACTTGGGAGGCTGAGGCAGGAGAATCGCTTGAACCTGGGAGGCAGAGGTTGCAGTGAGCCAGGATCACGCCACTGCACTCCAGCCTGGGTGACAGAGTGAGACTCCGTCTCAAAAAAAAAAAAAAAAAAA"
"chr1","38010590","38010764","chr4","44154628","44154806","33","6144038","CTACTAAAAATACAAAAAATTAGCCAGGCGTGGTAGCACATACCTGTAATCCCAGTTCCTTGGGAGGCTGAGACAGGAGAATCACTTGAACTCAGGAGGTGGAGGTTGCAGTGAGGCGAGATCAGGCCATTGCACTCCAGTCTGTGCGACAGAGTGAGACTGTCTCAAAAAAAAA","TAAAAAACCCCACAACAATTAGCCAGGCGTGGTGGCACATGCCTGTAATCCCAGCTACTTGGGAGACTGAGGCAGGAGAATCGCTTGAACCCAGGTGATGGAGGTTGTAGTGAGCCGAGGTCACACCACTGCACTCTAGCCTGGGCGACAGAGCGAGACTGTCTCAAACAAAACCAAAA"
"chr1","38114469","38114755","chr16","41227858","41228131","51","3113389","GGCTGGGAGCGGTGGCTCATGCCTGTAATCACAGCACTTTGGGAGGCCGAGTCAGGTGGCTCACGAGGGCAGGAGATCGAACCCCATCTCTGCTAAAAATACAAAAAAATAGCCAGACATGGTGTAATGTGCCTGTAATCCCAGCTACTTGGGAGGCTGAGGCAGGAGAATCGCTTGAACCCGGGAGGCGGAGGTTGCAGCAAGCTGAAATCACGCCACTGCACTCCAGCCTGGGTGACAGAGCGAGACTCCATCTCAACAGAAAAAAAAAAAAGGAAAGGAAGAAA","GGCTGGGCGCGGTGTCTCACACCTGTAATCCCAGCACTTTGGGATGCCGAGGCAGGCAGATCACGAGGTCAGGAGATCGAGACCATCCTGGATAATACAAAAAAATTAGCCAGGCGCGGTGGCAGGTGCCTGTAGTCCCAGCCACTCAGGAGGCTGAGGCAGGAGAATCGCTTGAACCCAGGAGGCGGAGGTTGCAGTGAGCCGAGATCGTGCCACTGCACTCCAGCCTGGGCAACAGAGCAAGACTCCGTCTCAAAAAAAAAAAAAAAAAGAA"
"chr1","38157178","38157336","chr7","88306228","88306392","31","50149050","AAAAGTTAGCCAGACATGGTGGCACATGTCTGTAGTCCCAGCTACTTGGGAGGCTGAGACAGGAGAACTGCTTGAACCTGGGAGGTGGATGTTGAGGTGAGTCGAGATCATGTCACTGCACTCCAGCCTGGGTGACAGAGTGAACTCCGTCTCAAAAAA","TACAAAGAAATTAGCCAGGCGTGGTGGCATGTGCCTGTAGTCCCAGCTACTCAGGAGGCTGAGGCAGGAGAATTGCTTGAACCCAGGAAGCAGAAGTTGCCGTGAGACAAGATCAAGCCGTTGCACTCCAGCCTGGGTGACAGAGCGAGACTCCTTCTCAAAAAA"
"chr1","38163298","38163591","chrX","91745750","91746037","39","53582452","GGCCAGGCACAGTGGCTTATGCCTGTAATCCCAGCACTTTGGGAGGCTGAGGCAGGCGGATCACAAGGTCAGGAGATCAAGACCATCCTGGCTAACACGGTGAAACCCCATCTGTACTAAAAATACAAAAAAAATTAACTGGGCATGGTAGTGTGCACTTATAGTCCCAGCTACTCGGGAGTCTGAGGCAGGAGAACCGCTTGAACCTGGGAGGCAGAGGTTGCAGTTAGCCGAGATCGCGCCACTGCACTCCAGCCTGGGCAAGACTCCATCTCAAAACAAAACAAAACAAAA","GGCCAGGCGTGGTGGCTTATGCCTGTAAGCCCAGCACTTTGGGAGGCCGAGGCGGGCAGATCACAAGGTCAGGAGATCGAGACCATCCTGGCTAACACGGTGAAACCCCATCTCTACTAAAAATACAATAAATTAGCCGGGCATGGTGGCATGTGCCTGTAGTCCCAGCTACTCAGGAGGCTGAGGCAGGAGAATCGCTTGAACCTGGGAGGCAGAGGTTGCAGTGAGCCGAGATCGTGCCACTGCACTCCAGCTTGGTGACAGAGCGAGAAAAAAAAAAAAAGAAAA"
"chr1","38167280","38167586","chr1","37134164","37134472","18","1033116","GGCCGGGGGTGGTGGCTCACGCCTGTAATCCCAACACTTTGGGAGGCCGAGGCAGGTGGATCATGAGGTCAGGAGATCAAGACCATCCTGGCTAATATGGTGAAACCCCGTCTCTACTAAAATACAAAAAATTAGCCAGGCATGGTGGCACGTGCCTGTAGTCCCAGCTACTCGGGAGGCTGAGGCAGGAGAATCGCTTGAATCCGGGAGGCAGAGGTTGCAGTGAGCGGAGATCGCTCCACTGCACTCCAGCTTAGGCGACAAAGCGAGACTCCGTCTCAAAAAAAAAAAAAAAAAGAAAAGAAAA","GGCCGGGGGTGGTGGCTCACGCCTGTAATCCCAACACTTTGGGAGGCCGAGGCGGGTGGATCATGAGGTCAGGAGATGGAGACCATCCTGGCTAATATGGTGAAACCCCGTCTCTACTAAAAATACAAAAAATTAGCTGGACATGGTGGCATGTGCCTGTAGTCCCAGCTACTCGGGAGGCTGAGGCAGGAGAATCGCTTGTATCCGGGAGGCAGAGGTTGCAGTGAGCCGAGATCGCTCCACTGCACTCCAGCCTGGGCGACAGAGCGAGATTCCGTCTAAAAAAAAAAAAGAAAGAAAGAAAGAAAA"
"chr1","38168200","38168490","chr1","37135712","37135999","26","1032488","GGCGCATACCTGTAATCCCAGCACTTTGGGAGGCTGAGGCGGGCAGATCACGAGGTCAGGAGATCGAGACCATCCTGGCTAACATGGTGAAACCCTGTCTCTACAAAAAATACAAAAAATTAGCTGGCCATGGTGGCGTGCGCCTGTAGTCCCAGCTACTCGGGAGGCTGAGGCAGGAGAATCCCTCTAACCTGGGAGGTAGAGGTTTCAGTGAGCTGAGATCGCACCACAGCACTCCAACCTGGGTGAAAGAGTGAGACTCTGTCTCAAGAAAAAAAGAAAATACAAAAA","GGCGCATGCCTGTAATCCCAGCACTTTGGGAGGCTGAGGTGGGAGGATCATGAGGTCAGGAGATCGAGACCATCCTGGCTAACATGGTGAAACCTCATCTCTACAAAAAACACAAAAAATTAGCTGGCCATGGTGGCTTGCACTTGTAGTCCCAGCTACTCGGGAGGCTGAGGCAGGAGAATCCCTCTAACCTGGGAGGTGTAGGTGAGCTGAGATCACACCACAGCACTCCAACCTGGGTGAAAGAGTGAGACTCCGTCTCAAGGAAAAAAAAAAAAAATACAAAAA"
"chr1","38189231","38189416","chr11","98412688","98412878","29","60223457","GGCCAGGCATGGTGACTCACACCTGTAATCCAAACACTATGGGAGGCCAAGGCAGGCAGATCATGAGGTCAGGAGATCAAGACCTTTCTGGCCAACACGGTGAAACCCCATCTCTACTAAAAATACAAAAATTAGTCGGGCGTGGCGGCACGCACCTGTAGTCCTAGCTACCCGGGAGGCTGAGGC","GGCCAGGCGCGGTGACTCACACCTGTAATCCTGGCACGTTAGGAGGCTGAGGCGGGCAGATCATGAGGTCAGGAGATCGAGACCATCCTGGCTAACACGGTGAAACCCCATCTCTACTAAAAACACAAAAGATTAGCCAGGCGTGGTGGCACGCGCCTATAGTCCCAGCTACTCGGGAGGCTGATGCAGGA"
"chr1","38226704","38226951","chr1","37194138","37194375","30","1032566","ACGAGATCAGGAGATCGAGACCATCCTGTCTAACACGGTGAAACCCCGTCTCTACTAAAACTGCAAAAAATTAGCCGGGCATGGTGGTGCGCGCCTGTAGTCACAGCTACTCGGGAGGCTGAGGCAGGAGAATCACTTGAACCCAGGAGGGAGAGGTTGCAGTGAGCTGAGATCATGCCACTGCATTCCGGCTTGGGCGACAGAGAGAGACTCCGTCTCAAAAAAAAGTAAAATAAAATAAAATAAAA","ACGAGGTCAGATCAAGACCATCCTGTCTAACATGGTGAAACCCCACCTCTACTAAAAATACAAAAAATTAGCCGTCATGGTGGCACACGCCTGTAGTCACAGCTACTCGGGAGGCTGAGGCAGGAGAATCGCTTGAACCCAGGAGGCAGACATTGCAGTGAGCTGAGATCAAGCCACTGCACTCCAGCCTGGGCGACAGAGACAGACTCCGTCTCAAAAAAAGTAAAATAAAATAAAA"
"chr1","38238586","38238880","chr20","28697028","28697324","30","9541558","GGCAGGGTGTGGTGGTTCATGCCTGTAATCCCAGCACTTTGGGAGGCTGAGGCAGGGAGATCATGAGGTCAGGAGTTCGAGACCATCCTGACTAACACAGCGAAACCCCGTCTCTACTAAAAATACAAAAAATTAGCCGGGCGTGGTAGCAGGTGCCTGTAGTCCCAGCTACTCGGGAGGCTGAGGGAGGAGAATCACTTGAACCCGGGAGGTGGAGGTTGCAGTGAGCTGAGATTGCGCCACTGCACCCCAGCCTGGGCGACAGAGCGAGACTCCGTCTCAAAAAAAAAAAAAA","GCCGGGCGTGGTGGCTCATGCCTGTAATCCCAGCACTTTGGGAGGCCGAGGCGGGTGGATCATGAGGTCAGGAGATCGAGACCATCCTGGCTAACACGGTGAAACCCCGTCTCTACTAAAAACACAAAAAATTAGCCGGGCGTGGTGGCACGTGCCTGTAGTCCCAGCTACTCGGGAGGCTGAGGCAGGAGAATTGCTTGAACCTGGGAGGTGGAGGCTGCAGTGAGCCGAGATCGCACCACTGCACTCCAGTCTGGGTGACAGAGCGAGACTCCTTCTCAAAAATAAATAAATAAA"
"chr1","38416136","38416430","chr3","174792555","174792832","48","136376419","ACCTTGGGAGGTTGAGGTGGGCGGATCACAAGGTCAGGAGATCGAGACCGTCCTGGCTAACACGGTGAAACCCCGACTCTACTAAAAATGCAAAAAATTAGCTGGGCGTGGTGGCATGTGCCTGTAGTCCTAGCTGTTCAGGAGGCTGAGGCAGGAGAATCACTTGAACCCAGGAGGCAGAGGTTGCAGTCAGCCGAGATTGCACCACTGCACTCCAGCCTGGGTGACAGAGCGAGACTCCAACTCAAAACAAACAAACAAACAAACAAACAAACAAACAAACAAACAAAAAACA","GGGAGGCCAAGGCGGGTGGATCACAAGGTCAGGAGATCAAGACCATCCTGGCTAACACGGGGAAACCCCATCTCTACTAAAAATACAAAAAATTAGCCGGGCGTGATGGCGGGCGCCTGTAGTCCCAGCTACTCGGGAGGCTGAGGCAGGAGAATCGCTTGAACCCGGGGGGCAGAGGTTGCAGTGAGCTGAGGTCACACCACTGCACTCCAGCCTGGGTGACAGAGCGAGACTCTGTCTCAAAAAAAAAAAAAAAAAAAAAAAAAAAAAAAAAAAAA"
"chr1","39165932","39166240","chr1","37134164","37134472","27","2031768","GGCCGGGCGCCGTGGCTCACCCCTGTAATCCCAGCACTTTGGGAGGCCGAGGCGGGTGGATCAAGAGGTCAGGAGATTGAGACCATCCTGGCTAATACGGTGAAACCCCGTCTCTACTAAAAATACAAAAAAATTAGCTGGGCGTGGTGGCAGGCACCTGTAATCCCAGCTACTTGAGAGACTGAGGCAGGAGAATCGCTTGAACCCGGGAGGCGGAGGTTGCAGTGAGCCGAGATCGCACCACTGCATTCCAGCCTGGGCGACAGAGCGAGACTCCGTCTCAAAAAAAAAAAAAAAGAAAGAAAAAAA","GGCCGGGGGTGGTGGCTCACGCCTGTAATCCCAACACTTTGGGAGGCCGAGGCGGGTGGATCATGAGGTCAGGAGATGGAGACCATCCTGGCTAATATGGTGAAACCCCGTCTCTACTAAAAATACAAAAAATTAGCTGGACATGGTGGCATGTGCCTGTAGTCCCAGCTACTCGGGAGGCTGAGGCAGGAGAATCGCTTGTATCCGGGAGGCAGAGGTTGCAGTGAGCCGAGATCGCTCCACTGCACTCCAGCCTGGGCGACAGAGCGAGATTCCGTCTAAAAAAAAAAAAGAAAGAAAGAAAGAAAA"
"chr1","39182223","39182519","chr1","38138473","38138772","37","1043750","GGGTGAGGTGGCTCACGTCTGTAATCCCAGCACTTTGGGAGGCCAAGGCGGGCGGATCACGATGTCAGGAGATCAACACCATCCTGGCTAACACGGTGAAACCCAGTCTTTACTAAAAATACAAAAATTTAGCCAGGCATGTTGGCACGTGCCTGTAGTCCCAACTACTCGGGGGGCTGAGGCACTAGAATTGCTTGAACCTGGAAGGCGGAGGTTGCATTGAGCTGAGATGGCACCACTACATTACAGCCTGGGCGTCAGAGCAAGACTCCGTCTCAAAAAAAAAAAAAAAAAAAA","GGCTGGGTGCAGTGACTCATGCTTGTAATCCCAGCACTTTGGGAGGCCGAGGTGGGCGGATCACGAGCTCAGGAGATCGAGACCATCCTGGCTAACACGGTGAAACCCCATCTCTACTAAAAATACAAAAAAATTAGCCAGGCATGGTGGCACATGCCTATAGTCCCAATACTCAGGAGGCTGAGGCACGAGAATTGCTTGAACCTGGAAGGCGGAGGTTGCAGTGAGCTGAGATGGCACCACTACGCTACAGCCTGGGCAACAGAGTGAGACTCCATCTCAAAAAAAAAAAAAAAAAAA"
"chr1","39237250","39237503","chr16","48875383","48875620","44","9638133","GGTCAGGAGATCGAGGCCATCCTGGCTAACATGGGTGAAACCCCCCCTCTTCCTAAAAATACAAAAAAAAATTAGCCAGGCATGGTGGCACGCACCTGTAGTCCCAGCTACTTGGGAGACTGAGGCAGGAGAATCACTTGAACCCGGGAGTCGGAGGTTGCAGTCAGACAAGATCACGCCATTGCACTCTAGCCTGGGCGACAGAGCGAGACTCCATCTCAAAACAAAACAAAACAAAACAAAACAAAACAAAA","GGGCAGGAGATCAAGACCATCCTGGCTAACACGGTGAAACCCCATCTCTACTAAAAATACAAAAAATCTGCCAGGCATGGTGGAATGTACCTGTAGTCCCAGTTACTTGGGAGGCTGAGGCAGGTGAATCGCTTGAACCGGGAAGGCAGAGGTTGCAGTGAGCCGAGATCGCGCCATTGCACTCCAGCCTGGGTGACGGAGCGAGACTCCGTCTCAAAAAAAAAAAAAAAAAAAAAAA"
"chr1","39246200","39246508","chr1","38199127","38199435","34","1047073","CTGGGTATGGTGGCTTATGCCTGTAATCCCAGCACTTTGGGAGGCTGAGGCAGGCAGATCACAAGGTCATGAAATCGAGACTATCTTGGCTAACATGGTGAAACACCATCTCTACTAAAAATACAAAAAATTAGCCAGGCGTGGTGGCACGCGCCTGTAGTCCCAGCTACTCAGGAAGCTGAGGCAGGAGAATCTCTTGAACCGGGGAGGTGGAGGTTGTGCTGAGCCGAGACTGTGCCACTGCACTCCAGCCTGGGAAACACAATCAGACTCTGCCTCAAAAAAAAAAATAGAAAAACAAAACAAAAA","GGCTGGGTATGGTGGCTCACGCCTGTAATCCCAGCACTTTGGGAGGCTGAGGCAGGCAGATCACGAGGTCATGAGATCGACACTATCTTGGCTAACATGGTAAAACACTGTCTCTACTAAAAATACAAAAAATTAGCCGGGCGTGGTGGCGGGTGCCTGTAGTCCCAGCTACTCGGGAAGCTGAGGCAGGAGAATTACTTGAACCCGGGAGGCGGAGGTTGCATTGAGCCGAGATTGCGCCACTGCACTCCACCCTGAGAAACACAATGAGACTCTGTCTCAAAAAACAAACAAACAAACAAACAAAAA"
"chr1","39270528","39270830","chr1","38218968","38219269","22","1051560","CCGGGCGCAGTGGCTCATGCCTGTAATCCCAGCACTTTGGGAGGCCAAGGTGGGTGGATCATGAGTTCAGGAGATGGAGACCACCCTGGCTAACACGGTGAAACCCCGTCTCTACTAAAAATACAAAAAATTAGCCGGGCGTGGTGGCACGTGCCTGTAATCCCAGCTACTCAGGAGGCTGAGGCAGGAGAATTGCTTGAACCCAGGAGGCTTAGAGGTTGCAGTGAGCTGAGATCACACCACTGCACTCCAGCCTGGGCAACAGAGCAAGACTCCCGTCTCAAAGAAAAAAAAAAAAAGAAA","GGCTGGGCGCAGTGGCTCATGCCTGTAATCCCAGCACTTTGGGAAGCCAAGGTGGGCGGATCATGAGGTCAGGAGATGGAGACCATCCTGGCTAACACGGTGAAATCCCGTCTCTACTAAAAATACAAAAAATTAGCCGAGTGTGGTGGCACGTGCCTGTAGTCCCAGCTACTCGGGAGGCTGAGGTAGGAGAATCGCTTGAACCCAGGAGGCGGAGGTTGCAGTGAGCTGAGTTCGCACCACTGCACTCCAGCCTGGGCAACAGAGCAAGACTCCGTCTCAAAAAAAAAAAAAAATAGAAA"
"chr1","39299565","39299874","chr14","103953537","103953843","31","64653972","GGCTGGGCACGGTGGCTTGTGCCTGTAATCCCAGCACTTTGGGAGGCCTAGGCGGGCAGATCACGAGGTCAAGAGATCGAGACCATCCTAGCTAACACGGTGAAACCCCATCTCTACTAAAAATACAAAAAATTAGCCGGGCATGGTGGCGCACATCTGTAGTCCCAGCTACTCGGGAGGCTGAGGCAGGAGAATCGCTTGAACCCGGGAGGTGGAGGTTGCAGTGAGCTGAGATCACACCACTGCACTCCAGCCTGGGTGACACAGCGAGACTCCATCTCAAAACAAAAAAAGCAAAAAAAAAAAACAA","GGCCAGGCACGGTGGCTCACGCCTATAATCCCAGCACTTTGGGAGGCTGAGGCGGGCAGATCACGAGGTCAGGAGATCGAGACCATCCTGGCTAACATGGTGAAACCCCATCTCTACTAAAAGAATACAAAAAATTAGCCGGGCATGGTGGCACACGCCTGTAGTCCCAGATACTTGGGAGGCTGAGGCAGGAGAATGGCTTGAACCCGGGAGGTGGAGGTTGCAGTGAGCTGAGATCTCGCCACTGCACTCCAGCCTGGTGACAGAGCTAGACTCTGTCTCAAAAAAAAAAAAAAAAACAAAAAAA"
"chr1","39312800","39313086","chr2","61380094","61380378","32","22067294","CCAGGCGCGGTGGCTCACGCCTGTAATCCCAGCACTTTGGGAGGCCGAGGCAGGTGGATCATGAGGTCAGGAGATCAAGACCATCCTGGCTAACACGGTGAAACACCCTCTCTACTAAAAATACAAAAAATTAGCCAAGTGTGGTGGCGGGCGCCTGTAGTCCCAGCTACTTGGGAGGCTGAGGCAGGAGAATCACTTGAACCCGGGAGGCGGAGGGTGCAGTGAGCCAAGATCGTACCACTGCACTCCAGCCTGGGTGACAGAGCAAGATTCTGTCAAAAAAAAAA","GGCCAGGTGCGGTGGCTCACGCCTGTAATCCCAGCACTTTGCGAGGCCAAGGCAGGTGGCTCACGAGGTCAGGAGATCGAGACCATCCTAGCTAACACGGTGAAACCCCGTCTCCACTAAAAATACAAAAAATTAGCCGGGCGTGTTGGCAGGCACCTGTAGTCCCAGCTACTCGGGAGGCTGAGGCAGGAGAATTGCTTGAACCTGGGAGGTGGAGGCTGCAGTGAGCCAAGATCGCACCACTGCACTCCAGCCTGGGTGACAGAGCAAGACTCTGTCTCAAAA"
"chr1","39465673","39465956","chr5","41819509","41819795","41","2353836","GGCGTGGTTAATCACGCCTGTAATCCCAGCACTTTGGGAGGCCGAGGCAGGTGGATCATGAGGTCAAGAGATCGAGACCATCCTGACTAACACAGTGAAACCCCGTCTCTACTAAAAATACTAAAAATAAGCCGGGCGTGGTGGCACGCGCCTGTAGTCCCAGCTACTCAGGAGGCTCAGGCAGAAGAATCGCTTGAATCCAGGAGGCGGAGGTTGCAGTGAGCCAAAATCGCGCCACTCCAGCCTGGGTGACAGAACGAAACTCTATCTCAAAAAAAAAAAAA","GCGTGGTGGCTCATGTCTGTAATCCCAGCACTTTGGGAGGCCAAGGCAGGCGGATCACAAGGTCAGGAGATCGAGACTATCCTGGCTAACATGGTGAAACCCCGTCTCTACTAAAAATACAAAAAATTAGACAAGCATGGTGGCATGCGCCTGTAGTCCCAGCTACTCGGGAGGCTGAGGCAGGAGAATTGCTTGAACCCGGGAGGTGGAGGTTGCAGTGAGCCAAGATCGCGCCACTGCACTCCAGCCTGGGCCACAGAGCGAGACTCCATCTCAAAAAAAAAAAA"
"chr1","39473395","39473559","chr1","129407736","129407901","30","89934341","TTAGTCAGGCGTGGTGGCAGGCGCCTGTAGTCTCAGCTACTCGGGAGGTTGAGTCATGAGAATCGCTTGAACCCGGATGGCAGAATTTGCAGTGAACCAACATCGTGCCACTGTACTCCAGCCTGGGTGACAAAGTGAGACTCGGTTTCAAAAAGAAAAAAAAAA","TTAGCCAGGCGTAGTGGCACGTGCCTGTAGTCCCAGGTACTTGGAAGGCTGAGGCAGGAGAATTGCTTCAACCCGGGAGGCAGAGGTTGCAGTGAGCCGAGATCGTGCCACTGCACTCCAGCCTGGGCAACTGAGTGAGACTCCATCTCAAAAAAAAAAAAAAAAA"
"chr1","39566179","39566481","chr15","50080292","50080598","35","10514113","GCTGGGCGCAGTGGCTTATGCCTGTAATCCCAGCACTTTGGGAGTCTGAGGCAGGCAGATCATGAGGTCAGGAGATCGAGAACATCCTGGCTAACACAGTGAAACCCCGTCTCTACTAAAAATACAAAAAATTAGCCGGGCGTGATGGCATACACCTGTAGTCCCTGCTACTTGGGAGGCTGAGGCAGGATAATCACTTGAACCCGGGGGGCAGAGGTTGCAGTGAGCTGAGATGGCGCCACTGCATTCCAGCCTGGGCCACAGAGCGAGACTCCGTCTCAAAAAATAAAATAAAATAAAATA","GGCCGGGCGTGGTGGATCAAGCCTGTAATCCCAGCACTTTGGGAGGCTGAGGTGGGCAGATCACGAGGTCAGGAGATCGAGACCATCCTGGCTAACACGGTGAAACCCCCGTCTCTACTAAAAATACAAAAAATTAGCCGGGCGTGGTAGCACACACCTGTAGTCCCAGCTACTTGGGAGGCTGAGGCAGGAGAATCGCTTGAACCTGGGAGGTGGAGGTTGCGGTGAGCAGAGATCACACCACTGCACTCCAGCCTGGGCAACAGAGCGACACTCTGTCTCAAAAAATAAAATAAAATAAAATAAA"
"chr1","39602298","39602470","chr4","49540998","49541166","27","9938700","AAAAATTAGCCAGGCGTGGCGGCAGGTGCCTATAGTCGCAGCTATTCGGGAGGCTGAAGCAGGGGAATTGCTTGAACCCGGGAGGCGGAGGTTGCAGTGAGCTGAGATCACCGCTACTGCACTCCACCCTGGGTGACAGAGCAAGACTCTATCTCAAAAAAAAAAAAAAAAAA","TTAGCCAGGCATGGTGGCACGTGCCTGTAGTCCCAGGTACTCGGGAGGCTGAGGCAGGAGAATTGCTTGAACCTGGAAGGCGGAGGTTTCAGTGAGCCGAGATCACGCCACTGCACTCCAGGCTGGGTGACAGAGCGAGACTCATCTCAAAAAAAATAAAAATAAAAAA"
"chr1","39647970","39648261","chr1","38654197","38654486","32","993773","GGCTGGGCGTGGTGGCTCACACCTGTAATCCCAGCACTTTGGGAGGTCAAGGTGGGCGGGTCACAAGGTCAGGAGATCAAGACCATCCTGGCTAACACAATGAAACCCTGTCTCTACTAAAAATACAAAAAATTGGCCAGGCGTGGTGGCACGTGCCTGAAATCCCAGCTACTTGGGAGGCTGAGGCAGGAGAATCATTTGAACCCAGGAGGCTGAGGTTGCAGTGAGACCAGATCGTACCACTGCACTCCTGTCTGGACAGTAGAGCGTGACTCCGTCTCAAAAAAAAAAA","GGCCAGGCGTGGTGGCTTACACCTGTAATCCCAGCACTTTGGGAGGTCAAGGTGGGCGGGTCACAAGGTCAAGAGATCGAGACCATCCTGGCTAACATGGTGAAACACCATCTCTACTAAAAATACAAAAAATTAGCCGGACGTGGTGGCACGTGCCTATAATCCCAGATACTCGGGAGGCTGAGGCAGGAGAATCTCTTGAACCCAGGAGCCAGAGGTTGCAGTGAGACTAGATTGTGCCACTGCACTCCTGCCTGTACAATAGTGTGACACCGTCTCAAAAAAAAAAA"
"chr1","39661545","39661835","chr1","128378875","128379172","39","88717330","GGCTAGGCGCAGTGGCTCATGCCTGTAATCCCAGCATTTTGGGAGGCTGAGGCAGGTGGATCACGCTGTCAGGAGATCGAGACCATTCTGGCCAACATGGTGAAACGCCATCTTAGCCGGGCATGGTGGCATGCGCCTGTAGTCCCAGCTACACAGGAGGCTGAGGCAGGAGAATTGCTTGAACCCAGGAGGTGGAGGTTGCAGTGAGCCGACATCGCGCCACTGCACTCCAACCTGGGTGACAGAGCGAGACTCCATCTCAAAAAAAAAAAAAAAAAAAAAAAAAAAAAA","GGCCAGGTGCAGTGGCTCACGCCTGTAATCCCAGCACTTTGGGAGGCCGAGGCGGGCGGATCACAAGGTCAGGAGTTCGAGACCATCATCCCGGCTAACACGGTGAAACCCCCAAAAATTAACCGGGCATGGTGGCATGTGCCTGTAGTCCCAGTTACTCGGGAGGCTGAGGCAGGAGAATCGCTTGAACCCAGGAGGCGGAGGTTGTAGTGAGCCGAGATTGCCCCACTGCACTCCAGCCTGGGCGACAGAGCGAGACTCCGCCTCAAAAAAAAAAAAAAAAAAAAAAAAAAAAAAA"
"chr1","39742559","39742863","chr1","38750532","38750829","25","992027","GGCTGGGCGCGGTGGCTCATGCCTGTAATCCCAGCACTTTGGGAGGCCGAGGCGGGCAGATCATGAGGTCAGGAGATGGAGACCATCCTGGCTAACATGGTGAAACCCCATCTCTACTAAAAATACGAAAAATTAGCCAAGCGTGGTGGCCACGCGCCTGTAGTCCCAGCTACCCAGGAGGCTGAGGCAGGAGAATCACTTGAACCCAGGAGGCGGAGGTTACAGTGAGCCAAGATTGGGCCACTGCACTCCAGCCTGGGCAACAGAACAAGACTCTGTCTCAAAAAAAAAAAAAAAAAAAGAAA","GGCTGGGCGCGGTGGCTCACGCCTGTAATCCCAGCACTTTGGGAGGCCAAGGTAGGCAGATCACAAGGTCAGGAGATCGAGACCATCCTGGCTAATACGGTGAAACCCCGTCTCTACTAAAAATACGAAAAATTAGCCAAGCGTGGTGGCGGGCGCCTGTAGTCCCAGCTACCCAGGAGGCTGAGGCAGGAGAATTGCTTGAACCCAGAAGGCAGAGGTTACAGTGAGCCAAGATTGGGCCACTGCACTCCAGCCTGGGCAACAGACCAAGACTCTGTCTCAAAAAAGAAAAAAGAAA"
"chr1","39771512","39771806","chr1","48636230","48636529","39","8864718","GGCCAGGCGCAGTGGCTCCTGCCTATAATCCTAGCACTTTGGGTGGCCGAGGTGAGTGGATCACAAGGTCAGGAGATCGAGACCATCCTGGCCAACATGGTGAAACCTCGTCTCTACCAAAAAACAAAAAATTAGTCAGGTATAGTGGTGTGTGCCTGTAGTCCCAGCTACTCAGGAGGCTGAGGCAGGGGAATCACTTGAACCTGGGAGGTAGAGGTTGCAGTGACCCAAGATTGCACGACTGCACTCCAGCCTGGGAGAGACCGAGACTCCATCTCAAAAAAAAAAAAAGAAA","GGCTGGGCGCAGTGGCTCATGCCTATAATCCCAGCACTTTGGGAGGCCAAGGCGGGTGGATCACGAGGTCAGGAGATCGAGACCATCCTGGTCAACATGGTGAAACCCCGTCTCTACTAAAATACAAAAAATTAGCCAGGTGTGGTGGCACGTGCCTGTAGTCCCAGCTACTCAGAAGGCTGAGGCAGGGAAATCACTTGAACCTGGGAGGTGGAGCTTGCAGTGAGCCGAGATTGTACCACTGTACTCCAGCCTGGTGACAGAGCAAGACTCATCTCAGAAAAAAAATAAAAATAAAAA"
"chr1","39849176","39849475","chr1","42018653","42018950","31","2169477","GGCTGGGTGCGGTGGCTCACGCCTGTAATCCCAGCACTTTGGGAGGCCGAGGCGGATGGATCATGGAGGTCAGGAGATCGAGACCATCCTGGCTAACACAGTGAAACCCCGTCTCTACTAAAAATACAAAACATTAGCCGGGCGTGGTGGCATGCGCCTGTAGTCTCAGCTACTCGGGAGGCTGAGCAGGAGAGTGGCTTGAACCCGGGAGGCGGAGGTTGCGGTGAGCCAAGATCGTGCCACTGCACTCCATCCAGCCTGGGCAACAGAGTGAGACTCCCTCTCAAAAAAAAAAAAAAA","GGCTGGGCACGGTGGCTCACGCCTGTAATCCCAACACTTTGGGAGGCCGAGGCGGGTGGATCATGAGGTCAGGATATCGAGACCATCCTGGCTAACACAGTGAAATCCCATCTCTACTAAAAATACAAAAAATTAGCCGGGTGTGGTGGCATGTGCCTGTAGTCCCAGCTACTTGGTAGGCTGAGGCAGGAGAATTGCTTGAACCCGGGAAGCAGAGGTTGCAGTGAGCCAAGATCGTGCCACTGCACTCCAGCCTGAGCGACAGAGTGAGATTCTGTCTCAAAAAAAAAAAAAAAAA"
"chr1","39869011","39869323","chr19","44754788","44755097","35","4885777","GGCCGGGCATGGTGGATCACGCCTGTAATCCCAGCACTTTGGGAGGCCAAGGCAGGCAGATCACAAGGTCAGGAGATGAAGACCATCCTGGCTAACATGGTGAAACCCCGTCTCTACTAAAATACAAAAAATTAGCTGTGCATGGTGGTGCGTGCCTGTAATCCCAGCTACTCGGGAGGCTGAGGCAGGAGAATCACTTGAACCCAGGAGGCTGAGGTTGCAGTGAGCCAAGATCTTGCCACTGCACTCTAGCCTGGCGACAGAGCGAGACTCCATCTCAAAAATAAACAAATAAATAAATAATAAAAATAAA","GGCCGGGCACGGTGTTTCACACCTGTAATCCCAGCACTTTGGGAGGCTGAGGCAGGCGGATCACGAGGTCAGGAGATGGAGACCATCCTGGCTAACATGGTGAAACTCTGTCTCTACTAAAAATACAAAAAATTAGCCGGGCATGGTGGTGGGTGCCTATAGTCCCAGCTACTCAGGAGGCTGAGGCAGGAGAATCGCTTGAACCCGGGAGGCAGAGGTTGCAGTGAGCTGAGATCGCGCCACTGCACTCCAGCCTGGGCGACAGAGCGAGACTCCATCTCAAAGAAAAAAAAAAAAAAAAAAAAAAAAA"
"chr1","39916231","39916540","chr16","3520694","3521001","25","36395537","GGCCGGGCACGGTGGCTCACGCCTGTAATCCCAGCACTTTGGGAGGCTGAGGTGGGCGGATCACGAGGTCAAGAGATCGAGACCATCCTGGCTAATATGGTGAAACCCCGTCTCTACTAAAAATACAAAAAATTAGCCGGGCATGGTGACACGTGCCTGTAGTCCCAGTTACTTGGAAGGCTGAGACAGGAGAATCACTTGAACCTGGGAGGCGGAGGTTGCAGTGAGCTGAGATTGCGCCACTGCACTCCAGCCTGGGTGACAGAGTAAGACTCTGTCTCAAAAAAACAAAAAAGAAAAGAAAAGAAAA","GGCCGGGCGCGGTGGCTCACGCCTGTAATCCCAGCACTTTGGGAGGCCGAGGCGGGCGGATCACGAGGTCAGGAGATCGAGACCATCCTGGCTAACACGGTGAAACCCCGTCTCTACTAAAAATACAAAAAATTAGCTGGGCATGATGGTAGGTGCCTGTAGTCCCAGCTACTTGGAAGGCTGAGGCAGGAGAATCACTTGAACCCAGAGGCGGAGGTTGCAGTGAGCTGAGATTGCGCCACTGCACTCCAGCCTGGGTGACAGAGTGAGACTCCGTCTCAACAAAATAAAAATAAAATAAAATAAGA"
"chr1","39980953","39981248","chr11","50593379","50593674","28","10612426","GGCTGGGCACGGTGGCTCACACCTGTAATCCCAGCACTTTGGGAGGCTGAGATGGGCAGATCGCAAGGTCAGGAGATAGAGACCATCCTGGCTAACATGGTAAAACCCTGTCTCTACTAAAAAGACAAAAAATTAGCCAGGTGTGGTGGCACGCGCCTGTAGTCCCAGCTACTCAGGAGGCTGAGGCAGGAGAATTGCTTGAACCCAGGAGGCAGAGGTTGCAGTGAGCCGAGATTGTGCCACGGCACTCCAGCCTGGGCGACAAAGTGAGACTCTGTCTCAAAAAAAAAAAAAAA","GGCTGGGCGCGGTGGCTCACCCCTGTAATCCCAGCACTTTGGGAGGCTGAGGTGGGCGGATCACAAGGTCAGGAGATCGAGATCATCCTGGCTAACATGGTGAAACCCCGTCTCTACTAAAAATACAAAAATTTAGCCAGGTGTGGTGGCACGCACCTGTAGTCCCAGCTGCTCAGGAGGCCGAGGCAGGAGAATCGCTTGAAACCAGGAGGCGGAGATTGCAGTGAGCCGAGATTGTGCTGCTGGACTCCAGCCTGGGTGACAGAGCAAGACTCCATCTCAAAAAAAAAAAAAAA"
"chr1","40079812","40080079","chr9","3838531","3838794","45","36241281","CAAGGCGGGCGGATCACAAGGTCAGGAGATCGAGACCATCCTGGCTAACCCAGTGAAACCCTGTCTCTACTAAAAATCCAAAAAAAAAAAAAAAAAAATTAGCTGGGGGTGGTGGCAGGCACCTGTAGTCCCAGCTACTCGGGAGGCTGAGGCAGGAGAATCATTTGAACCTGGGGGGCAGAGGTTGCAGTGAGCCGAGATCACGCCACTGCAGTCCAGCCTGGCAAAAGAGCAAGACTCTGTCTCAAAAGAAAAAGAAAACAAAAAA","GCTAAGGCAGGCAGATCACGAGGTCAGGAGATCGAGACCATCCTGGCTAACATGGTGAAACCCTGTCTCCACTAAAAATACAAAAAAAAAAAAAAAAATTAGCCAGGCATGGTGGCATGCACCTGTAGTCACAGCTACTCGGGAGACTCAGGCAGGAGAATCACTTGAACTCAGCAGGCAGAGGTTTCAGTGAGCTGAGACCACACCAGTGCACTCCAGCCTGGGTGACAGAGCAAGACTCCATCTAAAATTAAAAAAAAAAAA"
"chr1","40163392","40163692","chr1","38299622","38299931","43","1863770","GGCCTGGCGCAGTGGCTCATGCCTGTAATCTCAGCATTTTGGGAGGCCGAGGCTGGCGGATCCCGAGGTCAAGAGATCGAGACCATCCTAGCTAACACAGTGAAACCCCGTCTCTGTTAAAAATACAAAAAATTAGCCAGGCGTGGTGGCACACGCTCATAGTCCCAGCTACTCGGGAGGCTGAGGCAGGAGAATCGCTTGAACATGGGAGGCAGAGGTTGCAGTGAGCCAAGATCATGAGCCTGGGTGACAGAGCGAGACTCCATCTTAAAACGAACAAACAAACAAACAAACAAATAAA","GGCCAGGCACAGTGGCTCACGCCTGTAATCCCAGCACTTTGGGAGGCCGAGGCGGGCAGATCACGAGGTCAGGAGATCGAGACCATCCTGGCTAACACAGTGAAATCCCGTCTCTACTAAAAATACAAAACATTAGCCAGGCATGGTGGCACACATCTGTAGTCCCAGCTAGTCGGGAGGCTGAGGCAGGAGAATCGCTTGAACCCGGGAGGCAGAGATTGCAGTAAGCCGAGATCGAGCCACTGCACTGCAGCCTGGGCAACAGAGCGAGACTCCATCTGAAAAAAACAAACAAACAAAAAACAAAAAA"
"chr1","40297607","40297768","chr5","18060035","18060193","19","22237572","GCCGGGCGTGGTGGCACGCGCCTGTAGTCCCAGCTACTGGGGAGGCTGAGGCAGGAGAATCGCTTGCACCCGGGAGGTGGAGGTTGCAATGAACCAAGATCGTGACACTGCATTCCAGCCTGGGCGACAGAGCAAGACTCCATCTCAAAAAAAAAAAAAGAA","CCAGGCATGGTGGCGCATGCCTGTAGTCCCAGCTACTCGGGAGGCTGAGGCAGGAGAATCCCTTGAACCCGGGAGGTGGAGGTTGCAGTGAGCCAAGATCATGTCACTGCACTCCAGCCTGGGTGACAGAGCGAGACTCCATCTCAAAGAAAAAAAAAA"
"chr1","40307785","40308096","chr4","134852861","134853168","40","94545076","GGCAGGGCATGGTGGCTCACGCCTGTAATCCCAGCACTTTGGGGGACTAAGGTGGGGGGAATCACGCGGTCAGAAGATGGAGACCATCCTGGCTAATACGGTGAAAACCCATCTCTACTAAAAATACAAAAATTAGCCAGGCATGGTGGTATGTGCCTGTAATCTCAGCTACTCAGGAGGCTGAGGCAGGAGAATCGCTTGAACCCGGGAGGCAGAGGTTGCAGTGAGCTGAGATCCTGCCACTGCACTCCAGCCTGGGTGACAGAGCGAGACTCCGTCTAAAAAATAAATAAATAAAAATTTAAAATAAAA","GGCAGGGCATGGTGGCTCACGCCTGTAATTCCAGAACTTTGGGAGGCCGAGGTGGGCGGATCACGAGGTCAGGAGATTGAGACCATCCTGGCTAACATGGTGAAACCCCGTCTCTACTAAAAATACAAAAATTAGCCAGGCATGGTGGCGCATGCCTGTAGTCCCAGCTACTCAGGAGGCTGAGGCAGGAGAATCACTTGAACCCAGGAAATGGAGGTTGCAGTGAGCCGAGATCATGCCACTGCACTCCAGCCTGGGCTACAGAGGGAGACTCCGTCTCAAAAAAAAAAAAAAAAAAAAAAAAAAAA"
"chr1","40339259","40339554","chr1","39347733","39348026","26","991526","GGCCAGGCATGGTGGCTCACGCCTGTAATCCCAGCACTTTGGGAGGCCAAGGCGGGCGGATCACCAGGTCAGGAGATCGAGACCATCCTGGCCAACATGGTGAAACCCCGTCTCTACTAAAAATACAAAAAATTAGCCGGGCGTGGTGGCAGGTGCCTGTAGTCCCAGCTACTCGGGAAGCTGAGGCAGGAGAATTGCTTGAACCCGGGAGGTGGAGGTTGCAGTGATCTGAGATCGTGCCACTGTACGGCCAGCCTGGGTGACAGAGGGAGACTCCATCTCAAAAAAAAGAAAAA","GGCCAGGCGTGGTGGCTCACACCTGTAATCCCAGCACTTTGGGAGGCCAAGGCGGGTGGATCACCAGGTCAGGAGATCAAGACCATCCTGGCTAACACGGTGAAACCCCATCTCTAATAAAAATACGAAAAATTAGCCTGGTGTGGTGGCATGCACCTGTAGTCCCAGCTACTCAGGAGGCTGAGGCAGGAGAATTGCTTGAACCCAGGAGGTGGAGGTTGCAGTGATCTGAGATCGTACCACTGCACTCCAGCCTGGGCAACAGAGAGAGACTCCATCTCAAAGAAAGAAAAA"
"chr1","40359814","40360114","chr3","62258871","62259161","42","21899057","GGCCGGGTGTGGTGGCTCACGCCTGTAATCCCAGCACTTTGGGAGGCTGAGGCACGTGGATCACCTGAGGTCAGGAGATCAAGACCATCCTAGCTAACACGGTGAAACCCCATCTCTACTAAAAATACAAGAAATTACCCAGGCATGGTGGCATGCGCCTGTAATTCCAGCTACTCACGAGGCAGAGGCAGGAGAATCGCTCGAGCGAGAGAAGTGGAGGTTGCAGTGAGCCGAGATCGCACCACTGCACTCCAGCCTAAGCAACCGAGCAAGACTCCGTCTCGAAAGAAAGAAAGAGAAA","GCTGGGTGCGGTGGCTCACGCCTGTAATCCCAGGACTTTGGGAGGCCGAGGCAGGTAGATCATGAGGTCAGGAGATCAAGACCATCCTGGCTAACATGGTGAAACCTCATCTCTACTAAAACTAAAAAAAATTAGCCAGGCATGGTGGTGCACATCTGTAGTTCCAGCTACTCAGGAGGCTGAGGTAGGAGAATCGCTTGAACCTGGGAGGTGGAGGTTGCAGTGAGCTGAGATCGCACCACTGCACTCCAGCCTGGCAACACAGCAAGACTCCGTCTCAAGAAAAAAAAA"
"chr1","40425799","40426112","chr6","163853796","163854109","37","123427997","GCTGGGCACAGTGGCTCACGCCTGTAATTCCAGCACTTTGGGAGGTTGAGGCAGGAGGATCATAAGGTCAGGAGATCGAGACCATCCTGGCTAGCACCGTGAAACTTTGTCTCTACTAAAAATACAAAAAAATTAACCAGGCATGGTGGCGTGCACCTGTAATCCCAGCTACATGGGAGGCTGAGGCAGGAGAATTGCTTGAACCGGGAGGTGGAGGTTGCAGTGAGCTGAGATCGCACCACTGCACTCCAGCCTGGGCGACAGAGCAAGACTCCGTCTCAAAAAAAAAACCAAAAAAAAAAAAAACCAAAAAA","GCTGGGTGCTGTGGCTCACACCTGTAATCCCAGCACTTTAGGAGGCTGAGGCAGGTGGATCATGAGGTCAGGAGATTGAGACCACCCTGGCTAACACAGTGAAACTCCATCTCTACTAAAAATACAAAAAATTAGCTGGGCATGGTGGCATGCACCTGTAGTCCCAGCTACTTGCGAGGCTGAGGCAGGAGAATCGCTTGAACCCGGGAGGTAGAGGTTGCAGTGAGCCGAGATTGCACCACTGCACTCCAGCCTGGGTGACAGAGCAAGACTCCAACTCCAAAAAAAAAAAAAAAAAAAAAAAAAAAAAAAAA"
"chr1","40509391","40509675","chr9","91863683","91863975","41","51354292","GGCCAGGTGCGGTGGCTCACGCCTGTAATCCCAGCACTTTGGGAGGCTGAGGCAGGCAGATCATGAGGTCAGGAGATTGAGACCATCCTGGCTAACATGGTGAAACTAAAAATATAAAAAAATTAGCCGGACGTGGTGTAGTAATCCCAGCTACTCGAGGGGCTGAGACAGGAGAATCACTTGAACCTGAGAGGCAGAGGTTGCAGTGAGCCAAGATCATGCCACTGCAGTCCAGCCTGGGCGACAGAGCGAGACTCTGTCTCAAAAAAGAAAAGAAAAACAAAA","GCGGGGCGCAGTGGCTCACGCCTGTAATCCCAGCACTTTGGGAAGCTGAGGCAGGCAGATCATGAGGTCAGGAGATTGAGACCATCCTGGCTAACATAGTGAAACCCCTAAAAATACAAAAAATTAGCTGGGCATGGTGGCACGCGCCTATAGTCCCAGCTACTTGGGAGGGTGAAGCAGGAGAATCCCTTGAACCTGGGAGGCAGAGGTTGCAGTGAGCTGAGATCACGCCATTGCACTCCAGCCTGGGTGACAGAGCGAGACTCTGTCTCAAAAAAAAAAAAAAAAAAAAA"
"chr1","40532228","40532533","chr1","39551920","39552212","39","980308","GGCCGGGCGCGGTGGCTCATGCCTGTAATCCCAGCACTTTGGGAGGCTGAGGTGGGCGGATCATGAGGTCAGGAGATCAAGACCATCCTGGCTAAGACGGGGAAACCCCGTCTCTACTAAAAATACAAAAAAATTAGCTGGGCATGATGGCACACGCCTGTAGCTGAGCACACACCCTCAGCTACTTGGGAGGCTGAGGCAGGAGAATCGCTTGAACCCGTGAGGCGGATGTTGCAGTGAGCCGAGATCGCGGCATTGCACTCCAGCCCAGGTGACAGAGCGAGACTTGTCTCAAAAAAAACAAAA","GGCCGGGCGCGGTGGCTCACGCCTGTAATCCCAGCACTTTGGGAGGCTGAGGTGGGCAGATCATGAGGTCGGGAGGTCAAGAGCAAACTGGCTAACACAGTGAAACCCCGTCTCTACTGAAAATACAAAAAATTAGCTGGGCATGATGGCACACGCCTGTAGTCTCAGCTACTCGGGAGGCTGAGGCAGGAGAATCGCTTGAACCCGTGAGGTGGATGCTGCAGTGAGCCGAGATCACACCACTGCACTTTAGCCTGGGTGACGGAGCGAGACTGTCTCAAAAATAAATAAAA"
"chr1","40550868","40551073","chr6","60203539","60203751","56","19652671","GGCCAGGTACAGTGTGGCTCATGCCTATAATCCCAGCACTCTGAGAGGGTATGGTGGCATGCAACTGTAGTCCCAACTACTCGGGAGGCTGAGGTGGGAGGATCATTTGCGCCTAGGAAGCAGAGGTTGCAGTGAGCCAAGATCACGCCACTGTACTTCAGCCTGGGTGACAGAGCAAGACTGTGCCAGAAGAAAAAAAAAAAAAA","CTGGCTAACATGGTGAAACACTGTCTCTACTAAAAATACAAAATATTAGCCGAATGTGGTGGCACACGCCTGTAGTCCCAGCTACTCGGGAGGCTGAGACAGGAGAATCACTTGAGCCTAGGAGGCGAAGGTTGCAGTGAGCCAAGATCGTGCCACTGCACTCCAGCCTAGGTGACAGAGCGAGACTCCATCCAAAAAAAAAAAAAAAAAAAA"
"chr1","40551217","40551525","chr1","39572676","39572977","30","978541","GGCAGGGCACAGTGGCTCATGACTGTAATCCCAGTACTTTGGGAGGCCGAGGCAGGCAGATCACGAGGTCAAGAGATCGAGACCATCCTGGCTAACATGGTGAAACCCCGTCTCTACTAAAAATACAAAAAATTAGCCAGGTGTGGTGGCACGCGCCTGTAGTCCCAGCTACTCAGGAGCCTAAGGCAGGAGAATCGCTTGAACCCGGGAGGTGGAGATTGCAGTGAGCCAAGATCGTGCCACTGCACTCCAGCCTGGGCGACAGAGCAAGACACTGCTCAAAAACAAAAACAAAACAAAACAAAAAAA","GGCAGGGCACAGTGGCTCATGACTGTAATCCCAGCACTTTGGGAGGACGAGGCAGGCAGATCACGAGGTCAGGAGATTGAGATCATCCTGGCTAACACAGTGAAACTCCATCTCTACTAAAAATACAAAAAAATTAGCCAGGCGTGGTGGTACATGCCTGTAGTCCCAGCTACTCAGGAGGCTAAGGAAGGAGAATCGCTTGAACCCGGAAAGCGGAGGTTGCAGTGAGCCAAGATCGTGCCACTGCACTCCAGTCTGGGTGACAGAGCAAGACAAAAACAAAAACAAAACAAAACAAAAAA"
"chr1","40637147","40637440","chr11","108584077","108584374","37","67946930","GGCTGGGTGAGGTTCACACTTGTAATCCCAGCATTTTGGGAGGCCGAGGCAGGCAGATCACGAGGTCAGGGGATCCAGATCATCCTGGCTAACAGGATGAAACTCCATCACTACTAAAAATACAAAAAATTAGCTGGGCTTGGTGGCACACAGCTGTAGTCCCAGATACTCGGGAGGCTGAGGCAGGAGAATCGCTTGAACCCGGGAGGCAGAGGTTGCAGTGAGCCGAGATCGTGCCATTGCACTCCAGCCTGGGCAACAAAAGCAAGACACCGTCTCAAAAAAAAAAAAAAA","GGCCGGGTGCAGTGGCTCACGCCTGTAATCCCAGCACTTTGGGAGGCCAAGGCGGGCGGATCACGAGATCAGGAGATGGAGACCATCCTGGCTAACACGGTGAAACCCCGTCTCTACTAAAAATACAAAAAATTAGCTGGGCATGGTGGCACGCGCCTGTAGTCCCAGCTACTCGGGAGGCTGAGGCAGGAGAATCGCTTGAACATGGGAGGCGGAGGTTGCAGTGAGCCGAGATCGTACCACTGCACTCCAGCCTGGGCGACAGAGCAAGACTCCGTCTCAAAAAAAAACAAACAAA"
"chr1","40663608","40663896","chr2","21926577","21926869","29","18737031","GGCCAGGCGCGGTGGCTCATGCCAGTAATCCTAGTACTTTGGGAGGCTGAGGTGGGCGGGTCACGAGGTCAGGAGATTGAGACCATCCTGGCTAACAGGGTGAAACCCTGTCTCTATTAAAATACAAAAAATTAGCCAGGAGTGGTGGCACGTGCCTGTAGTCCTAGCTACTTGGGAGGCTGAGGCAGGAGAATTGCTTGAACCTGGGAGGCGGAGGTTGCAGTGAGCCGAGATCGCACCACTGCACTCCAGCCTGGCGACAGAGCGAGACTCGGTCTCAAAAAAAAAA","GGCCGGGCGCGGTGGCTCATGCCTATAATCCCAGCACTTTGGGAGGCTGAGGCGGGCAGATCATGAGGTCAGGAGATGGAGACCATCCTGGCTAACACAATGAAACCCCGTCTCTACTAAAAATACAAAAAATTAGCCAGGTGTGGTGGCACGTGCCTGTAGTCCCTGATACTTGGGAGGCTGAGGCAGGAGAATTGCTTGAATCTGGGAAGCAGAGGTTGCAGTGAGCCGAGATCGCACCACTGCACTCCAACCTGGGCAACAGAGCGAGACTCTGTCTCCAAAAAAAAAAA"
"chr1","40685690","40685864","chr12","15669971","15670141","32","25015719","GGCCGGGCTCAGTGGCTCATGCCTGTAATTGCAGAATGTTGGGAGGCCGAGGCAGGTGCATCACTAGGTCACGAGATCGAGACCATCCTGACTAACATGGTGAAACCCCGCTGTCTCTACTACAGACACAAAAAATTAACCAGGCGTGGTGGCATGCACCTGTAGTCCCAGGTAC","GGCCAGTCACGGTGGCTCACGCCTGTAATCCCAGCATTTTGGGAGGCCGAGGCGGGCGCATCACGAGTTCAAGAGATCGAGACCATCCTGGCTAACACGTTGAAACCCGATCTCTACTAAAAATTCAAAACATTAGCCAGGAGTGGTGGCACACACCTGTAGTCCCAGCTA"
"chr1","40732197","40732487","chr1","23507101","23507386","28","17225096","GGCTGGGCGCAGTGGCTCACGCCTGTAATCCCAGCACTTTGGGAGGCCGAGGCGGGTGGATCACGAGGTCAGGAGATCGAGACCATCCTGGCTAACATGGTAAAACCCCATCTCTACTAAAAATACACAAAAAATTAGCCGGGCGTGGTGGCGGGCGCCTGCAGTCCCAGCTACTCGGGAGGCTGAGGCAGGAGAATCGCTTGAACCCGGGAGGCGGAGGCTGCAGTGAGCCGAGATCGCGCCACTGCACTCCAGCCTGGGCGACAGAGGGACACTCTGTCTCCAAATAAA","GCTGGGCGCGGTGGCTCACGCCTGTAATCCCAGCACTTTGGGAGGCCGAGGCGGGTGGATCACGACGTCAGGAGATCGAGACCATCCTGGCTAACATGGTGAAACCCCATCTCTACTAAAAATACAATTAGCTGGGCGTGGTGGCACGTGCCTGTAGTCCCAGCTACTTGGGAGGCTGAGGCAGGAGAATTGCTTGAACCTGGGAGGCGGAGGTTGCGGTGAGCCGAGATTGTGCCACTGCACTCCAGCCTGGGCGACAGAGGCAAGACTCTGTCTCAAAAAATAA"
"chr1","40783636","40783932","chr12","121351661","121351954","39","80568025","GGCCAGGCGCAGTGGCCCATGCCTGTAATCTCAGCCCTTTGGGAGGGAGAGGCGGGCGGATCACGAGGTCAGGAGATCAAGACCATCCTGGCTAACACAGTAAAACCTCGTCTCTGCTAAAAATACAAAAAAAAATTAGCCAGGTGTGGTGGCATGCGCCTGTAGTCCCAGCTACTCAGGAGGCTAAGGCAGAATTGCTTGAACCCAGGACGTAGAGGTTGCAGTGAGCCAAGATTGCACCACTGCACTCCAGCCTGGGCAACAGAGCAAGACTCTGTCTCAATTAAAAAAAAAAAA","GGCCAGGTGCGGTGGCTCATGCCTGTAATCCCAGCACTTTGGGAGGCCGAGGTGGGCGGATCACGAGGTCAGGAGATCAAGACCATCCTGGCTAACACAGTGAAACCCTGTCTCTACTAAAAATACAAAAAATTAGCTGGGCATGGTGGCATGTGCCTGTAGTCCCAGCTACTCAGGAGGCTGAGGTAGGAGAATTGCTTGAACCTGGGAGGCGAAGGTTGCGGTGAGCCCAGATTGCACCACTGCACTCCAGCCTGGGTGACAGAGCGAGACTCTGTCTCAAAAAAAAAAAAA"
"chr1","40840572","40840863","chrX","117589965","117590253","33","76749393","GGCCAGGTGCGGTGGCTCACGCCTGTAATCCCAACACTTTGGGAGGCCGAGGCGGGAAGATCACTGAAGTCAGGAGATCGAGACCATCCTGGCTAACTAACATGGTGAAACCCCGTCTCTACTAAAAATAGGAAAAATCAGCCGGGTGTGGTGGCATGCGCCTGTAGTCTCAGCTACTCAGGAGGCTGAGGCAGGAGAATTGCTTGAACCCGAGAGGCGGAGGTTGCAGTGAGCCGAGATTGCGCCACTCCACTCCAGCCTGGGTGACAGAGTAAGACTCCGTCTCAAAAAA","GGCCGGGCGCAGTGGCTCACGCCTGTAATCCCAGCACTTTGGGAGGCCAAGGCGGGCGGATCATGACGAGGTCAGGAGATCGAGACCATCCTGGCTAACACGGTGAAACCCCGTCTCTACTAAAATACAAAAAAATTAGCCGGTGTGGTGGCACGCACCTGTAGTCCCAGCTACTCGGGAGGCTGAGGCAGGAGAATCACTTGAACCCGGGAGGCAGAGGTTGCAGTGAGCCAAGATTGTGCCACTGCACTCCAGCCTGGGTGACAGAGTGAGACTCCGTCTCAAAAAA"
"chr1","40870069","40870358","chr1","39872990","39873275","39","997079","CTGTAATCCCAGCACTTTGGGAGGCCGAGGCAGGCAGATCATGATCAGGAGATCAAGAGTATCCTGACTAACATGGTGAAACCCTGTCTTTATTAAAAATACAAAAAATTTGCCAGATATGGTGGCATGCACCTGTAGTCCCAGCTACTCAGGAGGCTGAGGCAGGAGAATCGCTTGAACCCAGGAGGCCGAGGTTGCAATGAGCCGAAATCGTGCCACTGCACTCAAGCCTGGGTAACAGCGAGACTCCATCTCAAAAAACAAACAAACAAAACAAACAGACAAAAAAA","CTGTAATCCCAGCACTTTGGGAGTCCGAGACAGGCAGATCATGAGGTCAGGAGATAAAGAGCATTCTGGCTAACATGGTGAAACCCTGTCTCTATTAAAAATAGAAAAAAATTGCCAGGTGTGGTGGTGCGCACCTGTAATCCCAGCTACTCGGGAGGCCGGGGCAGAATTGCTTGAACCCAGGAGGCTGAGGTTGCGGTGAACCAAGATCGTGCCACTGCACTCAAGCCTGGGTAACAGAGCAAGACTCCACCTCAAAAACAAACAAACAAACAAACAAAAAAAA"
"chr1","40871583","40871846","chr1","39874498","39874760","22","997085","GCATTTTGGGAGGCCAAGGCAGGCGGATCATGAGGTCAGAAGATCGAGACCATCCTAGCTAACACAGTGAAACCCCATCTCTACTAAAAATACAAAAAATTAGCCGGGCATGGTAGCAGGTGCCTGTAGTCCCAGCTACATGGGAGGCTGAGGCAGGAGAATCTCTTGAACCCGGGAGGCAGAGGTTGCAGTGAGCCGAGATCAGTGCCACTGCACTCCAGCCTGGGTGACAGAGCAAGACTCTGTCTCAAAAAAAAAAAAAAA","GCACTTTGGGAGGCCGAGGCAGGAGGATCACGAGGTCAGGAGATCAAGACTATCCTAGCTAACACAGTGAAACCCCGTCTTTACTAAAAATACAAAAAATTAGCCGGACATGGTAGCACGTGCCTGTAGTCCCAGCTACTCGGGAGGCTGAGGCAGGAGAATCACTTGAACCCAGGAGGCGGAGGTTGCAGTGAGCCGAGATCAGCACCACTGCACTCCAGCCTGGATGACAGAACAAGACTCCGTCTCAAAAAAAAAAAAAA"
"chr1","40907259","40907550","chr3","156822441","156822733","35","115915182","GGCCAGGCGCGGTGGCTCACGCCTGTAATCCTAGCACTTTGGGAGGCTGAGGCGGGCAGATCACAAGGTCAGGAGATTGAGAGCATCCTGGATAACACGATGAAATCCCGTCTCTACTACTAACACAAAAATTAGCTGGGCGTGGTGGCGGGCGCCTGTAATCCCAGCTACTCGGGAGGCTGAGGCAGGAGAATCACTTGGACTCGGGAGGTGGAGGTTGCAGTGAACTGAGATCACACCACTGCACTCCAGCCTGGGCAACAAAGCAAGACTATGTCTCAAAAAAGAAAAA","GGTCTGGCGCGGTGGCTCATGCCTGTAATCCCAGCACTTTGGGAGGCTGAGGTGGACAGATTGTGAGGTCAGGAGATTGAGACCATCCTGGCTAACATGGTGAAACCCCGTCTCTACTAAAAATACAAAAAATTAGTCGGGCGTGGTGGCACGCACCTGTAATCCCAGCTACTCGGGAGGCTGAGGCAGGAGAATCACTTGAACTTGGGAGGCGGAGGTTGCAGTGGACTGAGATCACGCCGCTGCACTCCAGCCTGGGTGACAGAGCAAGACTCTGTCTCAAAAAAAAAAAA"
"chr1","40912860","40913153","chr2","63419289","63419578","34","22506429","GGCCAGGTGCAGTGGCTCTATGCTTGTAATCCCAGCACTTCGGGAGGCCAAGGTGGGTGGATCACGAGGTTAGGAGATCGAGGCCATCCTGGCTAACAAGGTGAAACCCCACCTCTACCAAAAATACAAAAAATTAGCTGGGCGTGGTGGTGTGCACCTGTAGTCCCAGCTACTTGGGATGCCAAGGCAGGAGAATCGCTTGAACCCAGGAGGCGGAGGTTGCAGTGAGCCAAGATCGTGCCACTGCACTCCAGCCTGGGCAACACAGCAAGACTCTGCCTCAAAAAAAAAAAA","GGCCAGGCGCGGTGGCTCAATGCCTGTAATGCCAGCACTTTGGGAGGCCAAGGCGGGCGGATCACGAGGTCAGGAGATCGAGACCATCCTGGCTCTCACGGTGAAACCCCGTCTCTACTAAAAACAAAAAATTAGCCAGGCGTGGTGGTGGGCACCTGTAGTCCCAGCTACTCGGGAGGCTGAGGCAGGAGAATCACTTGAACCCAGGAGGCAGAGGTTGCAGTGAGCTGAGATCGTGCCACTGCACTCCAGCCTGGGCAACAGAGCAAGACTCTGTCTCAAAAGAAAAA"
"chr1","40921560","40921815","chr1","27524483","27524751","38","13397077","TCCCAGCACTTTGGGAGGCTGAGGCGGGCGGATCACAAGGTCAGGAGATCGAGACCATCCTGGCTAGCACAGTGAAACCCTGTCTCTACTAAAAATACAAAAAATTAGCCAGGCGTGGTGGCAGGAGCCTGTAGTCCCAGCTACTCGGGAGGCTGAGACAGGAGAATTGCTTGAACCTGGGAGGCGGAGGTTGCAGTAAGCTGGCCACTGCACTCCAGCCTGGGCGAAACTCCATCTCAAAAAAAAAAAAAAAGAA","TCCCAGCAATTTGGGAGGCTGAGGAGGACGGATCACAAGGTCAGGAGATCGAGACCAGCCTGGCTAACATGGTGAAACCCTGTCTCTACTAAAAATACAAAAAATTAGCCAGGCATGGTGGCACACACCTGTAATCCCAGCTACTCAGGAGGCTGAGGCAGGAGAATCGCTTGAACACGGGAAGCAGAGGTTGCAGTGAGCTGAGATCACGTGACTGCACTCCAGCCTGGGCGACAGAGCAAGACTGTCTCAAAAAAAAAAAAAAAAAA"
"chr1","40934268","40934572","chr1","39934355","39934664","38","999913","GGCCGGGCGCAGTGGCTCACACCTGTAATCCCAACACTTTGGGAGGCAGAGGCGGGCAGATCATGAGGTCAGGAGATCAAGACCATTCTGGCTAACATGGTGAAACCCCATCTCTACTAAAAATACAAAAAATTAGCCAGGCATGGTGGTGTGCACCTGTAGTCCCAGCTACTTGGGAGGCTGAGGAGAATCACTTGAACCCAGGAAGTGGAGGTTGTAGTGGGCCAAGATTGCACCACAGCACTCCGGCCTGGGTGACGAGGAAGACTCCGTCTCAAAAAAAAAAAAAAAAAAAAAGAAAGAAA","GGCCGGGTGCGGTGGCTCACACTTGTAATCCCAGCACTCTGGGAGGCCAAGGCAGGCGGATCACGAGGTCAGAAGATTGAGACCATCCTGGCTAACATGGTGAAACCTCTCTCTACTAAAAGTACAAAAAATTAGCCAGGCATGGTGGTGTGCACCTGTAGTCCCAGCTACTTGGGAAGCTGAGGCAGGAGAATCACTTGAACCCAGGAGGCGGAGGCTGTAGTAGGCCAAGATCACACCACAGCACTCTGGCCTAGGCAACAGAGGGAGACTCTGTCTCAAAAAAAAAAAAAAAGAAAGAAAGAAAGAA"
"chr1","41008331","41008637","chr7","52277962","52278267","33","11269631","GGCCGGGTGCGGTGGTTCACACCTGTAATCCCAGCACTTTGGGAGGCCGAGGCAGGCAGATCACGAGGTCAGGGGATCCAGATCATCCTGGCTAACATGGTGAAACCCCACCACTACTAAAAATACAAAAAATTAGCTGGATTTGGTGGCACACACCTGTAGTCCCAGCTACTCGGGAGGCTGAGGCAGGAGAATCGCTTAAACCTGGTAGGCGGAGGTTACAGTGAGCCGAGATCACGCCACTGCACTCCAGCCTGGGTGACAAAGAGAGACTCCCTCTCGGGGAAAAAAAAAAAAAAAAAAAAAA","GGCTGGGTGCAGTGGCTCACACCTGTAATCCCAGCACTTTGGAGGCCGAGGCAGGCAGATCACAAGGTCAGGAGATCAAGACCATCCTGGCTAACATGGTAAAACCCTGTCTCTACTAAAAATACAAAAAATTAGCCAGGCGTGGTGGCAGGCACCTGTAGTCCCAGCTACTTGGGAGGCTGAGGCAGGAGAATCGCTTGAACCTGGGAGGCGGAGTTTGCAGTGAGCCGAGATCACACCACTGTACTCCAGCCTGGGTGACAGAGCAAGACTCCATCTCAGGAAAAAAAAAAAAAAAAAAAAAAA"
"chr1","41010083","41010374","chr18","19713239","19713528","37","21296844","GGCTGGGCGCTGTGGCTCACGCCTGTAATACCAGCACTTTGGGAGGCTGAGGGGGGCAGATCACGAATTTAGGAGATCGAGACCATCCTGGCTAACACGGTGAAACCCCGTCTCTACTAACAATACAAAAAATTAGCCGGGCGTGGTGGTGGGCGCCTGTAGTCCCAGCTACCCAAGAGGCTGCAGCAGGGGAACTGCTTGAACCTGGGAGGTGGAGGTTGCAGTGAGCAGAGATCGTGCCACTGCACTCCAGCCTGGGTGACAGAGCTGTCTCCAAAAAAAAAAAAAAAAA","GCCGGGCGCAGTGGCTCACGCCTGTAATCCCAGCACTTTGGGAGGCCAAGGCGGGCAGATCACAAGTTCAGGAGATCGAGACCATCCTGCCTAATACGGTGAAACCCCATCTCTACTAAAAATACAAAAAATTAGCCAGGCGTGGTGGTGGGCACCTGTAGTCCCAGCTACCCAGGAGGCTGAGGCGGGAGAATCGCTTGAACCCAGGAGACGGAGGTTGCAGTGAGCCGAGATCGCGCCACTGCACTCCAGCCTGGAGACAGAGCGGAGGAAAAAAAAAAAAAAAAAAA"
"chr1","41309514","41309819","chr1","54184910","54185214","31","12875396","GGCTGGGCGTGTTGGCTCACGCCTGTAATCCCAGCACTTTGGGAGGCCGAGGTGGGCAGATCACGAGGTCAGGAGATTGAGACCGTTCTGGCTAACAAGGTGAAACCCTGTCTCTACTTAAAATACAAAACATTAGCCAGGCATGGTGGCATGTGCCTGTAGTCCTAGCTACTTGGGAGGCTGAGGCAGGAGAATTGCTTGAACCTGGGAGGTGGAGGTTGCAGTGAGCCGAGATTGCACCTCTGCACTCCAGCCTGGGCAATAGAGTGAGACTCTGTCTCAAAAAAAAAAAAAAAAAAAAAAAAA","GGCCGGGCGCGGTGGCTCACGCCTGTAATCCCAGCACTTTGGGAGGCCGAGGCGGGTGGCTCACGAGGTCAGGAGATCGAGACCATCCTGGCTAACACGGTGAAACCCCATCTCCACTAAAAATACAAAAAATTAGCCGGGCGTGTTGGCAGGTGCCTGTAGTCCCAGCTACTCGGGAGGCTGAGGCAGAAGAATTGCTTGAACCTGGGAGGCGGAGGTTGCAGTGAGCCGAGATTGCACCACTGCACTCCAGCCTGGGTGACAGAGCAAGACTCTGTCTCAAAAAAAAAAAAAAAAAAAAAAAA"
"chr1","41370614","41370918","chr1","40372550","40372857","27","998064","GGCCGAGCATGGTGGCTCACACCTGTAATCCCAGCACTTTGGAAGGCCGAGGCGGGTGGATCACAAGGTCAGGAGATCGAGACCATCCTGGCTAACACAGTGAAACCCCGTCTCTACTAAATATACAAAGAATTAGCCAGGTGTGGTGGCATGCACCTGTAGTCCCAGCAACTCAGGAGGCTGAAGCAGGAGAATTGCTTGAACCCAGGAGGCGGAGGTTGCAGTGAGCCGAGATTGTGCCACTGCACTCCAGCCTGGGTGATAGAGCGAGACTGTCTCAAAAAAAAACAAAAACAAGAAAGAAA","GGCCGAACATGGTGGCTCATGCCTGTAATCCCAGCACTTTGGGAGGCTGAGGTGGGCGGATCACGAGGTCAGGAGATCGAGACCATACTGGCTAACACGGTGAAACCCCGTCTCTACTAAATACACAAATAATTAGCCAGGCATGGTGGCACGCACCTGTAGTCCCATCAACTCAGGAGGCTGAAGCAGGAGAATTGCTTGACCCTGGGAGGCGGAGGTTGCAGTGAGCCGAGATTGTGCCACTGCACTCCATCCTGGGTGACAGAGCGAGACTAGTGTCTCAATAAAAACAAAAACAAGAAAGAAAA"
"chr1","41375425","41375728","chr1","40377398","40377699","27","998027","GGCCAGGCGTGGTGGCTCACGCCTGTAATCCCAGCACTTTGGGAGGGTGAGGCGGGCAGATCATGAGGGCAGGAAGTCGAGACCACCCTGGCTAACACAGTGAAACCCCATCTCAACTAAAAATATAAAAAATTAGCCGGGCGTGGTGGTGCACGTTTGTAGTCCCAGCTACTTAGGAGGCTGAGGCAGGAGAATCACTTGAATCTGGGAGGTGGAAGTTGCAGTGAGCTGAGATCGCACCACTGCACTCCAGCCTGGGTGACAGAGCGAGACTCTGTCTAAAAAATAATAATAATAAAAAAAA","GGCCAGGTGCGGTGGCTCACGCCTGTAATCCCAGCACTTTGGGAGGCTGAGGTGGGCGGATCACGAGGTCAGGAGGTCGAGACCATCCTGGCTAACACAATGAAACCCCGTCTCTCCTAAAAATACAAAAAATTAGCCAGGTGTGGTGGTGCACGTTTGTAGCCCCAGCTACTCAGGAGGCTGAGGCAGGAGAATCACTTGAACCTGGGAGGTGGAGGTTGCAGCGAGCCGAGATCGCACCACTGCACTCCAGCCTGTGTGACAGAGTGAGACTGTCTAAAAAATAATAATAATAATAAAAA"
"chr1","41454970","41455264","chr11","55619571","55619869","34","14164601","GGCTGGGTGCAGTGGCTCACACCTGTAATCCCAGCACTTTGAGAGGCCGAGGCGGGCAGATCACAAGGTCAGGAGATCGAGATCATTCTGGCCAACATGGTGAAACCTCGTCTCTACTGAAAATACAAAAATTAGCTGGGTGTTGTGGCATGTGCCTGTAGTCCCAGCTACGTGGGAGGCTGAGGCAGGAGAATCAGTTGAACCCGGGAGGCGAAGGTTGCAGTGAGCCGGGATTGCACCACTGCACTCCAGCCTGGGCAACAGACTGAGACTGCGTCTAAAAAAAAAAAAAAAA","GGCCAGGCGCAGTGGCTCACACCTGTAATCCCAGCACTTTGGGAGGCCGAGGCGGGCGGATCACGAGGTCAGGAGATCGAGACCACCCTGGCCAACATGGTGAAACCCTGTCTCCACTAAAAAGACAAAAATTAGCTGGGTGTGGTGGCACGCTCCTGTAGTCCCAGCTACTTGGCAGGCTGAGGCAGGAGAATCACTTGAACCCAGGAGGCGGAGGTTGCAGTGAGCCGAGATCGCACCATTGCACTCCAGCCTGGGCGACAGAGTGAGACTCCATCTGAAAAAAATAAATAAATAAA"
"chr1","42056855","42057155","chr20","57205726","57206029","32","15148871","GGCCAGGCGTGGTGGCTCACACCTGTAATCCCAGCACTTTGGAAGGCTGAGGTGGGCGGATCATGAAGTCAGGAGATTGAGACCATCCTGGCTAACATGGTGAAACCCCATCTCTACTAAAAATACAAAAAAAATTAGCCGGGCTTGGTGGCAGTCGCCTGTAGTCCCAGCTACTCAGGAGGTTGAGGCAGGAGAATCGCTTGAACCTGGAGGTGGAGGTTGCAGTGAGTCAAGATCGCATCACTGCACTCCAGCATCGGCGACAGAGTGAGACTCCGTCTCAAAAAAAAAAACAAAAAAA","GGCCGTGCGTGGTGGCTCACACCTGTAATCCCAGCACTTTGGGAGGCTGAGGCAGGCGGATCATGAGGTCAGGAGATTGAGACTATCCTGGCTAACATGGTGAAACCCCGTCTCTACTAAAAATACAAAAAAAATAGCTGGGCGTGGTGGCACGCACCTGTAGTCCCAGCTGCTCGGGAGGCTGAGGCAGGAGAATCGCTTGAACCCGGGAGGCGGAGGTTGCAGTGAGCCGAGATCGCGCCACTGCACTCCAGCCTGGGCAACCGAGTGAGACTCCGTCTCAAAAAAAAAAAAAAAAAAGAAA"
"chr1","42168722","42168861","chr7","3648725","3648875","29","38519997","TGGTGGCATGCACCTGTAGTCCCAGCTACTTGGGAGGGTGAGGCAGGAGGATCACTTGAACCCGGGAGGCAAAGGTTGCAGTAAGCTGAGATCGCATCACTGCACTCCAGCCTGGATGACAGAGCAAGACTCTGTCTCAA","GCCGGGTGTGGTGGCATGCACCTGTAATCCCAGCTACTTGGGAGGCTGAGGCAGGAGAATCACTTGAACCTGGGAGGTGGAGGTTGCAGTGAGCCAAGATTGCACTGCTGCACTCCAGCCTGGGTGACAGAGTGAGACTCTGCCTCAAAAA"
"chr1","42367431","42367720","chr13","65001120","65001409","32","22633689","GGCTGGGCACAGTGGCTCACACCTATAATCCCAGCACTTTGGGAGGCCAAGGTAGGTGGATCACAAGGTCAGGAGATTGAGATCATCCTGGCTAACACAGTGAAACCCCATCCCTACTAAAAATACAAAAAATTAGCTGGACATGGTGGTGCACAGCTGTAGTCCCAGCTACTCAGGAGGCTGAGGCAGGAGAATTGCTTGAACCCGTGAGGCAGAGGTTGCAGTGAGCCAAGATCACACCACTGCACTCCAGCCTAGGTGACAGAGCAAGACTCTGTCTTAAAAAAAAA","GGCTGGGCACGGTGGCTCATACCTGTAATCCCAGCACTTTGGGAGGCCAAGGTAGGCAGATCACGAGGTCAGGAGATCGAGACCATCCTGGCTAACACAGTGAAACCCCTTCTGTATTAAAAATACAAAAAATTAGCTGGGCGTGGTGGCACGCACCTGTAGACCCAGCTACTCAGGAGGCTGAGGCAGGAGAATTGCTTGAACCCTGGAGGCAGAGGTTGCAGTGAGCCGAGATCATGCCACTCCACTCCAGCCTGGGCGACAGAGCGACACTCCGTCCCAAAAAAAAA"
"chr1","42440226","42440558","chr7","63056446","63056768","48","20616220","GGCTGGGTGTGGTGGCTCATGCCTGTAATCCCAGCACTTTGGGAGGCCAAGGCAGGCAGATCACAATGTCAGGAGATCAAGACCATCCTGGCTAACACGGTGAAAACCCATCTTTATTAAAAATACAAAAAAATAAAAAATAAAAAATAAAAAACTAGCTGGGTGTGGTGGTGCACGCCTGTAGTCCCAGCTACTTGGAAGGCTGAGGCTGAAGAATCACTTGAATCTGGGAGGCGGAGGCTGCAGTGAGCCAAGATTACACCACTGCGCTCCAGCCTGGGTGACAGAGTGAGACTCCGTCTCAAAAAAAAAAAAAAAAAAAAAAAAAAAAAA","GCCAGGCATGGTGGCTCAAGCCTGTAATCCCAGCACTTTGGGAGGCTGAGGCGGGTGGATCATGAGGTCAGGAGATCAAGACCATCCTGGCTAACACAGTGAAACCCTGTCTTTACTAAAAATACAAAAAAAAAAAAAAAAAAAAAAGCTGGGTGTGGTGGTGTGCACCTGTAATCCCAGCTACTCAGGAGGCAGAGGCAGGAGAATCCCTTGAACCTGGGAAGCGGAGGTTGCAGTGAGCCAAGATTGCACCACTGTACTCCAGCCTGCGTGACAGAGTGAGACTCTGTCTCAAAAAAAAAAAAAAAAAAAAAGAAAAAAAA"
"chr1","42660938","42661243","chr1","41685970","41686275","34","974968","GGCCGGGCGCGGTAGCTCACGCGTGTAATCCCAGCACTTTGGGAGGCTGAGCCAGGGGGATCGCGAGGTCAAGAGACTGAGACCATCCTGGCTAACACGCTGAAACCCCGTCTCTACTAAAAATACAAATAATTAGCCAGACATCATGGCACGCGCCTGTAGTCCCAGCTACTCGGGAGGCTGAGGCAGAAGAATCACTTGACCCCAGGAGGCGGAGGTTGCAGTGAGCTGAGATTGCTACCACTGCACTCCAGCCTGGGCGACAGAACAAGACTCCATCTCAGAAAAAAAAGAAAGAAAGAAAAA","GGCCGGGCGTGGTAGCTCAGGCGTATAATCCTAGCACTTTGGGAGGCTGAGCCAGGGGGATCACAAGGTCAGGAGATTGAGACCATCCTGGCTAACACTGTGAAACCCCATCTCTACTAAAAATACAAATAATTAGCCAGACGTCGTGTCATGCGCCTGTAGTCCCAGCTACTCGGAAGGCTGAGGCAGAAGAATCTCTTGAACCCAGGAGGCAGCCGTCGCAGTCAGCTGAGACCCCACCACTGCACTCCAGCCTGGGCAACAGAGCAAACTCCATCTCAAAAAAAAAAAAAAAGAAAGAAAGAA"
"chr1","42702050","42702218","chr7","88306228","88306392","38","45604178","TACTAAAAATACAAAACATTAGCCCCCTATTGTGGCACATGCCTGTAGTCCCAGATACTCGGGAGGCTGATGCAGGAGAACTGCACGAACCCGGGAGGCAGAAGTTGCAGTGAGGCGAGATCACACCACTGCACTCCAGCCTGGGTGACAGAGTGAGACTCCATCTCAA","TACAAAGAAATTAGCCAGGCGTGGTGGCATGTGCCTGTAGTCCCAGCTACTCAGGAGGCTGAGGCAGGAGAATTGCTTGAACCCAGGAAGCAGAAGTTGCCGTGAGACAAGATCAAGCCGTTGCACTCCAGCCTGGGTGACAGAGCGAGACTCCTTCTCAAAAAA"
"chr1","42733147","42733431","chr7","112695145","112695428","44","69961998","GGCCGGGCATGGTGGTTCACGCCTGTAATCTCAGCACTTTGGGAGGCCGAGGCGGGTGGATCATGAGGTCAGGAGATCGAGACCATTCTGGCTAACACAGTGAACAAAAAATTAGTCGGGCATGGTGGCGGGCGCCTGTAGTCTCAGCTACTTGGGAGGCTGAGGCAGGAGAATTGCTTGAACTTTGGAGGTGGAGGCTGCAGTGAGCCAAGATTATGCCACTGCACTCCAGCCTGGGTGACAGAGCGAGACTCCGTCTCAAAAAAAAAAAAAAAAAAAAAAAAA","GCCGGGCATGGTGGCTCATGCCTGTAATCCCCGCACTTTGGGAGGCGGAGGCAGGCGGATCACGAGGTCAGGAGATTGAGACCACCCTGGCTAACACGGTGAAAATACAAAAAATTAGCCAGGCATGGTGGCAGGCGCCTGTAGTCCCAGCAACTAGGGAGGCTGAGGCAGGAGAATTGCTTGAACCCGGGAGGTAGAGGTTGCAGTGAACTGAGATTGTGCCACTCCACTCCATCCTGGGCAACAGAGCCAGACTCCATAGCAAAAAAAAAAAAAAAAAAAAA"
"chr1","42827596","42827881","chr1","41848336","41848627","30","979260","GGCCAGGTGTGGTGGCTCATGCCTGTAATCCCAGCACTTTGGGGGGCCAAGGTGGGCAGATCACGAGGTCAGGAGATCAAGACCATCCTTGCCAATATGGTGAAAACCCATCTTTACTAAAAATACAATAATTAGCTGGATGTGGTGGCACACGCCTGTGGTCCCAGCTACTTGGGAGGCTGAGGCAGGAGAATCACTTGAACCTGGGAAGTGGAGGTTGCAGTGAGCTGAGATCGCGCCACTGCACTCCAGCCTGGGTGAGAGAGCAAGACTCCGTTTCAAAAAA","GGCCAGGCGCGGTGGCTCATGCCTGTAATCCCAGCACTTTGGGAAGCCAAGTGGCAGATCATGAGGTCAGGAGATCAAGACCATCCTGGCCAATATGGTGAAACCCCGTCTCTACTAAAAATACAAAAATTAGCTGGATGTGGTGGCACATACCTCTGGTCCCAGCTACTTGGGAGGCTGAGGCAAGAGAATCACTTAAACCTGGGAAGTGGAGGTTGCAGTGAGCTGAGATCACACCACTGCACTCCAGCCTGGGTGACAGAGCAAGACTCCATCTCAAAAAAGAAAAAAA"
"chr1","42968899","42969203","chr1","41988971","41989273","28","979928","GGCCGGGCGCAGTGGCTCACACCTATAATCCCAGCACTTTGGGAGGCCAAGGCAGGCAGATCACAAGGTCAGGAGATTGAGACCATCCTGGTTAACACAGTGAAACCGTGTCTCTACTAAAAATACAAAAAATTAGCTGGGCGTGGTGGCACGCACCTGTAATCCCAGCTACTTGGGAGGCTGAGGCAGCAGAATCACTTGAACTTGGGAGGTGGAGGTTGCAGTGAGCCGAGATCACGCCACTGCTCTCCAGCCTGGGTGACAGAGCAAGACTCTGTCTCAAAACAAAACAAACAAACAAAAAA","GGCTGGGCGCAGTGGCTCACACCTGTAGTCCCAGCACTTTGGGAGGCCAAGGTGGGCGGATCACGAGGCCAGGATATTGAGACCATTCTGGCCAACACAGTGAAATCCCATCTCTACTAAAAATACAAAAGAATTAGCTGGATGTGGTGGCACGCACCTGTAATCCTAGCTACTCAGGAGGCTGAGGCAGCAGAATCACTTGAACTTGGGAGGTGGAGTTTGCAGTGAGCCGAGATCACACCACTGCACTCCAGCCTGGGTGACAGAGCAAGACTGTCTCAAAACAAAACAAACAAACAAAAA"
"chr1","42998871","42999169","chr1","42018653","42018950","30","980218","GGCGAGGCGTGGTGGCTCACGCCTGTAATCCCAACACTTTGGGAGGCCGAGATGGGCAGATCATGAGGTCAGGATATCGAGACCATCCTGGCTAACACAGTGAAACACCGTCTCTACTAAAAATACAAAAAATTAGCCGGGCACGGTGGCATGTGCCTGTAGTCCCAGCTACTCGAGAGGCTGAAGCAGGAGAATCGCTTGAACCTGGGAGGTGGAGGTTGTAGTGAGCCAAGATCGCGCCATTGCACTGCAGCCTGGGCGACAGAGTGAGATTCTGTCTCAAAACAAAAAACAAAAAA","GGCTGGGCACGGTGGCTCACGCCTGTAATCCCAACACTTTGGGAGGCCGAGGCGGGTGGATCATGAGGTCAGGATATCGAGACCATCCTGGCTAACACAGTGAAATCCCATCTCTACTAAAAATACAAAAAATTAGCCGGGTGTGGTGGCATGTGCCTGTAGTCCCAGCTACTTGGTAGGCTGAGGCAGGAGAATTGCTTGAACCCGGGAAGCAGAGGTTGCAGTGAGCCAAGATCGTGCCACTGCACTCCAGCCTGAGCGACAGAGTGAGATTCTGTCTCAAAAAAAAAAAAAAAAA"
"chr1","43080421","43080714","chr5","39776458","39776753","37","3303963","GGCCAGGTGCAGTGGGTCACACCTGTCATCCCAGCACTTTGGAAGGCCAAGGCGGGCGGATCACAAGGTCAGGAGATTGAGACCGTCCTGCCTAACATGGTGAATCCCTGTCTCTACTGAAAATACAAAAATTAGCTGAGCGTGGTGGTGTGTGCCTGTATTCCCAGCTACTCAGGAGCCTGAGGCAGAAGAATCGCTTGAACCCGGGAGGCGGAGGTTGCAGTGAGCCGAGATTGTGCCACTGCACTCCAGCCTGGGTGACAGAGAGAGACTCCATCACACACACACAAAAAA","GGCCAGGTGCAGTGGCTCACACCTGTAATCCCAGCACTTTGGGAGGCCAAGGCGGGCGAATACTGAGGTCAGGAGATCGAGACCAGCCTGGCTAACATGCTGAAACCCTGTTTCTACCAAAAATACAAAAATTAGCTAAGTGTGGTGGCTCTTGCCTGTAGTCCCGGCTACTCAGGAGCCTGAGGCAGGAGAATGGCTTGAACCCGGGAGGTGGAGGTTGCAGTGAGCCAAGATTGTGCCATTGCACTCCAGCCTGGGTGACAGAGTGAGACTCCGTCTCAAAAAAAAAAAAAGAA"
"chr1","43103218","43103520","chr6","174905209","174905512","39","131801991","GCCAGGCACGGTAGCTCACACCTGTAATCCCAGCACTTTGGGAGGCCGAGGCAGGCAGATCACGAGGTCAGGAGATCAAGACCATCCTAGCCAACATGGTGAAACCCTGTCTTTACTAAAAATACAAAAAAAAAATTGGCCGGGTGTGGCAGTGCTTGCCTGTAGATCCAGCTCCTCGGGAGGCTGAGGCAGGAGAATGCTTGAACCTGGGAGGCGGAGGCTGCAGTGAGCCGAGATTGCACCACTGCACTCCAGCCTGGGCGACAAAGCTAGACTCCATCTCCAAAAAAAAAAAAAAAAAGA","GCGGGGCGCGGTGGCTCACACCTGTAATCCCAGCACTTTGGGAGGCTGAGGCAGGCGGATCACAAGGTCAGGAGATCGAGACCATCCTGGCTAACACGGTGAAACCCTGTCTGTACTAAAAATAAAAAAAAAAAATTAGCCAGGCGTGGTGGCAGGGGCCTGTAGTCCCAGCTACTCGGGAGGCTGAGGCAGGAGAATTGCTTGAACCTGGGAGGCAGAGGTTGCAGTGAGCTGAGATCATGCCAATGCACTCCAGCCTGGGCGACAGAGCGAGACTCTGTCTCAAAAAAAAAAAAAAAAAAAA"
"chr1","43239836","43240146","chr9","93872647","93872956","29","50632811","GGCCAGGCGTGGTGGCTCACGCCTGTAATCCCAGCACTTCAGGAGGCCAAGGCGGGCAGATCACAAGGTCAGGAGATGGAGACCATCCTGGCTAACGCGTTGAAACCCCATCTCTACTAAAAATACAAAAAATTAGCCGGGCATGTTGGCATGTGCCTGTAGTCCCAGCTACTTGGGAGGCTGAGGCAGGAGAATTGCTTGAACCTGGGAGGCAGAGGCTACAGTGAGCCGAGATCACGCCACTGCACTCCAGCCTGGGTGACAGAGTGAGACTCTGTCTCAAAAAAAAAAAAAAAAAAAAAAAAAAAAAA","GGCCAGGTGTGGTGGCTCACACCTGTAATCCCAGCACTTTGGGAGGCCAAGGCGGGCAGATCATGAGGTCAGGAGATTGAGACCATCCTGGCTAAAACAGTGAAACCCATCTGTACTAAAAATACAAAAAATTAGCTGGGCATGGTGGCACGTGCCTGTAGTCCCAGCTACTTGGGAGGCTAAGGCAGGAGAATTGCTTGAACCCAGGAGGCAGAGGTTGCAGTGAGCTGAGATTGCGCCACTGCACTCCAGCCTGGGTGACAGAGCGAGACTCCATCTCAAAAAAAAAACAAAAAAAAACAAAAAAAAA"
"chr1","43532389","43532686","chr4","21780067","21780362","27","21752322","GCCAGGCGCAGTGGCTCACGCCTGTAATCCTAGCACTTTGGAAGCCCAAGGCGGGCAGATCATGAGGTCAGGAGATAGAGACCATCCTGGCTAACACGGTGAAACCCTGTCTCTACTAAAAATACAAAAAATTAGCCGGGCGTGGTGGCACGTACCTGTAGTCCCAGCTACTCGGGAGACTGAGGCAGGAGAATCACTTGAACCTGGGAGGCGGAGGTTTCAGTGAGCCGAGATCGCACCACTACATTCCAGCCTGGGCAACAGAGCGAGATTCTGTCTCAAAAAAAAAAAAAAAAAA","GCCAGGCGCGGTGGCTCACGCCTGTAATCCCAGCACTCTGGGAGACCAAAGTGGGCAGATCATGAGGTCAGGAGATTGAGACCATCCTGGCTAACACGGTGAAACCCCATCTCTACTAAAAATACAAAAAATTAGCCAGGCGTGGTGGCACGTGCCTGTAGTCCCAGCTACTTGGGAGGCTGAGGCAGAAGAATCACTTGAACCTGGGAGGCGGAGGTTTCAGTGAGCCGAGATCCCTCCACAGCACTCCAGCCTGGGTGATAGAGCAAGATTCCGTCTCAAAAAAAAAAAAAAAA"
"chr1","43597913","43598079","chr4","140168185","140168346","26","96570272","AAATAGCCGGGCAAGGTGGCATGTGCCTGTATTCCCAGCTACTCGGGAGGGTGAGGCATGAGAATCGCTTGAACCTGCGAGACAGAGGTTGCAGTGAGCAGAGATCATGCCACTGCACTCCAGCCTGGGTGACAGAGTGAGACTTGATCTCAAAAGAAAAGAAATAA","TAGCTGGGCATGGTGGCATGTGCCTATAATCTCAGCTACTTGGGAGGCTGAGGCAGGAGAATCACTTGAACCTGGGAGATGGAGGTTGCAGTGAGCCGAGATGATGTCACTGCACTCCAGCCTGGGCGACAGAGCTAGACTCCATCTCAAAAAAAAAAAAAA"
"chr1","43723089","43723392","chr7","127065845","127066144","29","83342756","GCCAGGAGTGGTGGCTCACGCCTGTAATCCCAGCACTTTGGGAGGCCGAGGCGGGCAGATCACAAGGTCAGGAGATCAAGACCATCCTGGCCAACACTGTGAAACCCCGTCTCTATTAAAAATACAAAAAATTAGCCGGGCGTGGTGGCGGGCGCCTGTAGTCCCAGCTACTCGGGAGGCTGAGGCAGGAGAATCACCTGAACCCAGGAGGTGGAGGTTGCAGTGAACCCAGATCATGCCACTGCACTCCAGCCTGGGTAACAGAGCAAGATTCTGTCTCAAAAAAAAAAAAAAAAAAAAAAAA","GCCAGGTGCGGTGGCTCACGCCTGTAATCCCAGCACTTTGGGAGGCTGAGGCAGGTGGATCACGAGGTCAGGAGATCAAGACCATCCTGGCTAACACAGTGAAACCCCGTCTCCACTAAAAATACAAAAAATTAGCTGGGCGTGGTGGCGGGCGCCTGTAGTCCCAGGTACTTGGGAGGCTGAGGCAGGAGAATTGCTTGAACCTGGGAGGTGGAGGTTGCAGTGAGCCGAGATCGTGCCACTGCACTCTAGCCTGGGTGACAGAGCAAGACTCTGTCTCAAAAAAAAAAAAAAAAAAAA"
"chr1","43863710","43863845","chr9","88336693","88336816","45","44472983","GAAACCCCGTCTCTCCTCAAAATATTAAAAGAAATCACCCAGGCGTGGTGGCACGCACCTGTAGTCCCAGCTAATGGTGAGGCTAAGGCAGGAGAACTGCTCAACTCAGGAGGCGGAGGTTGCAGTGAGCCGAGAT","ACGGTGAAACCCTGTCTCTACTAAAATACAAAATTAGCTAGGTGTGATGCACGCCTCTGTAGTGAGCTCTTGGAGGCTGAGACAGGAGAATCGTTGAACCTGAGAGGCGGAGCTTGCATGAGCC"
"chr1","43876577","43876872","chr1","43053112","43053413","30","823465","GGCCAGGCGCGGTGGCTCACGCCTATAATCCCAGCACTTTGGGAGGCTGAGGCGGGTGGATCATGAGGTCAGGAGGTCAAGACCATCCTGGCTAACACGGTGAAACCCCATCTCTACTAAAAATACAAAAAATTAGTCAGGTGTGGTGGCGCATGCCTGTAGTCCCAGCTGCTCGGAAGGCTGAGGCAGGAGAATCATCTGAACCTGGGAGGCGGAAGTTGCAGTGAGCTGAGATTGTGCCACTGCACTCCAGTCTGGGCGACAGAGTCAGACACCATCTCAAAAAAAAAAAACAA","GGCCAGGCATGGTGGCTCACGCCTATAATCCCAGCACTTTGGGAGGCTGAGGTGGGTGGATCACAAGGTCAGGAGATCGAGATCATCCTGGCTAACACGGTGAAACCTCATCTCTACTAAAAATAACAAAAAATTAGCCAGGTGTGGTGGCGCATGCTGGTAGTTCCAGGTGCTCGGAAGGCTGAGGCAGAAGAATCGTCTGAACCCGGGAGGCAGAGGTTGCAGTGAGCTGAGATTGTGCCACTGCACTCCAGAGTCTGGGCGACAGAGTGAGACACCGTATAAAAAAAAAAAAAAAAAAA"
"chr1","43911479","43911809","chr19","15978488","15978799","47","27932991","GGCCGGGCGCGGTGGCTCACGCCTGTAATCCCAGCACTTTGGGAGGCCGAGGCGGGCGGATCACGAGGTCAGGAGATCCTGACCACCCTGGCTAACACGGTGAAACACTGTCTCTACTAAAATTACAAAAAAAAAAAATTAGCTGGGTGTGGTGGCGGGCGCGCCTATAAACCCAGCTACTCGGGAGGCTGAGGCAGGAGAATCACCTGAACCCGGGAGGTGGACGGAGGTTGCAGTGAGCCGAGATCATGCCATTGCACTCCAGCCTGGGAGACAGAGCAACACTTTGTCTCAAAAAAACAAAAACAAAACAAAACAAAACAAAACAAAA","GGCCGAGCGCGGTGGCTCACGCCTGTAATCCCAGCACTTTGGGAGGCCGAGGCGGGCGGATCACAAGGTCAGGAGATCGAGACCATCCTGGCTAACACGGTGAAACCCCGTCTCTACTAAAAATACAAAAAAAATTAGCCAGGCGTGGTGGCGGCGCCTGTAGTCCCAGCTACTCGGGAGGCTGAGGCAGGAGAATCGCGTGAACCCGGAAGGCAGAGGTTGCAGTGAGCCGAGATCGTGCCACTGCACTCCAGCCTGGGCGACAGAGTGAGACTCCGTCTGAAAAAAAAAAAAACAAAAACAAAAACAAAA"
"chr1","43975633","43975934","chr1","43151498","43151795","41","824135","GGCCAGCAGCAATGGCTCACGCCTGTAATCCCAGCACTTGGGAGGCCCAGGCAGGCGGATCACGAGGTCAGGAGATCAAGACCATCCTGTCTAACATGGTGAAACCCTGTATCTACAACAAATACAAAAAATTAGCCGGGTGGGGTGGCGGGCGCCTATAGTCAGCTACTTGGGAAGCTGAGGCAGGAGAATTGCTTGAACCCAGGAGGCGGAGATTGCAGTGAGCCTAAATAGCACCACTGCACTCTAGCCCGCGCCACAGAGTAAGACTCCATCTCAAAAAAAAAAAAAAAAAAAAAAAA","GGCCAGGCACAGTGGCTCACACCTGTAATCCCAGCACTTGGGAGGCCAAGGCGGGCGGATCACGAGGTCAGGAGATCAAGACCATCCTGGCTAACATGGTGAAATCCCATCTCTACTAAAAACACAAAAAATTAGCCGGGTGTGGTGGCGAGCACCTGTAGTCCCAGCTACTTGGGAAGCTGAGGCTGAAGAATTGCTTGAACCCAAGAGGTGGAGGTGGCAGAGAGCTGAAACAGCACCACTGCACTCCAGCCTGGGCGACAGAGTAAGACTCCATCTCAAAAAAGAAAAAAAAAAA"
"chr1","43988216","43988511","chr7","166020953","166021249","33","122032737","GGCCAGGCATGGTGGCTCACTGCTGTAATCTCAGCACTTTGGGAGGCTGAGGTGGGCGGATCACGATGTCAGGAGATCAAGACCATCCTGGCTAACAGAGTGAAACCCCGACTCTACTAAAAATACAAAAATCAGCCAGGCGTGGTAGCAAGCATCTGTAGTCCCAGCTACTTGGGAGGCTGAGGTAGGAGAATCACTTGAACCCGGGAGGCGGAGGTTGCAGTGAGCCAAGATCATGCCTTTGCACTCCAGCCTGGGAGACAGAGTGAGACTCCGTCTCAAAAAAAAAAAAAAAA","GGCTGGGCATGGTGGCTCACGCCTGTAATCCCAGCACTTTGGGAGGCTGAGGCAGGCAGATCACAAGGTCAGGAGATCAAGACTATCCTGGCTAACATAGTGAAACCCTGTCTCTACTAAAAATACAAAAAATTAGCCAGGCGTGGTAGCACACGCCTGTAGTCCCAGCTACTTGGGAGGCTGAGGCAGGAGAATCGCTTGAACCCAGGAGGCAGAGGTTGCAGTAAGCTAAGATCATGCCACTGCACTCCAGCCTGGGCGACAGAGCAAGACTCCACCTCAAAAAAAAAAAAAAAA"
"chr1","44002068","44002356","chr20","58879055","58879342","30","14876987","GGCCGGGTGTGGTGGCTCATGCCTGTAATCCCAGCACTTTGGAAAGCCAAGGTGGGCGGATCATGAGGTCAGGAGATCGAGACCATCCTGGCTAACACGTGAAACCCCATCTCTACTAAAACTACAAAAAAGTAGCCGGGTGTCATGGCACGCGCCTGTAGTCCCAGCTACTCAGGAGGCTGAAGCAGGAGAATTGCTCAAACCCAGGAGGCAGAGGTTGCAGTGAGCCGAGATGGTGCCACTGCACTCCAGCCTGGGCGACAGAGCGAGATGCCATCTCAAAAAAAAA","GCCAGGTGGGGTGGCTCATGCCTGTAATCCCAGCACCTTGGGAGGCCAAAGCAGGAGGATCACGAGGTCATGAGATCGAGACCATCCTGGCTAACACGGTGAAACCCCATCTCTACTAAAAATACAAAAAATTAGCCGGGTGTGGTGGCACACACCTGTAGTCCCAGCTACTCGGTAGGCTGAGGCAGGAGAATTGCTTGAACCCAGGAGGCAGAGGTTGCAGTGAGCCGAGATGGTGCCACTGCGCTCCAGCGTGGGTGACAGAGCGAGACTCCATCTCAAAAAAAA"
"chr1","44058765","44059046","chr20","57729988","57730258","37","13671223","GGCTGGACACAGTGGCTCACACCTGTAATCCCAGCACTTTGGGAGGCCGAGGTGGGCGGATCATGAGGTCAGGAGATCGAGACCATCCTGGCTAACATGGTGAAACCCCGTCTCTACTAAAAATACAAAAAATTAGCCAGGTGTGGTGGCGCGCCCCTGTAGTCCCAGCTACTTGGGAGGCTGAGGCAGGAGAACCGCTTGAACTCGGGAGGCAGAGGTTGCAGTGAGCCTGGGCCGCAGAGCAAGACTCAGTCTCAAAAAAAAAAAAAAAAAAAAAAAAAA","GCCGGGCATTGTGGCTCACACTTGTAATCCCAGCACTTTGGGAGGCCGAGGTGGGTGGATCACAAGGTCAGGAGATCGAGACCATCCTGGCTAACACTGTGAAACCCCGTCTCTGCTAAAAATACAAAAAATTACCCAGGTGTGGTGGCAGGCGCCTGTAGTCCCAGCTACTTGGGAGGCTGAGGCAGGAGAATCGCTTGAACCCGGGACATGGAGGTTGCAGTGAGCCTGGGTGACAGAGTAAGACTCTGTCTCAAAAAAAAAAAAAAAA"
"chr1","44163999","44164285","chr10","159686","159982","41","44004313","GGCTGGGCATGGTGACTCACACCTGTAATCCCAGCACTTTGGGAGGATGAGGTGGGCAGATCACGAGGTCAGGGTATCAAAACCATCCTGGCTGACATGGTGAAACCCCGTCTCTACTAAAAATACAAAAAATTAGCTGGGCGTGGTGGTGTACACCTGTAGTCCCATCTACTTGGGAGGCTGAGGCAGGAGAATCGCTTTAACTCGGGAGGCGAAGGTTCTAATGAGCTGAGATCACACCACTGCACTCTAGACAAAGCAAGACTCCATCTCAAAAAAAAAAAAAA","GGCCGGGCGCGGTGGCTCACGCCTGTAATCCCAGCACTTTGGGAGGCCAAGGTGGGCAGATCACGAGGTCAGGAGATCAAGACCATCCTGGCTAACATGGTGAAACCCCATCTCTACTAAAAATACAAAAAAATTAGCTGGGTATGGTGGTGCACACCTGTAATCCCAGCTACTTGGGAGGCTGAGGCAGGAGAATCGCTTGAACCCGGGAGGCGGAGGTTGCAGTGAGCCGAGATTGCACCACTGCACTCTATCCTGGGCAATAGAGGGAGACTCCATTTCAAAAAAAAAAAAAAA"
"chr1","44247741","44248038","chrX","23155568","23155864","34","21092173","GGCCGGGCACGATGGCTCACACCTGTAATCCCAACACTTTGGGAGGCTGAGGCAGGTGGATCACAAGGTCAGGAGATAGAGACCATCCTGGCCAACATGGTGAAACCCCATCCCTACTACAAATACAAAAAATTAGCCAGGTGTGGTGGCAGGCACCTGTAGTCCCAGCTACTCAGATGACTGAGGCAGGAGAATCCCTTGAACCCGGGGGGCGGAGGTTGCAGTGAGCCAAGATCGTGCCACTGCACTCCAGCCTGGGCAACAGAGCAAGACACCATCTGAAAAAAAAAAAAAAAAA","GGCCAGGCATGGTGGCTCATGCCTGTAATCCCAGCACTTTGGGAGGCTGAGGCGGGTGGATCAGAAGGTCAGGAGATCGAGACCATCTTGGCTAACATGGTGAAACCCCGTCTCTACTGAAAATACAAAAAATTAGCCGGGCATGGTGGCATGCACCTGTAGTCCTAGCTACTCGTGAGGCTGAGGCAGGAGAATCGCTTGAACCCGGGAGGTGGAGGTTGCAGTGAGCCGAGATCACGCCACTGCACTCCAGCCTGGGCAACAAAGCAAGACTCCATCTCAAAAAAAAAAAAAAAA"
"chr1","44377908","44378209","chr19","50863135","50863438","24","6485227","GGCCAGGCACGGTGGCTCATACCTGTAATCCCAGCACTTTGGGAGGCTGAGGCGGGTGGATCACGAGGTCAGGAGATCAAGACCATCCTGGCTAACACAGTGAAACCCTGTCTCTACTAAAAATACAAAAAATTAGCCAGGTGTGGTGGCACACACCTGTAGTCCCAGCTACTTGGGAGGCTGAGGCAGGAGAATTGCTTGAACCCAGGAGGCAGAGGTTGCAGTGAGCCAAGATCAGGCCACTGCATTCCAGCCTGGGTGACAGAGTAAGACTCTGTCTCAAAAAAAAAAAAAAAAAAAAA","GGCCAGGCACGGTGGCTCACGCCTGTAATCCCAGCACTTTGGGAGGCCGAGGTGGGTGGATTATGAGGTCAGGAGATTGAGACCATCCTGGCTAACACAGTGAAACCCTGTCTCTACTAAAAATACAAAAAATTAGCCAGGCGTGGTGGCACATGCCTGTAGTCTCAGCTACTCGGGAGGCTGAGGCAGGAGGATCACTTGAACCCAGGAGTCGGAGGTTGCAGTGAGCCGAGATCACACCACTGCACTCCAGCCTGGGTGACAGAGTAAGACTCTGTCTCAAAAAAAAAAAAAAAAAAAAAAA"
"chr1","44435367","44435620","chr20","53854989","53855254","42","9419622","GCCTGTAATCTCAGCACTTTGGGAGGCCGAGGTGGGCGGATCATGAGGTCGGGAGTTCGAGACTGTCCTGGCTTACACGGTGAAACCCCATCTCTACTAAAAATACAAAAAATTAGCTGGGTGTGGTGGCACGCGCCTGTAGTCCCAGCTACTCCGGAGGCTGAGACAGGAGAATTGCTTGAACCTTGGAGGCAGAGCTTGCAGTGAGCTGAGATCGCGCCATTGCACTCCAGCCTGGGCGACGCAGCAAGACT","GGTGGCTCACACCTGTAATCCCAACACTTTGGGAGGCTGAAGTGGGCGGATCATGAGGTCAGGAGATCAAGACCATCCTGACTAACACGGTGAAACCCCGTCTCTACTAAAAATACAAAAAATTAGCCGGGCGTGATGGCATGCACCTGTAGTCCCAGCTACTTGGGAGGCTGAGGCAGGAGAATCGCTTGAACCTGAGAGGCGGAGGTTGCAGTGAGCTGAGATCGTACCATTGCACTCCAGCCTGGGTGACAGAGCAAGACTCC"
"chr1","44455138","44455448","chr1","43688537","43688842","37","766601","GGCCGGCCTCAGTGGCTCACGCCTGTAATCCCAGCACTTTGGGAGGCCAGGGTGGGCGGATCATGACGTCAGGAGATCGAGACCATCCTGGCTAACACAGTGAAACCCCGTCTCTACTAAAAATACAAAAAATTACCCGGGCCTGGTGGCACGTGCCTGTAGTCCCAGCTACTAGGGAGGCTGAGGCAGGAAAAAAATCACTTGAACCTGGGAGGTGGAGGGTGCAGTGAACCGAATCGCGCCACTGCACTCCAGCCTGGGAGACAGAGTGAGACTCCGTCTCAAAAAAAAGGAAAAAAGGAAAAAGAAAA","GGCTGGGTGTGGTGCCTCATGCCTGTAATCCCAGCGCTTTGGGAGGCCGAGGTGGGCAGATTACGAGGTCAGGAGATTGAGACCATCCTGGCTAACACGGTGAAACCCTGTCTCTCCTAAAAATACAAAAAATTACCCAGGCATGGTGGCACGTGCCTGTAGTCCCAGCTACTCGGGAGGCTGAGATAGGAAAATCACTTGAACCTGGGAGGTGGAGGGTACAGTGAACCAGATCGCGCCACTGCACTCCAGCCTGGGAGACAGAGTGAGACTCCATCTCAAAAAAAAAGAAAAAAAAAGGAAAAA"
"chr1","44498181","44498490","chr3","5664932","5665236","34","38833249","GGCCAGGAGCAGTGGCTCACACCTGTAATCCCAGCACTTTGGGAGGCCAAGGCAGGTGGATCACGAGGTCAAGAGATCCAGACCATCCTGGCCAACATGGCAAAACCCTGTCTCTACTAAAAATACAAAGAAATTAGCCAAGTGTGGTGGCACGCGCCTATAGTCCCAGCTATTCGGGAGGCTGAGGCAGGAGAATTGCTATAACCTGGGAGGTGGAGGTTGCAGTGAGCCGAGATCATGCCACTGCACTCCAGCCTGGGTGACAGAGTGAGACTCTGTCTCAAAAAAAAAAAAAGCAAAAACAAAAAAA","GGCCGGGTGCAGTGGCTCACACCTGTAATCCCAGCACTTTGGGAGGCCAAGGCGGGTGGATCACGAGGTCAGGAGACTGAGACTATCCTGGCCAACATGGTGAAACCCTGTCTCTACTAAAAATACAAAAATTAGCTGGGCGTGGTGGCACACACCTGTAGTCCCAGCTATTCAGGAGGCTGAGGCAGGAGAATTGCTTGAACATGGGAGGTGGAGGTTGCAGTGAACCAAGATCATGCCATTGCACTCCAGCCTGGGTGACAGAGTGAGACTTTGTCTAAAAAAAATAAAAATAAAAAAGAAAA"
"chr1","44561966","44562137","chr11","6658602","6658773","21","37903364","AATTAGCTGGGCGTGGTGGCAAGAGCCTGTAGTCCCAGCTACTCTGGAGGCTAAGGCAGGAGAATCGCTTGAACCCGGGAGGCAGAGGTTGCAGTGAGCCGAGACCGTACCATTGCACTCCAGCCTGGGCGACAGAGTGAAACTCCATCTCAAAAAAAAAAAAAAAAAGAAA","AATTAGCTGGGTGTGGTGCCAGGCACCTGCAGTCCCAGCTACTCAGGAGGCTGAGGCAGGAGAATCTCTTGAACCTGGGAGGCAGAGGTTGCAGTGAGCCAAGATCACAGCACTGCACTCCAGCCTGGGTGATAGAGCGAGACTCCATCTCAAAAAAAAAAAAAAAAAAAAA"
"chr1","44821449","44821739","chr3","174068153","174068451","39","129246704","GCCGGGCACGGTGGCTCACGCCTGTAATCCCAGCACTTCGGGAGGCCAAGGCAGGTGGATCACAAGGTCAGGAGATCGAGGCCATCCTGGCTAACACGATGAAACCCCATTTCTAGTAAAAATACAAAAAATTAGCTGGGCATGGTGGCACGTGCCTGTAGTCCCAGCTACTTGGGAGGCTGAGAATCACTTGAACCTGGGAGGCGGAGGTTACAGTGAGCTGAGATCGCGCCACTGCACTCTAGCCTGGGCAACAGATCGAGACTCCATCAAAAAACAAAGAAAAGAAAA","GGCCAGGCGCAGTGGCTCAAGCCTATAATCCCAGCACTTTGGGAGGCCAAGGCAGGTGGATCACGAGGTCAGGAGATCGAGACCATCCTGGCTAACACGGTGAAACCCCATCTCTACTAAAAATACAAAAAATTAGCTGGGCATGGTGGCACGTGCCTGTAGTCCCAGCTATTCTGGAGGCTGAGGCAGGAGAATTACTTGAATCTGGAAGGTGGAGGTTGCAGTGAGCCGAGATTGTGTCACGGCACTCCAGCCTGGGCAACAGAGTGAGACTCCATCTCAAAAAAAAAAAAAAAAAA"
"chr1","44840671","44840968","chr1","44063109","44063401","34","777562","GGCCGGGCACGGTGGCTCATGCCTGTAATCCCAGTACTTTGGGAGGCTGAGGCAGGTGGATCACGAGGTCAGGAGATCGAGACCATCCTGGCTAACACAGTGAAACCCATCTCTACTAAAAATAAAAAAAGTTAGCTGGGCATGGTGGCACGCACCTGTAGTCCCAGCTACTCAGGAGGCTGAATCAGGAGAATCGCTTGAACCCGAGACGTGGAGGTTGTAGTGAGCCGAGACTGTGCCACTGCACCCCAGCCTGGCCAACAGCAGACTCTGTCTAAAAAAAAAAAACAAAAAACAA","GGCCGGCGCGGTGGCTCACACCTGTAATCCCAGTACTTTGAGAGGCCGAGACAGGCAGATCACGAGGTCAGGAGATCAAGACCATCCTGGCTAACATGGTGAAACACCCTTTCTACTAAAAATACAAAAAATTAGCTGGGCATGGTGGCACGCACTTGTAGTCCCAGCTACTTGGGAGGCTGAATCAGGAGAATCACTTGAACCTGAGAGGTGGAGGTTGCAGTGAGCCAAGACTGCACCACTGCACCCCAGCCTGGCCAACAGCAGACTCTGTATTAAAAAAAAAAAAAAAA"
"chr1","44917005","44917304","chr1","165996033","165996341","42","121079028","GGCCGGGTGCGGTGGCTCACGCCTGTAATCCCAGCACTTTGGGAGGCCGAGGCGGGTGGATCACGAGGTCAGGAGATTGAGACCATCCTGGCTAATACAGCGAAACCCCAACTCTACTAAAAATACAAAAAAATTACAGGCAGGCGCCTGTAATCCCAGCTACTCGAGAGGCTGAGGGAGGGGAATCACTTGAACCCAGGAGGCAGTGGTTGTAGTGAGCCGAGATCACGCCACTGCACTCCAGTCTGGGTGACAGATCGAGACTCTGTCTCAGAAAAAAGAAAGAAAGAAAGAAAGAAA","GCCAGGCACAGTGGCTCACGCCTGTAATCCCAGCACTTTGGGAGGCCGAGGCGGGCGGATCACGAGGTCAAGTAATCGAGACCATCCTGGCTAACACGGTGAAACCCCATCTCTACTAAAAATAGAAAAAATTAGCCAGGCGTGGTGGCGGGCGCCTGTAATCCCAGCTACTCAGGAGGCTGAGGCAGGAGAATCGCTTGAACCCAGGAGGCAGAGGTTGCAGTGAGCCGAGATCACGCCACTGCATCCAGCCTGGGTGACAGAGCGAGACTCTGTCTCAAAAAAAAAAAAAAAAAAGAAAGAAAGAAA"
"chr1","45038701","45039012","chrX","872740","873049","42","44165961","GGCCAGGCGCGGTGGCTCACGCCTGTAATCCCAGCACTTTGAGAGGCAGAGGCAGTCGGATCACGAGGTCAGGAGATCAAGACCATCCTGGCTAACACGGTGAAACCCCGTCTCTACTGAAAATACAAAAAAAAATTCAAACACATGGTGGCACGCACCTGTAATGGCAGCTACTTGGGAGGCTGAGGTGGGAGAATCGCTTGAACCCGGGAGGTGGACATTGCAGTGAGCCGAGATCGCGCCATTGCACTCTAGCCTGGGCTACAGAGCAAGACTCCATCTCAAAAAAAAAAAAAAAGGAAATAAAATAAA","GGCCGGGCGCGGTGGCTCACGCCTGTAATCCCAGCACTTTGGGAGGCCGAGGCAGGCGGATCACGAGGTCAGGAGATGGAGACCATCCTGGCTAACACGGTGAAACCCCGTCTCTACTAAAAATACAAAAATTAGCCGGGCGTGGTGGCGGGCGCCTGTAGTCCCAGCTACTCAGGAGGCCGAGGCAGGAGAATCGCTTGAACCCAGGAGGCGGAGGTTGCAGTGAGCCGAGATCACCCCATTGCACTCCAGCCTGGGCGACAGAGCAAGACTCCGTCTCAAAAAAAAAAAGAAAAGAAAAGAAAAGAAA"
"chr1","45040032","45040329","chr11","110456127","110456422","30","65416095","GGCCGGGCGCCGTGGCTCACGCCTCTAATCCCAACACTTTGGGAGGCCAAGGTGGGTGGATCACGAGGTCAGGAGATCAAGACCATCCTGGCTAACACTGTGAAACCCTGTCTCTATTAAAAATACAAAAATTAGCCAGGCCTGGTGGCACACGCCTGTAGTCCCAGCTACCTGGGAGGCTGAGGCAAGAGAATCGCTTGAACCTGGGAGGCAGAGGTTGCAGTGAGCCGAGATCACACCACTGTACTCCAGCCTGGGCAACAGACAGAGACTCCATCTCAAAAAAAAAAAAAAAAAA","GCCGGGCGCAGTGGCTCCTGCCTGTAATCCCAGCACTTTGGGAGGCCAAGGCGGGTGGATCACGAGGTCAGGAGATCAAGACCATCCTGGTTAACACGGTGAAACTCCATCTCTACTAAAAATGCAAAAAATTAGCCAGGCATGGTGGCACATGCCTGTAGTCCCAGCTACTTGGGAGGCTGAGGCAGGAGAATCGCTTGAACCCGGGAGGCAGAGGTTGCAGTGAGCCAAGATCACACCACTGCACTCCACCCTGGGTGACAGAGCGAGACTCCGTCTCAAAAAAAAAAAAAAAA"
"chr1","45049668","45049965","chr1","44277050","44277348","31","772618","CAGGCGCGGTGGCTCATGCCTTTAATCCCAGCACTTTGGGAGGCCAAGGGGGGCGGATCACAAGGTCAGGAGATCGAGACCATCCTGGCTAACACGGTGAAACCCCATCTATACTAAAAATACAAAAAATTAGCCGGGCGTAGTGGCATGCGCCTGTAGTCCCACCTACACGGGAGGCTGAGGCAGGAGAATAGCTTGAACCCAGGAGGTGGAGGTTGCAGTGAGCTGAAATCATGCCATTGCACTCCAGCCTGGCAACAGAGTGAGACTCCATCTCAGAAAAAAAAAAAAAAAAAAA","GGCCAGGCACTGTGGCTCACGCCTTTAATCCCAGCACTTTGGGAGGCAGAGGCAGTCAGATCCCGAGGTCAGGAGATCGAGACCATCCTGGCTAACACAGTGAAACCCCGTCTCCACTAAAAATACAAAAAATTAGCCGGGCGTAGTGGTATGTGCCTGTAGTCCCACCTACACAGGAGGCTGAGGCAGGAGAATAGCTTGAACCCAGGAGGCAGAGGTTGCAGTGAGCTGAGATCATGCCATTTCACTCCAGCCTGGCAACAGAGCAAGACTCTGTCTCAAAAAAAAAAAAAAAAAAA"
"chr1","45074054","45074285","chr19","39649068","39649310","44","5424986","GAGACAGGTGGATCAGGAGGTCAGGAGATCAAGACCATCCTGGCTAACATGGTGAAACCCCATCTCTACTAAAAATATAAAAAATTAGCTGGGCATGGTGGCACACGCCTGTAATCCCAGCTACTTGGGAGAATTGCTTGAACCCGGGAGGCAGAGGTTGCAGTGAGCTGAGGTCTCACCACTGCACTCCAGCCTGGGTGACAGAGCGAGACTCCGTCTCAAAAAAAAAAAA","CGGGTGGATCAGGAGATCAGGCGATTGAGACCATCCTGGCTAACACGGTGAAACCCTGTCTCTATTAAAAACACAAAAAGATTAGCTGGGCATGGTGGCACGCACCTGTAGTCCCAGCTACTCAGGAGGCTGAGACAGGAGAATCACTTGAACCTGGGAAGCAGAGGTTGCAGTGAGCCGAGATCGCACCACTGCACTCTAGCCTGGGTGAGAGAGCAAGACTCTGTCTCAAAAAATAAAAAA"
"chr1","45076178","45076468","chr3","161716772","161717066","35","116640594","GGCCGGGCGCGGTGGCTCACGCCTGTAATCCCAGCACTTTGGGAGGCTGAGTCAGGTGGATCCTGAGGTCAGGAGATCCAGACCGTCCTGGCTAACACAGTGAAACCCTGTCTCTAATAAAAATCCAAAAAATTAACTGGGTGTGGTGGCACATGCCTATAGTCCCAGCTACTTGGGGCCTGAGGCAGGATAATTGCTTGAACCCGGGAGGCGGGGTTGCAGTGAGCTGAGATTGCACCACTGCACTCCAGCCTCGGTGACAGAGCGAGACTCCATCTCAAAAAAAGAGAA","GGCCGGGCCCGGTGGCTCATGCCTGTAATCCCAGCACTTTGGGAGGCCGAGGCGGGTGGATCATGAGGTCAGGAGATCGAGACCATCCTGGATAACGCAGTGAAACCCCGTCTCTACTAAAATTACAAAAAATTAGCCGGGCGTGGTGGCACGCGCCTGTAGTCCCAGCTACTTGGGAGGCTGAGGCAGGAGAATTGCTTGAACCCGGGAGGCTGAGGTTACAGTGAGCCGAGATTGCACCACTGCACTCCAGCCTGGGCAACAGAGCGAGACTCCATCTCAAAATTTAAAAAAA"
"chr1","45108816","45109001","chr9","69069873","69070058","26","23961057","GGCTGGGCGCGGTGGCTTATGCCTGTAATCCCAGCACTTTGGGAGGCCAAGGCAGGCAGATCACAAGGTCAGGAGATCAAGACCATCCTGGCCAACATAGTGAAACCCTGTCTCTACTAAAAAATAAAAAAAATTAGCCTGGTGTGGTGGCGCGTACCTGTAGTCTCAGCTACTCGGGAGGCTGAG","GGCTGGGCGTGGTGGCTCACGCCTGTAATCTCAGCACTTTGGGAGGCTGAGGCGGGCAGATCACAAGGTCAGGAGATCAAGACCGTCCTGGCTAACACAGCGAAACCCCATCTCTACTAAAAATACAAAAAATTAGCCAGGTGTGGCGCCATGTACCTGTAGTCCCAGCACTTTGGGAGGCCGAGG"
