"chr1","39845595","39845905","KN296306v1","1099162","1099469","41","38746433"
"chr1","46137090","46137377","KN297154v1","933207","933496","42","45203883"
"chr1","186646253","186646543","KN295941v1","2250865","2251159","24","184395388"
"chr1","8912697","8912986","KN297227v1","1018475","1018768","31","7894222"
"chr1","11272095","11272412","KN295667v1","1687893","1688204","33","9584202"
"chr1","40501048","40501362","KN294717v1","373979","374286","46","40127069"
"chr1","62652156","62652464","KN296731v1","1681432","1681735","37","60970724"
"chr1","92667718","92668020","KN295112v1","343212","343513","35","92324506"
"chr1","104071107","104071411","KN294777v1","751157","751455","48","103319950"
"chr1","129105725","129106039","KN295666v1","627060","627361","69","128478665"
"chr1","139984783","139985081","KN296206v1","10407","10706","36","139974376"
"chr1","152174392","152174696","KN296036v1","683627","683927","54","151490765"
"chr1","172752619","172752908","KN295441v1","1712359","1712645","45","171040260"
"chr1","180879320","180879620","KN295090v1","1841259","1841559","41","179038061"
"chr1","190316329","190316620","KN295995v1","1426233","1426527","37","188890096"
"chr1","216268650","216268954","KN295171v1","869545","869845","34","215399105"
"chr1","219414415","219414693","KN294257v1","1370232","1370505","41","218044183"
"chr1","146164","146475","KN295114v1","20941","21251","43","125223"
"chr1","155118","155425","KN294378v1","1201462","1201768","43","1046344"
"chr1","248163","248466","KN296495v1","269275","269576","38","21112"
"chr1","266726","267032","KN296953v1","28563","28872","68","238163"
"chr1","267588","267898","KN295236v1","3985587","3985900","35","3717999"
"chr1","269769","269989","KN296749v1","712972","713203","45","443203"
"chr1","286790","287010","KN296749v1","712972","713203","48","426182"
"chr1","288867","289171","KN294717v1","373979","374286","40","85112"
"chr1","656139","656468","KN294964v1","867709","868049","68","211570"
"chr1","662670","662971","KN296495v1","519300","519607","43","143370"
"chr1","810345","810631","KN294218v1","2831459","2831758","43","2021114"
"chr1","916428","916711","KN295607v1","4402317","4402604","30","3485889"
"chr1","1012701","1012991","KN294462v1","622560","622846","40","390141"
"chr1","1110639","1110940","KN297133v1","419676","419981","41","690963"
"chr1","1192723","1193028","KN295735v1","1119212","1119516","40","73511"
"chr1","1265230","1265519","KN296964v1","965402","965688","49","299828"
"chr1","1297957","1298248","KN295820v1","372417","372708","36","925540"
"chr1","1336584","1336762","KN294446v1","512701","512880","28","823883"
"chr1","1355304","1355603","KN296322v1","1334297","1334592","38","21007"
"chr1","1373057","1373352","KN294462v1","73428","73721","40","1299629"
"chr1","1383148","1383454","KN296922v1","11681","11982","54","1371467"
"chr1","1399768","1400071","KN295667v1","1687893","1688204","48","288125"
"chr1","1415158","1415457","KN296486v1","326566","326868","41","1088592"
"chr1","1426164","1426479","KN296922v1","11681","11982","61","1414483"
"chr1","1609027","1609129","KN295090v1","2168847","2168945","19","559820"
"chr1","1627949","1628234","KN294214v1","286915","287202","43","1341034"
"chr1","1631101","1631385","KN294700v1","208419","208699","47","1422682"
"chr1","1632672","1632970","KN294229v1","72819","73113","36","1559853"
"chr1","1654365","1654660","KN294758v1","374673","374971","36","1279692"
"chr1","1692061","1692362","KN294536v1","1859228","1859530","40","167167"
"chr1","1729284","1729579","KN295995v1","1426233","1426527","41","303051"
"chr1","1731523","1731822","KN295480v1","1393483","1393787","43","338040"
"chr1","1752370","1752676","KN294717v1","373979","374286","34","1378391"
"chr1","1772978","1773157","KN296916v1","384745","384895","47","1388233"
"chr1","1820751","1821050","KN295929v1","446786","447092","35","1373965"
"chr1","1823706","1824002","KN297227v1","1018475","1018768","36","805231"
"chr1","1858845","1859263","KN297245v1","1467019","1467372","126","391826"
"chr1","1865051","1865355","KN295605v1","621515","621818","36","1243536"
"chr1","1917981","1918291","KN296244v1","295087","295395","34","1622894"
"chr1","1989202","1989477","KN296394v1","137481","137758","47","1851721"
"chr1","2071449","2071759","KN295705v1","690925","691236","44","1380524"
"chr1","2095818","2096125","KN295725v1","1996226","1996536","33","99592"
"chr1","2158733","2159027","KN296205v1","756673","756959","36","1402060"
"chr1","2267961","2268271","KN294578v1","615670","615980","30","1652291"
"chr1","2418552","2418856","KN297133v1","419676","419981","34","1998876"
"chr1","2467302","2467614","KN296017v1","404143","404453","19","2063159"
"chr1","2508379","2508662","KN296849v1","960110","960399","41","1548269"
"chr1","2562811","2563104","KN296682v1","1906340","1906636","33","656471"
"chr1","2836375","2836670","KN296096v1","3183138","3183434","37","346763"
"chr1","3160730","3161038","KN295350v1","243779","244085","39","2916951"
"chr1","3184082","3184365","KN297229v1","405977","406257","42","2778105"
"chr1","3240449","3240725","KN294217v1","338329","338589","36","2902120"
"chr1","3591959","3592259","KN294217v1","696630","696936","32","2895329"
"chr1","3594401","3594476","KN295523v1","2369424","2369497","18","1224977"
"chr1","3704785","3705095","KN294217v1","805531","805844","28","2899254"
"chr1","3909422","3909725","KN295375v1","132628","132930","35","3776794"
"chr1","4334182","4334480","KN295633v1","141651","141946","34","4192531"
"chr1","4348210","4348508","KN294217v1","1351425","1351721","17","2996785"
"chr1","4413784","4414096","KN294217v1","1419166","1419477","41","2994618"
"chr1","4491116","4491431","KN296926v1","1007879","1008183","41","3483237"
"chr1","4502777","4503084","KN294217v1","1500271","1500578","34","3002506"
"chr1","4505121","4505429","KN294387v1","2599087","2599393","33","1906034"
"chr1","4911057","4911282","KN296885v1","3134403","3134633","35","1776654"
"chr1","5199355","5199641","KN294217v1","2193551","2193839","26","3005804"
"chr1","5228529","5228840","KN295667v1","1687893","1688204","34","3540636"
"chr1","5413675","5413980","KN294499v1","1676730","1677037","39","3736945"
"chr1","6008496","6008795","KN296747v1","35746","36041","31","5972750"
"chr1","6124019","6124298","KN296153v1","91872","92161","36","6032147"
"chr1","6177655","6177959","KN296921v1","497818","498120","31","5679837"
"chr1","6220148","6220450","KN296743v1","427898","428203","37","5792250"
"chr1","6225292","6225587","KN294747v1","778077","778373","32","5447215"
"chr1","6274907","6275212","KN294456v1","876419","876725","37","5398488"
"chr1","6311436","6311745","KN294539v1","761382","761684","40","5550054"
"chr1","6363307","6363520","KN294498v1","153122","153333","46","6210185"
"chr1","6366106","6366404","KN294662v1","79885","80185","34","6286221"
"chr1","6372501","6372803","KN296749v1","1279540","1279844","38","5092961"
"chr1","6399987","6400311","KN294446v1","4241","4537","79","6395746"
"chr1","6402969","6403269","KN294325v1","748313","748611","37","5654656"
"chr1","6413298","6413603","KN294747v1","778077","778373","40","5635221"
"chr1","6436171","6436463","KN295977v1","249013","249314","48","6187158"
"chr1","6451623","6451909","KN297314v1","117021","117312","32","6334602"
"chr1","6451910","6452076","KN294456v1","1251593","1251759","25","5200317"
"chr1","6488871","6489173","KN294873v1","1152998","1153302","34","5335873"
"chr1","6498166","6498478","KN294717v1","373979","374286","36","6124187"
"chr1","6524904","6525209","KN294378v1","46646","46948","39","6478258"
"chr1","6530376","6530677","KN294407v1","249623","249924","33","6280753"
"chr1","6555749","6556080","KN295692v1","998365","998674","68","5557384"
"chr1","6570944","6571249","KN296153v1","3677943","3678242","30","2893001"
"chr1","6598459","6598673","KN294739v1","1093016","1093221","52","5505443"
"chr1","6599267","6599375","KN296117v1","86443","86544","18","6512824"
"chr1","6619857","6620163","KN295533v1","1552722","1553025","42","5067135"
"chr1","6636676","6636964","KN297343v1","1643523","1643812","40","4993153"
"chr1","6648442","6648670","KN294978v1","1189593","1189804","40","5458849"
"chr1","6658163","6658436","KN295573v1","520941","521218","42","6137222"
"chr1","6739322","6739403","KN295004v1","76648","76734","17","6662674"
"chr1","6746542","6746723","KN297112v1","5087285","5087464","31","1659257"
"chr1","6807378","6807688","KN296775v1","905300","905611","32","5902078"
"chr1","6838980","6839270","KN295721v1","197604","197890","33","6641376"
"chr1","6841700","6841995","KN296062v1","2106200","2106493","30","4735500"
"chr1","6873649","6873941","KN296849v1","262325","262616","36","6611324"
"chr1","6911617","6911921","KN296934v1","897698","898003","35","6013919"
"chr1","7032781","7033071","KN295633v1","131503","131796","32","6901278"
"chr1","7152766","7153051","KN294462v1","622560","622846","47","6530206"
"chr1","7166876","7167177","KN295580v1","1390","1690","40","7165486"
"chr1","7172939","7173224","KN297259v1","1754713","1754994","39","5418226"
"chr1","7198364","7198640","KN294991v1","1510448","1510728","41","5687916"
"chr1","7256136","7256426","KN294170v1","50010","50300","35","7206126"
"chr1","7264289","7264552","KN295073v1","692254","692511","39","6572035"
"chr1","7350453","7350762","KN295114v1","20941","21251","31","7329512"
"chr1","7423532","7423837","KN295114v1","20941","21251","34","7402591"
"chr1","7533981","7534280","KN295079v1","1130501","1130805","32","6403480"
"chr1","7595977","7596286","KN295244v1","384903","385210","37","7211074"
"chr1","7639801","7639944","KN294668v1","2179035","2179176","16","5460766"
"chr1","7662181","7662475","KN295814v1","1095855","1096147","44","6566326"
"chr1","7669592","7669897","KN297133v1","419676","419981","32","7249916"
"chr1","7670578","7670883","KN296062v1","531528","531834","43","7139050"
"chr1","7692707","7693007","KN295350v1","306563","306857","38","7386144"
"chr1","7776155","7776460","KN294416v1","208870","209165","36","7567285"
"chr1","7792786","7793091","KN294717v1","373979","374286","38","7418807"
"chr1","7803497","7803801","KN294385v1","335685","335986","26","7467812"
"chr1","7854436","7854718","KN297165v1","1143723","1144010","31","6710713"
"chr1","7860083","7860377","KN294685v1","583291","583585","30","7276792"
"chr1","7904633","7904927","KN295586v1","2463446","2463736","35","5441187"
"chr1","7925499","7925781","KN295936v1","30401","30674","45","7895098"
"chr1","7928561","7928873","KN296743v1","2484296","2484604","35","5444265"
"chr1","7937925","7938227","KN295984v1","868891","869195","32","7069034"
"chr1","7944092","7944404","KN296934v1","897698","898003","42","7046394"
"chr1","7961541","7961853","KN296934v1","897698","898003","34","7063843"
"chr1","7964772","7965085","KN295667v1","1687893","1688204","44","6276879"
"chr1","7978237","7978549","KN297133v1","419676","419981","27","7558561"
"chr1","7980074","7980326","KN295758v1","865842","866093","35","7114232"
"chr1","7998069","7998367","KN294218v1","2831459","2831758","37","5166610"
"chr1","8037109","8037414","KN297019v1","1233639","1233939","31","6803470"
"chr1","8057611","8057869","KN294444v1","3297","3556","35","8054314"
"chr1","8061351","8061665","KN295666v1","840203","840514","40","7221148"
"chr1","8062994","8063306","KN296297v1","4771","5081","38","8058223"
"chr1","8087986","8088289","KN295748v1","283051","283352","37","7804935"
"chr1","8090755","8090986","KN297008v1","4996362","4996589","33","3094393"
"chr1","8144209","8144520","KN294806v1","835206","835511","37","7309003"
"chr1","8164469","8164763","KN294634v1","514588","514883","34","7649881"
"chr1","8183915","8184171","KN296614v1","20173","20414","48","8163742"
"chr1","8186474","8186771","KN294630v1","494261","494558","30","7692213"
"chr1","8187162","8187473","KN294172v1","4612860","4613172","38","3574302"
"chr1","8190843","8190885","KN294548v1","705480","705513","21","7485363"
"chr1","8204857","8205166","KN294387v1","2599087","2599393","37","5605770"
"chr1","8210788","8211086","KN294456v1","645735","646031","51","7565053"
"chr1","8235044","8235331","KN297404v1","414099","414382","34","7820945"
"chr1","8237997","8238295","KN297442v1","12090","12392","45","8225907"
"chr1","8240199","8240493","KN297044v1","811314","811606","28","7428885"
"chr1","8247232","8247517","KN296864v1","1866135","1866421","36","6381097"
"chr1","8254902","8255222","KN294147v1","1862582","1862887","53","6392320"
"chr1","8261520","8261836","KN295667v1","1687893","1688204","39","6573627"
"chr1","8266164","8266480","KN295667v1","1687893","1688204","39","6578271"
"chr1","8272297","8272582","KN294470v1","1184711","1184997","34","7087586"
"chr1","8274417","8274717","KN296485v1","429084","429391","49","7845333"
"chr1","8280794","8280955","KN295601v1","870288","870452","21","7410506"
"chr1","8299451","8299529","KN294372v1","1894381","1894457","11","6405070"
"chr1","8458454","8458754","KN295667v1","2329438","2329726","31","6129016"
"chr1","8492255","8492542","KN297023v1","430964","431253","40","8061291"
"chr1","8508064","8508372","KN296481v1","263678","263991","35","8244386"
"chr1","8530354","8530626","KN295667v1","2251475","2251760","39","6278879"
"chr1","8549104","8549402","KN295633v1","141651","141946","29","8407453"
"chr1","8582988","8583291","KN295045v1","441758","442064","42","8141230"
"chr1","8635501","8635792","KN294977v1","83660","83960","43","8551841"
"chr1","8690588","8690896","KN295871v1","1093938","1094249","35","7596650"
"chr1","8692877","8693223","KN297168v1","1249525","1249824","97","7443352"
"chr1","8703953","8704248","KN296062v1","2106200","2106493","31","6597753"
"chr1","8734291","8734574","KN296153v1","3928048","3928334","35","4806243"
"chr1","8777673","8777970","KN294407v1","93660","93961","34","8684013"
"chr1","8808411","8808700","KN295667v1","1974665","1974954","28","6833746"
"chr1","8828228","8828534","KN295667v1","1953196","1953501","27","6875032"
"chr1","8828701","8829008","KN295605v1","439991","440299","42","8388710"
"chr1","8846309","8846602","KN297445v1","1326382","1326677","33","7519927"
"chr1","8849519","8849825","KN295893v1","2309532","2309821","48","6539987"
"chr1","8854499","8854809","KN294187v1","1813627","1813934","39","7040872"
"chr1","8859489","8859787","KN295096v1","2124655","2124956","31","6734834"
"chr1","8859972","8860266","KN295459v1","1614660","1614952","34","7245312"
"chr1","8905457","8905752","KN296732v1","2013890","2014190","39","6891567"
"chr1","8909674","8909963","KN296062v1","1301069","1301358","34","7608605"
"chr1","8919465","8919605","KN296825v1","1361880","1362022","15","7557585"
"chr1","8939023","8939317","KN297058v1","42553","42853","35","8896470"
"chr1","8949052","8949328","KN295667v1","1816859","1817153","40","7132193"
"chr1","8961795","8962102","KN295441v1","1618043","1618347","32","7343752"
"chr1","8971839","8972148","KN295667v1","1796551","1796859","25","7175288"
"chr1","8980635","8980937","KN297133v1","419676","419981","36","8560959"
"chr1","9023118","9023409","KN297095v1","1452898","1453193","36","7570220"
"chr1","9023729","9024027","KN295667v1","1746297","1746597","28","7277432"
"chr1","9072224","9072509","KN294949v1","1384705","1384997","41","7687519"
"chr1","9094332","9094594","KN295667v1","1674893","1675154","23","7419439"
"chr1","9109208","9109514","KN295667v1","1659641","1659946","26","7449567"
"chr1","9127396","9127688","KN296635v1","5447621","5447911","33","3679775"
"chr1","9148689","9148978","KN295667v1","1619746","1620045","36","7528943"
"chr1","9166484","9166786","KN295667v1","1602744","1603050","28","7563740"
"chr1","9184385","9184712","KN294571v1","2556561","2556885","47","6627824"
"chr1","9185941","9186236","KN295667v1","1586465","1586775","34","7599476"
"chr1","9204051","9204344","KN295667v1","1569370","1569660","23","7634681"
"chr1","9211407","9211711","KN296205v1","605596","605883","57","8605811"
"chr1","9257790","9258099","KN296040v1","733119","733420","35","8524671"
"chr1","9267087","9267381","KN295268v1","210057","210344","61","9057030"
"chr1","9268655","9268948","KN295667v1","1569370","1569660","23","7699285"
"chr1","9275546","9275850","KN296205v1","605596","605883","57","8669950"
"chr1","9318894","9319203","KN296040v1","733119","733420","35","8585775"
"chr1","9328529","9328830","KN294385v1","18712","19011","42","9309817"
"chr1","9390941","9391223","KN296496v1","355776","356054","37","9035165"
"chr1","9447010","9447313","KN295667v1","1391172","1391472","22","8055838"
"chr1","9475058","9475347","KN295667v1","1363325","1363612","30","8111733"
"chr1","9542284","9542592","KN294469v1","197983","198283","43","9344301"
"chr1","9564613","9564922","KN296424v1","617439","617738","40","8947174"
"chr1","9574712","9575000","KN297190v1","3221838","3222124","32","6352874"
"chr1","9585266","9585561","KN296732v1","2013890","2014190","48","7571376"
"chr1","9588484","9588775","KN296365v1","113780","114072","32","9474704"
"chr1","9592033","9592319","KN295893v1","2309532","2309821","40","7282501"
"chr1","9595765","9596060","KN295548v1","795510","795806","55","8800255"
"chr1","9609251","9609558","KN294239v1","378113","378422","40","9231138"
"chr1","9612071","9612375","KN296290v1","702538","702843","37","8909533"
"chr1","9628060","9628351","KN294713v1","485096","485391","35","9142964"
"chr1","9629474","9629760","KN295667v1","1210221","1210507","31","8419253"
"chr1","9681454","9681743","KN295667v1","1156859","1157142","27","8524595"
"chr1","9728547","9728839","KN294634v1","514588","514883","33","9213959"
"chr1","9740014","9740285","KN295667v1","1100491","1100761","21","8639523"
"chr1","9747733","9748042","KN295667v1","1091339","1091651","24","8656394"
"chr1","9753539","9753839","KN297105v1","2639433","2639734","35","7114106"
"chr1","9754996","9755157","KN295667v1","1085083","1085244","18","8669913"
"chr1","9774703","9775009","KN295413v1","22638","22943","34","9752065"
"chr1","9778679","9778958","KN297008v1","4677161","4677449","38","5101518"
"chr1","9784750","9785046","KN295096v1","2124655","2124956","37","7660095"
"chr1","9788635","9788946","KN294261v1","106351","106657","44","9682284"
"chr1","9809502","9809798","KN295983v1","1182438","1182738","45","8627064"
"chr1","9823577","9823870","KN295667v1","1022632","1022923","18","8800945"
"chr1","9878004","9878294","KN295284v1","334381","334669","39","9543623"
"chr1","9890825","9891147","KN297165v1","47565","47861","58","9843260"
"chr1","9947125","9947406","KN296135v1","11889","12172","34","9935236"
"chr1","9960747","9960962","KN295257v1","822079","822292","25","9138668"
"chr1","9996478","9996782","KN295667v1","852466","852762","35","9144012"
"chr1","10021713","10022025","KN296154v1","1901209","1901519","33","8120504"
"chr1","10048154","10048447","KN295667v1","802967","803258","37","9245187"
"chr1","10050283","10050569","KN295022v1","486627","486913","34","9563656"
"chr1","10051965","10052253","KN294493v1","404130","404414","28","9647835"
"chr1","10068601","10068785","KN296158v1","18105","18292","28","10050496"
"chr1","10075469","10075779","KN295573v1","526991","527304","32","9548478"
"chr1","10079630","10079933","KN294456v1","876419","876725","36","9203211"
"chr1","10102502","10102799","KN294416v1","208870","209165","39","9893632"
"chr1","10121041","10121346","KN295666v1","1501386","1501689","30","8619655"
"chr1","10124914","10125226","KN295667v1","1687893","1688204","35","8437021"
"chr1","10134889","10135201","KN295667v1","720725","721025","36","9414164"
"chr1","10135796","10136094","KN295667v1","719552","719850","28","9416244"
"chr1","10142926","10143098","KN294456v1","1251593","1251759","30","8891333"
"chr1","10163714","10164009","KN295667v1","690759","691065","41","9472955"
"chr1","10186090","10186398","KN296934v1","897698","898003","37","9288392"
"chr1","10192966","10193262","KN296154v1","1227898","1228192","45","8965068"
"chr1","10204604","10204886","KN295667v1","643435","643717","35","9561169"
"chr1","10247436","10247753","KN295382v1","230497","230807","41","10016939"
"chr1","10260279","10260620","KN295601v1","761243","761570","55","9499036"
"chr1","10278795","10279095","KN294790v1","1521157","1521453","46","8757638"
"chr1","10299582","10299889","KN296934v1","897698","898003","27","9401884"
"chr1","10314056","10314352","KN295667v1","532523","532817","26","9781533"
"chr1","10322487","10322783","KN295236v1","4576569","4576870","40","5745918"
"chr1","10339351","10339655","KN294407v1","2595440","2595750","44","7743911"
"chr1","10346299","10346515","KN296210v1","302934","303147","36","10043365"
"chr1","10349950","10350252","KN295114v1","20941","21251","42","10329009"
"chr1","10357131","10357434","KN294172v1","4761492","4761794","38","5595639"
"chr1","10379557","10379852","KN297227v1","1018475","1018768","35","9361082"
"chr1","10388853","10389137","KN295936v1","1122342","1122630","34","9266511"
"chr1","10418134","10418433","KN296153v1","3677943","3678242","31","6740191"
"chr1","10438001","10438329","KN296883v1","1146841","1147163","64","9291160"
"chr1","10440319","10440608","KN296062v1","657166","657452","53","9783153"
"chr1","10446820","10447119","KN296153v1","3677943","3678242","34","6768877"
"chr1","10463612","10463923","KN294439v1","261107","261420","33","10202505"
"chr1","10478008","10478308","KN295667v1","358518","358819","27","10119490"
"chr1","10478867","10479000","KN296635v1","2077247","2077383","24","8401620"
"chr1","10502971","10503267","KN295667v1","332100","332397","20","10170871"
"chr1","10537723","10538022","KN296322v1","1833147","1833444","40","8704576"
"chr1","10569299","10569337","KN294548v1","925285","925325","16","9644014"
"chr1","10570048","10570246","KN295667v1","271386","271586","21","10298662"
"chr1","10583916","10584181","KN295667v1","257546","257810","26","10326370"
"chr1","10606648","10606958","KN296934v1","602412","602712","48","10004236"
"chr1","10702264","10702547","KN294536v1","1859228","1859530","45","8843036"
"chr1","10726861","10727167","KN296743v1","427898","428203","34","10298963"
"chr1","10880794","10881108","KN296036v1","2421899","2422212","34","8458895"
"chr1","11014502","11014807","KN294571v1","1546303","1546607","41","9468199"
"chr1","11024849","11025155","KN297133v1","419676","419981","39","10605173"
"chr1","11028626","11028933","KN294501v1","104788","105092","40","10923838"
"chr1","11112791","11113088","KN295692v1","1562388","1562681","44","9550403"
"chr1","11114666","11114972","KN294739v1","1053261","1053568","37","10061405"
"chr1","11117675","11117968","KN297046v1","934484","934777","45","10183191"
"chr1","11134197","11134496","KN294662v1","79885","80185","35","11054312"
"chr1","11136838","11137146","KN294407v1","1807301","1807607","32","9329537"
"chr1","11146957","11147262","KN294571v1","1546303","1546607","41","9600654"
"chr1","11152208","11152514","KN296357v1","706115","706421","43","10446093"
"chr1","11153496","11153804","KN294717v1","373979","374286","34","10779517"
"chr1","11196504","11196790","KN295830v1","109256","109551","40","11087248"
"chr1","11196803","11197115","KN294387v1","2599087","2599393","37","8597716"
"chr1","11209258","11209559","KN297078v1","74078","74384","36","11135180"
"chr1","11221283","11221610","KN294264v1","371563","371884","52","10849720"
"chr1","11229169","11229474","KN294758v1","374673","374971","41","10854496"
"chr1","11261989","11262286","KN296357v1","356792","357093","34","10905197"
"chr1","11361931","11362269","KN296308v1","871499","871827","53","10490432"
"chr1","11387074","11387375","KN295983v1","1536250","1536551","37","9850824"
"chr1","11396338","11396647","KN294717v1","373979","374286","36","11022359"
"chr1","11429237","11429545","KN295758v1","997500","997807","33","10431737"
"chr1","11430909","11431207","KN295550v1","1007565","1007867","35","10423344"
"chr1","11498405","11498704","KN295350v1","405055","405352","35","11093350"
"chr1","11505990","11506287","KN296732v1","2013890","2014190","33","9492100"
"chr1","11587514","11587823","KN295692v1","998365","998674","42","10589149"
"chr1","11711673","11711974","KN294539v1","3465019","3465320","35","8246654"
"chr1","11720080","11720382","KN295854v1","1466288","1466586","34","10253792"
"chr1","11747639","11747952","KN294444v1","165242","165552","37","11582397"
"chr1","11762917","11763224","KN295114v1","20941","21251","29","11741976"
"chr1","11766885","11767175","KN296145v1","2778195","2778489","40","8988690"
"chr1","11770517","11770788","KN294251v1","2011223","2011484","44","9759294"
"chr1","11801864","11802165","KN297159v1","1901772","1902072","36","9900092"
"chr1","11811111","11811420","KN294387v1","2599087","2599393","42","9212024"
"chr1","11813432","11813725","KN294181v1","810707","811001","45","11002725"
"chr1","11825734","11826026","KN294170v1","50010","50300","33","11775724"
"chr1","11843469","11843768","KN295633v1","141651","141946","33","11701818"
"chr1","11859786","11860083","KN296849v1","262325","262616","44","11597461"
"chr1","11865201","11865509","KN295356v1","1137589","1137899","35","10727612"
"chr1","11867464","11867767","KN295236v1","4576569","4576870","33","7290895"
"chr1","11892014","11892315","KN294539v1","2320327","2320629","31","9571687"
"chr1","11924701","11925010","KN295430v1","2610079","2610388","38","9314622"
"chr1","11932545","11932851","KN294717v1","373979","374286","44","11558566"
"chr1","11945848","11946156","KN295430v1","2610079","2610388","38","9335769"
"chr1","11953116","11953407","KN296865v1","1674895","1675192","35","10278221"
"chr1","11960459","11960757","KN296311v1","3721408","3721707","30","8239051"
"chr1","11969815","11970115","KN296959v1","1159791","1160090","37","10810024"
"chr1","12080048","12080340","KN296884v1","186950","187243","39","11893098"
"chr1","12081869","12082175","KN295705v1","1213220","1213523","42","10868649"
"chr1","12093532","12093736","KN296157v1","1400696","1400905","33","10692836"
"chr1","12098936","12099256","KN294407v1","2595440","2595750","43","9503496"
"chr1","12109918","12110225","KN296430v1","444033","444342","36","11665885"
"chr1","12113071","12113371","KN294717v1","373979","374286","44","11739092"
"chr1","12149534","12149834","KN295350v1","405055","405352","33","11744479"
"chr1","12165082","12165369","KN294434v1","50479","50773","32","12114603"
"chr1","12190172","12190477","KN294239v1","366885","367189","45","11823287"
"chr1","12210506","12210809","KN295362v1","202612","202915","33","12007894"
"chr1","12222238","12222468","KN296481v1","206504","206734","38","12015734"
"chr1","12232999","12233295","KN296849v1","865030","865326","23","11367969"
"chr1","12243367","12243678","KN296311v1","6628940","6629251","34","5614427"
"chr1","12281826","12282126","KN295112v1","343212","343513","29","11938614"
"chr1","12352056","12352310","KN296849v1","746362","746624","19","11605694"
"chr1","12371809","12372115","KN295244v1","384903","385210","40","11986906"
"chr1","12378369","12378671","KN296938v1","1006669","1006968","34","11371700"
"chr1","12416236","12416546","KN296849v1","681063","681367","23","11735173"
"chr1","12430732","12431039","KN294292v1","136185","136494","33","12294547"
"chr1","12466068","12466362","KN294588v1","494059","494353","36","11972009"
"chr1","12490986","12491286","KN296849v1","602950","603246","25","11888036"
"chr1","12492498","12492798","KN295983v1","1536250","1536551","30","10956248"
"chr1","12516964","12517270","KN296934v1","897698","898003","39","11619266"
"chr1","12521448","12521754","KN296306v1","1301631","1301939","40","11219817"
"chr1","12531948","12532226","KN294457v1","162120","162419","46","12369828"
"chr1","12569741","12570045","KN296849v1","526207","526505","25","12043534"
"chr1","12572287","12572585","KN297046v1","2791168","2791468","40","9781119"
"chr1","12583952","12584252","KN296849v1","511227","511527","30","12072725"
"chr1","12664685","12664928","KN294446v1","130329","130579","40","12534356"
"chr1","12691196","12691492","KN296865v1","1674895","1675192","41","11016301"
"chr1","12715680","12715956","KN296849v1","385079","385349","25","12330601"
"chr1","12832277","12832582","KN294251v1","2407664","2407968","34","10424613"
"chr1","12840683","12840989","KN296849v1","255185","255487","29","12585498"
"chr1","12864565","12864854","KN296849v1","234123","234413","26","12630442"
"chr1","12886932","12887225","KN296849v1","207718","208011","22","12679214"
"chr1","12942161","12942394","KN294949v1","1102235","1102466","47","11839926"
"chr1","12970095","12970390","KN294229v1","72819","73113","41","12897276"
"chr1","12994497","12994735","KN294911v1","1958010","1958259","39","11036487"
"chr1","12995205","12995267","KN294790v1","162397","162450","14","12832808"
"chr1","13053878","13054165","KN295205v1","1220626","1220914","44","11833252"
"chr1","13178811","13179111","KN294271v1","964315","964607","53","12214496"
"chr1","13489635","13489925","KN294229v1","72819","73113","42","13416816"
"chr1","13496029","13496353","KN295605v1","712558","712868","48","12783471"
"chr1","13523717","13524022","KN296726v1","490030","490331","37","13033687"
"chr1","13551007","13551306","KN295350v1","405055","405352","35","13145952"
"chr1","13606244","13606551","KN295117v1","285369","285672","40","13320875"
"chr1","13612975","13613274","KN296732v1","2013890","2014190","33","11599085"
"chr1","13618577","13618878","KN295601v1","1239412","1239710","41","12379165"
"chr1","13676852","13677142","KN294879v1","351077","351369","40","13325775"
"chr1","13714122","13714414","KN295995v1","1426233","1426527","39","12287889"
"chr1","13726538","13726834","KN297078v1","312102","312402","34","13414436"
"chr1","13758031","13758277","KN296614v1","20173","20414","41","13737858"
"chr1","13842194","13842495","KN297158v1","153873","154164","37","13688321"
"chr1","13873021","13873327","KN296934v1","897698","898003","34","12975323"
"chr1","13905386","13905691","KN295294v1","842343","842650","33","13063043"
"chr1","13933667","13933961","KN294187v1","743503","743794","34","13190164"
"chr1","13950070","13950374","KN294571v1","1546303","1546607","37","12403767"
"chr1","14008657","14008940","KN296739v1","287386","287669","31","13721271"
"chr1","14094965","14095135","KN296907v1","974571","974740","23","13120394"
"chr1","14097033","14097198","KN294856v1","29843","30013","20","14067190"
"chr1","14233399","14233714","KN297159v1","3314158","3314468","32","10919241"
"chr1","14290195","14290442","KN296108v1","518659","518906","42","13771536"
"chr1","14304060","14304354","KN295350v1","405055","405352","40","13899005"
"chr1","14490966","14491271","KN296153v1","3677943","3678242","37","10813023"
"chr1","14635645","14635941","KN296365v1","113780","114072","36","14521865"
"chr1","14754887","14755190","KN295984v1","2205787","2206091","35","12549100"
"chr1","14837425","14837729","KN296158v1","1672506","1672810","44","13164919"
"chr1","14870800","14871095","KN295907v1","1253096","1253393","35","13617704"
"chr1","14921531","14921822","KN294375v1","301025","301318","39","14620506"
"chr1","14934674","14934967","KN295984v1","974577","974872","30","13960097"
"chr1","15008004","15008312","KN295114v1","20941","21251","36","14987063"
"chr1","15039059","15039359","KN296864v1","722959","723256","35","14316100"
"chr1","15078993","15079292","KN296732v1","2013890","2014190","36","13065103"
"chr1","15090208","15090491","KN295923v1","2321767","2322047","34","12768441"
"chr1","15100083","15100370","KN294446v1","445226","445515","30","14654857"
"chr1","15124248","15124540","KN294713v1","485096","485391","34","14639152"
"chr1","15205816","15206106","KN296365v1","113780","114072","40","15092036"
"chr1","15243176","15243426","KN295893v1","4140538","4140791","38","11102638"
"chr1","15244097","15244395","KN296732v1","2013890","2014190","32","13230207"
"chr1","15288446","15288751","KN294717v1","373979","374286","42","14914467"
"chr1","15305865","15306168","KN296153v1","3677943","3678242","36","11627922"
"chr1","15378649","15378935","KN297165v1","1143723","1144010","37","14234926"
"chr1","15394202","15394514","KN297133v1","419676","419981","40","14974526"
"chr1","15410098","15410385","KN295607v1","3578135","3578425","33","11831963"
"chr1","15423051","15423338","KN295352v1","174045","174329","40","15249006"
"chr1","15479272","15479567","KN297314v1","117021","117312","44","15362251"
"chr1","15510438","15510736","KN294662v1","79885","80185","25","15430553"
"chr1","15515146","15515448","KN297046v1","2791168","2791468","37","12723978"
"chr1","15552488","15552797","KN296518v1","35982","36282","37","15516506"
"chr1","15620812","15621125","KN297317v1","20735","21043","35","15600077"
"chr1","15621754","15622068","KN295576v1","554633","554946","52","15067121"
"chr1","15675729","15676024","KN294433v1","409687","409987","42","15266042"
"chr1","15685961","15686254","KN296731v1","1560091","1560385","33","14125870"
"chr1","15695382","15695687","KN294387v1","2599087","2599393","33","13096295"
"chr1","15714282","15714575","KN295090v1","1657716","1658013","34","14056566"
"chr1","15747355","15747656","KN296938v1","1006669","1006968","32","14740686"
"chr1","15749986","15750228","KN295610v1","706599","706842","31","15043387"
"chr1","15759339","15759643","KN297019v1","1233639","1233939","31","14525700"
"chr1","15764064","15764365","KN295315v1","360280","360581","27","15403784"
"chr1","15783087","15783386","KN294662v1","79885","80185","35","15703202"
"chr1","15791339","15791636","KN296153v1","3677943","3678242","36","12113396"
"chr1","15793602","15793906","KN294747v1","1006978","1007284","37","14786624"
"chr1","15820756","15821063","KN296934v1","897698","898003","32","14923058"
"chr1","15821085","15821395","KN297159v1","3314158","3314468","35","12506927"
"chr1","15866821","15867098","KN297408v1","76315","76595","41","15790506"
"chr1","15876018","15876332","KN295501v1","1005257","1005557","48","14870761"
"chr1","15885353","15885490","KN296795v1","1955999","1956137","18","13929354"
"chr1","15899667","15899977","KN296062v1","165336","165642","39","15734331"
"chr1","15907688","15907984","KN296654v1","6694","6974","36","15900994"
"chr1","15910928","15911232","KN294407v1","93660","93961","45","15817268"
"chr1","15939933","15940243","KN296654v1","41707","42019","29","15898226"
"chr1","15948718","15948984","KN297019v1","760844","761124","55","15187874"
"chr1","15963887","15963971","KN296311v1","7909976","7910054","18","8053911"
"chr1","15968233","15968540","KN296859v1","1719114","1719417","37","14249119"
"chr1","15999603","15999912","KN296654v1","111536","111832","41","15888067"
"chr1","16009969","16010280","KN294421v1","131050","131353","45","15878919"
"chr1","16013618","16013917","KN295977v1","476948","477243","30","15536670"
"chr1","16026273","16026531","KN295667v1","418942","419199","37","15607331"
"chr1","16035875","16036176","KN294873v1","1249435","1249733","37","14786440"
"chr1","16038740","16039026","KN294239v1","334831","335118","38","15703909"
"chr1","16039561","16039856","KN296654v1","154738","155022","41","15884823"
"chr1","16118835","16119155","KN296654v1","229685","229991","44","15889150"
"chr1","16123185","16123372","KN294571v1","1169522","1169703","39","14953663"
"chr1","16124177","16124289","KN295607v1","3693437","3693554","30","12430740"
"chr1","16125463","16125768","KN296495v1","2056834","2057132","43","14068629"
"chr1","16136575","16136873","KN295077v1","585208","585503","34","15551367"
"chr1","16279369","16279682","KN294470v1","382310","382622","39","15897059"
"chr1","16288253","16288569","KN297008v1","1975388","1975682","56","14312865"
"chr1","16297467","16297776","KN295114v1","20941","21251","41","16276526"
"chr1","16304402","16304700","KN296430v1","666666","666968","40","15637736"
"chr1","16365086","16365381","KN294260v1","621951","622250","41","15743135"
"chr1","16369998","16370310","KN295059v1","336835","337145","36","16033163"
"chr1","16393466","16393728","KN294172v1","5882280","5882542","38","10511186"
"chr1","16421164","16421508","KN297114v1","19850","20181","86","16401314"
"chr1","16437499","16437803","KN297259v1","1567770","1568069","39","14869729"
"chr1","16459903","16460215","KN295526v1","245889","246193","39","16214014"
"chr1","16465449","16465752","KN296747v1","35746","36041","38","16429703"
"chr1","16466830","16467118","KN294510v1","5278","5564","38","16461552"
"chr1","16470453","16470748","KN296153v1","3677943","3678242","30","12792510"
"chr1","16479894","16480192","KN296153v1","3677943","3678242","40","12801951"
"chr1","16490917","16491229","KN295497v1","720813","721124","39","15770104"
"chr1","16503714","16504018","KN294387v1","2599087","2599393","30","13904627"
"chr1","16534552","16534845","KN294172v1","6995224","6995519","41","9539328"
"chr1","16560363","16560665","KN294208v1","853291","853593","45","15707072"
"chr1","16591960","16592268","KN294325v1","986307","986615","37","15605653"
"chr1","16600246","16600537","KN296096v1","3183138","3183434","42","13417108"
"chr1","16601188","16601499","KN295667v1","1687893","1688204","35","14913295"
"chr1","16603031","16603315","KN297165v1","1143723","1144010","37","15459308"
"chr1","16756784","16757072","KN297044v1","15013","15305","36","16741771"
"chr1","16771645","16771941","KN294372v1","1252378","1252684","34","15519267"
"chr1","16805913","16806190","KN296079v1","887782","888062","38","15918131"
"chr1","16816200","16816494","KN294739v1","616485","616779","36","16199715"
"chr1","16845788","16846079","KN297044v1","15013","15305","32","16830775"
"chr1","16860379","16860681","KN296732v1","2013890","2014190","37","14846489"
"chr1","16886560","16886847","KN296187v1","471768","472059","28","16414792"
"chr1","16900825","16901123","KN297044v1","73754","74052","36","16827071"
"chr1","16951151","16951457","KN297044v1","123478","123783","36","16827673"
"chr1","16974424","16974722","KN294346v1","550587","550883","34","16423837"
"chr1","17206847","17207051","KN294172v1","471566","471770","30","16735281"
"chr1","17217665","17217972","KN297133v1","279852","280158","33","16937813"
"chr1","17222773","17223053","KN295526v1","1064414","1064689","36","16158359"
"chr1","17335141","17335429","KN297044v1","505238","505518","31","16829903"
"chr1","17360144","17360439","KN295995v1","1426233","1426527","39","15933911"
"chr1","17362854","17363106","KN294325v1","1309870","1310113","36","16052984"
"chr1","17383451","17383765","KN294873v1","795453","795768","47","16587998"
"chr1","17385296","17385601","KN296306v1","1099162","1099469","40","16286134"
"chr1","17387878","17388175","KN294416v1","208870","209165","33","17179008"
"chr1","17426916","17427054","KN295533v1","1134391","1134530","14","16292525"
"chr1","17450359","17450662","KN295667v1","1659641","1659946","40","15790718"
"chr1","17453301","17453598","KN294251v1","2057577","2057867","36","15395724"
"chr1","17459349","17459656","KN297044v1","629035","629335","39","16830314"
"chr1","17586626","17586933","KN296311v1","4668251","4668556","36","12918375"
"chr1","17634614","17634906","KN297044v1","811314","811606","15","16823300"
"chr1","17714440","17714746","KN295236v1","3672786","3673083","42","14041654"
"chr1","17765826","17766138","KN297044v1","945009","945320","24","16820817"
"chr1","17939593","17939892","KN295907v1","1589185","1589479","38","16350408"
"chr1","17943205","17943499","KN297227v1","1018475","1018768","33","16924730"
"chr1","18349954","18350034","KN296573v1","17183","17267","16","18332771"
"chr1","18473222","18473498","KN295936v1","30401","30674","38","18442821"
"chr1","18622330","18622637","KN297227v1","852541","852851","52","17769789"
"chr1","18637168","18637478","KN295995v1","165168","165480","40","18472000"
"chr1","18958574","18958874","KN296153v1","3677943","3678242","31","15280631"
"chr1","19031437","19031731","KN294205v1","612591","612886","35","18418846"
"chr1","19037021","19037323","KN295523v1","2519145","2519447","34","16517876"
"chr1","19139179","19139468","KN296263v1","779161","779451","38","18360018"
"chr1","19141109","19141283","KN294592v1","1377982","1378158","31","17763127"
"chr1","19144044","19144333","KN295974v1","3935817","3936103","42","15208227"
"chr1","19156088","19156389","KN295045v1","457618","457913","54","18698470"
"chr1","19185861","19186140","KN294172v1","6656193","6656471","41","12529668"
"chr1","19299471","19299791","KN297048v1","117690","118000","41","19181781"
"chr1","19352258","19352539","KN296508v1","1444199","1444478","44","17908059"
"chr1","19356151","19356458","KN294229v1","150337","150645","37","19205814"
"chr1","19467270","19467564","KN296153v1","3677943","3678242","38","15789327"
"chr1","19475393","19475671","KN297105v1","1527475","1527726","60","17947918"
"chr1","19496568","19496873","KN294662v1","79885","80185","40","19416683"
"chr1","19511757","19512063","KN295869v1","284557","284865","43","19227200"
"chr1","19518877","19519179","KN294208v1","853291","853593","36","18665586"
"chr1","19525021","19525318","KN294662v1","79885","80185","35","19445136"
"chr1","19529925","19530233","KN297078v1","312102","312402","40","19217823"
"chr1","19536889","19537200","KN297390v1","1640938","1641250","40","17895951"
"chr1","19542218","19542510","KN296557v1","709141","709435","34","18833077"
"chr1","19556636","19556948","KN295667v1","1687893","1688204","35","17868743"
"chr1","19591666","19591965","KN294539v1","2320327","2320629","33","17271339"
"chr1","19636530","19636831","KN294662v1","79885","80185","33","19556645"
"chr1","19647785","19648108","KN296921v1","327842","328159","47","19319943"
"chr1","19681191","19681504","KN295988v1","954829","955141","38","18726362"
"chr1","19683615","19683907","KN296153v1","91872","92161","36","19591743"
"chr1","19744415","19744731","KN294513v1","614988","615293","47","19129427"
"chr1","19765248","19765556","KN297219v1","1993677","1993982","34","17771571"
"chr1","19790716","19791023","KN296934v1","602412","602712","44","19188304"
"chr1","19791203","19791508","KN296934v1","897698","898003","37","18893505"
"chr1","19804965","19805267","KN295315v1","360280","360581","28","19444685"
"chr1","19846167","19846456","KN294172v1","4478214","4478504","40","15367953"
"chr1","19850058","19850287","KN296145v1","3346783","3347016","35","16503275"
"chr1","19914057","19914332","KN294991v1","255223","255495","34","19658834"
"chr1","19920621","19920916","KN296849v1","262325","262616","41","19658296"
"chr1","19936834","19937144","KN294214v1","1700663","1700971","41","18236171"
"chr1","20038583","20038886","KN294787v1","271659","271959","34","19766924"
"chr1","20065169","20065450","KN297227v1","796454","796739","47","19268715"
"chr1","20102712","20103016","KN297133v1","419676","419981","28","19683036"
"chr1","20147886","20148197","KN296110v1","208140","208438","36","19939746"
"chr1","20231179","20231483","KN295708v1","1331487","1331787","41","18899692"
"chr1","20310547","20310858","KN296403v1","558918","559229","38","19751629"
"chr1","20428645","20428924","KN295350v1","636567","636846","33","19792078"
"chr1","20442205","20442486","KN295405v1","1636689","1636971","31","18805516"
"chr1","20446258","20446560","KN295501v1","1005257","1005557","27","19441001"
"chr1","20477195","20477244","KN295708v1","127722","127771","1","20349473"
"chr1","20483993","20484277","KN296349v1","23521","23801","54","20460472"
"chr1","20488859","20489143","KN295637v1","558708","558981","35","19930151"
"chr1","20490749","20491042","KN295708v1","135419","135719","30","20355330"
"chr1","20515484","20515781","KN297046v1","2791168","2791468","31","17724316"
"chr1","20537407","20537680","KN295708v1","181414","181680","40","20355993"
"chr1","20571563","20571861","KN295708v1","221145","221445","20","20350418"
"chr1","20588520","20588816","KN295965v1","94015","94311","37","20494505"
"chr1","20695506","20695781","KN295708v1","347697","347985","30","20347809"
"chr1","20746962","20747091","KN296312v1","462734","462860","16","20284228"
"chr1","20749265","20749565","KN294385v1","354018","354312","48","20395247"
"chr1","20800076","20800363","KN295548v1","1020097","1020389","46","19779979"
"chr1","20827905","20828199","KN297095v1","1452898","1453193","40","19375007"
"chr1","20830094","20830395","KN295667v1","1687893","1688204","42","19142201"
"chr1","20993634","20993926","KN295708v1","641214","641514","28","20352420"
"chr1","21050563","21050869","KN296934v1","897698","898003","40","20152865"
"chr1","21071265","21071556","KN297112v1","4722576","4722877","44","16348689"
"chr1","21111557","21111860","KN294588v1","1492426","1492725","37","19619131"
"chr1","21118571","21118881","KN295708v1","766389","766698","33","20352182"
"chr1","21129542","21129842","KN295708v1","778097","778394","36","20351445"
"chr1","21139009","21139324","KN295667v1","1687893","1688204","47","19451116"
"chr1","21141305","21141616","KN295459v1","935252","935561","38","20206053"
"chr1","21145286","21145584","KN295375v1","132628","132930","37","21012658"
"chr1","21146684","21146990","KN296435v1","2537900","2538207","35","18608784"
"chr1","21147143","21147443","KN296732v1","2013890","2014190","36","19133253"
"chr1","21172272","21172574","KN295708v1","828226","828534","39","20344046"
"chr1","21191538","21191837","KN297159v1","1901772","1902072","33","19289766"
"chr1","21201208","21201477","KN295523v1","3618519","3618784","35","17582689"
"chr1","21263819","21264124","KN295047v1","44235","44544","35","21219584"
"chr1","21294089","21294402","KN295708v1","952714","953021","38","20341375"
"chr1","21323951","21324166","KN294842v1","1530256","1530465","45","19793695"
"chr1","21516099","21516400","KN296311v1","3721408","3721707","34","17794691"
"chr1","21521718","21522017","KN295112v1","343212","343513","33","21178506"
"chr1","21526568","21526880","KN296481v1","263678","263991","41","21262890"
"chr1","21536387","21536519","KN296948v1","163020","163152","18","21373367"
"chr1","21728263","21728561","KN295501v1","1005257","1005557","48","20723006"
"chr1","21730707","21731008","KN295708v1","1322096","1322400","31","20408611"
"chr1","21731009","21731321","KN294717v1","373979","374286","39","21357030"
"chr1","21740176","21740483","KN295708v1","1331487","1331787","27","20408689"
"chr1","21777684","21777981","KN294264v1","261999","262293","38","21515685"
"chr1","21788432","21788754","KN297159v1","463799","464110","39","21324633"
"chr1","21790907","21791218","KN295708v1","1386475","1386774","30","20404432"
"chr1","21792927","21793196","KN295708v1","1388172","1388436","25","20404755"
"chr1","21831862","21832157","KN295814v1","667626","667923","32","21164236"
"chr1","21857850","21858153","KN295708v1","1456759","1457061","28","20401091"
"chr1","21900484","21900767","KN295708v1","1500963","1501254","33","20399521"
"chr1","21938447","21938750","KN294987v1","439387","439694","42","21499060"
"chr1","21941143","21941446","KN297323v1","176102","176406","29","21765041"
"chr1","21948864","21949164","KN294407v1","249623","249924","32","21699241"
"chr1","21974497","21974788","KN295708v1","1576472","1576768","26","20398025"
"chr1","21975610","21975903","KN295708v1","1577569","1577859","28","20398041"
"chr1","21987286","21987582","KN295708v1","1590349","1590643","27","20396937"
"chr1","21999225","21999513","KN295708v1","1576472","1576768","30","20422753"
"chr1","22010547","22010838","KN295708v1","1590349","1590643","27","20420198"
"chr1","22016519","22016738","KN295708v1","1597635","1597853","21","20418884"
"chr1","22017913","22018217","KN296588v1","321243","321547","29","21696670"
"chr1","22019115","22019419","KN294662v1","79885","80185","33","21939230"
"chr1","22029222","22029518","KN297320v1","2087688","2087983","36","19941534"
"chr1","22046066","22046361","KN294457v1","1379597","1379899","42","20666469"
"chr1","22046362","22046681","KN295114v1","20941","21251","47","22025421"
"chr1","22143415","22143581","KN294456v1","1251593","1251759","22","20891822"
"chr1","22163076","22163375","KN295708v1","1744560","1744851","35","20418516"
"chr1","22180061","22180166","KN295601v1","759151","759251","19","21420910"
"chr1","22235158","22235450","KN296809v1","468890","469184","47","21766268"
"chr1","22337680","22337976","KN294260v1","621951","622250","42","21715729"
"chr1","22372116","22372429","KN295708v1","1948345","1948646","33","20423771"
"chr1","22378319","22378619","KN295708v1","1954541","1954845","23","20423778"
"chr1","22404362","22404670","KN296176v1","429663","429967","34","21974699"
"chr1","22420857","22421169","KN297048v1","117690","118000","47","22303167"
"chr1","22429437","22429724","KN296040v1","568932","569222","39","21860505"
"chr1","22556586","22556897","KN294407v1","218071","218385","37","22338515"
"chr1","22645526","22645830","KN295708v1","2217004","2217305","30","20428522"
"chr1","22703261","22703508","KN294939v1","299280","299529","38","22403981"
"chr1","22706888","22707179","KN295708v1","2276519","2276812","22","20430369"
"chr1","22741000","22741307","KN295708v1","2308357","2308654","34","20432643"
"chr1","22818837","22819138","KN295708v1","2389539","2389849","22","20429298"
"chr1","22872258","22872557","KN296140v1","777217","777517","31","22095041"
"chr1","22887889","22888175","KN295708v1","2463010","2463291","30","20424879"
"chr1","22900650","22900958","KN295708v1","2475316","2475621","29","20425334"
"chr1","22916889","22917168","KN296609v1","672398","672674","39","22244491"
"chr1","22940105","22940413","KN295708v1","2516087","2516391","29","20424018"
"chr1","22964547","22964852","KN295708v1","2539042","2539337","35","20425505"
"chr1","22992111","22992434","KN295114v1","20941","21251","45","22971170"
"chr1","23000380","23000682","KN295988v1","954829","955141","43","22045551"
"chr1","23076943","23077230","KN295459v1","1614660","1614952","36","21462283"
"chr1","23094184","23094487","KN296934v1","897698","898003","35","22196486"
"chr1","23143005","23143299","KN294873v1","1249435","1249733","34","21893570"
"chr1","23151839","23152145","KN295112v1","343212","343513","33","22808627"
"chr1","23162748","23162896","KN296495v1","1654839","1655000","38","21507909"
"chr1","23165450","23165748","KN295708v1","2744515","2744812","20","20420935"
"chr1","23186371","23186663","KN294991v1","1565008","1565302","38","21621363"
"chr1","23194071","23194377","KN295294v1","3132769","3133075","39","20061302"
"chr1","23198859","23199169","KN295984v1","868891","869195","33","22329968"
"chr1","23213531","23213827","KN296486v1","710733","711032","35","22502798"
"chr1","23237580","23237874","KN295708v1","2817632","2817919","32","20419948"
"chr1","23259234","23259540","KN295096v1","2124655","2124956","41","21134579"
"chr1","23278213","23278497","KN296096v1","1652920","1653203","39","21625293"
"chr1","23343033","23343329","KN295984v1","1136723","1137018","34","22206310"
"chr1","23348913","23349222","KN294439v1","261107","261420","38","23087806"
"chr1","23362576","23362872","KN296153v1","3677943","3678242","41","19684633"
"chr1","23395847","23396147","KN296614v1","20754","21055","27","23375093"
"chr1","23404351","23404643","KN294167v1","406704","406998","40","22997647"
"chr1","23411687","23411983","KN294234v1","1410601","1410899","43","22001086"
"chr1","23464487","23464790","KN296062v1","165336","165642","37","23299151"
"chr1","23497015","23497305","KN297314v1","117021","117312","28","23379994"
"chr1","23546673","23546907","KN294747v1","245721","245936","47","23300952"
"chr1","23555937","23556236","KN295907v1","1253096","1253393","38","22302841"
"chr1","23674133","23674430","KN297000v1","300195","300489","32","23373938"
"chr1","23691375","23691661","KN296153v1","3928048","3928334","32","19763327"
"chr1","23715137","23715421","KN296580v1","1062909","1063188","36","22652228"
"chr1","23725506","23725803","KN297019v1","1233639","1233939","28","22491867"
"chr1","23742520","23742831","KN296738v1","24897","25205","39","23717623"
"chr1","23748281","23748593","KN294292v1","136185","136494","37","23612096"
"chr1","23750392","23750712","KN294685v1","1002030","1002360","59","22748362"
"chr1","23757740","23758038","KN296153v1","3677943","3678242","29","20079797"
"chr1","23758060","23758360","KN295983v1","1536250","1536551","30","22221810"
"chr1","23764399","23764687","KN294205v1","854359","854651","35","22910040"
"chr1","23841560","23841864","KN296738v1","137767","138070","35","23703793"
"chr1","23863315","23863611","KN296770v1","30263","30554","37","23833052"
"chr1","23870076","23870394","KN296934v1","897698","898003","56","22972378"
"chr1","23896594","23896891","KN297112v1","2387840","2388136","36","21508754"
"chr1","23899835","23900124","KN294181v1","463756","464039","53","23436079"
"chr1","23912406","23912709","KN295075v1","473320","473622","30","23439086"
"chr1","23915215","23915506","KN294536v1","1607732","1608024","42","22307483"
"chr1","23974767","23975062","KN294571v1","1012216","1012510","37","22962551"
"chr1","24016629","24016906","KN295239v1","195888","196171","46","23820741"
"chr1","24027044","24027312","KN294994v1","12837","13117","37","24014207"
"chr1","24028452","24028753","KN295117v1","56881","57186","35","23971571"
"chr1","24032273","24032576","KN295441v1","1618043","1618347","45","22414230"
"chr1","24033113","24033399","KN295708v1","792696","792979","46","23240417"
"chr1","24054359","24054661","KN295697v1","189742","190043","41","23864617"
"chr1","24058170","24058468","KN296847v1","447644","447944","36","23610526"
"chr1","24063843","24064142","KN296119v1","6426036","6426336","33","17637807"
"chr1","24065785","24066095","KN297046v1","1801264","1801572","45","22264521"
"chr1","24074982","24075287","KN297153v1","468776","469078","39","23606206"
"chr1","24085207","24085383","KN297058v1","509436","509614","34","23575771"
"chr1","24086031","24086324","KN295820v1","372417","372708","34","23713614"
"chr1","24108441","24108751","KN294387v1","2599087","2599393","30","21509354"
"chr1","24112421","24112721","KN295096v1","2124655","2124956","35","21987766"
"chr1","24129678","24129978","KN295708v1","1954541","1954845","37","22175137"
"chr1","24150299","24150610","KN296009v1","636123","636432","34","23514176"
"chr1","24212288","24212589","KN297154v1","904397","904699","30","23307891"
"chr1","24276317","24276614","KN296732v1","2849212","2849512","36","21427105"
"chr1","24285807","24286067","KN294899v1","1142284","1142545","47","23143523"
"chr1","24441423","24441723","KN294161v1","657992","658299","41","23783431"
"chr1","24476286","24476599","KN295983v1","1536250","1536551","38","22940036"
"chr1","24501067","24501364","KN297367v1","171251","171554","39","24329816"
"chr1","24515975","24516276","KN297219v1","434860","435161","35","24081115"
"chr1","24520701","24520987","KN295350v1","493114","493401","35","24027587"
"chr1","24603419","24603725","KN294697v1","48043","48338","45","24555376"
"chr1","24657495","24657795","KN294668v1","2096517","2096825","47","22560978"
"chr1","24660838","24661130","KN297259v1","1300977","1301270","36","23359861"
"chr1","24662582","24662880","KN297112v1","2387840","2388136","38","22274742"
"chr1","24707291","24707584","KN294987v1","67437","67734","38","24639854"
"chr1","24721252","24721558","KN296934v1","897698","898003","35","23823554"
"chr1","24736845","24737174","KN295667v1","1687893","1688204","59","23048952"
"chr1","24743340","24743644","KN296158v1","1672506","1672810","44","23070834"
"chr1","24765712","24765880","KN296508v1","1877204","1877364","23","22888508"
"chr1","24772070","24772390","KN296145v1","3253102","3253382","69","21518968"
"chr1","24775755","24776058","KN296732v1","2013890","2014190","32","22761865"
"chr1","24779207","24779491","KN295248v1","864102","864388","40","23915105"
"chr1","24782593","24782887","KN294407v1","2733858","2734151","33","22048735"
"chr1","24793452","24793677","KN297008v1","4996362","4996589","35","19797090"
"chr1","24818461","24818722","KN296635v1","2832448","2832711","40","21986013"
"chr1","24833396","24833705","KN294187v1","377594","377903","37","24455802"
"chr1","24849207","24849502","KN296140v1","777217","777517","41","24071990"
"chr1","24856464","24856759","KN296495v1","1017754","1018047","35","23838710"
"chr1","24857482","24857786","KN296153v1","3677943","3678242","42","21179539"
"chr1","24860659","24860960","KN295171v1","869545","869845","33","23991114"
"chr1","24899699","24899998","KN296959v1","1159791","1160090","37","23739908"
"chr1","24928327","24928635","KN295725v1","1996226","1996536","41","22932101"
"chr1","25107384","25107694","KN295059v1","336835","337145","38","24770549"
"chr1","25195320","25195613","KN295523v1","2808662","2808957","37","22386658"
"chr1","25222379","25222691","KN296311v1","6981364","6981666","37","18241015"
"chr1","25230858","25231162","KN295706v1","40899","41204","35","25189959"
"chr1","25253863","25254168","KN295984v1","868891","869195","31","24384972"
"chr1","25278772","25279080","KN296075v1","437481","437780","41","24841291"
"chr1","25291778","25292068","KN296658v1","14745","15037","37","25277033"
"chr1","25297895","25298202","KN294387v1","2599087","2599393","35","22698808"
"chr1","25315114","25315409","KN296536v1","39012","39307","34","25276102"
"chr1","25338390","25338703","KN294292v1","136185","136494","36","25202205"
"chr1","25357065","25357369","KN294856v1","296536","296838","35","25060529"
"chr1","25619316","25619619","KN294873v1","1249435","1249733","38","24369881"
"chr1","25634260","25634551","KN296108v1","63524","63807","42","25570736"
"chr1","25701191","25701493","KN296809v1","750243","750541","34","24950948"
"chr1","25710497","25710779","KN295405v1","1636689","1636971","34","24073808"
"chr1","25787631","25787936","KN296934v1","897698","898003","40","24889933"
"chr1","25831894","25832192","KN294848v1","1408889","1409183","34","24423005"
"chr1","25844690","25845015","KN295708v1","1599062","1599372","41","24245628"
"chr1","25877086","25877397","KN296959v1","76119","76425","37","25800967"
"chr1","25884981","25885279","KN296925v1","264476","264775","31","25620505"
"chr1","25887902","25888201","KN295361v1","925031","925332","39","24962871"
"chr1","25933151","25933307","KN296431v1","72328","72483","23","25860823"
"chr1","25951600","25951893","KN294634v1","514588","514883","32","25437012"
"chr1","25974307","25974606","KN297367v1","171251","171554","34","25803056"
"chr1","25976554","25976859","KN296934v1","897698","898003","33","25078856"
"chr1","25983301","25983598","KN296311v1","5092316","5092620","43","20890985"
"chr1","26005157","26005460","KN295692v1","998365","998674","39","25006792"
"chr1","26012474","26012784","KN295940v1","46589","46899","40","25965885"
"chr1","26047798","26048095","KN295814v1","1509396","1509691","37","24538402"
"chr1","26054455","26054758","KN295697v1","189742","190043","28","25864713"
"chr1","26080325","26080581","KN296305v1","766977","767253","51","25313348"
"chr1","26101079","26101381","KN295320v1","27087","27386","34","26073992"
"chr1","26118980","26119288","KN294899v1","589552","589858","36","25529428"
"chr1","26129160","26129451","KN294493v1","1430297","1430587","43","24698863"
"chr1","26144540","26144837","KN297197v1","1652825","1653120","34","24491715"
"chr1","26177257","26177563","KN295090v1","765618","765928","35","25411639"
"chr1","26210113","26210410","KN296153v1","3677943","3678242","32","22532170"
"chr1","26273694","26273982","KN295294v1","133861","134153","36","26139833"
"chr1","26279038","26279302","KN294181v1","509561","509825","55","25769477"
"chr1","26281265","26281576","KN294292v1","136185","136494","34","26145080"
"chr1","26295273","26295569","KN294571v1","1694112","1694408","35","24601161"
"chr1","26301346","26301640","KN294446v1","714971","715264","29","25586375"
"chr1","26313004","26313270","KN297320v1","1029038","1029300","47","25283966"
"chr1","26341109","26341389","KN295721v1","197604","197890","31","26143505"
"chr1","26385931","26386234","KN294172v1","4761492","4761794","30","21624439"
"chr1","26390384","26390678","KN295257v1","443937","444244","47","25946447"
"chr1","26393664","26393811","KN294790v1","2813919","2814067","16","23579745"
"chr1","26395485","26395788","KN296247v1","690903","691205","42","25704582"
"chr1","26396164","26396457","KN294713v1","326988","327279","39","26069176"
"chr1","26413720","26414024","KN295171v1","231499","231801","39","26182221"
"chr1","26417037","26417339","KN295523v1","985733","986032","46","25431304"
"chr1","26459829","26460103","KN295294v1","1554269","1554556","43","24905560"
"chr1","26493033","26493322","KN295814v1","1478894","1479191","42","25014139"
"chr1","26524005","26524301","KN294995v1","61376","61672","29","26462629"
"chr1","26524473","26524765","KN294365v1","2002107","2002388","48","24522366"
"chr1","26536160","26536461","KN296063v1","1064190","1064488","40","25471970"
"chr1","26536523","26536848","KN295361v1","921707","922037","49","25614816"
"chr1","26563091","26563413","KN295114v1","20941","21251","43","26542150"
"chr1","26573450","26573754","KN294365v1","795012","795312","28","25778438"
"chr1","26579079","26579387","KN294806v1","835206","835511","36","25743873"
"chr1","26597019","26597331","KN296486v1","491917","492220","41","26105102"
"chr1","26608572","26608829","KN294717v1","99149","99406","47","26509423"
"chr1","26616756","26617056","KN294662v1","79885","80185","37","26536871"
"chr1","26659813","26660112","KN296153v1","3677943","3678242","28","22981870"
"chr1","26664717","26665018","KN296404v1","106219","106515","30","26558498"
"chr1","26674018","26674324","KN294856v1","296536","296838","40","26377482"
"chr1","26678433","26678534","KN295441v1","827179","827283","11","25851254"
"chr1","26728054","26728354","KN296357v1","356792","357093","31","26371262"
"chr1","26743502","26743683","KN296119v1","3625254","3625431","29","23118248"
"chr1","26774022","26774263","KN295596v1","3219530","3219777","46","23554492"
"chr1","26774917","26775205","KN297095v1","1515149","1515433","37","25259768"
"chr1","26818412","26818708","KN294991v1","1565008","1565302","36","25253404"
"chr1","26828813","26829042","KN296019v1","205848","206076","32","26622965"
"chr1","26841365","26841647","KN296108v1","63524","63807","40","26777841"
"chr1","26843509","26843817","KN295171v1","585734","586041","36","26257775"
"chr1","26861250","26861560","KN294407v1","276190","276492","42","26585060"
"chr1","26873078","26873387","KN294387v1","2599087","2599393","42","24273991"
"chr1","26873388","26873563","KN296732v1","2919037","2919213","24","23954351"
"chr1","26883534","26883835","KN296153v1","3677943","3678242","38","23205591"
"chr1","26885106","26885409","KN294949v1","391656","391966","39","26493450"
"chr1","26920852","26921147","KN296075v1","206940","207234","36","26713912"
"chr1","26929002","26929173","KN295301v1","1649258","1649428","34","25279744"
"chr1","26929582","26929891","KN295257v1","443937","444244","40","26485645"
"chr1","26936003","26936305","KN295561v1","256425","256726","35","26679578"
"chr1","26966929","26967234","KN297442v1","12090","12392","38","26954839"
"chr1","26980221","26980475","KN294739v1","994750","995002","32","25985471"
"chr1","26990326","26990637","KN296486v1","698399","698705","42","26291927"
"chr1","27019017","27019322","KN294893v1","292677","292968","44","26726340"
"chr1","27047288","27047597","KN295114v1","20941","21251","39","27026347"
"chr1","27049426","27049722","KN296153v1","3677943","3678242","39","23371483"
"chr1","27068035","27068328","KN294536v1","1607732","1608024","36","25460303"
"chr1","27072042","27072337","KN294739v1","616485","616779","32","26455557"
"chr1","27108500","27108805","KN296588v1","1228829","1229131","34","25879671"
"chr1","27112113","27112367","KN295984v1","1160830","1161097","58","25951283"
"chr1","27126820","27126926","KN295350v1","171855","171966","29","26954965"
"chr1","27168907","27169203","KN296153v1","3677943","3678242","28","23490964"
"chr1","27193618","27193927","KN295480v1","1447608","1447918","39","25746010"
"chr1","27195735","27196040","KN295236v1","3424373","3424682","32","23771362"
"chr1","27196679","27196987","KN295988v1","1014394","1014695","41","26182285"
"chr1","27227003","27227297","KN294987v1","1351833","1352128","33","25875170"
"chr1","27241690","27241985","KN295717v1","1727504","1727793","40","25514186"
"chr1","27246720","27247033","KN294717v1","373979","374286","40","26872741"
"chr1","27294635","27294933","KN296424v1","617439","617738","42","26677196"
"chr1","27308328","27308638","KN295988v1","954829","955141","37","26353499"
"chr1","27320540","27320837","KN296153v1","3677943","3678242","39","23642597"
"chr1","27337672","27337977","KN297023v1","934115","934421","37","26403557"
"chr1","27379433","27379758","KN294264v1","371563","371884","54","27007870"
"chr1","27383503","27383798","KN295077v1","585208","585503","34","26798295"
"chr1","27435962","27436265","KN294501v1","104788","105092","30","27331174"
"chr1","27447525","27447820","KN295586v1","1077188","1077483","43","26370337"
"chr1","27449662","27449969","KN294758v1","374673","374971","37","27074989"
"chr1","27466095","27466384","KN294407v1","2733858","2734151","33","24732237"
"chr1","27471347","27471642","KN294536v1","1607732","1608024","42","25863615"
"chr1","27475827","27476129","KN295983v1","1536250","1536551","36","25939577"
"chr1","27490087","27490397","KN295666v1","691245","691556","44","26798842"
"chr1","27491796","27492095","KN295633v1","141651","141946","40","27350145"
"chr1","27497917","27498283","KN295758v1","797010","797368","74","26700907"
"chr1","27519744","27520041","KN297046v1","2791168","2791468","34","24728576"
"chr1","27520113","27520412","KN297133v1","419676","419981","37","27100437"
"chr1","27548418","27548720","KN297046v1","3175277","3175576","37","24373141"
"chr1","27634324","27634618","KN294578v1","593416","593711","30","27040908"
"chr1","27663459","27663759","KN294592v1","1319879","1320174","39","26343580"
"chr1","27700745","27701039","KN296869v1","163530","163820","28","27537215"
"chr1","27710440","27710748","KN295936v1","2453236","2453545","37","25257204"
"chr1","27728111","27728462","KN294264v1","371563","371884","65","27356548"
"chr1","27738225","27738526","KN296442v1","285982","286282","38","27452243"
"chr1","27749259","27749562","KN294235v1","617801","618100","40","27131458"
"chr1","27775693","27775989","KN296732v1","2013890","2014190","34","25761803"
"chr1","27791221","27791509","KN294592v1","1319879","1320174","42","26471342"
"chr1","27799632","27799934","KN294685v1","1072465","1072762","30","26727167"
"chr1","27808295","27808596","KN296153v1","3677943","3678242","39","24130352"
"chr1","27824551","27824845","KN295995v1","1426233","1426527","33","26398318"
"chr1","27836281","27836603","KN295294v1","3132769","3133075","50","24703512"
"chr1","27869878","27870175","KN294407v1","776051","776345","33","27093827"
"chr1","27877726","27878034","KN294806v1","835206","835511","43","27042520"
"chr1","27888487","27888771","KN295459v1","668016","668299","41","27220471"
"chr1","27889835","27890147","KN296153v1","3677943","3678242","44","24211892"
"chr1","27909844","27910147","KN296588v1","1228829","1229131","36","26681015"
"chr1","27911466","27911732","KN295523v1","4195930","4196206","42","23715536"
"chr1","27916955","27917233","KN294172v1","6656193","6656471","41","21260762"
"chr1","28033284","28033577","KN294837v1","303054","303351","42","27730230"
"chr1","28054825","28055139","KN297390v1","1640938","1641250","37","26413887"
"chr1","28095419","28095731","KN296158v1","1672506","1672810","38","26422913"
"chr1","28110955","28111260","KN296153v1","3677943","3678242","37","24433012"
"chr1","28115360","28115652","KN294806v1","835206","835511","49","27280154"
"chr1","28139478","28139769","KN295459v1","1614660","1614952","26","26524818"
"chr1","28170740","28171045","KN296357v1","706115","706421","41","27464625"
"chr1","28197992","28198249","KN294540v1","886155","886414","37","27311837"
"chr1","28213050","28213354","KN296117v1","233907","234212","34","27979143"
"chr1","28221945","28222177","KN294728v1","1379514","1379760","52","26842431"
"chr1","28223269","28223566","KN294439v1","269158","269457","35","27954111"
"chr1","28249847","28250149","KN295586v1","2121175","2121468","45","26128672"
"chr1","28265527","28265677","KN295345v1","1057208","1057354","27","27208319"
"chr1","28304694","28305001","KN296934v1","897698","898003","40","27406996"
"chr1","28338357","28338665","KN295441v1","1618043","1618347","37","26720314"
"chr1","28349759","28350071","KN296460v1","968987","969295","40","27380772"
"chr1","28355705","28356000","KN294433v1","409687","409987","36","27946018"
"chr1","28359943","28360252","KN296430v1","444033","444342","36","27915910"
"chr1","28369577","28369882","KN295375v1","132628","132930","35","28236949"
"chr1","28379669","28379980","KN296035v1","338193","338502","28","28041476"
"chr1","28387692","28387974","KN296200v1","479158","479446","45","27908534"
"chr1","28389174","28389476","KN296153v1","3677943","3678242","31","24711231"
"chr1","28392181","28392496","KN295114v1","20941","21251","31","28371240"
"chr1","28392694","28392821","KN294509v1","525417","525547","22","27867277"
"chr1","28401711","28402002","KN297046v1","2263487","2263774","34","26138224"
"chr1","28405582","28405879","KN294911v1","4245051","4245346","46","24160531"
"chr1","28419461","28419752","KN297095v1","2087459","2087755","31","26332002"
"chr1","28440098","28440409","KN296187v1","256916","257222","35","28183182"
"chr1","28507279","28507587","KN296738v1","137767","138070","34","28369512"
"chr1","28522389","28522691","KN296311v1","3812517","3812822","35","24709872"
"chr1","28525082","28525380","KN296153v1","3677943","3678242","36","24847139"
"chr1","28547298","28547560","KN296065v1","54144","54403","29","28493154"
"chr1","28548318","28548528","KN296849v1","936599","936808","27","27611719"
"chr1","28590597","28590649","KN294571v1","443859","443908","7","28146738"
"chr1","28646990","28647165","KN296167v1","402355","402526","32","28244635"
"chr1","28665348","28665643","KN294470v1","3514955","3515245","37","25150393"
"chr1","28670863","28671110","KN296280v1","120827","121074","27","28550036"
"chr1","28692758","28693060","KN294501v1","104788","105092","30","28587970"
"chr1","28697831","28698134","KN296925v1","323129","323434","44","28374702"
"chr1","28707939","28708222","KN295090v1","1165047","1165331","33","27542892"
"chr1","28709435","28709694","KN294251v1","2768843","2769112","37","25940592"
"chr1","28719608","28719868","KN296449v1","822","1085","34","28718786"
"chr1","28759934","28760238","KN294685v1","34357","34661","36","28725577"
"chr1","28768698","28768995","KN295459v1","1614660","1614952","48","27154038"
"chr1","28778971","28779273","KN296153v1","3677943","3678242","30","25101028"
"chr1","28785023","28785310","KN297019v1","1233639","1233939","61","27551384"
"chr1","28792998","28793244","KN295526v1","384122","384388","44","28408876"
"chr1","28795713","28795945","KN296019v1","205848","206076","35","28589865"
"chr1","28820742","28821054","KN294218v1","2831459","2831758","45","25989283"
"chr1","28829212","28829495","KN296079v1","545724","546008","36","28283488"
"chr1","28860679","28860985","KN294167v1","337010","337313","42","28523669"
"chr1","28872546","28872856","KN296365v1","615367","615677","36","28257179"
"chr1","28910626","28910926","KN297019v1","1233639","1233939","32","27676987"
"chr1","28927238","28927544","KN296311v1","6628940","6629251","37","22298298"
"chr1","28960228","28960526","KN295112v1","343212","343513","39","28617016"
"chr1","28965089","28965396","KN294365v1","836716","837022","35","28128373"
"chr1","29019137","29019441","KN295090v1","276264","276560","32","28742873"
"chr1","29053629","29053929","KN296732v1","2013890","2014190","37","27039739"
"chr1","29064364","29064677","KN295708v1","1331487","1331787","40","27732877"
"chr1","29069398","29069721","KN296732v1","1801536","1801854","46","27267862"
"chr1","29075821","29076119","KN296528v1","1436873","1437172","28","27638948"
"chr1","29076380","29076675","KN296495v1","2056834","2057132","39","27019546"
"chr1","29101884","29102173","KN294462v1","622560","622846","41","28479324"
"chr1","29133778","29134075","KN296743v1","1480127","1480425","38","27653651"
"chr1","29134490","29134745","KN294540v1","886155","886414","48","28248335"
"chr1","29134991","29135045","KN295667v1","484979","485034","10","28650012"
"chr1","29158858","29159159","KN296825v1","1629999","1630301","38","27528859"
"chr1","29162965","29163267","KN295343v1","319199","319503","40","28843766"
"chr1","29185991","29186288","KN296682v1","5162407","5162700","36","24023584"
"chr1","29200396","29200690","KN296096v1","3767148","3767446","40","25433248"
"chr1","29203711","29204005","KN296096v1","3767148","3767446","41","25436563"
"chr1","29214590","29214892","KN296062v1","2106200","2106493","52","27108390"
"chr1","29244519","29244802","KN295441v1","485205","485492","42","28759314"
"chr1","29245053","29245335","KN296306v1","883522","883801","38","28361531"
"chr1","29249863","29250162","KN296357v1","356792","357093","35","28893071"
"chr1","29250172","29250460","KN295883v1","754353","754644","40","28495819"
"chr1","29268956","29269254","KN296322v1","1925219","1925518","29","27343737"
"chr1","29276304","29276610","KN296357v1","343303","343607","37","28933001"
"chr1","29294661","29294956","KN295441v1","1062298","1062599","49","28232363"
"chr1","29324719","29325001","KN294994v1","12837","13117","33","29311882"
"chr1","29590794","29590965","KN295236v1","6158732","6158902","30","23432062"
"chr1","29674001","29674293","KN296096v1","3767148","3767446","40","25906853"
"chr1","29688280","29688550","KN295243v1","302117","302391","33","29386163"
"chr1","29747805","29748114","KN295236v1","5343986","5344298","35","24403819"
"chr1","29914313","29914600","KN294513v1","150959","151244","46","29763354"
"chr1","30003737","30004051","KN295114v1","20941","21251","40","29982796"
"chr1","30294050","30294350","KN296119v1","3368813","3369111","31","26925237"
"chr1","30298869","30299162","KN296635v1","2184342","2184632","44","28114527"
"chr1","30327706","30328024","KN295705v1","2747981","2748284","64","27579725"
"chr1","30431669","30431968","KN296153v1","3677943","3678242","38","26753726"
"chr1","30636378","30636688","KN295667v1","1687893","1688204","34","28948485"
"chr1","30747801","30748092","KN295929v1","337280","337577","57","30410521"
"chr1","30848512","30848785","KN295936v1","30401","30674","34","30818111"
"chr1","30910057","30910306","KN297165v1","2929718","2929968","36","27980339"
"chr1","30986125","30986420","KN294603v1","189667","189966","24","30796458"
"chr1","30988117","30988399","KN295573v1","520941","521218","48","30467176"
"chr1","31042832","31043113","KN296934v1","1038553","1038835","34","30004279"
"chr1","31072661","31072951","KN294705v1","57695","57984","26","31014966"
"chr1","31097545","31097809","KN294705v1","82735","82995","24","31014810"
"chr1","31103788","31104073","KN297229v1","921644","921926","35","30182144"
"chr1","31143254","31143300","KN294837v1","314752","314791","9","30828502"
"chr1","31146501","31146793","KN294705v1","133400","133697","31","31013101"
"chr1","31160067","31160357","KN295294v1","334706","334991","31","30825361"
"chr1","31164308","31164602","KN294705v1","151558","151851","28","31012750"
"chr1","31172834","31173145","KN294291v1","56419","56726","39","31116415"
"chr1","31190623","31190927","KN295633v1","141651","141946","45","31048972"
"chr1","31195917","31196223","KN296154v1","1901209","1901519","38","29294708"
"chr1","31207355","31207651","KN294705v1","186705","186997","28","31020650"
"chr1","31217625","31217929","KN296386v1","807617","807923","39","30410008"
"chr1","31223158","31223468","KN295034v1","63947","64249","45","31159211"
"chr1","31236894","31237177","KN294705v1","217590","217874","27","31019304"
"chr1","31237941","31238213","KN294991v1","255223","255495","43","30982718"
"chr1","31254048","31254355","KN295350v1","243779","244085","38","31010269"
"chr1","31261435","31261729","KN295995v1","1426233","1426527","30","29835202"
"chr1","31279641","31279939","KN297219v1","434860","435161","38","30844781"
"chr1","31281900","31282208","KN294705v1","250357","250668","24","31031543"
"chr1","31353393","31353738","KN294668v1","1997927","1998235","80","29355466"
"chr1","31355253","31355561","KN294705v1","324839","325146","26","31030414"
"chr1","31373230","31373539","KN295962v1","1921217","1921530","33","29452013"
"chr1","31389468","31389762","KN294705v1","360202","360495","25","31029266"
"chr1","31407710","31407838","KN294536v1","859398","859523","23","30548312"
"chr1","31413530","31413832","KN294705v1","385035","385335","30","31028495"
"chr1","31426713","31427013","KN294713v1","485096","485391","45","30941617"
"chr1","31430946","31431256","KN297317v1","20735","21043","38","31410211"
"chr1","31515481","31515537","KN296153v1","1348626","1348682","13","30166855"
"chr1","31518160","31518465","KN294705v1","492767","493074","40","31025393"
"chr1","31563531","31563816","KN294705v1","538170","538455","31","31025361"
"chr1","31670057","31670355","KN294705v1","613352","613652","39","31056705"
"chr1","31672144","31672438","KN295501v1","902998","903291","41","30769146"
"chr1","31743485","31743761","KN295705v1","787690","787969","44","30955795"
"chr1","31971527","31971841","KN294705v1","903205","903511","22","31068322"
"chr1","31978851","31979157","KN297047v1","1158961","1159265","35","30819890"
"chr1","31992508","31992814","KN296381v1","91265","91569","37","31901243"
"chr1","31996105","31996398","KN297445v1","1326382","1326677","29","30669723"
"chr1","32001897","32002193","KN295995v1","1426233","1426527","44","30575664"
"chr1","32003289","32003595","KN294705v1","937291","937604","32","31065998"
"chr1","32075915","32076210","KN296883v1","2840717","2841010","40","29235198"
"chr1","32082348","32082662","KN294513v1","614988","615293","45","31467360"
"chr1","32085182","32085495","KN295257v1","443937","444244","35","31641245"
"chr1","32094396","32094696","KN295717v1","1072408","1072708","37","31021988"
"chr1","32096059","32096248","KN295112v1","525292","525486","32","31570767"
"chr1","32103547","32103849","KN295112v1","343212","343513","33","31760335"
"chr1","32112869","32113167","KN296322v1","1925219","1925518","33","30187650"
"chr1","32138676","32138838","KN296508v1","1877204","1877364","16","30261472"
"chr1","32171896","32172189","KN294705v1","1099733","1100029","35","31072163"
"chr1","32233066","32233358","KN294705v1","1155512","1155808","37","31077554"
"chr1","32240453","32240736","KN295538v1","142026","142311","47","32098427"
"chr1","32243376","32243686","KN295633v1","264317","264628","35","31979059"
"chr1","32255302","32255617","KN295059v1","336835","337145","36","31918467"
"chr1","32260163","32260455","KN297046v1","1241337","1241636","34","31018826"
"chr1","32265164","32265457","KN295744v1","643156","643450","36","31622008"
"chr1","32270337","32270619","KN296406v1","172117","172391","42","32098220"
"chr1","32272012","32272314","KN296381v1","91265","91569","30","32180747"
"chr1","32289005","32289308","KN297159v1","1336140","1336443","34","30952865"
"chr1","32310932","32311243","KN294768v1","9056","9362","46","32301876"
"chr1","32316337","32316637","KN295977v1","249013","249314","34","32067324"
"chr1","32353919","32354228","KN297153v1","1366929","1367240","31","30986990"
"chr1","32370819","32371108","KN294705v1","1299204","1299495","34","31071615"
"chr1","32377635","32377924","KN297227v1","1018475","1018768","72","31359160"
"chr1","32423799","32424043","KN296732v1","3329119","3329366","37","29094680"
"chr1","32442624","32442923","KN294662v1","79885","80185","35","32362739"
"chr1","32446564","32446860","KN294911v1","3820095","3820391","34","28626469"
"chr1","32479365","32479671","KN294705v1","1409555","1409859","19","31069810"
"chr1","32544175","32544302","KN296119v1","3494836","3494965","14","29049339"
"chr1","32548288","32548592","KN297019v1","1233639","1233939","34","31314649"
"chr1","32621382","32621688","KN296804v1","826579","826888","35","31794803"
"chr1","32625981","32626282","KN294172v1","7087919","7088228","45","25538062"
"chr1","32650674","32650970","KN297452v1","809567","809864","38","31841107"
"chr1","32681676","32681975","KN294613v1","747893","748193","35","31933783"
"chr1","32682201","32682500","KN295977v1","1252765","1253074","41","31429436"
"chr1","32684284","32684638","KN297105v1","2732332","2732692","64","29951952"
"chr1","32695792","32696066","KN296311v1","899328","899610","47","31796464"
"chr1","32696992","32697303","KN294705v1","1582720","1583032","15","31114272"
"chr1","32700038","32700194","KN295523v1","3881043","3881198","23","28818995"
"chr1","32705525","32705826","KN297019v1","1233639","1233939","32","31471886"
"chr1","32706029","32706330","KN297019v1","1233639","1233939","28","31472390"
"chr1","32708087","32708391","KN294758v1","2189671","2189970","40","30518416"
"chr1","32719840","32720155","KN295114v1","20941","21251","36","32698899"
"chr1","32726343","32726636","KN294416v1","208870","209165","33","32517473"
"chr1","32727800","32728100","KN296153v1","3677943","3678242","39","29049857"
"chr1","32753346","32753639","KN297008v1","1975388","1975682","37","30777958"
"chr1","32759354","32759642","KN295736v1","149108","149396","32","32610246"
"chr1","32764004","32764310","KN296934v1","897698","898003","32","31866306"
"chr1","32773180","32773472","KN296062v1","2106200","2106493","32","30666980"
"chr1","32781715","32782015","KN294705v1","1666803","1667107","30","31114912"
"chr1","32796344","32796639","KN296225v1","476174","476470","34","32320170"
"chr1","32806698","32807000","KN296153v1","3677943","3678242","35","29128755"
"chr1","32840880","32841185","KN296062v1","1928457","1928762","43","30912423"
"chr1","32858607","32858922","KN294705v1","1738203","1738500","35","31120404"
"chr1","32883393","32883703","KN295236v1","3424373","3424682","37","29459020"
"chr1","32883904","32884197","KN294758v1","2189671","2189970","35","30694233"
"chr1","32892367","32892639","KN296056v1","28586","28872","51","32863781"
"chr1","32916563","32916859","KN295057v1","897213","897511","33","32019350"
"chr1","32933602","32933906","KN295596v1","2001489","2001787","40","30932113"
"chr1","32942745","32943043","KN294705v1","1825340","1825624","26","31117405"
"chr1","32966294","32966602","KN296934v1","897698","898003","28","32068596"
"chr1","32977484","32977769","KN294705v1","1860510","1860796","32","31116974"
"chr1","32979628","32979936","KN296934v1","897698","898003","34","32081930"
"chr1","32982677","32982967","KN295022v1","486627","486913","36","32496050"
"chr1","32995730","32995840","KN296833v1","364639","364749","8","32631091"
"chr1","33020373","33020664","KN294705v1","1913103","1913386","34","31107270"
"chr1","33024131","33024428","KN294705v1","1917320","1917612","29","31106811"
"chr1","33050622","33050792","KN296907v1","974571","974740","24","32076051"
"chr1","33105545","33105837","KN294705v1","2001130","2001432","26","31104415"
"chr1","33143278","33143590","KN297046v1","1801264","1801572","31","31342014"
"chr1","33223059","33223341","KN296847v1","1717536","1717819","40","31505523"
"chr1","33243860","33244155","KN294705v1","2146593","2146892","29","31097267"
"chr1","33258040","33258352","KN294705v1","2155026","2155332","35","31103014"
"chr1","33299271","33299565","KN294536v1","940479","940770","43","32358792"
"chr1","33344577","33344880","KN296004v1","29555","29853","36","33315022"
"chr1","33346130","33346442","KN295725v1","1996226","1996536","41","31349904"
"chr1","33430633","33430928","KN295306v1","47106","47398","41","33383527"
"chr1","33470613","33470915","KN295112v1","343212","343513","32","33127401"
"chr1","33561615","33561922","KN297367v1","171251","171554","35","33390364"
"chr1","33600389","33600705","KN294462v1","630387","630699","42","32970002"
"chr1","33620350","33620683","KN295264v1","66488","66817","59","33553862"
"chr1","33622268","33622602","KN295264v1","66488","66817","59","33555780"
"chr1","33716408","33716699","KN296180v1","671411","671696","27","33044997"
"chr1","34093302","34093600","KN295907v1","1253096","1253393","34","32840206"
"chr1","34180465","34180722","KN294619v1","174768","175023","38","34005697"
"chr1","34307054","34307347","KN294193v1","246541","246831","32","34060513"
"chr1","34349317","34349415","KN295936v1","2188534","2188633","18","32160783"
"chr1","34370781","34371078","KN294172v1","1630044","1630343","34","32740737"
"chr1","34661227","34661539","KN295523v1","183476","183782","35","34477751"
"chr1","34700818","34701104","KN295345v1","1379880","1380168","36","33320938"
"chr1","34767434","34767732","KN296731v1","1681432","1681735","38","33086002"
"chr1","34829207","34829518","KN297047v1","741852","742155","44","34087355"
"chr1","34845815","34846075","KN297452v1","1323657","1323919","37","33522158"
"chr1","34860895","34861172","KN295923v1","2321767","2322047","33","32539128"
"chr1","35069782","35070094","KN296153v1","1075251","1075563","45","33994531"
"chr1","35122825","35123117","KN294229v1","97510","97813","45","35025315"
"chr1","35139028","35139330","KN295441v1","1618043","1618347","40","33520985"
"chr1","35160751","35161033","KN295090v1","1165047","1165331","37","33995704"
"chr1","35177677","35177967","KN294462v1","622560","622846","39","34555117"
"chr1","35180866","35181175","KN296244v1","855521","855828","41","34325345"
"chr1","35196159","35196453","KN294407v1","2733858","2734151","33","32462301"
"chr1","35221156","35221439","KN295523v1","1358594","1358868","44","33862562"
"chr1","35262494","35262798","KN295236v1","470675","470981","58","34791819"
"chr1","35266779","35267076","KN294208v1","853291","853593","41","34413488"
"chr1","35271558","35271870","KN295667v1","621581","621893","49","34649977"
"chr1","35275853","35276119","KN295533v1","1674273","1674558","47","33601580"
"chr1","35278189","35278488","KN296153v1","3677943","3678242","33","31600246"
"chr1","35313164","35313460","KN294995v1","61376","61672","31","35251788"
"chr1","35314372","35314668","KN296759v1","638542","638840","35","34675830"
"chr1","35321167","35321436","KN296547v1","372808","373076","40","34948359"
"chr1","35323096","35323356","KN294172v1","5882280","5882542","42","29440816"
"chr1","35411593","35411887","KN296311v1","6291982","6292273","33","29119611"
"chr1","35412086","35412382","KN296019v1","457522","457817","36","34954564"
"chr1","35414149","35414449","KN294346v1","271830","272127","45","35142319"
"chr1","35430958","35431269","KN294717v1","373979","374286","40","35056979"
"chr1","35431869","35432174","KN294172v1","4761492","4761794","39","30670377"
"chr1","35442533","35442850","KN294906v1","297327","297642","43","35145206"
"chr1","35458005","35458300","KN295596v1","1673921","1674225","45","33784084"
"chr1","35459562","35459899","KN296036v1","1051362","1051698","44","34408200"
"chr1","35489738","35490029","KN294210v1","1855215","1855505","39","33634523"
"chr1","35508081","35508398","KN294668v1","2004094","2004404","44","33503987"
"chr1","35508737","35509047","KN295854v1","1482858","1483168","38","34025879"
"chr1","35509308","35509607","KN295523v1","985733","986032","36","34523575"
"chr1","35512470","35512640","KN297008v1","2419","2580","28","35510051"
"chr1","35514442","35514731","KN294187v1","1526075","1526365","30","33988367"
"chr1","35514746","35515033","KN296442v1","1130989","1131276","37","34383757"
"chr1","35536822","35537106","KN295077v1","155410","155696","37","35381412"
"chr1","35541172","35541466","KN297008v1","3405455","3405752","33","32135717"
"chr1","35544155","35544442","KN294739v1","616485","616779","62","34927670"
"chr1","35545706","35545998","KN297026v1","228587","228878","32","35317119"
"chr1","35565295","35565608","KN294987v1","16434","16726","43","35548861"
"chr1","35617315","35617608","KN294987v1","67437","67734","34","35549878"
"chr1","35715668","35715978","KN294728v1","1530565","1530875","37","34185103"
"chr1","35780053","35780343","KN294987v1","241309","241596","31","35538744"
"chr1","35780627","35780928","KN294747v1","1006978","1007284","34","34773649"
"chr1","35812264","35812572","KN295667v1","1687893","1688204","38","34124371"
"chr1","35947206","35947467","KN297452v1","1345867","1346126","29","34601339"
"chr1","35960769","35961067","KN294987v1","431034","431331","27","35529735"
"chr1","35969187","35969480","KN294987v1","439387","439694","30","35529800"
"chr1","35995237","35995463","KN294365v1","1949911","1950144","34","34045326"
"chr1","36027141","36027440","KN294346v1","271830","272127","34","35755311"
"chr1","36041684","36041987","KN294433v1","409687","409987","40","35631997"
"chr1","36055228","36055510","KN295459v1","668016","668299","42","35387212"
"chr1","36064123","36064424","KN294385v1","18712","19011","43","36045411"
"chr1","36079838","36080121","KN295825v1","1272410","1272695","63","34807428"
"chr1","36081963","36082274","KN294987v1","566270","566578","29","35515693"
"chr1","36090692","36091015","KN294987v1","574048","574359","44","35516644"
"chr1","36138821","36138907","KN294987v1","622681","622768","12","35516140"
"chr1","36138908","36139035","KN294372v1","1824116","1824245","15","34314792"
"chr1","36139549","36139815","KN294987v1","623411","623688","37","35516138"
"chr1","36181073","36181351","KN296609v1","672398","672674","37","35508675"
"chr1","36199375","36199677","KN295983v1","1536250","1536551","38","34663125"
"chr1","36210478","36210766","KN295225v1","852978","853269","42","35357500"
"chr1","36240868","36241133","KN296449v1","822","1085","33","36240046"
"chr1","36249636","36249958","KN294987v1","733744","734050","61","35515892"
"chr1","36262073","36262366","KN294987v1","745181","745475","22","35516892"
"chr1","36268480","36268789","KN294187v1","1813627","1813934","36","34454853"
"chr1","36270662","36270949","KN297165v1","1143723","1144010","29","35126939"
"chr1","36282720","36283023","KN294218v1","2831459","2831758","35","33451261"
"chr1","36308563","36308875","KN297171v1","1815011","1815317","41","34493552"
"chr1","36349631","36349911","KN297095v1","512490","512777","41","35837141"
"chr1","36406065","36406289","KN296296v1","69949","70169","39","36336116"
"chr1","36410900","36411190","KN294416v1","208870","209165","40","36202030"
"chr1","36411251","36411558","KN296158v1","692023","692317","52","35719228"
"chr1","36433904","36434119","KN296210v1","302934","303147","35","36130970"
"chr1","36434423","36434506","KN295315v1","750131","750212","18","35684292"
"chr1","36443179","36443486","KN294987v1","919934","920239","41","35523245"
"chr1","36452546","36452849","KN294181v1","1399214","1399517","46","35053332"
"chr1","36488764","36489053","KN296435v1","3246212","3246499","40","33242552"
"chr1","36491852","36492132","KN296306v1","292930","293205","53","36198922"
"chr1","36495000","36495298","KN294911v1","1972976","1973275","33","34522024"
"chr1","36530557","36530820","KN295523v1","3618519","3618784","35","32912038"
"chr1","36532737","36533045","KN295371v1","227443","227744","38","36305294"
"chr1","36591282","36591580","KN294987v1","1065221","1065517","27","35526061"
"chr1","36604352","36604654","KN294326v1","327627","327928","38","36276725"
"chr1","36610845","36611143","KN297165v1","47565","47861","32","36563280"
"chr1","36664718","36665013","KN294456v1","669764","670055","38","35994954"
"chr1","36702585","36702882","KN297197v1","173467","173764","30","36529118"
"chr1","36705120","36705210","KN296442v1","707947","708040","14","35997173"
"chr1","36708306","36708602","KN296404v1","106219","106515","34","36602087"
"chr1","36720255","36720559","KN294407v1","855008","855306","38","35865247"
"chr1","36727777","36728083","KN297367v1","171251","171554","41","36556526"
"chr1","36808300","36808577","KN297323v1","170691","170981","39","36637609"
"chr1","36888181","36888412","KN294325v1","1309870","1310113","37","35578311"
"chr1","36922768","36923020","KN294911v1","1958010","1958259","29","34964758"
"chr1","36951372","36951680","KN294848v1","1046524","1046833","33","35904848"
"chr1","36989576","36989884","KN295114v1","20941","21251","35","36968635"
"chr1","37111971","37112279","KN294287v1","843227","843524","51","36268744"
"chr1","37321443","37321743","KN294874v1","934343","934646","39","36387100"
"chr1","37493371","37493667","KN295459v1","1614660","1614952","28","35878711"
"chr1","37555660","37555946","KN294536v1","1607732","1608024","41","35947928"
"chr1","37610588","37610896","KN294407v1","2827717","2828029","39","34782871"
"chr1","37671306","37671608","KN294758v1","2061074","2061376","39","35610232"
"chr1","37721136","37721436","KN295487v1","116632","116933","36","37604504"
"chr1","37724447","37724758","KN294187v1","1346864","1347175","37","36377583"
"chr1","37733274","37733578","KN295045v1","1082111","1082418","40","36651163"
"chr1","37743162","37743456","KN295984v1","974577","974872","37","36768585"
"chr1","37744092","37744168","KN295004v1","76648","76734","20","37667444"
"chr1","37746676","37746978","KN294260v1","2256979","2257275","52","35489697"
"chr1","37752729","37753036","KN294539v1","2320327","2320629","42","35432402"
"chr1","37757284","37757577","KN297323v1","170691","170981","39","37586593"
"chr1","37793817","37794094","KN296775v1","1126442","1126712","44","36667375"
"chr1","37794899","37795163","KN294172v1","2999478","2999758","45","34795421"
"chr1","37886771","37887064","KN295526v1","218147","218440","34","37668624"
"chr1","37896093","37896401","KN294717v1","373979","374286","41","37522114"
"chr1","37916178","37916468","KN297190v1","4000420","4000702","47","33915758"
"chr1","37967739","37968064","KN294199v1","87972","88297","43","37879767"
"chr1","37969741","37969998","KN297452v1","1345867","1346126","39","36623874"
"chr1","38002831","38003135","KN294372v1","2180211","2180523","46","35822620"
"chr1","38063081","38063356","KN296311v1","567375","567646","38","37495706"
"chr1","38075970","38076273","KN294172v1","4761492","4761794","35","33314478"
"chr1","38174230","38174528","KN295090v1","1657716","1658013","36","36516514"
"chr1","38231026","38231321","KN297230v1","1127269","1127564","35","37103757"
"chr1","38239350","38239659","KN295869v1","284557","284865","34","37954793"
"chr1","38300110","38300397","KN296153v1","3677943","3678242","38","34622167"
"chr1","38315869","38316179","KN297386v1","1846049","1846362","35","36469820"
"chr1","38411545","38411779","KN295243v1","357971","358207","29","38053574"
"chr1","38553778","38554071","KN296588v1","801180","801474","27","37752598"
"chr1","38565407","38565692","KN295091v1","1934032","1934321","38","36631375"
"chr1","38618638","38618852","KN294181v1","770602","770810","33","37848036"
"chr1","38619799","38620112","KN297125v1","33783","34096","35","38586016"
"chr1","38668318","38668626","KN295667v1","1687893","1688204","39","36980425"
"chr1","38670606","38670902","KN294842v1","1112068","1112365","39","37558538"
"chr1","38742009","38742283","KN296677v1","273898","274172","36","38468111"
"chr1","38774035","38774352","KN294262v1","369886","370196","55","38404149"
"chr1","38802846","38803137","KN294995v1","61376","61672","37","38741470"
"chr1","38838759","38839014","KN297164v1","115022","115274","38","38723737"
"chr1","39064341","39064638","KN296404v1","106219","106515","33","38958122"
"chr1","39066283","39066593","KN295114v1","20941","21251","36","39045342"
"chr1","39114045","39114336","KN294630v1","494261","494558","38","38619784"
"chr1","39139265","39139559","KN294407v1","2733858","2734151","30","36405407"
"chr1","39143252","39143565","KN295059v1","336835","337145","36","38806417"
"chr1","39151640","39151938","KN295257v1","1087444","1087739","34","38064196"
"chr1","39160611","39160911","KN294758v1","2177308","2177606","40","36983303"
"chr1","39174305","39174617","KN295114v1","20941","21251","38","39153364"
"chr1","39214676","39214811","KN296119v1","3494836","3494965","18","35719840"
"chr1","39215638","39215939","KN294365v1","795012","795312","41","38420626"
"chr1","39216532","39216835","KN294873v1","1327978","1328280","34","37888554"
"chr1","39230440","39230733","KN295907v1","1253096","1253393","40","37977344"
"chr1","39242559","39242947","KN295758v1","797010","797368","108","38445549"
"chr1","39276325","39276632","KN296485v1","429084","429391","36","38847241"
"chr1","39292892","39293186","KN294536v1","1607732","1608024","45","37685160"
"chr1","39298946","39299254","KN295667v1","1687893","1688204","35","37611053"
"chr1","39311422","39311728","KN294856v1","159768","160063","46","39151654"
"chr1","39323834","39324134","KN296153v1","3677943","3678242","34","35645891"
"chr1","39329046","39329341","KN296759v1","638542","638840","33","38690504"
"chr1","39332372","39332678","KN296934v1","897698","898003","35","38434674"
"chr1","39336381","39336686","KN294385v1","335685","335986","33","39000696"
"chr1","39339179","39339478","KN295995v1","1982332","1982629","40","37356847"
"chr1","39361177","39361482","KN296934v1","897698","898003","33","38463479"
"chr1","39393574","39393894","KN296486v1","1315197","1315517","35","38078377"
"chr1","39414690","39414986","KN296635v1","2198541","2198839","36","37216149"
"chr1","39430300","39430589","KN295225v1","852978","853269","36","38577322"
"chr1","39456282","39456571","KN295352v1","616838","617123","47","38839444"
"chr1","39492815","39493093","KN295523v1","4195930","4196206","38","35296885"
"chr1","39509595","39509880","KN296877v1","495365","495644","37","39014230"
"chr1","39521806","39522088","KN295898v1","700353","700647","46","38821453"
"chr1","39554178","39554485","KN295480v1","1386203","1386502","35","38167975"
"chr1","39578875","39579175","KN296357v1","356792","357093","30","39222083"
"chr1","39606791","39607088","KN294705v1","1099733","1100029","43","38507058"
"chr1","39633370","39633550","KN294172v1","4291556","4291738","30","35341814"
"chr1","39662773","39663067","KN296311v1","7650126","7650419","32","32012647"
"chr1","39704915","39705208","KN294456v1","96834","97129","40","39608081"
"chr1","39734358","39734650","KN294825v1","98541","98834","43","39635817"
"chr1","39754799","39755089","KN297314v1","117021","117312","35","39637778"
"chr1","39789006","39789272","KN296117v1","531915","532188","51","39257091"
"chr1","39799928","39800191","KN294218v1","2770774","2771040","38","37029154"
"chr1","39811747","39812053","KN295984v1","868891","869195","37","38942856"
"chr1","39812493","39812745","KN296065v1","54144","54403","32","39758349"
"chr1","39814178","39814430","KN296065v1","54144","54403","31","39760034"
"chr1","39859316","39859636","KN294264v1","371563","371884","39","39487753"
"chr1","39877730","39878069","KN294469v1","517928","518265","55","39359802"
"chr1","39897301","39897611","KN295171v1","869545","869845","37","39027756"
"chr1","39963554","39963847","KN294407v1","2733858","2734151","36","37229696"
"chr1","39997249","39997551","KN297367v1","171251","171554","30","39825998"
"chr1","40004146","40004435","KN297165v1","1143723","1144010","27","38860423"
"chr1","40005972","40006261","KN297165v1","1143723","1144010","26","38862249"
"chr1","40022463","40022749","KN295441v1","485205","485492","37","39537258"
"chr1","40032643","40032934","KN295077v1","585208","585503","40","39447435"
"chr1","40042435","40042720","KN295692v1","3669223","3669509","44","36373212"
"chr1","40065342","40065636","KN296244v1","86518","86815","34","39978824"
"chr1","40065932","40066243","KN294387v1","2599087","2599393","38","37466845"
"chr1","40164013","40164318","KN296557v1","607512","607820","39","39556501"
"chr1","40169230","40169521","KN294536v1","1607732","1608024","36","38561498"
"chr1","40197990","40198273","KN296661v1","1303368","1303652","37","38894622"
"chr1","40201433","40201744","KN295633v1","264317","264628","35","39937116"
"chr1","40204439","40204758","KN295171v1","675269","675580","42","39529170"
"chr1","40218438","40218744","KN294172v1","6860683","6860986","35","33357755"
"chr1","40227517","40227825","KN295367v1","57325","57637","39","40170192"
"chr1","40286709","40286914","KN294520v1","611114","611311","56","39675595"
"chr1","40288621","40288932","KN294365v1","836716","837022","40","39451905"
"chr1","40302092","40302382","KN294407v1","815182","815470","40","39486910"
"chr1","40308278","40308594","KN295090v1","276264","276560","52","40032014"
"chr1","40360319","40360620","KN294457v1","1379597","1379899","37","38980722"
"chr1","40395297","40395588","KN295225v1","852978","853269","41","39542319"
"chr1","40397893","40398158","KN297203v1","250187","250449","38","40147706"
"chr1","40411577","40411746","KN295987v1","271542","271712","22","40140035"
"chr1","40416511","40416825","KN295717v1","387526","387825","39","40028985"
"chr1","40456822","40457106","KN296508v1","1602466","1602759","56","38854356"
"chr1","40486445","40486740","KN297219v1","434860","435161","39","40051585"
"chr1","40505631","40505945","KN297154v1","904397","904699","46","39601234"
"chr1","40514137","40514423","KN294911v1","4407890","4408189","48","36106247"
"chr1","40516307","40516544","KN295607v1","2239036","2239274","37","38277271"
"chr1","40548395","40548693","KN296404v1","106219","106515","32","40442176"
"chr1","40574665","40574945","KN296474v1","233849","234136","43","40340816"
"chr1","40580624","40580904","KN295294v1","1554269","1554556","39","39026355"
"chr1","40582751","40583040","KN295721v1","197604","197890","38","40385147"
"chr1","40608824","40609115","KN294561v1","810685","810981","35","39798139"
"chr1","40623212","40623522","KN294407v1","2599527","2599837","37","38023685"
"chr1","40634645","40634955","KN295236v1","1933608","1933916","40","38701037"
"chr1","40635856","40636155","KN295607v1","4479027","4479333","39","36156829"
"chr1","40641256","40641550","KN294561v1","296837","297132","34","40344419"
"chr1","40651472","40651763","KN296096v1","3183138","3183434","39","37468334"
"chr1","40668648","40668955","KN295114v1","20941","21251","30","40647707"
"chr1","40671668","40671971","KN294501v1","353047","353356","43","40318621"
"chr1","40721197","40721490","KN296404v1","106219","106515","39","40614978"
"chr1","40730712","40731007","KN294911v1","3820095","3820391","50","36910617"
"chr1","40765739","40766042","KN294218v1","1633132","1633430","40","39132607"
"chr1","40794367","40794669","KN295343v1","995447","995750","31","39798920"
"chr1","40855869","40856180","KN296821v1","203266","203572","35","40652603"
"chr1","40856205","40856515","KN294451v1","576228","576536","35","40279977"
"chr1","40868172","40868466","KN296883v1","2840717","2841010","31","38027455"
"chr1","40903860","40904194","KN295666v1","288626","288934","54","40615234"
"chr1","40980404","40980707","KN295236v1","4576569","4576870","29","36403835"
"chr1","40991025","40991324","KN294630v1","494261","494558","40","40496764"
"chr1","40992486","40992793","KN296311v1","5092316","5092620","39","35900170"
"chr1","41120085","41120390","KN294717v1","373979","374286","35","40746106"
"chr1","41139875","41140117","KN294486v1","585631","585878","29","40554244"
"chr1","41161203","41161503","KN296357v1","706115","706421","35","40455088"
"chr1","41192388","41192690","KN296153v1","3677943","3678242","27","37514445"
"chr1","41208335","41208624","KN294251v1","2057577","2057867","34","39150758"
"chr1","41248604","41248957","KN296311v1","4383833","4384172","65","36864771"
"chr1","41258951","41259259","KN294407v1","2595440","2595750","38","38663511"
"chr1","41283182","41283493","KN297133v1","419676","419981","42","40863506"
"chr1","41543733","41543993","KN297242v1","157225","157487","40","41386508"
"chr1","41611339","41611650","KN294705v1","477337","477650","34","41134002"
"chr1","41798072","41798377","KN295350v1","243779","244085","32","41554293"
"chr1","41949153","41949394","KN295304v1","263352","263587","31","41685801"
"chr1","41962997","41963306","KN294848v1","1020772","1021081","39","40942225"
"chr1","42002167","42002477","KN296864v1","98766","99074","27","41903401"
"chr1","42033057","42033362","KN294873v1","1327978","1328280","41","40705079"
"chr1","42099088","42099381","KN297366v1","2993174","2993469","32","39105914"
"chr1","42138244","42138371","KN297008v1","3595513","3595635","19","38542731"
"chr1","42138766","42138926","KN294592v1","1210286","1210432","35","40928480"
"chr1","42139754","42139892","KN296864v1","234442","234573","16","41905312"
"chr1","42416628","42416939","KN296864v1","523391","523700","36","41893237"
"chr1","42421479","42421786","KN296864v1","528774","529081","27","41892705"
"chr1","42466517","42466811","KN295375v1","1178984","1179264","52","41287533"
"chr1","42599433","42599729","KN294385v1","18712","19011","32","42580721"
"chr1","42607234","42607541","KN294387v1","2599087","2599393","41","40008147"
"chr1","42629172","42629469","KN294710v1","66145","66442","44","42563027"
"chr1","42633274","42633571","KN296864v1","730972","731274","33","41902302"
"chr1","42659404","42659711","KN296864v1","758980","759310","46","41900424"
"chr1","42671320","42671620","KN296153v1","3677943","3678242","40","38993377"
"chr1","42708622","42708930","KN294647v1","185825","186131","36","42522797"
"chr1","42709586","42709883","KN296864v1","812472","812770","23","41897114"
"chr1","42774393","42774707","KN296864v1","873929","874236","32","41900464"
"chr1","42824155","42824446","KN295995v1","1426233","1426527","35","41397922"
"chr1","42845070","42845379","KN296864v1","949310","949627","33","41895760"
"chr1","42899475","42899778","KN296864v1","999128","999415","32","41900347"
"chr1","42960331","42960496","KN294260v1","301269","301426","28","42659062"
"chr1","43008418","43008704","KN295523v1","3974463","3974753","31","39033955"
"chr1","43046625","43046922","KN296864v1","1145234","1145525","23","41901391"
"chr1","43066529","43066839","KN294717v1","373979","374286","40","42692550"
"chr1","43083629","43083907","KN296682v1","1906340","1906636","48","41177289"
"chr1","43092271","43092565","KN296864v1","1192901","1193197","28","41899370"
"chr1","43121122","43121423","KN295983v1","1536250","1536551","25","41584872"
"chr1","43153990","43154299","KN294790v1","1555084","1555390","41","41598906"
"chr1","43158779","43159085","KN295034v1","63947","64249","35","43094832"
"chr1","43190524","43190821","KN294181v1","810707","811001","36","42379817"
"chr1","43272665","43272957","KN295225v1","852978","853269","30","42419687"
"chr1","43291127","43291413","KN296311v1","715482","715765","33","42575645"
"chr1","43314060","43314359","KN296864v1","1403245","1403539","23","41910815"
"chr1","43352748","43353056","KN296864v1","1443973","1444284","27","41908775"
"chr1","43356208","43356480","KN297219v1","2564555","2564824","34","40791653"
"chr1","43479485","43479791","KN295667v1","1687893","1688204","40","41791592"
"chr1","43584975","43585281","KN294501v1","104788","105092","30","43480187"
"chr1","43603655","43603964","KN294445v1","703529","703839","39","42900126"
"chr1","43687467","43687775","KN296495v1","725775","726081","39","42961692"
"chr1","43909196","43909507","KN296864v1","2130105","2130415","47","41779091"
"chr1","43915407","43915675","KN296589v1","422273","422542","52","43493134"
"chr1","43926922","43927210","KN296864v1","2146661","2146948","34","41780261"
"chr1","43951839","43952105","KN296864v1","2171975","2172245","24","41779864"
"chr1","43960230","43960540","KN296864v1","2181521","2181818","37","41778709"
"chr1","43962833","43962885","KN296507v1","905607","905659","5","43057226"
"chr1","43969386","43969693","KN296153v1","3677943","3678242","34","40291443"
"chr1","43971527","43971826","KN296864v1","2192453","2192750","18","41779074"
"chr1","44032607","44032910","KN294536v1","1859228","1859530","44","42173379"
"chr1","44040310","44040603","KN297078v1","312102","312402","40","43728208"
"chr1","44070990","44071288","KN295112v1","343212","343513","42","43727778"
"chr1","44096619","44096913","KN295450v1","326855","327153","37","43769764"
"chr1","44100314","44100606","KN296825v1","470030","470325","34","43630284"
"chr1","44169764","44170069","KN296019v1","434249","434555","37","43735515"
"chr1","44187063","44187364","KN294995v1","61376","61672","39","44125687"
"chr1","44212343","44212652","KN295983v1","1536250","1536551","37","42676093"
"chr1","44312595","44312865","KN296864v1","2548524","2548773","42","41764071"
"chr1","44350881","44351183","KN296864v1","2587162","2587463","23","41763719"
"chr1","44364538","44364833","KN294470v1","2729657","2729960","34","41634881"
"chr1","44416398","44416693","KN295984v1","974577","974872","35","43441821"
"chr1","44432108","44432406","KN296864v1","2681250","2681547","19","41750858"
"chr1","44441165","44441490","KN296883v1","3778836","3779153","46","40662329"
"chr1","44489364","44489452","KN294987v1","622681","622768","18","43866683"
"chr1","44522169","44522401","KN296386v1","748810","749029","67","43773359"
"chr1","44704102","44704407","KN296864v1","2947632","2947935","27","41756470"
"chr1","44708872","44709189","KN296864v1","2951470","2951791","27","41757402"
"chr1","44713927","44714233","KN295114v1","20941","21251","30","44692986"
"chr1","44808142","44808449","KN296290v1","702538","702843","40","44105604"
"chr1","44827043","44827348","KN296153v1","3677943","3678242","40","41149100"
"chr1","44830085","44830388","KN294501v1","104788","105092","35","44725297"
"chr1","44830765","44831066","KN295413v1","22638","22943","39","44808127"
"chr1","44920876","44921129","KN296864v1","3162488","3162754","42","41758388"
"chr1","44929064","44929366","KN296864v1","3170660","3170975","37","41758404"
"chr1","44934390","44934681","KN294229v1","72819","73113","34","44861571"
"chr1","44937933","44938227","KN297230v1","1127269","1127564","33","43810664"
"chr1","45060985","45061294","KN294717v1","373979","374286","28","44687006"
"chr1","45063752","45064088","KN294444v1","214254","214566","84","44849498"
"chr1","45101847","45102150","KN294747v1","778077","778373","39","44323770"
"chr1","45114241","45114529","KN296153v1","3624987","3625279","41","41489254"
"chr1","45168316","45168621","KN296859v1","895216","895514","40","44273100"
"chr1","45176630","45176936","KN294387v1","2599087","2599393","34","42577543"
"chr1","45180805","45181071","KN296859v1","1784752","1785017","42","43396053"
"chr1","45193992","45194302","KN296934v1","897698","898003","31","44296294"
"chr1","45203959","45204213","KN295758v1","865842","866093","40","44338117"
"chr1","45245134","45245426","KN295459v1","1614660","1614952","36","43630474"
"chr1","45258412","45258710","KN296864v1","2681250","2681547","33","42577162"
"chr1","45262140","45262437","KN296852v1","50353","50650","37","45211787"
"chr1","45305432","45305714","KN295343v1","11922","12203","37","45293510"
"chr1","45315091","45315384","KN296157v1","1620855","1621149","33","43694236"
"chr1","45330540","45330826","KN296311v1","4110039","4110330","33","41220501"
"chr1","45473366","45473641","KN294457v1","201551","201839","50","45271815"
"chr1","45485990","45486300","KN294229v1","205014","205325","37","45280976"
"chr1","45503002","45503299","KN294571v1","2791374","2791676","41","42711628"
"chr1","45603857","45604127","KN296496v1","355776","356054","50","45248081"
"chr1","45614305","45614610","KN295441v1","1782819","1783123","25","43831486"
"chr1","45628803","45629074","KN296609v1","672398","672674","35","44956405"
"chr1","45661295","45661603","KN295441v1","1734027","1734332","28","43927268"
"chr1","45672399","45672685","KN295441v1","1712359","1712645","13","43960040"
"chr1","45687985","45688279","KN295441v1","1697530","1697824","28","43990455"
"chr1","45703117","45703381","KN296833v1","400791","401052","34","45302326"
"chr1","45705674","45705992","KN294187v1","377594","377903","43","45328080"
"chr1","45716435","45716738","KN294917v1","618557","618860","28","45097878"
"chr1","45716776","45717074","KN295441v1","1669072","1669371","21","44047704"
"chr1","45737702","45738020","KN295059v1","336835","337145","55","45400867"
"chr1","45739373","45739641","KN295441v1","1649269","1649526","26","44090104"
"chr1","45752752","45753062","KN295114v1","20941","21251","38","45731811"
"chr1","45761986","45762280","KN295441v1","1627782","1628068","28","44134204"
"chr1","45771678","45771969","KN295814v1","521897","522187","29","45249781"
"chr1","45813818","45814135","KN295441v1","1572901","1573218","27","44240917"
"chr1","45826662","45826957","KN294462v1","73428","73721","34","45753234"
"chr1","45837262","45837565","KN295441v1","1543882","1544189","33","44293380"
"chr1","45837883","45838186","KN294444v1","165242","165552","44","45672641"
"chr1","45838670","45838980","KN295906v1","230171","230481","40","45608499"
"chr1","45855016","45855313","KN295350v1","405055","405352","30","45449961"
"chr1","45858108","45858411","KN296991v1","769053","769350","47","45089055"
"chr1","45871778","45872088","KN294499v1","1188346","1188643","59","44683432"
"chr1","45879260","45879553","KN295441v1","1502584","1502878","24","44376676"
"chr1","45881825","45882128","KN296381v1","91265","91569","36","45790560"
"chr1","45892696","45892992","KN295441v1","1489275","1489572","27","44403421"
"chr1","45911443","45911748","KN295441v1","1478343","1478648","21","44433100"
"chr1","45911753","45912060","KN294456v1","876419","876725","33","45035334"
"chr1","45931230","45931487","KN294540v1","886155","886414","30","45045075"
"chr1","45946673","45946966","KN295441v1","1445772","1446077","40","44500901"
"chr1","45949624","45949917","KN295441v1","1445772","1446077","40","44503852"
"chr1","45989389","45989693","KN297019v1","695366","695673","39","45294023"
"chr1","46053150","46053429","KN295441v1","1329285","1329560","25","44723865"
"chr1","46056410","46056711","KN295441v1","1325999","1326299","29","44730411"
"chr1","46084938","46085246","KN295441v1","1302687","1302990","30","44782251"
"chr1","46122176","46122463","KN296869v1","163530","163820","37","45958646"
"chr1","46123493","46123796","KN296934v1","897698","898003","34","45225795"
"chr1","46135396","46135701","KN294711v1","676080","676382","33","45459316"
"chr1","46138045","46138339","KN295633v1","2045524","2045817","30","44092521"
"chr1","46150452","46150762","KN295441v1","1234116","1234427","31","44916336"
"chr1","46173377","46173676","KN295090v1","56526","56822","36","46116851"
"chr1","46174425","46174678","KN294385v1","889872","890112","53","45284553"
"chr1","46178854","46179155","KN295236v1","4576569","4576870","31","41602285"
"chr1","46190121","46190415","KN295761v1","204621","204928","46","45985500"
"chr1","46220767","46221063","KN297000v1","300195","300489","27","45920572"
"chr1","46230151","46230461","KN295441v1","1127108","1127418","25","45103043"
"chr1","46278399","46278704","KN294407v1","93660","93961","37","46184739"
"chr1","46280043","46280329","KN295441v1","1076357","1076640","28","45203686"
"chr1","46295038","46295349","KN295441v1","1062298","1062599","39","45232740"
"chr1","46341988","46342260","KN295936v1","30401","30674","39","46311587"
"chr1","46416344","46416643","KN295441v1","949339","949635","32","45467005"
"chr1","46416790","46417087","KN295580v1","1390","1690","33","46415400"
"chr1","46465070","46465368","KN295983v1","1536250","1536551","27","44928820"
"chr1","46507418","46507725","KN295441v1","854278","854581","24","45653140"
"chr1","46518982","46519283","KN295441v1","841552","841857","30","45677430"
"chr1","46532700","46532812","KN296833v1","364639","364749","13","46168061"
"chr1","46576315","46576611","KN296732v1","2333397","2333694","48","44242918"
"chr1","46577098","46577390","KN295441v1","783331","783622","33","45793767"
"chr1","46583836","46584142","KN295441v1","776067","776373","19","45807769"
"chr1","46586829","46587118","KN295039v1","409877","410171","49","46176952"
"chr1","46597547","46597852","KN294717v1","373979","374286","32","46223568"
"chr1","46617607","46617914","KN295441v1","742271","742573","20","45875336"
"chr1","46638567","46638874","KN296357v1","706115","706421","32","45932452"
"chr1","46643334","46643627","KN295441v1","715258","715546","28","45928076"
"chr1","46649302","46649595","KN295441v1","709277","709572","22","45940025"
"chr1","46685397","46685706","KN295708v1","1599062","1599372","34","45086335"
"chr1","46717074","46717368","KN294987v1","439387","439694","42","46277687"
"chr1","46798166","46798472","KN296040v1","628497","628798","50","46169669"
"chr1","46880624","46880921","KN295441v1","497209","497508","35","46383415"
"chr1","46891578","46891871","KN295441v1","486767","487072","32","46404811"
"chr1","46893137","46893438","KN297367v1","171251","171554","35","46721886"
"chr1","47079089","47079383","KN294346v1","271830","272127","32","46807259"
"chr1","47089994","47090315","KN297205v1","331678","331992","46","46758316"
"chr1","47121219","47121516","KN295441v1","262501","262791","20","46858718"
"chr1","47334404","47334713","KN296278v1","35085","35393","44","47299319"
"chr1","47471348","47471660","KN294668v1","3401387","3401699","44","44069961"
"chr1","47539107","47539409","KN297133v1","1085310","1085610","38","46453797"
"chr1","47561869","47562172","KN296934v1","897698","898003","33","46664171"
"chr1","47571292","47571601","KN296357v1","706115","706421","33","46865177"
"chr1","47580189","47580227","KN294548v1","925285","925325","16","46654904"
"chr1","47580686","47580942","KN295430v1","1606937","1607192","36","45973749"
"chr1","47616472","47616741","KN296588v1","521340","521610","36","47095132"
"chr1","47646586","47646884","KN296682v1","1906340","1906636","38","45740246"
"chr1","47654688","47655004","KN295983v1","1888452","1888765","38","45766236"
"chr1","47673478","47673562","KN296573v1","17183","17267","15","47656295"
"chr1","47678003","47678261","KN294540v1","886155","886414","36","46791848"
"chr1","47682241","47682534","KN295633v1","131503","131796","37","47550738"
"chr1","47727730","47728016","KN295623v1","97006","97286","42","47630724"
"chr1","47822681","47822976","KN294588v1","494059","494353","37","47328622"
"chr1","47835455","47835754","KN294439v1","72624","72920","33","47762831"
"chr1","48031873","48032184","KN295667v1","1687893","1688204","31","46343980"
"chr1","48750845","48751113","KN296825v1","1618311","1618582","49","47132534"
"chr1","48773887","48774178","KN294662v1","79885","80185","46","48694002"
"chr1","48785563","48785848","KN295637v1","466454","466740","48","48319109"
"chr1","48968154","48968410","KN294978v1","1135355","1135603","48","47832799"
"chr1","48973629","48973922","KN296635v1","2198541","2198839","39","46775088"
"chr1","49141805","49142107","KN295814v1","30514","30812","33","49111291"
"chr1","49344614","49344919","KN296759v1","638542","638840","44","48706072"
"chr1","49366697","49366990","KN296063v1","954199","954491","38","48412498"
"chr1","49389756","49390056","KN296153v1","3677943","3678242","37","45711813"
"chr1","49555603","49555908","KN296934v1","897698","898003","35","48657905"
"chr1","50034866","50035176","KN296036v1","2286487","2286798","32","47748379"
"chr1","50231166","50231463","KN295744v1","643156","643450","38","49588010"
"chr1","50330388","50330680","KN294739v1","616485","616779","39","49713903"
"chr1","50706333","50706628","KN294848v1","1408889","1409183","31","49297444"
"chr1","50862896","50863188","KN295995v1","1426233","1426527","39","49436663"
"chr1","50961156","50961462","KN296404v1","106219","106515","43","50854937"
"chr1","50965270","50965560","KN295633v1","131503","131796","36","50833767"
"chr1","50991539","50991844","KN295114v1","20941","21251","36","50970598"
"chr1","50995807","50996108","KN296153v1","3677943","3678242","44","47317864"
"chr1","51014609","51014917","KN295893v1","2469804","2470113","38","48544805"
"chr1","51019999","51020157","KN297304v1","404178","404342","30","50615821"
"chr1","51021103","51021178","KN297154v1","1253331","1253406","11","49767772"
"chr1","51022183","51022483","KN294777v1","639495","639783","29","50382688"
"chr1","51043317","51043626","KN294777v1","659824","660128","20","50383493"
"chr1","51047589","51047890","KN296859v1","1719114","1719417","38","49328475"
"chr1","51048684","51048992","KN294372v1","2133575","2133869","61","48915109"
"chr1","51062591","51062840","KN294540v1","886155","886414","35","50176436"
"chr1","51091284","51091581","KN294662v1","79885","80185","36","51011399"
"chr1","51096572","51096713","KN294668v1","2179035","2179176","14","48917537"
"chr1","51104631","51104939","KN294777v1","718820","719120","30","50385811"
"chr1","51113154","51113467","KN295577v1","141463","141762","49","50971691"
"chr1","51133145","51133443","KN296635v1","2359320","2359617","35","48773825"
"chr1","51138929","51139235","KN294777v1","751157","751455","23","50387772"
"chr1","51161882","51162200","KN296557v1","1135935","1136250","43","50025947"
"chr1","51177607","51177901","KN295995v1","1426233","1426527","33","49751374"
"chr1","51242450","51242749","KN296153v1","3677943","3678242","33","47564507"
"chr1","51294169","51294480","KN294387v1","2599087","2599393","39","48695082"
"chr1","51384050","51384389","KN295930v1","722077","722411","60","50661973"
"chr1","51384416","51384714","KN294240v1","39786","40084","50","51344630"
"chr1","51404071","51404383","KN295236v1","5890446","5890745","42","45513625"
"chr1","51412474","51412766","KN294932v1","178844","179137","51","51233630"
"chr1","51457404","51457702","KN295907v1","1253096","1253393","33","50204308"
"chr1","51461610","51461911","KN296577v1","32263","32581","34","51429347"
"chr1","51484729","51485017","KN296577v1","60488","60779","30","51424241"
"chr1","51498604","51498904","KN295758v1","997500","997807","35","50501104"
"chr1","51510695","51511010","KN294172v1","2551970","2552279","59","48958725"
"chr1","51543930","51544216","KN294842v1","908980","909270","40","50634950"
"chr1","51556911","51557222","KN294269v1","999320","999630","39","50557591"
"chr1","51571338","51571636","KN296153v1","3677943","3678242","28","47893395"
"chr1","51577695","51577985","KN297165v1","1143723","1144010","40","50433972"
"chr1","51608186","51608491","KN294457v1","1379597","1379899","37","50228589"
"chr1","51627345","51627655","KN296577v1","204418","204724","41","51422927"
"chr1","51654548","51654844","KN294172v1","4478214","4478504","47","47176334"
"chr1","51716319","51716603","KN296316v1","286448","286738","39","51429871"
"chr1","51753063","51753362","KN296153v1","3677943","3678242","36","48075120"
"chr1","51753975","51754277","KN294387v1","2599087","2599393","31","49154888"
"chr1","51792027","51792323","KN297276v1","260802","261098","31","51531225"
"chr1","51825343","51825638","KN294439v1","72624","72920","31","51752719"
"chr1","51868810","51868975","KN296557v1","921510","921675","26","50947300"
"chr1","51869450","51869759","KN296335v1","187278","187590","43","51682172"
"chr1","51883854","51884153","KN296577v1","446160","446472","39","51437694"
"chr1","52006818","52007139","KN295284v1","137918","138241","52","51868900"
"chr1","52075697","52075993","KN296357v1","356792","357093","36","51718905"
"chr1","52094273","52094569","KN296865v1","906008","906304","31","51188265"
"chr1","52160247","52160519","KN296311v1","4315843","4316111","45","47844404"
"chr1","52217751","52218049","KN296588v1","1228829","1229131","36","50988922"
"chr1","52326365","52326658","KN295308v1","2248993","2249293","36","50077372"
"chr1","52365245","52365528","KN296577v1","918553","918841","38","51446692"
"chr1","52414474","52414774","KN297008v1","5485230","5485530","29","46929244"
"chr1","52415037","52415348","KN295112v1","343212","343513","41","52071825"
"chr1","52479826","52480109","KN295523v1","1101356","1101654","48","51378470"
"chr1","52482439","52482737","KN296404v1","106219","106515","32","52376220"
"chr1","52487881","52488162","KN295185v1","76347","76625","55","52411534"
"chr1","52491046","52491350","KN296357v1","706115","706421","27","51784931"
"chr1","52512678","52512963","KN294407v1","83059","83350","33","52429619"
"chr1","52516141","52516447","KN295022v1","123209","123517","33","52392932"
"chr1","52524922","52525217","KN294407v1","93660","93961","32","52431262"
"chr1","52660821","52661044","KN294539v1","11762","11974","44","52649059"
"chr1","52662224","52662521","KN294407v1","2733858","2734151","39","49928366"
"chr1","52677509","52677814","KN294407v1","236625","236937","34","52440884"
"chr1","52690370","52690669","KN294407v1","249623","249924","28","52440747"
"chr1","52712596","52712888","KN294407v1","270000","270288","30","52442596"
"chr1","52718710","52719010","KN294407v1","276190","276492","23","52442520"
"chr1","52721983","52722294","KN295725v1","1996226","1996536","43","50725757"
"chr1","52732939","52733252","KN296158v1","1672506","1672810","49","51060433"
"chr1","52798413","52798686","KN294970v1","347490","347773","39","52450923"
"chr1","52827836","52827944","KN296117v1","86443","86544","21","52741393"
"chr1","52865631","52865933","KN295047v1","44235","44544","44","52821396"
"chr1","52879196","52879489","KN294407v1","431073","431365","29","52448123"
"chr1","52905526","52905827","KN297095v1","2087459","2087755","43","50818067"
"chr1","52912934","52913239","KN294407v1","466494","466799","18","52446440"
"chr1","52933278","52933581","KN296357v1","356792","357093","35","52576486"
"chr1","52939472","52939761","KN296643v1","79643","79927","38","52859829"
"chr1","52973674","52973955","KN294407v1","527200","527485","29","52446474"
"chr1","53030181","53030476","KN297046v1","2562618","2562921","43","50467563"
"chr1","53079811","53080117","KN294407v1","639140","639451","32","52440671"
"chr1","53092003","53092287","KN294407v1","651641","651930","21","52440362"
"chr1","53101919","53102203","KN294407v1","651641","651930","19","52450278"
"chr1","53122782","53123082","KN297133v1","419676","419981","36","52703106"
"chr1","53125793","53126086","KN294407v1","676233","676553","43","52449560"
"chr1","53126251","53126548","KN294407v1","676694","676996","32","52449557"
"chr1","53130503","53130804","KN294407v1","684394","684695","21","52446109"
"chr1","53132304","53132593","KN294407v1","686192","686479","19","52446112"
"chr1","53138226","53138588","KN295480v1","243521","243874","77","52894705"
"chr1","53160109","53160327","KN295075v1","636904","637122","31","52523205"
"chr1","53164809","53165091","KN294407v1","719054","719349","28","52445755"
"chr1","53177677","53177924","KN296557v1","404563","404804","42","52773114"
"chr1","53182561","53182853","KN294407v1","735894","736201","43","52446667"
"chr1","53189048","53189324","KN295054v1","338368","338644","42","52850680"
"chr1","53191461","53191769","KN294407v1","744396","744707","25","52447065"
"chr1","53216709","53216991","KN296834v1","411444","411724","33","52805265"
"chr1","53224049","53224356","KN294387v1","2599087","2599393","34","50624962"
"chr1","53235710","53236008","KN294218v1","1633132","1633430","40","51602578"
"chr1","53240541","53240840","KN294407v1","791028","791326","30","52449513"
"chr1","53264098","53264368","KN297467v1","106107","106378","31","53157991"
"chr1","53265097","53265401","KN294287v1","233073","233375","32","53032024"
"chr1","53270019","53270324","KN294407v1","825616","825907","36","52444403"
"chr1","53272115","53272414","KN294407v1","827877","828181","24","52444238"
"chr1","53293958","53294271","KN295501v1","1005257","1005557","59","52288701"
"chr1","53311723","53311971","KN295923v1","2244613","2244856","37","51067110"
"chr1","53324201","53324361","KN295523v1","3881043","3881198","24","49443158"
"chr1","53328040","53328337","KN294407v1","888486","888787","30","52439554"
"chr1","53385282","53385587","KN297046v1","2791168","2791468","35","50594114"
"chr1","53430654","53430959","KN295607v1","4479027","4479333","40","48951627"
"chr1","53435064","53435265","KN296306v1","2328285","2328501","40","51106779"
"chr1","53466339","53466644","KN294407v1","1035328","1035639","37","52431011"
"chr1","53493306","53493597","KN294462v1","73428","73721","30","53419878"
"chr1","53521867","53522141","KN294372v1","2275539","2275813","35","51246328"
"chr1","53566285","53566576","KN294739v1","616485","616779","36","52949800"
"chr1","53660354","53660649","KN294407v1","1227236","1227534","31","52433118"
"chr1","53674051","53674343","KN294879v1","351077","351369","39","53322974"
"chr1","53686133","53686253","KN296119v1","4358460","4358574","27","49327673"
"chr1","53892517","53892822","KN294407v1","1449534","1449837","22","52442983"
"chr1","53942429","53942723","KN297066v1","594449","594745","37","53347980"
"chr1","54241890","54242203","KN294407v1","1798126","1798428","35","52443764"
"chr1","54251373","54251655","KN296090v1","75023","75307","30","54176350"
"chr1","54251922","54252238","KN294346v1","372059","372367","44","53879863"
"chr1","54377331","54377630","KN294407v1","1931797","1932095","28","52445534"
"chr1","54379309","54379609","KN295561v1","256425","256726","39","54122884"
"chr1","54413418","54413719","KN294407v1","1965861","1966153","30","52447557"
"chr1","54415732","54416034","KN294917v1","567363","567664","33","53848369"
"chr1","54460713","54461019","KN297133v1","419676","419981","36","54041037"
"chr1","54471488","54471684","KN297099v1","419872","420079","42","54051616"
"chr1","54497357","54497655","KN296153v1","3677943","3678242","26","50819414"
"chr1","54508824","54509109","KN296180v1","671411","671696","35","53837413"
"chr1","54528320","54528620","KN295112v1","343212","343513","40","54185108"
"chr1","54628832","54629096","KN296036v1","213048","213309","37","54415784"
"chr1","54687003","54687319","KN295114v1","20941","21251","52","54666062"
"chr1","54765552","54765863","KN294717v1","373979","374286","37","54391573"
"chr1","54800252","54800552","KN294407v1","2320958","2321265","32","52479294"
"chr1","54914193","54914501","KN295362v1","1024505","1024804","38","53889688"
"chr1","54916703","54916988","KN294407v1","2440655","2440948","30","52476048"
"chr1","54921557","54921862","KN295171v1","580889","581191","38","54340668"
"chr1","54955400","54955698","KN294444v1","57733","58029","42","54897667"
"chr1","54985404","54985710","KN294407v1","2506005","2506304","32","52479399"
"chr1","54989667","54989964","KN296376v1","150750","151048","37","54838917"
"chr1","54990142","54990446","KN294387v1","2599087","2599393","37","52391055"
"chr1","54993073","54993344","KN295490v1","476948","477223","44","54516125"
"chr1","55000093","55000404","KN294239v1","378113","378422","38","54621980"
"chr1","55010893","55011202","KN294387v1","2140549","2140857","35","52870344"
"chr1","55026758","55027057","KN296153v1","3677943","3678242","37","51348815"
"chr1","55079384","55079680","KN294758v1","2189671","2189970","34","52889713"
"chr1","55083187","55083495","KN294407v1","2599527","2599837","25","52483660"
"chr1","55108028","55108186","KN295059v1","106971","107135","32","55001057"
"chr1","55108331","55108636","KN297019v1","1233639","1233939","27","53874692"
"chr1","55141701","55142000","KN295501v1","1005257","1005557","32","54136444"
"chr1","55150427","55150781","KN294469v1","251911","252249","65","54898516"
"chr1","55158798","55159090","KN296557v1","709141","709435","33","54449657"
"chr1","55173822","55174138","KN294407v1","2677491","2677798","34","52496331"
"chr1","55190758","55191062","KN294407v1","2693080","2693376","39","52497678"
"chr1","55226738","55227037","KN294407v1","2731375","2731675","25","52495363"
"chr1","55229350","55229641","KN294407v1","2733858","2734151","27","52495492"
"chr1","55234117","55234418","KN294407v1","2739427","2739722","33","52494690"
"chr1","55256759","55257060","KN294407v1","2761108","2761407","38","52495651"
"chr1","55272050","55272347","KN294399v1","151738","152035","36","55120312"
"chr1","55324116","55324407","KN296158v1","692023","692317","36","54632093"
"chr1","55332948","55333257","KN295350v1","243779","244085","39","55089169"
"chr1","55534065","55534382","KN294407v1","3015109","3015416","46","52518956"
"chr1","55681206","55681520","KN295114v1","20941","21251","37","55660265"
"chr1","55712436","55712731","KN294407v1","3190352","3190651","27","52522084"
"chr1","55723065","55723354","KN296180v1","671411","671696","38","55051654"
"chr1","55731059","55731359","KN294407v1","3209584","3209883","26","52521475"
"chr1","55736404","55736707","KN295112v1","343212","343513","38","55393192"
"chr1","55757596","55757908","KN294407v1","3238857","3239167","31","52518739"
"chr1","55773652","55773949","KN294987v1","1351833","1352128","36","54421819"
"chr1","55779101","55779395","KN294747v1","226541","226835","34","55552560"
"chr1","55992154","55992459","KN295090v1","755361","755671","40","55236793"
"chr1","56249925","56250223","KN295974v1","75089","75383","20","56174836"
"chr1","56319638","56319931","KN294446v1","410629","410926","41","55909009"
"chr1","56401490","56401801","KN295974v1","225928","226246","33","56175562"
"chr1","56639933","56640201","KN295974v1","452642","452913","24","56187291"
"chr1","56840971","56841273","KN294387v1","2599087","2599393","44","54241884"
"chr1","57108010","57108316","KN295974v1","922014","922328","37","56185996"
"chr1","57117999","57118309","KN297112v1","3992200","3992473","58","53125799"
"chr1","57124886","57125192","KN295974v1","937884","938188","29","56187002"
"chr1","57141683","57141976","KN294848v1","1408889","1409183","37","55732794"
"chr1","57286012","57286310","KN295974v1","1092122","1092417","23","56193890"
"chr1","57621235","57621545","KN294387v1","2599087","2599393","40","55022148"
"chr1","57662769","57662966","KN294548v1","1488678","1488879","65","56174091"
"chr1","57821491","57821770","KN297322v1","1141769","1142045","39","56679722"
"chr1","57964142","57964438","KN295077v1","585208","585503","33","57378934"
"chr1","58127755","58128045","KN294536v1","940479","940770","47","57187276"
"chr1","58145559","58145838","KN295974v1","1969485","1969765","32","56176074"
"chr1","58146515","58146794","KN295974v1","1969485","1969765","32","56177030"
"chr1","58459334","58459640","KN295974v1","2285510","2285822","36","56173824"
"chr1","58652598","58652907","KN295995v1","165168","165480","37","58487430"
"chr1","58732522","58732828","KN295022v1","123209","123517","33","58609313"
"chr1","58832616","58832923","KN296580v1","489999","490308","38","58342617"
"chr1","58865133","58865372","KN295974v1","2712751","2712984","20","56152382"
"chr1","59111247","59111555","KN297000v1","49763","50071","42","59061484"
"chr1","59129345","59129659","KN297048v1","117690","118000","45","59011655"
"chr1","59198745","59199055","KN294407v1","2827717","2828029","35","56371028"
"chr1","59232734","59233025","KN294536v1","1607732","1608024","32","57625002"
"chr1","59357004","59357314","KN294366v1","260000","260306","38","59097004"
"chr1","59580438","59580739","KN295974v1","3424212","3424505","37","56156226"
"chr1","59615328","59615632","KN294662v1","79885","80185","37","59535443"
"chr1","59702790","59703139","KN295974v1","3550277","3550607","45","56152513"
"chr1","59742973","59743276","KN297133v1","419676","419981","28","59323297"
"chr1","59887745","59888033","KN294205v1","854359","854651","34","59033386"
"chr1","60106819","60107107","KN295974v1","3935817","3936103","27","56171002"
"chr1","60159484","60159772","KN296635v1","4366679","4366964","55","55792805"
"chr1","60326220","60326517","KN295601v1","2895150","2895452","32","57431070"
"chr1","60447731","60448036","KN294837v1","303054","303351","39","60144677"
"chr1","60484087","60484371","KN295236v1","4288094","4288382","47","56195993"
"chr1","60859376","60859673","KN295313v1","247673","247978","36","60611703"
"chr1","60908529","60908844","KN295430v1","2610079","2610388","45","58298450"
"chr1","60972080","60972378","KN294536v1","1717253","1717544","36","59254827"
"chr1","61606984","61607275","KN296635v1","1164783","1165080","33","60442201"
"chr1","61663607","61663906","KN296153v1","3677943","3678242","37","57985664"
"chr1","61748247","61748549","KN296635v1","1303974","1304282","37","60444273"
"chr1","61814843","61815157","KN296635v1","1371265","1371568","44","60443578"
"chr1","61885906","61886205","KN297245v1","1385647","1385948","26","60500259"
"chr1","61917320","61917614","KN296635v1","1469237","1469542","33","60448083"
"chr1","62022061","62022330","KN295637v1","558708","558981","55","61463353"
"chr1","62024500","62024800","KN296635v1","1572353","1572651","27","60452147"
"chr1","62096267","62096401","KN296635v1","1644884","1645014","14","60451383"
"chr1","62146577","62146888","KN296635v1","1691017","1691328","37","60455560"
"chr1","62213055","62213362","KN294187v1","1346864","1347175","43","60866191"
"chr1","62215672","62215989","KN297320v1","998402","998720","44","61217270"
"chr1","62215992","62216310","KN296635v1","1763595","1763919","39","60452397"
"chr1","62234918","62235208","KN295995v1","1426233","1426527","49","60808685"
"chr1","62238272","62238564","KN296869v1","163530","163820","41","62074742"
"chr1","62250696","62250995","KN294561v1","767639","767926","35","61483057"
"chr1","62263221","62263519","KN296747v1","35746","36041","34","62227475"
"chr1","62286439","62286731","KN295090v1","2057671","2057967","38","60228768"
"chr1","62288236","62288534","KN296934v1","897698","898003","46","61390538"
"chr1","62291972","62292210","KN297274v1","1060929","1061179","46","61231043"
"chr1","62294189","62294487","KN296635v1","1837340","1837627","36","60456849"
"chr1","62294734","62294830","KN296620v1","1044525","1044623","21","61250209"
"chr1","62318831","62319133","KN294790v1","2757948","2758248","37","59560883"
"chr1","62357029","62357321","KN296635v1","1899500","1899796","31","60457529"
"chr1","62361453","62361762","KN296357v1","706115","706421","40","61655338"
"chr1","62373021","62373207","KN294172v1","1177466","1177645","28","61195555"
"chr1","62373514","62373797","KN294239v1","334831","335118","39","62038683"
"chr1","62380771","62381073","KN295667v1","1687893","1688204","42","60692878"
"chr1","62481396","62481699","KN296900v1","121631","121934","37","62359765"
"chr1","62490889","62491192","KN296004v1","29555","29853","37","62461334"
"chr1","62506530","62506830","KN296635v1","2048310","2048613","31","60458220"
"chr1","62527172","62527468","KN296635v1","2062385","2062678","21","60464787"
"chr1","62528476","62528784","KN297317v1","20735","21043","33","62507741"
"chr1","62533167","62533230","KN295034v1","429788","429850","20","62103379"
"chr1","62533629","62533877","KN296009v1","1457496","1457742","37","61076133"
"chr1","62541615","62541756","KN296795v1","1955999","1956137","20","60585616"
"chr1","62543592","62543900","KN296635v1","2079216","2079526","34","60464376"
"chr1","62592144","62592444","KN296635v1","2127364","2127664","20","60464780"
"chr1","62614326","62614628","KN296430v1","666666","666968","32","61947660"
"chr1","62630555","62630855","KN296588v1","813149","813445","37","61817406"
"chr1","62653737","62654025","KN294470v1","2674698","2674987","45","59979039"
"chr1","62663488","62663734","KN296614v1","20173","20414","47","62643315"
"chr1","62686005","62686315","KN296357v1","706115","706421","34","61979890"
"chr1","62698415","62698691","KN295871v1","505721","505995","35","62192694"
"chr1","62705220","62705532","KN295114v1","20941","21251","42","62684279"
"chr1","62724783","62725076","KN296635v1","2263893","2264185","21","60460890"
"chr1","62729267","62729351","KN296921v1","647221","647304","15","62082046"
"chr1","62729661","62729886","KN296859v1","1870551","1870779","35","60859110"
"chr1","62730117","62730409","KN296062v1","2106200","2106493","42","60623917"
"chr1","62759033","62759322","KN296635v1","2295870","2296163","36","60463163"
"chr1","62766639","62766913","KN296635v1","2304069","2304356","46","60462570"
"chr1","62771902","62772181","KN296635v1","2307154","2307437","35","60464748"
"chr1","62774380","62774680","KN296635v1","2309627","2309930","34","60464753"
"chr1","62776769","62777050","KN295633v1","141651","141946","47","62635118"
"chr1","62789818","62790124","KN294229v1","342209","342506","34","62447609"
"chr1","62793748","62794036","KN297319v1","871012","871306","37","61922736"
"chr1","62798132","62798405","KN296481v1","224871","225144","39","62573261"
"chr1","62818762","62819055","KN295090v1","276264","276560","35","62542498"
"chr1","62820538","62820685","KN294790v1","2813919","2814067","21","60006619"
"chr1","62849204","62849512","KN294717v1","373979","374286","34","62475225"
"chr1","62902688","62902989","KN295697v1","189742","190043","30","62712946"
"chr1","62913104","62913403","KN296635v1","2454450","2454744","30","60458654"
"chr1","62942894","62943229","KN294728v1","1303670","1303991","41","61639224"
"chr1","62944269","62944569","KN294662v1","79885","80185","27","62864384"
"chr1","62951630","62951937","KN294717v1","373979","374286","36","62577651"
"chr1","62952776","62953073","KN294995v1","61376","61672","41","62891400"
"chr1","62958054","62958360","KN295692v1","998365","998674","37","61959689"
"chr1","62995579","62995889","KN294501v1","353047","353356","38","62642532"
"chr1","63003193","63003482","KN297219v1","858424","858713","35","62144769"
"chr1","63131523","63131826","KN296635v1","2680810","2681109","36","60450713"
"chr1","63296438","63296717","KN296635v1","2832448","2832711","47","60463990"
"chr1","63306627","63306890","KN296635v1","2842817","2843061","36","60463810"
"chr1","63313728","63314027","KN295474v1","973205","973501","39","62340523"
"chr1","63321609","63321914","KN297133v1","826649","826948","34","62494960"
"chr1","63425802","63426105","KN295171v1","869545","869845","34","62556257"
"chr1","63530892","63531186","KN296635v1","3062400","3062693","35","60468492"
"chr1","63533617","63533932","KN295236v1","3424373","3424682","42","60109244"
"chr1","63599704","63599978","KN297068v1","330442","330716","42","63269262"
"chr1","63895063","63895360","KN294470v1","624219","624514","37","63270844"
"chr1","63920349","63920658","KN296635v1","3467177","3467490","29","60453172"
"chr1","63923935","63924241","KN296635v1","3469747","3470049","32","60454188"
"chr1","63926777","63927039","KN296955v1","243339","243602","61","63683438"
"chr1","63927052","63927100","KN297028v1","22551","22600","13","63904501"
"chr1","63956112","63956421","KN296635v1","3489018","3489329","35","60467094"
"chr1","63956581","63956880","KN295667v1","1659641","1659946","35","62296940"
"chr1","63995812","63996113","KN294588v1","1796739","1797032","47","62199073"
"chr1","64050487","64050793","KN295523v1","2779133","2779433","37","61271354"
"chr1","64095317","64095618","KN295708v1","1954541","1954845","47","62140776"
"chr1","64155687","64155982","KN294561v1","810685","810981","37","63345002"
"chr1","64159892","64160174","KN296864v1","999128","999415","30","63160764"
"chr1","64164683","64164982","KN296635v1","3692149","3692460","30","60472534"
"chr1","64200590","64200891","KN296635v1","3728336","3728648","29","60472254"
"chr1","64259947","64260097","KN296614v1","39789","39936","22","64220158"
"chr1","64261283","64261557","KN297117v1","381887","382154","55","63879396"
"chr1","64262190","64262223","KN294548v1","925285","925325","16","63336905"
"chr1","64431675","64431975","KN296096v1","3183138","3183434","32","61248537"
"chr1","64814157","64814451","KN296557v1","709141","709435","33","64105016"
"chr1","65017900","65018214","KN295667v1","1687893","1688204","36","63330007"
"chr1","65020936","65021237","KN294407v1","93660","93961","38","64927276"
"chr1","65125734","65126039","KN294717v1","373979","374286","34","64751755"
"chr1","65137779","65138091","KN296635v1","4685720","4686032","33","60452059"
"chr1","65184422","65184705","KN296635v1","4732634","4732918","24","60451788"
"chr1","65207468","65207766","KN296635v1","4757691","4757986","36","60449777"
"chr1","65220196","65220484","KN294921v1","126144","126441","41","65094052"
"chr1","65250363","65250666","KN296635v1","4805324","4805628","24","60445039"
"chr1","65273965","65274037","KN295967v1","669708","669780","14","64604257"
"chr1","65352983","65353279","KN296635v1","4907868","4908154","33","60445115"
"chr1","65493554","65493836","KN294172v1","6258303","6258586","30","59235251"
"chr1","65496549","65496826","KN295607v1","3891545","3891824","44","61605004"
"chr1","65515608","65515907","KN296635v1","5072391","5072698","34","60443217"
"chr1","65566684","65567032","KN295667v1","946920","947260","93","64619764"
"chr1","65577935","65578230","KN296635v1","5126568","5126870","24","60451367"
"chr1","65596206","65596419","KN294181v1","770602","770810","32","64825604"
"chr1","65608923","65609213","KN294848v1","1408889","1409183","38","64200034"
"chr1","65611045","65611349","KN294790v1","1555084","1555390","35","64055961"
"chr1","65615794","65616083","KN297008v1","3405455","3405752","34","62210339"
"chr1","65624396","65624720","KN296404v1","1071088","1071415","41","64553308"
"chr1","65692138","65692439","KN296357v1","706115","706421","37","64986023"
"chr1","65746318","65746621","KN295708v1","1954541","1954845","33","63791777"
"chr1","65759957","65760259","KN296311v1","3721408","3721707","38","62038549"
"chr1","65792258","65792558","KN296635v1","5362535","5362831","27","60429723"
"chr1","65796186","65796486","KN297019v1","1233639","1233939","34","64562547"
"chr1","65877605","65877903","KN294218v1","1633132","1633430","30","64244473"
"chr1","65993718","65994020","KN295984v1","868891","869195","28","65124827"
"chr1","66436438","66436739","KN296900v1","121631","121934","42","66314807"
"chr1","66553674","66553986","KN295047v1","44235","44544","46","66509439"
"chr1","66579317","66579612","KN296295v1","131556","131850","33","66447761"
"chr1","66656738","66657023","KN296295v1","207113","207398","24","66449625"
"chr1","66730432","66730733","KN296732v1","2013890","2014190","34","64716542"
"chr1","66784046","66784346","KN296295v1","333780","334084","33","66450266"
"chr1","66964946","66965254","KN294172v1","6548787","6549099","39","60416159"
"chr1","67037554","67037870","KN294717v1","373979","374286","42","66663575"
"chr1","67227469","67227769","KN296244v1","86518","86815","51","67140951"
"chr1","67244217","67244493","KN294728v1","950465","950743","38","66293752"
"chr1","67474201","67474486","KN296442v1","1130989","1131276","45","66343212"
"chr1","67488509","67488810","KN294991v1","1865473","1865780","30","65623036"
"chr1","67501605","67501893","KN295592v1","1160942","1161229","41","66340663"
"chr1","67518102","67518443","KN295651v1","1515614","1515955","59","66002488"
"chr1","67583798","67584096","KN295523v1","985733","986032","33","66598065"
"chr1","67691688","67691939","KN295073v1","692254","692511","53","66999434"
"chr1","67714236","67714526","KN295995v1","1426233","1426527","37","66288003"
"chr1","67736757","67737042","KN296096v1","3187219","3187506","33","64549538"
"chr1","67757473","67757778","KN294662v1","79885","80185","39","67677588"
"chr1","67799738","67800063","KN297165v1","2561465","2561781","48","65238273"
"chr1","67913696","67913977","KN294992v1","161935","162220","40","67751761"
"chr1","67925481","67925796","KN294824v1","203242","203547","46","67722239"
"chr1","68001867","68002158","KN295319v1","147659","147950","30","67854208"
"chr1","68052369","68052669","KN296588v1","321243","321547","48","67731126"
"chr1","68133689","68133990","KN294599v1","47586","47885","30","68086103"
"chr1","68177178","68177475","KN296296v1","55887","56187","42","68121291"
"chr1","68186066","68186348","KN296108v1","63524","63807","40","68122542"
"chr1","68306045","68306355","KN296934v1","897698","898003","35","67408347"
"chr1","68382201","68382504","KN295814v1","30514","30812","44","68351687"
"chr1","68490800","68491095","KN294578v1","593416","593711","38","67897384"
"chr1","68556305","68556615","KN297019v1","634887","635199","40","67921418"
"chr1","68569296","68569387","KN295967v1","358104","358192","25","68211192"
"chr1","68623837","68624121","KN297242v1","1115247","1115526","34","67508590"
"chr1","68839821","68840119","KN294842v1","690378","690679","27","68149443"
"chr1","68872577","68872892","KN295725v1","1996226","1996536","32","66876351"
"chr1","68888429","68888731","KN294260v1","621951","622250","35","68266478"
"chr1","68915899","68916139","KN294325v1","1309870","1310113","30","67606029"
"chr1","68916919","68917219","KN296732v1","1322628","1322917","42","67594291"
"chr1","68926488","68926786","KN297219v1","434860","435161","35","68491628"
"chr1","68927218","68927507","KN294433v1","541428","541721","34","68385790"
"chr1","69033446","69033754","KN296311v1","4819781","4820090","34","64213665"
"chr1","69131236","69131536","KN297133v1","419676","419981","32","68711560"
"chr1","69222328","69222636","KN295236v1","4576569","4576870","36","64645759"
"chr1","69281070","69281379","KN294578v1","615670","615980","34","68665400"
"chr1","69447717","69448010","KN294170v1","50010","50300","36","69397707"
"chr1","70154129","70154301","KN294747v1","631115","631284","35","69523014"
"chr1","70201405","70201702","KN296153v1","3677943","3678242","33","66523462"
"chr1","70236255","70236566","KN297153v1","1366929","1367240","35","68869326"
"chr1","70472493","70472792","KN297083v1","720792","721088","32","69751701"
"chr1","70548220","70548527","KN295241v1","7354","7661","38","70540866"
"chr1","70909000","70909273","KN295490v1","476948","477223","35","70432052"
"chr1","70924801","70925095","KN295854v1","1466288","1466586","41","69458513"
"chr1","70932301","70932582","KN296205v1","605596","605883","42","70326705"
"chr1","70961141","70961449","KN294539v1","2250416","2250724","35","68710725"
"chr1","70965550","70965847","KN297046v1","2791168","2791468","33","68174382"
"chr1","70979057","70979369","KN295059v1","336835","337145","39","70642222"
"chr1","70989977","70990262","KN294172v1","6133878","6134150","45","64856099"
"chr1","70998517","70998830","KN295114v1","20941","21251","38","70977576"
"chr1","70999732","71000000","KN296913v1","1711069","1711332","40","69288663"
"chr1","71007107","71007410","KN294588v1","1492426","1492725","37","69514681"
"chr1","71014980","71015241","KN294444v1","3297","3556","35","71011683"
"chr1","71015943","71016251","KN295667v1","1687893","1688204","40","69328050"
"chr1","71044252","71044559","KN296258v1","110655","110960","44","70933597"
"chr1","71050857","71051153","KN295096v1","2124655","2124956","41","68926202"
"chr1","71071081","71071383","KN296153v1","3677943","3678242","34","67393138"
"chr1","71109060","71109361","KN294470v1","2729657","2729960","39","68379403"
"chr1","71482609","71482777","KN294526v1","476019","476190","27","71006590"
"chr1","71520350","71520653","KN296763v1","211025","211316","37","71309325"
"chr1","71719110","71719403","KN295480v1","1210004","1210299","37","70509106"
"chr1","71788721","71789020","KN294172v1","2273174","2273475","38","69515547"
"chr1","71826019","71826312","KN297083v1","720792","721088","41","71105227"
"chr1","71938780","71939098","KN295893v1","7068902","7069222","58","64869878"
"chr1","72015680","72015999","KN294264v1","371563","371884","52","71644117"
"chr1","72238677","72238987","KN295236v1","4576569","4576870","45","67662108"
"chr1","72312253","72312534","KN294536v1","1607732","1608024","44","70704521"
"chr1","72549551","72549857","KN295923v1","1231839","1232151","46","71317712"
"chr1","72601304","72601615","KN297390v1","1640938","1641250","32","70960366"
"chr1","72712985","72713299","KN296682v1","2502291","2502602","43","70210694"
"chr1","72960239","72960558","KN294239v1","1878400","1878713","41","71081839"
"chr1","73215349","73215651","KN295236v1","1764741","1765042","42","71450608"
"chr1","73237945","73237993","KN296339v1","96550","96598","9","73141395"
"chr1","73416201","73416493","KN294264v1","261999","262293","43","73154202"
"chr1","73454893","73455159","KN296833v1","400791","401052","34","73054102"
"chr1","73507530","73507843","KN296486v1","1321060","1321367","41","72186470"
"chr1","73834834","73835140","KN294387v1","2599087","2599393","34","71235747"
"chr1","73930576","73930854","KN295176v1","136547","136806","38","73794029"
"chr1","74081973","74082266","KN297127v1","131395","131695","36","73950578"
"chr1","74098968","74099274","KN294457v1","1379597","1379899","40","72719371"
"chr1","74196895","74197201","KN294705v1","772747","773054","34","73424148"
"chr1","74228555","74228648","KN294879v1","286892","287001","34","73941663"
"chr1","74252907","74253207","KN296117v1","61986","62289","34","74190921"
"chr1","74357392","74357688","KN297227v1","1018475","1018768","37","73338917"
"chr1","74360511","74360803","KN296922v1","753461","753755","40","73607050"
"chr1","74556282","74556571","KN296357v1","356792","357093","35","74199490"
"chr1","74675165","74675454","KN297019v1","856504","856773","54","73818661"
"chr1","74704196","74704499","KN296731v1","1681432","1681735","46","73022764"
"chr1","74733450","74733755","KN295350v1","243779","244085","40","74489671"
"chr1","74843099","74843407","KN296865v1","1474498","1474803","55","73368601"
"chr1","75414630","75414708","KN295523v1","2369424","2369497","14","73045206"
"chr1","75418222","75418533","KN294717v1","373979","374286","37","75044243"
"chr1","75832781","75833088","KN295854v1","1466288","1466586","39","74366493"
"chr1","76278809","76279101","KN296398v1","117430","117726","30","76161379"
"chr1","76335222","76335518","KN296398v1","62454","62748","26","76272768"
"chr1","76419105","76419426","KN296345v1","36309","36623","39","76382796"
"chr1","76427284","76427573","KN296345v1","44018","44303","36","76383266"
"chr1","76435131","76435441","KN295706v1","40899","41204","45","76394232"
"chr1","76463274","76463573","KN296153v1","1546154","1546454","43","74917120"
"chr1","76562593","76562897","KN296345v1","183570","183876","17","76379023"
"chr1","76576198","76576508","KN295059v1","336835","337145","43","76239363"
"chr1","76704406","76704727","KN296345v1","365956","366269","51","76338450"
"chr1","76775323","76775628","KN294806v1","998248","998555","41","75777075"
"chr1","76859570","76859862","KN296345v1","520934","521231","27","76338636"
"chr1","77061940","77062255","KN294264v1","371563","371884","44","76690377"
"chr1","77065188","77065498","KN294911v1","4361649","4361947","44","72703539"
"chr1","77213279","77213606","KN296701v1","917037","917378","48","76296242"
"chr1","77310218","77310496","KN296701v1","813805","814084","28","76496413"
"chr1","77332710","77333014","KN296701v1","790249","790524","50","76542461"
"chr1","77334535","77334732","KN295027v1","696149","696348","47","76638386"
"chr1","77637765","77638080","KN296701v1","487199","487512","31","77150566"
"chr1","77735693","77735992","KN294790v1","989803","990103","33","76745890"
"chr1","77802642","77802954","KN296934v1","897698","898003","45","76904944"
"chr1","78225602","78225903","KN294499v1","1022953","1023254","35","77202649"
"chr1","78320069","78320360","KN295907v1","2257700","2257990","32","76062369"
"chr1","78337109","78337415","KN296864v1","783252","783562","46","77553857"
"chr1","78367950","78368253","KN296247v1","739787","740087","36","77628163"
"chr1","78369132","78369432","KN294387v1","2599087","2599393","36","75770045"
"chr1","78419266","78419564","KN295523v1","985733","986032","27","77433533"
"chr1","78435635","78435939","KN294917v1","618557","618860","42","77817078"
"chr1","78450406","78450710","KN294991v1","966174","966473","34","77484232"
"chr1","78500452","78500725","KN296609v1","672398","672674","35","77828054"
"chr1","78532212","78532523","KN295114v1","20941","21251","37","78511271"
"chr1","78545442","78545752","KN296588v1","321243","321547","43","78224199"
"chr1","78557251","78557560","KN294187v1","1813627","1813934","27","76743624"
"chr1","78566038","78566327","KN294521v1","26235","26524","39","78539803"
"chr1","78588169","78588484","KN296311v1","4819781","4820090","44","73768388"
"chr1","78590351","78590648","KN295032v1","272356","272651","32","78317995"
"chr1","78599691","78600008","KN294470v1","581651","581959","46","78018040"
"chr1","78635764","78636048","KN294911v1","3820095","3820391","43","74815669"
"chr1","78695621","78695923","KN295550v1","1007565","1007867","34","77688056"
"chr1","78749262","78749568","KN295706v1","40899","41204","37","78708363"
"chr1","78877897","78878192","KN297112v1","2387840","2388136","34","76490057"
"chr1","79046159","79046445","KN295721v1","197604","197890","37","78848555"
"chr1","79548191","79548328","KN295439v1","84394","84534","22","79463797"
"chr1","79637824","79638142","KN295263v1","261371","261683","48","79376453"
"chr1","79645850","79646148","KN297165v1","1967868","1968162","39","77677982"
"chr1","79716755","79717070","KN294387v1","2140549","2140857","48","77576206"
"chr1","79845223","79845512","KN294685v1","1072465","1072762","45","78772758"
"chr1","80306802","80307100","KN296759v1","638542","638840","32","79668260"
"chr1","80486124","80486429","KN295059v1","336835","337145","30","80149289"
"chr1","80611793","80612093","KN296153v1","3677943","3678242","34","76933850"
"chr1","80626908","80627213","KN294717v1","373979","374286","37","80252929"
"chr1","80675390","80675713","KN294264v1","371563","371884","48","80303827"
"chr1","80804710","80804761","KN296967v1","705","757","8","80804005"
"chr1","80914828","80915121","KN295209v1","634423","634725","51","80280405"
"chr1","81081008","81081250","KN295433v1","566711","566958","37","80514297"
"chr1","81081270","81081363","KN294234v1","1670055","1670151","26","79411215"
"chr1","81283537","81283833","KN294260v1","846685","846986","41","80436852"
"chr1","81297271","81297588","KN294848v1","1020772","1021081","42","80276499"
"chr1","81762172","81762477","KN294662v1","79885","80185","42","81682287"
"chr1","82057289","82057585","KN295294v1","842343","842650","39","81214946"
"chr1","82139944","82140254","KN296311v1","5716473","5716784","50","76423471"
"chr1","82186838","82187138","KN294739v1","616485","616779","38","81570353"
"chr1","82247786","82248091","KN296154v1","1901209","1901519","40","80346577"
"chr1","82355523","82355818","KN295573v1","646494","646793","37","81709029"
"chr1","82379547","82379860","KN296865v1","995225","995521","40","81384322"
"chr1","82380527","82380828","KN295923v1","1231839","1232151","41","81148688"
"chr1","82533476","82533764","KN296865v1","1674895","1675192","44","80858581"
"chr1","82565395","82565698","KN294758v1","374673","374971","36","82190722"
"chr1","82662971","82663220","KN295883v1","858914","859162","41","81804057"
"chr1","82664759","82665067","KN294717v1","373979","374286","38","82290780"
"chr1","82666470","82666776","KN296062v1","1963115","1963417","38","80703355"
"chr1","82878504","82878796","KN297044v1","811314","811606","38","82067190"
"chr1","82964655","82964983","KN296145v1","424587","424911","44","82540068"
"chr1","83149683","83149933","KN294739v1","994750","995002","46","82154933"
"chr1","83298407","83298710","KN294717v1","373979","374286","46","82924428"
"chr1","84194198","84194521","KN294734v1","46378","46689","50","84147820"
"chr1","84602938","84603247","KN295605v1","712558","712868","33","83890380"
"chr1","84800786","84801085","KN295561v1","256425","256726","28","84544361"
"chr1","84850221","84850443","KN294992v1","218793","219017","28","84631428"
"chr1","84942638","84942922","KN294479v1","192643","192928","43","84749995"
"chr1","84973476","84973686","KN296907v1","844235","844445","33","84129241"
"chr1","85003861","85004152","KN294260v1","1226135","1226422","42","83777726"
"chr1","85007654","85007961","KN297038v1","310787","311084","56","84696867"
"chr1","85284186","85284489","KN294218v1","2831459","2831758","38","82452727"
"chr1","85311468","85311774","KN295605v1","112797","113105","34","85198671"
"chr1","85340118","85340412","KN295077v1","585208","585503","31","84754910"
"chr1","85348468","85348770","KN294218v1","2831459","2831758","37","82517009"
"chr1","85370432","85370745","KN295236v1","3424373","3424682","37","81946059"
"chr1","85477220","85477516","KN294758v1","2177308","2177606","33","83299912"
"chr1","85744530","85744840","KN296311v1","754212","754523","46","84990318"
"chr1","85748806","85749124","KN297046v1","2791168","2791468","41","82957638"
"chr1","85877871","85878183","KN295988v1","954829","955141","36","84923042"
"chr1","85969584","85969739","KN296508v1","1877204","1877364","25","84092380"
"chr1","86009347","86009652","KN294588v1","2985726","2986038","35","83023621"
"chr1","86029178","86029485","KN294717v1","373979","374286","35","85655199"
"chr1","86036637","86036930","KN294536v1","1607732","1608024","34","84428905"
"chr1","86106669","86106962","KN294385v1","18712","19011","35","86087957"
"chr1","86123084","86123375","KN297019v1","1233639","1233939","39","84889445"
"chr1","86161387","86161678","KN296244v1","86518","86815","44","86074869"
"chr1","86250515","86250779","KN297165v1","3420478","3420753","41","82830037"
"chr1","86285650","86285957","KN294172v1","6031022","6031333","45","80254628"
"chr1","86462553","86462850","KN294662v1","79885","80185","39","86382668"
"chr1","86464542","86464840","KN296635v1","2198541","2198839","39","84266001"
"chr1","86525551","86525848","KN294416v1","208870","209165","32","86316681"
"chr1","86618978","86619270","KN295820v1","372417","372708","37","86246561"
"chr1","86994696","86995008","KN294439v1","261107","261420","43","86733589"
"chr1","87172670","87172994","KN295667v1","1687893","1688204","43","85484777"
"chr1","87240252","87240540","KN297314v1","117021","117312","32","87123231"
"chr1","87383789","87384082","KN296322v1","1982694","1982989","37","85401095"
"chr1","87432392","87432685","KN296698v1","66516","66809","30","87365876"
"chr1","87439183","87439474","KN295706v1","322555","322859","44","87116628"
"chr1","87462141","87462441","KN294172v1","4321534","4321833","36","83140607"
"chr1","87463427","87463714","KN294251v1","1303021","1303316","49","86160406"
"chr1","87470270","87470580","KN295613v1","36602","36914","43","87433668"
"chr1","87515103","87515408","KN294251v1","2221682","2221980","50","85293421"
"chr1","87524306","87524597","KN296062v1","1796687","1796987","41","85727619"
"chr1","87572224","87572533","KN296406v1","531156","531464","29","87041068"
"chr1","87575281","87575580","KN294396v1","120005","120308","36","87455276"
"chr1","87586722","87586833","KN296322v1","882795","882905","12","86703927"
"chr1","87590746","87591051","KN295550v1","1007565","1007867","35","86583181"
"chr1","87599909","87600202","KN295580v1","1390","1690","36","87598519"
"chr1","87631156","87631461","KN296205v1","756673","756959","45","86874483"
"chr1","87632232","87632494","KN296883v1","3218155","3218412","41","84414077"
"chr1","87640948","87641247","KN294385v1","354018","354312","40","87286930"
"chr1","87677023","87677319","KN297019v1","1233639","1233939","30","86443384"
"chr1","87691048","87691352","KN296528v1","120134","120444","38","87570914"
"chr1","87717958","87718280","KN296145v1","3730130","3730450","65","83987828"
"chr1","87766986","87767295","KN294856v1","187764","188076","37","87579222"
"chr1","87782962","87783251","KN295350v1","405055","405352","33","87377907"
"chr1","87811984","87812260","KN295523v1","4195930","4196206","42","83616054"
"chr1","87981938","87982238","KN296062v1","2462011","2462316","41","85519927"
"chr1","88042026","88042307","KN296732v1","3410986","3411273","38","84631040"
"chr1","88248608","88248910","KN296153v1","276530","276827","40","87972078"
"chr1","88288000","88288309","KN296541v1","2244383","2244691","37","86043617"
"chr1","88696775","88697078","KN294444v1","165242","165552","41","88531533"
"chr1","88786640","88786923","KN297117v1","557917","558200","36","88228723"
"chr1","89255216","89255467","KN296949v1","35284","35534","35","89219932"
"chr1","89261365","89261651","KN295059v1","478493","478764","38","88782872"
"chr1","89330456","89330748","KN295059v1","400057","400345","24","88930399"
"chr1","89396977","89397281","KN297133v1","419676","419981","32","88977301"
"chr1","89421558","89421858","KN295059v1","314922","315224","20","89106636"
"chr1","89590587","89590893","KN294842v1","690378","690679","34","88900209"
"chr1","89594643","89594953","KN297322v1","1153290","1153598","34","88441353"
"chr1","89599686","89600012","KN296040v1","856534","856847","53","88743152"
"chr1","89603674","89603969","KN296959v1","1246826","1247122","35","88356848"
"chr1","89617127","89617424","KN296140v1","777217","777517","34","88839910"
"chr1","89622266","89622576","KN294172v1","4761492","4761794","44","84860774"
"chr1","89666214","89666521","KN295294v1","842343","842650","43","88823871"
"chr1","89704166","89704469","KN294588v1","1492426","1492725","36","88211740"
"chr1","89708416","89708710","KN295059v1","18424","18724","29","89689992"
"chr1","89741114","89741419","KN295936v1","1094930","1095234","39","88646184"
"chr1","89773306","89773597","KN296024v1","56224","56522","27","89717082"
"chr1","90161953","90162269","KN294292v1","136185","136494","53","90025768"
"chr1","90469339","90469631","KN294462v1","73428","73721","36","90395911"
"chr1","90506328","90506644","KN296158v1","1672506","1672810","36","88833822"
"chr1","90531608","90531903","KN296357v1","356792","357093","33","90174816"
"chr1","90608637","90608927","KN297165v1","1143723","1144010","28","89464914"
"chr1","90728577","90728872","KN294536v1","1607732","1608024","35","89120845"
"chr1","90753475","90753783","KN294717v1","373979","374286","41","90379496"
"chr1","90858821","90859093","KN295591v1","864595","864871","31","89994226"
"chr1","90953780","90954078","KN295591v1","972086","972384","27","89981694"
"chr1","91027929","91028213","KN297264v1","12615","12885","40","91015314"
"chr1","91232853","91233150","KN295159v1","636745","637044","37","90596108"
"chr1","91332575","91332882","KN295591v1","1374155","1374465","28","89958420"
"chr1","91449507","91449720","KN296406v1","435308","435525","34","91014199"
"chr1","91579062","91579358","KN297058v1","24871","25166","26","91554191"
"chr1","91597482","91597779","KN297058v1","42553","42853","28","91554929"
"chr1","91617806","91618105","KN296140v1","777217","777517","35","90840589"
"chr1","91646090","91646392","KN297058v1","88700","89008","39","91557390"
"chr1","91685915","91686223","KN296934v1","897698","898003","40","90788217"
"chr1","91715622","91715811","KN297058v1","158016","158196","23","91557606"
"chr1","91735636","91735932","KN297058v1","179673","179971","25","91555963"
"chr1","91736752","91737053","KN296153v1","3677943","3678242","40","88058809"
"chr1","91818642","91818948","KN295047v1","44235","44544","35","91774407"
"chr1","91835284","91835570","KN297058v1","270573","270861","24","91564711"
"chr1","91846781","91847076","KN294444v1","57733","58029","38","91789048"
"chr1","91882366","91882677","KN297058v1","311444","311757","36","91570922"
"chr1","91949052","91949341","KN295995v1","1426233","1426527","36","90522819"
"chr1","91991944","91992253","KN295077v1","44543","44854","36","91947401"
"chr1","91993562","91993875","KN295523v1","183476","183782","42","91810086"
"chr1","91995530","91995676","KN294668v1","2179035","2179176","22","89816495"
"chr1","92062543","92062859","KN296557v1","1135935","1136250","36","90926608"
"chr1","92231188","92231482","KN295601v1","2895150","2895452","34","89336038"
"chr1","92498752","92499059","KN295705v1","1213220","1213523","39","91285532"
"chr1","92539335","92539625","KN294739v1","616485","616779","35","91922850"
"chr1","92559584","92559874","KN295459v1","1614660","1614952","30","90944924"
"chr1","92599156","92599463","KN296557v1","607512","607820","22","91991644"
"chr1","92649795","92650085","KN296557v1","555925","556210","18","92093870"
"chr1","92692876","92693185","KN296557v1","511475","511779","29","92181401"
"chr1","92694620","92694943","KN297415v1","835870","836150","72","91858750"
"chr1","92725521","92725808","KN296557v1","482490","482778","27","92243031"
"chr1","92732938","92733242","KN296153v1","3677943","3678242","29","89054995"
"chr1","92771365","92771664","KN296865v1","1674895","1675192","46","91096470"
"chr1","92772512","92772797","KN295936v1","1122342","1122630","33","91650170"
"chr1","92809718","92809960","KN296557v1","404563","404804","24","92405155"
"chr1","92845011","92845305","KN296244v1","86518","86815","41","92758493"
"chr1","92919236","92919534","KN296557v1","291965","292264","31","92627271"
"chr1","92939306","92939603","KN295995v1","1426233","1426527","32","91513073"
"chr1","93144396","93144705","KN296557v1","57983","58282","42","93086413"
"chr1","93175914","93176222","KN294444v1","165242","165552","41","93010672"
"chr1","93177107","93177407","KN296557v1","27430","27729","25","93149677"
"chr1","93187846","93188141","KN296557v1","16747","17044","30","93171099"
"chr1","93199385","93199685","KN296732v1","498634","498931","32","92700751"
"chr1","93223527","93223829","KN296244v1","86518","86815","36","93137009"
"chr1","93228110","93228414","KN294698v1","173546","173848","29","93054564"
"chr1","93267421","93267727","KN296153v1","3677943","3678242","37","89589478"
"chr1","93385043","93385357","KN295984v1","1322025","1322326","46","92063018"
"chr1","93509002","93509300","KN294842v1","1752401","1752693","38","91756601"
"chr1","93512400","93512693","KN294407v1","2733858","2734151","31","90778542"
"chr1","93543159","93543460","KN296153v1","3677943","3678242","35","89865216"
"chr1","93628014","93628312","KN296153v1","3677943","3678242","40","89950071"
"chr1","93639403","93639660","KN294540v1","886155","886414","32","92753248"
"chr1","93653094","93653396","KN296153v1","3677943","3678242","28","89975151"
"chr1","93688624","93688929","KN297190v1","7071552","7071858","34","86617072"
"chr1","93725984","93726243","KN295073v1","692254","692511","37","93033730"
"chr1","93726443","93726738","KN296138v1","388568","388863","34","93337875"
"chr1","93793330","93793633","KN294439v1","269158","269457","40","93524172"
"chr1","93808054","93808301","KN294486v1","585631","585878","32","93222423"
"chr1","93843110","93843414","KN294917v1","618557","618860","29","93224553"
"chr1","93865372","93865680","KN294387v1","2599087","2599393","39","91266285"
"chr1","93875700","93875991","KN296319v1","132575","132865","39","93743125"
"chr1","93890085","93890394","KN295413v1","22638","22943","42","93867447"
"chr1","94032064","94032353","KN294536v1","1717253","1717544","37","92314811"
"chr1","94048966","94049278","KN296743v1","427898","428203","39","93621068"
"chr1","94084525","94084819","KN295474v1","973205","973501","39","93111320"
"chr1","94145063","94145359","KN295907v1","1253096","1253393","30","92891967"
"chr1","94317566","94317893","KN294349v1","231514","231826","46","94086052"
"chr1","94332353","94332654","KN294539v1","2320327","2320629","29","92012026"
"chr1","94385550","94385823","KN296036v1","949956","950236","46","93435594"
"chr1","94407537","94407795","KN294825v1","431692","431954","37","93975845"
"chr1","94414250","94414547","KN294218v1","2831459","2831758","32","91582791"
"chr1","94457357","94457648","KN296096v1","3187219","3187506","34","91270138"
"chr1","94463990","94464335","KN296311v1","7814948","7815283","71","86649042"
"chr1","94480431","94480726","KN294856v1","159768","160063","37","94320663"
"chr1","94509726","94510031","KN297205v1","656511","656816","33","93853215"
"chr1","94515182","94515464","KN297242v1","351132","351417","36","94164050"
"chr1","94585844","94586065","KN296311v1","3650206","3650424","36","90935638"
"chr1","94696035","94696349","KN295236v1","2360987","2361301","40","92335048"
"chr1","94799201","94799490","KN296153v1","3677943","3678242","37","91121258"
"chr1","94940972","94941265","KN294991v1","1565008","1565302","33","93375964"
"chr1","95164324","95164636","KN295350v1","243779","244085","42","94920545"
"chr1","95324697","95325015","KN296635v1","3366039","3366351","48","91958658"
"chr1","95400988","95401272","KN295102v1","177647","177925","43","95223341"
"chr1","95502208","95502519","KN296934v1","897698","898003","34","94604510"
"chr1","95605902","95606185","KN295045v1","330502","330797","43","95275400"
"chr1","95685828","95686117","KN296119v1","3705120","3705411","50","91980708"
"chr1","95757299","95757613","KN295114v1","20941","21251","36","95736358"
"chr1","95772273","95772578","KN297219v1","2007419","2007720","38","93764854"
"chr1","95807456","95807742","KN295022v1","486627","486913","38","95320829"
"chr1","95823204","95823377","KN296322v1","1361627","1361799","26","94461577"
"chr1","95843956","95844236","KN297242v1","1115247","1115526","41","94728709"
"chr1","95966875","95967099","KN295257v1","822079","822292","37","95144796"
"chr1","96013936","96014230","KN295045v1","330502","330797","30","95683434"
"chr1","96040558","96040855","KN295320v1","27087","27386","40","96013471"
"chr1","96231941","96232081","KN296795v1","1955999","1956137","19","94275942"
"chr1","96356086","96356380","KN295995v1","1426233","1426527","37","94929853"
"chr1","96531598","96531879","KN295923v1","2321767","2322047","35","94209831"
"chr1","96660629","96660932","KN294486v1","211247","211546","44","96449382"
"chr1","96693636","96693936","KN294214v1","1700663","1700971","40","94992973"
"chr1","96696766","96697067","KN296847v1","411329","411634","40","96285437"
"chr1","96740809","96741016","KN294842v1","1530256","1530465","35","95210553"
"chr1","96925230","96925537","KN296119v1","6426036","6426336","42","90499194"
"chr1","96933484","96933790","KN295706v1","113161","113472","30","96820323"
"chr1","96966134","96966424","KN294462v1","73428","73721","30","96892706"
"chr1","97168604","97168914","KN297050v1","89556","89868","37","97079048"
"chr1","97214735","97215041","KN294446v1","283411","283721","40","96931324"
"chr1","97427088","97427389","KN294831v1","247548","247851","31","97179540"
"chr1","97438669","97438970","KN295236v1","1764741","1765042","31","95673928"
"chr1","97509254","97509530","KN295586v1","5110095","5110369","36","92399159"
"chr1","97515753","97515886","KN296732v1","3225950","3226087","18","94289803"
"chr1","97595955","97596266","KN296119v1","2516285","2516591","39","95079670"
"chr1","97640480","97640789","KN294705v1","1582720","1583032","31","96057760"
"chr1","97778641","97778938","KN297083v1","720792","721088","34","97057849"
"chr1","97948064","97948376","KN294172v1","4612860","4613172","35","93335204"
"chr1","98035326","98035647","KN295350v1","405055","405352","56","97630271"
"chr1","98050021","98050326","KN294220v1","1820","2131","41","98048201"
"chr1","98132106","98132405","KN297165v1","47565","47861","39","98084541"
"chr1","98279118","98279421","KN294287v1","843227","843524","33","97435891"
"chr1","98920631","98920949","KN297197v1","2429152","2429459","54","96491479"
"chr1","99151349","99151643","KN296557v1","709141","709435","35","98442208"
"chr1","99388066","99388375","KN294501v1","353047","353356","34","99035019"
"chr1","99433896","99434019","KN297444v1","275896","276018","25","99158000"
"chr1","99437024","99437328","KN296221v1","501955","502258","30","98935069"
"chr1","99598768","99599079","KN297000v1","49763","50071","44","99549005"
"chr1","99644806","99644988","KN296221v1","299103","299278","23","99345703"
"chr1","99651256","99651528","KN294385v1","143562","143857","54","99507694"
"chr1","99664419","99664701","KN294172v1","2999478","2999758","34","96664941"
"chr1","99821531","99821836","KN296221v1","127914","128226","43","99693617"
"chr1","99952629","99952917","KN296262v1","569691","569979","28","99382938"
"chr1","100037495","100037722","KN296588v1","806333","806554","38","99231162"
"chr1","100332408","100332719","KN294387v1","2599087","2599393","36","97733321"
"chr1","100444491","100444754","KN295523v1","3618519","3618784","35","96825972"
"chr1","100674119","100674431","KN295205v1","1067685","1067992","40","99606434"
"chr1","100723638","100723869","KN294172v1","4354418","4354646","34","96369220"
"chr1","100779665","100779963","KN295474v1","973205","973501","41","99806460"
"chr1","100799987","100800296","KN294539v1","1574181","1574492","38","99225806"
"chr1","100805337","100805609","KN296495v1","148006","148275","57","100657331"
"chr1","100817656","100817982","KN295832v1","546215","546535","47","100271441"
"chr1","100831533","100831842","KN296900v1","476899","477205","34","100354634"
"chr1","100865224","100865522","KN295701v1","382600","382897","44","100482624"
"chr1","100886129","100886300","KN295825v1","1294547","1294720","26","99591582"
"chr1","100898078","100898377","KN296508v1","1854158","1854449","44","99043920"
"chr1","100946306","100946610","KN297153v1","124043","124354","35","100822263"
"chr1","100979843","100980141","KN294662v1","79885","80185","43","100899958"
"chr1","101005140","101005447","KN295209v1","634423","634725","36","100370717"
"chr1","101042996","101043306","KN295571v1","338888","339191","38","100704108"
"chr1","101170793","101171101","KN296934v1","897698","898003","34","100273095"
"chr1","101177887","101178190","KN297367v1","171251","171554","38","101006636"
"chr1","101235361","101235671","KN295869v1","284557","284865","41","100950804"
"chr1","101241506","101241642","KN295533v1","1134391","1134530","18","100107115"
"chr1","101244545","101244681","KN295533v1","1134391","1134530","18","100110154"
"chr1","101304259","101304571","KN295577v1","167604","167912","33","101136655"
"chr1","101444989","101445288","KN297095v1","2087459","2087755","33","99357530"
"chr1","101447597","101447900","KN296731v1","1681432","1681735","36","99766165"
"chr1","101451245","101451543","KN296040v1","548461","548761","39","100902784"
"chr1","101627567","101627877","KN297190v1","7071552","7071858","43","94556015"
"chr1","101845360","101845666","KN294571v1","2791374","2791676","39","99053986"
"chr1","102179571","102179868","KN295320v1","27087","27386","34","102152484"
"chr1","102479059","102479371","KN294433v1","482950","483258","40","101996109"
"chr1","102523039","102523333","KN295037v1","458922","459224","30","102064117"
"chr1","102886685","102886768","KN296573v1","17183","17267","15","102869502"
"chr1","102887622","102887919","KN294385v1","354018","354312","37","102533604"
"chr1","102931354","102931672","KN295037v1","873434","873753","34","102057920"
"chr1","102934246","102934552","KN295037v1","876534","876836","40","102057712"
"chr1","103036954","103037283","KN295601v1","761243","761570","46","102275711"
"chr1","103358549","103358859","KN295375v1","829500","829809","40","102529049"
"chr1","103378213","103378532","KN295666v1","1158556","1158863","54","102219657"
"chr1","103566614","103566921","KN294561v1","643982","644294","46","102922632"
"chr1","103652373","103652681","KN295667v1","1687893","1688204","37","101964480"
"chr1","103656409","103656724","KN296404v1","1938458","1938769","38","101717951"
"chr1","103682270","103682576","KN294521v1","255423","255722","44","103426847"
"chr1","103781383","103781677","KN296495v1","2056834","2057132","39","101724549"
"chr1","103835493","103835797","KN294842v1","690378","690679","43","103145115"
"chr1","103890241","103890529","KN295936v1","1122342","1122630","74","102767899"
"chr1","103935470","103935774","KN297112v1","2478648","2478956","38","101456822"
"chr1","104425347","104425654","KN294387v1","2599087","2599393","38","101826260"
"chr1","104508741","104509040","KN296225v1","121130","121425","38","104387611"
"chr1","104778152","104778442","KN296096v1","3187219","3187506","43","101590933"
"chr1","105099741","105100032","KN294911v1","2160588","2160880","42","102939153"
"chr1","105117128","105117315","KN296984v1","722401","722592","26","104394727"
"chr1","105203946","105204243","KN295236v1","5491143","5491432","63","99712803"
"chr1","105393402","105393696","KN294439v1","257473","257771","43","105135929"
"chr1","105606441","105606756","KN295232v1","136642","136957","12","105469799"
"chr1","105622190","105622494","KN295232v1","122045","122347","34","105500145"
"chr1","105686416","105686723","KN296594v1","683220","683520","47","105003196"
"chr1","105861847","105862135","KN295032v1","272356","272651","45","105589491"
"chr1","105870403","105870699","KN296474v1","147830","148128","33","105722573"
"chr1","105922700","105922754","KN294387v1","2444449","2444490","27","103478251"
"chr1","105975710","105976011","KN295459v1","1614660","1614952","37","104361050"
"chr1","105996411","105996684","KN296306v1","883522","883801","41","105112889"
"chr1","106036042","106036346","KN296474v1","300092","300385","40","105735950"
"chr1","106147795","106148089","KN295433v1","1590173","1590466","53","104557622"
"chr1","106156260","106156550","KN296474v1","444238","444540","36","105712022"
"chr1","106312441","106312723","KN294161v1","590477","590758","40","105721964"
"chr1","106437976","106438270","KN296290v1","227252","227556","46","106210724"
"chr1","106561938","106562206","KN294540v1","886155","886414","45","105675783"
"chr1","106942590","106942887","KN294959v1","667710","667993","38","106274880"
"chr1","107324624","107324848","KN296513v1","296829","297055","41","107027795"
"chr1","107487014","107487301","KN294959v1","133604","133903","41","107353410"
"chr1","107965741","107966017","KN295352v1","1641063","1641351","46","106324678"
"chr1","108229697","108229991","KN296557v1","291965","292264","32","107937732"
"chr1","108259726","108260026","KN295263v1","331168","331466","36","107928558"
"chr1","108274578","108274880","KN294917v1","618557","618860","26","107656021"
"chr1","108329388","108329689","KN295263v1","261371","261683","29","108068017"
"chr1","108412388","108412617","KN294407v1","1241573","1241804","48","107170815"
"chr1","108441371","108441677","KN295263v1","148563","148870","30","108292808"
"chr1","108772594","108772898","KN297164v1","29042","29341","34","108743552"
"chr1","108803879","108804183","KN294917v1","618557","618860","36","108185322"
"chr1","108830601","108830908","KN297164v1","90019","90328","38","108740582"
"chr1","108854454","108854765","KN297164v1","113433","113742","37","108741021"
"chr1","108855973","108856237","KN296201v1","586124","586387","32","108269849"
"chr1","108888495","108888801","KN294292v1","136185","136494","45","108752310"
"chr1","108955231","108955525","KN295984v1","974577","974872","31","107980654"
"chr1","109181321","109181623","KN295907v1","1253096","1253393","39","107928225"
"chr1","109225728","109226042","KN295701v1","941663","941973","50","108284065"
"chr1","109301158","109301447","KN295967v1","725729","726020","32","108575429"
"chr1","109347211","109347518","KN296430v1","444033","444342","38","108903178"
"chr1","109393718","109394007","KN297259v1","1760726","1761019","43","107632992"
"chr1","109523450","109523748","KN296153v1","3677943","3678242","31","105845507"
"chr1","109535162","109535469","KN295059v1","336835","337145","29","109198327"
"chr1","109603984","109604280","KN296311v1","3721408","3721707","34","105882576"
"chr1","109631381","109631689","KN294410v1","202940","203246","33","109428441"
"chr1","109701192","109701486","KN294410v1","130153","130452","31","109571039"
"chr1","109722566","109722857","KN294410v1","108372","108653","34","109614194"
"chr1","109742760","109743059","KN297019v1","1233639","1233939","34","108509121"
"chr1","109753962","109754057","KN294410v1","77418","77520","13","109676544"
"chr1","109754727","109754899","KN296508v1","1809822","1809977","39","107944905"
"chr1","109767089","109767375","KN294224v1","1103051","1103340","41","108664038"
"chr1","109792398","109792703","KN295725v1","1996226","1996536","45","107796172"
"chr1","109849791","109850099","KN294172v1","4761492","4761794","37","105088299"
"chr1","109908556","109908848","KN297314v1","117021","117312","30","109791535"
"chr1","109953184","109953466","KN297190v1","4000420","4000702","43","105952764"
"chr1","110056547","110056853","KN294733v1","273201","273508","42","109783346"
"chr1","110058130","110058448","KN296312v1","507884","508203","62","109550246"
"chr1","110068919","110069224","KN294856v1","296536","296838","29","109772383"
"chr1","110108586","110108869","KN294733v1","316989","317272","21","109791597"
"chr1","110113841","110114161","KN294261v1","106351","106657","52","110007490"
"chr1","110173673","110173782","KN295041v1","49283","49384","16","110124390"
"chr1","110206659","110206954","KN294218v1","2831459","2831758","37","107375200"
"chr1","110211759","110212050","KN294733v1","408443","408753","37","109803316"
"chr1","110268723","110269027","KN295983v1","1664954","1665256","40","108603769"
"chr1","110281878","110282183","KN294439v1","261107","261420","35","110020771"
"chr1","110324753","110325051","KN294733v1","520559","520860","24","109804194"
"chr1","110334050","110334352","KN294733v1","531545","531843","28","109802505"
"chr1","110336171","110336479","KN294733v1","534272","534580","24","109801899"
"chr1","110396620","110396945","KN294733v1","598962","599299","30","109797658"
"chr1","110977393","110977677","KN294513v1","150959","151244","38","110826434"
"chr1","111033754","111034035","KN295142v1","549262","549543","39","110484492"
"chr1","111042443","111042745","KN297019v1","1233639","1233939","40","109808804"
"chr1","111271596","111271878","KN295041v1","60607","60889","22","111210989"
"chr1","111281482","111281598","KN297165v1","1033125","1033239","15","110248357"
"chr1","111316836","111317124","KN297205v1","619314","619602","31","110697522"
"chr1","111496878","111497171","KN295692v1","1562388","1562681","38","109934490"
"chr1","111714052","111714348","KN294501v1","104788","105092","32","111609264"
"chr1","111732601","111732908","KN297133v1","419676","419981","36","111312925"
"chr1","111764815","111765108","KN295375v1","1555308","1555599","41","110209507"
"chr1","112210251","112210368","KN297165v1","1033125","1033239","16","111177126"
"chr1","112219632","112219914","KN295041v1","60607","60889","18","112159025"
"chr1","112230784","112230888","KN295041v1","49283","49384","10","112181501"
"chr1","112265786","112266058","KN294385v1","1263599","1263858","57","111002187"
"chr1","112658690","112658995","KN294499v1","1676730","1677037","39","110981960"
"chr1","112754981","112755285","KN297205v1","523011","523314","34","112231970"
"chr1","112836727","112837015","KN295459v1","1614660","1614952","36","111222067"
"chr1","112850459","112850751","KN294739v1","616485","616779","35","112233974"
"chr1","112874719","112875030","KN294790v1","1007547","1007843","61","111867172"
"chr1","112895573","112895873","KN295171v1","869545","869845","42","112026028"
"chr1","112906415","112906713","KN297205v1","366925","367223","20","112539490"
"chr1","112943428","112943730","KN297205v1","331678","331992","35","112611750"
"chr1","112945527","112945827","KN295315v1","360280","360581","28","112585247"
"chr1","112962768","112963072","KN297038v1","2343556","2343866","34","110619212"
"chr1","112977929","112978239","KN297205v1","298314","298622","22","112679615"
"chr1","112993553","112993846","KN297205v1","282416","282702","29","112711137"
"chr1","112993965","112994250","KN297165v1","1143723","1144010","27","111850242"
"chr1","113002568","113002854","KN297205v1","274486","274772","30","112728082"
"chr1","113420028","113420317","KN294777v1","718820","719120","47","112701208"
"chr1","113585614","113585903","KN295041v1","60607","60889","27","113525007"
"chr1","113597221","113597322","KN295041v1","49283","49384","4","113547938"
"chr1","113662499","113662764","KN294385v1","1263599","1263858","50","112398900"
"chr1","113696278","113696578","KN297299v1","44554","44842","43","113651724"
"chr1","117267926","117268246","KN296938v1","840830","841148","45","116427096"
"chr1","117325157","117325447","KN295995v1","1426233","1426527","41","115898924"
"chr1","117462168","117462470","KN295601v1","2895150","2895452","44","114567018"
"chr1","117476825","117477132","KN295236v1","4576569","4576870","43","112900256"
"chr1","117495605","117495886","KN295350v1","636567","636846","41","116859038"
"chr1","117530399","117530700","KN297046v1","2791168","2791468","33","114739231"
"chr1","117712061","117712359","KN295671v1","54893","55192","38","117657168"
"chr1","117742968","117743278","KN294407v1","218071","218385","39","117524897"
"chr1","117829046","117829342","KN295983v1","1536250","1536551","34","116292796"
"chr1","117906006","117906293","KN296495v1","2252575","2252859","30","115653431"
"chr1","118247283","118247564","KN295523v1","1358594","1358868","47","116888689"
"chr1","118327487","118327800","KN294499v1","1948987","1949299","36","116378500"
"chr1","118695308","118695599","KN294434v1","748117","748415","43","117947191"
"chr1","118731744","118732045","KN296119v1","6426036","6426336","29","112305708"
"chr1","118864833","118865125","KN294434v1","572797","573092","22","118292036"
"chr1","119069554","119069858","KN296381v1","91265","91569","34","118978289"
"chr1","119256262","119256558","KN294407v1","2733858","2734151","39","116522404"
"chr1","119315039","119315340","KN296153v1","3677943","3678242","25","115637096"
"chr1","119361568","119361811","KN294434v1","86650","86892","21","119274918"
"chr1","119410025","119410328","KN295814v1","1285532","1285833","30","118124493"
"chr1","119429515","119429824","KN295114v1","20941","21251","29","119408574"
"chr1","119448982","119449281","KN296253v1","8376","8681","31","119440606"
"chr1","119481276","119481577","KN296253v1","41862","42157","27","119439414"
"chr1","119501670","119501947","KN295526v1","890269","890545","28","118611401"
"chr1","119585376","119585673","KN296253v1","134411","134707","29","119450965"
"chr1","119598104","119598412","KN294711v1","903939","904247","39","118694165"
"chr1","119625594","119625893","KN296153v1","3677943","3678242","34","115947651"
"chr1","119641888","119642199","KN296035v1","338193","338502","34","119303695"
"chr1","119851193","119851498","KN296253v1","392155","392460","23","119459038"
"chr1","119853974","119854279","KN295667v1","1687893","1688204","35","118166081"
"chr1","120061012","120061315","KN296253v1","610399","610698","30","119450613"
"chr1","120076697","120077011","KN295039v1","373590","373902","45","119703107"
"chr1","120185261","120185564","KN296253v1","732675","732969","27","119452586"
"chr1","120194966","120195266","KN294439v1","269158","269457","38","119925808"
"chr1","120321596","120321893","KN295174v1","221907","222190","49","120099689"
"chr1","120389064","120389340","KN296306v1","883522","883801","36","119505542"
"chr1","120495478","120495799","KN294167v1","270527","270842","42","120224951"
"chr1","120683037","120683338","KN296253v1","1224758","1225059","24","119458279"
"chr1","120707287","120707581","KN296253v1","1246638","1246936","22","119460649"
"chr1","120757757","120758057","KN295171v1","869545","869845","37","119888212"
"chr1","120795836","120796127","KN296253v1","1334355","1334651","45","119461481"
"chr1","120798431","120798739","KN294239v1","378113","378422","34","120420318"
"chr1","120866321","120866625","KN296253v1","1410097","1410406","33","119456224"
"chr1","120875340","120875568","KN294561v1","480219","480442","37","120395121"
"chr1","120895206","120895505","KN296253v1","1433939","1434246","37","119461267"
"chr1","121011600","121011906","KN294728v1","1530565","1530875","35","119481035"
"chr1","121018396","121018707","KN294578v1","615670","615980","38","120402726"
"chr1","121045914","121046211","KN296580v1","3502","3804","32","121042412"
"chr1","121058472","121058774","KN296253v1","1592363","1592656","34","119466109"
"chr1","121202976","121203276","KN296865v1","28165","28464","30","121174811"
"chr1","121369903","121370170","KN297105v1","2746508","2746773","42","118623395"
"chr1","121836703","121836973","KN294728v1","1174657","1174939","43","120662046"
"chr1","121906689","121906982","KN296311v1","3017635","3017925","48","118889054"
"chr1","121992177","121992504","KN294501v1","1034844","1035153","53","120957333"
"chr1","122093091","122093299","KN296311v1","5030878","5031078","40","117062213"
"chr1","122107445","122107741","KN296865v1","903457","903746","31","121203988"
"chr1","122109675","122109966","KN296865v1","906008","906304","18","121203667"
"chr1","122129185","122129482","KN296865v1","924689","924986","20","121204496"
"chr1","122141908","122142199","KN296865v1","937658","937947","33","121204250"
"chr1","122171898","122172203","KN296865v1","965858","966143","39","121206040"
"chr1","122181471","122181733","KN294705v1","1319976","1320246","39","120861495"
"chr1","122190448","122190747","KN296865v1","985850","986151","33","121204598"
"chr1","122201693","122201971","KN297229v1","921644","921926","30","121280049"
"chr1","122238638","122238950","KN296865v1","1033695","1034008","24","121204943"
"chr1","122253882","122254178","KN296865v1","1048627","1048923","31","121205255"
"chr1","122262721","122263021","KN296865v1","1057082","1057387","34","121205639"
"chr1","122281024","122281321","KN296865v1","1075102","1075411","28","121205922"
"chr1","122383850","122384163","KN296865v1","1176489","1176790","33","121207361"
"chr1","122816100","122816397","KN296153v1","3677943","3678242","35","119138157"
"chr1","122858084","122858391","KN296865v1","1660337","1660636","29","121197747"
"chr1","122873131","122873427","KN295523v1","3420209","3420501","36","119452922"
"chr1","122886746","122887050","KN294717v1","373979","374286","36","122512767"
"chr1","122889184","122889486","KN294662v1","79885","80185","35","122809299"
"chr1","122896474","122896771","KN296865v1","1698876","1699171","31","121197598"
"chr1","122896957","122897229","KN296865v1","1699360","1699656","39","121197597"
"chr1","122957862","122958161","KN296153v1","3677943","3678242","28","119279919"
"chr1","122987602","122987912","KN296404v1","1938458","1938769","41","121049144"
"chr1","123007937","123008148","KN294147v1","1324573","1324798","43","121683364"
"chr1","123012459","123012761","KN296865v1","1820677","1820975","25","121191782"
"chr1","123023538","123023842","KN296865v1","1830961","1831265","26","121192577"
"chr1","123027033","123027339","KN296865v1","1834432","1834739","29","121192601"
"chr1","123040218","123040528","KN296153v1","3677943","3678242","44","119362275"
"chr1","123363555","123363877","KN297046v1","2404296","2404613","47","120959259"
"chr1","123473933","123474227","KN296062v1","1549748","1550043","38","121924185"
"chr1","123522788","123523099","KN297274v1","62324","62636","37","123460464"
"chr1","123561356","123561642","KN296311v1","1497364","1497647","37","122063992"
"chr1","123676453","123676762","KN295092v1","1081195","1081502","37","122595258"
"chr1","123706153","123706478","KN296538v1","1401368","1401681","50","122304785"
"chr1","123741561","123741870","KN296042v1","627408","627715","46","123114153"
"chr1","123752715","123753009","KN297227v1","1018475","1018768","31","122734240"
"chr1","123760304","123760613","KN295667v1","1687893","1688204","44","122072411"
"chr1","123786180","123786472","KN294416v1","208870","209165","33","123577310"
"chr1","123796684","123796966","KN297322v1","395465","395744","35","123401219"
"chr1","123818996","123819301","KN295326v1","314169","314472","32","123504827"
"chr1","123819744","123820051","KN294856v1","296536","296838","37","123523208"
"chr1","123828535","123828829","KN295459v1","1614660","1614952","41","122213875"
"chr1","123838190","123838493","KN297000v1","300195","300489","42","123537995"
"chr1","123866187","123866480","KN297408v1","636019","636320","37","123230168"
"chr1","123887900","123888204","KN296381v1","91265","91569","40","123796635"
"chr1","123891980","123892275","KN295983v1","1536250","1536551","29","122355730"
"chr1","123933439","123933749","KN295410v1","362826","363135","33","123570613"
"chr1","123955944","123956239","KN296747v1","35746","36041","37","123920198"
"chr1","123963342","123963629","KN297165v1","1143723","1144010","43","122819619"
"chr1","123975790","123976059","KN294964v1","1188096","1188367","37","122787694"
"chr1","123987883","123988115","KN294218v1","1748695","1748937","34","122239188"
"chr1","124028056","124028365","KN297159v1","2513513","2513817","47","121514543"
"chr1","124044923","124045217","KN297008v1","1975388","1975682","37","122069535"
"chr1","124054611","124054903","KN296859v1","895216","895514","34","123159395"
"chr1","124064349","124064653","KN295343v1","61003","61302","38","124003346"
"chr1","124071108","124071419","KN295906v1","230171","230481","35","123840937"
"chr1","124129591","124129884","KN295523v1","4128223","4128518","32","120001368"
"chr1","124147568","124147857","KN295350v1","1050025","1050313","40","123097543"
"chr1","124166429","124166724","KN294233v1","453860","454156","39","123712569"
"chr1","124206659","124206958","KN295596v1","2150851","2151146","39","122055808"
"chr1","124209810","124210116","KN295984v1","868891","869195","33","123340919"
"chr1","124212837","124213128","KN294493v1","404130","404414","51","123808707"
"chr1","124214874","124215164","KN295974v1","75089","75383","36","124139785"
"chr1","124227594","124227896","KN294439v1","269158","269457","30","123958436"
"chr1","124230434","124230724","KN297026v1","228587","228878","36","124001847"
"chr1","124250040","124250332","KN294592v1","186713","186998","40","124063327"
"chr1","124250572","124250868","KN296430v1","444033","444342","41","123806539"
"chr1","124253634","124253921","KN295995v1","1426233","1426527","36","122827401"
"chr1","124254426","124254730","KN295828v1","986840","987143","35","123267586"
"chr1","124267041","124267349","KN295375v1","132628","132930","43","124134413"
"chr1","124334200","124334493","KN295995v1","1426233","1426527","37","122907967"
"chr1","124337426","124337734","KN295758v1","997500","997807","43","123339926"
"chr1","124421830","124422125","KN294561v1","296837","297132","35","124124993"
"chr1","124473162","124473462","KN295814v1","1285532","1285833","38","123187630"
"chr1","124536107","124536411","KN295984v1","868891","869195","34","123667216"
"chr1","124582833","124583069","KN294949v1","1102235","1102466","32","123480598"
"chr1","124640725","124640955","KN296481v1","206504","206734","39","124434221"
"chr1","124729568","124729879","KN297153v1","1366929","1367240","36","123362639"
"chr1","124846122","124846385","KN296849v1","746362","746624","34","124099760"
"chr1","124865197","124865488","KN294172v1","5770836","5771132","43","119094361"
"chr1","124916546","124916856","KN295667v1","1687893","1688204","29","123228653"
"chr1","125055689","125055991","KN295907v1","2005048","2005348","33","123050641"
"chr1","125385745","125386038","KN296507v1","686124","686421","51","124699621"
"chr1","125418482","125418782","KN295983v1","1536250","1536551","40","123882232"
"chr1","125420246","125420541","KN296153v1","3677943","3678242","30","121742303"
"chr1","125478379","125478690","KN296460v1","441164","441467","40","125037215"
"chr1","125531864","125532172","KN296250v1","39359","39663","38","125492505"
"chr1","125634241","125634537","KN295382v1","148115","148414","36","125486126"
"chr1","125686194","125686485","KN295459v1","1614660","1614952","44","124071534"
"chr1","125775242","125775545","KN297019v1","1233639","1233939","38","124541603"
"chr1","126020874","126021169","KN295984v1","1136723","1137018","32","124884151"
"chr1","126156902","126157201","KN295326v1","139834","140136","48","126017068"
"chr1","126210341","126210647","KN297019v1","1233639","1233939","37","124976702"
"chr1","126254032","126254259","KN295930v1","22710","22939","35","126231322"
"chr1","126366783","126367077","KN296153v1","2309746","2310040","32","124057037"
"chr1","126480775","126481065","KN295825v1","1953498","1953787","36","124527277"
"chr1","126812965","126813262","KN294588v1","494059","494353","37","126318906"
"chr1","126820733","126821047","KN296035v1","338193","338502","40","126482540"
"chr1","126854401","126854728","KN296759v1","1006825","1007155","54","125847576"
"chr1","127026050","127026348","KN294758v1","374673","374971","36","126651377"
"chr1","127039626","127039923","KN295171v1","869545","869845","43","126170081"
"chr1","127262423","127262741","KN294264v1","371563","371884","59","126890860"
"chr1","127267721","127268002","KN294733v1","316989","317272","23","126950732"
"chr1","127520935","127521211","KN296464v1","220508","220789","53","127300427"
"chr1","127893630","127893936","KN296615v1","23255","23558","27","127870375"
"chr1","127991289","127991576","KN295236v1","4288094","4288382","33","123703195"
"chr1","127996198","127996493","KN294662v1","79885","80185","35","127916313"
"chr1","127999453","127999763","KN296153v1","2057313","2057618","46","125942140"
"chr1","128029516","128029826","KN297159v1","3314158","3314468","36","124715358"
"chr1","128050712","128051015","KN297176v1","81468","81771","38","127969244"
"chr1","128071587","128071898","KN295045v1","441758","442064","46","127629829"
"chr1","128084156","128084457","KN296244v1","99027","99317","59","127985129"
"chr1","128089843","128090180","KN295930v1","722077","722411","65","127367766"
"chr1","128097667","128097939","KN296731v1","785362","785640","37","127312305"
"chr1","128111934","128112231","KN294588v1","1492426","1492725","48","126619508"
"chr1","128144450","128144740","KN295995v1","1426233","1426527","35","126718217"
"chr1","128185813","128186120","KN296609v1","598588","598892","32","127587225"
"chr1","128188647","128188942","KN296481v1","288604","288899","34","127900043"
"chr1","128205877","128206179","KN296934v1","897698","898003","38","127308179"
"chr1","128217783","128218085","KN296865v1","1674895","1675192","42","126542888"
"chr1","128227839","128228139","KN297019v1","1233639","1233939","30","126994200"
"chr1","128257193","128257449","KN297008v1","2640522","2640786","43","125616671"
"chr1","128278878","128279172","KN296508v1","656798","657095","31","127622080"
"chr1","128287439","128287751","KN295114v1","20941","21251","42","128266498"
"chr1","128291471","128291782","KN295112v1","343212","343513","43","127948259"
"chr1","128316990","128317294","KN294325v1","986307","986615","36","127330683"
"chr1","128336692","128337004","KN296019v1","443353","443660","46","127893339"
"chr1","128340716","128341013","KN296062v1","1796687","1796987","41","126544029"
"chr1","128356334","128356654","KN296311v1","6527986","6528287","50","121828348"
"chr1","128358450","128358759","KN296486v1","698399","698705","36","127660051"
"chr1","128363797","128364103","KN296322v1","889103","889411","34","127474694"
"chr1","128374380","128374677","KN296153v1","3677943","3678242","28","124696437"
"chr1","128383532","128383833","KN295112v1","343212","343513","32","128040320"
"chr1","128396469","128396765","KN296505v1","349884","350174","42","128046585"
"chr1","128412636","128412873","KN296153v1","2778676","2778916","43","125633960"
"chr1","128415151","128415458","KN294291v1","56419","56726","38","128358732"
"chr1","128445080","128445365","KN296635v1","4770618","4770901","29","123674462"
"chr1","128453298","128453608","KN296731v1","1681432","1681735","34","126771866"
"chr1","128470695","128470994","KN297133v1","419676","419981","29","128051019"
"chr1","128491228","128491531","KN294172v1","4761492","4761794","40","123729736"
"chr1","128504687","128504982","KN295722v1","1364202","1364494","45","127140485"
"chr1","128508698","128509002","KN295501v1","1005257","1005557","36","127503441"
"chr1","128518094","128518388","KN296712v1","16206","16501","39","128501888"
"chr1","128529196","128529490","KN297044v1","811314","811606","35","127717882"
"chr1","128532009","128532310","KN295225v1","1170058","1170357","34","127361951"
"chr1","128552071","128552372","KN296381v1","91265","91569","41","128460806"
"chr1","128579835","128580175","KN295820v1","871055","871389","59","127708780"
"chr1","128596267","128596568","KN296747v1","35746","36041","36","128560521"
"chr1","128602109","128602354","KN294224v1","499754","500000","36","128102355"
"chr1","128626204","128626501","KN294399v1","151738","152035","42","128474466"
"chr1","128633878","128634099","KN295980v1","974799","975012","49","127659079"
"chr1","128647496","128647797","KN294571v1","2791374","2791676","34","125856122"
"chr1","128650491","128650786","KN294739v1","616485","616779","30","128034006"
"chr1","128732744","128733047","KN294234v1","1669486","1669797","50","127063258"
"chr1","128754691","128754991","KN294966v1","89371","89664","37","128665320"
"chr1","128758516","128758827","KN295114v1","20941","21251","38","128737575"
"chr1","128764800","128765103","KN295091v1","2420503","2420803","27","126344297"
"chr1","128775584","128775883","KN294416v1","208870","209165","38","128566714"
"chr1","128783330","128783628","KN296357v1","356792","357093","40","128426538"
"chr1","128788678","128788960","KN296934v1","866727","867015","36","127921951"
"chr1","128790485","128790788","KN296969v1","129025","129322","34","128661460"
"chr1","128791981","128792271","KN297095v1","1515149","1515433","36","127276832"
"chr1","128795487","128795783","KN295112v1","343212","343513","34","128452275"
"chr1","128820840","128821132","KN297259v1","1300977","1301270","39","127519863"
"chr1","128853058","128853367","KN295257v1","443937","444244","45","128409121"
"chr1","128864180","128864460","KN296062v1","2106200","2106493","45","126757980"
"chr1","128867962","128868254","KN295907v1","2257700","2257990","31","126610262"
"chr1","128910751","128911045","KN294536v1","1607732","1608024","35","127303019"
"chr1","128952596","128952893","KN294848v1","183918","184217","35","128768678"
"chr1","128972232","128972537","KN294539v1","2320327","2320629","36","126651905"
"chr1","128981409","128981702","KN295205v1","846954","847249","36","128134455"
"chr1","128996908","128997212","KN295315v1","360280","360581","41","128636628"
"chr1","129006299","129006599","KN297219v1","434860","435161","40","128571439"
"chr1","129033775","129034070","KN296747v1","35746","36041","29","128998029"
"chr1","129064645","129064927","KN294634v1","514588","514883","40","128550057"
"chr1","129106528","129106834","KN295091v1","2420503","2420803","38","126686025"
"chr1","129127902","129128189","KN295441v1","1712359","1712645","44","127415543"
"chr1","129134052","129134348","KN294407v1","855008","855306","37","128279044"
"chr1","129135434","129135732","KN294561v1","296837","297132","32","128838597"
"chr1","129141904","129142210","KN294717v1","373979","374286","37","128767925"
"chr1","129179925","129180225","KN294873v1","1327978","1328280","36","127851947"
"chr1","129200095","129200398","KN294385v1","354018","354312","39","128846077"
"chr1","129206213","129206317","KN296883v1","108917","109024","18","129097296"
"chr1","129206350","129206468","KN294262v1","128358","128478","18","129077992"
"chr1","129206616","129206922","KN294365v1","795012","795312","45","128411604"
"chr1","129210704","129211017","KN294705v1","912313","912625","38","128298391"
"chr1","129230749","129231049","KN294564v1","83172","83464","39","129147577"
"chr1","129238876","129239171","KN294662v1","79885","80185","34","129158991"
"chr1","129254207","129254505","KN296079v1","265721","266017","35","128988486"
"chr1","129262706","129263014","KN297317v1","20735","21043","40","129241971"
"chr1","129267861","129268161","KN296865v1","995225","995521","41","128272636"
"chr1","129278891","129279188","KN295671v1","96470","96768","45","129182421"
"chr1","129281923","129282228","KN296541v1","2244383","2244691","38","127037540"
"chr1","129289571","129289868","KN294630v1","494261","494558","32","128795310"
"chr1","129325708","129326008","KN296732v1","2013890","2014190","31","127311818"
"chr1","129340129","129340430","KN296075v1","565878","566186","39","128774251"
"chr1","129363325","129363636","KN294429v1","158211","158524","52","129205114"
"chr1","129369454","129369748","KN296508v1","656798","657095","45","128712656"
"chr1","129376859","129377157","KN296495v1","2880092","2880393","34","126496767"
"chr1","129381201","129381496","KN295573v1","249758","250054","33","129131443"
"chr1","129386796","129387089","KN294349v1","164140","164438","42","129222656"
"chr1","129387567","129387860","KN296809v1","750243","750541","32","128637324"
"chr1","129388502","129388791","KN296153v1","91872","92161","36","129296630"
"chr1","129403705","129404007","KN294385v1","354018","354312","44","129049687"
"chr1","129404764","129405057","KN295995v1","1426233","1426527","40","127978531"
"chr1","129407366","129407664","KN295171v1","231499","231801","45","129175867"
"chr1","129410736","129411036","KN297159v1","1901772","1902072","35","127508964"
"chr1","129419226","129419531","KN296934v1","897698","898003","40","128521528"
"chr1","129425033","129425321","KN297165v1","1143723","1144010","33","128281310"
"chr1","129425677","129425969","KN295825v1","1555832","1556125","40","127869845"
"chr1","129436269","129436540","KN295573v1","520941","521218","47","128915328"
"chr1","129453356","129453627","KN296306v1","883522","883801","40","128569834"
"chr1","129471602","129471903","KN296859v1","895216","895514","37","128576386"
"chr1","129495125","129495422","KN295995v1","1426233","1426527","41","128068892"
"chr1","129530076","129530341","KN296449v1","822","1085","35","129529254"
"chr1","129552445","129552733","KN295205v1","1220626","1220914","34","128331819"
"chr1","129583291","129583597","KN294806v1","835206","835511","36","128748085"
"chr1","129585195","129585492","KN295708v1","2588553","2588854","35","126996642"
"chr1","129610340","129610646","KN294444v1","165242","165552","42","129445098"
"chr1","129611773","129612065","KN295501v1","902998","903291","38","128708775"
"chr1","129616791","129617086","KN294995v1","46342","46636","32","129570449"
"chr1","129645427","129645738","KN295869v1","1600562","1600871","46","128044865"
"chr1","129645928","129646225","KN295633v1","141651","141946","33","129504277"
"chr1","129651740","129652042","KN297133v1","419676","419981","36","129232064"
"chr1","129663967","129664278","KN296588v1","1061611","1061921","38","128602356"
"chr1","129665048","129665365","KN296153v1","3677943","3678242","56","125987105"
"chr1","129671481","129671787","KN297133v1","419676","419981","32","129251805"
"chr1","129683097","129683378","KN295501v1","902998","903291","35","128780099"
"chr1","129692574","129692870","KN296280v1","453801","454105","42","129238773"
"chr1","129699881","129700187","KN296019v1","434249","434555","38","129265632"
"chr1","129701413","129701697","KN294444v1","38062","38349","27","129663351"
"chr1","129717676","129717966","KN295459v1","1614660","1614952","38","128103016"
"chr1","129744870","129745158","KN294260v1","846685","846986","36","128898185"
"chr1","129786467","129786789","KN295633v1","264317","264628","43","129522150"
"chr1","129803787","129804101","KN297171v1","2023036","2023349","41","127780751"
"chr1","129836006","129836324","KN294456v1","744187","744502","46","129091819"
"chr1","129943667","129943961","KN296588v1","801180","801474","41","129142487"
"chr1","129948769","129949071","KN294439v1","269158","269457","28","129679611"
"chr1","129949486","129949773","KN294457v1","3761","4056","31","129945725"
"chr1","129955435","129955741","KN294911v1","2576761","2577067","33","127378674"
"chr1","129979528","129979826","KN296430v1","666666","666968","32","129312862"
"chr1","130009989","130010293","KN294325v1","986307","986615","31","129023682"
"chr1","130069579","130069810","KN295236v1","5654727","5654960","34","124414852"
"chr1","130120709","130121004","KN294842v1","1078091","1078388","33","129042618"
"chr1","130241677","130241991","KN295090v1","765618","765928","45","129476059"
"chr1","130243349","130243657","KN296635v1","5126568","5126870","42","125116781"
"chr1","130307092","130307365","KN295498v1","191720","191998","38","130115372"
"chr1","130635830","130636120","KN297249v1","460615","460912","25","130175215"
"chr1","130742601","130742910","KN297158v1","171857","172167","34","130570744"
"chr1","131106759","131107079","KN295176v1","34358","34673","50","131072401"
"chr1","131107587","131107889","KN295697v1","189742","190043","36","130917845"
"chr1","131125160","131125456","KN296732v1","2013890","2014190","31","129111270"
"chr1","131439910","131440215","KN294365v1","836716","837022","36","130603194"
"chr1","131726829","131727121","KN294264v1","261999","262293","21","131464830"
"chr1","131731746","131732051","KN296019v1","434249","434555","40","131297497"
"chr1","131782833","131783130","KN294439v1","269158","269457","36","131513675"
"chr1","131808198","131808472","KN294705v1","1319976","1320246","39","130488222"
"chr1","131863314","131863617","KN295814v1","1591380","1591685","23","130271934"
"chr1","131896845","131897132","KN295368v1","2146364","2146648","35","129750481"
"chr1","131920801","131921098","KN295814v1","1539608","1539907","28","130381193"
"chr1","131947328","131947625","KN296538v1","444933","445232","32","131502395"
"chr1","131951497","131951793","KN295814v1","1509396","1509691","23","130442101"
"chr1","131959269","131959563","KN294264v1","261999","262293","39","131697270"
"chr1","131960359","131960659","KN295825v1","1555832","1556125","37","130404527"
"chr1","131961685","131961993","KN295814v1","1500239","1500541","34","130461446"
"chr1","131964534","131964836","KN295814v1","1490060","1490362","26","130474474"
"chr1","131965408","131965711","KN297133v1","419676","419981","32","131545732"
"chr1","131974628","131974800","KN296244v1","1009119","1009288","25","130965509"
"chr1","131975097","131975394","KN296404v1","106219","106515","36","131868878"
"chr1","131980353","131980650","KN295814v1","1478894","1479191","36","130501459"
"chr1","132005671","132005976","KN295977v1","249013","249314","37","131756658"
"chr1","132011297","132011566","KN294570v1","202062","202336","43","131809235"
"chr1","132034171","132034468","KN295814v1","1422389","1422685","32","130611782"
"chr1","132037966","132038264","KN295571v1","618918","619228","44","131419048"
"chr1","132074183","132074465","KN294633v1","168403","168684","43","131905780"
"chr1","132110776","132111102","KN294521v1","354184","354502","54","131756592"
"chr1","132146611","132146914","KN296019v1","434249","434555","41","131712362"
"chr1","132214676","132214965","KN297343v1","703783","704073","32","131510893"
"chr1","132233067","132233377","KN295814v1","1214631","1214936","32","131018436"
"chr1","132238092","132238408","KN295814v1","1209845","1210150","39","131028247"
"chr1","132257230","132257525","KN295893v1","7197820","7198121","41","125059410"
"chr1","132269920","132270224","KN295814v1","1176654","1176960","21","131093266"
"chr1","132276493","132276797","KN295814v1","1168907","1169208","37","131107586"
"chr1","132287039","132287337","KN295814v1","1158228","1158525","26","131128811"
"chr1","132342219","132342521","KN295814v1","1101810","1102115","26","131240409"
"chr1","132348144","132348437","KN295814v1","1095855","1096147","19","131252289"
"chr1","132352179","132352488","KN294717v1","373979","374286","37","131978200"
"chr1","132370050","132370360","KN295814v1","1073751","1074062","35","131296299"
"chr1","132381992","132382237","KN295814v1","1064739","1064989","23","131317253"
"chr1","132388525","132388829","KN296934v1","897698","898003","36","131490827"
"chr1","132395279","132395557","KN295835v1","204032","204310","32","132191247"
"chr1","132401444","132401755","KN297026v1","1059088","1059400","31","131342356"
"chr1","132404903","132405214","KN297026v1","1059088","1059400","31","131345815"
"chr1","132408761","132409055","KN296036v1","746229","746528","47","131662532"
"chr1","132414229","132414520","KN295814v1","1035042","1035335","30","131379187"
"chr1","132442719","132443033","KN295976v1","190592","190897","45","132252127"
"chr1","132464178","132464485","KN296865v1","403115","403422","40","132061063"
"chr1","132504984","132505261","KN296485v1","477078","477358","42","132027906"
"chr1","132505413","132505702","KN295814v1","936789","937084","30","131568624"
"chr1","132529420","132529719","KN295923v1","1231839","1232151","40","131297581"
"chr1","132529938","132530226","KN297452v1","1985415","1985704","41","130544523"
"chr1","132532773","132533068","KN296153v1","3677943","3678242","34","128854830"
"chr1","132556019","132556322","KN295523v1","2519145","2519447","32","130036874"
"chr1","132563054","132563353","KN297019v1","1233639","1233939","31","131329415"
"chr1","132565201","132565485","KN296496v1","355776","356054","38","132209425"
"chr1","132574487","132574782","KN295907v1","1253096","1253393","38","131321391"
"chr1","132589567","132589881","KN297320v1","2087688","2087983","58","130501879"
"chr1","132598347","132598645","KN295814v1","842146","842452","35","131756201"
"chr1","132625044","132625334","KN294705v1","1860216","1860507","40","130764828"
"chr1","132628209","132628504","KN294758v1","374673","374971","37","132253536"
"chr1","132636548","132636848","KN297058v1","42553","42853","34","132593995"
"chr1","132668548","132668843","KN294407v1","2599527","2599837","48","130069021"
"chr1","132690846","132691126","KN295814v1","749165","749465","40","131941681"
"chr1","132717482","132717781","KN295814v1","723762","724057","27","131993720"
"chr1","132719255","132719565","KN294387v1","2599087","2599393","26","130120168"
"chr1","132737132","132737432","KN294588v1","1492426","1492725","36","131244706"
"chr1","132771802","132772099","KN295814v1","667626","667923","27","132104176"
"chr1","132773514","132773813","KN296732v1","2013890","2014190","35","130759624"
"chr1","132783082","132783394","KN294647v1","185825","186131","38","132597257"
"chr1","132786187","132786483","KN295814v1","652017","652314","22","132134170"
"chr1","132795934","132796195","KN295433v1","566711","566958","54","132229223"
"chr1","132818822","132819136","KN295114v1","20941","21251","30","132797881"
"chr1","132837368","132837650","KN295814v1","602021","602295","35","132235347"
"chr1","132891528","132891809","KN294325v1","950538","950824","33","131940990"
"chr1","132910535","132910826","KN295814v1","521897","522187","33","132388638"
"chr1","132966907","132967209","KN296154v1","1901209","1901519","40","131065698"
"chr1","133031636","133031914","KN295814v1","403750","404032","29","132627886"
"chr1","133176413","133176707","KN295717v1","1066951","1067239","48","132109462"
"chr1","133176712","133177002","KN295814v1","263615","263905","22","132913097"
"chr1","133187147","133187457","KN294668v1","2076710","2077017","41","131110437"
"chr1","133191799","133192066","KN294292v1","24945","25210","38","133166854"
"chr1","133228697","133228986","KN295814v1","205399","205697","29","133023298"
"chr1","133236740","133237035","KN294662v1","79885","80185","33","133156855"
"chr1","133242757","133242911","KN297154v1","1254085","1254233","34","131988672"
"chr1","133243292","133243396","KN296460v1","1008263","1008352","33","132235029"
"chr1","133251605","133251900","KN294439v1","269158","269457","35","132982447"
"chr1","133291946","133292249","KN295045v1","1082111","1082418","37","132209835"
"chr1","133298396","133298691","KN294462v1","73428","73721","34","133224968"
"chr1","133379375","133379678","KN295605v1","621515","621818","36","132757860"
"chr1","133400205","133400503","KN295814v1","30514","30812","22","133369691"
"chr1","133413011","133413312","KN295814v1","24414","24720","29","133388597"
"chr1","133422247","133422558","KN294387v1","2599087","2599393","38","130823160"
"chr1","133485371","133485662","KN294697v1","98914","99214","40","133386457"
"chr1","133507566","133507850","KN294458v1","173350","173637","36","133334216"
"chr1","133555857","133556030","KN294856v1","297201","297370","22","133258656"
"chr1","133556393","133556698","KN294856v1","296536","296838","27","133259857"
"chr1","133568233","133568526","KN296311v1","4110039","4110330","38","129458194"
"chr1","133606502","133606808","KN294856v1","242815","243114","46","133363687"
"chr1","133617860","133618172","KN295045v1","469620","469933","44","133148240"
"chr1","133628507","133628815","KN294446v1","410629","410926","48","133217878"
"chr1","133649648","133649945","KN295550v1","1007565","1007867","38","132642083"
"chr1","133650558","133650864","KN295480v1","3342693","3343004","51","130307865"
"chr1","133656264","133656557","KN294739v1","616485","616779","45","133039779"
"chr1","133665611","133665773","KN294856v1","188954","189117","12","133476657"
"chr1","133675648","133675897","KN296557v1","404563","404804","56","133271085"
"chr1","133681603","133681894","KN297242v1","353076","353374","36","133328527"
"chr1","133696240","133696411","KN295610v1","385910","386078","29","133310330"
"chr1","133699416","133699695","KN294856v1","156181","156451","36","133543235"
"chr1","133750992","133751305","KN295906v1","230171","230481","39","133520821"
"chr1","133759858","133760157","KN296732v1","2013890","2014190","28","131745968"
"chr1","133775838","133776139","KN294856v1","76860","77164","30","133698978"
"chr1","133790260","133790566","KN296731v1","1681432","1681735","45","132108828"
"chr1","133819947","133820252","KN296732v1","2013890","2014190","34","131806057"
"chr1","133820890","133821044","KN296096v1","771802","771950","28","133049088"
"chr1","133823196","133823492","KN294856v1","35404","35710","36","133787792"
"chr1","133829006","133829289","KN296643v1","511564","511844","37","133317442"
"chr1","133854797","133855089","KN295225v1","852978","853269","40","133001819"
"chr1","133907131","133907428","KN294365v1","795012","795312","42","133112119"
"chr1","133917048","133917330","KN296296v1","398950","399230","27","133518098"
"chr1","133933345","133933656","KN296040v1","856534","856847","43","133076811"
"chr1","133954548","133954860","KN296296v1","355609","355912","31","133598939"
"chr1","133955798","133956082","KN296296v1","353960","354257","30","133601838"
"chr1","133962219","133962510","KN296296v1","347602","347896","26","133614617"
"chr1","133964394","133964698","KN296296v1","345425","345730","35","133618969"
"chr1","133966942","133967253","KN294578v1","615670","615980","40","133351272"
"chr1","133968772","133969054","KN296296v1","341417","341708","27","133627355"
"chr1","133984133","133984439","KN294457v1","1379597","1379899","33","132604536"
"chr1","133998131","133998425","KN294416v1","208870","209165","40","133789261"
"chr1","134020862","134021145","KN296296v1","292724","293005","30","133728138"
"chr1","134031634","134031922","KN296153v1","91872","92161","46","133939762"
"chr1","134041509","134041816","KN295633v1","761520","761828","46","133279989"
"chr1","134042132","134042420","KN297165v1","1143723","1144010","29","132898409"
"chr1","134049819","134050117","KN294181v1","810707","811001","39","133239112"
"chr1","134075634","134075953","KN294365v1","1401774","1402095","47","132673860"
"chr1","134077785","134078093","KN294346v1","372059","372367","37","133705726"
"chr1","134098538","134098830","KN294387v1","2599087","2599393","45","131499451"
"chr1","134122416","134122722","KN296296v1","202851","203147","39","133919565"
"chr1","134132615","134132922","KN294375v1","745308","745614","36","133387307"
"chr1","134135220","134135525","KN296296v1","189757","190051","33","133945463"
"chr1","134155552","134155675","KN294583v1","321529","321643","18","133834023"
"chr1","134156100","134156277","KN296311v1","6345971","6346144","23","127810129"
"chr1","134182779","134183094","KN295090v1","765618","765928","44","133417161"
"chr1","134185499","134185732","KN296296v1","134599","134838","23","134050900"
"chr1","134192030","134192330","KN296140v1","777217","777517","41","133414813"
"chr1","134214483","134214792","KN296731v1","1681432","1681735","37","132533051"
"chr1","134242145","134242441","KN296296v1","65805","66112","34","134176340"
"chr1","134249274","134249580","KN295667v1","1687893","1688204","38","132561381"
"chr1","134250336","134250514","KN296119v1","3625254","3625431","26","130625082"
"chr1","134254579","134254878","KN294385v1","354018","354312","37","133900561"
"chr1","134257702","134257996","KN296296v1","50084","50379","27","134207618"
"chr1","134263653","134263948","KN296296v1","44368","44666","27","134219285"
"chr1","134275023","134275316","KN296849v1","262325","262616","38","134012698"
"chr1","134290270","134290563","KN294187v1","743503","743794","36","133546767"
"chr1","134294851","134295161","KN294172v1","4623261","4623567","35","129671590"
"chr1","134301386","134301667","KN295459v1","668016","668299","39","133633370"
"chr1","134372474","134372770","KN296093v1","68988","69293","28","134303486"
"chr1","134403321","134403617","KN296093v1","68988","69293","28","134334333"
"chr1","134499192","134499476","KN296093v1","160441","160730","34","134338751"
"chr1","134524147","134524468","KN297444v1","460573","460889","52","134063574"
"chr1","134531324","134531626","KN294662v1","79885","80185","38","134451439"
"chr1","134557802","134558110","KN296093v1","222717","223024","19","134335085"
"chr1","134583636","134583947","KN295869v1","284557","284865","37","134299079"
"chr1","134592660","134592964","KN294172v1","4761492","4761794","43","129831168"
"chr1","134594118","134594292","KN295433v1","533187","533363","21","134060931"
"chr1","134595860","134596034","KN296119v1","3625254","3625431","22","130970606"
"chr1","134611425","134611720","KN296759v1","638542","638840","29","133972883"
"chr1","134619987","134620281","KN297046v1","1241337","1241636","39","133378650"
"chr1","134639894","134640196","KN297019v1","1233639","1233939","37","133406255"
"chr1","134647058","134647364","KN297133v1","419676","419981","43","134227382"
"chr1","134649782","134650088","KN296357v1","356792","357093","39","134292990"
"chr1","134669702","134670001","KN296062v1","1796687","1796987","36","132873015"
"chr1","134680022","134680323","KN296075v1","437481","437780","29","134242541"
"chr1","134691447","134691748","KN297112v1","3867935","3868239","41","130823512"
"chr1","134693791","134694099","KN294647v1","185825","186131","32","134507966"
"chr1","134830346","134830646","KN295405v1","355290","355590","26","134475056"
"chr1","134909053","134909366","KN294325v1","986307","986615","33","133922746"
"chr1","134920722","134921019","KN294879v1","87822","88121","44","134832900"
"chr1","134984903","134985199","KN295320v1","27087","27386","39","134957816"
"chr1","135021903","135022209","KN295112v1","343212","343513","37","134678691"
"chr1","135054604","135054911","KN295350v1","243779","244085","31","134810825"
"chr1","135078592","135078881","KN295459v1","1498869","1499159","36","133579723"
"chr1","135090109","135090400","KN295586v1","1077188","1077483","32","134012921"
"chr1","135124987","135125283","KN294444v1","57733","58029","33","135067254"
"chr1","135341392","135341701","KN295294v1","3132769","3133075","43","132208623"
"chr1","135352743","135353030","KN295022v1","486627","486913","36","134866116"
"chr1","135781533","135781808","KN295907v1","1195102","1195376","30","134586431"
"chr1","135867212","135867507","KN294932v1","178844","179137","32","135688368"
"chr1","135969668","135969889","KN295375v1","719146","719370","39","135250522"
"chr1","135972278","135972537","KN294187v1","1074019","1074273","34","134898259"
"chr1","136078087","136078391","KN297322v1","792278","792585","44","135285809"
"chr1","136101421","136101723","KN294539v1","2320327","2320629","49","133781094"
"chr1","136124304","136124596","KN294416v1","716060","716346","46","135408244"
"chr1","136213646","136213935","KN294251v1","2057577","2057867","39","134156069"
"chr1","136272299","136272604","KN295984v1","974577","974872","47","135297722"
"chr1","136283834","136284130","KN296712v1","16206","16501","39","136267628"
"chr1","136303955","136304239","KN295883v1","126524","126801","58","136177431"
"chr1","136355174","136355463","KN297343v1","1643523","1643812","31","134711651"
"chr1","136432091","136432386","KN294911v1","2427333","2427628","34","134004758"
"chr1","136526479","136526785","KN294668v1","2096517","2096825","41","134429962"
"chr1","136718846","136719136","KN294949v1","562571","562859","48","136156275"
"chr1","136903284","136903548","KN295090v1","1314407","1314676","42","135588877"
"chr1","137047140","137047440","KN295893v1","726450","726745","42","136320690"
"chr1","137242751","137242929","KN294281v1","989793","989968","28","136252958"
"chr1","137269820","137270100","KN296802v1","336282","336552","53","136933538"
"chr1","137315449","137315725","KN296883v1","1876555","1876830","41","135438894"
"chr1","137325872","137326179","KN294161v1","1329091","1329392","46","135996781"
"chr1","137365288","137365590","KN296859v1","895216","895514","33","136470072"
"chr1","137396393","137396697","KN294571v1","572623","572929","50","136823770"
"chr1","137464613","137464941","KN295586v1","3218278","3218591","59","134246335"
"chr1","137553167","137553487","KN296137v1","1444","1748","51","137551723"
"chr1","137664860","137665142","KN297259v1","1543190","1543474","34","136121670"
"chr1","138003650","138003938","KN294824v1","266285","266568","39","137737365"
"chr1","138063172","138063460","KN295057v1","1022237","1022524","30","137040935"
"chr1","138081296","138081620","KN295176v1","34358","34673","47","138046938"
"chr1","138194931","138195236","KN296290v1","702538","702843","30","137492393"
"chr1","138474617","138474769","KN296381v1","14948","15105","28","138459669"
"chr1","138511933","138512237","KN295057v1","573634","573937","30","137938299"
"chr1","138524811","138525110","KN295057v1","560964","561263","34","137963847"
"chr1","138526196","138526508","KN294717v1","373979","374286","41","138152217"
"chr1","138610822","138611131","KN295092v1","242706","243018","33","138368116"
"chr1","138612983","138613190","KN296849v1","936599","936808","27","137676384"
"chr1","138628846","138629144","KN295501v1","1005257","1005557","33","137623589"
"chr1","138683261","138683554","KN296153v1","3677943","3678242","32","135005318"
"chr1","138695484","138695786","KN296062v1","1796687","1796987","36","136898797"
"chr1","138702520","138702819","KN295057v1","379008","379299","25","138323512"
"chr1","138732429","138732724","KN297050v1","118941","119241","36","138613488"
"chr1","138770124","138770435","KN296849v1","575797","576109","36","138194327"
"chr1","138794897","138795198","KN295057v1","290067","290362","34","138504830"
"chr1","138930604","138930898","KN295057v1","150318","150612","37","138780286"
"chr1","139008163","139008472","KN297038v1","2343556","2343866","44","136664607"
"chr1","139052990","139053276","KN295523v1","1115893","1116182","35","137937097"
"chr1","139164534","139164809","KN297274v1","1076900","1077174","35","138087634"
"chr1","139169262","139169558","KN297008v1","1975388","1975682","27","137193874"
"chr1","139193277","139193555","KN295717v1","1514947","1515232","39","137678330"
"chr1","139196276","139196572","KN296153v1","3677943","3678242","37","135518333"
"chr1","139224541","139224834","KN296153v1","2309746","2310040","39","136914795"
"chr1","139231055","139231352","KN295855v1","21394","21692","35","139209661"
"chr1","139256744","139257049","KN296311v1","4819781","4820090","42","134436963"
"chr1","139293128","139293428","KN295236v1","4576569","4576870","41","134716559"
"chr1","139296305","139296598","KN295459v1","1614660","1614952","36","137681645"
"chr1","139299830","139300137","KN294717v1","373979","374286","33","138925851"
"chr1","139301602","139301906","KN294387v1","1455868","1456171","34","137845734"
"chr1","139307791","139308086","KN295601v1","1239412","1239710","35","138068379"
"chr1","139310951","139311244","KN294462v1","73428","73721","31","139237523"
"chr1","139319173","139319453","KN294172v1","6258303","6258586","37","133060870"
"chr1","139323953","139324257","KN295112v1","343212","343513","41","138980741"
"chr1","139340738","139341040","KN295236v1","1764741","1765042","38","137575997"
"chr1","139349693","139350000","KN294711v1","928479","928780","48","138421214"
"chr1","139351606","139351921","KN295967v1","272157","272472","41","139079449"
"chr1","139394428","139394735","KN296146v1","75815","76117","49","139318613"
"chr1","139452600","139452898","KN294457v1","738194","738491","43","138714406"
"chr1","139479362","139479614","KN294527v1","91066","91318","39","139388296"
"chr1","139486091","139486377","KN296731v1","785362","785640","37","138700729"
"chr1","139493634","139493941","KN294571v1","572623","572929","38","138921011"
"chr1","139535428","139535724","KN296075v1","836648","836947","41","138698780"
"chr1","139566824","139567146","KN296146v1","242748","243055","45","139324076"
"chr1","139620046","139620103","KN296146v1","297164","297220","1","139322882"
"chr1","139630932","139631034","KN296620v1","1044525","1044623","21","138586407"
"chr1","139646276","139646569","KN296146v1","323865","324159","25","139322411"
"chr1","139663929","139664248","KN295725v1","1918057","1918367","46","137745872"
"chr1","139687086","139687373","KN296146v1","365087","365379","24","139321999"
"chr1","139694538","139694825","KN296424v1","403519","403805","42","139291019"
"chr1","139703185","139703338","KN297274v1","1259586","1259748","26","138443599"
"chr1","139742435","139742733","KN294911v1","3820095","3820391","33","135922340"
"chr1","139766879","139767177","KN295061v1","25481","25779","30","139741398"
"chr1","139770355","139770651","KN296153v1","3677943","3678242","33","136092412"
"chr1","139899611","139899916","KN294161v1","682242","682548","41","139217369"
"chr1","139930235","139930374","KN296702v1","607814","607951","16","139322421"
"chr1","139970340","139970633","KN294879v1","351077","351369","36","139619263"
"chr1","139978830","139979104","KN297146v1","95608","95874","34","139883222"
"chr1","140009103","140009244","KN296825v1","1361880","1362022","13","138647223"
"chr1","140301217","140301516","KN294991v1","1225134","1225431","32","139076083"
"chr1","140303304","140303616","KN297146v1","466264","466556","45","139837040"
"chr1","140324144","140324447","KN294790v1","2757948","2758248","37","137566196"
"chr1","140635588","140635711","KN295872v1","111033","111155","10","140524555"
"chr1","140753938","140754245","KN295977v1","1044244","1044548","49","139709694"
"chr1","140754248","140754528","KN294911v1","2713981","2714262","49","138040267"
"chr1","140791431","140791562","KN297444v1","275896","276018","23","140515535"
"chr1","140798254","140798551","KN294662v1","79885","80185","34","140718369"
"chr1","140819156","140819455","KN297118v1","331005","331307","35","140488151"
"chr1","140848507","140848810","KN294842v1","690378","690679","42","140158129"
"chr1","140856684","140856992","KN294387v1","2599087","2599393","43","138257597"
"chr1","140867836","140868136","KN295855v1","94972","95268","40","140772864"
"chr1","140881904","140882033","KN297197v1","1187476","1187605","25","139694428"
"chr1","140940747","140941007","KN295343v1","590393","590642","44","140350354"
"chr1","141091381","141091425","KN296146v1","383547","383594","9","140707834"
"chr1","141094831","141095042","KN294978v1","1189593","1189804","30","139905238"
"chr1","141135106","141135377","KN296635v1","5050048","5050310","45","136085058"
"chr1","141164117","141164433","KN294262v1","2954079","2954389","41","138210038"
"chr1","141310892","141311206","KN296381v1","532746","533066","45","140778146"
"chr1","141339177","141339470","KN296062v1","2106200","2106493","43","139232977"
"chr1","141386832","141387111","KN297105v1","268954","269236","33","141117878"
"chr1","141855661","141855951","KN297105v1","727516","727811","38","141128145"
"chr1","142101313","142101617","KN295343v1","995447","995750","37","141105866"
"chr1","142228062","142228357","KN296404v1","106219","106515","30","142121843"
"chr1","142249163","142249492","KN297105v1","1080481","1080777","61","141168682"
"chr1","142310334","142310371","KN297105v1","1138514","1138551","2","141171820"
"chr1","142449439","142449731","KN296292v1","232041","232324","43","142217398"
"chr1","142713524","142713825","KN295257v1","604948","605238","54","142108576"
"chr1","142755561","142755848","KN294513v1","735571","735866","41","142019990"
"chr1","142850227","142850532","KN294842v1","1112068","1112365","36","141738159"
"chr1","142913197","142913478","KN295692v1","1562388","1562681","39","141350809"
"chr1","143460295","143460606","KN296290v1","702538","702843","50","142757757"
"chr1","143526581","143526892","KN296849v1","575797","576109","41","142950784"
"chr1","143591420","143591718","KN296732v1","2013890","2014190","28","141577530"
"chr1","143734958","143735247","KN295474v1","973205","973501","39","142761753"
"chr1","143838983","143839270","KN295202v1","95554","95843","38","143743429"
"chr1","143854184","143854487","KN297367v1","171251","171554","30","143682933"
"chr1","143880237","143880380","KN296057v1","336","461","31","143879901"
"chr1","143960306","143960666","KN297105v1","2732332","2732692","33","141227974"
"chr1","143964003","143964314","KN297105v1","2736079","2736381","33","141227924"
"chr1","144000734","144001039","KN295236v1","4576569","4576870","36","139424165"
"chr1","144049898","144050207","KN295667v1","1687893","1688204","37","142362005"
"chr1","144053200","144053489","KN295825v1","1953498","1953787","37","142099702"
"chr1","144077231","144077519","KN294187v1","1526075","1526365","42","142551156"
"chr1","144105980","144106279","KN297105v1","2899673","2899969","34","141206307"
"chr1","144125715","144126008","KN296747v1","35746","36041","33","144089969"
"chr1","144161774","144162084","KN294588v1","1492426","1492725","38","142669348"
"chr1","144197108","144197403","KN296747v1","35746","36041","32","144161362"
"chr1","144293344","144293636","KN294536v1","1607732","1608024","38","142685612"
"chr1","144295874","144296164","KN295923v1","2324646","2324938","32","141971228"
"chr1","144311452","144311728","KN295523v1","4195930","4196206","40","140115522"
"chr1","144360895","144361203","KN297105v1","3144860","3145161","34","141216035"
"chr1","144533453","144533744","KN297105v1","3325069","3325369","30","141208384"
"chr1","144695579","144695853","KN297105v1","3469569","3469849","36","141226010"
"chr1","144759808","144760103","KN294873v1","1249435","1249733","41","143510373"
"chr1","144779590","144779874","KN297105v1","3549967","3550258","31","141229623"
"chr1","144809552","144809839","KN294741v1","446127","446414","42","144363425"
"chr1","144986491","144986804","KN294387v1","2599087","2599393","41","142387404"
"chr1","144992188","144992480","KN295923v1","1438272","1438565","38","143553916"
"chr1","145129915","145130203","KN297259v1","1567770","1568069","46","143562145"
"chr1","145252976","145253276","KN295497v1","449862","450160","35","144803114"
"chr1","145474929","145475238","KN296859v1","2095933","2096235","33","143378996"
"chr1","145479263","145479556","KN296859v1","2091587","2091895","34","143387676"
"chr1","145505986","145506283","KN296859v1","2066814","2067111","28","143439172"
"chr1","145542630","145542918","KN294662v1","79885","80185","50","145462745"
"chr1","145564700","145564986","KN296315v1","608066","608353","42","144956634"
"chr1","145564991","145565303","KN297133v1","419676","419981","33","145145315"
"chr1","145567202","145567498","KN296287v1","46583","46877","35","145520619"
"chr1","145631733","145632023","KN294407v1","2733858","2734151","40","142897875"
"chr1","145702800","145703031","KN296859v1","1870551","1870779","26","143832249"
"chr1","145768729","145769036","KN296859v1","1805310","1805626","32","143963419"
"chr1","145820302","145820614","KN296859v1","1752085","1752399","32","144068217"
"chr1","145901775","145902050","KN296859v1","1669377","1669668","43","144232398"
"chr1","146007372","146007673","KN294387v1","2599087","2599393","44","143408285"
"chr1","146017615","146017907","KN294493v1","1430297","1430587","32","144587318"
"chr1","146120628","146120913","KN297313v1","705086","705370","51","145415542"
"chr1","146174346","146174653","KN296311v1","5092316","5092620","38","141082030"
"chr1","146191292","146191600","KN295382v1","230497","230807","34","145960795"
"chr1","146199765","146200056","KN296859v1","1376415","1376713","32","144823350"
"chr1","146218992","146219280","KN294493v1","1430297","1430587","32","144788695"
"chr1","146242584","146242895","KN296859v1","1333493","1333786","41","144909091"
"chr1","146248066","146248366","KN295171v1","869545","869845","34","145378521"
"chr1","146274911","146275202","KN295202v1","95554","95843","27","146179357"
"chr1","146290629","146290916","KN296859v1","1287095","1287372","25","145003534"
"chr1","146371036","146371336","KN295350v1","405055","405352","31","145965981"
"chr1","146479150","146479459","KN296859v1","1099697","1099996","26","145379453"
"chr1","146487979","146488282","KN294539v1","761382","761684","36","145726597"
"chr1","146495960","146496089","KN296859v1","1083380","1083506","10","145412580"
"chr1","146567520","146567815","KN296859v1","1016271","1016558","31","145551249"
"chr1","146599152","146599440","KN296859v1","982774","983054","29","145616378"
"chr1","146671202","146671373","KN295987v1","271542","271712","17","146399660"
"chr1","146686888","146687196","KN296682v1","2108567","2108875","34","144578321"
"chr1","146707369","146707674","KN295533v1","1552722","1553025","30","145154647"
"chr1","147147796","147148075","KN296859v1","441692","441970","31","146706104"
"chr1","147231166","147231478","KN295523v1","923521","923832","40","146307645"
"chr1","147263849","147264132","KN297320v1","2087688","2087983","57","145176161"
"chr1","147726656","147726962","KN295501v1","1005257","1005557","33","146721399"
"chr1","147872106","147872389","KN295459v1","750013","750300","41","147122093"
"chr1","147873706","147874047","KN296943v1","172262","172596","51","147701444"
"chr1","148046510","148046803","KN294407v1","93660","93961","42","147952850"
"chr1","148138779","148139080","KN295550v1","1007565","1007867","32","147131214"
"chr1","148199343","148199646","KN294208v1","624367","624674","28","147574976"
"chr1","148235655","148235946","KN296036v1","938597","938882","41","147297058"
"chr1","148285003","148285310","KN294208v1","709399","709699","25","147575604"
"chr1","148313555","148313831","KN294208v1","737952","738224","25","147575603"
"chr1","148332141","148332439","KN295077v1","585208","585503","41","147746933"
"chr1","148719669","148719970","KN296943v1","309219","309527","22","148410450"
"chr1","148736690","148736997","KN296934v1","897698","898003","40","147838992"
"chr1","148863085","148863389","KN296859v1","895216","895514","44","147967869"
"chr1","148865232","148865341","KN295349v1","43324","43438","20","148821908"
"chr1","148903002","148903311","KN295708v1","1599062","1599372","40","147303940"
"chr1","148944939","148945251","KN296145v1","2759462","2759771","36","146185477"
"chr1","149043487","149043789","KN296495v1","1976569","1976874","36","147066918"
"chr1","149171671","149171976","KN294387v1","2599087","2599393","33","146572584"
"chr1","149252181","149252459","KN294251v1","2057577","2057867","52","147194604"
"chr1","149257048","149257367","KN296096v1","3183138","3183434","52","146073910"
"chr1","149276880","149277186","KN296749v1","1279540","1279844","17","147997340"
"chr1","149514938","149515206","KN296849v1","746362","746624","42","148768576"
"chr1","149760567","149760863","KN297197v1","3985014","3985309","47","145775553"
"chr1","149819963","149820160","KN297452v1","14244","14440","39","149805719"
"chr1","149824701","149824993","KN296435v1","3246212","3246499","42","146578489"
"chr1","149875177","149875490","KN296795v1","844620","844932","41","149030557"
"chr1","149879757","149879992","KN296749v1","712972","713203","26","149166785"
"chr1","149887422","149887723","KN296749v1","710454","710758","34","149176968"
"chr1","149918484","149918789","KN294229v1","97510","97813","43","149820974"
"chr1","150005912","150006215","KN296749v1","612463","612768","28","149393449"
"chr1","150061341","150061653","KN295114v1","20941","21251","42","150040400"
"chr1","150085477","150085765","KN296749v1","539480","539768","33","149545997"
"chr1","150096182","150096466","KN295708v1","792696","792979","36","149303486"
"chr1","150124649","150124955","KN297095v1","1456054","1456355","36","148668595"
"chr1","150369572","150369871","KN296403v1","494798","495091","34","149874774"
"chr1","150455534","150455833","KN295983v1","1536250","1536551","37","148919284"
"chr1","150517726","150518008","KN295523v1","4168361","4168642","39","146349365"
"chr1","150530391","150530701","KN296849v1","575797","576109","33","149954594"
"chr1","150575424","150575656","KN296019v1","205848","206076","34","150369576"
"chr1","150712289","150712597","KN297000v1","49763","50071","28","150662526"
"chr1","150802499","150802832","KN294739v1","260336","260663","47","150542163"
"chr1","150951031","150951322","KN297000v1","290126","290427","31","150660905"
"chr1","150955300","150955609","KN294172v1","2551970","2552279","45","148403330"
"chr1","151195683","151195996","KN297000v1","539411","539720","46","150656272"
"chr1","151479876","151480171","KN297230v1","1127269","1127564","32","150352607"
"chr1","151547093","151547401","KN296864v1","783252","783562","40","150763841"
"chr1","151568601","151568900","KN296157v1","268325","268625","26","151300276"
"chr1","151801647","151801958","KN296775v1","905300","905611","32","150896347"
"chr1","151924667","151924964","KN296157v1","619408","619700","32","151305259"
"chr1","152125269","152125566","KN296732v1","2013890","2014190","38","150111379"
"chr1","152220271","152220563","KN294385v1","366902","367202","39","151853369"
"chr1","152316835","152317135","KN296157v1","1019939","1020230","29","151296896"
"chr1","152321662","152321957","KN294535v1","611153","611447","35","151710509"
"chr1","152360845","152361151","KN296157v1","1069626","1069919","44","151291219"
"chr1","152382036","152382335","KN296157v1","1089117","1089412","33","151292919"
"chr1","152406160","152406458","KN294777v1","58790","59083","33","152347370"
"chr1","152478846","152479107","KN296849v1","746362","746624","35","151732484"
"chr1","152481027","152481280","KN294527v1","91066","91318","32","152389961"
"chr1","152488140","152488409","KN295243v1","302117","302391","34","152186023"
"chr1","152509867","152510161","KN295225v1","852978","853269","31","151656889"
"chr1","152512686","152512983","KN296157v1","1224285","1224570","33","151288401"
"chr1","152515285","152515563","KN296157v1","1226436","1226725","39","151288849"
"chr1","152571166","152571479","KN296157v1","1284022","1284338","30","151287144"
"chr1","152607859","152608161","KN295983v1","1536250","1536551","33","151071609"
"chr1","152686216","152686425","KN296157v1","1400696","1400905","21","151285520"
"chr1","152704294","152704585","KN296075v1","154187","154480","38","152550107"
"chr1","152728139","152728431","KN295077v1","585208","585503","39","152142931"
"chr1","152733846","152734155","KN296157v1","1451045","1451358","35","151282801"
"chr1","152910246","152910552","KN296157v1","1620855","1621149","30","151289391"
"chr1","152922173","152922475","KN295854v1","1466288","1466586","42","151455885"
"chr1","152982612","152982911","KN294758v1","374673","374971","38","152607939"
"chr1","153017672","153017973","KN294911v1","3820095","3820391","35","149197577"
"chr1","153080107","153080355","KN295601v1","3132066","3132314","44","149948041"
"chr1","153080672","153080953","KN294199v1","1525122","1525406","42","151555550"
"chr1","153168926","153169207","KN294711v1","646506","646789","44","152522420"
"chr1","153217969","153218264","KN297445v1","1326382","1326677","35","151891587"
"chr1","153287049","153287352","KN294260v1","621951","622250","50","152665098"
"chr1","153322958","153323251","KN296157v1","1970240","1970532","25","151352718"
"chr1","153334095","153334395","KN294365v1","795012","795312","33","152539083"
"chr1","153384007","153384328","KN296157v1","2030528","2030852","36","151353479"
"chr1","153429690","153429985","KN296157v1","2073968","2074265","29","151355722"
"chr1","153439341","153439652","KN296357v1","706115","706421","42","152733226"
"chr1","153487232","153487525","KN294239v1","334831","335118","38","153152401"
"chr1","153610700","153610998","KN294446v1","410629","410926","33","153200071"
"chr1","153651859","153652003","KN294181v1","1301795","1301938","17","152350064"
"chr1","153705911","153706198","KN296157v1","2352308","2352580","42","151353603"
"chr1","154341778","154342083","KN296157v1","2990826","2991137","31","151350952"
"chr1","154457964","154458267","KN294291v1","56419","56726","31","154401545"
"chr1","154547322","154547621","KN295721v1","197604","197890","48","154349718"
"chr1","154589295","154589593","KN296157v1","3225694","3225998","32","151363601"
"chr1","154613670","154613968","KN294172v1","4761492","4761794","33","149852178"
"chr1","154839002","154839226","KN296481v1","206504","206734","32","154632498"
"chr1","155144392","155144549","KN296157v1","3765289","3765441","13","151379103"
"chr1","155231289","155231602","KN294949v1","391656","391966","38","154839633"
"chr1","155380074","155380381","KN296153v1","3677943","3678242","40","151702131"
"chr1","155623922","155624226","KN294629v1","391799","392102","41","155232123"
"chr1","155733265","155733569","KN295112v1","343212","343513","51","155390053"
"chr1","156014688","156014989","KN294662v1","79885","80185","39","155934803"
"chr1","156317356","156317645","KN295708v1","2656981","2657271","54","153660375"
"chr1","156322353","156322650","KN297452v1","3464909","3465196","33","152857444"
"chr1","156477830","156478132","KN294161v1","657992","658299","40","155819838"
"chr1","156640107","156640400","KN297452v1","3140989","3141275","30","153499118"
"chr1","156738733","156739024","KN294879v1","351077","351369","33","156387656"
"chr1","156806897","156807207","KN295114v1","20941","21251","32","156785956"
"chr1","156849217","156849524","KN294208v1","853291","853593","34","155995926"
"chr1","156964500","156964807","KN296934v1","897698","898003","40","156066802"
"chr1","157025215","157025524","KN297452v1","2745002","2745316","31","154280213"
"chr1","157053234","157053542","KN297322v1","1153290","1153598","37","155899944"
"chr1","157127404","157127721","KN297452v1","2641484","2641796","49","154485920"
"chr1","157188135","157188446","KN297038v1","2343556","2343866","35","154844579"
"chr1","157280543","157280797","KN295236v1","890661","890909","50","156389882"
"chr1","157288395","157288735","KN295361v1","961861","962199","61","156326534"
"chr1","157322441","157322736","KN296062v1","2106200","2106493","32","155216241"
"chr1","157352610","157352910","KN297452v1","2419906","2420203","29","154932704"
"chr1","157387629","157387922","KN297452v1","2386683","2386973","27","155000946"
"chr1","157423572","157423874","KN294536v1","1195413","1195715","32","156228159"
"chr1","157439779","157440066","KN295350v1","1050025","1050313","37","156389754"
"chr1","157449686","157449990","KN297452v1","2325926","2326238","26","155123760"
"chr1","157452498","157452799","KN295983v1","1536250","1536551","33","155916248"
"chr1","157471059","157471359","KN296682v1","1906340","1906636","39","155564719"
"chr1","157483467","157483769","KN297452v1","2293568","2293874","34","155189899"
"chr1","157504214","157504527","KN297452v1","2279468","2279779","29","155224746"
"chr1","157549522","157549826","KN297452v1","2223004","2223307","27","155326518"
"chr1","157549870","157550153","KN294911v1","2939258","2939539","36","154610612"
"chr1","157591925","157592107","KN294419v1","42675","42858","20","157549250"
"chr1","157636519","157636808","KN295090v1","1165047","1165331","36","156471472"
"chr1","157677447","157677679","KN297008v1","4996362","4996589","40","152681085"
"chr1","157679694","157680005","KN297452v1","2095077","2095383","31","155584617"
"chr1","157693159","157693428","KN296090v1","12689","12956","44","157680470"
"chr1","157695919","157696225","KN294917v1","324485","324796","40","157371434"
"chr1","157698217","157698521","KN296290v1","702538","702843","35","156995679"
"chr1","157704376","157704670","KN295346v1","1372885","1373181","40","156331491"
"chr1","157744700","157744992","KN295995v1","1426233","1426527","41","156318467"
"chr1","157764710","157764992","KN296311v1","715482","715765","45","157049228"
"chr1","157783884","157784176","KN295225v1","852978","853269","31","156930906"
"chr1","157794253","157794590","KN297390v1","1440403","1440738","53","156353850"
"chr1","157800107","157800416","KN294806v1","835206","835511","41","156964901"
"chr1","157808815","157809102","KN297452v1","1970932","1971218","22","155837883"
"chr1","157812274","157812582","KN294717v1","373979","374286","43","157438295"
"chr1","157837133","157837312","KN294281v1","989793","989968","28","156847340"
"chr1","157870961","157871247","KN295548v1","835994","836273","53","157034967"
"chr1","157874140","157874318","KN295987v1","271542","271712","29","157602598"
"chr1","157888795","157889100","KN297452v1","1888049","1888349","31","156000746"
"chr1","157890673","157890981","KN296062v1","2462011","2462316","35","155428662"
"chr1","157898633","157898936","KN296378v1","556636","556943","39","157341997"
"chr1","157921665","157921897","KN294407v1","1241573","1241804","44","156680092"
"chr1","157932216","157932518","KN297452v1","1852283","1852581","25","156079933"
"chr1","157964697","157964991","KN297274v1","729634","729926","33","157235063"
"chr1","157982860","157983156","KN296096v1","3183138","3183434","35","154799722"
"chr1","157987152","157987432","KN296877v1","495365","495644","26","157491787"
"chr1","158000001","158000096","KN294711v1","239718","239811","12","157760283"
"chr1","158097276","158097582","KN297133v1","419676","419981","29","157677600"
"chr1","158171364","158171666","KN297452v1","1614708","1615008","21","156556656"
"chr1","158232996","158233295","KN295117v1","272158","272456","39","157960838"
"chr1","158275278","158275589","KN297133v1","419676","419981","40","157855602"
"chr1","158291581","158291760","KN295893v1","137900","138072","29","158153681"
"chr1","158312076","158312377","KN297452v1","1467351","1467656","34","156844725"
"chr1","158337882","158338186","KN294229v1","97510","97813","36","158240372"
"chr1","158343116","158343417","KN296153v1","3677943","3678242","32","154665173"
"chr1","158402703","158403003","KN294790v1","989803","990103","40","157412900"
"chr1","158404925","158405229","KN294790v1","2757948","2758248","39","155646977"
"chr1","158429459","158429711","KN297452v1","1345867","1346126","22","157083592"
"chr1","158452301","158452582","KN295936v1","30401","30674","35","158421900"
"chr1","158569719","158570028","KN297452v1","1206421","1206724","31","157363298"
"chr1","158584023","158584321","KN296732v1","2013890","2014190","38","156570133"
"chr1","158633776","158634076","KN294588v1","1492426","1492725","35","157141350"
"chr1","158659860","158660175","KN296403v1","558918","559229","40","158100942"
"chr1","158692107","158692404","KN295667v1","1687893","1688204","43","157004214"
"chr1","158694081","158694387","KN295294v1","3132769","3133075","38","155561312"
"chr1","158813517","158813809","KN297452v1","958450","958739","22","157855067"
"chr1","158974773","158975076","KN297452v1","809567","809864","26","158165206"
"chr1","159034489","159034783","KN294662v1","79885","80185","40","158954604"
"chr1","159078745","159078876","KN294251v1","2574041","2574176","21","156504704"
"chr1","159079448","159079581","KN297197v1","1187476","1187605","21","157891972"
"chr1","159091218","159091514","KN296311v1","3721408","3721707","43","155369810"
"chr1","159101878","159102159","KN294848v1","1069645","1069923","55","158032233"
"chr1","159131040","159131309","KN295995v1","945650","945923","40","158185390"
"chr1","159169060","159169344","KN297452v1","613315","613601","31","158555745"
"chr1","159169967","159170263","KN295032v1","272356","272651","35","158897611"
"chr1","159186916","159187215","KN297452v1","592288","592577","28","158594628"
"chr1","159187810","159188012","KN294372v1","194788","194992","51","158993022"
"chr1","159233562","159233864","KN297452v1","549119","549423","14","158684443"
"chr1","159238345","159238629","KN297452v1","541673","541970","40","158696672"
"chr1","159242710","159243013","KN297452v1","549119","549423","19","158693591"
"chr1","159246356","159246637","KN297452v1","541673","541970","40","158704683"
"chr1","159253193","159253463","KN297323v1","935184","935454","39","158318009"
"chr1","159352125","159352426","KN297058v1","42553","42853","34","159309572"
"chr1","159394666","159394959","KN295459v1","1614660","1614952","26","157780006"
"chr1","159396420","159396713","KN296381v1","74782","75080","27","159321638"
"chr1","159588015","159588323","KN295114v1","20941","21251","36","159567074"
"chr1","159605127","159605417","KN296474v1","233849","234136","40","159371278"
"chr1","159642691","159642984","KN294561v1","767639","767926","40","158875052"
"chr1","159690703","159690950","KN294911v1","1958010","1958259","44","157732693"
"chr1","159708408","159708699","KN297452v1","80348","80638","26","159628060"
"chr1","159765668","159765881","KN295075v1","636904","637122","26","159128764"
"chr1","159830707","159831017","KN295045v1","469620","469933","51","159361087"
"chr1","160519408","160519713","KN296404v1","738042","738343","33","159781366"
"chr1","160599361","160599664","KN296404v1","813476","813779","23","159785885"
"chr1","160658483","160658801","KN295725v1","1996226","1996536","42","158662257"
"chr1","160659539","160659835","KN296404v1","879684","879984","28","159779855"
"chr1","160823293","160823603","KN296176v1","429663","429967","35","160393630"
"chr1","160835025","160835340","KN294647v1","185825","186131","38","160649200"
"chr1","160843070","160843345","KN297274v1","1076900","1077174","36","159766170"
"chr1","160852441","160852745","KN294592v1","858057","858359","41","159994384"
"chr1","160881440","160881749","KN296732v1","2013890","2014190","33","158867550"
"chr1","160895272","160895380","KN295474v1","1214534","1214645","15","159680738"
"chr1","160911150","160911448","KN296404v1","1137794","1138077","44","159773356"
"chr1","160929645","160929943","KN295995v1","1426233","1426527","41","159503412"
"chr1","160952332","160952628","KN294399v1","151738","152035","39","160800594"
"chr1","160964701","160964996","KN296180v1","577635","577930","38","160387066"
"chr1","160997055","160997360","KN294837v1","303054","303351","38","160694001"
"chr1","161074604","161074911","KN296404v1","1288103","1288406","26","159786501"
"chr1","161084117","161084423","KN296486v1","698399","698705","32","160385718"
"chr1","161169466","161169760","KN294462v1","73428","73721","27","161096038"
"chr1","161180460","161180707","KN296404v1","1401668","1401914","21","159778792"
"chr1","161222777","161223072","KN296158v1","692023","692317","41","160530754"
"chr1","161377334","161377640","KN296062v1","165336","165642","32","161211998"
"chr1","161479817","161480104","KN295352v1","449900","450199","45","161029917"
"chr1","161486376","161486663","KN295368v1","2146364","2146648","38","159340012"
"chr1","161570278","161570582","KN294172v1","4267538","4267840","39","157302740"
"chr1","161573893","161574201","KN295667v1","1687893","1688204","35","159886000"
"chr1","161609117","161609419","KN296019v1","434249","434555","36","161174868"
"chr1","161629677","161629986","KN294439v1","261107","261420","42","161368570"
"chr1","161638477","161638613","KN296404v1","1845367","1845503","13","159793110"
"chr1","161693841","161694145","KN296404v1","1899781","1900081","26","159794060"
"chr1","161712708","161713016","KN297133v1","419676","419981","29","161293032"
"chr1","161733174","161733471","KN296404v1","1938458","1938769","32","159794716"
"chr1","161777861","161778155","KN294205v1","612591","612886","33","161165270"
"chr1","161786531","161786839","KN295573v1","526991","527304","35","161259540"
"chr1","161815575","161815881","KN296404v1","2020665","2020960","34","159794910"
"chr1","161828730","161829032","KN296153v1","3677943","3678242","40","158150787"
"chr1","161842437","161842737","KN294387v1","2599087","2599393","35","159243350"
"chr1","161877808","161878107","KN296153v1","3677943","3678242","39","158199865"
"chr1","161889414","161889702","KN296404v1","2093515","2093815","30","159795899"
"chr1","161995045","161995343","KN296404v1","2190538","2190840","23","159804507"
"chr1","162030656","162030942","KN296404v1","2226052","2226341","28","159804604"
"chr1","162102681","162102963","KN294172v1","6258303","6258586","38","155844378"
"chr1","162170940","162171223","KN296096v1","3187219","3187506","37","158983721"
"chr1","162190594","162190896","KN294911v1","3820095","3820391","39","158370499"
"chr1","162202577","162202870","KN296153v1","91872","92161","39","162110705"
"chr1","162351963","162352267","KN294806v1","835206","835511","32","161516757"
"chr1","162385180","162385493","KN295725v1","1996226","1996536","39","160388954"
"chr1","162417180","162417477","KN296665v1","140915","141200","42","162276265"
"chr1","162432619","162432933","KN295835v1","81348","81655","47","162351271"
"chr1","162498153","162498444","KN297190v1","3224355","3224642","35","159273798"
"chr1","162583325","162583626","KN294571v1","1546303","1546607","34","161037022"
"chr1","162710986","162711298","KN295114v1","20941","21251","31","162690045"
"chr1","162913180","162913489","KN296404v1","3095432","3095744","22","159817748"
"chr1","162980920","162981217","KN296404v1","3166052","3166345","30","159814868"
"chr1","162982673","162982971","KN297159v1","1901772","1902072","41","161080901"
"chr1","163017994","163018287","KN294378v1","46646","46948","45","162971348"
"chr1","163070188","163070499","KN297153v1","1366929","1367240","31","161703259"
"chr1","163137491","163137764","KN296311v1","567375","567646","41","162570116"
"chr1","163325182","163325477","KN294161v1","265801","266094","34","163059381"
"chr1","163355228","163355540","KN296404v1","3541781","3542086","30","159813447"
"chr1","163372841","163373149","KN296404v1","3566140","3566449","25","159806701"
"chr1","163457180","163457476","KN297008v1","3405455","3405752","30","160051725"
"chr1","163460047","163460357","KN296404v1","3652775","3653085","31","159807272"
"chr1","163482607","163482917","KN296404v1","3677141","3677444","30","159805466"
"chr1","163483960","163484262","KN295362v1","1024505","1024804","38","162459455"
"chr1","163657984","163658295","KN294292v1","136185","136494","41","163521799"
"chr1","163710396","163710722","KN297320v1","998402","998720","52","162711994"
"chr1","163778363","163778665","KN296062v1","165336","165642","42","163613027"
"chr1","163806701","163807009","KN296119v1","6426036","6426336","39","157380665"
"chr1","163822363","163822660","KN297322v1","1948359","1948660","35","161874004"
"chr1","163831396","163831633","KN296481v1","206504","206734","36","163624892"
"chr1","163851284","163851593","KN294717v1","373979","374286","39","163477305"
"chr1","163897343","163897681","KN296308v1","871499","871827","54","163025844"
"chr1","163940287","163940590","KN294172v1","4761492","4761794","45","159178795"
"chr1","163983846","163984144","KN297046v1","2791168","2791468","36","161192678"
"chr1","164010661","164010974","KN296646v1","106697","107010","39","163903964"
"chr1","164036997","164037295","KN296244v1","86518","86815","40","163950479"
"chr1","164133908","164134206","KN296809v1","750243","750541","32","163383665"
"chr1","164243175","164243477","KN294262v1","2613892","2614183","39","161629283"
"chr1","164298872","164299167","KN294262v1","2551999","2552299","26","161746873"
"chr1","164382223","164382521","KN294591v1","199935","200233","36","164182288"
"chr1","164631060","164631357","KN296732v1","498634","498931","33","164132426"
"chr1","164661830","164662134","KN296934v1","897698","898003","39","163764132"
"chr1","164669001","164669315","KN294167v1","337010","337313","41","164331991"
"chr1","164836493","164836796","KN295983v1","1536250","1536551","45","163300243"
"chr1","164899319","164899620","KN295112v1","343212","343513","34","164556107"
"chr1","164920205","164920369","KN294837v1","336195","336359","25","164584010"
"chr1","164953033","164953329","KN294262v1","1911746","1912034","35","163041287"
"chr1","165213864","165214053","KN296430v1","488478","488662","29","164725386"
"chr1","165246367","165246665","KN295523v1","2779133","2779433","43","162467234"
"chr1","165323702","165323950","KN294365v1","1024763","1025003","43","164298939"
"chr1","165341175","165341299","KN294262v1","1488871","1488998","24","163852304"
"chr1","165396177","165396396","KN294454v1","396793","397005","42","164999384"
"chr1","165453808","165454104","KN294262v1","1379087","1379392","36","164074721"
"chr1","165623818","165624117","KN296201v1","2738421","2738721","47","162885397"
"chr1","165745632","165745926","KN295907v1","2005048","2005348","40","163740584"
"chr1","165765425","165765726","KN294262v1","1070662","1070967","26","164694763"
"chr1","165898309","165898546","KN294262v1","934300","934537","23","164964009"
"chr1","165941744","165942041","KN295923v1","520307","520606","38","165421437"
"chr1","165972857","165973165","KN294262v1","865327","865637","29","165107530"
"chr1","166315065","166315382","KN295114v1","20941","21251","45","166294124"
"chr1","166358782","166359073","KN295586v1","1077188","1077483","37","165281594"
"chr1","166390091","166390393","KN294262v1","444092","444393","33","165945999"
"chr1","166469989","166470292","KN294262v1","369886","370196","37","166100103"
"chr1","166624705","166625011","KN294539v1","761382","761684","36","165863323"
"chr1","166715595","166715907","KN296865v1","1474498","1474803","50","165241097"
"chr1","166955379","166955669","KN295213v1","93655","93953","37","166861724"
"chr1","167083921","167084044","KN295045v1","1398170","1398297","18","165685751"
"chr1","167126175","167126447","KN295936v1","30401","30674","40","167095774"
"chr1","167127742","167128029","KN297354v1","1350220","1350506","38","165777522"
"chr1","167298744","167299063","KN295430v1","2610079","2610388","46","164688665"
"chr1","167599377","167599667","KN297165v1","1143723","1144010","43","166455654"
"chr1","167672488","167672794","KN297354v1","773130","773441","40","166899358"
"chr1","167793859","167794154","KN294685v1","1392219","1392515","38","166401640"
"chr1","167995168","167995464","KN296682v1","1906340","1906636","38","166088828"
"chr1","168183254","168183367","KN294864v1","611568","611683","23","167571686"
"chr1","168793755","168794042","KN296065v1","403735","404024","28","168390020"
"chr1","168847106","168847417","KN294705v1","477337","477650","42","168369769"
"chr1","169056790","169057083","KN296201v1","1849054","1849355","52","167207736"
"chr1","169220908","169221190","KN294755v1","93658","93938","33","169127250"
"chr1","169247539","169247839","KN296809v1","750243","750541","41","168497296"
"chr1","169378783","169379071","KN296341v1","199742","200044","48","169179041"
"chr1","169498934","169499245","KN294421v1","1619185","1619496","41","167879749"
"chr1","169509797","169510095","KN295361v1","925031","925332","40","168584766"
"chr1","170214895","170215190","KN294926v1","115475","115774","47","170099420"
"chr1","170686543","170686847","KN295854v1","1466288","1466586","37","169220255"
"chr1","170783245","170783538","KN297314v1","117021","117312","32","170666224"
"chr1","170852821","170853123","KN297415v1","3364","3665","32","170849457"
"chr1","170900512","170900812","KN294662v1","79885","80185","41","170820627"
"chr1","170975634","170975943","KN294387v1","2599087","2599393","45","168376547"
"chr1","171004619","171004933","KN297415v1","140498","140800","38","170864121"
"chr1","171161229","171161544","KN294439v1","261107","261420","41","170900122"
"chr1","171184152","171184441","KN297415v1","319574","319867","27","170864578"
"chr1","171363302","171363596","KN297415v1","491288","491578","35","170872014"
"chr1","171371478","171371771","KN294536v1","1607732","1608024","32","169763746"
"chr1","171384580","171384856","KN294592v1","186713","186998","43","171197867"
"chr1","171489312","171489623","KN296062v1","1401199","1401512","33","170088113"
"chr1","171498621","171498919","KN294613v1","747893","748193","36","170750728"
"chr1","171529630","171529926","KN297415v1","661152","661436","40","170868478"
"chr1","171707000","171707321","KN296308v1","1075215","1075527","47","170631785"
"chr1","171714864","171715164","KN296153v1","3677943","3678242","34","168036921"
"chr1","171965548","171965824","KN297319v1","329377","329674","58","171636171"
"chr1","172587437","172587740","KN294387v1","2599087","2599393","39","169988350"
"chr1","172682488","172682799","KN296158v1","936132","936444","55","171746356"
"chr1","173029741","173030038","KN295667v1","2318350","2318648","46","170711391"
"chr1","173113718","173114037","KN297165v1","2960789","2961103","51","170152929"
"chr1","173204738","173205033","KN294451v1","403510","403808","34","172801228"
"chr1","173234354","173234663","KN296263v1","684495","684804","41","172549859"
"chr1","173414561","173414865","KN294406v1","7781","8091","36","173406780"
"chr1","173455768","173456048","KN294406v1","44850","45131","44","173410918"
"chr1","173585851","173586158","KN295667v1","1687893","1688204","40","171897958"
"chr1","173746081","173746360","KN297445v1","1533733","1534017","39","172212348"
"chr1","173961400","173961705","KN295605v1","621515","621818","33","173339885"
"chr1","173992598","173992902","KN295983v1","1536250","1536551","37","172456348"
"chr1","174158243","174158541","KN297293v1","493889","494188","39","173664354"
"chr1","174208304","174208530","KN296145v1","3346783","3347016","34","170861521"
"chr1","174457921","174458211","KN295995v1","1426233","1426527","37","173031688"
"chr1","174647386","174647681","KN296635v1","3062400","3062693","42","171584986"
"chr1","174743709","174744021","KN296072v1","113281","113591","44","174630428"
"chr1","174828563","174828859","KN294837v1","303054","303351","33","174525509"
"chr1","174893365","174893673","KN296153v1","3677943","3678242","45","171215422"
"chr1","175672110","175672410","KN295301v1","1159672","1159974","49","174512438"
"chr1","175833498","175833783","KN295893v1","6299024","6299317","59","169534474"
"chr1","176011158","176011481","KN297203v1","1796332","1796648","57","174214826"
"chr1","176201445","176201751","KN294728v1","1530565","1530875","36","174670880"
"chr1","176354996","176355294","KN295375v1","132628","132930","38","176222368"
"chr1","176517395","176517675","KN296406v1","15906","16188","40","176501489"
"chr1","177286700","177286989","KN295591v1","644212","644507","38","176642488"
"chr1","177333712","177334020","KN295075v1","7417","7729","47","177326295"
"chr1","177562906","177563209","KN294619v1","971350","971648","43","176591556"
"chr1","177577544","177577771","KN296859v1","1870551","1870779","37","175706993"
"chr1","178185325","178185638","KN294966v1","58498","58811","46","178126827"
"chr1","178292025","178292321","KN296614v1","20754","21055","37","178271271"
"chr1","178308173","178308482","KN294536v1","1040798","1041107","39","177267375"
"chr1","178311033","178311336","KN294873v1","1327978","1328280","37","176983055"
"chr1","178497728","178498034","KN294539v1","2320327","2320629","38","176177401"
"chr1","178580929","178581220","KN296747v1","35746","36041","26","178545183"
"chr1","178592671","178592971","KN296934v1","897698","898003","38","177694973"
"chr1","178603012","178603319","KN294717v1","373979","374286","36","178229033"
"chr1","178630145","178630458","KN294439v1","261107","261420","41","178369038"
"chr1","178657163","178657453","KN297159v1","1901772","1902072","44","176755391"
"chr1","178662141","178662441","KN295801v1","301912","302222","43","178360229"
"chr1","178667997","178668295","KN294842v1","1292189","1292485","35","177375808"
"chr1","178673387","178673695","KN295983v1","1536250","1536551","34","177137137"
"chr1","178694690","178695003","KN297203v1","1796332","1796648","45","176898358"
"chr1","178701779","178702067","KN294524v1","24394","24676","41","178677385"
"chr1","178702348","178702653","KN296934v1","897698","898003","30","177804650"
"chr1","178708566","178708692","KN297444v1","275896","276018","13","178432670"
"chr1","178730416","178730739","KN297133v1","419676","419981","47","178310740"
"chr1","178730740","178730913","KN296486v1","1054986","1055165","22","177675754"
"chr1","178746670","178746964","KN294410v1","88939","89229","50","178657731"
"chr1","178750014","178750320","KN297322v1","1153290","1153598","37","177596724"
"chr1","178763506","178763809","KN294987v1","439387","439694","34","178324119"
"chr1","178787392","178787680","KN294499v1","571485","571772","38","178215907"
"chr1","178789980","178790286","KN295725v1","1996226","1996536","36","176793754"
"chr1","178801637","178801930","KN295523v1","2519145","2519447","44","176282492"
"chr1","178857212","178857507","KN296096v1","3183138","3183434","31","175674074"
"chr1","178941247","178941536","KN294893v1","292677","292968","33","178648570"
"chr1","179068183","179068495","KN295371v1","168241","168554","29","178899942"
"chr1","179082808","179083036","KN296859v1","1870551","1870779","36","177212257"
"chr1","179124832","179125129","KN295371v1","222159","222460","27","178902673"
"chr1","179158722","179159028","KN295096v1","2124655","2124956","42","177034067"
"chr1","179222400","179222696","KN295371v1","325168","325467","30","178897232"
"chr1","179242088","179242375","KN295371v1","344311","344602","33","178897777"
"chr1","179251473","179251782","KN296934v1","897698","898003","40","178353775"
"chr1","179293917","179294213","KN295371v1","395024","395318","37","178898893"
"chr1","179294880","179295182","KN295117v1","272158","272456","39","179022722"
"chr1","179305269","179305567","KN295371v1","407672","407970","32","178897597"
"chr1","179312390","179312692","KN295371v1","415906","416214","33","178896484"
"chr1","179324364","179324653","KN295371v1","428310","428601","37","178896054"
"chr1","179366075","179366380","KN295371v1","472044","472345","34","178894031"
"chr1","179409774","179409909","KN296859v1","1083380","1083506","34","178326394"
"chr1","179441053","179441358","KN296732v1","2013890","2014190","40","177427163"
"chr1","179451168","179451469","KN296357v1","356792","357093","40","179094376"
"chr1","179499330","179499606","KN295371v1","611094","611376","28","178888236"
"chr1","179500091","179500266","KN296119v1","3625254","3625431","28","175874837"
"chr1","179507991","179508287","KN295371v1","618689","618982","31","178889302"
"chr1","179539631","179539922","KN296153v1","3677943","3678242","35","175861688"
"chr1","179675251","179675543","KN296133v1","239214","239508","26","179436037"
"chr1","179695602","179695922","KN295371v1","797343","797653","38","178898259"
"chr1","179704717","179705026","KN295114v1","20941","21251","36","179683776"
"chr1","179707399","179707712","KN295371v1","810464","810778","24","178896935"
"chr1","179787209","179787517","KN295319v1","14065","14366","43","179773144"
"chr1","179989936","179990250","KN297038v1","661781","662094","43","179328155"
"chr1","180110891","180111190","KN296732v1","2013890","2014190","29","178097001"
"chr1","180153469","180153758","KN294991v1","1777117","1777416","59","178376352"
"chr1","180209035","180209342","KN294790v1","3288942","3289253","37","176920093"
"chr1","180217433","180217762","KN295480v1","2490672","2490988","52","177726761"
"chr1","180249618","180249874","KN294825v1","431692","431954","37","179817926"
"chr1","180269805","180270108","KN296019v1","443353","443660","45","179826452"
"chr1","180287678","180287971","KN296404v1","106219","106515","34","180181459"
"chr1","180289582","180289797","KN294539v1","11762","11974","29","180277820"
"chr1","180297185","180297476","KN296180v1","577635","577930","40","179719550"
"chr1","180308635","180308894","KN296847v1","1717536","1717819","48","178591099"
"chr1","180346949","180347242","KN294433v1","409687","409987","42","179937262"
"chr1","180364962","180365245","KN294172v1","2999478","2999758","35","177365484"
"chr1","180454448","180454711","KN296849v1","746362","746624","27","179708086"
"chr1","180472673","180472949","KN294210v1","801675","801939","45","179670998"
"chr1","180502039","180502350","KN295382v1","230497","230807","42","180271542"
"chr1","180542039","180542350","KN297390v1","1640938","1641250","36","178901101"
"chr1","180568071","180568354","KN296635v1","2359320","2359617","40","178208751"
"chr1","180573484","180573780","KN296938v1","1006669","1006968","34","179566815"
"chr1","180589306","180589595","KN295573v1","510872","511161","43","180078434"
"chr1","180620369","180620661","KN295350v1","405055","405352","36","180215314"
"chr1","180645874","180646154","KN294239v1","884458","884738","50","179761416"
"chr1","180651556","180651859","KN295371v1","227443","227744","41","180424113"
"chr1","180695743","180696013","KN297008v1","2640522","2640786","40","178055221"
"chr1","180708599","180708890","KN295090v1","1657716","1658013","34","179050883"
"chr1","180711295","180711554","KN296484v1","509178","509444","46","180202117"
"chr1","180736945","180737242","KN295657v1","126149","126445","52","180610796"
"chr1","180756763","180757061","KN295257v1","1087444","1087739","28","179669319"
"chr1","180765696","180765868","KN296508v1","1809822","1809977","43","178955874"
"chr1","180766205","180766276","KN296270v1","322814","322881","13","180443391"
"chr1","180789692","180790002","KN295236v1","5343986","5344298","40","175445706"
"chr1","180808324","180808631","KN295114v1","20941","21251","41","180787383"
"chr1","180836084","180836394","KN297133v1","419676","419981","42","180416408"
"chr1","180842625","180842924","KN294444v1","57733","58029","37","180784892"
"chr1","180853245","180853554","KN296381v1","91265","91569","41","180761980"
"chr1","180864967","180865272","KN295605v1","621515","621818","36","180243452"
"chr1","180866005","180866308","KN295114v1","20941","21251","41","180845064"
"chr1","180877970","180878263","KN295362v1","1024505","1024804","36","179853465"
"chr1","180892995","180893156","KN296486v1","1081799","1081960","25","179811196"
"chr1","180898120","180898427","KN295114v1","20941","21251","37","180877179"
"chr1","180902552","180902827","KN294501v1","705714","705978","55","180196838"
"chr1","181014417","181014718","KN295854v1","1632582","1632878","45","179381835"
"chr1","181054649","181054952","KN295820v1","277647","277952","33","180777002"
"chr1","181085640","181085942","KN294571v1","2791374","2791676","35","178294266"
"chr1","181111570","181111880","KN295114v1","20941","21251","34","181090629"
"chr1","181112070","181112379","KN295114v1","20941","21251","30","181091129"
"chr1","181140943","181141226","KN297154v1","2013319","2013609","45","179127624"
"chr1","181144551","181144847","KN296381v1","74782","75080","35","181069769"
"chr1","181272872","181273175","KN294733v1","408443","408753","49","180864429"
"chr1","181276390","181276721","KN294713v1","571922","572231","61","180704468"
"chr1","181297023","181297144","KN294976v1","251420","251544","17","181045603"
"chr1","181323215","181323525","KN295983v1","1536250","1536551","41","179786965"
"chr1","181328695","181328993","KN294172v1","4257933","4258231","48","177070762"
"chr1","181396644","181396946","KN295729v1","1473593","1473887","39","179923051"
"chr1","181508212","181508522","KN295450v1","9975","10285","54","181498237"
"chr1","181517713","181517917","KN294842v1","1530256","1530465","37","179987457"
"chr1","181545434","181545735","KN296357v1","706115","706421","38","180839319"
"chr1","181595664","181595949","KN295984v1","1136723","1137018","41","180458941"
"chr1","181596797","181597091","KN296747v1","35746","36041","39","181561051"
"chr1","181626492","181626539","KN294548v1","925285","925325","20","180701207"
"chr1","181626791","181626995","KN294520v1","611114","611311","37","181015677"
"chr1","181632795","181633098","KN297019v1","1233639","1233939","42","180399156"
"chr1","181643023","181643320","KN294561v1","810685","810981","29","180832338"
"chr1","181662454","181662763","KN295114v1","20941","21251","39","181641513"
"chr1","181664197","181664503","KN295114v1","20941","21251","36","181643256"
"chr1","181704964","181705272","KN294717v1","373979","374286","45","181330985"
"chr1","181713227","181713510","KN295294v1","334706","334991","38","181378521"
"chr1","181749047","181749348","KN296153v1","3677943","3678242","33","178071104"
"chr1","181772728","181773025","KN294911v1","3820095","3820391","42","177952633"
"chr1","181918712","181918975","KN295154v1","54244","54508","34","181864468"
"chr1","182140619","182140914","KN295995v1","1982332","1982629","32","180158287"
"chr1","182262404","182262697","KN295967v1","725729","726020","39","181536675"
"chr1","182283325","182283641","KN294571v1","572623","572929","43","181710702"
"chr1","182357716","182358005","KN295202v1","95554","95843","39","182262162"
"chr1","182396585","182396894","KN296508v1","954335","954642","42","181442250"
"chr1","182431448","182431745","KN294229v1","72819","73113","38","182358629"
"chr1","182435737","182436034","KN295236v1","3672786","3673083","37","178762951"
"chr1","182472406","182472693","KN295090v1","1165047","1165331","38","181307359"
"chr1","182503261","182503563","KN295633v1","264317","264628","51","182238944"
"chr1","182505092","182505404","KN295114v1","20941","21251","37","182484151"
"chr1","182544504","182544774","KN297154v1","756427","756693","32","181788077"
"chr1","182555468","182555770","KN296153v1","3677943","3678242","33","178877525"
"chr1","182566000","182566307","KN296732v1","2013890","2014190","35","180552110"
"chr1","182571162","182571512","KN295054v1","301887","302213","66","182269275"
"chr1","182573160","182573510","KN295054v1","301887","302213","72","182271273"
"chr1","182575164","182575436","KN294874v1","2070447","2070725","43","180504717"
"chr1","182576513","182576807","KN294777v1","58790","59083","44","182517723"
"chr1","182587490","182587788","KN295236v1","231341","231639","58","182356149"
"chr1","182595631","182595830","KN295274v1","16651","16841","33","182578980"
"chr1","182599528","182599817","KN296205v1","756673","756959","40","181842855"
"chr1","182602131","182602440","KN294387v1","2599087","2599393","32","180003044"
"chr1","182602508","182602809","KN294662v1","79885","80185","31","182522623"
"chr1","182603268","182603575","KN294181v1","930133","930441","39","181673135"
"chr1","182604680","182604747","KN294509v1","1439235","1439299","11","181165445"
"chr1","182606354","182606652","KN297442v1","12090","12392","46","182594264"
"chr1","182613000","182613282","KN295350v1","636567","636846","39","181976433"
"chr1","182627377","182627687","KN295059v1","336835","337145","38","182290542"
"chr1","182635644","182635818","KN294856v1","297201","297370","35","182338443"
"chr1","182666932","182667250","KN295906v1","230171","230481","47","182436761"
"chr1","182713803","182714079","KN295962v1","383890","384156","40","182329913"
"chr1","182715359","182715667","KN294717v1","373979","374286","41","182341380"
"chr1","182717439","182717708","KN297184v1","953765","954030","49","181763674"
"chr1","182758383","182758666","KN294987v1","241309","241596","31","182517074"
"chr1","182777963","182778275","KN296496v1","1021252","1021561","32","181756711"
"chr1","182792050","182792348","KN296496v1","1006420","1006723","33","181785630"
"chr1","182796434","182796739","KN295748v1","283051","283352","37","182513383"
"chr1","182820577","182820872","KN296588v1","813149","813445","40","182007428"
"chr1","182845095","182845391","KN296496v1","954391","954685","27","181890704"
"chr1","182855890","182856175","KN296496v1","942419","942680","42","181913471"
"chr1","182869592","182869907","KN295923v1","1449915","1450224","44","181419677"
"chr1","182888319","182888612","KN295057v1","379008","379299","39","182509311"
"chr1","182909681","182909829","KN296496v1","889667","889828","25","182020014"
"chr1","182969701","182970008","KN294387v1","2599087","2599393","42","180370614"
"chr1","183008033","183008337","KN297133v1","419676","419981","27","182588357"
"chr1","183041606","183041921","KN296496v1","759162","759471","33","182282444"
"chr1","183258767","183259073","KN294717v1","373979","374286","37","182884788"
"chr1","183275191","183275479","KN295721v1","197604","197890","33","183077587"
"chr1","183314338","183314595","KN297165v1","2929718","2929968","40","180384620"
"chr1","183346276","183346582","KN295236v1","4892808","4893115","40","178453468"
"chr1","183356855","183357153","KN295692v1","1562388","1562681","35","181794467"
"chr1","183364035","183364331","KN295077v1","585208","585503","30","182778827"
"chr1","183374025","183374321","KN296747v1","35746","36041","36","183338279"
"chr1","183382971","183383272","KN296496v1","415273","415567","29","182967698"
"chr1","183403872","183404181","KN295667v1","1687893","1688204","34","181715979"
"chr1","183447086","183447396","KN294717v1","373979","374286","31","183073107"
"chr1","183656516","183656798","KN296496v1","137413","137693","31","183519103"
"chr1","183698057","183698368","KN295114v1","20941","21251","36","183677116"
"chr1","183897275","183897568","KN294536v1","1607732","1608024","32","182289543"
"chr1","183925763","183926064","KN295112v1","343212","343513","30","183582551"
"chr1","183937824","183938134","KN294387v1","2599087","2599393","39","181338737"
"chr1","183941535","183941837","KN294539v1","761382","761684","47","183180153"
"chr1","183946877","183947182","KN296357v1","706115","706421","33","183240762"
"chr1","183955989","183956294","KN295922v1","152981","153283","31","183803008"
"chr1","183978356","183978636","KN295142v1","549262","549543","39","183429094"
"chr1","183984360","183984480","KN297444v1","275896","276018","17","183708464"
"chr1","184028407","184028706","KN295586v1","974748","975046","44","183053659"
"chr1","184037199","184037495","KN294848v1","1408889","1409183","29","182628310"
"chr1","184047308","184047609","KN295352v1","33638","33939","20","184013670"
"chr1","184051476","184051774","KN295441v1","742271","742573","39","183309205"
"chr1","184105507","184105810","KN297133v1","419676","419981","37","183685831"
"chr1","184130364","184130673","KN294387v1","2599087","2599393","38","181531277"
"chr1","184182852","184183148","KN295352v1","174045","174329","34","184008807"
"chr1","184189205","184189510","KN296712v1","16206","16501","39","184172999"
"chr1","184220447","184220733","KN296062v1","1087191","1087477","32","183133256"
"chr1","184266431","184266730","KN297046v1","2791168","2791468","35","181475263"
"chr1","184322401","184322709","KN295352v1","305644","305957","34","184016757"
"chr1","184446759","184447065","KN295368v1","2080316","2080619","39","182366443"
"chr1","184467206","184467510","KN295352v1","449900","450199","28","184017306"
"chr1","184468290","184468589","KN296378v1","582587","582885","32","183885703"
"chr1","184498184","184498494","KN296934v1","897698","898003","39","183600486"
"chr1","184506539","184506732","KN295042v1","1","188","36","184506538"
"chr1","184516140","184516389","KN295154v1","347179","347433","35","184168961"
"chr1","184543496","184543788","KN297452v1","2648172","2648463","34","181895324"
"chr1","184588393","184588684","KN295586v1","5191770","5192064","38","179396623"
"chr1","184592042","184592350","KN295667v1","1687893","1688204","40","182904149"
"chr1","184612270","184612557","KN294458v1","1437341","1437626","34","183174929"
"chr1","184623817","184624076","KN297264v1","12615","12885","51","184611202"
"chr1","184635427","184635728","KN294407v1","249623","249924","30","184385804"
"chr1","184655237","184655531","KN295352v1","635228","635528","35","184020009"
"chr1","184687769","184688071","KN295352v1","668609","668913","22","184019160"
"chr1","184712587","184712883","KN295352v1","693974","694271","16","184018613"
"chr1","184722118","184722170","KN295352v1","703885","703938","3","184018233"
"chr1","184776994","184777293","KN295352v1","765293","765583","32","184011701"
"chr1","184789242","184789549","KN295352v1","777926","778235","26","184011316"
"chr1","185213067","185213378","KN295758v1","997500","997807","43","184215567"
"chr1","185221216","185221545","KN296308v1","871499","871827","45","184349717"
"chr1","185269460","185269771","KN295923v1","1231839","1232151","39","184037621"
"chr1","185291159","185291466","KN296404v1","3895018","3895319","52","181396141"
"chr1","185293046","185293315","KN294536v1","1607732","1608024","55","183685314"
"chr1","185312752","185313047","KN295352v1","1067168","1067468","22","184245584"
"chr1","185475938","185476247","KN294387v1","2599087","2599393","34","182876851"
"chr1","185517278","185517574","KN295352v1","1276820","1277107","34","184240458"
"chr1","185518739","185518992","KN297190v1","1898062","1898317","39","183620677"
"chr1","185536954","185537276","KN294717v1","373979","374286","49","185162975"
"chr1","185658026","185658345","KN295352v1","1411265","1411576","32","184246761"
"chr1","185694000","185694310","KN294806v1","835206","835511","34","184858794"
"chr1","185727502","185727809","KN295352v1","1475784","1476095","35","184251718"
"chr1","185758262","185758567","KN294717v1","373979","374286","36","185384283"
"chr1","185862865","185863165","KN296732v1","1506588","1506898","49","184356277"
"chr1","185891515","185891822","KN296244v1","295087","295395","31","185596428"
"chr1","185925731","185926014","KN295459v1","1614660","1614952","40","184311071"
"chr1","186422326","186422637","KN295114v1","20941","21251","30","186401385"
"chr1","186504896","186505216","KN295114v1","20941","21251","49","186483955"
"chr1","186523856","186524129","KN294292v1","24945","25210","33","186498911"
"chr1","186610320","186610603","KN295941v1","2268612","2268914","42","184341708"
"chr1","186627694","186627988","KN295941v1","2250865","2251159","22","184376829"
"chr1","186702259","186702534","KN296311v1","5618298","5618572","35","181083961"
"chr1","186763392","186763664","KN295941v1","2109369","2109654","36","184654023"
"chr1","187008409","187008584","KN297408v1","575053","575224","29","186433356"
"chr1","187212246","187212557","KN295573v1","765441","765753","33","186446805"
"chr1","187371846","187372105","KN295523v1","3618519","3618784","38","183753327"
"chr1","187414237","187414536","KN294239v1","153759","154060","34","187260478"
"chr1","187479882","187480180","KN294446v1","410629","410926","36","187069253"
"chr1","187545343","187545652","KN297317v1","20735","21043","33","187524608"
"chr1","187661053","187661343","KN295523v1","3974463","3974753","34","183686590"
"chr1","187677892","187678202","KN295667v1","1687893","1688204","36","185989999"
"chr1","187723081","187723386","KN296119v1","6426036","6426336","43","181297045"
"chr1","187773895","187774201","KN297153v1","1366929","1367240","32","186406966"
"chr1","187839026","187839305","KN296108v1","63524","63807","30","187775502"
"chr1","187868245","187868541","KN295941v1","1017725","1018015","34","186850520"
"chr1","187953453","187953759","KN294172v1","6860683","6860986","46","181092770"
"chr1","187961580","187961892","KN295936v1","1040084","1040396","38","186921496"
"chr1","188002342","188002647","KN296731v1","1681432","1681735","40","186320910"
"chr1","188066630","188066910","KN295941v1","809247","809523","26","187257383"
"chr1","188107246","188107557","KN295350v1","243779","244085","39","187863467"
"chr1","188234478","188234779","KN295941v1","644579","644872","33","187589899"
"chr1","188508739","188509032","KN295995v1","1426233","1426527","34","187082506"
"chr1","188788142","188788430","KN295941v1","73235","73523","18","188714907"
"chr1","188853433","188853716","KN297159v1","1887875","1888156","36","186965558"
"chr1","188926912","188927233","KN296225v1","512256","512576","45","188414656"
"chr1","188944055","188944360","KN294578v1","84346","84660","29","188859709"
"chr1","188987545","188987832","KN295692v1","3669223","3669509","34","185318322"
"chr1","189051969","189052267","KN294588v1","1492426","1492725","37","187559543"
"chr1","189215954","189216216","KN294578v1","352686","352961","37","188863268"
"chr1","189224899","189225195","KN294578v1","361385","361676","28","188863514"
"chr1","189254147","189254454","KN294578v1","401577","401887","33","188852570"
"chr1","189365650","189365959","KN294578v1","519730","520028","29","188845920"
"chr1","189457880","189458188","KN294578v1","615670","615980","21","188842210"
"chr1","189487075","189487196","KN294578v1","645114","645236","10","188841961"
"chr1","189580839","189581145","KN297038v1","2343556","2343866","36","187237283"
"chr1","189633601","189633888","KN297165v1","1143723","1144010","33","188489878"
"chr1","190016196","190016463","KN296959v1","1503482","1503756","32","188512714"
"chr1","190192073","190192318","KN296959v1","1355749","1356017","39","188836324"
"chr1","190222492","190222793","KN296959v1","1324237","1324532","25","188898255"
"chr1","190246147","190246477","KN294978v1","390435","390762","48","189855712"
"chr1","190261994","190262328","KN294264v1","371563","371884","59","189890431"
"chr1","190262538","190262845","KN296959v1","1282250","1282562","29","188980288"
"chr1","190294359","190294668","KN296959v1","1248889","1249200","30","189045470"
"chr1","190296465","190296777","KN296959v1","1246826","1247122","38","189049639"
"chr1","190347878","190348175","KN297230v1","1127269","1127564","35","189220609"
"chr1","190361884","190362183","KN296959v1","1182017","1182315","19","189179867"
"chr1","190375248","190375539","KN295039v1","323671","323967","36","190051577"
"chr1","190384504","190384796","KN296959v1","1159791","1160090","24","189224713"
"chr1","190428237","190428537","KN296959v1","1115465","1115766","31","189312772"
"chr1","190480188","190480476","KN294229v1","72819","73113","36","190407369"
"chr1","190539896","190540161","KN295526v1","384122","384388","40","190155774"
"chr1","190552537","190552692","KN296959v1","987324","987481","11","189565213"
"chr1","190557856","190558162","KN294571v1","2791374","2791676","38","187766482"
"chr1","190566528","190566829","KN297197v1","4479080","4479382","35","186087448"
"chr1","190574734","190575024","KN294462v1","73428","73721","35","190501306"
"chr1","190600558","190600860","KN296406v1","531156","531464","39","190069402"
"chr1","190610327","190610637","KN296959v1","930699","931007","23","189679628"
"chr1","190622160","190622464","KN296959v1","920079","920388","31","189702081"
"chr1","190648614","190648906","KN296062v1","2106200","2106493","32","188542414"
"chr1","190650938","190651239","KN296959v1","891940","892241","30","189758998"
"chr1","190698499","190698810","KN296959v1","843176","843485","25","189855323"
"chr1","190734621","190734926","KN294521v1","532969","533272","35","190201652"
"chr1","190899144","190899450","KN296487v1","187059","187364","39","190712085"
"chr1","191036175","191036471","KN294662v1","79885","80185","29","190956290"
"chr1","191041355","191041658","KN295241v1","7354","7661","48","191034001"
"chr1","191058897","191059201","KN294758v1","2189671","2189970","42","188869226"
"chr1","191071836","191072125","KN296959v1","478668","478968","35","190593168"
"chr1","191116639","191116951","KN296900v1","121631","121934","42","190995008"
"chr1","191136077","191136383","KN296959v1","409204","409507","34","190726873"
"chr1","191152744","191153046","KN295586v1","2269065","2269364","36","188883679"
"chr1","191271064","191271362","KN295523v1","2519145","2519447","36","188751919"
"chr1","191302040","191302347","KN294717v1","373979","374286","38","190928061"
"chr1","191305538","191305843","KN296959v1","235490","235792","27","191070048"
"chr1","191324622","191324909","KN295284v1","334381","334669","49","190990241"
"chr1","191332537","191332844","KN296959v1","214107","214411","22","191118430"
"chr1","191363041","191363331","KN294662v1","79885","80185","39","191283156"
"chr1","191398271","191398575","KN296959v1","145393","145688","29","191252878"
"chr1","191406912","191407182","KN297274v1","1076900","1077174","40","190330012"
"chr1","191436244","191436555","KN296290v1","702538","702843","33","190733706"
"chr1","191462600","191462904","KN296959v1","76119","76425","30","191386481"
"chr1","191479762","191479943","KN296991v1","148805","148979","30","191330957"
"chr1","191516701","191516994","KN297323v1","670053","670346","34","190846648"
"chr1","191529138","191529448","KN296959v1","17905","18206","33","191511233"
"chr1","191534194","191534503","KN296959v1","12837","13148","28","191521357"
"chr1","191559023","191559314","KN295907v1","2257700","2257990","30","189301323"
"chr1","191560331","191560465","KN296980v1","1075826","1075962","24","190484505"
"chr1","191603774","191604064","KN296011v1","349438","349739","32","191254336"
"chr1","191638816","191639121","KN296062v1","1796687","1796987","33","189842129"
"chr1","191656160","191656459","KN294218v1","2831459","2831758","43","188824701"
"chr1","191674819","191675157","KN296153v1","675273","675614","66","190999546"
"chr1","191764067","191764377","KN296865v1","1033695","1034008","35","190730372"
"chr1","191881051","191881353","KN294457v1","3083001","3083308","41","188798050"
"chr1","191916611","191916919","KN296011v1","66345","66652","34","191850266"
"chr1","191921639","191921938","KN296011v1","61553","61846","30","191860086"
"chr1","191935344","191935642","KN295382v1","148115","148414","33","191787229"
"chr1","191962906","191963212","KN296011v1","17604","17905","21","191945302"
"chr1","191970656","191970955","KN296732v1","2013890","2014190","32","189956766"
"chr1","191974383","191974650","KN294521v1","570667","570940","44","191403716"
"chr1","191977496","191977816","KN297026v1","1688","1987","41","191975808"
"chr1","192024497","192024803","KN297026v1","39810","40112","22","191984687"
"chr1","192045962","192046258","KN295984v1","868891","869195","43","191177071"
"chr1","192056218","192056513","KN296154v1","1154093","1154392","38","190902125"
"chr1","192134323","192134625","KN294991v1","966174","966473","31","191168149"
"chr1","192140562","192140872","KN297026v1","156044","156357","25","191984518"
"chr1","192158157","192158462","KN295596v1","1176651","1176960","42","190981506"
"chr1","192174128","192174413","KN295607v1","588543","588828","39","191585585"
"chr1","192185781","192186083","KN297133v1","419676","419981","29","191766105"
"chr1","192211560","192211872","KN296726v1","448157","448467","33","191763403"
"chr1","192221144","192221438","KN297026v1","228587","228878","27","191992557"
"chr1","192269865","192270152","KN294187v1","1526075","1526365","41","190743790"
"chr1","192300280","192300586","KN296062v1","1877888","1878199","39","190422392"
"chr1","192357015","192357312","KN297026v1","357326","357618","28","191999689"
"chr1","192436217","192436513","KN296430v1","330331","330626","36","192105886"
"chr1","192465501","192465812","KN295480v1","1447608","1447918","40","191017893"
"chr1","192483514","192483818","KN297026v1","483954","484259","36","191999560"
"chr1","192548663","192548957","KN296505v1","1859029","1859331","48","190689634"
"chr1","192593083","192593380","KN297095v1","1452898","1453193","35","191140185"
"chr1","192726267","192726563","KN294187v1","1526075","1526365","38","191200192"
"chr1","192860892","192861185","KN297259v1","1300977","1301270","32","191559915"
"chr1","192956146","192956183","KN297026v1","941610","941647","0","192014536"
"chr1","193157020","193157315","KN297026v1","1145398","1145692","23","192011622"
"chr1","193298916","193299219","KN297026v1","1289918","1290214","31","192008998"
"chr1","193460550","193460850","KN297026v1","1455003","1455303","22","192005547"
"chr1","193522127","193522438","KN296153v1","1500828","1501137","48","192021299"
"chr1","193561240","193561531","KN297026v1","1552568","1552868","32","192008672"
"chr1","193624998","193625223","KN297026v1","1618664","1618897","37","192006334"
"chr1","193635424","193635734","KN295034v1","63947","64249","40","193571477"
"chr1","193655423","193655718","KN297259v1","628392","628692","42","193027031"
"chr1","193744302","193744595","KN295995v1","1426233","1426527","38","192318069"
"chr1","193782544","193782848","KN295034v1","63947","64249","31","193718597"
"chr1","193848241","193848538","KN294987v1","1351833","1352128","30","192496408"
"chr1","194151048","194151336","KN294346v1","550587","550883","38","193600461"
"chr1","194152659","194152807","KN294785v1","30350","30504","17","194122309"
"chr1","194182388","194182696","KN295236v1","2360987","2361301","36","191821401"
"chr1","194312498","194312690","KN296287v1","77260","77457","26","194235238"
"chr1","194369335","194369631","KN294170v1","50010","50300","36","194319325"
"chr1","194421992","194422280","KN294767v1","255755","256044","33","194166237"
"chr1","194451978","194452271","KN294685v1","964908","965202","43","193487070"
"chr1","194458780","194459088","KN294767v1","292878","293177","37","194165902"
"chr1","194483796","194484089","KN297314v1","117021","117312","40","194366775"
"chr1","194711217","194711507","KN294767v1","555678","555969","33","194155539"
"chr1","194718918","194719229","KN294650v1","512435","512746","39","194206483"
"chr1","194844873","194845190","KN294456v1","876419","876725","46","193968454"
"chr1","195003788","195004098","KN294767v1","852034","852331","33","194151754"
"chr1","195044774","195044936","KN294837v1","424254","424421","35","194620520"
"chr1","195150947","195151270","KN294767v1","990513","990818","38","194160434"
"chr1","195420016","195420343","KN296079v1","1866074","1866393","79","193553942"
"chr1","195529706","195529990","KN296424v1","403519","403805","36","195126187"
"chr1","195582797","195583090","KN294279v1","864461","864762","28","194718336"
"chr1","195741506","195741786","KN294279v1","709241","709525","31","195032265"
"chr1","195849759","195850057","KN295923v1","520307","520606","36","195329452"
"chr1","195878935","195879220","KN294991v1","1510448","1510728","37","194368487"
"chr1","196043022","196043324","KN294662v1","79885","80185","40","195963137"
"chr1","196048143","196048456","KN295059v1","336835","337145","40","195711308"
"chr1","196192823","196193069","KN296759v1","232013","232258","38","195960810"
"chr1","196372579","196372871","KN294279v1","71218","71511","33","196301361"
"chr1","196400662","196400970","KN294279v1","42693","42987","45","196357969"
"chr1","196465056","196465349","KN296849v1","262325","262616","45","196202731"
"chr1","196628753","196629056","KN296145v1","2321020","2321322","35","194307733"
"chr1","196668441","196668740","KN294218v1","2831459","2831758","38","193836982"
"chr1","196670608","196670898","KN297227v1","1018475","1018768","32","195652133"
"chr1","196694056","196694358","KN295501v1","1005257","1005557","40","195688799"
"chr1","196752516","196752822","KN295114v1","20941","21251","44","196731575"
"chr1","196807224","196807531","KN294235v1","333954","334257","30","196473270"
"chr1","196846751","196847054","KN294235v1","373009","373315","24","196473742"
"chr1","196877443","196877752","KN294741v1","957024","957333","39","195920419"
"chr1","196895293","196895596","KN296153v1","3677943","3678242","41","193217350"
"chr1","197089713","197090023","KN295077v1","367776","368082","36","196721937"
"chr1","197113761","197114054","KN295591v1","644212","644507","41","196469549"
"chr1","197164334","197164638","KN295114v1","20941","21251","35","197143393"
"chr1","197179324","197179639","KN295667v1","1687893","1688204","49","195491431"
"chr1","197261684","197261977","KN294235v1","777942","778229","33","196483742"
"chr1","197332413","197332722","KN295577v1","167604","167912","40","197164809"
"chr1","197365494","197365766","KN295984v1","3193630","3193902","46","194171864"
"chr1","197506378","197506692","KN296281v1","60300","60607","37","197446078"
"chr1","197513371","197513670","KN295984v1","974577","974872","35","196538794"
"chr1","197794390","197794688","KN296100v1","150824","151121","28","197643566"
"chr1","197972034","197972320","KN294210v1","883297","883578","42","197088737"
"chr1","197990481","197990754","KN294181v1","1605564","1605839","37","196384917"
"chr1","198031376","198031674","KN294287v1","233073","233375","34","197798303"
"chr1","198031933","198032229","KN295057v1","897213","897511","31","197134720"
"chr1","198359736","198360022","KN296100v1","743244","743534","32","197616492"
"chr1","198440924","198441225","KN294262v1","2954079","2954389","35","195486845"
"chr1","198697989","198698285","KN295294v1","1330268","1330563","37","197367721"
"chr1","199014002","199014309","KN297176v1","81468","81771","34","198932534"
"chr1","199099145","199099444","KN296096v1","2465175","2465475","33","196633970"
"chr1","199109143","199109437","KN296011v1","392095","392387","38","198717048"
"chr1","199111689","199111878","KN295274v1","16651","16841","31","199095038"
"chr1","199155513","199155813","KN296294v1","40258","40564","35","199115255"
"chr1","199182100","199182411","KN296294v1","66889","67205","42","199115211"
"chr1","199215265","199215555","KN294452v1","113360","113649","37","199101905"
"chr1","199230444","199230743","KN296294v1","123457","123769","34","199106987"
"chr1","199230970","199231271","KN296294v1","123997","124305","33","199106973"
"chr1","199251076","199251381","KN296294v1","143676","143974","29","199107400"
"chr1","199328246","199328536","KN295523v1","3974463","3974753","30","195353783"
"chr1","199350297","199350601","KN295154v1","356653","356960","43","198993644"
"chr1","199377110","199377410","KN294456v1","96834","97129","38","199280276"
"chr1","199379962","199380256","KN296294v1","284861","285158","28","199095101"
"chr1","199554402","199554687","KN295345v1","1379880","1380168","41","198174522"
"chr1","199620017","199620324","KN295995v1","165168","165480","35","199454849"
"chr1","199665386","199665685","KN296883v1","1474770","1475069","35","198190616"
"chr1","199688970","199689283","KN295923v1","1231839","1232151","31","198457131"
"chr1","199811579","199811880","KN295854v1","1466288","1466586","34","198345291"
"chr1","199918372","199918679","KN295114v1","20941","21251","39","199897431"
"chr1","199929274","199929588","KN296294v1","818923","819242","46","199110351"
"chr1","199937356","199937653","KN294407v1","2733858","2734151","35","197203498"
"chr1","199982314","199982619","KN294662v1","79885","80185","31","199902429"
"chr1","199983847","199984139","KN296294v1","879078","879376","34","199104769"
"chr1","200062059","200062353","KN294325v1","748313","748611","38","199313746"
"chr1","200125675","200125949","KN295708v1","872455","872734","60","199253220"
"chr1","200199221","200199544","KN296311v1","6519994","6520311","41","193679227"
"chr1","200210098","200210403","KN297133v1","419676","419981","34","199790422"
"chr1","200270223","200270535","KN295667v1","1687893","1688204","38","198582330"
"chr1","200404805","200405122","KN295974v1","1651131","1651444","52","198753674"
"chr1","200433429","200433755","KN296312v1","507884","508203","53","199925545"
"chr1","200447757","200448059","KN294758v1","2189671","2189970","33","198258086"
"chr1","200682708","200682953","KN296209v1","175512","175747","48","200507196"
"chr1","200859611","200859721","KN295022v1","1034109","1034229","22","199825502"
"chr1","200872816","200873111","KN295294v1","334706","334991","46","200538110"
"chr1","200997909","200998209","KN295983v1","1536250","1536551","37","199461659"
"chr1","201057794","201058091","KN295965v1","94015","94311","19","200963779"
"chr1","201168351","201168679","KN294456v1","775456","775776","48","200392895"
"chr1","201223388","201223655","KN296849v1","746362","746624","59","200477026"
"chr1","201228783","201229083","KN296133v1","239214","239508","42","200989569"
"chr1","201250408","201250546","KN295295v1","107997","108134","16","201142411"
"chr1","201408850","201409164","KN295601v1","761243","761570","52","200647607"
"chr1","201529488","201529779","KN296281v1","289210","289501","32","201240278"
"chr1","201698896","201699206","KN297164v1","113433","113742","39","201585463"
"chr1","201760611","201760921","KN295171v1","104648","104957","45","201655963"
"chr1","201764066","201764358","KN294172v1","7044807","7045099","43","194719259"
"chr1","201775330","201775631","KN296732v1","2013890","2014190","46","199761440"
"chr1","201775836","201776172","KN294964v1","867709","868049","63","200908127"
"chr1","201782416","201782752","KN294767v1","563444","563771","60","201218972"
"chr1","201783628","201783678","KN296316v1","276796","276845","6","201506832"
"chr1","201870479","201870779","KN295550v1","1007565","1007867","43","200862914"
"chr1","201950810","201951110","KN296865v1","906008","906304","38","201044802"
"chr1","201983566","201983875","KN294717v1","373979","374286","33","201609587"
"chr1","202011781","202012092","KN297322v1","1153290","1153598","30","200858491"
"chr1","202013239","202013532","KN295202v1","63794","64082","41","201949445"
"chr1","202120238","202120535","KN295236v1","1764741","1765042","31","200355497"
"chr1","202238844","202239133","KN295384v1","162403","162702","33","202076441"
"chr1","202239281","202239584","KN295384v1","161958","162256","27","202077323"
"chr1","202477429","202477725","KN295474v1","973205","973501","40","201504224"
"chr1","202705269","202705581","KN296324v1","213097","213413","31","202492172"
"chr1","202726935","202727245","KN295667v1","1687893","1688204","30","201039042"
"chr1","202970293","202970588","KN295667v1","1687893","1688204","39","201282400"
"chr1","202975451","202975761","KN294536v1","1859228","1859530","46","201116223"
"chr1","202992424","202992712","KN295487v1","96031","96319","36","202896393"
"chr1","203006523","203006800","KN295995v1","945650","945923","40","202060873"
"chr1","203022321","203022440","KN296883v1","1874886","1875010","18","201147435"
"chr1","203023375","203023674","KN295573v1","646494","646793","34","202376881"
"chr1","203055503","203055788","KN297229v1","921644","921926","36","202133859"
"chr1","203056155","203056447","KN294790v1","5125489","5125793","42","197930666"
"chr1","203100997","203101287","KN296187v1","471768","472059","34","202629229"
"chr1","203191816","203192121","KN295988v1","954829","955141","36","202236987"
"chr1","203216761","203217065","KN297374v1","61845","62154","38","203154916"
"chr1","203241771","203242075","KN294229v1","72819","73113","42","203168952"
"chr1","203244349","203244620","KN297008v1","2640522","2640786","33","200603827"
"chr1","203245493","203245789","KN297322v1","1263875","1264176","39","201981618"
"chr1","203285458","203285768","KN295634v1","230980","231291","34","203054478"
"chr1","203286076","203286376","KN294193v1","740765","741070","42","202545311"
"chr1","203294298","203294583","KN296864v1","999128","999415","36","202295170"
"chr1","203314532","203314816","KN295610v1","489882","490169","36","202824650"
"chr1","203318130","203318431","KN295375v1","132628","132930","38","203185502"
"chr1","203335923","203336228","KN297038v1","2343556","2343866","44","200992367"
"chr1","203342445","203342738","KN294995v1","61376","61672","28","203281069"
"chr1","203365901","203366202","KN294260v1","2256979","2257275","37","201108922"
"chr1","203387659","203387945","KN294421v1","22671","22970","45","203364988"
"chr1","203408479","203408637","KN297304v1","404178","404342","23","203004301"
"chr1","203441901","203442214","KN295114v1","20941","21251","34","203420960"
"chr1","203474765","203475052","KN296635v1","2198541","2198839","45","201276224"
"chr1","203483626","203483788","KN294172v1","2668867","2669027","28","200814759"
"chr1","203494444","203494734","KN294416v1","208870","209165","32","203285574"
"chr1","203501909","203502197","KN296153v1","91872","92161","36","203410037"
"chr1","203505348","203505655","KN297019v1","1233639","1233939","38","202271709"
"chr1","203514203","203514512","KN296934v1","897698","898003","36","202616505"
"chr1","203516529","203516841","KN295523v1","2519145","2519447","49","200997384"
"chr1","203571805","203572112","KN294387v1","2599087","2599393","28","200972718"
"chr1","203581357","203581668","KN297153v1","1366929","1367240","30","202214428"
"chr1","203593777","203594081","KN295748v1","121413","121715","40","203472364"
"chr1","203599953","203600254","KN294842v1","1078091","1078388","43","202521862"
"chr1","203638099","203638410","KN294668v1","2004094","2004404","41","201634005"
"chr1","203639803","203640076","KN296311v1","5618298","5618572","32","198021505"
"chr1","203656179","203656476","KN294662v1","79885","80185","33","203576294"
"chr1","203828894","203829182","KN294396v1","367859","368144","32","203461035"
"chr1","203864419","203864695","KN296863v1","101008","101291","43","203763411"
"chr1","204094798","204095092","KN295717v1","1613358","1613658","48","202481440"
"chr1","204412900","204413194","KN295532v1","62897","63177","32","204350003"
"chr1","204488622","204488917","KN295236v1","3672786","3673083","30","200815836"
"chr1","204500727","204501026","KN294167v1","406704","406998","45","204094023"
"chr1","204583284","204583583","KN296754v1","187413","187705","30","204395871"
"chr1","204608505","204608805","KN297038v1","1001144","1001443","33","203607361"
"chr1","204610047","204610339","KN296036v1","1431592","1431888","38","203178455"
"chr1","204642136","204642438","KN296754v1","129588","129893","31","204512548"
"chr1","204680178","204680480","KN295225v1","1170058","1170357","39","203510120"
"chr1","204715205","204715510","KN294387v1","2599087","2599393","37","202116118"
"chr1","204751320","204751623","KN297019v1","1233639","1233939","35","203517681"
"chr1","204850378","204850685","KN294977v1","151388","151698","32","204698990"
"chr1","204866881","204867180","KN296747v1","35746","36041","29","204831135"
"chr1","204868428","204868726","KN295977v1","1428380","1428678","39","203440048"
"chr1","204917706","204917999","KN294977v1","83660","83960","34","204834046"
"chr1","204969025","204969322","KN296357v1","356792","357093","40","204612233"
"chr1","205060025","205060333","KN294536v1","1940841","1941151","24","203119184"
"chr1","205067941","205068250","KN294705v1","477337","477650","45","204590604"
"chr1","205069593","205069904","KN294536v1","1931122","1931436","27","203138471"
"chr1","205127093","205127403","KN295350v1","243779","244085","32","204883314"
"chr1","205153387","205153690","KN294536v1","1859228","1859530","21","203294159"
"chr1","205167245","205167522","KN296308v1","1377082","1377362","40","203790163"
"chr1","205177214","205177506","KN297044v1","811314","811606","34","204365900"
"chr1","205183802","205184089","KN294536v1","1829956","1830252","31","203353846"
"chr1","205186896","205187206","KN294536v1","1827101","1827416","34","203359795"
"chr1","205241978","205242274","KN294911v1","2160588","2160880","35","203081390"
"chr1","205284592","205284851","KN295441v1","1649269","1649526","43","203635323"
"chr1","205292655","205292946","KN294536v1","1717253","1717544","30","203575402"
"chr1","205320563","205320861","KN294181v1","930133","930441","32","204390430"
"chr1","205333012","205333308","KN295984v1","1244764","1245056","34","204088248"
"chr1","205363500","205363622","KN294536v1","1647262","1647383","6","203716238"
"chr1","205373361","205373661","KN295112v1","343212","343513","37","205030149"
"chr1","205397711","205398022","KN294536v1","815642","815953","46","204582069"
"chr1","205402522","205402603","KN295004v1","76648","76734","11","205325874"
"chr1","205405289","205405591","KN294536v1","1602874","1603192","34","203802415"
"chr1","205416214","205416507","KN294243v1","112547","112853","45","205303667"
"chr1","205421545","205421845","KN294536v1","1586955","1587252","25","203834590"
"chr1","205431604","205431886","KN296991v1","997341","997639","46","204434263"
"chr1","205434399","205434684","KN295459v1","1614660","1614952","41","203819739"
"chr1","205448945","205449241","KN295077v1","585208","585503","35","204863737"
"chr1","205494139","205494379","KN294224v1","499754","500000","35","204994385"
"chr1","205501844","205502158","KN294536v1","1490284","1490580","41","204011560"
"chr1","205511393","205511680","KN297165v1","1143723","1144010","32","204367670"
"chr1","205529609","205529894","KN296934v1","932872","933151","40","204596737"
"chr1","205601008","205601313","KN295361v1","730793","731103","36","204870215"
"chr1","205675033","205675334","KN294536v1","1303775","1304100","54","204371258"
"chr1","205766573","205766872","KN295236v1","3672786","3673083","35","202093787"
"chr1","205778916","205779214","KN294536v1","1195413","1195715","22","204583503"
"chr1","205824213","205824509","KN294536v1","1149036","1149335","35","204675177"
"chr1","205854694","205854976","KN294536v1","1118926","1119203","38","204735768"
"chr1","205907186","205907330","KN296907v1","1056270","1056413","18","204850916"
"chr1","205932224","205932532","KN294536v1","1040798","1041107","28","204891426"
"chr1","205982280","205982588","KN294705v1","772747","773054","36","205209533"
"chr1","206008429","206008745","KN296317v1","72","378","43","206008357"
"chr1","206019360","206019651","KN294536v1","952303","952607","32","205067057"
"chr1","206029100","206029397","KN294536v1","940479","940770","29","205088621"
"chr1","206052237","206052528","KN295586v1","2450308","2450599","35","203601929"
"chr1","206060957","206061247","KN294470v1","2674698","2674987","37","203386259"
"chr1","206086777","206087080","KN294536v1","880036","880345","38","205206741"
"chr1","206089993","206090284","KN294536v1","876819","877120","31","205213174"
"chr1","206094042","206094337","KN294662v1","79885","80185","29","206014157"
"chr1","206106970","206107101","KN294536v1","859398","859523","13","205247572"
"chr1","206123181","206123483","KN297445v1","1326382","1326677","42","204796799"
"chr1","206157792","206158104","KN294536v1","815642","815953","31","205342150"
"chr1","206270441","206270737","KN294848v1","1408889","1409183","39","204861552"
"chr1","206413372","206413676","KN294536v1","562987","563279","31","205850385"
"chr1","206439381","206439693","KN296588v1","62732","63040","34","206376649"
"chr1","206477889","206478175","KN294536v1","494795","495080","21","205983094"
"chr1","206525863","206526153","KN296365v1","113780","114072","38","206412083"
"chr1","206584360","206584663","KN294218v1","2831459","2831758","46","203752901"
"chr1","206590667","206590975","KN296158v1","1672506","1672810","43","204918161"
"chr1","206602890","206603187","KN296404v1","106219","106515","30","206496671"
"chr1","206669472","206669762","KN294536v1","276932","277216","23","206392540"
"chr1","206802550","206802818","KN294536v1","38489","38764","21","206764061"
"chr1","206805404","206805686","KN295883v1","126524","126801","38","206678880"
"chr1","206833233","206833525","KN295430v1","2305675","2305966","42","204527558"
"chr1","207085006","207085317","KN297453v1","345313","345623","25","206739693"
"chr1","207117244","207117467","KN296749v1","712972","713203","47","206404272"
"chr1","207119378","207119681","KN296588v1","1228829","1229131","36","205890549"
"chr1","207242566","207242855","KN297453v1","471701","471987","32","206770865"
"chr1","207284447","207284751","KN297453v1","509317","509619","20","206775130"
"chr1","207314101","207314402","KN297453v1","537058","537357","28","206777043"
"chr1","207336486","207336803","KN294591v1","74627","74936","44","207261859"
"chr1","207351944","207352250","KN294208v1","853291","853593","37","206498653"
"chr1","207385556","207385864","KN295430v1","2610079","2610388","32","204775477"
"chr1","207540243","207540547","KN297019v1","1233639","1233939","38","206306604"
"chr1","207541845","207542146","KN296916v1","378131","378429","39","207163714"
"chr1","207565442","207565752","KN296390v1","106005","106307","35","207459437"
"chr1","207759107","207759412","KN295209v1","634423","634725","32","207124684"
"chr1","207764631","207764934","KN297165v1","2639","2926","50","207761992"
"chr1","207772169","207772451","KN294292v1","223216","223503","41","207548953"
"chr1","207774340","207774631","KN295236v1","5210800","5211097","36","202563540"
"chr1","207805454","207805756","KN297165v1","47565","47861","27","207757889"
"chr1","207821224","207821522","KN295343v1","995447","995750","43","206825777"
"chr1","207892726","207893033","KN296019v1","206153","206463","39","207686573"
"chr1","207986356","207986644","KN297165v1","215218","215507","27","207771138"
"chr1","208223161","208223455","KN294634v1","514588","514883","36","207708573"
"chr1","208265470","208265759","KN294685v1","1072465","1072762","50","207193005"
"chr1","208391912","208392200","KN297165v1","591599","591888","24","207800313"
"chr1","208396926","208397206","KN296188v1","282160","282453","39","208114766"
"chr1","208469859","208470100","KN295586v1","731125","731367","42","207738734"
"chr1","208486195","208486507","KN294717v1","373979","374286","32","208112216"
"chr1","208489069","208489344","KN297165v1","696928","697202","27","207792141"
"chr1","208489780","208490078","KN294365v1","795012","795312","31","207694768"
"chr1","208495115","208495426","KN295750v1","195548","195861","35","208299567"
"chr1","208497741","208498095","KN297023v1","426290","426610","68","208071451"
"chr1","208645419","208645724","KN295441v1","1618043","1618347","37","207027376"
"chr1","208671489","208671792","KN297165v1","880400","880708","24","207791089"
"chr1","208685873","208686180","KN295294v1","3132769","3133075","43","205553104"
"chr1","208691746","208692016","KN297008v1","2640522","2640786","43","206051224"
"chr1","208694372","208694679","KN297165v1","898164","898475","34","207796208"
"chr1","208728601","208728902","KN297165v1","933012","933314","39","207795589"
"chr1","208735953","208736257","KN297367v1","171251","171554","32","208564702"
"chr1","208810688","208810997","KN297165v1","1011129","1011437","36","207799559"
"chr1","208811462","208811696","KN296614v1","20173","20414","38","208791289"
"chr1","208813930","208814230","KN296153v1","3677943","3678242","30","205135987"
"chr1","208834622","208834742","KN297165v1","1033125","1033239","13","207801497"
"chr1","208856087","208856393","KN297165v1","1053919","1054220","31","207802168"
"chr1","208945626","208945923","KN297165v1","1143723","1144010","27","207801903"
"chr1","209377362","209377665","KN297165v1","1579092","1579394","33","207798270"
"chr1","209421826","209422142","KN295073v1","883293","883586","60","208538533"
"chr1","209437475","209437787","KN297165v1","1637880","1638186","30","207799595"
"chr1","209449219","209449551","KN296308v1","871499","871827","43","208577720"
"chr1","209501692","209501984","KN294536v1","1607732","1608024","32","207893960"
"chr1","209519515","209519803","KN296609v1","605910","606202","41","208913605"
"chr1","209532520","209532823","KN297165v1","1731388","1731689","29","207801132"
"chr1","209566957","209567267","KN294387v1","2599087","2599393","45","206967870"
"chr1","209627779","209628073","KN297165v1","1827164","1827456","28","207800615"
"chr1","209690619","209690926","KN297165v1","1902812","1903121","33","207787807"
"chr1","209712966","209713219","KN294407v1","284348","284599","44","209428618"
"chr1","209854864","209855150","KN297165v1","1143723","1144010","35","208711141"
"chr1","209899054","209899370","KN297165v1","2120737","2121053","35","207778317"
"chr1","209920681","209920947","KN297165v1","2142264","2142532","20","207778417"
"chr1","210085821","210086116","KN294848v1","1408889","1409183","28","208676932"
"chr1","210191532","210191829","KN294456v1","96834","97129","37","210094698"
"chr1","210194288","210194598","KN295236v1","5969204","5969513","35","204225084"
"chr1","210216983","210217272","KN294444v1","38062","38349","40","210178921"
"chr1","210256063","210256358","KN297314v1","117021","117312","37","210139042"
"chr1","210354812","210355104","KN296187v1","471768","472059","36","209883044"
"chr1","210411112","210411189","KN294192v1","440793","440862","13","209970319"
"chr1","210466067","210466191","KN296883v1","1874886","1875010","15","208591181"
"chr1","210468014","210468324","KN294161v1","657992","658299","42","209810022"
"chr1","210470631","210470939","KN294539v1","761382","761684","41","209709249"
"chr1","210645751","210646047","KN297095v1","1452898","1453193","28","209192853"
"chr1","210704852","210705144","KN297165v1","2923991","2924285","27","207780861"
"chr1","210710296","210710597","KN296460v1","1184712","1185010","40","209525584"
"chr1","210710987","210711124","KN296485v1","590442","590571","21","210120545"
"chr1","210722390","210722689","KN294444v1","191403","191699","47","210530987"
"chr1","210725205","210725508","KN297165v1","2944901","2945200","28","207780304"
"chr1","210751330","210751633","KN294588v1","1492426","1492725","30","209258904"
"chr1","210794397","210794671","KN297165v1","3011461","3011729","26","207782936"
"chr1","210815650","210815947","KN297452v1","2419906","2420203","32","208395744"
"chr1","210958052","210958337","KN294407v1","270000","270288","37","210688052"
"chr1","211050477","211050782","KN295382v1","230497","230807","41","210819980"
"chr1","211123873","211124197","KN297165v1","3327818","3328134","31","207796055"
"chr1","211166371","211166660","KN295350v1","1050025","1050313","41","210116346"
"chr1","211176500","211176804","KN297165v1","3378203","3378507","27","207798297"
"chr1","211217454","211217720","KN297165v1","3420478","3420753","30","207796976"
"chr1","211233046","211233326","KN297165v1","3436800","3437076","30","207796246"
"chr1","211256830","211257098","KN294234v1","1360550","1360824","36","209896280"
"chr1","211286517","211286770","KN297165v1","2929718","2929968","37","208356799"
"chr1","211680273","211680577","KN295667v1","1687893","1688204","41","209992380"
"chr1","211692076","211692382","KN296934v1","897698","898003","37","210794378"
"chr1","211850096","211850401","KN297165v1","4037456","4037767","32","207812640"
"chr1","211922537","211922844","KN296153v1","888240","888546","34","211034297"
"chr1","211933245","211933558","KN294899v1","544257","544569","43","211388988"
"chr1","211933632","211933728","KN295893v1","7317944","7318033","18","204615688"
"chr1","211934647","211934758","KN295090v1","1877159","1877277","25","210057488"
"chr1","211955722","211955775","KN297094v1","26059","26111","6","211929663"
"chr1","212192293","212192595","KN297219v1","1668367","1668670","31","210523926"
"chr1","212269322","212269619","KN294548v1","1516179","1516476","21","210753143"
"chr1","212270097","212270395","KN295633v1","141651","141946","30","212128446"
"chr1","212300877","212301076","KN294548v1","1488678","1488879","19","210812199"
"chr1","212416727","212417029","KN295983v1","1536250","1536551","36","210880477"
"chr1","212514221","212514530","KN297133v1","419676","419981","43","212094545"
"chr1","212558123","212558432","KN294548v1","1242480","1242786","39","211315643"
"chr1","212663931","212664251","KN295205v1","1066560","1066883","43","211597371"
"chr1","212703642","212703950","KN294717v1","373979","374286","41","212329663"
"chr1","212761166","212761476","KN294548v1","1041110","1041416","29","211720056"
"chr1","212833029","212833331","KN294172v1","2028047","2028349","39","210804982"
"chr1","212888623","212888765","KN294548v1","926016","926157","16","211962607"
"chr1","212889542","212889715","KN296508v1","1809822","1809977","40","211079720"
"chr1","212957260","212957548","KN294239v1","334831","335118","36","212622429"
"chr1","213084388","213084637","KN296637v1","529155","529393","54","212555233"
"chr1","213122904","213122956","KN294758v1","219493","219544","7","212903411"
"chr1","213124670","213124958","KN295984v1","974577","974872","48","212150093"
"chr1","213142788","213143097","KN294556v1","165992","166297","35","212976796"
"chr1","213280971","213281272","KN294548v1","554034","554332","30","212726937"
"chr1","213283572","213283871","KN296357v1","356792","357093","38","212926780"
"chr1","213479271","213479571","KN296019v1","178814","179119","38","213300457"
"chr1","213583621","213583876","KN295983v1","27909","28160","52","213555712"
"chr1","213630151","213630447","KN296322v1","1982694","1982989","28","211647457"
"chr1","213659152","213659443","KN295459v1","1498869","1499159","34","212160283"
"chr1","213730247","213730568","KN295667v1","1687893","1688204","39","212042354"
"chr1","213733186","213733480","KN294548v1","107695","107992","30","213625491"
"chr1","213737443","213737736","KN294470v1","624219","624514","35","213113224"
"chr1","213916328","213916630","KN297317v1","20735","21043","36","213895593"
"chr1","213959228","213959534","KN294717v1","373979","374286","41","213585249"
"chr1","214041700","214042008","KN297133v1","279852","280158","35","213761848"
"chr1","214178072","214178387","KN294705v1","772747","773054","41","213405325"
"chr1","214179011","214179262","KN296187v1","288604","288853","33","213890407"
"chr1","214198662","214198940","KN294911v1","2491250","2491538","43","211707412"
"chr1","214204572","214204888","KN296775v1","312693","313014","46","213891879"
"chr1","214208035","214208327","KN294739v1","616485","616779","30","213591550"
"chr1","214219626","214219938","KN296588v1","1061611","1061921","41","213158015"
"chr1","214221597","214221883","KN295480v1","1210004","1210299","41","213011593"
"chr1","214224605","214224946","KN295930v1","722077","722411","63","213502528"
"chr1","214226821","214227125","KN294444v1","57733","58029","39","214169088"
"chr1","214272795","214273099","KN294717v1","373979","374286","53","213898816"
"chr1","214368201","214368492","KN296453v1","438902","439192","37","213929299"
"chr1","214375958","214376255","KN296153v1","2309746","2310040","36","212066212"
"chr1","214386380","214386678","KN295294v1","1333609","1333909","45","213052771"
"chr1","214411529","214411833","KN294717v1","373979","374286","33","214037550"
"chr1","214422236","214422527","KN297314v1","117021","117312","34","214305215"
"chr1","214438086","214438394","KN294499v1","1948987","1949299","33","212489099"
"chr1","214451601","214451896","KN294739v1","616485","616779","35","213835116"
"chr1","214452249","214452558","KN294739v1","749549","749859","46","213702700"
"chr1","214471156","214471464","KN296158v1","1672506","1672810","38","212798650"
"chr1","214494624","214494928","KN296153v1","3677943","3678242","33","210816681"
"chr1","214511883","214512191","KN295601v1","3205041","3205349","36","211306842"
"chr1","214512575","214512880","KN294873v1","1152998","1153302","41","213359577"
"chr1","214544438","214544736","KN296153v1","3677943","3678242","34","210866495"
"chr1","214599962","214600245","KN294524v1","24394","24676","44","214575568"
"chr1","214601822","214602131","KN295708v1","1599062","1599372","47","213002760"
"chr1","214617416","214617692","KN294613v1","374177","374449","39","214243239"
"chr1","214622288","214622592","KN296075v1","437481","437780","35","214184807"
"chr1","214639480","214639779","KN294443v1","1305914","1306212","35","213333566"
"chr1","214642205","214642483","KN296496v1","355776","356054","32","214286429"
"chr1","214650423","214650771","KN295352v1","418396","418720","78","214232027"
"chr1","214652587","214652879","KN296153v1","91872","92161","37","214560715"
"chr1","214653149","214653455","KN294239v1","1722431","1722728","41","212930718"
"chr1","214669959","214670269","KN297317v1","20735","21043","31","214649224"
"chr1","214671041","214671320","KN296609v1","672398","672674","40","213998643"
"chr1","214672163","214672474","KN296290v1","395377","395681","43","214276786"
"chr1","214679778","214680084","KN295114v1","20941","21251","42","214658837"
"chr1","214696654","214696942","KN295294v1","334706","334991","42","214361948"
"chr1","214711143","214711432","KN296096v1","3187219","3187506","30","211523924"
"chr1","214717591","214717889","KN294218v1","2831459","2831758","38","211886132"
"chr1","214723715","214724016","KN294365v1","795012","795312","33","213928703"
"chr1","214729447","214729738","KN296849v1","262325","262616","32","214467122"
"chr1","214756878","214757166","KN296849v1","262325","262616","35","214494553"
"chr1","214763797","214764079","KN296513v1","1339873","1340152","34","213423924"
"chr1","214776300","214776588","KN296205v1","605596","605883","38","214170704"
"chr1","214791438","214791727","KN294170v1","50010","50300","30","214741428"
"chr1","214814941","214815245","KN294387v1","2599087","2599393","32","212215854"
"chr1","214858273","214858610","KN295814v1","705307","705626","67","214152966"
"chr1","214949928","214950217","KN297083v1","720792","721088","43","214229136"
"chr1","214956342","214956642","KN295171v1","869545","869845","36","214086797"
"chr1","215051663","215051965","KN297390v1","1640938","1641250","44","213410725"
"chr1","215061904","215062220","KN294292v1","136185","136494","45","214925719"
"chr1","215076279","215076587","KN297046v1","732046","732355","35","214344233"
"chr1","215088356","215088662","KN296486v1","698399","698705","39","214389957"
"chr1","215090024","215090322","KN294239v1","153759","154060","32","214936265"
"chr1","215095824","215095945","KN295361v1","171226","171341","25","214924598"
"chr1","215193220","215193514","KN296747v1","35746","36041","33","215157474"
"chr1","215202869","215203169","KN296732v1","2013890","2014190","30","213188979"
"chr1","215248418","215248712","KN294650v1","677073","677368","42","214571345"
"chr1","215260608","215260883","KN296108v1","63524","63807","42","215197084"
"chr1","215297449","215297745","KN295573v1","249758","250054","35","215047691"
"chr1","215314483","215314789","KN296934v1","897698","898003","34","214416785"
"chr1","215333568","215333879","KN294717v1","373979","374286","35","214959589"
"chr1","215340100","215340398","KN296528v1","1436873","1437172","42","213903227"
"chr1","215349715","215350010","KN296747v1","35746","36041","31","215313969"
"chr1","215353614","215353905","KN297259v1","1760726","1761019","46","213592888"
"chr1","215389488","215389795","KN295480v1","2672652","2672956","38","212716836"
"chr1","215391817","215392101","KN294510v1","5278","5564","33","215386539"
"chr1","215420747","215421055","KN294599v1","593708","594016","40","214827039"
"chr1","215431146","215431451","KN294172v1","835311","835619","40","214595835"
"chr1","215458419","215458706","KN295995v1","1426233","1426527","40","214032186"
"chr1","215464117","215464416","KN294385v1","18712","19011","42","215445405"
"chr1","215470891","215471171","KN295923v1","2321767","2322047","34","213149124"
"chr1","215474046","215474346","KN294172v1","6860683","6860986","34","208613363"
"chr1","215477631","215477922","KN294208v1","853291","853593","36","214624340"
"chr1","215486508","215486784","KN296518v1","74795","75082","38","215411713"
"chr1","215540245","215540556","KN295667v1","1687893","1688204","30","213852352"
"chr1","215555924","215556221","KN297000v1","300195","300489","32","215255729"
"chr1","215623468","215623753","KN295350v1","493114","493401","52","215130354"
"chr1","215663320","215663627","KN294407v1","2595440","2595750","44","213067880"
"chr1","215678122","215678420","KN294747v1","778077","778373","34","214900045"
"chr1","215693484","215693780","KN295586v1","1077188","1077483","34","214616296"
"chr1","215717943","215718258","KN295075v1","473320","473622","39","215244623"
"chr1","215721849","215722142","KN295112v1","319295","319596","37","215402554"
"chr1","215769512","215769820","KN295984v1","1146437","1146743","43","214623075"
"chr1","215777885","215778191","KN296934v1","897698","898003","38","214880187"
"chr1","215782154","215782467","KN296865v1","1033695","1034008","40","214748459"
"chr1","215782790","215783084","KN296495v1","2056834","2057132","42","213725956"
"chr1","215783211","215783536","KN294613v1","168072","168389","49","215615139"
"chr1","215838660","215838948","KN294768v1","46252","46542","48","215792408"
"chr1","215843479","215843791","KN296357v1","706115","706421","31","215137364"
"chr1","215878410","215878710","KN295236v1","231341","231639","32","215647069"
"chr1","215903988","215904287","KN297442v1","2461526","2461820","36","213442462"
"chr1","215921658","215921952","KN295236v1","3667062","3667350","41","212254596"
"chr1","215948292","215948595","KN295112v1","343212","343513","43","215605080"
"chr1","215949494","215949765","KN294596v1","14840","15113","40","215934654"
"chr1","215953993","215954159","KN295260v1","2159121","2159290","23","213794872"
"chr1","215967341","215967634","KN296062v1","2106200","2106493","37","213861141"
"chr1","215976878","215977183","KN296075v1","565878","566186","40","215411000"
"chr1","215981647","215981944","KN294172v1","5770836","5771132","40","210210811"
"chr1","215995910","215996228","KN295735v1","1768589","1768898","44","214227321"
"chr1","216070791","216071079","KN295692v1","3518009","3518300","44","212552782"
"chr1","216072134","216072426","KN294561v1","767639","767926","35","215304495"
"chr1","216077017","216077323","KN294387v1","2599087","2599393","42","213477930"
"chr1","216094890","216095202","KN297322v1","1153290","1153598","39","214941600"
"chr1","216262848","216263148","KN296378v1","155683","155981","34","216107165"
"chr1","216322823","216323123","KN295225v1","1170058","1170357","31","215152765"
"chr1","216332293","216332608","KN294717v1","373979","374286","36","215958314"
"chr1","216405046","216405335","KN296726v1","154015","154304","35","216251031"
"chr1","216413605","216413898","KN294713v1","485096","485391","35","215928509"
"chr1","216558016","216558329","KN295114v1","20941","21251","34","216537075"
"chr1","216562379","216562681","KN295171v1","869545","869845","38","215692834"
"chr1","216645468","216645779","KN296934v1","897698","898003","40","215747770"
"chr1","216682379","216682682","KN294229v1","97510","97813","34","216584869"
"chr1","216793913","216794207","KN295114v1","177585","177879","35","216616328"
"chr1","216812544","216812841","KN294416v1","208870","209165","45","216603674"
"chr1","216831047","216831353","KN294172v1","4623261","4623567","41","212207786"
"chr1","216847205","216847511","KN294172v1","4761492","4761794","38","212085713"
"chr1","216865735","216865868","KN296980v1","1075826","1075962","13","215789909"
"chr1","216866134","216866281","KN295871v1","466358","466502","23","216399776"
"chr1","216877103","216877404","KN294717v1","373979","374286","35","216503124"
"chr1","216886916","216887221","KN296311v1","3759544","3759849","37","213127372"
"chr1","216997893","216998184","KN296205v1","605596","605883","40","216392297"
"chr1","217015875","217016187","KN296430v1","529471","529787","40","216486404"
"chr1","217052517","217052801","KN295405v1","1636689","1636971","34","215415828"
"chr1","217129306","217129607","KN295983v1","1536250","1536551","32","215593056"
"chr1","217180811","217181104","KN295907v1","2257700","2257990","43","214923111"
"chr1","217720439","217720724","KN296201v1","1836606","1836890","38","215883833"
"chr1","217790044","217790346","KN296153v1","3677943","3678242","38","214112101"
"chr1","218198584","218198892","KN296430v1","444033","444342","38","217754551"
"chr1","218207437","218207754","KN295107v1","435752","436065","41","217771685"
"chr1","218304749","218305031","KN296495v1","2252575","2252859","38","216052174"
"chr1","218320793","218321095","KN294697v1","98914","99214","40","218221879"
"chr1","218423157","218423469","KN295022v1","123209","123517","42","218299948"
"chr1","218503009","218503334","KN294407v1","289512","289824","59","218213497"
"chr1","218583050","218583345","KN296682v1","1906340","1906636","39","216676710"
"chr1","218717955","218718257","KN296357v1","706115","706421","41","218011840"
"chr1","219063730","219064045","KN295045v1","41715","42027","47","219022015"
"chr1","219078572","219078878","KN294711v1","903939","904247","35","218174633"
"chr1","219322410","219322718","KN295667v1","1796551","1796859","32","217525859"
"chr1","219362826","219362983","KN294172v1","4594927","4595084","28","214767899"
"chr1","219367575","219367864","KN295607v1","511943","512240","38","218855632"
"chr1","219369741","219369884","KN294790v1","2813919","2814067","16","216555822"
"chr1","219424809","219425108","KN295350v1","405055","405352","31","219019754"
"chr1","219440672","219440842","KN295236v1","5187090","5187265","25","214253582"
"chr1","219440843","219441174","KN297023v1","426290","426610","52","219014553"
"chr1","219484990","219485281","KN295294v1","133861","134153","35","219351129"
"chr1","219515083","219515355","KN294218v1","2770774","2771040","40","216744309"
"chr1","219523568","219523860","KN296426v1","182028","182319","36","219341540"
"chr1","219712696","219712958","KN295601v1","2665868","2666129","34","217046828"
"chr1","219825482","219825778","KN296253v1","41862","42157","30","219783620"
"chr1","219842848","219843145","KN296404v1","106219","106515","39","219736629"
"chr1","219882964","219883265","KN296153v1","3677943","3678242","36","216205021"
"chr1","219912049","219912351","KN294407v1","249623","249924","39","219662426"
"chr1","219919893","219920202","KN295667v1","1687893","1688204","44","218232000"
"chr1","219929953","219930266","KN296520v1","401670","401982","42","219528283"
"chr1","219952705","219953011","KN294387v1","2599087","2599393","34","217353618"
"chr1","219961134","219961426","KN297026v1","228587","228878","33","219732547"
"chr1","219962604","219962904","KN294662v1","79885","80185","34","219882719"
"chr1","219965362","219965671","KN294513v1","614988","615293","41","219350374"
"chr1","219993112","219993416","KN296934v1","897698","898003","30","219095414"
"chr1","220003235","220003547","KN294717v1","373979","374286","32","219629256"
"chr1","220036599","220036909","KN295637v1","154827","155135","41","219881772"
"chr1","220049054","220049326","KN297274v1","1076900","1077174","44","218972154"
"chr1","220109794","220110086","KN295459v1","1614660","1614952","32","218495134"
"chr1","220121415","220121732","KN295405v1","833100","833415","40","219288315"
"chr1","220134895","220135190","KN294911v1","3820095","3820391","33","216314800"
"chr1","220145276","220145580","KN297133v1","419676","419981","37","219725600"
"chr1","220149964","220150268","KN296357v1","706115","706421","34","219443849"
"chr1","220165094","220165392","KN294325v1","748313","748611","33","219416781"
"chr1","220169173","220169473","KN295983v1","1536250","1536551","32","218632923"
"chr1","220207334","220207630","KN296759v1","638542","638840","33","219568792"
"chr1","220212433","220212740","KN294262v1","2954079","2954389","39","217258354"
"chr1","220221459","220221769","KN297317v1","20735","21043","30","220200724"
"chr1","220459649","220459944","KN295995v1","1426233","1426527","44","219033416"
"chr1","220544311","220544631","KN295236v1","3985587","3985900","44","216558724"
"chr1","220809942","220810251","KN295988v1","954829","955141","44","219855113"
"chr1","220911698","220911980","KN296513v1","2973951","2974245","44","217937747"
"chr1","220954500","220954810","KN294407v1","2599527","2599837","37","218354973"
"chr1","221009061","221009369","KN294439v1","261107","261420","30","220747954"
"chr1","221086417","221086710","KN295907v1","1253096","1253393","31","219833321"
"chr1","221092058","221092367","KN295706v1","40899","41204","30","221051159"
"chr1","221092715","221093025","KN295045v1","441758","442064","39","220650957"
"chr1","221146723","221147026","KN295983v1","1536250","1536551","36","219610473"
"chr1","221153221","221153523","KN295319v1","14065","14366","32","221139156"
"chr1","221155814","221156113","KN294443v1","598458","598760","36","220557356"
"chr1","221166981","221167289","KN295735v1","635128","635434","32","220531853"
"chr1","221170660","221170965","KN295854v1","1466288","1466586","35","219704372"
"chr1","221175778","221176084","KN296357v1","706115","706421","39","220469663"
"chr1","221184221","221184385","KN294747v1","631115","631284","21","220553106"
"chr1","221187086","221187379","KN295995v1","1426233","1426527","41","219760853"
"chr1","221190944","221191217","KN295923v1","1660204","1660483","36","219530740"
"chr1","221194536","221194808","KN296635v1","4770618","4770901","37","216423918"
"chr1","221272255","221272563","KN294978v1","3542058","3542363","45","217730197"
"chr1","221285675","221286014","KN295361v1","902326","902637","81","220383349"
"chr1","221318713","221319009","KN294588v1","494059","494353","27","220824654"
"chr1","221327057","221327221","KN294187v1","1611028","1611191","22","219716029"
"chr1","221330142","221330429","KN296588v1","819996","820280","45","220510146"
"chr1","221331311","221331616","KN294251v1","1303021","1303316","40","220028290"
"chr1","221332308","221332613","KN296859v1","1719114","1719417","39","219613194"
"chr1","221342701","221343000","KN296859v1","895216","895514","36","220447485"
"chr1","221379282","221379585","KN295236v1","1391473","1391776","40","219987809"
"chr1","221401303","221401589","KN297242v1","351132","351417","40","221050171"
"chr1","221472049","221472338","KN295361v1","707393","707673","47","220764656"
"chr1","221472608","221472903","KN296287v1","46583","46877","35","221426025"
"chr1","221582194","221582487","KN295803v1","664277","664575","45","220917917"
"chr1","221619851","221620135","KN296442v1","1130989","1131276","30","220488862"
"chr1","221665404","221665668","KN296449v1","822","1085","38","221664582"
"chr1","221667038","221667324","KN296682v1","4848071","4848353","40","216818967"
"chr1","221702579","221702872","KN294630v1","64496","64788","38","221638083"
"chr1","221722684","221722990","KN296934v1","897698","898003","34","220824986"
"chr1","221764628","221764939","KN294446v1","683085","683385","43","221081543"
"chr1","221771148","221771447","KN295533v1","1053416","1053711","35","220717732"
"chr1","221804858","221805136","KN296090v1","75023","75307","39","221729835"
"chr1","221841712","221842024","KN295236v1","3424373","3424682","36","218417339"
"chr1","221842615","221842914","KN297159v1","1593950","1594247","39","220248665"
"chr1","221857877","221858190","KN297019v1","964771","965083","42","220893106"
"chr1","221874405","221874701","KN295962v1","2134608","2134896","30","219739797"
"chr1","221897035","221897338","KN295320v1","67242","67549","37","221829793"
"chr1","221906959","221907278","KN297159v1","463799","464110","45","221443160"
"chr1","221949430","221949739","KN295449v1","1093597","1093900","42","220855833"
"chr1","221995840","221996119","KN295090v1","523438","523719","36","221472402"
"chr1","222044199","222044491","KN297314v1","117021","117312","31","221927178"
"chr1","222061859","222062146","KN294239v1","334831","335118","33","221727028"
"chr1","222110149","222110448","KN294747v1","670418","670717","49","221439731"
"chr1","222251494","222251801","KN296153v1","2057313","2057618","49","220194181"
"chr1","222264581","222264876","KN295294v1","334706","334991","48","221929875"
"chr1","222372565","222372864","KN295480v1","1210004","1210299","35","221162561"
"chr1","222413040","222413321","KN295923v1","2321767","2322047","32","220091273"
"chr1","222434026","222434334","KN294557v1","60815","61127","37","222373211"
"chr1","222436202","222436442","KN296749v1","712972","713203","61","221723230"
"chr1","222474249","222474580","KN296847v1","411329","411634","71","222062920"
"chr1","222480958","222481259","KN294824v1","203242","203547","44","222277716"
"chr1","222482119","222482170","KN296316v1","276796","276845","6","222205323"
"chr1","222501282","222501584","KN294416v1","208870","209165","42","222292412"
"chr1","222604247","222604559","KN295601v1","1116400","1116711","40","221487847"
"chr1","222630788","222631063","KN296311v1","715482","715765","36","221915306"
"chr1","222691557","222691816","KN294588v1","536939","537199","42","222154618"
"chr1","222692633","222692914","KN295923v1","2321767","2322047","32","220370866"
"chr1","222890609","222890895","KN294472v1","340230","340520","35","222550379"
"chr1","222912616","222912802","KN294419v1","42675","42858","47","222869941"
"chr1","223026210","223026516","KN297176v1","81468","81771","37","222944742"
"chr1","223336066","223336365","KN295480v1","1210004","1210299","30","222126062"
"chr1","223358719","223358891","KN296682v1","2871728","2871900","23","220486991"
"chr1","223373941","223374248","KN296934v1","897698","898003","35","222476243"
"chr1","223404502","223404805","KN295814v1","1285532","1285833","30","222118970"
"chr1","223634718","223635026","KN295984v1","3279862","3280170","45","220354856"
"chr1","223669874","223670168","KN294399v1","151738","152035","33","223518136"
"chr1","223693447","223693744","KN297190v1","5852784","5853081","32","217840663"
"chr1","223739395","223739691","KN296119v1","2839887","2840182","34","220899508"
"chr1","223767591","223767887","KN295236v1","4576569","4576870","31","219191022"
"chr1","223808828","223809135","KN295059v1","336835","337145","33","223471993"
"chr1","223898002","223898306","KN296176v1","429663","429967","29","223468339"
"chr1","223899764","223900058","KN297133v1","419676","419981","34","223480088"
"chr1","223930443","223930752","KN296322v1","889103","889411","32","223041340"
"chr1","223983854","223984136","KN297229v1","921644","921926","32","223062210"
"chr1","224031803","224032109","KN294717v1","373979","374286","34","223657824"
"chr1","224076994","224077300","KN296934v1","897698","898003","36","223179296"
"chr1","224099926","224100228","KN296654v1","115316","115624","30","223984610"
"chr1","224104873","224105170","KN294758v1","374673","374971","38","223730200"
"chr1","224128217","224128445","KN296019v1","205848","206076","40","223922369"
"chr1","224147627","224147927","KN294588v1","1492426","1492725","36","222655201"
"chr1","224184477","224184654","KN295236v1","5187090","5187265","23","218997387"
"chr1","224262275","224262569","KN294561v1","296837","297132","31","223965438"
"chr1","224296919","224297214","KN294456v1","96834","97129","32","224200085"
"chr1","224297943","224298100","KN295984v1","2661539","2661699","19","221636404"
"chr1","224300666","224300971","KN295236v1","4576569","4576870","47","219724097"
"chr1","224313436","224313741","KN295350v1","243779","244085","33","224069657"
"chr1","224328821","224329107","KN295117v1","329951","330239","30","223998870"
"chr1","224409272","224409557","KN295487v1","96031","96319","34","224313241"
"chr1","224510599","224510915","KN297390v1","1640938","1641250","36","222869661"
"chr1","224534938","224535248","KN295613v1","36602","36914","43","224498336"
"chr1","224545719","224545963","KN294218v1","1748695","1748937","42","222797024"
"chr1","224618677","224618984","KN296486v1","698399","698705","39","223920278"
"chr1","224622259","224622565","KN294470v1","2729657","2729960","35","221892602"
"chr1","224646375","224646631","KN295220v1","205909","206156","41","224440466"
"chr1","224653164","224653455","KN295825v1","1953498","1953787","40","222699666"
"chr1","224653906","224654212","KN294513v1","614988","615293","32","224038918"
"chr1","224673367","224673672","KN295919v1","100991","101296","32","224572376"
"chr1","224697116","224697205","KN295544v1","30359","30447","19","224666757"
"chr1","224832313","224832608","KN296747v1","35746","36041","36","224796567"
"chr1","224837862","224838170","KN294717v1","373979","374286","36","224463883"
"chr1","224918506","224918800","KN294536v1","1607732","1608024","33","223310774"
"chr1","224941447","224941749","KN295045v1","441758","442064","34","224499689"
"chr1","224998549","224998844","KN295573v1","646494","646793","36","224352055"
"chr1","225057933","225058236","KN296731v1","1681432","1681735","33","223376501"
"chr1","225187162","225187472","KN294239v1","1577662","1577973","32","223609500"
"chr1","225390635","225390934","KN296495v1","2056834","2057132","33","223333801"
"chr1","225449888","225450182","KN294777v1","58790","59083","39","225391098"
"chr1","225482225","225482536","KN295406v1","214517","214825","37","225267708"
"chr1","225581280","225581579","KN296865v1","995225","995521","35","224586055"
"chr1","225740113","225740410","KN296682v1","4492975","4493279","39","221247138"
"chr1","225755644","225755937","KN297044v1","811314","811606","32","224944330"
"chr1","225782824","225783122","KN294717v1","311839","312142","33","225470985"
"chr1","225790766","225791072","KN297452v1","2293568","2293874","37","223497198"
"chr1","225878927","225879199","KN297264v1","12615","12885","37","225866312"
"chr1","226024165","226024463","KN294536v1","1607732","1608024","35","224416433"
"chr1","226026029","226026331","KN295171v1","869545","869845","31","225156484"
"chr1","226038508","226038819","KN297133v1","419676","419981","39","225618832"
"chr1","226071785","226072080","KN296133v1","239214","239508","39","225832571"
"chr1","226131680","226131978","KN296732v1","2013890","2014190","35","224117790"
"chr1","226146177","226146474","KN296096v1","3183138","3183434","36","222963039"
"chr1","226201986","226202287","KN297408v1","636019","636320","42","225565967"
"chr1","226213659","226213938","KN297242v1","351132","351417","33","225862527"
"chr1","226228617","226228927","KN296520v1","401670","401982","33","225826947"
"chr1","226299024","226299325","KN294591v1","102703","103003","37","226196321"
"chr1","226322826","226323136","KN294717v1","373979","374286","33","225948847"
"chr1","226405150","226405440","KN296311v1","4110039","4110330","46","222295111"
"chr1","226446575","226446814","KN294378v1","995755","995986","44","225450820"
"chr1","226506375","226506657","KN297452v1","2177807","2178082","45","224328568"
"chr1","226525395","226525674","KN295090v1","1314407","1314676","40","225210988"
"chr1","226556950","226557244","KN296062v1","2106200","2106493","37","224450750"
"chr1","226627990","226628279","KN295091v1","2420503","2420803","35","224207487"
"chr1","226700569","226700861","KN294416v1","208870","209165","31","226491699"
"chr1","226744067","226744381","KN294387v1","2599087","2599393","44","224144980"
"chr1","226811642","226811940","KN294873v1","1152998","1153302","38","225658644"
"chr1","226838266","226838551","KN297165v1","1143723","1144010","44","225694543"
"chr1","226861506","226861845","KN294457v1","3704399","3704734","51","223157107"
"chr1","226944502","226944799","KN295096v1","2124655","2124956","34","224819847"
"chr1","226965884","226966185","KN295501v1","1005257","1005557","34","225960627"
"chr1","226981283","226981405","KN294470v1","2025285","2025410","21","224955998"
"chr1","227279768","227280070","KN295236v1","1764741","1765042","38","225515027"
"chr1","227312370","227312685","KN294407v1","289512","289824","47","227022858"
"chr1","227360787","227360983","KN297227v1","1036745","1036909","51","226324042"
"chr1","227545730","227545987","KN294444v1","3297","3556","42","227542433"
"chr1","227638305","227638602","KN296140v1","777217","777517","51","226861088"
"chr1","227705557","227705851","KN297158v1","153873","154164","40","227551684"
"chr1","227894394","227894682","KN294739v1","616485","616779","38","227277909"
"chr1","228013013","228013320","KN296731v1","1681432","1681735","38","226331581"
"chr1","228138738","228138951","KN294961v1","14382","14605","40","228124356"
"chr1","228158291","228158601","KN297323v1","176102","176406","42","227982189"
"chr3","33292118","33292413","KN294536v1","1607732","1608024","32","31684386"
"chr3","52297719","52298015","KN294758v1","2177308","2177606","34","50120411"
"chr3","112721757","112722070","KN297138v1","404629","404936","46","112317128"
"chr3","128581382","128581680","KN295328v1","349896","350193","39","128231486"
"chr3","133562298","133562600","KN294662v1","79885","80185","36","133482413"
"chr3","146931546","146931844","KN294446v1","410629","410926","38","146520917"
"chr3","159252386","159252677","KN297259v1","1207120","1207418","42","158045266"
"chr3","176553806","176554114","KN294705v1","1775058","1775369","40","174778748"
"chr3","225634","225943","KN295430v1","2610079","2610388","40","2384445"
"chr3","295119","295439","KN295114v1","20941","21251","46","274178"
"chr3","325269","325552","KN294161v1","590477","590758","39","265208"
"chr3","449797","450098","KN295983v1","1664954","1665256","38","1215157"
"chr3","488083","488407","KN294229v1","300197","300508","65","187886"
"chr3","579714","580008","KN294470v1","2929582","2929879","35","2349868"
"chr3","816953","817155","KN295405v1","56868","57077","34","760085"
"chr3","1233733","1234039","KN295236v1","3424373","3424682","45","2190640"
"chr3","1253934","1254243","KN294561v1","643982","644294","32","609952"
"chr3","1288439","1288695","KN295090v1","1314407","1314676","44","25968"
"chr3","1751993","1752286","KN297320v1","483965","484258","42","1268028"
"chr3","1833551","1833860","KN296641v1","1282453","1282755","28","551098"
"chr3","1971711","1972014","KN295320v1","393535","393840","44","1578176"
"chr3","2060454","2060729","KN295936v1","30401","30674","38","2030053"
"chr3","2064778","2064951","KN294172v1","4291556","4291738","46","2226778"
"chr3","2221323","2221625","KN295708v1","1954541","1954845","36","266782"
"chr3","2423258","2423562","KN294172v1","1630044","1630343","38","793214"
"chr3","2439258","2439554","KN295893v1","1560574","1560870","30","878684"
"chr3","2607023","2607328","KN295601v1","2895150","2895452","49","288127"
"chr3","2647946","2648227","KN294539v1","2154734","2155014","42","493212"
"chr3","2710105","2710399","KN296153v1","91872","92161","35","2618233"
"chr3","2761109","2761382","KN295003v1","118874","119136","40","2642235"
"chr3","2821447","2821738","KN295697v1","189742","190043","33","2631705"
"chr3","2867616","2867914","KN294705v1","1099733","1100029","30","1767883"
"chr3","2973959","2974274","KN297019v1","964771","965083","43","2009188"
"chr3","3183848","3184148","KN295236v1","3672786","3673083","35","488938"
"chr3","3356251","3356586","KN296308v1","871499","871827","56","2484752"
"chr3","3773002","3773257","KN294260v1","2078631","2078883","22","1694371"
"chr3","3855619","3855893","KN294260v1","2003829","2004104","24","1851790"
"chr3","4041806","4042114","KN294717v1","373979","374286","35","3667827"
"chr3","4043216","4043395","KN294260v1","1838450","1838619","34","2204766"
"chr3","4443630","4443939","KN294260v1","1428283","1428585","28","3015347"
"chr3","4640844","4641144","KN294260v1","1226135","1226422","34","3414709"
"chr3","4703873","4704176","KN295871v1","777953","778254","36","3925920"
"chr3","4985434","4985699","KN294281v1","1146160","1146429","48","3839274"
"chr3","5025570","5025877","KN294260v1","846685","846986","32","4178885"
"chr3","5026482","5026795","KN294946v1","345161","345470","40","4681321"
"chr3","5061281","5061592","KN297159v1","200372","200678","43","4860909"
"chr3","5117757","5118053","KN294172v1","6657386","6657682","37","1539629"
"chr3","5154584","5154873","KN294260v1","723617","723912","34","4430967"
"chr3","5185649","5185943","KN294260v1","691715","692008","21","4493934"
"chr3","5187013","5187316","KN294269v1","637639","637939","40","4549374"
"chr3","5188202","5188519","KN296926v1","705887","706201","48","4482315"
"chr3","5199845","5200156","KN294260v1","681040","681353","25","4518805"
"chr3","5249923","5250217","KN294260v1","637573","637867","25","4612350"
"chr3","5257675","5257977","KN296153v1","3677943","3678242","39","1579732"
"chr3","5263729","5264030","KN294260v1","621951","622250","29","4641778"
"chr3","5280285","5280582","KN294218v1","2831459","2831758","27","2448826"
"chr3","5314448","5314738","KN294747v1","778077","778373","34","4536371"
"chr3","5321514","5321800","KN297165v1","1143723","1144010","31","4177791"
"chr3","5576663","5576831","KN294260v1","301269","301426","21","5275394"
"chr3","5723354","5723645","KN294260v1","166112","166408","33","5557242"
"chr3","6558913","6559200","KN295605v1","508904","509196","53","6050009"
"chr3","6598527","6598825","KN296404v1","106219","106515","37","6492308"
"chr3","6624131","6624413","KN295343v1","642166","642450","43","5981965"
"chr3","6660122","6660425","KN295705v1","690925","691236","47","5969197"
"chr3","6715943","6716247","KN295363v1","92101","92400","35","6623842"
"chr3","7125926","7126205","KN296980v1","433309","433585","45","6692617"
"chr3","7504625","7504918","KN296732v1","3410986","3411273","42","4093639"
"chr3","7524888","7525180","KN294848v1","1408889","1409183","37","6115999"
"chr3","7668406","7668696","KN297165v1","1143723","1144010","35","6524683"
"chr3","7807722","7808024","KN296505v1","1922441","1922744","34","5885281"
"chr3","7871608","7871910","KN294842v1","690378","690679","26","7181230"
"chr3","8022917","8023226","KN295523v1","985733","986032","40","7037184"
"chr3","8143146","8143440","KN294387v1","2241982","2242277","38","5901164"
"chr3","8168955","8169266","KN296505v1","1582280","1582586","33","6586675"
"chr3","8272611","8272919","KN295984v1","2017502","2017807","47","6255109"
"chr3","8429861","8430014","KN296536v1","581047","581206","30","7848814"
"chr3","8598996","8599309","KN294387v1","2599087","2599393","38","5999909"
"chr3","8818226","8818525","KN295117v1","272158","272456","38","8546068"
"chr3","9486884","9487191","KN294578v1","615670","615980","38","8871214"
"chr3","9545002","9545311","KN294717v1","373979","374286","33","9171023"
"chr3","9583337","9583618","KN296505v1","259357","259635","38","9323980"
"chr3","9617519","9617773","KN296505v1","224189","224442","21","9393330"
"chr3","9624352","9624653","KN296505v1","215170","215483","39","9409182"
"chr3","9627028","9627326","KN296505v1","212668","212966","28","9414360"
"chr3","9654228","9654529","KN295352v1","487966","488265","37","9166262"
"chr3","9724322","9724624","KN294187v1","1923674","1923970","37","7800648"
"chr3","9752632","9752926","KN296404v1","106219","106515","35","9646413"
"chr3","9760300","9760605","KN296849v1","575797","576109","43","9184503"
"chr3","9837966","9838144","KN294419v1","42675","42858","28","9795291"
"chr3","9838544","9838653","KN294172v1","5022960","5023074","17","4815584"
"chr3","9933322","9933604","KN296635v1","4770618","4770901","31","5162704"
"chr3","9964241","9964543","KN294539v1","761382","761684","47","9202859"
"chr3","9972604","9972920","KN296119v1","4667943","4668244","57","5304661"
"chr3","9973962","9974248","KN297112v1","2008532","2008818","35","7965430"
"chr3","9994305","9994413","KN294873v1","1459739","1459838","17","8534566"
"chr3","9995555","9995858","KN294790v1","1555084","1555390","42","8440471"
"chr3","10011951","10012247","KN294207v1","557555","557856","44","9454396"
"chr3","10044514","10044824","KN296485v1","539373","539675","35","9505141"
"chr3","10046300","10046573","KN296485v1","537617","537897","31","9508683"
"chr3","10083098","10083409","KN297322v1","1153290","1153598","41","8929808"
"chr3","10085814","10086132","KN296485v1","456083","456393","38","9629731"
"chr3","10110247","10110542","KN294172v1","7044807","7045099","37","3065440"
"chr3","10149134","10149441","KN295697v1","189742","190043","38","9959392"
"chr3","10175995","10176312","KN296485v1","364578","364894","32","9811417"
"chr3","10257251","10257544","KN296485v1","250191","250477","32","10007060"
"chr3","10285375","10285673","KN294439v1","72624","72920","36","10212751"
"chr3","10308025","10308159","KN297046v1","1369579","1369710","29","8938446"
"chr3","10311653","10311958","KN297276v1","260802","261098","39","10050851"
"chr3","10349491","10349794","KN297153v1","1366929","1367240","52","8982562"
"chr3","10351090","10351322","KN296096v1","1620529","1620760","43","8730561"
"chr3","10351868","10352160","KN296732v1","498634","498931","32","9853234"
"chr3","10363306","10363515","KN297197v1","3678252","3678452","31","6685054"
"chr3","10363813","10363896","KN295315v1","750131","750212","13","9613682"
"chr3","10418830","10419128","KN296485v1","96079","96376","30","10322751"
"chr3","10693259","10693557","KN294630v1","494261","494558","37","10198998"
"chr3","11038456","11038752","KN294911v1","3820095","3820391","28","7218361"
"chr3","11188340","11188641","KN294717v1","373979","374286","46","10814361"
"chr3","11240056","11240391","KN295525v1","362707","363033","54","10877349"
"chr3","11347272","11347555","KN295090v1","1165047","1165331","43","10182225"
"chr3","11351273","11351571","KN294991v1","1225134","1225431","40","10126139"
"chr3","11467915","11468013","KN296406v1","518868","518960","14","10949047"
"chr3","11482529","11482840","KN295869v1","1600562","1600871","38","9881967"
"chr3","11503600","11503891","KN296481v1","288604","288899","38","11214996"
"chr3","11532697","11533003","KN296357v1","706115","706421","35","10826582"
"chr3","11654169","11654474","KN294717v1","373979","374286","37","11280190"
"chr3","11681156","11681456","KN294469v1","309875","310177","43","11371281"
"chr3","11825988","11826303","KN296357v1","706115","706421","46","11119873"
"chr3","11843927","11844250","KN295666v1","288626","288934","48","11555301"
"chr3","11946882","11947187","KN294790v1","1555084","1555390","32","10391798"
"chr3","11956376","11956659","KN296406v1","15906","16188","28","11940470"
"chr3","11959726","11960012","KN295236v1","3456423","3456719","42","8503303"
"chr3","11979002","11979313","KN296042v1","627408","627715","34","11351594"
"chr3","12061745","12062030","KN296435v1","3246212","3246499","41","8815533"
"chr3","12088031","12088318","KN297190v1","6586115","6586412","46","5501916"
"chr3","12101968","12102278","KN295906v1","114342","114649","38","11987626"
"chr3","12430222","12430410","KN297112v1","5365892","5366078","33","7064330"
"chr3","12491559","12491864","KN294470v1","2793388","2793686","37","9698171"
"chr3","12510621","12510915","KN296153v1","2309746","2310040","32","10200875"
"chr3","12539721","12540021","KN296128v1","194494","194794","38","12345227"
"chr3","12629163","12629475","KN294264v1","371563","371884","42","12257600"
"chr3","12634508","12634814","KN297133v1","419676","419981","29","12214832"
"chr3","12709841","12710145","KN295983v1","1664954","1665256","32","11044887"
"chr3","12757166","12757470","KN295533v1","1053416","1053711","43","11703750"
"chr3","12759356","12759658","KN296865v1","1830961","1831265","31","10928395"
"chr3","12782455","12782751","KN295708v1","1500963","1501254","34","11281492"
"chr3","12786482","12786776","KN294210v1","1337256","1337541","44","11449226"
"chr3","12828800","12829100","KN294848v1","411161","411460","32","12417639"
"chr3","12835892","12836201","KN297133v1","419676","419981","42","12416216"
"chr3","12849102","12849398","KN296732v1","2013890","2014190","39","10835212"
"chr3","12850710","12851012","KN294387v1","2599087","2599393","34","10251623"
"chr3","12852400","12852700","KN294407v1","816490","816790","42","12035910"
"chr3","12874485","12874777","KN296244v1","86518","86815","45","12787967"
"chr3","12908710","12909007","KN295573v1","1373387","1373690","39","11535323"
"chr3","12929713","12930037","KN295984v1","868891","869195","48","12060822"
"chr3","12938583","12938865","KN295319v1","14065","14366","36","12924518"
"chr3","12945335","12945629","KN295319v1","20403","20697","33","12924932"
"chr3","12963174","12963477","KN294407v1","289512","289824","49","12673662"
"chr3","13009489","13009792","KN295319v1","94446","94740","39","12915043"
"chr3","13021815","13022127","KN297048v1","117690","118000","40","12904125"
"chr3","13038717","13038887","KN296907v1","974571","974740","28","12064146"
"chr3","13058796","13059081","KN296682v1","4881443","4881727","39","8177353"
"chr3","13068150","13068457","KN294470v1","2163212","2163519","32","10904938"
"chr3","13349936","13350218","KN295923v1","2321767","2322047","32","11028169"
"chr3","13379384","13379671","KN295526v1","218147","218440","46","13161237"
"chr3","13529600","13529900","KN294806v1","835206","835511","37","12694394"
"chr3","13536453","13536702","KN297165v1","2929718","2929968","37","10606735"
"chr3","13593259","13593402","KN294668v1","2179035","2179176","20","11414224"
"chr3","13638863","13639168","KN295977v1","249013","249314","41","13389850"
"chr3","13645619","13645918","KN294493v1","840110","840376","64","12805509"
"chr3","13656797","13657107","KN295319v1","747035","747326","37","12909762"
"chr3","13666629","13666936","KN295112v1","343212","343513","39","13323417"
"chr3","13669177","13669472","KN296244v1","86518","86815","39","13582659"
"chr3","13671639","13671957","KN294662v1","79885","80185","48","13591754"
"chr3","13672234","13672477","KN294218v1","1748695","1748937","40","11923539"
"chr3","13674455","13674746","KN297105v1","2955536","2955827","45","10718919"
"chr3","13681141","13681439","KN296859v1","1719114","1719417","39","11962027"
"chr3","13698114","13698405","KN296435v1","3246212","3246499","39","10451902"
"chr3","13699620","13699925","KN294662v1","79885","80185","32","13619735"
"chr3","13703213","13703513","KN294187v1","1662891","1663186","36","12040322"
"chr3","13800746","13800928","KN296921v1","495231","495409","37","13305515"
"chr3","13975502","13975797","KN296225v1","157317","157608","35","13818185"
"chr3","13985840","13986176","KN296308v1","871499","871827","56","13114341"
"chr3","14143779","14144076","KN296157v1","1620855","1621149","36","12522924"
"chr3","14212175","14212466","KN294167v1","406704","406998","46","13805471"
"chr3","14310943","14311217","KN294233v1","693280","693548","46","13617663"
"chr3","14397302","14397598","KN294439v1","72624","72920","33","14324678"
"chr3","14603813","14604118","KN296357v1","356792","357093","41","14247021"
"chr3","14614705","14614987","KN296019v1","90598","90883","34","14524107"
"chr3","14828877","14829130","KN296949v1","35284","35534","38","14793593"
"chr3","14842125","14842435","KN296775v1","905300","905611","37","13936825"
"chr3","15003140","15003445","KN295814v1","842146","842452","36","14160994"
"chr3","15167033","15167323","KN296732v1","2013890","2014190","44","13153143"
"chr3","15188097","15188410","KN297153v1","1366929","1367240","38","13821168"
"chr3","15215101","15215390","KN296153v1","3677943","3678242","42","11537158"
"chr3","15227533","15227842","KN294387v1","2599087","2599393","34","12628446"
"chr3","15228839","15229137","KN296145v1","339985","340281","33","14888854"
"chr3","15232962","15233250","KN296869v1","163530","163820","39","15069432"
"chr3","15238412","15238709","KN294218v1","2831459","2831758","39","12406953"
"chr3","15244931","15245222","KN295967v1","725729","726020","37","14519202"
"chr3","15298789","15299089","KN294911v1","4407890","4408189","31","10890899"
"chr3","15321593","15321909","KN296306v1","825723","826032","40","14495870"
"chr3","15326219","15326537","KN296306v1","3674917","3675229","40","11651302"
"chr3","15336905","15337029","KN297444v1","275896","276018","13","15061009"
"chr3","15342622","15342912","KN294561v1","767639","767926","37","14574983"
"chr3","15433283","15433499","KN296884v1","1035208","1035409","73","14398075"
"chr3","15433792","15434065","KN297112v1","3992200","3992473","35","11441592"
"chr3","15505665","15505958","KN294439v1","72624","72920","34","15433041"
"chr3","15511153","15511474","KN295697v1","189742","190043","59","15321411"
"chr3","15515928","15516210","KN294456v1","501623","501902","44","15014305"
"chr3","15547955","15548258","KN296865v1","1474498","1474803","45","14073457"
"chr3","15571288","15571454","KN296357v1","448220","448380","30","15123068"
"chr3","15575772","15576054","KN294733v1","286100","286385","48","15289672"
"chr3","15612571","15612866","KN294229v1","72819","73113","43","15539752"
"chr3","15622454","15622759","KN295225v1","1170058","1170357","39","14452396"
"chr3","15623799","15624078","KN296145v1","3253102","3253382","38","12370697"
"chr3","15640838","15641151","KN294966v1","58498","58811","51","15582340"
"chr3","15739150","15739451","KN296119v1","4951165","4951463","33","10787985"
"chr3","15818558","15818858","KN294848v1","1408889","1409183","29","14409669"
"chr3","15825319","15825609","KN294842v1","1896685","1896977","38","13928634"
"chr3","15859797","15860097","KN295257v1","1087444","1087739","30","14772353"
"chr3","15865929","15866237","KN294717v1","373979","374286","33","15491950"
"chr3","15881445","15881754","KN295171v1","675269","675580","40","15206176"
"chr3","15905034","15905246","KN294711v1","1114680","1114897","31","14790354"
"chr3","15972718","15972937","KN295633v1","669449","669671","32","15303269"
"chr3","15983875","15984177","KN296153v1","2057313","2057618","48","13926562"
"chr3","16230179","16230370","KN294172v1","4291556","4291738","34","11938623"
"chr3","16340863","16341173","KN296019v1","506076","506386","35","15834787"
"chr3","16379275","16379558","KN294205v1","796262","796548","36","15583013"
"chr3","16464483","16464783","KN296381v1","74782","75080","34","16389701"
"chr3","16508129","16508431","KN295984v1","2017502","2017807","34","14490627"
"chr3","16534806","16535115","KN296311v1","1037581","1037880","42","15497225"
"chr3","16637982","16638286","KN297127v1","131395","131695","36","16506587"
"chr3","16651246","16651397","KN296505v1","2173383","2173534","24","14477863"
"chr3","16813682","16813995","KN296538v1","1401368","1401681","44","15412314"
"chr3","16854177","16854473","KN295090v1","1657716","1658013","29","15196461"
"chr3","17336906","17337196","KN294251v1","1463399","1463691","50","15873507"
"chr3","17529101","17529365","KN297146v1","95608","95874","35","17433493"
"chr3","17783125","17783357","KN296153v1","275354","275579","45","17507771"
"chr3","17783991","17784284","KN296747v1","35746","36041","32","17748245"
"chr3","17868470","17868747","KN294711v1","646506","646789","39","17221964"
"chr3","17870091","17870397","KN296635v1","3366039","3366351","44","14504052"
"chr3","17928231","17928538","KN294848v1","1020772","1021081","34","16907459"
"chr3","17966215","17966516","KN294561v1","810685","810981","42","17155530"
"chr3","17985529","17985829","KN294172v1","4321534","4321833","33","13663995"
"chr3","17995425","17995734","KN296062v1","165336","165642","45","17830089"
"chr3","18004103","18004399","KN294416v1","208870","209165","32","17795233"
"chr3","18038789","18039090","KN296357v1","706115","706421","38","17332674"
"chr3","18061671","18061979","KN295758v1","997500","997807","33","17064171"
"chr3","18134672","18134977","KN297133v1","419676","419981","35","17714996"
"chr3","18439077","18439383","KN295320v1","393535","393840","41","18045542"
"chr3","20191130","20191432","KN294613v1","747893","748193","31","19443237"
"chr3","20200905","20201190","KN296205v1","756673","756959","28","19444232"
"chr3","20228040","20228339","KN294407v1","249623","249924","34","19978417"
"chr3","20242743","20243052","KN294991v1","1865473","1865780","37","18377270"
"chr3","20277048","20277344","KN296404v1","106219","106515","30","20170829"
"chr3","20357064","20357365","KN296191v1","1463368","1463663","33","18893696"
"chr3","20425202","20425513","KN296191v1","1394742","1395043","33","19030460"
"chr3","20437696","20437995","KN296732v1","2013890","2014190","33","18423806"
"chr3","20454888","20455184","KN296191v1","1382270","1382563","33","19072618"
"chr3","20481589","20481881","KN294439v1","72624","72920","36","20408965"
"chr3","20491094","20491402","KN296580v1","3502","3804","39","20487592"
"chr3","20511201","20511463","KN294987v1","1576278","1576535","58","18934923"
"chr3","20513189","20513506","KN295962v1","1921217","1921530","45","18591972"
"chr3","20616161","20616469","KN296191v1","1208215","1208519","30","19407946"
"chr3","20645348","20645637","KN296191v1","1171332","1171620","28","19474016"
"chr3","20738452","20738519","KN297046v1","3071274","3071338","12","17667178"
"chr3","20748739","20749054","KN296191v1","1088040","1088349","32","19660699"
"chr3","20937326","20937628","KN294536v1","1859228","1859530","36","19078098"
"chr3","21053504","21053804","KN296191v1","763951","764237","49","20289553"
"chr3","21402050","21402350","KN296191v1","429900","430199","28","20972150"
"chr3","21549639","21549935","KN294842v1","1752401","1752693","38","19797238"
"chr3","21665519","21665822","KN296191v1","178152","178444","37","21487367"
"chr3","21677015","21677319","KN295501v1","1005257","1005557","27","20671758"
"chr3","21759721","21760031","KN296191v1","86616","86909","41","21673105"
"chr3","22566913","22567191","KN296086v1","268648","268928","40","22298265"
"chr3","22690927","22691236","KN296322v1","889103","889411","43","21801824"
"chr3","22854740","22855017","KN295883v1","126524","126801","40","22728216"
"chr3","22860516","22860825","KN296040v1","558067","558377","34","22302449"
"chr3","22964002","22964305","KN294662v1","79885","80185","35","22884117"
"chr3","23482340","23482643","KN295236v1","4576569","4576870","40","18905771"
"chr3","23485685","23485958","KN295601v1","2549094","2549367","33","20936591"
"chr3","23512079","23512296","KN295375v1","1779431","1779639","37","21732648"
"chr3","23611836","23612058","KN294452v1","1245699","1245923","39","22366137"
"chr3","23620697","23621000","KN294842v1","690378","690679","33","22930319"
"chr3","23683834","23684122","KN296311v1","4110039","4110330","31","19573795"
"chr3","24027709","24028018","KN295633v1","264317","264628","37","23763392"
"chr3","24038316","24038617","KN294539v1","297860","298139","60","23740456"
"chr3","24052531","24052824","KN294205v1","612591","612886","35","23439940"
"chr3","24278495","24278782","KN295523v1","3974463","3974753","33","20304032"
"chr3","24348321","24348616","KN295526v1","218147","218440","40","24130174"
"chr3","24369289","24369579","KN294911v1","3820095","3820391","35","20549194"
"chr3","24418939","24419244","KN295501v1","1005257","1005557","39","23413682"
"chr3","24548201","24548499","KN297197v1","173467","173764","40","24374734"
"chr3","24553931","24554232","KN295907v1","2005048","2005348","40","22548883"
"chr3","24843639","24843917","KN296547v1","372808","373076","49","24470831"
"chr3","25106756","25107062","KN296732v1","2013890","2014190","33","23092866"
"chr3","25144225","25144527","KN295236v1","3588168","3588471","37","21556057"
"chr3","25393661","25393972","KN295406v1","214517","214825","40","25179144"
"chr3","25796361","25796657","KN294434v1","50479","50773","31","25745882"
"chr3","25828125","25828389","KN294739v1","994750","995002","37","24833375"
"chr3","26154806","26155110","KN296138v1","311873","312176","41","25842933"
"chr3","26175729","26176033","KN296153v1","3677943","3678242","43","22497786"
"chr3","26184294","26184585","KN295825v1","1953498","1953787","39","24230796"
"chr3","26812509","26812814","KN296926v1","705887","706201","62","26106622"
"chr3","26991435","26991755","KN297048v1","117690","118000","44","26873745"
"chr3","27197780","27198062","KN295405v1","1636689","1636971","40","25561091"
"chr3","27616066","27616382","KN295368v1","1270019","1270326","46","26346047"
"chr3","27683302","27683611","KN296062v1","165336","165642","46","27517966"
"chr3","27751843","27752142","KN297230v1","1127269","1127564","37","26624574"
"chr3","27796807","27797098","KN296062v1","2106200","2106493","34","25690607"
"chr3","27798322","27798480","KN297349v1","71428","71581","41","27726894"
"chr3","27816458","27816738","KN296404v1","106219","106515","43","27710239"
"chr3","27833415","27833713","KN296153v1","3677943","3678242","33","24155472"
"chr3","27845044","27845340","KN296311v1","3721408","3721707","34","24123636"
"chr3","27857032","27857326","KN295995v1","1426233","1426527","38","26430799"
"chr3","27860739","27861045","KN295371v1","227443","227744","39","27633296"
"chr3","27924329","27924630","KN295983v1","1536250","1536551","32","26388079"
"chr3","27933121","27933410","KN297026v1","228587","228878","34","27704534"
"chr3","27934740","27935021","KN294630v1","202839","203122","36","27731901"
"chr3","27938522","27938832","KN296520v1","401670","401982","41","27536852"
"chr3","27942409","27942713","KN294831v1","247548","247851","42","27694861"
"chr3","27954297","27954616","KN296495v1","492349","492659","52","27461948"
"chr3","27961626","27961930","KN294172v1","6860683","6860986","34","21100943"
"chr3","27965272","27965577","KN294917v1","618557","618860","37","27346715"
"chr3","27971352","27971646","KN294287v1","962698","962991","36","27008654"
"chr3","27986478","27986790","KN295814v1","1151152","1151467","40","26835326"
"chr3","28000973","28001250","KN295402v1","923263","923559","48","27077710"
"chr3","28002378","28002672","KN294456v1","96834","97129","41","27905544"
"chr3","28003000","28003295","KN296557v1","709141","709435","38","27293859"
"chr3","28011262","28011573","KN297046v1","1801264","1801572","44","26209998"
"chr3","28025077","28025377","KN296311v1","3721408","3721707","35","24303669"
"chr3","28029264","28029407","KN294668v1","2179035","2179176","14","25850229"
"chr3","28125179","28125475","KN295352v1","487966","488265","35","27637213"
"chr3","28200115","28200426","KN294239v1","1878400","1878713","36","26321715"
"chr3","28294714","28294996","KN294224v1","463368","463648","37","27831346"
"chr3","28380720","28381008","KN295940v1","167693","167976","43","28213027"
"chr3","28384030","28384312","KN296322v1","1833147","1833444","46","26550883"
"chr3","28441656","28441948","KN294199v1","1525122","1525406","41","26916534"
"chr3","28462574","28462849","KN297215v1","693594","693870","49","27768980"
"chr3","28542607","28542845","KN296614v1","20173","20414","41","28522434"
"chr3","28776418","28776710","KN296343v1","267112","267411","39","28509306"
"chr3","29040227","29040532","KN295814v1","1158228","1158525","38","27881999"
"chr3","29107567","29107860","KN297314v1","117021","117312","33","28990546"
"chr3","29125111","29125413","KN294717v1","373979","374286","39","28751132"
"chr3","29392175","29392458","KN296635v1","4770618","4770901","33","24621557"
"chr3","29626209","29626506","KN296518v1","35982","36282","39","29590227"
"chr3","29678800","29679101","KN296153v1","3677943","3678242","32","26000857"
"chr3","29729685","29729982","KN294399v1","151738","152035","35","29577947"
"chr3","29987341","29987637","KN294207v1","179800","180076","43","29807541"
"chr3","30022717","30023024","KN297245v1","2616212","2616512","47","27406505"
"chr3","30083562","30083893","KN296404v1","1071088","1071415","50","29012474"
"chr3","30160314","30160550","KN294949v1","1155196","1155434","28","29005118"
"chr3","30182693","30183003","KN296322v1","889103","889411","31","29293590"
"chr3","30964921","30965036","KN295022v1","1034109","1034229","15","29930812"
"chr3","30980146","30980437","KN297314v1","117021","117312","38","30863125"
"chr3","31120612","31120917","KN295326v1","139834","140136","35","30980778"
"chr3","31713213","31713507","KN295362v1","1083036","1083328","32","30630177"
"chr3","31722112","31722420","KN294987v1","1182402","1182709","39","30539710"
"chr3","31912631","31912947","KN296865v1","1474498","1474803","51","30438133"
"chr3","31932950","31933260","KN296062v1","165336","165642","38","31767614"
"chr3","31938931","31939240","KN296176v1","385793","386101","38","31553138"
"chr3","31942065","31942374","KN295091v1","1412403","1412713","49","30529662"
"chr3","32158415","32158724","KN295114v1","20941","21251","38","32137474"
"chr3","32311214","32311521","KN295907v1","1253096","1253393","49","31058118"
"chr3","32315623","32315933","KN294366v1","260000","260306","32","32055623"
"chr3","32363708","32364041","KN294717v1","373979","374286","43","31989729"
"chr3","32403374","32403696","KN294365v1","1401774","1402095","41","31001600"
"chr3","32434356","32434657","KN295441v1","1669072","1669371","32","30765284"
"chr3","32440872","32441177","KN296075v1","565878","566186","38","31874994"
"chr3","32465171","32465466","KN296225v1","476174","476470","32","31988997"
"chr3","32475601","32475903","KN296153v1","3677943","3678242","37","28797658"
"chr3","32531632","32531929","KN294911v1","3820095","3820391","29","28711537"
"chr3","32541788","32542094","KN295692v1","998365","998674","35","31543423"
"chr3","32571970","32572265","KN295209v1","634423","634725","51","31937547"
"chr3","32625424","32625700","KN294705v1","129284","129572","49","32496140"
"chr3","32629087","32629203","KN295984v1","1208127","1208229","31","31420960"
"chr3","32629775","32629961","KN295533v1","1671138","1671311","57","30958637"
"chr3","32746988","32747299","KN294172v1","4623261","4623567","39","28123727"
"chr3","32747622","32747927","KN296731v1","1681432","1681735","37","31066190"
"chr3","32773374","32773654","KN296314v1","33229","33508","29","32740145"
"chr3","32841360","32841662","KN297190v1","6551725","6552029","29","26289635"
"chr3","32870997","32871299","KN294387v1","2599087","2599393","39","30271910"
"chr3","32894218","32894520","KN295159v1","636745","637044","36","32257473"
"chr3","32959289","32959601","KN294175v1","5500","5815","43","32953789"
"chr3","32983020","32983332","KN294717v1","373979","374286","38","32609041"
"chr3","33000042","33000343","KN296019v1","434249","434555","39","32565793"
"chr3","33009092","33009394","KN296934v1","897698","898003","35","32111394"
"chr3","33038178","33038483","KN295667v1","1687893","1688204","36","31350285"
"chr3","33042568","33042870","KN296187v1","256916","257222","36","32785652"
"chr3","33060827","33061128","KN296153v1","3677943","3678242","34","29382884"
"chr3","33086215","33086521","KN295637v1","154827","155135","38","32931388"
"chr3","33100917","33101227","KN296153v1","2522734","2523044","53","30578183"
"chr3","33118170","33118488","KN295869v1","284557","284865","49","32833613"
"chr3","33122524","33122828","KN294161v1","1329091","1329392","37","31793433"
"chr3","33126507","33126788","KN296682v1","2027439","2027719","42","31099068"
"chr3","33138992","33139301","KN295114v1","20941","21251","41","33118051"
"chr3","33177711","33178010","KN296732v1","2013890","2014190","39","31163821"
"chr3","33200282","33200582","KN296934v1","897698","898003","46","32302584"
"chr3","33201183","33201482","KN296153v1","3677943","3678242","30","29523240"
"chr3","33204544","33204842","KN296019v1","506076","506386","53","32698468"
"chr3","33259843","33260133","KN297165v1","1143723","1144010","39","32116120"
"chr3","33266667","33266965","KN295090v1","1657716","1658013","40","31608951"
"chr3","33270823","33271122","KN295717v1","1282068","1282360","41","31988755"
"chr3","33287472","33287759","KN296308v1","1271050","1271341","40","32016422"
"chr3","33289624","33289768","KN295667v1","264788","264929","20","33024836"
"chr3","33308300","33308597","KN294588v1","1492426","1492725","33","31815874"
"chr3","33316574","33316869","KN295803v1","664277","664575","32","32652297"
"chr3","33325267","33325562","KN295090v1","1657716","1658013","31","31667551"
"chr3","33329469","33329772","KN297133v1","1370295","1370592","39","31959174"
"chr3","33357516","33357831","KN296036v1","1076601","1076901","46","32280915"
"chr3","33407448","33407500","KN297028v1","22551","22600","6","33384897"
"chr3","33441817","33442131","KN294991v1","2085266","2085575","42","31356551"
"chr3","33451322","33451624","KN295984v1","2017502","2017807","42","31433820"
"chr3","33464373","33464672","KN294407v1","93660","93961","43","33370713"
"chr3","33470464","33470583","KN296024v1","131755","131879","17","33338709"
"chr3","33479087","33479393","KN295571v1","618918","619228","45","32860169"
"chr3","33484255","33484295","KN294768v1","14545","14589","7","33469710"
"chr3","33489177","33489475","KN296153v1","3677943","3678242","39","29811234"
"chr3","33501044","33501344","KN294346v1","271830","272127","30","33229214"
"chr3","33538159","33538460","KN297028v1","150127","150427","31","33388032"
"chr3","33553913","33554212","KN295633v1","141651","141946","30","33412262"
"chr3","33574412","33574708","KN295328v1","349896","350193","35","33224516"
"chr3","33580142","33580443","KN294443v1","407836","408137","35","33172306"
"chr3","33605686","33605988","KN297028v1","223456","223756","23","33382230"
"chr3","33630612","33630898","KN297028v1","248603","248887","28","33382009"
"chr3","33648655","33648935","KN296682v1","2027439","2027719","39","31621216"
"chr3","33670347","33670654","KN295550v1","1007565","1007867","35","32662782"
"chr3","33680199","33680507","KN295984v1","2017502","2017807","38","31662697"
"chr3","33705656","33705921","KN294446v1","59781","60044","49","33645875"
"chr3","33712213","33712503","KN297343v1","703783","704073","28","33008430"
"chr3","33840279","33840562","KN297112v1","2008532","2008818","35","31831747"
"chr3","33887571","33887879","KN297028v1","509314","509617","24","33378257"
"chr3","33907764","33908052","KN294739v1","792700","792993","44","33115064"
"chr3","33925765","33926048","KN294446v1","410629","410926","41","33515136"
"chr3","33928322","33928634","KN296250v1","39359","39663","46","33888963"
"chr3","33960331","33960632","KN294387v1","2599087","2599393","36","31361244"
"chr3","33987072","33987367","KN296495v1","178283","178580","41","33808789"
"chr3","33999178","33999469","KN296508v1","1602466","1602759","46","32396712"
"chr3","34004977","34005288","KN295236v1","3510751","3511058","40","30494226"
"chr3","34027746","34028055","KN296849v1","575797","576109","40","33451949"
"chr3","34031268","34031569","KN296747v1","35746","36041","28","33995522"
"chr3","34052922","34053223","KN295209v1","643069","643370","34","33409853"
"chr3","34086546","34086849","KN297028v1","685471","685771","37","33401075"
"chr3","34156491","34156627","KN296702v1","607814","607951","18","33548677"
"chr3","34200903","34201213","KN297028v1","798487","798792","28","33402416"
"chr3","34234051","34234354","KN297028v1","826335","826632","30","33407716"
"chr3","34249599","34249906","KN297028v1","842154","842460","26","33407445"
"chr3","34262933","34263198","KN296538v1","2198933","2199204","42","32064000"
"chr3","34263207","34263291","KN294372v1","1894381","1894457","16","32368826"
"chr3","34303312","34303553","KN295692v1","2728785","2729029","43","31574527"
"chr3","34375916","34376213","KN294790v1","2757948","2758248","41","31617968"
"chr3","34425524","34425823","KN297028v1","1010908","1011201","25","33414616"
"chr3","34480942","34481241","KN297028v1","1065668","1065965","24","33415274"
"chr3","34557563","34557860","KN296865v1","906008","906304","37","33651555"
"chr3","35132211","35132512","KN294493v1","398644","398949","40","34733567"
"chr3","35175066","35175358","KN296153v1","3677943","3678242","36","31497123"
"chr3","35233985","35234287","KN294668v1","30693","30989","43","35203292"
"chr3","35799467","35799768","KN296004v1","29555","29853","36","35769912"
"chr3","35856946","35857210","KN294668v1","660631","660907","40","35196315"
"chr3","36374963","36375281","KN294668v1","1188310","1188617","38","35186653"
"chr3","36510880","36511174","KN295854v1","1710543","1710845","41","34800337"
"chr3","36750736","36751030","KN294536v1","1607732","1608024","41","35143004"
"chr3","37224148","37224322","KN294592v1","1377982","1378158","29","35846166"
"chr3","37267362","37267658","KN296759v1","638542","638840","36","36628820"
"chr3","37292787","37293094","KN296609v1","598588","598892","33","36694199"
"chr3","37442197","37442492","KN297019v1","448462","448760","39","36993735"
"chr3","37443173","37443471","KN294443v1","551005","551302","36","36892168"
"chr3","37469501","37469797","KN294758v1","2189671","2189970","36","35279830"
"chr3","37470961","37471265","KN294444v1","165242","165552","40","37305719"
"chr3","37481977","37482278","KN296712v1","16206","16501","47","37465771"
"chr3","37485828","37486143","KN295692v1","998365","998674","40","36487463"
"chr3","37501023","37501273","KN294499v1","2518063","2518311","53","34982960"
"chr3","37523503","37523824","KN296404v1","1071088","1071415","44","36452415"
"chr3","37579427","37579712","KN295633v1","141651","141946","36","37437776"
"chr3","37582667","37582970","KN295705v1","2747981","2748284","41","34834686"
"chr3","37584084","37584395","KN296153v1","3677943","3678242","35","33906141"
"chr3","37599323","37599626","KN295225v1","1170058","1170357","33","36429265"
"chr3","37616882","37617187","KN297112v1","3867935","3868239","39","33748947"
"chr3","37653693","37654000","KN295605v1","621515","621818","33","37032178"
"chr3","37697146","37697440","KN294205v1","612591","612886","35","37084555"
"chr3","37739605","37739908","KN296900v1","121631","121934","35","37617974"
"chr3","37744569","37744879","KN295459v1","935252","935561","47","36809317"
"chr3","37763889","37764185","KN295236v1","231341","231639","41","37532548"
"chr3","37767341","37767648","KN297133v1","419676","419981","28","37347665"
"chr3","37836147","37836292","KN294181v1","1301795","1301938","21","36534352"
"chr3","37847083","37847376","KN297445v1","1326382","1326677","34","36520701"
"chr3","37856444","37856750","KN296119v1","6426036","6426336","35","31430408"
"chr3","37885878","37886187","KN294372v1","2180211","2180523","36","35705667"
"chr3","38225129","38225435","KN295601v1","1037402","1037708","34","37187727"
"chr3","38240945","38241243","KN297112v1","2387840","2388136","32","35853105"
"chr3","38292102","38292213","KN296119v1","156769","156876","18","38135333"
"chr3","38308927","38309220","KN294479v1","328046","328334","34","37980881"
"chr3","38391589","38391907","KN294167v1","270527","270842","51","38121062"
"chr3","38437385","38437486","KN296387v1","163219","163322","19","38274166"
"chr3","38537546","38537826","KN294520v1","47579","47863","43","38489967"
"chr3","38538246","38538537","KN297165v1","1143723","1144010","33","37394523"
"chr3","38569236","38569530","KN295236v1","3456423","3456719","38","35112813"
"chr3","38578496","38578802","KN297050v1","118941","119241","43","38459555"
"chr3","38945430","38945734","KN294662v1","79885","80185","31","38865545"
"chr3","38974280","38974587","KN295533v1","1053416","1053711","40","37920864"
"chr3","38976355","38976654","KN294439v1","269158","269457","31","38707197"
"chr3","39058867","39059154","KN296809v1","33547","33834","21","39025320"
"chr3","39162467","39162765","KN296809v1","137434","137739","34","39025033"
"chr3","39171218","39171513","KN296322v1","2640740","2641038","38","36530478"
"chr3","39480537","39480829","KN296809v1","462173","462463","30","39018364"
"chr3","39535515","39535795","KN297264v1","12615","12885","37","39522900"
"chr3","39574754","39575051","KN295501v1","1005257","1005557","35","38569497"
"chr3","39761283","39761582","KN296809v1","750243","750541","19","39011040"
"chr3","39875161","39875463","KN295893v1","3435300","3435605","36","36439861"
"chr3","39936108","39936408","KN295983v1","1536250","1536551","32","38399858"
"chr3","40333225","40333535","KN295114v1","20941","21251","39","40312284"
"chr3","40375222","40375519","KN294790v1","2757948","2758248","40","37617274"
"chr3","40450534","40450827","KN294571v1","1012216","1012510","37","39438318"
"chr3","40465611","40465913","KN296682v1","1906340","1906636","36","38559271"
"chr3","40635309","40635612","KN295708v1","1954541","1954845","31","38680768"
"chr3","40691507","40691818","KN294917v1","618557","618860","43","40072950"
"chr3","40808068","40808365","KN296865v1","1674895","1675192","35","39133173"
"chr3","40820272","40820569","KN294218v1","2831459","2831758","38","37988813"
"chr3","40863063","40863372","KN294917v1","567363","567664","36","40295700"
"chr3","40920753","40921050","KN295633v1","141651","141946","34","40779102"
"chr3","41035408","41035714","KN294917v1","407238","407538","31","40628170"
"chr3","41044414","41044701","KN294917v1","397638","397936","28","40646776"
"chr3","41106829","41107160","KN294571v1","2173447","2173770","56","38933382"
"chr3","41125771","41126046","KN294421v1","379705","379985","38","40746066"
"chr3","41213934","41214232","KN296153v1","3677943","3678242","31","37535991"
"chr3","41458152","41458461","KN296865v1","403115","403422","34","41055037"
"chr3","41609953","41610114","KN295059v1","106971","107135","25","41502982"
"chr3","41776218","41776502","KN296019v1","90598","90883","30","41685620"
"chr3","41903908","41904205","KN294535v1","611153","611447","31","41292755"
"chr3","41951477","41951776","KN296311v1","5323041","5323339","35","36628436"
"chr3","41995245","41995548","KN294850v1","142775","143083","37","41852470"
"chr3","42031147","42031458","KN297197v1","424454","424762","25","41606693"
"chr3","42448417","42448722","KN295114v1","20941","21251","42","42427476"
"chr3","42527671","42527961","KN296770v1","45738","46027","36","42481933"
"chr3","42564663","42564914","KN295430v1","1606937","1607192","53","40957726"
"chr3","42572076","42572383","KN296036v1","1099828","1100138","40","41472248"
"chr3","42604783","42605085","KN296934v1","897698","898003","36","41707085"
"chr3","42613756","42614072","KN297197v1","971537","971855","43","41642219"
"chr3","42626618","42626924","KN296934v1","897698","898003","34","41728920"
"chr3","42627135","42627466","KN294747v1","659918","660256","50","41967217"
"chr3","42672198","42672503","KN295117v1","272158","272456","39","42400040"
"chr3","42733393","42733688","KN297197v1","1087981","1088258","37","41645412"
"chr3","42738205","42738505","KN295580v1","1390","1690","31","42736815"
"chr3","42763188","42763488","KN296153v1","3677943","3678242","31","39085245"
"chr3","42832990","42833126","KN296795v1","1955999","1956137","14","40876991"
"chr3","42846764","42847075","KN297197v1","1203848","1204161","36","41642916"
"chr3","42898846","42899151","KN295099v1","60635","60939","42","42838211"
"chr3","42923870","42924172","KN296731v1","1681432","1681735","33","41242438"
"chr3","43215542","43215851","KN296308v1","972132","972436","42","42243410"
"chr3","43243714","43244019","KN297197v1","1609903","1610204","25","41633811"
"chr3","43253090","43253391","KN296187v1","471768","472059","50","42781322"
"chr3","43269857","43270134","KN297197v1","1641369","1641632","47","41628488"
"chr3","43307926","43308222","KN295523v1","296488","296786","34","43011438"
"chr3","43348290","43348593","KN297197v1","1719721","1720032","37","41628569"
"chr3","43367786","43368109","KN297197v1","1750744","1751056","39","41617042"
"chr3","43414043","43414358","KN294991v1","2085266","2085575","42","41328777"
"chr3","43414622","43414661","KN296339v1","96550","96598","15","43318072"
"chr3","43421700","43421998","KN297197v1","1820916","1821224","34","41600784"
"chr3","43422866","43423169","KN297197v1","1822099","1822388","34","41600767"
"chr3","43449016","43449312","KN297197v1","1846668","1846962","22","41602348"
"chr3","43483434","43483681","KN295923v1","2244613","2244856","49","41238821"
"chr3","43506959","43507251","KN295995v1","1426233","1426527","30","42080726"
"chr3","43923337","43923640","KN297197v1","2332514","2332823","30","41590823"
"chr3","44017236","44017529","KN297197v1","2429152","2429459","32","41588084"
"chr3","44038700","44038994","KN296158v1","692023","692317","31","43346677"
"chr3","44085487","44085787","KN296357v1","356792","357093","32","43728695"
"chr3","44092063","44092357","KN296119v1","838970","839265","36","43253093"
"chr3","44104589","44104888","KN295830v1","109256","109551","34","43995333"
"chr3","44136821","44137138","KN295633v1","264317","264628","42","43872504"
"chr3","44152807","44153106","KN297197v1","2569292","2569600","34","41583515"
"chr3","44196328","44196620","KN295039v1","323671","323967","34","43872657"
"chr3","44384541","44384838","KN297197v1","2786260","2786549","38","41598281"
"chr3","44422916","44423219","KN297197v1","2823695","2823998","18","41599221"
"chr3","44685664","44685971","KN297197v1","3085219","3085527","36","41600445"
"chr3","44916529","44916619","KN295544v1","30359","30447","16","44886170"
"chr3","44916687","44917001","KN296883v1","3388760","3389067","45","41527927"
"chr3","45000747","45001054","KN295430v1","2610079","2610388","39","42390668"
"chr3","45060212","45060518","KN294456v1","876419","876725","58","44183793"
"chr3","45076668","45076975","KN297197v1","3488644","3488946","33","41588024"
"chr3","45179343","45179651","KN297197v1","3594171","3594473","35","41585172"
"chr3","45183414","45183717","KN297197v1","3598270","3598584","28","41585144"
"chr3","45227741","45228044","KN297197v1","3658002","3658301","37","41569739"
"chr3","45236823","45237103","KN297197v1","3662263","3662544","30","41574560"
"chr3","45246517","45246760","KN294446v1","1307937","1308167","38","43938580"
"chr3","45251099","45251402","KN295596v1","1673921","1674225","27","43577178"
"chr3","45256126","45256369","KN294446v1","1307937","1308167","39","43948189"
"chr3","45270214","45270519","KN296934v1","897698","898003","27","44372516"
"chr3","45303921","45304214","KN295907v1","2257700","2257990","36","43046221"
"chr3","45323651","45323948","KN296658v1","14745","15037","39","45308906"
"chr3","45356809","45357093","KN296589v1","393764","394045","40","44963045"
"chr3","45360125","45360435","KN297197v1","3780078","3780391","28","41580047"
"chr3","45449092","45449383","KN297197v1","3863885","3864185","36","41585207"
"chr3","45561183","45561481","KN297197v1","3978108","3978395","31","41583075"
"chr3","45580621","45580928","KN297197v1","3996853","3997148","34","41583768"
"chr3","45782568","45782877","KN297317v1","20735","21043","31","45761833"
"chr3","45809747","45810053","KN294842v1","690378","690679","34","45119369"
"chr3","45824558","45824852","KN296062v1","1796687","1796987","33","44027871"
"chr3","45877044","45877355","KN297317v1","20735","21043","35","45856309"
"chr3","45885389","45885702","KN297197v1","4290590","4290905","34","41594799"
"chr3","45900839","45901132","KN296635v1","2062385","2062678","31","43838454"
"chr3","45926559","45926855","KN294439v1","72624","72920","34","45853935"
"chr3","46003512","46003768","KN294499v1","1565577","1565814","58","44437935"
"chr3","46033164","46033458","KN294407v1","93660","93961","36","45939504"
"chr3","46048403","46048698","KN296759v1","638542","638840","30","45409861"
"chr3","46060743","46061022","KN295936v1","30401","30674","38","46030342"
"chr3","46078843","46079149","KN297197v1","4479080","4479382","30","41599763"
"chr3","46097792","46098046","KN297197v1","4498030","4498287","21","41599762"
"chr3","46122314","46122622","KN297197v1","4523103","4523413","20","41599211"
"chr3","46151280","46151586","KN294662v1","79885","80185","39","46071395"
"chr3","46255488","46255778","KN297197v1","4653161","4653450","24","41602327"
"chr3","46276116","46276418","KN296119v1","4121807","4122107","34","42154309"
"chr3","46283503","46283814","KN294325v1","986307","986615","35","45297196"
"chr3","46404307","46404613","KN295257v1","443937","444244","33","45960370"
"chr3","46480294","46480491","KN297154v1","992411","992612","31","45487883"
"chr3","46601092","46601397","KN295039v1","472801","473109","36","46128291"
"chr3","46628893","46629193","KN297019v1","1233639","1233939","32","45395254"
"chr3","47003231","47003538","KN297259v1","2035544","2035856","29","44967687"
"chr3","47229376","47229674","KN297259v1","1798711","1799011","33","45430665"
"chr3","47262410","47262670","KN294540v1","886155","886414","35","46376255"
"chr3","47263965","47264256","KN297259v1","1760726","1761019","23","45503239"
"chr3","47270211","47270505","KN295112v1","343212","343513","46","46926999"
"chr3","47303758","47304054","KN295586v1","2463446","2463736","33","44840312"
"chr3","47424137","47424444","KN294387v1","2599087","2599393","40","44825050"
"chr3","47458138","47458432","KN296883v1","1074910","1075211","39","46383228"
"chr3","47461072","47461353","KN297259v1","1564826","1565119","23","45896246"
"chr3","47477230","47477540","KN294349v1","231514","231826","41","47245716"
"chr3","47496212","47496493","KN297259v1","1543190","1543474","22","45953022"
"chr3","47662436","47662736","KN295343v1","61003","61302","30","47601433"
"chr3","47673348","47673648","KN294921v1","394553","394854","34","47278795"
"chr3","47673650","47673790","KN296795v1","1955999","1956137","17","45717651"
"chr3","47739703","47740013","KN297259v1","1300977","1301270","27","46438726"
"chr3","47813699","47813997","KN297276v1","182647","182946","34","47631052"
"chr3","47828965","47829252","KN294536v1","1607732","1608024","36","46221233"
"chr3","47844568","47844844","KN295090v1","1165047","1165331","35","46679521"
"chr3","47877724","47878025","KN296731v1","1681432","1681735","35","46196292"
"chr3","47908402","47908701","KN297259v1","1135155","1135459","32","46773247"
"chr3","47940199","47940502","KN295171v1","675269","675580","46","47264930"
"chr3","47955489","47955784","KN297259v1","1085931","1086221","28","46869558"
"chr3","48000281","48000561","KN295708v1","792696","792979","35","47207585"
"chr3","48029682","48029815","KN295725v1","1376133","1376269","25","46653549"
"chr3","48030421","48030509","KN295893v1","7317944","7318033","13","40712477"
"chr3","48035492","48035799","KN296312v1","737011","737319","37","47298481"
"chr3","48044463","48044775","KN295977v1","249013","249314","43","47795450"
"chr3","48070089","48070398","KN295352v1","1411265","1411576","34","46658824"
"chr3","48071383","48071690","KN294842v1","690378","690679","36","47381005"
"chr3","48112923","48113224","KN297259v1","923250","923551","27","47189673"
"chr3","48148512","48148799","KN294172v1","5339882","5340172","34","42808630"
"chr3","48181331","48181630","KN296495v1","2056834","2057132","43","46124497"
"chr3","48204374","48204666","KN295449v1","720465","720757","32","47483909"
"chr3","48216692","48217008","KN297259v1","816715","817023","33","47399977"
"chr3","48218790","48219089","KN296635v1","4673458","4673757","37","43545332"
"chr3","48228000","48228081","KN295350v1","962343","962432","26","47265657"
"chr3","48240167","48240468","KN294385v1","335685","335986","32","47904482"
"chr3","48261692","48261991","KN294378v1","46646","46948","34","48215046"
"chr3","48270502","48270802","KN297259v1","766175","766469","24","47504327"
"chr3","48307372","48307674","KN294387v1","2599087","2599393","35","45708285"
"chr3","48308746","48309059","KN295667v1","338705","339021","42","47970041"
"chr3","48313165","48313448","KN296849v1","262325","262616","43","48050840"
"chr3","48317217","48317518","KN297259v1","719243","719526","32","47597974"
"chr3","48329731","48330033","KN297259v1","706280","706587","34","47623451"
"chr3","48330501","48330798","KN297159v1","1593950","1594247","32","46736551"
"chr3","48351596","48351889","KN297259v1","684799","685098","36","47666797"
"chr3","48372764","48373074","KN296959v1","263806","264116","45","48108958"
"chr3","48389271","48389562","KN295433v1","1590173","1590466","47","46799098"
"chr3","48399713","48400011","KN296225v1","157317","157608","30","48242396"
"chr3","48406626","48406924","KN297259v1","633864","634162","20","47772762"
"chr3","48411805","48411866","KN295894v1","1656478","1656541","11","46755327"
"chr3","48412210","48412455","KN296280v1","120827","121074","37","48291383"
"chr3","48448338","48448635","KN295983v1","1536250","1536551","39","46912088"
"chr3","48477539","48477846","KN296900v1","121631","121934","29","48355908"
"chr3","48485670","48485796","KN296117v1","305377","305505","18","48180293"
"chr3","48491802","48492069","KN296849v1","746362","746624","48","47745440"
"chr3","48506620","48506860","KN295304v1","263352","263587","34","48243268"
"chr3","48507464","48507742","KN296588v1","819996","820280","53","47687468"
"chr3","48513376","48513686","KN294569v1","828600","828911","45","47684776"
"chr3","48533946","48534238","KN297259v1","514040","514335","32","48019906"
"chr3","48536268","48536569","KN295667v1","1687893","1688204","34","46848375"
"chr3","48539374","48539652","KN297343v1","1703991","1704269","39","46835383"
"chr3","48541313","48541531","KN297259v1","506270","506477","33","48035043"
"chr3","48544684","48544856","KN297026v1","5756","5926","29","48538928"
"chr3","48618711","48619023","KN294387v1","2599087","2599393","42","46019624"
"chr3","48642743","48643045","KN297259v1","403319","403624","29","48239424"
"chr3","48674163","48674471","KN296934v1","897698","898003","41","47776465"
"chr3","48678331","48678607","KN297259v1","365425","365700","27","48312906"
"chr3","48683815","48684121","KN296934v1","897698","898003","32","47786117"
"chr3","48706547","48706827","KN294251v1","219266","219549","38","48487281"
"chr3","48707950","48708264","KN297259v1","344059","344372","21","48363891"
"chr3","48715741","48716046","KN297259v1","336303","336603","31","48379438"
"chr3","48784957","48785253","KN296732v1","2013890","2014190","38","46771067"
"chr3","48824988","48825263","KN297259v1","228479","228746","33","48596509"
"chr3","48825914","48826216","KN294539v1","761382","761684","35","48064532"
"chr3","48837126","48837415","KN294922v1","197872","198164","39","48639254"
"chr3","48852953","48853211","KN295523v1","4102413","4102669","41","44750540"
"chr3","48853723","48853780","KN297442v1","1099785","1099843","15","47753938"
"chr3","48856626","48856936","KN296900v1","121631","121934","41","48734995"
"chr3","48864066","48864217","KN296959v1","987324","987481","25","47876742"
"chr3","48869246","48869511","KN295962v1","383890","384156","43","48485356"
"chr3","48874055","48874355","KN295906v1","77622","77914","42","48796433"
"chr3","48883579","48883878","KN296153v1","3677943","3678242","40","45205636"
"chr3","48886881","48887188","KN297259v1","163935","164242","24","48722946"
"chr3","48890988","48891285","KN294443v1","598458","598760","33","48292530"
"chr3","48943759","48944044","KN294170v1","50010","50300","38","48893749"
"chr3","48944443","48944759","KN297259v1","108800","109110","33","48835643"
"chr3","48946366","48946680","KN294470v1","2163212","2163519","35","46783154"
"chr3","48975434","48975732","KN294790v1","1007547","1007843","42","47967887"
"chr3","48976833","48977125","KN294407v1","2733858","2734151","31","46242975"
"chr3","48979110","48979385","KN295054v1","338368","338644","38","48640742"
"chr3","48990220","48990524","KN297219v1","2007419","2007720","28","46982801"
"chr3","49004324","49004626","KN296311v1","5092316","5092620","33","43912008"
"chr3","49006989","49007298","KN294387v1","2599087","2599393","40","46407902"
"chr3","49059834","49060131","KN295586v1","3764329","3764626","33","45295505"
"chr3","49143597","49143902","KN297112v1","3186153","3186458","42","45957444"
"chr3","49198173","49198468","KN296865v1","906008","906304","30","48292165"
"chr3","49217954","49218253","KN295633v1","1564358","1564658","37","47653596"
"chr3","49218966","49219242","KN294372v1","2506815","2507090","28","46712151"
"chr3","49228133","49228453","KN294372v1","2496761","2497053","52","46731372"
"chr3","49228816","49229091","KN294372v1","2495824","2496096","38","46732992"
"chr3","49241437","49241696","KN295523v1","3618519","3618784","35","45622918"
"chr3","49278724","49279032","KN294372v1","2444811","2445116","26","46833913"
"chr3","49302689","49302982","KN294536v1","1607732","1608024","35","47694957"
"chr3","49421692","49421996","KN295375v1","276331","276628","38","49145361"
"chr3","49441445","49441712","KN297070v1","693285","693562","48","48748160"
"chr3","49451786","49452092","KN297133v1","419676","419981","39","49032110"
"chr3","49456385","49456677","KN295225v1","852978","853269","35","48603407"
"chr3","49485134","49485424","KN296496v1","355776","356054","35","49129358"
"chr3","49490141","49490439","KN294578v1","593416","593711","38","48896725"
"chr3","49494605","49494909","KN294372v1","2233212","2233512","23","47261393"
"chr3","49515308","49515424","KN295236v1","3126577","3126691","29","46388731"
"chr3","49515824","49515946","KN295708v1","1104386","1104514","17","48411438"
"chr3","49532081","49532381","KN294372v1","2195905","2196204","22","47336176"
"chr3","49541236","49541543","KN294456v1","96834","97129","41","49444402"
"chr3","49553340","49553644","KN294372v1","2180211","2180523","34","47373129"
"chr3","49558016","49558321","KN294372v1","2175842","2176147","23","47382174"
"chr3","49558656","49558721","KN296233v1","256181","256236","29","49302475"
"chr3","49560428","49560705","KN294372v1","2173531","2173816","35","47386897"
"chr3","49573876","49574198","KN294372v1","2156056","2156369","47","47417820"
"chr3","49587604","49587904","KN296153v1","3677943","3678242","40","45909661"
"chr3","49589701","49590014","KN295633v1","264317","264628","33","49325384"
"chr3","49591105","49591417","KN295059v1","336835","337145","38","49254270"
"chr3","49596711","49597007","KN294372v1","2135123","2135421","24","47461588"
"chr3","49598576","49598874","KN296158v1","1116756","1117055","45","48481820"
"chr3","49607680","49607976","KN295883v1","666071","666367","36","48941609"
"chr3","49616073","49616384","KN295114v1","20941","21251","33","49595132"
"chr3","49619867","49620180","KN295605v1","712558","712868","41","48907309"
"chr3","49646382","49646683","KN297322v1","1762356","1762651","42","47884026"
"chr3","49653048","49653135","KN296009v1","1330474","1330561","15","48322574"
"chr3","49666249","49666558","KN294387v1","2599087","2599393","42","47067162"
"chr3","49669085","49669388","KN294372v1","2072559","2072867","39","47596526"
"chr3","49671760","49672062","KN294372v1","2067685","2067992","26","47604075"
"chr3","49685653","49685879","KN296145v1","3346783","3347016","44","46338870"
"chr3","49689846","49690124","KN296108v1","63524","63807","39","49626322"
"chr3","49716185","49716478","KN294372v1","2027528","2027816","33","47688657"
"chr3","49735824","49736131","KN294372v1","2006428","2006721","41","47729396"
"chr3","49739701","49740002","KN294372v1","2002285","2002581","33","47737416"
"chr3","49756234","49756388","KN295365v1","176106","176259","51","49580128"
"chr3","49759018","49759337","KN294557v1","60815","61127","40","49698203"
"chr3","49807791","49808101","KN294717v1","373979","374286","45","49433812"
"chr3","49820975","49821265","KN295923v1","488045","488337","34","49332930"
"chr3","49834032","49834338","KN294372v1","1903627","1903928","41","47930405"
"chr3","49839370","49839676","KN294407v1","276190","276492","47","49563180"
"chr3","49860004","49860300","KN295039v1","323671","323967","37","49536333"
"chr3","49867661","49867945","KN294372v1","1871587","1871867","34","47996074"
"chr3","49913314","49913625","KN294372v1","1824260","1824577","41","48089054"
"chr3","49916484","49916688","KN296495v1","2197750","2197951","37","47718734"
"chr3","49917619","49917928","KN296934v1","897698","898003","41","49019921"
"chr3","49923384","49923623","KN296153v1","2778676","2778916","30","47144708"
"chr3","49961356","49961642","KN295350v1","259303","259590","40","49702053"
"chr3","49978807","49978971","KN295610v1","385910","386078","36","49592897"
"chr3","49981972","49982268","KN294372v1","1763088","1763392","34","48218884"
"chr3","50010864","50011140","KN294662v1","268123","268414","45","49742741"
"chr3","50011572","50011746","KN294372v1","1730166","1730343","16","48281406"
"chr3","50018461","50018762","KN295034v1","63947","64249","46","49954514"
"chr3","50032298","50032598","KN294539v1","2320327","2320629","43","47711971"
"chr3","50043946","50044235","KN295057v1","379008","379299","39","49664938"
"chr3","50050159","50050294","KN295744v1","693059","693196","19","49357100"
"chr3","50050666","50050841","KN294281v1","989793","989968","26","49060873"
"chr3","50077447","50077754","KN294372v1","1660308","1660618","32","48417139"
"chr3","50081253","50081547","KN296079v1","1361447","1361739","34","48719806"
"chr3","50088730","50089013","KN296108v1","63524","63807","33","50025206"
"chr3","50098431","50098724","KN297159v1","618451","618746","43","49479980"
"chr3","50133730","50134019","KN294372v1","1605837","1606130","23","48527893"
"chr3","50137982","50138268","KN296315v1","357613","357907","45","49780369"
"chr3","50144990","50145284","KN296040v1","722171","722469","35","49422819"
"chr3","50154629","50154931","KN294991v1","966174","966473","47","49188455"
"chr3","50155112","50155398","KN295459v1","1614660","1614952","38","48540452"
"chr3","50156323","50156617","KN296079v1","818314","818613","49","49338009"
"chr3","50160384","50160692","KN296865v1","1033695","1034008","42","49126689"
"chr3","50165624","50165929","KN294372v1","1573383","1573683","39","48592241"
"chr3","50181936","50182106","KN297274v1","1258226","1258395","26","48923710"
"chr3","50191330","50191622","KN297044v1","811314","811606","37","49380016"
"chr3","50213580","50213889","KN295667v1","1687893","1688204","34","48525687"
"chr3","50222544","50222846","KN295983v1","1536250","1536551","35","48686294"
"chr3","50230650","50230947","KN295402v1","923263","923559","49","49307387"
"chr3","50250849","50251135","KN294372v1","1485180","1485467","31","48765669"
"chr3","50255804","50256107","KN294372v1","1481318","1481621","26","48774486"
"chr3","50286180","50286487","KN294372v1","1447826","1448136","25","48838354"
"chr3","50357465","50357612","KN294372v1","1368766","1368917","15","48988699"
"chr3","50387930","50388215","KN296096v1","3187219","3187506","27","47200711"
"chr3","50479090","50479392","KN294372v1","1252378","1252684","27","49226712"
"chr3","50518476","50518767","KN297322v1","1207319","1207606","33","49311157"
"chr3","50548138","50548435","KN294856v1","296536","296838","39","50251602"
"chr3","50548731","50548892","KN297026v1","5756","5926","26","50542975"
"chr3","50605584","50605868","KN295573v1","520941","521218","45","50084643"
"chr3","50682546","50682857","KN295350v1","243779","244085","41","50438767"
"chr3","50716839","50717018","KN294372v1","1008273","1008456","19","49708566"
"chr3","50745487","50745756","KN294372v1","984646","984939","42","49760841"
"chr3","50780130","50780332","KN294739v1","1093016","1093221","52","49687114"
"chr3","50780844","50780929","KN296349v1","43247","43326","19","50737597"
"chr3","50785150","50785291","KN294668v1","2179035","2179176","18","48606115"
"chr3","50828526","50828834","KN294372v1","915311","915617","44","49913215"
"chr3","50846014","50846315","KN294457v1","1379597","1379899","31","49466417"
"chr3","50866097","50866400","KN297227v1","1018475","1018768","39","49847622"
"chr3","50870458","50870736","KN294372v1","869932","870223","29","50000526"
"chr3","50876183","50876484","KN295236v1","1764741","1765042","30","49111442"
"chr3","50882153","50882228","KN296108v1","353823","353895","15","50528330"
"chr3","50897418","50897727","KN295059v1","336835","337145","37","50560583"
"chr3","50917469","50917772","KN296759v1","638542","638840","37","50278927"
"chr3","50922134","50922445","KN295107v1","287389","287702","43","50634745"
"chr3","51026013","51026313","KN294218v1","2831459","2831758","35","48194554"
"chr3","51042621","51042915","KN296153v1","3677943","3678242","31","47364678"
"chr3","51122153","51122460","KN296263v1","684495","684804","40","50437658"
"chr3","51132091","51132365","KN294372v1","606499","606776","18","50525592"
"chr3","51138093","51138394","KN294407v1","2506005","2506304","36","48632088"
"chr3","51246733","51247024","KN296557v1","709141","709435","31","50537592"
"chr3","51365982","51366283","KN296311v1","3721408","3721707","37","47644574"
"chr3","51388098","51388394","KN296732v1","498634","498931","37","50889464"
"chr3","51396097","51396391","KN296072v1","178373","178661","30","51217724"
"chr3","51424835","51425133","KN294456v1","876419","876725","45","50548416"
"chr3","51506492","51506778","KN296315v1","357613","357907","45","51148879"
"chr3","51516055","51516350","KN294372v1","230813","231108","22","51285242"
"chr3","51592399","51592689","KN296153v1","91872","92161","33","51500527"
"chr3","51744489","51744787","KN296991v1","997341","997639","38","50747148"
"chr3","51752151","51752451","KN294372v1","53172","53484","38","51698979"
"chr3","51952975","51953269","KN294172v1","1490427","1490721","34","50462548"
"chr3","51981622","51981922","KN294235v1","617801","618100","35","51363821"
"chr3","52000252","52000562","KN294526v1","136472","136781","33","51863780"
"chr3","52082020","52082331","KN294526v1","221345","221657","21","51860675"
"chr3","52093581","52093871","KN294526v1","233241","233536","40","51860340"
"chr3","52141678","52141975","KN295995v1","1426233","1426527","33","50715445"
"chr3","52225175","52225483","KN294526v1","358849","359148","29","51866326"
"chr3","52226139","52226466","KN295471v1","836808","837136","55","51389331"
"chr3","52247921","52248214","KN294526v1","386704","387000","34","51861217"
"chr3","52257157","52257459","KN294856v1","296536","296838","41","51960621"
"chr3","52263944","52264252","KN294526v1","402659","402968","22","51861285"
"chr3","52266246","52266528","KN295430v1","2785325","2785610","39","49480921"
"chr3","52298016","52298314","KN295523v1","3420209","3420501","40","48877807"
"chr3","52299754","52300055","KN295034v1","63947","64249","32","52235807"
"chr3","52324289","52324647","KN294526v1","465827","466190","34","51858462"
"chr3","52329310","52329614","KN294526v1","473107","473409","29","51856203"
"chr3","52341571","52341862","KN294526v1","485966","486277","39","51855605"
"chr3","52342423","52342723","KN295984v1","868891","869195","37","51473532"
"chr3","52351062","52351367","KN295112v1","343212","343513","38","52007850"
"chr3","52384273","52384575","KN294539v1","2320327","2320629","47","50063946"
"chr3","52407821","52408078","KN296065v1","54144","54403","28","52353677"
"chr3","52413566","52413872","KN297323v1","176102","176406","35","52237464"
"chr3","52427363","52427710","KN295930v1","722077","722411","67","51705286"
"chr3","52431995","52432295","KN295523v1","3749249","3749548","36","48682746"
"chr3","52522945","52523252","KN295869v1","284557","284865","36","52238388"
"chr3","52579128","52579430","KN294526v1","700533","700837","29","51878595"
"chr3","52721100","52721399","KN295112v1","343212","343513","37","52377888"
"chr3","52741120","52741392","KN295523v1","4195930","4196206","35","48545190"
"chr3","52747978","52748271","KN294416v1","208870","209165","43","52539108"
"chr3","52751166","52751466","KN294987v1","1586643","1586945","32","51164523"
"chr3","52836124","52836431","KN296865v1","1674895","1675192","43","51161229"
"chr3","52836799","52837090","KN295605v1","508904","509196","38","52327895"
"chr3","52839965","52840118","KN294172v1","4594927","4595084","22","48245038"
"chr3","52851213","52851514","KN294790v1","5125489","5125793","40","47725724"
"chr3","52851529","52851840","KN295871v1","1093938","1094249","31","51757591"
"chr3","52882566","52882873","KN295871v1","1062141","1062444","31","51820425"
"chr3","53002700","53002975","KN296496v1","355776","356054","32","52646924"
"chr3","53004263","53004562","KN295871v1","946329","946631","26","52057934"
"chr3","53008539","53008791","KN297165v1","2929718","2929968","38","50078821"
"chr3","53079891","53080198","KN295871v1","866117","866427","26","52213774"
"chr3","53096555","53096832","KN295871v1","848636","848918","49","52247919"
"chr3","53112884","53113180","KN295871v1","832660","832956","14","52280224"
"chr3","53117243","53117545","KN297219v1","434860","435161","39","52682383"
"chr3","53165724","53166033","KN295871v1","777953","778254","24","52387771"
"chr3","53201824","53202153","KN294439v1","261107","261420","57","52940717"
"chr3","53434250","53434556","KN294407v1","249623","249924","29","53184627"
"chr3","53474222","53474522","KN295871v1","459790","460087","25","53014432"
"chr3","53486282","53486593","KN297367v1","171251","171554","46","53315031"
"chr3","53501551","53501858","KN294592v1","858057","858359","35","52643494"
"chr3","53521633","53521933","KN294172v1","4761492","4761794","35","48760141"
"chr3","53523123","53523233","KN296435v1","2414878","2414982","17","51108245"
"chr3","53616946","53617253","KN295871v1","309109","309408","34","53307837"
"chr3","53618997","53619310","KN296311v1","754212","754523","37","52864785"
"chr3","53799924","53800230","KN295983v1","1536250","1536551","33","52263674"
"chr3","53900722","53901024","KN296187v1","2330980","2331287","36","51569742"
"chr3","53918904","53919198","KN294879v1","470984","471280","36","53447920"
"chr3","53919942","53919985","KN295550v1","1106918","1106956","10","52813024"
"chr3","53927461","53927767","KN295236v1","4576569","4576870","41","49350892"
"chr3","53969205","53969471","KN295526v1","384122","384388","33","53585083"
"chr3","53996447","53996752","KN294269v1","637639","637939","38","53358808"
"chr3","54039723","54040025","KN297028v1","798487","798792","49","53241236"
"chr3","54106933","54107239","KN294717v1","373979","374286","35","53732954"
"chr3","54109005","54109301","KN296244v1","86518","86815","38","54022487"
"chr3","54144461","54144774","KN295523v1","1217488","1217797","36","52926973"
"chr3","54166118","54166415","KN296153v1","3677943","3678242","31","50488175"
"chr3","54167048","54167313","KN297264v1","12615","12885","36","54154433"
"chr3","54217289","54217589","KN295112v1","343212","343513","36","53874077"
"chr3","54231080","54231391","KN296508v1","1566214","1566524","39","52664866"
"chr3","54254089","54254398","KN296154v1","1901209","1901519","40","52352880"
"chr3","54405040","54405329","KN297026v1","228587","228878","37","54176453"
"chr3","54458878","54459158","KN296063v1","650820","651105","39","53808058"
"chr3","54545405","54545704","KN296528v1","1436873","1437172","34","53108532"
"chr3","54605320","54605623","KN296900v1","121631","121934","38","54483689"
"chr3","54844230","54844493","KN295523v1","3618519","3618784","42","51225711"
"chr3","54862633","54862937","KN295484v1","679909","680214","39","54182724"
"chr3","55079911","55080204","KN295484v1","460045","460339","29","54619866"
"chr3","55122193","55122493","KN294662v1","79885","80185","32","55042308"
"chr3","55145083","55145381","KN295171v1","209667","209966","43","54935416"
"chr3","55194906","55195206","KN296062v1","1796687","1796987","36","53398219"
"chr3","55205681","55205994","KN295667v1","1687893","1688204","33","53517788"
"chr3","55295673","55295974","KN295112v1","343212","343513","37","54952461"
"chr3","55482866","55483182","KN295090v1","755361","755671","45","54727505"
"chr3","55553795","55554084","KN294407v1","249623","249924","45","55304172"
"chr3","55564862","55565155","KN295470v1","22985","23278","13","55541877"
"chr3","55691266","55691544","KN297404v1","243890","244177","43","55447376"
"chr3","55866579","55866890","KN295470v1","326721","327026","30","55539858"
"chr3","56015355","56015648","KN294739v1","616485","616779","40","55398870"
"chr3","56142257","56142562","KN295607v1","4479027","4479333","34","51663230"
"chr3","56271732","56272030","KN294446v1","714971","715264","36","55556761"
"chr3","56434891","56435190","KN296495v1","2056834","2057132","31","54378057"
"chr3","56448684","56448995","KN296403v1","558918","559229","40","55889766"
"chr3","56549962","56550304","KN294767v1","563444","563771","53","55986518"
"chr3","56567680","56567981","KN297019v1","1233639","1233939","34","55334041"
"chr3","56587288","56587588","KN294739v1","616485","616779","39","55970803"
"chr3","56684397","56684700","KN296357v1","343303","343607","47","56341094"
"chr3","57060546","57060863","KN295667v1","1687893","1688204","41","55372653"
"chr3","57377580","57377877","KN297445v1","1326382","1326677","41","56051198"
"chr3","57432319","57432607","KN294991v1","47795","48090","31","57384524"
"chr3","57455281","57455586","KN294991v1","65511","65813","27","57389770"
"chr3","57498908","57499198","KN294991v1","116350","116650","32","57382558"
"chr3","57500068","57500372","KN294387v1","2599087","2599393","31","54900981"
"chr3","57504158","57504455","KN294634v1","514588","514883","37","56989570"
"chr3","57535340","57535650","KN295697v1","189742","190043","47","57345598"
"chr3","57572646","57572953","KN296934v1","897698","898003","33","56674948"
"chr3","57609848","57610144","KN297227v1","684949","685246","32","56924899"
"chr3","57616058","57616356","KN294588v1","1492426","1492725","33","56123632"
"chr3","57725683","57725971","KN294991v1","334533","334829","33","57391150"
"chr3","57765143","57765452","KN296404v1","1938458","1938769","35","55826685"
"chr3","57871208","57871497","KN294264v1","261999","262293","36","57609209"
"chr3","57897280","57897536","KN296885v1","2745981","2746242","44","55151299"
"chr3","57921754","57922058","KN294991v1","516330","516639","39","57405424"
"chr3","57971444","57971742","KN296732v1","2013890","2014190","34","55957554"
"chr3","58005043","58005345","KN296153v1","3677943","3678242","36","54327100"
"chr3","58006408","58006705","KN294991v1","596674","596975","20","57409734"
"chr3","58030457","58030746","KN294991v1","619827","620130","39","57410630"
"chr3","58050458","58050768","KN294991v1","640339","640650","29","57410119"
"chr3","58053749","58054045","KN295294v1","334706","334991","38","57719043"
"chr3","58110300","58110611","KN296934v1","897698","898003","38","57212602"
"chr3","58116925","58117222","KN294208v1","853291","853593","32","57263634"
"chr3","58159437","58159555","KN296844v1","457555","457676","15","57701882"
"chr3","58344711","58345015","KN294433v1","409687","409987","37","57935024"
"chr3","58356775","58357064","KN297322v1","1385103","1385393","36","56971672"
"chr3","58379291","58379604","KN294991v1","965052","965343","51","57414239"
"chr3","58438641","58438940","KN295923v1","520307","520606","33","57918334"
"chr3","58446066","58446375","KN295022v1","123209","123517","33","58322857"
"chr3","58479416","58479688","KN294991v1","1062715","1062984","23","57416701"
"chr3","58504838","58505093","KN294181v1","509561","509825","36","57995277"
"chr3","58519778","58520080","KN294991v1","1098301","1098602","29","57421477"
"chr3","58609796","58610055","KN294292v1","24945","25210","33","58584851"
"chr3","58613508","58613807","KN296153v1","3677943","3678242","40","54935565"
"chr3","58613817","58613981","KN294991v1","1193540","1193701","13","57420277"
"chr3","58614814","58615098","KN295721v1","197604","197890","38","58417210"
"chr3","58636732","58636989","KN295045v1","250723","250987","62","58386009"
"chr3","58646735","58647035","KN294991v1","1225134","1225431","26","57421601"
"chr3","58763698","58763986","KN296435v1","3246212","3246499","38","55517486"
"chr3","58820987","58821279","KN296365v1","113780","114072","31","58707207"
"chr3","58825831","58826112","KN295936v1","1122342","1122630","37","57703489"
"chr3","58873560","58873767","KN294842v1","1530256","1530465","32","57343304"
"chr3","58880102","58880403","KN297159v1","1901772","1902072","43","56978330"
"chr3","58880923","58881110","KN297095v1","2224633","2224816","26","56656290"
"chr3","58883942","58884252","KN296365v1","615367","615677","42","58268575"
"chr3","58888264","58888563","KN294991v1","1465762","1466061","21","57422502"
"chr3","58932013","58932292","KN294991v1","1510448","1510728","21","57421565"
"chr3","58933830","58934119","KN294991v1","1512531","1512818","41","57421299"
"chr3","58945848","58946148","KN294578v1","593416","593711","33","58352432"
"chr3","58958118","58958426","KN294991v1","1538543","1538849","19","57419575"
"chr3","58981557","58981844","KN294536v1","1607732","1608024","35","57373825"
"chr3","58981846","58982145","KN295995v1","1426233","1426527","46","57555613"
"chr3","58983051","58983356","KN296442v1","157289","157587","37","58825762"
"chr3","58983587","58983891","KN295984v1","1107277","1107569","49","57876310"
"chr3","59119813","59120113","KN294991v1","1706961","1707256","27","57412852"
"chr3","59149900","59150202","KN296311v1","1041578","1041874","39","58108322"
"chr3","59214838","59215136","KN297452v1","2419906","2420203","40","56794932"
"chr3","59230615","59230870","KN295936v1","30401","30674","55","59200214"
"chr3","59232862","59233162","KN294991v1","1828313","1828616","28","57404549"
"chr3","59238017","59238327","KN294991v1","1832956","1833255","36","57405061"
"chr3","59269761","59270067","KN294991v1","1865473","1865780","25","57404288"
"chr3","59300188","59300486","KN295112v1","343212","343513","44","58956976"
"chr3","59313487","59313785","KN294991v1","1911485","1911783","18","57402002"
"chr3","59326665","59326963","KN295983v1","1536250","1536551","33","57790415"
"chr3","59377416","59377712","KN296365v1","113780","114072","35","59263636"
"chr3","59413329","59413626","KN295236v1","231341","231639","30","59181988"
"chr3","59447195","59447501","KN294991v1","2054917","2055219","23","57392278"
"chr3","59480583","59480873","KN294407v1","2733858","2734151","33","56746725"
"chr3","59494087","59494394","KN294991v1","2101563","2101868","30","57392524"
"chr3","59833039","59833344","KN297386v1","78323","78621","29","59754716"
"chr3","59852360","59852661","KN295550v1","1007565","1007867","38","58844795"
"chr3","60090292","60090585","KN295328v1","349896","350193","38","59740396"
"chr3","60229738","60230050","KN296486v1","1025304","1025609","38","59204434"
"chr3","60482887","60483195","KN297386v1","771192","771491","38","59711695"
"chr3","60922116","60922402","KN297386v1","1208667","1208955","22","59713449"
"chr3","60938666","60938920","KN297386v1","1226578","1226850","39","59712088"
"chr3","61263869","61264166","KN296096v1","3183138","3183434","32","58080731"
"chr3","61304580","61304835","KN296732v1","3271352","3271606","38","58033228"
"chr3","61489161","61489276","KN297386v1","1769570","1769682","17","59719591"
"chr3","61533713","61533994","KN295346v1","1108920","1109204","55","60424793"
"chr3","61560307","61560615","KN297386v1","1846049","1846362","30","59714258"
"chr3","61592270","61592581","KN296731v1","1724737","1725039","43","59867533"
"chr3","61609099","61609412","KN296406v1","470066","470382","41","61139033"
"chr3","61695738","61696031","KN297386v1","1972423","1972716","23","59723315"
"chr3","61874199","61874477","KN296314v1","33229","33508","29","61840970"
"chr3","61939626","61939936","KN297133v1","419676","419981","51","61519950"
"chr3","61988640","61988952","KN297386v1","2279574","2279885","30","59709066"
"chr3","62088163","62088471","KN297153v1","1366929","1367240","42","60721234"
"chr3","62147360","62147655","KN297386v1","2429694","2429991","31","59717666"
"chr3","62354092","62354312","KN296009v1","1395210","1395426","31","60958882"
"chr3","62467925","62468224","KN294499v1","571485","571772","39","61896440"
"chr3","62479649","62479938","KN296153v1","91872","92161","34","62387777"
"chr3","62549745","62550044","KN296119v1","2839887","2840182","37","59709858"
"chr3","62621983","62622290","KN295114v1","20941","21251","35","62601042"
"chr3","62623199","62623506","KN294790v1","1555084","1555390","41","61068115"
"chr3","62638847","62639154","KN295725v1","1996226","1996536","35","60642621"
"chr3","62807776","62808082","KN296732v1","2013890","2014190","46","60793886"
"chr3","62898580","62898884","KN296062v1","1796687","1796987","37","61101893"
"chr3","63070790","63071093","KN296180v1","2360776","2361083","44","60710014"
"chr3","63160325","63160621","KN295350v1","405055","405352","37","62755270"
"chr3","63284397","63284704","KN294444v1","165242","165552","42","63119155"
"chr3","63377927","63378231","KN296153v1","3677943","3678242","37","59699984"
"chr3","63466279","63466583","KN297133v1","419676","419981","33","63046603"
"chr3","63506498","63506793","KN296062v1","2106200","2106493","30","61400298"
"chr3","63528868","63529180","KN296145v1","633816","634121","36","62895052"
"chr3","63680795","63681095","KN294457v1","1379597","1379899","42","62301198"
"chr3","63749736","63750038","KN294407v1","93660","93961","45","63656076"
"chr3","63790748","63791025","KN297322v1","626510","626791","41","63164238"
"chr3","63829065","63829378","KN295988v1","954829","955141","49","62874236"
"chr3","63890173","63890456","KN295820v1","810293","810575","37","63079880"
"chr3","64103589","64103896","KN294717v1","373979","374286","35","63729610"
"chr3","64133751","64134053","KN294470v1","2793388","2793686","47","61340363"
"chr3","64190689","64191002","KN297133v1","419676","419981","35","63771013"
"chr3","64480949","64481268","KN295236v1","2360987","2361301","45","62119962"
"chr3","64569609","64569919","KN294387v1","2599087","2599393","41","61970522"
"chr3","64594280","64594572","KN294457v1","201551","201839","42","64392729"
"chr3","64612155","64612459","KN296934v1","897698","898003","32","63714457"
"chr3","64772425","64772723","KN296685v1","285639","285930","36","64486786"
"chr3","64776205","64776508","KN294421v1","22671","22970","42","64753534"
"chr3","64947328","64947627","KN295034v1","276974","277269","38","64670354"
"chr3","64991553","64991857","KN295983v1","1536250","1536551","35","63455303"
"chr3","65106019","65106322","KN294856v1","296536","296838","33","64809483"
"chr3","65141961","65142272","KN295079v1","100124","100421","36","65041837"
"chr3","65326332","65326630","KN295079v1","283451","283751","40","65042881"
"chr3","65347804","65348028","KN295079v1","304269","304481","29","65043535"
"chr3","66383905","66384217","KN295430v1","2610079","2610388","50","63773826"
"chr3","66526663","66526964","KN295315v1","360280","360581","37","66166383"
"chr3","66559425","66559725","KN296934v1","897698","898003","41","65661727"
"chr3","66684104","66684412","KN294467v1","346596","346896","42","66337508"
"chr3","66731277","66731580","KN296948v1","763694","763998","34","65967583"
"chr3","66819228","66819506","KN297242v1","1115247","1115526","32","65703981"
"chr3","66880267","66880551","KN294207v1","767327","767623","40","66112940"
"chr3","66932799","66933105","KN294207v1","714639","714934","29","66218160"
"chr3","66946615","66946902","KN296865v1","956232","956520","42","65990383"
"chr3","66964213","66964501","KN296682v1","5162407","5162700","42","61801806"
"chr3","66979490","66979794","KN295667v1","1687893","1688204","30","65291597"
"chr3","67020914","67021213","KN294207v1","628378","628685","31","66392536"
"chr3","67032407","67032710","KN295692v1","3518009","3518300","42","63514398"
"chr3","67042527","67042816","KN295257v1","1087444","1087739","31","65955083"
"chr3","67089510","67089821","KN297153v1","1366929","1367240","38","65722581"
"chr3","67091875","67092185","KN294207v1","557555","557856","37","66534320"
"chr3","67505626","67505939","KN294207v1","396850","397151","36","67108776"
"chr3","67653365","67653657","KN294824v1","147930","148224","37","67505435"
"chr3","67665687","67665985","KN294260v1","621951","622250","41","67043736"
"chr3","67681287","67681589","KN294207v1","210920","211207","32","67470367"
"chr3","67713118","67713406","KN294207v1","179800","180076","26","67533318"
"chr3","67723144","67723438","KN295449v1","720465","720757","41","67002679"
"chr3","67770077","67770391","KN294207v1","124268","124581","33","67645809"
"chr3","67852639","67852938","KN297112v1","2387840","2388136","39","65464799"
"chr3","67992424","67992724","KN294167v1","406704","406998","37","67585720"
"chr3","68022722","68023023","KN295096v1","2124655","2124956","40","65898067"
"chr3","68135979","68136273","KN297320v1","425144","425448","48","67710835"
"chr3","68237502","68237769","KN296825v1","1125158","1125425","51","67112344"
"chr3","68431161","68431467","KN297153v1","1366929","1367240","34","67064232"
"chr3","68585042","68585352","KN295337v1","416129","416434","20","68168913"
"chr3","68681952","68682247","KN294536v1","1607732","1608024","32","67074220"
"chr3","68703534","68703838","KN294375v1","556349","556655","41","68147185"
"chr3","68930281","68930366","KN296573v1","17183","17267","15","68913098"
"chr3","68952234","68952521","KN295487v1","96031","96319","40","68856203"
"chr3","68996577","68996871","KN294842v1","1292189","1292485","33","67704388"
"chr3","69027336","69027633","KN296934v1","897698","898003","41","68129638"
"chr3","69126300","69126606","KN296508v1","321439","321740","53","68804861"
"chr3","69187585","69187870","KN296435v1","3246212","3246499","43","65941373"
"chr3","69231872","69232171","KN297219v1","1993677","1993982","45","67238195"
"chr3","69247394","69247704","KN294874v1","934343","934646","39","68313051"
"chr3","69274587","69274884","KN294634v1","514588","514883","36","68759999"
"chr3","69766356","69766621","KN296849v1","746362","746624","32","69019994"
"chr3","69801362","69801654","KN296141v1","169071","169354","27","69632291"
"chr3","69882755","69883037","KN295974v1","3121004","3121279","46","66761751"
"chr3","70154288","70154583","KN294662v1","268123","268414","30","69886165"
"chr3","70244201","70244496","KN294416v1","208870","209165","26","70035331"
"chr3","70250004","70250311","KN295480v1","1447608","1447918","32","68802396"
"chr3","70298673","70298971","KN295225v1","852978","853269","36","69445695"
"chr3","70306484","70306800","KN294187v1","377594","377903","36","69928890"
"chr3","70315539","70315847","KN294433v1","482950","483258","37","69832589"
"chr3","70337586","70337864","KN295350v1","636567","636846","38","69701019"
"chr3","70359600","70359904","KN297133v1","419676","419981","32","69939924"
"chr3","70360438","70360738","KN294218v1","1633132","1633430","36","68727306"
"chr3","70361290","70361573","KN295102v1","214886","215171","33","70146404"
"chr3","70368039","70368349","KN294365v1","1401774","1402095","49","68966265"
"chr3","70413188","70413467","KN295523v1","511979","512260","34","69901209"
"chr3","70455633","70455929","KN294407v1","776051","776345","39","69679582"
"chr3","70464327","70464621","KN294446v1","410629","410926","38","70053698"
"chr3","70483426","70483721","KN295984v1","1136723","1137018","42","69346703"
"chr3","70484957","70485254","KN296508v1","1784387","1784690","43","68700570"
"chr3","70546860","70547107","KN296541v1","307774","308024","36","70239086"
"chr3","70566560","70566872","KN295079v1","1130501","1130805","45","69436059"
"chr3","70827735","70828012","KN297165v1","1143723","1144010","41","69684012"
"chr3","70835028","70835335","KN295114v1","20941","21251","34","70814087"
"chr3","70901179","70901360","KN294420v1","781452","781632","25","70119727"
"chr3","71165230","71165517","KN297219v1","434860","435161","41","70730370"
"chr3","71395986","71396272","KN297219v1","858424","858713","32","70537562"
"chr3","71530482","71530787","KN297133v1","419676","419981","33","71110806"
"chr3","72164699","72164771","KN295736v1","1033892","1033959","14","71130807"
"chr3","72354065","72354366","KN294260v1","621951","622250","38","71732114"
"chr3","72394563","72394861","KN295096v1","2124655","2124956","41","70269908"
"chr3","72473070","72473363","KN294399v1","151738","152035","37","72321332"
"chr3","72521223","72521507","KN296588v1","1412753","1413049","71","71108470"
"chr3","72545562","72545871","KN295983v1","613957","614265","43","71931605"
"chr3","72567598","72567889","KN294539v1","297860","298139","44","72269738"
"chr3","72624170","72624480","KN297159v1","3466339","3466642","47","69157831"
"chr3","72694182","72694495","KN295047v1","44235","44544","40","72649947"
"chr3","72708313","72708600","KN297008v1","1840175","1840465","47","70868138"
"chr3","72764986","72765242","KN294218v1","2668750","2669007","33","70096236"
"chr3","72778653","72778950","KN294911v1","3820095","3820391","37","68958558"
"chr3","72977541","72977842","KN294790v1","1555084","1555390","38","71422457"
"chr3","73050933","73051233","KN296381v1","91265","91569","33","72959668"
"chr3","73164503","73164821","KN295988v1","954829","955141","41","72209674"
"chr3","73170859","73171153","KN296865v1","956232","956520","55","72214627"
"chr3","73181002","73181108","KN295666v1","1103402","1103506","20","72077600"
"chr3","73668031","73668339","KN296934v1","897698","898003","31","72770333"
"chr3","73668763","73669067","KN295907v1","2005048","2005348","43","71663715"
"chr3","73845452","73845758","KN296588v1","1228829","1229131","33","72616623"
"chr3","73910381","73910691","KN296486v1","698399","698705","36","73211982"
"chr3","74100434","74100738","KN294366v1","260000","260306","34","73840434"
"chr3","74161877","74162182","KN295667v1","1602744","1603050","34","72559133"
"chr3","74213264","74213568","KN294399v1","151738","152035","39","74061526"
"chr3","74242974","74243274","KN295983v1","1536250","1536551","40","72706724"
"chr3","74260488","74260789","KN295983v1","1536250","1536551","39","72724238"
"chr3","74305298","74305607","KN296357v1","706115","706421","39","73599183"
"chr3","74308906","74309182","KN296609v1","672398","672674","36","73636508"
"chr3","74356471","74356739","KN296538v1","2198933","2199204","35","72157538"
"chr3","74403025","74403318","KN295633v1","131503","131796","38","74271522"
"chr3","74410015","74410320","KN294251v1","2162030","2162331","46","72247985"
"chr3","74460318","74460611","KN295984v1","1136723","1137018","42","73323595"
"chr3","74486577","74486888","KN294949v1","391656","391966","37","74094921"
"chr3","74692503","74692805","KN295441v1","1669072","1669371","36","73023431"
"chr3","74824396","74824696","KN295501v1","1005257","1005557","32","73819139"
"chr3","74844148","74844430","KN295459v1","1614660","1614952","41","73229488"
"chr3","74862236","74862551","KN295361v1","555090","555402","35","74307146"
"chr3","74999602","74999885","KN294998v1","85937","86225","54","74913665"
"chr3","75421510","75421806","KN296959v1","1246826","1247122","39","74174684"
"chr3","75436108","75436476","KN296153v1","675273","675614","92","74760835"
"chr3","75675119","75675431","KN296430v1","444033","444342","39","75231086"
"chr3","76061316","76061613","KN295692v1","1562388","1562681","32","74498928"
"chr3","76093699","76094001","KN294921v1","126144","126441","48","75967555"
"chr3","76099757","76099855","KN295117v1","250395","250496","13","75849362"
"chr3","76102236","76102528","KN295977v1","1124938","1125229","32","74977298"
"chr3","76227112","76227362","KN297165v1","2929718","2929968","46","73297394"
"chr3","76268098","76268419","KN294739v1","616485","616779","52","75651613"
"chr3","76729244","76729555","KN295692v1","998365","998674","43","75730879"
"chr3","76746776","76747068","KN294399v1","151738","152035","33","76595038"
"chr3","76753502","76753814","KN295114v1","20941","21251","31","76732561"
"chr3","76768051","76768359","KN297105v1","3144860","3145161","46","73623191"
"chr3","76773751","76774025","KN296677v1","273898","274172","44","76499853"
"chr3","76782988","76783287","KN297227v1","1014892","1015189","43","75768096"
"chr3","76792112","76792413","KN295362v1","1024505","1024804","35","75767607"
"chr3","76803058","76803199","KN295667v1","264788","264929","22","76538270"
"chr3","76814484","76814802","KN295667v1","1687893","1688204","51","75126591"
"chr3","76875052","76875355","KN294911v1","2576761","2577067","41","74298291"
"chr3","76921863","76922169","KN295523v1","1048577","1048884","42","75873286"
"chr3","76971964","76972249","KN295350v1","259303","259590","39","76712661"
"chr3","76976672","76976984","KN294407v1","2595440","2595750","44","74381232"
"chr3","77102492","77102778","KN294513v1","150959","151244","36","76951533"
"chr3","77162692","77162986","KN294439v1","72624","72920","41","77090068"
"chr3","77189450","77189742","KN294739v1","616485","616779","38","76572965"
"chr3","78227882","78228191","KN294571v1","1163489","1163797","37","77064393"
"chr3","78447670","78447957","KN295142v1","328763","329060","39","78118907"
"chr3","78476182","78476491","KN295142v1","300142","300455","35","78176040"
"chr3","78614380","78614682","KN295142v1","172307","172612","37","78442073"
"chr3","78782056","78782360","KN297317v1","20735","21043","35","78761321"
"chr3","78792066","78792384","KN295930v1","305838","306148","44","78486228"
"chr3","79051580","79051894","KN294705v1","1582720","1583032","53","77468860"
"chr3","79118157","79118446","KN296749v1","503583","503870","40","78614574"
"chr3","79207416","79207721","KN296381v1","91265","91569","44","79116151"
"chr3","79485665","79485960","KN296869v1","793558","793857","56","78692107"
"chr3","79753929","79754208","KN295352v1","560167","560444","46","79193762"
"chr3","79756315","79756618","KN296323v1","540723","541038","39","79215592"
"chr3","80004204","80004511","KN295523v1","183476","183782","41","79820728"
"chr3","80061288","80061589","KN296357v1","356792","357093","31","79704496"
"chr3","80134335","80134643","KN294717v1","373979","374286","37","79760356"
"chr3","80145033","80145329","KN295057v1","500819","501116","44","79644214"
"chr3","80209852","80210155","KN296323v1","971245","971536","36","79238607"
"chr3","80287733","80288044","KN296323v1","1043943","1044255","34","79243790"
"chr3","80339457","80339759","KN295244v1","384903","385210","39","79954554"
"chr3","80447045","80447354","KN294846v1","26929","27228","62","80420116"
"chr3","80741355","80741649","KN296261v1","192045","192341","36","80549310"
"chr3","80948597","80948897","KN296004v1","29555","29853","32","80919042"
"chr3","80975010","80975299","KN296682v1","3185271","3185553","48","77789739"
"chr3","81211854","81212139","KN296311v1","1497364","1497647","38","79714490"
"chr3","81256249","81256516","KN297219v1","2564555","2564824","40","78691694"
"chr3","81307467","81307765","KN295814v1","1158228","1158525","36","80149239"
"chr3","81381220","81381525","KN294387v1","2599087","2599393","40","78782133"
"chr3","81463614","81463857","KN296614v1","20173","20414","53","81443441"
"chr3","81612584","81612877","KN294592v1","1319879","1320174","36","80292705"
"chr3","81643268","81643576","KN296357v1","356792","357093","42","81286476"
"chr3","81674227","81674528","KN296323v1","2379660","2379974","42","79294567"
"chr3","81871518","81871826","KN295459v1","935252","935561","46","80936266"
"chr3","81882915","81883127","KN295161v1","117398","117606","34","81765517"
"chr3","81914550","81914822","KN295102v1","177647","177925","45","81736903"
"chr3","82024259","82024563","KN294167v1","219275","219575","49","81804984"
"chr3","82049495","82049797","KN294806v1","633242","633544","43","81416253"
"chr3","82184898","82185175","KN295243v1","302117","302391","33","81882781"
"chr3","82268409","82268687","KN295243v1","302117","302391","35","81966292"
"chr3","82294225","82294520","KN296883v1","561411","561705","36","81732814"
"chr3","82342595","82342891","KN296153v1","3677943","3678242","45","78664652"
"chr3","82393938","82394255","KN295523v1","1169460","1169755","66","81224478"
"chr3","82948017","82948313","KN296153v1","3677943","3678242","33","79270074"
"chr3","83080665","83080964","KN295601v1","2895150","2895452","47","80185515"
"chr3","83167203","83167487","KN294456v1","501623","501902","40","82665580"
"chr3","83197066","83197312","KN295987v1","1570055","1570304","35","81627011"
"chr3","83308388","83308682","KN294399v1","151738","152035","35","83156650"
"chr3","83368676","83368975","KN296938v1","1006669","1006968","28","82362007"
"chr3","83379722","83380028","KN297019v1","964771","965083","39","82414951"
"chr3","83467384","83467686","KN295441v1","1618043","1618347","35","81849341"
"chr3","83499306","83499626","KN294239v1","334831","335118","56","83164475"
"chr3","83563927","83564227","KN296311v1","5323041","5323339","45","78240886"
"chr3","83658951","83659268","KN295047v1","44235","44544","38","83614716"
"chr3","83764094","83764372","KN296750v1","1420752","1421032","43","82343342"
"chr3","83793663","83793975","KN294705v1","912313","912625","37","82881350"
"chr3","83946226","83946539","KN295114v1","20941","21251","42","83925285"
"chr3","83956019","83956316","KN294167v1","406704","406998","41","83549315"
"chr3","84058741","84058968","KN296641v1","251964","252203","37","83806777"
"chr3","84083850","84084142","KN294739v1","616485","616779","40","83467365"
"chr3","84178160","84178454","KN295077v1","585208","585503","32","83592952"
"chr3","84199455","84199754","KN296153v1","3677943","3678242","38","80521512"
"chr3","84328006","84328299","KN296959v1","1159791","1160090","45","83168215"
"chr3","84345830","84346137","KN295171v1","231499","231801","37","84114331"
"chr3","84377221","84377524","KN296062v1","1796687","1796987","40","82580534"
"chr3","84392880","84393180","KN295501v1","1005257","1005557","35","83387623"
"chr3","84417090","84417375","KN294444v1","86423","86704","42","84330667"
"chr3","84452826","84453132","KN297038v1","2343556","2343866","44","82109270"
"chr3","84872776","84873070","KN296133v1","239214","239508","44","84633562"
"chr3","85014879","85015189","KN294172v1","4612860","4613172","47","80402019"
"chr3","85278969","85279252","KN294501v1","1699753","1700033","46","83579216"
"chr3","85348467","85348768","KN294439v1","72624","72920","41","85275843"
"chr3","85550223","85550531","KN296153v1","3677943","3678242","45","81872280"
"chr3","85564172","85564445","KN296349v1","23521","23801","44","85540651"
"chr3","85573556","85573859","KN297367v1","171251","171554","38","85402305"
"chr3","85593184","85593471","KN295236v1","4288094","4288382","38","81305090"
"chr3","85723831","85724125","KN294416v1","428342","428637","40","85295489"
"chr3","85787475","85787790","KN294911v1","2148856","2149171","46","83638619"
"chr3","85956879","85957186","KN294991v1","1865473","1865780","45","84091406"
"chr3","86008827","86009102","KN296496v1","355776","356054","43","85653051"
"chr3","86227863","86228117","KN297165v1","2929718","2929968","34","83298145"
"chr3","86264061","86264343","KN294345v1","1384398","1384673","58","84879663"
"chr3","86411955","86412253","KN294166v1","3148","3439","39","86408807"
"chr3","86457235","86457539","KN297019v1","1233639","1233939","36","85223596"
"chr3","86579679","86579992","KN295667v1","1687893","1688204","41","84891786"
"chr3","86689635","86689928","KN294260v1","621951","622250","37","86067684"
"chr3","86794383","86794696","KN295523v1","3214533","3214846","49","83579850"
"chr3","86886336","86886609","KN295185v1","76347","76625","51","86809989"
"chr3","87255056","87255372","KN294396v1","229895","230202","49","87025161"
"chr3","87279641","87280000","KN295361v1","961861","962199","74","86317780"
"chr3","87284316","87284619","KN294218v1","1633132","1633430","40","85651184"
"chr3","87470316","87470493","KN294592v1","1377982","1378158","40","86092334"
"chr3","87510916","87511199","KN294207v1","179800","180076","49","87331116"
"chr3","87562514","87562823","KN295382v1","230497","230807","35","87332017"
"chr3","87578022","87578322","KN294662v1","79885","80185","41","87498137"
"chr3","88024162","88024474","KN295936v1","1040084","1040396","38","86984078"
"chr3","88058277","88058579","KN296110v1","163192","163497","36","87895085"
"chr3","88208267","88208563","KN295692v1","3518009","3518300","46","84690258"
"chr3","88231030","88231319","KN297165v1","1143723","1144010","35","87087307"
"chr3","88424681","88424987","KN294387v1","2599087","2599393","46","85825594"
"chr3","88546923","88547103","KN294281v1","989793","989968","31","87557130"
"chr3","88559778","88560077","KN294264v1","261999","262293","42","88297779"
"chr3","88566099","88566402","KN295984v1","2017502","2017807","34","86548597"
"chr3","88627186","88627495","KN294387v1","2599087","2599393","49","86028099"
"chr3","88643895","88644173","KN294893v1","470485","470764","41","88173410"
"chr3","88777986","88778062","KN296573v1","17183","17267","14","88760803"
"chr3","88780603","88780679","KN296573v1","17183","17267","14","88763420"
"chr3","88801739","88802042","KN294535v1","611153","611447","38","88190586"
"chr3","88828637","88828941","KN294685v1","299870","300185","55","88528767"
"chr3","89172497","89172786","KN296980v1","433309","433585","47","88739188"
"chr3","89343712","89344017","KN297317v1","20735","21043","39","89322977"
"chr3","89377031","89377338","KN295480v1","2672652","2672956","39","86704379"
"chr3","89582045","89582339","KN294911v1","3820095","3820391","35","85761950"
"chr3","89586697","89586990","KN297172v1","67161","67447","33","89519536"
"chr3","89665893","89666198","KN297000v1","300195","300489","42","89365698"
"chr3","89686172","89686220","KN296233v1","256181","256236","17","89429991"
"chr3","89686798","89686964","KN295543v1","151828","151995","22","89534970"
"chr3","89811115","89811408","KN297172v1","289322","289602","41","89521793"
"chr3","89836033","89836336","KN297019v1","1233639","1233939","38","88602394"
"chr3","89928127","89928399","KN295607v1","4020079","4020358","50","85908048"
"chr3","90016626","90016927","KN294446v1","410629","410926","38","89605997"
"chr3","90024877","90025171","KN295800v1","476207","476511","39","89548670"
"chr3","90493328","90493636","KN294372v1","2421304","2421611","36","88072024"
"chr3","90527243","90527536","KN297077v1","136016","136316","39","90391227"
"chr3","90593526","90593823","KN296019v1","457522","457817","36","90136004"
"chr3","90683308","90683611","KN297133v1","419676","419981","35","90263632"
"chr3","90844448","90844637","KN296079v1","832483","832663","54","90011965"
"chr3","91027115","91027411","KN295907v1","1253096","1253393","45","89774019"
"chr3","91028477","91028769","KN296296v1","55887","56187","39","90972590"
"chr3","91066196","91066484","KN297404v1","243890","244177","37","90822306"
"chr3","91095943","91096220","KN295573v1","495472","495749","58","90600471"
"chr3","91214403","91214674","KN297112v1","3992200","3992473","41","87222203"
"chr3","91427805","91428116","KN294387v1","2599087","2599393","44","88828718"
"chr3","91466393","91466703","KN296306v1","535274","535582","35","90931119"
"chr3","91555388","91555541","KN295871v1","466358","466502","28","91089030"
"chr3","91555627","91555762","KN296079v1","378212","378344","22","91177415"
"chr3","91605264","91605553","KN295345v1","1379880","1380168","39","90225384"
"chr3","97025600","97025906","KN296795v1","2539979","2540283","36","94485621"
"chr3","97041979","97042272","KN294739v1","1053261","1053568","46","95988718"
"chr3","97135020","97135310","KN294739v1","616485","616779","43","96518535"
"chr3","97397738","97398040","KN296281v1","60300","60607","46","97337438"
"chr3","97975571","97975881","KN297133v1","419676","419981","42","97555895"
"chr3","97993192","97993491","KN296635v1","1164783","1165080","35","96828409"
"chr3","98124389","98124696","KN295350v1","243779","244085","38","97880610"
"chr3","98146171","98146469","KN296580v1","3502","3804","46","98142669"
"chr3","98505301","98505408","KN296883v1","108917","109024","13","98396384"
"chr3","98601507","98601785","KN296404v1","106219","106515","50","98495288"
"chr3","98745180","98745477","KN295236v1","5210800","5211097","44","93534380"
"chr3","99033769","99034057","KN295996v1","997185","997479","39","98036584"
"chr3","99209583","99209885","KN297050v1","118941","119241","39","99090642"
"chr3","99296662","99296945","KN297039v1","971553","971829","44","98325109"
"chr3","99589237","99589516","KN295835v1","204032","204310","43","99385205"
"chr3","99597046","99597344","KN295983v1","1536250","1536551","41","98060796"
"chr3","99605440","99605748","KN294556v1","165992","166297","55","99439448"
"chr3","99668555","99668864","KN296520v1","401670","401982","36","99266885"
"chr3","99685501","99685802","KN297320v1","2087688","2087983","37","97597813"
"chr3","99853106","99853400","KN296153v1","3677943","3678242","40","96175163"
"chr3","100025606","100025828","KN296934v1","764213","764429","38","99261393"
"chr3","100070960","100071244","KN294994v1","12837","13117","40","100058123"
"chr3","100141576","100141855","KN294181v1","1605564","1605839","39","98536012"
"chr3","100518147","100518453","KN295075v1","473320","473622","35","100044827"
"chr3","100771510","100771802","KN294407v1","297182","297478","43","100474328"
"chr3","100811433","100811749","KN297078v1","852264","852574","54","99959169"
"chr3","100888771","100889064","KN294446v1","445226","445515","55","100443545"
"chr3","100922936","100923240","KN295667v1","2251475","2251760","49","98671461"
"chr3","101355568","101355859","KN295501v1","902998","903291","30","100452570"
"chr3","101673221","101673512","KN294172v1","2999478","2999758","40","98673743"
"chr3","101775259","101775554","KN296311v1","7650126","7650419","35","94125133"
"chr3","101834372","101834627","KN294911v1","1958010","1958259","34","99876362"
"chr3","101834849","101835110","KN295523v1","3618519","3618784","33","98216330"
"chr3","101835921","101836237","KN295045v1","469620","469933","52","101366301"
"chr3","101836372","101836679","KN295059v1","336835","337145","31","101499537"
"chr3","101851004","101851299","KN294407v1","276190","276492","38","101574814"
"chr3","101960308","101960601","KN297008v1","3405455","3405752","36","98554853"
"chr3","102013681","102013989","KN296747v1","35746","36041","51","101977935"
"chr3","102449994","102450288","KN295729v1","1473593","1473887","31","100976401"
"chr3","102696403","102696452","KN296339v1","96550","96598","9","102599853"
"chr3","102807230","102807550","KN294264v1","371563","371884","44","102435667"
"chr3","102910142","102910435","KN294739v1","616485","616779","31","102293657"
"chr3","102959866","102960171","KN294899v1","589552","589858","39","102370314"
"chr3","103163578","103163880","KN297019v1","695366","695673","40","102468212"
"chr3","103285986","103286110","KN295962v1","1119929","1120051","17","102166057"
"chr3","103286222","103286392","KN294281v1","989793","989968","24","102296429"
"chr3","103398938","103399195","KN294540v1","886155","886414","27","102512783"
"chr3","103438270","103438583","KN294705v1","1582720","1583032","46","101855550"
"chr3","103494351","103494659","KN295667v1","1687893","1688204","35","101806458"
"chr3","103516795","103517097","KN296386v1","768761","769063","23","102748034"
"chr3","103550737","103551012","KN294365v1","1361908","1362189","47","102188829"
"chr3","103553802","103554107","KN296386v1","807617","807923","28","102746185"
"chr3","103598058","103598355","KN296386v1","855013","855314","38","102743045"
"chr3","103639359","103639652","KN296040v1","568932","569222","41","103070427"
"chr3","103682620","103682911","KN296386v1","944341","944628","32","102738279"
"chr3","103778946","103779255","KN295117v1","285369","285672","52","103493577"
"chr3","103922397","103922709","KN295114v1","20941","21251","37","103901456"
"chr3","104019379","104019562","KN294281v1","989793","989968","27","103029586"
"chr3","104036193","104036497","KN296865v1","1474498","1474803","40","102561695"
"chr3","104217929","104218235","KN295758v1","997500","997807","33","103220429"
"chr3","104302296","104302605","KN294446v1","283411","283721","44","104018885"
"chr3","104340310","104340612","KN295236v1","4576569","4576870","39","99763741"
"chr3","104369064","104369353","KN294677v1","100240","100534","43","104268824"
"chr3","104539460","104539765","KN297048v1","440009","440305","32","104099451"
"chr3","104579555","104579841","KN297048v1","477415","477699","34","104102140"
"chr3","104698581","104698885","KN296158v1","1672506","1672810","44","103026075"
"chr3","104711726","104712022","KN295907v1","1253096","1253393","33","103458630"
"chr3","104718708","104719016","KN295571v1","479372","479676","41","104239336"
"chr3","104790300","104790621","KN294407v1","2595440","2595750","40","102194860"
"chr3","104790932","104791149","KN296481v1","206504","206734","46","104584428"
"chr3","104803202","104803509","KN295708v1","1954541","1954845","47","102848661"
"chr3","104817385","104817523","KN296795v1","1955999","1956137","15","102861386"
"chr3","104875184","104875481","KN294421v1","22671","22970","44","104852513"
"chr3","104877942","104878234","KN295995v1","1426233","1426527","39","103451709"
"chr3","104881629","104881934","KN296580v1","3502","3804","39","104878127"
"chr3","104891197","104891514","KN296145v1","2759462","2759771","43","102131735"
"chr3","104917648","104917938","KN294181v1","810707","811001","31","104106941"
"chr3","104937238","104937547","KN296508v1","954335","954642","36","103982903"
"chr3","104942589","104942874","KN295633v1","210578","210856","46","104732011"
"chr3","104949893","104950190","KN294172v1","5770836","5771132","31","99179057"
"chr3","105198988","105199267","KN296108v1","63524","63807","39","105135464"
"chr3","105239082","105239371","KN295893v1","2207194","2207481","36","103031888"
"chr3","105569039","105569354","KN294167v1","270527","270842","46","105298512"
"chr3","105622612","105622942","KN296496v1","447170","447491","51","105175442"
"chr3","105709377","105709680","KN296759v1","638542","638840","38","105070835"
"chr3","106515923","106516189","KN296449v1","822","1085","39","106515101"
"chr3","106633405","106633699","KN294181v1","803706","803994","45","105829699"
"chr3","106893503","106893812","KN296953v1","28563","28872","43","106864940"
"chr3","106967844","106968154","KN296158v1","1672506","1672810","41","105295338"
"chr3","107204599","107204869","KN295108v1","978422","978675","39","106226177"
"chr3","107301350","107301646","KN295108v1","883144","883445","32","106418206"
"chr3","107355783","107356080","KN296528v1","1436873","1437172","35","105918910"
"chr3","107445333","107445630","KN297197v1","3714860","3715153","36","103730473"
"chr3","107848944","107849232","KN295368v1","2146364","2146648","39","105702580"
"chr3","107974070","107974365","KN295090v1","1657716","1658013","41","106316354"
"chr3","108205564","108205873","KN294416v1","817525","817831","47","107388039"
"chr3","108401360","108401659","KN295523v1","985733","986032","33","107415627"
"chr3","108588999","108589294","KN297445v1","1326382","1326677","33","107262617"
"chr3","108635944","108636254","KN296953v1","28563","28872","40","108607381"
"chr3","108874356","108874656","KN297197v1","173467","173764","42","108700889"
"chr3","108888387","108888675","KN294685v1","1089074","1089357","37","107799313"
"chr3","109008935","109009227","KN295995v1","1426233","1426527","38","107582702"
"chr3","109040802","109041100","KN294739v1","609228","609535","41","108431574"
"chr3","109104653","109104958","KN294873v1","1327978","1328280","39","107776675"
"chr3","109133081","109133354","KN295102v1","177647","177925","44","108955434"
"chr3","109173849","109174168","KN295382v1","230497","230807","52","108943352"
"chr3","109386240","109386548","KN297019v1","695366","695673","40","108690874"
"chr3","109569303","109569607","KN296731v1","1681432","1681735","35","107887871"
"chr3","109705828","109706125","KN294147v1","37981","38277","33","109667847"
"chr3","109824192","109824481","KN294739v1","616485","616779","32","109207707"
"chr3","109929569","109929800","KN294325v1","242229","242452","52","109687340"
"chr3","110061526","110061852","KN296145v1","424587","424911","43","109636939"
"chr3","110129985","110130279","KN295057v1","500819","501116","31","109629166"
"chr3","110133387","110133698","KN295667v1","1687893","1688204","35","108445494"
"chr3","110265553","110265836","KN296661v1","1303368","1303652","41","108962185"
"chr3","110289019","110289317","KN294407v1","249623","249924","35","110039396"
"chr3","110290509","110290796","KN294991v1","1911485","1911783","43","108379024"
"chr3","110333485","110333741","KN295236v1","2889523","2889779","35","107443962"
"chr3","110340413","110340716","KN294911v1","2866355","2866658","35","107474058"
"chr3","110378979","110379283","KN297133v1","419676","419981","26","109959303"
"chr3","110784637","110784943","KN294806v1","835206","835511","37","109949431"
"chr3","110786006","110786174","KN295744v1","693504","693672","24","110092502"
"chr3","110856512","110856819","KN295406v1","214517","214825","35","110641995"
"chr3","110878117","110878430","KN296404v1","1938458","1938769","36","108939659"
"chr3","111118459","111118774","KN294513v1","614988","615293","39","110503471"
"chr3","111160905","111161207","KN295573v1","646494","646793","36","110514411"
"chr3","111217630","111217929","KN295430v1","2568372","2568671","36","108649258"
"chr3","111441712","111442032","KN294407v1","2827717","2828029","45","108613995"
"chr3","111622732","111623040","KN294717v1","373979","374286","37","111248753"
"chr3","111705704","111705833","KN297197v1","1187476","1187605","15","110518228"
"chr3","111808425","111808720","KN296679v1","10375","10671","35","111798050"
"chr3","112000501","112000800","KN296062v1","1796687","1796987","38","110203814"
"chr3","112019846","112020119","KN296761v1","632415","632690","39","111387431"
"chr3","112085799","112086081","KN295940v1","167693","167976","33","111918106"
"chr3","112142800","112143091","KN295057v1","379008","379299","33","111763792"
"chr3","112144584","112144870","KN296749v1","503583","503870","32","111641001"
"chr3","112480734","112481023","KN294879v1","796083","796377","46","111684651"
"chr3","112484365","112484667","KN294917v1","407238","407538","34","112077127"
"chr3","112545688","112545771","KN294598v1","153185","153270","23","112392503"
"chr3","112546487","112546783","KN297095v1","2087459","2087755","30","110459028"
"chr3","112573477","112573808","KN295264v1","66488","66817","56","112506989"
"chr3","112574608","112574861","KN297219v1","1436496","1436748","33","111138112"
"chr3","112577468","112577770","KN295112v1","343212","343513","34","112234256"
"chr3","112602803","112603115","KN295671v1","156158","156468","31","112446645"
"chr3","112606988","112607300","KN295667v1","1687893","1688204","43","110919095"
"chr3","112619693","112619983","KN295487v1","96031","96319","42","112523662"
"chr3","112659463","112659757","KN296495v1","2056834","2057132","30","110602629"
"chr3","112681602","112681912","KN294717v1","373979","374286","41","112307623"
"chr3","112688121","112688429","KN294647v1","185825","186131","45","112502296"
"chr3","112694261","112694539","KN296877v1","269219","269498","42","112425042"
"chr3","112702248","112702545","KN294349v1","164140","164438","39","112538108"
"chr3","112702816","112703140","KN295176v1","34358","34673","46","112668458"
"chr3","112914191","112914473","KN295607v1","588543","588828","39","112325648"
"chr3","113460636","113460943","KN294717v1","373979","374286","43","113086657"
"chr3","113561785","113562080","KN295096v1","4037743","4038035","31","109524042"
"chr3","113669678","113669998","KN297245v1","2547305","2547618","49","111122373"
"chr3","114098171","114098472","KN296731v1","1681432","1681735","29","112416739"
"chr3","114270585","114270864","KN297322v1","626510","626791","41","113644075"
"chr3","114413490","114413812","KN294536v1","1602874","1603192","46","112810616"
"chr3","114503463","114503767","KN295096v1","3067599","3067900","25","111435864"
"chr3","114715197","114715503","KN295236v1","5645831","5646138","36","109069366"
"chr3","114915135","114915432","KN295096v1","2637194","2637486","35","112277941"
"chr3","115028149","115028456","KN294456v1","876419","876725","44","114151730"
"chr3","115340304","115340552","KN295601v1","3132066","3132314","33","112208238"
"chr3","115352353","115352654","KN295096v1","2201974","2202272","28","113150379"
"chr3","115430470","115430766","KN295096v1","2124655","2124956","24","113305815"
"chr3","115435183","115435472","KN294747v1","670418","670717","42","114764765"
"chr3","115440395","115440695","KN294470v1","2729657","2729960","34","112710738"
"chr3","115502619","115502929","KN295096v1","2062285","2062594","26","113440334"
"chr3","115637166","115637313","KN296795v1","1955999","1956137","20","113681167"
"chr3","115643597","115643896","KN295096v1","1909560","1909851","42","113734037"
"chr3","115691804","115692106","KN295096v1","1856154","1856462","24","113835650"
"chr3","115700502","115700803","KN296153v1","3677943","3678242","29","112022559"
"chr3","115799596","115799735","KN296980v1","1075826","1075962","19","114723770"
"chr3","115814079","115814178","KN295550v1","700167","700268","19","115113912"
"chr3","115814411","115814627","KN295096v1","1733159","1733378","21","114081252"
"chr3","115861042","115861345","KN295294v1","2710281","2710583","51","113150761"
"chr3","116000130","116000392","KN295708v1","181414","181680","38","115818716"
"chr3","116093080","116093384","KN295096v1","1476276","1476578","31","114616804"
"chr3","116095427","116095739","KN295096v1","1473951","1474257","31","114621476"
"chr3","116120066","116120400","KN294767v1","563444","563771","53","115556622"
"chr3","116260234","116260522","KN297165v1","1143723","1144010","34","115116511"
"chr3","116355582","116355876","KN296311v1","4110039","4110330","36","112245543"
"chr3","116383260","116383568","KN294879v1","1095992","1096293","41","115287268"
"chr3","116734068","116734247","KN296921v1","495231","495409","26","116238837"
"chr3","116758536","116758830","KN294407v1","2733858","2734151","35","114024678"
"chr3","116779767","116780071","KN297165v1","47565","47861","42","116732202"
"chr3","116825898","116826153","KN297307v1","44847","45104","34","116781051"
"chr3","116853920","116854219","KN295159v1","636745","637044","39","116217175"
"chr3","116868222","116868492","KN297264v1","12615","12885","34","116855607"
"chr3","116882187","116882485","KN294837v1","303054","303351","43","116579133"
"chr3","116913197","116913287","KN295343v1","706085","706174","14","116207112"
"chr3","117030606","117030894","KN295096v1","563388","563676","21","116467218"
"chr3","117043121","117043273","KN295096v1","550716","550864","25","116492405"
"chr3","117117079","117117406","KN295096v1","473428","473775","49","116643651"
"chr3","117125958","117126260","KN295096v1","466481","466784","24","116659477"
"chr3","117143362","117143652","KN294224v1","1103051","1103340","36","116040311"
"chr3","117163447","117163748","KN295096v1","428728","429038","44","116734719"
"chr3","117165454","117165736","KN295096v1","426851","427132","23","116738603"
"chr3","117167069","117167370","KN294470v1","881306","881602","45","116285763"
"chr3","117174897","117175190","KN295096v1","416732","417030","31","116758165"
"chr3","117205573","117205873","KN294407v1","93660","93961","38","117111913"
"chr3","117207482","117207784","KN294387v1","2599087","2599393","33","114608395"
"chr3","117411805","117412099","KN295096v1","193088","193382","34","117218717"
"chr3","117448217","117448517","KN295096v1","155138","155440","27","117293079"
"chr3","117456843","117457138","KN295096v1","147679","147974","33","117309164"
"chr3","117458980","117459280","KN296153v1","3677943","3678242","37","113781037"
"chr3","117584369","117584671","KN295096v1","15572","15881","28","117568797"
"chr3","117595926","117596258","KN296934v1","897698","898003","60","116698228"
"chr3","117800764","117801060","KN297445v1","1326382","1326677","42","116474382"
"chr3","117830277","117830573","KN294287v1","843227","843524","36","116987050"
"chr3","117917827","117918131","KN297133v1","419676","419981","33","117498151"
"chr3","118100044","118100290","KN294385v1","699385","699620","38","117400659"
"chr3","118306278","118306574","KN295328v1","349896","350193","36","117956382"
"chr3","118394771","118395074","KN295315v1","360280","360581","39","118034491"
"chr3","118754680","118754921","KN294873v1","1587787","1588043","45","117166893"
"chr3","118951636","118951935","KN294758v1","374673","374971","32","118576963"
"chr3","119072565","119072870","KN297416v1","102211","102517","40","118970354"
"chr3","119142119","119142417","KN296004v1","29555","29853","39","119112564"
"chr3","119329748","119330041","KN296261v1","192045","192341","36","119137703"
"chr3","119454044","119454344","KN297370v1","27820","28121","16","119426224"
"chr3","119509387","119509703","KN297197v1","4685348","4685659","42","114824039"
"chr3","119514289","119514585","KN294416v1","208870","209165","40","119305419"
"chr3","119749314","119749618","KN295523v1","183476","183782","42","119565838"
"chr3","119770135","119770412","KN297370v1","362470","362743","29","119407665"
"chr3","119839033","119839325","KN295248v1","864102","864388","40","118974931"
"chr3","119897102","119897397","KN295045v1","441758","442064","40","119455344"
"chr3","119903021","119903320","KN296153v1","3677943","3678242","40","116225078"
"chr3","120067858","120068169","KN294261v1","106351","106657","41","119961507"
"chr3","120118021","120118309","KN295984v1","3115430","3115716","42","117002591"
"chr3","120437327","120437634","KN294987v1","439387","439694","39","119997940"
"chr3","120520417","120520712","KN297370v1","1092420","1092725","35","119427997"
"chr3","120587078","120587388","KN295350v1","243779","244085","37","120343299"
"chr3","120617848","120618049","KN294825v1","467615","467810","36","120150233"
"chr3","120704392","120704721","KN294717v1","373979","374286","53","120330413"
"chr3","121082815","121083123","KN297032v1","53283","53588","46","121029532"
"chr3","121338909","121339204","KN295907v1","1253096","1253393","29","120085813"
"chr3","121403389","121403685","KN295983v1","1536250","1536551","38","119867139"
"chr3","121418966","121419264","KN296357v1","356792","357093","51","121062174"
"chr3","121497460","121497591","KN296119v1","3494836","3494965","22","118002624"
"chr3","122029568","122029873","KN296357v1","706115","706421","34","121323453"
"chr3","122066196","122066455","KN296449v1","822","1085","36","122065374"
"chr3","122131569","122131870","KN295984v1","974577","974872","34","121156992"
"chr3","122149481","122149788","KN297133v1","419676","419981","26","121729805"
"chr3","122229018","122229286","KN297219v1","2564555","2564824","33","119664463"
"chr3","122443902","122444212","KN297046v1","1801264","1801572","37","120642638"
"chr3","122459899","122460197","KN297019v1","1233639","1233939","33","121226260"
"chr3","122489621","122489848","KN296062v1","2555274","2555503","36","119934347"
"chr3","122612013","122612312","KN296732v1","2013890","2014190","35","120598123"
"chr3","122630414","122630710","KN294739v1","616485","616779","32","122013929"
"chr3","122691351","122691662","KN295257v1","443937","444244","34","122247414"
"chr3","122697639","122697937","KN294182v1","582302","582595","38","122115337"
"chr3","122701327","122701629","KN296153v1","3677943","3678242","42","119023384"
"chr3","122719971","122720223","KN297095v1","3580075","3580303","50","119139896"
"chr3","122727937","122728233","KN294540v1","925328","925623","40","121802609"
"chr3","122732272","122732563","KN294187v1","1662891","1663186","40","121069381"
"chr3","122737753","122738055","KN295580v1","1390","1690","35","122736363"
"chr3","122806418","122806722","KN294387v1","2599087","2599393","35","120207331"
"chr3","122816423","122816700","KN294172v1","2999478","2999758","33","119816945"
"chr3","122844574","122844865","KN294768v1","46252","46542","37","122798322"
"chr3","122861774","122862101","KN296308v1","871499","871827","41","121990275"
"chr3","122874829","122875117","KN296322v1","1334297","1334592","36","121540532"
"chr3","122904139","122904442","KN297190v1","5852784","5853081","36","117051355"
"chr3","122995039","122995350","KN294733v1","408443","408753","33","122586596"
"chr3","123091651","123091954","KN294207v1","557555","557856","44","122534096"
"chr3","123163014","123163301","KN294251v1","3629060","3629346","48","119533954"
"chr3","123173174","123173478","KN295919v1","100991","101296","43","123072183"
"chr3","123301567","123301811","KN294260v1","2078631","2078883","52","121222936"
"chr3","123309731","123310033","KN294239v1","153759","154060","37","123155972"
"chr3","123311012","123311301","KN297046v1","1841147","1841441","46","121469865"
"chr3","123317419","123317727","KN297366v1","1924380","1924687","33","121393039"
"chr3","123360495","123360795","KN294387v1","2599087","2599393","39","120761408"
"chr3","123467555","123467854","KN296004v1","29555","29853","41","123438000"
"chr3","123478426","123478711","KN294325v1","748313","748611","47","122730113"
"chr3","123507159","123507454","KN296180v1","577635","577930","38","122929524"
"chr3","123514750","123515042","KN295671v1","94446","94737","42","123420304"
"chr3","123553729","123554033","KN295748v1","283051","283352","29","123270678"
"chr3","123593996","123594295","KN294260v1","621951","622250","37","122972045"
"chr3","123603015","123603326","KN297078v1","74078","74384","35","123528937"
"chr3","123633781","123634088","KN296934v1","897698","898003","36","122736083"
"chr3","123851228","123851539","KN297390v1","1640938","1641250","38","122210290"
"chr3","124245638","124245943","KN295667v1","1687893","1688204","31","122557745"
"chr3","124456790","124457098","KN297190v1","7071552","7071858","35","117385238"
"chr3","124551966","124552266","KN296357v1","356792","357093","40","124195174"
"chr3","124552601","124552705","KN295041v1","49283","49384","20","124503318"
"chr3","124666110","124666439","KN296308v1","871499","871827","42","123794611"
"chr3","124794973","124795253","KN295983v1","156153","156432","37","124638820"
"chr3","124859044","124859338","KN294536v1","1607732","1608024","28","123251312"
"chr3","124894430","124894724","KN296594v1","192568","192865","21","124701862"
"chr3","124907597","124907907","KN296594v1","207535","207846","23","124700062"
"chr3","124933686","124933946","KN296594v1","227797","228067","33","124705889"
"chr3","124936059","124936375","KN296557v1","607512","607820","50","124328547"
"chr3","124941277","124941578","KN294416v1","208870","209165","39","124732407"
"chr3","125063055","125063351","KN295459v1","1614660","1614952","29","123448395"
"chr3","125116171","125116482","KN296594v1","409716","410035","29","124706455"
"chr3","125141639","125141936","KN296747v1","35746","36041","31","125105893"
"chr3","125149538","125149828","KN294269v1","437665","437958","42","124711873"
"chr3","125255538","125255840","KN296859v1","895216","895514","37","124360322"
"chr3","125261587","125261850","KN296594v1","570066","570335","33","124691521"
"chr3","125265792","125266103","KN294409v1","885351","885655","44","124380441"
"chr3","125302664","125302969","KN295983v1","1425916","1426220","41","123876748"
"chr3","125363361","125363655","KN296594v1","683220","683520","31","124680141"
"chr3","125399871","125400170","KN296153v1","3677943","3678242","36","121721928"
"chr3","125518335","125518650","KN295114v1","20941","21251","42","125497394"
"chr3","125526026","125526327","KN295096v1","2124655","2124956","36","123401371"
"chr3","125534363","125534651","KN296594v1","849343","849627","21","124685020"
"chr3","125620992","125621292","KN294385v1","18712","19011","38","125602280"
"chr3","125703481","125703822","KN294457v1","3704399","3704734","46","121999082"
"chr3","125712276","125712569","KN294739v1","616485","616779","33","125095791"
"chr3","125728976","125729272","KN296435v1","3246212","3246499","35","122482764"
"chr3","125744442","125744746","KN296747v1","35746","36041","46","125708696"
"chr3","125767479","125767754","KN296000v1","548008","548282","30","125219471"
"chr3","125851037","125851209","KN296119v1","2551319","2551498","27","123299718"
"chr3","125896681","125896990","KN295553v1","392929","393238","33","125503752"
"chr3","125923423","125923719","KN296594v1","1228259","1228573","34","124695164"
"chr3","125957505","125957812","KN296916v1","378131","378429","39","125579374"
"chr3","126179635","126179914","KN296649v1","135646","135924","30","126043989"
"chr3","126222790","126223087","KN296649v1","177673","177964","26","126045117"
"chr3","126282176","126282458","KN294711v1","646506","646789","35","125635670"
"chr3","126316614","126316914","KN294713v1","679833","680136","39","125636781"
"chr3","126384216","126384502","KN296157v1","1416966","1417267","40","124967250"
"chr3","126554096","126554393","KN295449v1","1335854","1336149","31","125218242"
"chr3","126556244","126556539","KN294571v1","710815","711108","70","125845429"
"chr3","126614837","126615123","KN296153v1","384501","384790","40","126230336"
"chr3","126890297","126890596","KN295361v1","925031","925332","35","125965266"
"chr3","127033192","127033481","KN295117v1","329951","330239","36","126703241"
"chr3","127127383","127127658","KN295320v1","1247381","1247657","34","125880002"
"chr3","127165893","127166184","KN295459v1","1614660","1614952","40","125551233"
"chr3","127174177","127174491","KN296019v1","443353","443660","48","126730824"
"chr3","127210810","127211122","KN295236v1","5343986","5344298","36","121866824"
"chr3","127213402","127213713","KN294571v1","572623","572929","34","126640779"
"chr3","127228170","127228466","KN297197v1","173467","173764","40","127054703"
"chr3","127241121","127241411","KN294662v1","79885","80185","35","127161236"
"chr3","127414692","127415019","KN294365v1","1106120","1106436","49","126308572"
"chr3","127594031","127594340","KN295667v1","1586465","1586775","47","126007566"
"chr3","127653940","127654232","KN296685v1","285639","285930","36","127368301"
"chr3","127664637","127664923","KN295090v1","1165047","1165331","32","126499590"
"chr3","127744981","127745287","KN297390v1","119623","119924","37","127625358"
"chr3","127767650","127767961","KN296934v1","897698","898003","35","126869952"
"chr3","127879012","127879247","KN296108v1","518659","518906","41","127360353"
"chr3","127944260","127944557","KN296759v1","638542","638840","29","127305718"
"chr3","127956624","127956925","KN295708v1","1331487","1331787","37","126625137"
"chr3","127960721","127961027","KN295586v1","3376721","3377026","35","124584000"
"chr3","128004530","128004813","KN294933v1","116272","116556","48","127888258"
"chr3","128189175","128189479","KN294536v1","1195413","1195715","36","126993762"
"chr3","128306511","128306820","KN295236v1","3424373","3424682","41","124882138"
"chr3","128339929","128340228","KN295962v1","1921217","1921530","35","126418712"
"chr3","128386785","128387093","KN295114v1","20941","21251","40","128365844"
"chr3","128392347","128392653","KN295294v1","3132769","3133075","42","125259578"
"chr3","128426462","128426765","KN294181v1","1399214","1399517","35","127027248"
"chr3","128437203","128437500","KN297259v1","1300977","1301270","35","127136226"
"chr3","128497278","128497581","KN296934v1","897698","898003","30","127599580"
"chr3","128509372","128509673","KN295601v1","2895150","2895452","34","125614222"
"chr3","128524677","128524987","KN296486v1","1315197","1315517","35","127209480"
"chr3","128608505","128608809","KN294758v1","2189671","2189970","38","126418834"
"chr3","128612958","128613257","KN295501v1","1005257","1005557","31","127607701"
"chr3","128654621","128654914","KN294170v1","50010","50300","35","128604611"
"chr3","128797993","128798303","KN294728v1","1530565","1530875","36","127267428"
"chr3","128821739","128822044","KN296019v1","443353","443660","40","128378386"
"chr3","128874792","128875100","KN295112v1","343212","343513","43","128531580"
"chr3","128885861","128886168","KN296075v1","565878","566186","40","128319983"
"chr3","128959310","128959553","KN296900v1","261449","261690","44","128697861"
"chr3","128962012","128962306","KN295225v1","852978","853269","34","128109034"
"chr3","128973059","128973348","KN295459v1","1614660","1614952","36","127358399"
"chr3","129031970","129032251","KN296580v1","1062909","1063188","38","127969061"
"chr3","129080972","129081280","KN295671v1","156158","156468","51","128924814"
"chr3","129181061","129181365","KN295523v1","1048577","1048884","39","128132484"
"chr3","129279673","129280009","KN296381v1","116807","117137","53","129162866"
"chr3","129291284","129291427","KN294181v1","1301795","1301938","21","127989489"
"chr3","129302661","129302965","KN295171v1","869545","869845","38","128433116"
"chr3","129305029","129305339","KN294717v1","373979","374286","36","128931050"
"chr3","129314005","129314297","KN294181v1","858043","858340","40","128455962"
"chr3","129323279","129323543","KN294739v1","994750","995002","34","128328529"
"chr3","129335276","129335587","KN295962v1","1921217","1921530","42","127414059"
"chr3","129503067","129503385","KN296145v1","424587","424911","42","129078480"
"chr3","129587883","129588169","KN294365v1","2002107","2002388","48","127585776"
"chr3","129617526","129617823","KN295607v1","588543","588828","40","129028983"
"chr3","129692020","129692328","KN294444v1","165242","165552","34","129526778"
"chr3","129766660","129766919","KN296036v1","213048","213309","38","129553612"
"chr3","129890538","129890839","KN296290v1","702538","702843","32","129188000"
"chr3","129939358","129939668","KN295059v1","336835","337145","28","129602523"
"chr3","130099721","130100024","KN294269v1","637639","637939","35","129462082"
"chr3","130172060","130172355","KN294172v1","5770836","5771132","30","124401224"
"chr3","130293640","130293911","KN296732v1","3762160","3762422","46","126531480"
"chr3","130472114","130472405","KN294170v1","50010","50300","33","130422104"
"chr3","130725039","130725332","KN296743v1","1855960","1856253","42","128869079"
"chr3","130903294","130903556","KN296449v1","822","1085","34","130902472"
"chr3","130913701","130913984","KN295936v1","30401","30674","35","130883300"
"chr3","130991671","130991963","KN294758v1","2189671","2189970","42","128802000"
"chr3","131028619","131028905","KN294662v1","268123","268414","32","130760496"
"chr3","131028909","131029219","KN294647v1","185825","186131","41","130843084"
"chr3","131037704","131037997","KN297112v1","1060003","1060301","37","129977701"
"chr3","131136858","131137147","KN294325v1","986307","986615","54","130150551"
"chr3","131151729","131152022","KN296747v1","35746","36041","32","131115983"
"chr3","131200885","131201185","KN295983v1","1536250","1536551","32","129664635"
"chr3","131273416","131273710","KN295883v1","334055","334349","39","130939361"
"chr3","131390708","131391004","KN294561v1","810685","810981","32","130580023"
"chr3","131434213","131434526","KN295667v1","1687893","1688204","41","129746320"
"chr3","131598094","131598174","KN294372v1","1894381","1894457","16","129703713"
"chr3","131704661","131704975","KN295893v1","2958350","2958666","47","128746311"
"chr3","131958601","131958889","KN296153v1","91872","92161","36","131866729"
"chr3","131968160","131968468","KN294713v1","229498","229805","29","131738662"
"chr3","131994738","131995028","KN294713v1","253283","253575","27","131741455"
"chr3","132017987","132018158","KN296244v1","1009119","1009288","22","131008868"
"chr3","132018159","132018451","KN297095v1","1570174","1570460","52","130447985"
"chr3","132045575","132045869","KN296682v1","1906340","1906636","38","130139235"
"chr3","132055474","132055782","KN294387v1","2599087","2599393","40","129456387"
"chr3","132058654","132058959","KN294387v1","2599087","2599393","39","129459567"
"chr3","132059434","132059734","KN294325v1","986307","986615","44","131073127"
"chr3","132062344","132062640","KN295825v1","1953498","1953787","39","130108846"
"chr3","132075573","132075858","KN294713v1","326988","327279","28","131748585"
"chr3","132092188","132092484","KN294713v1","362175","362481","31","131730013"
"chr3","132101345","132101655","KN297158v1","608865","609176","39","131492480"
"chr3","132117346","132117485","KN294842v1","466274","466425","26","131651072"
"chr3","132175476","132175779","KN296934v1","897698","898003","40","131277778"
"chr3","132181955","132182254","KN296153v1","3677943","3678242","34","128504012"
"chr3","132197404","132197704","KN294385v1","18712","19011","32","132178692"
"chr3","132245921","132246063","KN294668v1","2179035","2179176","14","130066886"
"chr3","132247156","132247407","KN294527v1","91066","91318","34","132156090"
"chr3","132281463","132281765","KN296934v1","897698","898003","34","131383765"
"chr3","132299172","132299454","KN294713v1","544599","544887","37","131754573"
"chr3","132324014","132324312","KN295523v1","2971379","2971678","37","129352635"
"chr3","132330228","132330514","KN294713v1","578141","578446","36","131752087"
"chr3","132369231","132369526","KN294713v1","619151","619452","27","131750080"
"chr3","132390444","132390713","KN294991v1","255223","255495","41","132135221"
"chr3","132395411","132395703","KN295459v1","1614660","1614952","33","130780751"
"chr3","132438737","132439043","KN294713v1","679833","680136","27","131758904"
"chr3","132494235","132494458","KN296732v1","3336179","3336402","38","129158056"
"chr3","132498656","132498964","KN295034v1","63947","64249","44","132434709"
"chr3","132535274","132535596","KN296719v1","292829","293137","49","132242445"
"chr3","132556724","132557019","KN294713v1","794089","794386","26","131762635"
"chr3","132572889","132573182","KN296153v1","3677943","3678242","39","128894946"
"chr3","132612471","132612673","KN294713v1","858397","858601","17","131754074"
"chr3","132623502","132623816","KN294728v1","1530565","1530875","40","131092937"
"chr3","132631579","132631861","KN295406v1","608798","609081","54","132022781"
"chr3","132669455","132669764","KN295406v1","214517","214825","38","132454938"
"chr3","132673471","132673787","KN297276v1","260802","261098","47","132412669"
"chr3","132677337","132677640","KN296865v1","906008","906304","39","131771329"
"chr3","132721873","132722176","KN294713v1","965373","965664","37","131756500"
"chr3","132843675","132843984","KN295667v1","1687893","1688204","49","131155782"
"chr3","132978593","132978895","KN295605v1","712558","712868","41","132266035"
"chr3","133066439","133066730","KN294385v1","101695","101993","32","132964744"
"chr3","133110712","133111008","KN294269v1","637639","637939","46","132473073"
"chr3","133234612","133234917","KN297323v1","176102","176406","24","133058510"
"chr3","133317845","133318161","KN294372v1","2421304","2421611","40","130896541"
"chr3","133320756","133321064","KN295667v1","1687893","1688204","35","131632863"
"chr3","133363935","133364236","KN296079v1","899464","899762","32","132464471"
"chr3","133378122","133378438","KN297046v1","1801264","1801572","42","131576858"
"chr3","133431505","133431802","KN294513v1","735571","735866","46","132695934"
"chr3","133495159","133495229","KN294713v1","1019322","1019391","15","132475837"
"chr3","133516964","133517255","KN295449v1","720465","720757","29","132796499"
"chr3","133523654","133523963","KN295114v1","20941","21251","35","133502713"
"chr3","133538184","133538492","KN297105v1","3144860","3145161","47","130393324"
"chr3","133543862","133544137","KN296677v1","273898","274172","45","133269964"
"chr3","133553195","133553498","KN295090v1","1657716","1658013","43","131895479"
"chr3","133574499","133574652","KN295605v1","445868","446021","29","133128631"
"chr3","133586870","133587194","KN296315v1","684453","684771","53","132902417"
"chr3","133766719","133767025","KN295236v1","3424373","3424682","41","130342346"
"chr3","134132554","134132848","KN296726v1","212753","213045","31","133919801"
"chr3","134349030","134349341","KN294717v1","373979","374286","36","133975051"
"chr3","134382968","134383265","KN294493v1","1779217","1779514","36","132603751"
"chr3","134421929","134422206","KN295995v1","945650","945923","47","133476279"
"chr3","134876858","134877163","KN294717v1","373979","374286","43","134502879"
"chr3","135223553","135223777","KN294992v1","218793","219017","42","135004760"
"chr3","135357406","135357687","KN295607v1","4402317","4402604","39","130955089"
"chr3","135482097","135482367","KN294269v1","1134000","1134277","35","134348097"
"chr3","135696469","135696771","KN296153v1","3677943","3678242","34","132018526"
"chr3","135778191","135778511","KN294433v1","482950","483258","41","135295241"
"chr3","135779309","135779620","KN294644v1","354469","354764","46","135424840"
"chr3","135823332","135823635","KN294717v1","373979","374286","31","135449353"
"chr3","136068093","136068303","KN294493v1","171605","171816","15","135896488"
"chr3","136086800","136087109","KN294172v1","4761492","4761794","34","131325308"
"chr3","136199886","136200182","KN296365v1","113780","114072","38","136086106"
"chr3","136398180","136398283","KN295540v1","147120","147219","14","136251060"
"chr3","136425025","136425241","KN294978v1","1189593","1189804","36","135235432"
"chr3","136618900","136619194","KN294166v1","3148","3439","40","136615752"
"chr3","136745517","136745816","KN295362v1","1024505","1024804","41","135721012"
"chr3","136940895","136941168","KN295671v1","101483","101768","41","136839412"
"chr3","136943133","136943404","KN295523v1","4195930","4196206","53","132747203"
"chr3","137000101","137000377","KN294723v1","66031","66306","40","136934070"
"chr3","137001043","137001342","KN295112v1","343212","343513","35","136657831"
"chr3","137003341","137003642","KN294662v1","79885","80185","36","136923456"
"chr3","137004080","137004370","KN296100v1","743244","743534","46","136260836"
"chr3","137012669","137012968","KN297445v1","1326382","1326677","47","135686287"
"chr3","137067080","137067387","KN295984v1","868891","869195","34","136198189"
"chr3","137079674","137079989","KN295667v1","1893941","1894247","44","135185733"
"chr3","137080290","137080584","KN296732v1","2013890","2014190","40","135066400"
"chr3","137088212","137088523","KN295263v1","261371","261683","39","136826841"
"chr3","137089053","137089344","KN294536v1","1607732","1608024","39","135481321"
"chr3","137121394","137121685","KN294848v1","1408889","1409183","37","135712505"
"chr3","137160955","137161260","KN295350v1","243779","244085","38","136917176"
"chr3","137215197","137215496","KN295315v1","360280","360581","30","136854917"
"chr3","137511949","137512253","KN294790v1","1555084","1555390","38","135956865"
"chr3","137750284","137750592","KN295825v1","3406602","3406912","28","134343682"
"chr3","137791349","137791660","KN295825v1","3366816","3367117","30","134424533"
"chr3","137936790","137937082","KN296505v1","349884","350174","31","137586906"
"chr3","137940184","137940487","KN295550v1","1007565","1007867","40","136932619"
"chr3","138093457","138093756","KN295825v1","3056228","3056534","31","135037229"
"chr3","138300542","138300838","KN294462v1","73428","73721","28","138227114"
"chr3","138526723","138527026","KN294387v1","2599087","2599393","35","135927636"
"chr3","138725612","138725919","KN295825v1","2450941","2451246","19","136274671"
"chr3","138727971","138728260","KN296609v1","605910","606202","40","138122061"
"chr3","138974656","138974918","KN296980v1","122450","122716","39","138852206"
"chr3","139008470","139008774","KN295825v1","2193488","2193781","34","136814982"
"chr3","139065742","139066040","KN295825v1","2137137","2137434","27","136928605"
"chr3","139268129","139268414","KN295825v1","1953498","1953787","28","137314631"
"chr3","139424035","139424346","KN297133v1","419676","419981","38","139004359"
"chr3","139573009","139573291","KN295523v1","4195930","4196206","33","135377079"
"chr3","139578135","139578440","KN295667v1","1687893","1688204","30","137890242"
"chr3","139619732","139620029","KN295825v1","1604319","1604607","24","138015413"
"chr3","139681562","139681867","KN294536v1","1195413","1195715","34","138486149"
"chr3","139697748","139698065","KN295257v1","443937","444244","53","139253811"
"chr3","139736780","139737070","KN297323v1","670053","670346","39","139066727"
"chr3","139779455","139779760","KN295825v1","1444090","1444395","24","138335365"
"chr3","139795833","139795904","KN296308v1","1162408","1162477","11","138633425"
"chr3","139830728","139831019","KN295825v1","1387642","1387937","31","138443086"
"chr3","139890196","139890501","KN295984v1","1817258","1817560","40","138072938"
"chr3","139957865","139958159","KN294161v1","265801","266094","38","139692064"
"chr3","139989025","139989317","KN294713v1","253283","253575","34","139735742"
"chr3","140026684","140026982","KN294399v1","151738","152035","33","139874946"
"chr3","140053940","140054219","KN294705v1","784606","784890","38","139269334"
"chr3","140073330","140073626","KN295825v1","1148909","1149207","22","138924421"
"chr3","140086277","140086519","KN295825v1","1135575","1135803","38","138950702"
"chr3","140086598","140086898","KN295825v1","1135195","1135500","32","138951403"
"chr3","140110954","140111234","KN295825v1","1108920","1109216","41","139002034"
"chr3","140111852","140112163","KN295825v1","1108513","1108808","50","139003339"
"chr3","140112517","140112809","KN295825v1","1107882","1108192","40","139004635"
"chr3","140159896","140160205","KN297153v1","1366929","1367240","32","138792967"
"chr3","140162009","140162320","KN294172v1","4761492","4761794","40","135400517"
"chr3","140181011","140181310","KN296934v1","897698","898003","46","139283313"
"chr3","140225318","140225608","KN296253v1","54382","54672","38","140170936"
"chr3","140242912","140243200","KN295825v1","970563","970847","24","139272349"
"chr3","140285915","140286110","KN295825v1","932380","932569","17","139353535"
"chr3","140313482","140313771","KN296371v1","212227","212520","40","140101255"
"chr3","140333232","140333527","KN295825v1","880466","880767","40","139452766"
"chr3","140338533","140338835","KN296040v1","733119","733420","32","139605414"
"chr3","140359176","140359471","KN295825v1","855500","855801","37","139503676"
"chr3","140411179","140411488","KN296495v1","382062","382369","36","140029117"
"chr3","140426988","140427274","KN295825v1","783844","784139","32","139643144"
"chr3","140502737","140503038","KN294848v1","1408889","1409183","42","139093848"
"chr3","140514341","140514643","KN295294v1","842343","842650","49","139671998"
"chr3","140593328","140593611","KN295825v1","609659","609951","35","139983669"
"chr3","140652893","140653212","KN294717v1","373979","374286","40","140278914"
"chr3","140727045","140727179","KN296635v1","1644884","1645014","17","139082161"
"chr3","141009324","141009620","KN295825v1","187542","187828","31","140821782"
"chr3","141136189","141136482","KN294739v1","616485","616779","34","140519704"
"chr3","141325336","141325637","KN295907v1","1094755","1095050","44","140230581"
"chr3","141444643","141444774","KN295045v1","1398170","1398297","15","140046473"
"chr3","141623829","141624132","KN295441v1","1302687","1302990","37","140321142"
"chr3","141638599","141638900","KN295497v1","449862","450160","23","141188737"
"chr3","141674612","141674923","KN294848v1","1046524","1046833","36","140628088"
"chr3","141680708","141681016","KN295692v1","998365","998674","38","140682343"
"chr3","141681281","141681587","KN295497v1","489652","489951","32","141191629"
"chr3","141706013","141706314","KN295497v1","515077","515384","41","141190936"
"chr3","141708058","141708360","KN295497v1","516819","517103","43","141191239"
"chr3","141709615","141709904","KN295346v1","1070016","1070309","38","140639599"
"chr3","141805649","141805957","KN294717v1","373979","374286","34","141431670"
"chr3","141808516","141808825","KN297159v1","1303814","1304123","37","140504702"
"chr3","141831767","141832062","KN295996v1","997185","997479","33","140834582"
"chr3","141859500","141859651","KN294467v1","133745","133899","20","141725755"
"chr3","141908575","141908877","KN296153v1","3677943","3678242","30","138230632"
"chr3","141936487","141936773","KN295497v1","752209","752501","32","141184278"
"chr3","141963771","141964072","KN295497v1","784852","785155","20","141178919"
"chr3","141970027","141970345","KN294365v1","1401774","1402095","53","140568253"
"chr3","142004041","142004321","KN295497v1","828873","829155","18","141175168"
"chr3","142066453","142066755","KN294705v1","1409555","1409859","34","140656898"
"chr3","142067558","142067837","KN295729v1","1077001","1077280","39","140990557"
"chr3","142097731","142098031","KN296117v1","30688","30997","33","142067043"
"chr3","142130058","142130367","KN296117v1","61986","62289","27","142068072"
"chr3","142155459","142155566","KN294850v1","160848","160948","17","141994611"
"chr3","142155870","142156177","KN296588v1","1228829","1229131","39","140927041"
"chr3","142185283","142185456","KN294172v1","1177466","1177645","40","141007817"
"chr3","142185481","142185782","KN296117v1","115973","116268","32","142069508"
"chr3","142194748","142195049","KN294662v1","79885","80185","35","142114863"
"chr3","142213409","142213709","KN296117v1","143218","143509","50","142070191"
"chr3","142243448","142243746","KN296117v1","176417","176716","36","142067031"
"chr3","142295890","142296194","KN296117v1","233907","234212","26","142061983"
"chr3","142306707","142306991","KN294842v1","1292189","1292485","42","141014518"
"chr3","142312974","142313285","KN296117v1","251513","251822","33","142061461"
"chr3","142329111","142329405","KN294462v1","73428","73721","28","142255683"
"chr3","142336431","142336732","KN295983v1","1664954","1665256","39","140671477"
"chr3","142347110","142347414","KN296381v1","74782","75080","36","142272328"
"chr3","142348933","142349253","KN295854v1","881337","881653","42","141467596"
"chr3","142386789","142387088","KN295112v1","343212","343513","35","142043577"
"chr3","142392036","142392376","KN295984v1","1564317","1564662","62","140827719"
"chr3","142413253","142413556","KN294365v1","795012","795312","41","141618241"
"chr3","142422423","142422650","KN296117v1","359407","359641","26","142063016"
"chr3","142422682","142422992","KN296117v1","359673","359981","32","142063009"
"chr3","142443084","142443253","KN294172v1","3929155","3929322","19","138513929"
"chr3","142532097","142532398","KN296096v1","3183138","3183434","37","139348959"
"chr3","142535321","142535614","KN296117v1","473245","473542","23","142062076"
"chr3","142557224","142557538","KN295022v1","123209","123517","51","142434015"
"chr3","142567193","142567493","KN296117v1","509949","510248","21","142057244"
"chr3","142747055","142747350","KN295923v1","520307","520606","32","142226748"
"chr3","143036911","143037239","KN294964v1","503039","503366","54","142533872"
"chr3","143049469","143049777","KN294208v1","853291","853593","43","142196178"
"chr3","143055656","143055956","KN295854v1","1466288","1466586","39","141589368"
"chr3","143129285","143129575","KN296225v1","172068","172362","44","142957217"
"chr3","143260847","143261138","KN294407v1","815182","815470","40","142445665"
"chr3","143304821","143305134","KN296743v1","427898","428203","49","142876923"
"chr3","143317782","143318063","KN297229v1","921644","921926","34","142396138"
"chr3","143453923","143454236","KN294668v1","2004094","2004404","42","141449829"
"chr3","143885808","143886115","KN296263v1","684495","684804","30","143201313"
"chr3","143944397","143944695","KN295729v1","1473593","1473887","35","142470804"
"chr3","143983772","143984053","KN296435v1","3246212","3246499","38","140737560"
"chr3","144175637","144175935","KN295352v1","487966","488265","46","143687671"
"chr3","144374530","144374825","KN297314v1","117021","117312","33","144257509"
"chr3","144447964","144448247","KN294444v1","38062","38349","37","144409902"
"chr3","144465087","144465373","KN296158v1","196062","196359","40","144269025"
"chr3","144475159","144475455","KN295523v1","3974463","3974753","37","140500696"
"chr3","144494854","144495174","KN294264v1","371563","371884","47","144123291"
"chr3","144537589","144537687","KN295159v1","1120354","1120456","22","143417235"
"chr3","144985490","144985772","KN294187v1","382066","382351","37","144603424"
"chr3","144987178","144987490","KN294717v1","373979","374286","41","144613199"
"chr3","145034426","145034733","KN294378v1","1624240","1624547","34","143410186"
"chr3","145071199","145071507","KN296042v1","627408","627715","35","144443791"
"chr3","145142785","145143084","KN294416v1","208870","209165","31","144933915"
"chr3","145163340","145163642","KN295983v1","1536250","1536551","33","143627090"
"chr3","145192405","145192707","KN297046v1","2562618","2562921","42","142629787"
"chr3","145205122","145205428","KN296934v1","897698","898003","41","144307424"
"chr3","145250799","145251108","KN297219v1","2007419","2007720","37","143243380"
"chr3","145288463","145288763","KN295236v1","4546402","4546707","33","140742061"
"chr3","145305534","145305829","KN296747v1","35746","36041","39","145269788"
"chr3","145375956","145376262","KN294717v1","373979","374286","41","145001977"
"chr3","145399442","145399731","KN295962v1","1793684","1793973","34","143605758"
"chr3","145404878","145405175","KN295869v1","284557","284865","39","145120321"
"chr3","145424530","145424831","KN295236v1","1764741","1765042","34","143659789"
"chr3","145452751","145453050","KN295984v1","974577","974872","45","144478174"
"chr3","145457292","145457595","KN296040v1","733119","733420","32","144724173"
"chr3","145459937","145460232","KN295371v1","618689","618982","34","144841248"
"chr3","145490059","145490359","KN294407v1","93660","93961","42","145396399"
"chr3","145514688","145514965","KN294633v1","168403","168684","36","145346285"
"chr3","145549815","145550116","KN294831v1","247548","247851","36","145302267"
"chr3","145572881","145573190","KN294181v1","930133","930441","28","144642748"
"chr3","145623946","145624258","KN296580v1","3502","3804","34","145620444"
"chr3","145648928","145649234","KN294717v1","373979","374286","34","145274949"
"chr3","145649616","145649919","KN295034v1","63947","64249","38","145585669"
"chr3","145655009","145655303","KN297230v1","1127269","1127564","27","144527740"
"chr3","145742416","145742692","KN295666v1","1382237","1382512","55","144360179"
"chr3","145764086","145764396","KN295601v1","1037402","1037708","41","144726684"
"chr3","145875794","145876103","KN295114v1","20941","21251","35","145854853"
"chr3","145901415","145901721","KN296138v1","388568","388863","44","145512847"
"chr3","146007781","146008073","KN295449v1","720465","720757","35","145287316"
"chr3","146083706","146084001","KN294926v1","37640","37935","33","146046066"
"chr3","146161795","146162094","KN294842v1","1112068","1112365","35","145049727"
"chr3","146213717","146214049","KN296296v1","12289","12600","52","146201428"
"chr3","146224179","146224479","KN294365v1","795012","795312","32","145429167"
"chr3","146231549","146231855","KN296682v1","4492975","4493279","37","141738574"
"chr3","146235809","146236106","KN295984v1","2017502","2017807","28","144218307"
"chr3","146332615","146332913","KN295803v1","169773","170066","54","146162842"
"chr3","146342006","146342306","KN295523v1","296488","296786","33","146045518"
"chr3","146447119","146447368","KN296187v1","288604","288853","35","146158515"
"chr3","146460215","146460529","KN297038v1","2343556","2343866","37","144116659"
"chr3","146470544","146470805","KN297219v1","2564555","2564824","33","143905989"
"chr3","146508294","146508583","KN294240v1","20402","20708","56","146487892"
"chr3","146525598","146525874","KN294224v1","265841","266117","41","146259757"
"chr3","146567083","146567263","KN297095v1","2224633","2224816","25","144342450"
"chr3","146573853","146574174","KN297046v1","2791168","2791468","53","143782685"
"chr3","146576974","146577275","KN296381v1","91265","91569","39","146485709"
"chr3","146621685","146621979","KN295236v1","3672786","3673083","39","142948899"
"chr3","146678324","146678631","KN295580v1","1390","1690","40","146676934"
"chr3","146721898","146722186","KN297314v1","117021","117312","39","146604877"
"chr3","146747017","146747311","KN295319v1","147659","147950","35","146599358"
"chr3","146817272","146817582","KN295523v1","923521","923832","30","145893751"
"chr3","146993968","146994200","KN294325v1","1309870","1310113","50","145684098"
"chr3","147149323","147149613","KN294147v1","1832706","1832995","35","145316617"
"chr3","147362224","147362530","KN295667v1","1796551","1796859","39","145565673"
"chr3","147758582","147758896","KN294966v1","58498","58811","40","147700084"
"chr3","147934099","147934411","KN296959v1","76119","76425","42","147857980"
"chr3","147960121","147960442","KN294444v1","165242","165552","43","147794879"
"chr3","148378528","148378826","KN295090v1","1657716","1658013","32","146720812"
"chr3","148426759","148427069","KN294717v1","373979","374286","38","148052780"
"chr3","148456176","148456494","KN294439v1","261107","261420","45","148195069"
"chr3","148578252","148578495","KN294325v1","1309870","1310113","37","147268382"
"chr3","148688073","148688387","KN295350v1","243779","244085","41","148444294"
"chr3","148824190","148824418","KN297227v1","970859","971093","45","147853331"
"chr3","148845886","148846187","KN294911v1","1972976","1973275","38","146872910"
"chr3","149012274","149012580","KN297317v1","20735","21043","51","148991539"
"chr3","149224714","149225018","KN295550v1","1007565","1007867","40","148217149"
"chr3","149270611","149270909","KN294588v1","1492426","1492725","38","147778185"
"chr3","149445574","149445757","KN296079v1","832483","832663","37","148613091"
"chr3","149712062","149712364","KN295354v1","135435","135738","41","149576627"
"chr3","149804812","149805106","KN296809v1","750243","750541","31","149054569"
"chr3","149958829","149959126","KN295995v1","1426233","1426527","29","148532596"
"chr3","150060335","150060640","KN297133v1","419676","419981","34","149640659"
"chr3","150131464","150131755","KN295525v1","741861","742160","30","149389603"
"chr3","150500024","150500327","KN297153v1","1366929","1367240","42","149133095"
"chr3","150568659","150568951","KN294911v1","3820095","3820391","39","146748564"
"chr3","150612332","150612625","KN295525v1","254599","254907","45","150357733"
"chr3","150791025","150791330","KN295525v1","71160","71456","48","150719865"
"chr3","150888925","150889230","KN295869v1","1600562","1600871","36","149288363"
"chr3","150951228","150951515","KN297165v1","1143723","1144010","34","149807505"
"chr3","150953493","150953796","KN296004v1","29555","29853","41","150923938"
"chr3","150958329","150958585","KN294540v1","886155","886414","35","150072174"
"chr3","150979241","150979547","KN294407v1","2595440","2595750","33","148383801"
"chr3","151182636","151182936","KN295096v1","2124655","2124956","34","149057981"
"chr3","151423491","151423803","KN295984v1","1146437","1146743","37","150277054"
"chr3","151452472","151452778","KN295983v1","1536250","1536551","43","149916222"
"chr3","151566554","151566847","KN296682v1","4737645","4737934","54","146828909"
"chr3","151627847","151628177","KN295176v1","34358","34673","52","151593489"
"chr3","151709382","151709692","KN294741v1","957024","957333","44","150752358"
"chr3","151870799","151871096","KN296404v1","106219","106515","33","151764580"
"chr3","152052552","152052863","KN295995v1","165168","165480","36","151887384"
"chr3","152063185","152063470","KN294733v1","316989","317272","33","151746196"
"chr3","152267411","152267721","KN297374v1","61845","62154","42","152205566"
"chr3","152387456","152387765","KN296297v1","4771","5081","32","152382685"
"chr3","152547668","152547976","KN296357v1","706115","706421","37","151841553"
"chr3","152572399","152572688","KN297313v1","731995","732289","34","151840404"
"chr3","152646918","152647212","KN294758v1","374673","374971","28","152272245"
"chr3","152697276","152697553","KN296485v1","477078","477358","40","152220198"
"chr3","152709091","152709402","KN297313v1","861205","861517","25","151847886"
"chr3","152713589","152713885","KN294385v1","18712","19011","39","152694877"
"chr3","152718349","152718653","KN295605v1","621515","621818","39","152096834"
"chr3","152771844","152772145","KN296738v1","137767","138070","32","152634077"
"chr3","152794739","152795019","KN297313v1","951760","952040","12","151842979"
"chr3","152901463","152901751","KN296153v1","91872","92161","38","152809591"
"chr3","152906944","152907261","KN295114v1","20941","21251","46","152886003"
"chr3","153142058","153142353","KN296096v1","3183138","3183434","36","149958920"
"chr3","153153098","153153396","KN294287v1","675099","675397","29","152477999"
"chr3","153166192","153166501","KN294856v1","296536","296838","47","152869656"
"chr3","153202673","153202973","KN294467v1","346596","346896","41","152856077"
"chr3","153236281","153236580","KN295871v1","777953","778254","40","152458328"
"chr3","153246055","153246341","KN295117v1","309122","309411","37","152936933"
"chr3","153270389","153270679","KN294181v1","810707","811001","34","152459682"
"chr3","153293290","153293593","KN295350v1","728248","728552","34","152565042"
"chr3","153305311","153305614","KN296176v1","429663","429967","41","152875648"
"chr3","153332752","153333044","KN294399v1","151738","152035","38","153181014"
"chr3","153334650","153334955","KN294790v1","1007547","1007843","37","152327103"
"chr3","153348438","153348746","KN294387v1","2599087","2599393","39","150749351"
"chr3","153365735","153366040","KN295907v1","184749","185051","40","153180986"
"chr3","153391052","153391339","KN294287v1","843227","843524","42","152547825"
"chr3","153573675","153573968","KN296649v1","177673","177964","29","153396002"
"chr3","153654922","153655229","KN294717v1","373979","374286","36","153280943"
"chr3","153667888","153668177","KN296281v1","292390","292687","41","153375498"
"chr3","153698014","153698307","KN294705v1","1917320","1917612","30","151780694"
"chr3","153912430","153912738","KN294292v1","136185","136494","37","153776245"
"chr3","153929745","153929941","KN295633v1","2374600","2374789","34","151555145"
"chr3","153962969","153963204","KN294992v1","218793","219017","44","153744176"
"chr3","154016879","154017188","KN295667v1","1687893","1688204","38","152328986"
"chr3","154028224","154028524","KN295983v1","1536250","1536551","39","152491974"
"chr3","154054173","154054486","KN294558v1","467366","467681","43","153586807"
"chr3","154059491","154059791","KN296620v1","1102789","1103091","19","152956702"
"chr3","154072614","154072909","KN296620v1","1089402","1089696","27","152983212"
"chr3","154094235","154094532","KN296620v1","1068773","1069072","25","153025462"
"chr3","154098679","154098964","KN296620v1","1064314","1064607","25","153034365"
"chr3","154118681","154118779","KN296620v1","1044525","1044623","6","153074156"
"chr3","154129615","154129915","KN296620v1","1032914","1033217","29","153096701"
"chr3","154142792","154143093","KN294662v1","79885","80185","37","154062907"
"chr3","154215065","154215372","KN294387v1","2599087","2599393","40","151615978"
"chr3","154223645","154223952","KN295114v1","20941","21251","35","154202704"
"chr3","154229968","154230288","KN296311v1","2385206","2385523","38","151844762"
"chr3","154260546","154260827","KN297229v1","921644","921926","37","153338902"
"chr3","154356695","154356982","KN294172v1","6707103","6707396","36","147649592"
"chr3","154404222","154404494","KN294325v1","228000","228280","43","154176222"
"chr3","154465349","154465650","KN295580v1","1390","1690","39","154463959"
"chr3","154496015","154496306","KN295248v1","864102","864388","42","153631913"
"chr3","154738697","154738993","KN296620v1","416324","416620","31","154322373"
"chr3","154879254","154879548","KN296620v1","279599","279890","27","154599655"
"chr3","155033031","155033341","KN294372v1","2180211","2180523","36","152852820"
"chr3","155068560","155068858","KN295977v1","1428380","1428678","34","153640180"
"chr3","155132604","155132902","KN296205v1","646941","647234","40","154485663"
"chr3","155235257","155235554","KN295573v1","533265","533557","29","154701992"
"chr3","155323847","155324134","KN294239v1","223903","224191","36","155099944"
"chr3","155330429","155330725","KN296883v1","2840717","2841010","32","152489712"
"chr3","155401668","155401969","KN296934v1","897698","898003","39","154503970"
"chr3","155495333","155495630","KN297197v1","3985014","3985309","33","151510319"
"chr3","155548191","155548426","KN294486v1","585631","585878","48","154962560"
"chr3","155564880","155565197","KN297190v1","4506397","4506693","61","151058483"
"chr3","155637948","155638220","KN296311v1","1163187","1163461","46","154474761"
"chr3","155759501","155759801","KN294758v1","2189671","2189970","44","153569830"
"chr3","155811385","155811679","KN294365v1","831526","831823","38","154979859"
"chr3","155823861","155824167","KN295705v1","263622","263929","37","155560239"
"chr3","155924451","155924665","KN296934v1","764213","764429","35","155160238"
"chr3","156406723","156406945","KN294407v1","2792647","2792885","57","153614076"
"chr3","156407418","156407469","KN295102v1","235554","235602","10","156171864"
"chr3","156509713","156510027","KN296884v1","419699","419998","30","156090014"
"chr3","156662787","156663043","KN294540v1","886155","886414","30","155776632"
"chr3","156708111","156708412","KN296884v1","224760","225061","32","156483351"
"chr3","156721931","156722220","KN296884v1","213555","213851","24","156508376"
"chr3","156750828","156751143","KN294239v1","1878400","1878713","36","154872428"
"chr3","156751677","156751975","KN294499v1","2388373","2388665","41","154363304"
"chr3","156765412","156765725","KN296884v1","171448","171761","36","156593964"
"chr3","156787654","156787934","KN296884v1","149634","149914","22","156638020"
"chr3","156792740","156793040","KN296908v1","483888","484187","44","156308852"
"chr3","156800945","156801244","KN296287v1","46583","46877","38","156754362"
"chr3","156802102","156802401","KN296311v1","3721408","3721707","37","153080694"
"chr3","156809312","156809609","KN294662v1","268123","268414","36","156541189"
"chr3","156819393","156819629","KN296884v1","121425","121647","24","156697968"
"chr3","156821498","156821804","KN295480v1","1386203","1386502","34","155435295"
"chr3","156827242","156827543","KN296884v1","105704","106017","29","156721538"
"chr3","156841870","156842170","KN297390v1","1640938","1641250","44","155200932"
"chr3","156855737","156856041","KN294873v1","1327978","1328280","34","155527759"
"chr3","156990528","156990836","KN296833v1","343804","344118","29","156646724"
"chr3","157015102","157015377","KN296205v1","922138","922412","39","156092964"
"chr3","157028096","157028392","KN295350v1","405055","405352","36","156623041"
"chr3","157122926","157123231","KN296317v1","72","378","41","157122854"
"chr3","157248439","157248710","KN297231v1","104063","104331","21","157144376"
"chr3","157351907","157352213","KN297231v1","203972","204274","26","157147935"
"chr3","157597462","157597758","KN295854v1","367743","368038","36","157229719"
"chr3","157703088","157703389","KN295474v1","973205","973501","43","156729883"
"chr3","158379972","158380267","KN296623v1","753822","754118","36","157626150"
"chr3","158434456","158434609","KN296381v1","14948","15105","24","158419508"
"chr3","158585875","158586176","KN295236v1","1764741","1765042","41","156821134"
"chr3","158588113","158588401","KN294251v1","2057577","2057867","42","156530536"
"chr3","158603079","158603364","KN296877v1","495365","495644","36","158107714"
"chr3","158726034","158726316","KN296306v1","883522","883801","39","157842512"
"chr3","158743669","158743966","KN297367v1","171251","171554","34","158572418"
"chr3","158758413","158758708","KN294407v1","1062108","1062407","43","157696305"
"chr3","158779127","158779259","KN294161v1","986457","986585","17","157792670"
"chr3","158789935","158790241","KN295667v1","1687893","1688204","52","157102042"
"chr3","158844187","158844487","KN296153v1","3677943","3678242","31","155166244"
"chr3","158851284","158851597","KN296818v1","86863","87164","29","158764421"
"chr3","158935845","158936158","KN296818v1","10742","11049","35","158925103"
"chr3","159005225","159005528","KN296934v1","897698","898003","36","158107527"
"chr3","159109942","159110248","KN295236v1","3424373","3424682","34","155685569"
"chr3","159201894","159202194","KN297159v1","1901772","1902072","34","157300122"
"chr3","159229730","159230030","KN294758v1","2189671","2189970","39","157040059"
"chr3","159279395","159279616","KN295633v1","669449","669671","34","158609946"
"chr3","159309618","159309903","KN297343v1","1643523","1643812","40","157666095"
"chr3","159324357","159324652","KN294161v1","265801","266094","33","159058556"
"chr3","159336579","159336879","KN294378v1","46646","46948","39","159289933"
"chr3","159425552","159425863","KN295987v1","69005","69316","31","159356547"
"chr3","159430990","159431300","KN294410v1","449241","449552","39","158981749"
"chr3","159483513","159483777","KN295090v1","1314407","1314676","42","158169106"
"chr3","159495842","159496012","KN295987v1","144901","145072","17","159350941"
"chr3","159503792","159504090","KN296588v1","813149","813445","61","158690643"
"chr3","159537192","159537493","KN294387v1","2146654","2146956","31","157390538"
"chr3","159543671","159543897","KN295987v1","196206","196434","23","159347465"
"chr3","159546243","159546549","KN295987v1","199197","199515","37","159347046"
"chr3","159548890","159549198","KN296263v1","684495","684804","34","158864395"
"chr3","159581309","159581623","KN295114v1","20941","21251","36","159560368"
"chr3","159603129","159603430","KN295987v1","271009","271318","27","159332120"
"chr3","159604633","159604939","KN295987v1","272518","272825","25","159332115"
"chr3","159625029","159625325","KN295987v1","294061","294345","39","159330968"
"chr3","159629068","159629371","KN294457v1","1379597","1379899","32","158249471"
"chr3","159655352","159655645","KN295987v1","327310","327593","31","159328042"
"chr3","159721191","159721521","KN295893v1","1737842","1738165","52","157983349"
"chr3","159827445","159827735","KN295487v1","96031","96319","38","159731414"
"chr3","159850484","159850786","KN295987v1","533563","533868","26","159316921"
"chr3","159852669","159852970","KN294662v1","79885","80185","39","159772784"
"chr3","159963265","159963568","KN294456v1","96834","97129","42","159866431"
"chr3","160301288","160301583","KN296682v1","1906340","1906636","30","158394948"
"chr3","160740480","160740779","KN296424v1","617439","617738","37","160123041"
"chr3","160845740","160846054","KN295906v1","230171","230481","37","160615569"
"chr3","160908829","160909128","KN297008v1","6107050","6107363","54","154801779"
"chr3","161102952","161103235","KN295987v1","1839037","1839320","23","159263915"
"chr3","161174000","161174295","KN295987v1","1910716","1911019","31","159263284"
"chr3","161354161","161354488","KN295607v1","4157862","4158184","62","157196299"
"chr3","161372023","161372199","KN295236v1","5187090","5187265","23","156184933"
"chr3","161589779","161590107","KN295893v1","3789928","3790262","46","157799851"
"chr3","161592397","161592720","KN297164v1","62488","62803","60","161529909"
"chr3","161613980","161614300","KN296935v1","305173","305492","34","161308807"
"chr3","161726166","161726454","KN296935v1","393942","394233","36","161332224"
"chr3","161876394","161876668","KN295350v1","636567","636846","37","161239827"
"chr3","161902130","161902431","KN294365v1","795012","795312","32","161107118"
"chr3","162019028","162019324","KN294911v1","3820095","3820391","35","158198933"
"chr3","162194262","162194553","KN295721v1","197604","197890","38","161996658"
"chr3","162242511","162242807","KN297019v1","1233639","1233939","35","161008872"
"chr3","162311303","162311594","KN296242v1","1008644","1008930","31","161302659"
"chr3","162332564","162332879","KN295320v1","1381801","1382117","46","160950763"
"chr3","162344072","162344382","KN294717v1","373979","374286","36","161970093"
"chr3","162413525","162413823","KN294172v1","4321534","4321833","33","158091991"
"chr3","162442833","162443029","KN294539v1","11762","11974","47","162431071"
"chr3","162544268","162544575","KN295236v1","4576569","4576870","42","157967699"
"chr3","162587310","162587616","KN296281v1","60300","60607","25","162527010"
"chr3","162827060","162827357","KN294588v1","1492426","1492725","31","161334634"
"chr3","162959774","162960084","KN297390v1","1640938","1641250","34","161318836"
"chr3","163051364","163051653","KN296242v1","286417","286716","30","162764947"
"chr3","163070739","163071035","KN294443v1","551005","551302","33","162519734"
"chr3","163188732","163189027","KN296242v1","148203","148498","28","163040529"
"chr3","163386272","163386547","KN294365v1","1393019","1393299","40","161993253"
"chr3","163395467","163395776","KN294187v1","1813627","1813934","41","161581840"
"chr3","163468244","163468552","KN296859v1","1719114","1719417","41","161749130"
"chr3","163478157","163478444","KN294911v1","2599604","2599883","51","160878553"
"chr3","163543725","163544032","KN297046v1","1801264","1801572","29","161742461"
"chr3","163544525","163544815","KN296108v1","64355","64653","31","163480170"
"chr3","163555406","163555702","KN296108v1","74858","75154","24","163480548"
"chr3","163652040","163652340","KN296108v1","171768","172072","28","163480272"
"chr3","163670317","163670617","KN296108v1","190482","190790","29","163479835"
"chr3","163698986","163699283","KN296108v1","224015","224324","42","163474971"
"chr3","163780457","163780700","KN295923v1","2244613","2244856","36","161535844"
"chr3","163783446","163783743","KN294561v1","296837","297132","35","163486609"
"chr3","163828164","163828473","KN295350v1","502867","503178","41","163325297"
"chr3","163837634","163837933","KN296108v1","348330","348630","35","163489304"
"chr3","163840186","163840485","KN296108v1","350880","351184","37","163489306"
"chr3","163844667","163844977","KN296732v1","2013890","2014190","47","161830777"
"chr3","163844978","163845288","KN296108v1","355575","355886","32","163489403"
"chr3","163848570","163848847","KN296108v1","360914","361174","38","163487656"
"chr3","163849393","163849704","KN296743v1","427898","428203","43","163421495"
"chr3","163856173","163856480","KN294365v1","1136703","1137005","38","162719470"
"chr3","163866179","163866311","KN294668v1","2179035","2179176","31","161687144"
"chr3","163908612","163908908","KN294662v1","79885","80185","35","163828727"
"chr3","163952878","163953129","KN296108v1","518659","518906","20","163434219"
"chr3","164265355","164265660","KN294717v1","373979","374286","35","163891376"
"chr3","164333544","164333839","KN296108v1","899057","899357","41","163434487"
"chr3","164446119","164446418","KN295651v1","2129952","2130251","43","162316167"
"chr3","164449149","164449386","KN295304v1","263352","263587","32","164185797"
"chr3","164504478","164504781","KN296108v1","1068241","1068547","46","163436237"
"chr3","164507167","164507455","KN295995v1","1426233","1426527","34","163080934"
"chr3","164572824","164573134","KN295923v1","1231839","1232151","29","163340985"
"chr3","164752049","164752353","KN296108v1","1327587","1327879","37","163424462"
"chr3","164778316","164778567","KN296795v1","168498","168753","49","164609818"
"chr3","164918339","164918642","KN294705v1","162642","162951","37","164755697"
"chr3","165083950","165084258","KN296108v1","1672189","1672494","31","163411761"
"chr3","165131800","165132093","KN294741v1","1658899","1659192","52","163472901"
"chr3","165151051","165151362","KN296108v1","1744398","1744710","26","163406653"
"chr3","165576517","165576820","KN294501v1","104788","105092","33","165471729"
"chr3","165596010","165596325","KN295059v1","336835","337145","41","165259175"
"chr3","166151421","166151722","KN296404v1","3895018","3895319","32","162256403"
"chr3","166478182","166478486","KN295388v1","37578","37880","35","166440604"
"chr3","166694430","166694746","KN294479v1","59449","59759","43","166634981"
"chr3","166718043","166718326","KN294510v1","5278","5564","31","166712765"
"chr3","166964303","166964606","KN295523v1","2519145","2519447","39","164445158"
"chr3","167266695","167266929","KN297278v1","336420","336653","21","166930275"
"chr3","167308251","167308551","KN295308v1","2100858","2101157","43","165207393"
"chr3","167330046","167330283","KN295601v1","3132066","3132314","48","164197980"
"chr3","167351564","167351858","KN294318v1","329742","330033","45","167021822"
"chr3","167443415","167443700","KN296119v1","3368813","3369111","48","164074602"
"chr3","167810311","167810624","KN295501v1","942969","943276","57","166867342"
"chr3","168151497","168151806","KN297019v1","1233639","1233939","48","166917858"
"chr3","168155577","168155854","KN296980v1","433309","433585","41","167722268"
"chr3","168157429","168157705","KN296980v1","433309","433585","40","167724120"
"chr3","168165622","168165932","KN295045v1","469620","469933","46","167696002"
"chr3","168178850","168179153","KN296153v1","3677943","3678242","37","164500907"
"chr3","168215941","168216166","KN297259v1","1555988","1556223","62","166659953"
"chr3","168242294","168242577","KN297313v1","705086","705370","45","167537208"
"chr3","168351967","168352263","KN296133v1","239214","239508","44","168112753"
"chr3","168374289","168374591","KN294536v1","1195413","1195715","37","167178876"
"chr3","168444339","168444638","KN294260v1","621951","622250","29","167822388"
"chr3","168816792","168817089","KN295320v1","27087","27386","30","168789705"
"chr3","168937612","168937908","KN296247v1","51316","51618","43","168886296"
"chr3","168948669","168948755","KN294251v1","2056929","2057009","27","166891740"
"chr3","169028061","169028381","KN295983v1","1536250","1536551","46","167491811"
"chr3","169285642","169285948","KN295114v1","20941","21251","39","169264701"
"chr3","169545857","169546163","KN295697v1","189742","190043","44","169356115"
"chr3","169578406","169578720","KN296486v1","1321060","1321367","47","168257346"
"chr3","169785403","169785705","KN295171v1","869545","869845","47","168915858"
"chr3","169913948","169914254","KN295057v1","559577","559877","53","169354371"
"chr3","169956401","169956491","KN294739v1","1092626","1092717","16","168863775"
"chr3","170297614","170297897","KN296588v1","819996","820280","53","169477618"
"chr3","170350202","170350321","KN295601v1","695524","695648","29","169654678"
"chr3","170383721","170384016","KN294536v1","1607732","1608024","36","168775989"
"chr3","170411817","170412127","KN297133v1","419676","419981","42","169992141"
"chr3","170822627","170822925","KN294842v1","1078091","1078388","35","169744536"
"chr3","170956474","170956773","KN295430v1","2568372","2568671","37","168388102"
"chr3","171079686","171079781","KN296406v1","518868","518960","19","170560818"
"chr3","171129889","171130202","KN297165v1","2960789","2961103","42","168169100"
"chr3","171222437","171222722","KN294229v1","275032","275309","41","170947405"
"chr3","171625476","171625765","KN297044v1","56927","57215","34","171568549"
"chr3","171635667","171635992","KN295034v1","1016601","1016912","48","170619066"
"chr3","171645237","171645546","KN295171v1","869545","869845","41","170775692"
"chr3","171893142","171893469","KN294739v1","260336","260663","54","171632806"
"chr3","171972154","171972464","KN296357v1","706115","706421","39","171266039"
"chr3","172213844","172214136","KN294713v1","229498","229805","59","171984346"
"chr3","172295699","172296005","KN295294v1","133861","134153","54","172161838"
"chr3","172302895","172303179","KN295441v1","1712359","1712645","48","170590536"
"chr3","172486951","172487276","KN294206v1","8727","9043","49","172478224"
"chr3","172663339","172663650","KN294387v1","2599087","2599393","33","170064252"
"chr3","172692224","172692492","KN297008v1","2640522","2640786","36","170051702"
"chr3","172697374","172697656","KN294172v1","2999478","2999758","45","169697896"
"chr3","172820701","172820993","KN294739v1","616485","616779","39","172204216"
"chr3","172858232","172858534","KN295501v1","1005257","1005557","39","171852975"
"chr3","172932131","172932431","KN295236v1","1764741","1765042","35","171167390"
"chr3","173084283","173084566","KN295090v1","1165047","1165331","28","171919236"
"chr3","173129341","173129615","KN294172v1","2999478","2999758","36","170129863"
"chr3","173256478","173256808","KN297019v1","1252637","1252941","77","172003841"
"chr3","173385146","173385446","KN296075v1","437481","437780","31","172947665"
"chr3","173472392","173472645","KN294147v1","2015963","2016210","25","171456429"
"chr3","173516469","173516756","KN296153v1","3363874","3364159","43","170152595"
"chr3","173626503","173626805","KN294147v1","1862582","1862887","24","171763921"
"chr3","173645489","173645801","KN294147v1","1841230","1841535","24","171804259"
"chr3","173650247","173650555","KN295667v1","1687893","1688204","35","171962354"
"chr3","173653661","173653937","KN294147v1","1832706","1832995","34","171820955"
"chr3","173693911","173694214","KN294147v1","1792077","1792367","37","171901834"
"chr3","173744487","173744793","KN295667v1","1687893","1688204","38","172056594"
"chr3","173748110","173748414","KN294147v1","1736779","1737085","25","172011331"
"chr3","173854845","173855143","KN296153v1","3677943","3678242","34","170176902"
"chr3","173864912","173865209","KN297000v1","300195","300489","31","173564717"
"chr3","173866975","173867100","KN297320v1","1897288","1897411","22","171969687"
"chr3","173872683","173872806","KN294446v1","188436","188562","17","173684247"
"chr3","173873082","173873209","KN295995v1","967685","967813","18","172905397"
"chr3","173902458","173902769","KN294378v1","1624240","1624547","43","172278218"
"chr3","173944992","173945301","KN296137v1","1444","1748","46","173943548"
"chr3","174018981","174019296","KN294147v1","1473267","1473573","37","172545714"
"chr3","174028523","174028594","KN296877v1","160647","160722","14","173867876"
"chr3","174034969","174035266","KN294147v1","1454651","1454951","32","172580318"
"chr3","174035499","174035799","KN294147v1","1453800","1454095","34","172581699"
"chr3","174040525","174040818","KN295480v1","714319","714610","34","173326206"
"chr3","174042885","174043176","KN296365v1","113780","114072","36","173929105"
"chr3","174089821","174090125","KN294172v1","1630044","1630343","39","172459777"
"chr3","174091699","174091982","KN295607v1","4402317","4402604","34","169689382"
"chr3","174117806","174118117","KN295114v1","20941","21251","27","174096865"
"chr3","174121514","174121811","KN295236v1","3672786","3673083","31","170448728"
"chr3","174166460","174166697","KN295102v1","179160","179397","31","173987300"
"chr3","174169322","174169616","KN294416v1","208870","209165","39","173960452"
"chr3","174196809","174197107","KN294147v1","1300220","1300533","38","172896589"
"chr3","174198894","174199193","KN295413v1","22638","22943","47","174176256"
"chr3","174200325","174200615","KN297026v1","228587","228878","30","173971738"
"chr3","174202022","174202330","KN297019v1","1233639","1233939","33","172968383"
"chr3","174203966","174204258","KN297095v1","3973836","3974132","39","170230130"
"chr3","174221352","174221617","KN294210v1","801675","801939","40","173419677"
"chr3","174250197","174250505","KN295350v1","243779","244085","36","174006418"
"chr3","174288854","174289167","KN294147v1","1214055","1214343","53","173074799"
"chr3","174386329","174386638","KN297038v1","2343556","2343866","33","172042773"
"chr3","174615911","174616224","KN294147v1","893766","894079","22","173722145"
"chr3","174901114","174901385","KN294147v1","607683","607950","24","174293431"
"chr3","175103966","175104273","KN295708v1","1599062","1599372","37","173504904"
"chr3","175115580","175115862","KN294147v1","395141","395414","38","174720439"
"chr3","175315977","175316168","KN295075v1","496745","496950","42","174819232"
"chr3","175317037","175317340","KN294147v1","206477","206788","38","175110560"
"chr3","175374999","175375301","KN294991v1","966174","966473","34","174408825"
"chr3","175395667","175395972","KN294456v1","96834","97129","46","175298833"
"chr3","175436569","175436897","KN296268v1","192340","192671","51","175244229"
"chr3","175480680","175480985","KN294147v1","60552","60866","34","175420128"
"chr3","175499110","175499419","KN295725v1","1996226","1996536","36","173502884"
"chr3","175504366","175504666","KN294147v1","37981","38277","37","175466385"
"chr3","175513665","175513975","KN295962v1","1921217","1921530","38","173592448"
"chr3","175627662","175627952","KN294346v1","271830","272127","49","175355832"
"chr3","175642882","175643133","KN295430v1","1606937","1607192","36","174035945"
"chr3","175781241","175781361","KN297320v1","1897288","1897411","21","173883953"
"chr3","175786525","175786823","KN295294v1","842343","842650","45","174944182"
"chr3","175796308","175796609","KN295294v1","1330268","1330563","40","174466040"
"chr3","175827201","175827501","KN297159v1","1901772","1902072","34","173925429"
"chr3","175844176","175844339","KN295962v1","237666","237834","24","175606510"
"chr3","175844682","175844986","KN297078v1","406020","406320","41","175438662"
"chr3","175876833","175877125","KN296732v1","3410986","3411273","43","172465847"
"chr3","176048935","176049244","KN294172v1","4623261","4623567","40","171425674"
"chr3","176068583","176068883","KN295983v1","1664954","1665256","34","174403629"
"chr3","176098103","176098398","KN295501v1","902998","903291","33","175195105"
"chr3","176189848","176190164","KN294407v1","2595440","2595750","41","173594408"
"chr3","176315652","176315940","KN295983v1","1425916","1426220","45","174889736"
"chr3","176346649","176346901","KN296145v1","3346783","3347016","46","172999866"
"chr3","176380494","176380803","KN295114v1","20941","21251","35","176359553"
"chr3","176395806","176396109","KN294991v1","966174","966473","40","175429632"
"chr3","176404159","176404446","KN296685v1","285639","285930","37","176118520"
"chr3","176432983","176433293","KN295154v1","316910","317223","41","176116073"
"chr3","176433940","176434239","KN296311v1","7650126","7650419","30","168783814"
"chr3","176438448","176438734","KN296588v1","819996","820280","31","175618452"
"chr3","176441493","176441797","KN296588v1","816962","817262","33","175624531"
"chr3","176527436","176527731","KN294214v1","503295","503591","46","176024141"
"chr3","176554237","176554541","KN294705v1","772747","773054","38","175781490"
"chr3","176559761","176560015","KN295983v1","27909","28160","38","176531852"
"chr3","176571696","176571997","KN295459v1","1552885","1553193","46","175018811"
"chr3","176593486","176593783","KN295983v1","1664954","1665256","32","174928532"
"chr3","176643745","176644050","KN295667v1","1687893","1688204","37","174955852"
"chr3","176687080","176687392","KN294842v1","1265659","1265968","44","175421421"
"chr3","176752180","176752484","KN295350v1","243779","244085","31","176508401"
"chr3","176770424","176770719","KN296495v1","2056834","2057132","30","174713590"
"chr3","176775441","176775722","KN295117v1","329951","330239","39","176445490"
"chr3","176833186","176833452","KN296311v1","6017413","6017684","50","170815773"
"chr3","176859730","176860040","KN294187v1","1813627","1813934","36","175046103"
"chr3","176910359","176910657","KN296075v1","836648","836947","34","176073711"
"chr3","176970578","176970902","KN295605v1","621515","621818","56","176349063"
"chr3","176974414","176974715","KN296381v1","380331","380634","33","176594083"
"chr3","177193699","177194007","KN294539v1","2320327","2320629","37","174873372"
"chr3","177234730","177235021","KN296287v1","46583","46877","39","177188147"
"chr3","177238092","177238389","KN296357v1","356792","357093","34","176881300"
"chr3","177409922","177410235","KN294181v1","1016789","1017103","35","176393133"
"chr3","177575296","177575595","KN296153v1","3677943","3678242","35","173897353"
"chr3","177638575","177638857","KN295523v1","4168361","4168642","40","173470214"
"chr3","177653038","177653340","KN294917v1","618557","618860","37","177034481"
"chr3","177669079","177669373","KN294540v1","925328","925623","44","176743751"
"chr3","177670956","177671248","KN295825v1","1953498","1953787","35","175717458"
"chr3","177677484","177677797","KN296411v1","52820","53130","44","177624664"
"chr3","177731321","177731444","KN294501v1","4395193","4395305","25","173336128"
"chr3","177819143","177819443","KN295977v1","249013","249314","36","177570130"
"chr3","177899263","177899566","KN296357v1","356792","357093","31","177542471"
"chr3","177933157","177933461","KN296732v1","2013890","2014190","34","175919267"
"chr3","177998889","177999187","KN296153v1","3677943","3678242","29","174320946"
"chr3","178016204","178016414","KN294513v1","716725","716938","35","177299479"
"chr3","178315708","178316010","KN294717v1","373979","374286","45","177941729"
"chr3","178380305","178380614","KN295667v1","1687893","1688204","37","176692412"
"chr3","178415712","178416004","KN295077v1","585208","585503","33","177830504"
"chr3","178443788","178444075","KN295592v1","1160942","1161229","43","177282846"
"chr3","178537973","178538128","KN294785v1","30350","30504","26","178507623"
"chr3","178538721","178539031","KN296062v1","165336","165642","48","178373385"
"chr3","178588460","178588752","KN296153v1","3677943","3678242","41","174910517"
"chr3","178648223","178648515","KN294536v1","1607732","1608024","36","177040491"
"chr3","178760637","178760918","KN297264v1","12615","12885","46","178748022"
"chr3","178810429","178810723","KN296153v1","91872","92161","41","178718557"
"chr3","178830152","178830424","KN296496v1","355776","356054","45","178474376"
"chr3","178915392","178915697","KN296732v1","2013890","2014190","41","176901502"
"chr3","179051063","179051347","KN295165v1","440989","441273","32","178610074"
"chr3","179216081","179216388","KN294539v1","761382","761684","37","178454699"
"chr3","179426038","179426332","KN295165v1","78292","78587","25","179347746"
"chr3","179427765","179428099","KN294964v1","867709","868049","69","178560056"
"chr3","179494318","179494627","KN295692v1","998365","998674","44","178495953"
"chr3","179760236","179760540","KN294439v1","257473","257771","38","179502763"
"chr3","179899688","179899952","KN295379v1","21005","21269","44","179878683"
"chr3","180001232","180001494","KN297408v1","359808","360064","42","179641424"
"chr3","180051759","180052020","KN296449v1","822","1085","41","180050937"
"chr3","180126472","180126597","KN297259v1","1012020","1012142","24","179114452"
"chr3","180160367","180160653","KN295350v1","493114","493401","42","179667253"
"chr3","180275837","180276074","KN296496v1","969875","970103","44","179305962"
"chr3","180337815","180338111","KN295983v1","1536250","1536551","33","178801565"
"chr3","180603758","180604065","KN296357v1","706115","706421","37","179897643"
"chr3","180621309","180621621","KN294747v1","1001223","1001526","44","179620086"
"chr3","180860726","180861024","KN295523v1","2519145","2519447","39","178341581"
"chr3","180922517","180922821","KN296357v1","706115","706421","32","180216402"
"chr3","180926477","180926783","KN296187v1","2330980","2331287","40","178595497"
"chr3","180939747","180940041","KN296306v1","1093986","1094284","33","179845761"
"chr3","181051008","181051323","KN294407v1","1807301","1807607","42","179243707"
"chr3","181091273","181091544","KN294292v1","24945","25210","47","181066328"
"chr3","181101330","181101553","KN295988v1","1687562","1687782","32","179413768"
"chr3","181109453","181109746","KN295320v1","27087","27386","42","181082366"
"chr3","181118278","181118580","KN294856v1","296536","296838","42","180821742"
"chr3","181134261","181134554","KN294439v1","72624","72920","39","181061637"
"chr3","181136158","181136453","KN294346v1","271830","272127","42","180864328"
"chr3","181144227","181144520","KN296153v1","2309746","2310040","41","178834481"
"chr3","181145534","181145667","KN294365v1","1404182","1404315","20","179741352"
"chr3","181146291","181146455","KN295601v1","870288","870452","19","180276003"
"chr3","181162328","181162636","KN296153v1","3677943","3678242","41","177484385"
"chr3","181163259","181163531","KN296547v1","372808","373076","44","180790451"
"chr3","181164326","181164624","KN295112v1","343212","343513","36","180821114"
"chr3","181167144","181167272","KN296635v1","1644884","1645014","17","179522260"
"chr3","181178589","181178878","KN294187v1","1526075","1526365","34","179652514"
"chr3","181200442","181200731","KN296337v1","66529","66817","39","181133913"
"chr3","181207997","181208279","KN295596v1","1495924","1496205","39","179712073"
"chr3","181211887","181211994","KN295308v1","259939","260048","14","180951948"
"chr3","181217380","181217627","KN294825v1","431692","431954","47","180785688"
"chr3","181229056","181229335","KN295523v1","4195930","4196206","39","177033126"
"chr3","181234426","181234719","KN294462v1","73428","73721","28","181160998"
"chr3","181237386","181237694","KN295667v1","1687893","1688204","34","179549493"
"chr3","181248806","181249075","KN297219v1","2564555","2564824","40","178684251"
"chr3","181265510","181265808","KN296153v1","3677943","3678242","28","177587567"
"chr3","181269423","181269733","KN295988v1","954829","955141","39","180314594"
"chr3","181298746","181299001","KN296119v1","2973640","2973896","49","178325106"
"chr3","181343571","181343878","KN296154v1","1901209","1901519","41","179442362"
"chr3","181358656","181358783","KN295725v1","1376133","1376269","29","179982523"
"chr3","181359030","181359108","KN297154v1","1253331","1253406","14","180105699"
"chr3","181375700","181375999","KN295361v1","925031","925332","38","180450669"
"chr3","181421987","181422276","KN294713v1","485096","485391","32","180936891"
"chr3","181447774","181448065","KN295995v1","1426233","1426527","40","180021541"
"chr3","181463398","181463702","KN296900v1","121631","121934","36","181341767"
"chr3","181502862","181503200","KN294304v1","54949","55285","57","181447913"
"chr3","181552072","181552382","KN296934v1","897698","898003","32","180654374"
"chr3","181568441","181568746","KN294591v1","102703","103003","33","181465738"
"chr3","181595671","181595949","KN295375v1","1178984","1179264","39","180416687"
"chr3","181676233","181676548","KN297133v1","419676","419981","40","181256557"
"chr3","181765346","181765615","KN297219v1","2564555","2564824","37","179200791"
"chr3","181931967","181932302","KN294911v1","2148856","2149171","52","179783111"
"chr3","182259676","182259987","KN297133v1","419676","419981","40","181840000"
"chr3","182305531","182305841","KN295257v1","443937","444244","48","181861594"
"chr3","182489593","182489894","KN296880v1","42393","42692","36","182447200"
"chr3","182622135","182622438","KN295038v1","926006","926310","39","181696129"
"chr3","182862895","182863190","KN294161v1","265801","266094","37","182597094"
"chr3","182870732","182871027","KN294433v1","754787","755091","32","182115945"
"chr3","182938648","182938958","KN294433v1","699314","699628","33","182239334"
"chr3","182942812","182943107","KN294421v1","22671","22970","37","182920141"
"chr3","182997340","182997646","KN294339v1","66879","67184","34","182930461"
"chr3","183092169","183092469","KN295814v1","1285532","1285833","34","181806637"
"chr3","183132074","183132357","KN294705v1","784606","784890","39","182347468"
"chr3","183149932","183150231","KN294433v1","482950","483258","28","182666982"
"chr3","183170017","183170159","KN296119v1","3494836","3494965","34","179675181"
"chr3","183216736","183217024","KN294433v1","415904","416185","32","182800832"
"chr3","183224313","183224608","KN294433v1","409687","409987","21","182814626"
"chr3","183229036","183229345","KN295236v1","4576569","4576870","49","178652467"
"chr3","183234250","183234499","KN294911v1","1958010","1958259","36","181276240"
"chr3","183236204","183236495","KN294416v1","208870","209165","43","183027334"
"chr3","183239426","183239734","KN295090v1","755361","755671","37","182484065"
"chr3","183258481","183258776","KN294433v1","354663","354953","34","182903818"
"chr3","183275847","183276136","KN295284v1","334381","334669","43","182941466"
"chr3","183284568","183284861","KN294433v1","325139","325435","24","182959429"
"chr3","183296784","183296915","KN294251v1","2574041","2574176","18","180722743"
"chr3","183297103","183297260","KN294433v1","313158","313314","20","182983945"
"chr3","183312618","183312916","KN294433v1","300085","300380","25","183012533"
"chr3","183317169","183317465","KN295236v1","1764741","1765042","32","181552428"
"chr3","183525340","183525648","KN294433v1","75188","75494","34","183450152"
"chr3","183594312","183594612","KN296732v1","2013890","2014190","30","181580422"
"chr3","183657077","183657389","KN295236v1","5969204","5969513","37","177687873"
"chr3","183666455","183666745","KN295350v1","259303","259590","41","183407152"
"chr3","183700719","183701033","KN295692v1","998365","998674","39","182702354"
"chr3","183702360","183702501","KN294457v1","310362","310484","35","183391998"
"chr3","183702640","183702823","KN294739v1","1093016","1093221","42","182609624"
"chr3","183711347","183711641","KN296096v1","3183138","3183434","30","180528209"
"chr3","183740430","183740738","KN294717v1","373979","374286","36","183366451"
"chr3","183744712","183745008","KN295995v1","1426233","1426527","40","182318479"
"chr3","183802533","183802839","KN295967v1","1542359","1542669","41","182260174"
"chr3","184121246","184121554","KN294451v1","49408","49712","39","184071838"
"chr3","184213342","184213646","KN295750v1","195548","195861","27","184017794"
"chr3","184313155","184313437","KN295750v1","91755","92037","23","184221400"
"chr3","184359679","184359953","KN296580v1","1062909","1063188","45","183296770"
"chr3","184432653","184432953","KN297442v1","1642510","1642807","42","182790143"
"chr3","184615487","184615770","KN297190v1","4000420","4000702","42","180615067"
"chr3","184622535","184622833","KN294407v1","249623","249924","40","184372912"
"chr3","184691778","184692102","KN294717v1","373979","374286","47","184317799"
"chr3","184780892","184781178","KN294536v1","940479","940770","49","183840413"
"chr3","184790657","184790740","KN295533v1","1829469","1829558","23","182961188"
"chr3","184808967","184809257","KN297229v1","921644","921926","44","183887323"
"chr3","184837572","184837879","KN296609v1","598588","598892","40","184238984"
"chr3","184840820","184841128","KN294218v1","2134447","2134756","34","182706373"
"chr3","184848200","184848506","KN295633v1","264317","264628","48","184583883"
"chr3","184865428","184865724","KN296296v1","50084","50379","29","184815344"
"chr3","184868837","184869132","KN295328v1","349896","350193","33","184518941"
"chr3","184873926","184874225","KN294790v1","989803","990103","30","183884123"
"chr3","184874958","184875284","KN296820v1","1040952","1041273","60","183834006"
"chr3","184903515","184903815","KN295382v1","148115","148414","42","184755400"
"chr3","184906154","184906438","KN296153v1","179817","180104","38","184726337"
"chr3","184908206","184908519","KN294588v1","2985726","2986038","44","181922480"
"chr3","184919357","184919652","KN294591v1","223436","223730","46","184695921"
"chr3","185139212","185139523","KN294387v1","2599087","2599393","34","182540125"
"chr3","185177541","185177848","KN295236v1","5645831","5646138","41","179531710"
"chr3","185269938","185270249","KN296244v1","871616","871925","30","184398322"
"chr3","185480278","185480553","KN295571v1","185708","185982","25","185294570"
"chr3","185633151","185633452","KN294790v1","1007547","1007843","37","184625604"
"chr3","185642075","185642380","KN295571v1","338888","339191","25","185303187"
"chr3","185654945","185655251","KN297171v1","1815011","1815317","32","183839934"
"chr3","185658620","185658928","KN297421v1","269231","269537","39","185389389"
"chr3","185725322","185725624","KN295171v1","1528011","1528314","30","184197311"
"chr3","185779789","185780096","KN294647v1","185825","186131","52","185593964"
"chr3","185781847","185782152","KN295571v1","479372","479676","20","185302475"
"chr3","185787829","185788134","KN295571v1","484726","485036","33","185303103"
"chr3","185789787","185790092","KN297133v1","419676","419981","28","185370111"
"chr3","185795768","185795975","KN295368v1","2229217","2229427","47","183566551"
"chr3","185810074","185810382","KN295382v1","230497","230807","39","185579577"
"chr3","185835670","185835978","KN295034v1","63947","64249","45","185771723"
"chr3","185841640","185841934","KN294911v1","2187187","2187481","34","183654453"
"chr3","185847242","185847554","KN296035v1","338193","338502","35","185509049"
"chr3","185866691","185866996","KN295571v1","549324","549624","37","185317367"
"chr3","185870092","185870400","KN295114v1","20941","21251","37","185849151"
"chr3","185883753","185884029","KN295883v1","126524","126801","45","185757229"
"chr3","185890798","185891100","KN295096v1","2124655","2124956","32","183766143"
"chr3","185895658","185895962","KN295413v1","22638","22943","33","185873020"
"chr3","185933142","185933443","KN294387v1","2599087","2599393","26","183334055"
"chr3","185933983","185934271","KN296180v1","671411","671696","30","185262572"
"chr3","185972561","185972867","KN296357v1","706115","706421","35","185266446"
"chr3","186165723","186166019","KN297184v1","875539","875834","41","185290184"
"chr3","186180588","186180846","KN295923v1","991823","992074","46","185188765"
"chr3","186504067","186504168","KN297095v1","3320924","3321027","19","183183143"
"chr3","186511181","186511479","KN294218v1","1633132","1633430","31","184878049"
"chr3","186692127","186692418","KN296036v1","2333290","2333581","28","184358837"
"chr3","186726064","186726381","KN295667v1","1687893","1688204","43","185038171"
"chr3","186729038","186729348","KN297133v1","419676","419981","26","186309362"
"chr3","186742819","186743106","KN297404v1","243890","244177","30","186498929"
"chr3","186752246","186752558","KN296036v1","2277529","2277836","27","184474717"
"chr3","186771977","186772304","KN296036v1","2256882","2257213","52","184515095"
"chr3","186822918","186823239","KN295586v1","2586901","2587214","45","184236017"
"chr3","186892005","186892300","KN296036v1","2141718","2142014","34","184750287"
"chr3","186960242","186960542","KN296036v1","2067953","2068252","42","184892289"
"chr3","186983487","186983783","KN296153v1","3677943","3678242","36","183305544"
"chr3","187011872","187012170","KN295257v1","1087444","1087739","31","185924428"
"chr3","187014459","187014753","KN296505v1","349884","350174","37","186664575"
"chr3","187014967","187015278","KN296036v1","2012065","2012361","36","185002902"
"chr3","187033756","187034059","KN295368v1","1722596","1722901","38","185311160"
"chr3","187049998","187050297","KN296036v1","1976608","1976897","34","185073390"
"chr3","187053179","187053475","KN296096v1","1544623","1544906","46","185508556"
"chr3","187103188","187103507","KN295059v1","336835","337145","40","186766353"
"chr3","187117642","187117947","KN296036v1","1905587","1905906","38","185212055"
"chr3","187126077","187126376","KN295523v1","2519145","2519447","35","184606932"
"chr3","187133712","187134013","KN295225v1","1170058","1170357","34","185963654"
"chr3","187156550","187156852","KN296036v1","1854753","1855058","24","185301797"
"chr3","187167511","187167818","KN295350v1","389964","390265","37","186777547"
"chr3","187174342","187174629","KN296153v1","91872","92161","38","187082470"
"chr3","187208480","187208767","KN296726v1","800218","800502","37","186408262"
"chr3","187210747","187211054","KN295573v1","1373387","1373690","46","185837360"
"chr3","187212962","187213258","KN295667v1","1687893","1688204","44","185525069"
"chr3","187229191","187229481","KN296406v1","15906","16188","42","187213285"
"chr3","187239558","187239860","KN295413v1","22638","22943","30","187216920"
"chr3","187252696","187252977","KN296036v1","1766908","1767195","34","185485788"
"chr3","187259997","187260270","KN296036v1","1760566","1760850","28","185499431"
"chr3","187314812","187314983","KN296682v1","2871728","2871900","18","184443084"
"chr3","187315379","187315513","KN296036v1","1705216","1705351","9","185610163"
"chr3","187326102","187326390","KN296036v1","1694293","1694583","26","185631809"
"chr3","187347541","187347848","KN296036v1","1673326","1673636","31","185674215"
"chr3","187355820","187356130","KN294842v1","690378","690679","36","186665442"
"chr3","187380156","187380471","KN294387v1","2599087","2599393","43","184781069"
"chr3","187491517","187491829","KN295350v1","243779","244085","36","187247738"
"chr3","187495707","187495997","KN295459v1","1614660","1614952","28","185881047"
"chr3","187497947","187498255","KN296036v1","1501794","1502095","31","185996153"
"chr3","187504490","187504799","KN295605v1","621515","621818","34","186882975"
"chr3","187525488","187525798","KN296036v1","1473560","1473873","29","186051928"
"chr3","187564695","187565000","KN296036v1","1431592","1431888","31","186133103"
"chr3","187593899","187594211","KN294407v1","2595440","2595750","40","184998459"
"chr3","187596159","187596358","KN297154v1","992411","992612","39","186603748"
"chr3","187605001","187605197","KN294520v1","611114","611311","31","186993887"
"chr3","187625699","187625983","KN296036v1","1366768","1367049","31","186258931"
"chr3","187661455","187661747","KN294446v1","410629","410926","33","187250826"
"chr3","187693990","187694155","KN296036v1","1303136","1303298","16","186390854"
"chr3","187698962","187699258","KN296153v1","3677943","3678242","35","184021019"
"chr3","187702380","187702691","KN296036v1","1293104","1293421","24","186409276"
"chr3","187721754","187722042","KN295205v1","1809391","1809686","45","185912363"
"chr3","187755312","187755615","KN294439v1","269158","269457","44","187486154"
"chr3","187758323","187758635","KN296311v1","5716473","5716784","42","182041850"
"chr3","187781804","187782101","KN295708v1","1014721","1015018","39","186767083"
"chr3","187790793","187791089","KN296036v1","1205139","1205438","34","186585654"
"chr3","187791225","187791524","KN296036v1","1204693","1204998","27","186586532"
"chr3","187804091","187804394","KN297133v1","419676","419981","35","187384415"
"chr3","187820672","187820982","KN297112v1","3207211","3207518","39","184613461"
"chr3","187823035","187823362","KN295054v1","301887","302213","43","187521148"
"chr3","187895811","187895998","KN295274v1","16651","16841","33","187879160"
"chr3","187901341","187901646","KN296036v1","1099828","1100138","33","186801513"
"chr3","187906261","187906557","KN296145v1","1500265","1500556","35","186405996"
"chr3","187909734","187910034","KN296290v1","702538","702843","37","187207196"
"chr3","187972585","187972869","KN297112v1","2008532","2008818","34","185964053"
"chr3","187980415","187980718","KN297219v1","434860","435161","37","187545555"
"chr3","187992854","187993141","KN297083v1","720792","721088","46","187272062"
"chr3","188052329","188052646","KN296036v1","953920","954228","40","187098409"
"chr3","188053001","188053285","KN296036v1","953262","953566","44","187099739"
"chr3","188056200","188056493","KN296036v1","949956","950236","37","187106244"
"chr3","188070103","188070395","KN296036v1","934275","934564","32","187135828"
"chr3","188079045","188079345","KN296036v1","925491","925794","33","187153554"
"chr3","188085177","188085460","KN296036v1","919877","920160","20","187165300"
"chr3","188120783","188121088","KN296916v1","378131","378429","44","187742652"
"chr3","188137703","188137882","KN295931v1","449265","449438","30","187688438"
"chr3","188177390","188177673","KN294239v1","334831","335118","39","187842559"
"chr3","188226028","188226325","KN295977v1","249013","249314","38","187977015"
"chr3","188230836","188231121","KN295697v1","103702","103984","34","188127134"
"chr3","188249192","188249501","KN297165v1","1902812","1903121","37","186346380"
"chr3","188254197","188254513","KN296036v1","746229","746528","49","187507968"
"chr3","188301874","188302183","KN296934v1","897698","898003","31","187404176"
"chr3","188318517","188318822","KN296036v1","683627","683927","26","187634890"
"chr3","188320777","188321027","KN297121v1","186526","186781","39","188134251"
"chr3","188331708","188332014","KN294378v1","46646","46948","32","188285062"
"chr3","188338440","188338742","KN296019v1","443353","443660","40","187895087"
"chr3","188367056","188367364","KN296036v1","637741","638041","35","187729315"
"chr3","188390539","188390833","KN296036v1","614207","614501","22","187776332"
"chr3","188413003","188413294","KN294662v1","268123","268414","38","188144880"
"chr3","188431669","188431979","KN296036v1","571343","571654","37","187860326"
"chr3","188474248","188474536","KN296079v1","966887","967176","37","187507361"
"chr3","188477229","188477521","KN296036v1","528828","529120","18","187948401"
"chr3","188488068","188488364","KN296865v1","1674895","1675192","32","186813173"
"chr3","188514961","188515258","KN294995v1","61376","61672","37","188453585"
"chr3","188525919","188526227","KN294372v1","2175029","2175333","37","186350890"
"chr3","188582997","188583285","KN296036v1","444796","445105","41","188138201"
"chr3","188592699","188593008","KN296036v1","435512","435823","24","188157187"
"chr3","188594940","188595247","KN296036v1","433410","433720","32","188161530"
"chr3","188600600","188600890","KN297046v1","1841147","1841441","42","186759453"
"chr3","188622456","188622754","KN294592v1","796312","796613","36","187826144"
"chr3","188675817","188676092","KN294181v1","1605564","1605839","33","187070253"
"chr3","188680116","188680413","KN296153v1","3677943","3678242","33","185002173"
"chr3","188696033","188696335","KN294399v1","151738","152035","42","188544295"
"chr3","188713946","188714259","KN296865v1","1033695","1034008","41","187680251"
"chr3","188716573","188716858","KN294407v1","2733858","2734151","47","185982715"
"chr3","188766283","188766607","KN295713v1","160129","160450","47","188606154"
"chr3","188795329","188795627","KN296036v1","231610","231918","34","188563719"
"chr3","188962277","188962540","KN296635v1","2832448","2832711","47","186129829"
"chr3","189026898","189027206","KN295236v1","5645831","5646138","31","183381067"
"chr3","189085119","189085423","KN295501v1","1005257","1005557","34","188079862"
"chr3","189220602","189220906","KN296934v1","897698","898003","35","188322904"
"chr3","189233668","189233962","KN296712v1","16206","16501","34","189217462"
"chr3","189243159","189243411","KN294486v1","585631","585878","37","188657528"
"chr3","189260713","189261022","KN295257v1","443937","444244","42","188816776"
"chr3","189273686","189273968","KN295343v1","11922","12203","31","189261764"
"chr3","189405930","189406244","KN295236v1","5969204","5969513","35","183436726"
"chr3","189496614","189496923","KN296306v1","1099162","1099469","37","188397452"
"chr3","189508560","189508853","KN296096v1","3187219","3187506","37","186321341"
"chr3","189510649","189510966","KN294407v1","2595440","2595750","46","186915209"
"chr3","189532433","189532740","KN296430v1","444033","444342","34","189088400"
"chr3","189549009","189549313","KN295171v1","231499","231801","48","189317510"
"chr3","189574417","189574703","KN297203v1","1790563","1790848","36","187783854"
"chr3","189590340","189590651","KN294705v1","772747","773054","37","188817593"
"chr3","189592462","189592784","KN296145v1","424587","424911","47","189167875"
"chr3","189604924","189605204","KN294269v1","1134000","1134277","33","188470924"
"chr3","189612511","189612802","KN294592v1","13108","13404","38","189599403"
"chr3","189646035","189646183","KN294668v1","2179035","2179176","31","187467000"
"chr3","189648118","189648426","KN295906v1","230171","230481","32","189417947"
"chr3","189656127","189656420","KN296287v1","46583","46877","31","189609544"
"chr3","189673400","189673696","KN294662v1","79885","80185","33","189593515"
"chr3","189679834","189680142","KN295205v1","1067685","1067992","42","188612149"
"chr3","189689316","189689616","KN296153v1","3677943","3678242","39","186011373"
"chr3","189721708","189722012","KN295236v1","4576569","4576870","40","185145139"
"chr3","189727181","189727490","KN296263v1","684495","684804","32","189042686"
"chr3","189847946","189848281","KN296682v1","902663","902990","60","188945283"
"chr3","189850353","189850643","KN296133v1","239214","239508","37","189611139"
"chr3","189882764","189883044","KN295350v1","636567","636846","43","189246197"
"chr3","189900140","189900427","KN294462v1","622560","622846","27","189277580"
"chr3","189907423","189907729","KN296738v1","137767","138070","33","189769656"
"chr3","189913393","189913687","KN296315v1","357613","357907","34","189555780"
"chr3","189915938","189916199","KN295006v1","210714","210971","41","189705224"
"chr3","189916632","189916942","KN295962v1","1921217","1921530","32","187995415"
"chr3","189918475","189918779","KN294325v1","986307","986615","43","188932168"
"chr3","189920572","189920865","KN296247v1","690903","691205","41","189229669"
"chr3","189944602","189944914","KN294172v1","4623261","4623567","36","185321341"
"chr3","189987022","189987272","KN296949v1","35284","35534","39","189951738"
"chr3","190013150","190013423","KN297105v1","3469569","3469849","38","186543581"
"chr3","190045599","190045921","KN294181v1","930133","930441","42","189115466"
"chr3","190081220","190081524","KN296732v1","2013890","2014190","38","188067330"
"chr3","190090017","190090192","KN294837v1","424254","424421","31","189665763"
"chr3","190137194","190137500","KN295034v1","63947","64249","30","190073247"
"chr3","190154128","190154437","KN297133v1","419676","419981","40","189734452"
"chr3","190181204","190181483","KN297322v1","1385103","1385393","42","188796101"
"chr3","190198015","190198330","KN296119v1","2516285","2516591","52","187681730"
"chr3","190234375","190234674","KN296732v1","2013890","2014190","36","188220485"
"chr3","190257898","190258196","KN296153v1","3677943","3678242","37","186579955"
"chr3","190262057","190262361","KN296738v1","137767","138070","42","190124290"
"chr3","190299158","190299449","KN295112v1","343212","343513","44","189955946"
"chr3","190318535","190318820","KN296732v1","3410986","3411273","28","186907549"
"chr3","190327992","190328287","KN296481v1","288604","288899","44","190039388"
"chr3","190461561","190461875","KN296316v1","299947","300254","52","190161614"
"chr3","190490250","190490555","KN296145v1","3434479","3434782","41","187055771"
"chr3","190552241","190552549","KN295294v1","842343","842650","34","189709898"
"chr3","190615134","190615430","KN296311v1","3998566","3998863","26","186616568"
"chr3","190620021","190620327","KN294662v1","79885","80185","34","190540136"
"chr3","190660087","190660318","KN296934v1","764213","764429","56","189895874"
"chr3","190667129","190667425","KN297008v1","4677161","4677449","47","185989968"
"chr3","190678632","190678919","KN296135v1","11889","12172","36","190666743"
"chr3","190737503","190737808","KN294187v1","1923674","1923970","43","188813829"
"chr3","190748754","190749010","KN297375v1","286081","286336","37","190462673"
"chr3","190816623","190816930","KN296442v1","529327","529624","40","190287296"
"chr3","190819567","190819870","KN294856v1","296536","296838","36","190523031"
"chr3","190823265","190823569","KN294668v1","1997927","1998235","29","188825338"
"chr3","190829985","190830296","KN294668v1","2004094","2004404","30","188825891"
"chr3","190830680","190830990","KN294444v1","165242","165552","33","190665438"
"chr3","190879255","190879555","KN295561v1","256425","256726","33","190622830"
"chr3","190905981","190906274","KN297314v1","117021","117312","38","190788960"
"chr3","190909186","190909476","KN294668v1","2072101","2072396","31","188837085"
"chr3","190913678","190913989","KN294668v1","2076710","2077017","33","188836968"
"chr3","190932433","190932725","KN295983v1","1536250","1536551","44","189396183"
"chr3","190955717","190956007","KN296096v1","3187219","3187506","37","187768498"
"chr3","191010289","191010580","KN294470v1","2560264","2560559","53","188450025"
"chr3","191031220","191031516","KN295117v1","309122","309411","40","190722098"
"chr3","191033157","191033479","KN294668v1","2189504","2189815","31","188843653"
"chr3","191045636","191045925","KN296062v1","1087191","1087477","34","189958445"
"chr3","191053417","191053544","KN294536v1","859398","859523","19","190194019"
"chr3","191062941","191063263","KN295054v1","301887","302213","50","190761054"
"chr3","191188408","191188713","KN295697v1","189742","190043","29","190998666"
"chr3","191315704","191316001","KN295032v1","272356","272651","36","191043348"
"chr3","191367153","191367438","KN296486v1","572134","572422","50","190795019"
"chr3","191400234","191400544","KN297274v1","62324","62636","41","191337910"
"chr3","191410443","191410751","KN294387v1","2599087","2599393","37","188811356"
"chr3","191433099","191433411","KN294668v1","2571933","2572238","39","188861166"
"chr3","191507204","191507433","KN294668v1","2643830","2644066","19","188863374"
"chr3","191743438","191743739","KN294662v1","79885","80185","38","191663553"
"chr3","191833901","191834211","KN294668v1","2990037","2990339","34","188843864"
"chr3","192138227","192138521","KN295523v1","3634899","3635194","38","188503328"
"chr3","192176863","192177167","KN294668v1","3318298","3318597","33","188858565"
"chr3","192225118","192225401","KN294668v1","3367466","3367749","21","188857652"
"chr3","192261180","192261485","KN294668v1","3401387","3401699","34","188859793"
"chr3","192265921","192266205","KN295284v1","334381","334669","40","191931540"
"chr3","192277917","192278200","KN294199v1","1525122","1525406","30","190752795"
"chr3","192339208","192339509","KN294668v1","3479839","3480137","33","188859369"
"chr3","192381991","192382302","KN296934v1","897698","898003","38","191484293"
"chr3","192390654","192390964","KN295114v1","20941","21251","29","192369713"
"chr3","192557772","192558075","KN294873v1","1249435","1249733","44","191308337"
"chr3","192577815","192578137","KN297281v1","631915","632235","58","191945900"
"chr3","192581414","192581717","KN294668v1","3715146","3715431","50","188866268"
"chr3","192610722","192611014","KN294668v1","3749941","3750225","42","188860781"
"chr3","192687375","192687683","KN294366v1","260000","260306","37","192427375"
"chr3","192727037","192727349","KN295045v1","441758","442064","38","192285279"
"chr3","192899435","192899746","KN296335v1","187278","187590","43","192712157"
"chr3","192963711","192964009","KN294758v1","2189671","2189970","44","190774040"
"chr3","193005880","193006184","KN295236v1","1764741","1765042","31","191241139"
"chr3","193023547","193023859","KN294387v1","2599087","2599393","40","190424460"
"chr3","193114991","193115287","KN296596v1","9366","9670","32","193105625"
"chr3","193148706","193149016","KN296596v1","45056","45356","41","193103650"
"chr3","193234876","193235183","KN296596v1","134069","134375","33","193100807"
"chr3","193434148","193434447","KN296153v1","3677943","3678242","35","189756205"
"chr3","193457816","193458134","KN295576v1","554633","554946","50","192903183"
"chr3","193554218","193554511","KN294172v1","5339882","5340172","36","188214336"
"chr3","193588842","193588995","KN295034v1","331200","331360","29","193257642"
"chr3","193711197","193711534","KN294457v1","3704399","3704734","48","190006798"
"chr3","193717410","193717747","KN294457v1","3704399","3704734","50","190013011"
"chr3","193821148","193821450","KN294172v1","4761492","4761794","34","189059656"
"chr3","193824636","193824939","KN295697v1","189742","190043","36","193634894"
"chr3","193970364","193970664","KN297276v1","260802","261098","23","193709562"
"chr3","194075380","194075689","KN296495v1","725775","726081","40","193349605"
"chr3","194137432","194137746","KN294717v1","373979","374286","40","193763453"
"chr3","194159137","194159445","KN297159v1","3314158","3314468","43","190844979"
"chr3","194183898","194184181","KN295883v1","126524","126801","37","194057374"
"chr3","194202939","194203243","KN296244v1","86518","86815","52","194116421"
"chr3","194210038","194210351","KN296311v1","2385206","2385523","42","191824832"
"chr3","194350840","194351172","KN296036v1","1051362","1051698","55","193299478"
"chr3","194368757","194369057","KN297219v1","434860","435161","38","193933897"
"chr3","194460905","194461026","KN296119v1","4358460","4358574","18","190102445"
"chr3","194712916","194713226","KN296528v1","163768","164075","34","194549148"
"chr3","194747432","194747728","KN296153v1","3677943","3678242","33","191069489"
"chr3","194774789","194775080","KN295995v1","1426233","1426527","39","193348556"
"chr3","194835072","194835289","KN295075v1","636904","637122","31","194198168"
"chr3","194915157","194915458","KN294456v1","96834","97129","36","194818323"
"chr3","194925115","194925240","KN295708v1","1104386","1104514","21","193820729"
"chr3","195040357","195040679","KN294717v1","373979","374286","52","194666378"
"chr3","195108598","195108903","KN297133v1","419676","419981","36","194688922"
"chr3","195176006","195176279","KN297274v1","1076900","1077174","39","194099106"
"chr3","195225593","195225935","KN294978v1","390435","390762","59","194835158"
"chr3","195290052","195290355","KN297127v1","131395","131695","37","195158657"
"chr3","195304547","195304837","KN296096v1","3187219","3187506","36","192117328"
"chr3","195319528","195319839","KN294416v1","208870","209165","54","195110658"
"chr3","195332682","195332980","KN294433v1","409687","409987","34","194922995"
"chr3","195348793","195349096","KN295692v1","3518009","3518300","47","191830784"
"chr3","195359457","195359757","KN294172v1","4761492","4761794","42","190597965"
"chr3","195402375","195402682","KN294365v1","836716","837022","34","194565659"
"chr3","195409118","195409405","KN295022v1","486627","486913","34","194922491"
"chr3","195580929","195581240","KN294713v1","571922","572231","45","195009007"
"chr3","195615141","195615425","KN297197v1","1822099","1822388","42","193793042"
"chr3","195623882","195624188","KN297133v1","279852","280158","42","195344030"
"chr3","195673654","195673955","KN296732v1","2085952","2086249","44","193587702"
"chr3","195958845","195959155","KN296934v1","897698","898003","47","195061147"
"chr3","196020904","196021197","KN294446v1","410629","410926","42","195610275"
"chr3","196022252","196022547","KN297197v1","3985014","3985309","38","192037238"
"chr3","196334087","196334381","KN296922v1","753461","753755","37","195580626"
"chr3","196569916","196570225","KN294479v1","59449","59759","40","196510467"
"chr3","196633937","196634247","KN297038v1","2343556","2343866","25","194290381"
"chr3","196651485","196651803","KN294167v1","270527","270842","51","196380958"
"chr3","196663786","196664062","KN294964v1","486494","486767","38","196177292"
"chr3","196955591","196955889","KN297038v1","2029359","2029664","33","194926232"
"chr3","196973795","196974094","KN295112v1","343212","343513","37","196630583"
"chr3","197021628","197021930","KN297038v1","1962336","1962634","26","195059292"
"chr3","197073919","197074202","KN295995v1","1426233","1426527","43","195647686"
"chr3","197127074","197127367","KN294747v1","226541","226835","36","196900533"
"chr3","197318828","197319132","KN294717v1","373979","374286","38","196944849"
"chr3","197478412","197478710","KN296244v1","86518","86815","37","197391894"
"chr3","197547051","197547349","KN295236v1","231341","231639","36","197315710"
"chr3","197550297","197550601","KN294172v1","4761492","4761794","34","192788805"
"chr3","197573022","197573326","KN295550v1","1007565","1007867","34","196565457"
"chr3","197586345","197586646","KN294790v1","2757948","2758248","32","194828397"
"chr3","197608069","197608365","KN297038v1","1346779","1347081","21","196261290"
"chr3","197668729","197669036","KN295257v1","443937","444244","46","197224792"
"chr3","197670709","197671016","KN295257v1","443937","444244","46","197226772"
"chr3","197811469","197811783","KN297038v1","1152198","1152517","46","196659271"
"chr3","197830589","197830897","KN295919v1","100991","101296","31","197729598"
"chr3","197883741","197884043","KN295534v1","231290","231594","38","197652451"
"chr3","197953427","197953737","KN297038v1","1014303","1014609","33","196939124"
"chr3","197969233","197969527","KN294385v1","354018","354312","29","197615215"
"chr3","198016699","198017004","KN294387v1","2599087","2599393","36","195417612"
"chr3","198055547","198055826","KN294172v1","2999478","2999758","23","195056069"
"chr3","198075227","198075534","KN297038v1","892266","892577","30","197182961"
"chr3","198146055","198146366","KN294668v1","2004094","2004404","40","196141961"
"chr3","198167379","198167678","KN297038v1","811870","812166","34","197355509"
"chr3","198186757","198187061","KN294444v1","165242","165552","33","198021515"
"chr3","198198015","198198288","KN295607v1","3891545","3891824","35","194306470"
"chr3","198269439","198269705","KN296594v1","227797","228067","41","198041642"
"chr3","198297800","198298080","KN294733v1","316989","317272","36","197980811"
"chr3","198323849","198324157","KN294717v1","373979","374286","29","197949870"
"chr3","198347262","198347573","KN297038v1","631305","631621","33","197715957"
"chr3","198355995","198356299","KN297038v1","621884","622189","26","197734111"
"chr3","198383783","198384098","KN295114v1","20941","21251","48","198362842"
"chr3","198407410","198407706","KN297038v1","565931","566230","29","197841479"
"chr3","198619165","198619456","KN296062v1","2106200","2106493","32","196512965"
"chr3","198625853","198626084","KN294741v1","1517591","1517817","42","197108262"
"chr3","198665459","198665762","KN297038v1","322115","322418","31","198343344"
"chr3","198672562","198672869","KN294172v1","4623261","4623567","33","194049301"
"chr3","198677403","198677703","KN297038v1","310787","311084","31","198366616"
"chr3","198702160","198702338","KN295236v1","5187090","5187265","24","193515070"
"chr3","198714664","198714950","KN295090v1","276264","276560","34","198438400"
"chr3","198720275","198720569","KN297038v1","263342","263634","34","198456933"
"chr3","198720572","198720870","KN295090v1","1657716","1658013","33","197062856"
"chr3","198721671","198721964","KN294399v1","151738","152035","31","198569933"
"chr3","198723225","198723502","KN297038v1","260133","260405","24","198463092"
"chr3","198728768","198729075","KN295893v1","585079","585381","40","198143689"
"chr3","198742610","198742893","KN294207v1","179800","180076","40","198562810"
"chr3","198821023","198821344","KN297038v1","165395","165710","29","198655628"
"chr3","198829478","198829781","KN294214v1","189551","189856","39","198639927"
"chr3","198831994","198832292","KN294444v1","57733","58029","36","198774261"
"chr3","198882891","198883191","KN296486v1","1469193","1469496","45","197413698"
"chr3","198885148","198885438","KN295257v1","1087444","1087739","38","197797704"
"chr3","198961432","198961738","KN297038v1","35720","36032","33","198925712"
"chr3","199085209","199085515","KN294578v1","615670","615980","37","198469539"
"chr3","199095651","199095942","KN296263v1","779161","779451","38","198316490"
"chr3","199099027","199099330","KN295487v1","116632","116933","37","198982395"
"chr3","199124006","199124297","KN295459v1","1614660","1614952","33","197509346"
"chr3","199161054","199161371","KN294717v1","373979","374286","39","198787075"
"chr3","199214046","199214343","KN296732v1","2013890","2014190","32","197200156"
"chr3","199281064","199281359","KN295171v1","869545","869845","34","198411519"
"chr3","199284521","199284814","KN296096v1","3183138","3183434","32","196101383"
"chr3","199305676","199305960","KN297165v1","1143723","1144010","34","198161953"
"chr3","199384570","199384877","KN295758v1","997500","997807","39","198387070"
"chr3","199402492","199402793","KN295983v1","1536250","1536551","37","197866242"
"chr3","199469885","199470191","KN295666v1","1501386","1501689","33","197968499"
"chr3","199506415","199506714","KN296153v1","3677943","3678242","34","195828472"
"chr3","199533642","199533943","KN295236v1","4576569","4576870","35","194957073"
"chr3","199588138","199588436","KN294325v1","616486","616782","36","198971652"
"chr3","199590523","199590823","KN294172v1","4623261","4623567","35","194967262"
"chr3","199616499","199616790","KN294462v1","622560","622846","43","198993939"
"chr3","199633995","199634295","KN295550v1","1007565","1007867","43","198626430"
"chr3","199640773","199641067","KN295090v1","2057671","2057967","37","197583102"
"chr3","199642845","199643154","KN296153v1","2057313","2057618","41","197585532"
"chr3","199644812","199644895","KN297008v1","5488620","5488701","9","194156192"
"chr3","199645107","199645377","KN295523v1","3618519","3618784","31","196026588"
"chr3","199651151","199651412","KN294181v1","509561","509825","41","199141590"
"chr3","199664691","199665000","KN294172v1","5145349","5145652","37","194519342"
"chr3","199724539","199724831","KN296311v1","7650126","7650419","30","192074413"
"chr3","199806403","199806687","KN295225v1","852978","853269","40","198953425"
"chr3","199849856","199850150","KN295236v1","5414978","5415274","36","194434878"
"chr3","199917045","199917227","KN294592v1","1377982","1378158","30","198539063"
"chr3","199971237","199971368","KN294161v1","986457","986585","19","198984780"
"chr3","200059712","200060022","KN296404v1","1938458","1938769","30","198121254"
"chr3","200065582","200065876","KN294536v1","1607732","1608024","41","198457850"
"chr3","200074973","200075250","KN295637v1","558708","558981","40","199516265"
"chr3","200082980","200083264","KN294991v1","1911485","1911783","41","198171495"
"chr3","200091506","200091775","KN297112v1","3992200","3992473","39","196099306"
"chr3","200103862","200104154","KN295983v1","1164830","1165137","49","198939032"
"chr3","200105066","200105242","KN296119v1","3625254","3625431","25","196479812"
"chr3","200106042","200106166","KN295601v1","870481","870608","27","199235561"
"chr3","200115521","200115831","KN295725v1","1996226","1996536","37","198119295"
"chr3","200124968","200125246","KN295102v1","177647","177925","41","199947321"
"chr3","200132697","200133003","KN295977v1","1252765","1253074","40","198879932"
"chr3","200143704","200144001","KN296588v1","549179","549477","33","199594525"
"chr3","200145352","200145640","KN296442v1","1130989","1131276","32","199014363"
"chr3","200147997","200148322","KN296308v1","871499","871827","46","199276498"
"chr3","200150682","200150981","KN296381v1","74782","75080","46","200075900"
"chr3","200168316","200168626","KN296009v1","636123","636432","40","199532193"
"chr3","200173256","200173450","KN295027v1","696149","696348","37","199477107"
"chr3","200187783","200188085","KN297019v1","1233639","1233939","32","198954144"
"chr3","200290716","200291003","KN294239v1","223903","224191","34","200066813"
"chr3","200292773","200293068","KN296096v1","3183138","3183434","36","197109635"
"chr3","200315591","200315896","KN295045v1","441758","442064","35","199873833"
"chr3","200319633","200319846","KN294325v1","242229","242452","52","200077404"
"chr3","200322927","200323239","KN295114v1","20941","21251","37","200301986"
"chr3","200325206","200325517","KN296153v1","2057313","2057618","48","198267893"
"chr3","200350209","200350513","KN295350v1","243779","244085","44","200106430"
"chr3","200391470","200391769","KN296062v1","2106200","2106493","46","198285270"
"chr3","200414613","200414912","KN294717v1","373979","374286","30","200040634"
"chr3","200430453","200430749","KN294326v1","423301","423597","36","200007152"
"chr3","200432042","200432336","KN294662v1","132660","132957","37","200299382"
"chr3","200433571","200433857","KN295236v1","5491143","5491432","43","194942428"
"chr3","200448532","200448567","KN295090v1","189648","189672","14","200258884"
"chr3","200448597","200448882","KN295102v1","214886","215171","42","200233711"
"chr3","200467902","200468200","KN294456v1","96834","97129","29","200371068"
"chr3","200470158","200470465","KN296244v1","295087","295395","37","200175071"
"chr3","200470755","200471036","KN295934v1","44997","45277","35","200425758"
"chr3","200520064","200520356","KN294662v1","79885","80185","40","200440179"
"chr3","200566115","200566410","KN295601v1","1239412","1239710","32","199326703"
"chr3","200587275","200587586","KN295667v1","1687893","1688204","40","198899382"
"chr3","200591408","200591718","KN295236v1","3424373","3424682","36","197167035"
"chr3","200605443","200605755","KN294385v1","335685","335986","34","200269758"
"chr3","200643762","200644060","KN294873v1","1327978","1328280","39","199315784"
"chr3","200657984","200658246","KN296119v1","1429276","1429554","62","199228708"
"chr3","200662287","200662598","KN295382v1","230497","230807","43","200431790"
"chr3","200662704","200663001","KN296747v1","35746","36041","29","200626958"
"chr3","200669676","200669978","KN295633v1","141651","141946","30","200528025"
"chr3","200684637","200684928","KN296290v1","395377","395681","46","200289260"
"chr3","200717628","200717912","KN295350v1","636567","636846","41","200081061"
"chr3","200735436","200735737","KN294539v1","761382","761684","32","199974054"
"chr3","200765907","200766217","KN296934v1","897698","898003","33","199868209"
"chr3","200778645","200778958","KN296357v1","706115","706421","39","200072530"
"chr3","200780429","200780733","KN295984v1","1146437","1146743","33","199633992"
"chr3","200814279","200814579","KN294387v1","2599087","2599393","36","198215192"
"chr3","200826967","200827256","KN297046v1","3326635","3326925","40","197500332"
"chr3","200832926","200833103","KN296153v1","3883753","3883925","33","196949173"
"chr3","200865588","200865870","KN296863v1","101008","101291","36","200764580"
"chr3","200866351","200866646","KN297046v1","2791168","2791468","31","198075183"
"chr3","200868422","200868706","KN295721v1","197604","197890","34","200670818"
"chr3","200869535","200869835","KN296153v1","3677943","3678242","36","197191592"
"chr3","200877422","200877695","KN294613v1","515856","516130","37","200361566"
"chr3","200900569","200900732","KN295236v1","745238","745405","30","200155331"
"chr3","200911742","200912048","KN297452v1","2293568","2293874","34","198618174"
"chr3","200915774","200915908","KN296795v1","1955999","1956137","17","198959775"
"chr3","200928963","200929275","KN294172v1","4623261","4623567","41","196305702"
"chr3","200931486","200931787","KN297133v1","1370295","1370592","31","199561191"
"chr3","200942743","200942961","KN294458v1","843442","843676","47","200099301"
"chr3","200943576","200943874","KN294375v1","301025","301318","42","200642551"
"chr3","200945961","200946259","KN294777v1","751157","751455","36","200194804"
"chr3","200946439","200946558","KN295361v1","171226","171341","20","200775213"
"chr3","201047964","201048264","KN296934v1","602412","602712","37","200445552"
"chr3","201069599","201069881","KN296040v1","568932","569222","42","200500667"
"chr3","201088256","201088553","KN296381v1","74782","75080","35","201013474"
"chr3","201097639","201097936","KN294444v1","57733","58029","38","201039906"
"chr3","201201414","201201698","KN296292v1","232041","232324","34","200969373"
"chr3","201305545","201305859","KN296588v1","321243","321547","35","200984302"
"chr3","201365761","201366055","KN294264v1","261999","262293","31","201103762"
"chr3","201446088","201446383","KN296738v1","137767","138070","49","201308321"
"chr3","201463239","201463377","KN294446v1","696791","696951","45","200766448"
"chr3","201465904","201466208","KN296859v1","895216","895514","38","200570688"
"chr3","201525879","201526194","KN296406v1","470066","470382","34","201055813"
"chr3","201572853","201573077","KN294520v1","569792","570018","34","201003061"
"chr3","201579108","201579424","KN295667v1","1687893","1688204","43","199891215"
"chr3","201581705","201581983","KN295350v1","493114","493401","43","201088591"
"chr3","201601532","201601827","KN294385v1","18712","19011","32","201582820"
"chr3","201743626","201743916","KN296079v1","793280","793574","42","200950346"
"chr3","201770143","201770439","KN297445v1","1326382","1326677","31","200443761"
"chr3","201776479","201776787","KN296865v1","1033695","1034008","39","200742784"
"chr3","201848229","201848520","KN297165v1","1143723","1144010","40","200704506"
"chr3","201850585","201850877","KN294662v1","132660","132957","40","201717925"
"chr3","201882941","201883241","KN294235v1","617801","618100","33","201265140"
"chr3","201892818","201893115","KN295803v1","664277","664575","31","201228541"
"chr3","201926084","201926252","KN295406v1","286761","286926","22","201639323"
"chr3","201962271","201962312","KN296154v1","331792","331829","20","201630479"
"chr3","201962311","201962354","KN295930v1","177542","177582","21","201784769"
"chr3","201962353","201962396","KN296157v1","1435015","1435074","20","200527338"
"chr3","201962395","201962438","KN296157v1","1435015","1435074","20","200527380"
"chr3","201962437","201962480","KN296157v1","1435015","1435074","20","200527422"
"chr3","201962479","201962522","KN296154v1","331792","331829","20","201630687"
"chr3","201962521","201962564","KN296157v1","1435015","1435074","20","200527506"
"chr3","201962563","201962606","KN296154v1","331792","331829","21","201630771"
"chr3","201962605","201962648","KN296154v1","331792","331829","20","201630813"
"chr3","201962647","201962690","KN296157v1","1435015","1435074","21","200527632"
"chr3","201962689","201962732","KN296154v1","331792","331829","20","201630897"
"chr3","201962731","201962774","KN296157v1","1435015","1435074","20","200527716"
"chr3","201962773","201962816","KN296157v1","1435015","1435074","20","200527758"
"chr3","201962815","201962858","KN296154v1","331792","331829","20","201631023"
"chr3","201962857","201962900","KN296157v1","1435015","1435074","20","200527842"
"chr3","201990474","201990774","KN294172v1","4761492","4761794","40","197228982"
"chr3","202013398","202013696","KN294873v1","1249435","1249733","37","200763963"
"chr3","202022375","202022669","KN294539v1","761382","761684","47","201260993"
"chr3","202040860","202041158","KN296865v1","1674895","1675192","39","200365965"
"chr3","202068652","202068863","KN296934v1","764213","764429","35","201304439"
"chr3","202069085","202069157","KN294949v1","1154722","1154795","13","200914363"
"chr3","202267784","202267834","KN296316v1","276796","276845","5","201990988"
"chr3","202268694","202269000","KN296495v1","519300","519607","42","201749394"
"chr3","202310837","202311057","KN296749v1","712972","713203","47","201597865"
"chr4","18350018","18350327","KN295930v1","389847","390154","40","17960171"
"chr4","39583711","39584012","KN294571v1","279917","280213","31","39303794"
"chr4","84410137","84410437","KN294846v1","192938","193230","29","84217199"
"chr4","93192156","93192472","KN296938v1","840830","841148","52","92351326"
"chr4","112066301","112066604","KN294251v1","3911011","3911311","37","108155290"
"chr4","54519","54797","KN295962v1","383890","384156","49","329371"
"chr4","55076","55376","KN296153v1","3677943","3678242","34","3622867"
"chr4","133486","133786","KN296900v1","121631","121934","35","11855"
"chr4","137803","138124","KN297197v1","1652825","1653120","67","1515022"
"chr4","202346","202507","KN296062v1","1385765","1385929","23","1183419"
"chr4","257455","257547","KN295544v1","30359","30447","19","227096"
"chr4","307383","307669","KN297041v1","56122","56414","26","251261"
"chr4","333354","333670","KN296311v1","4712911","4713218","46","4379557"
"chr4","342504","342786","KN297041v1","22337","22632","30","320167"
"chr4","345623","345919","KN297041v1","19142","19441","24","326481"
"chr4","371303","371606","KN294366v1","260000","260306","39","111303"
"chr4","393798","394076","KN294172v1","2999478","2999758","35","2605680"
"chr4","484800","485102","KN297327v1","119310","119620","37","365490"
"chr4","650762","651072","KN295692v1","998365","998674","40","347603"
"chr4","760928","761211","KN296090v1","75023","75307","44","685905"
"chr4","791911","792207","KN295430v1","1641544","1641843","46","849633"
"chr4","849833","850122","KN296747v1","35746","36041","39","814087"
"chr4","1279490","1279791","KN296442v1","529327","529624","33","750163"
"chr4","1293335","1293427","KN297046v1","1354457","1354545","13","61122"
"chr4","1375222","1375458","KN296900v1","261449","261690","34","1113773"
"chr4","1607223","1607527","KN294172v1","835311","835619","43","771912"
"chr4","1682495","1682788","KN295893v1","3435300","3435605","50","1752805"
"chr4","1704871","1705117","KN297165v1","2929718","2929968","42","1224847"
"chr4","1705150","1705208","KN296303v1","601715","601771","14","1103435"
"chr4","1710099","1710400","KN295441v1","1618043","1618347","42","92056"
"chr4","1886666","1886974","KN294824v1","203242","203547","43","1683424"
"chr4","1889150","1889445","KN294416v1","208870","209165","35","1680280"
"chr4","1903823","1904133","KN294456v1","876419","876725","40","1027404"
"chr4","1924636","1924946","KN296934v1","897698","898003","36","1026938"
"chr4","1929275","1929576","KN294416v1","208870","209165","41","1720405"
"chr4","1930381","1930667","KN297165v1","1143723","1144010","34","786658"
"chr4","1944647","1944948","KN296357v1","356792","357093","34","1587855"
"chr4","1957223","1957507","KN297229v1","405977","406257","43","1551246"
"chr4","1965129","1965438","KN294292v1","136185","136494","44","1828944"
"chr4","1974572","1974661","KN294325v1","1342552","1342644","15","632020"
"chr4","1974718","1974811","KN297190v1","10394","10480","21","1964324"
"chr4","2034042","2034214","KN295241v1","286024","286186","38","1748018"
"chr4","2053427","2053714","KN296153v1","3928048","3928334","31","1874621"
"chr4","2053715","2053900","KN296495v1","992432","992621","33","1061283"
"chr4","2070150","2070440","KN297165v1","1143723","1144010","31","926427"
"chr4","2191034","2191332","KN296726v1","490030","490331","33","1701004"
"chr4","2193991","2194273","KN296825v1","1641424","1641705","48","552567"
"chr4","2212811","2213102","KN295526v1","218147","218440","36","1994664"
"chr4","2254605","2254895","KN295907v1","2257700","2257990","39","3095"
"chr4","2270396","2270691","KN294443v1","551005","551302","36","1719391"
"chr4","2453622","2453924","KN294873v1","1249435","1249733","46","1204187"
"chr4","2475281","2475582","KN294208v1","853291","853593","36","1621990"
"chr4","2516379","2516677","KN295708v1","1014721","1015018","41","1501658"
"chr4","2542552","2542854","KN295666v1","691245","691556","44","1851307"
"chr4","2549495","2549807","KN294181v1","930133","930441","35","1619362"
"chr4","2563237","2563537","KN294407v1","93660","93961","44","2469577"
"chr4","2571474","2571771","KN296244v1","86518","86815","42","2484956"
"chr4","2574752","2575046","KN294292v1","223216","223503","38","2351536"
"chr4","2579092","2579395","KN295117v1","285369","285672","57","2293723"
"chr4","2579816","2580107","KN294665v1","205775","206066","32","2374041"
"chr4","2582743","2583052","KN295591v1","543372","543687","35","2039371"
"chr4","2599299","2599593","KN297197v1","1652825","1653120","32","946474"
"chr4","2606795","2607084","KN294416v1","208870","209165","40","2397925"
"chr4","2680368","2680651","KN295996v1","20361","20642","53","2660007"
"chr4","2695385","2695654","KN294292v1","24945","25210","40","2670440"
"chr4","2769322","2769626","KN295667v1","1687893","1688204","46","1081429"
"chr4","2769638","2769966","KN294257v1","1337815","1338136","53","1431823"
"chr4","2786787","2787105","KN295114v1","20941","21251","44","2765846"
"chr4","2788567","2788885","KN295045v1","469620","469933","57","2318947"
"chr4","2792832","2793136","KN294387v1","2599087","2599393","39","193745"
"chr4","2831899","2832198","KN296322v1","1833147","1833444","40","998752"
"chr4","2877797","2878089","KN297066v1","594449","594745","40","2283348"
"chr4","2908610","2908881","KN296072v1","178373","178661","46","2730237"
"chr4","2915137","2915435","KN295907v1","1253096","1253393","32","1662041"
"chr4","3012454","3012748","KN296075v1","154187","154480","37","2858267"
"chr4","3058599","3058910","KN295328v1","463393","463709","37","2595206"
"chr4","3106357","3106665","KN296009v1","636123","636432","32","2470234"
"chr4","3120689","3120992","KN296732v1","2013890","2014190","33","1106799"
"chr4","3129042","3129343","KN294911v1","3820095","3820391","30","691053"
"chr4","3142119","3142421","KN294444v1","57733","58029","32","3084386"
"chr4","3150229","3150529","KN294346v1","271830","272127","38","2878399"
"chr4","3220017","3220330","KN294662v1","79885","80185","49","3140132"
"chr4","3244866","3245177","KN297095v1","3406191","3406496","43","161325"
"chr4","3284724","3285036","KN295236v1","3424373","3424682","34","139649"
"chr4","3310263","3310567","KN295441v1","1618043","1618347","36","1692220"
"chr4","3344693","3344984","KN295350v1","493114","493401","39","2851579"
"chr4","3348639","3348943","KN295983v1","1536250","1536551","30","1812389"
"chr4","3372303","3372614","KN294172v1","4623261","4623567","34","1250958"
"chr4","3587667","3587966","KN297000v1","300195","300489","32","3287472"
"chr4","3628738","3629057","KN295430v1","2475707","2476027","45","1153031"
"chr4","3895410","3895712","KN294842v1","690378","690679","38","3205032"
"chr4","3989285","3989557","KN295717v1","1197641","1197909","42","2791644"
"chr4","3997917","3998216","KN295090v1","1657716","1658013","38","2340201"
"chr4","4005931","4006228","KN295744v1","643156","643450","33","3362775"
"chr4","4008297","4008606","KN296042v1","627408","627715","40","3380889"
"chr4","4020884","4021036","KN296306v1","2257256","2257409","26","1763628"
"chr4","4048804","4049126","KN295601v1","1509285","1509603","61","2539519"
"chr4","4114874","4115162","KN297404v1","243890","244177","41","3870984"
"chr4","4155178","4155484","KN295523v1","1048577","1048884","40","3106601"
"chr4","4228614","4228914","KN295112v1","343212","343513","32","3885402"
"chr4","4239543","4239841","KN294824v1","147930","148224","36","4091613"
"chr4","4253238","4253536","KN295352v1","487966","488265","41","3765272"
"chr4","4256509","4256798","KN296290v1","1153877","1154165","41","3102632"
"chr4","4287159","4287451","KN296747v1","35746","36041","33","4251413"
"chr4","4295020","4295345","KN296268v1","192340","192671","47","4102680"
"chr4","4319845","4319974","KN294588v1","2986122","2986249","20","1333723"
"chr4","4382258","4382554","KN296404v1","106219","106515","31","4276039"
"chr4","4405447","4405752","KN295350v1","243779","244085","31","4161668"
"chr4","4548280","4548589","KN294387v1","2599087","2599393","41","1949193"
"chr4","4595056","4595375","KN296192v1","183100","183413","43","4411956"
"chr4","4636468","4636774","KN294172v1","4761492","4761794","30","125024"
"chr4","4663540","4663847","KN296153v1","3677943","3678242","30","985597"
"chr4","4698735","4699026","KN295825v1","1953498","1953787","31","2745237"
"chr4","4906122","4906241","KN294940v1","475070","475187","23","4431052"
"chr4","4973413","4973683","KN296079v1","545724","546008","54","4427689"
"chr4","4999175","4999474","KN294964v1","1097183","1097482","36","3901992"
"chr4","5111326","5111625","KN296357v1","706115","706421","38","4405211"
"chr4","5116760","5117072","KN294187v1","377594","377903","42","4739166"
"chr4","5219205","5219490","KN295708v1","792696","792979","40","4426509"
"chr4","5241911","5242217","KN294578v1","615670","615980","49","4626241"
"chr4","5294422","5294717","KN296513v1","2973951","2974245","26","2320471"
"chr4","5295714","5295852","KN296513v1","2972814","2972946","19","2322900"
"chr4","5377234","5377524","KN296513v1","2909903","2910199","32","2467331"
"chr4","5418491","5418771","KN296513v1","2872414","2872691","25","2546077"
"chr4","5429162","5429443","KN294172v1","2999478","2999758","39","2429684"
"chr4","5452323","5452633","KN294717v1","373979","374286","38","5078344"
"chr4","5530066","5530360","KN295820v1","372417","372708","38","5157649"
"chr4","5554231","5554539","KN294167v1","219275","219575","38","5334956"
"chr4","5759487","5759784","KN295343v1","61003","61302","35","5698484"
"chr4","5763650","5763950","KN295090v1","1657716","1658013","35","4105934"
"chr4","5770196","5770486","KN294825v1","98541","98834","35","5671655"
"chr4","5770566","5770866","KN294172v1","4761492","4761794","30","1009074"
"chr4","5776181","5776476","KN296062v1","2106200","2106493","36","3669981"
"chr4","5849281","5849591","KN295368v1","1829747","1830057","38","4019534"
"chr4","5926716","5927007","KN297242v1","351132","351417","52","5575584"
"chr4","6078983","6079299","KN294949v1","391656","391966","37","5687327"
"chr4","6090247","6090544","KN296513v1","2290344","2290635","26","3799903"
"chr4","6196839","6197167","KN294365v1","1401774","1402095","45","4795065"
"chr4","6221727","6221999","KN295601v1","2549094","2549367","35","3672633"
"chr4","6245053","6245345","KN296200v1","142894","143186","40","6102159"
"chr4","6294043","6294346","KN296513v1","2084827","2085133","27","4209216"
"chr4","6299772","6300082","KN296747v1","35746","36041","42","6264026"
"chr4","6340077","6340398","KN295701v1","728104","728414","36","5611973"
"chr4","6359959","6360271","KN296158v1","1672506","1672810","36","4687453"
"chr4","6362458","6362767","KN294387v1","2599087","2599393","35","3763371"
"chr4","6431851","6432163","KN295758v1","997500","997807","45","5434351"
"chr4","6544373","6544669","KN296614v1","20754","21055","40","6523619"
"chr4","6660360","6660664","KN296513v1","1739204","1739508","21","4921156"
"chr4","6731667","6731975","KN295362v1","1241050","1241362","45","5490617"
"chr4","6783149","6783457","KN296075v1","565878","566186","34","6217271"
"chr4","6821245","6821512","KN296513v1","1575350","1575624","25","5245895"
"chr4","6853127","6853423","KN296513v1","1545711","1546021","36","5307416"
"chr4","6868617","6868919","KN296513v1","1529310","1529619","31","5339307"
"chr4","6878095","6878374","KN296916v1","367996","368276","39","6510099"
"chr4","6898002","6898312","KN296513v1","1499621","1499923","41","5398381"
"chr4","7054836","7055134","KN296513v1","1342617","1342925","29","5712219"
"chr4","7152602","7152918","KN294856v1","296536","296838","50","6856066"
"chr4","7166467","7166767","KN296732v1","2013890","2014190","34","5152577"
"chr4","7216546","7216855","KN294739v1","609228","609535","45","6607318"
"chr4","7251124","7251456","KN296513v1","1146699","1147011","43","6104425"
"chr4","7253841","7254155","KN295114v1","20941","21251","40","7232900"
"chr4","7266396","7266687","KN295820v1","372417","372708","37","6893979"
"chr4","7402700","7402980","KN297125v1","22244","22518","33","7380456"
"chr4","7477451","7477750","KN295523v1","296488","296786","43","7180963"
"chr4","7764775","7764968","KN295439v1","56818","57010","31","7707957"
"chr4","7918506","7918801","KN296153v1","3677943","3678242","30","4240563"
"chr4","7984027","7984325","KN296394v1","285196","285495","42","7698831"
"chr4","8037298","8037586","KN296145v1","1229473","1229757","50","6807825"
"chr4","8060576","8060886","KN294457v1","1379597","1379899","41","6680979"
"chr4","8066812","8067107","KN294335v1","675881","676182","34","7390931"
"chr4","8075386","8075669","KN296863v1","101008","101291","50","7974378"
"chr4","8112372","8112601","KN296513v1","296829","297055","22","7815543"
"chr4","8131225","8131526","KN296513v1","274352","274656","23","7856873"
"chr4","8242778","8243078","KN295090v1","1657716","1658013","38","6585062"
"chr4","8308442","8308750","KN296513v1","96191","96494","29","8212251"
"chr4","8356082","8356375","KN296153v1","3677943","3678242","42","4678139"
"chr4","8431511","8431634","KN294976v1","251420","251544","13","8180091"
"chr4","9228503","9228807","KN295523v1","1048577","1048884","37","8179926"
"chr4","9358513","9358666","KN294257v1","1288914","1289069","27","8069599"
"chr4","9370017","9370313","KN295039v1","323671","323967","40","9046346"
"chr4","9372389","9372699","KN295382v1","230497","230807","33","9141892"
"chr4","9380300","9380597","KN295073v1","883293","883586","35","8497007"
"chr4","9389606","9389877","KN297370v1","424987","425251","38","8964619"
"chr4","9395402","9395721","KN295236v1","2360987","2361301","45","7034415"
"chr4","9401915","9402226","KN295236v1","2360987","2361301","43","7040928"
"chr4","9416443","9416755","KN295114v1","20941","21251","33","9395502"
"chr4","9424859","9425164","KN294940v1","561093","561407","32","8863766"
"chr4","9430023","9430328","KN295705v1","690925","691236","49","8739098"
"chr4","9431218","9431525","KN296486v1","698399","698705","37","8732819"
"chr4","9487189","9487493","KN295580v1","1390","1690","38","9485799"
"chr4","9495590","9495902","KN296404v1","1938458","1938769","41","7557132"
"chr4","9528871","9529177","KN296404v1","3895018","3895319","41","5633853"
"chr4","9760924","9761221","KN295907v1","1253096","1253393","35","8507828"
"chr4","10079042","10079342","KN297046v1","2791168","2791468","42","7287874"
"chr4","10088333","10088626","KN294536v1","1607732","1608024","50","8480601"
"chr4","10111156","10111467","KN297133v1","419676","419981","33","9691480"
"chr4","10115185","10115459","KN296682v1","991034","991301","41","9124151"
"chr4","10171641","10171946","KN295501v1","1005257","1005557","39","9166384"
"chr4","10210894","10211192","KN295096v1","2124655","2124956","41","8086239"
"chr4","10212249","10212536","KN295174v1","221907","222190","44","9990342"
"chr4","10216792","10217094","KN294790v1","2757948","2758248","38","7458844"
"chr4","10277112","10277405","KN297219v1","858424","858713","33","9418688"
"chr4","10431750","10432039","KN296749v1","707029","707324","39","9724721"
"chr4","10492055","10492356","KN296244v1","86518","86815","36","10405537"
"chr4","10745717","10746013","KN294385v1","1573515","1573812","46","9172202"
"chr4","10811944","10812250","KN295708v1","1599062","1599372","36","9212882"
"chr4","10873177","10873484","KN294705v1","1582720","1583032","38","9290457"
"chr4","11020505","11020811","KN295586v1","4915074","4915376","39","6105431"
"chr4","11222496","11222805","KN296290v1","702538","702843","45","10519958"
"chr4","11239364","11239663","KN294385v1","101695","101993","37","11137669"
"chr4","11689248","11689540","KN294251v1","2774332","2774632","54","8914916"
"chr4","11690852","11691154","KN294287v1","233073","233375","32","11457779"
"chr4","11705224","11705528","KN295983v1","1536250","1536551","40","10168974"
"chr4","11742412","11742707","KN297095v1","2087459","2087755","37","9654953"
"chr4","11766541","11766814","KN295995v1","945650","945923","38","10820891"
"chr4","11822598","11822882","KN296749v1","503583","503870","33","11319015"
"chr4","12089988","12090295","KN295122v1","337475","337784","32","11752513"
"chr4","12146663","12146968","KN295122v1","393276","393583","34","11753387"
"chr4","12149446","12149739","KN295302v1","161082","161375","29","11988364"
"chr4","12273093","12273199","KN296145v1","2605595","2605704","13","9667498"
"chr4","12275978","12276266","KN295609v1","481212","481501","34","11794766"
"chr4","12416358","12416649","KN295345v1","1379880","1380168","39","11036478"
"chr4","12458947","12459250","KN294387v1","2599087","2599393","39","9859860"
"chr4","12471115","12471426","KN295609v1","287180","287502","35","12183935"
"chr4","12491083","12491392","KN295114v1","20941","21251","31","12470142"
"chr4","12751682","12751991","KN295708v1","1599062","1599372","40","11152620"
"chr4","12793508","12793756","KN296009v1","1457496","1457742","40","11336012"
"chr4","12815574","12815871","KN295375v1","132628","132930","38","12682946"
"chr4","12907384","12907671","KN295607v1","4402317","4402604","38","8505067"
"chr4","12917751","12918059","KN295550v1","1007565","1007867","40","11910186"
"chr4","13047003","13047289","KN295441v1","485205","485492","32","12561798"
"chr4","13051744","13052051","KN296244v1","295087","295395","43","12756657"
"chr4","13111763","13112057","KN296145v1","2774906","2775204","41","10336857"
"chr4","13322226","13322536","KN295667v1","1687893","1688204","41","11634333"
"chr4","13380247","13380533","KN295825v1","187542","187828","42","13192705"
"chr4","13422115","13422411","KN295854v1","367743","368038","38","13054372"
"chr4","13463633","13463875","KN296153v1","2778676","2778916","32","10684957"
"chr4","13600317","13600616","KN296528v1","1436873","1437172","40","12163444"
"chr4","13751480","13751758","KN295302v1","221609","221894","40","13529871"
"chr4","13957925","13958224","KN294790v1","1555084","1555390","48","12402841"
"chr4","14085383","14085505","KN296864v1","234442","234573","21","13850941"
"chr4","14086364","14086665","KN295459v1","1614660","1614952","52","12471704"
"chr4","14176840","14177136","KN296322v1","1833147","1833444","46","12343693"
"chr4","14355017","14355294","KN295936v1","30401","30674","36","14324616"
"chr4","14473595","14473796","KN297099v1","419872","420079","54","14053723"
"chr4","14494563","14494849","KN295825v1","1953498","1953787","34","12541065"
"chr4","14905974","14906287","KN296646v1","106697","107010","42","14799277"
"chr4","15029898","15030193","KN296557v1","709141","709435","35","14320757"
"chr4","15038822","15039128","KN297323v1","362696","363010","39","14676126"
"chr4","15047169","15047486","KN294187v1","1346864","1347175","40","13700305"
"chr4","15225960","15226253","KN294561v1","767639","767926","40","14458321"
"chr4","15244320","15244492","KN296244v1","1009119","1009288","27","14235201"
"chr4","15370441","15370733","KN294407v1","93660","93961","39","15276781"
"chr4","15518682","15518994","KN296833v1","343804","344118","32","15174878"
"chr4","15529691","15530001","KN296035v1","338193","338502","35","15191498"
"chr4","15573711","15573990","KN295096v1","193088","193382","49","15380623"
"chr4","15764662","15764961","KN296759v1","638542","638840","36","15126120"
"chr4","15768174","15768464","KN294571v1","1694112","1694408","42","14074062"
"chr4","15902831","15903104","KN295573v1","520941","521218","40","15381890"
"chr4","16016670","16016964","KN295319v1","147659","147950","36","15869011"
"chr4","16049361","16049652","KN296682v1","5162407","5162700","39","10886954"
"chr4","16129278","16129573","KN294911v1","4554973","4555270","35","11574305"
"chr4","16176112","16176427","KN295114v1","20941","21251","43","16155171"
"chr4","16263253","16263582","KN296337v1","967689","968000","40","15295564"
"chr4","16266247","16266555","KN294717v1","373979","374286","32","15892268"
"chr4","16471715","16471995","KN295096v1","426851","427132","39","16044864"
"chr4","16751916","16752124","KN297147v1","217140","217352","38","16534776"
"chr4","16832004","16832263","KN296337v1","361193","361456","30","16470811"
"chr4","16978422","16978726","KN296495v1","1976569","1976874","40","15001853"
"chr4","17112922","17113236","KN296337v1","84967","85284","43","17027955"
"chr4","17134416","17134713","KN296337v1","66529","66817","28","17067887"
"chr4","17226133","17226414","KN295441v1","1712359","1712645","48","15513774"
"chr4","17296551","17296861","KN296075v1","565878","566186","35","16730673"
"chr4","17338773","17339077","KN294527v1","133499","133799","28","17205274"
"chr4","17352041","17352352","KN294527v1","147022","147334","27","17205019"
"chr4","17362609","17362898","KN294407v1","776051","776345","40","16586558"
"chr4","17363703","17363855","KN295907v1","2355327","2355473","23","15008376"
"chr4","17364363","17364474","KN294911v1","2541337","2541450","28","14823026"
"chr4","17366627","17366920","KN294527v1","161431","161723","25","17205196"
"chr4","17398713","17398860","KN297219v1","31603","31740","23","17367110"
"chr4","17452239","17452546","KN295059v1","336835","337145","37","17115404"
"chr4","17457476","17457765","KN294527v1","244603","244886","41","17212873"
"chr4","17477381","17477678","KN296747v1","35746","36041","35","17441635"
"chr4","17500444","17500749","KN294733v1","520559","520860","35","16979885"
"chr4","17545837","17546130","KN296280v1","641825","642127","41","16904012"
"chr4","17549073","17549379","KN295893v1","3435300","3435605","39","14113773"
"chr4","17565424","17565735","KN294487v1","54074","54385","40","17511350"
"chr4","17739295","17739629","KN296280v1","453801","454105","52","17285494"
"chr4","17849430","17849720","KN296747v1","35746","36041","32","17813684"
"chr4","17870818","17871121","KN296280v1","325167","325476","32","17545651"
"chr4","18030305","18030613","KN295667v1","1687893","1688204","36","16342412"
"chr4","18077777","18078024","KN296280v1","120827","121074","14","17956950"
"chr4","18252262","18252553","KN296078v1","64478","64770","32","18187784"
"chr4","18283966","18284272","KN294842v1","167826","168129","39","18116140"
"chr4","18291461","18291762","KN296078v1","105670","105981","33","18185791"
"chr4","18322713","18322951","KN296078v1","135674","135914","20","18187039"
"chr4","18457900","18458210","KN295667v1","1687893","1688204","44","16770007"
"chr4","18710759","18710962","KN294739v1","1093016","1093221","52","17617743"
"chr4","18711066","18711141","KN296635v1","3788039","3788111","16","14923027"
"chr4","18783856","18784163","KN297421v1","269231","269537","33","18514625"
"chr4","19007442","19007742","KN296244v1","860253","860559","38","18147189"
"chr4","19019744","19020046","KN296078v1","878445","878748","27","18141299"
"chr4","19081868","19082177","KN294433v1","482950","483258","38","18598918"
"chr4","19087586","19087885","KN296078v1","952866","953181","43","18134720"
"chr4","19099936","19100193","KN296078v1","964547","964796","35","18135389"
"chr4","19321621","19321915","KN294536v1","1607732","1608024","36","17713889"
"chr4","19351132","19351371","KN295692v1","2728785","2729029","59","16622347"
"chr4","19360056","19360357","KN295350v1","389964","390265","45","18970092"
"chr4","19380571","19380883","KN296357v1","706115","706421","46","18674456"
"chr4","19467714","19468019","KN294365v1","795012","795312","43","18672702"
"chr4","19755948","19756241","KN294713v1","485096","485391","40","19270852"
"chr4","20054091","20054363","KN297264v1","12615","12885","40","20041476"
"chr4","20204163","20204469","KN296202v1","322489","322785","27","19881674"
"chr4","20332439","20332741","KN296202v1","451307","451613","34","19881132"
"chr4","20344794","20345095","KN296588v1","813149","813445","44","19531645"
"chr4","20391773","20392081","KN295171v1","675269","675580","38","19716504"
"chr4","20442510","20442805","KN296809v1","750243","750541","39","19692267"
"chr4","20610947","20611253","KN296934v1","897698","898003","32","19713249"
"chr4","20633882","20634180","KN295717v1","1613358","1613658","52","19020524"
"chr4","20765505","20765815","KN295725v1","1996226","1996536","38","18769279"
"chr4","20777537","20777847","KN296035v1","338193","338502","29","20439344"
"chr4","20805701","20806011","KN295294v1","3132769","3133075","28","17672932"
"chr4","20863398","20863699","KN294346v1","307051","307350","42","20556347"
"chr4","20917705","20918006","KN296732v1","2013890","2014190","40","18903815"
"chr4","21035199","21035506","KN294790v1","2757948","2758248","50","18277251"
"chr4","21076926","21077206","KN294630v1","202839","203122","37","20874087"
"chr4","21235551","21235830","KN296834v1","411444","411724","40","20824107"
"chr4","21348540","21348690","KN296834v1","223209","223356","25","21125331"
"chr4","21348941","21349079","KN296702v1","607814","607951","17","20741127"
"chr4","21375150","21375418","KN294233v1","693280","693548","48","20681870"
"chr4","21444224","21444530","KN294717v1","373979","374286","46","21070245"
"chr4","21504570","21504862","KN296864v1","999128","999415","51","20505442"
"chr4","21509836","21510141","KN295112v1","343212","343513","47","21166624"
"chr4","21594492","21594774","KN294711v1","646506","646789","44","20947986"
"chr4","21710970","21711279","KN295869v1","284557","284865","34","21426413"
"chr4","21839270","21839575","KN295112v1","343212","343513","35","21496058"
"chr4","22019080","22019376","KN294536v1","1607732","1608024","41","20411348"
"chr4","22344474","22344747","KN295633v1","999094","999364","42","21345380"
"chr4","22397711","22397950","KN295424v1","640051","640291","59","21757660"
"chr4","22412982","22413297","KN296281v1","60300","60607","46","22352682"
"chr4","22419626","22419926","KN297112v1","3867935","3868239","36","18551691"
"chr4","22485342","22485631","KN295294v1","334706","334991","35","22150636"
"chr4","22752752","22753057","KN294399v1","151738","152035","36","22601014"
"chr4","22811937","22812240","KN296934v1","419367","419671","42","22392570"
"chr4","22850213","22850515","KN294365v1","795012","795312","33","22055201"
"chr4","23002991","23003293","KN297133v1","419676","419981","32","22583315"
"chr4","23232606","23232831","KN295433v1","2499645","2499854","32","20732961"
"chr4","23266705","23266994","KN295820v1","372417","372708","34","22894288"
"chr4","23493808","23494113","KN295854v1","1482858","1483168","36","22010950"
"chr4","24093021","24093326","KN294536v1","1859228","1859530","41","22233793"
"chr4","24105765","24106104","KN295471v1","836808","837136","59","23268957"
"chr4","24123998","24124303","KN295090v1","56526","56822","33","24067472"
"chr4","24159452","24159763","KN296158v1","1672506","1672810","44","22486946"
"chr4","24309542","24309841","KN295433v1","1398412","1398713","27","22911130"
"chr4","24342144","24342450","KN296153v1","3677943","3678242","38","20664201"
"chr4","24389867","24390160","KN294513v1","735571","735866","38","23654296"
"chr4","24433586","24433896","KN296520v1","401670","401982","43","24031916"
"chr4","24434771","24435092","KN296062v1","165336","165642","60","24269435"
"chr4","24546762","24547041","KN296739v1","287386","287669","46","24259376"
"chr4","24628848","24629152","KN297019v1","1233639","1233939","39","23395209"
"chr4","24648951","24649267","KN295433v1","1053730","1054047","40","23595221"
"chr4","24657469","24657780","KN295433v1","1045272","1045585","28","23612197"
"chr4","24680010","24680306","KN295236v1","1764741","1765042","39","22915269"
"chr4","24816422","24816728","KN294717v1","373979","374286","38","24442443"
"chr4","24842802","24843081","KN294172v1","2999478","2999758","37","21843324"
"chr4","24843711","24844013","KN296019v1","206153","206463","46","24637558"
"chr4","24863180","24863480","KN295433v1","841891","842201","39","24021289"
"chr4","24929559","24929827","KN294790v1","3298573","3298831","49","21630986"
"chr4","25105947","25106244","KN294697v1","98914","99214","37","25007033"
"chr4","25149191","25149490","KN296430v1","770276","770574","40","24378915"
"chr4","25159367","25159546","KN295433v1","533187","533363","21","24626180"
"chr4","25166903","25167083","KN295433v1","533187","533363","21","24633716"
"chr4","25185231","25185487","KN294439v1","301551","301816","55","24883680"
"chr4","25212869","25213165","KN296119v1","3254652","3254946","36","21958217"
"chr4","25322630","25322935","KN294705v1","1123965","1124275","59","24198665"
"chr4","25376827","25377135","KN295059v1","336835","337145","35","25039992"
"chr4","25407010","25407279","KN296201v1","586124","586387","56","24820886"
"chr4","25421864","25422145","KN296314v1","33229","33508","42","25388635"
"chr4","25425250","25425559","KN295433v1","283509","283811","31","25141741"
"chr4","25426130","25426429","KN294790v1","2351029","2351324","41","23075101"
"chr4","25496377","25496690","KN296538v1","1401368","1401681","39","24095009"
"chr4","25515412","25515716","KN295433v1","192716","193027","27","25322696"
"chr4","25516661","25516966","KN295596v1","1673921","1674225","44","23842740"
"chr4","25524402","25524717","KN295433v1","184137","184452","29","25340265"
"chr4","25581169","25581341","KN295433v1","132912","133075","29","25448257"
"chr4","25613761","25614037","KN297165v1","1143723","1144010","42","24470038"
"chr4","25615062","25615354","KN296759v1","638542","638840","32","24976520"
"chr4","25616590","25616866","KN295553v1","379609","379888","42","25236981"
"chr4","25617891","25618183","KN296759v1","638542","638840","31","24979349"
"chr4","25641451","25641749","KN295433v1","61864","62160","24","25579587"
"chr4","25647672","25647981","KN294325v1","986307","986615","36","24661365"
"chr4","25649302","25649473","KN296682v1","2871728","2871900","26","22777574"
"chr4","25697197","25697499","KN296270v1","822549","822845","37","24874648"
"chr4","25697952","25698218","KN296449v1","822","1085","35","25697130"
"chr4","25708341","25708633","KN295995v1","1426233","1426527","45","24282108"
"chr4","25719220","25719470","KN296270v1","802134","802383","20","24917086"
"chr4","25855885","25856167","KN296270v1","660582","660864","22","25195303"
"chr4","25879867","25880169","KN297314v1","117021","117312","40","25762846"
"chr4","25909370","25909660","KN296270v1","607254","607549","28","25302116"
"chr4","25959115","25959398","KN296270v1","559574","559857","26","25399541"
"chr4","26154192","26154489","KN296270v1","369106","369390","39","25785086"
"chr4","26249773","26250071","KN296859v1","895216","895514","34","25354557"
"chr4","26268365","26268666","KN296137v1","1444","1748","48","26266921"
"chr4","26427603","26427918","KN296270v1","100192","100511","39","26327411"
"chr4","26449626","26449937","KN294578v1","615670","615980","38","25833956"
"chr4","26546165","26546468","KN294874v1","934343","934646","36","25611822"
"chr4","26750771","26751074","KN296403v1","222208","222518","34","26528563"
"chr4","27020719","27021002","KN294172v1","2947240","2947526","36","24073479"
"chr4","27071516","27071812","KN296062v1","1796687","1796987","36","25274829"
"chr4","27084320","27084632","KN296403v1","558918","559229","30","26525402"
"chr4","27155627","27155921","KN295209v1","634423","634725","40","26521204"
"chr4","27313607","27313892","KN297165v1","1143723","1144010","40","26169884"
"chr4","27334142","27334451","KN296403v1","807700","808008","24","26526442"
"chr4","27561298","27561560","KN295962v1","383890","384156","47","27177408"
"chr4","27683844","27684141","KN296759v1","638542","638840","35","27045302"
"chr4","27807217","27807503","KN294739v1","890098","890382","35","26917119"
"chr4","28075184","28075499","KN295634v1","230980","231291","51","27844204"
"chr4","28086633","28086922","KN294452v1","113360","113649","39","27973273"
"chr4","28171463","28171752","KN294571v1","1534865","1535156","47","26636598"
"chr4","28299367","28299661","KN296528v1","7494","7791","49","28291873"
"chr4","28404986","28405297","KN294499v1","1948987","1949299","41","26455999"
"chr4","28430893","28431162","KN295217v1","1398200","1398482","39","27032693"
"chr4","28434111","28434400","KN295195v1","169621","169909","31","28264490"
"chr4","28453197","28453483","KN294365v1","2002107","2002388","38","26451090"
"chr4","28462048","28462337","KN295195v1","198493","198774","39","28263555"
"chr4","28612512","28612823","KN295936v1","1040084","1040396","35","27572428"
"chr4","28783010","28783279","KN296062v1","2426899","2427185","50","26356111"
"chr4","28783423","28783730","KN297390v1","1640938","1641250","47","27142485"
"chr4","28803821","28804127","KN295236v1","4576569","4576870","45","24227252"
"chr4","29617863","29618165","KN295350v1","243779","244085","43","29374084"
"chr4","29670338","29670638","KN294758v1","374673","374971","49","29295665"
"chr4","29672672","29672959","KN294187v1","1526075","1526365","50","28146597"
"chr4","30013155","30013452","KN294339v1","66879","67184","42","29946276"
"chr4","30058885","30059189","KN295236v1","470675","470981","46","29588210"
"chr4","30069426","30069725","KN297259v1","2357226","2357525","36","27712200"
"chr4","30093371","30093663","KN294911v1","4245051","4245346","42","25848320"
"chr4","30111755","30112046","KN295721v1","197604","197890","39","29914151"
"chr4","30115365","30115489","KN295361v1","171226","171341","21","29944139"
"chr4","30307799","30308109","KN297000v1","49763","50071","42","30258036"
"chr4","30309479","30309716","KN296202v1","175807","176044","41","30133672"
"chr4","30668772","30669073","KN295983v1","154528","154826","37","30514244"
"chr4","30736651","30736924","KN294172v1","6656193","6656471","41","24080458"
"chr4","30853781","30854045","KN296201v1","586124","586387","38","30267657"
"chr4","31080190","31080440","KN296557v1","404563","404804","48","30675627"
"chr4","31094623","31094978","KN296311v1","7814948","7815283","79","23279675"
"chr4","31176112","31176377","KN297008v1","2640522","2640786","38","28535590"
"chr4","31224725","31225034","KN295962v1","1921217","1921530","43","29303508"
"chr4","31271137","31271434","KN296063v1","1064190","1064488","37","30206947"
"chr4","31328639","31328946","KN296153v1","3677943","3678242","39","27650696"
"chr4","31504927","31505228","KN294239v1","153759","154060","40","31351168"
"chr4","31545046","31545213","KN294456v1","1251593","1251759","24","30293453"
"chr4","31573650","31573933","KN294711v1","646506","646789","40","30927144"
"chr4","31726902","31727197","KN294662v1","79885","80185","38","31647017"
"chr4","31791771","31792066","KN296557v1","709141","709435","31","31082630"
"chr4","32079752","32080057","KN295244v1","190064","190370","47","31889688"
"chr4","32095071","32095378","KN296731v1","1681432","1681735","40","30413639"
"chr4","32099267","32099545","KN295700v1","389161","389445","36","31710106"
"chr4","32140105","32140384","KN296079v1","1551529","1551809","44","30588576"
"chr4","32153807","32154131","KN296308v1","871499","871827","50","31282308"
"chr4","32215304","32215515","KN296157v1","1400696","1400905","33","30814608"
"chr4","32226214","32226439","KN295356v1","844442","844670","35","31381772"
"chr4","32243191","32243473","KN296435v1","3246212","3246499","47","28996979"
"chr4","32441951","32442242","KN295236v1","4576569","4576870","42","27865382"
"chr4","32466399","32466700","KN296515v1","860446","860749","45","31605953"
"chr4","32469870","32470182","KN295601v1","2895150","2895452","45","29574720"
"chr4","32564313","32564609","KN296096v1","3767148","3767446","41","28797165"
"chr4","32566677","32566938","KN296201v1","586124","586387","37","31980553"
"chr4","32666427","32666710","KN295090v1","523438","523719","32","32142989"
"chr4","32943645","32943897","KN294486v1","585631","585878","42","32358014"
"chr4","33208732","33209010","KN294210v1","883297","883578","44","32325435"
"chr4","33285081","33285388","KN295554v1","143340","143643","39","33141741"
"chr4","33299750","33299952","KN294217v1","2678845","2679043","39","30620905"
"chr4","33302810","33303012","KN294217v1","2678845","2679043","39","30623965"
"chr4","33321220","33321515","KN295257v1","1087444","1087739","39","32233776"
"chr4","33363651","33363947","KN296495v1","2056834","2057132","40","31306817"
"chr4","33517288","33517572","KN294733v1","316989","317272","44","33200299"
"chr4","33602115","33602247","KN294172v1","5285027","5285162","23","28317088"
"chr4","33602452","33602618","KN296536v1","581047","581206","27","33021405"
"chr4","33696928","33697255","KN295601v1","761243","761570","49","32935685"
"chr4","33830961","33831268","KN296934v1","897698","898003","39","32933263"
"chr4","33882792","33883067","KN296960v1","749019","749293","32","33133773"
"chr4","33909833","33910132","KN294987v1","745181","745475","40","33164652"
"chr4","33927650","33927955","KN295983v1","1664954","1665256","34","32262696"
"chr4","34241593","34241902","KN294387v1","2599087","2599393","42","31642506"
"chr4","34335709","34335819","KN295984v1","355751","355859","21","33979958"
"chr4","34653497","34653808","KN295236v1","3424373","3424682","46","31229124"
"chr4","34906397","34906706","KN295114v1","20941","21251","43","34885456"
"chr4","35359807","35360087","KN296616v1","218498","218778","33","35141309"
"chr4","35601972","35602282","KN294387v1","2599087","2599393","38","33002885"
"chr4","35959699","35960012","KN295241v1","338921","339233","38","35620778"
"chr4","35985400","35985670","KN296108v1","63524","63807","47","35921876"
"chr4","36146175","36146489","KN297046v1","2099842","2100156","61","34046333"
"chr4","36153878","36154173","KN294172v1","6860683","6860986","43","29293195"
"chr4","36219486","36219797","KN295983v1","3075958","3076264","28","33143528"
"chr4","36455465","36455612","KN295983v1","2844470","2844607","13","33610995"
"chr4","36692016","36692323","KN294668v1","2096517","2096825","36","34595499"
"chr4","36996899","36997038","KN296795v1","1955999","1956137","16","35040900"
"chr4","37005531","37005813","KN295983v1","2275741","2276005","46","34729790"
"chr4","37156699","37156991","KN296133v1","239214","239508","35","36917485"
"chr4","37166080","37166391","KN294837v1","302279","302587","40","36863801"
"chr4","37169871","37170178","KN295983v1","2104376","2104687","30","35065495"
"chr4","37214598","37214894","KN295854v1","1139209","1139500","58","36075389"
"chr4","37378702","37378995","KN296096v1","742195","742488","30","36636507"
"chr4","37559542","37559853","KN295633v1","264317","264628","34","37295225"
"chr4","37689920","37690226","KN296614v1","20754","21055","40","37669166"
"chr4","37693253","37693560","KN295523v1","183476","183782","43","37509777"
"chr4","37712580","37712748","KN296062v1","1385765","1385929","23","36326815"
"chr4","37716812","37717102","KN296205v1","756673","756959","34","36960139"
"chr4","37733019","37733266","KN296280v1","120827","121074","40","37612192"
"chr4","37735481","37735780","KN296119v1","6426036","6426336","33","31309445"
"chr4","37796712","37797017","KN295983v1","1464488","1464793","34","36332224"
"chr4","37825882","37826115","KN295102v1","179160","179397","37","37646722"
"chr4","37837887","37838194","KN295983v1","1425916","1426220","30","36411971"
"chr4","37869052","37869380","KN296565v1","45013","45324","46","37824039"
"chr4","37962830","37963133","KN295090v1","1657716","1658013","38","36305114"
"chr4","38020217","38020516","KN295983v1","1260062","1260364","29","36760155"
"chr4","38080051","38080346","KN297000v1","300195","300489","41","37779856"
"chr4","38244467","38244767","KN295854v1","1466288","1466586","47","36778179"
"chr4","38253472","38253781","KN297317v1","20735","21043","43","38232737"
"chr4","38549615","38549900","KN295430v1","2785325","2785610","44","35764290"
"chr4","38587734","38588045","KN294717v1","373979","374286","38","38213755"
"chr4","38645452","38645749","KN296153v1","3677943","3678242","38","34967509"
"chr4","38830302","38830594","KN295995v1","1426233","1426527","40","37404069"
"chr4","38847780","38848086","KN296682v1","4599208","4599505","44","34248572"
"chr4","38922145","38922439","KN296079v1","818314","818613","42","38103831"
"chr4","38929993","38930301","KN294758v1","2189671","2189970","36","36740322"
"chr4","38951540","38951840","KN294407v1","93660","93961","36","38857880"
"chr4","38991352","38991652","KN294207v1","557555","557856","36","38433797"
"chr4","39134663","39134967","KN296588v1","1228829","1229131","38","37905834"
"chr4","39136308","39136600","KN295983v1","154528","154826","26","38981780"
"chr4","39153458","39153755","KN297159v1","618451","618746","33","38535007"
"chr4","39174144","39174442","KN294260v1","621951","622250","41","38552193"
"chr4","39267738","39268041","KN295983v1","39110","39407","34","39228628"
"chr4","39286182","39286435","KN295983v1","27909","28160","16","39258273"
"chr4","39309995","39310289","KN295967v1","725729","726020","32","38584266"
"chr4","39329833","39330127","KN295090v1","1657716","1658013","36","37672117"
"chr4","39432176","39432486","KN295114v1","20941","21251","34","39411235"
"chr4","39457038","39457345","KN296311v1","4712911","4713218","37","34744127"
"chr4","39461760","39462056","KN294758v1","374673","374971","38","39087087"
"chr4","39465579","39465885","KN294571v1","152369","152681","30","39313210"
"chr4","39467847","39468154","KN294662v1","79885","80185","43","39387962"
"chr4","39472033","39472340","KN295667v1","1687893","1688204","32","37784140"
"chr4","39505413","39505717","KN294571v1","195611","195917","26","39309802"
"chr4","39520760","39521063","KN294387v1","2599087","2599393","37","36921673"
"chr4","39525722","39526030","KN294571v1","216248","216558","26","39309474"
"chr4","39548485","39548783","KN295533v1","1053416","1053711","40","38495069"
"chr4","39557430","39557720","KN296153v1","91872","92161","36","39465558"
"chr4","39582478","39582780","KN297046v1","2656093","2656395","34","36926385"
"chr4","39591942","39592245","KN294856v1","296536","296838","35","39295406"
"chr4","39596345","39596644","KN294239v1","153759","154060","30","39442586"
"chr4","39643057","39643351","KN295705v1","1369810","1370111","47","38273247"
"chr4","39684881","39685184","KN294571v1","386066","386372","29","39298815"
"chr4","39697815","39698113","KN294571v1","398812","399115","28","39299003"
"chr4","39707059","39707368","KN294571v1","407528","407837","37","39299531"
"chr4","39712712","39713009","KN294571v1","413058","413353","21","39299654"
"chr4","39756536","39756828","KN295633v1","131503","131796","38","39625033"
"chr4","39770319","39770607","KN294536v1","1607732","1608024","38","38162587"
"chr4","39821082","39821375","KN295825v1","1953498","1953787","46","37867584"
"chr4","39835618","39835911","KN297227v1","684949","685246","42","39150669"
"chr4","39854503","39854781","KN295820v1","915807","916059","51","38938696"
"chr4","39876750","39877056","KN296381v1","91265","91569","30","39785485"
"chr4","39878769","39879054","KN296731v1","728237","728521","54","39150532"
"chr4","39891181","39891433","KN296923v1","34416","34674","41","39856765"
"chr4","39904222","39904531","KN295114v1","20941","21251","36","39883281"
"chr4","39904695","39904865","KN294571v1","602957","603128","13","39301738"
"chr4","39965596","39965881","KN294571v1","667831","668116","20","39297765"
"chr4","39985386","39985690","KN297322v1","1263875","1264176","37","38721511"
"chr4","40003142","40003434","KN294571v1","710815","711108","34","39292327"
"chr4","40010893","40011091","KN294520v1","611114","611311","64","39399779"
"chr4","40027620","40027919","KN296732v1","2013890","2014190","42","38013730"
"chr4","40040705","40040905","KN297197v1","3678252","3678452","35","36362453"
"chr4","40044803","40045108","KN295586v1","2269065","2269364","35","37775738"
"chr4","40057441","40057752","KN295059v1","336835","337145","33","39720606"
"chr4","40064384","40064688","KN296934v1","897698","898003","32","39166686"
"chr4","40074959","40075205","KN295220v1","205909","206156","43","39869050"
"chr4","40107217","40107519","KN294571v1","840309","840602","30","39266908"
"chr4","40121965","40122255","KN296308v1","477445","477739","72","39644520"
"chr4","40129491","40129785","KN294571v1","858332","858626","18","39271159"
"chr4","40130158","40130444","KN294571v1","858975","859267","38","39271183"
"chr4","40131862","40132152","KN294571v1","860629","860916","26","39271233"
"chr4","40149487","40149785","KN296747v1","35746","36041","39","40113741"
"chr4","40277920","40278230","KN294717v1","373979","374286","31","39903941"
"chr4","40291020","40291330","KN294571v1","1012216","1012510","33","39278804"
"chr4","40314796","40315098","KN295034v1","63947","64249","36","40250849"
"chr4","40326364","40326654","KN294571v1","1045149","1045458","44","39281215"
"chr4","40332563","40332862","KN294842v1","1292189","1292485","42","39040374"
"chr4","40342469","40342777","KN297390v1","1640938","1641250","34","38701531"
"chr4","40389252","40389537","KN294571v1","1108999","1109289","27","39280253"
"chr4","40440718","40440999","KN296661v1","1303368","1303652","38","39137350"
"chr4","40450321","40450632","KN294499v1","1676730","1677037","42","38773591"
"chr4","40452532","40452833","KN297019v1","1233639","1233939","32","39218893"
"chr4","40461121","40461415","KN294229v1","72819","73113","43","40388302"
"chr4","40469339","40469635","KN294571v1","1186892","1187189","32","39282447"
"chr4","40509279","40509581","KN297445v1","1326382","1326677","38","39182897"
"chr4","40517392","40517690","KN297171v1","1781046","1781343","44","38736346"
"chr4","40525945","40526239","KN297008v1","1975388","1975682","36","38550557"
"chr4","40541247","40541542","KN295171v1","869545","869845","45","39671702"
"chr4","40555848","40556159","KN295375v1","132628","132930","44","40423220"
"chr4","40559659","40559963","KN295667v1","1687893","1688204","33","38871766"
"chr4","40591704","40592012","KN294571v1","1313323","1313635","28","39278381"
"chr4","40592456","40592729","KN295995v1","945650","945923","36","39646806"
"chr4","40594974","40595266","KN296557v1","709141","709435","40","39885833"
"chr4","40596725","40597016","KN294167v1","406704","406998","36","40190021"
"chr4","40601956","40602257","KN294571v1","1322340","1322646","39","39279616"
"chr4","40604825","40605124","KN294262v1","2954079","2954389","36","37650746"
"chr4","40608615","40608906","KN295667v1","1746297","1746597","45","38862318"
"chr4","40616121","40616370","KN294571v1","1335125","1335372","25","39280996"
"chr4","40655016","40655294","KN295102v1","177647","177925","35","40477369"
"chr4","40658958","40659257","KN294539v1","1231477","1231779","43","39427481"
"chr4","40670180","40670474","KN295907v1","1253096","1253393","35","39417084"
"chr4","40685033","40685316","KN294647v1","200673","200952","48","40484360"
"chr4","40685664","40685969","KN296938v1","1006669","1006968","34","39678995"
"chr4","40689198","40689500","KN296357v1","775719","776023","46","39913479"
"chr4","40695512","40695776","KN295073v1","692254","692511","48","40003258"
"chr4","40699541","40699660","KN296119v1","3494836","3494965","27","37204705"
"chr4","40737067","40737398","KN294540v1","993149","993466","59","39743918"
"chr4","40767520","40767808","KN294571v1","1487713","1487977","45","39279807"
"chr4","40778871","40779182","KN294571v1","1499010","1499321","31","39279861"
"chr4","40796731","40797020","KN294571v1","1516391","1516681","18","39280340"
"chr4","40813302","40813580","KN294210v1","883297","883578","37","39930005"
"chr4","40840654","40840947","KN294571v1","1558758","1559053","23","39281896"
"chr4","40861259","40861544","KN294571v1","1577718","1578007","31","39283541"
"chr4","40887199","40887498","KN295929v1","446786","447092","42","40440413"
"chr4","40913022","40913332","KN295572v1","419230","419536","41","40493792"
"chr4","40980647","40980950","KN294571v1","1700392","1700688","34","39280255"
"chr4","41015453","41015747","KN295077v1","585208","585503","36","40430245"
"chr4","41017259","41017563","KN294571v1","1737979","1738281","36","39279280"
"chr4","41037027","41037320","KN296180v1","577635","577930","44","40459392"
"chr4","41041612","41041884","KN295936v1","30401","30674","35","41011211"
"chr4","41115704","41116013","KN294571v1","1835067","1835369","36","39280637"
"chr4","41116965","41117268","KN294571v1","1836317","1836626","28","39280648"
"chr4","41121993","41122252","KN294571v1","1841224","1841487","37","39280769"
"chr4","41207465","41207726","KN294181v1","509561","509825","44","40697904"
"chr4","41285077","41285367","KN295906v1","7772","8065","38","41277305"
"chr4","41336744","41337042","KN294571v1","2054146","2054440","29","39282598"
"chr4","41343529","41343829","KN294456v1","96834","97129","36","41246695"
"chr4","41449458","41449768","KN294571v1","2166505","2166809","31","39282953"
"chr4","41456085","41456393","KN294571v1","2173447","2173770","33","39282638"
"chr4","41573170","41573463","KN294571v1","2288594","2288887","26","39284576"
"chr4","41593283","41593569","KN294571v1","2310003","2310303","36","39283280"
"chr4","41682004","41682266","KN295962v1","2137841","2138101","34","39544163"
"chr4","41716736","41717040","KN296424v1","617439","617738","42","41099297"
"chr4","41801782","41802073","KN294571v1","2534118","2534413","26","39267664"
"chr4","41824861","41825170","KN295114v1","20941","21251","37","41803920"
"chr4","41834232","41834536","KN297008v1","2822455","2822758","40","39011777"
"chr4","41845770","41845913","KN296188v1","157397","157539","18","41688373"
"chr4","41882464","41882777","KN294571v1","2617136","2617446","40","39265328"
"chr4","42026612","42026912","KN294387v1","2599087","2599393","34","39427525"
"chr4","42064225","42064509","KN296496v1","355776","356054","34","41708449"
"chr4","42122021","42122324","KN296140v1","777217","777517","47","41344804"
"chr4","42201028","42201338","KN294591v1","102703","103003","45","42098325"
"chr4","42296445","42296731","KN294994v1","12837","13117","49","42283608"
"chr4","42327404","42327697","KN295907v1","1094755","1095050","34","41232649"
"chr4","42369345","42369652","KN295977v1","1252765","1253074","34","41116580"
"chr4","42405134","42405444","KN294245v1","220549","220871","41","42184585"
"chr4","42424123","42424418","KN294536v1","1607732","1608024","34","40816391"
"chr4","42434225","42434538","KN297133v1","419676","419981","36","42014549"
"chr4","42512738","42513050","KN297205v1","331678","331992","35","42181060"
"chr4","42787614","42787909","KN294245v1","622506","622808","35","42165108"
"chr4","42844573","42844875","KN296153v1","3677943","3678242","36","39166630"
"chr4","43090945","43091236","KN296865v1","1674895","1675192","36","41416050"
"chr4","43149032","43149337","KN294588v1","1492426","1492725","39","41656606"
"chr4","43440913","43441223","KN297153v1","124043","124354","40","43316870"
"chr4","43624629","43624955","KN294365v1","1401774","1402095","43","42222855"
"chr4","43673310","43673620","KN297133v1","419676","419981","39","43253634"
"chr4","43751181","43751490","KN295474v1","788184","788486","52","42962997"
"chr4","43828372","43828673","KN295983v1","1536250","1536551","38","42292122"
"chr4","43945091","43945400","KN295747v1","194851","195158","36","43750240"
"chr4","44027650","44027946","KN295171v1","811191","811485","40","43216459"
"chr4","44289737","44290047","KN295045v1","469620","469933","48","43820117"
"chr4","44422172","44422454","KN296739v1","287386","287669","36","44134786"
"chr4","44484700","44485000","KN294842v1","1112068","1112365","48","43372632"
"chr4","44955878","44956118","KN296743v1","1879741","1879996","57","43076137"
"chr4","44998707","44998981","KN296682v1","4592142","4592410","36","40406565"
"chr4","45057632","45057731","KN294754v1","1","102","18","45057631"
"chr4","45064353","45064631","KN297095v1","1406497","1406772","48","43657856"
"chr4","45101201","45101485","KN296864v1","999128","999415","32","44102073"
"chr4","45107599","45107904","KN294385v1","101695","101993","43","45005904"
"chr4","45158708","45158998","KN295090v1","2057671","2057967","34","43101037"
"chr4","45176091","45176386","KN295984v1","974577","974872","33","44201514"
"chr4","45186973","45187272","KN295854v1","1466288","1466586","31","43720685"
"chr4","45208666","45208981","KN294662v1","79885","80185","48","45128781"
"chr4","45304242","45304551","KN294239v1","1878400","1878713","35","43425842"
"chr4","45437576","45437892","KN295367v1","57325","57637","41","45380251"
"chr4","45448927","45449217","KN294444v1","38062","38349","34","45410865"
"chr4","45606390","45606676","KN296682v1","4881443","4881727","36","40724947"
"chr4","45857778","45858082","KN295983v1","1536250","1536551","34","44321528"
"chr4","46063905","46064199","KN294911v1","3820095","3820391","42","42243810"
"chr4","46131505","46131799","KN296486v1","196845","197142","42","45934660"
"chr4","46307237","46307547","KN295692v1","998365","998674","36","45308872"
"chr4","46356985","46357269","KN296205v1","605596","605883","48","45751389"
"chr4","46368897","46369188","KN294921v1","126144","126441","45","46242753"
"chr4","46389773","46390079","KN295045v1","441758","442064","31","45948015"
"chr4","46450675","46450986","KN297038v1","661781","662094","41","45788894"
"chr4","46471513","46471815","KN295983v1","1536250","1536551","40","44935263"
"chr4","46476681","46476980","KN297095v1","2087459","2087755","39","44389222"
"chr4","46480357","46480667","KN295459v1","1498869","1499159","53","44981488"
"chr4","46537180","46537480","KN295748v1","283051","283352","31","46254129"
"chr4","46549697","46549987","KN297159v1","1593950","1594247","35","44955747"
"chr4","46574813","46575116","KN297230v1","1127269","1127564","40","45447544"
"chr4","46673786","46674089","KN295480v1","1210004","1210299","43","45463782"
"chr4","46680701","46680875","KN295375v1","736173","736344","40","45944528"
"chr4","46686250","46686637","KN294526v1","465827","466190","86","46220423"
"chr4","46847043","46847345","KN296934v1","602412","602712","34","46244631"
"chr4","46849360","46849656","KN295441v1","1681809","1682109","38","45167551"
"chr4","46902430","46902739","KN296430v1","444033","444342","34","46458397"
"chr4","46903672","46903799","KN296290v1","2454709","2454836","28","44448963"
"chr4","46903961","46904098","KN296057v1","336","461","28","46903625"
"chr4","46910893","46910965","KN295523v1","2369424","2369497","13","44541469"
"chr4","46931299","46931409","KN295090v1","2786461","2786574","17","44144838"
"chr4","46987015","46987313","KN295302v1","404693","404991","39","46582322"
"chr4","46989437","46989726","KN295356v1","348851","349147","48","46640586"
"chr4","46992856","46993134","KN294181v1","1605564","1605839","36","45387292"
"chr4","47029668","47029980","KN297153v1","1366929","1367240","35","45662739"
"chr4","47083009","47083301","KN296133v1","239214","239508","29","46843795"
"chr4","47109301","47109589","KN294777v1","58790","59083","38","47050511"
"chr4","47137010","47137309","KN295697v1","189742","190043","42","46947268"
"chr4","47150574","47150833","KN296920v1","1219536","1219796","39","45931038"
"chr4","47161509","47161807","KN294790v1","2757948","2758248","36","44403561"
"chr4","47168873","47169184","KN295667v1","1687893","1688204","39","45480980"
"chr4","47208189","47208496","KN294407v1","2599527","2599837","35","44608662"
"chr4","47229342","47229640","KN294387v1","2599087","2599393","46","44630255"
"chr4","47251138","47251443","KN295294v1","842343","842650","40","46408795"
"chr4","47292523","47292832","KN297367v1","171251","171554","40","47121272"
"chr4","47292841","47293139","KN294172v1","4321534","4321833","33","42971307"
"chr4","47325278","47325589","KN294734v1","46378","46689","36","47278900"
"chr4","47353706","47354009","KN295667v1","1687893","1688204","34","45665813"
"chr4","47364674","47364942","KN294292v1","24945","25210","35","47339729"
"chr4","47663459","47663751","KN295074v1","885330","885628","52","46778129"
"chr4","47691425","47691710","KN297245v1","2979908","2980176","62","44711517"
"chr4","47763839","47764143","KN295315v1","360280","360581","37","47403559"
"chr4","47794057","47794349","KN295995v1","1426233","1426527","37","46367824"
"chr4","47897245","47897554","KN295294v1","842343","842650","42","47054902"
"chr4","47912115","47912413","KN294556v1","56902","57199","25","47855213"
"chr4","47936149","47936448","KN296547v1","713658","713962","37","47222491"
"chr4","47936794","47937094","KN296852v1","50353","50650","37","47886441"
"chr4","48026346","48026644","KN294556v1","165992","166297","37","47860354"
"chr4","48185136","48185435","KN295910v1","135295","135606","34","48049841"
"chr4","48350389","48350712","KN295910v1","308723","309044","35","48041666"
"chr4","48352539","48352845","KN295910v1","310905","311199","32","48041634"
"chr4","48494241","48494530","KN295205v1","1220626","1220914","38","47273615"
"chr4","48537176","48537504","KN295725v1","1996226","1996536","54","46540950"
"chr4","48662657","48662968","KN296158v1","1672506","1672810","46","46990151"
"chr4","48849709","48849994","KN295995v1","1426233","1426527","39","47423476"
"chr4","48974992","48975172","KN294172v1","4291556","4291738","29","44683436"
"chr4","49008018","49008326","KN295552v1","52820","53126","39","48955198"
"chr4","49117083","49117346","KN295523v1","3618519","3618784","36","45498564"
"chr4","49668960","49669233","KN296849v1","746362","746624","46","48922598"
"chr4","49761077","49761374","KN295983v1","1536250","1536551","40","48224827"
"chr4","49830408","49830696","KN294493v1","404130","404414","45","49426278"
"chr4","50027111","50027324","KN295320v1","1003469","1003680","35","49023642"
"chr4","50060629","50060896","KN296849v1","746362","746624","35","49314267"
"chr4","50103666","50103969","KN294705v1","590358","590660","34","49513308"
"chr4","50879087","50879394","KN294591v1","464003","464310","30","50415084"
"chr4","51222789","51223081","KN294513v1","735571","735866","30","50487218"
"chr4","51355339","51355645","KN296303v1","541082","541391","40","50814257"
"chr4","51357648","51357955","KN297133v1","419676","419981","37","50937972"
"chr4","51386429","51386734","KN297133v1","419676","419981","29","50966753"
"chr4","51430711","51431005","KN295225v1","852978","853269","39","50577733"
"chr4","51623858","51624149","KN296658v1","14745","15037","36","51609113"
"chr4","51646620","51646908","KN294407v1","1007100","1007387","41","50639520"
"chr4","51838687","51839004","KN295114v1","20941","21251","41","51817746"
"chr4","52031562","52031870","KN296934v1","897698","898003","30","51133864"
"chr4","52034204","52034495","KN294170v1","50010","50300","37","51984194"
"chr4","52102811","52103117","KN294995v1","61376","61672","47","52041435"
"chr4","52152811","52153114","KN296244v1","86518","86815","35","52066293"
"chr4","52169494","52169798","KN294856v1","296536","296838","33","51872958"
"chr4","52171611","52171923","KN295114v1","20941","21251","32","52150670"
"chr4","52179639","52179935","KN296153v1","3677943","3678242","30","48501696"
"chr4","52247589","52247888","KN296508v1","1953353","1953658","38","50294236"
"chr4","52560879","52561188","KN294161v1","1329091","1329392","34","51231788"
"chr4","52855481","52855785","KN294161v1","1037537","1037828","34","51817944"
"chr4","52872555","52872817","KN294161v1","1021926","1022175","30","51850629"
"chr4","52907251","52907391","KN294161v1","986457","986585","23","51920794"
"chr4","52939573","52939887","KN294161v1","951947","952251","36","51987626"
"chr4","52953561","52953843","KN296025v1","210931","211224","37","52742630"
"chr4","52966097","52966362","KN294991v1","1201132","1201400","39","51764965"
"chr4","52978754","52979048","KN294161v1","918543","918844","36","52060211"
"chr4","52994606","52994908","KN296934v1","897698","898003","41","52096908"
"chr4","53230636","53230933","KN297159v1","1593950","1594247","27","51636686"
"chr4","53288508","53288811","KN295983v1","1536250","1536551","29","51752258"
"chr4","53380733","53381038","KN295236v1","3424373","3424682","33","49956360"
"chr4","53391104","53391424","KN295171v1","1387807","1388118","48","52003297"
"chr4","53402511","53402784","KN295936v1","30401","30674","30","53372110"
"chr4","53417130","53417429","KN294416v1","208870","209165","35","53208260"
"chr4","53452496","53452781","KN294161v1","425771","426054","29","53026725"
"chr4","53501350","53501652","KN296726v1","490030","490331","35","53011320"
"chr4","53535190","53535509","KN294387v1","2599087","2599393","40","50936103"
"chr4","53560411","53560704","KN297322v1","1296535","1296832","43","52263876"
"chr4","53614777","53615070","KN294161v1","265801","266094","17","53348976"
"chr4","53639790","53639944","KN295984v1","2661539","2661699","23","50978251"
"chr4","53671050","53671367","KN294161v1","212548","212860","35","53458502"
"chr4","53695754","53696065","KN294161v1","186973","187268","33","53508781"
"chr4","53730002","53730306","KN294161v1","145689","145997","24","53584313"
"chr4","53977010","53977306","KN296119v1","3368813","3369111","40","50608197"
"chr4","53983131","53983433","KN294260v1","621951","622250","34","53361180"
"chr4","54021029","54021242","KN296306v1","1274633","1274848","39","52746396"
"chr4","54040354","54040652","KN295722v1","1562392","1562691","32","52477962"
"chr4","54045685","54045993","KN297133v1","419676","419981","33","53626009"
"chr4","54062428","54062727","KN294911v1","2044069","2044361","52","52018359"
"chr4","54128161","54128421","KN296065v1","54144","54403","29","54074017"
"chr4","54133697","54133990","KN295171v1","231499","231801","39","53902198"
"chr4","54167660","54167961","KN295591v1","972086","972384","39","53195574"
"chr4","54169292","54169593","KN295984v1","868891","869195","35","53300401"
"chr4","54191388","54191681","KN295907v1","1253096","1253393","33","52938292"
"chr4","54193270","54193566","KN294439v1","72624","72920","51","54120646"
"chr4","54236824","54237121","KN294451v1","764703","765000","34","53472121"
"chr4","54248823","54249127","KN296357v1","706115","706421","31","53542708"
"chr4","54258193","54258490","KN296528v1","1436873","1437172","32","52821320"
"chr4","54264279","54264571","KN294561v1","767639","767926","32","53496640"
"chr4","54273734","54274038","KN296004v1","29555","29853","30","54244179"
"chr4","54285161","54285451","KN297323v1","170691","170981","33","54114470"
"chr4","54288783","54289084","KN296738v1","24897","25205","44","54263886"
"chr4","54304567","54304857","KN294167v1","406704","406998","35","53897863"
"chr4","54367625","54367917","KN297314v1","218511","218802","33","54149114"
"chr4","54377825","54378124","KN296732v1","2013890","2014190","38","52363935"
"chr4","54378410","54378708","KN294439v1","72624","72920","42","54305786"
"chr4","54385750","54385889","KN295533v1","1134391","1134530","21","53251359"
"chr4","54397243","54397549","KN297133v1","826649","826948","34","53570594"
"chr4","54441253","54441560","KN294407v1","2599527","2599837","34","51841726"
"chr4","54456858","54457156","KN295096v1","2124655","2124956","36","52332203"
"chr4","54463582","54463869","KN297442v1","978052","978339","44","53485530"
"chr4","54512633","54512929","KN296311v1","6106668","6106962","34","48405965"
"chr4","55058364","55058669","KN295244v1","190064","190370","47","54868300"
"chr4","55206693","55206981","KN294685v1","1072465","1072762","46","54134228"
"chr4","55382665","55382968","KN294366v1","260000","260306","40","55122665"
"chr4","55441984","55442276","KN295701v1","316916","317209","41","55125068"
"chr4","55471756","55472052","KN296315v1","1652825","1653122","43","53818931"
"chr4","55619570","55619874","KN294911v1","2576761","2577067","35","53042809"
"chr4","55652457","55652746","KN295721v1","197604","197890","34","55454853"
"chr4","55711817","55712105","KN294524v1","24394","24676","40","55687423"
"chr4","55757717","55758020","KN295983v1","1536250","1536551","35","54221467"
"chr4","55818486","55818789","KN296513v1","2018431","2018731","36","53800055"
"chr4","56276564","56276858","KN297158v1","153873","154164","39","56122691"
"chr4","56405716","56406029","KN295114v1","20941","21251","43","56384775"
"chr4","56668403","56668702","KN296732v1","2013890","2014190","34","54654513"
"chr4","56687522","56687804","KN294172v1","6656193","6656471","40","50031329"
"chr4","56749965","56750272","KN295671v1","156158","156468","33","56593807"
"chr4","56831595","56831892","KN294439v1","72624","72920","29","56758971"
"chr4","56876797","56877103","KN296062v1","531528","531834","32","56345269"
"chr4","56881550","56881847","KN294407v1","2733858","2734151","45","54147692"
"chr4","56905056","56905365","KN296934v1","897698","898003","42","56007358"
"chr4","56994442","56994762","KN297023v1","426290","426610","43","56568152"
"chr4","57026700","57026970","KN295526v1","384122","384388","39","56642578"
"chr4","57033006","57033303","KN297314v1","117021","117312","38","56915985"
"chr4","57048991","57049254","KN295708v1","181414","181680","33","56867577"
"chr4","57059806","57060110","KN296508v1","954335","954642","47","56105471"
"chr4","57071283","57071575","KN294446v1","445226","445515","31","56626057"
"chr4","57077056","57077357","KN294848v1","1408889","1409183","49","55668167"
"chr4","57092982","57093278","KN295708v1","1331487","1331787","30","55761495"
"chr4","57096185","57096479","KN295171v1","869545","869845","37","56226640"
"chr4","57105291","57105582","KN295241v1","280274","280566","38","56825017"
"chr4","57109638","57109942","KN296934v1","897698","898003","39","56211940"
"chr4","57174204","57174494","KN294193v1","246541","246831","34","56927663"
"chr4","57336562","57336876","KN296403v1","558918","559229","35","56777644"
"chr4","57338871","57339135","KN296138v1","41213","41476","34","57297658"
"chr4","57390102","57390404","KN294365v1","665653","665957","41","56724449"
"chr4","57449542","57449862","KN296188v1","292970","293283","42","57156572"
"chr4","57488618","57488919","KN294499v1","2348258","2348561","46","55140360"
"chr4","57524038","57524317","KN296311v1","3832478","3832755","33","53691560"
"chr4","57792980","57793286","KN294421v1","22671","22970","38","57770309"
"chr4","58139478","58139777","KN294260v1","621951","622250","33","57517527"
"chr4","58211832","58211991","KN294848v1","339403","339558","29","57872429"
"chr4","58266961","58267255","KN294561v1","1795155","1795449","32","56471806"
"chr4","58268010","58268313","KN294387v1","2599087","2599393","47","55668923"
"chr4","58397158","58397450","KN294399v1","151738","152035","38","58245420"
"chr4","58881886","58882183","KN297197v1","1652825","1653120","30","57229061"
"chr4","59041840","59042158","KN294713v1","229498","229805","46","58812342"
"chr4","59082098","59082391","KN295057v1","379008","379299","34","58703090"
"chr4","59183089","59183387","KN294911v1","3820095","3820391","32","55362994"
"chr4","59262472","59262758","KN294561v1","797008","797303","26","58465464"
"chr4","59265008","59265314","KN294758v1","2268406","2268708","33","56996602"
"chr4","59268615","59268918","KN294446v1","683085","683385","37","58585530"
"chr4","59287477","59287781","KN294561v1","770214","770531","37","58517263"
"chr4","59291230","59291521","KN295320v1","27087","27386","44","59264143"
"chr4","59292972","59293267","KN294561v1","767639","767926","28","58525333"
"chr4","59312585","59312857","KN297195v1","435616","435891","39","58876969"
"chr4","59320798","59321085","KN295573v1","1180819","1181113","31","58139979"
"chr4","59323126","59323430","KN294917v1","618557","618860","29","58704569"
"chr4","59330022","59330327","KN296959v1","29660","29973","42","59300362"
"chr4","59394478","59394788","KN295605v1","712558","712868","40","58681920"
"chr4","59397754","59398055","KN294758v1","374673","374971","36","59023081"
"chr4","59415286","59415595","KN294561v1","643982","644294","29","58771304"
"chr4","59421339","59421638","KN294561v1","637598","637918","48","58783741"
"chr4","59435949","59436255","KN295977v1","249013","249314","31","59186936"
"chr4","59469106","59469396","KN294561v1","593636","593922","35","58875470"
"chr4","59595667","59595893","KN294561v1","480219","480442","16","59115448"
"chr4","59879269","59879575","KN296731v1","1681432","1681735","39","58197837"
"chr4","60013183","60013491","KN294561v1","39273","39570","46","59973910"
"chr4","60019681","60019983","KN294561v1","32797","33100","30","59986884"
"chr4","60084974","60085281","KN294571v1","1546303","1546607","42","58538671"
"chr4","60222726","60222979","KN294964v1","2025927","2026185","56","58196799"
"chr4","60262544","60262853","KN294588v1","1492426","1492725","51","58770118"
"chr4","60405140","60405435","KN295977v1","249013","249314","36","60156127"
"chr4","60482091","60482303","KN294435v1","2790","3000","42","60479301"
"chr4","60523653","60523937","KN295077v1","391426","391711","44","60132227"
"chr4","60624222","60624520","KN296548v1","403960","404244","42","60220262"
"chr4","60706196","60706498","KN294187v1","1482303","1482610","47","59223893"
"chr4","60841031","60841325","KN297408v1","636019","636320","39","60205012"
"chr4","60998009","60998260","KN295883v1","858914","859162","42","60139095"
"chr4","61076236","61076342","KN295933v1","1362363","1362471","17","59713873"
"chr4","61245305","61245605","KN295112v1","343212","343513","33","60902093"
"chr4","61431387","61431690","KN295933v1","1039780","1040083","24","60391607"
"chr4","61437200","61437426","KN295933v1","1032162","1032393","27","60405038"
"chr4","61437617","61437915","KN296732v1","2013890","2014190","44","59423727"
"chr4","61491680","61491989","KN295114v1","20941","21251","41","61470739"
"chr4","61505875","61506189","KN296547v1","1154832","1155146","46","60351043"
"chr4","61530838","61531140","KN295933v1","918397","918701","31","60612441"
"chr4","61668459","61668766","KN295350v1","243779","244085","36","61424680"
"chr4","61699539","61699844","KN295933v1","750253","750551","31","60949286"
"chr4","61701476","61701791","KN295933v1","748307","748618","34","60953169"
"chr4","61744474","61744748","KN295933v1","713620","713899","35","61030854"
"chr4","61897910","61898212","KN295933v1","581271","581575","30","61316639"
"chr4","62171111","62171408","KN294991v1","966174","966473","40","61204937"
"chr4","62180412","62180714","KN295933v1","288159","288461","26","61892253"
"chr4","62391587","62391884","KN294758v1","374673","374971","37","62016914"
"chr4","62464987","62465265","KN295933v1","9739","10035","39","62455248"
"chr4","62487721","62488024","KN295550v1","1007565","1007867","36","61480156"
"chr4","62668181","62668453","KN296485v1","477078","477358","42","62191103"
"chr4","63037567","63037856","KN294170v1","50010","50300","45","62987557"
"chr4","63112070","63112367","KN295159v1","636745","637044","21","62475325"
"chr4","63181801","63181891","KN295544v1","30359","30447","19","63151442"
"chr4","63271980","63272289","KN294747v1","1006978","1007284","44","62265002"
"chr4","63275558","63275844","KN297219v1","858424","858713","37","62417134"
"chr4","63344513","63344765","KN294172v1","6050063","6050316","44","57294450"
"chr4","63587033","63587156","KN296455v1","982806","982933","23","62604227"
"chr4","63592402","63592703","KN295294v1","334706","334991","54","63257696"
"chr4","63801303","63801602","KN295159v1","1350838","1351141","26","62450465"
"chr4","63827329","63827625","KN295090v1","1657716","1658013","39","62169613"
"chr4","64055851","64056123","KN297264v1","12615","12885","38","64043236"
"chr4","64466459","64466753","KN294536v1","1195413","1195715","41","63271046"
"chr4","64680900","64681196","KN295480v1","1210004","1210299","36","63470896"
"chr4","64722135","64722419","KN295090v1","1165047","1165331","37","63557088"
"chr4","64723489","64723758","KN295984v1","1160830","1161097","43","63562659"
"chr4","64740250","64740561","KN296588v1","1228829","1229131","43","63511421"
"chr4","64883093","64883375","KN294571v1","616644","616925","32","64266449"
"chr4","64939737","64940039","KN295936v1","1094930","1095234","42","63844807"
"chr4","64940730","64941029","KN294758v1","2189671","2189970","34","62751059"
"chr4","65048459","65048757","KN295855v1","21394","21692","34","65027065"
"chr4","65071284","65071587","KN295034v1","63947","64249","36","65007337"
"chr4","65123370","65123644","KN295893v1","5745792","5746072","42","59377578"
"chr4","65234153","65234462","KN295923v1","1231839","1232151","42","64002314"
"chr4","65274623","65274925","KN296404v1","3895018","3895319","38","61379605"
"chr4","65497477","65497786","KN294387v1","2599087","2599393","40","62898390"
"chr4","65595856","65596152","KN297230v1","1127269","1127564","45","64468587"
"chr4","65741582","65741871","KN297165v1","1143723","1144010","38","64597859"
"chr4","65751083","65751392","KN294499v1","1948987","1949299","46","63802096"
"chr4","65804826","65805125","KN296859v1","895216","895514","37","64909610"
"chr4","65838074","65838243","KN297038v1","2326322","2326490","25","63511752"
"chr4","65905220","65905527","KN294717v1","373979","374286","39","65531241"
"chr4","66055244","66055539","KN294837v1","303054","303351","42","65752190"
"chr4","66128058","66128375","KN295045v1","469620","469933","48","65658438"
"chr4","66176756","66177051","KN294470v1","3311275","3311580","49","62865481"
"chr4","66179826","66180129","KN296731v1","1355222","1355519","37","64824604"
"chr4","66199234","66199545","KN295236v1","3424373","3424682","37","62774861"
"chr4","66284403","66284683","KN296337v1","66529","66817","43","66217874"
"chr4","66478122","66478428","KN294991v1","1777117","1777416","48","64701005"
"chr4","66659176","66659483","KN297133v1","419676","419981","36","66239500"
"chr4","66870871","66871183","KN295480v1","1210004","1210299","53","65660867"
"chr4","67060104","67060396","KN294446v1","273922","274215","40","66786182"
"chr4","67210443","67210744","KN294539v1","761382","761684","35","66449061"
"chr4","67487984","67488265","KN295523v1","4195930","4196206","40","63292054"
"chr4","67533514","67533839","KN295601v1","761243","761570","48","66772271"
"chr4","67568356","67568654","KN295236v1","1764741","1765042","42","65803615"
"chr4","67819935","67820205","KN296495v1","148006","148275","59","67671929"
"chr4","68003916","68004231","KN295814v1","1285532","1285833","49","66718384"
"chr4","68138712","68139024","KN297159v1","3314158","3314468","41","64824554"
"chr4","68213685","68213992","KN297153v1","1366929","1367240","41","66846756"
"chr4","68399527","68399835","KN294983v1","148058","148370","33","68251469"
"chr4","68487932","68488236","KN294526v1","358849","359148","45","68129083"
"chr4","68562567","68562874","KN295573v1","225784","226089","45","68336783"
"chr4","68655423","68655730","KN294346v1","372059","372367","35","68283364"
"chr4","68674977","68675271","KN294439v1","72624","72920","34","68602353"
"chr4","68678596","68678844","KN296280v1","120827","121074","40","68557769"
"chr4","68687451","68687763","KN294588v1","2987556","2987864","41","65699895"
"chr4","68747343","68747609","KN296635v1","5050048","5050310","58","63697295"
"chr4","69187843","69188134","KN296062v1","1549748","1550043","39","67638095"
"chr4","69314348","69314644","KN295090v1","1234308","1234605","41","68080040"
"chr4","69563230","69563548","KN295869v1","284557","284865","41","69278673"
"chr4","69827550","69827852","KN296875v1","116761","117073","40","69710789"
"chr4","69978868","69979176","KN294949v1","1092207","1092516","49","68886661"
"chr4","70066109","70066415","KN295633v1","720977","721281","45","69345132"
"chr4","70081583","70081869","KN295721v1","197604","197890","41","69883979"
"chr4","70156609","70156918","KN296714v1","43855","44165","45","70112754"
"chr4","70468812","70469121","KN295571v1","618918","619228","40","69849894"
"chr4","70565553","70565865","KN296153v1","2057313","2057618","64","68508240"
"chr4","70600540","70600860","KN295405v1","442054","442375","51","70158486"
"chr4","70744527","70744804","KN297205v1","282017","282299","38","70462510"
"chr4","70792873","70793120","KN295575v1","7999","8239","34","70784874"
"chr4","71215050","71215357","KN297008v1","6099074","6099374","41","65115976"
"chr4","71256337","71256642","KN294717v1","373979","374286","40","70882358"
"chr4","71261611","71261917","KN295983v1","1536250","1536551","39","69725361"
"chr4","71448502","71448799","KN296732v1","2013890","2014190","41","69434612"
"chr4","71530818","71531119","KN295580v1","1390","1690","34","71529428"
"chr4","71614397","71614691","KN294536v1","1607732","1608024","41","70006665"
"chr4","71987761","71988066","KN294385v1","67920","68214","49","71919841"
"chr4","72173844","72174139","KN294991v1","1565008","1565302","39","70608836"
"chr4","72230062","72230360","KN294662v1","79885","80185","43","72150177"
"chr4","72356847","72357143","KN294842v1","690378","690679","36","71666469"
"chr4","72517868","72518160","KN294539v1","2320327","2320629","41","70197541"
"chr4","72530256","72530597","KN296036v1","1051362","1051698","56","71478894"
"chr4","72661134","72661423","KN294233v1","453860","454156","44","72207274"
"chr4","72725270","72725578","KN295799v1","144114","144418","32","72581156"
"chr4","72779585","72779745","KN296883v1","302895","303061","32","72476690"
"chr4","72918065","72918353","KN294462v1","73428","73721","38","72844637"
"chr4","72999617","72999916","KN296062v1","1796687","1796987","34","71202930"
"chr4","73039648","73039953","KN296609v1","598588","598892","35","72441060"
"chr4","73044875","73045113","KN295405v1","1605592","1605853","59","71439283"
"chr4","73045962","73046260","KN294416v1","208870","209165","38","72837092"
"chr4","73071674","73071978","KN294387v1","2599087","2599393","36","70472587"
"chr4","73073662","73073826","KN296062v1","1385765","1385929","22","71687897"
"chr4","73086725","73087082","KN297245v1","1467019","1467372","79","71619706"
"chr4","73089710","73090024","KN296035v1","338193","338502","37","72751517"
"chr4","73123392","73123679","KN297165v1","1143723","1144010","32","71979669"
"chr4","73130662","73130963","KN294287v1","843227","843524","44","72287435"
"chr4","73148512","73148830","KN294387v1","2599087","2599393","45","70549425"
"chr4","73160282","73160411","KN296635v1","1644884","1645014","27","71515398"
"chr4","73161479","73161773","KN294407v1","2733858","2734151","36","70427621"
"chr4","73177923","73178220","KN294407v1","93660","93961","36","73084263"
"chr4","73197967","73198262","KN295983v1","1536250","1536551","33","71661717"
"chr4","73212934","73213243","KN295112v1","343212","343513","37","72869722"
"chr4","73236251","73236506","KN294899v1","1142284","1142545","44","72093967"
"chr4","73248352","73248659","KN294501v1","214935","215245","33","73033417"
"chr4","73313439","73313701","KN296065v1","54144","54403","32","73259295"
"chr4","73340228","73340521","KN296062v1","2106200","2106493","43","71234028"
"chr4","73349156","73349460","KN295294v1","3132769","3133075","38","70216387"
"chr4","73427527","73427832","KN295708v1","2588553","2588854","44","70838974"
"chr4","73439678","73439984","KN294287v1","233073","233375","31","73206605"
"chr4","73446304","73446610","KN296849v1","681063","681367","37","72765241"
"chr4","73451100","73451383","KN295090v1","1165047","1165331","38","72286053"
"chr4","73471113","73471413","KN296557v1","709141","709435","43","72761972"
"chr4","73573277","73573572","KN294911v1","2384243","2384536","32","71189034"
"chr4","73868074","73868380","KN296934v1","897698","898003","38","72970376"
"chr4","73890170","73890456","KN296761v1","375194","375485","45","73514976"
"chr4","73955395","73955694","KN295096v1","2124655","2124956","40","71830740"
"chr4","73957610","73957919","KN294790v1","1555084","1555390","38","72402526"
"chr4","74027451","74027726","KN294521v1","570667","570940","40","73456784"
"chr4","74102554","74102854","KN295977v1","249013","249314","38","73853541"
"chr4","74170897","74171212","KN296542v1","123751","124067","29","74047146"
"chr4","74428679","74428974","KN294233v1","747756","748061","39","73680923"
"chr4","74481928","74482210","KN294571v1","1012216","1012510","40","73469712"
"chr4","74484521","74484779","KN294233v1","693280","693548","30","73791241"
"chr4","74488771","74489077","KN296934v1","897698","898003","45","73591073"
"chr4","74566625","74566929","KN296306v1","1301631","1301939","35","73264994"
"chr4","74599527","74599675","KN295294v1","956189","956329","35","73643338"
"chr4","74619759","74620070","KN294172v1","4623261","4623567","36","69996498"
"chr4","74660166","74660467","KN295365v1","9497","9798","46","74650669"
"chr4","74661157","74661451","KN295459v1","1614660","1614952","35","73046497"
"chr4","74673624","74673931","KN294471v1","34528","34831","36","74639096"
"chr4","74718489","74718785","KN294233v1","453860","454156","17","74264629"
"chr4","74902052","74902352","KN294233v1","270248","270546","31","74631804"
"chr4","74905492","74905783","KN296062v1","2106200","2106493","33","72799292"
"chr4","74948305","74948611","KN294233v1","224252","224559","25","74724053"
"chr4","75051017","75051323","KN295835v1","81348","81655","38","74969669"
"chr4","75268842","75269140","KN296948v1","1297925","1298226","42","73970917"
"chr4","75387106","75387408","KN296743v1","1416258","1416565","35","73970848"
"chr4","75409796","75410078","KN295350v1","636567","636846","41","74773229"
"chr4","75410725","75411038","KN294713v1","229498","229805","43","75181227"
"chr4","75435149","75435438","KN296538v1","1335394","1335681","36","74099755"
"chr4","75463111","75463388","KN295523v1","4195930","4196206","47","71267181"
"chr4","75678119","75678428","KN294848v1","1020772","1021081","43","74657347"
"chr4","75733542","75733842","KN295474v1","973205","973501","34","74760337"
"chr4","75782099","75782408","KN297038v1","2343556","2343866","37","73438543"
"chr4","75791358","75791691","KN295601v1","761243","761570","45","75030115"
"chr4","75822051","75822353","KN296609v1","598588","598892","41","75223463"
"chr4","75853629","75853937","KN294741v1","957024","957333","39","74896605"
"chr4","75869896","75870191","KN296404v1","106219","106515","41","75763677"
"chr4","75888026","75888335","KN296062v1","1796687","1796987","39","74091339"
"chr4","75987943","75988245","KN296959v1","1182017","1182315","42","74805926"
"chr4","75995654","75995955","KN297019v1","1233639","1233939","41","74762015"
"chr4","76057106","76057412","KN296934v1","897698","898003","36","75159408"
"chr4","76077202","76077492","KN294166v1","3148","3439","47","76074054"
"chr4","76096617","76096902","KN295894v1","2242307","2242598","38","73854310"
"chr4","76186008","76186296","KN295449v1","720465","720757","41","75465543"
"chr4","76374726","76375026","KN294964v1","1097183","1097482","37","75277543"
"chr4","76519419","76519731","KN297038v1","661781","662094","39","75857638"
"chr4","76530432","76530733","KN296426v1","913127","913430","24","75617305"
"chr4","76534908","76535194","KN295729v1","1473593","1473887","44","75061315"
"chr4","76609140","76609453","KN296426v1","853429","853736","36","75755711"
"chr4","76645432","76645729","KN296426v1","823434","823728","28","75821998"
"chr4","76734836","76735141","KN296062v1","165336","165642","39","76569500"
"chr4","77219144","77219473","KN296426v1","252306","252627","44","76966838"
"chr4","77270688","77270953","KN294588v1","536939","537199","38","76733749"
"chr4","77290528","77290810","KN296426v1","182028","182319","32","77108500"
"chr4","77312688","77312972","KN296833v1","368432","368718","34","76944256"
"chr4","77320500","77320812","KN294372v1","2180211","2180523","31","75140289"
"chr4","77370673","77370978","KN296426v1","107435","107744","42","77263238"
"chr4","77396552","77396847","KN296357v1","706115","706421","42","76690437"
"chr4","77482288","77482593","KN296900v1","121631","121934","39","77360657"
"chr4","77485284","77485581","KN297181v1","149186","149482","27","77336098"
"chr4","77596575","77596680","KN294685v1","929673","929780","14","76666902"
"chr4","77768749","77768813","KN297046v1","3071274","3071338","9","74697475"
"chr4","82976376","82976672","KN297197v1","173467","173764","33","82802909"
"chr4","83011488","83011789","KN295294v1","2257197","2257499","32","80754291"
"chr4","83207745","83208042","KN296635v1","1164783","1165080","36","82042962"
"chr4","83238557","83238864","KN295236v1","1764741","1765042","37","81473816"
"chr4","83258423","83258714","KN294264v1","261999","262293","34","82996424"
"chr4","83370861","83371167","KN295758v1","997500","997807","37","82373361"
"chr4","83413451","83413714","KN295523v1","3618519","3618784","35","79794932"
"chr4","83454577","83454888","KN294439v1","261107","261420","33","83193470"
"chr4","83472818","83473111","KN296883v1","1074910","1075211","49","82397908"
"chr4","83679041","83679352","KN295059v1","336835","337145","34","83342206"
"chr4","83719816","83720109","KN294278v1","134822","135118","28","83584994"
"chr4","83761702","83762003","KN294278v1","173161","173465","29","83588541"
"chr4","83812762","83813047","KN295368v1","2146364","2146648","29","81666398"
"chr4","83880582","83880870","KN295236v1","1764741","1765042","46","82115841"
"chr4","83947891","83948199","KN295748v1","283051","283352","33","83664840"
"chr4","84023679","84023978","KN295983v1","1536250","1536551","43","82487429"
"chr4","84135011","84135292","KN296657v1","113952","114233","16","84021059"
"chr4","84177056","84177355","KN296657v1","64807","65116","24","84112249"
"chr4","84248766","84249076","KN295552v1","52820","53126","43","84195946"
"chr4","84251559","84251849","KN295343v1","642166","642450","40","83609393"
"chr4","84387902","84388196","KN296743v1","1905429","1905726","38","82482473"
"chr4","84430152","84430465","KN294846v1","210345","210653","26","84219807"
"chr4","84435012","84435317","KN294846v1","214985","215293","25","84220027"
"chr4","84436226","84436522","KN294846v1","216213","216504","27","84220013"
"chr4","84723519","84723799","KN294711v1","959967","960248","32","83763552"
"chr4","84785856","84786167","KN295236v1","3424373","3424682","43","81361483"
"chr4","84889185","84889480","KN295057v1","897213","897511","35","83991972"
"chr4","84989960","84990252","KN294407v1","2733858","2734151","35","82256102"
"chr4","84996667","84996977","KN296731v1","1681432","1681735","36","83315235"
"chr4","85109173","85109473","KN295350v1","243779","244085","33","84865394"
"chr4","85153590","85153843","KN294739v1","994750","995002","39","84158840"
"chr4","85403034","85403293","KN296201v1","586124","586387","38","84816910"
"chr4","85452617","85452905","KN295548v1","693543","693827","41","84759074"
"chr4","85547684","85547988","KN295501v1","1005257","1005557","42","84542427"
"chr4","86133055","86133361","KN295667v1","1687893","1688204","52","84445162"
"chr4","86179166","86179376","KN297197v1","3678252","3678452","30","82500914"
"chr4","86315851","86316146","KN296865v1","906008","906304","46","85409843"
"chr4","86395849","86396115","KN294456v1","536323","536588","46","85859526"
"chr4","86649102","86649397","KN294421v1","22671","22970","44","86626431"
"chr4","87067938","87068231","KN296883v1","1268033","1268327","39","85799905"
"chr4","87111815","87112151","KN295054v1","301887","302213","50","86809928"
"chr4","87197022","87197309","KN295835v1","26694","26980","58","87170328"
"chr4","87276756","87277050","KN295569v1","12467","12755","37","87264289"
"chr4","87352656","87352862","KN295405v1","56868","57077","24","87295788"
"chr4","87458054","87458356","KN295748v1","283051","283352","29","87175003"
"chr4","87601491","87601793","KN297133v1","419676","419981","35","87181815"
"chr4","87702064","87702359","KN296747v1","35746","36041","36","87666318"
"chr4","87710572","87710862","KN296322v1","1334297","1334592","31","86376275"
"chr4","87807963","87808276","KN295667v1","1687893","1688204","37","86120070"
"chr4","87853740","87854048","KN296403v1","558918","559229","44","87294822"
"chr4","87978066","87978376","KN297317v1","20735","21043","39","87957331"
"chr4","88076338","88076647","KN297133v1","419676","419981","32","87656662"
"chr4","88106451","88106761","KN296311v1","119067","119378","39","87987384"
"chr4","88114535","88114714","KN294420v1","781452","781632","33","87333083"
"chr4","88115975","88116259","KN294172v1","6656193","6656471","43","81459782"
"chr4","88156516","88156809","KN294592v1","1319879","1320174","34","86836637"
"chr4","88158228","88158491","KN297184v1","953765","954030","39","87204463"
"chr4","88239450","88239767","KN295114v1","20941","21251","38","88218509"
"chr4","88639809","88640088","KN295601v1","3206067","3206352","44","85433742"
"chr4","88695076","88695369","KN297259v1","1300977","1301270","34","87394099"
"chr4","88698272","88698572","KN294172v1","4761492","4761794","35","83936780"
"chr4","88803863","88804184","KN296337v1","216037","216360","50","88587826"
"chr4","88820156","88820454","KN296311v1","3721408","3721707","33","85098748"
"chr4","88842767","88843062","KN295350v1","405055","405352","34","88437712"
"chr4","89022118","89022426","KN295174v1","61957","62264","40","88960161"
"chr4","89075049","89075355","KN295705v1","2747981","2748284","43","86327068"
"chr4","89102425","89102709","KN295302v1","134724","135005","33","88967701"
"chr4","89141111","89141418","KN297133v1","419676","419981","35","88721435"
"chr4","89149095","89149394","KN295523v1","2519145","2519447","45","86629950"
"chr4","89183986","89184295","KN295343v1","995447","995750","40","88188539"
"chr4","89214566","89214867","KN295038v1","1302128","1302423","43","87912438"
"chr4","89246014","89246312","KN294824v1","203242","203547","36","89042772"
"chr4","89246315","89246483","KN294613v1","610972","611136","24","88635343"
"chr4","89274506","89274767","KN295523v1","3618519","3618784","35","85655987"
"chr4","89323195","89323495","KN295209v1","634423","634725","48","88688772"
"chr4","89420742","89421050","KN294387v1","2599087","2599393","40","86821655"
"chr4","89434234","89434527","KN295526v1","218147","218440","34","89216087"
"chr4","89517574","89517814","KN294325v1","1309870","1310113","35","88207704"
"chr4","89567076","89567184","KN295936v1","2188534","2188633","18","87378542"
"chr4","89619716","89620010","KN294257v1","904188","904483","33","88715528"
"chr4","89648885","89649177","KN294911v1","2160588","2160880","39","87488297"
"chr4","89658415","89658696","KN294456v1","96834","97129","48","89561581"
"chr4","89682500","89682768","KN294210v1","801675","801939","45","88880825"
"chr4","89695459","89695755","KN294717v1","373979","374286","44","89321480"
"chr4","89713669","89713971","KN295501v1","1005257","1005557","30","88708412"
"chr4","89757263","89757567","KN296747v1","35746","36041","33","89721517"
"chr4","89820607","89820916","KN297133v1","419676","419981","34","89400931"
"chr4","89887490","89887778","KN295350v1","259303","259590","27","89628187"
"chr4","90143360","90143666","KN296250v1","39359","39663","28","90104001"
"chr4","90317014","90317306","KN296865v1","1674895","1675192","44","88642119"
"chr4","90427531","90427799","KN294172v1","6656193","6656471","49","83771338"
"chr4","90460163","90460451","KN297046v1","1841147","1841441","44","88619016"
"chr4","90483840","90484136","KN296025v1","151840","152143","45","90332000"
"chr4","90486718","90487001","KN296025v1","149050","149336","32","90337668"
"chr4","90531137","90531445","KN296025v1","106685","106995","39","90424452"
"chr4","90590873","90591187","KN296520v1","401670","401982","44","90189203"
"chr4","90597270","90597582","KN294239v1","1878400","1878713","44","88718870"
"chr4","90615773","90615962","KN296025v1","7548","7731","21","90608225"
"chr4","90632191","90632500","KN296847v1","77060","77365","37","90555131"
"chr4","90634811","90635102","KN295721v1","582755","583043","47","90052056"
"chr4","90662922","90663214","KN295371v1","176400","176690","32","90486522"
"chr4","90889845","90890157","KN296486v1","1315197","1315517","37","89574648"
"chr4","91130933","91131218","KN294524v1","24394","24676","39","91106539"
"chr4","91152256","91152564","KN294456v1","876419","876725","37","90275837"
"chr4","91254501","91254776","KN296698v1","10571","10841","53","91243930"
"chr4","91282114","91282408","KN295459v1","1614660","1614952","33","89667454"
"chr4","91290222","91290519","KN295480v1","1429426","1429720","44","89860796"
"chr4","91334884","91335186","KN297210v1","6577","6889","40","91328307"
"chr4","91409539","91409837","KN297210v1","77539","77838","19","91332000"
"chr4","91453931","91454224","KN297210v1","112833","113131","32","91341098"
"chr4","91547156","91547449","KN297046v1","3249473","3249765","36","88297683"
"chr4","91738144","91738448","KN296934v1","897698","898003","37","90840446"
"chr4","91934228","91934518","KN294879v1","351077","351369","39","91583151"
"chr4","91982874","91983184","KN294717v1","373979","374286","31","91608895"
"chr4","91992572","91992875","KN295350v1","389964","390265","41","91602608"
"chr4","92004738","92005035","KN296119v1","3368813","3369111","33","88635925"
"chr4","92037476","92037776","KN294842v1","690378","690679","44","91347098"
"chr4","92066147","92066435","KN294457v1","673578","673873","39","91392569"
"chr4","92165495","92165790","KN296747v1","35746","36041","45","92129749"
"chr4","92423907","92424215","KN295236v1","5645831","5646138","40","86778076"
"chr4","92685868","92686162","KN295032v1","272356","272651","38","92413512"
"chr4","92770529","92770826","KN295907v1","1253096","1253393","35","91517433"
"chr4","92859677","92859986","KN296934v1","897698","898003","33","91961979"
"chr4","92888900","92889195","KN296747v1","35746","36041","38","92853154"
"chr4","92944408","92944712","KN294387v1","2599087","2599393","40","90345321"
"chr4","93487801","93488110","KN296495v1","700158","700467","47","92787643"
"chr4","93574155","93574385","KN296982v1","10143","10368","36","93564012"
"chr4","93668730","93669015","KN297229v1","921644","921926","34","92747086"
"chr4","93726049","93726343","KN295825v1","1953498","1953787","42","91772551"
"chr4","93829613","93829891","KN296036v1","1337112","1337392","44","92492501"
"chr4","93955438","93955729","KN295117v1","329951","330239","43","93625487"
"chr4","94219212","94219487","KN295350v1","636567","636846","44","93582645"
"chr4","94411282","94411585","KN296404v1","3895018","3895319","36","90516264"
"chr4","94635663","94635973","KN295382v1","230497","230807","31","94405166"
"chr4","94663564","94663849","KN295368v1","2146364","2146648","37","92517200"
"chr4","94845261","94845564","KN297046v1","2791168","2791468","40","92054093"
"chr4","94881620","94881916","KN294578v1","593416","593711","41","94288204"
"chr4","95085141","95085471","KN295054v1","301887","302213","61","94783254"
"chr4","95208494","95208668","KN296119v1","3625254","3625431","30","91583240"
"chr4","95324043","95324317","KN295441v1","1712359","1712645","50","93611684"
"chr4","95478326","95478660","KN296442v1","351981","352312","68","95126345"
"chr4","95527328","95527637","KN294717v1","373979","374286","42","95153349"
"chr4","95547643","95547952","KN294446v1","652101","652409","48","94895542"
"chr4","95604208","95604512","KN297159v1","1901772","1902072","34","93702436"
"chr4","95801659","95801957","KN297197v1","173467","173764","42","95628192"
"chr4","95859922","95860237","KN294782v1","223967","224285","45","95635955"
"chr4","95951248","95951557","KN294193v1","740765","741070","35","95210483"
"chr4","95970950","95971245","KN296557v1","709141","709435","37","95261809"
"chr4","96080709","96081005","KN294172v1","6860683","6860986","38","89220026"
"chr4","96137538","96137847","KN296404v1","1938458","1938769","38","94199080"
"chr4","96182353","96182668","KN295977v1","1252765","1253074","44","94929588"
"chr4","96517768","96518068","KN294439v1","269158","269457","32","96248610"
"chr4","96522017","96522247","KN295304v1","263352","263587","36","96258665"
"chr4","96631587","96631898","KN295236v1","2360987","2361301","39","94270600"
"chr4","96964462","96964755","KN295225v1","852978","853269","36","96111484"
"chr4","97045710","97046016","KN296357v1","356792","357093","28","96688918"
"chr4","97055710","97056017","KN295047v1","44235","44544","30","97011475"
"chr4","97062429","97062729","KN297058v1","42553","42853","36","97019876"
"chr4","97081351","97081638","KN295758v1","341199","341488","43","96740152"
"chr4","97107757","97108032","KN295202v1","63794","64082","49","97043963"
"chr4","97108693","97109010","KN296312v1","737011","737319","46","96371682"
"chr4","97138582","97138880","KN294260v1","621951","622250","32","96516631"
"chr4","97147005","97147294","KN295967v1","725729","726020","35","96421276"
"chr4","97182286","97182594","KN295114v1","20941","21251","40","97161345"
"chr4","97339073","97339368","KN296766v1","217532","217831","46","97121541"
"chr4","97646307","97646609","KN295112v1","522438","522740","34","97123869"
"chr4","97696431","97696733","KN297197v1","173467","173764","36","97522964"
"chr4","97920657","97920953","KN295814v1","1285532","1285833","34","96635125"
"chr4","98253285","98253583","KN296153v1","3677943","3678242","35","94575342"
"chr4","98334261","98334569","KN295114v1","20941","21251","31","98313320"
"chr4","98715220","98715515","KN296528v1","1436873","1437172","44","97278347"
"chr4","98730409","98730703","KN295995v1","1982332","1982629","40","96748077"
"chr4","98888426","98888735","KN295984v1","868891","869195","39","98019535"
"chr4","98997505","98997830","KN297390v1","1640938","1641250","49","97356567"
"chr4","99014134","99014448","KN295601v1","2895150","2895452","42","96118984"
"chr4","99182443","99182727","KN296759v1","125042","125330","40","99057401"
"chr4","99896332","99896669","KN297023v1","426290","426610","72","99470042"
"chr4","100235420","100235700","KN294386v1","12366","12643","26","100223054"
"chr4","100490680","100490967","KN294208v1","853291","853593","48","99637389"
"chr4","100512353","100512642","KN295117v1","329951","330239","30","100182402"
"chr4","100671779","100671942","KN296587v1","82143","82310","35","100589636"
"chr4","100707656","100707937","KN294825v1","431692","431954","35","100275964"
"chr4","100730866","100731173","KN294387v1","2599087","2599393","35","98131779"
"chr4","100921912","100922207","KN295984v1","974577","974872","28","99947335"
"chr4","101040539","101040835","KN294825v1","98541","98834","24","100941998"
"chr4","101118550","101118841","KN296153v1","91872","92161","37","101026678"
"chr4","101195519","101195834","KN295929v1","446786","447092","32","100748733"
"chr4","101242769","101243073","KN295091v1","2420503","2420803","35","98822266"
"chr4","101304577","101304867","KN295929v1","337280","337577","32","100967297"
"chr4","101335589","101335880","KN296685v1","285639","285930","39","101049950"
"chr4","101339508","101339802","KN294407v1","2733858","2734151","35","98605650"
"chr4","101342784","101343082","KN296153v1","3677943","3678242","39","97664841"
"chr4","101362188","101362485","KN295929v1","282741","283046","28","101079447"
"chr4","101363307","101363447","KN295929v1","281785","281925","13","101081522"
"chr4","101387327","101387620","KN296495v1","1092065","1092362","35","100295262"
"chr4","101391118","101391429","KN295929v1","251789","252095","33","101139329"
"chr4","101669110","101669411","KN296153v1","3677943","3678242","40","97991167"
"chr4","101700352","101700666","KN294387v1","2599087","2599393","41","99101265"
"chr4","101701032","101701337","KN294407v1","2733858","2734151","47","98967174"
"chr4","101774770","101775069","KN296247v1","739787","740087","41","101034983"
"chr4","101847792","101848088","KN294588v1","494059","494353","43","101353733"
"chr4","102038128","102038423","KN294536v1","1607732","1608024","40","100430396"
"chr4","102306551","102306848","KN296829v1","559958","560257","19","101746593"
"chr4","102370459","102370760","KN296829v1","624084","624382","30","101746375"
"chr4","102444536","102444832","KN295480v1","1210004","1210299","34","101234532"
"chr4","102514820","102515104","KN296739v1","287386","287669","45","102227434"
"chr4","102586752","102587048","KN295983v1","1536250","1536551","36","101050502"
"chr4","102593496","102593622","KN294372v1","1647519","1647634","27","100945977"
"chr4","102804515","102804810","KN295090v1","2057671","2057967","38","100746844"
"chr4","103003901","103004199","KN294456v1","96834","97129","35","102907067"
"chr4","103016254","103016542","KN297190v1","3224355","3224642","41","99791899"
"chr4","103353120","103353415","KN294387v1","1455868","1456171","41","101897252"
"chr4","103476812","103477123","KN296833v1","343804","344118","40","103133008"
"chr4","103480116","103480427","KN294991v1","516330","516639","40","102963786"
"chr4","103500814","103501088","KN295424v1","228248","228528","42","103272566"
"chr4","103513420","103513678","KN294899v1","1142284","1142545","36","102371136"
"chr4","103596766","103597087","KN297133v1","419676","419981","47","103177090"
"chr4","103716335","103716634","KN297133v1","419676","419981","39","103296659"
"chr4","103823916","103824054","KN294668v1","2179035","2179176","21","101644881"
"chr4","103856022","103856316","KN295841v1","513971","514272","32","103342051"
"chr4","103857808","103858130","KN295841v1","512058","512373","40","103345750"
"chr4","104018783","104018984","KN297154v1","992411","992612","37","103026372"
"chr4","104083043","104083337","KN294790v1","2686461","2686754","32","101396582"
"chr4","104185634","104185924","KN297165v1","1143723","1144010","46","103041911"
"chr4","104197546","104197854","KN295117v1","285369","285672","51","103912177"
"chr4","104208478","104208777","KN295112v1","343212","343513","28","103865266"
"chr4","104334569","104334824","KN294739v1","994750","995002","35","103339819"
"chr4","104420581","104420899","KN295667v1","1687893","1688204","46","102732688"
"chr4","104512963","104513201","KN294365v1","1024763","1025003","33","103488200"
"chr4","104553095","104553404","KN295114v1","20941","21251","34","104532154"
"chr4","104975743","104976039","KN294421v1","22671","22970","32","104953072"
"chr4","104988264","104988524","KN295501v1","311711","311978","34","104676553"
"chr4","105000001","105000230","KN296859v1","1870551","1870779","31","103129450"
"chr4","105311492","105311788","KN295907v1","1253096","1253393","43","104058396"
"chr4","105334269","105334567","KN295320v1","27087","27386","29","105307182"
"chr4","105361233","105361525","KN295501v1","681315","681606","30","104679918"
"chr4","105394842","105395148","KN295501v1","719358","719659","30","104675484"
"chr4","105458767","105459037","KN297467v1","106107","106378","41","105352660"
"chr4","105459255","105459322","KN297038v1","106430","106497","12","105352825"
"chr4","105459892","105460110","KN294739v1","1093016","1093221","49","104366876"
"chr4","105564285","105564598","KN296036v1","433410","433720","41","105130875"
"chr4","105611292","105611580","KN295501v1","948671","948965","26","104662621"
"chr4","105645707","105646014","KN294824v1","203242","203547","42","105442465"
"chr4","105664371","105664669","KN295501v1","1005257","1005557","30","104659114"
"chr4","105729391","105729560","KN295501v1","1069091","1069268","20","104660300"
"chr4","105852155","105852451","KN295983v1","1536250","1536551","35","104315905"
"chr4","105860781","105861079","KN295983v1","1536250","1536551","32","104324531"
"chr4","105965707","105966007","KN296086v1","712709","713005","35","105252998"
"chr4","106641483","106641795","KN295114v1","20941","21251","54","106620542"
"chr4","106711561","106711869","KN296508v1","1890610","1890919","34","104820951"
"chr4","106749202","106749497","KN297197v1","1652825","1653120","35","105096377"
"chr4","106781805","106782103","KN297219v1","1668367","1668670","43","105113438"
"chr4","107011864","107012169","KN294439v1","269158","269457","38","106742706"
"chr4","107134109","107134253","KN294181v1","1301795","1301938","18","105832314"
"chr4","107625422","107625718","KN296311v1","1037581","1037880","38","106587841"
"chr4","107627853","107628150","KN296311v1","1037581","1037880","39","106590272"
"chr4","107633434","107633734","KN296743v1","1905429","1905726","27","105728005"
"chr4","107670339","107670644","KN294456v1","96834","97129","41","107573505"
"chr4","107688104","107688410","KN295114v1","20941","21251","35","107667163"
"chr4","107692050","107692355","KN296820v1","462283","462593","39","107229767"
"chr4","107694702","107694972","KN296820v1","464921","465182","36","107229781"
"chr4","107704654","107704959","KN295059v1","336835","337145","33","107367819"
"chr4","107767921","107768238","KN295692v1","998365","998674","42","106769556"
"chr4","107912366","107912653","KN296820v1","675939","676230","21","107236427"
"chr4","107954599","107954735","KN296820v1","715277","715413","15","107239322"
"chr4","108105500","108105803","KN296820v1","873131","873430","35","107232369"
"chr4","108261738","108262064","KN296820v1","1040952","1041273","32","107220786"
"chr4","108408261","108408462","KN296820v1","1177781","1177976","16","107230480"
"chr4","108731426","108731720","KN296732v1","498634","498931","37","108232792"
"chr4","109030746","109031049","KN295995v1","1426233","1426527","46","107604513"
"chr4","109356129","109356436","KN296966v1","405733","406046","37","108950396"
"chr4","109503020","109503318","KN294657v1","50290","50589","40","109452730"
"chr4","109674025","109674301","KN294619v1","791051","791334","46","108882974"
"chr4","109865765","109866072","KN294879v1","1095992","1096293","36","108769773"
"chr4","109921581","109921873","KN297044v1","811314","811606","35","109110267"
"chr4","110082131","110082440","KN295706v1","113161","113472","33","109968970"
"chr4","110099427","110099742","KN297070v1","704862","705177","19","109394565"
"chr4","110104232","110104527","KN297070v1","693285","693562","46","109410947"
"chr4","110200662","110200972","KN297070v1","595920","596228","27","109604742"
"chr4","110304848","110305146","KN295601v1","2895150","2895452","41","107409698"
"chr4","110409402","110409696","KN295995v1","1426233","1426527","35","108983169"
"chr4","110469177","110469491","KN295406v1","214517","214825","42","110254660"
"chr4","110510224","110510523","KN296759v1","638542","638840","39","109871682"
"chr4","110670223","110670522","KN297070v1","119281","119581","35","110550942"
"chr4","110760566","110760779","KN295368v1","2229217","2229427","40","108531349"
"chr4","110783259","110783563","KN297070v1","6478","6783","17","110776781"
"chr4","110821465","110821782","KN295967v1","272157","272472","41","110549308"
"chr4","110834018","110834333","KN294499v1","1948987","1949299","44","108885031"
"chr4","111186723","111187021","KN295983v1","1536250","1536551","35","109650473"
"chr4","111206146","111206445","KN297154v1","195047","195348","39","111011099"
"chr4","111258178","111258497","KN295601v1","761243","761570","57","110496935"
"chr4","111268736","111269047","KN296308v1","375677","375983","42","110893059"
"chr4","111277816","111278116","KN294758v1","374673","374971","36","110903143"
"chr4","111278129","111278413","KN295294v1","334706","334991","43","110943423"
"chr4","111339894","111340192","KN296938v1","1006669","1006968","38","110333225"
"chr4","111343227","111343488","KN294181v1","509561","509825","40","110833666"
"chr4","111347355","111347575","KN294325v1","242229","242452","39","111105126"
"chr4","111378717","111379019","KN295075v1","473320","473622","36","110905397"
"chr4","111383187","111383252","KN297442v1","1099785","1099843","21","110283402"
"chr4","111383594","111383832","KN294949v1","1102235","1102466","42","110281359"
"chr4","111399096","111399392","KN296557v1","709141","709435","37","110689955"
"chr4","111407319","111407620","KN295209v1","478196","478500","38","110929123"
"chr4","111409403","111409707","KN295090v1","2057671","2057967","41","109351732"
"chr4","111410487","111410786","KN295480v1","1210004","1210299","39","110200483"
"chr4","111433876","111434172","KN297165v1","1143723","1144010","34","110290153"
"chr4","111447376","111447678","KN296934v1","897698","898003","38","110549678"
"chr4","111451779","111452089","KN294578v1","615670","615980","33","110836109"
"chr4","111561542","111561850","KN295637v1","154827","155135","39","111406715"
"chr4","111570778","111571079","KN296153v1","3677943","3678242","29","107892835"
"chr4","111604177","111604462","KN294292v1","223216","223503","37","111380961"
"chr4","111607829","111608128","KN296834v1","363950","364248","31","111243879"
"chr4","111633402","111633694","KN295995v1","1426233","1426527","35","110207169"
"chr4","111752509","111752796","KN297095v1","1515149","1515433","35","110237360"
"chr4","111761801","111762106","KN296357v1","706115","706421","38","111055686"
"chr4","112076242","112076460","KN297095v1","3580075","3580303","33","108496167"
"chr4","112077619","112077905","KN294399v1","151738","152035","48","111925881"
"chr4","112160841","112161143","KN294407v1","249623","249924","32","111911218"
"chr4","112189272","112189540","KN295995v1","945650","945923","42","111243622"
"chr4","112226329","112226628","KN297314v1","117021","117312","37","112109308"
"chr4","112246130","112246437","KN295893v1","2469804","2470113","43","109776326"
"chr4","112259452","112259746","KN297398v1","119948","120251","34","112139504"
"chr4","112263576","112263882","KN296486v1","1321060","1321367","38","110942516"
"chr4","112368850","112369154","KN296042v1","627408","627715","29","111741442"
"chr4","112460424","112460739","KN297322v1","1153290","1153598","41","111307134"
"chr4","112584799","112585098","KN295368v1","2080316","2080619","35","110504483"
"chr4","112664443","112664753","KN296513v1","1545711","1546021","32","111118732"
"chr4","112687656","112687967","KN296306v1","825723","826032","34","111861933"
"chr4","112771513","112771812","KN294387v1","2599087","2599393","35","110172426"
"chr4","112782346","112782643","KN296153v1","3677943","3678242","32","109104403"
"chr4","112793462","112793781","KN294172v1","1755108","1755415","57","111038354"
"chr4","112794797","112795135","KN296036v1","1051362","1051698","48","111743435"
"chr4","112817744","112818054","KN295114v1","20941","21251","37","112796803"
"chr4","112836839","112837138","KN294493v1","404130","404414","56","112432709"
"chr4","112852124","112852423","KN296153v1","3677943","3678242","29","109174181"
"chr4","112893166","112893445","KN295405v1","1636689","1636971","33","111256477"
"chr4","112901550","112901845","KN295236v1","3672786","3673083","35","109228764"
"chr4","112909720","112910019","KN296665v1","187243","187542","59","112722477"
"chr4","112919765","112920074","KN294456v1","876419","876725","41","112043346"
"chr4","112927128","112927434","KN294734v1","46378","46689","37","112880750"
"chr4","112929981","112930275","KN295573v1","1180819","1181113","37","111749162"
"chr4","112988961","112989263","KN295171v1","869545","869845","44","112119416"
"chr4","113065418","113065718","KN296495v1","2056834","2057132","35","111008584"
"chr4","113081607","113081877","KN294521v1","570667","570940","46","112510940"
"chr4","113148489","113148795","KN296153v1","3677943","3678242","31","109470546"
"chr4","113204960","113205270","KN296422v1","202733","203031","44","113002227"
"chr4","113598668","113598969","KN294739v1","1119262","1119568","48","112479406"
"chr4","113668998","113669332","KN296308v1","871499","871827","50","112797499"
"chr4","113935524","113935823","KN296306v1","1446665","1446954","61","112488859"
"chr4","113954468","113954725","KN294739v1","994750","995002","34","112959718"
"chr4","114034442","114034751","KN294365v1","836716","837022","36","113197726"
"chr4","114225036","114225324","KN297165v1","1143723","1144010","43","113081313"
"chr4","114227696","114228004","KN294421v1","1619185","1619496","30","112608511"
"chr4","114232700","114232997","KN294172v1","6657386","6657682","35","107575314"
"chr4","114432073","114432387","KN297046v1","2791168","2791468","38","111640905"
"chr4","114468757","114469075","KN295090v1","755361","755671","39","113713396"
"chr4","114663216","114663506","KN296133v1","239214","239508","40","114424002"
"chr4","114724081","114724391","KN295059v1","336835","337145","42","114387246"
"chr4","114732871","114733182","KN294181v1","1399214","1399517","44","113333657"
"chr4","114796378","114796676","KN296959v1","1159791","1160090","40","113636587"
"chr4","114811978","114812264","KN297343v1","560645","560932","38","114251333"
"chr4","114856455","114856766","KN295667v1","1091339","1091651","61","113765116"
"chr4","115127477","115127758","KN294365v1","1361908","1362189","47","113765569"
"chr4","115201072","115201365","KN294443v1","551005","551302","42","114650067"
"chr4","115244896","115245196","KN295697v1","189742","190043","31","115055154"
"chr4","115248918","115249223","KN295633v1","1479786","1480091","47","113769132"
"chr4","115252301","115252595","KN296747v1","35746","36041","36","115216555"
"chr4","115266312","115266606","KN294747v1","226541","226835","38","115039771"
"chr4","115270468","115270749","KN294734v1","380579","380858","39","114889889"
"chr4","115296876","115297165","KN296153v1","91872","92161","34","115205004"
"chr4","115335842","115336150","KN296865v1","403115","403422","35","114932727"
"chr4","115336704","115336795","KN295004v1","76648","76734","13","115260056"
"chr4","115337308","115337603","KN294700v1","208419","208699","57","115128889"
"chr4","115362169","115362471","KN295315v1","360280","360581","42","115001889"
"chr4","115395866","115396147","KN294633v1","168403","168684","37","115227463"
"chr4","115405473","115405782","KN295114v1","20941","21251","46","115384532"
"chr4","115412992","115413289","KN296311v1","7650126","7650419","36","107762866"
"chr4","115426670","115426981","KN294229v1","205014","205325","37","115221656"
"chr4","115608961","115609272","KN297133v1","419676","419981","32","115189285"
"chr4","115651881","115652180","KN296596v1","9366","9670","35","115642515"
"chr4","115735082","115735389","KN295571v1","618918","619228","41","115116164"
"chr4","115795062","115795353","KN296529v1","77634","77927","39","115717428"
"chr4","115982152","115982448","KN294385v1","354018","354312","41","115628134"
"chr4","116164225","116164536","KN294842v1","473025","473335","31","115691200"
"chr4","116172993","116173290","KN296515v1","128640","128937","39","116044353"
"chr4","116196752","116197077","KN295361v1","921707","922037","55","115275045"
"chr4","116252496","116252799","KN297070v1","6478","6783","44","116246018"
"chr4","116321782","116322062","KN294711v1","646506","646789","37","115675276"
"chr4","116339786","116340085","KN296759v1","638542","638840","29","115701244"
"chr4","116355396","116355701","KN294991v1","1865473","1865780","35","114489923"
"chr4","116570807","116571117","KN294510v1","117855","118167","37","116452952"
"chr4","116680082","116680380","KN296316v1","247482","247782","39","116432600"
"chr4","116768568","116768854","KN295350v1","493114","493401","31","116275454"
"chr4","117527626","117527940","KN294161v1","657992","658299","39","116869634"
"chr4","117686572","117686860","KN294536v1","1717253","1717544","33","115969319"
"chr4","117812579","117812888","KN295382v1","230497","230807","42","117582082"
"chr4","118169415","118169717","KN296743v1","1905429","1905726","35","116263986"
"chr4","118185261","118185564","KN294717v1","373979","374286","42","117811282"
"chr4","118225402","118225694","KN295573v1","646494","646793","39","117578908"
"chr4","118378746","118379015","KN294899v1","1142284","1142545","39","117236462"
"chr4","118577196","118577484","KN297219v1","858424","858713","40","117718772"
"chr4","118608015","118608282","KN297008v1","2640522","2640786","38","115967493"
"chr4","118724360","118724657","KN296153v1","3677943","3678242","35","115046417"
"chr4","118757539","118757846","KN297367v1","171251","171554","43","118586288"
"chr4","118903827","118904108","KN297117v1","557917","558200","34","118345910"
"chr4","119453237","119453553","KN295871v1","1093938","1094249","49","118359299"
"chr4","119516103","119516194","KN294711v1","239718","239811","11","119276385"
"chr4","119679232","119679555","KN296682v1","801693","802015","44","118877539"
"chr4","120149353","120149662","KN295361v1","555090","555402","36","119594263"
"chr4","120460482","120460746","KN295828v1","363008","363276","32","120097474"
"chr4","120528636","120528840","KN295027v1","696149","696348","34","119832487"
"chr4","120632510","120632813","KN294387v1","2599087","2599393","43","118033423"
"chr4","120640727","120641038","KN295257v1","443937","444244","36","120196790"
"chr4","120921812","120922112","KN296153v1","3677943","3678242","35","117243869"
"chr4","120967644","120967930","KN295236v1","4288094","4288382","36","116679550"
"chr4","121031856","121032162","KN295828v1","925889","926189","31","120105967"
"chr4","121044492","121044601","KN295315v1","1179188","1179296","15","119865304"
"chr4","121085664","121085964","KN295828v1","974195","974493","28","120111469"
"chr4","121097113","121097421","KN295828v1","986840","987143","28","120110273"
"chr4","121099793","121100088","KN297019v1","1233639","1233939","41","119866154"
"chr4","121238453","121238749","KN294218v1","2831459","2831758","34","118406994"
"chr4","121319894","121320201","KN295236v1","3424373","3424682","34","117895521"
"chr4","121437428","121437712","KN296153v1","91872","92161","35","121345556"
"chr4","121468284","121468589","KN297227v1","852541","852851","41","120615743"
"chr4","121600894","121600983","KN297190v1","10394","10480","14","121590500"
"chr4","121604422","121604713","KN295828v1","1493746","1494040","26","120110676"
"chr4","121844083","121844390","KN294407v1","276190","276492","47","121567893"
"chr4","121847509","121847804","KN295883v1","666071","666367","42","121181438"
"chr4","121858770","121859081","KN296865v1","1033695","1034008","47","120825075"
"chr4","121859286","121859618","KN294964v1","867709","868049","68","120991577"
"chr4","121865836","121866141","KN296495v1","519300","519607","42","121346536"
"chr4","121867001","121867051","KN296316v1","276796","276845","6","121590205"
"chr4","122109792","122110101","KN294387v1","2599087","2599393","38","119510705"
"chr4","122249011","122249317","KN294536v1","952303","952607","39","121296708"
"chr4","122320424","122320727","KN294501v1","104788","105092","38","122215636"
"chr4","122397029","122397314","KN295828v1","2146175","2146463","23","120250854"
"chr4","122911947","122912257","KN296381v1","91265","91569","35","122820682"
"chr4","122930579","122930913","KN296774v1","416856","417135","71","122513723"
"chr4","123152145","123152443","KN296774v1","188833","189131","28","122963312"
"chr4","123349206","123349502","KN294758v1","374673","374971","35","122974533"
"chr4","123383415","123383693","KN295251v1","32452","32721","23","123350963"
"chr4","123696802","123697087","KN296865v1","1674895","1675192","45","122021907"
"chr4","123726170","123726476","KN297153v1","468776","469078","44","123257394"
"chr4","123748985","123749282","KN294456v1","96834","97129","33","123652151"
"chr4","124025276","124025582","KN294561v1","767639","767926","48","123257637"
"chr4","124072170","124072467","KN294739v1","998889","999185","32","123073281"
"chr4","124102576","124102872","KN295365v1","836227","836522","27","123266349"
"chr4","124241621","124241904","KN296682v1","109437","109724","46","124132184"
"chr4","124331548","124331853","KN295365v1","594898","595195","43","123736650"
"chr4","124337848","124338095","KN297165v1","2929718","2929968","35","121408130"
"chr4","124432825","124433100","KN295925v1","561326","561599","44","123871499"
"chr4","124717161","124717435","KN295365v1","200644","200948","46","124516517"
"chr4","124742325","124742479","KN295365v1","176106","176259","13","124566219"
"chr4","124989188","124989482","KN294536v1","1607732","1608024","33","123381456"
"chr4","125255399","125255702","KN295356v1","348851","349147","33","124906548"
"chr4","125397651","125397952","KN296609v1","681352","681654","31","124716299"
"chr4","125411313","125411617","KN294917v1","618557","618860","31","124792756"
"chr4","125479187","125479421","KN295356v1","570446","570675","22","124908741"
"chr4","125517156","125517428","KN297264v1","12615","12885","51","125504541"
"chr4","125764573","125764797","KN295356v1","844442","844670","18","124920131"
"chr4","125877200","125877514","KN295523v1","296488","296786","47","125580712"
"chr4","125904448","125904745","KN295356v1","978801","979084","30","124925647"
"chr4","125915981","125916281","KN295356v1","990875","991182","29","124925106"
"chr4","125937430","125937765","KN295356v1","1015473","1015808","34","124921957"
"chr4","126019839","126020151","KN294728v1","1530565","1530875","36","124489274"
"chr4","126043394","126043716","KN296486v1","1315197","1315517","41","124728197"
"chr4","126067435","126067739","KN295356v1","1137589","1137899","27","124929846"
"chr4","126141357","126141650","KN295356v1","1216078","1216374","28","124925279"
"chr4","126272192","126272486","KN295501v1","1005257","1005557","42","125266935"
"chr4","126379622","126379926","KN295112v1","343212","343513","35","126036410"
"chr4","126439371","126439665","KN295225v1","852978","853269","30","125586393"
"chr4","126453283","126453588","KN295573v1","1373387","1373690","39","125079896"
"chr4","126682055","126682348","KN294446v1","410629","410926","40","126271426"
"chr4","126851315","126851634","KN296884v1","112125","112445","45","126739190"
"chr4","127227688","127227986","KN294385v1","1074662","1074955","54","126153026"
"chr4","127472672","127472972","KN295983v1","1536250","1536551","34","125936422"
"chr4","127580786","127581087","KN297019v1","1233639","1233939","37","126347147"
"chr4","127622663","127622962","KN296079v1","265721","266017","32","127356942"
"chr4","127778801","127779085","KN295090v1","1165047","1165331","45","126613754"
"chr4","127856454","127856758","KN294911v1","671541","671840","40","127184913"
"chr4","127870612","127870911","KN296357v1","432545","432848","32","127438067"
"chr4","127940099","127940393","KN295459v1","1614660","1614952","37","126325439"
"chr4","127985205","127985507","KN294599v1","47586","47885","37","127937619"
"chr4","128030565","128030672","KN295308v1","259939","260048","17","127770626"
"chr4","128209211","128209536","KN295667v1","338705","339021","45","127870506"
"chr4","128291468","128291764","KN297078v1","312102","312402","40","127979366"
"chr4","128300790","128301091","KN294539v1","761382","761684","42","127539408"
"chr4","128351377","128351684","KN294387v1","2599087","2599393","50","125752290"
"chr4","128363763","128364070","KN296004v1","249105","249401","50","128114658"
"chr4","128383769","128384064","KN294536v1","1607732","1608024","33","126776037"
"chr4","128457286","128457577","KN297259v1","1300977","1301270","35","127156309"
"chr4","128496243","128496546","KN296306v1","825723","826032","45","127670520"
"chr4","128598153","128598434","KN296635v1","4770618","4770901","33","123827535"
"chr4","128620575","128620825","KN297375v1","286081","286336","38","128334494"
"chr4","128634793","128635090","KN294439v1","72624","72920","26","128562169"
"chr4","128727994","128728296","KN296153v1","3677943","3678242","30","125050051"
"chr4","128828282","128828606","KN295667v1","1687893","1688204","53","127140389"
"chr4","129094360","129094662","KN296153v1","3677943","3678242","35","125416417"
"chr4","129118960","129119268","KN294536v1","952303","952607","39","128166657"
"chr4","129239806","129240113","KN297133v1","419676","419981","37","128820130"
"chr4","129260503","129260791","KN294166v1","3148","3439","46","129257355"
"chr4","129437317","129437579","KN296201v1","586124","586387","38","128851193"
"chr4","129733094","129733397","KN295171v1","869545","869845","36","128863549"
"chr4","129874796","129875096","KN296528v1","1436873","1437172","38","128437923"
"chr4","129891073","129891369","KN295090v1","2057671","2057967","33","127833402"
"chr4","130001311","130001605","KN294747v1","670418","670717","47","129330893"
"chr4","130081057","130081354","KN296726v1","1039871","1040162","38","129041186"
"chr4","130099664","130099979","KN296859v1","895216","895514","46","129204448"
"chr4","130149252","130149562","KN295114v1","20941","21251","35","130128311"
"chr4","130324582","130324893","KN294940v1","561093","561407","45","129763489"
"chr4","130347299","130347602","KN295984v1","3279862","3280170","43","127067437"
"chr4","130350591","130350883","KN296096v1","3183138","3183434","41","127167453"
"chr4","130429372","130429671","KN294647v1","77931","78235","34","130351441"
"chr4","130444496","130444785","KN294647v1","92837","93124","22","130351659"
"chr4","130448336","130448665","KN296311v1","2385206","2385523","57","128063130"
"chr4","130454263","130454563","KN296485v1","429084","429391","40","130025179"
"chr4","130477848","130477957","KN295550v1","700167","700268","30","129777681"
"chr4","130478465","130478680","KN295257v1","822079","822292","34","129656386"
"chr4","130495844","130496145","KN294647v1","147458","147764","23","130348386"
"chr4","130514424","130514728","KN294647v1","169070","169378","30","130345354"
"chr4","130518972","130519269","KN296381v1","74782","75080","31","130444190"
"chr4","130531021","130531323","KN295501v1","1005257","1005557","33","129525764"
"chr4","130549091","130549389","KN296153v1","3677943","3678242","37","126871148"
"chr4","130550448","130550745","KN294790v1","2686461","2686754","32","127863987"
"chr4","130581939","130582231","KN294911v1","3820095","3820391","38","126761844"
"chr4","130603544","130603856","KN295114v1","20941","21251","38","130582603"
"chr4","130604597","130604894","KN295045v1","330502","330797","46","130274095"
"chr4","130605065","130605366","KN295923v1","520307","520606","32","130084758"
"chr4","130609994","130610306","KN296158v1","1672506","1672810","45","128937488"
"chr4","130628746","130629046","KN295883v1","334055","334349","31","130294691"
"chr4","130631196","130631328","KN296119v1","3494836","3494965","20","127136360"
"chr4","130637398","130637697","KN297133v1","1370295","1370592","37","129267103"
"chr4","130658294","130658593","KN295090v1","1234308","1234605","43","129423986"
"chr4","130663116","130663423","KN294181v1","1399214","1399517","33","129263902"
"chr4","130705145","130705281","KN294668v1","2179035","2179176","17","128526110"
"chr4","130709389","130709699","KN295634v1","230980","231291","37","130478409"
"chr4","130717536","130717822","KN297044v1","56927","57215","32","130660609"
"chr4","130725017","130725317","KN294208v1","853291","853593","40","129871726"
"chr4","130736461","130736752","KN297200v1","453639","453932","31","130282822"
"chr4","130739887","130740182","KN295854v1","1466288","1466586","35","129273599"
"chr4","130741331","130741625","KN294571v1","1694112","1694408","29","129047219"
"chr4","130800097","130800389","KN297165v1","1143723","1144010","31","129656374"
"chr4","130813320","130813615","KN295633v1","1875319","1875611","34","128938001"
"chr4","130844189","130844502","KN294172v1","4623261","4623567","38","126220928"
"chr4","130855917","130856210","KN294588v1","494059","494353","24","130361858"
"chr4","130867818","130868121","KN296153v1","3677943","3678242","34","127189875"
"chr4","131024871","131025181","KN295933v1","750253","750551","55","130274618"
"chr4","131061858","131062157","KN297197v1","173467","173764","33","130888391"
"chr4","131110665","131110868","KN297452v1","14244","14440","32","131096421"
"chr4","131137076","131137363","KN295102v1","214886","215171","35","130922190"
"chr4","131149324","131149635","KN296096v1","1627694","1628007","38","129521630"
"chr4","131178012","131178324","KN295871v1","1093938","1094249","40","130084074"
"chr4","131193214","131193493","KN295893v1","2116895","2117181","42","129076319"
"chr4","131239997","131240317","KN296635v1","3366039","3366351","42","127873958"
"chr4","131240536","131240842","KN296137v1","1444","1748","43","131239092"
"chr4","131285740","131286042","KN296859v1","895216","895514","31","130390524"
"chr4","131286785","131287076","KN296682v1","5162407","5162700","37","126124378"
"chr4","131304395","131304709","KN294420v1","330824","331134","45","130973571"
"chr4","131308821","131309124","KN295171v1","869545","869845","33","130439276"
"chr4","131332164","131332462","KN296311v1","5192704","5193002","33","126139460"
"chr4","131344020","131344353","KN294229v1","320427","320754","68","131023593"
"chr4","131429768","131430059","KN295236v1","4263232","4263521","36","127166536"
"chr4","131659211","131659523","KN294264v1","371563","371884","47","131287648"
"chr4","132045536","132045835","KN296883v1","1268033","1268327","39","130777503"
"chr4","132217702","132218006","KN296934v1","897698","898003","29","131320004"
"chr4","132305836","132306086","KN295368v1","2229217","2229427","58","130076619"
"chr4","132400768","132401071","KN295596v1","1673921","1674225","33","130726847"
"chr4","132538558","132538850","KN296153v1","3677943","3678242","39","128860615"
"chr4","132626660","132626955","KN296153v1","2309746","2310040","46","130316914"
"chr4","132757193","132757483","KN295449v1","720465","720757","39","132036728"
"chr4","133334747","133335058","KN295633v1","264317","264628","38","133070430"
"chr4","133353366","133353661","KN296062v1","2106200","2106493","37","131247166"
"chr4","133480940","133481223","KN296589v1","393764","394045","39","133087176"
"chr4","133587068","133587189","KN295090v1","1877159","1877277","20","131709909"
"chr4","133865147","133865461","KN294717v1","373979","374286","46","133491168"
"chr4","134111916","134112191","KN294994v1","12837","13117","43","134099079"
"chr4","134129691","134129972","KN297105v1","3638680","3638973","49","130491011"
"chr4","134218592","134218902","KN294717v1","373979","374286","33","133844613"
"chr4","134454903","134455197","KN296062v1","2106200","2106493","44","132348703"
"chr4","134467965","134468259","KN296062v1","2106200","2106493","44","132361765"
"chr4","134636108","134636416","KN295114v1","20941","21251","37","134615167"
"chr4","135217560","135217860","KN294407v1","249623","249924","40","134967937"
"chr4","135367379","135367669","KN296865v1","1674895","1675192","46","133692484"
"chr4","135388568","135388876","KN295962v1","1921217","1921530","45","133467351"
"chr4","135422518","135422783","KN296435v1","3246212","3246499","55","132176306"
"chr4","135511670","135511988","KN294705v1","1582720","1583032","41","133928950"
"chr4","135795943","135796244","KN295489v1","886289","886575","33","134909654"
"chr4","135823484","135823794","KN295801v1","301912","302222","42","135521572"
"chr4","136115664","136115969","KN296934v1","897698","898003","37","135217966"
"chr4","136271337","136271630","KN295489v1","361943","362234","24","135909394"
"chr4","136406855","136407006","KN296681v1","1393444","1393607","24","135013411"
"chr4","136652343","136652632","KN296187v1","1603297","1603587","46","135049046"
"chr4","136864723","136864959","KN296481v1","206504","206734","37","136658219"
"chr4","136972054","136972339","KN297165v1","1143723","1144010","36","135828331"
"chr4","137171060","137171338","KN295666v1","1382237","1382512","47","135788823"
"chr4","137289314","137289614","KN294662v1","79885","80185","42","137209429"
"chr4","138357889","138358199","KN294172v1","4623261","4623567","47","133734628"
"chr4","138648059","138648346","KN294239v1","334831","335118","49","138313228"
"chr4","138765626","138765951","KN295430v1","2475707","2476027","55","136289919"
"chr4","138791150","138791453","KN295209v1","472753","473057","41","138318397"
"chr4","138948507","138948802","KN294457v1","3761","4056","41","138944746"
"chr4","138963983","138964293","KN294705v1","1582720","1583032","41","137381263"
"chr4","138991820","138992122","KN296665v1","187243","187542","46","138804577"
"chr4","139115683","139115956","KN296635v1","4770618","4770901","48","134345065"
"chr4","139215448","139215755","KN294387v1","2599087","2599393","33","136616361"
"chr4","139728920","139729218","KN295315v1","96873","97173","40","139632047"
"chr4","139833741","139834048","KN294172v1","4761492","4761794","37","135072249"
"chr4","139924045","139924338","KN294536v1","1607732","1608024","38","138316313"
"chr4","140026287","140026548","KN294292v1","24945","25210","39","140001342"
"chr4","140040524","140040823","KN296594v1","192568","192865","46","139847956"
"chr4","140062242","140062532","KN296747v1","35746","36041","42","140026496"
"chr4","140262680","140262990","KN295047v1","44235","44544","38","140218445"
"chr4","140423888","140424029","KN294834v1","240385","240525","33","140183503"
"chr4","140777680","140777991","KN295633v1","552342","552653","51","140225338"
"chr4","140801428","140801714","KN296096v1","3227182","3227470","43","137574246"
"chr4","140849483","140849795","KN294378v1","603932","604238","48","140245551"
"chr4","140867228","140867528","KN297133v1","419676","419981","30","140447552"
"chr4","140897034","140897344","KN294387v1","2599087","2599393","41","138297947"
"chr4","140938406","140938699","KN294633v1","209607","209900","44","140728799"
"chr4","140980398","140980702","KN295995v1","1426233","1426527","42","139554165"
"chr4","141036751","141037040","KN296849v1","262325","262616","27","140774426"
"chr4","141312888","141313193","KN294806v1","835206","835511","34","140477682"
"chr4","141679079","141679387","KN295667v1","1687893","1688204","41","139991186"
"chr4","141699465","141699773","KN294365v1","2051352","2051662","39","139648113"
"chr4","141709344","141709652","KN294387v1","2599087","2599393","39","139110257"
"chr4","141714699","141714983","KN296864v1","999128","999415","42","140715571"
"chr4","141725723","141726027","KN294387v1","2599087","2599393","36","139126636"
"chr4","141741735","141741871","KN294214v1","535005","535140","19","141206730"
"chr4","141750629","141750928","KN295984v1","1136723","1137018","38","140613906"
"chr4","141771713","141772001","KN295117v1","329951","330239","34","141441762"
"chr4","141832430","141832736","KN296280v1","453801","454105","45","141378629"
"chr4","141905921","141906212","KN297219v1","858424","858713","36","141047497"
"chr4","141909843","141910133","KN295441v1","715258","715546","38","141194585"
"chr4","141915080","141915393","KN296062v1","2035715","2036023","41","139879365"
"chr4","141954943","141955215","KN294172v1","6656193","6656471","42","135298750"
"chr4","141958519","141958823","KN294387v1","2599087","2599393","31","139359432"
"chr4","141967487","141967794","KN294239v1","153759","154060","44","141813728"
"chr4","141974033","141974327","KN295077v1","585208","585503","32","141388825"
"chr4","141976162","141976430","KN295523v1","3618519","3618784","30","138357643"
"chr4","141978998","141979288","KN295501v1","1005257","1005557","42","140973741"
"chr4","141982743","141983052","KN294717v1","373979","374286","40","141608764"
"chr4","141985048","141985293","KN296144v1","66","315","47","141984982"
"chr4","141988305","141988622","KN294172v1","4623261","4623567","40","137365044"
"chr4","142026493","142026783","KN295459v1","1614660","1614952","37","140411833"
"chr4","142041826","142042139","KN296311v1","5716473","5716784","50","136325353"
"chr4","142042289","142042343","KN296303v1","601715","601771","17","141440574"
"chr4","142043309","142043460","KN297200v1","500001","500152","20","141543308"
"chr4","142072011","142072320","KN294717v1","373979","374286","39","141698032"
"chr4","142085913","142086213","KN294439v1","269158","269457","31","141816755"
"chr4","142141092","142141405","KN295974v1","2081619","2081931","40","140059473"
"chr4","142144707","142145023","KN294557v1","60815","61127","34","142083892"
"chr4","142181755","142182061","KN294233v1","606879","607187","40","141574876"
"chr4","142230862","142231165","KN295586v1","4915074","4915376","39","137315788"
"chr4","142231411","142231456","KN297026v1","1749626","1749671","6","140481785"
"chr4","142255255","142255556","KN297047v1","741852","742155","37","141513403"
"chr4","142284524","142284780","KN294407v1","787137","787392","44","141497387"
"chr4","142300862","142301164","KN295241v1","7354","7661","44","142293508"
"chr4","142320249","142320560","KN294439v1","261107","261420","40","142059142"
"chr4","142347251","142347562","KN296775v1","905300","905611","36","141441951"
"chr4","142355325","142355630","KN296191v1","1208215","1208519","34","141147110"
"chr4","142501520","142501843","KN295633v1","264317","264628","44","142237203"
"chr4","142546199","142546494","KN296731v1","1560091","1560385","28","140986108"
"chr4","142632786","142633079","KN296153v1","3677943","3678242","40","138954843"
"chr4","142681598","142681899","KN296682v1","4599208","4599505","43","138082390"
"chr4","142702147","142702453","KN294848v1","183918","184217","44","142518229"
"chr4","142806447","142806576","KN297444v1","275896","276018","20","142530551"
"chr4","142817834","142818139","KN297047v1","1158961","1159265","46","141658873"
"chr4","142857505","142857801","KN294747v1","778077","778373","32","142079428"
"chr4","142872582","142872847","KN294705v1","1319976","1320246","44","141552606"
"chr4","142934222","142934530","KN296137v1","1444","1748","43","142932778"
"chr4","142960980","142961300","KN297048v1","117690","118000","49","142843290"
"chr4","142973531","142973840","KN295667v1","1687893","1688204","34","141285638"
"chr4","143066148","143066445","KN294588v1","494059","494353","51","142572089"
"chr4","143103315","143103642","KN294365v1","1401774","1402095","49","141701541"
"chr4","143122399","143122531","KN295533v1","1134391","1134530","18","141988008"
"chr4","143132718","143133024","KN297019v1","964771","965083","33","142167947"
"chr4","143196000","143196306","KN294467v1","346596","346896","38","142849404"
"chr4","143371870","143372153","KN297117v1","557917","558200","38","142813953"
"chr4","143377938","143378234","KN297259v1","56398","56695","34","143321540"
"chr4","143403981","143404289","KN294717v1","373979","374286","36","143030002"
"chr4","143865369","143865662","KN294591v1","333270","333563","38","143532099"
"chr4","143907331","143907618","KN295995v1","1426233","1426527","39","142481098"
"chr4","143930695","143931000","KN295667v1","1746297","1746597","32","142184398"
"chr4","143964218","143964527","KN297421v1","269231","269537","45","143694987"
"chr4","143975405","143975706","KN295554v1","143340","143643","34","143832065"
"chr4","144009870","144010134","KN295523v1","3618519","3618784","30","140391351"
"chr4","144062996","144063303","KN294717v1","373979","374286","46","143689017"
"chr4","144229430","144229711","KN296505v1","925082","925364","36","143304348"
"chr4","144450085","144450398","KN294325v1","86738","87047","47","144363347"
"chr4","144471309","144471606","KN297349v1","362176","362470","34","144109133"
"chr4","144683479","144683795","KN297349v1","157847","158158","39","144525632"
"chr4","144689854","144690151","KN294407v1","2733858","2734151","36","141955996"
"chr4","144703052","144703367","KN294647v1","185825","186131","41","144517227"
"chr4","144750325","144750629","KN297349v1","92995","93295","29","144657330"
"chr4","144768309","144768463","KN297349v1","71428","71581","20","144696881"
"chr4","144795970","144796253","KN297349v1","37586","37874","21","144758384"
"chr4","144810873","144811157","KN294446v1","445226","445515","35","144365647"
"chr4","144871101","144871410","KN296357v1","706115","706421","36","144164986"
"chr4","144885168","144885469","KN295096v1","2124655","2124956","38","142760513"
"chr4","144905743","144905833","KN295735v1","493047","493132","12","144412696"
"chr4","145066234","145066509","KN297097v1","280037","280310","23","144786197"
"chr4","145279177","145279462","KN297097v1","59898","60169","40","145219279"
"chr4","145503039","145503341","KN295096v1","2124655","2124956","44","143378384"
"chr4","145628798","145629094","KN294588v1","1492426","1492725","35","144136372"
"chr4","145675264","145675548","KN295405v1","1636689","1636971","38","144038575"
"chr4","146027581","146027876","KN297445v1","1326382","1326677","32","144701199"
"chr4","146076561","146076854","KN294536v1","1607732","1608024","32","144468829"
"chr4","146079474","146079781","KN295906v1","230171","230481","35","145849303"
"chr4","146081072","146081368","KN295984v1","974577","974872","39","145106495"
"chr4","146096113","146096410","KN294561v1","296837","297132","34","145799276"
"chr4","146099609","146099869","KN296086v1","268648","268928","61","145830961"
"chr4","146118187","146118495","KN296158v1","1672506","1672810","44","144445681"
"chr4","146141189","146141474","KN296732v1","2013890","2014190","45","144127299"
"chr4","146320849","146321145","KN294399v1","151738","152035","34","146169111"
"chr4","146323170","146323466","KN296747v1","35746","36041","33","146287424"
"chr4","146600645","146600938","KN296635v1","5447621","5447911","38","141153024"
"chr4","146703826","146704119","KN294966v1","89371","89664","38","146614455"
"chr4","146824983","146825276","KN295820v1","372417","372708","35","146452566"
"chr4","146936371","146936664","KN294456v1","645735","646031","38","146290636"
"chr4","147044459","147044752","KN296635v1","5447621","5447911","37","141596838"
"chr4","147209245","147209543","KN296602v1","153882","154173","32","147055363"
"chr4","147525159","147525457","KN296908v1","316710","317012","24","147208449"
"chr4","147686571","147686879","KN296908v1","483888","484187","37","147202683"
"chr4","147700203","147700514","KN294717v1","373979","374286","42","147326224"
"chr4","147709324","147709611","KN294251v1","3629060","3629346","37","144080264"
"chr4","147715048","147715355","KN296908v1","513287","513594","20","147201761"
"chr4","147730706","147730972","KN296908v1","528608","528872","24","147202098"
"chr4","147816971","147817271","KN294456v1","981844","982144","41","146835127"
"chr4","147854385","147854678","KN296311v1","5716473","5716784","59","142137912"
"chr4","148157814","148158119","KN294210v1","369793","370103","32","147788021"
"chr4","148199157","148199461","KN294210v1","411900","412211","23","147787257"
"chr4","148200240","148200549","KN295294v1","842343","842650","33","147357897"
"chr4","148356438","148356740","KN295573v1","646494","646793","36","147709944"
"chr4","148429287","148429580","KN294210v1","633695","633979","29","147795592"
"chr4","148483264","148483394","KN296609v1","762199","762328","17","147721065"
"chr4","148507552","148507757","KN294210v1","716838","717038","18","147790714"
"chr4","148531954","148532246","KN294662v1","79885","80185","38","148452069"
"chr4","148533270","148533576","KN295869v1","694583","694887","36","147838687"
"chr4","148578115","148578426","KN295114v1","20941","21251","36","148557174"
"chr4","148679964","148680261","KN294264v1","261999","262293","37","148417965"
"chr4","148695183","148695478","KN296158v1","1116756","1117055","43","147578427"
"chr4","148720034","148720337","KN296934v1","897698","898003","30","147822336"
"chr4","148766396","148766692","KN296759v1","638542","638840","34","148127854"
"chr4","148786956","148787238","KN295405v1","1636689","1636971","43","147150267"
"chr4","148815297","148815593","KN297452v1","2419906","2420203","36","146395391"
"chr4","148835723","148836028","KN294210v1","1035746","1036037","33","147799977"
"chr4","149022915","149023219","KN294387v1","2599087","2599393","35","146423828"
"chr4","149034720","149035022","KN294375v1","485899","486202","45","148548821"
"chr4","149127778","149128070","KN294210v1","1337256","1337541","25","147790522"
"chr4","149491919","149492220","KN294210v1","1701944","1702244","27","147789975"
"chr4","149592632","149592928","KN294210v1","1789129","1789429","26","147803503"
"chr4","149667667","149667957","KN294210v1","1855215","1855505","18","147812452"
"chr4","149705112","149705355","KN297320v1","1854764","1855015","40","147850348"
"chr4","149786059","149786354","KN295761v1","87033","87333","38","149699026"
"chr4","149899547","149899861","KN295761v1","204621","204928","34","149694926"
"chr4","149964251","149964546","KN295045v1","457618","457913","41","149506633"
"chr4","150102868","150103164","KN295761v1","420338","420638","30","149682530"
"chr4","150220547","150220844","KN295459v1","1614660","1614952","38","148605887"
"chr4","150253957","150254249","KN294229v1","72819","73113","36","150181138"
"chr4","150451253","150451478","KN294992v1","218793","219017","15","150232460"
"chr4","150513184","150513494","KN295962v1","1921217","1921530","40","148591967"
"chr4","150575150","150575459","KN294539v1","761382","761684","36","149813768"
"chr4","150579852","150580163","KN296154v1","1901209","1901519","32","148678643"
"chr4","150655201","150655494","KN297019v1","1233639","1233939","40","149421562"
"chr4","150698233","150698544","KN296312v1","16436","16745","30","150681797"
"chr4","150700637","150700922","KN296311v1","1497364","1497647","43","149203273"
"chr4","150704374","150704672","KN295352v1","487966","488265","32","150216408"
"chr4","150721159","150721481","KN294842v1","1037244","1037555","45","149683915"
"chr4","150726142","150726445","KN296513v1","2018431","2018731","41","148707711"
"chr4","150745337","150745634","KN296153v1","3677943","3678242","33","147067394"
"chr4","150748089","150748396","KN297133v1","419676","419981","34","150328413"
"chr4","150760801","150761092","KN296312v1","83736","84017","26","150677065"
"chr4","150857019","150857259","KN294949v1","1155196","1155434","45","149701823"
"chr4","150863559","150863871","KN294262v1","2954079","2954389","39","147909480"
"chr4","150893837","150894128","KN296312v1","220794","221085","24","150673043"
"chr4","150923550","150923819","KN295573v1","520941","521218","44","150402609"
"chr4","150939177","150939472","KN295077v1","585208","585503","37","150353969"
"chr4","150949680","150949953","KN294257v1","1370232","1370505","46","149579448"
"chr4","151036990","151037285","KN296312v1","358667","358963","28","150678323"
"chr4","151139702","151139830","KN297197v1","1187476","1187605","17","149952226"
"chr4","151187015","151187319","KN296153v1","2057313","2057618","44","149129702"
"chr4","151249328","151249637","KN294717v1","373979","374286","38","150875349"
"chr4","151277940","151278243","KN296312v1","600613","600920","37","150677327"
"chr4","151278678","151278977","KN296357v1","356792","357093","44","150921886"
"chr4","151282976","151283276","KN297219v1","434860","435161","31","150848116"
"chr4","151961387","151961638","KN294281v1","382481","382729","28","151578906"
"chr4","152002972","152003276","KN294457v1","1379597","1379899","28","150623375"
"chr4","152161062","152161362","KN297133v1","419676","419981","43","151741386"
"chr4","152193767","152194067","KN294444v1","57733","58029","35","152136034"
"chr4","152389723","152389981","KN297452v1","1323657","1323919","39","151066066"
"chr4","152482355","152482658","KN294457v1","1134939","1135243","41","151347416"
"chr4","152571393","152571558","KN294281v1","989793","989968","21","151581600"
"chr4","152653740","152654028","KN294281v1","1071142","1071430","23","151582598"
"chr4","152726571","152726878","KN294444v1","6061","6364","36","152720510"
"chr4","152932691","152932970","KN297112v1","3992200","3992473","43","148940491"
"chr4","152998643","152998949","KN294281v1","1429267","1429584","35","151569376"
"chr4","153017334","153017629","KN294456v1","96834","97129","47","152920500"
"chr4","153129520","153129813","KN295705v1","2252711","2253005","36","150876809"
"chr4","153177874","153178167","KN295984v1","974577","974872","36","152203297"
"chr4","153205693","153206037","KN295651v1","1515614","1515955","58","151690079"
"chr4","153219475","153219785","KN296959v1","930699","931007","40","152288776"
"chr4","153386884","153387180","KN294739v1","616485","616779","37","152770399"
"chr4","153388533","153388839","KN294407v1","93660","93961","37","153294873"
"chr4","153458706","153459003","KN296964v1","1614765","1615072","33","151843941"
"chr4","153479515","153479811","KN297197v1","1652825","1653120","34","151826690"
"chr4","153523193","153523505","KN295114v1","20941","21251","36","153502252"
"chr4","153627223","153627519","KN296153v1","3677943","3678242","35","149949280"
"chr4","153639421","153639703","KN296063v1","151453","151735","40","153487968"
"chr4","153644016","153644297","KN296964v1","1425138","1425430","28","152218878"
"chr4","153802082","153802375","KN296964v1","1260774","1261057","36","152541308"
"chr4","153808631","153808933","KN296964v1","1254450","1254740","29","152554181"
"chr4","153840858","153841114","KN296964v1","1219637","1219889","27","152621221"
"chr4","153843070","153843379","KN294561v1","643982","644294","39","153199088"
"chr4","153936198","153936505","KN296964v1","1126598","1126906","32","152809600"
"chr4","153953294","153953592","KN294592v1","13108","13404","30","153940186"
"chr4","154024325","154024632","KN294539v1","761382","761684","39","153262943"
"chr4","154040942","154041232","KN296964v1","1028835","1029116","31","153012107"
"chr4","154054727","154055027","KN294451v1","403510","403808","37","153651217"
"chr4","154061220","154061391","KN296883v1","302895","303061","33","153758325"
"chr4","154075155","154075456","KN296964v1","998298","998610","35","153076857"
"chr4","154082928","154083106","KN296119v1","3625254","3625431","22","150457674"
"chr4","154105127","154105422","KN294239v1","556738","557036","33","153548389"
"chr4","154108864","154109176","KN297019v1","1233639","1233939","44","152875225"
"chr4","154111121","154111425","KN295225v1","1170058","1170357","40","152941063"
"chr4","154125028","154125302","KN296964v1","958838","959125","35","153166190"
"chr4","154136989","154137192","KN297154v1","992411","992612","37","153144578"
"chr4","154143594","154143901","KN296964v1","940286","940594","24","153203308"
"chr4","154167497","154167794","KN296311v1","3721408","3721707","47","150446089"
"chr4","154191399","154191675","KN296964v1","896535","896791","38","153294864"
"chr4","154231124","154231431","KN296964v1","858517","858821","42","153372607"
"chr4","154237761","154238061","KN295708v1","1331487","1331787","44","152906274"
"chr4","154328649","154328951","KN296964v1","759798","760105","27","153568851"
"chr4","154363407","154363718","KN295365v1","9497","9798","36","154353910"
"chr4","154364205","154364493","KN295906v1","7772","8065","34","154356433"
"chr4","154370761","154371058","KN295236v1","3672786","3673083","40","150697975"
"chr4","154403580","154403885","KN294717v1","373979","374286","40","154029601"
"chr4","154427005","154427293","KN297322v1","1385103","1385393","31","153041902"
"chr4","154434440","154434730","KN296964v1","653472","653762","27","153780968"
"chr4","155030709","155031003","KN295501v1","902998","903291","32","154127711"
"chr4","155034025","155034332","KN296964v1","53205","53522","29","154980820"
"chr4","155181803","155182102","KN297000v1","300195","300489","38","154881608"
"chr4","155205514","155205810","KN294513v1","735571","735866","32","154469943"
"chr4","155243914","155244218","KN295022v1","123209","123517","43","155120705"
"chr4","155394827","155394941","KN297386v1","1769570","1769682","15","153625257"
"chr4","155549322","155549623","KN295550v1","1007565","1007867","42","154541757"
"chr4","155580973","155581272","KN296153v1","3677943","3678242","36","151903030"
"chr4","155674581","155674889","KN295623v1","370001","370305","39","155304580"
"chr4","155676268","155676561","KN295282v1","165180","165475","39","155511088"
"chr4","155694153","155694463","KN296042v1","627408","627715","37","155066745"
"chr4","155747220","155747521","KN294758v1","2061074","2061376","39","153686146"
"chr4","155765199","155765518","KN295525v1","362707","363033","47","155402492"
"chr4","156366610","156366899","KN296153v1","91872","92161","33","156274738"
"chr4","156379614","156379910","KN296847v1","234653","234950","41","156144961"
"chr4","156407081","156407385","KN294536v1","1859228","1859530","34","154547853"
"chr4","156410508","156410806","KN294229v1","97510","97813","39","156312998"
"chr4","156439126","156439389","KN294569v1","42139","42403","37","156396987"
"chr4","156462028","156462322","KN296133v1","239214","239508","36","156222814"
"chr4","156484092","156484393","KN295112v1","343212","343513","37","156140880"
"chr4","156494526","156494821","KN294407v1","2733858","2734151","35","153760668"
"chr4","156502355","156502629","KN294571v1","1402839","1403111","34","155099516"
"chr4","156612027","156612327","KN297046v1","2656093","2656395","34","153955934"
"chr4","156615555","156615847","KN296759v1","638542","638840","35","155977013"
"chr4","156648555","156648842","KN296865v1","956232","956520","45","155692323"
"chr4","156793806","156794103","KN295983v1","1536250","1536551","31","155257556"
"chr4","156803246","156803555","KN294261v1","106351","106657","41","156696895"
"chr4","157183011","157183320","KN296145v1","2759462","2759771","45","154423549"
"chr4","157330351","157330648","KN296916v1","378131","378429","35","156952220"
"chr4","157378290","157378576","KN297165v1","1143723","1144010","37","156234567"
"chr4","157496581","157496842","KN296138v1","41213","41476","38","157455368"
"chr4","157527727","157528022","KN296036v1","1270647","1270935","44","156257080"
"chr4","157629130","157629421","KN296040v1","568932","569222","30","157060198"
"chr4","157906725","157907036","KN295470v1","326721","327026","41","157580004"
"chr4","158317643","158317757","KN297165v1","1033125","1033239","13","157284518"
"chr4","158408286","158408579","KN295352v1","604781","605075","38","157803505"
"chr4","158633585","158633782","KN296430v1","488478","488662","35","158145107"
"chr4","158642664","158642971","KN295722v1","2545099","2545413","41","156097565"
"chr4","158669472","158669760","KN295236v1","308076","308362","35","158361396"
"chr4","158727021","158727337","KN294264v1","371563","371884","60","158355458"
"chr4","158740452","158740737","KN294470v1","2674698","2674987","40","156065754"
"chr4","158756518","158756832","KN295236v1","3424373","3424682","34","155332145"
"chr4","159064042","159064267","KN296481v1","206504","206734","39","158857538"
"chr4","159327871","159328187","KN296158v1","1672506","1672810","49","157655365"
"chr4","159541724","159542022","KN294539v1","1671791","1672090","37","157869933"
"chr4","159595889","159596189","KN294416v1","208870","209165","39","159387019"
"chr4","159641934","159642254","KN296335v1","187278","187590","44","159454656"
"chr4","159918268","159918574","KN296883v1","601049","601352","35","159317219"
"chr4","160413127","160413283","KN297047v1","2030086","2030244","30","158383041"
"chr4","160527788","160528074","KN295487v1","96031","96319","39","160431757"
"chr4","160531013","160531318","KN295983v1","1536250","1536551","40","158994763"
"chr4","160705002","160705140","KN295667v1","264788","264929","25","160440214"
"chr4","160748701","160749012","KN296167v1","1600311","1600622","40","159148390"
"chr4","160847553","160847798","KN296625v1","528861","529098","38","160318692"
"chr4","160925966","160926228","KN295090v1","1314407","1314676","38","159611559"
"chr4","160995103","160995412","KN296934v1","897698","898003","40","160097405"
"chr4","161148882","161149178","KN297165v1","1143723","1144010","38","160005159"
"chr4","161160380","161160692","KN294499v1","1676730","1677037","39","159483650"
"chr4","161376651","161376965","KN295671v1","156158","156468","49","161220493"
"chr4","161395688","161395993","KN294540v1","1290687","1290996","41","160105001"
"chr4","161456162","161456425","KN294540v1","1240361","1240657","55","160215801"
"chr4","161469969","161470161","KN296885v1","1394394","1394590","49","160075575"
"chr4","161470351","161470440","KN295533v1","1829469","1829558","19","159640882"
"chr4","161527603","161527891","KN297165v1","1143723","1144010","35","160383880"
"chr4","161532942","161533230","KN297165v1","1143723","1144010","37","160389219"
"chr4","161572785","161573094","KN294540v1","1169703","1170015","26","160403082"
"chr4","161654867","161655164","KN296145v1","981445","981746","37","160673422"
"chr4","161675785","161676096","KN295114v1","20941","21251","41","161654844"
"chr4","161707442","161707737","KN294416v1","208870","209165","36","161498572"
"chr4","161721803","161722095","KN294540v1","1047244","1047539","43","160674559"
"chr4","161781785","161782086","KN294662v1","79885","80185","31","161701900"
"chr4","161794814","161795125","KN294540v1","981148","981465","28","160813666"
"chr4","161804382","161804687","KN294251v1","3911011","3911311","38","157893371"
"chr4","161851273","161851562","KN294540v1","925328","925623","29","160925945"
"chr4","162007291","162007580","KN297190v1","3221838","3222124","33","158785453"
"chr4","162023489","162023795","KN294540v1","756785","757093","30","161266704"
"chr4","162096297","162096588","KN294451v1","1461182","1461472","44","160635115"
"chr4","162151801","162152086","KN295090v1","1165047","1165331","32","160986754"
"chr4","162178139","162178434","KN294260v1","621951","622250","42","161556188"
"chr4","162211865","162212149","KN295996v1","964033","964317","41","161247832"
"chr4","162220165","162220463","KN297046v1","2791168","2791468","33","159428997"
"chr4","162228606","162228915","KN295605v1","293868","294178","38","161934738"
"chr4","162229564","162229677","KN297165v1","1033125","1033239","21","161196439"
"chr4","162237737","162238038","KN294540v1","551610","551912","20","161686127"
"chr4","162386170","162386396","KN294992v1","218793","219017","38","162167377"
"chr4","162621965","162622260","KN294325v1","616486","616782","38","162005479"
"chr4","162637094","162637373","KN294540v1","155793","156082","35","162481301"
"chr4","162762088","162762395","KN294540v1","41880","42183","27","162720208"
"chr4","162961573","162961867","KN297184v1","875539","875834","38","162086034"
"chr4","163044856","163045170","KN295059v1","336835","337145","40","162708021"
"chr4","163431939","163432247","KN295090v1","755361","755671","39","162676578"
"chr4","163798215","163798510","KN296153v1","3677943","3678242","36","160120272"
"chr4","163842288","163842586","KN294873v1","1335054","1335354","39","162507234"
"chr4","163909367","163909674","KN294409v1","957611","957910","44","162951756"
"chr4","163912561","163912658","KN294711v1","239718","239811","17","163672843"
"chr4","163934901","163935152","KN295294v1","1765418","1765674","40","162169483"
"chr4","164008426","164008722","KN297095v1","2087459","2087755","36","161920967"
"chr4","164248124","164248434","KN296403v1","558918","559229","40","163689206"
"chr4","164284614","164284917","KN296719v1","185774","186082","33","164098840"
"chr4","164392633","164392916","KN296719v1","290745","291031","31","164101888"
"chr4","164394697","164394997","KN294251v1","2221682","2221980","44","162173015"
"chr4","164603657","164603934","KN295350v1","762397","762677","40","163841260"
"chr4","164684842","164685157","KN294539v1","761382","761684","45","163923460"
"chr4","164711631","164711911","KN295607v1","3891545","3891824","45","160820086"
"chr4","164717240","164717564","KN296290v1","2950147","2950462","59","161767093"
"chr4","164724890","164725186","KN295459v1","756232","756527","36","163968658"
"chr4","164739768","164740071","KN294578v1","615670","615980","41","164124098"
"chr4","164837219","164837525","KN296036v1","683627","683927","36","164153592"
"chr4","164984820","164985100","KN296505v1","925082","925364","42","164059738"
"chr4","165056522","165056839","KN296153v1","3677943","3678242","50","161378579"
"chr4","165069149","165069420","KN296588v1","521340","521610","54","164547809"
"chr4","165106753","165107058","KN296738v1","137767","138070","39","164968986"
"chr4","165121596","165121890","KN295705v1","688267","688561","46","164433329"
"chr4","165243238","165243520","KN294260v1","1839383","1839676","45","163403855"
"chr4","165249285","165249575","KN294446v1","445226","445515","40","164804059"
"chr4","165745107","165745415","KN296154v1","1901209","1901519","38","163843898"
"chr4","165960425","165960741","KN295474v1","894334","894644","39","165066091"
"chr4","166057421","166057731","KN295090v1","765618","765928","38","165291803"
"chr4","166184359","166184664","KN297019v1","1233639","1233939","33","164950720"
"chr4","166267344","166267654","KN294717v1","373979","374286","51","165893365"
"chr4","166274876","166275160","KN294592v1","186713","186998","37","166088163"
"chr4","166397028","166397336","KN296747v1","35746","36041","46","166361282"
"chr4","166593554","166593866","KN297038v1","2343556","2343866","44","164249998"
"chr4","166786186","166786510","KN297008v1","1083252","1083575","52","165702934"
"chr4","166910282","166910581","KN295171v1","209667","209966","36","166700615"
"chr4","166918203","166918487","KN297165v1","1143723","1144010","40","165774480"
"chr4","166976589","166976880","KN296119v1","2662968","2663265","38","164313621"
"chr4","166998381","166998679","KN294407v1","297182","297478","34","166701199"
"chr4","167020955","167021271","KN294239v1","1878400","1878713","54","165142555"
"chr4","167027839","167028147","KN295241v1","7354","7661","42","167020485"
"chr4","167139962","167140172","KN295320v1","1003469","1003680","40","166136493"
"chr4","167315037","167315338","KN297133v1","419676","419981","42","166895361"
"chr4","167339362","167339654","KN295984v1","974577","974872","36","166364785"
"chr4","167371396","167371702","KN297026v1","1059088","1059400","36","166312308"
"chr4","167436272","167436568","KN296424v1","617439","617738","35","166818833"
"chr4","167819882","167820167","KN295725v1","1539278","1539567","39","166280604"
"chr4","167835764","167836084","KN295045v1","41715","42027","53","167794049"
"chr4","167906342","167906635","KN295758v1","1096954","1097259","38","166809388"
"chr4","167954393","167954687","KN295758v1","1024835","1025134","30","166929558"
"chr4","167990311","167990608","KN295758v1","997500","997807","23","166992811"
"chr4","167991701","167991821","KN295758v1","995921","996041","14","166995780"
"chr4","167999400","167999580","KN294419v1","42675","42858","35","167956725"
"chr4","168002362","168002664","KN295758v1","982579","982875","33","167019783"
"chr4","168011723","168012016","KN295758v1","980979","981285","34","167030744"
"chr4","168018577","168018878","KN295722v1","1554813","1555112","35","166463764"
"chr4","168019168","168019459","KN295995v1","1426233","1426527","38","166592935"
"chr4","168035934","168036230","KN295171v1","869545","869845","47","167166389"
"chr4","168043819","168044117","KN297227v1","1018475","1018768","41","167025344"
"chr4","168045178","168045461","KN296980v1","433309","433585","52","167611869"
"chr4","168090372","168090645","KN295758v1","899629","899901","25","167190743"
"chr4","168114258","168114551","KN295758v1","873447","873736","37","167240811"
"chr4","168115728","168116013","KN295758v1","871943","872243","38","167243785"
"chr4","168117717","168118010","KN294260v1","1839383","1839676","41","166278334"
"chr4","168136646","168136941","KN294229v1","342209","342506","31","167794437"
"chr4","168141386","168141688","KN295758v1","842439","842745","34","167298947"
"chr4","168148429","168148741","KN295758v1","836187","836497","33","167312242"
"chr4","168152666","168152953","KN295995v1","430600","430892","35","167722066"
"chr4","168163885","168164199","KN296731v1","1681432","1681735","41","166482453"
"chr4","168170239","168170550","KN297390v1","1640938","1641250","34","166529301"
"chr4","168183425","168183704","KN294842v1","1896685","1896977","52","166286740"
"chr4","168190699","168190999","KN296040v1","548461","548761","32","167642238"
"chr4","168191606","168191895","KN294172v1","5655892","5656178","41","162535714"
"chr4","168201867","168202170","KN295096v1","2124655","2124956","39","166077212"
"chr4","168211257","168211542","KN295346v1","1108920","1109204","31","167102337"
"chr4","168231073","168231377","KN295758v1","755370","755672","39","167475703"
"chr4","168234640","168234915","KN297159v1","3103768","3104046","41","165130872"
"chr4","168235812","168236098","KN295362v1","1024505","1024804","49","167211307"
"chr4","168251050","168251341","KN295758v1","733307","733598","18","167517743"
"chr4","168401925","168402224","KN296357v1","356792","357093","32","168045133"
"chr4","168407452","168407730","KN295758v1","583974","584251","46","167823478"
"chr4","168436800","168437089","KN294536v1","1607732","1608024","35","166829068"
"chr4","168586914","168587210","KN295692v1","1562388","1562681","39","167024526"
"chr4","168810767","168811037","KN294269v1","1134000","1134277","49","167676767"
"chr4","168905439","168905736","KN295758v1","77839","78112","40","168827600"
"chr4","168978017","168978312","KN295090v1","2057671","2057967","34","166920346"
"chr4","169096064","169096366","KN295354v1","113908","114209","31","168982156"
"chr4","169107178","169107477","KN295236v1","3588168","3588471","38","165519010"
"chr4","169243039","169243166","KN294509v1","525417","525547","28","168717622"
"chr4","169243925","169244214","KN296665v1","140915","141200","54","169103010"
"chr4","169245973","169246268","KN295995v1","1426233","1426527","39","167819740"
"chr4","169356207","169356519","KN294717v1","373979","374286","35","168982228"
"chr4","169388089","169388378","KN297230v1","1127269","1127564","44","168260820"
"chr4","169411521","169411821","KN296153v1","3677943","3678242","43","165733578"
"chr4","169433019","169433336","KN296075v1","565878","566186","51","168867141"
"chr4","169435921","169436222","KN296682v1","1906340","1906636","55","167529581"
"chr4","169451909","169452186","KN296513v1","1339873","1340152","32","168112036"
"chr4","169468939","169469256","KN295354v1","470619","470919","44","168998320"
"chr4","169470204","169470508","KN295354v1","471782","472081","35","168998422"
"chr4","169594071","169594380","KN295236v1","3424373","3424682","36","166169698"
"chr4","170044321","170044625","KN296731v1","1681432","1681735","43","168362889"
"chr4","170182853","170182967","KN294864v1","611568","611683","12","169571285"
"chr4","170215910","170216064","KN294257v1","1288914","1289069","19","168926996"
"chr4","170263367","170263665","KN294837v1","303054","303351","40","169960313"
"chr4","170323772","170324065","KN294995v1","46342","46636","36","170277430"
"chr4","170344335","170344584","KN296949v1","35284","35534","41","170309051"
"chr4","170384693","170385000","KN294499v1","2332177","2332479","39","168052516"
"chr4","170385454","170385758","KN295474v1","64743","65039","43","170320711"
"chr4","170450766","170451075","KN294864v1","355088","355400","28","170095678"
"chr4","170460964","170461254","KN296588v1","1412753","1413049","48","169048211"
"chr4","170509418","170509729","KN296035v1","338193","338502","30","170171225"
"chr4","170516412","170516692","KN294210v1","1337256","1337541","35","169179156"
"chr4","170672215","170672510","KN295433v1","1590173","1590466","43","169082042"
"chr4","170911153","170911446","KN295995v1","1426233","1426527","37","169484920"
"chr4","171044854","171045122","KN296698v1","10571","10841","48","171034283"
"chr4","171154583","171154877","KN295459v1","1614660","1614952","35","169539923"
"chr4","171303023","171303320","KN296062v1","1796687","1796987","31","169506336"
"chr4","171335232","171335530","KN294499v1","1188346","1188643","33","170146886"
"chr4","171415520","171415825","KN296290v1","395377","395681","32","171020143"
"chr4","171516948","171517224","KN295586v1","2857743","2858021","45","168659205"
"chr4","171519503","171519801","KN297095v1","3079660","3079948","40","168439843"
"chr4","171642305","171642573","KN295430v1","1606937","1607192","49","170035368"
"chr4","171761759","171762051","KN295487v1","96031","96319","36","171665728"
"chr4","171800697","171800994","KN295171v1","869545","869845","36","170931152"
"chr4","171876267","171876569","KN295596v1","1673921","1674225","34","170202346"
"chr4","171935663","171935965","KN294747v1","778077","778373","34","171157586"
"chr4","171985984","171986277","KN295995v1","1426233","1426527","38","170559751"
"chr4","171988649","171988948","KN295236v1","3456423","3456719","35","168532226"
"chr4","172075709","172076033","KN296404v1","1071088","1071415","42","171004621"
"chr4","172078540","172078849","KN294387v1","2599087","2599393","35","169479453"
"chr4","172142764","172143061","KN295607v1","4757817","4758113","19","167384947"
"chr4","172152658","172152922","KN295497v1","348128","348391","34","171804530"
"chr4","172176746","172177052","KN295112v1","343212","343513","35","171833534"
"chr4","172180738","172181051","KN295607v1","4726987","4727290","35","167453751"
"chr4","172245739","172246043","KN295114v1","20941","21251","39","172224798"
"chr4","172258111","172258418","KN297452v1","2293568","2293874","45","169964543"
"chr4","172294179","172294473","KN294260v1","637573","637867","45","171656606"
"chr4","172327380","172327570","KN294419v1","42675","42858","29","172284705"
"chr4","172346528","172346822","KN296311v1","3998566","3998863","36","168347962"
"chr4","172377336","172377616","KN297205v1","282017","282299","30","172095319"
"chr4","172429238","172429535","KN295607v1","4479027","4479333","28","167950211"
"chr4","172459622","172459915","KN295523v1","3227490","3227779","43","169232132"
"chr4","172480113","172480418","KN297095v1","1315352","1315652","34","171164761"
"chr4","172504141","172504441","KN295449v1","1335854","1336149","33","171168287"
"chr4","172504610","172504903","KN296153v1","3677943","3678242","32","168826667"
"chr4","172551860","172552170","KN296743v1","2631067","2631380","37","169920793"
"chr4","172580325","172580633","KN295607v1","4329833","4330140","26","168250492"
"chr4","172606573","172606873","KN294790v1","2021740","2022034","38","170584833"
"chr4","172713849","172714107","KN294172v1","5882280","5882542","42","166831569"
"chr4","172738743","172739039","KN296119v1","5113175","5113468","36","167625568"
"chr4","172757999","172758303","KN295114v1","20941","21251","37","172737058"
"chr4","172808588","172808756","KN295744v1","693504","693672","26","172115084"
"chr4","172835530","172835816","KN296649v1","506157","506442","34","172329373"
"chr4","172886915","172887209","KN296883v1","2840717","2841010","33","170046198"
"chr4","172888431","172888577","KN296825v1","1361880","1362022","14","171526551"
"chr4","172903702","172903983","KN295607v1","4020079","4020358","25","168883623"
"chr4","172920866","172921147","KN294462v1","73428","73721","40","172847438"
"chr4","172927197","172927507","KN296317v1","72","378","39","172927125"
"chr4","173040120","173040414","KN295077v1","585208","585503","32","172454912"
"chr4","173041340","173041640","KN295096v1","2124655","2124956","32","170916685"
"chr4","173091976","173092286","KN295480v1","1547572","1547883","47","171544404"
"chr4","173141150","173141295","KN294668v1","2179035","2179176","20","170962115"
"chr4","173246853","173247128","KN295667v1","1100491","1100761","43","172146362"
"chr4","173249828","173250141","KN295607v1","3689917","3690230","35","169559911"
"chr4","173260414","173260711","KN294592v1","13108","13404","29","173247306"
"chr4","173268539","173268830","KN295607v1","3669731","3670023","23","169598808"
"chr4","173343856","173344161","KN295835v1","81348","81655","35","173262508"
"chr4","173363695","173363990","KN295607v1","3578135","3578425","35","169785560"
"chr4","173405695","173405980","KN294239v1","334831","335118","40","173070864"
"chr4","173876610","173876660","KN295115v1","465547","465598","8","173411063"
"chr4","174708459","174708692","KN295607v1","2239036","2239274","29","172469423"
"chr4","175028356","175028659","KN296062v1","1796687","1796987","36","173231669"
"chr4","175057862","175058193","KN295601v1","761243","761570","51","174296619"
"chr4","175083506","175083807","KN294147v1","1862582","1862887","41","173220924"
"chr4","175193655","175193946","KN296062v1","2106200","2106493","37","173087455"
"chr4","175265668","175265978","KN295607v1","1638033","1638337","31","173627635"
"chr4","175532733","175533014","KN294172v1","2999478","2999758","36","172533255"
"chr4","175607915","175608225","KN295523v1","183476","183782","34","175424439"
"chr4","175867318","175867628","KN296486v1","1315197","1315517","38","174552121"
"chr4","175893031","175893327","KN295607v1","1001931","1002240","34","174891100"
"chr4","175972996","175973296","KN295983v1","1536250","1536551","34","174436746"
"chr4","176053395","176053667","KN295607v1","837256","837528","31","175216139"
"chr4","176109718","176110009","KN294685v1","583291","583585","38","175526427"
"chr4","176153231","176153526","KN294264v1","261999","262293","37","175891232"
"chr4","176205632","176205921","KN295607v1","683357","683652","24","175522275"
"chr4","176226574","176226851","KN296187v1","1930185","1930462","36","174296389"
"chr4","176245942","176246245","KN295607v1","643118","643429","26","175602824"
"chr4","176247149","176247444","KN295607v1","641913","642216","37","175605236"
"chr4","176300563","176300842","KN295607v1","588543","588828","27","175712020"
"chr4","176362594","176362901","KN295692v1","998365","998674","33","175364229"
"chr4","176383658","176383961","KN295236v1","4576569","4576870","36","171807089"
"chr4","176404920","176405216","KN295607v1","480618","480916","30","175924302"
"chr4","176534780","176535065","KN297019v1","760844","761124","48","175773936"
"chr4","176614381","176614703","KN295607v1","266680","266991","44","176347701"
"chr4","176669174","176669458","KN295607v1","211662","211946","18","176457512"
"chr4","176753789","176754099","KN296158v1","1672506","1672810","37","175081283"
"chr4","177127031","177127352","KN295055v1","415418","415725","44","176711613"
"chr4","177350132","177350424","KN294385v1","354018","354312","44","176996114"
"chr4","177394529","177394778","KN297197v1","1680513","1680746","43","175714016"
"chr4","177398078","177398295","KN295055v1","138972","139192","18","177259106"
"chr4","177400435","177400738","KN296153v1","3639309","3639602","42","173761126"
"chr4","177490580","177490836","KN296923v1","34416","34674","38","177456164"
"chr4","177589695","177589743","KN294934v1","66089","66137","5","177523606"
"chr4","177591664","177591981","KN295176v1","34358","34673","44","177557306"
"chr4","177721344","177721674","KN295983v1","1536250","1536551","54","176185094"
"chr4","177739262","177739569","KN294717v1","311839","312142","51","177427423"
"chr4","177851979","177852283","KN296357v1","706115","706421","38","177145864"
"chr4","177889044","177889331","KN295940v1","167693","167976","42","177721351"
"chr4","178115726","178115902","KN295533v1","1671138","1671311","24","176444588"
"chr4","178165020","178165323","KN294588v1","1492426","1492725","39","176672594"
"chr4","178364702","178365004","KN295835v1","81348","81655","54","178283354"
"chr4","178469122","178469420","KN295930v1","746886","747174","44","177722236"
"chr4","178552445","178552748","KN294172v1","6860683","6860986","33","171691762"
"chr4","178576215","178576474","KN294486v1","585631","585878","43","177990584"
"chr4","178899172","178899465","KN294172v1","7044807","7045099","35","171854365"
"chr4","178923758","178924017","KN295923v1","991823","992074","47","177931935"
"chr4","178952476","178952585","KN295814v1","86498","86605","19","178865978"
"chr4","178953039","178953336","KN297046v1","3249473","3249765","37","175703566"
"chr4","178976893","178977186","KN295077v1","585208","585503","47","178391685"
"chr4","179049045","179049347","KN294469v1","309875","310177","43","178739170"
"chr4","179058967","179059261","KN294457v1","1763980","1764279","40","177294987"
"chr4","179077453","179077757","KN297366v1","1924380","1924687","47","177153073"
"chr4","179364610","179364914","KN294539v1","761382","761684","36","178603228"
"chr4","179380385","179380689","KN295236v1","4576569","4576870","39","174803816"
"chr4","179411804","179412101","KN294218v1","2831459","2831758","40","176580345"
"chr4","179440298","179440605","KN295114v1","20941","21251","36","179419357"
"chr4","179523755","179524052","KN296153v1","3677943","3678242","34","175845812"
"chr4","179831444","179831727","KN294416v1","716060","716346","44","179115384"
"chr4","179870043","179870312","KN295241v1","96893","97164","35","179773150"
"chr4","179930422","179930716","KN295350v1","405055","405352","31","179525367"
"chr4","180088715","180089014","KN295441v1","1669072","1669371","35","178419643"
"chr4","180114451","180114754","KN296732v1","2013890","2014190","36","178100561"
"chr4","180155048","180155327","KN295983v1","156153","156432","32","179998895"
"chr4","180157237","180157516","KN295983v1","156153","156432","30","180001084"
"chr4","180203666","180203974","KN297219v1","2007419","2007720","44","178196247"
"chr4","180269886","180270015","KN297165v1","1033125","1033239","32","179236761"
"chr4","180319435","180319701","KN296802v1","336282","336552","42","179983153"
"chr4","180427475","180427774","KN296119v1","4121807","4122107","30","176305668"
"chr4","180601453","180601681","KN296588v1","806333","806554","45","179795120"
"chr4","180672228","180672533","KN294874v1","934343","934646","42","179737885"
"chr4","180707791","180708097","KN295171v1","675269","675580","35","180032522"
"chr4","180724159","180724443","KN296635v1","4770618","4770901","36","175953541"
"chr4","180764728","180765041","KN297320v1","2087688","2087983","50","178677040"
"chr4","180813162","180813468","KN296934v1","897698","898003","39","179915464"
"chr4","180818502","180818810","KN296732v1","2013890","2014190","35","178804612"
"chr4","180842151","180842460","KN295059v1","336835","337145","36","180505316"
"chr4","180941418","180941717","KN296557v1","709141","709435","31","180232277"
"chr4","180962855","180963153","KN296244v1","86518","86815","37","180876337"
"chr4","181015591","181015877","KN296311v1","6488208","6488503","49","174527383"
"chr4","181126517","181126822","KN296075v1","836648","836947","42","180289869"
"chr4","181465841","181466138","KN294446v1","660696","661002","49","180805145"
"chr4","181481729","181482040","KN294536v1","1195413","1195715","42","180286316"
"chr4","181571312","181571621","KN297322v1","2022656","2022967","45","179548656"
"chr4","181616039","181616350","KN296117v1","484483","484792","43","181131556"
"chr4","181756587","181756910","KN294365v1","1401774","1402095","48","180354813"
"chr4","182000325","182000621","KN294592v1","1319879","1320174","46","180680446"
"chr4","182224721","182225012","KN294685v1","1392219","1392515","43","180832502"
"chr4","182248630","182248894","KN296859v1","1784752","1785017","33","180463878"
"chr4","182270689","182270903","KN296233v1","1072681","1072897","33","181198008"
"chr4","182312843","182313152","KN297044v1","389066","389378","39","181923777"
"chr4","182437615","182437964","KN295205v1","290371","290705","73","182147244"
"chr4","182478820","182479032","KN294271v1","664259","664467","50","181814561"
"chr4","182480611","182480922","KN296233v1","883402","883713","32","181597209"
"chr4","182666401","182666687","KN296233v1","704526","704833","49","181961875"
"chr4","182915950","182916245","KN296747v1","35746","36041","42","182880204"
"chr4","182992899","182993206","KN296588v1","1061611","1061921","36","181931288"
"chr4","183010621","183010929","KN295919v1","100991","101296","34","182909630"
"chr4","183148172","183148463","KN296311v1","1041578","1041874","53","182106594"
"chr4","183187608","183187909","KN295995v1","1657698","1657999","40","181529910"
"chr4","183251494","183251790","KN296233v1","133923","134222","26","183117571"
"chr4","183489071","183489282","KN294917v1","280653","280860","36","183208418"
"chr4","183535279","183535572","KN294662v1","79885","80185","40","183455394"
"chr4","183828370","183828646","KN294976v1","468263","468541","34","183360107"
"chr4","184043564","184043829","KN295523v1","3618519","3618784","34","180425045"
"chr4","184122903","184123200","KN295117v1","272158","272456","35","183850745"
"chr4","184128982","184129271","KN296096v1","3187219","3187506","48","180941763"
"chr4","184158087","184158353","KN295523v1","4195930","4196206","49","179962157"
"chr4","184368767","184369053","KN296158v1","360928","361220","42","184007839"
"chr4","184448218","184448527","KN296297v1","4771","5081","42","184443447"
"chr4","184486741","184487033","KN294536v1","1607732","1608024","32","182879009"
"chr4","184641534","184641826","KN296865v1","1674895","1675192","39","182966639"
"chr4","184731248","184731557","KN294949v1","391656","391966","36","184339592"
"chr4","184767996","184768324","KN296934v1","749860","750186","48","184018136"
"chr4","184790100","184790399","KN296557v1","291965","292264","34","184498135"
"chr4","184819815","184820107","KN294167v1","406704","406998","28","184413111"
"chr4","184890437","184890734","KN294260v1","621951","622250","37","184268486"
"chr4","184958297","184958600","KN294172v1","4761492","4761794","40","180196805"
"chr4","185063327","185063627","KN295501v1","1005257","1005557","40","184058070"
"chr4","185145270","185145566","KN295717v1","1601959","1602259","41","183543311"
"chr4","185383713","185383958","KN295596v1","3219530","3219777","37","182164183"
"chr4","185530614","185530925","KN295923v1","1231839","1232151","35","184298775"
"chr4","185580559","185580840","KN296145v1","3253102","3253382","34","182327457"
"chr4","185764320","185764626","KN294407v1","849169","849464","38","184915151"
"chr4","185772301","185772613","KN296153v1","3677943","3678242","48","182094358"
"chr4","185826357","185826655","KN296153v1","3677943","3678242","34","182148414"
"chr4","185833322","185833588","KN294964v1","2025927","2026185","41","183807395"
"chr4","185951966","185952266","KN296732v1","2013890","2014190","39","183938076"
"chr4","186005885","186006187","KN295983v1","1536250","1536551","44","184469635"
"chr4","186051431","186051736","KN297323v1","176102","176406","31","185875329"
"chr4","186116916","186117226","KN295114v1","20941","21251","31","186095975"
"chr4","186154820","186155128","KN297133v1","419676","419981","32","185735144"
"chr4","186168481","186168786","KN295236v1","4576569","4576870","40","181591912"
"chr4","186174640","186174939","KN296435v1","121458","121770","51","186053182"
"chr4","186292646","186292947","KN296311v1","5192704","5193002","41","181099942"
"chr4","186410507","186410801","KN296435v1","3246212","3246499","38","183164295"
"chr4","186517468","186517737","KN295883v1","126524","126801","41","186390944"
"chr4","186559160","186559465","KN296040v1","628497","628798","43","185930663"
"chr4","186622911","186623210","KN295441v1","1669072","1669371","37","184953839"
"chr4","186663391","186663687","KN294561v1","643982","644294","44","186019409"
"chr4","186692223","186692530","KN295995v1","1760459","1760763","36","184931764"
"chr4","186710954","186711281","KN294668v1","2004094","2004404","57","184706860"
"chr4","186737173","186737466","KN294874v1","934343","934646","46","185802830"
"chr4","186740649","186740955","KN295371v1","32822","33133","42","186707827"
"chr4","186755420","186755706","KN294536v1","1717253","1717544","44","185038167"
"chr4","186790319","186790548","KN295075v1","636904","637122","45","186153415"
"chr4","186803029","186803352","KN297203v1","1796332","1796648","48","185006697"
"chr4","186805420","186805719","KN294407v1","93660","93961","36","186711760"
"chr4","186812653","186812963","KN297317v1","20735","21043","41","186791918"
"chr4","186826218","186826513","KN294588v1","494059","494353","35","186332159"
"chr4","186868664","186868969","KN294208v1","853291","853593","38","186015373"
"chr4","186871488","186871794","KN296145v1","633816","634121","35","186237672"
"chr4","186885006","186885314","KN294172v1","4761492","4761794","41","182123514"
"chr4","186889579","186889877","KN294420v1","618613","618914","39","186270966"
"chr4","186901444","186901729","KN295623v1","97006","97286","48","186804438"
"chr4","186912024","186912330","KN294917v1","618557","618860","37","186293467"
"chr4","186943372","186943682","KN294717v1","373979","374286","33","186569393"
"chr4","186948930","186949236","KN295112v1","343212","343513","37","186605718"
"chr4","186949839","186950140","KN294416v1","208870","209165","34","186740969"
"chr4","187081061","187081382","KN294264v1","371563","371884","42","186709498"
"chr4","187084441","187084749","KN295209v1","472753","473057","35","186611688"
"chr4","187094408","187094688","KN295350v1","636567","636846","33","186457841"
"chr4","187209461","187209767","KN294385v1","18712","19011","38","187190749"
"chr4","187255747","187256028","KN297313v1","538793","539076","32","186716954"
"chr4","187270244","187270550","KN295706v1","40899","41204","39","187229345"
"chr4","187402452","187402759","KN296934v1","897698","898003","51","186504754"
"chr4","187418027","187418310","KN295350v1","493114","493401","45","186924913"
"chr4","187420969","187421258","KN295032v1","272356","272651","44","187148613"
"chr4","187439624","187439925","KN295601v1","2895150","2895452","43","184544474"
"chr4","187455019","187455242","KN296885v1","3134403","3134633","40","184320616"
"chr4","187552216","187552513","KN296934v1","897698","898003","44","186654518"
"chr4","187771570","187771813","KN295154v1","347179","347433","57","187424391"
"chr4","187795270","187795575","KN295667v1","1687893","1688204","33","186107377"
"chr4","187887654","187887949","KN294446v1","714971","715264","33","187172683"
"chr4","187901632","187901919","KN294292v1","223216","223503","35","187678416"
"chr4","187917746","187918082","KN297165v1","2561465","2561781","58","185356281"
"chr4","187926257","187926568","KN294444v1","165242","165552","32","187761015"
"chr4","187929060","187929358","KN296096v1","3183138","3183434","32","184745922"
"chr4","187935413","187935713","KN294365v1","795012","795312","41","187140401"
"chr4","188014949","188015241","KN296859v1","895216","895514","38","187119733"
"chr4","188094692","188094994","KN295057v1","379008","379299","36","187715684"
"chr4","188240302","188240612","KN295667v1","1687893","1688204","40","186552409"
"chr4","188291010","188291318","KN294325v1","986307","986615","32","187304703"
"chr4","188403218","188403529","KN295605v1","621515","621818","45","187781703"
"chr4","188436000","188436299","KN296153v1","3677943","3678242","33","184758057"
"chr4","188448856","188449147","KN294462v1","73428","73721","30","188375428"
"chr4","188470351","188470657","KN295059v1","336835","337145","53","188133516"
"chr4","188472334","188472646","KN295114v1","20941","21251","40","188451393"
"chr4","188518084","188518389","KN294387v1","2599087","2599393","33","185918997"
"chr4","188536165","188536460","KN295692v1","1562388","1562681","39","186973777"
"chr4","188540479","188540784","KN294444v1","6061","6364","35","188534418"
"chr4","188566132","188566414","KN297112v1","2008532","2008818","31","186557600"
"chr4","188635066","188635333","KN297046v1","1516571","1516837","28","187118495"
"chr4","188706685","188706984","KN294588v1","1492426","1492725","33","187214259"
"chr4","188709193","188709491","KN295692v1","1562388","1562681","39","187146805"
"chr4","188739262","188739557","KN297095v1","1452898","1453193","35","187286364"
"chr4","188743783","188744072","KN296153v1","91872","92161","36","188651911"
"chr4","188759264","188759559","KN295984v1","974577","974872","30","187784687"
"chr4","188769310","188769615","KN296290v1","395377","395681","33","188373933"
"chr4","188789201","188789518","KN295171v1","869545","869845","47","187919656"
"chr4","188797064","188797364","KN295236v1","3672786","3673083","35","185124278"
"chr4","188799803","188800110","KN294416v1","817525","817831","36","187982278"
"chr4","188806037","188806320","KN296635v1","4770618","4770901","38","184035419"
"chr4","188830487","188830793","KN296145v1","3434479","3434782","41","185396008"
"chr4","188860673","188860981","KN294172v1","4761492","4761794","38","184099181"
"chr4","188939591","188939878","KN295368v1","2146364","2146648","38","186793227"
"chr4","188956276","188956572","KN297046v1","2791168","2791468","46","186165108"
"chr4","189111814","189112118","KN294325v1","13934","14224","50","189097880"
"chr4","189248610","189248920","KN295047v1","44235","44544","39","189204375"
"chr4","189300266","189300575","KN297390v1","1640938","1641250","37","187659328"
"chr4","189307344","189307637","KN295236v1","1764741","1765042","42","187542603"
"chr4","189342331","189342649","KN295236v1","3985587","3985900","39","185356744"
"chr4","189452483","189452653","KN296119v1","3625254","3625431","28","185827229"
"chr4","189483983","189484285","KN294387v1","2599087","2599393","37","186884896"
"chr4","189543501","189543798","KN296040v1","548461","548761","38","188995040"
"chr4","189659084","189659383","KN295983v1","1536250","1536551","36","188122834"
"chr4","189754484","189754724","KN294325v1","1309870","1310113","36","188444614"
"chr4","189764627","189764932","KN295523v1","1048577","1048884","36","188716050"
"chr4","189778806","189779059","KN295984v1","538304","538559","54","189240502"
"chr4","189810943","189811234","KN294921v1","126144","126441","50","189684799"
"chr4","189883465","189883775","KN294444v1","165242","165552","33","189718223"
"chr4","189904740","189904923","KN294172v1","1177466","1177645","35","188727274"
"chr4","190018866","190019175","KN296042v1","627408","627715","31","189391458"
"chr4","190043476","190043762","KN295350v1","493114","493401","41","189550362"
"chr4","190078444","190078740","KN295996v1","997185","997479","31","189081259"
"chr4","190101541","190101845","KN296244v1","295087","295395","44","189806454"
"chr4","190136815","190137103","KN296287v1","46583","46877","41","190090232"
"chr4","190201410","190201720","KN294387v1","2599087","2599393","36","187602323"
"chr4","190326800","190327106","KN296731v1","1391823","1392130","46","188934977"
"chr4","190600737","190601043","KN295365v1","9497","9798","39","190591240"
"chr4","190615591","190615897","KN295586v1","2586901","2587214","37","188028690"
"chr4","190723368","190723674","KN296040v1","733119","733420","42","189990249"
"chr4","190930026","190930318","KN295171v1","47208","47491","53","190882818"
"chr4","190932264","190932557","KN294251v1","2057577","2057867","36","188874687"
"chr4","191013384","191013693","KN296062v1","1401199","1401512","43","189612185"
"chr4","191015748","191016057","KN297159v1","3314158","3314468","45","187701590"
"chr4","191053604","191053886","KN294705v1","784606","784890","40","190268998"
"chr4","191147600","191147892","KN294167v1","406704","406998","33","190740896"
"chr4","191156519","191156831","KN296614v1","20754","21055","48","191135765"
"chr4","191168958","191169250","KN295523v1","4128223","4128518","35","187040735"
"chr4","191215785","191215919","KN297320v1","1897288","1897411","25","189318497"
"chr4","191281212","191281512","KN296404v1","106219","106515","35","191174993"
"chr4","191293607","191293926","KN295667v1","1687893","1688204","39","189605714"
"chr4","191339941","191340260","KN295601v1","1239412","1239710","53","190100529"
"chr4","191353255","191353355","KN295550v1","700167","700268","21","190653088"
"chr4","191353841","191353979","KN296795v1","1955999","1956137","19","189397842"
"chr4","191387763","191388069","KN294235v1","617801","618100","44","190769962"
"chr4","191392202","191392524","KN294581v1","605630","605950","51","190786572"
"chr4","191392904","191393195","KN296658v1","14745","15037","41","191378159"
"chr4","191424983","191425281","KN297095v1","2087459","2087755","37","189337524"
"chr4","191432251","191432554","KN295580v1","1390","1690","38","191430861"
"chr4","191444186","191444487","KN295236v1","3424373","3424682","41","188019813"
"chr4","191484681","191484977","KN295474v1","973205","973501","28","190511476"
"chr4","191538843","191539134","KN296009v1","1395427","1395720","35","190143416"
"chr4","191562361","191562666","KN295171v1","869545","869845","43","190692816"
"chr4","191574689","191574950","KN296065v1","54144","54403","30","191520545"
"chr4","191585324","191585614","KN295523v1","1134353","1134649","38","190450971"
"chr4","191634055","191634370","KN296565v1","45013","45324","48","191589042"
"chr4","191774615","191774915","KN294758v1","374673","374971","38","191399942"
"chr4","191805072","191805379","KN296280v1","453801","454105","37","191351271"
"chr4","191862918","191863222","KN295995v1","1426233","1426527","41","190436685"
"chr4","191875179","191875452","KN295350v1","636567","636846","41","191238612"
"chr4","192006817","192007125","KN296406v1","470066","470382","41","191536751"
"chr4","192267745","192268052","KN296580v1","3502","3804","40","192264243"
"chr4","192268618","192268926","KN294668v1","2004094","2004404","39","190264524"
"chr4","192672894","192673203","KN296009v1","1460508","1460809","37","191212386"
"chr4","193180485","193180787","KN295236v1","1764741","1765042","37","191415744"
"chr4","193186871","193187177","KN294387v1","2599087","2599393","34","190587784"
"chr5","7864154","7864462","KN296158v1","1672506","1672810","41","6191648"
"chr5","18481125","18481427","KN295561v1","256425","256726","39","18224700"
"chr5","175767447","175767740","KN297095v1","1452898","1453193","32","174314549"
"chr5","393844","394058","KN294539v1","11762","11974","38","382082"
"chr5","467591","467883","KN294987v1","1351833","1352128","33","884242"
"chr5","511068","511265","KN296913v1","1309772","1309966","40","798704"
"chr5","573533","573839","KN295708v1","1599062","1599372","33","1025529"
"chr5","678207","678517","KN296505v1","87820","88127","43","590387"
"chr5","737730","738020","KN296322v1","471470","471755","47","266260"
"chr5","1165150","1165442","KN297105v1","2955536","2955827","34","1790386"
"chr5","1325491","1325787","KN296802v1","460982","461275","28","864509"
"chr5","1329552","1329875","KN297442v1","2502603","2502926","52","1173051"
"chr5","1384963","1385250","KN296311v1","5054706","5054999","36","3669743"
"chr5","1481259","1481543","KN295936v1","1122342","1122630","50","358917"
"chr5","1626776","1626889","KN294685v1","929673","929780","15","697103"
"chr5","1744068","1744326","KN295330v1","108899","109158","22","1635169"
"chr5","1863730","1864032","KN294571v1","279917","280213","35","1583813"
"chr5","2162123","2162423","KN294662v1","79885","80185","31","2082238"
"chr5","2172160","2172436","KN296536v1","540526","540801","35","1631634"
"chr5","2383243","2383544","KN295708v1","1948345","1948646","44","434898"
"chr5","2471609","2471899","KN295281v1","3929","4223","37","2467680"
"chr5","2589141","2589432","KN297445v1","1326382","1326677","36","1262759"
"chr5","2837443","2837742","KN297219v1","434860","435161","45","2402583"
"chr5","2838986","2839298","KN297038v1","2343556","2343866","36","495430"
"chr5","2953299","2953577","KN294451v1","1409314","1409598","44","1543985"
"chr5","3136321","3136620","KN294911v1","4554973","4555270","42","1418652"
"chr5","3159653","3159972","KN296926v1","775755","776062","48","2383898"
"chr5","3207875","3208175","KN296503v1","221880","222175","50","2985995"
"chr5","3227033","3227341","KN295171v1","869545","869845","36","2357488"
"chr5","3386625","3386930","KN295038v1","926006","926310","43","2460619"
"chr5","3478804","3479118","KN295480v1","2490672","2490988","47","988132"
"chr5","3515504","3515791","KN294444v1","57733","58029","47","3457771"
"chr5","3546642","3546943","KN296153v1","3677943","3678242","36","131301"
"chr5","3567677","3567937","KN294251v1","2011223","2011484","47","1556454"
"chr5","3586541","3586840","KN296322v1","1925219","1925518","37","1661322"
"chr5","3764116","3764420","KN294842v1","690378","690679","41","3073738"
"chr5","3785049","3785314","KN294234v1","1360550","1360824","37","2424499"
"chr5","3842095","3842361","KN297044v1","508979","509247","41","3333116"
"chr5","3973035","3973262","KN296406v1","435308","435525","38","3537727"
"chr5","4062127","4062416","KN297320v1","121027","121325","45","3941100"
"chr5","4294835","4295130","KN294758v1","2189671","2189970","49","2105164"
"chr5","4307491","4307796","KN296357v1","706115","706421","40","3601376"
"chr5","4324726","4325036","KN295605v1","293868","294178","43","4030858"
"chr5","4414387","4414695","KN297317v1","20735","21043","43","4393652"
"chr5","4511713","4511994","KN296311v1","715482","715765","39","3796231"
"chr5","4527606","4527919","KN296281v1","60300","60607","46","4467306"
"chr5","4742619","4742926","KN296000v1","1061953","1062262","40","3680666"
"chr5","4803875","4804187","KN294705v1","1582720","1583032","46","3221155"
"chr5","4808761","4808960","KN294372v1","194788","194992","38","4613973"
"chr5","4903139","4903424","KN295671v1","101483","101768","44","4801656"
"chr5","4960899","4961203","KN295117v1","272158","272456","39","4688741"
"chr5","4962408","4962675","KN295523v1","3618519","3618784","36","1343889"
"chr5","4962980","4963040","KN294824v1","184835","184898","12","4778145"
"chr5","5039981","5040275","KN296752v1","400630","400924","37","4639351"
"chr5","5362567","5362856","KN295459v1","1614660","1614952","39","3747907"
"chr5","5470403","5470717","KN296290v1","2922783","2923096","38","2547620"
"chr5","5487734","5488057","KN295561v1","296798","297116","50","5190936"
"chr5","5799775","5800076","KN295995v1","1426233","1426527","37","4373542"
"chr5","5921626","5921726","KN294705v1","176258","176359","18","5745368"
"chr5","6137191","6137473","KN295441v1","485205","485492","35","5651986"
"chr5","6221049","6221332","KN295294v1","334706","334991","40","5886343"
"chr5","6549864","6549977","KN295090v1","2786461","2786574","18","3763403"
"chr5","6602121","6602407","KN294510v1","5278","5564","40","6596843"
"chr5","6773791","6774056","KN297125v1","22244","22518","46","6751547"
"chr5","6867290","6867619","KN295601v1","761243","761570","52","6106047"
"chr5","6946919","6947208","KN296460v1","206430","206715","47","6740489"
"chr5","6969876","6970170","KN296153v1","3677943","3678242","39","3291933"
"chr5","7107849","7108148","KN294697v1","98914","99214","37","7008935"
"chr5","7161475","7161775","KN294407v1","2595440","2595750","62","4566035"
"chr5","7181672","7181971","KN296153v1","3677943","3678242","36","3503729"
"chr5","7183761","7183967","KN294218v1","2492062","2492271","39","4691699"
"chr5","7232616","7232921","KN294325v1","986307","986615","40","6246309"
"chr5","7265753","7266047","KN296138v1","388568","388863","32","6877185"
"chr5","7283696","7284004","KN295114v1","20941","21251","34","7262755"
"chr5","7327500","7327786","KN295284v1","334381","334669","45","6993119"
"chr5","7543492","7543782","KN295459v1","1614660","1614952","40","5928832"
"chr5","7608084","7608356","KN297219v1","2564555","2564824","34","5043529"
"chr5","8019440","8019739","KN295361v1","925031","925332","38","7094409"
"chr5","8207520","8207821","KN294613v1","747893","748193","43","7459627"
"chr5","8280856","8281171","KN296311v1","754212","754523","43","7526644"
"chr5","8332981","8333276","KN296153v1","2309746","2310040","30","6023235"
"chr5","8365670","8365995","KN294899v1","1089031","1089349","70","7276639"
"chr5","8386681","8386977","KN294561v1","296837","297132","34","8089844"
"chr5","8504389","8504684","KN294462v1","73428","73721","47","8430961"
"chr5","8513067","8513363","KN294456v1","96834","97129","39","8416233"
"chr5","8712360","8712659","KN297159v1","1901772","1902072","34","6810588"
"chr5","8907225","8907492","KN294613v1","374177","374449","45","8533048"
"chr5","9000715","9001007","KN296311v1","6661730","6662032","54","2338985"
"chr5","9024824","9025107","KN296079v1","1551529","1551809","51","7473295"
"chr5","9346658","9346833","KN295984v1","2661539","2661699","39","6685119"
"chr5","9596460","9596744","KN296635v1","4770618","4770901","29","4825842"
"chr5","9609516","9609811","KN296635v1","5170868","5171167","44","4438648"
"chr5","9675830","9676126","KN295523v1","3974463","3974753","41","5701367"
"chr5","9708138","9708445","KN295350v1","243779","244085","29","9464359"
"chr5","9773427","9773737","KN295114v1","20941","21251","44","9752486"
"chr5","9793165","9793445","KN294758v1","2941094","2941377","24","6852071"
"chr5","10075711","10075976","KN295350v1","636567","636846","40","9439144"
"chr5","10226241","10226554","KN294207v1","961111","961418","44","9265130"
"chr5","10289027","10289332","KN294758v1","2466070","2466368","31","7822957"
"chr5","10369602","10369889","KN294758v1","2375226","2375513","24","7994376"
"chr5","10402662","10402972","KN295077v1","44543","44854","39","10358119"
"chr5","10425060","10425370","KN295835v1","81348","81655","38","10343712"
"chr5","10469176","10469478","KN294758v1","2268406","2268708","18","8200770"
"chr5","10551710","10552017","KN294758v1","2189671","2189970","26","8362039"
"chr5","10564332","10564637","KN295667v1","1687893","1688204","35","8876439"
"chr5","10570929","10571207","KN294758v1","2170897","2171184","30","8400032"
"chr5","10602505","10602671","KN294758v1","2141137","2141312","22","8461368"
"chr5","10625863","10626172","KN297452v1","2293568","2293874","40","8332295"
"chr5","10626775","10627084","KN294758v1","2120436","2120757","35","8506339"
"chr5","10657281","10657579","KN296864v1","722959","723256","32","9934322"
"chr5","10658551","10658847","KN294758v1","2088000","2088291","31","8570551"
"chr5","10685036","10685327","KN295096v1","2124655","2124956","40","8560381"
"chr5","10713139","10713429","KN295984v1","974577","974872","35","9738562"
"chr5","10725948","10726244","KN296404v1","106219","106515","37","10619729"
"chr5","10737820","10738109","KN295368v1","1405635","1405926","35","9332185"
"chr5","10986406","10986715","KN294758v1","1747753","1748068","31","9238653"
"chr5","11006245","11006521","KN294758v1","1726881","1727160","26","9279364"
"chr5","11043094","11043370","KN294758v1","1686727","1687002","29","9356367"
"chr5","11083315","11083610","KN295459v1","1614660","1614952","37","9468655"
"chr5","11155203","11155462","KN295405v1","1605592","1605853","41","9549611"
"chr5","11180474","11180777","KN294758v1","1550957","1551260","20","9629517"
"chr5","11273050","11273345","KN296726v1","530152","530448","36","10742898"
"chr5","11482352","11482647","KN295692v1","1562388","1562681","38","9919964"
"chr5","11534799","11535073","KN294613v1","374177","374449","39","11160622"
"chr5","11664408","11664707","KN294181v1","592431","592738","53","11071977"
"chr5","12172140","12172423","KN294172v1","6258303","6258586","45","5913837"
"chr5","12342113","12342405","KN294407v1","815182","815470","44","11526931"
"chr5","12387814","12388112","KN294229v1","342209","342506","26","12045605"
"chr5","12579153","12579438","KN294824v1","383174","383459","39","12195979"
"chr5","12637900","12638208","KN296508v1","1953353","1953658","52","10684547"
"chr5","12924342","12924643","KN297133v1","826649","826948","43","12097693"
"chr5","13214223","13214521","KN297171v1","753280","753580","30","12460943"
"chr5","13256871","13257167","KN294421v1","22671","22970","39","13234200"
"chr5","13399732","13400042","KN295114v1","20941","21251","43","13378791"
"chr5","13640689","13640997","KN294717v1","373979","374286","38","13266710"
"chr5","13878893","13879221","KN295328v1","349896","350193","62","13528997"
"chr5","13897048","13897137","KN296620v1","1044525","1044623","19","12852523"
"chr5","13990534","13990835","KN294439v1","269158","269457","35","13721376"
"chr5","14023397","14023693","KN296154v1","3396802","3397098","34","10626595"
"chr5","14116069","14116359","KN296311v1","4110039","4110330","32","10006030"
"chr5","14145721","14146024","KN294378v1","46646","46948","36","14099075"
"chr5","14169019","14169314","KN296153v1","2309746","2310040","31","11859273"
"chr5","14202145","14202455","KN297171v1","1741732","1742043","40","12460413"
"chr5","14206404","14206697","KN297171v1","1745682","1745977","30","12460722"
"chr5","14247287","14247578","KN297171v1","1781046","1781343","28","12466241"
"chr5","14250701","14251016","KN295667v1","1687893","1688204","35","12562808"
"chr5","14277406","14277712","KN297171v1","1808796","1809099","24","12468610"
"chr5","14283178","14283471","KN295523v1","3974463","3974753","36","10308715"
"chr5","14286178","14286487","KN294444v1","165242","165552","37","14120936"
"chr5","14523715","14523993","KN297171v1","2059062","2059344","35","12464653"
"chr5","14697275","14697585","KN297452v1","2293568","2293874","36","12403707"
"chr5","14805338","14805633","KN295814v1","15623","15921","37","14789715"
"chr5","14830398","14830693","KN296732v1","498634","498931","38","14331764"
"chr5","14870326","14870625","KN294439v1","257473","257771","35","14612853"
"chr5","14916460","14916747","KN295523v1","1358594","1358868","43","13557866"
"chr5","14939108","14939421","KN294848v1","1020772","1021081","41","13918336"
"chr5","14965930","14966221","KN297171v1","2500889","2501180","29","12465041"
"chr5","14971650","14971948","KN297171v1","2506324","2506629","33","12465326"
"chr5","14979825","14980134","KN297171v1","2514575","2514879","34","12465250"
"chr5","15007656","15007960","KN297171v1","2542555","2542857","25","12465101"
"chr5","15015750","15015822","KN296153v1","445056","445126","13","14570694"
"chr5","15036770","15037075","KN297171v1","2571634","2571941","26","12465136"
"chr5","15057522","15057812","KN297171v1","2593332","2593614","28","12464190"
"chr5","15069906","15070184","KN297171v1","2607011","2607291","25","12462895"
"chr5","15103387","15103685","KN294456v1","96834","97129","34","15006553"
"chr5","15139555","15139850","KN294790v1","1007547","1007843","42","14132008"
"chr5","15149613","15149914","KN294172v1","4761492","4761794","33","10388121"
"chr5","15150455","15150695","KN295883v1","858914","859162","41","14291541"
"chr5","15179780","15179920","KN296503v1","521035","521170","14","14658745"
"chr5","15321446","15321752","KN294536v1","1040798","1041107","30","14280648"
"chr5","15348384","15348655","KN297008v1","2640522","2640786","31","12707862"
"chr5","15579248","15579561","KN295157v1","21286","21595","44","15557962"
"chr5","15618050","15618345","KN294167v1","406704","406998","42","15211346"
"chr5","15683303","15683579","KN297171v1","3245556","3245841","28","12437747"
"chr5","15807774","15808054","KN297171v1","3362608","3362895","34","12445166"
"chr5","15810141","15810424","KN294711v1","646506","646789","32","15163635"
"chr5","15833833","15834135","KN297171v1","3388207","3388504","33","12445626"
"chr5","15836650","15836942","KN294205v1","854359","854651","40","14982291"
"chr5","15910834","15911129","KN297171v1","3472981","3473272","32","12437853"
"chr5","15982888","15983190","KN297171v1","3546625","3546927","28","12436263"
"chr5","15986236","15986530","KN294592v1","1319879","1320174","38","14666357"
"chr5","16122111","16122417","KN297171v1","3681749","3682069","41","12440362"
"chr5","16202433","16202742","KN294842v1","1037244","1037555","42","15165189"
"chr5","16222069","16222378","KN297171v1","3778614","3778919","25","12443455"
"chr5","16231750","16232021","KN297171v1","3787983","3788259","31","12443767"
"chr5","16352513","16352820","KN297171v1","3911232","3911547","35","12441281"
"chr5","16474473","16474782","KN294873v1","1152998","1153302","35","15321475"
"chr5","16528133","16528439","KN296934v1","897698","898003","39","15630435"
"chr5","16590207","16590493","KN296732v1","2977127","2977410","39","13613080"
"chr5","16693589","16693872","KN294510v1","5278","5564","37","16688311"
"chr5","16717314","16717603","KN295205v1","1220626","1220914","36","15496688"
"chr5","16747059","16747371","KN295070v1","39035","39347","46","16708024"
"chr5","16802756","16803054","KN295236v1","1764741","1765042","40","15038015"
"chr5","16832780","16833074","KN294662v1","79885","80185","35","16752895"
"chr5","16849380","16849679","KN297367v1","171251","171554","46","16678129"
"chr5","16852956","16853251","KN294181v1","810707","811001","37","16042249"
"chr5","16862010","16862305","KN294758v1","374673","374971","33","16487337"
"chr5","16909738","16910034","KN294592v1","1319879","1320174","34","15589859"
"chr5","16920309","16920606","KN294758v1","374673","374971","41","16545636"
"chr5","16936184","16936501","KN294842v1","942232","942543","41","15993952"
"chr5","17019728","17020028","KN296153v1","3677943","3678242","37","13341785"
"chr5","17027001","17027309","KN294387v1","2599087","2599393","42","14427914"
"chr5","17033604","17033911","KN294728v1","1530565","1530875","38","15503039"
"chr5","17042908","17043210","KN294385v1","101695","101993","37","16941213"
"chr5","17093730","17094021","KN295459v1","1614660","1614952","29","15479070"
"chr5","17124112","17124411","KN294599v1","47586","47885","38","17076526"
"chr5","17126400","17126689","KN295236v1","4288094","4288382","47","12838306"
"chr5","17186906","17187217","KN295350v1","243779","244085","33","16943127"
"chr5","17219143","17219442","KN295523v1","4076722","4077019","43","13142421"
"chr5","17271810","17272126","KN296430v1","529471","529787","50","16742339"
"chr5","17272749","17273038","KN294240v1","39786","40084","38","17232963"
"chr5","17329871","17330181","KN294187v1","1813627","1813934","39","15516244"
"chr5","17357057","17357189","KN297112v1","5952025","5952160","21","11405032"
"chr5","17423221","17423526","KN295501v1","1005257","1005557","35","16417964"
"chr5","17502708","17503005","KN294207v1","557555","557856","45","16945153"
"chr5","17512133","17512429","KN297242v1","353076","353374","36","17159057"
"chr5","17544456","17544768","KN295692v1","998365","998674","35","16546091"
"chr5","17583224","17583512","KN296749v1","503583","503870","38","17079641"
"chr5","17602252","17602553","KN295294v1","138575","138876","41","17463677"
"chr5","17634530","17634832","KN295294v1","842343","842650","46","16792187"
"chr5","17905031","17905315","KN294292v1","223216","223503","36","17681815"
"chr5","18076725","18077026","KN296140v1","777217","777517","42","17299508"
"chr5","18277995","18278302","KN296759v1","638542","638840","43","17639453"
"chr5","18368892","18369202","KN295667v1","1687893","1688204","38","16680999"
"chr5","18386737","18387036","KN294739v1","616485","616779","29","17770252"
"chr5","18403132","18403440","KN294339v1","66879","67184","36","18336253"
"chr5","18511147","18511450","KN296864v1","161147","161451","45","18350000"
"chr5","18557386","18557708","KN296036v1","2421899","2422212","47","16135487"
"chr5","18565232","18565538","KN294717v1","373979","374286","42","18191253"
"chr5","18611246","18611527","KN297165v1","3420478","3420753","40","15190768"
"chr5","18617738","18618021","KN295692v1","3518009","3518300","43","15099729"
"chr5","18794502","18794801","KN294416v1","208870","209165","35","18585632"
"chr5","18797941","18798231","KN295225v1","852978","853269","37","17944963"
"chr5","18964243","18964553","KN295294v1","842343","842650","41","18121900"
"chr5","19012068","19012374","KN294387v1","2599087","2599393","36","16412981"
"chr5","19033225","19033475","KN296680v1","82808","83046","44","18950417"
"chr5","19290279","19290589","KN294456v1","876419","876725","34","18413860"
"chr5","19443962","19444234","KN295343v1","613362","613649","47","18830600"
"chr5","19471790","19472092","KN296732v1","2013890","2014190","37","17457900"
"chr5","19511555","19511838","KN297219v1","2564555","2564824","41","16947000"
"chr5","19517624","19517912","KN295096v1","2124655","2124956","42","17392969"
"chr5","19518044","19518313","KN296922v1","670057","670334","49","18847987"
"chr5","19666030","19666323","KN294444v1","57733","58029","43","19608297"
"chr5","19676167","19676460","KN295550v1","1007565","1007867","38","18668602"
"chr5","19758692","19758970","KN295244v1","403747","404032","36","19354945"
"chr5","19789867","19790166","KN296588v1","1228829","1229131","35","18561038"
"chr5","19845947","19846244","KN296635v1","3062400","3062693","42","16783547"
"chr5","19899300","19899596","KN294630v1","494261","494558","32","19405039"
"chr5","19976137","19976476","KN294457v1","3704399","3704734","54","16271738"
"chr5","20075701","20075995","KN295236v1","1764741","1765042","33","18310960"
"chr5","20161139","20161425","KN295090v1","1165047","1165331","38","18996092"
"chr5","20330899","20331203","KN294987v1","1430049","1430347","45","18900850"
"chr5","20534821","20535130","KN295114v1","20941","21251","43","20513880"
"chr5","20622615","20622906","KN294561v1","593636","593922","41","20028979"
"chr5","20651706","20651997","KN294181v1","803706","803994","36","19848000"
"chr5","20744656","20744951","KN297200v1","453639","453932","39","20291017"
"chr5","20817880","20818183","KN294387v1","1455868","1456171","41","19362012"
"chr5","20818189","20818501","KN295114v1","20941","21251","34","20797248"
"chr5","20836157","20836446","KN295974v1","4154496","4154780","37","16681661"
"chr5","20865742","20866005","KN296588v1","521340","521610","47","20344402"
"chr5","20972333","20972639","KN296378v1","582587","582885","48","20389746"
"chr5","20998969","20999248","KN296980v1","433309","433585","30","20565660"
"chr5","21015658","21015791","KN296485v1","590442","590571","16","20425216"
"chr5","21285843","21286137","KN296783v1","78483","78782","32","21207360"
"chr5","21303629","21303875","KN296783v1","95359","95598","21","21208270"
"chr5","21304615","21304680","KN295034v1","429788","429850","18","20874827"
"chr5","21443096","21443396","KN295923v1","1139114","1139409","39","20303982"
"chr5","21868129","21868430","KN296783v1","686459","686752","26","21181670"
"chr5","22366121","22366434","KN294911v1","387955","388270","49","21978166"
"chr5","22483962","22484241","KN295441v1","1329285","1329560","48","21154677"
"chr5","22626799","22627098","KN296783v1","1421317","1421609","32","21205482"
"chr5","22843334","22843653","KN295171v1","1387807","1388118","39","21455527"
"chr5","23132661","23132963","KN296639v1","484939","485251","33","22647722"
"chr5","23220997","23221292","KN294842v1","1292189","1292485","40","21928808"
"chr5","23892593","23892889","KN296608v1","395594","395896","34","23496999"
"chr5","23934591","23934882","KN296608v1","352317","352604","26","23582274"
"chr5","23985486","23985797","KN296608v1","299886","300179","36","23685600"
"chr5","24061542","24061851","KN296608v1","221473","221782","27","23840069"
"chr5","24099400","24099696","KN296608v1","183617","183919","29","23915783"
"chr5","24146843","24147124","KN294734v1","380579","380858","35","23766264"
"chr5","24195990","24196273","KN294874v1","1120499","1120781","38","23075491"
"chr5","24200763","24201071","KN294260v1","621951","622250","47","23578812"
"chr5","24270575","24270868","KN294161v1","593140","593440","37","23677435"
"chr5","24305053","24305322","KN297117v1","522716","523006","43","23782337"
"chr5","24319872","24320159","KN294444v1","38062","38349","36","24281810"
"chr5","24408330","24408646","KN297153v1","124043","124354","39","24284287"
"chr5","24552236","24552423","KN297117v1","278849","279039","20","24273387"
"chr5","24563028","24563316","KN296079v1","2656932","2657220","52","21906096"
"chr5","24727800","24728107","KN297133v1","419676","419981","41","24308124"
"chr5","24965451","24965761","KN294387v1","2599087","2599393","45","22366364"
"chr5","24975577","24975833","KN294540v1","886155","886414","25","24089422"
"chr5","25231752","25232061","KN295045v1","469620","469933","52","24762132"
"chr5","25522432","25522714","KN295022v1","486627","486913","32","25035805"
"chr5","25588578","25588876","KN295034v1","63947","64249","37","25524631"
"chr5","25632094","25632404","KN294387v1","2140549","2140857","43","23491545"
"chr5","25637175","25637484","KN296900v1","121631","121934","45","25515544"
"chr5","25751276","25751434","KN296508v1","1877204","1877364","22","23874072"
"chr5","25780314","25780614","KN294385v1","18712","19011","41","25761602"
"chr5","25885075","25885385","KN294717v1","373979","374286","41","25511096"
"chr5","25912255","25912550","KN295729v1","1473593","1473887","40","24438662"
"chr5","25977543","25977826","KN294733v1","316989","317272","40","25660554"
"chr5","26512531","26512827","KN295722v1","1562392","1562691","38","24950139"
"chr5","26605668","26605973","KN295983v1","1536250","1536551","38","25069418"
"chr5","26803029","26803300","KN294181v1","1605564","1605839","43","25197465"
"chr5","26837882","26838022","KN294548v1","926016","926157","24","25911866"
"chr5","27005590","27005906","KN296263v1","684495","684804","43","26321095"
"chr5","27096915","27097219","KN295112v1","343212","343513","38","26753703"
"chr5","27141607","27141891","KN296865v1","969166","969450","35","26172441"
"chr5","27548736","27549036","KN294365v1","795012","795312","37","26753724"
"chr5","27589774","27590061","KN296311v1","715482","715765","42","26874292"
"chr5","27725374","27725666","KN294591v1","333270","333563","32","27392104"
"chr5","27739767","27740079","KN295962v1","925346","925653","50","26814421"
"chr5","27796792","27797017","KN295236v1","790319","790533","49","27006473"
"chr5","28067000","28067180","KN294964v1","704222","704399","20","27362778"
"chr5","28097345","28097624","KN295697v1","103702","103984","45","27993643"
"chr5","28121973","28122276","KN295983v1","1536250","1536551","42","26585723"
"chr5","28153537","28153836","KN296485v1","429084","429391","44","27724453"
"chr5","28176293","28176435","KN296024v1","131755","131879","31","28044538"
"chr5","28185533","28185825","KN296036v1","351298","351596","45","27834235"
"chr5","28379256","28379569","KN297317v1","20735","21043","43","28358521"
"chr5","28491313","28491614","KN296732v1","2013890","2014190","39","26477423"
"chr5","28502904","28503207","KN294662v1","79885","80185","36","28423019"
"chr5","28587271","28587558","KN296569v1","466964","467246","31","28120307"
"chr5","28735642","28735932","KN296569v1","314655","314946","32","28420987"
"chr5","28889197","28889520","KN296569v1","162576","162885","44","28726621"
"chr5","28968722","28969020","KN296569v1","80030","80342","35","28888692"
"chr5","29068297","29068599","KN295697v1","189742","190043","36","28878555"
"chr5","29358243","29358533","KN295829v1","1084524","1084810","34","28273719"
"chr5","29480298","29480583","KN296847v1","1717536","1717819","38","27762762"
"chr5","29635148","29635443","KN294747v1","978960","979252","49","28656188"
"chr5","29663409","29663705","KN295320v1","27087","27386","40","29636322"
"chr5","29674465","29674768","KN294571v1","1694112","1694408","42","27980353"
"chr5","29778853","29779140","KN295829v1","626611","626898","31","29152242"
"chr5","30024129","30024428","KN295449v1","720465","720757","46","29303664"
"chr5","30048561","30048871","KN294387v1","2599087","2599393","40","27449474"
"chr5","30106541","30106825","KN294601v1","56065","56348","39","30050476"
"chr5","30172593","30172898","KN295983v1","1536250","1536551","39","28636343"
"chr5","30338638","30338919","KN297205v1","282017","282299","36","30056621"
"chr5","30422057","30422364","KN297159v1","3314158","3314468","36","27107899"
"chr5","30438308","30438618","KN296708v1","41485","41809","39","30396823"
"chr5","30445131","30445420","KN294739v1","998889","999185","41","29446242"
"chr5","30539018","30539327","KN295382v1","230497","230807","43","30308521"
"chr5","30983281","30983585","KN296119v1","6426036","6426336","38","24557245"
"chr5","31211780","31211906","KN295142v1","720852","720974","26","30490928"
"chr5","31214154","31214457","KN295605v1","621515","621818","43","30592639"
"chr5","31502608","31502918","KN295114v1","20941","21251","38","31481667"
"chr5","31531614","31531914","KN295236v1","231341","231639","30","31300273"
"chr5","31601086","31601387","KN294439v1","269158","269457","33","31331928"
"chr5","31697517","31697825","KN297038v1","2343556","2343866","36","29353961"
"chr5","31745402","31745702","KN295112v1","319295","319596","37","31426107"
"chr5","31780191","31780460","KN295090v1","278737","279003","34","31501454"
"chr5","31838689","31838990","KN296357v1","706115","706421","40","31132574"
"chr5","31890229","31890548","KN296075v1","565878","566186","48","31324351"
"chr5","31960390","31960675","KN294207v1","179800","180076","46","31780590"
"chr5","31970026","31970334","KN296153v1","2057313","2057618","48","29912713"
"chr5","32022447","32022741","KN294842v1","1292189","1292485","38","30730258"
"chr5","32155536","32155846","KN294991v1","2085266","2085575","32","30070270"
"chr5","32286943","32287250","KN294378v1","237486","237791","45","32049457"
"chr5","32562400","32562708","KN294172v1","4612860","4613172","36","27949540"
"chr5","32750135","32750437","KN294208v1","853291","853593","41","31896844"
"chr5","32785310","32785633","KN297133v1","279852","280158","52","32505458"
"chr5","32955104","32955410","KN294741v1","441598","441903","39","32513506"
"chr5","32980170","32980390","KN295633v1","669449","669671","34","32310721"
"chr5","33103716","33104022","KN296406v1","268016","268320","31","32835700"
"chr5","33113438","33113756","KN296481v1","263678","263991","41","32849760"
"chr5","33387007","33387297","KN297314v1","117021","117312","36","33269986"
"chr5","33433112","33433376","KN296864v1","3162488","3162754","43","30270624"
"chr5","33473248","33473544","KN295977v1","1428380","1428678","39","32044868"
"chr5","33752550","33752861","KN296934v1","897698","898003","33","32854852"
"chr5","33857591","33857897","KN297219v1","677345","677649","41","33180246"
"chr5","33940518","33940823","KN294172v1","4623261","4623567","32","29317257"
"chr5","33949261","33949573","KN295236v1","2360987","2361301","36","31588274"
"chr5","33964007","33964301","KN295922v1","133613","133908","32","33830394"
"chr5","33966943","33967241","KN294921v1","394553","394854","39","33572390"
"chr5","33982402","33982575","KN296698v1","1371","1540","30","33981031"
"chr5","34036477","34036790","KN297367v1","171251","171554","54","33865226"
"chr5","34038088","34038397","KN294387v1","2599087","2599393","35","31439001"
"chr5","34063764","34064061","KN296153v1","3677943","3678242","28","30385821"
"chr5","34123492","34123806","KN295667v1","1687893","1688204","43","32435599"
"chr5","34127095","34127416","KN295705v1","2747981","2748284","53","31379114"
"chr5","34452225","34452528","KN295236v1","1518158","1518458","39","32934067"
"chr5","34453272","34453568","KN295236v1","1764741","1765042","43","32688531"
"chr5","34500087","34500389","KN295112v1","343212","343513","35","34156875"
"chr5","34637205","34637247","KN294837v1","314752","314791","7","34322453"
"chr5","34642532","34642842","KN295523v1","3179007","3179318","41","31463525"
"chr5","34694732","34695021","KN296201v1","1836606","1836890","35","32858126"
"chr5","34705116","34705402","KN296205v1","719237","719524","32","33985879"
"chr5","34810142","34810444","KN294260v1","621951","622250","34","34188191"
"chr5","34858344","34858642","KN294513v1","735571","735866","50","34122773"
"chr5","34868027","34868326","KN297159v1","1593950","1594247","36","33274077"
"chr5","34974096","34974378","KN296096v1","3187219","3187506","36","31786877"
"chr5","35141002","35141296","KN296311v1","4418473","4418760","29","30722529"
"chr5","35156275","35156567","KN297165v1","1143723","1144010","28","34012552"
"chr5","35158164","35158470","KN294717v1","373979","374286","34","34784185"
"chr5","35166922","35167200","KN294172v1","4484415","4484701","45","30682507"
"chr5","35173284","35173574","KN294479v1","328046","328334","55","34845238"
"chr5","35183483","35183785","KN295171v1","869545","869845","39","34313938"
"chr5","35186106","35186410","KN295034v1","63947","64249","36","35122159"
"chr5","35190770","35191076","KN294717v1","373979","374286","33","34816791"
"chr5","35209287","35209577","KN295936v1","1122342","1122630","35","34086945"
"chr5","35229214","35229514","KN295328v1","349896","350193","40","34879318"
"chr5","35239375","35239678","KN294407v1","2595440","2595750","36","32643935"
"chr5","35264842","35265079","KN296821v1","330215","330453","35","34934627"
"chr5","35265080","35265371","KN294536v1","1607732","1608024","37","33657348"
"chr5","35265836","35266147","KN295666v1","1501386","1501689","43","33764450"
"chr5","35267121","35267406","KN296187v1","471768","472059","34","34795353"
"chr5","35275835","35276123","KN296557v1","482490","482778","35","34793345"
"chr5","35288458","35288761","KN294407v1","93660","93961","32","35194798"
"chr5","35305434","35305716","KN297050v1","124621","124904","35","35180813"
"chr5","35339549","35339858","KN295090v1","755361","755671","37","34584188"
"chr5","35341417","35341735","KN295634v1","230980","231291","37","35110437"
"chr5","35480573","35480879","KN296738v1","137767","138070","29","35342806"
"chr5","35511135","35511444","KN296424v1","200572","200880","38","35310563"
"chr5","35522629","35522959","KN295054v1","301887","302213","52","35220742"
"chr5","35727262","35727573","KN294387v1","2599087","2599393","39","33128175"
"chr5","35777823","35778125","KN295112v1","343212","343513","37","35434611"
"chr5","35779936","35780238","KN296900v1","121631","121934","30","35658305"
"chr5","35811674","35811971","KN294260v1","846685","846986","30","34964989"
"chr5","35819710","35820016","KN294365v1","836716","837022","37","34982994"
"chr5","35856244","35856536","KN294536v1","1607732","1608024","27","34248512"
"chr5","35876767","35876965","KN294739v1","1093016","1093221","44","34783751"
"chr5","35877695","35877805","KN296305v1","640505","640615","14","35237190"
"chr5","35883965","35884265","KN296508v1","1784387","1784690","43","34099578"
"chr5","35895609","35895903","KN294964v1","707709","708005","48","35187900"
"chr5","35897690","35897991","KN295382v1","127781","128083","37","35769909"
"chr5","35916236","35916546","KN297317v1","20735","21043","33","35895501"
"chr5","36008706","36008816","KN295041v1","49283","49384","18","35959423"
"chr5","36095279","36095578","KN295637v1","98524","98824","30","35996755"
"chr5","36112314","36112617","KN294251v1","1303021","1303316","42","34809293"
"chr5","36154999","36155298","KN295171v1","869545","869845","28","35285454"
"chr5","36156719","36157017","KN295171v1","869545","869845","31","35287174"
"chr5","36179275","36179582","KN295637v1","178943","179248","31","36000332"
"chr5","36224664","36224965","KN294717v1","373979","374286","28","35850685"
"chr5","36231896","36232189","KN295236v1","5491143","5491432","38","30740753"
"chr5","36263366","36263650","KN296205v1","605596","605883","39","35657770"
"chr5","36295536","36295830","KN295637v1","289359","289646","38","36006177"
"chr5","36314154","36314479","KN294264v1","371563","371884","47","35942591"
"chr5","36315407","36315538","KN294172v1","5023372","5023503","27","31292035"
"chr5","36349773","36350080","KN295637v1","342564","342876","30","36007209"
"chr5","36359248","36359553","KN296934v1","897698","898003","37","35461550"
"chr5","36367678","36367978","KN294208v1","853291","853593","27","35514387"
"chr5","36383779","36384071","KN295637v1","368289","368584","30","36015490"
"chr5","36420457","36420748","KN295637v1","404678","404970","32","36015779"
"chr5","36457456","36457766","KN294387v1","2599087","2599393","41","33858369"
"chr5","36558997","36559301","KN297019v1","1233639","1233939","29","35325358"
"chr5","36807928","36808217","KN296153v1","91872","92161","33","36716056"
"chr5","36838660","36838974","KN295114v1","20941","21251","42","36817719"
"chr5","36932132","36932432","KN295637v1","899933","900239","34","36032199"
"chr5","37035313","37035626","KN294487v1","54074","54385","32","36981239"
"chr5","37116767","37117076","KN294416v1","208870","209165","46","36907897"
"chr5","37197842","37198139","KN294790v1","2021740","2022034","41","35176102"
"chr5","37229016","37229305","KN294205v1","854359","854651","37","36374657"
"chr5","37234899","37235208","KN294717v1","373979","374286","43","36860920"
"chr5","37243359","37243669","KN295667v1","1687893","1688204","43","35555466"
"chr5","37282942","37283243","KN296244v1","86518","86815","43","37196424"
"chr5","37295298","37295614","KN294991v1","1865473","1865780","51","35429825"
"chr5","37364987","37365282","KN296404v1","106219","106515","40","37258768"
"chr5","37607021","37607312","KN296422v1","202733","203031","40","37404288"
"chr5","37650452","37650760","KN294717v1","373979","374286","37","37276473"
"chr5","37688419","37688732","KN296825v1","1708209","1708517","35","35980210"
"chr5","37719120","37719418","KN294187v1","1923674","1923970","34","35795446"
"chr5","37794731","37795053","KN295236v1","2724034","2724344","50","35070697"
"chr5","37828364","37828662","KN296557v1","291965","292264","38","37536399"
"chr5","37869475","37869771","KN296834v1","363950","364248","37","37505525"
"chr5","37881169","37881467","KN296153v1","3677943","3678242","29","34203226"
"chr5","38074184","38074486","KN295034v1","63947","64249","35","38010237"
"chr5","38102292","38102566","KN294172v1","6656193","6656471","46","31446099"
"chr5","38213503","38213809","KN296247v1","739787","740087","37","37473716"
"chr5","38227696","38227992","KN294561v1","296837","297132","30","37930859"
"chr5","38458584","38458895","KN296153v1","3677943","3678242","32","34780641"
"chr5","38459465","38459766","KN295260v1","796516","796813","38","37662949"
"chr5","38542611","38542914","KN296062v1","165336","165642","30","38377275"
"chr5","38598994","38599294","KN295580v1","1390","1690","38","38597604"
"chr5","38602768","38603072","KN294662v1","132660","132957","40","38470108"
"chr5","38704688","38704986","KN294218v1","2831459","2831758","29","35873229"
"chr5","38724689","38724996","KN294385v1","366902","367202","46","38357787"
"chr5","38738283","38738594","KN296035v1","338193","338502","38","38400090"
"chr5","38741196","38741503","KN295236v1","3217604","3217915","44","35523592"
"chr5","38741919","38742219","KN294326v1","423301","423597","34","38318618"
"chr5","38746181","38746495","KN294387v1","2599087","2599393","39","36147094"
"chr5","38763646","38763937","KN297008v1","1975388","1975682","44","36788258"
"chr5","38765295","38765592","KN295984v1","1136723","1137018","36","37628572"
"chr5","38776357","38776641","KN295090v1","1165047","1165331","43","37611310"
"chr5","38806187","38806489","KN295112v1","343212","343513","39","38462975"
"chr5","38831707","38832014","KN294717v1","373979","374286","38","38457728"
"chr5","38907016","38907212","KN294825v1","467615","467810","32","38439401"
"chr5","38945396","38945567","KN295236v1","5187090","5187265","22","33758306"
"chr5","38946350","38946469","KN294964v1","704065","704188","29","38242285"
"chr5","38970980","38971253","KN295701v1","40800","41078","49","38930180"
"chr5","39009704","39010017","KN296281v1","60300","60607","38","38949404"
"chr5","39041791","39042090","KN295346v1","1372885","1373181","32","37668906"
"chr5","39042209","39042491","KN294921v1","126144","126441","46","38916065"
"chr5","39067420","39067477","KN294181v1","1472547","1472601","7","37594873"
"chr5","39101269","39101565","KN294561v1","296837","297132","37","38804432"
"chr5","39102433","39102743","KN296864v1","98766","99074","34","39003667"
"chr5","39105988","39106290","KN295906v1","230171","230481","36","38875817"
"chr5","39118663","39118956","KN296865v1","1674895","1675192","52","37443768"
"chr5","39152376","39152670","KN295984v1","974577","974872","34","38177799"
"chr5","39167253","39167556","KN294172v1","4761492","4761794","37","34405761"
"chr5","39179235","39179524","KN295501v1","902998","903291","32","38276237"
"chr5","39191388","39191697","KN294717v1","373979","374286","40","38817409"
"chr5","39207250","39207557","KN294717v1","373979","374286","35","38833271"
"chr5","39506812","39507122","KN295871v1","866117","866427","38","38640695"
"chr5","39519328","39519622","KN296062v1","2106200","2106493","32","37413128"
"chr5","39728707","39728996","KN295294v1","334706","334991","37","39394001"
"chr5","39730113","39730412","KN294365v1","795012","795312","29","38935101"
"chr5","39865236","39865524","KN295501v1","1005257","1005557","50","38859979"
"chr5","39870759","39871062","KN295984v1","868891","869195","28","39001868"
"chr5","39878527","39878709","KN295941v1","2377263","2377438","31","37501264"
"chr5","39909824","39910133","KN295667v1","1687893","1688204","37","38221931"
"chr5","40155151","40155461","KN295667v1","1687893","1688204","35","38467258"
"chr5","40165311","40165616","KN294387v1","2599087","2599393","32","37566224"
"chr5","40165908","40166207","KN296153v1","3677943","3678242","35","36487965"
"chr5","40167601","40167894","KN295586v1","2450308","2450599","38","37717293"
"chr5","40208306","40208602","KN296158v1","692023","692317","37","39516283"
"chr5","40238029","40238336","KN297133v1","279852","280158","38","39958177"
"chr5","40318971","40319281","KN295828v1","986840","987143","48","39332131"
"chr5","40377946","40378247","KN294239v1","48664","48963","32","40329282"
"chr5","40481263","40481560","KN294239v1","153759","154060","30","40327504"
"chr5","40483660","40483722","KN296955v1","753712","753776","11","39729948"
"chr5","40552670","40552960","KN294239v1","223903","224191","23","40328767"
"chr5","40644797","40645109","KN295667v1","1687893","1688204","33","38956904"
"chr5","40651597","40651885","KN294499v1","2388373","2388665","36","38263224"
"chr5","40681692","40681997","KN294239v1","366885","367189","31","40314807"
"chr5","40683220","40683510","KN296158v1","692023","692317","42","39991197"
"chr5","40705608","40705912","KN297190v1","6787493","6787794","61","33918115"
"chr5","40734639","40734942","KN295907v1","184749","185051","33","40549890"
"chr5","40779306","40779608","KN295697v1","189742","190043","33","40589564"
"chr5","40803764","40804061","KN294911v1","2173226","2173520","33","38630538"
"chr5","40871598","40871899","KN294239v1","556738","557036","27","40314860"
"chr5","40873525","40873828","KN297046v1","2791168","2791468","44","38082357"
"chr5","40897434","40897754","KN296036v1","2421899","2422212","36","38475535"
"chr5","40906850","40907072","KN295930v1","22710","22939","50","40884140"
"chr5","40911783","40912064","KN294964v1","1527363","1527638","42","39384420"
"chr5","40912549","40912870","KN296934v1","897698","898003","52","40014851"
"chr5","40969069","40969377","KN296062v1","531528","531834","36","40437541"
"chr5","40970308","40970609","KN294239v1","651433","651737","33","40318875"
"chr5","41014201","41014484","KN294874v1","1120499","1120781","35","39893702"
"chr5","41015607","41015909","KN295871v1","459790","460087","34","40555817"
"chr5","41039765","41040060","KN294239v1","729457","729757","22","40310308"
"chr5","41048502","41048809","KN295869v1","284557","284865","34","40763945"
"chr5","41221880","41222181","KN295166v1","252954","253253","32","40968926"
"chr5","41685191","41685502","KN294239v1","1346777","1347086","26","40338414"
"chr5","41739903","41740201","KN294239v1","1396756","1397047","31","40343147"
"chr5","41788543","41788841","KN296153v1","3677943","3678242","26","38110600"
"chr5","41859968","41860287","KN296306v1","3674917","3675229","40","38185051"
"chr5","41915295","41915597","KN294239v1","1577662","1577973","30","40337633"
"chr5","41921772","41921950","KN294239v1","1585266","1585445","22","40336506"
"chr5","42004030","42004329","KN297095v1","1452898","1453193","38","40551132"
"chr5","42023831","42024128","KN297019v1","1233639","1233939","34","40790192"
"chr5","42063514","42063810","KN294239v1","1722431","1722728","25","40341083"
"chr5","42067872","42068161","KN296319v1","132575","132865","37","41935297"
"chr5","42077450","42077741","KN295039v1","323671","323967","35","41753779"
"chr5","42115270","42115563","KN294416v1","208870","209165","34","41906400"
"chr5","42124378","42124522","KN296795v1","1955999","1956137","18","40168379"
"chr5","42169285","42169571","KN296062v1","657166","657452","38","41512119"
"chr5","42202290","42202594","KN296153v1","3677943","3678242","27","38524347"
"chr5","42306668","42306971","KN294239v1","1990655","1990959","17","40316013"
"chr5","42399458","42399745","KN294561v1","767639","767926","39","41631819"
"chr5","42401537","42401823","KN295592v1","1160942","1161229","38","41240595"
"chr5","42568058","42568357","KN294181v1","858043","858340","40","41710015"
"chr5","42579627","42579930","KN294239v1","2268301","2268593","35","40311326"
"chr5","42582388","42582683","KN295236v1","3672786","3673083","32","38909602"
"chr5","42687558","42687867","KN296430v1","444033","444342","37","42243525"
"chr5","42703048","42703331","KN295102v1","214886","215171","35","42488162"
"chr5","42705749","42705998","KN295883v1","858914","859162","38","41846835"
"chr5","42727139","42727443","KN296738v1","154412","154713","37","42572727"
"chr5","42737514","42737815","KN295977v1","249013","249314","38","42488501"
"chr5","42738957","42739210","KN297165v1","2929718","2929968","35","39809239"
"chr5","42750755","42751046","KN294439v1","72624","72920","38","42678131"
"chr5","42766782","42767087","KN295869v1","284557","284865","32","42482225"
"chr5","42807159","42807467","KN295114v1","20941","21251","30","42786218"
"chr5","42846087","42846354","KN294874v1","1995050","1995336","58","40851037"
"chr5","42898330","42898421","KN295983v1","1889572","1889663","16","41008758"
"chr5","43038931","43039243","KN295367v1","57325","57637","35","42981606"
"chr5","43044637","43044947","KN295217v1","542809","543119","63","42501828"
"chr5","43239391","43239677","KN297165v1","1143723","1144010","45","42095668"
"chr5","43300811","43301113","KN296386v1","807617","807923","44","42493194"
"chr5","43340184","43340466","KN295022v1","486627","486913","37","42853557"
"chr5","43641933","43642243","KN295406v1","214517","214825","34","43427416"
"chr5","43720736","43721035","KN294842v1","1112068","1112365","29","42608668"
"chr5","43797369","43797666","KN296852v1","50353","50650","30","43747016"
"chr5","43862993","43863285","KN294824v1","203242","203547","53","43659751"
"chr5","43897478","43897770","KN295225v1","852978","853269","36","43044500"
"chr5","43918259","43918556","KN297242v1","353076","353374","30","43565183"
"chr5","44025811","44026112","KN295350v1","243779","244085","35","43782032"
"chr5","44034846","44035152","KN295667v1","1687893","1688204","38","42346953"
"chr5","44042230","44042501","KN295198v1","105731","106013","56","43936499"
"chr5","44055318","44055618","KN296916v1","378131","378429","38","43677187"
"chr5","44071716","44072009","KN295974v1","75089","75383","35","43996627"
"chr5","44088115","44088403","KN294205v1","854359","854651","40","43233756"
"chr5","44122410","44122688","KN294991v1","1510448","1510728","31","42611962"
"chr5","44142163","44142466","KN295236v1","1764741","1765042","31","42377422"
"chr5","44142767","44143060","KN296287v1","46583","46877","29","44096184"
"chr5","44192120","44192340","KN295356v1","844442","844670","36","43347678"
"chr5","44253490","44253780","KN296579v1","18500","18782","31","44234990"
"chr5","44255443","44255736","KN296579v1","18500","18782","36","44236943"
"chr5","45053969","45054153","KN295074v1","243591","243783","36","44810378"
"chr5","45335756","45336040","KN296749v1","503583","503870","43","44832173"
"chr5","45590095","45590414","KN295667v1","1687893","1688204","45","43902202"
"chr5","45599760","45600060","KN294588v1","1492426","1492725","32","44107334"
"chr5","45601181","45601464","KN295883v1","126524","126801","31","45474657"
"chr5","45638687","45638995","KN297133v1","279852","280158","39","45358835"
"chr5","45641215","45641510","KN294439v1","72624","72920","33","45568591"
"chr5","45643383","45643669","KN296682v1","4654198","4654485","39","40989185"
"chr5","45667540","45667841","KN295977v1","249013","249314","43","45418527"
"chr5","45720002","45720297","KN294536v1","1607732","1608024","33","44112270"
"chr5","45757592","45757881","KN296119v1","1429276","1429554","50","44328316"
"chr5","45758241","45758550","KN294387v1","2599087","2599393","32","43159154"
"chr5","45769221","45769513","KN297442v1","2461526","2461820","38","43307695"
"chr5","45793159","45793469","KN295114v1","20941","21251","39","45772218"
"chr5","45817054","45817356","KN294561v1","810685","810981","37","45006369"
"chr5","45823688","45823994","KN294387v1","2599087","2599393","38","43224601"
"chr5","45858229","45858517","KN294539v1","297860","298139","41","45560369"
"chr5","45861801","45862093","KN294777v1","751157","751455","33","45110644"
"chr5","45869322","45869623","KN294387v1","2599087","2599393","36","43270235"
"chr5","45879718","45880029","KN294451v1","576228","576536","35","45303490"
"chr5","45883667","45883970","KN295441v1","1669072","1669371","40","44214595"
"chr5","45890214","45890509","KN295320v1","27087","27386","38","45863127"
"chr5","45898776","45899079","KN294172v1","4623261","4623567","34","41275515"
"chr5","45900377","45900629","KN294527v1","91066","91318","45","45809311"
"chr5","45912941","45913250","KN295114v1","20941","21251","36","45892000"
"chr5","45933020","45933321","KN294439v1","257473","257771","39","45675547"
"chr5","45981004","45981291","KN296062v1","2106200","2106493","41","43874804"
"chr5","45999435","45999737","KN294264v1","261999","262293","40","45737436"
"chr5","46025394","46025698","KN294790v1","1555084","1555390","41","44470310"
"chr5","46027705","46028003","KN297083v1","720792","721088","32","45306913"
"chr5","46028404","46028717","KN296357v1","432545","432848","53","45595859"
"chr5","46079222","46079351","KN296682v1","1264528","1264662","22","44814694"
"chr5","46089938","46090257","KN296833v1","343804","344118","35","45746134"
"chr5","46094763","46095001","KN296153v1","2778676","2778916","33","43316087"
"chr5","46166066","46166366","KN294439v1","72624","72920","28","46093442"
"chr5","46173412","46173703","KN295449v1","1335854","1336149","37","44837558"
"chr5","46182848","46183149","KN296153v1","3677943","3678242","39","42504905"
"chr5","46251631","46251971","KN296759v1","1006825","1007155","58","45244806"
"chr5","46253226","46253532","KN296311v1","3721408","3721707","34","42531818"
"chr5","46257555","46257838","KN296635v1","4770618","4770901","39","41486937"
"chr5","46258223","46258517","KN295923v1","520307","520606","40","45737916"
"chr5","46266850","46267157","KN294187v1","1813627","1813934","35","44453223"
"chr5","46281816","46282115","KN294172v1","2028047","2028349","27","44253769"
"chr5","46429120","46429418","KN296004v1","29555","29853","36","46399565"
"chr5","46508477","46508778","KN295236v1","3672786","3673083","36","42835691"
"chr5","46592798","46593105","KN294456v1","876419","876725","38","45716379"
"chr5","46719793","46720107","KN297118v1","331005","331307","57","46388788"
"chr5","46798368","46798641","KN296513v1","1339873","1340152","41","45458495"
"chr5","46948646","46948942","KN296263v1","606","906","38","46948040"
"chr5","47066201","47066504","KN296759v1","638542","638840","36","46427659"
"chr5","47073371","47073674","KN296009v1","636123","636432","38","46437248"
"chr5","47137039","47137336","KN296404v1","106219","106515","39","47030820"
"chr5","47151951","47152198","KN294486v1","585631","585878","31","46566320"
"chr5","47207368","47207689","KN295894v1","2421807","2422119","48","44785561"
"chr5","47225973","47226260","KN294739v1","616485","616779","38","46609488"
"chr5","47317738","47318044","KN294456v1","876419","876725","38","46441319"
"chr5","47344959","47345239","KN295923v1","2321767","2322047","29","45023192"
"chr5","47415181","47415483","KN296290v1","395377","395681","49","47019804"
"chr5","47708873","47709164","KN296365v1","113780","114072","36","47595093"
"chr5","47753315","47753610","KN297227v1","1018475","1018768","36","46734840"
"chr5","47785445","47785753","KN295667v1","1687893","1688204","39","46097552"
"chr5","47863310","47863593","KN294199v1","1525122","1525406","35","46338188"
"chr5","48033174","48033472","KN297452v1","1081674","1081973","35","46951500"
"chr5","48196610","48196919","KN294717v1","373979","374286","39","47822631"
"chr5","48276601","48276886","KN294167v1","406704","406998","41","47869897"
"chr5","48281083","48281370","KN295607v1","4402317","4402604","34","43878766"
"chr5","48586402","48586666","KN295439v1","95878","96137","45","48490524"
"chr5","48651842","48651919","KN296682v1","5112165","5112251","16","43539677"
"chr5","48711244","48711546","KN294758v1","2061074","2061376","33","46650170"
"chr5","48739061","48739347","KN294747v1","805440","805725","36","47933621"
"chr5","48980766","48981051","KN294433v1","541428","541721","38","48439338"
"chr5","49152312","49152610","KN294571v1","2791374","2791676","32","46360938"
"chr5","49154660","49154934","KN294269v1","1134000","1134277","40","48020660"
"chr5","49179994","49180307","KN295350v1","306563","306857","59","48873431"
"chr5","49190180","49190481","KN295474v1","973205","973501","37","48216975"
"chr5","49215634","49215953","KN296308v1","871499","871827","45","48344135"
"chr5","49322231","49322453","KN296210v1","515894","516104","26","48806337"
"chr5","49420345","49420641","KN294457v1","3761","4056","37","49416584"
"chr5","49518077","49518373","KN296747v1","35746","36041","33","49482331"
"chr5","49607261","49607566","KN295573v1","646494","646793","40","48960767"
"chr5","49609594","49609899","KN296210v1","210947","211250","35","49398647"
"chr5","49636854","49637174","KN297374v1","105050","105367","42","49531804"
"chr5","49638561","49638861","KN295983v1","1536250","1536551","33","48102311"
"chr5","49644148","49644456","KN296210v1","171911","172214","32","49472237"
"chr5","49672396","49672659","KN294399v1","38081","38347","42","49634315"
"chr5","49769495","49769787","KN296210v1","45319","45616","32","49724176"
"chr5","49782699","49783004","KN297146v1","464165","464468","43","49318534"
"chr5","49842970","49843220","KN297245v1","2228251","2228502","47","47614719"
"chr5","49861006","49861329","KN294365v1","1401774","1402095","41","48459232"
"chr5","49862057","49862398","KN294345v1","2153610","2153938","45","47708447"
"chr5","50149730","50150004","KN295936v1","30401","30674","42","50119329"
"chr5","50323732","50323842","KN296145v1","2605595","2605704","13","47718137"
"chr5","50362404","50362700","KN294345v1","1647012","1647305","33","48715392"
"chr5","50566165","50566480","KN294387v1","2599087","2599393","39","47967078"
"chr5","50614610","50614884","KN294345v1","1384398","1384673","32","49230212"
"chr5","50861015","50861325","KN296109v1","118804","119107","48","50742211"
"chr5","50954616","50954925","KN294345v1","1049950","1050248","28","49904666"
"chr5","50986178","50986464","KN294991v1","1565008","1565302","39","49421170"
"chr5","51461741","51462028","KN297242v1","351132","351417","38","51110609"
"chr5","51615561","51615859","KN297133v1","1085310","1085610","44","50530251"
"chr5","51920937","51921245","KN294345v1","56124","56437","25","51864813"
"chr5","51931325","51931606","KN294345v1","45031","45305","30","51886294"
"chr5","52043130","52043435","KN294662v1","79885","80185","39","51963245"
"chr5","52184752","52185049","KN295984v1","974577","974872","35","51210175"
"chr5","52259250","52259532","KN294549v1","54185","54472","27","52205065"
"chr5","52268930","52269222","KN295633v1","131503","131796","39","52137427"
"chr5","52296388","52296695","KN296317v1","72","378","38","52296316"
"chr5","52592880","52593189","KN295075v1","473320","473622","40","52119560"
"chr5","52605310","52605616","KN294581v1","572005","572303","33","52033305"
"chr5","52642223","52642532","KN294717v1","373979","374286","39","52268244"
"chr5","52676450","52676616","KN294456v1","1251593","1251759","27","51424857"
"chr5","52749707","52750010","KN296357v1","356792","357093","37","52392915"
"chr5","52865208","52865517","KN295236v1","1482816","1483124","40","51382392"
"chr5","52869601","52869893","KN297046v1","3326635","3326925","36","49542966"
"chr5","52880913","52881221","KN294581v1","292729","293022","38","52588184"
"chr5","52881738","52882041","KN294581v1","291601","291901","39","52590137"
"chr5","52882529","52882832","KN294581v1","290813","291121","27","52591716"
"chr5","52913235","52913535","KN294581v1","260622","260917","30","52652613"
"chr5","52925741","52925969","KN295304v1","263352","263587","41","52662389"
"chr5","52968996","52969293","KN294581v1","205295","205590","25","52763701"
"chr5","53048635","53048925","KN294581v1","128539","128818","37","52920096"
"chr5","53065796","53066090","KN294581v1","111644","111942","58","52954152"
"chr5","53857800","53858105","KN295441v1","1136391","1136697","37","52721409"
"chr5","53892564","53892871","KN295725v1","1996226","1996536","31","51896338"
"chr5","53936071","53936371","KN296153v1","3677943","3678242","33","50258128"
"chr5","54148209","54148502","KN294416v1","208870","209165","40","53939339"
"chr5","54272365","54272665","KN295501v1","1005257","1005557","42","53267108"
"chr5","54367187","54367483","KN294260v1","846685","846986","39","53520502"
"chr5","54464682","54464984","KN296062v1","165336","165642","35","54299346"
"chr5","54470549","54470847","KN295984v1","1817258","1817560","33","52653291"
"chr5","54483440","54483738","KN294873v1","1327978","1328280","43","53155462"
"chr5","54484923","54485216","KN295090v1","1657716","1658013","40","52827207"
"chr5","54534240","54534547","KN297442v1","12090","12392","35","54522150"
"chr5","54549343","54549643","KN295983v1","1664954","1665256","30","52884389"
"chr5","54571452","54571732","KN295225v1","852978","853269","37","53718474"
"chr5","54625378","54625617","KN295607v1","2239036","2239274","33","52386342"
"chr5","54778599","54778905","KN294444v1","165242","165552","40","54613357"
"chr5","55032633","55032857","KN296859v1","1870551","1870779","38","53162082"
"chr5","55350505","55350816","KN294561v1","643982","644294","32","54706523"
"chr5","55391098","55391394","KN297052v1","35959","36252","30","55355139"
"chr5","55564422","55564726","KN295633v1","1564358","1564658","35","54000064"
"chr5","55603046","55603326","KN295350v1","636567","636846","38","54966479"
"chr5","56069636","56069945","KN297159v1","3314158","3314468","33","52755478"
"chr5","56162733","56162842","KN294685v1","929673","929780","15","55233060"
"chr5","56175513","56175813","KN296404v1","106219","106515","36","56069294"
"chr5","56180716","56181010","KN296747v1","35746","36041","28","56144970"
"chr5","56369503","56369808","KN297200v1","405933","406232","45","55963570"
"chr5","56410274","56410570","KN294372v1","2026584","2026861","58","54383690"
"chr5","56602065","56602360","KN294289v1","88688","88984","27","56513377"
"chr5","56759194","56759496","KN294289v1","257767","258062","40","56501427"
"chr5","56889307","56889589","KN295923v1","2321767","2322047","37","54567540"
"chr5","56894386","56894677","KN294289v1","369944","370233","34","56524442"
"chr5","57194591","57194887","KN294790v1","2686461","2686754","38","54508130"
"chr5","57311575","57311834","KN295667v1","1674893","1675154","35","55636682"
"chr5","57589389","57589691","KN294470v1","2163212","2163519","53","55426177"
"chr5","58000879","58001157","KN294172v1","7044807","7045099","49","50956072"
"chr5","58049414","58049692","KN294172v1","2999478","2999758","42","55049936"
"chr5","58060957","58061265","KN295869v1","284557","284865","28","57776400"
"chr5","58097025","58097333","KN295667v1","1746297","1746597","39","56350728"
"chr5","58130913","58131218","KN295112v1","343212","343513","34","57787701"
"chr5","58137407","58137701","KN294407v1","93660","93961","42","58043747"
"chr5","58186033","58186326","KN294932v1","178844","179137","42","58007189"
"chr5","58195331","58195621","KN294170v1","50010","50300","35","58145321"
"chr5","58203095","58203408","KN295114v1","20941","21251","51","58182154"
"chr5","58205284","58205580","KN294739v1","616485","616779","33","57588799"
"chr5","58209314","58209623","KN294556v1","165992","166297","55","58043322"
"chr5","58211413","58211719","KN296865v1","1474498","1474803","51","56736915"
"chr5","58219397","58219709","KN294407v1","249623","249924","35","57969774"
"chr5","58225951","58226234","KN296322v1","875371","875653","44","57350580"
"chr5","58229835","58230123","KN297165v1","1143723","1144010","40","57086112"
"chr5","58231479","58231782","KN294526v1","358849","359148","38","57872630"
"chr5","58232466","58232772","KN297442v1","12090","12392","45","58220376"
"chr5","58242279","58242587","KN294662v1","79885","80185","42","58162394"
"chr5","58246420","58246705","KN297190v1","5488974","5489250","59","52757446"
"chr5","58250322","58250616","KN294739v1","616485","616779","36","57633837"
"chr5","58253411","58253724","KN295114v1","20941","21251","38","58232470"
"chr5","58258025","58258331","KN296381v1","91265","91569","34","58166760"
"chr5","58258871","58259179","KN296403v1","558918","559229","46","57699953"
"chr5","58260961","58261266","KN296062v1","1796687","1796987","48","56464274"
"chr5","58264102","58264415","KN295350v1","243779","244085","43","58020323"
"chr5","58299188","58299490","KN294758v1","374673","374971","40","57924515"
"chr5","58299499","58299714","KN296589v1","373751","373976","37","57925748"
"chr5","58319245","58319547","KN296865v1","1674895","1675192","37","56644350"
"chr5","58320391","58320669","KN295523v1","4195930","4196206","40","54124461"
"chr5","58320808","58321085","KN295523v1","4195930","4196206","39","54124878"
"chr5","58321225","58321524","KN296738v1","137767","138070","35","58183458"
"chr5","58350589","58350893","KN294439v1","269158","269457","43","58081431"
"chr5","58390742","58391038","KN294407v1","93660","93961","33","58297082"
"chr5","58538993","58539297","KN296732v1","2013890","2014190","29","56525103"
"chr5","58545398","58545682","KN294493v1","404130","404414","40","58141268"
"chr5","58574470","58574779","KN295263v1","316758","317063","39","58257712"
"chr5","58862864","58863159","KN296747v1","35746","36041","25","58827118"
"chr5","58915226","58915521","KN296747v1","35746","36041","25","58879480"
"chr5","59053752","59054058","KN294387v1","2599087","2599393","30","56454665"
"chr5","59340766","59341071","KN296934v1","897698","898003","41","58443068"
"chr5","59379267","59379573","KN295112v1","343212","343513","42","59036055"
"chr5","59389200","59389503","KN295257v1","443937","444244","40","58945263"
"chr5","59414705","59414878","KN295543v1","151828","151995","25","59262877"
"chr5","59441397","59441580","KN295893v1","3120602","3120785","34","56320795"
"chr5","59448027","59448325","KN295983v1","1536250","1536551","29","57911777"
"chr5","59455535","59455830","KN296883v1","561411","561705","38","58894124"
"chr5","59469379","59469637","KN296357v1","193360","193629","45","59276019"
"chr5","59506278","59506578","KN295362v1","1024505","1024804","34","58481773"
"chr5","59617001","59617303","KN297367v1","171251","171554","34","59445750"
"chr5","59659918","59660218","KN295601v1","2895150","2895452","38","56764768"
"chr5","59844414","59844717","KN294536v1","1149036","1149335","37","58695378"
"chr5","59851847","59852151","KN294287v1","233073","233375","34","59618774"
"chr5","59868799","59869093","KN295906v1","77622","77914","36","59791177"
"chr5","59881215","59881513","KN294467v1","346596","346896","33","59534619"
"chr5","59917432","59917755","KN295022v1","115832","116143","48","59801600"
"chr5","59919443","59919750","KN295371v1","32822","33133","44","59886621"
"chr5","59922701","59923008","KN295114v1","20941","21251","39","59901760"
"chr5","59937821","59938125","KN295983v1","1536250","1536551","31","58401571"
"chr5","59958436","59958730","KN295459v1","1614660","1614952","33","58343776"
"chr5","59963473","59963778","KN296040v1","628497","628798","37","59334976"
"chr5","59982737","59983046","KN297008v1","2735041","2735347","43","57247696"
"chr5","59988941","59989261","KN296335v1","187278","187590","44","59801663"
"chr5","59994904","59995150","KN297165v1","2929718","2929968","46","57065186"
"chr5","60004765","60005065","KN295984v1","1817258","1817560","35","58187507"
"chr5","60015171","60015467","KN294848v1","1408889","1409183","37","58606282"
"chr5","60197818","60198116","KN294848v1","1020772","1021081","44","59177046"
"chr5","60226593","60226895","KN295855v1","21394","21692","36","60205199"
"chr5","60269577","60269876","KN295708v1","1331487","1331787","38","58938090"
"chr5","60270929","60271182","KN296949v1","35284","35534","37","60235645"
"chr5","60280770","60281052","KN295091v1","1934032","1934321","40","58346738"
"chr5","60301657","60301959","KN297038v1","2343556","2343866","37","57958101"
"chr5","60335829","60336136","KN295257v1","443937","444244","43","59891892"
"chr5","60349454","60349766","KN295350v1","728248","728552","36","59621206"
"chr5","60755351","60755662","KN295114v1","20941","21251","38","60734410"
"chr5","60830547","60830847","KN295633v1","1564358","1564658","38","59266189"
"chr5","60935101","60935400","KN296955v1","281256","281550","53","60653845"
"chr5","60959626","60959802","KN294613v1","265696","265868","25","60693930"
"chr5","61032008","61032304","KN294346v1","271830","272127","39","60760178"
"chr5","61066104","61066439","KN296036v1","1051362","1051698","41","60014742"
"chr5","61073165","61073459","KN297259v1","633864","634162","38","60439301"
"chr5","61100275","61100585","KN297159v1","1867307","1867619","33","59232968"
"chr5","61106784","61107072","KN294588v1","1492426","1492725","43","59614358"
"chr5","61199331","61199589","KN294705v1","965592","965844","40","60233739"
"chr5","61224402","61224685","KN295284v1","334381","334669","37","60890021"
"chr5","61295915","61296221","KN296731v1","1391823","1392130","31","59904092"
"chr5","61332081","61332360","KN295362v1","834733","835010","51","60497348"
"chr5","61431270","61431548","KN296145v1","2758150","2758430","39","58673120"
"chr5","61441733","61442030","KN296096v1","1205910","1206216","49","60235823"
"chr5","61453013","61453319","KN296157v1","2846743","2847049","33","58606270"
"chr5","61520408","61520719","KN295633v1","264317","264628","35","61256091"
"chr5","61538666","61538970","KN294717v1","373979","374286","32","61164687"
"chr5","61548417","61548696","KN295102v1","177647","177925","33","61370770"
"chr5","61622620","61622913","KN294657v1","50290","50589","46","61572330"
"chr5","61648392","61648695","KN296430v1","770276","770574","38","60878116"
"chr5","61679010","61679316","KN296495v1","382062","382369","34","61296948"
"chr5","61731174","61731460","KN295596v1","1495924","1496205","39","60235250"
"chr5","61907593","61907893","KN294501v1","104788","105092","34","61802805"
"chr5","61925681","61925981","KN296153v1","3677943","3678242","48","58247738"
"chr5","61926445","61926749","KN295112v1","343212","343513","39","61583233"
"chr5","61928157","61928436","KN296311v1","5230666","5230945","42","56697491"
"chr5","61948968","61949258","KN294561v1","767639","767926","41","61181329"
"chr5","61975728","61976010","KN297205v1","282017","282299","40","61693711"
"chr5","62044712","62045010","KN294365v1","795012","795312","30","61249700"
"chr5","62047051","62047352","KN295633v1","141651","141946","34","61905400"
"chr5","62161680","62161989","KN295706v1","40899","41204","36","62120781"
"chr5","62248654","62248969","KN296335v1","187278","187590","40","62061376"
"chr5","62281806","62282080","KN294181v1","1605564","1605839","38","60676242"
"chr5","62347706","62347978","KN297274v1","1076900","1077174","33","61270806"
"chr5","62471564","62471861","KN297197v1","1652825","1653120","29","60818739"
"chr5","62649890","62650016","KN294539v1","2476380","2476512","34","60173510"
"chr5","62653146","62653449","KN295171v1","1246134","1246433","42","61407012"
"chr5","62816195","62816470","KN294372v1","606499","606776","33","62209696"
"chr5","62877543","62877800","KN295430v1","1606937","1607192","30","61270606"
"chr5","63229904","63230213","KN296281v1","60300","60607","39","63169604"
"chr5","63765931","63766243","KN295352v1","500993","501289","58","63264938"
"chr5","63771808","63772123","KN294834v1","231039","231347","45","63540769"
"chr5","63977975","63978273","KN297367v1","171251","171554","38","63806724"
"chr5","64038882","64039178","KN295907v1","184749","185051","37","63854133"
"chr5","64087096","64087401","KN295666v1","1744219","1744511","43","62342877"
"chr5","64188309","64188601","KN295721v1","793390","793689","36","63394919"
"chr5","64241634","64241930","KN295721v1","751831","752129","35","63489803"
"chr5","64392140","64392372","KN296614v1","20173","20414","38","64371967"
"chr5","64414542","64414830","KN295721v1","582755","583043","14","63831787"
"chr5","64570627","64570954","KN296079v1","1058961","1059282","43","63511666"
"chr5","64599251","64599554","KN295721v1","372565","372872","37","64226686"
"chr5","64623457","64623762","KN294513v1","614988","615293","44","64008469"
"chr5","64624456","64624718","KN295523v1","3618519","3618784","34","61005937"
"chr5","64779424","64779719","KN295721v1","197604","197890","26","64581820"
"chr5","64809281","64809588","KN294873v1","1152998","1153302","47","63656283"
"chr5","64931022","64931317","KN297367v1","171251","171554","31","64759771"
"chr5","69092494","69092792","KN296075v1","437481","437780","43","68655013"
"chr5","69237733","69238035","KN295983v1","1536250","1536551","31","67701483"
"chr5","69256905","69257180","KN295441v1","1329285","1329560","37","67927620"
"chr5","69360494","69360672","KN296062v1","1081069","1081243","28","68279425"
"chr5","69366212","69366466","KN295883v1","858914","859162","36","68507298"
"chr5","69435200","69435486","KN295995v1","1426233","1426527","40","68008967"
"chr5","69507843","69508121","KN295883v1","126524","126801","42","69381319"
"chr5","69612214","69612517","KN295803v1","553784","554086","48","69058430"
"chr5","69652136","69652447","KN296486v1","1064568","1064875","66","68587568"
"chr5","69672987","69673284","KN294172v1","6707103","6707396","34","62965884"
"chr5","69832150","69832461","KN295236v1","1764741","1765042","37","68067409"
"chr5","69939997","69940103","KN294710v1","101106","101212","18","69838891"
"chr5","69961781","69962080","KN297408v1","386593","386892","56","69575188"
"chr5","70014188","70014481","KN294739v1","616485","616779","32","69397703"
"chr5","70242337","70242630","KN294229v1","72819","73113","41","70169518"
"chr5","70290177","70290493","KN296761v1","357373","357685","58","69932804"
"chr5","70294020","70294320","KN296075v1","836648","836947","36","69457372"
"chr5","70300835","70301133","KN294167v1","406704","406998","43","69894131"
"chr5","70551340","70551638","KN297165v1","47565","47861","43","70503775"
"chr5","70603031","70603319","KN297165v1","1143723","1144010","32","69459308"
"chr5","70945505","70945800","KN294536v1","1607732","1608024","31","69337773"
"chr5","71022655","71022967","KN296541v1","2244383","2244691","39","68778272"
"chr5","71060796","71061100","KN294229v1","97510","97813","37","70963286"
"chr5","71444605","71444889","KN297190v1","6787493","6787794","49","64657112"
"chr5","71468422","71468720","KN297445v1","1326382","1326677","37","70142040"
"chr5","71594660","71594965","KN294911v1","2148856","2149171","49","69445804"
"chr5","71612754","71613041","KN296635v1","4770618","4770901","35","66842136"
"chr5","71613391","71613719","KN296268v1","192340","192671","55","71421051"
"chr5","71623968","71624267","KN294407v1","249623","249924","33","71374345"
"chr5","71639122","71639425","KN294433v1","409687","409987","34","71229435"
"chr5","71665486","71665796","KN295450v1","152309","152616","32","71513177"
"chr5","71708697","71708989","KN296466v1","169252","169543","35","71539445"
"chr5","71747253","71747539","KN295721v1","197604","197890","31","71549649"
"chr5","71754655","71754958","KN295450v1","76407","76716","30","71678248"
"chr5","71813461","71813755","KN297095v1","2087459","2087755","28","69726002"
"chr5","71816767","71817016","KN296201v1","512758","513000","37","71304009"
"chr5","71817018","71817318","KN295450v1","20584","20886","20","71796434"
"chr5","71826860","71827168","KN295450v1","9975","10285","30","71816885"
"chr5","71831793","71831918","KN297444v1","275896","276018","15","71555897"
"chr5","71856817","71856914","KN296117v1","86443","86544","15","71770374"
"chr5","71873733","71874043","KN297200v1","508940","509238","35","71364793"
"chr5","71876412","71876716","KN295350v1","243779","244085","29","71632633"
"chr5","71883766","71884059","KN296849v1","262325","262616","33","71621441"
"chr5","71895293","71895596","KN295350v1","243779","244085","36","71651514"
"chr5","71904572","71904892","KN294365v1","1401774","1402095","51","70502798"
"chr5","71907434","71907719","KN295722v1","1562392","1562691","49","70345042"
"chr5","71910183","71910446","KN295523v1","3618519","3618784","36","68291664"
"chr5","71912073","71912364","KN295501v1","1005257","1005557","44","70906816"
"chr5","71914467","71914755","KN294561v1","538677","538972","48","71375790"
"chr5","71933833","71934126","KN296859v1","895216","895514","37","71038617"
"chr5","71961896","71962210","KN294262v1","2954079","2954389","40","69007817"
"chr5","71978768","71979066","KN297200v1","405933","406232","26","71572835"
"chr5","72026958","72027278","KN295667v1","1687893","1688204","43","70339065"
"chr5","72057819","72058109","KN295117v1","329951","330239","36","71727868"
"chr5","72111807","72112128","KN295601v1","761243","761570","51","71350564"
"chr5","72115102","72115399","KN296357v1","356792","357093","42","71758310"
"chr5","72118007","72118284","KN294994v1","12837","13117","40","72105170"
"chr5","72120408","72120713","KN294172v1","4623261","4623567","47","67497147"
"chr5","72165838","72166132","KN294790v1","1007547","1007843","40","71158291"
"chr5","72223476","72223780","KN297200v1","100975","101267","31","72122501"
"chr5","72250395","72250698","KN294218v1","1633132","1633430","41","70617263"
"chr5","72921475","72921793","KN295667v1","338705","339021","43","72582770"
"chr5","73639226","73639531","KN294717v1","373979","374286","44","73265247"
"chr5","73645531","73645684","KN296454v1","125391","125547","16","73520140"
"chr5","73752734","73752997","KN297146v1","95608","95874","40","73657126"
"chr5","73861153","73861405","KN296191v1","167529","167791","44","73693624"
"chr5","74135733","74136025","KN296391v1","214053","214347","45","73921680"
"chr5","74137141","74137227","KN294535v1","471008","471089","21","73666133"
"chr5","74214544","74214847","KN296040v1","628497","628798","34","73586047"
"chr5","74218645","74218952","KN297133v1","419676","419981","37","73798969"
"chr5","74262831","74263137","KN295350v1","243779","244085","37","74019052"
"chr5","74285124","74285184","KN295034v1","429788","429850","14","73855336"
"chr5","74285481","74285637","KN296916v1","384745","384895","19","73900736"
"chr5","74310529","74310830","KN294535v1","563341","563635","35","73747188"
"chr5","74319079","74319331","KN295368v1","1479754","1480004","39","72839325"
"chr5","74319571","74319646","KN296270v1","322814","322881","15","73996757"
"chr5","74327545","74327841","KN294451v1","764703","765000","33","73562842"
"chr5","74351454","74351762","KN295758v1","997500","997807","36","73353954"
"chr5","74356717","74357011","KN294535v1","611153","611447","27","73745564"
"chr5","74386717","74387009","KN296153v1","2309746","2310040","35","72076971"
"chr5","74387544","74387848","KN297133v1","419676","419981","29","73967868"
"chr5","74472689","74473011","KN294264v1","371563","371884","45","74101126"
"chr5","74825513","74825820","KN297133v1","419676","419981","30","74405837"
"chr5","75127334","75127598","KN294439v1","301551","301816","43","74825783"
"chr5","75189060","75189338","KN296201v1","239166","239464","38","74949894"
"chr5","75240036","75240304","KN295923v1","991823","992074","50","74248213"
"chr5","75241213","75241509","KN294287v1","843227","843524","39","74397986"
"chr5","75371731","75372031","KN294662v1","79885","80185","33","75291846"
"chr5","75465354","75465613","KN296201v1","512758","513000","29","74952596"
"chr5","75486532","75486853","KN296657v1","64807","65116","56","75421725"
"chr5","75538763","75539033","KN296201v1","586124","586387","27","74952639"
"chr5","75867593","75867889","KN295995v1","1426233","1426527","38","74441360"
"chr5","75915088","75915415","KN294728v1","1303670","1303991","50","74611418"
"chr5","75948303","75948586","KN296201v1","1000953","1001240","32","74947350"
"chr5","75970493","75970773","KN294630v1","202839","203122","35","75767654"
"chr5","76165594","76165912","KN296201v1","1216722","1217037","25","74948872"
"chr5","76201844","76202147","KN294208v1","853291","853593","37","75348553"
"chr5","76274330","76274451","KN297444v1","275896","276018","18","75998434"
"chr5","76300009","76300305","KN296153v1","3677943","3678242","33","72622066"
"chr5","76301133","76301432","KN294662v1","79885","80185","38","76221248"
"chr5","76361959","76362260","KN294662v1","79885","80185","35","76282074"
"chr5","76470180","76470466","KN295022v1","486627","486913","35","75983553"
"chr5","76487000","76487312","KN296201v1","1555181","1555488","37","74931819"
"chr5","76523399","76523686","KN295721v1","197604","197890","36","76325795"
"chr5","76694253","76694559","KN297133v1","419676","419981","38","76274577"
"chr5","76757193","76757453","KN296157v1","1305232","1305493","39","75451961"
"chr5","76787868","76788153","KN296201v1","1836606","1836890","22","74951262"
"chr5","76800297","76800589","KN296201v1","1847990","1848280","21","74952307"
"chr5","76801368","76801668","KN295523v1","2519145","2519447","31","74282223"
"chr5","76810570","76810869","KN295205v1","1475546","1475848","32","75335024"
"chr5","76843626","76843924","KN296201v1","1887851","1888154","36","74955775"
"chr5","76924487","76924776","KN297028v1","552257","552546","42","76372230"
"chr5","77010613","77010910","KN296096v1","3183138","3183434","40","73827475"
"chr5","77020504","77020773","KN296201v1","2061233","2061485","32","74959271"
"chr5","77070418","77070718","KN295580v1","1390","1690","31","77069028"
"chr5","77126306","77126598","KN296201v1","2169081","2169376","27","74957225"
"chr5","77328735","77329017","KN294668v1","3367466","3367749","36","73961269"
"chr5","77631650","77631947","KN294410v1","88939","89229","55","77542711"
"chr5","77648795","77649115","KN296934v1","897698","898003","44","76751097"
"chr5","77670741","77671040","KN294739v1","616485","616779","39","77054256"
"chr5","77676768","77677063","KN295225v1","230939","231235","33","77445829"
"chr5","77697500","77697822","KN296481v1","263678","263991","46","77433822"
"chr5","77733271","77733574","KN295112v1","343212","343513","37","77390059"
"chr5","77736455","77736749","KN296201v1","2773188","2773486","27","74963267"
"chr5","77758582","77758882","KN294539v1","2320327","2320629","35","75438255"
"chr5","77764104","77764407","KN295501v1","1005257","1005557","47","76758847"
"chr5","77776107","77776409","KN296201v1","2816238","2816545","32","74959869"
"chr5","77800219","77800510","KN296726v1","530152","530448","33","77270067"
"chr5","77822557","77822825","KN296201v1","2859689","2859968","41","74962868"
"chr5","77824744","77824985","KN296907v1","504683","504914","39","77320061"
"chr5","77825441","77825563","KN295236v1","3126577","3126691","28","74698864"
"chr5","77826030","77826145","KN297386v1","1769570","1769682","13","76056460"
"chr5","77830984","77831092","KN294685v1","929673","929780","16","76901311"
"chr5","77831603","77831900","KN294662v1","79885","80185","41","77751718"
"chr5","77869956","77870242","KN296201v1","2904747","2905032","20","74965209"
"chr5","77891573","77891864","KN295090v1","1657716","1658013","38","76233857"
"chr5","77930719","77931027","KN294806v1","835206","835511","41","77095513"
"chr5","77936717","77937006","KN294439v1","72624","72920","42","77864093"
"chr5","78021673","78021980","KN294451v1","576228","576536","37","77445445"
"chr5","78027461","78027631","KN295543v1","151828","151995","23","77875633"
"chr5","78044579","78044878","KN294420v1","763898","764191","29","77280681"
"chr5","78088718","78089007","KN294571v1","1694112","1694408","34","76394606"
"chr5","78120199","78120499","KN297026v1","1455003","1455303","33","76665196"
"chr5","78127311","78127606","KN294420v1","683437","683734","26","77443874"
"chr5","78130177","78130470","KN294739v1","616485","616779","31","77513692"
"chr5","78136557","78136674","KN297386v1","1769570","1769682","16","76366987"
"chr5","78192074","78192371","KN295967v1","725729","726020","30","77466345"
"chr5","78309871","78310176","KN294420v1","494071","494370","35","77815800"
"chr5","78469075","78469381","KN294420v1","330824","331134","25","78138251"
"chr5","78490189","78490464","KN295936v1","30401","30674","34","78459788"
"chr5","78556249","78556411","KN295315v1","2546125","2546282","33","76010124"
"chr5","78572708","78573002","KN296153v1","3677943","3678242","55","74894765"
"chr5","78594622","78594926","KN296486v1","326566","326868","36","78268056"
"chr5","78604672","78604980","KN295114v1","20941","21251","30","78583731"
"chr5","78621973","78622249","KN294420v1","193831","194100","35","78428142"
"chr5","78633929","78634242","KN294172v1","1760385","1760692","43","76873544"
"chr5","78640046","78640347","KN295869v1","555945","556250","34","78084101"
"chr5","78663816","78664119","KN296738v1","137767","138070","39","78526049"
"chr5","78665720","78666017","KN294513v1","735571","735866","46","77930149"
"chr5","78693826","78694125","KN297019v1","1233639","1233939","39","77460187"
"chr5","78731095","78731278","KN295236v1","5187090","5187265","34","73544005"
"chr5","78750884","78751193","KN294218v1","2831459","2831758","46","75919425"
"chr5","78940946","78941237","KN294187v1","743503","743794","33","78197443"
"chr5","78986013","78986310","KN295424v1","195134","195422","34","78790879"
"chr5","79010726","79011028","KN296934v1","897698","898003","40","78113028"
"chr5","79059304","79059600","KN294995v1","61376","61672","39","78997928"
"chr5","79099982","79100100","KN294501v1","6326","6446","26","79093656"
"chr5","79104233","79104527","KN294439v1","257473","257771","33","78846760"
"chr5","79260811","79261087","KN295090v1","523438","523719","44","78737373"
"chr5","79403127","79403399","KN296622v1","5272","5544","36","79397855"
"chr5","79579652","79579936","KN294147v1","406459","406744","36","79173193"
"chr5","79768218","79768515","KN296153v1","3677943","3678242","34","76090275"
"chr5","79966678","79966745","KN294172v1","1687803","1687867","14","78278875"
"chr5","80097655","80097950","KN295995v1","1426233","1426527","33","78671422"
"chr5","80100233","80100546","KN295205v1","1067685","1067992","51","79032548"
"chr5","80143326","80143637","KN295059v1","336835","337145","30","79806491"
"chr5","80210294","80210358","KN295034v1","429788","429850","18","79780506"
"chr5","80210793","80211016","KN294269v1","789997","790222","32","79420796"
"chr5","80284079","80284363","KN296062v1","2106200","2106493","43","78177879"
"chr5","80309991","80310310","KN294346v1","372059","372367","47","79937932"
"chr5","80351271","80351576","KN296865v1","403115","403422","36","79948156"
"chr5","80355568","80355872","KN296154v1","2006533","2006833","36","78349035"
"chr5","80441905","80442197","KN294456v1","587952","588246","48","79853953"
"chr5","80467343","80467639","KN296847v1","447644","447944","37","80019699"
"chr5","80491229","80491526","KN294739v1","616485","616779","36","79874744"
"chr5","80559109","80559388","KN296635v1","4770618","4770901","44","75788491"
"chr5","80591623","80591669","KN296339v1","96550","96598","10","80495073"
"chr5","80647580","80647889","KN295236v1","3424373","3424682","41","77223207"
"chr5","80699305","80699603","KN294662v1","79885","80185","35","80619420"
"chr5","80758155","80758423","KN297008v1","2640522","2640786","50","78117633"
"chr5","80758759","80758805","KN296303v1","601715","601771","17","80157044"
"chr5","80783936","80784244","KN294552v1","1602016","1602327","38","79181920"
"chr5","80834541","80834853","KN296503v1","15343","15655","43","80819198"
"chr5","80869321","80869614","KN294591v1","536609","536907","42","80332712"
"chr5","80917706","80918001","KN297008v1","1975388","1975682","33","78942318"
"chr5","80971539","80971816","KN294172v1","2999478","2999758","41","77972061"
"chr5","81083563","81083855","KN295671v1","94446","94737","42","80989117"
"chr5","81114823","81115128","KN296040v1","733119","733420","45","80381704"
"chr5","81275439","81275736","KN295236v1","1764741","1765042","39","79510698"
"chr5","81432413","81432725","KN296498v1","407155","407462","37","81025258"
"chr5","81450953","81451268","KN296404v1","1938458","1938769","43","79512495"
"chr5","81488940","81489251","KN295480v1","1525135","1525444","38","79963805"
"chr5","81686673","81686984","KN295114v1","20941","21251","37","81665732"
"chr5","81824678","81824974","KN294991v1","1565008","1565302","36","80259670"
"chr5","81835038","81835266","KN296406v1","435308","435525","36","81399730"
"chr5","81923819","81924094","KN295523v1","4195930","4196206","36","77727889"
"chr5","81980228","81980538","KN295692v1","998365","998674","43","80981863"
"chr5","82011970","82012278","KN296290v1","702538","702843","37","81309432"
"chr5","82111225","82111521","KN296096v1","3183138","3183434","33","78928087"
"chr5","82214451","82214746","KN295907v1","1253096","1253393","38","80961355"
"chr5","82250158","82250458","KN296153v1","3677943","3678242","28","78572215"
"chr5","82352267","82352558","KN294167v1","406704","406998","36","81945563"
"chr5","82413272","82413536","KN296201v1","586124","586387","37","81827148"
"chr5","82459170","82459479","KN296403v1","558918","559229","37","81900252"
"chr5","82521623","82521918","KN294685v1","1072465","1072762","44","81449158"
"chr5","82608281","82608597","KN297276v1","260802","261098","49","82347479"
"chr5","82616549","82616835","KN296749v1","503583","503870","38","82112966"
"chr5","82657345","82657552","KN295079v1","304269","304481","34","82353076"
"chr5","82659870","82660164","KN295487v1","116632","116933","40","82543238"
"chr5","82671575","82671866","KN294561v1","296837","297132","38","82374738"
"chr5","82710885","82711183","KN294662v1","79885","80185","39","82631000"
"chr5","82719750","82720038","KN295449v1","720465","720757","36","81999285"
"chr5","82726123","82726428","KN295907v1","184749","185051","31","82541374"
"chr5","82736466","82736767","KN295708v1","1954541","1954845","43","80781925"
"chr5","82741249","82741595","KN296201v1","1216722","1217037","73","81524527"
"chr5","82814166","82814330","KN295034v1","331200","331360","23","82482966"
"chr5","82829378","82829701","KN296828v1","288722","289035","41","82540656"
"chr5","82844271","82844571","KN295984v1","868891","869195","33","81975380"
"chr5","82845267","82845338","KN294192v1","440793","440862","13","82404474"
"chr5","82875580","82875869","KN297095v1","206557","206847","43","82669023"
"chr5","82945913","82946225","KN295114v1","20941","21251","35","82924972"
"chr5","82955191","82955488","KN294747v1","978960","979252","43","81976231"
"chr5","82963630","82963931","KN296244v1","855521","855828","48","82108109"
"chr5","82969088","82969383","KN295038v1","1302128","1302423","57","81666960"
"chr5","83001732","83002033","KN296036v1","1076601","1076901","35","81925131"
"chr5","83032309","83032615","KN294536v1","1859228","1859530","38","81173081"
"chr5","83032960","83033249","KN294758v1","374673","374971","43","82658287"
"chr5","83052187","83052489","KN294421v1","22671","22970","39","83029516"
"chr5","83074362","83074654","KN297219v1","858424","858713","34","82215938"
"chr5","83083424","83083741","KN294487v1","54074","54385","48","83029350"
"chr5","83125074","83125379","KN297019v1","1233639","1233939","32","81891435"
"chr5","83132217","83132530","KN295350v1","243779","244085","37","82888438"
"chr5","83153671","83153977","KN295350v1","243779","244085","31","82909892"
"chr5","83168612","83168915","KN295893v1","7197820","7198121","46","75970792"
"chr5","83186513","83186809","KN295708v1","2588553","2588854","45","80597960"
"chr5","83281284","83281593","KN294717v1","373979","374286","32","82907305"
"chr5","83291170","83291359","KN297058v1","158016","158196","48","83133154"
"chr5","83312259","83312575","KN297153v1","468776","469078","47","82843483"
"chr5","83321746","83322083","KN296308v1","871499","871827","55","82450247"
"chr5","83334563","83334861","KN296178v1","154894","155180","45","83179669"
"chr5","83335152","83335460","KN297153v1","1366929","1367240","36","81968223"
"chr5","83336023","83336335","KN297323v1","176102","176406","45","83159921"
"chr5","83352644","83352934","KN295995v1","1426233","1426527","38","81926411"
"chr5","83374447","83374756","KN295667v1","1687893","1688204","37","81686554"
"chr5","83429702","83429996","KN294536v1","1607732","1608024","37","81821970"
"chr5","83455671","83455976","KN294470v1","3311275","3311580","36","80144396"
"chr5","83471463","83471756","KN296096v1","3183138","3183434","38","80288325"
"chr5","83493460","83493764","KN296145v1","2759462","2759771","38","80733998"
"chr5","83495206","83495509","KN295326v1","174150","174455","42","83321056"
"chr5","83496396","83496687","KN297026v1","228587","228878","35","83267809"
"chr5","83498969","83499258","KN294378v1","860932","861225","33","82638037"
"chr5","83512261","83512559","KN294662v1","79885","80185","31","83432376"
"chr5","83533434","83533565","KN296011v1","324034","324169","20","83209400"
"chr5","83533691","83533854","KN294172v1","2668867","2669027","31","80864824"
"chr5","83566716","83567022","KN294214v1","1700663","1700971","43","81866053"
"chr5","83615758","83616046","KN296062v1","657166","657452","41","82958592"
"chr5","83647858","83648152","KN297165v1","47565","47861","33","83600293"
"chr5","83698862","83699157","KN296154v1","1227898","1228192","34","82470964"
"chr5","83713578","83713666","KN295004v1","76648","76734","10","83636930"
"chr5","83754496","83754806","KN296934v1","897698","898003","34","82856798"
"chr5","83793499","83793801","KN296732v1","2013890","2014190","35","81779609"
"chr5","83852651","83852938","KN297279v1","452559","452847","39","83400092"
"chr5","83855240","83855542","KN295697v1","189742","190043","34","83665498"
"chr5","83874286","83874574","KN294536v1","1607732","1608024","45","82266554"
"chr5","83982056","83982375","KN297165v1","2960789","2961103","51","81021267"
"chr5","84045198","84045487","KN294239v1","223903","224191","40","83821295"
"chr5","84102129","84102448","KN294717v1","373979","374286","42","83728150"
"chr5","84117748","84118024","KN296496v1","355776","356054","34","83761972"
"chr5","84216391","84216570","KN294281v1","989793","989968","28","83226598"
"chr5","84306606","84306910","KN294739v1","1119262","1119568","40","83187344"
"chr5","84371132","84371433","KN296738v1","137767","138070","41","84233365"
"chr5","84718533","84718818","KN294513v1","150959","151244","36","84567574"
"chr5","84733763","84734060","KN294739v1","616485","616779","31","84117278"
"chr5","84916008","84916311","KN294806v1","835206","835511","41","84080802"
"chr5","84982260","84982400","KN296503v1","521035","521170","31","84461225"
"chr5","85065827","85066115","KN296495v1","2252575","2252859","37","82813252"
"chr5","85200266","85200601","KN295405v1","442054","442375","50","84758212"
"chr5","85264668","85264977","KN296486v1","698399","698705","44","84566269"
"chr5","85474914","85475231","KN294806v1","835206","835511","52","84639708"
"chr5","85537397","85537653","KN296820v1","464921","465182","42","85072476"
"chr5","85565211","85565467","KN295366v1","147144","147399","44","85418067"
"chr5","85592795","85593131","KN297008v1","2258098","2258431","46","83334697"
"chr5","85708220","85708333","KN297165v1","1033125","1033239","15","84675095"
"chr5","85799563","85799854","KN295236v1","3456423","3456719","47","82343140"
"chr5","85833400","85833502","KN295913v1","82415","82508","21","85750985"
"chr5","86216411","86216728","KN295085v1","946373","946682","34","85270038"
"chr5","86316658","86316939","KN294966v1","89371","89664","46","86227287"
"chr5","86474880","86475196","KN296357v1","356792","357093","46","86118088"
"chr5","86517590","86517887","KN294439v1","72624","72920","40","86444966"
"chr5","86564740","86565051","KN295085v1","571993","572301","37","85992747"
"chr5","86828670","86828988","KN295701v1","941663","941973","41","85887007"
"chr5","86866068","86866374","KN296528v1","1579307","1579621","55","85286761"
"chr5","86897008","86897315","KN295413v1","22638","22943","39","86874370"
"chr5","86904277","86904582","KN296486v1","1025304","1025609","45","85878973"
"chr5","86978296","86978592","KN295085v1","136043","136343","43","86842253"
"chr5","87066330","87066605","KN295241v1","96893","97164","47","86969437"
"chr5","87072803","87073108","KN295350v1","405055","405352","47","86667748"
"chr5","87224360","87224673","KN294239v1","1577662","1577973","48","85646698"
"chr5","87410121","87410412","KN296201v1","289184","289469","52","87120937"
"chr5","87512839","87513135","KN296588v1","1412753","1413049","50","86100086"
"chr5","87672284","87672581","KN296732v1","498634","498931","40","87173650"
"chr5","87829496","87829792","KN296588v1","1003194","1003490","34","86826302"
"chr5","87840645","87840794","KN296682v1","2712182","2712331","19","85128463"
"chr5","87978882","87979059","KN296153v1","3883753","3883925","31","84095129"
"chr5","88012312","88012594","KN294613v1","580073","580354","49","87432239"
"chr5","88227128","88227415","KN295671v1","101483","101768","41","88125645"
"chr5","88249299","88249397","KN296036v1","501022","501120","20","87748277"
"chr5","88458527","88458825","KN294192v1","560154","560455","49","87898373"
"chr5","88503358","88503658","KN294349v1","164140","164438","51","88339218"
"chr5","88533266","88533572","KN294407v1","249623","249924","44","88283643"
"chr5","88634637","88634929","KN296158v1","692023","692317","46","87942614"
"chr5","88659839","88660133","KN296153v1","2435175","2435468","39","86224664"
"chr5","88743610","88743904","KN296513v1","2018431","2018731","37","86725179"
"chr5","88903781","88904089","KN296565v1","45013","45324","42","88858768"
"chr5","88939489","88939785","KN294385v1","354018","354312","44","88585471"
"chr5","89411079","89411393","KN295059v1","336835","337145","41","89074244"
"chr5","89609566","89609875","KN294387v1","2599087","2599393","47","87010479"
"chr5","89763756","89764016","KN296920v1","1219536","1219796","38","88544220"
"chr5","89771559","89771835","KN297095v1","2433932","2434204","42","87337627"
"chr5","89835767","89836079","KN294239v1","1878400","1878713","39","87957367"
"chr5","89901941","89902263","KN296538v1","1401368","1401681","49","88500573"
"chr5","89980086","89980377","KN294987v1","1351833","1352128","43","88628253"
"chr5","90125733","90126017","KN294499v1","594411","594696","55","89531322"
"chr5","90201170","90201460","KN296505v1","349884","350174","48","89851286"
"chr5","90340613","90340914","KN294172v1","835311","835619","50","89505302"
"chr5","90473513","90473814","KN294181v1","810707","811001","41","89662806"
"chr5","90476964","90477259","KN297112v1","3807555","3807848","41","86669409"
"chr5","90624347","90624671","KN296609v1","1113159","1113484","56","89511188"
"chr5","90749263","90749571","KN296859v1","895216","895514","44","89854047"
"chr5","90787759","90788055","KN295090v1","1657716","1658013","34","89130043"
"chr5","90883070","90883372","KN295162v1","17369","17667","46","90865701"
"chr5","90903409","90903686","KN295090v1","523438","523719","40","90379971"
"chr5","90993515","90993810","KN296096v1","3183138","3183434","31","87810377"
"chr5","91145390","91145693","KN296128v1","194494","194794","41","90950896"
"chr5","91259022","91259306","KN295260v1","2344602","2344885","38","88914420"
"chr5","91425834","91426030","KN294825v1","467615","467810","34","90958219"
"chr5","91707870","91708177","KN294717v1","373979","374286","42","91333891"
"chr5","91752821","91753123","KN295096v1","2124655","2124956","41","89628166"
"chr5","91760016","91760347","KN296381v1","116807","117137","65","91643209"
"chr5","91805023","91805184","KN296959v1","987324","987481","23","90817699"
"chr5","91809144","91809450","KN297133v1","419676","419981","37","91389468"
"chr5","91814025","91814329","KN294407v1","93660","93961","39","91720365"
"chr5","91959719","91959892","KN296454v1","125391","125547","38","91834328"
"chr5","91990428","91990473","KN295736v1","2450623","2450667","10","89539805"
"chr5","92141699","92141995","KN294446v1","410629","410926","40","91731070"
"chr5","92189653","92189944","KN295248v1","864102","864388","47","91325551"
"chr5","92270427","92270685","KN296321v1","72005","72248","34","92198422"
"chr5","92301750","92302065","KN296321v1","108212","108510","38","92193538"
"chr5","92304625","92304945","KN295205v1","1066560","1066883","48","91238065"
"chr5","92471235","92471537","KN294407v1","93660","93961","39","92377575"
"chr5","92497662","92497954","KN296365v1","113780","114072","42","92383882"
"chr5","92549805","92550070","KN296210v1","500001","500263","44","92049804"
"chr5","92638414","92638718","KN294387v1","2599087","2599393","36","90039327"
"chr5","92681913","92682192","KN296442v1","285567","285849","39","92396346"
"chr5","92740174","92740470","KN295459v1","1614660","1614952","38","91125514"
"chr5","92749505","92749807","KN296075v1","565878","566186","47","92183627"
"chr5","92825195","92825496","KN296579v1","425958","426262","29","92399237"
"chr5","93073705","93074022","KN296495v1","2177287","2177599","47","90896418"
"chr5","93091480","93091767","KN296579v1","144957","145242","43","92946523"
"chr5","93217327","93217620","KN296579v1","18500","18782","37","93198827"
"chr5","93245813","93246112","KN295983v1","1536250","1536551","37","91709563"
"chr5","93247730","93248027","KN295983v1","1536250","1536551","38","91711480"
"chr5","93437277","93437584","KN295326v1","174150","174455","50","93263127"
"chr5","93494909","93495213","KN296908v1","513287","513594","42","92981622"
"chr5","93531969","93532271","KN294400v1","59355","59653","32","93472614"
"chr5","93551118","93551431","KN294400v1","42045","42357","30","93509073"
"chr5","93600731","93601022","KN295708v1","1014721","1015018","38","92586010"
"chr5","93700430","93700737","KN294873v1","1152998","1153302","41","92547432"
"chr5","93880779","93880882","KN294705v1","176258","176359","22","93704521"
"chr5","93900467","93900770","KN296859v1","1719114","1719417","37","92181353"
"chr5","93935674","93935971","KN296201v1","2797742","2798033","36","91137932"
"chr5","93939725","93940024","KN297095v1","206557","206847","65","93733168"
"chr5","93941440","93941743","KN295501v1","1005257","1005557","40","92936183"
"chr5","94003548","94003842","KN294181v1","810707","811001","46","93192841"
"chr5","94425667","94425974","KN294387v1","2599087","2599393","39","91826580"
"chr5","94433124","94433415","KN296287v1","46583","46877","33","94386541"
"chr5","94506595","94506892","KN294848v1","1408889","1409183","43","93097706"
"chr5","94545259","94545586","KN296503v1","15343","15655","56","94529916"
"chr5","94592082","94592373","KN295671v1","94446","94737","43","94497636"
"chr5","94691252","94691534","KN294790v1","2805524","2805805","42","91885728"
"chr5","94903951","94904247","KN294234v1","2616249","2616542","44","92287702"
"chr5","95076713","95077020","KN296317v1","72","378","38","95076641"
"chr5","95121316","95121645","KN295176v1","34358","34673","44","95086958"
"chr5","95190047","95190351","KN295705v1","1369810","1370111","41","93820237"
"chr5","95249603","95249897","KN296158v1","692023","692317","41","94557580"
"chr5","95355807","95356092","KN297229v1","921644","921926","47","94434163"
"chr5","95473759","95474058","KN294932v1","85636","85936","38","95388123"
"chr5","95514613","95514918","KN295748v1","283051","283352","43","95231562"
"chr5","95579271","95579563","KN295825v1","1555832","1556125","43","94023439"
"chr5","95633380","95633715","KN296357v1","356792","357093","68","95276588"
"chr5","95646994","95647298","KN295907v1","2005048","2005348","45","93641946"
"chr5","95649056","95649360","KN295907v1","2005048","2005348","44","93644008"
"chr5","95757564","95757872","KN294917v1","618557","618860","39","95139007"
"chr5","95812483","95812776","KN295501v1","1005257","1005557","38","94807226"
"chr5","95864163","95864449","KN295441v1","485205","485492","41","95378958"
"chr5","95959593","95959882","KN296062v1","2106200","2106493","43","93853393"
"chr5","96313270","96313573","KN296325v1","463413","463722","32","95849857"
"chr5","96432014","96432310","KN294416v1","428342","428637","36","96003672"
"chr5","96851611","96851907","KN297095v1","1315352","1315652","35","95536259"
"chr5","97142915","97143223","KN296520v1","401670","401982","38","96741245"
"chr5","97161907","97162216","KN295725v1","1996226","1996536","41","95165681"
"chr5","97162759","97163050","KN296062v1","2106200","2106493","30","95056559"
"chr5","97304341","97304644","KN295260v1","1049800","1050100","42","96254541"
"chr5","97322820","97323122","KN296938v1","1006669","1006968","30","96316151"
"chr5","97390606","97390893","KN297165v1","1143723","1144010","38","96246883"
"chr5","97420698","97421021","KN295523v1","2519145","2519447","47","94901553"
"chr5","97783295","97783585","KN296225v1","157317","157608","31","97625978"
"chr5","97805166","97805443","KN296557v1","709141","709435","43","97096025"
"chr5","98065484","98065780","KN297046v1","2791168","2791468","47","95274316"
"chr5","98138140","98138454","KN295171v1","675269","675580","42","97462871"
"chr5","98890783","98891087","KN294717v1","373979","374286","39","98516804"
"chr5","98941095","98941394","KN295241v1","7354","7661","33","98933741"
"chr5","99046991","99047297","KN294439v1","261107","261420","37","98785884"
"chr5","99121197","99121313","KN297386v1","1769570","1769682","14","97351627"
"chr5","99126133","99126424","KN295893v1","2116895","2117181","33","97009238"
"chr5","99147956","99148263","KN296538v1","48265","48577","48","99099691"
"chr5","99240838","99241136","KN295428v1","111268","111567","21","99129570"
"chr5","99279355","99279659","KN294235v1","617801","618100","37","98661554"
"chr5","99555494","99555738","KN294407v1","1241573","1241804","49","98313921"
"chr5","99575215","99575515","KN297133v1","419676","419981","26","99155539"
"chr5","99648206","99648502","KN294977v1","83660","83960","41","99564546"
"chr5","99694484","99694789","KN294926v1","115475","115774","47","99579009"
"chr5","99719273","99719557","KN294758v1","2061074","2061376","55","97658199"
"chr5","99762925","99763234","KN294647v1","185825","186131","41","99577100"
"chr5","99782232","99782333","KN295994v1","256758","256858","19","99525474"
"chr5","99842420","99842713","KN297314v1","218511","218802","35","99623909"
"chr5","100174359","100174583","KN295098v1","191721","191959","33","99982638"
"chr5","100198903","100199194","KN295459v1","1614660","1614952","38","98584243"
"chr5","100235210","100235520","KN294444v1","165242","165552","38","100069968"
"chr5","100277223","100277519","KN296153v1","3677943","3678242","31","96599280"
"chr5","100337528","100337629","KN294711v1","239718","239811","20","100097810"
"chr5","100342201","100342514","KN294647v1","185825","186131","43","100156376"
"chr5","100559677","100559977","KN296244v1","675027","675323","50","99884650"
"chr5","100624945","100625233","KN296308v1","1355274","1355569","53","99269671"
"chr5","100661033","100661327","KN294187v1","1526075","1526365","44","99134958"
"chr5","100687333","100687434","KN294711v1","239718","239811","20","100447615"
"chr5","100876070","100876369","KN294911v1","3820095","3820391","42","97055975"
"chr5","100877548","100877869","KN295667v1","1687893","1688204","43","99189655"
"chr5","100934387","100934674","KN295459v1","1614660","1614952","34","99319727"
"chr5","100966098","100966395","KN296096v1","3183138","3183434","35","97782960"
"chr5","101271657","101271944","KN295244v1","403747","404032","45","100867910"
"chr5","101371125","101371275","KN296964v1","1687417","1687573","26","99683708"
"chr5","101424941","101425233","KN294457v1","201551","201839","37","101223390"
"chr5","101453116","101453405","KN294493v1","404130","404414","41","101048986"
"chr5","101516437","101516739","KN294161v1","974137","974440","40","100542300"
"chr5","101517680","101517834","KN294181v1","1301795","1301938","23","100215885"
"chr5","101581583","101581893","KN294842v1","690378","690679","33","100891205"
"chr5","101850421","101850723","KN294407v1","93660","93961","35","101756761"
"chr5","101953754","101954029","KN295096v1","563388","563676","37","101390366"
"chr5","101972391","101972689","KN295368v1","851565","851868","38","101120826"
"chr5","101983357","101983681","KN296404v1","1071088","1071415","47","100912269"
"chr5","102183815","102184112","KN295894v1","1717341","1717632","44","100466474"
"chr5","102721380","102721690","KN294387v1","2599087","2599393","47","100122293"
"chr5","102760469","102760692","KN294457v1","153235","153463","36","102607234"
"chr5","102838057","102838335","KN294239v1","334831","335118","45","102503226"
"chr5","103192438","103192667","KN296885v1","3134403","3134633","10","100058035"
"chr5","103271043","103271354","KN296885v1","3052997","3053312","29","100218046"
"chr5","103419420","103419704","KN296885v1","2912093","2912376","28","100507327"
"chr5","103443154","103443447","KN296281v1","289210","289501","35","103153944"
"chr5","103447478","103447766","KN294911v1","2160588","2160880","40","101286890"
"chr5","103576968","103577271","KN296885v1","2765168","2765480","37","100811800"
"chr5","103596428","103596712","KN296311v1","715482","715765","43","102880946"
"chr5","104061229","104061545","KN296035v1","338193","338502","42","103723036"
"chr5","104100795","104101087","KN295171v1","869545","869845","52","103231250"
"chr5","104114078","104114389","KN296075v1","565878","566186","35","103548200"
"chr5","104148089","104148383","KN295032v1","272356","272651","36","103875733"
"chr5","104194482","104194790","KN297317v1","20735","21043","41","104173747"
"chr5","104281186","104281488","KN296885v1","2040839","2041139","40","102240347"
"chr5","104281892","104282202","KN296885v1","2040112","2040422","37","102241780"
"chr5","104343293","104343597","KN296885v1","1987575","1987876","38","102355718"
"chr5","104555728","104556029","KN296885v1","1777666","1777974","49","102778062"
"chr5","104558154","104558455","KN296885v1","1777666","1777974","48","102780488"
"chr5","104737731","104738111","KN296365v1","1153725","1154095","83","103584006"
"chr5","104740050","104740426","KN296365v1","1153725","1154095","79","103586325"
"chr5","104950584","104950892","KN295236v1","5645831","5646138","41","99304753"
"chr5","105038620","105038930","KN296306v1","3674917","3675229","49","101363703"
"chr5","105177706","105178018","KN296885v1","1134347","1134660","31","104043359"
"chr5","105513524","105513817","KN296885v1","813371","813645","53","104700153"
"chr5","106598923","106599204","KN294199v1","1525122","1525406","38","105073801"
"chr5","106704466","106704702","KN295294v1","2486587","2486823","54","104217879"
"chr5","106708453","106708707","KN294728v1","1211461","1211718","46","105496992"
"chr5","106795416","106795713","KN295090v1","2057671","2057967","37","104737745"
"chr5","106840385","106840681","KN296852v1","50353","50650","39","106790032"
"chr5","107043350","107043633","KN295022v1","486627","486913","41","106556723"
"chr5","107193797","107194081","KN295090v1","33896","34179","43","107159901"
"chr5","107296404","107296714","KN296541v1","2244383","2244691","38","105052021"
"chr5","107338772","107339072","KN295367v1","57325","57637","38","107281447"
"chr5","107376647","107376946","KN295439v1","175570","175868","43","107201077"
"chr5","107486062","107486358","KN295350v1","405055","405352","32","107081007"
"chr5","107615295","107615588","KN294578v1","593416","593711","35","107021879"
"chr5","107888179","107888476","KN296982v1","352378","352677","33","107535801"
"chr5","107903440","107903716","KN296496v1","355776","356054","29","107547664"
"chr5","107908608","107908917","KN294365v1","1401774","1402095","52","106506834"
"chr5","107950320","107950578","KN296138v1","41213","41476","45","107909107"
"chr5","107969445","107969730","KN295637v1","466454","466740","38","107502991"
"chr5","108098451","108098749","KN294837v1","303054","303351","35","107795397"
"chr5","108146818","108147111","KN295995v1","1426233","1426527","37","106720585"
"chr5","108334453","108334666","KN294172v1","471566","471770","42","107862887"
"chr5","108417070","108417367","KN295405v1","1673337","1673641","40","106743733"
"chr5","108431839","108432149","KN297317v1","20735","21043","35","108411104"
"chr5","108490491","108490787","KN294996v1","716925","717221","24","107773566"
"chr5","108588924","108589232","KN294208v1","853291","853593","42","107735633"
"chr5","108635430","108635732","KN294996v1","567529","567825","33","108067901"
"chr5","108872019","108872321","KN296847v1","447644","447944","44","108424375"
"chr5","108991103","108991414","KN294996v1","202252","202564","29","108788851"
"chr5","109023582","109023900","KN296096v1","2130564","2130872","45","106893018"
"chr5","109164196","109164480","KN296035v1","306636","306915","42","108857560"
"chr5","109329900","109330192","KN296394v1","277413","277712","48","109052487"
"chr5","109338819","109339120","KN297367v1","171251","171554","35","109167568"
"chr5","109346921","109347151","KN295304v1","263352","263587","40","109083569"
"chr5","109403315","109403619","KN295441v1","1618043","1618347","34","107785272"
"chr5","109764090","109764393","KN295171v1","231499","231801","33","109532591"
"chr5","109765342","109765652","KN296158v1","1672506","1672810","40","108092836"
"chr5","109817665","109817964","KN297159v1","1901772","1902072","35","107915893"
"chr5","109842123","109842280","KN297322v1","1945771","1945930","23","107896352"
"chr5","109844751","109845076","KN294536v1","1602874","1603192","45","108241877"
"chr5","109848968","109849273","KN295725v1","1996226","1996536","48","107852742"
"chr5","109888630","109888937","KN294172v1","4761492","4761794","49","105127138"
"chr5","109930700","109930983","KN296311v1","715482","715765","42","109215218"
"chr5","110039370","110039676","KN294325v1","986307","986615","42","109053063"
"chr5","110708222","110708519","KN294786v1","159185","159492","40","110549037"
"chr5","110748427","110748724","KN295320v1","27087","27386","33","110721340"
"chr5","110761284","110761589","KN295984v1","868891","869195","43","109892393"
"chr5","110832670","110832976","KN294786v1","275578","275891","41","110557092"
"chr5","110925300","110925590","KN296955v1","689390","689681","36","110235910"
"chr5","111215380","111215520","KN295607v1","4036401","4036544","25","107178979"
"chr5","111801486","111801798","KN297367v1","171251","171554","42","111630235"
"chr5","111900951","111901248","KN295092v1","1081195","1081502","43","110819756"
"chr5","111919401","111919550","KN294181v1","1301795","1301938","21","110617606"
"chr5","112542061","112542299","KN294456v1","859347","859587","47","111682714"
"chr5","112610845","112611144","KN296357v1","356792","357093","34","112254053"
"chr5","112635899","112636192","KN295092v1","330265","330565","29","112305634"
"chr5","112724570","112724877","KN295092v1","242706","243018","26","112481864"
"chr5","112733305","112733582","KN295607v1","3891545","3891824","36","108841760"
"chr5","112964538","112964836","KN295045v1","656714","657010","34","112307824"
"chr5","113137775","113138072","KN294439v1","269158","269457","33","112868617"
"chr5","113167751","113168051","KN297171v1","1781046","1781343","34","111386705"
"chr5","113282188","113282476","KN296404v1","106219","106515","38","113175969"
"chr5","113406505","113406810","KN295977v1","249013","249314","40","113157492"
"chr5","113463228","113463535","KN294717v1","373979","374286","35","113089249"
"chr5","113468202","113468491","KN296109v1","282265","282553","40","113185937"
"chr5","113531911","113532199","KN296424v1","617439","617738","37","112914472"
"chr5","113721213","113721491","KN295607v1","3891545","3891824","40","109829668"
"chr5","113805365","113805620","KN295430v1","1606937","1607192","41","112198428"
"chr5","113871296","113871601","KN294536v1","1859228","1859530","36","112012068"
"chr5","114123189","114123497","KN296518v1","35982","36282","38","114087207"
"chr5","114163741","114164043","KN296538v1","15638","15939","40","114148103"
"chr5","114213487","114213785","KN295171v1","869545","869845","39","113343942"
"chr5","114355173","114355470","KN296732v1","2013890","2014190","40","112341283"
"chr5","114437203","114437497","KN296732v1","498634","498931","37","113938569"
"chr5","114473841","114474147","KN294172v1","2028047","2028349","40","112445794"
"chr5","114715101","114715368","KN295102v1","177647","177925","46","114537454"
"chr5","114910888","114911199","KN294873v1","1152998","1153302","43","113757890"
"chr5","115147204","115147511","KN294243v1","112547","112853","35","115034657"
"chr5","115235661","115235946","KN296404v1","106219","106515","46","115129442"
"chr5","115407569","115407860","KN294264v1","261999","262293","39","115145570"
"chr5","115469242","115469545","KN295450v1","211545","211851","40","115257697"
"chr5","115594514","115594805","KN294260v1","1839383","1839676","39","113755131"
"chr5","115647497","115647790","KN296635v1","2062385","2062678","42","113585112"
"chr5","115781195","115781477","KN296478v1","538758","539041","31","115242437"
"chr5","116045436","116045718","KN295923v1","2321767","2322047","34","113723669"
"chr5","116197915","116198226","KN294717v1","373979","374286","40","115823936"
"chr5","116316654","116316960","KN297386v1","2279574","2279885","36","114037080"
"chr5","116333842","116334149","KN296153v1","3677943","3678242","41","112655899"
"chr5","116344223","116344532","KN295114v1","20941","21251","36","116323282"
"chr5","116592436","116592711","KN297046v1","1357266","1357537","45","115235170"
"chr5","116707232","116707543","KN296435v1","121458","121770","37","116585774"
"chr5","116779554","116779843","KN296281v1","60300","60607","49","116719254"
"chr5","117004937","117005233","KN295907v1","2257700","2257990","43","114747237"
"chr5","117050411","117050702","KN295433v1","1590173","1590466","32","115460238"
"chr5","117201386","117201723","KN295264v1","66488","66817","58","117134898"
"chr5","117203323","117203615","KN297044v1","811314","811606","41","116392009"
"chr5","117208986","117209294","KN294187v1","1813627","1813934","37","115395359"
"chr5","117292124","117292424","KN295112v1","343212","343513","36","116948912"
"chr5","117346293","117346560","KN297095v1","2171056","2171329","44","115175237"
"chr5","117357371","117357681","KN296538v1","15638","15939","41","117341733"
"chr5","117364601","117364896","KN295907v1","1094755","1095050","52","116269846"
"chr5","117381423","117381747","KN296153v1","2075992","2076317","43","115305431"
"chr5","117411291","117411598","KN296357v1","706115","706421","37","116705176"
"chr5","117456284","117456592","KN294292v1","56123","56434","53","117400161"
"chr5","117486070","117486375","KN297008v1","2822455","2822758","36","114663615"
"chr5","117545766","117546052","KN295090v1","1165047","1165331","37","116380719"
"chr5","117609057","117609363","KN296732v1","2013890","2014190","36","115595167"
"chr5","117689448","117689690","KN296949v1","35284","35534","42","117654164"
"chr5","117695441","117695745","KN294588v1","1492426","1492725","42","116203015"
"chr5","117752740","117753030","KN294439v1","72624","72920","37","117680116"
"chr5","118101336","118101644","KN296083v1","64772","65085","37","118036564"
"chr5","118537124","118537427","KN294385v1","101695","101993","50","118435429"
"chr5","119294566","119294690","KN296795v1","1955999","1956137","25","117338567"
"chr5","119400947","119401260","KN297133v1","419676","419981","36","118981271"
"chr5","119434874","119435167","KN297000v1","375525","375820","38","119059349"
"chr5","119576469","119576763","KN294407v1","2733858","2734151","37","116842611"
"chr5","119577309","119577599","KN295965v1","94015","94311","41","119483294"
"chr5","119599609","119599917","KN294717v1","373979","374286","31","119225630"
"chr5","119605804","119606109","KN294387v1","1455868","1456171","42","118149936"
"chr5","119612756","119613054","KN294662v1","79885","80185","39","119532871"
"chr5","119629360","119629659","KN296809v1","750243","750541","31","118879117"
"chr5","119629900","119630204","KN295075v1","473320","473622","38","119156580"
"chr5","119672647","119672952","KN294224v1","1197602","1197911","48","118475045"
"chr5","119768507","119768813","KN294874v1","934343","934646","47","118834164"
"chr5","119793205","119793512","KN296732v1","2013890","2014190","34","117779315"
"chr5","119947249","119947545","KN294685v1","1072465","1072762","36","118874784"
"chr5","120085153","120085456","KN294469v1","187100","187407","52","119898053"
"chr5","120150473","120150765","KN294439v1","269158","269457","34","119881315"
"chr5","120194910","120195223","KN297390v1","1640938","1641250","41","118553972"
"chr5","120299479","120299792","KN296062v1","2035715","2036023","38","118263764"
"chr5","120319240","120319537","KN294387v1","2599087","2599393","51","117720153"
"chr5","120526469","120526754","KN296609v1","598588","598892","51","119927881"
"chr5","121447464","121447710","KN294486v1","585631","585878","44","120861833"
"chr5","121502822","121503115","KN295523v1","4128223","4128518","36","117374599"
"chr5","121574733","121575036","KN296486v1","142158","142466","45","121432575"
"chr5","121878002","121878267","KN297008v1","2640522","2640786","36","119237480"
"chr5","121936027","121936105","KN295004v1","76648","76734","21","121859379"
"chr5","121940953","121941251","KN295988v1","1588049","1588346","36","120352904"
"chr5","122035995","122036337","KN297317v1","20735","21043","64","122015260"
"chr5","122090510","122090823","KN294569v1","828600","828911","33","121261910"
"chr5","122671412","122671717","KN296153v1","3677943","3678242","51","118993469"
"chr5","122685609","122685922","KN296189v1","144372","144680","41","122541237"
"chr5","122775276","122775553","KN295667v1","389477","389758","40","122385799"
"chr5","123123832","123124131","KN295692v1","1562388","1562681","39","121561444"
"chr5","123213713","123214009","KN295974v1","75089","75383","44","123138624"
"chr5","123259521","123259827","KN294513v1","614988","615293","40","122644533"
"chr5","123308399","123308693","KN295209v1","634423","634725","30","122673976"
"chr5","123313974","123314150","KN294281v1","989793","989968","23","122324181"
"chr5","123328977","123329324","KN295236v1","5967587","5967924","53","117361390"
"chr5","123357133","123357418","KN296635v1","4770618","4770901","35","118586515"
"chr5","123383715","123384013","KN296938v1","1006669","1006968","35","122377046"
"chr5","123385028","123385333","KN295735v1","1759690","1759996","30","121625338"
"chr5","123419774","123420075","KN294662v1","79885","80185","38","123339889"
"chr5","123421642","123421937","KN294287v1","962698","962991","36","122458944"
"chr5","123464761","123465067","KN295209v1","478196","478500","25","122986565"
"chr5","123467036","123467336","KN296153v1","3677943","3678242","39","119789093"
"chr5","123469058","123469414","KN296153v1","675273","675614","78","122793785"
"chr5","123480996","123481287","KN295209v1","460567","460861","21","123020429"
"chr5","123495939","123496250","KN296508v1","1890610","1890919","30","121605329"
"chr5","123554904","123555199","KN296682v1","5162407","5162700","26","118392497"
"chr5","123560582","123560889","KN297133v1","419676","419981","40","123140906"
"chr5","123996678","123996984","KN296162v1","555473","555781","23","123441205"
"chr5","124121764","124122049","KN296162v1","432983","433275","35","123688781"
"chr5","124454997","124455303","KN296162v1","107327","107639","35","124347670"
"chr5","124949328","124949630","KN294662v1","79885","80185","37","124869443"
"chr5","125156049","125156339","KN294790v1","2686461","2686754","29","122469588"
"chr5","125224979","125225139","KN294181v1","1760854","1761014","21","123464125"
"chr5","125283000","125283304","KN297159v1","566299","566605","34","124716701"
"chr5","125387504","125387791","KN296702v1","827171","827452","23","124560333"
"chr5","125401963","125402264","KN294588v1","1492426","1492725","38","123909537"
"chr5","125447733","125448033","KN296404v1","106219","106515","37","125341514"
"chr5","125533498","125533795","KN296702v1","977385","977667","36","124556113"
"chr5","125558948","125559197","KN296702v1","1003638","1003886","18","124555310"
"chr5","125599399","125599697","KN296702v1","1046128","1046432","36","124553271"
"chr5","125650989","125651278","KN294995v1","61376","61672","40","125589613"
"chr5","125732128","125732423","KN296702v1","1180011","1180302","32","124552117"
"chr5","125777453","125777707","KN294325v1","54256","54509","37","125723197"
"chr5","125865319","125865601","KN296108v1","63524","63807","33","125801795"
"chr5","126363592","126363889","KN296153v1","3677943","3678242","36","122685649"
"chr5","126849638","126849926","KN296062v1","1796687","1796987","43","125052951"
"chr5","126859084","126859380","KN296322v1","1925219","1925518","30","124933865"
"chr5","127065717","127066012","KN297219v1","1698417","1698709","33","125367300"
"chr5","127128009","127128307","KN297442v1","1671723","1672023","39","125456286"
"chr5","127141131","127141421","KN294493v1","1430297","1430587","44","125710834"
"chr5","127158078","127158363","KN295294v1","334706","334991","41","126823372"
"chr5","127183996","127184300","KN294372v1","2067685","2067992","43","125116311"
"chr5","127201312","127201616","KN297019v1","1233639","1233939","35","125967673"
"chr5","127208105","127208409","KN295236v1","4576569","4576870","32","122631536"
"chr5","127210888","127211177","KN295814v1","521897","522187","36","126688991"
"chr5","127213408","127213705","KN295983v1","1536250","1536551","43","125677158"
"chr5","127243103","127243388","KN294800v1","277487","277770","41","126965616"
"chr5","127243596","127243894","KN297133v1","826649","826948","39","126416947"
"chr5","127268170","127268482","KN294181v1","930133","930441","37","126338037"
"chr5","127284181","127284492","KN295059v1","336835","337145","42","126947346"
"chr5","127290472","127290734","KN296036v1","213048","213309","38","127077424"
"chr5","127302441","127302750","KN295497v1","720813","721124","41","126581628"
"chr5","127312137","127312440","KN296738v1","137767","138070","39","127174370"
"chr5","127321322","127321604","KN294991v1","1510448","1510728","37","125810874"
"chr5","127325331","127325644","KN294378v1","1624240","1624547","41","125701091"
"chr5","127327424","127327701","KN297171v1","2607011","2607291","39","124720413"
"chr5","127329309","127329614","KN294790v1","989803","990103","37","126339506"
"chr5","127330057","127330356","KN294421v1","22671","22970","38","127307386"
"chr5","127345004","127345300","KN294421v1","22671","22970","34","127322333"
"chr5","127345503","127345809","KN296117v1","233907","234212","40","127111596"
"chr5","127356938","127357224","KN294513v1","150959","151244","33","127205979"
"chr5","127359842","127360142","KN294469v1","197983","198283","42","127161859"
"chr5","127366191","127366475","KN294561v1","767639","767926","36","126598552"
"chr5","127388809","127389079","KN297112v1","3992200","3992473","39","123396609"
"chr5","127395148","127395449","KN296153v1","3677943","3678242","36","123717205"
"chr5","127410547","127410860","KN295974v1","2081619","2081931","39","125328928"
"chr5","127416093","127416357","KN295301v1","800546","800814","54","126615547"
"chr5","127418884","127419167","KN296661v1","1303368","1303652","33","126115516"
"chr5","127439040","127439341","KN296035v1","338193","338502","49","127100847"
"chr5","127444339","127444639","KN295977v1","249013","249314","35","127195326"
"chr5","127559298","127559601","KN296357v1","706115","706421","25","126853183"
"chr5","127577693","127577990","KN296732v1","498634","498931","34","127079059"
"chr5","127593276","127593561","KN295717v1","1870440","1870724","28","125722836"
"chr5","127704382","127704683","KN294208v1","853291","853593","36","126851091"
"chr5","127922679","127922991","KN295886v1","94857","95154","36","127827822"
"chr5","127953324","127953640","KN294705v1","1847829","1848142","39","126105495"
"chr5","128106438","128106748","KN294954v1","142871","143183","27","127963567"
"chr5","128127333","128127631","KN294462v1","73428","73721","37","128053905"
"chr5","128379815","128380113","KN294187v1","1813627","1813934","47","126566188"
"chr5","128473660","128473968","KN294899v1","82847","83150","22","128390813"
"chr5","128507911","128508192","KN295526v1","1064414","1064689","33","127443497"
"chr5","128516417","128516692","KN294964v1","1188096","1188367","44","127328321"
"chr5","128518486","128518776","KN295350v1","493114","493401","33","128025372"
"chr5","128528550","128528852","KN294899v1","136284","136595","37","128392266"
"chr5","128533701","128534012","KN296865v1","403115","403422","38","128130586"
"chr5","128722248","128722556","KN296731v1","1681432","1681735","30","127040816"
"chr5","128807155","128807449","KN294899v1","413798","414069","49","128393357"
"chr5","128945001","128945298","KN296747v1","35746","36041","22","128909255"
"chr5","128983310","128983610","KN296357v1","356792","357093","24","128626518"
"chr5","128990035","128990336","KN295236v1","1764741","1765042","27","127225294"
"chr5","129209313","129209633","KN294470v1","382310","382622","48","128827003"
"chr5","129387810","129388122","KN294387v1","2599087","2599393","38","126788723"
"chr5","129405202","129405501","KN294218v1","2831459","2831758","39","126573743"
"chr5","129526029","129526282","KN294899v1","1142284","1142545","31","128383745"
"chr5","129619655","129619969","KN294439v1","261107","261420","39","129358548"
"chr5","129626723","129627050","KN294251v1","2295086","2295402","45","127331637"
"chr5","130096478","130096780","KN294218v1","1633132","1633430","44","128463346"
"chr5","130319856","130320150","KN295988v1","1588049","1588346","38","128731807"
"chr5","130422735","130423029","KN295045v1","330502","330797","38","130092233"
"chr5","130707911","130708210","KN295907v1","2005048","2005348","36","128702863"
"chr5","130796377","130796690","KN296040v1","856534","856847","35","129939843"
"chr5","130867337","130867655","KN295315v1","250826","251139","52","130616511"
"chr5","131026940","131027257","KN294407v1","289512","289824","41","130737428"
"chr5","131032986","131033289","KN294287v1","466795","467093","37","130566191"
"chr5","131551035","131551330","KN294444v1","38062","38349","44","131512973"
"chr5","131619705","131620017","KN294717v1","373979","374286","33","131245726"
"chr5","131631805","131632121","KN295257v1","443937","444244","36","131187868"
"chr5","131762137","131762446","KN295634v1","230980","231291","36","131531157"
"chr5","131806540","131806801","KN296938v1","337840","338101","43","131468700"
"chr5","131832061","131832359","KN297095v1","3973836","3974132","43","127858225"
"chr5","131849712","131850012","KN297058v1","240351","240653","35","131609361"
"chr5","131872217","131872509","KN296365v1","113780","114072","35","131758437"
"chr5","131905462","131905771","KN295244v1","384903","385210","39","131520559"
"chr5","131920921","131921225","KN295501v1","1005257","1005557","38","130915664"
"chr5","131956523","131956823","KN297019v1","1233639","1233939","36","130722884"
"chr5","131994062","131994370","KN294387v1","2599087","2599393","30","129394975"
"chr5","132027452","132027742","KN295077v1","585208","585503","31","131442244"
"chr5","132030811","132031107","KN294433v1","409687","409987","35","131621124"
"chr5","132105255","132105305","KN294758v1","219493","219544","7","131885762"
"chr5","132105356","132105568","KN295820v1","45354","45584","47","132060002"
"chr5","132220774","132221076","KN294365v1","795012","795312","37","131425762"
"chr5","132229668","132229970","KN295995v1","1982332","1982629","41","130247336"
"chr5","132235100","132235385","KN295835v1","65035","65320","42","132170065"
"chr5","132253080","132253380","KN294182v1","439110","439408","39","131813970"
"chr5","132269072","132269382","KN295114v1","20941","21251","33","132248131"
"chr5","132293403","132293705","KN295706v1","40899","41204","38","132252504"
"chr5","132305587","132305898","KN296934v1","897698","898003","44","131407889"
"chr5","132311026","132311324","KN296153v1","3677943","3678242","36","128633083"
"chr5","132321644","132321945","KN294662v1","79885","80185","35","132241759"
"chr5","132456844","132457144","KN294662v1","79885","80185","25","132376959"
"chr5","132463051","132463340","KN294416v1","208870","209165","42","132254181"
"chr5","132670586","132670904","KN294717v1","373979","374286","39","132296607"
"chr5","133029628","133029934","KN294911v1","4527845","4528149","24","128501783"
"chr5","133039035","133039347","KN294911v1","4518792","4519091","33","128520243"
"chr5","133073374","133073684","KN294539v1","761382","761684","45","132311992"
"chr5","133104985","133105276","KN294911v1","4452532","4452831","27","128652453"
"chr5","133149287","133149560","KN297095v1","1515149","1515433","42","131634138"
"chr5","133151538","133151826","KN294407v1","934777","935067","37","132216761"
"chr5","133179431","133179738","KN294187v1","714857","715168","36","132464574"
"chr5","133181079","133181373","KN297445v1","1326382","1326677","38","131854697"
"chr5","133190695","133191004","KN295835v1","81348","81655","41","133109347"
"chr5","133194440","133194741","KN294911v1","4361649","4361947","23","128832791"
"chr5","133240359","133240656","KN295523v1","985733","986032","40","132254626"
"chr5","133266055","133266359","KN296821v1","33125","33427","39","133232930"
"chr5","133272906","133273211","KN297245v1","1385647","1385948","37","131887259"
"chr5","133300691","133300985","KN296357v1","356792","357093","35","132943899"
"chr5","133311164","133311460","KN294911v1","4245051","4245346","23","129066113"
"chr5","133460748","133461052","KN296153v1","3677943","3678242","36","129782805"
"chr5","133472546","133472837","KN294571v1","1012216","1012510","33","132460330"
"chr5","133503341","133503649","KN294911v1","4051381","4051680","31","129451960"
"chr5","133506240","133506543","KN294911v1","4047646","4047950","30","129458594"
"chr5","133570986","133571311","KN294911v1","3980970","3981289","43","129590016"
"chr5","133594192","133594498","KN295117v1","285369","285672","37","133308823"
"chr5","133600353","133600645","KN296305v1","580568","580858","36","133019785"
"chr5","133624501","133624793","KN297165v1","1143723","1144010","35","132480778"
"chr5","133625857","133626179","KN294911v1","3918227","3918541","29","129707630"
"chr5","133636338","133636597","KN296328v1","82417","82679","44","133553921"
"chr5","133636783","133637082","KN297046v1","3175277","3175576","32","130461506"
"chr5","133666624","133666921","KN296153v1","3677943","3678242","29","129988681"
"chr5","133672259","133672566","KN294911v1","3879264","3879568","28","129792995"
"chr5","133693980","133694291","KN294911v1","3854293","3854589","31","129839687"
"chr5","133714190","133714501","KN294911v1","3834084","3834390","29","129880106"
"chr5","133714960","133715266","KN297133v1","419676","419981","37","133295284"
"chr5","133726434","133726730","KN294911v1","3820095","3820391","27","129906339"
"chr5","133835059","133835361","KN295701v1","824420","824721","37","133010639"
"chr5","134345474","134345787","KN294911v1","3197200","3197506","34","131148274"
"chr5","134503682","134503965","KN295487v1","96031","96319","33","134407651"
"chr5","134597505","134597815","KN294739v1","1053261","1053568","32","133544244"
"chr5","134599588","134599868","KN294911v1","2939258","2939539","31","131660330"
"chr5","134669756","134670038","KN294214v1","286915","287202","33","134382841"
"chr5","134687695","134687786","KN295171v1","431387","431483","15","134256308"
"chr5","134715988","134716292","KN295171v1","869545","869845","28","133846443"
"chr5","134739485","134739796","KN294741v1","957024","957333","32","133782461"
"chr5","134742141","134742441","KN296290v1","702538","702843","30","134039603"
"chr5","134748946","134749269","KN295367v1","57325","57637","42","134691621"
"chr5","134822460","134822748","KN297203v1","1790563","1790848","37","133031897"
"chr5","134824787","134825074","KN294911v1","2713981","2714262","30","132110806"
"chr5","134851222","134851505","KN295102v1","177647","177925","36","134673575"
"chr5","134857080","134857371","KN294911v1","2682210","2682501","19","132174870"
"chr5","134874107","134874403","KN294385v1","101695","101993","42","134772412"
"chr5","134898539","134898844","KN294657v1","674868","675173","36","134223671"
"chr5","134908139","134908205","KN294172v1","3257058","3257124","12","131651081"
"chr5","134921203","134921504","KN294911v1","2616889","2617191","24","132304314"
"chr5","134935673","134935966","KN294467v1","346596","346896","34","134589077"
"chr5","134942002","134942295","KN294911v1","2593311","2593602","21","132348691"
"chr5","134943915","134943998","KN294911v1","2591277","2591367","15","132352638"
"chr5","134967872","134968171","KN294662v1","79885","80185","35","134887987"
"chr5","134994348","134994458","KN294911v1","2541337","2541450","12","132453011"
"chr5","135026558","135026855","KN294911v1","2507332","2507650","51","132519226"
"chr5","135029176","135029460","KN294911v1","2504364","2504656","29","132524812"
"chr5","135043359","135043658","KN294911v1","2491250","2491538","37","132552109"
"chr5","135047255","135047542","KN294588v1","494059","494353","41","134553196"
"chr5","135053682","135053990","KN294911v1","2480636","2480934","35","132573046"
"chr5","135069893","135070208","KN294911v1","2465124","2465435","25","132604769"
"chr5","135074993","135075292","KN294911v1","2459962","2460254","34","132615031"
"chr5","135081158","135081454","KN294911v1","2453873","2454173","30","132627285"
"chr5","135086173","135086471","KN297227v1","684949","685246","37","134401224"
"chr5","135149482","135149792","KN294588v1","1492426","1492725","42","133657056"
"chr5","135156266","135156556","KN294911v1","2384243","2384536","31","132772023"
"chr5","135157349","135157610","KN295090v1","2183333","2183596","32","132974016"
"chr5","135158449","135158489","KN297105v1","1138514","1138551","11","134019935"
"chr5","135159247","135159287","KN297105v1","1138514","1138551","11","134020733"
"chr5","135190205","135190506","KN296062v1","531528","531834","27","134658677"
"chr5","135277762","135277979","KN294520v1","569792","570018","35","134707970"
"chr5","135294715","135295022","KN297133v1","419676","419981","27","134875039"
"chr5","135317163","135317463","KN295236v1","4576569","4576870","36","130740594"
"chr5","135320662","135320971","KN294911v1","2214000","2214311","38","133106662"
"chr5","135331524","135331827","KN295350v1","389964","390265","38","134941560"
"chr5","135332690","135332971","KN295501v1","902998","903291","39","134429692"
"chr5","135349957","135350254","KN294911v1","2187187","2187481","29","133162770"
"chr5","135372776","135373069","KN294911v1","2160588","2160880","25","133212188"
"chr5","135382460","135382770","KN295059v1","336835","337145","38","135045625"
"chr5","135400623","135400936","KN294444v1","165242","165552","33","135235381"
"chr5","135411495","135411796","KN294717v1","373979","374286","34","135037516"
"chr5","135447876","135448190","KN295705v1","2133764","2134073","50","133314112"
"chr5","135457576","135457861","KN294911v1","2083075","2083364","27","133374501"
"chr5","135458438","135458725","KN294911v1","2080508","2080797","30","133377930"
"chr5","135466413","135466733","KN294911v1","2072249","2072546","47","133394164"
"chr5","135487278","135487581","KN294911v1","2051797","2052103","35","133435481"
"chr5","135498120","135498423","KN297046v1","2791168","2791468","41","132706952"
"chr5","135524655","135524947","KN296075v1","437481","437780","43","135087174"
"chr5","135536892","135537193","KN296731v1","1681432","1681735","44","133855460"
"chr5","135538988","135539291","KN294911v1","2001236","2001534","30","133537752"
"chr5","135560648","135560945","KN294416v1","208870","209165","33","135351778"
"chr5","135566041","135566337","KN294911v1","1972976","1973275","31","133593065"
"chr5","135575034","135575325","KN294911v1","1964215","1964509","23","133610819"
"chr5","135589123","135589415","KN294457v1","819505","819805","53","134769618"
"chr5","135601176","135601476","KN295171v1","869545","869845","34","134731631"
"chr5","135648607","135648913","KN294911v1","1889251","1889552","32","133759356"
"chr5","135752223","135752533","KN294911v1","1785544","1785856","36","133966679"
"chr5","135812443","135812744","KN296357v1","356792","357093","32","135455651"
"chr5","135991855","135992178","KN294717v1","373979","374286","40","135617876"
"chr5","136010210","136010515","KN294911v1","1535251","1535541","33","134474959"
"chr5","136106351","136106661","KN296538v1","1541301","1541608","32","134565050"
"chr5","136170360","136170653","KN296062v1","2106200","2106493","37","134064160"
"chr5","136379318","136379612","KN295580v1","1390","1690","36","136377928"
"chr5","136442458","136442740","KN294911v1","1082647","1082924","37","135359811"
"chr5","136449230","136449512","KN294536v1","1607732","1608024","38","134841498"
"chr5","136656054","136656355","KN297421v1","269231","269537","30","136386823"
"chr5","136744119","136744452","KN296036v1","1051362","1051698","47","135692757"
"chr5","136876465","136876778","KN296062v1","2035715","2036023","30","134840750"
"chr5","137168023","137168325","KN294911v1","387955","388270","27","136780068"
"chr5","137605864","137606160","KN294873v1","1249435","1249733","34","136356429"
"chr5","137848259","137848561","KN294439v1","269158","269457","42","137579101"
"chr5","137922324","137922628","KN295112v1","343212","343513","39","137579112"
"chr5","138153137","138153426","KN294462v1","73428","73721","33","138079709"
"chr5","138188208","138188511","KN294717v1","373979","374286","40","137814229"
"chr5","138356623","138356920","KN295523v1","2808662","2808957","32","135547961"
"chr5","138386639","138386932","KN294561v1","767639","767926","35","137619000"
"chr5","138522755","138523053","KN295523v1","985733","986032","29","137537022"
"chr5","138523449","138523758","KN295894v1","1507295","1507603","42","137016154"
"chr5","138540932","138541234","KN295601v1","2895150","2895452","29","135645782"
"chr5","138625471","138625748","KN296477v1","56960","57233","50","138568511"
"chr5","138626014","138626310","KN296759v1","638542","638840","30","137987472"
"chr5","138660367","138660418","KN297094v1","26059","26111","6","138634308"
"chr5","138703633","138703924","KN295225v1","852978","853269","35","137850655"
"chr5","138727010","138727304","KN296486v1","962652","962949","44","137764358"
"chr5","138735664","138735966","KN294387v1","1455868","1456171","35","137279796"
"chr5","138756441","138756751","KN295930v1","389847","390154","44","138366594"
"chr5","138760137","138760427","KN294407v1","686192","686479","33","138073945"
"chr5","138763903","138764132","KN296019v1","205848","206076","35","138558055"
"chr5","138773891","138774232","KN295592v1","1473260","1473592","53","137300631"
"chr5","138778143","138778429","KN296187v1","471768","472059","36","138306375"
"chr5","138788464","138788761","KN294456v1","96834","97129","43","138691630"
"chr5","138804828","138805134","KN294917v1","618557","618860","40","138186271"
"chr5","138829359","138829668","KN297048v1","117690","118000","42","138711669"
"chr5","138846553","138846848","KN294588v1","494059","494353","35","138352494"
"chr5","138861631","138861773","KN294668v1","2179035","2179176","18","136682596"
"chr5","138900621","138900874","KN296322v1","1753219","1753475","37","137147402"
"chr5","138906613","138906917","KN295983v1","1536250","1536551","40","137370363"
"chr5","138923795","138923873","KN296311v1","7909976","7910054","14","131013819"
"chr5","138924529","138924714","KN296635v1","1921014","1921211","44","137003515"
"chr5","138933218","138933524","KN296934v1","897698","898003","30","138035520"
"chr5","138934828","138935126","KN294326v1","423301","423597","30","138511527"
"chr5","138964659","138964965","KN295984v1","868891","869195","35","138095768"
"chr5","138976272","138976569","KN294470v1","2729657","2729960","41","136246615"
"chr5","139017866","139018158","KN296290v1","1153877","1154165","34","137863989"
"chr5","139023190","139023510","KN294264v1","371563","371884","44","138651627"
"chr5","139045336","139045618","KN294824v1","147930","148224","38","138897406"
"chr5","139068967","139069255","KN295441v1","783331","783622","48","138285636"
"chr5","139076213","139076518","KN297133v1","419676","419981","42","138656537"
"chr5","139087129","139087425","KN296119v1","5113175","5113468","37","133973954"
"chr5","139092873","139093175","KN296263v1","684495","684804","37","138408378"
"chr5","139095911","139096172","KN297452v1","1345867","1346126","40","137750044"
"chr5","139096659","139096959","KN294346v1","271830","272127","37","138824829"
"chr5","139097217","139097525","KN294433v1","482950","483258","40","138614267"
"chr5","139115689","139115999","KN294717v1","373979","374286","34","138741710"
"chr5","139118657","139118950","KN296153v1","3677943","3678242","42","135440714"
"chr5","139155774","139156067","KN297165v1","47565","47861","32","139108209"
"chr5","139199299","139199609","KN297274v1","62324","62636","45","139136975"
"chr5","139224464","139224768","KN295114v1","20941","21251","29","139203523"
"chr5","139286789","139287096","KN294385v1","101695","101993","52","139185094"
"chr5","139306894","139307196","KN294387v1","2599087","2599393","38","136707807"
"chr5","139316622","139316922","KN296357v1","706115","706421","48","138610507"
"chr5","139334486","139334769","KN296167v1","1353622","1353904","35","137980864"
"chr5","139406240","139406533","KN295995v1","1426233","1426527","26","137980007"
"chr5","139436521","139436749","KN294873v1","88265","88489","31","139348256"
"chr5","139445562","139445868","KN297133v1","419676","419981","33","139025886"
"chr5","139463559","139463851","KN297028v1","798487","798792","43","138665072"
"chr5","139467006","139467296","KN294995v1","61376","61672","46","139405630"
"chr5","139487043","139487336","KN295441v1","783331","783622","44","138703712"
"chr5","139566734","139567067","KN294521v1","354184","354502","50","139212550"
"chr5","139702855","139703149","KN294571v1","2534118","2534413","38","137168737"
"chr5","139713876","139714178","KN295983v1","1664954","1665256","34","138048922"
"chr5","139752828","139753108","KN297044v1","356179","356449","42","139396649"
"chr5","139785739","139785992","KN296430v1","660831","661095","49","139124908"
"chr5","139797312","139797617","KN295894v1","2407235","2407539","42","137390077"
"chr5","139875836","139876128","KN295995v1","1426233","1426527","32","138449603"
"chr5","139880218","139880504","KN295268v1","210057","210344","36","139670161"
"chr5","139905702","139906010","KN296934v1","897698","898003","50","139008004"
"chr5","139919694","139919994","KN294367v1","15893","16196","35","139903801"
"chr5","139932908","139933222","KN294571v1","558108","558421","59","139374800"
"chr5","139939876","139940022","KN294501v1","1960326","1960486","27","137979550"
"chr5","139946992","139947294","KN296934v1","897698","898003","34","139049294"
"chr5","139948391","139948699","KN294874v1","934343","934646","39","139014048"
"chr5","139965868","139966166","KN296138v1","388568","388863","38","139577300"
"chr5","139971155","139971454","KN295977v1","1428380","1428678","34","138542775"
"chr5","139998781","139999076","KN294407v1","791028","791326","40","139207753"
"chr5","140012385","140012679","KN295923v1","1228080","1228374","39","138784305"
"chr5","140024823","140025129","KN294842v1","473025","473335","46","139551798"
"chr5","140028415","140028719","KN295523v1","2519145","2519447","47","137509270"
"chr5","140038561","140038867","KN294387v1","2599087","2599393","42","137439474"
"chr5","140039985","140040293","KN296609v1","598588","598892","36","139441397"
"chr5","140046227","140046474","KN295820v1","915807","916059","55","139130420"
"chr5","140070718","140071020","KN294172v1","4257933","4258231","37","135812785"
"chr5","140091113","140091411","KN296244v1","675027","675323","36","139416086"
"chr5","140116394","140116700","KN296934v1","897698","898003","34","139218696"
"chr5","140148509","140148804","KN294218v1","2831459","2831758","36","137317050"
"chr5","140149556","140149805","KN296949v1","35284","35534","33","140114272"
"chr5","140150253","140150526","KN295171v1","482063","482338","44","139668190"
"chr5","140177011","140177318","KN296357v1","706115","706421","37","139470896"
"chr5","140184218","140184518","KN295117v1","272158","272456","37","139912060"
"chr5","140192114","140192403","KN295117v1","285369","285672","52","139906745"
"chr5","140231202","140231504","KN295236v1","4576569","4576870","30","135654633"
"chr5","140238477","140238770","KN297165v1","1143723","1144010","42","139094754"
"chr5","140256186","140256486","KN294218v1","2831459","2831758","38","137424727"
"chr5","140257941","140258245","KN295533v1","1552722","1553025","39","138705219"
"chr5","140263087","140263373","KN295352v1","616838","617123","45","139646249"
"chr5","140269135","140269403","KN297219v1","2564555","2564824","42","137704580"
"chr5","140276606","140276896","KN294536v1","1607732","1608024","42","138668874"
"chr5","140286821","140287120","KN296938v1","1006669","1006968","30","139280152"
"chr5","140291533","140291825","KN296079v1","793280","793574","36","139498253"
"chr5","140309816","140310051","KN296900v1","261449","261690","43","140048367"
"chr5","140318362","140318675","KN296922v1","753461","753755","55","139564901"
"chr5","140325961","140326272","KN296153v1","3677943","3678242","41","136648018"
"chr5","140413264","140413513","KN295758v1","865842","866093","39","139547422"
"chr5","140441017","140441311","KN295352v1","487966","488265","36","139953051"
"chr5","140471846","140472165","KN295176v1","34358","34673","40","140437488"
"chr5","140493543","140493846","KN296726v1","495465","495763","44","139998078"
"chr5","140508617","140508933","KN295725v1","1996226","1996536","54","138512391"
"chr5","140708017","140708336","KN294558v1","212848","213156","54","140495169"
"chr5","140806004","140806320","KN294873v1","1152998","1153302","46","139653006"
"chr5","140806624","140806913","KN294456v1","669764","670055","34","140136860"
"chr5","140810939","140811233","KN294739v1","616485","616779","30","140194454"
"chr5","140970328","140970603","KN295490v1","476948","477223","39","140493380"
"chr5","140998267","140998573","KN296580v1","3502","3804","35","140994765"
"chr5","141020203","141020501","KN294387v1","2599087","2599393","38","138421116"
"chr5","141062583","141062893","KN295533v1","2534496","2534805","36","138528087"
"chr5","141098214","141098507","KN295705v1","1369810","1370111","37","139728404"
"chr5","141101233","141101533","KN296495v1","2056834","2057132","32","139044399"
"chr5","141102660","141102679","KN294539v1","568767","568784","4","140533893"
"chr5","141102701","141102857","KN297144v1","389948","390105","24","140712753"
"chr5","141103838","141103954","KN296157v1","1864787","1864897","19","139239051"
"chr5","141110007","141110319","KN295692v1","998365","998674","39","140111642"
"chr5","141116071","141116366","KN294399v1","151738","152035","30","140964333"
"chr5","141127481","141127783","KN295236v1","4576569","4576870","32","136550912"
"chr5","141147161","141147373","KN297197v1","3678252","3678452","33","137468909"
"chr5","141169914","141170197","KN295586v1","1163603","1163885","35","140006311"
"chr5","141189378","141189689","KN295906v1","230171","230481","35","140959207"
"chr5","141189939","141190240","KN296153v1","3677943","3678242","38","137511996"
"chr5","141206767","141207077","KN294561v1","643982","644294","36","140562785"
"chr5","141211625","141211936","KN296865v1","1033695","1034008","33","140177930"
"chr5","141231951","141232236","KN296739v1","287386","287669","35","140944565"
"chr5","141236024","141236325","KN295315v1","360280","360581","37","140875744"
"chr5","141266130","141266428","KN295112v1","343212","343513","28","140922918"
"chr5","141317613","141317909","KN295523v1","2971379","2971678","31","138346234"
"chr5","141362490","141362770","KN297242v1","1115247","1115526","35","140247243"
"chr5","141365004","141365310","KN294433v1","482950","483258","47","140882054"
"chr5","141377519","141377827","KN294739v1","609228","609535","40","140768291"
"chr5","141393377","141393675","KN295855v1","21394","21692","28","141371983"
"chr5","141397625","141397929","KN296357v1","706115","706421","29","140691510"
"chr5","141408502","141408795","KN297112v1","2387840","2388136","35","139020662"
"chr5","141422811","141423181","KN294790v1","3054489","3054836","91","138368322"
"chr5","141474935","141475246","KN297227v1","852541","852851","43","140622394"
"chr5","141491210","141491522","KN295045v1","441758","442064","38","141049452"
"chr5","141709060","141709341","KN296153v1","1624830","1625129","50","140084230"
"chr5","141733185","141733481","KN295236v1","1839129","1839426","32","139894056"
"chr5","141791749","141792058","KN294717v1","373979","374286","31","141417770"
"chr5","141797126","141797445","KN296934v1","897698","898003","53","140899428"
"chr5","141884537","141884844","KN295988v1","954829","955141","38","140929708"
"chr5","141892765","141893059","KN295984v1","974577","974872","36","140918188"
"chr5","141949874","141950167","KN296062v1","657166","657452","46","141292708"
"chr5","141989150","141989428","KN297249v1","34241","34512","62","141954909"
"chr5","142036330","142036632","KN294387v1","2599087","2599393","34","139437243"
"chr5","142064750","142065041","KN296557v1","709141","709435","36","141355609"
"chr5","142148063","142148367","KN294539v1","2320327","2320629","39","139827736"
"chr5","142195431","142195744","KN295634v1","230980","231291","36","141964451"
"chr5","142343754","142344064","KN297317v1","20735","21043","28","142323019"
"chr5","142360816","142361130","KN294407v1","2595440","2595750","42","139765376"
"chr5","142416690","142416979","KN294407v1","815182","815470","45","141601508"
"chr5","142470668","142470950","KN295368v1","2146364","2146648","35","140324304"
"chr5","142484769","142485036","KN294281v1","382481","382729","51","142102288"
"chr5","142652518","142652799","KN294539v1","3991612","3991904","40","138660906"
"chr5","142665058","142665362","KN296883v1","700405","700710","36","141964653"
"chr5","142669694","142670004","KN295114v1","20941","21251","42","142648753"
"chr5","142696134","142696436","KN294407v1","249623","249924","34","142446511"
"chr5","142733352","142733655","KN294365v1","795012","795312","33","141938340"
"chr5","142796577","142796876","KN295236v1","4576569","4576870","37","138220008"
"chr5","142800467","142800778","KN294717v1","373979","374286","35","142426488"
"chr5","142813964","142814252","KN294161v1","265801","266094","30","142548163"
"chr5","142841826","142842126","KN295236v1","4576569","4576870","27","138265257"
"chr5","142874102","142874407","KN296153v1","3677943","3678242","32","139196159"
"chr5","142895631","142895936","KN297133v1","419676","419981","32","142475955"
"chr5","142920773","142921082","KN295667v1","1687893","1688204","35","141232880"
"chr5","142922164","142922464","KN296153v1","3677943","3678242","43","139244221"
"chr5","142968008","142968314","KN294758v1","2061074","2061376","41","140906934"
"chr5","142974590","142974895","KN296738v1","137767","138070","43","142836823"
"chr5","143027092","143027386","KN295586v1","5280357","5280650","31","137746735"
"chr5","143094274","143094576","KN295983v1","1664954","1665256","35","141429320"
"chr5","143132608","143132894","KN294592v1","1319879","1320174","53","141812729"
"chr5","143152237","143152536","KN295171v1","869545","869845","37","142282692"
"chr5","143157438","143157731","KN295459v1","1614660","1614952","34","141542778"
"chr5","143170740","143171041","KN296153v1","3677943","3678242","35","139492797"
"chr5","143176933","143177224","KN294824v1","147930","148224","38","143029003"
"chr5","143178346","143178651","KN295236v1","1764741","1765042","38","141413605"
"chr5","143212456","143212763","KN295350v1","243779","244085","38","142968677"
"chr5","143252791","143253087","KN295205v1","1475546","1475848","43","141777245"
"chr5","143293461","143293759","KN296075v1","437481","437780","31","142855980"
"chr5","143312077","143312204","KN296311v1","2864834","2864963","18","140447243"
"chr5","143325635","143325930","KN297095v1","2087459","2087755","29","141238176"
"chr5","143383598","143383899","KN296508v1","321439","321740","33","143062159"
"chr5","143416522","143416835","KN295633v1","264317","264628","34","143152205"
"chr5","143441702","143442004","KN295441v1","1618043","1618347","32","141823659"
"chr5","143465825","143466122","KN295907v1","1253096","1253393","32","142212729"
"chr5","143481598","143481878","KN296834v1","411444","411724","32","143070154"
"chr5","143560199","143560502","KN294456v1","876419","876725","40","142683780"
"chr5","143592911","143593225","KN295983v1","301532","301845","44","143291379"
"chr5","143805574","143805877","KN296153v1","3677943","3678242","40","140127631"
"chr5","143964760","143965055","KN294739v1","616485","616779","33","143348275"
"chr5","144125205","144125500","KN294592v1","1319879","1320174","40","142805326"
"chr5","144498847","144499146","KN295592v1","1774877","1775178","42","142723970"
"chr5","144790189","144790501","KN294705v1","1582720","1583032","36","143207469"
"chr5","145033515","145033814","KN295268v1","210057","210344","45","144823458"
"chr5","145081900","145082188","KN295721v1","197604","197890","38","144884296"
"chr5","145228302","145228572","KN296449v1","822","1085","33","145227480"
"chr5","145314235","145314515","KN296153v1","3928048","3928334","38","141386187"
"chr5","145334547","145334802","KN294739v1","994750","995002","36","144339797"
"chr5","145381586","145381860","KN296201v1","586124","586387","39","144795462"
"chr5","145626503","145626810","KN296588v1","1061611","1061921","35","144564892"
"chr5","145639729","145640047","KN294210v1","883297","883578","73","144756432"
"chr5","145702928","145703231","KN295607v1","4479027","4479333","39","141223901"
"chr5","145939636","145939952","KN296435v1","2592854","2593163","36","143346782"
"chr5","145990362","145990692","KN296188v1","139436","139774","46","145850926"
"chr5","146070680","146070969","KN294205v1","383302","383596","46","145687378"
"chr5","146234859","146235164","KN296625v1","709663","709960","38","145525196"
"chr5","146419620","146419857","KN296625v1","528861","529098","19","145890759"
"chr5","146434261","146434570","KN296508v1","954335","954642","30","145479926"
"chr5","146515708","146516021","KN295667v1","1687893","1688204","33","144827815"
"chr5","146560666","146560975","KN296859v1","1719114","1719417","41","144841552"
"chr5","146563120","146563428","KN296381v1","91265","91569","42","146471855"
"chr5","146568717","146569008","KN296625v1","380197","380487","28","146188520"
"chr5","146653465","146653765","KN296625v1","297521","297831","31","146355944"
"chr5","146927614","146927908","KN296557v1","709141","709435","32","146218473"
"chr5","146939979","146940274","KN295350v1","405055","405352","40","146534924"
"chr5","146949926","146950209","KN294172v1","6258303","6258586","35","140691623"
"chr5","146971827","146972131","KN296019v1","443353","443660","42","146528474"
"chr5","146973710","146974012","KN294536v1","1859228","1859530","44","145114482"
"chr5","146979102","146979398","KN294172v1","5770836","5771132","34","141208266"
"chr5","146992083","146992387","KN294172v1","4761492","4761794","38","142230591"
"chr5","147000079","147000348","KN294224v1","265841","266117","48","146734238"
"chr5","147006763","147007073","KN296311v1","5092316","5092620","40","141914447"
"chr5","147008309","147008626","KN295114v1","20941","21251","41","146987368"
"chr5","147015388","147015689","KN294399v1","151738","152035","37","146863650"
"chr5","147024848","147025147","KN295112v1","343212","343513","32","146681636"
"chr5","147028176","147028481","KN296357v1","356792","357093","33","146671384"
"chr5","147031722","147032004","KN296682v1","4848071","4848353","31","142183651"
"chr5","147038836","147039107","KN294526v1","396145","396417","46","146642691"
"chr5","147057903","147058194","KN297133v1","1370295","1370592","33","145687608"
"chr5","147060855","147061152","KN294662v1","79885","80185","46","146980970"
"chr5","147062836","147063139","KN296934v1","602412","602712","36","146460424"
"chr5","147079853","147080168","KN295480v1","1447608","1447918","37","145632245"
"chr5","147095631","147095922","KN294443v1","551005","551302","49","146544626"
"chr5","147110014","147110187","KN297133v1","1448856","1449025","24","145661158"
"chr5","147151223","147151523","KN296153v1","3677943","3678242","34","143473280"
"chr5","147153523","147153834","KN296948v1","1387253","1387563","41","145766270"
"chr5","147198367","147198666","KN297058v1","42553","42853","35","147155814"
"chr5","147204462","147204595","KN294834v1","240385","240525","18","146964077"
"chr5","147241665","147241946","KN296292v1","232041","232324","36","147009624"
"chr5","147261016","147261145","KN296119v1","3494836","3494965","20","143766180"
"chr5","147373296","147373563","KN294782v1","16656","16925","41","147356640"
"chr5","147379166","147379461","KN295984v1","974577","974872","38","146404589"
"chr5","147388518","147388832","KN294717v1","373979","374286","43","147014539"
"chr5","147641461","147641757","KN294613v1","547293","547605","48","147094168"
"chr5","147670446","147670740","KN295923v1","1438272","1438565","43","146232174"
"chr5","148155162","148155463","KN295356v1","348851","349147","47","147806311"
"chr5","148157279","148157577","KN297066v1","594449","594745","46","147562830"
"chr5","148208429","148208738","KN297317v1","20735","21043","42","148187694"
"chr5","148387525","148387834","KN296732v1","3381413","3381723","42","145006112"
"chr5","148410670","148410975","KN294536v1","1195413","1195715","35","147215257"
"chr5","148415456","148415753","KN295523v1","3420209","3420501","43","144995247"
"chr5","148420759","148421043","KN295038v1","1020988","1021268","42","147399771"
"chr5","148480443","148480721","KN297233v1","1211324","1211606","42","147269119"
"chr5","148668119","148668421","KN295667v1","1746297","1746597","41","146921822"
"chr5","148765706","148765999","KN294407v1","2733858","2734151","42","146031848"
"chr5","148770647","148770926","KN297264v1","12615","12885","46","148758032"
"chr5","148778456","148778750","KN297367v1","171251","171554","37","148607205"
"chr5","148803465","148803758","KN296153v1","3677943","3678242","36","145125522"
"chr5","149027005","149027303","KN294439v1","72624","72920","33","148954381"
"chr5","149092065","149092223","KN297242v1","1362082","1362229","28","147729983"
"chr5","149447237","149447547","KN294172v1","2551970","2552279","34","146895267"
"chr5","149596739","149597027","KN295350v1","259303","259590","34","149337436"
"chr5","149709688","149709749","KN297442v1","1099785","1099843","18","148609903"
"chr5","149710103","149710336","KN296859v1","1870551","1870779","36","147839552"
"chr5","149812619","149812906","KN296513v1","2038949","2039234","41","147773670"
"chr5","149959414","149959721","KN294387v1","2599087","2599393","34","147360327"
"chr5","150193774","150194073","KN297219v1","434860","435161","35","149758914"
"chr5","150199579","150199874","KN294208v1","853291","853593","36","149346288"
"chr5","150214737","150215029","KN294911v1","4554973","4555270","43","145659764"
"chr5","150276125","150276426","KN296404v1","106219","106515","36","150169906"
"chr5","150307130","150307429","KN294536v1","940479","940770","44","149366651"
"chr5","150327905","150328188","KN296133v1","239214","239508","42","150088691"
"chr5","150376964","150377239","KN294172v1","2999478","2999758","39","147377486"
"chr5","150393545","150393828","KN295441v1","1329285","1329560","39","149064260"
"chr5","150410727","150411031","KN296035v1","338193","338502","41","150072534"
"chr5","150415179","150415475","KN294561v1","767639","767926","34","149647540"
"chr5","150415481","150415587","KN297154v1","1566524","1566631","16","148848957"
"chr5","150415974","150416070","KN296117v1","86443","86544","12","150329531"
"chr5","150416118","150416423","KN294571v1","1546303","1546607","37","148869815"
"chr5","150540676","150540960","KN294325v1","616486","616782","36","149924190"
"chr5","150574393","150574660","KN296761v1","632415","632690","42","149941978"
"chr5","150605635","150605931","KN294172v1","5770836","5771132","39","144834799"
"chr5","150656847","150657148","KN295350v1","389964","390265","33","150266883"
"chr5","150707765","150708065","KN296004v1","359490","359791","35","150348275"
"chr5","150772926","150773218","KN294961v1","52264","52548","29","150720662"
"chr5","150779242","150779537","KN296747v1","35746","36041","33","150743496"
"chr5","150793098","150793387","KN295350v1","1050025","1050313","35","149743073"
"chr5","150798710","150799022","KN297219v1","1993677","1993982","41","148805033"
"chr5","150805925","150806230","KN296934v1","897698","898003","38","149908227"
"chr5","150810000","150810229","KN294961v1","14382","14605","26","150795618"
"chr5","150828735","150828979","KN296759v1","232013","232258","40","150596722"
"chr5","150865601","150865901","KN297008v1","2743729","2744025","33","148121872"
"chr5","150950471","150950765","KN296035v1","21232","21527","30","150929239"
"chr5","150951927","150952232","KN297153v1","125801","126114","33","150826126"
"chr5","150954707","150955024","KN296158v1","1672506","1672810","49","149282201"
"chr5","151033036","151033338","KN295983v1","1536250","1536551","32","149496786"
"chr5","151207901","151208194","KN295236v1","3672786","3673083","36","147535115"
"chr5","151227062","151227365","KN297153v1","400241","400549","51","150826821"
"chr5","151299910","151300218","KN297153v1","468776","469078","34","150831134"
"chr5","151316695","151317005","KN297153v1","486258","486566","19","150830437"
"chr5","151331804","151332097","KN295871v1","459790","460087","38","150872014"
"chr5","151333209","151333536","KN294187v1","1346864","1347175","49","149986345"
"chr5","151335994","151336304","KN295667v1","1687893","1688204","35","149648101"
"chr5","151357117","151357421","KN296357v1","343303","343607","35","151013814"
"chr5","151359320","151359631","KN294668v1","2004094","2004404","33","149355226"
"chr5","151417511","151417811","KN297133v1","419676","419981","41","150997835"
"chr5","151473360","151473669","KN297153v1","643857","644173","23","150829503"
"chr5","151511544","151511847","KN295550v1","1007565","1007867","30","150503979"
"chr5","151541599","151541909","KN297153v1","712810","713121","46","150828789"
"chr5","151594394","151594516","KN297153v1","764645","764766","12","150829749"
"chr5","151751394","151751686","KN297153v1","908628","908929","26","150842766"
"chr5","151828980","151829292","KN297153v1","942119","942424","30","150886861"
"chr5","151873461","151873765","KN296934v1","897698","898003","28","150975763"
"chr5","151875799","151876104","KN297133v1","419676","419981","29","151456123"
"chr5","151948576","151948888","KN297153v1","1366929","1367240","31","150581647"
"chr5","151961426","151961740","KN295114v1","20941","21251","48","151940485"
"chr5","151992327","151992633","KN297046v1","2791168","2791468","34","149201159"
"chr5","152025484","152025797","KN294325v1","986307","986615","45","151039177"
"chr5","152037945","152038253","KN297153v1","1143253","1143551","38","150894692"
"chr5","152142376","152142675","KN297153v1","1246542","1246840","29","150895834"
"chr5","152150966","152151265","KN297153v1","1256156","1256458","34","150894810"
"chr5","152160806","152161088","KN295090v1","1165047","1165331","33","150995759"
"chr5","152172540","152172809","KN296475v1","133725","133988","41","152038815"
"chr5","152192312","152192624","KN294717v1","373979","374286","37","151818333"
"chr5","152244271","152244563","KN297314v1","117021","117312","33","152127250"
"chr5","152263188","152263465","KN296732v1","2013890","2014190","51","150249298"
"chr5","152476080","152476371","KN294260v1","1839383","1839676","39","150636697"
"chr5","152493911","152494214","KN296732v1","2013890","2014190","39","150480021"
"chr5","152518852","152519154","KN296153v1","3677943","3678242","38","148840909"
"chr5","152549779","152550085","KN294260v1","621951","622250","30","151927828"
"chr5","152558572","152558870","KN294172v1","6084365","6084668","41","146474207"
"chr5","152573212","152573522","KN296934v1","897698","898003","36","151675514"
"chr5","152583092","152583396","KN297322v1","1948359","1948660","37","150634733"
"chr5","152685195","152685477","KN296847v1","1717536","1717819","34","150967659"
"chr5","152709476","152709771","KN295032v1","272356","272651","31","152437120"
"chr5","152717040","152717340","KN296153v1","3677943","3678242","37","149039097"
"chr5","153025571","153025866","KN296378v1","155683","155981","38","152869888"
"chr5","153122038","153122336","KN294251v1","4142052","4142349","33","148979986"
"chr5","153229769","153230054","KN295102v1","214886","215171","37","153014883"
"chr5","153430274","153430584","KN294717v1","373979","374286","40","153056295"
"chr5","153484004","153484220","KN295995v1","1393904","1394132","36","152090100"
"chr5","153498430","153498726","KN294561v1","593636","593922","43","152904794"
"chr5","153563080","153563376","KN297000v1","300195","300489","31","153262885"
"chr5","153658060","153658346","KN295302v1","134724","135005","34","153523336"
"chr5","153953767","153954052","KN294260v1","1839383","1839676","39","152114384"
"chr5","154109871","154110049","KN295433v1","533187","533363","27","153576684"
"chr5","154228440","154228747","KN295613v1","36602","36914","38","154191838"
"chr5","154405013","154405321","KN295607v1","4479027","4479333","27","149925986"
"chr5","154487928","154488214","KN296834v1","411444","411724","32","154076484"
"chr5","154617437","154617736","KN295236v1","4576569","4576870","42","150040868"
"chr5","154673458","154673672","KN296306v1","2328285","2328501","33","152345173"
"chr5","154840349","154840653","KN297219v1","1993677","1993982","37","152846672"
"chr5","154846739","154847038","KN295236v1","1764741","1765042","30","153081998"
"chr5","155003344","155003671","KN296308v1","871499","871827","42","154131845"
"chr5","155117681","155117965","KN296311v1","715482","715765","46","154402199"
"chr5","155281706","155282000","KN296119v1","4951165","4951463","34","150330541"
"chr5","155360996","155361265","KN295022v1","637110","637406","48","154723886"
"chr5","155364562","155364862","KN294457v1","918533","918832","38","154446029"
"chr5","155434648","155434952","KN296153v1","3677943","3678242","34","151756705"
"chr5","155440084","155440386","KN296732v1","2013890","2014190","31","153426194"
"chr5","155440685","155440973","KN294536v1","1607732","1608024","36","153832953"
"chr5","155455428","155455627","KN294739v1","1093016","1093221","38","154362412"
"chr5","155455714","155455836","KN294539v1","48169","48288","23","155407545"
"chr5","155461684","155461978","KN295983v1","1536250","1536551","39","153925434"
"chr5","155480221","155480519","KN294873v1","1249435","1249733","43","154230786"
"chr5","155513007","155513306","KN296119v1","4951165","4951463","37","150561842"
"chr5","155515075","155515371","KN295022v1","783002","783290","23","154732073"
"chr5","155518312","155518617","KN294372v1","2175029","2175333","39","153343283"
"chr5","155524073","155524377","KN296934v1","897698","898003","37","154626375"
"chr5","155549208","155549512","KN294260v1","1428283","1428585","35","154120925"
"chr5","155553173","155553469","KN295022v1","820750","821053","33","154732423"
"chr5","155555256","155555556","KN296357v1","356792","357093","37","155198464"
"chr5","155584387","155584656","KN295022v1","853750","854024","30","154730637"
"chr5","155587284","155587583","KN295384v1","161958","162256","44","155425326"
"chr5","155594436","155594744","KN294387v1","2599087","2599393","28","152995349"
"chr5","155640052","155640341","KN296225v1","128568","128860","34","155511484"
"chr5","155645065","155645372","KN297038v1","1001144","1001443","38","154643921"
"chr5","155762768","155763079","KN296040v1","856534","856847","45","154906234"
"chr5","155771032","155771153","KN295022v1","1034109","1034229","6","154736923"
"chr5","155805475","155805779","KN295022v1","1066551","1066845","37","154738924"
"chr5","155840877","155841192","KN296153v1","3677943","3678242","41","152162934"
"chr5","155948255","155948551","KN295022v1","1208695","1208999","32","154739560"
"chr5","156233467","156233770","KN294758v1","2268406","2268708","34","153965061"
"chr5","156411477","156411775","KN297023v1","934115","934421","37","155477362"
"chr5","156950781","156951091","KN294175v1","5500","5815","32","156945281"
"chr5","156994096","156994408","KN295923v1","1231839","1232151","40","155762257"
"chr5","157035088","157035399","KN294471v1","599870","600180","39","156435218"
"chr5","157226734","157227019","KN295430v1","2785325","2785610","34","154441409"
"chr5","157256971","157257265","KN294739v1","616485","616779","38","156640486"
"chr5","157275384","157275683","KN295205v1","1475546","1475848","33","155799838"
"chr5","157300750","157301059","KN294705v1","1582720","1583032","38","155718030"
"chr5","157318534","157318853","KN297203v1","1796332","1796648","47","155522202"
"chr5","157373015","157373315","KN295571v1","338888","339191","38","157034127"
"chr5","157401131","157401434","KN296580v1","3502","3804","36","157397629"
"chr5","157432445","157432734","KN296905v1","97095","97383","39","157335350"
"chr5","157504172","157504477","KN296357v1","706115","706421","27","156798057"
"chr5","157785857","157786166","KN295605v1","712558","712868","40","157073299"
"chr5","157889913","157890210","KN294439v1","72624","72920","40","157817289"
"chr5","157896846","157897132","KN294558v1","725381","725667","27","157171465"
"chr5","157900566","157900869","KN296311v1","3812517","3812822","42","154088049"
"chr5","157901744","157902048","KN296852v1","50353","50650","42","157851391"
"chr5","157904575","157904846","KN296804v1","165504","165784","52","157739071"
"chr5","157935992","157936290","KN296580v1","3502","3804","34","157932490"
"chr5","157951745","157952026","KN295077v1","49270","49558","36","157902475"
"chr5","157953751","157954056","KN294717v1","373979","374286","34","157579772"
"chr5","157964338","157964643","KN295748v1","283051","283352","35","157681287"
"chr5","157969641","157969952","KN296934v1","897698","898003","35","157071943"
"chr5","157971244","157971540","KN294416v1","208870","209165","37","157762374"
"chr5","157979730","157980038","KN295526v1","1054658","1054967","33","156925072"
"chr5","157985602","157985889","KN295526v1","1048855","1049142","23","156936747"
"chr5","157997188","157997459","KN296449v1","822","1085","45","157996366"
"chr5","158002810","158003064","KN296614v1","20173","20414","51","157982637"
"chr5","158039386","158039642","KN295610v1","706599","706842","48","157332787"
"chr5","158041463","158041757","KN294167v1","406704","406998","41","157634759"
"chr5","158061331","158061620","KN295607v1","4402317","4402604","39","153659014"
"chr5","158062870","158063159","KN295607v1","4402317","4402604","39","153660553"
"chr5","158095441","158095749","KN295526v1","934560","934860","27","157160881"
"chr5","158139636","158139902","KN295526v1","890269","890545","29","157249367"
"chr5","158151614","158151910","KN295350v1","243779","244085","36","157907835"
"chr5","158157989","158158288","KN295523v1","511979","512260","65","157646010"
"chr5","158417048","158417337","KN295526v1","613761","614062","42","157803287"
"chr5","158498674","158498985","KN294387v1","2599087","2599393","39","155899587"
"chr5","158510804","158510996","KN295526v1","523335","523526","8","157987469"
"chr5","158568066","158568356","KN295717v1","40148","40439","39","158527918"
"chr5","158575957","158576222","KN296311v1","865932","866199","33","157710025"
"chr5","158598299","158598451","KN294187v1","1091192","1091338","18","157507107"
"chr5","158600476","158600780","KN295501v1","1005257","1005557","40","157595219"
"chr5","158632219","158632330","KN295767v1","54296","54406","18","158577923"
"chr5","158653159","158653289","KN296430v1","664997","665135","24","157988162"
"chr5","158681566","158681872","KN295526v1","334798","335096","40","158346768"
"chr5","158686738","158687039","KN296343v1","267112","267411","32","158419626"
"chr5","158740708","158740999","KN297197v1","3714860","3715153","43","155025848"
"chr5","158775415","158775717","KN294387v1","2599087","2599393","33","156176328"
"chr5","158783017","158783320","KN295526v1","245889","246193","22","158537128"
"chr5","158786611","158786905","KN295526v1","242005","242302","34","158544606"
"chr5","158791293","158791601","KN295114v1","20941","21251","42","158770352"
"chr5","158834599","158834883","KN295526v1","190568","190856","24","158644031"
"chr5","158844324","158844626","KN295869v1","284557","284865","46","158559767"
"chr5","158868628","158868922","KN295039v1","323671","323967","29","158544957"
"chr5","158877052","158877338","KN294444v1","38062","38349","37","158838990"
"chr5","158880701","158881016","KN295090v1","765618","765928","44","158115083"
"chr5","158971946","158972250","KN295350v1","243779","244085","34","158728167"
"chr5","159032107","159032417","KN295114v1","20941","21251","37","159011166"
"chr5","159162826","159163088","KN296980v1","122450","122716","22","159040376"
"chr5","159212867","159213169","KN296980v1","170813","171108","34","159042054"
"chr5","159272585","159272891","KN296980v1","233001","233305","28","159039584"
"chr5","159332681","159332964","KN295350v1","493114","493401","46","158839567"
"chr5","159437272","159437517","KN296311v1","615311","615549","37","158821961"
"chr5","159473241","159473518","KN296980v1","433309","433585","27","159039932"
"chr5","159794281","159794563","KN294161v1","265801","266094","45","159528480"
"chr5","159935438","159935748","KN295236v1","3985587","3985900","41","155949851"
"chr5","159981525","159981824","KN294873v1","1327978","1328280","49","158653547"
"chr5","160019338","160019634","KN296980v1","998730","999022","31","159020608"
"chr5","160091266","160091566","KN294717v1","373979","374286","30","159717287"
"chr5","160146275","160146570","KN296873v1","360544","360847","32","159785731"
"chr5","160158694","160158981","KN296873v1","348152","348439","21","159810542"
"chr5","160206168","160206352","KN294739v1","1093016","1093221","46","159113152"
"chr5","160206926","160207050","KN296844v1","457555","457676","18","159749371"
"chr5","160210790","160211076","KN296873v1","295418","295705","30","159915372"
"chr5","160304444","160304745","KN296743v1","1905429","1905726","28","158399015"
"chr5","160527808","160528094","KN296864v1","999128","999415","53","159528680"
"chr5","160868959","160869250","KN295936v1","1456320","1456622","49","159412639"
"chr5","160877105","160877340","KN296507v1","355239","355473","21","160521866"
"chr5","160885697","160885987","KN296507v1","363736","364035","28","160521961"
"chr5","160925385","160925679","KN296507v1","405367","405658","29","160520018"
"chr5","160949830","160950106","KN296588v1","801180","801474","44","160148650"
"chr5","161014220","161014527","KN294717v1","373979","374286","35","160640241"
"chr5","161020156","161020439","KN297190v1","4000420","4000702","53","157019736"
"chr5","161023605","161023893","KN294588v1","494059","494353","35","160529546"
"chr5","161040919","161041227","KN296507v1","524992","525297","27","160515927"
"chr5","161053114","161053391","KN296507v1","533887","534172","35","160519227"
"chr5","161054833","161055140","KN296507v1","535236","535548","43","160519597"
"chr5","161057719","161057879","KN296357v1","448220","448380","31","160609499"
"chr5","161085375","161085670","KN296507v1","563248","563545","26","160522127"
"chr5","161086644","161086953","KN297320v1","129576","129886","36","160957068"
"chr5","161102076","161102386","KN296507v1","578039","578344","26","160524037"
"chr5","161104036","161104334","KN295814v1","1158228","1158525","32","159945808"
"chr5","161113282","161113593","KN295706v1","113161","113472","28","161000121"
"chr5","161115795","161116086","KN295039v1","323671","323967","36","160792124"
"chr5","161116583","161116883","KN294208v1","853291","853593","37","160263292"
"chr5","161117366","161117679","KN295114v1","20941","21251","43","161096425"
"chr5","161189268","161189599","KN296507v1","664153","664480","37","160525115"
"chr5","161212886","161213182","KN296507v1","686124","686421","33","160526762"
"chr5","161216921","161217231","KN296507v1","690720","691019","35","160526201"
"chr5","161237994","161238302","KN296507v1","711332","711641","33","160526662"
"chr5","161292526","161292822","KN294385v1","354018","354312","35","160938508"
"chr5","161298853","161299161","KN295114v1","20941","21251","34","161277912"
"chr5","161429469","161429773","KN294172v1","1630044","1630343","36","159799425"
"chr5","161630331","161630628","KN294644v1","200716","201015","38","161429615"
"chr5","161789214","161789524","KN295601v1","1037402","1037708","41","160751812"
"chr5","161969682","161969988","KN294346v1","372059","372367","34","161597623"
"chr5","162050450","162050740","KN296365v1","1289835","1290132","50","160760615"
"chr5","162122398","162122713","KN296775v1","312693","313014","48","161809705"
"chr5","162127871","162128168","KN295501v1","1005257","1005557","34","161122614"
"chr5","162444819","162444918","KN294911v1","2591277","2591367","23","159853542"
"chr5","162581045","162581351","KN295907v1","1681552","1681861","40","160899493"
"chr5","162603760","162604079","KN294187v1","1346864","1347175","43","161256896"
"chr5","162718486","162718796","KN294571v1","2166505","2166809","42","160551981"
"chr5","162785954","162786252","KN296153v1","3677943","3678242","43","159108011"
"chr5","162827928","162828065","KN294834v1","240385","240525","27","162587543"
"chr5","162861303","162861598","KN294644v1","1434757","1435060","34","161426546"
"chr5","162935110","162935415","KN294387v1","2599087","2599393","38","160336023"
"chr5","162989717","162989998","KN295102v1","214886","215171","41","162774831"
"chr5","163004546","163004844","KN295601v1","761243","761570","62","162243303"
"chr5","163089448","163089737","KN294167v1","406704","406998","44","162682744"
"chr5","163155871","163156145","KN295936v1","30401","30674","34","163125470"
"chr5","163493431","163493730","KN295667v1","1687893","1688204","48","161805538"
"chr5","163494003","163494257","KN296991v1","771740","771995","65","162722263"
"chr5","163635428","163635704","KN295236v1","664416","664691","59","162971012"
"chr5","163717219","163717516","KN296154v1","605035","605330","28","163112184"
"chr5","163819415","163819701","KN294167v1","406704","406998","46","163412711"
"chr5","163860634","163860934","KN295350v1","389964","390265","37","163470670"
"chr5","163877212","163877510","KN296154v1","749205","749512","23","163128007"
"chr5","163949484","163949781","KN294591v1","540856","541150","37","163408628"
"chr5","164045150","164045451","KN294181v1","810707","811001","40","163234443"
"chr5","164259547","164259848","KN294208v1","853291","853593","35","163406256"
"chr5","164379776","164380065","KN296154v1","1227898","1228192","27","163151878"
"chr5","164451105","164451415","KN294325v1","986307","986615","35","163464798"
"chr5","164455976","164456252","KN296154v1","1297856","1298134","26","163158120"
"chr5","164523886","164524199","KN297158v1","608865","609176","41","163915021"
"chr5","164823511","164823808","KN294439v1","257473","257771","38","164566038"
"chr5","164877018","164877324","KN296154v1","1713036","1713345","37","163163982"
"chr5","164977284","164977601","KN296201v1","2816238","2816545","49","162161046"
"chr5","165042733","165043040","KN296154v1","1901209","1901519","31","163141524"
"chr5","165053591","165053891","KN296154v1","1912426","1912718","32","163141165"
"chr5","165139469","165139761","KN296884v1","213555","213851","36","164925914"
"chr5","165216965","165217258","KN294747v1","778077","778373","39","164438888"
"chr5","165319970","165320256","KN296864v1","999128","999415","36","164320842"
"chr5","165326895","165327186","KN296154v1","2204570","2204853","33","163122325"
"chr5","165330444","165330791","KN297245v1","1467019","1467372","99","163863425"
"chr5","165482690","165483002","KN296154v1","2350970","2351270","31","163131720"
"chr5","165492494","165492793","KN296154v1","2361119","2361422","31","163131375"
"chr5","165535117","165535416","KN296154v1","2396683","2396981","38","163138434"
"chr5","165660795","165661093","KN296306v1","1446665","1446954","54","164214130"
"chr5","165706827","165707117","KN296153v1","1888034","1888323","37","163818793"
"chr5","165760726","165760882","KN295459v1","1026280","1026430","21","164734446"
"chr5","165771851","165772147","KN296154v1","2644360","2644647","39","163127491"
"chr5","165870200","165870504","KN296738v1","154412","154713","44","165715788"
"chr5","165931114","165931396","KN297046v1","1547706","1547997","41","164383408"
"chr5","165941125","165941428","KN296137v1","1444","1748","37","165939681"
"chr5","165981962","165982266","KN294790v1","1555084","1555390","35","164426878"
"chr5","166001558","166001866","KN296154v1","1901209","1901519","37","164100349"
"chr5","166418051","166418352","KN295034v1","63947","64249","38","166354104"
"chr5","166438735","166439030","KN296154v1","749205","749512","49","165689530"
"chr5","166506012","166506286","KN295102v1","177647","177925","41","166328365"
"chr5","166536828","166537129","KN295983v1","1536250","1536551","30","165000578"
"chr5","166652749","166653036","KN295940v1","167693","167976","35","166485056"
"chr5","166710014","166710318","KN296154v1","3575633","3575932","24","163134381"
"chr5","166717476","166717786","KN296154v1","3583307","3583620","32","163134169"
"chr5","166795684","166795992","KN296154v1","3667638","3667948","25","163128046"
"chr5","166897664","166897958","KN296079v1","2656932","2657220","43","164240732"
"chr5","166954506","166954803","KN294439v1","269158","269457","34","166685348"
"chr5","167003713","167004024","KN296934v1","419367","419671","44","166584346"
"chr5","167085643","167085930","KN297112v1","2008532","2008818","40","165077111"
"chr5","167099876","167100198","KN295667v1","1586465","1586775","59","165513411"
"chr5","167194534","167194816","KN294172v1","2999478","2999758","37","164195056"
"chr5","167199873","167200171","KN297190v1","5852784","5853081","41","161347089"
"chr5","167413521","167413828","KN296357v1","706115","706421","40","166707406"
"chr5","167480638","167480938","KN296153v1","3677943","3678242","30","163802695"
"chr5","167487829","167488102","KN295962v1","383890","384156","36","167103939"
"chr5","167548339","167548672","KN296406v1","470066","470382","54","167078273"
"chr5","167552944","167553256","KN295667v1","1597592","1597903","40","165955352"
"chr5","167651058","167651297","KN294385v1","889872","890112","38","166761186"
"chr5","167662739","167663022","KN295923v1","2321767","2322047","30","165340972"
"chr5","167696071","167696384","KN295045v1","469620","469933","59","167226451"
"chr5","167714706","167714981","KN295936v1","30401","30674","36","167684305"
"chr5","167729667","167729975","KN295257v1","443937","444244","36","167285730"
"chr5","167749020","167749313","KN295825v1","1953498","1953787","36","165795522"
"chr5","167754720","167755015","KN295057v1","897213","897511","33","166857507"
"chr5","167762473","167762756","KN296503v1","453139","453424","41","167309334"
"chr5","167866350","167866647","KN295573v1","1180819","1181113","36","166685531"
"chr5","167941656","167941956","KN297008v1","5485230","5485530","25","162456426"
"chr5","167943659","167943951","KN296435v1","3246212","3246499","39","164697447"
"chr5","167960778","167961081","KN295607v1","4479027","4479333","40","163481751"
"chr5","168053451","168053746","KN297314v1","117021","117312","32","167936430"
"chr5","168089812","168090107","KN296311v1","7650126","7650419","33","160439686"
"chr5","168100679","168100986","KN296119v1","2884341","2884644","50","165216338"
"chr5","168239388","168239703","KN297317v1","20735","21043","39","168218653"
"chr5","168281069","168281359","KN295735v1","1759690","1759996","49","166521379"
"chr5","168425533","168425826","KN294911v1","3820095","3820391","42","164605438"
"chr5","168436879","168437171","KN294713v1","485096","485391","38","167951783"
"chr5","168447713","168448017","KN296859v1","895216","895514","44","167552497"
"chr5","168462457","168462753","KN294588v1","1492426","1492725","35","166970031"
"chr5","168466932","168467214","KN297165v1","1143723","1144010","37","167323209"
"chr5","168475587","168475896","KN297390v1","1640938","1641250","39","166834649"
"chr5","168546117","168546391","KN294172v1","537042","537309","49","168009075"
"chr5","168658842","168659121","KN296343v1","422792","423066","50","168236050"
"chr5","168704096","168704395","KN294387v1","2599087","2599393","44","166105009"
"chr5","168987503","168987803","KN294717v1","373979","374286","49","168613524"
"chr5","169037016","169037303","KN294561v1","767639","767926","33","168269377"
"chr5","169135315","169135613","KN296153v1","3677943","3678242","23","165457372"
"chr5","169197189","169197513","KN295667v1","1687893","1688204","38","167509296"
"chr5","169200598","169200914","KN295667v1","1687893","1688204","31","167512705"
"chr5","169253160","169253469","KN295075v1","473320","473622","39","168779840"
"chr5","169267983","169268287","KN295350v1","243779","244085","42","169024204"
"chr5","169305620","169305919","KN296153v1","3677943","3678242","30","165627677"
"chr5","169323667","169323971","KN295241v1","7354","7661","33","169316313"
"chr5","169360594","169360902","KN294451v1","576228","576536","38","168784366"
"chr5","169386159","169386276","KN294172v1","6421336","6421452","15","162964823"
"chr5","169386406","169386555","KN294372v1","1823400","1823541","26","167563006"
"chr5","169459726","169460025","KN294741v1","957024","957333","50","168502702"
"chr5","169465051","169465339","KN294479v1","328046","328334","38","169137005"
"chr5","169619981","169620276","KN296096v1","3183138","3183434","35","166436843"
"chr5","169660891","169661200","KN295607v1","4479027","4479333","33","165181864"
"chr5","169722496","169722685","KN296921v1","495231","495409","27","169227265"
"chr5","169760898","169761204","KN294717v1","373979","374286","35","169386919"
"chr5","169780501","169780585","KN295004v1","76648","76734","14","169703853"
"chr5","169807227","169807531","KN297046v1","2791168","2791468","34","167016059"
"chr5","169810954","169811263","KN294387v1","2599087","2599393","34","167211867"
"chr5","169821022","169821304","KN294251v1","3629060","3629346","35","166191962"
"chr5","169831541","169831818","KN294187v1","382066","382351","48","169449475"
"chr5","169871335","169871628","KN297008v1","1975388","1975682","33","167895947"
"chr5","169887392","169887695","KN295034v1","63947","64249","36","169823445"
"chr5","169909032","169909341","KN295045v1","441758","442064","55","169467274"
"chr5","169925034","169925325","KN297066v1","594449","594745","50","169330585"
"chr5","170105009","170105297","KN294161v1","265801","266094","38","169839208"
"chr5","170124529","170124836","KN295362v1","1024505","1024804","42","169100024"
"chr5","170341328","170341627","KN295832v1","1513939","1514241","33","168827389"
"chr5","170441823","170442117","KN296062v1","2106200","2106493","35","168335623"
"chr5","170582678","170582964","KN294513v1","150959","151244","34","170431719"
"chr5","170763184","170763481","KN294662v1","79885","80185","31","170683299"
"chr5","170773287","170773579","KN295832v1","1053305","1053602","32","169719982"
"chr5","171102048","171102355","KN296761v1","115107","115401","57","170986941"
"chr5","171166895","171167187","KN297165v1","1143723","1144010","37","170023172"
"chr5","171187045","171187361","KN295832v1","643653","643946","48","170543392"
"chr5","171251771","171252088","KN295832v1","579966","580279","28","170671805"
"chr5","171424161","171424307","KN295832v1","406436","406582","14","171017725"
"chr5","171723449","171723749","KN296062v1","1796687","1796987","24","169926762"
"chr5","171800316","171800625","KN295571v1","618918","619228","44","171181398"
"chr5","171808805","171809099","KN296849v1","960110","960399","33","170848695"
"chr5","171811837","171812112","KN295832v1","26533","26808","20","171785304"
"chr5","171816939","171817248","KN295983v1","1664954","1665256","43","170151985"
"chr5","171838710","171839011","KN296508v1","1623542","1623841","35","170215168"
"chr5","171983474","171983781","KN294365v1","795012","795312","38","171188462"
"chr5","172054853","172055157","KN296900v1","121631","121934","38","171933222"
"chr5","172060732","172061020","KN296732v1","3410986","3411273","34","168649746"
"chr5","172099784","172099927","KN297095v1","245242","245385","16","171854542"
"chr5","172166607","172166906","KN297095v1","312565","312868","42","171854042"
"chr5","172234592","172234897","KN297095v1","377164","377468","24","171857428"
"chr5","172255041","172255342","KN297095v1","400585","400897","28","171854456"
"chr5","172276780","172277068","KN294251v1","4142052","4142349","42","168134728"
"chr5","172299402","172299714","KN297095v1","444377","444686","41","171855025"
"chr5","172337746","172338035","KN297095v1","481875","482168","36","171855871"
"chr5","172353595","172353897","KN296495v1","2056834","2057132","31","170296761"
"chr5","172357338","172357641","KN296635v1","5170868","5171167","36","167186470"
"chr5","172372401","172372696","KN295459v1","1614660","1614952","39","170757741"
"chr5","172382789","172383099","KN294949v1","391656","391966","38","171991133"
"chr5","172400040","172400332","KN294416v1","716060","716346","42","171683980"
"chr5","172411119","172411386","KN297095v1","552693","552967","43","171858426"
"chr5","172498801","172499076","KN295054v1","338368","338644","36","172160433"
"chr5","172531801","172532095","KN297095v1","680954","681235","39","171850847"
"chr5","172743266","172743578","KN295114v1","20941","21251","35","172722325"
"chr5","172807277","172807573","KN295744v1","354112","354413","37","172453165"
"chr5","172812345","172812633","KN294205v1","612591","612886","40","172199754"
"chr5","172813013","172813322","KN297133v1","419676","419981","37","172393337"
"chr5","172984494","172984774","KN296004v1","554934","555218","41","172429560"
"chr5","172991942","172992257","KN295601v1","761243","761570","54","172230699"
"chr5","173020991","173021274","KN297343v1","1703991","1704269","34","171317000"
"chr5","173026381","173026686","KN295294v1","3132769","3133075","35","169893612"
"chr5","173045877","173045992","KN295692v1","1540093","1540208","32","171505784"
"chr5","173053153","173053464","KN295923v1","1231839","1232151","46","171821314"
"chr5","173089051","173089361","KN297317v1","20735","21043","31","173068316"
"chr5","173094485","173094805","KN294407v1","2595440","2595750","42","170499045"
"chr5","173098298","173098590","KN297095v1","1223704","1223988","37","171874594"
"chr5","173145053","173145353","KN297095v1","1274708","1275006","25","171870345"
"chr5","173190003","173190308","KN295814v1","205399","205697","44","172984604"
"chr5","173224591","173224884","KN297095v1","1368445","1368738","38","171856146"
"chr5","173246216","173246268","KN295692v1","1543893","1543944","6","171702323"
"chr5","173248910","173248957","KN294768v1","14545","14589","6","173234365"
"chr5","173261435","173261737","KN294387v1","2599087","2599393","41","170662348"
"chr5","173263857","173264131","KN297095v1","1406497","1406772","23","171857360"
"chr5","173289293","173289589","KN297095v1","1433329","1433624","32","171855964"
"chr5","173299485","173299739","KN294717v1","99149","99406","42","173200336"
"chr5","173309766","173310070","KN296062v1","531528","531834","40","172778238"
"chr5","173317586","173317877","KN296378v1","582587","582885","42","172734999"
"chr5","173323358","173323668","KN295871v1","122189","122499","42","173201169"
"chr5","173324517","173324813","KN294205v1","612591","612886","33","172711926"
"chr5","173328416","173328735","KN297095v1","1471932","1472247","24","171856484"
"chr5","173336353","173336656","KN294837v1","303054","303351","45","173033299"
"chr5","173337293","173337594","KN294790v1","2757948","2758248","38","170579345"
"chr5","173339319","173339645","KN297095v1","1483591","1483918","32","171855728"
"chr5","173349988","173350289","KN297095v1","1495648","1495953","34","171854340"
"chr5","173351200","173351507","KN295413v1","22638","22943","43","173328562"
"chr5","173368501","173368553","KN295352v1","703885","703938","7","172664616"
"chr5","173369966","173370269","KN296732v1","2013890","2014190","32","171356076"
"chr5","173388655","173388941","KN296426v1","182028","182319","37","173206627"
"chr5","173416718","173417014","KN297095v1","1562004","1562309","30","171854714"
"chr5","173428551","173428833","KN297095v1","1570174","1570460","25","171858377"
"chr5","173429111","173429415","KN297019v1","1233639","1233939","40","172195472"
"chr5","173436327","173436623","KN295459v1","1614660","1614952","34","171821667"
"chr5","173441981","173442273","KN297095v1","1583694","1583990","29","171858287"
"chr5","173452635","173452915","KN296062v1","2106200","2106493","43","171346435"
"chr5","173578732","173579040","KN297095v1","1721548","1721855","22","171857184"
"chr5","173645734","173646044","KN295171v1","209667","209966","45","173436067"
"chr5","173709348","173709643","KN297095v1","1850318","1850617","31","171859030"
"chr5","173726277","173726578","KN297095v1","1867716","1868017","28","171858561"
"chr5","173791400","173791701","KN296040v1","733119","733420","36","173058281"
"chr5","173839445","173839732","KN295995v1","1426233","1426527","38","172413212"
"chr5","173857899","173858200","KN297176v1","81468","81771","31","173776431"
"chr5","173870700","173870893","KN295458v1","87188","87371","37","173783512"
"chr5","173890616","173890924","KN297095v1","2037889","2038195","27","171852727"
"chr5","173905873","173905943","KN295967v1","669708","669780","13","173236165"
"chr5","173906447","173906575","KN296635v1","2077247","2077383","22","171829200"
"chr5","173918002","173918291","KN297219v1","858424","858713","36","173059578"
"chr5","173922142","173922440","KN297095v1","2070451","2070745","34","171851691"
"chr5","173940579","173940890","KN297095v1","2087459","2087755","28","171853120"
"chr5","173976302","173976605","KN296588v1","1228829","1229131","36","172747473"
"chr5","174009195","174009515","KN294365v1","1401774","1402095","46","172607421"
"chr5","174027339","174027614","KN295523v1","3618519","3618784","29","170408820"
"chr5","174047398","174047703","KN297323v1","176102","176406","32","173871296"
"chr5","174067887","174068190","KN297095v1","2210668","2210967","31","171857219"
"chr5","174075032","174075332","KN296037v1","51039","51340","37","174023993"
"chr5","174084768","174085085","KN294717v1","373979","374286","44","173710789"
"chr5","174091994","174092300","KN294407v1","249623","249924","31","173842371"
"chr5","174117384","174117679","KN296759v1","638542","638840","36","173478842"
"chr5","174117848","174118155","KN296635v1","5170868","5171167","33","168946980"
"chr5","174139387","174139681","KN295459v1","1614660","1614952","33","172524727"
"chr5","174149924","174150224","KN297095v1","2294991","2295288","28","171854933"
"chr5","174205897","174206117","KN294172v1","4354418","4354646","39","169851479"
"chr5","174207963","174208269","KN296357v1","706115","706421","39","173501848"
"chr5","174211302","174211608","KN296357v1","706115","706421","35","173505187"
"chr5","174280128","174280436","KN295667v1","1687893","1688204","33","172592235"
"chr5","174296120","174296377","KN295430v1","1606937","1607192","40","172689183"
"chr5","174346647","174346955","KN297452v1","2293568","2293874","34","172053079"
"chr5","174505468","174505775","KN296381v1","91265","91569","42","174414203"
"chr5","174586860","174587159","KN295171v1","869545","869845","35","173717315"
"chr5","174599744","174600053","KN296486v1","1321060","1321367","34","173278684"
"chr5","174724748","174725053","KN297095v1","2851020","2851332","30","171873728"
"chr5","174776057","174776366","KN296934v1","897698","898003","36","173878359"
"chr5","174952845","174953143","KN297095v1","3079660","3079948","38","171873185"
"chr5","174965472","174965768","KN295350v1","405055","405352","43","174560417"
"chr5","175271826","175272118","KN296864v1","722959","723256","36","174548867"
"chr5","175296118","175296431","KN296430v1","223058","223364","43","175073060"
"chr5","175414857","175415158","KN294578v1","593416","593711","39","174821441"
"chr5","175432349","175432639","KN295965v1","94015","94311","36","175338334"
"chr5","175434332","175434642","KN295936v1","1040084","1040396","40","174394248"
"chr5","175455297","175455561","KN295090v1","278737","279003","45","175176560"
"chr5","175500984","175501286","KN296119v1","4667943","4668244","44","170833041"
"chr5","175574384","175574683","KN295352v1","487966","488265","29","175086418"
"chr5","175651617","175651908","KN294378v1","860932","861225","33","174790685"
"chr5","175660898","175661199","KN294591v1","102703","103003","37","175558195"
"chr5","175727794","175728097","KN294662v1","79885","80185","40","175647909"
"chr5","175766501","175766801","KN297095v1","3897436","3897733","30","171869065"
"chr5","175770692","175770996","KN297133v1","419676","419981","34","175351016"
"chr5","175772557","175772849","KN297112v1","2008532","2008818","42","173764025"
"chr5","175835319","175835620","KN294662v1","79885","80185","33","175755434"
"chr5","175846210","175846500","KN297095v1","3973836","3974132","27","171872374"
"chr5","175848854","175849153","KN296153v1","3677943","3678242","29","172170911"
"chr5","175885628","175885938","KN294734v1","46378","46689","36","175839250"
"chr5","175906763","175907076","KN296403v1","558918","559229","46","175347845"
"chr5","175922210","175922531","KN294251v1","1463399","1463691","76","174458811"
"chr5","175987316","175987618","KN295038v1","1036574","1036872","48","174950742"
"chr5","175997110","175997416","KN295533v1","1552722","1553025","38","174444388"
"chr5","176569745","176570050","KN295533v1","1552722","1553025","37","175017023"
"chr5","176572010","176572313","KN294172v1","4761492","4761794","33","171810518"
"chr5","176575810","176576111","KN296726v1","490030","490331","33","176085780"
"chr5","176577343","176577627","KN294416v1","716060","716346","42","175861283"
"chr5","176579808","176580092","KN294539v1","2245383","2245665","42","174334425"
"chr5","176676477","176676788","KN296495v1","725775","726081","37","175950702"
"chr5","176683134","176683439","KN296357v1","706115","706421","40","175977019"
"chr5","176689168","176689469","KN294407v1","816490","816790","34","175872678"
"chr5","176692199","176692484","KN297279v1","452559","452847","37","176239640"
"chr5","176714467","176714771","KN295572v1","419230","419536","38","176295237"
"chr5","176724879","176725181","KN297127v1","131395","131695","33","176593484"
"chr5","176748220","176748544","KN294705v1","1582720","1583032","51","175165500"
"chr5","176907506","176907813","KN296849v1","575797","576109","39","176331709"
"chr5","177037788","177038088","KN295294v1","334706","334991","47","176703082"
"chr5","177067065","177067374","KN296657v1","64807","65116","42","177002258"
"chr5","177075231","177075565","KN296538v1","1631111","1631438","53","175444120"
"chr5","177085203","177085493","KN297165v1","1143723","1144010","35","175941480"
"chr5","177219211","177219516","KN294705v1","1891916","1892221","36","175327295"
"chr5","177292660","177292958","KN294181v1","810707","811001","44","176481953"
"chr5","177309701","177310008","KN295294v1","842343","842650","32","176467358"
"chr5","177376752","177377066","KN296528v1","1579307","1579621","47","175797445"
"chr5","177468724","177469030","KN296732v1","2801039","2801345","32","174667685"
"chr5","177469883","177470187","KN296859v1","1719114","1719417","44","175750769"
"chr5","177485905","177486200","KN297083v1","720792","721088","38","176765113"
"chr5","177495260","177495444","KN295274v1","16651","16841","29","177478609"
"chr5","177509400","177509701","KN297112v1","3867935","3868239","38","173641465"
"chr5","177522284","177522586","KN296528v1","1436873","1437172","41","176085411"
"chr5","177530879","177531189","KN294717v1","373979","374286","44","177156900"
"chr5","177533381","177533679","KN295893v1","7234118","7234415","44","170299263"
"chr5","177536881","177537192","KN295667v1","1687893","1688204","25","175848988"
"chr5","177571920","177572214","KN297000v1","300195","300489","38","177271725"
"chr5","177593422","177593721","KN294387v1","2241982","2242277","33","175351440"
"chr5","177652188","177652501","KN295983v1","1536250","1536551","41","176115938"
"chr5","177689972","177690283","KN294711v1","903939","904247","32","176786033"
"chr5","177704199","177704521","KN296759v1","1006825","1007155","52","176697374"
"chr5","177732370","177732665","KN295474v1","973205","973501","35","176759165"
"chr5","177912450","177912576","KN296702v1","607814","607951","25","177304636"
"chr5","177981527","177981824","KN294513v1","735571","735866","41","177245956"
"chr5","177992468","177992760","KN296732v1","2013890","2014190","41","175978578"
"chr5","178006916","178007207","KN295907v1","1253096","1253393","37","176753820"
"chr5","178033577","178033878","KN296311v1","1037581","1037880","43","176995996"
"chr5","178051269","178051573","KN297046v1","2562618","2562921","36","175488651"
"chr5","178079735","178080035","KN294208v1","853291","853593","43","177226444"
"chr5","178082328","178082608","KN296108v1","63524","63807","26","178018804"
"chr5","178097935","178098042","KN295294v1","2669397","2669499","17","175428538"
"chr5","178099435","178099728","KN296849v1","262325","262616","42","177837110"
"chr5","178102648","178102824","KN296119v1","3625254","3625431","25","174477394"
"chr5","178116447","178116759","KN295633v1","264317","264628","51","177852130"
"chr5","178117517","178117794","KN295294v1","334706","334991","41","177782811"
"chr5","178124710","178124987","KN295996v1","20361","20642","51","178104349"
"chr5","178128333","178128630","KN295501v1","1005257","1005557","38","177123076"
"chr5","178143506","178143805","KN296004v1","29555","29853","42","178113951"
"chr5","178177460","178177758","KN296580v1","3502","3804","33","178173958"
"chr5","178187287","178187578","KN297442v1","2409890","2410182","36","175777397"
"chr5","178193982","178194289","KN296357v1","706115","706421","39","177487867"
"chr5","178196418","178196720","KN296311v1","5092316","5092620","42","173104102"
"chr5","178206412","178206706","KN294260v1","559861","560163","40","177646551"
"chr5","178207583","178207849","KN297219v1","2564555","2564824","36","175643028"
"chr5","178217091","178217401","KN294501v1","353047","353356","33","177864044"
"chr5","178217632","178217929","KN295965v1","94015","94311","38","178123617"
"chr5","178247688","178247987","KN294747v1","778077","778373","36","177469611"
"chr5","178249861","178249977","KN296117v1","86443","86544","27","178163418"
"chr5","178258101","178258393","KN294407v1","2733858","2734151","33","175524243"
"chr5","178273289","178273582","KN295533v1","1053416","1053711","49","177219873"
"chr5","178288134","178288426","KN295236v1","1764741","1765042","34","176523393"
"chr5","178331579","178331884","KN294588v1","1492426","1492725","36","176839153"
"chr5","178430053","178430361","KN296934v1","897698","898003","30","177532355"
"chr5","178441362","178441681","KN294264v1","371563","371884","45","178069799"
"chr5","178457745","178458047","KN296153v1","3677943","3678242","23","174779802"
"chr5","178460266","178460527","KN295708v1","872455","872734","48","177587811"
"chr5","178470680","178470986","KN296588v1","1228829","1229131","38","177241851"
"chr5","178494473","178494760","KN296187v1","471768","472059","31","178022705"
"chr5","178497243","178497526","KN294977v1","6770","7063","44","178490473"
"chr5","178516242","178516543","KN294662v1","79885","80185","26","178436357"
"chr5","178541299","178541588","KN294493v1","404130","404414","46","178137169"
"chr5","178651695","178651991","KN294187v1","1662891","1663186","41","176988804"
"chr5","178654590","178654899","KN296846v1","686029","686343","41","177968561"
"chr5","179082683","179082980","KN296422v1","202733","203031","35","178879950"
"chr5","179207928","179208231","KN295284v1","71843","72135","38","179136085"
"chr5","179236411","179236706","KN297230v1","1127269","1127564","34","178109142"
"chr5","179242578","179242880","KN296096v1","3183138","3183434","37","176059440"
"chr5","179298311","179298619","KN294539v1","1732551","1732858","44","177565760"
"chr5","179300301","179300610","KN295284v1","150121","150431","37","179150180"
"chr5","179301287","179301587","KN296133v1","239214","239508","38","179062073"
"chr5","179379578","179379877","KN295284v1","225096","225393","30","179154482"
"chr5","179522004","179522303","KN295284v1","365859","366160","28","179156145"
"chr5","179529058","179529355","KN296153v1","3677943","3678242","31","175851115"
"chr5","179542194","179542481","KN295284v1","385760","386044","28","179156434"
"chr5","179547528","179547815","KN294172v1","1552941","1553235","46","177994587"
"chr5","179592008","179592302","KN295284v1","437199","437506","40","179154809"
"chr5","179605331","179605612","KN294166v1","3148","3439","44","179602183"
"chr5","179664482","179664794","KN295667v1","1687893","1688204","39","177976589"
"chr5","179718045","179718344","KN295284v1","560375","560679","23","179157670"
"chr5","179718612","179718915","KN295284v1","560907","561201","30","179157705"
"chr5","179770164","179770504","KN294457v1","3704399","3704734","51","176065765"
"chr5","179804177","179804480","KN294407v1","2733858","2734151","44","177070319"
"chr5","179849714","179850000","KN294964v1","669239","669533","49","179180475"
"chr5","179881048","179881348","KN295171v1","869545","869845","36","179011503"
"chr5","179928444","179928744","KN295350v1","243779","244085","46","179684665"
"chr5","179952146","179952444","KN295057v1","379008","379299","44","179573138"
"chr5","179973663","179973948","KN297165v1","1143723","1144010","37","178829940"
"chr5","179980930","179981129","KN295439v1","56818","57010","31","179924112"
"chr5","179981736","179981787","KN297133v1","904902","904956","12","179076834"
"chr5","179982983","179983291","KN296339v1","1900121","1900432","43","178082862"
"chr5","180031015","180031299","KN294734v1","380579","380858","43","179650436"
"chr5","180060531","180060824","KN295302v1","134724","135005","41","179925807"
"chr5","180153097","180153374","KN295573v1","520941","521218","43","179632156"
"chr5","180618479","180618723","KN297197v1","1680513","1680746","41","178937966"
"chr5","180643700","180643999","KN295420v1","352009","352304","39","180291691"
"chr5","180694502","180694797","KN296747v1","35746","36041","31","180658756"
"chr5","180701450","180701756","KN294387v1","2599087","2599393","37","178102363"
"chr5","180740814","180741110","KN294218v1","1633132","1633430","37","179107682"
"chr5","180797047","180797238","KN295633v1","2374600","2374789","25","178422447"
"chr5","180811951","180812246","KN296322v1","1334297","1334592","29","179477654"
"chr5","180817527","180817829","KN296075v1","836648","836947","39","179980879"
"chr5","180822448","180822776","KN297203v1","1796332","1796648","55","179026116"
"chr5","180824493","180824796","KN296726v1","73613","73920","39","180750880"
"chr5","180827718","180828018","KN294911v1","4554973","4555270","36","176272745"
"chr5","180865052","180865337","KN297165v1","1143723","1144010","36","179721329"
"chr5","180894060","180894356","KN294728v1","863828","864110","51","180030232"
"chr5","180902470","180902770","KN294399v1","151738","152035","37","180750732"
"chr5","180973588","180973874","KN297190v1","4000420","4000702","45","176973168"
"chr5","180984330","180984636","KN296934v1","897698","898003","30","180086632"
"chr5","181002740","181003040","KN294172v1","6084365","6084668","50","174918375"
"chr5","181016139","181016376","KN296202v1","175807","176044","39","180840332"
"chr5","181078981","181079289","KN295236v1","2360987","2361301","37","178717994"
"chr5","181107345","181107642","KN296062v1","165336","165642","40","180942009"
"chr5","181118354","181118663","KN294711v1","903939","904247","35","180214415"
"chr5","181241924","181242219","KN295586v1","2269065","2269364","41","178972859"
"chr5","181255418","181255714","KN294416v1","208870","209165","34","181046548"
"chr5","181297205","181297507","KN296381v1","74782","75080","43","181222423"
"chr5","181343068","181343371","KN294588v1","1492426","1492725","34","179850642"
"chr5","181430222","181430527","KN297133v1","419676","419981","33","181010546"
"chr5","181442411","181442711","KN296635v1","2359320","2359617","42","179083091"
"chr5","181489067","181489352","KN294446v1","29567","29855","43","181459500"
"chr5","181489752","181490044","KN295039v1","323671","323967","29","181166081"
"chr5","181568303","181568591","KN296732v1","2013890","2014190","42","179554413"
"chr5","181575189","181575498","KN294365v1","795012","795312","47","180780177"
"chr5","181597814","181598054","KN294325v1","1309870","1310113","36","180287944"
"chr5","181644831","181645116","KN295940v1","167693","167976","30","181477138"
"chr5","181668502","181668802","KN297293v1","419281","419572","33","181249221"
"chr5","181670878","181671185","KN296916v1","378131","378429","39","181292747"
"chr5","181690545","181690842","KN296365v1","113780","114072","37","181576765"
"chr5","181736376","181736682","KN295697v1","189742","190043","35","181546634"
"chr5","181767828","181768116","KN297197v1","1822099","1822388","43","179945729"
"chr5","181852779","181852941","KN295059v1","106971","107135","25","181745808"
"chr5","182002234","182002346","KN295090v1","2786461","2786574","23","179215773"
"chr5","182122627","182122948","KN295022v1","403753","404065","49","181718874"
"chr5","182326304","182326583","KN295368v1","964071","964346","45","181362233"
"chr5","182368877","182369164","KN295721v1","197604","197890","42","182171273"
"chr5","182393144","182393429","KN296557v1","482490","482778","50","181910654"
"chr5","182403151","182403358","KN295080v1","142996","143200","48","182260155"
"chr5","182404329","182404629","KN294662v1","79885","80185","55","182324444"
"chr5","182409749","182410049","KN294662v1","79885","80185","51","182329864"
"chr5","182453074","182453191","KN297165v1","1033125","1033239","18","181419949"
"chr5","182516051","182516355","KN297026v1","1059088","1059400","37","181456963"
"chr5","182640577","182640881","KN296297v1","4771","5081","32","182635806"
"chr6","3932104","3932408","KN296357v1","356792","357093","30","3575312"
"chr6","7995295","7995602","KN295667v1","1687893","1688204","45","6307402"
"chr6","24903408","24903703","KN294257v1","2096502","2096799","21","22806906"
"chr6","111935223","111935520","KN295171v1","231499","231801","32","111703724"
"chr6","135528189","135528487","KN296518v1","35982","36282","40","135492207"
"chr6","136445711","136446022","KN294375v1","527003","527315","33","135918708"
"chr6","165281497","165281802","KN295572v1","419230","419536","44","164862267"
"chr6","89771","90078","KN294717v1","373979","374286","38","284208"
"chr6","91956","92176","KN296749v1","712972","713203","48","621016"
"chr6","150855","151118","KN295523v1","3618519","3618784","44","3467664"
"chr6","151688","151997","KN297186v1","32460","32765","25","119228"
"chr6","167375","167669","KN294739v1","616485","616779","34","449110"
"chr6","313327","313630","KN297186v1","191909","192208","26","121418"
"chr6","445481","445777","KN296404v1","106219","106515","39","339262"
"chr6","510508","510803","KN297186v1","378806","379101","20","131702"
"chr6","517086","517391","KN294365v1","795012","795312","32","277926"
"chr6","614526","614830","KN296406v1","268016","268320","32","346510"
"chr6","628874","629162","KN295045v1","330502","330797","44","298372"
"chr6","679025","679330","KN295045v1","441758","442064","28","237267"
"chr6","696530","696806","KN295573v1","520941","521218","39","175589"
"chr6","700387","700700","KN297186v1","561169","561471","36","139218"
"chr6","714004","714310","KN295571v1","618918","619228","39","95086"
"chr6","763838","764142","KN295308v1","2248993","2249293","34","1485155"
"chr6","861089","861401","KN295729v1","1403075","1403385","38","541986"
"chr6","1032033","1032342","KN294419v1","27819","28129","45","1004214"
"chr6","1042653","1042959","KN295480v1","1386203","1386502","34","343550"
"chr6","1294170","1294474","KN296900v1","121631","121934","43","1172539"
"chr6","1389168","1389468","KN297046v1","2791168","2791468","35","1402000"
"chr6","1427474","1427770","KN297186v1","1282685","1282983","34","144789"
"chr6","1432078","1432373","KN297186v1","1287058","1287350","29","145020"
"chr6","1473506","1473602","KN295936v1","2188534","2188633","16","715028"
"chr6","1620762","1621054","KN294911v1","3820095","3820391","31","2199333"
"chr6","1727330","1727631","KN294526v1","358849","359148","40","1368481"
"chr6","2112361","2112661","KN295257v1","1697946","1698241","26","414415"
"chr6","2132654","2132963","KN295257v1","1676751","1677068","31","455903"
"chr6","2231766","2232058","KN295257v1","1575315","1575607","25","656451"
"chr6","2332741","2333055","KN297159v1","3314158","3314468","40","981417"
"chr6","2559819","2560130","KN296158v1","936132","936444","40","1623687"
"chr6","2623495","2623770","KN295257v1","1182063","1182338","19","1441432"
"chr6","2682461","2682762","KN297019v1","1233639","1233939","36","1448822"
"chr6","2715188","2715479","KN295257v1","1087444","1087739","24","1627744"
"chr6","2992727","2992949","KN295257v1","822079","822292","30","2170648"
"chr6","2996901","2997207","KN294728v1","1530565","1530875","38","1466336"
"chr6","3062082","3062366","KN297242v1","351132","351417","37","2710950"
"chr6","3069957","3070257","KN295257v1","749195","749496","18","2320762"
"chr6","3119123","3119421","KN294399v1","151738","152035","36","2967385"
"chr6","3180191","3180493","KN295257v1","638045","638360","29","2542146"
"chr6","3183600","3183917","KN294717v1","373979","374286","40","2809621"
"chr6","3193252","3193543","KN294571v1","1012216","1012510","35","2181036"
"chr6","3196480","3196769","KN295257v1","622473","622770","39","2574007"
"chr6","3207619","3207927","KN295257v1","607245","607543","37","2600374"
"chr6","3209728","3210027","KN295257v1","604948","605238","28","2604780"
"chr6","3233641","3233954","KN295257v1","580520","580830","32","2653121"
"chr6","3277050","3277330","KN296406v1","188838","189120","37","3088212"
"chr6","3329992","3330292","KN295257v1","489238","489534","33","2840754"
"chr6","3393763","3394055","KN295995v1","1426233","1426527","25","1967530"
"chr6","3574804","3575086","KN295257v1","226236","226516","29","3348568"
"chr6","3712962","3713248","KN296749v1","503583","503870","41","3209379"
"chr6","3793073","3793380","KN296588v1","1228829","1229131","34","2564244"
"chr6","3827089","3827385","KN296732v1","2013890","2014190","32","1813199"
"chr6","3890780","3891073","KN296682v1","1906340","1906636","41","1984440"
"chr6","3891110","3891328","KN296009v1","1395210","1395426","24","2495900"
"chr6","3923081","3923378","KN295983v1","1536250","1536551","30","2386831"
"chr6","3973247","3973554","KN297153v1","1366929","1367240","44","2606318"
"chr6","4019630","4019915","KN296009v1","1250274","1250581","40","2769356"
"chr6","4092585","4092884","KN296743v1","1905429","1905726","33","2187156"
"chr6","4096130","4096427","KN296153v1","3677943","3678242","40","418187"
"chr6","4155989","4156159","KN295984v1","2661539","2661699","25","1494450"
"chr6","4181197","4181520","KN295671v1","156158","156468","46","4025039"
"chr6","4287315","4287619","KN294539v1","4347821","4348119","39","60506"
"chr6","4296437","4296758","KN295077v1","585208","585503","58","3711229"
"chr6","4330048","4330352","KN296009v1","939120","939425","19","3390928"
"chr6","4388947","4389257","KN295480v1","1447608","1447918","44","2941339"
"chr6","4480457","4480769","KN296244v1","295087","295395","35","4185370"
"chr6","4630582","4630885","KN294407v1","249623","249924","29","4380959"
"chr6","4715174","4715485","KN296009v1","552072","552386","35","4163102"
"chr6","4736455","4736754","KN295352v1","500993","501289","44","4235462"
"chr6","4748019","4748322","KN294451v1","576228","576536","34","4171791"
"chr6","4756877","4757196","KN295637v1","154827","155135","41","4602050"
"chr6","4772870","4773216","KN296496v1","447170","447491","51","4325700"
"chr6","4784061","4784370","KN296731v1","1681432","1681735","29","3102629"
"chr6","5088527","5088608","KN295004v1","76648","76734","10","5011879"
"chr6","5104008","5104315","KN295022v1","1034983","1035287","32","4069025"
"chr6","5265213","5265498","KN294739v1","890098","890382","38","4375115"
"chr6","5278683","5278984","KN294873v1","1327978","1328280","35","3950705"
"chr6","5322913","5323216","KN295533v1","1552722","1553025","38","3770191"
"chr6","5518209","5518386","KN294420v1","781452","781632","27","4736757"
"chr6","5554363","5554672","KN296761v1","357373","357685","39","5196990"
"chr6","5575831","5576125","KN296761v1","375194","375485","25","5200637"
"chr6","5592780","5592968","KN296761v1","393999","394184","24","5198781"
"chr6","5700475","5700774","KN295090v1","2057671","2057967","38","3642804"
"chr6","5858954","5859247","KN297445v1","1326382","1326677","33","4532572"
"chr6","6307187","6307493","KN296847v1","411329","411634","42","5895858"
"chr6","6352775","6353075","KN296761v1","1122922","1123222","27","5229853"
"chr6","6385200","6385514","KN296761v1","1146253","1146562","37","5238947"
"chr6","6391170","6391473","KN296761v1","1152332","1152629","32","5238838"
"chr6","6563825","6564131","KN296153v1","3677943","3678242","35","2885882"
"chr6","6587983","6588271","KN294960v1","11246","11530","30","6576737"
"chr6","6765644","6765938","KN296009v1","1460508","1460809","40","5305136"
"chr6","6804419","6804718","KN294991v1","1565008","1565302","40","5239411"
"chr6","6805172","6805480","KN296865v1","1033695","1034008","42","5771477"
"chr6","6816075","6816377","KN294470v1","2793388","2793686","37","4022687"
"chr6","6903483","6903798","KN296404v1","1938458","1938769","42","4965025"
"chr6","7060617","7060917","KN296635v1","2198541","2198839","36","4862076"
"chr6","7072652","7072952","KN296859v1","895216","895514","41","6177436"
"chr6","7082668","7082979","KN296934v1","897698","898003","41","6184970"
"chr6","7121729","7122044","KN295059v1","336835","337145","43","6784894"
"chr6","7126566","7126876","KN294387v1","2599087","2599393","37","4527479"
"chr6","7170825","7171118","KN296153v1","3677943","3678242","44","3492882"
"chr6","7185568","7185869","KN296311v1","3721408","3721707","32","3464160"
"chr6","7256252","7256537","KN296761v1","632415","632690","39","6623837"
"chr6","7300671","7300972","KN297133v1","419676","419981","34","6880995"
"chr6","7311475","7311772","KN296743v1","1480127","1480425","35","5831348"
"chr6","7317811","7318106","KN295708v1","1590349","1590643","35","5727462"
"chr6","7406441","7406751","KN295667v1","1687893","1688204","43","5718548"
"chr6","7415820","7416120","KN294365v1","795012","795312","30","6620808"
"chr6","7483700","7483995","KN296311v1","1163187","1163461","68","6320513"
"chr6","7495510","7495787","KN295923v1","2321767","2322047","36","5173743"
"chr6","7499573","7499891","KN295983v1","1888452","1888765","45","5611121"
"chr6","7506454","7506741","KN296311v1","4418473","4418760","27","3087981"
"chr6","7509220","7509505","KN294224v1","1103051","1103340","39","6406169"
"chr6","7529615","7529911","KN294536v1","1607732","1608024","40","5921883"
"chr6","7531207","7531496","KN295308v1","2248993","2249293","41","5282214"
"chr6","7560037","7560332","KN295721v1","197604","197890","40","7362433"
"chr6","7570978","7571270","KN294536v1","1607732","1608024","30","5963246"
"chr6","7579353","7579664","KN297153v1","908628","908929","47","6670725"
"chr6","7583610","7583935","KN294147v1","1862582","1862887","57","5721028"
"chr6","7667108","7667417","KN295692v1","998365","998674","37","6668743"
"chr6","7685585","7685900","KN295667v1","1687893","1688204","42","5997692"
"chr6","7701951","7702248","KN294410v1","88939","89229","49","7613012"
"chr6","7735287","7735586","KN294456v1","96834","97129","31","7638453"
"chr6","7743694","7743980","KN294264v1","261999","262293","42","7481695"
"chr6","7751993","7752294","KN294539v1","761382","761684","38","6990611"
"chr6","7765382","7765713","KN296759v1","1006825","1007155","48","6758557"
"chr6","7778708","7779002","KN294825v1","98541","98834","36","7680167"
"chr6","7805914","7806068","KN295209v1","476112","476269","26","7329802"
"chr6","7840686","7840990","KN294181v1","1399214","1399517","37","6441472"
"chr6","7882333","7882624","KN294444v1","57733","58029","37","7824600"
"chr6","7885756","7886059","KN295117v1","285369","285672","38","7600387"
"chr6","7926565","7926870","KN296731v1","1681432","1681735","39","6245133"
"chr6","8049124","8049433","KN295667v1","1091339","1091651","35","6957785"
"chr6","8066710","8066924","KN296406v1","435308","435525","30","7631402"
"chr6","8077511","8077818","KN296154v1","1901209","1901519","37","6176302"
"chr6","8107443","8107753","KN295059v1","336835","337145","38","7770608"
"chr6","8115862","8116169","KN294717v1","238364","238666","35","7877498"
"chr6","8146423","8146704","KN294536v1","1531026","1531308","38","6615397"
"chr6","8177077","8177378","KN294668v1","2004094","2004404","40","6172983"
"chr6","8195842","8196149","KN295174v1","61957","62264","38","8133885"
"chr6","8205464","8205784","KN296726v1","448157","448467","47","7757307"
"chr6","8233584","8233887","KN296153v1","3677943","3678242","33","4555641"
"chr6","8286512","8286815","KN294407v1","93660","93961","36","8192852"
"chr6","8324720","8325028","KN294407v1","1807301","1807607","34","6517419"
"chr6","8377864","8378165","KN295995v1","1760459","1760763","46","6617405"
"chr6","8543335","8543632","KN296834v1","363950","364248","41","8179385"
"chr6","8708160","8708423","KN294991v1","1062715","1062984","46","7645445"
"chr6","8747688","8747974","KN296079v1","1267803","1268082","46","7479885"
"chr6","8795229","8795454","KN294992v1","218793","219017","35","8576436"
"chr6","8854029","8854330","KN295315v1","360280","360581","28","8493749"
"chr6","8918500","8918792","KN294995v1","61376","61672","35","8857124"
"chr6","8948128","8948415","KN297314v1","117021","117312","44","8831107"
"chr6","9019925","9020230","KN294387v1","2599087","2599393","39","6420838"
"chr6","9024621","9024920","KN296357v1","356792","357093","38","8667829"
"chr6","9050134","9050416","KN296495v1","2252575","2252859","32","6797559"
"chr6","9072686","9072978","KN295433v1","1590173","1590466","31","7482513"
"chr6","9073580","9073876","KN294407v1","2733858","2734151","37","6339722"
"chr6","9183353","9183652","KN295907v1","1253096","1253393","47","7930257"
"chr6","9259150","9259461","KN296538v1","1401368","1401681","41","7857782"
"chr6","9412183","9412491","KN296495v1","269275","269576","40","9142908"
"chr6","9461412","9461697","KN296205v1","605596","605883","45","8855816"
"chr6","9506200","9506344","KN296407v1","2870","3012","26","9503330"
"chr6","9552479","9552785","KN297445v1","480626","480937","36","9071853"
"chr6","9633906","9634213","KN294499v1","1948987","1949299","34","7684919"
"chr6","9635762","9636053","KN294739v1","616485","616779","44","9019277"
"chr6","9690319","9690617","KN295983v1","1536250","1536551","32","8154069"
"chr6","9692074","9692385","KN295667v1","1687893","1688204","37","8004181"
"chr6","9694797","9695107","KN297445v1","608156","608461","35","9086641"
"chr6","9740600","9740893","KN294407v1","2733858","2734151","31","7006742"
"chr6","9829395","9829707","KN294717v1","373979","374286","31","9455416"
"chr6","9897281","9897583","KN294662v1","79885","80185","33","9817396"
"chr6","10119749","10120048","KN295326v1","174150","174455","35","9945599"
"chr6","10160882","10161144","KN296609v1","1427834","1428110","53","8733048"
"chr6","10173234","10173499","KN297445v1","1065753","1066018","17","9107481"
"chr6","10176251","10176539","KN297445v1","1071685","1071957","35","9104566"
"chr6","10322832","10323135","KN296934v1","897698","898003","39","9425134"
"chr6","10387913","10388208","KN297046v1","2791168","2791468","43","7596745"
"chr6","10399523","10399752","KN297445v1","1305260","1305486","22","9094263"
"chr6","10408563","10408867","KN295995v1","1657698","1657999","33","8750865"
"chr6","10413863","10414167","KN295936v1","1291710","1292021","47","9122153"
"chr6","10435098","10435402","KN297445v1","1338971","1339282","33","9096127"
"chr6","10456609","10456899","KN294167v1","406704","406998","38","10049905"
"chr6","10518709","10519013","KN297133v1","419676","419981","33","10099033"
"chr6","10528597","10528895","KN294630v1","494261","494558","35","10034336"
"chr6","10531865","10531965","KN295041v1","49283","49384","16","10482582"
"chr6","10577356","10577663","KN296365v1","615367","615677","34","9961989"
"chr6","10595046","10595352","KN294387v1","2599087","2599393","32","7995959"
"chr6","10605506","10605810","KN296153v1","3677943","3678242","47","6927563"
"chr6","10609514","10609827","KN295350v1","243779","244085","36","10365735"
"chr6","10625820","10626133","KN295983v1","1888452","1888765","34","8737368"
"chr6","10655554","10655847","KN297445v1","1580952","1581248","33","9074602"
"chr6","10661713","10662023","KN297445v1","1586476","1586787","30","9075237"
"chr6","10709038","10709330","KN295319v1","147659","147950","33","10561379"
"chr6","10733112","10733410","KN297445v1","1670040","1670353","40","9063072"
"chr6","10735017","10735320","KN297445v1","1672256","1672549","26","9062761"
"chr6","10751325","10751633","KN296731v1","1391823","1392130","36","9359502"
"chr6","10799253","10799561","KN294262v1","2954079","2954389","42","7845174"
"chr6","10801602","10801907","KN297019v1","1233639","1233939","29","9567963"
"chr6","10848128","10848425","KN294662v1","79885","80185","33","10768243"
"chr6","10854028","10854329","KN295983v1","1536250","1536551","34","9317778"
"chr6","10854656","10854962","KN294387v1","2599087","2599393","36","8255569"
"chr6","10868881","10869192","KN296934v1","897698","898003","34","9971183"
"chr6","10875132","10875436","KN296528v1","1436873","1437172","32","9438259"
"chr6","10883565","10883856","KN296292v1","15901","16194","39","10867664"
"chr6","10892736","10893023","KN296145v1","1500265","1500556","32","9392471"
"chr6","10896158","10896458","KN294790v1","1007547","1007843","32","9888611"
"chr6","10901137","10901425","KN294493v1","1430297","1430587","46","9470840"
"chr6","10932314","10932619","KN297046v1","1203002","1203306","42","9729312"
"chr6","10958657","10958957","KN294662v1","79885","80185","40","10878772"
"chr6","10977915","10978217","KN295705v1","1369810","1370111","38","9608105"
"chr6","10986519","10986810","KN295350v1","493114","493401","39","10493405"
"chr6","10994163","10994456","KN296062v1","2106200","2106493","30","8887963"
"chr6","11016548","11016791","KN295433v1","566711","566958","39","10449837"
"chr6","11048399","11048696","KN295236v1","5210800","5211097","34","5837599"
"chr6","11140565","11140870","KN296588v1","1228829","1229131","33","9911736"
"chr6","11149234","11149540","KN295919v1","100991","101296","36","11048243"
"chr6","11171520","11171820","KN294710v1","66145","66442","37","11105375"
"chr6","11181121","11181429","KN296404v1","106219","106515","45","11074902"
"chr6","11183159","11183467","KN294526v1","358849","359148","49","10824310"
"chr6","11236752","11237070","KN296040v1","722171","722469","60","10514581"
"chr6","11242985","11243322","KN295090v1","56212","56525","56","11186773"
"chr6","11291042","11291342","KN297046v1","2791168","2791468","43","8499874"
"chr6","11482131","11482435","KN296934v1","602412","602712","37","10879719"
"chr6","11494327","11494623","KN295090v1","1657716","1658013","34","9836611"
"chr6","11539309","11539578","KN294303v1","339301","339581","44","11200008"
"chr6","11559816","11560125","KN296726v1","73613","73920","42","11486203"
"chr6","11572743","11573050","KN294181v1","858043","858340","39","10714700"
"chr6","11678848","11679146","KN295995v1","1426233","1426527","28","10252615"
"chr6","11708984","11709278","KN295236v1","6185112","6185410","36","5523872"
"chr6","11717488","11717706","KN295075v1","636904","637122","34","11080584"
"chr6","11736346","11736639","KN294747v1","226541","226835","31","11509805"
"chr6","11797617","11797918","KN295236v1","4576569","4576870","31","7221048"
"chr6","12056486","12056777","KN295090v1","1165047","1165331","44","10891439"
"chr6","12120645","12120951","KN294366v1","260000","260306","42","11860645"
"chr6","12365660","12365958","KN294407v1","93660","93961","40","12272000"
"chr6","12375518","12375824","KN294161v1","951947","952251","51","11423571"
"chr6","12422686","12422932","KN295610v1","706599","706842","35","11716087"
"chr6","12466474","12466784","KN295633v1","264317","264628","42","12202157"
"chr6","12481006","12481273","KN296311v1","865932","866199","41","11615074"
"chr6","12515949","12516226","KN294172v1","6258303","6258586","39","6257646"
"chr6","12555536","12555858","KN294365v1","1401774","1402095","47","11153762"
"chr6","12566979","12567280","KN294588v1","1492426","1492725","32","11074553"
"chr6","12597091","12597361","KN297264v1","12615","12885","39","12584476"
"chr6","12672918","12673215","KN296859v1","1719114","1719417","40","10953804"
"chr6","12836291","12836599","KN294558v1","212848","213156","43","12623443"
"chr6","12856393","12856691","KN296747v1","35746","36041","36","12820647"
"chr6","12870109","12870401","KN294592v1","186713","186998","44","12683396"
"chr6","12991650","12991953","KN295984v1","2017502","2017807","30","10974148"
"chr6","13033436","13033549","KN297165v1","1033125","1033239","17","12000311"
"chr6","13081942","13082241","KN295171v1","869545","869845","35","12212397"
"chr6","13104140","13104433","KN297112v1","1060003","1060301","38","12044137"
"chr6","13142652","13142928","KN297068v1","330442","330716","40","12812210"
"chr6","13184287","13184555","KN294976v1","468263","468541","44","12716024"
"chr6","13185247","13185511","KN295936v1","30401","30674","40","13154846"
"chr6","13272353","13272649","KN294758v1","2189671","2189970","35","11082682"
"chr6","13301266","13301549","KN297264v1","12615","12885","43","13288651"
"chr6","13303053","13303344","KN296311v1","3721408","3721707","38","9581645"
"chr6","13347621","13347900","KN294372v1","606499","606776","38","12741122"
"chr6","13380937","13381220","KN295977v1","1192511","1192793","40","12188426"
"chr6","13390143","13390442","KN296153v1","3677943","3678242","33","9712200"
"chr6","13427718","13428009","KN295449v1","720465","720757","32","12707253"
"chr6","13430306","13430615","KN294262v1","2954079","2954389","39","10476227"
"chr6","13445171","13445471","KN294591v1","102703","103003","40","13342468"
"chr6","13529412","13529709","KN296153v1","3677943","3678242","30","9851469"
"chr6","13536465","13536769","KN295633v1","1564358","1564658","41","11972107"
"chr6","13539810","13540110","KN296040v1","548461","548761","28","12991349"
"chr6","13573737","13574037","KN297376v1","17144","17442","36","13556593"
"chr6","13598514","13598800","KN295090v1","1165047","1165331","34","12433467"
"chr6","13620649","13620969","KN297112v1","2478648","2478956","40","11142001"
"chr6","13628009","13628306","KN296743v1","1480127","1480425","34","12147882"
"chr6","13631758","13632038","KN295667v1","113157","113445","41","13518601"
"chr6","13681992","13682300","KN297133v1","279852","280158","40","13402140"
"chr6","13687861","13688138","KN295302v1","337150","337432","38","13350711"
"chr6","13783718","13783986","KN296311v1","865932","866199","46","12917786"
"chr6","13823952","13824240","KN296665v1","226533","226824","41","13597419"
"chr6","13834347","13834648","KN295633v1","141651","141946","37","13692696"
"chr6","13845457","13845747","KN294705v1","398097","398361","60","13447360"
"chr6","13865599","13865881","KN296108v1","63524","63807","30","13802075"
"chr6","13874385","13874690","KN294172v1","4761492","4761794","34","9112893"
"chr6","13880374","13880685","KN294848v1","1020772","1021081","35","12859602"
"chr6","13886715","13887017","KN296244v1","86518","86815","35","13800197"
"chr6","13900102","13900404","KN295328v1","349896","350193","36","13550206"
"chr6","13901826","13902128","KN297133v1","419676","419981","31","13482150"
"chr6","13952282","13952593","KN294578v1","615670","615980","33","13336612"
"chr6","14022680","14022943","KN297008v1","2640522","2640786","37","11382158"
"chr6","14098414","14098713","KN295995v1","1426233","1426527","35","12672181"
"chr6","14120017","14120319","KN295983v1","1536250","1536551","34","12583767"
"chr6","14155418","14155728","KN295869v1","284557","284865","45","13870861"
"chr6","14232524","14232844","KN295667v1","1687893","1688204","44","12544631"
"chr6","14339881","14340169","KN295601v1","3279911","3280206","40","11059970"
"chr6","14358679","14358980","KN296158v1","1672506","1672810","42","12686173"
"chr6","14397961","14398242","KN296505v1","349884","350174","45","14048077"
"chr6","14422505","14422809","KN296738v1","24897","25205","40","14397608"
"chr6","14816180","14816485","KN296900v1","121631","121934","39","14694549"
"chr6","14827947","14828252","KN297008v1","4937548","4937854","46","9890399"
"chr6","14833372","14833684","KN294501v1","353047","353356","37","14480325"
"chr6","14892633","14892923","KN296518v1","74795","75082","45","14817838"
"chr6","14960205","14960510","KN296934v1","897698","898003","39","14062507"
"chr6","14969500","14969812","KN295605v1","712558","712868","34","14256942"
"chr6","14981651","14981884","KN295236v1","5654727","5654960","47","9326924"
"chr6","15003735","15004026","KN296063v1","1064190","1064488","41","13939545"
"chr6","15008467","15008763","KN294513v1","735571","735866","39","14272896"
"chr6","15030099","15030400","KN297133v1","419676","419981","40","14610423"
"chr6","15039526","15039833","KN294385v1","828095","828406","35","14211431"
"chr6","15049565","15049866","KN294662v1","79885","80185","39","14969680"
"chr6","15060107","15060407","KN295328v1","349896","350193","32","14710211"
"chr6","15063183","15063479","KN295995v1","1426233","1426527","36","13636950"
"chr6","15074947","15075246","KN296747v1","35746","36041","31","15039201"
"chr6","15090295","15090589","KN294407v1","2733858","2734151","39","12356437"
"chr6","15107114","15107413","KN297046v1","2656093","2656395","37","12451021"
"chr6","15116296","15116601","KN296308v1","972132","972436","35","14144164"
"chr6","15125736","15126022","KN294458v1","1437341","1437626","48","13688395"
"chr6","15152476","15152775","KN294662v1","79885","80185","33","15072591"
"chr6","15155508","15155802","KN295995v1","1426233","1426527","36","13729275"
"chr6","15162824","15163122","KN296495v1","178283","178580","36","14984541"
"chr6","15165708","15165998","KN297095v1","1570174","1570460","47","13595534"
"chr6","15169755","15170024","KN297008v1","2640522","2640786","39","12529233"
"chr6","15171107","15171420","KN295413v1","22638","22943","47","15148469"
"chr6","15190044","15190359","KN295315v1","250826","251139","44","14939218"
"chr6","15198244","15198400","KN296536v1","581047","581206","18","14617197"
"chr6","15199755","15200058","KN295983v1","1536250","1536551","37","13663505"
"chr6","15208487","15208772","KN294470v1","478827","479113","34","14729660"
"chr6","15209877","15210169","KN294536v1","986789","987083","34","14223088"
"chr6","15210587","15210880","KN296538v1","29046","29327","47","15181541"
"chr6","15216985","15217287","KN295446v1","49728","50028","36","15167257"
"chr6","15242362","15242662","KN296378v1","582587","582885","44","14659775"
"chr6","15244997","15245307","KN296244v1","295087","295395","31","14949910"
"chr6","15277678","15277967","KN294407v1","2733858","2734151","33","12543820"
"chr6","15281367","15281660","KN296404v1","106219","106515","35","15175148"
"chr6","15287186","15287498","KN296035v1","338193","338502","36","14948993"
"chr6","15296793","15297105","KN296934v1","897698","898003","41","14399095"
"chr6","15319158","15319437","KN294630v1","202839","203122","36","15116319"
"chr6","15325904","15326207","KN296157v1","1416966","1417267","27","13908938"
"chr6","15328034","15328320","KN294739v1","616485","616779","46","14711549"
"chr6","15348203","15348482","KN297112v1","2008532","2008818","39","13339671"
"chr6","15355818","15356002","KN297083v1","600864","601045","38","14754954"
"chr6","15356190","15356472","KN296119v1","5413495","5413783","37","9942695"
"chr6","15360081","15360364","KN294790v1","2805524","2805805","51","12554557"
"chr6","15361883","15362175","KN295923v1","1228080","1228374","36","14133803"
"chr6","15366127","15366433","KN294172v1","835311","835619","45","14530816"
"chr6","15374975","15375285","KN294717v1","373979","374286","43","15000996"
"chr6","15379717","15380021","KN295871v1","777953","778254","39","14601764"
"chr6","15447981","15448296","KN296153v1","2057313","2057618","40","13390668"
"chr6","15468397","15468710","KN295108v1","783719","784031","37","14684678"
"chr6","15504719","15505048","KN296036v1","2421899","2422212","60","13082820"
"chr6","15610152","15610464","KN297038v1","661781","662094","38","14948371"
"chr6","15617436","15617748","KN296825v1","1708209","1708517","39","13909227"
"chr6","15630678","15630981","KN296040v1","733119","733420","41","14897559"
"chr6","15645031","15645324","KN294747v1","670418","670717","43","14974613"
"chr6","15740686","15740994","KN294647v1","185825","186131","32","15554861"
"chr6","15846226","15846524","KN296040v1","548461","548761","40","15297765"
"chr6","15881241","15881540","KN296503v1","274675","274971","39","15606566"
"chr6","15973343","15973501","KN294262v1","1633303","1633458","32","14340040"
"chr6","16046170","16046458","KN295117v1","329951","330239","30","15716219"
"chr6","16247419","16247726","KN295112v1","343212","343513","37","15904207"
"chr6","16299427","16299750","KN294264v1","371563","371884","45","15927864"
"chr6","16393128","16393437","KN295045v1","441758","442064","43","15951370"
"chr6","16425481","16425760","KN295350v1","31487","31774","53","16393994"
"chr6","16455789","16456099","KN297153v1","1366929","1367240","35","15088860"
"chr6","16464620","16464862","KN297165v1","2929718","2929968","37","13534902"
"chr6","16480785","16481078","KN295984v1","974577","974872","30","15506208"
"chr6","16520364","16520656","KN294536v1","1607732","1608024","58","14912632"
"chr6","16599940","16600242","KN296528v1","1436873","1437172","37","15163067"
"chr6","16611844","16612145","KN297230v1","1127269","1127564","30","15484575"
"chr6","16637568","16637870","KN295995v1","165168","165480","44","16472400"
"chr6","16663696","16663994","KN295893v1","2116895","2117181","45","14546801"
"chr6","16703719","16704029","KN294899v1","589552","589858","35","16114167"
"chr6","16726798","16727094","KN294662v1","79885","80185","37","16646913"
"chr6","16759946","16760245","KN295236v1","3765722","3766028","40","12994224"
"chr6","16779285","16779581","KN295995v1","1426233","1426527","33","15353052"
"chr6","16820075","16820381","KN295350v1","243779","244085","37","16576296"
"chr6","16834562","16834866","KN295501v1","1005257","1005557","36","15829305"
"chr6","16835203","16835498","KN296528v1","1436873","1437172","32","15398330"
"chr6","16899407","16899699","KN296682v1","4654198","4654485","40","12245209"
"chr6","16951073","16951333","KN297008v1","2640522","2640786","42","14310551"
"chr6","17008041","17008336","KN296712v1","16206","16501","29","16991835"
"chr6","17009104","17009413","KN296153v1","3677943","3678242","41","13331161"
"chr6","17096881","17096983","KN297095v1","3320924","3321027","15","13775957"
"chr6","17196953","17197255","KN297322v1","1385103","1385393","50","15811850"
"chr6","17216781","17217091","KN297165v1","1902812","1903121","38","15313969"
"chr6","17291490","17291793","KN296732v1","2013890","2014190","35","15277600"
"chr6","17293848","17294147","KN295171v1","869545","869845","39","16424303"
"chr6","17329883","17330036","KN296959v1","987324","987481","22","16342559"
"chr6","17357944","17358251","KN294741v1","893369","893677","37","16464575"
"chr6","17374132","17374443","KN295995v1","165168","165480","39","17208964"
"chr6","17454099","17454393","KN296287v1","46583","46877","32","17407516"
"chr6","17461900","17462195","KN295077v1","585208","585503","31","16876692"
"chr6","17486514","17486817","KN297019v1","1233639","1233939","38","16252875"
"chr6","17494190","17494384","KN295027v1","696149","696348","33","16798041"
"chr6","17515887","17516188","KN294842v1","690378","690679","37","16825509"
"chr6","17547652","17547950","KN296865v1","995225","995521","35","16552427"
"chr6","17550869","17551147","KN295667v1","389477","389758","49","17161392"
"chr6","17559227","17559546","KN296625v1","297521","297831","48","17261706"
"chr6","17626933","17627244","KN295294v1","340114","340425","36","17286819"
"chr6","17660589","17660915","KN294264v1","371563","371884","57","17289026"
"chr6","17683644","17683941","KN296743v1","427898","428203","48","17255746"
"chr6","17720610","17720907","KN296712v1","16206","16501","30","17704404"
"chr6","17746429","17746742","KN295869v1","284557","284865","34","17461872"
"chr6","17751040","17751352","KN295350v1","389964","390265","49","17361076"
"chr6","17755607","17755895","KN294239v1","700570","700862","44","17055037"
"chr6","17775988","17776275","KN295523v1","1115893","1116182","36","16660095"
"chr6","17784231","17784550","KN295114v1","20941","21251","40","17763290"
"chr6","17831834","17832155","KN295988v1","360550","360868","48","17471284"
"chr6","17902382","17902675","KN295236v1","3672786","3673083","32","14229596"
"chr6","17917846","17918182","KN295974v1","2081619","2081931","56","15836227"
"chr6","17924872","17925154","KN295459v1","668016","668299","40","17256856"
"chr6","17935287","17935577","KN294172v1","2947240","2947526","39","14988047"
"chr6","17949649","17949945","KN297197v1","1652825","1653120","36","16296824"
"chr6","17995749","17996047","KN294561v1","296837","297132","51","17698912"
"chr6","17998453","17998766","KN296381v1","91265","91569","37","17907188"
"chr6","18005611","18005907","KN295057v1","559577","559877","44","17446034"
"chr6","18069031","18069122","KN296960v1","1233856","1233943","17","16835175"
"chr6","18132105","18132410","KN294181v1","810707","811001","46","17321398"
"chr6","18147699","18148001","KN297219v1","2007419","2007720","36","16140280"
"chr6","18166620","18166931","KN296934v1","897698","898003","34","17268922"
"chr6","18187456","18187765","KN294741v1","957024","957333","38","17230432"
"chr6","18201511","18201854","KN296609v1","598588","598892","78","17602923"
"chr6","18201975","18202272","KN294578v1","593416","593711","36","17608559"
"chr6","18214567","18214876","KN296075v1","437481","437780","45","17777086"
"chr6","18215722","18216034","KN294717v1","373979","374286","45","17841743"
"chr6","18225925","18226230","KN294172v1","7087919","7088228","36","11138006"
"chr6","18269788","18270085","KN294777v1","751157","751455","49","17518631"
"chr6","18295226","18295530","KN295871v1","777953","778254","29","17517273"
"chr6","18313507","18313806","KN294486v1","211247","211546","32","18102260"
"chr6","18314356","18314650","KN294561v1","810685","810981","34","17503671"
"chr6","18352883","18353186","KN295523v1","2779133","2779433","46","15573750"
"chr6","18356501","18356812","KN296795v1","572673","572985","34","17783828"
"chr6","18366950","18367250","KN295406v1","214517","214825","42","18152433"
"chr6","18376602","18376904","KN294662v1","79885","80185","39","18296717"
"chr6","18377571","18377867","KN297159v1","1851234","1851532","35","16526337"
"chr6","18396915","18397227","KN295022v1","403753","404065","43","17993162"
"chr6","18468675","18468947","KN297171v1","2607011","2607291","40","15861664"
"chr6","18490504","18490795","KN295209v1","634423","634725","51","17856081"
"chr6","18516326","18516436","KN294685v1","929673","929780","12","17586653"
"chr6","18571615","18571921","KN296153v1","3677943","3678242","34","14893672"
"chr6","18595306","18595568","KN296538v1","769890","770156","55","17825416"
"chr6","18598074","18598387","KN294911v1","1785544","1785856","45","16812530"
"chr6","18672287","18672630","KN295361v1","961861","962199","48","17710426"
"chr6","18680599","18680914","KN297048v1","117690","118000","43","18562909"
"chr6","18855331","18855635","KN295449v1","1093597","1093900","41","17761734"
"chr6","19077656","19077959","KN294229v1","97510","97813","37","18980146"
"chr6","19086504","19086816","KN295983v1","1536250","1536551","48","17550254"
"chr6","19125689","19126000","KN296934v1","602412","602712","47","18523277"
"chr6","19387318","19387626","KN294734v1","46378","46689","37","19340940"
"chr6","19497651","19497941","KN296557v1","709141","709435","36","18788510"
"chr6","19498663","19498961","KN294407v1","93660","93961","39","19405003"
"chr6","19502702","19502964","KN297008v1","2640522","2640786","40","16862180"
"chr6","19572433","19572732","KN295697v1","189742","190043","39","19382691"
"chr6","19609108","19609382","KN295601v1","2549094","2549367","37","17060014"
"chr6","19651462","19651757","KN294479v1","328046","328334","39","19323416"
"chr6","19725326","19725601","KN296306v1","883522","883801","33","18841804"
"chr6","19725810","19726104","KN296158v1","167401","167695","31","19558409"
"chr6","19779532","19779787","KN296635v1","2832448","2832711","48","16947084"
"chr6","19925262","19925565","KN295352v1","487966","488265","33","19437296"
"chr6","19929951","19930246","KN295573v1","249758","250054","30","19680193"
"chr6","19959521","19959833","KN297044v1","389066","389378","43","19570455"
"chr6","19980216","19980516","KN296357v1","706115","706421","43","19274101"
"chr6","20019539","20019837","KN294287v1","466795","467093","39","19552744"
"chr6","20057553","20057850","KN294588v1","1492426","1492725","49","18565127"
"chr6","20059397","20059701","KN295090v1","1657716","1658013","37","18401681"
"chr6","20091771","20092074","KN297133v1","419676","419981","35","19672095"
"chr6","20168988","20169287","KN296153v1","3677943","3678242","37","16491045"
"chr6","20240949","20241263","KN295869v1","284557","284865","36","19956392"
"chr6","20309436","20309685","KN295430v1","1606937","1607192","42","18702499"
"chr6","20310888","20311176","KN295487v1","96031","96319","32","20214857"
"chr6","20385845","20386143","KN296153v1","3677943","3678242","33","16707902"
"chr6","20430322","20430417","KN294711v1","239718","239811","12","20190604"
"chr6","20437421","20437720","KN296153v1","3677943","3678242","34","16759478"
"chr6","20457410","20457717","KN297159v1","3314158","3314468","34","17143252"
"chr6","20487381","20487683","KN296311v1","9627121","9627418","47","10860260"
"chr6","20498017","20498328","KN294161v1","657992","658299","37","19840025"
"chr6","20552632","20552915","KN295607v1","4402317","4402604","37","16150315"
"chr6","20554656","20554946","KN295236v1","3672786","3673083","31","16881870"
"chr6","20561236","20561373","KN295236v1","1412970","1413112","19","19148266"
"chr6","20568247","20568532","KN295430v1","2785325","2785610","36","17782922"
"chr6","20576136","20576374","KN294486v1","585631","585878","38","19990505"
"chr6","20579734","20580018","KN294184v1","71575","71858","43","20508159"
"chr6","20615495","20615784","KN295758v1","394515","394801","34","20220980"
"chr6","20615795","20616085","KN296025v1","32669","32960","29","20583126"
"chr6","20634101","20634397","KN296528v1","1436873","1437172","34","19197228"
"chr6","20663169","20663466","KN297050v1","118941","119241","35","20544228"
"chr6","20699012","20699294","KN295022v1","486627","486913","36","20212385"
"chr6","20726166","20726475","KN295758v1","997500","997807","38","19728666"
"chr6","20731634","20731939","KN294446v1","95294","95596","27","20636340"
"chr6","20781644","20781937","KN296187v1","1603297","1603587","36","19178347"
"chr6","20782264","20782569","KN296883v1","601049","601352","32","20181215"
"chr6","20828672","20828980","KN295906v1","230171","230481","33","20598501"
"chr6","20872619","20872910","KN295596v1","2150851","2151146","41","18721768"
"chr6","21119140","21119448","KN296934v1","419367","419671","37","20699773"
"chr6","21337146","21337452","KN296588v1","321243","321547","31","21015903"
"chr6","21370582","21370892","KN295923v1","1231839","1232151","39","20138743"
"chr6","21397249","21397547","KN295586v1","2269065","2269364","35","19128184"
"chr6","21537221","21537529","KN295497v1","720813","721124","38","20816408"
"chr6","21554953","21555254","KN295236v1","4576569","4576870","34","16978384"
"chr6","21587298","21587609","KN295667v1","1687893","1688204","34","19899405"
"chr6","21597120","21597430","KN296934v1","897698","898003","38","20699422"
"chr6","21599854","21600163","KN294387v1","2599087","2599393","36","19000767"
"chr6","21602187","21602483","KN297133v1","419676","419981","46","21182511"
"chr6","21624806","21625104","KN294470v1","353867","354160","44","21270939"
"chr6","21733168","21733489","KN296486v1","1321060","1321367","46","20412108"
"chr6","21737808","21738112","KN295313v1","247673","247978","38","21490135"
"chr6","21793667","21793977","KN294172v1","4761492","4761794","42","17032175"
"chr6","21842904","21843200","KN294470v1","881306","881602","42","20961598"
"chr6","21843862","21844163","KN295983v1","1164830","1165137","42","20679032"
"chr6","21889826","21890129","KN295112v1","343212","343513","33","21546614"
"chr6","21892218","21892499","KN296308v1","1377082","1377362","39","20515136"
"chr6","21904864","21905163","KN297046v1","2791168","2791468","48","19113696"
"chr6","21930191","21930502","KN294262v1","2954079","2954389","38","18976112"
"chr6","21931547","21931853","KN295350v1","243779","244085","33","21687768"
"chr6","21933346","21933646","KN294790v1","1555084","1555390","34","20378262"
"chr6","21951764","21952081","KN294239v1","366885","367189","43","21584879"
"chr6","21966149","21966408","KN294292v1","24945","25210","33","21941204"
"chr6","22010781","22011101","KN296406v1","470066","470382","45","21540715"
"chr6","22013992","22014294","KN297095v1","1452898","1453193","41","20561094"
"chr6","22021572","22021838","KN294991v1","1510448","1510728","48","20511124"
"chr6","22023586","22023891","KN296732v1","2013890","2014190","36","20009696"
"chr6","22025349","22025654","KN295236v1","5645831","5646138","35","16379518"
"chr6","22045963","22046272","KN295090v1","755361","755671","37","21290602"
"chr6","22049059","22049365","KN295936v1","1040084","1040396","47","21008975"
"chr6","22057013","22057315","KN295487v1","116632","116933","34","21940381"
"chr6","22067650","22067972","KN297390v1","1640938","1641250","40","20426712"
"chr6","22073171","22073452","KN295356v1","978801","979084","39","21094370"
"chr6","22096320","22096617","KN296378v1","582587","582885","38","21513733"
"chr6","22103020","22103326","KN295315v1","96873","97173","43","22006147"
"chr6","22107769","22108062","KN295439v1","175570","175868","56","21932199"
"chr6","22148957","22149261","KN295236v1","5645831","5646138","35","16503126"
"chr6","22168996","22169299","KN295343v1","319199","319503","34","21849797"
"chr6","22189628","22189887","KN296065v1","54144","54403","29","22135484"
"chr6","22206120","22206209","KN295967v1","358104","358192","12","21848016"
"chr6","22224200","22224481","KN294462v1","694236","694527","41","21529964"
"chr6","22243171","22243477","KN296157v1","2990826","2991137","40","19252345"
"chr6","22252552","22252860","KN294366v1","260000","260306","36","21992552"
"chr6","22281846","22282143","KN296712v1","16206","16501","35","22265640"
"chr6","22349633","22349720","KN295983v1","1889572","1889663","12","20460061"
"chr6","22588906","22589216","KN296430v1","444033","444342","42","22144873"
"chr6","22658648","22658924","KN296306v1","883522","883801","42","21775126"
"chr6","22929266","22929538","KN294717v1","99149","99406","49","22830117"
"chr6","23068054","23068327","KN296322v1","1817385","1817672","48","21250669"
"chr6","23089205","23089309","KN296117v1","86443","86544","17","23002762"
"chr6","23110107","23110411","KN294387v1","2599087","2599393","34","20511020"
"chr6","23114621","23114932","KN294346v1","372059","372367","37","22742562"
"chr6","23122586","23122884","KN295533v1","1053416","1053711","41","22069170"
"chr6","23330430","23330743","KN297245v1","901886","902202","43","22428544"
"chr6","23463039","23463338","KN296153v1","3677943","3678242","40","19785096"
"chr6","23635549","23635854","KN295984v1","868891","869195","38","22766658"
"chr6","23695782","23696119","KN295471v1","836808","837136","49","22858974"
"chr6","23716178","23716390","KN294498v1","153122","153333","32","23563056"
"chr6","23810105","23810378","KN297259v1","2410312","2410586","34","21399793"
"chr6","23869732","23870015","KN297026v1","1289918","1290214","41","22579814"
"chr6","23942900","23943195","KN296153v1","3677943","3678242","37","20264957"
"chr6","24084997","24085287","KN294181v1","858043","858340","46","23226954"
"chr6","24290444","24290715","KN294257v1","2667141","2667417","29","21623303"
"chr6","24378306","24378533","KN294539v1","11762","11974","43","24366544"
"chr6","24379133","24379216","KN295315v1","750131","750212","17","23629002"
"chr6","24396587","24396876","KN296290v1","1153877","1154165","37","23242710"
"chr6","24473147","24473446","KN294172v1","4257933","4258231","38","20215214"
"chr6","24536826","24537142","KN294257v1","2431210","2431521","32","22105616"
"chr6","24566892","24567175","KN294172v1","2999478","2999758","34","21567414"
"chr6","24578634","24578917","KN294257v1","2390351","2390637","25","22188283"
"chr6","24604811","24605107","KN294856v1","242815","243114","41","24361996"
"chr6","24631603","24631910","KN294591v1","464003","464310","38","24167600"
"chr6","24638951","24639278","KN296661v1","1717424","1717749","45","22921527"
"chr6","24675488","24675692","KN297323v1","151333","151539","44","24524155"
"chr6","24714407","24714713","KN297023v1","934115","934421","37","23780292"
"chr6","24716596","24716902","KN295114v1","20941","21251","30","24695655"
"chr6","24724153","24724307","KN294499v1","1819994","1820152","25","22904159"
"chr6","24764245","24764561","KN295667v1","1687893","1688204","45","23076352"
"chr6","24804883","24805169","KN295721v1","197604","197890","35","24607279"
"chr6","24858252","24858563","KN294257v1","2137711","2138023","25","22720541"
"chr6","25026998","25027303","KN294387v1","2599087","2599393","37","22427911"
"chr6","25031006","25031317","KN294501v1","353047","353356","31","24677959"
"chr6","25046808","25047105","KN297230v1","1127269","1127564","34","23919539"
"chr6","25061213","25061521","KN294257v1","1935854","1936157","33","23125359"
"chr6","25076586","25076904","KN295114v1","20941","21251","41","25055645"
"chr6","25079976","25080312","KN296609v1","2003876","2004210","53","23076100"
"chr6","25102964","25103268","KN296311v1","5092316","5092620","30","20010648"
"chr6","25123411","25123706","KN295090v1","92754","93054","32","25030657"
"chr6","25135056","25135317","KN294257v1","1856589","1856852","21","23278467"
"chr6","25216786","25217084","KN295413v1","22638","22943","44","25194148"
"chr6","25294141","25294437","KN296959v1","1159791","1160090","38","24134350"
"chr6","25294607","25294906","KN297320v1","2087688","2087983","38","23206919"
"chr6","25320307","25320617","KN295114v1","20941","21251","30","25299366"
"chr6","25338816","25339099","KN294711v1","646506","646789","34","24692310"
"chr6","25352601","25352906","KN294187v1","1923674","1923970","36","23428927"
"chr6","25379399","25379655","KN294257v1","1606089","1606347","20","23773310"
"chr6","25382313","25382614","KN294257v1","1603139","1603435","23","23779174"
"chr6","25387868","25388146","KN296726v1","523081","523357","34","24864787"
"chr6","25402584","25402846","KN294210v1","801675","801939","33","24600909"
"chr6","25471618","25471916","KN294385v1","18712","19011","32","25452906"
"chr6","25473773","25473918","KN294181v1","1301795","1301938","20","24171978"
"chr6","25565169","25565471","KN294257v1","1428121","1428432","31","24137048"
"chr6","25634554","25634840","KN297023v1","430964","431253","37","25203590"
"chr6","25655022","25655317","KN297314v1","218511","218802","34","25436511"
"chr6","25892832","25893127","KN296004v1","29555","29853","34","25863277"
"chr6","25926696","25927007","KN295835v1","81348","81655","54","25845348"
"chr6","25959701","25960006","KN294172v1","4761492","4761794","39","21198209"
"chr6","25973656","25973950","KN294257v1","1020629","1020923","16","24953027"
"chr6","25983857","25984147","KN295983v1","156153","156432","45","25827704"
"chr6","26038230","26038533","KN294257v1","958602","958895","35","25079628"
"chr6","26077889","26078213","KN297046v1","2099842","2100156","50","23978047"
"chr6","26080034","26080340","KN294387v1","2599087","2599393","31","23480947"
"chr6","26204556","26204831","KN294257v1","781655","781930","26","25422901"
"chr6","26259144","26259433","KN294257v1","732312","732612","39","25526832"
"chr6","26289103","26289397","KN294257v1","706549","706843","43","25582554"
"chr6","26374025","26374325","KN295090v1","1657716","1658013","40","24716309"
"chr6","26417613","26417914","KN296865v1","1674895","1675192","49","24742718"
"chr6","26425333","26425639","KN294539v1","761382","761684","40","25663951"
"chr6","26478930","26479216","KN297112v1","2008532","2008818","46","24470398"
"chr6","26502881","26503172","KN294385v1","18712","19011","38","26484169"
"chr6","26514160","26514439","KN296883v1","1320496","1320774","46","25193664"
"chr6","26515417","26515720","KN294457v1","738194","738491","48","25777223"
"chr6","26539867","26540155","KN295236v1","3163697","3163986","34","23376170"
"chr6","26583941","26584203","KN294245v1","95286","95551","35","26488655"
"chr6","26617713","26618014","KN295090v1","56526","56822","39","26561187"
"chr6","26620886","26621196","KN297322v1","1153290","1153598","39","25467596"
"chr6","26706628","26706941","KN294181v1","930133","930441","35","25776495"
"chr6","26787091","26787392","KN294257v1","198995","199303","32","26588096"
"chr6","26787814","26788101","KN295721v1","197604","197890","36","26590210"
"chr6","26817051","26817363","KN294257v1","167787","168101","30","26649264"
"chr6","26857365","26857621","KN297408v1","359808","360064","39","26497557"
"chr6","26892755","26893045","KN297159v1","1851234","1851532","35","25041521"
"chr6","26919692","26919990","KN296153v1","3677943","3678242","28","23241749"
"chr6","26983023","26983317","KN294257v1","16456","16750","29","26966567"
"chr6","27140496","27140598","KN295913v1","82415","82508","21","27058081"
"chr6","27161962","27162244","KN294207v1","179800","180076","62","26982162"
"chr6","27162341","27162630","KN294561v1","767639","767926","44","26394702"
"chr6","27168169","27168460","KN294561v1","767639","767926","43","26400530"
"chr6","27409504","27409792","KN296435v1","3246212","3246499","41","24163292"
"chr6","27433805","27434110","KN295573v1","2002964","2003262","42","25430841"
"chr6","27462056","27462350","KN296287v1","46583","46877","41","27415473"
"chr6","27473572","27473851","KN295923v1","2321767","2322047","40","25151805"
"chr6","27479681","27479975","KN294443v1","191934","192227","25","27287747"
"chr6","27482006","27482294","KN296496v1","355776","356054","47","27126230"
"chr6","27483048","27483358","KN294443v1","195306","195620","29","27287742"
"chr6","27486436","27486768","KN294443v1","198642","198961","55","27287794"
"chr6","27490518","27490812","KN294443v1","208075","208370","26","27282443"
"chr6","27518852","27519144","KN295032v1","272356","272651","37","27246496"
"chr6","27520201","27520451","KN294443v1","241146","241399","32","27279055"
"chr6","27521318","27521641","KN294443v1","242295","242606","67","27279023"
"chr6","27526331","27526639","KN295984v1","1817258","1817560","48","25709073"
"chr6","27529981","27530285","KN294208v1","853291","853593","43","26676690"
"chr6","27564416","27564719","KN296486v1","1469193","1469496","38","26095223"
"chr6","27583113","27583349","KN294325v1","242229","242452","42","27340884"
"chr6","27605337","27605636","KN294470v1","2793388","2793686","45","24811949"
"chr6","27644577","27644898","KN296153v1","3677943","3678242","58","23966634"
"chr6","27654137","27654401","KN296923v1","34416","34674","34","27619721"
"chr6","27711135","27711445","KN294443v1","407836","408137","34","27303299"
"chr6","27804111","27804391","KN295102v1","177647","177925","37","27626464"
"chr6","27822118","27822417","KN294172v1","4478214","4478504","44","23343904"
"chr6","27848466","27848759","KN294443v1","551005","551302","20","27297461"
"chr6","27853553","27853848","KN294536v1","1607732","1608024","37","26245821"
"chr6","27859443","27859748","KN295667v1","1746297","1746597","45","26113146"
"chr6","27875924","27876217","KN294462v1","73428","73721","28","27802496"
"chr6","27879267","27879582","KN295577v1","167604","167912","41","27711663"
"chr6","27881178","27881452","KN297028v1","248603","248887","52","27632575"
"chr6","27889711","27889989","KN297467v1","106107","106378","41","27783604"
"chr6","27895593","27895905","KN294443v1","598458","598760","38","27297135"
"chr6","27917393","27917696","KN294433v1","409687","409987","45","27507706"
"chr6","27949089","27949378","KN296726v1","154015","154304","41","27795074"
"chr6","27949568","27949861","KN295633v1","131503","131796","61","27818065"
"chr6","27955233","27955548","KN295974v1","2081619","2081931","39","25873614"
"chr6","27987646","27987946","KN294443v1","702364","702649","34","27285282"
"chr6","28011401","28011550","KN295533v1","1134391","1134530","24","26877010"
"chr6","28017806","28018081","KN297125v1","22244","22518","41","27995562"
"chr6","28075908","28076205","KN295315v1","360280","360581","40","27715628"
"chr6","28103079","28103373","KN294443v1","818364","818647","36","27284715"
"chr6","28108603","28108895","KN294443v1","823831","824125","30","27284772"
"chr6","28144765","28145095","KN295930v1","722077","722411","59","27422688"
"chr6","28255247","28255536","KN297165v1","1143723","1144010","44","27111524"
"chr6","28263721","28264028","KN297038v1","1403623","1403923","39","26860098"
"chr6","28527120","28527418","KN296442v1","529327","529624","34","27997793"
"chr6","28539709","28540010","KN294443v1","1217625","1217944","39","27322084"
"chr6","28684492","28684767","KN296922v1","670057","670334","37","28014435"
"chr6","28707431","28707734","KN295375v1","132628","132930","36","28574803"
"chr6","28765175","28765486","KN295114v1","20941","21251","41","28744234"
"chr6","28786304","28786606","KN295361v1","925031","925332","31","27861273"
"chr6","28858242","28858537","KN294462v1","73428","73721","34","28784814"
"chr6","28859221","28859523","KN294456v1","876419","876725","41","27982802"
"chr6","28860286","28860594","KN295667v1","1687893","1688204","39","27172393"
"chr6","28878676","28878988","KN295725v1","1552471","1552779","39","27326205"
"chr6","28907414","28907725","KN296847v1","329932","330244","32","28577482"
"chr6","28929583","28929881","KN296153v1","3677943","3678242","37","25251640"
"chr6","29016321","29016627","KN295096v1","2124655","2124956","40","26891666"
"chr6","29017611","29017762","KN295345v1","1057208","1057354","28","27960403"
"chr6","29019382","29019676","KN295967v1","725729","726020","30","28293653"
"chr6","29119336","29119479","KN296795v1","1955999","1956137","17","27163337"
"chr6","29139515","29139838","KN295198v1","541450","541755","48","28598065"
"chr6","29161929","29162227","KN294911v1","3820095","3820391","35","25341834"
"chr6","29162392","29162663","KN296117v1","531915","532188","51","28630477"
"chr6","29180641","29180933","KN294457v1","1379597","1379899","41","27801044"
"chr6","29202838","29203143","KN295666v1","1051299","1051600","42","28151539"
"chr6","29222591","29222897","KN294717v1","373979","374286","38","28848612"
"chr6","29223790","29224100","KN295236v1","4892808","4893115","33","24330982"
"chr6","29261793","29261836","KN296158v1","841160","841204","9","28420633"
"chr6","29277507","29277818","KN294842v1","473025","473335","37","28804482"
"chr6","29341126","29341427","KN295596v1","2001489","2001787","38","27339637"
"chr6","29346978","29347256","KN295459v1","668016","668299","47","28678962"
"chr6","29380349","29380641","KN296036v1","1848968","1849267","39","27531381"
"chr6","29452192","29452482","KN294848v1","1408889","1409183","36","28043303"
"chr6","29464405","29464701","KN294705v1","1860216","1860507","42","27604189"
"chr6","29716008","29716305","KN296682v1","4806893","4807193","51","24909115"
"chr6","29816246","29816556","KN294966v1","58498","58811","48","29757748"
"chr6","29888428","29888735","KN295209v1","634423","634725","47","29254005"
"chr6","29921275","29921568","KN295708v1","2588553","2588854","38","27332722"
"chr6","29944112","29944421","KN294705v1","1847829","1848142","42","28096283"
"chr6","29950785","29951068","KN294739v1","792700","792993","36","29158085"
"chr6","30006194","30006496","KN295034v1","63947","64249","36","29942247"
"chr6","30495780","30496062","KN296247v1","15362","15646","38","30480418"
"chr6","30555258","30555560","KN295601v1","2895150","2895452","35","27660108"
"chr6","30597793","30598114","KN294387v1","2599087","2599393","53","27998706"
"chr6","30598943","30599257","KN295114v1","20941","21251","32","30578002"
"chr6","30612028","30612327","KN296308v1","375677","375983","34","30236351"
"chr6","30684443","30684734","KN296308v1","459108","459406","32","30225335"
"chr6","30702731","30703002","KN297146v1","95608","95874","42","30607123"
"chr6","30717059","30717352","KN296308v1","493312","493605","26","30223747"
"chr6","30758838","30759120","KN294172v1","6258303","6258586","36","24500535"
"chr6","30842230","30842531","KN297349v1","134278","134584","39","30707952"
"chr6","30851253","30851555","KN294536v1","1149036","1149335","34","29702217"
"chr6","30856550","30856675","KN297118v1","100841","100964","26","30755709"
"chr6","30857466","30857580","KN294911v1","2541337","2541450","17","28316129"
"chr6","30885472","30885771","KN296732v1","2013890","2014190","32","28871582"
"chr6","30893986","30894293","KN295983v1","1536250","1536551","35","29357736"
"chr6","30941726","30942010","KN296308v1","770360","770657","30","30171366"
"chr6","30942025","30942320","KN295090v1","56526","56822","36","30885499"
"chr6","31014289","31014576","KN297165v1","1143723","1144010","37","29870566"
"chr6","31042170","31042481","KN294372v1","2175029","2175333","37","28867141"
"chr6","31042578","31042870","KN294416v1","208870","209165","37","30833708"
"chr6","31080606","31080908","KN295708v1","1014721","1015018","43","30065885"
"chr6","31081032","31081332","KN295871v1","946329","946631","35","30134703"
"chr6","31113321","31113628","KN296077v1","102299","102613","36","31011022"
"chr6","31121453","31121737","KN294493v1","404130","404414","80","30717323"
"chr6","31142783","31143074","KN296119v1","3074917","3075211","40","28067866"
"chr6","31151803","31152112","KN294365v1","795012","795312","45","30356791"
"chr6","31243189","31243489","KN296308v1","1064398","1064706","31","30178791"
"chr6","31254025","31254328","KN296119v1","4667943","4668244","42","26586082"
"chr6","31254335","31254645","KN296308v1","1075215","1075527","38","30179120"
"chr6","31257019","31257328","KN296308v1","1078297","1078605","27","30178722"
"chr6","31285826","31286128","KN296075v1","437481","437780","28","30848345"
"chr6","31340429","31340725","KN294456v1","96834","97129","32","31243595"
"chr6","31433767","31434066","KN296109v1","198151","198445","47","31235616"
"chr6","31436824","31437135","KN295205v1","791061","791364","35","30645763"
"chr6","31470530","31470837","KN296306v1","924423","924733","44","30546107"
"chr6","31474190","31474484","KN296759v1","638542","638840","36","30835648"
"chr6","31479330","31479536","KN295217v1","296096","296303","30","31183234"
"chr6","31483017","31483326","KN294172v1","835311","835619","41","30647706"
"chr6","31527958","31528264","KN294556v1","165992","166297","40","31361966"
"chr6","31530388","31530659","KN295601v1","2549094","2549367","32","28981294"
"chr6","31535196","31535372","KN295236v1","5187090","5187265","28","26348106"
"chr6","31540767","31540984","KN294372v1","194788","194992","39","31345979"
"chr6","31549303","31549437","KN296316v1","265241","265378","21","31284062"
"chr6","31550032","31550327","KN295057v1","379008","379299","35","31171024"
"chr6","31551075","31551292","KN296062v1","1966537","1966740","59","29584538"
"chr6","31551964","31552264","KN296308v1","1355274","1355569","25","30196690"
"chr6","31553414","31553725","KN297133v1","419676","419981","30","31133738"
"chr6","31603589","31603882","KN297078v1","312102","312402","41","31291487"
"chr6","31759119","31759416","KN294630v1","494261","494558","40","31264858"
"chr6","31791837","31792144","KN296588v1","321243","321547","38","31470594"
"chr6","31802431","31802728","KN296859v1","895216","895514","29","30907215"
"chr6","31842585","31842871","KN295382v1","106023","106307","25","31736562"
"chr6","31845970","31846267","KN294239v1","153759","154060","38","31692211"
"chr6","31863497","31863802","KN295382v1","127781","128083","28","31735716"
"chr6","31882607","31882901","KN294407v1","776051","776345","31","31106556"
"chr6","31897998","31898301","KN295382v1","163409","163716","28","31734589"
"chr6","32029576","32029873","KN294592v1","777370","777673","38","31252206"
"chr6","32079975","32080250","KN297242v1","351132","351417","37","31728843"
"chr6","32090347","32090602","KN294588v1","536939","537199","54","31553408"
"chr6","32091794","32091978","KN295633v1","2374600","2374789","27","29717194"
"chr6","32102216","32102515","KN294387v1","2599087","2599393","36","29503129"
"chr6","32123532","32123834","KN296496v1","355776","356054","54","31767756"
"chr6","32126612","32126902","KN297165v1","1143723","1144010","34","30982889"
"chr6","32147355","32147647","KN296557v1","709141","709435","33","31438214"
"chr6","32161615","32161924","KN295692v1","998365","998674","29","31163250"
"chr6","32170396","32170687","KN294630v1","328149","328451","45","31842247"
"chr6","32174456","32174761","KN294987v1","439387","439694","42","31735069"
"chr6","32185115","32185403","KN295236v1","4288094","4288382","34","27897021"
"chr6","32187652","32187948","KN295923v1","1438272","1438565","39","30749380"
"chr6","32188630","32188935","KN294705v1","1891916","1892221","32","30296714"
"chr6","32194079","32194400","KN296244v1","295087","295395","45","31898992"
"chr6","32213826","32214149","KN295962v1","422758","423085","49","31791068"
"chr6","32221223","32221323","KN294850v1","160848","160948","14","32060375"
"chr6","32221590","32221670","KN297095v1","1401783","1401885","34","30819807"
"chr6","32337750","32338029","KN294462v1","694236","694527","30","31643514"
"chr6","32356587","32356893","KN294591v1","464003","464310","37","31892584"
"chr6","32398037","32398277","KN294462v1","636908","637168","40","31761129"
"chr6","32406576","32406884","KN294462v1","630387","630699","27","31776189"
"chr6","32410887","32411195","KN294842v1","473025","473335","38","31937862"
"chr6","32414400","32414689","KN294462v1","622560","622846","28","31791840"
"chr6","32428544","32428846","KN296153v1","3677943","3678242","34","28750601"
"chr6","32501668","32501977","KN295450v1","211545","211851","38","32290123"
"chr6","32507042","32507345","KN294462v1","530267","530575","34","31976775"
"chr6","32522472","32522782","KN294387v1","2599087","2599393","38","29923385"
"chr6","32571444","32571736","KN295439v1","175570","175868","34","32395874"
"chr6","32581423","32581724","KN294462v1","450130","450421","33","32131293"
"chr6","32683845","32684140","KN294167v1","406704","406998","36","32277141"
"chr6","32779488","32779797","KN294462v1","293549","293849","39","32485939"
"chr6","32840755","32841048","KN294479v1","328046","328334","33","32512709"
"chr6","32918922","32919225","KN297019v1","1233639","1233939","35","31685283"
"chr6","33104511","33104805","KN294462v1","73428","73721","29","33031083"
"chr6","33177098","33177416","KN295980v1","1104249","1104571","50","32072849"
"chr6","33248168","33248276","KN297154v1","1566524","1566631","14","31681644"
"chr6","33248424","33248562","KN294668v1","2179035","2179176","20","31069389"
"chr6","33270676","33270970","KN296371v1","190074","190364","29","33080602"
"chr6","33347708","33348034","KN296308v1","871499","871827","44","32476209"
"chr6","33563010","33563308","KN295803v1","664277","664575","29","32898733"
"chr6","33564658","33564961","KN294917v1","618557","618860","34","32946101"
"chr6","33602022","33602318","KN294416v1","208870","209165","37","33393152"
"chr6","33659899","33660203","KN294539v1","761382","761684","36","32898517"
"chr6","33674703","33675009","KN296381v1","91265","91569","33","33583438"
"chr6","33680095","33680389","KN296075v1","437481","437780","39","33242614"
"chr6","33687031","33687338","KN295977v1","249013","249314","41","33438018"
"chr6","33725126","33725432","KN294705v1","772747","773054","38","32952379"
"chr6","33730529","33730826","KN296133v1","239214","239508","38","33491315"
"chr6","33785979","33786280","KN296538v1","1541301","1541608","46","32244678"
"chr6","33792554","33792859","KN294207v1","396850","397151","35","33395704"
"chr6","33803902","33804210","KN296153v1","3677943","3678242","49","30125959"
"chr6","33812442","33812733","KN296747v1","35746","36041","31","33776696"
"chr6","33829325","33829629","KN294588v1","1492426","1492725","39","32336899"
"chr6","33864063","33864358","KN295225v1","852978","853269","40","33011085"
"chr6","33907345","33907645","KN295294v1","2900773","2901075","38","31006572"
"chr6","33916385","33916681","KN294634v1","514588","514883","38","33401797"
"chr6","33943107","33943393","KN294446v1","524358","524631","46","33418749"
"chr6","33943396","33943717","KN297095v1","1583694","1583990","60","32359702"
"chr6","33958717","33958831","KN294837v1","379389","379501","9","33579328"
"chr6","33960669","33960966","KN295533v1","1053416","1053711","33","32907253"
"chr6","33986853","33987165","KN295328v1","463393","463709","45","33523460"
"chr6","34014850","34015141","KN294837v1","327045","327338","19","33687805"
"chr6","34021245","34021419","KN295893v1","137900","138072","25","33883345"
"chr6","34025914","34026214","KN297046v1","1925029","1925329","36","32100885"
"chr6","34027804","34028097","KN294837v1","313526","313825","31","33714278"
"chr6","34038210","34038501","KN294837v1","303054","303351","27","33735156"
"chr6","34038983","34039287","KN294837v1","302279","302587","33","33736704"
"chr6","34053089","34053388","KN294926v1","115475","115774","41","33937614"
"chr6","34074136","34074444","KN294874v1","934343","934646","35","33139793"
"chr6","34129485","34129704","KN295239v1","718284","718494","38","33411201"
"chr6","34183169","34183479","KN295263v1","261371","261683","40","33921798"
"chr6","34269663","34269967","KN294387v1","2599087","2599393","41","31670576"
"chr6","34417045","34417335","KN294172v1","1490427","1490721","35","32926618"
"chr6","34417892","34418196","KN295036v1","18454","18755","43","34399438"
"chr6","34555337","34555636","KN294790v1","2757948","2758248","35","31797389"
"chr6","34637378","34637691","KN296485v1","429084","429391","31","34208294"
"chr6","34675636","34675936","KN296153v1","3677943","3678242","37","30997693"
"chr6","34680086","34680394","KN295633v1","264317","264628","36","34415769"
"chr6","34680966","34681269","KN295977v1","249013","249314","39","34431953"
"chr6","34696616","34696925","KN295988v1","954829","955141","40","33741787"
"chr6","34712263","34712545","KN294561v1","767639","767926","41","33944624"
"chr6","34729475","34729778","KN295117v1","285369","285672","39","34444106"
"chr6","34754175","34754467","KN297197v1","1652825","1653120","31","33101350"
"chr6","34759255","34759552","KN296040v1","733119","733420","41","34026136"
"chr6","34775610","34775906","KN296495v1","2056834","2057132","33","32718776"
"chr6","34778195","34778482","KN296714v1","121226","121508","55","34656969"
"chr6","34805284","34805566","KN294264v1","261999","262293","53","34543285"
"chr6","34825647","34825969","KN294451v1","576228","576536","49","34249419"
"chr6","34825970","34826260","KN296620v1","279599","279890","38","34546371"
"chr6","34843977","34844288","KN297133v1","419676","419981","40","34424301"
"chr6","34845980","34846238","KN295368v1","1479754","1480004","50","33366226"
"chr6","34852575","34852886","KN296153v1","3677943","3678242","44","31174632"
"chr6","34857329","34857639","KN297452v1","549119","549423","48","34308210"
"chr6","34859274","34859541","KN296449v1","822","1085","34","34858452"
"chr6","34875844","34876143","KN295480v1","1210004","1210299","37","33665840"
"chr6","34882046","34882348","KN294848v1","1408889","1409183","45","33473157"
"chr6","34896864","34897177","KN297038v1","2343556","2343866","33","32553308"
"chr6","34919752","34920058","KN297133v1","419676","419981","32","34500076"
"chr6","34932523","34932817","KN296495v1","2056834","2057132","40","32875689"
"chr6","34936340","34936641","KN296357v1","356792","357093","40","34579548"
"chr6","35058654","35058968","KN295705v1","2747981","2748284","51","32310673"
"chr6","35081925","35082191","KN295523v1","3618519","3618784","44","31463406"
"chr6","35103344","35103633","KN294470v1","1184711","1184997","35","33918633"
"chr6","35104425","35104721","KN296747v1","35746","36041","31","35068679"
"chr6","35126308","35126432","KN296024v1","131755","131879","16","34994553"
"chr6","35140195","35140497","KN296934v1","897698","898003","33","34242497"
"chr6","35169387","35169698","KN296035v1","338193","338502","33","34831194"
"chr6","35170877","35171170","KN294536v1","1607732","1608024","34","33563145"
"chr6","35245328","35245640","KN294949v1","391656","391966","38","34853672"
"chr6","35259318","35259603","KN295402v1","923263","923559","47","34336055"
"chr6","35259648","35259771","KN294372v1","1585814","1585945","22","33673834"
"chr6","35260164","35260256","KN294850v1","160848","160948","23","35099316"
"chr6","35261638","35261959","KN296153v1","2057313","2057618","47","33204325"
"chr6","35262690","35262991","KN297197v1","173467","173764","44","35089223"
"chr6","35269118","35269415","KN294588v1","494059","494353","29","34775059"
"chr6","35306476","35306763","KN297044v1","811314","811606","29","34495162"
"chr6","35337332","35337636","KN295580v1","1390","1690","33","35335942"
"chr6","35382998","35383279","KN295294v1","334706","334991","39","35048292"
"chr6","35542939","35543235","KN296732v1","2013890","2014190","31","33529049"
"chr6","35642665","35642967","KN294467v1","346596","346896","32","35296069"
"chr6","35689984","35690289","KN295362v1","1459085","1459386","45","34230899"
"chr6","35690443","35690747","KN295984v1","2017502","2017807","38","33672941"
"chr6","35747838","35748121","KN296205v1","605596","605883","45","35142242"
"chr6","35750356","35750655","KN295573v1","1180819","1181113","39","34569537"
"chr6","35758197","35758504","KN295059v1","336835","337145","32","35421362"
"chr6","35759927","35760240","KN296153v1","2057313","2057618","43","33702614"
"chr6","35790434","35790732","KN294499v1","1022953","1023254","36","34767481"
"chr6","35792275","35792586","KN294365v1","836716","837022","34","34955559"
"chr6","35830398","35830708","KN296547v1","1087231","1087536","37","34743167"
"chr6","35864638","35864975","KN296145v1","424587","424911","47","35440051"
"chr6","35877007","35877158","KN296752v1","409305","409448","23","35467702"
"chr6","35877971","35878276","KN295708v1","1954541","1954845","33","33923430"
"chr6","35878369","35878681","KN296520v1","401670","401982","44","35476699"
"chr6","35916538","35916793","KN295936v1","30401","30674","55","35886137"
"chr6","35922209","35922502","KN294536v1","1607732","1608024","34","34314477"
"chr6","35962144","35962468","KN297398v1","124354","124680","49","35837790"
"chr6","35962503","35962799","KN297000v1","300195","300489","33","35662308"
"chr6","35974744","35975056","KN296036v1","2421899","2422212","35","33552845"
"chr6","35975080","35975391","KN295236v1","3424373","3424682","33","32550707"
"chr6","35982237","35982560","KN296424v1","598632","598937","56","35383605"
"chr6","36004569","36004881","KN294571v1","1288165","1288472","36","34716404"
"chr6","36098496","36098800","KN296381v1","91265","91569","43","36007231"
"chr6","36111320","36111615","KN294747v1","670418","670717","39","35440902"
"chr6","36135446","36135754","KN295114v1","20941","21251","36","36114505"
"chr6","36156689","36156999","KN294187v1","1813627","1813934","36","34343062"
"chr6","36165346","36165659","KN294349v1","231514","231826","46","35933832"
"chr6","36165734","36166026","KN295591v1","972086","972384","35","35193648"
"chr6","36196062","36196218","KN294966v1","15813","15966","27","36180249"
"chr6","36209382","36209688","KN296244v1","86518","86815","43","36122864"
"chr6","36231936","36232218","KN294407v1","270000","270288","49","35961936"
"chr6","36252800","36253082","KN294251v1","219266","219549","31","36033534"
"chr6","36257370","36257524","KN295871v1","466798","466947","29","35790572"
"chr6","36289882","36290179","KN296153v1","3677943","3678242","37","32611939"
"chr6","36334545","36334756","KN295257v1","822079","822292","32","35512466"
"chr6","36336065","36336375","KN294387v1","2599087","2599393","30","33736978"
"chr6","36342869","36343186","KN294387v1","2599087","2599393","40","33743782"
"chr6","36368530","36368711","KN294326v1","736313","736490","35","35632217"
"chr6","36410513","36410812","KN295112v1","343212","343513","35","36067301"
"chr6","36451254","36451555","KN294758v1","374673","374971","34","36076581"
"chr6","36453392","36453702","KN295497v1","720813","721124","35","35732579"
"chr6","36472120","36472428","KN294487v1","54074","54385","40","36418046"
"chr6","36502901","36503187","KN294251v1","1463399","1463691","46","35039502"
"chr6","36724217","36724511","KN294739v1","616485","616779","40","36107732"
"chr6","36763195","36763484","KN297259v1","382961","383251","40","36380234"
"chr6","36767739","36768040","KN295983v1","1536250","1536551","36","35231489"
"chr6","36862708","36863002","KN296747v1","35746","36041","36","36826962"
"chr6","36888695","36888988","KN295077v1","585208","585503","33","36303487"
"chr6","36892215","36892514","KN295633v1","479555","479845","64","36412660"
"chr6","36893896","36894116","KN294992v1","218793","219017","33","36675103"
"chr6","36915078","36915390","KN294991v1","2085266","2085575","29","34829812"
"chr6","37027240","37027535","KN294842v1","690378","690679","41","36336862"
"chr6","37035242","37035536","KN294571v1","1694112","1694408","39","35341130"
"chr6","37036747","37037052","KN295855v1","21394","21692","37","37015353"
"chr6","37044584","37044809","KN295708v1","1597635","1597853","35","35446949"
"chr6","37057395","37057693","KN295326v1","314169","314472","33","36743226"
"chr6","37130575","37130865","KN297444v1","274877","275164","42","36855698"
"chr6","37185849","37186162","KN294647v1","185825","186131","41","37000024"
"chr6","37190331","37190633","KN294260v1","621951","622250","33","36568380"
"chr6","37295838","37296139","KN295854v1","1466288","1466586","38","35829550"
"chr6","37359918","37360231","KN295869v1","1600562","1600871","37","35759356"
"chr6","37379057","37379352","KN294739v1","616485","616779","31","36762572"
"chr6","37470453","37470747","KN296040v1","733119","733420","34","36737334"
"chr6","37473219","37473531","KN295236v1","4834828","4835135","45","32638391"
"chr6","37508741","37509052","KN296528v1","1579307","1579621","50","35929434"
"chr6","37543314","37543632","KN295176v1","34358","34673","59","37508956"
"chr6","37545701","37545996","KN295459v1","1614660","1614952","36","35931041"
"chr6","37550223","37550532","KN296969v1","111732","112036","36","37438491"
"chr6","37569262","37569574","KN294662v1","79885","80185","36","37489377"
"chr6","37575225","37575534","KN296075v1","565878","566186","36","37009347"
"chr6","37592818","37593132","KN296934v1","897698","898003","45","36695120"
"chr6","37629020","37629327","KN294181v1","930133","930441","28","36698887"
"chr6","37635534","37635844","KN295059v1","336835","337145","31","37298699"
"chr6","37637268","37637564","KN296153v1","3677943","3678242","31","33959325"
"chr6","37637700","37637993","KN295225v1","852978","853269","39","36784722"
"chr6","37669349","37669634","KN297026v1","228587","228878","38","37440762"
"chr6","37693400","37693705","KN297038v1","2343556","2343866","39","35349844"
"chr6","37803274","37803570","KN296036v1","1431592","1431888","39","36371682"
"chr6","37821587","37821906","KN296145v1","2759462","2759771","49","35062125"
"chr6","37826842","37827153","KN296486v1","384860","385171","41","37441982"
"chr6","37844221","37844514","KN294591v1","498668","498961","28","37345553"
"chr6","37858204","37858510","KN296486v1","698399","698705","40","37159805"
"chr6","37916680","37916991","KN295962v1","1921217","1921530","40","35995463"
"chr6","37920378","37920644","KN295607v1","3891545","3891824","34","34028833"
"chr6","38058278","38058580","KN295171v1","1420524","1420825","38","36637754"
"chr6","38079561","38079853","KN294705v1","1860216","1860507","39","36219345"
"chr6","38086490","38086786","KN294758v1","2177308","2177606","35","35909182"
"chr6","38146358","38146663","KN294790v1","2757948","2758248","37","35388410"
"chr6","38295986","38296322","KN296268v1","192340","192671","45","38103646"
"chr6","38305388","38305669","KN294172v1","290155","290440","37","38015233"
"chr6","38315470","38315792","KN294407v1","2595440","2595750","36","35720030"
"chr6","38316458","38316752","KN294536v1","1607732","1608024","40","36708726"
"chr6","38420901","38421226","KN296590v1","532668","532987","48","37888233"
"chr6","38521418","38521703","KN295090v1","1165047","1165331","37","37356371"
"chr6","38549230","38549536","KN294229v1","205014","205325","42","38344216"
"chr6","38732181","38732492","KN294557v1","60815","61127","39","38671366"
"chr6","38772362","38772673","KN294387v1","2599087","2599393","40","36173275"
"chr6","38792833","38793129","KN294218v1","1633132","1633430","33","37159701"
"chr6","38839558","38839853","KN296588v1","909389","909685","48","37930169"
"chr6","38948139","38948448","KN297133v1","419676","419981","31","38528463"
"chr6","38954743","38955046","KN295294v1","3132769","3133075","36","35821974"
"chr6","38957516","38957836","KN295263v1","261371","261683","42","38696145"
"chr6","38984372","38984684","KN296528v1","120134","120444","49","38864238"
"chr6","39038425","39038716","KN296883v1","1268033","1268327","36","37770392"
"chr6","39061066","39061375","KN294717v1","373979","374286","34","38687087"
"chr6","39073454","39073760","KN295983v1","1664954","1665256","43","37408500"
"chr6","39100166","39100460","KN297000v1","300195","300489","34","38799971"
"chr6","39106040","39106338","KN295090v1","276264","276560","34","38829776"
"chr6","39111185","39111479","KN296153v1","3677943","3678242","31","35433242"
"chr6","39162602","39162897","KN294214v1","314718","315012","39","38847884"
"chr6","39197025","39197310","KN297095v1","3764029","3764315","44","35432996"
"chr6","39299838","39300138","KN294420v1","618613","618914","31","38681225"
"chr6","39324739","39325030","KN295893v1","1337385","1337679","34","37987354"
"chr6","39425715","39426023","KN294717v1","373979","374286","35","39051736"
"chr6","39443185","39443491","KN294387v1","2599087","2599393","35","36844098"
"chr6","39582038","39582331","KN295983v1","1664954","1665256","37","37917084"
"chr6","39715708","39715989","KN296146v1","365087","365379","48","39350621"
"chr6","39751715","39752022","KN295667v1","1687893","1688204","36","38063822"
"chr6","39779276","39779576","KN295441v1","1669072","1669371","38","38110204"
"chr6","39781021","39781321","KN295441v1","1669072","1669371","38","38111949"
"chr6","39818093","39818393","KN296306v1","3695174","3695472","38","36122919"
"chr6","39874466","39874776","KN296934v1","897698","898003","35","38976768"
"chr6","39905172","39905475","KN294469v1","197983","198283","31","39707189"
"chr6","39989717","39990023","KN294292v1","56123","56434","39","39933594"
"chr6","39991425","39991717","KN295523v1","3974463","3974753","32","36016962"
"chr6","40119584","40119883","KN296883v1","1074910","1075211","46","39044674"
"chr6","40128821","40129126","KN295984v1","868891","869195","39","39259930"
"chr6","40409031","40409338","KN294717v1","373979","374286","41","40035052"
"chr6","40485010","40485195","KN296322v1","1361627","1361799","37","39123383"
"chr6","40893734","40893899","KN295708v1","801045","801213","24","40092689"
"chr6","41124846","41125152","KN294470v1","2729657","2729960","30","38395189"
"chr6","41150900","41151191","KN295441v1","1712359","1712645","45","39438541"
"chr6","41246049","41246342","KN295596v1","2150851","2151146","30","39095198"
"chr6","41293747","41294050","KN296311v1","5092316","5092620","31","36201431"
"chr6","41586404","41586689","KN297154v1","1903747","1904029","45","39682657"
"chr6","41728592","41728898","KN296247v1","51316","51618","34","41677276"
"chr6","41937572","41937871","KN296311v1","1037581","1037880","36","40899991"
"chr6","42023248","42023548","KN294365v1","836716","837022","36","41186532"
"chr6","42092448","42092759","KN296495v1","20723","21035","32","42071725"
"chr6","42165919","42166226","KN294439v1","261107","261420","51","41904812"
"chr6","42223512","42223788","KN294233v1","693280","693548","46","41530232"
"chr6","42225194","42225508","KN296244v1","295087","295395","39","41930107"
"chr6","42235162","42235466","KN296934v1","897698","898003","28","41337464"
"chr6","42253836","42254137","KN296495v1","178283","178580","32","42075553"
"chr6","42269838","42270148","KN297190v1","1203714","1204024","35","41066124"
"chr6","42317761","42318054","KN296495v1","243573","243875","33","42074188"
"chr6","42318403","42318705","KN296357v1","356792","357093","34","41961611"
"chr6","42325093","42325391","KN296153v1","3677943","3678242","35","38647150"
"chr6","42345652","42345960","KN295114v1","20941","21251","34","42324711"
"chr6","42416232","42416524","KN296495v1","345635","345935","36","42070597"
"chr6","42486446","42486736","KN294571v1","1694112","1694408","32","40792334"
"chr6","42516942","42517237","KN296495v1","665402","665701","47","41851540"
"chr6","42518216","42518509","KN294536v1","1607732","1608024","33","40910484"
"chr6","42532193","42532489","KN294218v1","2831459","2831758","31","39700734"
"chr6","42549207","42549377","KN296486v1","1054986","1055165","28","41494221"
"chr6","42555743","42556068","KN296495v1","501165","501475","39","42054578"
"chr6","42556727","42557034","KN294717v1","373979","374286","34","42182748"
"chr6","42560336","42560640","KN296495v1","507227","507531","25","42053109"
"chr6","42562191","42562488","KN294439v1","72624","72920","31","42489567"
"chr6","42567966","42568262","KN296732v1","2013890","2014190","35","40554076"
"chr6","42571085","42571328","KN296430v1","320191","320446","47","42250894"
"chr6","42573960","42574255","KN296495v1","515609","515900","37","42058351"
"chr6","42577803","42578098","KN296153v1","3677943","3678242","46","38899860"
"chr6","42578337","42578629","KN295907v1","1253096","1253393","38","41325241"
"chr6","42602943","42603247","KN295705v1","1369810","1370111","35","41233133"
"chr6","42627552","42627865","KN296495v1","564337","564651","27","42063215"
"chr6","42711392","42711697","KN295923v1","520307","520606","31","42191085"
"chr6","42719677","42719976","KN296495v1","654099","654402","29","42065578"
"chr6","42729766","42730065","KN297159v1","1593950","1594247","37","41135816"
"chr6","42746604","42746881","KN296495v1","684869","685152","25","42061735"
"chr6","42751782","42752072","KN297165v1","1143723","1144010","33","41608059"
"chr6","42760348","42760634","KN295022v1","486627","486913","29","42273721"
"chr6","42780981","42781287","KN297452v1","2293568","2293874","36","40487413"
"chr6","42784825","42785121","KN295117v1","272158","272456","38","42512667"
"chr6","42790249","42790501","KN295368v1","1479754","1480004","35","41310495"
"chr6","42800462","42800760","KN296357v1","356792","357093","37","42443670"
"chr6","42825749","42826042","KN294260v1","1839383","1839676","35","40986366"
"chr6","42872534","42872844","KN296557v1","607512","607820","37","42265022"
"chr6","42962811","42963107","KN296712v1","16206","16501","39","42946605"
"chr6","43008616","43008928","KN295114v1","20941","21251","35","42987675"
"chr6","43025137","43025449","KN296495v1","965079","965394","28","42060058"
"chr6","43052315","43052513","KN296495v1","992432","992621","25","42059883"
"chr6","43079345","43079635","KN296495v1","1017754","1018047","21","42061591"
"chr6","43120114","43120408","KN294407v1","2733858","2734151","33","40386256"
"chr6","43136633","43136936","KN296495v1","1077786","1078083","28","42058847"
"chr6","43142028","43142313","KN294407v1","270000","270288","32","42872028"
"chr6","43142503","43142775","KN294570v1","334630","334905","57","42807873"
"chr6","43149686","43149993","KN296495v1","1092065","1092362","23","42057621"
"chr6","43225230","43225536","KN296495v1","1165822","1166124","31","42059408"
"chr6","43250344","43250657","KN295114v1","20941","21251","35","43229403"
"chr6","43287313","43287594","KN296495v1","1225903","1226193","24","42061410"
"chr6","43299761","43300018","KN296449v1","822","1085","45","43298939"
"chr6","43300211","43300331","KN297165v1","1033125","1033239","13","42267086"
"chr6","43321913","43322181","KN294842v1","356601","356874","39","42965312"
"chr6","43328925","43329220","KN296495v1","1263065","1263358","26","42065860"
"chr6","43342061","43342362","KN297219v1","1840127","1840418","42","41501934"
"chr6","43345494","43345787","KN294571v1","1694112","1694408","34","41651382"
"chr6","43350669","43350968","KN294917v1","407238","407538","41","42943431"
"chr6","43392324","43392621","KN296495v1","1330602","1330901","24","42061722"
"chr6","43402112","43402420","KN296158v1","1672506","1672810","38","41729606"
"chr6","43414688","43414994","KN296495v1","1353314","1353616","30","42061374"
"chr6","43542348","43542642","KN294837v1","303054","303351","36","43239294"
"chr6","43549265","43549559","KN295996v1","997185","997479","42","42552080"
"chr6","43562680","43562987","KN294685v1","34357","34661","46","43528323"
"chr6","43578962","43579263","KN295441v1","1489275","1489572","34","42089687"
"chr6","43592905","43593194","KN297408v1","21949","22242","41","43570956"
"chr6","43603760","43604063","KN295382v1","230497","230807","24","43373263"
"chr6","43606176","43606483","KN295350v1","728248","728552","34","42877928"
"chr6","43607721","43608019","KN295294v1","334706","334991","48","43273015"
"chr6","43610754","43611100","KN296495v1","1557928","1558239","62","42052826"
"chr6","43619240","43619551","KN297452v1","30736","31042","27","43588504"
"chr6","43641200","43641492","KN294842v1","1292189","1292485","34","42349011"
"chr6","43686912","43687211","KN296311v1","3721408","3721707","29","39965504"
"chr6","43697112","43697417","KN296495v1","1634948","1635255","36","42062164"
"chr6","43718080","43718255","KN294365v1","1404625","1404795","23","42313455"
"chr6","43733961","43734270","KN295667v1","1687893","1688204","34","42046068"
"chr6","43740671","43740952","KN295368v1","2824619","2824891","42","40916052"
"chr6","43754368","43754674","KN294292v1","136185","136494","45","43618183"
"chr6","43832957","43833256","KN296495v1","1765868","1766188","45","42067089"
"chr6","43852295","43852592","KN296732v1","2013890","2014190","29","41838405"
"chr6","43930050","43930352","KN295263v1","261371","261683","48","43668679"
"chr6","43953719","43954021","KN296495v1","1889965","1890276","36","42063754"
"chr6","43956655","43956973","KN296365v1","615367","615677","45","43341288"
"chr6","44009519","44009821","KN296738v1","154412","154713","37","43855107"
"chr6","44048582","44048878","KN295523v1","2971379","2971678","28","41077203"
"chr6","44070083","44070353","KN296495v1","2014582","2014851","25","42055501"
"chr6","44099234","44099531","KN296062v1","2035715","2036023","38","42063519"
"chr6","44104386","44104676","KN297165v1","1143723","1144010","32","42960663"
"chr6","44110306","44110604","KN296495v1","2048829","2049125","24","42061477"
"chr6","44117665","44117968","KN296495v1","2056834","2057132","25","42060831"
"chr6","44183878","44184121","KN296495v1","2121051","2121300","23","42062827"
"chr6","44210633","44210909","KN297215v1","693594","693870","33","43517039"
"chr6","44234555","44234866","KN296495v1","2167470","2167780","22","42067085"
"chr6","44235429","44235628","KN294520v1","611114","611311","32","43624315"
"chr6","44240751","44240922","KN294372v1","1822934","1823103","25","42417817"
"chr6","44244538","44244852","KN296495v1","2177287","2177599","27","42067251"
"chr6","44245108","44245412","KN296019v1","178814","179119","30","44066294"
"chr6","44289315","44289372","KN296178v1","335280","335342","15","43954035"
"chr6","44325425","44325599","KN296495v1","2257938","2258105","25","42067487"
"chr6","44326004","44326298","KN296495v1","2056834","2057132","30","42269170"
"chr6","44340835","44341134","KN295667v1","1983","2286","28","44338852"
"chr6","44527830","44528140","KN296495v1","2462093","2462405","27","42065737"
"chr6","44681217","44681527","KN294387v1","2599087","2599393","35","42082130"
"chr6","44745708","44745812","KN295159v1","1120354","1120456","20","43625354"
"chr6","44746301","44746602","KN296495v1","2665526","2665825","28","42080775"
"chr6","44841968","44842275","KN297133v1","419676","419981","31","44422292"
"chr6","44845395","44845690","KN297197v1","1652825","1653120","36","43192570"
"chr6","44878036","44878340","KN296495v1","2786889","2787191","20","42091147"
"chr6","44884756","44885045","KN294407v1","776051","776345","36","44108705"
"chr6","44897858","44898156","KN296495v1","2806863","2807157","26","42090995"
"chr6","44947543","44947830","KN296495v1","2850939","2851226","31","42096604"
"chr6","44977197","44977492","KN296495v1","2880092","2880393","28","42097105"
"chr6","44986184","44986489","KN296495v1","2883549","2883857","39","42102635"
"chr6","45018422","45018729","KN296495v1","2912782","2913078","43","42105640"
"chr6","45027135","45027428","KN295090v1","2057671","2057967","31","42969464"
"chr6","45039845","45040148","KN296495v1","2932901","2933205","21","42106944"
"chr6","45095831","45096127","KN296495v1","2990094","2990390","30","42105737"
"chr6","45310722","45311016","KN296922v1","753461","753755","41","44557261"
"chr6","45491162","45491472","KN294407v1","2595440","2595750","29","42895722"
"chr6","45611610","45611925","KN296970v1","110002","110307","35","45501608"
"chr6","45702781","45703078","KN296133v1","239214","239508","44","45463567"
"chr6","45839391","45839686","KN296970v1","352768","353075","36","45486623"
"chr6","45845811","45845982","KN296970v1","359167","359347","22","45486644"
"chr6","46027591","46027878","KN296970v1","531518","531805","30","45496073"
"chr6","46119418","46119721","KN296970v1","619189","619495","39","45500229"
"chr6","46173797","46174085","KN296970v1","673199","673498","34","45500598"
"chr6","46358560","46358864","KN294747v1","1006978","1007284","37","45351582"
"chr6","46513600","46513896","KN297019v1","586474","586766","52","45927126"
"chr6","46630760","46631049","KN294995v1","61376","61672","40","46569384"
"chr6","46762022","46762301","KN297215v1","693594","693870","36","46068428"
"chr6","46889631","46889941","KN295161v1","391641","391948","37","46497990"
"chr6","47023494","47023801","KN295633v1","1479786","1480091","36","45543708"
"chr6","47118910","47119195","KN297233v1","1211324","1211606","40","45907586"
"chr6","47320311","47320605","KN294372v1","2006428","2006721","34","45313883"
"chr6","47480161","47480457","KN296315v1","357613","357907","44","47122548"
"chr6","47497055","47497367","KN297203v1","1796332","1796648","50","45700723"
"chr6","47572346","47572654","KN297154v1","1103871","1104181","44","46468475"
"chr6","47585112","47585388","KN296496v1","355776","356054","35","47229336"
"chr6","47680821","47681126","KN296153v1","3677943","3678242","43","44002878"
"chr6","47745916","47746215","KN294365v1","795012","795312","31","46950904"
"chr6","47807358","47807658","KN296913v1","112741","113041","36","47694617"
"chr6","47812594","47812906","KN294790v1","1555084","1555390","41","46257510"
"chr6","47898822","47899101","KN294187v1","382066","382351","48","47516756"
"chr6","47920142","47920445","KN295983v1","1536250","1536551","37","46383892"
"chr6","47951737","47952039","KN294571v1","144163","144458","52","47807574"
"chr6","48030318","48030621","KN296682v1","3779103","3779408","47","44251215"
"chr6","48075052","48075362","KN296934v1","897698","898003","49","47177354"
"chr6","48117372","48117682","KN294717v1","373979","374286","36","47743393"
"chr6","48128229","48128532","KN295708v1","1331487","1331787","34","46796742"
"chr6","48158232","48158537","KN297133v1","419676","419981","32","47738556"
"chr6","48339484","48339749","KN294230v1","24748","25024","42","48314736"
"chr6","48374069","48374378","KN295034v1","63947","64249","45","48310122"
"chr6","48376293","48376567","KN294230v1","62203","62501","46","48314090"
"chr6","48399062","48399371","KN296921v1","772309","772621","40","47626753"
"chr6","48613197","48613494","KN297050v1","118941","119241","37","48494256"
"chr6","48613512","48613801","KN294416v1","208870","209165","33","48404642"
"chr6","48770769","48771061","KN295820v1","372417","372708","41","48398352"
"chr6","49028915","49029220","KN295261v1","184681","184981","36","48844234"
"chr6","49260209","49260454","KN296280v1","120827","121074","41","49139382"
"chr6","49518487","49518781","KN294879v1","351077","351369","35","49167410"
"chr6","50095256","50095532","KN297215v1","693594","693870","36","49401662"
"chr6","50183796","50184107","KN294790v1","1526335","1526640","38","48657461"
"chr6","50238848","50239156","KN297281v1","631915","632235","30","49606933"
"chr6","50252300","50252565","KN295523v1","3618519","3618784","29","46633781"
"chr6","50260209","50260454","KN297281v1","612481","612740","36","49647728"
"chr6","50285456","50285781","KN297046v1","1520882","1521195","49","48764574"
"chr6","50305830","50306157","KN296381v1","116807","117137","47","50189023"
"chr6","50374915","50375219","KN297019v1","1233639","1233939","41","49141276"
"chr6","50566433","50566734","KN296004v1","359490","359791","39","50206943"
"chr6","50736958","50737267","KN295114v1","20941","21251","30","50716017"
"chr6","50927922","50928219","KN295580v1","1390","1690","41","50926532"
"chr6","51116225","51116521","KN294251v1","4159144","4159445","29","46957081"
"chr6","51116658","51116959","KN295983v1","1536250","1536551","34","49580408"
"chr6","51132306","51132603","KN294251v1","4142052","4142349","21","46990254"
"chr6","51366659","51366962","KN294251v1","3911011","3911311","23","47455648"
"chr6","51494605","51494915","KN295382v1","230497","230807","30","51264108"
"chr6","51505984","51506273","KN294251v1","3768621","3768905","37","47737363"
"chr6","51587586","51587898","KN295257v1","613029","613336","42","50974557"
"chr6","51624959","51625265","KN295368v1","2080316","2080619","35","49544643"
"chr6","51647502","51647786","KN294251v1","3629060","3629346","26","48018442"
"chr6","51683826","51684132","KN294251v1","3595685","3595986","23","48088141"
"chr6","51700089","51700392","KN294717v1","373979","374286","43","51326110"
"chr6","51909052","51909347","KN296145v1","339985","340281","40","51569067"
"chr6","52334613","52334892","KN294251v1","2942716","2943001","30","49391897"
"chr6","52505152","52505435","KN294251v1","2774332","2774632","38","49730820"
"chr6","52557738","52557836","KN295117v1","250395","250496","16","52307343"
"chr6","52711152","52711304","KN295596v1","2113014","2113169","29","50598138"
"chr6","52733890","52734200","KN296404v1","1938458","1938769","35","50795432"
"chr6","52972619","52972930","KN295236v1","1764741","1765042","42","51207878"
"chr6","53004012","53004313","KN296859v1","895216","895514","44","52108796"
"chr6","53007036","53007346","KN294251v1","2295086","2295402","25","50711950"
"chr6","53076928","53077220","KN294457v1","909534","909823","35","52167394"
"chr6","53116449","53116760","KN294501v1","353047","353356","35","52763402"
"chr6","53136331","53136633","KN294592v1","858057","858359","32","52278274"
"chr6","53221998","53222288","KN296495v1","178283","178580","39","53043715"
"chr6","53229236","53229538","KN294439v1","257473","257771","36","52971763"
"chr6","53231586","53231877","KN294251v1","2057577","2057867","35","51174009"
"chr6","53254383","53254667","KN294879v1","351077","351369","44","52903306"
"chr6","53278213","53278484","KN294251v1","2011223","2011484","26","51266990"
"chr6","53281651","53281966","KN295666v1","1501386","1501689","36","51780265"
"chr6","53334133","53334450","KN295375v1","132628","132930","56","53201505"
"chr6","53379475","53379778","KN294911v1","2682210","2682501","46","50697265"
"chr6","53444951","53445122","KN294825v1","467615","467810","44","52977336"
"chr6","53481602","53481908","KN296731v1","1681432","1681735","45","51800170"
"chr6","53517428","53517713","KN294251v1","1793557","1793844","32","51723871"
"chr6","53559978","53560268","KN297274v1","729634","729926","46","52830344"
"chr6","53658711","53659008","KN295350v1","405055","405352","30","53253656"
"chr6","53835631","53835948","KN297171v1","2023036","2023349","47","51812595"
"chr6","53852360","53852661","KN297046v1","2791168","2791468","38","51061192"
"chr6","53916141","53916449","KN294251v1","1467080","1467388","20","52449061"
"chr6","53920066","53920370","KN294251v1","1463399","1463691","37","52456667"
"chr6","53931718","53932028","KN295257v1","443937","444244","39","53487781"
"chr6","53942315","53942615","KN296040v1","548461","548761","34","53393854"
"chr6","53973993","53974262","KN294251v1","1409104","1409374","24","52564889"
"chr6","54020126","54020429","KN296062v1","531528","531834","34","53488598"
"chr6","54102147","54102444","KN295983v1","1536250","1536551","31","52565897"
"chr6","54121557","54121840","KN294921v1","126144","126441","62","53995413"
"chr6","54265779","54266088","KN295962v1","1921217","1921530","40","52344562"
"chr6","54272916","54273219","KN294806v1","633242","633544","33","53639674"
"chr6","54368710","54369013","KN294758v1","2189671","2189970","42","52179039"
"chr6","54417674","54417990","KN294407v1","3238857","3239167","51","51178817"
"chr6","54465439","54465732","KN294251v1","886744","887027","29","53578695"
"chr6","54733986","54734292","KN294251v1","606665","606979","33","54127321"
"chr6","54761877","54762169","KN296849v1","262325","262616","34","54499552"
"chr6","54762322","54762615","KN294571v1","1694112","1694408","39","53068210"
"chr6","54801247","54801551","KN296357v1","356792","357093","46","54444455"
"chr6","54820634","54820951","KN295988v1","500728","501042","41","54319906"
"chr6","54884865","54885175","KN295450v1","9975","10285","36","54874890"
"chr6","55113817","55114122","KN296934v1","897698","898003","29","54216119"
"chr6","55306847","55307154","KN296311v1","4668251","4668556","44","50638596"
"chr6","55403948","55404251","KN294806v1","835206","835511","31","54568742"
"chr6","55444564","55444859","KN296145v1","2774906","2775204","44","52669658"
"chr6","55445727","55445944","KN294445v1","857229","857446","18","54588498"
"chr6","55545819","55546111","KN296505v1","349884","350174","39","55195935"
"chr6","55548316","55548593","KN294445v1","748331","748605","33","54799985"
"chr6","55628505","55628805","KN294445v1","661785","662087","17","54966720"
"chr6","55683796","55684106","KN297112v1","2142636","2142946","35","53541160"
"chr6","55758608","55758938","KN296864v1","758980","759310","62","54999628"
"chr6","56083430","56083741","KN294187v1","1813627","1813934","40","54269803"
"chr6","56160924","56161230","KN294445v1","172464","172777","39","55988460"
"chr6","56174053","56174346","KN295814v1","1158228","1158525","43","55015825"
"chr6","56182024","56182330","KN294445v1","148122","148426","27","56033902"
"chr6","56314595","56314872","KN294210v1","883297","883578","34","55431298"
"chr6","56401396","56401675","KN297112v1","3992200","3992473","34","52409196"
"chr6","56403057","56403380","KN294172v1","2028047","2028349","54","54375010"
"chr6","56519233","56519516","KN297112v1","2008532","2008818","37","54510701"
"chr6","56570082","56570404","KN294571v1","2173447","2173770","52","54396635"
"chr6","56606602","56606912","KN294385v1","179933","180238","47","56426669"
"chr6","56629523","56629830","KN294685v1","1017366","1017667","42","55612157"
"chr6","56882567","56882882","KN296775v1","312693","313014","46","56569874"
"chr6","56890528","56890836","KN295209v1","634423","634725","43","56256105"
"chr6","56992047","56992340","KN296062v1","2005520","2005812","30","54986527"
"chr6","57162473","57162820","KN296153v1","675273","675614","82","56487200"
"chr6","57439232","57439536","KN295523v1","1048577","1048884","36","56390655"
"chr6","57522391","57522689","KN296054v1","53838","54144","41","57468553"
"chr6","57542309","57542617","KN294419v1","27819","28129","38","57514490"
"chr6","57584393","57584678","KN295722v1","1554813","1555112","43","56029580"
"chr6","57622852","57623145","KN294592v1","1319879","1320174","37","56302973"
"chr6","57626414","57626707","KN294592v1","1319879","1320174","37","56306535"
"chr6","57664661","57664924","KN295523v1","3618519","3618784","30","54046142"
"chr6","57845986","57846298","KN294717v1","373979","374286","32","57472007"
"chr6","57905022","57905320","KN295573v1","533265","533557","28","57371757"
"chr6","57932040","57932340","KN295550v1","1007565","1007867","31","56924475"
"chr6","58001110","58001419","KN294539v1","761382","761684","37","57239728"
"chr6","58258945","58259248","KN295523v1","2519145","2519447","36","55739800"
"chr6","59047291","59047585","KN294257v1","16456","16750","30","59030835"
"chr6","59155074","59155175","KN296387v1","163219","163322","21","58991855"
"chr6","59170977","59171268","KN296201v1","2797742","2798033","25","56373235"
"chr6","59175929","59176231","KN295501v1","1005257","1005557","40","58170672"
"chr6","59281288","59281580","KN297283v1","243048","243341","20","59038240"
"chr6","59309351","59309612","KN296036v1","213048","213309","31","59096303"
"chr6","64043020","64043328","KN296646v1","106697","107010","40","63936323"
"chr6","64213365","64213660","KN294455v1","347243","347540","35","63866122"
"chr6","64413355","64413664","KN296075v1","565878","566186","41","63847477"
"chr6","64732748","64733028","KN296138v1","59044","59334","50","64673704"
"chr6","64790547","64790847","KN294501v1","104788","105092","44","64685759"
"chr6","64854494","64854794","KN295633v1","1564358","1564658","43","63290136"
"chr6","64924394","64924496","KN294850v1","160848","160948","13","64763546"
"chr6","64927014","64927302","KN295459v1","1614660","1614952","34","63312354"
"chr6","65404226","65404536","KN295114v1","20941","21251","36","65383285"
"chr6","65716637","65716933","KN294588v1","494059","494353","35","65222578"
"chr6","65924908","65925190","KN296980v1","433309","433585","45","65491599"
"chr6","66069125","66069306","KN295931v1","449265","449438","24","65619860"
"chr6","66171957","66172251","KN294662v1","143772","144070","43","66028185"
"chr6","66326133","66326433","KN295931v1","176695","176986","31","66149438"
"chr6","66588432","66588728","KN295573v1","646494","646793","44","65941938"
"chr6","66920779","66921010","KN294365v1","1024763","1025003","36","65896016"
"chr6","66952991","66953133","KN294893v1","532188","532327","24","66420803"
"chr6","67304761","67305060","KN297032v1","364370","364652","52","66940391"
"chr6","67312912","67313219","KN296019v1","178814","179119","39","67134098"
"chr6","67324366","67324649","KN295350v1","493114","493401","43","66831252"
"chr6","67340903","67341210","KN297133v1","419676","419981","44","66921227"
"chr6","67410106","67410371","KN294739v1","994750","995002","50","66415356"
"chr6","67945764","67946033","KN295257v1","1182063","1182338","45","66763701"
"chr6","68150898","68151192","KN296759v1","638542","638840","50","67512356"
"chr6","68437329","68437590","KN297242v1","157225","157487","42","68280104"
"chr6","68502659","68502943","KN297165v1","1143723","1144010","35","67358936"
"chr6","68557506","68557814","KN294387v1","2599087","2599393","30","65958419"
"chr6","68677889","68678180","KN297046v1","3249473","3249765","37","65428416"
"chr6","68759407","68759699","KN296547v1","680816","681097","44","68078591"
"chr6","68912569","68912868","KN295907v1","1253096","1253393","35","67659473"
"chr6","68933436","68933736","KN294387v1","4147566","4147859","30","64785870"
"chr6","69039589","69039885","KN294501v1","104788","105092","41","68934801"
"chr6","69086988","69087300","KN294172v1","2162488","2162800","36","66924500"
"chr6","69477408","69477709","KN294218v1","2831459","2831758","35","66645949"
"chr6","69562969","69563270","KN295501v1","1005257","1005557","39","68557712"
"chr6","69644308","69644610","KN295983v1","1664954","1665256","34","67979354"
"chr6","69882229","69882525","KN294387v1","3213025","3213327","37","66669204"
"chr6","69914748","69915051","KN294387v1","3184639","3184932","34","66730109"
"chr6","69962729","69963037","KN296508v1","1566214","1566524","42","68396515"
"chr6","70023877","70024172","KN294387v1","3065895","3066188","26","66957982"
"chr6","70136835","70137136","KN294456v1","876419","876725","37","69260416"
"chr6","70345213","70345513","KN295112v1","343212","343513","40","70002001"
"chr6","70497213","70497510","KN294387v1","2599087","2599393","26","67898126"
"chr6","70553684","70553988","KN296959v1","76119","76425","37","70477565"
"chr6","70573537","70573755","KN294378v1","1175185","1175397","32","69398352"
"chr6","70644538","70644840","KN294378v1","46646","46948","37","70597892"
"chr6","70651772","70652026","KN294387v1","2444491","2444747","25","68207281"
"chr6","70694585","70694878","KN294911v1","4361649","4361947","31","66332936"
"chr6","70734507","70734777","KN295243v1","302117","302391","35","70432390"
"chr6","70780701","70780989","KN295586v1","2463446","2463736","40","68317255"
"chr6","70812241","70812547","KN296317v1","72","378","33","70812169"
"chr6","70816752","70817055","KN295550v1","1007565","1007867","36","69809187"
"chr6","70840370","70840688","KN294387v1","2254966","2255270","34","68585404"
"chr6","70855784","70856090","KN296062v1","165336","165642","33","70690448"
"chr6","70865578","70865859","KN294387v1","2230499","2230786","31","68635079"
"chr6","70882841","70883122","KN295923v1","1660204","1660483","34","69222637"
"chr6","70891595","70891890","KN295433v1","84723","85018","38","70806872"
"chr6","70916637","70916888","KN295430v1","1606937","1607192","37","69309700"
"chr6","70942081","70942376","KN297230v1","1127269","1127564","35","69814812"
"chr6","70949333","70949636","KN294387v1","2146654","2146956","33","68802679"
"chr6","70956089","70956289","KN296192v1","89944","90149","30","70866145"
"chr6","70959912","70960207","KN296747v1","35746","36041","32","70924166"
"chr6","71009268","71009545","KN295022v1","853750","854024","36","70155518"
"chr6","71021939","71022229","KN294387v1","2071410","2071710","27","68950529"
"chr6","71098936","71099234","KN295480v1","1447608","1447918","38","69651328"
"chr6","71121362","71121636","KN296188v1","334462","334728","42","70786900"
"chr6","71157895","71158187","KN297095v1","2087459","2087755","34","69070436"
"chr6","71518267","71518574","KN297038v1","661781","662094","36","70856486"
"chr6","71673256","71673558","KN294387v1","1455868","1456171","23","70217388"
"chr6","71757638","71757949","KN294387v1","1375936","1376244","31","70381702"
"chr6","72033824","72034113","KN294444v1","38062","38349","49","71995762"
"chr6","72041937","72042211","KN296311v1","567375","567646","39","71474562"
"chr6","72252717","72252921","KN294869v1","118409","118609","29","72134308"
"chr6","72340705","72341004","KN294387v1","799597","799894","38","71541108"
"chr6","72371441","72371733","KN296096v1","3187219","3187506","37","69184222"
"chr6","72395759","72396107","KN296036v1","1051362","1051698","56","71344397"
"chr6","72666186","72666494","KN294387v1","482938","483243","43","72183248"
"chr6","72669691","72669999","KN295236v1","3588168","3588471","40","69081523"
"chr6","72751355","72751551","KN294850v1","249119","249316","41","72502236"
"chr6","72880168","72880475","KN294292v1","136185","136494","46","72743983"
"chr6","73101551","73101861","KN295667v1","1687893","1688204","36","71413658"
"chr6","73251129","73251430","KN295854v1","1710543","1710845","28","71540586"
"chr6","73283355","73283665","KN297048v1","117690","118000","44","73165665"
"chr6","73306439","73306743","KN294387v1","2599087","2599393","36","70707352"
"chr6","73337122","73337421","KN294486v1","211247","211546","38","73125875"
"chr6","73379908","73380196","KN295117v1","329951","330239","43","73049957"
"chr6","73454850","73455154","KN296921v1","298653","298956","27","73156197"
"chr6","73513552","73513862","KN296921v1","368539","368850","33","73145013"
"chr6","73525674","73525986","KN295869v1","284557","284865","40","73241117"
"chr6","73534042","73534337","KN297322v1","1256620","1256915","39","72277422"
"chr6","73539036","73539347","KN296761v1","357373","357685","45","73181663"
"chr6","73540529","73540831","KN295919v1","100991","101296","46","73439538"
"chr6","73541756","73542060","KN296921v1","398610","398921","41","73143146"
"chr6","73559210","73559521","KN296921v1","420967","421276","31","73138243"
"chr6","73560711","73561022","KN296921v1","420967","421276","31","73139744"
"chr6","73592255","73592529","KN296921v1","454187","454454","25","73138068"
"chr6","73595761","73596042","KN295022v1","486627","486913","37","73109134"
"chr6","73630122","73630330","KN294385v1","359340","359552","28","73270782"
"chr6","73637125","73637428","KN294842v1","1112068","1112365","44","72525057"
"chr6","73642236","73642485","KN296921v1","509871","510121","28","73132365"
"chr6","73650295","73650598","KN297023v1","706701","707004","42","72943594"
"chr6","73675087","73675401","KN295906v1","230171","230481","39","73444916"
"chr6","73681161","73681475","KN294387v1","2599087","2599393","47","71082074"
"chr6","73686988","73687307","KN296430v1","444033","444342","40","73242955"
"chr6","73690892","73691194","KN296921v1","557306","557603","48","73133586"
"chr6","73692644","73692947","KN297019v1","1233639","1233939","38","72459005"
"chr6","73708407","73708699","KN297112v1","4722576","4722877","36","68985831"
"chr6","73726263","73726573","KN295667v1","1687893","1688204","40","72038370"
"chr6","73744784","73745101","KN296154v1","1901209","1901519","39","71843575"
"chr6","73747447","73747744","KN296921v1","617211","617511","20","73130236"
"chr6","73754751","73755062","KN295114v1","20941","21251","34","73733810"
"chr6","73761545","73761743","KN294520v1","611114","611311","39","73150431"
"chr6","73772480","73772785","KN296921v1","646161","646473","35","73126319"
"chr6","73794798","73794936","KN294668v1","2179035","2179176","18","71615763"
"chr6","73795351","73795655","KN295601v1","2895150","2895452","34","70900201"
"chr6","73808349","73808669","KN295854v1","1466288","1466586","48","72342061"
"chr6","73835850","73836137","KN296921v1","709153","709442","27","73126697"
"chr6","73839965","73840253","KN296311v1","3017635","3017925","41","70822330"
"chr6","73842409","73842587","KN295540v1","168964","169143","26","73673445"
"chr6","73848842","73849146","KN296921v1","724351","724652","36","73124491"
"chr6","73869007","73869311","KN297219v1","2007419","2007720","49","71861588"
"chr6","73886929","73887228","KN295174v1","464940","465246","48","73421989"
"chr6","73901653","73901956","KN294218v1","2831459","2831758","32","71070194"
"chr6","73907013","73907310","KN296732v1","2013890","2014190","39","71893123"
"chr6","73910872","73911152","KN296921v1","781801","782097","31","73129071"
"chr6","73913629","73913923","KN296921v1","784565","784861","22","73129064"
"chr6","73947996","73948307","KN295154v1","316910","317223","39","73631086"
"chr6","73968451","73968746","KN294407v1","2733858","2734151","37","71234593"
"chr6","73985312","73985614","KN294181v1","1399214","1399517","35","72586098"
"chr6","73988300","73988592","KN294739v1","998889","999185","37","72989411"
"chr6","74082640","74082943","KN296430v1","666666","666968","31","73415974"
"chr6","74113376","74113679","KN295236v1","4576569","4576870","38","69536807"
"chr6","74226010","74226314","KN296921v1","1090263","1090568","29","73135747"
"chr6","74613919","74614171","KN294569v1","42139","42403","41","74571780"
"chr6","74762164","74762455","KN296435v1","3246212","3246499","36","71515952"
"chr6","75147083","75147391","KN295977v1","249013","249314","44","74898070"
"chr6","75516985","75517270","KN296921v1","2277511","2277794","24","73239474"
"chr6","75589013","75589322","KN294387v1","2599087","2599393","42","72989926"
"chr6","75634458","75634754","KN296921v1","2391849","2392149","25","73242609"
"chr6","75699458","75699745","KN296921v1","2460847","2461125","30","73238611"
"chr6","75897341","75897640","KN294662v1","79885","80185","37","75817456"
"chr6","75913508","75913815","KN296921v1","2666797","2667113","36","73246711"
"chr6","75932121","75932409","KN295871v1","407719","408019","42","75524402"
"chr6","75955552","75955847","KN294218v1","2831459","2831758","30","73124093"
"chr6","76017566","76017880","KN296921v1","2769873","2770187","33","73247693"
"chr6","76098014","76098296","KN296732v1","2830820","2831104","35","73267194"
"chr6","76157324","76157619","KN296921v1","2915851","2916148","34","73241473"
"chr6","76179544","76179849","KN295096v1","2124655","2124956","43","74054889"
"chr6","76181265","76181568","KN296921v1","2939010","2939318","30","73242255"
"chr6","76184569","76184867","KN296921v1","2942345","2942640","20","73242224"
"chr6","76280679","76280973","KN295501v1","902998","903291","33","75377681"
"chr6","76328756","76329047","KN295257v1","604948","605238","37","75723808"
"chr6","76335770","76336116","KN294526v1","465827","466190","75","75869943"
"chr6","76336749","76337097","KN294526v1","465827","466190","78","75870922"
"chr6","76574793","76575089","KN294239v1","334831","335118","42","76239962"
"chr6","77106753","77106976","KN294498v1","153122","153333","25","76953631"
"chr6","77523366","77523660","KN297230v1","1127269","1127564","38","76396097"
"chr6","77621050","77621351","KN297038v1","1346779","1347081","35","76274271"
"chr6","77842510","77842818","KN296095v1","120919","121225","24","77721591"
"chr6","77864221","77864537","KN296095v1","140769","141071","45","77723452"
"chr6","78266368","78266662","KN296365v1","113780","114072","34","78152588"
"chr6","78269086","78269390","KN295480v1","2672652","2672956","42","75596434"
"chr6","78434003","78434314","KN295114v1","20941","21251","34","78413062"
"chr6","78812470","78812794","KN294264v1","371563","371884","43","78440907"
"chr6","78854341","78854638","KN294416v1","208870","209165","35","78645471"
"chr6","79310237","79310536","KN296311v1","3721408","3721707","36","75588829"
"chr6","79311109","79311402","KN296515v1","73866","74164","35","79237243"
"chr6","79331862","79332161","KN296515v1","90833","91141","27","79241029"
"chr6","79375491","79375779","KN295610v1","346665","346955","39","79028826"
"chr6","79642225","79642521","KN296515v1","400847","401144","26","79241378"
"chr6","79775124","79775427","KN296515v1","516925","517218","28","79258199"
"chr6","79825597","79825897","KN294539v1","761382","761684","32","79064215"
"chr6","79897470","79897760","KN296515v1","625921","626208","31","79271549"
"chr6","79962042","79962351","KN296515v1","687748","688058","23","79274294"
"chr6","80024341","80024647","KN295705v1","1369810","1370111","41","78654531"
"chr6","80083271","80083515","KN294271v1","1104424","1104671","36","78978847"
"chr6","80121334","80121638","KN296515v1","860446","860749","23","79260888"
"chr6","80142352","80142525","KN295987v1","271542","271712","22","79870810"
"chr6","80154278","80154576","KN294713v1","679833","680136","44","79474445"
"chr6","80216518","80216858","KN296515v1","953338","953668","64","79263180"
"chr6","80312928","80313082","KN296635v1","1644884","1645014","38","78668044"
"chr6","80412362","80412660","KN296635v1","4569193","4569490","36","75843169"
"chr6","80473087","80473392","KN297046v1","3565105","3565411","39","76907982"
"chr6","80683954","80684251","KN294848v1","411161","411460","33","80272793"
"chr6","80739596","80739901","KN296934v1","897698","898003","38","79841898"
"chr6","81744850","81745154","KN296326v1","701922","702230","30","81042928"
"chr6","81905623","81905838","KN294992v1","218793","219017","34","81686830"
"chr6","82051608","82051892","KN295854v1","1156990","1157275","37","80894618"
"chr6","82362097","82362399","KN294662v1","79885","80185","37","82282212"
"chr6","82373631","82373928","KN295983v1","1536250","1536551","34","80837381"
"chr6","82443335","82443645","KN295107v1","435752","436065","36","82007583"
"chr6","82534151","82534444","KN294260v1","1839383","1839676","37","80694768"
"chr6","82535677","82535986","KN296580v1","489999","490308","46","82045678"
"chr6","82615439","82615738","KN294443v1","1305914","1306212","41","81309525"
"chr6","82631647","82631952","KN296357v1","706115","706421","28","81925532"
"chr6","82632468","82632782","KN295413v1","22638","22943","46","82609830"
"chr6","82710230","82710528","KN295825v1","2280537","2280840","41","80429693"
"chr6","82768985","82769265","KN294172v1","6258303","6258586","36","76510682"
"chr6","82787247","82787550","KN295601v1","2895150","2895452","36","79892097"
"chr6","82788708","82788926","KN294407v1","2792647","2792885","63","79996061"
"chr6","82791452","82791767","KN296732v1","2013890","2014190","49","80777562"
"chr6","82796539","82796816","KN294524v1","24394","24676","50","82772145"
"chr6","82809551","82809729","KN296119v1","3625254","3625431","27","79184297"
"chr6","82836657","82836957","KN294697v1","98914","99214","38","82737743"
"chr6","82839960","82840247","KN295267v1","1005808","1006094","36","81834152"
"chr6","82842131","82842427","KN297008v1","3405455","3405752","33","79436676"
"chr6","82897969","82898267","KN296495v1","2056834","2057132","37","80841135"
"chr6","82906754","82907061","KN296357v1","706115","706421","33","82200639"
"chr6","82932383","82932672","KN296759v1","638542","638840","34","82293841"
"chr6","83205228","83205502","KN297165v1","3420478","3420753","43","79784750"
"chr6","83367044","83367316","KN294233v1","693280","693548","45","82673764"
"chr6","83750681","83750964","KN296685v1","285639","285930","43","83465042"
"chr6","83771548","83771849","KN294387v1","2599087","2599393","35","81172461"
"chr6","83862652","83862768","KN294911v1","2541337","2541450","16","81321315"
"chr6","83936856","83937155","KN294571v1","1546303","1546607","39","82390553"
"chr6","84036882","84037141","KN296201v1","586124","586387","36","83450758"
"chr6","84293574","84293885","KN295708v1","1599062","1599372","33","82694512"
"chr6","84308021","84308320","KN295523v1","1281777","1282072","32","83026244"
"chr6","84446350","84446643","KN297078v1","312102","312402","44","84134248"
"chr6","84447782","84448087","KN296153v1","3677943","3678242","36","80769839"
"chr6","84534681","84534948","KN296201v1","586124","586387","31","83948557"
"chr6","84544936","84545231","KN296315v1","1652825","1653122","40","82892111"
"chr6","84548599","84548835","KN294451v1","1194196","1194434","37","83354403"
"chr6","84548973","84549270","KN295523v1","985733","986032","35","83563240"
"chr6","84597427","84597723","KN296062v1","2106200","2106493","32","82491227"
"chr6","84789343","84789640","KN294457v1","1379597","1379899","33","83409746"
"chr6","84864198","84864495","KN296153v1","3677943","3678242","33","81186255"
"chr6","84905753","84906044","KN295090v1","1657716","1658013","35","83248037"
"chr6","85081367","85081696","KN295459v1","775816","776132","47","84305551"
"chr6","85188468","85188763","KN296040v1","568932","569222","39","84619536"
"chr6","85209644","85209939","KN295523v1","296488","296786","46","84913156"
"chr6","85307652","85307948","KN296732v1","2013890","2014190","29","83293762"
"chr6","85571559","85571866","KN294387v1","2599087","2599393","31","82972472"
"chr6","85950703","85951039","KN297390v1","1440403","1440738","48","84510300"
"chr6","85952086","85952381","KN295893v1","1337385","1337679","28","84614701"
"chr6","86018479","86018755","KN295523v1","4195930","4196206","46","81822549"
"chr6","86020802","86021105","KN295236v1","1764741","1765042","34","84256061"
"chr6","86024190","86024498","KN296290v1","702538","702843","34","85321652"
"chr6","86106374","86106670","KN294172v1","4761492","4761794","39","81344882"
"chr6","86130394","86130690","KN294172v1","2293140","2293433","41","83837254"
"chr6","86135065","86135367","KN295117v1","285369","285672","37","85849696"
"chr6","86142773","86143073","KN295117v1","272158","272456","39","85870615"
"chr6","86182759","86183056","KN294264v1","261999","262293","34","85920760"
"chr6","86236802","86237108","KN295667v1","1687893","1688204","37","84548909"
"chr6","86243877","86244178","KN295079v1","1130501","1130805","31","85113376"
"chr6","86310579","86310870","KN294172v1","1363157","1363452","30","84947422"
"chr6","86320420","86320676","KN295236v1","1590318","1590576","35","84730102"
"chr6","86345467","86345761","KN294995v1","61376","61672","46","86284091"
"chr6","86955902","86956200","KN296153v1","3677943","3678242","33","83277959"
"chr6","87536295","87536610","KN294842v1","133378","133687","48","87402917"
"chr6","87635083","87635407","KN296357v1","706115","706421","50","86928968"
"chr6","87726926","87727230","KN296508v1","954335","954642","36","86772591"
"chr6","87735752","87736062","KN294444v1","165242","165552","38","87570510"
"chr6","87763365","87763660","KN295090v1","1358538","1358830","40","86404827"
"chr6","87790523","87790645","KN295045v1","1398170","1398297","28","86392353"
"chr6","88006286","88006579","KN296133v1","239214","239508","36","87767072"
"chr6","88026063","88026362","KN296732v1","2013890","2014190","29","86012173"
"chr6","88031907","88032207","KN294387v1","2599087","2599393","33","85432820"
"chr6","88095595","88095897","KN294407v1","249623","249924","34","87845972"
"chr6","88153126","88153416","KN296749v1","503583","503870","38","87649543"
"chr6","88161944","88162109","KN297047v1","2439132","2439293","24","85722812"
"chr6","88166997","88167317","KN295633v1","45929","46252","53","88121068"
"chr6","88178491","88178772","KN295319v1","14065","14366","45","88164426"
"chr6","88253670","88253972","KN295236v1","4576569","4576870","37","83677101"
"chr6","88265114","88265430","KN295171v1","675269","675580","38","87589845"
"chr6","88285897","88286198","KN296357v1","706115","706421","47","87579782"
"chr6","88298048","88298290","KN295814v1","1064739","1064989","38","87233309"
"chr6","88366588","88366889","KN295697v1","189742","190043","33","88176846"
"chr6","88393128","88393440","KN297046v1","2404296","2404613","50","85988832"
"chr6","88395363","88395663","KN294856v1","296536","296838","37","88098827"
"chr6","88401141","88401469","KN296926v1","705887","706201","53","87695254"
"chr6","88406841","88407129","KN294224v1","463368","463648","35","87943473"
"chr6","88409704","88410001","KN294911v1","4361649","4361947","29","84048055"
"chr6","88418229","88418516","KN294621v1","18106","18379","49","88400123"
"chr6","88467288","88467581","KN297314v1","117021","117312","36","88350267"
"chr6","88532526","88532823","KN294758v1","374673","374971","38","88157853"
"chr6","88571884","88572115","KN294949v1","1102235","1102466","43","87469649"
"chr6","88575786","88576099","KN295605v1","293868","294178","39","88281918"
"chr6","88612256","88612556","KN296381v1","74782","75080","28","88537474"
"chr6","88708781","88709086","KN294539v1","761382","761684","35","87947399"
"chr6","88713243","88713542","KN296404v1","106219","106515","34","88607024"
"chr6","88719953","88720258","KN295977v1","249013","249314","33","88470940"
"chr6","88790873","88791176","KN296486v1","491917","492220","41","88298956"
"chr6","88897851","88898155","KN295328v1","181427","181729","28","88716424"
"chr6","89132092","89132396","KN297019v1","1233639","1233939","38","87898453"
"chr6","89433227","89433529","KN297019v1","1233639","1233939","35","88199588"
"chr6","89451765","89452057","KN296759v1","638542","638840","40","88813223"
"chr6","89456639","89456955","KN294717v1","373979","374286","40","89082660"
"chr6","89561548","89561821","KN296062v1","657166","657452","47","88904382"
"chr6","89637260","89637561","KN295984v1","2017502","2017807","36","87619758"
"chr6","89653382","89653669","KN297190v1","4000420","4000702","44","85652962"
"chr6","89656024","89656150","KN296844v1","457555","457676","15","89198469"
"chr6","89668168","89668463","KN294172v1","4761492","4761794","41","84906676"
"chr6","89737664","89737969","KN297112v1","6753976","6754276","42","82983688"
"chr6","89742944","89743233","KN294911v1","3820095","3820391","35","85922849"
"chr6","89762616","89762916","KN296495v1","2056834","2057132","35","87705782"
"chr6","89804625","89804901","KN295523v1","4168361","4168642","40","85636264"
"chr6","89809459","89809773","KN296934v1","897698","898003","35","88911761"
"chr6","89816765","89817081","KN294717v1","373979","374286","44","89442786"
"chr6","89872878","89873174","KN294842v1","1112068","1112365","33","88760810"
"chr6","89949958","89950277","KN296119v1","5501641","5501951","50","84448317"
"chr6","89975081","89975373","KN295077v1","585208","585503","33","89389873"
"chr6","90027735","90028039","KN296498v1","407155","407462","36","89620580"
"chr6","90049196","90049494","KN294218v1","2831459","2831758","37","87217737"
"chr6","90071689","90071998","KN296508v1","954335","954642","36","89117354"
"chr6","90075066","90075361","KN296849v1","511227","511527","37","89563839"
"chr6","90076329","90076568","KN294218v1","1748695","1748937","39","88327634"
"chr6","90102454","90102584","KN296485v1","590442","590571","18","89512012"
"chr6","90236565","90236874","KN296035v1","338193","338502","30","89898372"
"chr6","90241720","90242018","KN296153v1","3677943","3678242","30","86563777"
"chr6","90274610","90274909","KN295480v1","1840125","1840429","40","88434485"
"chr6","90304707","90305009","KN294451v1","403510","403808","33","89901197"
"chr6","90357125","90357424","KN296731v1","1681432","1681735","42","88675693"
"chr6","90379342","90379633","KN295667v1","113157","113445","44","90266185"
"chr6","90394821","90395119","KN296153v1","3677943","3678242","33","86716878"
"chr6","90402799","90403076","KN297203v1","1790563","1790848","42","88612236"
"chr6","90433354","90433664","KN294705v1","1775058","1775369","40","88658296"
"chr6","90436693","90436994","KN295586v1","2269065","2269364","40","88167628"
"chr6","90458704","90459015","KN294239v1","1346777","1347086","37","89111927"
"chr6","90464734","90465032","KN295803v1","664277","664575","32","89800457"
"chr6","90465414","90465715","KN296404v1","1938458","1938769","42","88526956"
"chr6","90465896","90466199","KN294456v1","981844","982144","40","89484052"
"chr6","90544358","90544666","KN294387v1","2599087","2599393","37","87945271"
"chr6","90546668","90546966","KN296934v1","897698","898003","33","89648970"
"chr6","90624974","90625278","KN296934v1","897698","898003","31","89727276"
"chr6","90651254","90651564","KN295315v1","250826","251139","38","90400428"
"chr6","90688732","90689027","KN294469v1","309875","310177","36","90378857"
"chr6","90745543","90745827","KN294161v1","590477","590758","32","90155066"
"chr6","90811968","90812276","KN295501v1","1005257","1005557","39","89806711"
"chr6","91004774","91005080","KN295550v1","1007565","1007867","33","89997209"
"chr6","91106487","91106801","KN295962v1","1921217","1921530","39","89185270"
"chr6","92008142","92008450","KN297106v1","685441","685753","29","91322701"
"chr6","92184847","92185133","KN297106v1","510643","510926","38","91674204"
"chr6","92786751","92787053","KN294970v1","94255","94531","50","92692496"
"chr6","92926170","92926459","KN294970v1","243804","244101","44","92682366"
"chr6","92936979","92937265","KN295236v1","4288094","4288382","39","88648885"
"chr6","92942502","92942790","KN295601v1","3073300","3073589","35","89869202"
"chr6","93024800","93025092","KN295523v1","296488","296786","36","92728312"
"chr6","93049946","93050237","KN295717v1","1727504","1727793","45","91322442"
"chr6","93336508","93336810","KN294287v1","233073","233375","36","93103435"
"chr6","93795099","93795422","KN294407v1","2599527","2599837","48","91195572"
"chr6","93944419","93944702","KN294705v1","784606","784890","39","93159813"
"chr6","94053415","94053733","KN296934v1","897698","898003","44","93155717"
"chr6","94060272","94060586","KN295962v1","340662","340963","45","93719610"
"chr6","94126695","94126992","KN297276v1","182647","182946","38","93944048"
"chr6","94347389","94347668","KN294521v1","570667","570940","51","93776722"
"chr6","94429812","94430144","KN297008v1","561155","561484","65","93868657"
"chr6","94495016","94495319","KN294668v1","2076710","2077017","44","92418306"
"chr6","94693919","94694227","KN294717v1","373979","374286","41","94319940"
"chr6","94723812","94724131","KN296486v1","698399","698705","52","94025413"
"chr6","94854759","94855049","KN297274v1","999103","999390","38","93855656"
"chr6","95005655","95005948","KN296682v1","1906340","1906636","35","93099315"
"chr6","95023489","95023796","KN297019v1","1263163","1263468","41","93760326"
"chr6","95187661","95187956","KN295729v1","1473593","1473887","35","93714068"
"chr6","95259709","95259767","KN295883v1","923303","923360","23","94336406"
"chr6","95259803","95259913","KN297159v1","772276","772397","35","94487527"
"chr6","95261747","95261805","KN295220v1","251160","251215","23","95010587"
"chr6","95261837","95261951","KN297159v1","772276","772397","31","94489561"
"chr6","95745035","95745292","KN294444v1","3297","3556","40","95741738"
"chr6","95972616","95972924","KN296311v1","4819781","4820090","41","91152835"
"chr6","96010307","96010621","KN294717v1","373979","374286","43","95636328"
"chr6","96104526","96104809","KN296508v1","388480","388764","42","95716046"
"chr6","96278463","96278772","KN295382v1","230497","230807","35","96047966"
"chr6","96316860","96317159","KN296404v1","106219","106515","37","96210641"
"chr6","96323352","96323656","KN296684v1","90511","90817","30","96232841"
"chr6","96324634","96324937","KN296684v1","91790","92080","37","96232844"
"chr6","96396947","96397258","KN296684v1","172035","172331","39","96224912"
"chr6","96402989","96403271","KN296684v1","178321","178603","32","96224668"
"chr6","96581707","96582005","KN294842v1","690378","690679","32","95891329"
"chr6","96790690","96790997","KN295988v1","954829","955141","41","95835861"
"chr6","97122522","97122830","KN295480v1","1210004","1210299","51","95912518"
"chr6","97144988","97145288","KN296357v1","356792","357093","34","96788196"
"chr6","97233308","97233598","KN296316v1","286448","286738","34","96946860"
"chr6","97299355","97299668","KN294705v1","133400","133697","69","97165955"
"chr6","97764505","97764812","KN294717v1","373979","374286","31","97390526"
"chr6","98008601","98008689","KN297190v1","10394","10480","16","97998207"
"chr6","98104316","98104622","KN296153v1","3677943","3678242","42","94426373"
"chr6","98128660","98128958","KN296119v1","3368813","3369111","28","94759847"
"chr6","98166669","98166955","KN294493v1","1430297","1430587","43","96736372"
"chr6","98217010","98217302","KN295666v1","1744219","1744511","40","96472791"
"chr6","98292337","98292641","KN295725v1","1996226","1996536","36","96296111"
"chr6","98325070","98325185","KN295767v1","54296","54406","22","98270774"
"chr6","98349380","98349691","KN294181v1","2024281","2024593","42","96325099"
"chr6","98572858","98573016","KN296959v1","987324","987481","22","97585534"
"chr6","98673273","98673423","KN296096v1","771802","771950","25","97901471"
"chr6","98765692","98765955","KN295658v1","304247","304503","33","98461445"
"chr6","98873823","98874137","KN294264v1","371563","371884","43","98502260"
"chr6","98970868","98971166","KN296337v1","964755","965056","36","98006113"
"chr6","99064384","99064662","KN296496v1","355776","356054","41","98708608"
"chr6","99115051","99115359","KN295506v1","37652","37965","30","99077399"
"chr6","99191345","99191650","KN295506v1","114963","115266","30","99076382"
"chr6","99823135","99823430","KN296096v1","3183138","3183434","44","96639997"
"chr6","99998912","99999196","KN296108v1","63524","63807","44","99935388"
"chr6","100062066","100062369","KN296205v1","389648","389963","35","99672418"
"chr6","100081497","100081796","KN296205v1","409290","409599","41","99672207"
"chr6","100192811","100193108","KN297314v1","117021","117312","45","100075790"
"chr6","100213986","100214294","KN295708v1","1331487","1331787","40","98882499"
"chr6","100263750","100264058","KN296205v1","578898","579211","35","99684852"
"chr6","100271557","100271850","KN297044v1","811314","811606","37","99460243"
"chr6","100289318","100289597","KN296205v1","605596","605883","32","99683722"
"chr6","100292150","100292455","KN296205v1","608014","608326","35","99684136"
"chr6","100295560","100295716","KN296508v1","1877204","1877364","23","98418356"
"chr6","100301165","100301452","KN296205v1","617690","617977","18","99683475"
"chr6","100331018","100331310","KN296205v1","646941","647234","29","99684077"
"chr6","100355345","100355644","KN296205v1","671612","671911","18","99683733"
"chr6","100378373","100378677","KN294470v1","2793388","2793686","33","97584985"
"chr6","100407980","100408266","KN296205v1","719237","719524","22","99688743"
"chr6","100610340","100610650","KN296205v1","902425","902738","38","99707915"
"chr6","100630709","100631010","KN295983v1","1536250","1536551","36","99094459"
"chr6","100707839","100708146","KN296205v1","999666","999972","33","99708173"
"chr6","101020324","101020638","KN296281v1","60300","60607","37","100960024"
"chr6","101069084","101069366","KN294875v1","155386","155661","32","100913698"
"chr6","101307314","101307606","KN294264v1","261999","262293","34","101045315"
"chr6","101426254","101426528","KN294911v1","2713981","2714262","47","98712273"
"chr6","102038251","102038553","KN294790v1","5125489","5125793","51","96912762"
"chr6","102074559","102074863","KN294479v1","407742","408032","46","101666817"
"chr6","102103430","102103697","KN296315v1","779717","779979","46","101323713"
"chr6","102150722","102151027","KN294717v1","373979","374286","38","101776743"
"chr6","102164864","102165141","KN295090v1","523438","523719","38","101641426"
"chr6","102180926","102181206","KN296314v1","33229","33508","36","102147697"
"chr6","102236629","102236956","KN295666v1","681337","681661","56","101555292"
"chr6","102393131","102393405","KN296761v1","632415","632690","45","101760716"
"chr6","102460004","102460314","KN296357v1","706115","706421","34","101753889"
"chr6","102541194","102541299","KN296117v1","86443","86544","19","102454751"
"chr6","102591628","102591933","KN295171v1","1420524","1420825","42","101171104"
"chr6","102773044","102773351","KN294717v1","373979","374286","30","102399065"
"chr6","103186684","103186991","KN296731v1","1681432","1681735","46","101505252"
"chr6","103511146","103511445","KN296723v1","83531","83827","39","103427615"
"chr6","103537421","103537549","KN296024v1","131755","131879","16","103405666"
"chr6","104015817","104016128","KN294717v1","373979","374286","45","103641838"
"chr6","104315391","104315691","KN294833v1","411386","411694","35","103904005"
"chr6","104400175","104400474","KN296557v1","291965","292264","54","104108210"
"chr6","104590607","104590901","KN294571v1","2791374","2791676","37","101799233"
"chr6","104617682","104617747","KN296486v1","1499933","1500000","19","103117749"
"chr6","104640309","104640616","KN296520v1","401670","401982","37","104238639"
"chr6","104651855","104652148","KN294833v1","91094","91383","35","104560761"
"chr6","104748386","104748692","KN295983v1","1536250","1536551","36","103212136"
"chr6","105213524","105213811","KN295022v1","486627","486913","39","104726897"
"chr6","105396593","105396886","KN294470v1","2674698","2674987","36","102721895"
"chr6","105690890","105691170","KN297190v1","6787493","6787794","59","98903397"
"chr6","105713825","105713937","KN294705v1","245942","246054","22","105467883"
"chr6","105813628","105813934","KN294387v1","2599087","2599393","37","103214541"
"chr6","105842434","105842732","KN294588v1","1492426","1492725","33","104350008"
"chr6","105854215","105854510","KN296153v1","2309746","2310040","34","103544469"
"chr6","105864832","105865126","KN295984v1","974577","974872","40","104890255"
"chr6","105877442","105877729","KN294561v1","810685","810981","32","105066757"
"chr6","105884528","105884840","KN294713v1","679833","680136","35","105204695"
"chr6","105901523","105901822","KN294407v1","855008","855306","36","105046515"
"chr6","105909002","105909286","KN296775v1","229173","229464","36","105679829"
"chr6","105910635","105910946","KN297153v1","1366929","1367240","39","104543706"
"chr6","105930615","105930918","KN296138v1","311873","312176","44","105618742"
"chr6","105945968","105946263","KN296865v1","995225","995521","31","104950743"
"chr6","105966123","105966436","KN294717v1","373979","374286","46","105592144"
"chr6","105982352","105982655","KN296357v1","356792","357093","37","105625560"
"chr6","106032622","106032923","KN294229v1","205014","205325","50","105827608"
"chr6","106056004","106056301","KN294257v1","2481223","2481510","45","103574781"
"chr6","106092604","106092904","KN296311v1","5092316","5092620","37","101000288"
"chr6","106128293","106128595","KN294747v1","1001223","1001526","42","105127070"
"chr6","106176367","106176653","KN295345v1","1379880","1380168","38","104796487"
"chr6","106210000","106210315","KN294439v1","261107","261420","41","105948893"
"chr6","106215790","106216105","KN294439v1","261107","261420","41","105954683"
"chr6","106286711","106287002","KN296732v1","1322628","1322917","35","104964083"
"chr6","106457766","106458073","KN296934v1","897698","898003","37","105560068"
"chr6","106541325","106541624","KN296153v1","3677943","3678242","30","102863382"
"chr6","106684781","106685072","KN296072v1","178373","178661","38","106506408"
"chr6","106776598","106776895","KN296732v1","2013890","2014190","32","104762708"
"chr6","106950217","106950524","KN296934v1","897698","898003","39","106052519"
"chr6","106969444","106969754","KN296357v1","706115","706421","41","106263329"
"chr6","107044055","107044357","KN294717v1","373979","374286","39","106670076"
"chr6","107065422","107065691","KN297077v1","207693","207973","42","106857729"
"chr6","107090392","107090689","KN296145v1","630081","630379","31","106460311"
"chr6","107113818","107114100","KN294166v1","3148","3439","42","107110670"
"chr6","107150337","107150647","KN294229v1","205014","205325","39","106945323"
"chr6","107153064","107153356","KN296404v1","1938458","1938769","52","105214606"
"chr6","107188500","107188799","KN294407v1","249623","249924","41","106938877"
"chr6","107228602","107228862","KN297008v1","2640522","2640786","33","104588080"
"chr6","107331382","107331685","KN297133v1","419676","419981","34","106911706"
"chr6","107338414","107338723","KN297274v1","62324","62636","30","107276090"
"chr6","107390273","107390584","KN295725v1","1996226","1996536","40","105394047"
"chr6","107441377","107441669","KN295996v1","997185","997479","36","106444192"
"chr6","107452505","107452794","KN296311v1","6697645","6697933","37","100754860"
"chr6","107454099","107454400","KN294161v1","265801","266094","39","107188298"
"chr6","107548565","107548874","KN295667v1","1687893","1688204","38","105860672"
"chr6","107602886","107603189","KN294443v1","1305914","1306212","33","106296972"
"chr6","107686552","107686863","KN297165v1","1902812","1903121","43","105783740"
"chr6","107687194","107687513","KN295667v1","1687893","1688204","43","105999301"
"chr6","107716172","107716477","KN296290v1","702538","702843","35","107013634"
"chr6","107732927","107733107","KN296119v1","3625254","3625431","27","104107673"
"chr6","107757827","107758134","KN296308v1","972132","972436","42","106785695"
"chr6","107776294","107776601","KN296062v1","165336","165642","35","107610958"
"chr6","107841851","107842140","KN294991v1","1565008","1565302","42","106276843"
"chr6","107861241","107861552","KN294728v1","1530565","1530875","35","106330676"
"chr6","107885512","107885808","KN294218v1","2831459","2831758","35","105054053"
"chr6","107924989","107925280","KN294536v1","1607732","1608024","41","106317257"
"chr6","107960261","107960569","KN296934v1","897698","898003","40","107062563"
"chr6","107968199","107968496","KN296852v1","50353","50650","28","107917846"
"chr6","107988226","107988529","KN296635v1","5170868","5171167","34","102817358"
"chr6","107999243","107999521","KN296108v1","63524","63807","40","107935719"
"chr6","108001573","108001862","KN296508v1","1602466","1602759","29","106399107"
"chr6","108002489","108002792","KN296731v1","1681432","1681735","33","106321057"
"chr6","108015254","108015550","KN295096v1","2124655","2124956","45","105890599"
"chr6","108026023","108026331","KN294365v1","795012","795312","41","107231011"
"chr6","108038670","108038974","KN295605v1","621515","621818","36","107417155"
"chr6","108053001","108053302","KN296430v1","330331","330626","32","107722670"
"chr6","108058973","108059268","KN296096v1","3183138","3183434","29","104875835"
"chr6","108085734","108085904","KN296119v1","3625254","3625431","29","104460480"
"chr6","108089981","108090275","KN297314v1","218511","218802","31","107871470"
"chr6","108102430","108102717","KN295225v1","852978","853269","38","107249452"
"chr6","108104005","108104303","KN295983v1","1536250","1536551","31","106567755"
"chr6","108109032","108109324","KN295586v1","5280357","5280650","31","102828675"
"chr6","108111119","108111272","KN296505v1","2173383","2173534","27","105937736"
"chr6","108113517","108113815","KN296153v1","3677943","3678242","31","104435574"
"chr6","108166283","108166567","KN297046v1","3326635","3326925","39","104839648"
"chr6","108192015","108192306","KN297343v1","703783","704073","36","107488232"
"chr6","108193924","108194233","KN296263v1","684495","684804","35","107509429"
"chr6","108207371","108207669","KN296119v1","6426036","6426336","34","101781335"
"chr6","108210703","108210988","KN295022v1","486627","486913","30","107724076"
"chr6","108215632","108215935","KN294167v1","219275","219575","42","107996357"
"chr6","108238957","108239266","KN295326v1","174150","174455","44","108064807"
"chr6","108266623","108266876","KN296614v1","20173","20414","49","108246450"
"chr6","108277268","108277582","KN295367v1","57325","57637","36","108219943"
"chr6","108290837","108291107","KN297219v1","2564555","2564824","37","105726282"
"chr6","108296805","108296893","KN296311v1","7909976","7910054","21","100386829"
"chr6","108307380","108307694","KN295835v1","81348","81655","48","108226032"
"chr6","108330036","108330334","KN294416v1","208870","209165","36","108121166"
"chr6","108411089","108411388","KN294161v1","265801","266094","33","108145288"
"chr6","108492494","108492794","KN297019v1","1233639","1233939","34","107258855"
"chr6","108569869","108570165","KN295371v1","227443","227744","34","108342426"
"chr6","108588485","108588787","KN294842v1","1078091","1078388","38","107510394"
"chr6","108815009","108815314","KN296311v1","5092316","5092620","36","103722693"
"chr6","108887465","108887765","KN295983v1","1164830","1165137","41","107722635"
"chr6","108914453","108914739","KN295692v1","3669223","3669509","27","105245230"
"chr6","108952208","108952508","KN296036v1","1076601","1076901","39","107875607"
"chr6","108986628","108986937","KN295077v1","585208","585503","44","108401420"
"chr6","109013998","109014303","KN294229v1","150337","150645","35","108863661"
"chr6","109021520","109021825","KN295320v1","67242","67549","37","108954278"
"chr6","109038919","109039213","KN295480v1","1210004","1210299","40","107828915"
"chr6","109043722","109044012","KN295039v1","323671","323967","32","108720051"
"chr6","109052206","109052502","KN295225v1","1170058","1170357","36","107882148"
"chr6","109123066","109123372","KN296934v1","897698","898003","31","108225368"
"chr6","109143325","109143612","KN297165v1","1143723","1144010","30","107999602"
"chr6","109156608","109156905","KN294407v1","2733858","2734151","27","106422750"
"chr6","109162800","109163101","KN296357v1","356792","357093","39","108806008"
"chr6","109178640","109178921","KN294739v1","616485","616779","51","108562155"
"chr6","109185248","109185536","KN295441v1","1712359","1712645","47","107472889"
"chr6","109233827","109234139","KN295236v1","2360987","2361301","41","106872840"
"chr6","109252936","109253034","KN295159v1","1120354","1120456","19","108132582"
"chr6","109253052","109253098","KN294548v1","705480","705513","22","108547572"
"chr6","109255116","109255411","KN297000v1","300195","300489","33","108954921"
"chr6","109281519","109281586","KN296486v1","1499933","1500000","10","107781586"
"chr6","109289131","109289430","KN294879v1","470984","471280","44","108818147"
"chr6","109316525","109316827","KN294433v1","409687","409987","35","108906838"
"chr6","109320491","109320804","KN295114v1","20941","21251","41","109299550"
"chr6","109323304","109323602","KN296502v1","1476510","1476814","29","107846794"
"chr6","109351870","109352165","KN294407v1","1931797","1932095","42","107420073"
"chr6","109365639","109365963","KN296192v1","183100","183413","54","109182539"
"chr6","109410099","109410409","KN296357v1","706115","706421","31","108703984"
"chr6","109439019","109439322","KN294874v1","934343","934646","39","108504676"
"chr6","109490079","109490372","KN295962v1","1921217","1921530","50","107568862"
"chr6","109525750","109526038","KN296913v1","1640914","1641205","46","107884836"
"chr6","109532055","109532363","KN295114v1","20941","21251","35","109511114"
"chr6","109595088","109595370","KN296311v1","715482","715765","43","108879606"
"chr6","109626812","109627115","KN296176v1","385793","386101","32","109241019"
"chr6","109671096","109671402","KN294387v1","2599087","2599393","28","107072009"
"chr6","109786907","109787219","KN294966v1","58498","58811","38","109728409"
"chr6","109921251","109921550","KN296311v1","3721408","3721707","36","106199843"
"chr6","109972048","109972340","KN295996v1","997185","997479","38","108974863"
"chr6","109978815","109979122","KN294501v1","104788","105092","34","109874027"
"chr6","110087565","110087823","KN296065v1","54144","54403","44","110033421"
"chr6","110163674","110163951","KN295883v1","126524","126801","36","110037150"
"chr6","110165034","110165349","KN296430v1","444033","444342","46","109721001"
"chr6","110218431","110218738","KN294387v1","2599087","2599393","33","107619344"
"chr6","110237756","110238065","KN297127v1","131395","131695","40","110106361"
"chr6","110263042","110263362","KN297023v1","426290","426610","40","109836752"
"chr6","110346935","110347234","KN295171v1","869545","869845","42","109477390"
"chr6","110357295","110357590","KN296828v1","198302","198584","43","110158993"
"chr6","110383713","110384012","KN295523v1","985733","986032","33","109397980"
"chr6","110423172","110423478","KN296019v1","178814","179119","29","110244358"
"chr6","110489284","110489583","KN296828v1","65249","65551","26","110424035"
"chr6","110726683","110726976","KN295601v1","2895150","2895452","39","107831533"
"chr6","110919250","110919555","KN296001v1","342938","343244","30","110576312"
"chr6","110936611","110936921","KN296306v1","2300805","2301119","36","108635806"
"chr6","110987673","110987965","KN294172v1","1490427","1490721","36","109497246"
"chr6","110990732","110990958","KN294949v1","1102235","1102466","44","109888497"
"chr6","110995842","110996155","KN295045v1","469620","469933","35","110526222"
"chr6","111002531","111002827","KN297095v1","1452898","1453193","28","109549633"
"chr6","111004397","111004710","KN296000v1","79503","79815","38","110924894"
"chr6","111089803","111090111","KN296000v1","157248","157558","36","110932555"
"chr6","111230363","111230655","KN296000v1","294525","294819","29","110935838"
"chr6","111503358","111503646","KN296503v1","453139","453424","44","111050219"
"chr6","111508814","111509125","KN296281v1","60300","60607","39","111448514"
"chr6","111596204","111596504","KN295561v1","256425","256726","39","111339779"
"chr6","111755648","111755941","KN296000v1","835673","835973","25","110919975"
"chr6","111806555","111806866","KN296000v1","889259","889563","31","110917296"
"chr6","111874953","111875258","KN295171v1","869545","869845","39","111005408"
"chr6","111882988","111883284","KN294399v1","151738","152035","38","111731250"
"chr6","111906203","111906515","KN296738v1","137767","138070","42","111768436"
"chr6","111906950","111907237","KN297219v1","858424","858713","35","111048526"
"chr6","111917384","111917662","KN296000v1","1004610","1004890","21","110912774"
"chr6","111921930","111922233","KN295708v1","1599062","1599372","51","110322868"
"chr6","111923759","111924052","KN297038v1","889517","889817","45","111034242"
"chr6","111934480","111934775","KN296000v1","1026909","1027206","26","110907571"
"chr6","111945504","111945782","KN296187v1","1378188","1378465","42","110567316"
"chr6","111967357","111967650","KN296495v1","2056834","2057132","42","109910523"
"chr6","111982593","111982863","KN297445v1","1441493","1441769","45","110541100"
"chr6","112032398","112032690","KN297197v1","3985014","3985309","37","108047384"
"chr6","112074638","112074907","KN296000v1","1174699","1174969","21","110899939"
"chr6","112081215","112081517","KN294539v1","761382","761684","40","111319833"
"chr6","112082286","112082566","KN294991v1","1510448","1510728","29","110571838"
"chr6","112122785","112123084","KN294978v1","3542058","3542363","41","108580727"
"chr6","112131540","112131841","KN295236v1","4576569","4576870","32","107554971"
"chr6","112164230","112164523","KN294932v1","178844","179137","35","111985386"
"chr6","112184822","112185123","KN295531v1","85785","86086","22","112099037"
"chr6","112268257","112268567","KN295531v1","165548","165847","34","112102709"
"chr6","112286468","112286765","KN294399v1","151738","152035","36","112134730"
"chr6","112319165","112319470","KN296831v1","783161","783465","36","111536004"
"chr6","112362157","112362455","KN296732v1","2013890","2014190","37","110348267"
"chr6","112362489","112362731","KN297165v1","2929718","2929968","42","109432771"
"chr6","112370704","112370995","KN296831v1","741716","742016","32","111628988"
"chr6","112383511","112383805","KN296831v1","735003","735297","26","111648508"
"chr6","112422944","112423242","KN296062v1","1796687","1796987","29","110626257"
"chr6","112649574","112649868","KN296831v1","470815","471099","31","112178759"
"chr6","112699223","112699524","KN297390v1","119623","119924","43","112579600"
"chr6","112755341","112755654","KN296831v1","368739","369052","30","112386602"
"chr6","112823821","112824117","KN294977v1","83660","83960","29","112740161"
"chr6","112824495","112824796","KN296404v1","106219","106515","35","112718276"
"chr6","112978630","112978915","KN296831v1","152905","153186","35","112825725"
"chr6","113170608","113170846","KN295057v1","470930","471160","49","112699678"
"chr6","113171375","113171612","KN296192v1","89944","90149","67","113081431"
"chr6","113287369","113287641","KN296496v1","355776","356054","36","112931593"
"chr6","113417218","113417419","KN294900v1","1098292","1098502","20","112318926"
"chr6","113704319","113704524","KN297154v1","992411","992612","38","112711908"
"chr6","113725972","113726270","KN294385v1","18712","19011","33","113707260"
"chr6","113746637","113746966","KN296759v1","1006825","1007155","52","112739812"
"chr6","113821324","113821635","KN296609v1","598588","598892","45","113222736"
"chr6","113990180","113990453","KN295243v1","302117","302391","35","113688063"
"chr6","114056292","114056583","KN295248v1","864102","864388","35","113192190"
"chr6","114336977","114337291","KN295573v1","172907","173205","57","114164070"
"chr6","114631865","114632162","KN294630v1","494261","494558","33","114137604"
"chr6","114688561","114688848","KN295257v1","226236","226516","45","114462325"
"chr6","114709296","114709605","KN294578v1","615670","615980","45","114093626"
"chr6","114733143","114733447","KN295375v1","132628","132930","38","114600515"
"chr6","114753141","114753347","KN294848v1","1256721","1256924","53","113496420"
"chr6","114753749","114753884","KN295984v1","2321665","2321798","27","112432084"
"chr6","114767769","114768051","KN294536v1","1723478","1723769","46","113044291"
"chr6","114839634","114839938","KN296934v1","602412","602712","38","114237222"
"chr6","114852690","114852991","KN294230v1","62203","62501","49","114790487"
"chr6","114870721","114871020","KN295350v1","405055","405352","40","114465666"
"chr6","114879520","114879808","KN296096v1","3187219","3187506","32","111692301"
"chr6","114894709","114895012","KN296435v1","2537900","2538207","40","112356809"
"chr6","114898999","114899305","KN294917v1","324485","324796","43","114574514"
"chr6","115026329","115026464","KN296094v1","253981","254118","21","114772348"
"chr6","115060008","115060304","KN296712v1","16206","16501","37","115043802"
"chr6","115062277","115062591","KN294387v1","1455868","1456171","41","113606409"
"chr6","115071076","115071416","KN296153v1","675273","675614","70","114395803"
"chr6","115076093","115076402","KN297133v1","419676","419981","39","114656417"
"chr6","115123366","115123662","KN294444v1","57733","58029","36","115065633"
"chr6","115125831","115126134","KN295236v1","1109717","1110018","45","114016114"
"chr6","115189875","115190186","KN295667v1","1687893","1688204","36","113501982"
"chr6","115297075","115297381","KN297038v1","1001144","1001443","43","114295931"
"chr6","115956474","115956829","KN296268v1","192340","192671","64","115764134"
"chr6","116157935","116158265","KN294264v1","371563","371884","58","115786372"
"chr6","116294074","116294344","KN294429v1","90633","90907","42","116203441"
"chr6","116436953","116437244","KN294561v1","767639","767926","39","115669314"
"chr6","116567852","116568149","KN294613v1","747893","748193","31","115819959"
"chr6","116698963","116699262","KN294421v1","22671","22970","40","116676292"
"chr6","116764589","116764831","KN295045v1","278001","278252","46","116486588"
"chr6","116819291","116819584","KN296193v1","51531","51819","27","116767760"
"chr6","116945920","116946210","KN294800v1","533431","533717","33","116412489"
"chr6","117206541","117206840","KN296153v1","3677943","3678242","34","113528598"
"chr6","117360457","117360657","KN294800v1","120916","121112","24","117239541"
"chr6","117433159","117433466","KN295561v1","256425","256726","39","117176734"
"chr6","117604853","117605148","KN297077v1","136016","136316","32","117468837"
"chr6","117681677","117681961","KN297165v1","1143723","1144010","35","116537954"
"chr6","117790144","117790454","KN297077v1","309673","309987","30","117480471"
"chr6","117791465","117791760","KN297077v1","310994","311293","33","117480471"
"chr6","117836748","117837045","KN294462v1","73428","73721","32","117763320"
"chr6","117880514","117880819","KN294978v1","3542058","3542363","33","114338456"
"chr6","117916189","117916500","KN297077v1","422576","422887","35","117493613"
"chr6","117959208","117959522","KN296036v1","433410","433720","41","117525798"
"chr6","118054929","118055208","KN295705v1","787690","787969","54","117267239"
"chr6","118131421","118131723","KN295350v1","243779","244085","39","117887642"
"chr6","118503913","118504193","KN295835v1","204032","204310","35","118299881"
"chr6","118558976","118559272","KN297133v1","1370295","1370592","38","117188681"
"chr6","118667774","118668085","KN295236v1","3424373","3424682","38","115243401"
"chr6","118685479","118685766","KN295073v1","883293","883586","38","117802186"
"chr6","118793973","118794122","KN294668v1","2179035","2179176","23","116614938"
"chr6","118868151","118868441","KN295825v1","1555832","1556125","38","117312319"
"chr6","119060920","119061046","KN296119v1","3494836","3494965","34","115566084"
"chr6","119068364","119068668","KN295154v1","317625","317929","41","118750739"
"chr6","119087759","119088071","KN295022v1","123209","123517","44","118964550"
"chr6","119255614","119255780","KN294739v1","741545","741703","24","118514069"
"chr6","119324897","119325196","KN294758v1","374673","374971","28","118950224"
"chr6","119349049","119349347","KN296176v1","429663","429967","47","118919386"
"chr6","119633704","119634012","KN296731v1","1681432","1681735","37","117952272"
"chr6","119859264","119859569","KN294167v1","337010","337313","43","119522254"
"chr6","119899253","119899525","KN296609v1","672398","672674","36","119226855"
"chr6","119910083","119910379","KN295573v1","1180819","1181113","31","118729264"
"chr6","119940809","119941121","KN294181v1","930133","930441","29","119010676"
"chr6","120021491","120021794","KN295350v1","243779","244085","31","119777712"
"chr6","120097254","120097569","KN294287v1","233073","233375","47","119864181"
"chr6","120195281","120195590","KN295059v1","336835","337145","32","119858446"
"chr6","120245897","120246178","KN294521v1","570667","570940","44","119675230"
"chr6","120248101","120248273","KN296682v1","2871728","2871900","24","117376373"
"chr6","120301052","120301356","KN294387v1","2599087","2599393","32","117701965"
"chr6","120311299","120311610","KN294991v1","2085266","2085575","38","118226033"
"chr6","120474307","120474594","KN296682v1","4654198","4654485","38","115820109"
"chr6","120490669","120490940","KN296481v1","224871","225144","36","120265798"
"chr6","120549753","120549874","KN297121v1","223152","223274","10","120326601"
"chr6","120856446","120856742","KN295077v1","585208","585503","35","120271238"
"chr6","121054466","121054770","KN295057v1","559577","559877","41","120494889"
"chr6","121155676","121155985","KN296934v1","897698","898003","47","120257978"
"chr6","121162562","121162860","KN297121v1","829605","829901","29","120332957"
"chr6","121195140","121195428","KN296093v1","250319","250620","43","120944821"
"chr6","121207878","121208189","KN294292v1","136185","136494","35","121071693"
"chr6","121477888","121478182","KN297314v1","117021","117312","36","121360867"
"chr6","121503068","121503366","KN294662v1","79885","80185","38","121423183"
"chr6","121504820","121505121","KN294787v1","71690","71989","43","121433130"
"chr6","121538989","121539300","KN294842v1","167826","168129","45","121371163"
"chr6","121540729","121541040","KN294842v1","167826","168129","43","121372903"
"chr6","121680010","121680311","KN294536v1","1195413","1195715","42","120484597"
"chr6","121684697","121685004","KN296281v1","60300","60607","41","121624397"
"chr6","122027378","122027647","KN295430v1","1606937","1607192","43","120420441"
"chr6","122093234","122093557","KN297190v1","3626484","3626791","60","118466750"
"chr6","122420004","122420298","KN294387v1","2599087","2599393","41","119820917"
"chr6","122510544","122510854","KN296513v1","1545711","1546021","37","120964833"
"chr6","122569914","122570211","KN294325v1","748313","748611","39","121821601"
"chr6","122600777","122601072","KN297366v1","3064489","3064793","31","119536288"
"chr6","122671921","122672221","KN295096v1","2124655","2124956","36","120547266"
"chr6","122676594","122676891","KN297366v1","2993174","2993469","26","119683420"
"chr6","122698785","122699078","KN297366v1","2970301","2970593","31","119728484"
"chr6","123030599","123030901","KN297366v1","2630241","2630540","31","120400358"
"chr6","123140969","123141260","KN296311v1","4110039","4110330","38","119030930"
"chr6","123162477","123162779","KN296153v1","3677943","3678242","37","119484534"
"chr6","123190637","123190935","KN295744v1","643156","643450","43","122547481"
"chr6","123238865","123239175","KN297366v1","2412292","2412591","33","120826573"
"chr6","123677890","123678194","KN297219v1","2007419","2007720","45","121670471"
"chr6","123745223","123745541","KN294407v1","2595440","2595750","52","121149783"
"chr6","123749491","123749800","KN297366v1","1924380","1924687","24","121825111"
"chr6","123929447","123929743","KN297366v1","1746269","1746572","27","122183178"
"chr6","123947900","123948211","KN297366v1","1727765","1728077","39","122220135"
"chr6","124010857","124011159","KN297366v1","1665081","1665387","30","122345776"
"chr6","124209646","124209955","KN294717v1","373979","374286","33","123835667"
"chr6","124347502","124347778","KN297366v1","1332769","1333048","22","123014733"
"chr6","124354129","124354423","KN294205v1","612591","612886","37","123741538"
"chr6","124618596","124618892","KN294911v1","3820095","3820391","32","120798501"
"chr6","124706324","124706616","KN296287v1","46583","46877","35","124659741"
"chr6","124825376","124825674","KN297366v1","858555","858850","38","123966821"
"chr6","124866756","124867055","KN295586v1","2269065","2269364","31","122597691"
"chr6","124941566","124941867","KN295244v1","384903","385210","50","124556663"
"chr6","125200816","125201112","KN294325v1","748313","748611","38","124452503"
"chr6","125202012","125202299","KN296133v1","239214","239508","38","124962798"
"chr6","125244121","125244419","KN297367v1","171251","171554","35","125072870"
"chr6","125352090","125352393","KN294365v1","665653","665957","38","124686437"
"chr6","125493313","125493623","KN297366v1","186791","187098","31","125306522"
"chr6","125510837","125511112","KN297366v1","165325","165600","31","125345512"
"chr6","125667028","125667343","KN297366v1","25684","26007","39","125641344"
"chr6","125798484","125798790","KN294207v1","961111","961418","35","124837373"
"chr6","125828265","125828569","KN296513v1","2018431","2018731","41","123809834"
"chr6","125862064","125862371","KN296062v1","165336","165642","33","125696728"
"chr6","126025571","126025870","KN296528v1","1436873","1437172","40","124588698"
"chr6","126066567","126066846","KN297203v1","1790563","1790848","44","124276004"
"chr6","126068125","126068404","KN297203v1","1790563","1790848","42","124277562"
"chr6","126218242","126218539","KN294630v1","494261","494558","31","125723981"
"chr6","126259067","126259366","KN295090v1","1657716","1658013","27","124601351"
"chr6","126397874","126398151","KN295705v1","787690","787969","42","125610184"
"chr6","126456952","126457253","KN294995v1","61376","61672","32","126395576"
"chr6","126572799","126573020","KN294325v1","242229","242452","32","126330570"
"chr6","126974266","126974575","KN297133v1","419676","419981","35","126554590"
"chr6","126989826","126990121","KN294192v1","560154","560455","24","126429672"
"chr6","127078762","127079051","KN294192v1","475838","476128","21","126602924"
"chr6","127134100","127134402","KN294192v1","419491","419797","31","126714609"
"chr6","127138122","127138423","KN294856v1","296536","296838","36","126841586"
"chr6","127152077","127152369","KN294192v1","401119","401417","25","126750958"
"chr6","127159674","127159976","KN294837v1","303054","303351","40","126856620"
"chr6","127403693","127403990","KN294192v1","142948","143240","27","127260745"
"chr6","127428909","127429207","KN295474v1","973205","973501","39","126455704"
"chr6","127563819","127564128","KN295523v1","1048577","1048884","37","126515242"
"chr6","127607327","127607416","KN295004v1","76648","76734","12","127530679"
"chr6","127941660","127941953","KN294582v1","612439","612726","28","127329221"
"chr6","127958969","127959263","KN296528v1","1436873","1437172","34","126522096"
"chr6","127977489","127977804","KN296719v1","292829","293137","42","127684660"
"chr6","128091467","128091731","KN294582v1","467195","467464","36","127624272"
"chr6","128109300","128109600","KN297019v1","1233639","1233939","39","126875661"
"chr6","128245260","128245573","KN294582v1","305766","306072","31","127939494"
"chr6","128482084","128482391","KN294387v1","2599087","2599393","37","125882997"
"chr6","128489382","128489667","KN294582v1","49220","49500","30","128440162"
"chr6","128658395","128658542","KN296752v1","409305","409448","20","128249090"
"chr6","128696122","128696421","KN294172v1","4257933","4258231","43","124438189"
"chr6","128743717","128744021","KN294387v1","2599087","2599393","38","126144630"
"chr6","128813015","128813302","KN294824v1","383174","383459","39","128429841"
"chr6","129196900","129196984","KN296573v1","17183","17267","22","129179717"
"chr6","129247131","129247425","KN294809v1","576041","576347","35","128671090"
"chr6","129260873","129261182","KN295667v1","1091339","1091651","38","128169534"
"chr6","129320399","129320698","KN295977v1","249013","249314","48","129071386"
"chr6","129322048","129322338","KN294809v1","653272","653567","32","128668776"
"chr6","129374751","129375049","KN294809v1","709087","709390","37","128665664"
"chr6","129635023","129635328","KN295352v1","1411265","1411576","32","128223758"
"chr6","129753733","129754070","KN296036v1","1051362","1051698","40","128702371"
"chr6","129754842","129755152","KN294809v1","1088386","1088706","34","128666456"
"chr6","129869873","129870182","KN294809v1","1199464","1199770","25","128670409"
"chr6","130134615","130134926","KN294717v1","373979","374286","36","129760636"
"chr6","130234514","130234832","KN295571v1","618918","619228","46","129615596"
"chr6","130670150","130670454","KN295835v1","81348","81655","39","130588802"
"chr6","130693676","130693985","KN296646v1","106697","107010","41","130586979"
"chr6","130867507","130867817","KN294705v1","1582720","1583032","37","129284787"
"chr6","130926094","130926407","KN295406v1","214517","214825","37","130711577"
"chr6","130928040","130928326","KN295236v1","4088773","4089059","37","126839267"
"chr6","130989600","130989774","KN294281v1","989793","989968","22","129999807"
"chr6","130991626","130991920","KN294571v1","1012216","1012510","33","129979410"
"chr6","131001800","131002097","KN296580v1","3502","3804","35","130998298"
"chr6","131038972","131039205","KN296900v1","261449","261690","46","130777523"
"chr6","131040004","131040296","KN295907v1","2257700","2257990","33","128782304"
"chr6","131050112","131050421","KN297421v1","269231","269537","33","130780881"
"chr6","131184448","131184695","KN295439v1","95878","96137","41","131088570"
"chr6","131218760","131219060","KN296759v1","638542","638840","37","130580218"
"chr6","131266601","131266895","KN296747v1","35746","36041","34","131230855"
"chr6","131322977","131323281","KN295667v1","1687893","1688204","40","129635084"
"chr6","131348277","131348592","KN294187v1","1346864","1347175","35","130001413"
"chr6","131443060","131443357","KN294991v1","1563494","1563786","49","129879566"
"chr6","131517487","131517784","KN296004v1","249105","249401","35","131268382"
"chr6","131533837","131534130","KN296205v1","605596","605883","42","130928241"
"chr6","131534798","131535104","KN294205v1","117778","118085","41","131417020"
"chr6","131538570","131538875","KN297133v1","419676","419981","42","131118894"
"chr6","131588336","131588634","KN297259v1","1567770","1568069","38","130020566"
"chr6","131601112","131601438","KN297165v1","1902812","1903121","54","129698300"
"chr6","131759489","131759792","KN294172v1","4761492","4761794","31","126997997"
"chr6","131916578","131916861","KN296682v1","4737645","4737934","45","127178933"
"chr6","132132415","132132708","KN296138v1","388568","388863","30","131743847"
"chr6","132141401","132141668","KN296201v1","586124","586387","47","131555277"
"chr6","132169775","132170073","KN296859v1","895216","895514","40","131274559"
"chr6","132205060","132205369","KN295441v1","1618043","1618347","36","130587017"
"chr6","132246920","132247217","KN295586v1","1077188","1077483","37","131169732"
"chr6","132343627","132343807","KN294281v1","989793","989968","26","131353834"
"chr6","132375054","132375344","KN295995v1","1426233","1426527","32","130948821"
"chr6","132403548","132403857","KN294717v1","373979","374286","36","132029569"
"chr6","132451832","132452140","KN296934v1","897698","898003","37","131554134"
"chr6","132474342","132474633","KN295523v1","3974463","3974753","32","128499879"
"chr6","132476804","132477096","KN295225v1","852978","853269","34","131623826"
"chr6","132622199","132622490","KN296096v1","3187219","3187506","30","129434980"
"chr6","132687132","132687449","KN295114v1","20941","21251","46","132666191"
"chr6","132711334","132711624","KN294470v1","297734","298023","50","132413600"
"chr6","132719984","132720284","KN296809v1","750243","750541","39","131969741"
"chr6","132930237","132930461","KN297095v1","3580075","3580303","39","129350162"
"chr6","133034118","133034413","KN295077v1","585208","585503","34","132448910"
"chr6","133086657","133086968","KN295667v1","1687893","1688204","47","131398764"
"chr6","133144356","133144659","KN296580v1","3502","3804","32","133140854"
"chr6","133168818","133169123","KN295375v1","132628","132930","35","133036190"
"chr6","133233633","133233941","KN294873v1","1327978","1328280","39","131905655"
"chr6","133235732","133236024","KN296153v1","3677943","3678242","43","129557789"
"chr6","133297029","133297323","KN294536v1","1607732","1608024","33","131689297"
"chr6","133298676","133298973","KN294685v1","1072465","1072762","34","132226211"
"chr6","133489457","133489756","KN297146v1","464165","464468","39","133025292"
"chr6","133511666","133511970","KN294187v1","1813627","1813934","54","131698039"
"chr6","133619551","133619863","KN294717v1","373979","374286","33","133245572"
"chr6","133682982","133683284","KN294987v1","1351833","1352128","37","132331149"
"chr6","133969462","133969769","KN297019v1","1233639","1233939","36","132735823"
"chr6","134015077","134015370","KN296322v1","1334297","1334592","38","132680780"
"chr6","134022678","134022899","KN296934v1","764213","764429","36","133258465"
"chr6","134030672","134030980","KN295667v1","1687893","1688204","39","132342779"
"chr6","134083293","134083596","KN295983v1","1536250","1536551","34","132547043"
"chr6","134117417","134117719","KN296732v1","2013890","2014190","42","132103527"
"chr6","134125848","134126106","KN295294v1","1765418","1765674","33","132360430"
"chr6","134130061","134130328","KN295705v1","779856","780133","52","133350205"
"chr6","134174136","134174448","KN295601v1","1120041","1120354","37","133054095"
"chr6","134286452","134286750","KN297133v1","826649","826948","37","133459803"
"chr6","134323158","134323461","KN296153v1","3677943","3678242","33","130645215"
"chr6","134991428","134991734","KN297322v1","1153290","1153598","42","133838138"
"chr6","135121489","135121763","KN297231v1","73523","73799","40","135047966"
"chr6","135331135","135331431","KN294536v1","1829956","1830252","34","133501179"
"chr6","135370441","135370753","KN295605v1","439991","440299","45","134930450"
"chr6","135399003","135399282","KN296442v1","7011","7289","39","135391992"
"chr6","135519498","135519794","KN294187v1","1923674","1923970","32","133595824"
"chr6","135528514","135528606","KN295533v1","1607810","1607886","21","133920704"
"chr6","135535555","135535852","KN295090v1","276264","276560","27","135259291"
"chr6","135547794","135548079","KN296153v1","3928048","3928334","38","131619746"
"chr6","135548739","135549063","KN296609v1","1113159","1113484","44","134435580"
"chr6","135559740","135560032","KN296062v1","2106200","2106493","26","133453540"
"chr6","135570540","135570845","KN295112v1","343212","343513","38","135227328"
"chr6","135580167","135580472","KN295984v1","1146437","1146743","42","134433730"
"chr6","135595924","135596225","KN295034v1","63947","64249","39","135531977"
"chr6","135604977","135605283","KN294387v1","2599087","2599393","39","133005890"
"chr6","135650340","135650649","KN294685v1","792830","793130","36","134857510"
"chr6","135669921","135670225","KN294571v1","2791374","2791676","37","132878547"
"chr6","135676405","135676699","KN296685v1","285639","285930","33","135390766"
"chr6","135721083","135721388","KN294571v1","2791374","2791676","36","132929709"
"chr6","135722558","135722782","KN296859v1","1870551","1870779","35","133852007"
"chr6","135803996","135804291","KN297095v1","2087459","2087755","56","133716537"
"chr6","135833729","135834029","KN296153v1","3677943","3678242","33","132155786"
"chr6","135845444","135845730","KN295117v1","329951","330239","31","135515493"
"chr6","135909973","135910270","KN296119v1","5113175","5113468","32","130796798"
"chr6","135914822","135915107","KN294205v1","829567","829850","36","135085255"
"chr6","135959856","135960155","KN297095v1","2087459","2087755","41","133872397"
"chr6","136002377","136002686","KN294561v1","643982","644294","37","135358395"
"chr6","136031264","136031575","KN294375v1","935273","935584","26","135095991"
"chr6","136047562","136047803","KN294325v1","1309870","1310113","30","134737692"
"chr6","136063755","136064060","KN294806v1","998248","998555","42","135065507"
"chr6","136096534","136096843","KN294717v1","373979","374286","36","135722555"
"chr6","136136396","136136700","KN296732v1","2013890","2014190","32","134122506"
"chr6","136169244","136169547","KN294375v1","801390","801703","33","135367854"
"chr6","136178354","136178649","KN297230v1","1127269","1127564","25","135051085"
"chr6","136189544","136189800","KN294375v1","786884","787145","30","135402660"
"chr6","136213000","136213258","KN297008v1","2640522","2640786","37","133572478"
"chr6","136244345","136244655","KN294375v1","729320","729611","41","135515025"
"chr6","136269415","136269720","KN294443v1","570697","571002","42","135698718"
"chr6","136279551","136279861","KN294387v1","2599087","2599393","32","133680464"
"chr6","136353760","136354063","KN294365v1","795012","795312","41","135558748"
"chr6","136384719","136385023","KN294375v1","590707","591017","37","135794012"
"chr6","136391740","136392040","KN294375v1","583311","583608","30","135808429"
"chr6","136418015","136418312","KN294588v1","1492426","1492725","32","134925589"
"chr6","136450199","136450483","KN295350v1","636567","636846","35","135813632"
"chr6","136454261","136454554","KN295995v1","1426233","1426527","30","135028028"
"chr6","136519259","136519546","KN295607v1","4402317","4402604","35","132116942"
"chr6","136576427","136576719","KN295995v1","1426233","1426527","33","135150194"
"chr6","136581696","136581992","KN295045v1","330502","330797","34","136251194"
"chr6","136730435","136730741","KN295459v1","1552885","1553193","46","135177550"
"chr6","136942117","136942425","KN294375v1","740","1044","31","136941377"
"chr6","136997982","136998284","KN296513v1","2018431","2018731","33","134979551"
"chr6","137275657","137275960","KN297019v1","1233639","1233939","37","136042018"
"chr6","137306308","137306612","KN295204v1","12453","12759","40","137293855"
"chr6","137363555","137363852","KN294387v1","2241982","2242277","36","135121573"
"chr6","137390337","137390583","KN297307v1","44847","45104","32","137345490"
"chr6","137401307","137401607","KN294339v1","66879","67184","31","137334428"
"chr6","137645504","137645811","KN294717v1","373979","374286","43","137271525"
"chr6","137662982","137663267","KN294172v1","2999478","2999758","39","134663504"
"chr6","137664980","137665280","KN296036v1","683627","683927","27","136981353"
"chr6","137683069","137683364","KN295034v1","276974","277269","32","137406095"
"chr6","137794456","137794764","KN295117v1","285369","285672","48","137509087"
"chr6","137797091","137797284","KN295274v1","16651","16841","26","137780440"
"chr6","137884612","137884894","KN296643v1","511564","511844","37","137373048"
"chr6","137963236","137963537","KN296357v1","706115","706421","37","137257121"
"chr6","137982015","137982219","KN296982v1","394341","394527","39","137587674"
"chr6","138012353","138012654","KN294790v1","2757948","2758248","35","135254405"
"chr6","138106381","138106686","KN294439v1","261107","261420","37","137845274"
"chr6","138134861","138135165","KN296153v1","3677943","3678242","36","134456918"
"chr6","138143201","138143518","KN295605v1","621515","621818","50","137521686"
"chr6","138152917","138153219","KN294456v1","96834","97129","40","138056083"
"chr6","138184938","138185230","KN295441v1","1712359","1712645","46","136472579"
"chr6","138222388","138222687","KN295236v1","4576569","4576870","29","133645819"
"chr6","138267436","138267734","KN296404v1","1107378","1107670","47","137160058"
"chr6","138267911","138268210","KN296153v1","3677943","3678242","39","134589968"
"chr6","138286742","138287040","KN294260v1","2256979","2257275","37","136029763"
"chr6","138507165","138507458","KN297165v1","1143723","1144010","27","137363442"
"chr6","138532294","138532439","KN296825v1","1361880","1362022","20","137170414"
"chr6","138536819","138537109","KN295967v1","725729","726020","32","137811090"
"chr6","138616725","138617022","KN295893v1","7197820","7198121","31","131418905"
"chr6","138739819","138740023","KN296192v1","89944","90149","42","138649875"
"chr6","138743674","138743980","KN294717v1","373979","374286","39","138369695"
"chr6","138753628","138753934","KN294717v1","373979","374286","36","138379649"
"chr6","138765162","138765443","KN294536v1","38489","38764","55","138726673"
"chr6","138811060","138811367","KN294387v1","2599087","2599393","40","136211973"
"chr6","138877456","138877746","KN295039v1","323671","323967","35","138553785"
"chr6","138910524","138910828","KN294662v1","79885","80185","30","138830639"
"chr6","139140611","139140916","KN295984v1","1136723","1137018","52","138003888"
"chr6","139219827","139220134","KN297159v1","3314158","3314468","34","135905669"
"chr6","139443874","139444173","KN294893v1","221763","222059","36","139222111"
"chr6","139574704","139575000","KN295814v1","1158228","1158525","32","138416476"
"chr6","139619932","139620144","KN297047v1","2097813","2098032","31","137522119"
"chr6","139709833","139710132","KN295984v1","974577","974872","42","138735256"
"chr6","139761116","139761406","KN296153v1","91872","92161","35","139669244"
"chr6","139781685","139781994","KN294433v1","482950","483258","45","139298735"
"chr6","139817389","139817690","KN295501v1","1005257","1005557","35","138812132"
"chr6","139839931","139840175","KN294407v1","1241573","1241804","40","138598358"
"chr6","139849697","139849989","KN294493v1","1430297","1430587","46","138419400"
"chr6","139895724","139896026","KN294287v1","233073","233375","38","139662651"
"chr6","139998231","139998524","KN296072v1","178373","178661","33","139819858"
"chr6","140063912","140064124","KN296009v1","1395210","1395426","44","138668702"
"chr6","140102511","140102844","KN296934v1","958383","958712","41","139144128"
"chr6","140130846","140131151","KN294536v1","1859228","1859530","34","138271618"
"chr6","140171506","140171768","KN294245v1","95286","95551","39","140076220"
"chr6","140206446","140206715","KN294205v1","612591","612886","61","139593855"
"chr6","140232487","140232785","KN295907v1","1253096","1253393","37","138979391"
"chr6","140242123","140242441","KN294536v1","1195413","1195715","42","139046710"
"chr6","140248646","140248888","KN296096v1","1620529","1620760","53","138628117"
"chr6","140250030","140250337","KN296019v1","443353","443660","40","139806677"
"chr6","140256012","140256322","KN295667v1","1687893","1688204","33","138568119"
"chr6","140258328","140258627","KN297078v1","74078","74384","35","140184250"
"chr6","140279124","140279407","KN295592v1","1160942","1161229","35","139118182"
"chr6","140396169","140396479","KN296938v1","840830","841148","48","139555339"
"chr6","140405724","140406028","KN297078v1","74078","74384","47","140331646"
"chr6","140418484","140418782","KN296153v1","3677943","3678242","31","136740541"
"chr6","140443148","140443464","KN294387v1","2599087","2599393","46","137844061"
"chr6","140580151","140580458","KN294917v1","618557","618860","29","139961594"
"chr6","140612869","140613192","KN296357v1","606056","606378","46","140006813"
"chr6","140630150","140630448","KN296732v1","2013890","2014190","32","138616260"
"chr6","140639813","140640117","KN295697v1","189742","190043","43","140450071"
"chr6","140656232","140656543","KN295923v1","1231839","1232151","34","139424393"
"chr6","140685585","140685910","KN295343v1","350421","350732","50","140335164"
"chr6","140734807","140735113","KN296825v1","1629999","1630301","43","139104808"
"chr6","140737697","140738002","KN295667v1","1687893","1688204","39","139049804"
"chr6","140783363","140783577","KN296921v1","624222","624439","32","140159141"
"chr6","140839596","140839897","KN294387v1","2599087","2599393","37","138240509"
"chr6","140850867","140851152","KN295022v1","486627","486913","32","140364240"
"chr6","140867315","140867614","KN295869v1","84375","84672","37","140782940"
"chr6","140890668","140890980","KN296513v1","1545711","1546021","38","139344957"
"chr6","140891178","140891483","KN297127v1","131395","131695","35","140759783"
"chr6","140899643","140899950","KN296588v1","1228829","1229131","36","139670814"
"chr6","140932247","140932515","KN295090v1","482014","482283","35","140450233"
"chr6","140990757","140991053","KN297445v1","1326382","1326677","31","139664375"
"chr6","140994914","140995212","KN294685v1","1072465","1072762","27","139922449"
"chr6","141009761","141010057","KN294995v1","61376","61672","33","140948385"
"chr6","141119876","141120165","KN295294v1","334706","334991","30","140785170"
"chr6","141198948","141199268","KN296308v1","871499","871827","43","140327449"
"chr6","141328824","141328951","KN295717v1","1441657","1441793","24","139887167"
"chr6","141353608","141353928","KN295667v1","1687893","1688204","43","139665715"
"chr6","141618987","141619274","KN294472v1","340230","340520","33","141278757"
"chr6","141678321","141678603","KN294172v1","2999478","2999758","31","138678843"
"chr6","141782768","141783078","KN294717v1","373979","374286","42","141408789"
"chr6","141828173","141828423","KN296270v1","802134","802383","18","141026039"
"chr6","141844403","141844713","KN294717v1","373979","374286","36","141470424"
"chr6","141890443","141890752","KN295114v1","20941","21251","42","141869502"
"chr6","142004057","142004203","KN296872v1","63647","63791","24","141940410"
"chr6","142187571","142187872","KN294407v1","249623","249924","26","141937948"
"chr6","142351409","142351727","KN296828v1","288722","289035","42","142062687"
"chr6","142561743","142562041","KN296153v1","3677943","3678242","36","138883800"
"chr6","142792353","142792672","KN295725v1","1996226","1996536","52","140796127"
"chr6","142999604","142999905","KN295534v1","231290","231594","29","142768314"
"chr6","143008906","143009053","KN294842v1","736203","736351","23","142272703"
"chr6","143112327","143112637","KN295534v1","76700","77014","34","143035627"
"chr6","143216006","143216319","KN296495v1","725775","726081","39","142490231"
"chr6","143432801","143432979","KN296921v1","495231","495409","32","142937570"
"chr6","143607751","143608045","KN294588v1","494059","494353","37","143113692"
"chr6","143678435","143678744","KN295667v1","1586465","1586775","40","142091970"
"chr6","143730117","143730406","KN296357v1","120571","120862","44","143609546"
"chr6","144005392","144005719","KN296404v1","1071088","1071415","49","142934304"
"chr6","144052233","144052525","KN295586v1","1077188","1077483","42","142975045"
"chr6","144170659","144170969","KN297046v1","3448214","3448528","34","140722445"
"chr6","144171937","144172237","KN294399v1","151738","152035","37","144020199"
"chr6","144182899","144183196","KN296732v1","498634","498931","52","143684265"
"chr6","144307193","144307487","KN294739v1","616485","616779","37","143690708"
"chr6","144308152","144308463","KN295633v1","552342","552653","38","143755810"
"chr6","145002246","145002538","KN294226v1","604872","605161","30","144397374"
"chr6","145210666","145210964","KN296075v1","437481","437780","35","144773185"
"chr6","145216912","145217204","KN294226v1","393432","393722","21","144823480"
"chr6","145225292","145225566","KN294226v1","384882","385156","23","144840410"
"chr6","145239907","145240202","KN294226v1","370220","370503","30","144869687"
"chr6","145315047","145315334","KN295607v1","4402317","4402604","32","140912730"
"chr6","145335445","145335740","KN294536v1","1723478","1723769","35","143611967"
"chr6","145368570","145368881","KN294668v1","2004094","2004404","39","143364476"
"chr6","145405557","145405876","KN296486v1","1315197","1315517","38","144090360"
"chr6","145540205","145540473","KN297028v1","585022","585292","45","144955183"
"chr6","145541554","145541728","KN296119v1","3625254","3625431","27","141916300"
"chr6","145769149","145769447","KN294526v1","358849","359148","36","145410300"
"chr6","145784420","145784637","KN294978v1","1189593","1189804","38","144594827"
"chr6","145807963","145808281","KN295607v1","4157862","4158184","51","141650101"
"chr6","145878022","145878315","KN294739v1","616485","616779","34","145261537"
"chr6","146028749","146029004","KN297307v1","44847","45104","30","145983902"
"chr6","146036555","146036850","KN295984v1","974577","974872","31","145061978"
"chr6","146126938","146127230","KN297307v1","154997","155289","32","145971941"
"chr6","146185117","146185252","KN295717v1","1441657","1441793","22","144743460"
"chr6","146197861","146198169","KN294911v1","2576761","2577067","40","143621100"
"chr6","146372881","146373191","KN294387v1","2599087","2599393","37","143773794"
"chr6","146485109","146485418","KN296865v1","1474498","1474803","59","145010611"
"chr6","146487040","146487146","KN297307v1","529874","529980","10","145957166"
"chr6","146496741","146497046","KN297307v1","536230","536535","27","145960511"
"chr6","146711015","146711315","KN294407v1","249623","249924","31","146461392"
"chr6","146792739","146793043","KN297364v1","136500","136797","30","146656239"
"chr6","146804208","146804522","KN295236v1","2360987","2361301","37","144443221"
"chr6","146848015","146848313","KN297364v1","69542","69844","31","146778473"
"chr6","146935807","146936105","KN296732v1","2013890","2014190","41","144921917"
"chr6","147275961","147276255","KN296747v1","35746","36041","39","147240215"
"chr6","147377031","147377340","KN295114v1","20941","21251","36","147356090"
"chr6","147501373","147501675","KN295352v1","487966","488265","35","147013407"
"chr6","148153855","148154164","KN294456v1","876419","876725","41","147277436"
"chr6","148252687","148252984","KN294848v1","1408889","1409183","31","146843798"
"chr6","148261789","148261992","KN294498v1","153122","153333","29","148108667"
"chr6","148274664","148274960","KN295996v1","997185","997479","38","147277479"
"chr6","148342479","148342741","KN295154v1","54244","54508","40","148288235"
"chr6","148356368","148356631","KN296833v1","400791","401052","34","147955577"
"chr6","148382994","148383290","KN294599v1","1071913","1072214","30","147311081"
"chr6","148475264","148475574","KN294599v1","975268","975579","29","147499996"
"chr6","148561552","148561859","KN294269v1","637639","637939","38","147923913"
"chr6","148591065","148591358","KN297230v1","1127269","1127564","30","147463796"
"chr6","148621482","148621790","KN294599v1","812722","813029","33","147808760"
"chr6","148711684","148711989","KN294387v1","2599087","2599393","47","146112597"
"chr6","148822472","148822727","KN294444v1","3297","3556","28","148819175"
"chr6","148979532","148979808","KN296588v1","521340","521610","57","148458192"
"chr6","148986028","148986332","KN294539v1","761382","761684","38","148224646"
"chr6","148997602","148997907","KN294717v1","373979","374286","36","148623623"
"chr6","148999789","149000000","KN296749v1","712972","713203","50","148286817"
"chr6","149015193","149015499","KN296316v1","247482","247782","24","148767711"
"chr6","149045426","149045736","KN294599v1","392618","392926","32","148652808"
"chr6","149205071","149205392","KN294599v1","227780","228096","29","148977291"
"chr6","149390455","149390745","KN296883v1","623598","623879","37","148766857"
"chr6","149464968","149465265","KN297314v1","117021","117312","34","149347947"
"chr6","149539981","149540286","KN296154v1","1901209","1901519","34","147638772"
"chr6","149606602","149606895","KN297184v1","875539","875834","35","148731063"
"chr6","149783018","149783326","KN296934v1","897698","898003","35","148885320"
"chr6","149813241","149813546","KN296934v1","897698","898003","30","148915543"
"chr6","149841801","149842101","KN295236v1","5343986","5344298","43","144497815"
"chr6","149845246","149845544","KN295984v1","2017502","2017807","38","147827744"
"chr6","149850200","149850509","KN294187v1","1346864","1347175","34","148503336"
"chr6","149871791","149872070","KN297431v1","461176","461453","34","149410615"
"chr6","149885414","149885695","KN297322v1","626510","626791","39","149258904"
"chr6","149890844","149891138","KN294848v1","1408889","1409183","30","148481955"
"chr6","149893547","149893856","KN295667v1","1687893","1688204","43","148205654"
"chr6","149904650","149904946","KN297431v1","496000","496309","39","149408650"
"chr6","149912733","149913043","KN294451v1","576228","576536","39","149336505"
"chr6","149938867","149939132","KN296646v1","947779","948041","54","148991088"
"chr6","149949987","149950272","KN295294v1","334706","334991","44","149615281"
"chr6","149958082","149958382","KN294949v1","795128","795423","39","149162954"
"chr6","149961084","149961380","KN295523v1","3420209","3420501","34","146540875"
"chr6","149978233","149978540","KN294717v1","373979","374286","42","149604254"
"chr6","149983562","149983847","KN297431v1","573738","573992","50","149409824"
"chr6","149988361","149988655","KN294592v1","1319879","1320174","46","148668482"
"chr6","150064018","150064280","KN297431v1","654906","655179","29","149409112"
"chr6","150070017","150070318","KN294662v1","79885","80185","35","149990132"
"chr6","150134249","150134544","KN296747v1","35746","36041","30","150098503"
"chr6","150207766","150208063","KN294346v1","550587","550883","44","149657179"
"chr6","150299825","150300131","KN296588v1","1228829","1229131","34","149070996"
"chr6","150312215","150312441","KN297431v1","914874","915103","23","149397341"
"chr6","150352998","150353295","KN294365v1","795012","795312","32","149557986"
"chr6","150464296","150464590","KN295995v1","1426233","1426527","34","149038063"
"chr6","150483711","150484007","KN296040v1","722171","722469","33","149761540"
"chr6","150542469","150542760","KN296153v1","91872","92161","31","150450597"
"chr6","150596289","150596570","KN296682v1","109437","109724","50","150486852"
"chr6","150605325","150605634","KN295441v1","1618043","1618347","35","148987282"
"chr6","150610852","150611148","KN295965v1","94015","94311","38","150516837"
"chr6","150624385","150624666","KN296153v1","1622747","1623031","41","149001638"
"chr6","150725893","150726205","KN295820v1","46634","46946","39","150679259"
"chr6","150787157","150787461","KN295708v1","1331487","1331787","43","149455670"
"chr6","150838911","150839210","KN294193v1","740765","741070","44","150098146"
"chr6","150871851","150872162","KN295667v1","1687893","1688204","39","149183958"
"chr6","150935959","150936257","KN295923v1","520307","520606","33","150415652"
"chr6","150938185","150938489","KN297367v1","171251","171554","34","150766934"
"chr6","150944912","150945206","KN295441v1","720287","720585","43","150224625"
"chr6","150985808","150986103","KN294991v1","1565008","1565302","36","149420800"
"chr6","151011572","151011872","KN295112v1","343212","343513","38","150668360"
"chr6","151048426","151048726","KN294536v1","1859228","1859530","41","149189198"
"chr6","151065385","151065674","KN294561v1","296837","297132","35","150768548"
"chr6","151077030","151077332","KN295459v1","1614660","1614952","48","149462370"
"chr6","151084687","151084988","KN295607v1","4537391","4537687","37","146547296"
"chr6","151085460","151085743","KN297095v1","1515149","1515433","35","149570311"
"chr6","151086455","151086754","KN294571v1","1694112","1694408","36","149392343"
"chr6","151100425","151100728","KN297133v1","419676","419981","30","150680749"
"chr6","151145001","151145299","KN296357v1","356792","357093","31","150788209"
"chr6","151158188","151158489","KN295171v1","869545","869845","30","150288643"
"chr6","151187979","151188280","KN296732v1","2013890","2014190","36","149174089"
"chr6","151233173","151233461","KN294470v1","2729657","2729960","47","148503516"
"chr6","151268804","151269072","KN296682v1","3014795","3015065","42","148254009"
"chr6","151270212","151270513","KN296119v1","3368813","3369111","33","147901399"
"chr6","151271944","151272220","KN295936v1","30401","30674","40","151241543"
"chr6","151289181","151289490","KN296187v1","1757051","1757356","39","149532130"
"chr6","151294511","151294799","KN295984v1","1244764","1245056","35","150049747"
"chr6","151310178","151310490","KN294444v1","165242","165552","40","151144936"
"chr6","151321947","151322229","KN297165v1","1143723","1144010","36","150178224"
"chr6","151329207","151329505","KN295983v1","1536250","1536551","30","149792957"
"chr6","151349615","151349903","KN295090v1","1657716","1658013","35","149691899"
"chr6","151356608","151356905","KN296311v1","7901481","7901775","37","143455127"
"chr6","151357214","151357524","KN294758v1","2061074","2061376","35","149296140"
"chr6","151390317","151390617","KN294193v1","740765","741070","31","150649552"
"chr6","151448888","151449178","KN297242v1","351132","351417","44","151097756"
"chr6","151458291","151458600","KN294717v1","373979","374286","33","151084312"
"chr6","151474815","151475118","KN295236v1","1764741","1765042","40","149710074"
"chr6","151592084","151592374","KN296133v1","239214","239508","38","151352870"
"chr6","151684125","151684407","KN294991v1","1510448","1510728","44","150173677"
"chr6","151742449","151742753","KN294407v1","249623","249924","35","151492826"
"chr6","151749871","151750172","KN294588v1","1492426","1492725","33","150257445"
"chr6","151811552","151811806","KN297165v1","2929718","2929968","35","148881834"
"chr6","151971232","151971536","KN294662v1","79885","80185","43","151891347"
"chr6","151994407","151994716","KN294292v1","136185","136494","37","151858222"
"chr6","152017880","152018181","KN294229v1","97510","97813","37","151920370"
"chr6","152361432","152361733","KN296040v1","628497","628798","28","151732935"
"chr6","152363427","152363727","KN295571v1","338888","339191","33","152024539"
"chr6","152380143","152380443","KN294662v1","79885","80185","32","152300258"
"chr6","152390591","152390889","KN296153v1","3677943","3678242","30","148712648"
"chr6","152415899","152416205","KN295480v1","2672652","2672956","41","149743247"
"chr6","152419289","152419598","KN295114v1","20941","21251","35","152398348"
"chr6","152437896","152438198","KN295854v1","1466288","1466586","41","150971608"
"chr6","152453626","152453926","KN295091v1","2420503","2420803","33","150033123"
"chr6","152459303","152459579","KN295871v1","505721","505995","33","151953582"
"chr6","152478933","152479229","KN296635v1","1164783","1165080","32","151314150"
"chr6","152492495","152492793","KN296442v1","529327","529624","38","151963168"
"chr6","152524068","152524378","KN294536v1","1859228","1859530","35","150664840"
"chr6","152554237","152554321","KN294668v1","2075752","2075829","25","150478485"
"chr6","152555572","152555873","KN296153v1","3677943","3678242","37","148877629"
"chr6","152610497","152610792","KN296206v1","10407","10706","37","152600090"
"chr6","152657352","152657644","KN295820v1","372417","372708","34","152284935"
"chr6","152659705","152659892","KN295487v1","99328","99514","38","152560377"
"chr6","152662940","152663244","KN296153v1","2057313","2057618","40","150605627"
"chr6","152665884","152666100","KN294893v1","131372","131601","56","152534512"
"chr6","152762263","152762508","KN294486v1","585631","585878","39","152176632"
"chr6","152869229","152869494","KN294470v1","2074231","2074500","39","150794998"
"chr6","152881161","152881470","KN295708v1","1599062","1599372","36","151282099"
"chr6","152883834","152884110","KN297264v1","12615","12885","39","152871219"
"chr6","152945591","152945872","KN296714v1","85975","86256","41","152859616"
"chr6","152962641","152962896","KN296795v1","168498","168753","62","152794143"
"chr6","152983640","152983945","KN297133v1","419676","419981","34","152563964"
"chr6","153001730","153002046","KN294705v1","772747","773054","51","152228983"
"chr6","153044275","153044439","KN296508v1","1877204","1877364","20","151167071"
"chr6","153047079","153047243","KN296508v1","1877204","1877364","20","151169875"
"chr6","153053899","153054203","KN296153v1","3677943","3678242","43","149375956"
"chr6","153079835","153080083","KN296280v1","120827","121074","43","152959008"
"chr6","153083634","153083914","KN294592v1","137983","138264","45","152945651"
"chr6","153088967","153089273","KN294446v1","283411","283721","39","152805556"
"chr6","153097957","153098250","KN297019v1","1233639","1233939","34","151864318"
"chr6","153134082","153134370","KN294205v1","854359","854651","38","152279723"
"chr6","153148715","153149035","KN294239v1","1577662","1577973","38","151571053"
"chr6","153158652","153158958","KN294229v1","97510","97813","37","153061142"
"chr6","153165414","153165721","KN295236v1","3424373","3424682","35","149741041"
"chr6","153179925","153180235","KN295114v1","20941","21251","38","153158984"
"chr6","153184822","153185119","KN297314v1","117021","117312","40","153067801"
"chr6","153198634","153198792","KN294181v1","1760854","1761014","24","151437780"
"chr6","153273936","153274246","KN294717v1","373979","374286","32","152899957"
"chr6","153282099","153282405","KN294662v1","79885","80185","36","153202214"
"chr6","153314137","153314445","KN295667v1","1687893","1688204","38","151626244"
"chr6","153381733","153382023","KN295825v1","1272410","1272695","50","152109323"
"chr6","153489099","153489398","KN296982v1","369586","369885","35","153119513"
"chr6","153556706","153557012","KN295667v1","1746297","1746597","32","151810409"
"chr6","153613042","153613327","KN295236v1","4288094","4288382","31","149324948"
"chr6","153712597","153712903","KN295871v1","777953","778254","38","152934644"
"chr6","153753696","153753971","KN294446v1","524358","524631","40","153229338"
"chr6","153873108","153873388","KN294539v1","2245383","2245665","32","151627725"
"chr6","153899290","153899593","KN296281v1","60300","60607","44","153838990"
"chr6","153924319","153924635","KN294591v1","102703","103003","50","153821616"
"chr6","153937075","153937398","KN296119v1","2217721","2218032","54","151719354"
"chr6","153960161","153960467","KN296486v1","1025304","1025609","40","152934857"
"chr6","154014287","154014602","KN294264v1","371563","371884","48","153642724"
"chr6","154034071","154034370","KN294633v1","209607","209900","36","153824464"
"chr6","154108452","154108777","KN295601v1","761243","761570","45","153347209"
"chr6","154330202","154330513","KN296934v1","897698","898003","34","153432504"
"chr6","154463613","154463937","KN294668v1","1997927","1998235","44","152465686"
"chr6","154472179","154472482","KN295356v1","348851","349147","42","154123328"
"chr6","154530679","154530979","KN294917v1","618557","618860","36","153912122"
"chr6","154563781","154564043","KN296449v1","822","1085","34","154562959"
"chr6","154621588","154621874","KN296079v1","545724","546008","39","154075864"
"chr6","154623649","154623951","KN294365v1","795012","795312","32","153828637"
"chr6","154669750","154669846","KN296036v1","501022","501120","17","154168728"
"chr6","154682137","154682455","KN297023v1","426290","426610","45","154255847"
"chr6","154686070","154686365","KN296495v1","1165822","1166124","45","153520248"
"chr6","154803495","154803786","KN295225v1","852978","853269","38","153950517"
"chr6","154815708","154816004","KN294713v1","485096","485391","36","154330612"
"chr6","154913553","154913844","KN296290v1","1162494","1162789","40","153751059"
"chr6","154936580","154936874","KN297026v1","228587","228878","31","154707993"
"chr6","155091613","155091912","KN295244v1","384903","385210","44","154706710"
"chr6","155144366","155144670","KN296004v1","359490","359791","32","154784876"
"chr6","155204156","155204469","KN295705v1","690925","691236","41","154513231"
"chr6","155210071","155210356","KN296486v1","572134","572422","42","154637937"
"chr6","155285300","155285593","KN294561v1","767639","767926","33","154517661"
"chr6","155296226","155296525","KN296322v1","2640740","2641038","35","152655486"
"chr6","155452697","155452998","KN294662v1","79885","80185","37","155372812"
"chr6","155454744","155455007","KN294987v1","1576278","1576535","53","153878466"
"chr6","155511062","155511369","KN295059v1","336835","337145","47","155174227"
"chr6","155864335","155864641","KN297133v1","419676","419981","32","155444659"
"chr6","155889604","155889872","KN297171v1","2607011","2607291","39","153282593"
"chr6","155939014","155939314","KN294539v1","2320327","2320629","44","153618687"
"chr6","155958932","155959234","KN295350v1","243779","244085","32","155715153"
"chr6","156004934","156005233","KN297133v1","1370295","1370592","34","154634639"
"chr6","156006241","156006528","KN294964v1","707709","708005","40","155298532"
"chr6","156021869","156022163","KN294561v1","810685","810981","36","155211184"
"chr6","156046913","156047198","KN296478v1","538758","539041","30","155508155"
"chr6","156091008","156091303","KN294592v1","1319879","1320174","36","154771129"
"chr6","156100421","156100714","KN296062v1","2106200","2106493","34","153994221"
"chr6","156178677","156178971","KN296311v1","3017635","3017925","44","153161042"
"chr6","156180078","156180383","KN294147v1","1862582","1862887","43","154317496"
"chr6","156191402","156191697","KN294444v1","57733","58029","38","156133669"
"chr6","156200356","156200651","KN295523v1","2971379","2971678","32","153228977"
"chr6","156226001","156226314","KN294717v1","373979","374286","32","155852022"
"chr6","156238570","156238881","KN294837v1","302279","302587","44","155936291"
"chr6","156356277","156356586","KN294193v1","740765","741070","41","155615512"
"chr6","156362697","156362959","KN296849v1","746362","746624","36","155616335"
"chr6","156392440","156392741","KN295705v1","293820","294122","52","156098620"
"chr6","156446193","156446491","KN296133v1","239214","239508","39","156206979"
"chr6","156455457","156455757","KN296865v1","995225","995521","33","155460232"
"chr6","156457265","156457569","KN295459v1","284745","285049","35","156172520"
"chr6","156463778","156464080","KN295869v1","284557","284865","29","156179221"
"chr6","156517356","156517656","KN294446v1","714971","715264","40","155802385"
"chr6","156521776","156522079","KN295633v1","2028744","2029048","41","154493032"
"chr6","156586100","156586383","KN295350v1","636567","636846","36","155949533"
"chr6","156587097","156587411","KN295667v1","1687893","1688204","48","154899204"
"chr6","156593914","156594238","KN295430v1","2475707","2476027","44","154118207"
"chr6","156594468","156594762","KN295032v1","272356","272651","35","156322112"
"chr6","156626646","156626948","KN296495v1","2056834","2057132","41","154569812"
"chr6","156646226","156646552","KN296486v1","1315197","1315517","48","155331029"
"chr6","156651621","156651919","KN295352v1","487966","488265","33","156163655"
"chr6","156658006","156658308","KN295090v1","2057671","2057967","35","154600335"
"chr6","156690578","156690883","KN296316v1","299947","300254","37","156390631"
"chr6","156699205","156699496","KN296365v1","113780","114072","26","156585425"
"chr6","156720484","156720783","KN294433v1","409687","409987","38","156310797"
"chr6","156740714","156741014","KN296900v1","121631","121934","36","156619083"
"chr6","156746513","156746628","KN294470v1","3275159","3275269","19","153471354"
"chr6","156756897","156757192","KN296096v1","2319515","2319813","40","154437382"
"chr6","156787714","156788000","KN296833v1","368432","368718","37","156419282"
"chr6","156788552","156788856","KN297038v1","310787","311084","43","156477765"
"chr6","156796658","156796934","KN295721v1","197604","197890","36","156599054"
"chr6","156800956","156801244","KN294571v1","1676878","1677163","50","155124078"
"chr6","156873027","156873308","KN297165v1","1143723","1144010","38","155729304"
"chr6","156988498","156988799","KN295592v1","1774877","1775178","31","155213621"
"chr6","157049996","157050304","KN296508v1","1784387","1784690","42","155265609"
"chr6","157069456","157069754","KN296153v1","3677943","3678242","38","153391513"
"chr6","157191882","157192177","KN294416v1","208870","209165","34","156983012"
"chr6","157375507","157375793","KN296180v1","671411","671696","39","156704096"
"chr6","157691005","157691274","KN296731v1","728237","728521","51","156962768"
"chr6","157758636","157758843","KN294842v1","1530256","1530465","47","156228380"
"chr6","157898274","157898576","KN294365v1","795012","795312","39","157103262"
"chr6","157899963","157900059","KN295913v1","82415","82508","15","157817548"
"chr6","157913191","157913514","KN295893v1","7068902","7069222","47","150844289"
"chr6","157922149","157922452","KN295480v1","2672652","2672956","45","155249497"
"chr6","157991029","157991299","KN296496v1","355776","356054","32","157635253"
"chr6","157994338","157994646","KN296508v1","1784387","1784690","40","156209951"
"chr6","158198128","158198413","KN295907v1","2257700","2257990","37","155940428"
"chr6","158255623","158255925","KN296119v1","4121807","4122107","37","154133816"
"chr6","158292805","158293113","KN294387v1","2599087","2599393","34","155693718"
"chr6","158438561","158438859","KN294439v1","269158","269457","33","158169403"
"chr6","158440658","158440969","KN294387v1","2599087","2599393","38","155841571"
"chr6","158463551","158463835","KN294210v1","1337256","1337541","40","157126295"
"chr6","158484176","158484476","KN296732v1","2013890","2014190","32","156470286"
"chr6","158615705","158616011","KN295284v1","365859","366160","47","158249846"
"chr6","158629606","158629749","KN295345v1","1057208","1057354","23","157572398"
"chr6","158723871","158724185","KN295667v1","1687893","1688204","46","157035978"
"chr6","158807843","158808139","KN294561v1","810685","810981","40","157997158"
"chr6","158828893","158829203","KN297133v1","419676","419981","36","158409217"
"chr6","159064843","159065113","KN295974v1","452642","452913","43","158612201"
"chr6","159089873","159090167","KN295580v1","1390","1690","42","159088483"
"chr6","159159175","159159474","KN295171v1","869545","869845","36","158289630"
"chr6","159251733","159251992","KN296635v1","5050048","5050310","38","154201685"
"chr6","159327255","159327569","KN296528v1","120134","120444","40","159207121"
"chr6","159334858","159335160","KN296191v1","1208215","1208519","35","158126643"
"chr6","159356269","159356573","KN294193v1","740765","741070","38","158615504"
"chr6","159435152","159435289","KN294470v1","951003","951139","20","158484149"
"chr6","159593245","159593557","KN295114v1","20941","21251","42","159572304"
"chr6","159811108","159811415","KN297452v1","1467351","1467656","32","158343757"
"chr6","160173280","160173585","KN294513v1","614988","615293","44","159558292"
"chr6","160178594","160178871","KN295697v1","103702","103984","73","160074892"
"chr6","160194653","160194937","KN296849v1","262325","262616","40","159932328"
"chr6","160263450","160263756","KN297133v1","419676","419981","43","159843774"
"chr6","160267884","160268191","KN296296v1","12289","12600","40","160255595"
"chr6","160285158","160285464","KN296404v1","3895018","3895319","34","156390140"
"chr6","160296146","160296395","KN294571v1","1335125","1335372","38","158961021"
"chr6","160310490","160310796","KN294451v1","576228","576536","34","159734262"
"chr6","160334253","160334554","KN295112v1","343212","343513","36","159991041"
"chr6","160334716","160335024","KN295667v1","1687893","1688204","34","158646823"
"chr6","160343717","160344026","KN296934v1","897698","898003","40","159446019"
"chr6","160349965","160350260","KN295586v1","2121175","2121468","38","158228790"
"chr6","160414271","160414563","KN296743v1","1899650","1899940","40","158514621"
"chr6","160414983","160415281","KN296732v1","2013890","2014190","34","158401093"
"chr6","160423856","160424161","KN294842v1","473025","473335","36","159950831"
"chr6","160472239","160472546","KN295350v1","243779","244085","44","160228460"
"chr6","160489417","160489729","KN296075v1","565878","566186","39","159923539"
"chr6","160501328","160501629","KN296153v1","3677943","3678242","38","156823385"
"chr6","160505830","160506139","KN297078v1","74078","74384","40","160431752"
"chr6","160575012","160575219","KN295257v1","822079","822292","36","159752933"
"chr6","160594685","160594982","KN297046v1","2791168","2791468","39","157803517"
"chr6","160630090","160630384","KN294375v1","301025","301318","34","160329065"
"chr6","160643594","160643762","KN297133v1","1448856","1449025","27","159194738"
"chr6","160648958","160649220","KN294271v1","1104424","1104671","42","159544534"
"chr6","160653620","160653922","KN297058v1","42553","42853","34","160611067"
"chr6","160654290","160654601","KN294233v1","606879","607187","36","160047411"
"chr6","160683729","160684031","KN296004v1","29555","29853","32","160654174"
"chr6","160739182","160739480","KN295090v1","1657716","1658013","31","159081466"
"chr6","160751978","160752268","KN295405v1","1636689","1636971","45","159115289"
"chr6","160756697","160756997","KN294407v1","93660","93961","41","160663037"
"chr6","160762265","160762570","KN296140v1","777217","777517","42","159985048"
"chr6","160800926","160801227","KN294260v1","621951","622250","29","160178975"
"chr6","160837297","160837604","KN294251v1","3911011","3911311","39","156926286"
"chr6","161039709","161039930","KN294325v1","242229","242452","31","160797480"
"chr6","161040161","161040243","KN296138v1","126877","126965","21","160913284"
"chr6","161059578","161059886","KN295923v1","1589593","1589887","51","159469985"
"chr6","161065160","161065413","KN294733v1","188457","188716","47","160876703"
"chr6","161329056","161329366","KN294571v1","2791374","2791676","42","158537682"
"chr6","161378114","161378414","KN296119v1","2884341","2884644","45","158493773"
"chr6","161569994","161570301","KN294668v1","2096517","2096825","33","159473477"
"chr6","161593109","161593413","KN297008v1","2822455","2822758","41","158770654"
"chr6","161854749","161855064","KN297442v1","12090","12392","39","161842659"
"chr6","161910767","161911079","KN295974v1","2081619","2081931","39","159829148"
"chr6","161930671","161930970","KN296732v1","2013890","2014190","28","159916781"
"chr6","162054219","162054494","KN294994v1","12837","13117","41","162041382"
"chr6","162064111","162064273","KN297058v1","158016","158196","54","161906095"
"chr6","162125692","162125991","KN296319v1","132575","132865","37","161993117"
"chr6","162466825","162467130","KN296153v1","2057313","2057618","37","160409512"
"chr6","162524271","162524582","KN296934v1","897698","898003","41","161626573"
"chr6","162588707","162589011","KN296825v1","1708209","1708517","39","160880498"
"chr6","162628951","162629261","KN295633v1","720977","721281","45","161907974"
"chr6","162631378","162631658","KN297197v1","4295282","4295565","48","158336096"
"chr6","162672609","162672917","KN296281v1","60300","60607","41","162612309"
"chr6","162737752","162738016","KN297047v1","4528752","4529013","22","158209000"
"chr6","162838119","162838410","KN295744v1","318215","318499","37","162519904"
"chr6","162941341","162941619","KN295523v1","4195930","4196206","38","158745411"
"chr6","163025513","163025811","KN295580v1","1390","1690","29","163024123"
"chr6","163107614","163107909","KN297047v1","4160276","4160584","28","158947338"
"chr6","163162093","163162391","KN297047v1","4109786","4110072","36","159052307"
"chr6","163185881","163186184","KN297047v1","4079584","4079880","30","159106297"
"chr6","163217970","163218282","KN297047v1","4049008","4049323","30","159168962"
"chr6","163219333","163219622","KN297047v1","4047664","4047965","34","159171669"
"chr6","163733749","163734052","KN295919v1","100991","101296","38","163632758"
"chr6","163750576","163750882","KN295550v1","1007565","1007867","38","162743011"
"chr6","163753617","163753929","KN294850v1","223431","223742","41","163530186"
"chr6","163758409","163758597","KN295458v1","87188","87371","37","163671221"
"chr6","163785526","163785840","KN294487v1","54074","54385","44","163731452"
"chr6","163813221","163813517","KN297047v1","3463647","3463942","23","160349574"
"chr6","163829819","163830110","KN296682v1","5162407","5162700","35","158667412"
"chr6","163833855","163834064","KN297105v1","198570","198761","44","163635285"
"chr6","163902148","163902435","KN295667v1","113157","113445","36","163788991"
"chr6","163915382","163915654","KN294570v1","202062","202336","41","163713320"
"chr6","164035297","164035601","KN297047v1","3237900","3238209","40","160797397"
"chr6","164055982","164056275","KN297047v1","3216625","3216921","31","160839357"
"chr6","164076739","164077032","KN295995v1","1426233","1426527","33","162650506"
"chr6","164093193","164093487","KN297047v1","3172659","3172945","37","160920534"
"chr6","164121020","164121316","KN297047v1","3152882","3153179","34","160968138"
"chr6","164213223","164213528","KN297047v1","3065906","3066205","33","161147317"
"chr6","164269538","164269830","KN294462v1","73428","73721","38","164196110"
"chr6","164331220","164331524","KN294407v1","276190","276492","37","164055030"
"chr6","164356625","164356936","KN294705v1","1582720","1583032","32","162773905"
"chr6","164362659","164362943","KN297047v1","2918362","2918640","42","161444297"
"chr6","164363792","164364081","KN297047v1","2917220","2917510","28","161446572"
"chr6","164381551","164381843","KN294711v1","646506","646789","47","163735045"
"chr6","164402131","164402425","KN297444v1","74428","74722","35","164327703"
"chr6","164457610","164457859","KN297320v1","1854764","1855015","31","162602846"
"chr6","164847616","164847844","KN294873v1","88265","88489","42","164759351"
"chr6","165038312","165038620","KN297047v1","2253009","2253318","25","162785303"
"chr6","165098626","165098919","KN296287v1","46583","46877","42","165052043"
"chr6","165130731","165131019","KN296404v1","106219","106515","39","165024512"
"chr6","165133671","165133953","KN297047v1","2158455","2158741","28","162975216"
"chr6","165147550","165147841","KN294662v1","268123","268414","47","164879427"
"chr6","165179315","165179651","KN297047v1","2113153","2113464","51","163066162"
"chr6","165187985","165188295","KN294387v1","2599087","2599393","35","162588898"
"chr6","165193626","165193853","KN297047v1","2097813","2098032","31","163095813"
"chr6","165196198","165196499","KN294856v1","296536","296838","38","164899662"
"chr6","165264104","165264403","KN295159v1","636745","637044","40","164627359"
"chr6","165268355","165268661","KN294387v1","2599087","2599393","40","162669268"
"chr6","165310791","165311089","KN297047v1","1984174","1984472","31","163326617"
"chr6","165376942","165377244","KN295090v1","1537929","1538238","42","163839013"
"chr6","165426432","165426714","KN297047v1","1869649","1869929","27","163556783"
"chr6","165646473","165646787","KN297047v1","1646947","1647262","29","163999526"
"chr6","165684908","165685206","KN295375v1","132628","132930","35","165552280"
"chr6","165693899","165694210","KN296865v1","403115","403422","41","165290784"
"chr6","165702813","165703117","KN294824v1","203242","203547","42","165499571"
"chr6","165909912","165910048","KN296322v1","882795","882905","32","165027117"
"chr6","165911219","165911480","KN295090v1","1314407","1314676","35","164596812"
"chr6","166026253","166026508","KN295045v1","278001","278252","54","165748252"
"chr6","166085954","166086260","KN295077v1","367776","368082","42","165718178"
"chr6","166139447","166139758","KN296864v1","783252","783562","37","165356195"
"chr6","166140400","166140706","KN297047v1","1158961","1159265","22","164981439"
"chr6","166286735","166287040","KN295605v1","621515","621818","41","165665220"
"chr6","166288020","166288324","KN297047v1","1007745","1008047","33","165280275"
"chr6","166416334","166416642","KN297047v1","872532","872842","41","165543802"
"chr6","166439774","166440083","KN296404v1","1938458","1938769","41","164501316"
"chr6","166534924","166535224","KN295365v1","9497","9798","39","166525427"
"chr6","166617176","166617482","KN295758v1","997500","997807","42","165619676"
"chr6","166847426","166847733","KN297133v1","419676","419981","42","166427750"
"chr6","167238377","167238677","KN296322v1","889103","889411","49","166349274"
"chr6","167249860","167250153","KN295883v1","334055","334349","46","166915805"
"chr6","167328955","167329251","KN295907v1","1253096","1253393","31","166075859"
"chr6","167790432","167790513","KN296541v1","437651","437734","15","167352781"
"chr6","167791160","167791329","KN296508v1","1809822","1809977","34","165981338"
"chr6","167831179","167831481","KN296836v1","530731","531031","32","167300448"
"chr6","168024873","168025179","KN294366v1","260000","260306","41","167764873"
"chr6","168065211","168065520","KN296836v1","751250","751553","38","167313961"
"chr6","168079258","168079557","KN295996v1","997185","997479","33","167082073"
"chr6","168080102","168080406","KN297019v1","695366","695673","32","167384736"
"chr6","168116342","168116634","KN296836v1","799028","799324","26","167317314"
"chr6","168133733","168134031","KN294416v1","208870","209165","33","167924863"
"chr6","168181284","168181594","KN294717v1","373979","374286","36","167807305"
"chr6","168210175","168210470","KN294451v1","403510","403808","39","167806665"
"chr6","168274267","168274561","KN294644v1","354469","354764","30","167919798"
"chr6","168452297","168452607","KN297171v1","1815011","1815317","42","166637286"
"chr6","168489587","168489885","KN295346v1","1372885","1373181","40","167116702"
"chr6","168629474","168629790","KN295983v1","1536250","1536551","45","167093224"
"chr6","168663922","168664215","KN295996v1","997185","997479","37","167666737"
"chr6","168823253","168823544","KN296062v1","2106200","2106493","34","166717053"
"chr6","168825160","168825445","KN294452v1","113360","113649","40","168711800"
"chr6","168835817","168836104","KN296646v1","411005","411293","49","168424812"
"chr6","168868424","168868708","KN295923v1","2321767","2322047","40","166546657"
"chr6","168878686","168878984","KN296153v1","3677943","3678242","34","165200743"
"chr6","168937186","168937487","KN295803v1","664277","664575","33","168272909"
"chr6","168981207","168981516","KN295114v1","20941","21251","42","168960266"
"chr6","168991474","168991783","KN295059v1","336835","337145","40","168654639"
"chr6","169128440","169128754","KN297167v1","70976","71280","38","169057464"
"chr6","169203543","169203855","KN296176v1","385793","386101","43","168817750"
"chr6","169303902","169304160","KN296449v1","822","1085","31","169303080"
"chr6","169345107","169345417","KN294619v1","1606536","1606848","40","167738571"
"chr6","169350095","169350401","KN294571v1","2791374","2791676","43","166558721"
"chr6","169511008","169511308","KN294662v1","79885","80185","42","169431123"
"chr6","169540074","169540356","KN295923v1","2321767","2322047","41","167218307"
"chr6","169591015","169591325","KN297038v1","2343556","2343866","40","167247459"
"chr6","169621494","169621806","KN294940v1","561093","561407","43","169060401"
"chr6","169826924","169827231","KN295930v1","389847","390154","39","169437077"
"chr6","169988263","169988490","KN295236v1","4993549","4993769","50","164994714"
"chr6","170177221","170177514","KN294439v1","72624","72920","33","170104597"
"chr6","170228612","170228910","KN297133v1","1370295","1370592","31","168858317"
"chr6","170374534","170374857","KN296775v1","312693","313014","47","170061841"
"chr6","170424323","170424635","KN294806v1","712204","712516","38","169712119"
"chr6","170473837","170474136","KN295984v1","1910807","1911110","39","168563030"
"chr6","170648759","170649065","KN295605v1","712558","712868","51","169936201"
"chr6","170673463","170673740","KN295758v1","787197","787482","43","169886266"
"chr6","170686680","170686994","KN295114v1","20941","21251","43","170665739"
"chr6","170809981","170810196","KN296218v1","225428","225636","40","170584553"
"chr6","170825712","170825998","KN295825v1","1953498","1953787","38","168872214"
"chr6","171055370","171055680","KN296157v1","2990826","2991137","41","168064544"
"chr6","171127652","171127936","KN296180v1","575202","575484","39","170552450"
"chr6","171408965","171409264","KN296153v1","3677943","3678242","34","167731022"
"chr6","171457719","171457926","KN294435v1","2790","3000","37","171454929"
"chr6","171471164","171471465","KN295501v1","1005257","1005557","34","170465907"
"chr6","171536227","171536528","KN297230v1","1127269","1127564","46","170408958"
"chr6","171583397","171583689","KN294407v1","2733858","2734151","35","168849539"
"chr6","172297859","172298172","KN295501v1","1005257","1005557","39","171292602"
"chr6","172304625","172304908","KN294207v1","179800","180076","39","172124825"
"chr6","172331634","172331934","KN295257v1","443937","444244","38","171887697"
"chr6","172464190","172464498","KN297322v1","1153290","1153598","33","171310900"
"chr6","172519637","172519943","KN297219v1","434860","435161","31","172084777"
"chr6","172521257","172521543","KN295022v1","486627","486913","31","172034630"
"chr6","172572511","172572815","KN296297v1","4771","5081","28","172567740"
"chr6","172593701","172593978","KN294874v1","2070447","2070725","44","170523254"
"chr7","131071725","131072023","KN294662v1","79885","80185","29","130991840"
"chr7","56753989","56754280","KN297105v1","2955536","2955827","40","53798453"
"chr7","150339333","150339633","KN294911v1","3820095","3820391","35","146519238"
"chr7","135417","135676","KN294957v1","58891","59154","48","76526"
"chr7","241553","241848","KN295350v1","405055","405352","32","163502"
"chr7","369351","369581","KN296153v1","2778676","2778916","35","2409325"
"chr7","402420","402710","KN295022v1","486627","486913","31","84207"
"chr7","433522","433809","KN297442v1","2461526","2461820","42","2028004"
"chr7","469003","469299","KN296795v1","425991","426287","28","43012"
"chr7","479657","479958","KN296096v1","1849581","1849882","25","1369924"
"chr7","484843","485153","KN296486v1","698399","698705","35","213556"
"chr7","564872","565152","KN296096v1","1931851","1932132","39","1366979"
"chr7","721779","721989","KN296306v1","2328285","2328501","44","1606506"
"chr7","891287","891598","KN296486v1","698399","698705","38","192888"
"chr7","898726","899035","KN296900v1","121631","121934","39","777095"
"chr7","945348","945633","KN294161v1","474366","474648","42","470982"
"chr7","977715","978005","KN295350v1","259303","259590","32","718412"
"chr7","993937","994241","KN295497v1","720813","721124","41","273124"
"chr7","1000668","1000963","KN294825v1","98541","98834","29","902127"
"chr7","1004630","1004939","KN296096v1","2346999","2347313","29","1342369"
"chr7","1009814","1010112","KN296062v1","1796687","1796987","39","786873"
"chr7","1021221","1021390","KN294372v1","1822934","1823103","25","801713"
"chr7","1024384","1024697","KN296096v1","2365084","2365386","39","1340700"
"chr7","1099961","1100248","KN294911v1","3820095","3820391","36","2720134"
"chr7","1108613","1108912","KN296096v1","2486573","2486871","43","1377960"
"chr7","1114804","1115116","KN296096v1","2493218","2493529","30","1378414"
"chr7","1115617","1115914","KN296096v1","2494031","2494330","29","1378414"
"chr7","1156126","1156418","KN294387v1","2599087","2599393","45","1442961"
"chr7","1195835","1196137","KN296357v1","356792","357093","41","839043"
"chr7","1255490","1255794","KN296096v1","2722717","2723024","29","1467227"
"chr7","1314502","1314783","KN296096v1","2663103","2663392","32","1348601"
"chr7","1314793","1314875","KN295225v1","453497","453572","18","861296"
"chr7","1344946","1345238","KN294842v1","1292189","1292485","32","52757"
"chr7","1493133","1493440","KN296784v1","67484","67774","80","1425649"
"chr7","1507937","1508247","KN296096v1","2885950","2886257","35","1378013"
"chr7","1513548","1513844","KN296096v1","2891487","2891788","32","1377939"
"chr7","1543961","1544275","KN296096v1","2920744","2921044","37","1376783"
"chr7","1570110","1570415","KN295605v1","621515","621818","34","948595"
"chr7","1576036","1576344","KN296096v1","2955854","2956164","38","1379818"
"chr7","1594028","1594331","KN296153v1","3677943","3678242","35","2083915"
"chr7","1625084","1625405","KN296096v1","3007223","3007544","11","1382139"
"chr7","1669226","1669522","KN296096v1","3051145","3051440","29","1381919"
"chr7","1674052","1674361","KN295236v1","5645831","5646138","43","3971779"
"chr7","1714181","1714473","KN296096v1","3099836","3100138","35","1385655"
"chr7","1721213","1721512","KN296712v1","16206","16501","34","1705007"
"chr7","1794416","1794703","KN296096v1","3183138","3183434","32","1388722"
"chr7","1799423","1799711","KN296096v1","3187219","3187506","43","1387796"
"chr7","1845885","1846182","KN296934v1","897698","898003","40","948187"
"chr7","1914985","1915285","KN295045v1","441758","442064","35","1473227"
"chr7","1943207","1943508","KN294588v1","494059","494353","44","1449148"
"chr7","1947886","1948184","KN296096v1","3335300","3335611","43","1387414"
"chr7","2059156","2059458","KN294207v1","557555","557856","36","1501601"
"chr7","2120660","2120946","KN296096v1","3511233","3511523","32","1390573"
"chr7","2452772","2453073","KN296096v1","3843463","3843774","38","1390691"
"chr7","2510896","2511203","KN296096v1","3902068","3902371","35","1391172"
"chr7","2641019","2641316","KN295907v1","1094755","1095050","49","1546264"
"chr7","2700918","2701222","KN297452v1","2293568","2293874","42","407350"
"chr7","2774275","2774595","KN296594v1","409716","410035","45","2364559"
"chr7","2851192","2851466","KN297219v1","2564555","2564824","40","286637"
"chr7","2968435","2968727","KN295319v1","147659","147950","32","2820776"
"chr7","2986396","2986702","KN294717v1","373979","374286","36","2612417"
"chr7","3004113","3004416","KN296643v1","629968","630269","32","2374145"
"chr7","3105295","3105594","KN295294v1","235400","235700","33","2869895"
"chr7","3109100","3109401","KN295984v1","2017502","2017807","34","1091598"
"chr7","3111736","3112029","KN295449v1","720465","720757","31","2391271"
"chr7","3149079","3149376","KN296643v1","477731","478028","31","2671348"
"chr7","3157258","3157562","KN296859v1","1719114","1719417","41","1438144"
"chr7","3163284","3163580","KN296153v1","3677943","3678242","31","514659"
"chr7","3177536","3177842","KN295977v1","249013","249314","35","2928523"
"chr7","3193414","3193715","KN295091v1","2420503","2420803","37","772911"
"chr7","3221489","3221807","KN296643v1","404092","404406","33","2817397"
"chr7","3246405","3246714","KN297000v1","49763","50071","40","3196642"
"chr7","3300579","3300870","KN296643v1","317084","317373","36","2983495"
"chr7","3353602","3353901","KN296643v1","261722","262012","25","3091880"
"chr7","3383653","3383956","KN297453v1","509317","509619","41","2874336"
"chr7","3422288","3422595","KN296311v1","3721408","3721707","40","299120"
"chr7","3461720","3462017","KN296643v1","153891","154198","24","3307829"
"chr7","3501833","3502128","KN296643v1","117753","118057","33","3384080"
"chr7","3516089","3516394","KN296643v1","105013","105318","30","3411076"
"chr7","3541426","3541734","KN295497v1","720813","721124","35","2820613"
"chr7","3566911","3567202","KN295470v1","376505","376799","33","3190406"
"chr7","3579413","3579718","KN296643v1","46882","47185","27","3532531"
"chr7","3601853","3602164","KN296404v1","1938458","1938769","39","1663395"
"chr7","3608562","3608863","KN296442v1","529327","529624","42","3079235"
"chr7","3638418","3638729","KN295755v1","31600","31905","34","3606818"
"chr7","3645096","3645279","KN294326v1","736313","736490","38","2908783"
"chr7","3680610","3680890","KN296980v1","433309","433585","42","3247301"
"chr7","3682357","3682656","KN296225v1","870453","870753","23","2811904"
"chr7","3706422","3706720","KN297046v1","2791168","2791468","39","915254"
"chr7","3726576","3726745","KN294837v1","424254","424421","20","3302322"
"chr7","3756141","3756420","KN296079v1","1551529","1551809","39","2204612"
"chr7","3763528","3763833","KN294387v1","2599087","2599393","35","1164441"
"chr7","3769610","3769889","KN297125v1","22244","22518","41","3747366"
"chr7","3771283","3771578","KN294161v1","265801","266094","41","3505482"
"chr7","3773861","3774169","KN294457v1","1134939","1135243","45","2638922"
"chr7","3774957","3775259","KN295096v1","2124655","2124956","34","1650302"
"chr7","3779579","3779844","KN296201v1","586124","586387","32","3193455"
"chr7","3810881","3811175","KN296153v1","91872","92161","33","3719009"
"chr7","3831424","3831724","KN294873v1","1327978","1328280","29","2503446"
"chr7","3832543","3832835","KN294848v1","1056095","1056387","46","2776448"
"chr7","3878571","3878865","KN296536v1","39012","39307","33","3839559"
"chr7","3882394","3882687","KN296122v1","44191","44489","33","3838203"
"chr7","3920371","3920663","KN296122v1","87030","87339","41","3833341"
"chr7","3933600","3933904","KN295572v1","419230","419536","35","3514370"
"chr7","3946817","3947098","KN294172v1","2999478","2999758","33","947339"
"chr7","3980942","3981244","KN294848v1","1020772","1021081","36","2960170"
"chr7","3988043","3988353","KN296122v1","157100","157411","29","3830943"
"chr7","3989983","3990290","KN296042v1","627408","627715","37","3362575"
"chr7","4005969","4006280","KN296122v1","176456","176749","39","3829513"
"chr7","4012789","4012898","KN295666v1","1103402","1103506","15","2909387"
"chr7","4177931","4178221","KN297154v1","854898","855187","35","3323033"
"chr7","4179869","4180169","KN295497v1","449862","450160","32","3730007"
"chr7","4189659","4189970","KN296122v1","365482","365798","32","3824177"
"chr7","4192169","4192477","KN297442v1","1671723","1672023","45","2520446"
"chr7","4209427","4209744","KN296122v1","386780","387097","23","3822647"
"chr7","4209753","4210057","KN295045v1","330502","330797","30","3879251"
"chr7","4242977","4243153","KN294326v1","736313","736490","21","3506664"
"chr7","4251673","4251975","KN294181v1","810707","811001","32","3440966"
"chr7","4254388","4254680","KN296153v1","3677943","3678242","32","576445"
"chr7","4255112","4255161","KN297112v1","3927060","3927107","5","328052"
"chr7","4302240","4302475","KN296122v1","483905","484134","32","3818335"
"chr7","4334499","4334804","KN296122v1","518691","518991","33","3815808"
"chr7","4358822","4359123","KN295501v1","902998","903291","33","3455824"
"chr7","4432754","4433070","KN296404v1","3377572","3377884","48","1055182"
"chr7","4441682","4441984","KN296357v1","356792","357093","35","4084890"
"chr7","4451690","4451982","KN295755v1","31600","31905","32","4420090"
"chr7","4466584","4466895","KN295114v1","20941","21251","35","4445643"
"chr7","4468666","4468965","KN294613v1","747893","748193","33","3720773"
"chr7","4470211","4470522","KN294439v1","261107","261420","35","4209104"
"chr7","4507215","4507490","KN295995v1","945650","945923","42","3561565"
"chr7","4510488","4510784","KN297320v1","2087688","2087983","40","2422800"
"chr7","4512887","4513183","KN294739v1","1119262","1119568","39","3393625"
"chr7","4524796","4525085","KN294539v1","2237731","2238018","38","2287065"
"chr7","4536513","4536813","KN294218v1","1633132","1633430","38","2903381"
"chr7","4562271","4562577","KN296225v1","15123","15422","36","4547148"
"chr7","4578259","4578515","KN296225v1","32230","32485","28","4546029"
"chr7","4594130","4594430","KN296225v1","48853","49147","34","4545277"
"chr7","4613739","4614042","KN294167v1","219275","219575","41","4394464"
"chr7","4623294","4623592","KN294873v1","1152998","1153302","37","3470296"
"chr7","4662522","4662818","KN296096v1","3183138","3183434","36","1479384"
"chr7","4673921","4674221","KN296225v1","870453","870753","28","3803468"
"chr7","4675676","4675944","KN296225v1","868081","868342","38","3807595"
"chr7","4709040","4709349","KN294172v1","2028047","2028349","30","2680993"
"chr7","4771714","4772006","KN294161v1","265801","266094","38","4505913"
"chr7","4780091","4780383","KN296225v1","759063","759354","32","4021028"
"chr7","4797145","4797443","KN294995v1","61376","61672","38","4735769"
"chr7","4797745","4798053","KN294758v1","374673","374971","34","4423072"
"chr7","4908369","4908676","KN295487v1","116632","116933","38","4791737"
"chr7","4910678","4910982","KN296225v1","624703","625013","40","4285975"
"chr7","5005914","5006213","KN294444v1","57733","58029","34","4948181"
"chr7","5010184","5010489","KN297133v1","419676","419981","35","4590508"
"chr7","5012872","5013158","KN296225v1","509258","509554","38","4503614"
"chr7","5013893","5014191","KN296225v1","508213","508504","26","4505680"
"chr7","5015658","5015950","KN296732v1","2013890","2014190","37","3001768"
"chr7","5020970","5021193","KN294893v1","131372","131601","44","4889598"
"chr7","5021194","5021489","KN296225v1","499426","499735","38","4521768"
"chr7","5022168","5022461","KN296158v1","167401","167695","33","4854767"
"chr7","5023890","5024176","KN296225v1","496001","496285","28","4527889"
"chr7","5029435","5029725","KN296557v1","709141","709435","35","4320294"
"chr7","5034419","5034694","KN296158v1","1195045","1195322","37","3839374"
"chr7","5042145","5042436","KN296225v1","473802","474103","34","4568343"
"chr7","5048654","5048951","KN295906v1","77622","77914","42","4971032"
"chr7","5052219","5052436","KN296225v1","464907","465129","27","4587312"
"chr7","5054981","5055273","KN294147v1","1832706","1832995","34","3222275"
"chr7","5056885","5057186","KN295854v1","1466288","1466586","42","3590597"
"chr7","5061667","5061959","KN297165v1","1143723","1144010","29","3917944"
"chr7","5090015","5090302","KN297421v1","269231","269537","47","4820784"
"chr7","5119627","5119930","KN296225v1","388460","388762","30","4731167"
"chr7","5132576","5132885","KN294229v1","205014","205325","43","4927562"
"chr7","5157888","5158192","KN297095v1","3973836","3974132","42","1184052"
"chr7","5186411","5186713","KN296225v1","318560","318847","43","4867851"
"chr7","5189105","5189420","KN296339v1","1900121","1900432","46","3288984"
"chr7","5199240","5199539","KN295977v1","249013","249314","44","4950227"
"chr7","5201772","5202081","KN296225v1","303380","303693","33","4898392"
"chr7","5280765","5280986","KN294147v1","1324573","1324798","44","3956192"
"chr7","5283703","5283990","KN296225v1","220955","221249","29","5062748"
"chr7","5297257","5297567","KN294728v1","1530565","1530875","45","3766692"
"chr7","5301617","5301808","KN296225v1","200977","201169","19","5100640"
"chr7","5302078","5302207","KN296225v1","200571","200694","22","5101507"
"chr7","5312218","5312522","KN296225v1","188914","189216","34","5123304"
"chr7","5314308","5314609","KN294387v1","2599087","2599393","36","2715221"
"chr7","5316579","5316871","KN295034v1","276974","277269","40","5039605"
"chr7","5341442","5341733","KN296225v1","157317","157608","34","5184125"
"chr7","5351875","5352164","KN296225v1","145680","145966","34","5206195"
"chr7","5352831","5353129","KN296225v1","144706","145006","26","5208125"
"chr7","5371666","5371965","KN296225v1","124452","124758","26","5247214"
"chr7","5374995","5375267","KN295243v1","302117","302391","38","5072878"
"chr7","5389051","5389352","KN296225v1","104975","105283","27","5284076"
"chr7","5392227","5392492","KN294728v1","1211461","1211718","52","4180766"
"chr7","5399158","5399466","KN294387v1","2599087","2599393","41","2800071"
"chr7","5409669","5409965","KN295474v1","973205","973501","38","4436464"
"chr7","5419224","5419528","KN294167v1","219275","219575","43","5199949"
"chr7","5438677","5438977","KN296225v1","48853","49147","34","5389824"
"chr7","5454588","5454844","KN296225v1","32230","32485","26","5422358"
"chr7","5470497","5470803","KN296225v1","15123","15422","36","5455374"
"chr7","5508776","5509083","KN296311v1","4819781","4820090","38","688995"
"chr7","5513462","5513773","KN295315v1","360280","360581","47","5153182"
"chr7","5547700","5548010","KN295984v1","1146437","1146743","40","4401263"
"chr7","5548896","5549193","KN296635v1","2062385","2062678","48","3486511"
"chr7","5582821","5583139","KN295236v1","2360987","2361301","43","3221834"
"chr7","5588989","5589261","KN297125v1","22244","22518","41","5566745"
"chr7","5598237","5598535","KN294421v1","22671","22970","35","5575566"
"chr7","6093619","6093918","KN296158v1","236064","236362","43","5857555"
"chr7","6140371","6140656","KN295835v1","65035","65320","41","6075336"
"chr7","6247862","6248149","KN295523v1","3974463","3974753","40","2273399"
"chr7","6278752","6279058","KN296062v1","1796687","1796987","45","4482065"
"chr7","6294759","6295068","KN297050v1","101030","101336","41","6193729"
"chr7","6365132","6365445","KN295114v1","20941","21251","36","6344191"
"chr7","6486126","6486163","KN297159v1","1909803","1909838","5","4576323"
"chr7","6491702","6491998","KN295705v1","2747981","2748284","41","3743721"
"chr7","6507690","6507995","KN295171v1","675269","675580","37","5832421"
"chr7","6560739","6561049","KN295236v1","2360987","2361301","37","4199752"
"chr7","6562591","6562880","KN297046v1","2791168","2791468","37","3771423"
"chr7","6587531","6587841","KN296948v1","1387253","1387563","39","5200278"
"chr7","6632632","6632917","KN296158v1","692023","692317","40","5940609"
"chr7","6679276","6679573","KN295983v1","1536250","1536551","33","5143026"
"chr7","6707253","6707547","KN294966v1","89371","89664","35","6617882"
"chr7","6719825","6720123","KN294758v1","2189671","2189970","40","4530154"
"chr7","6807179","6807497","KN297390v1","1640938","1641250","45","5166241"
"chr7","6889512","6889804","KN294662v1","79885","80185","40","6809627"
"chr7","7227975","7228254","KN295963v1","38585","38859","34","7189390"
"chr7","7314729","7315047","KN296356v1","55868","56181","30","7258861"
"chr7","7570693","7570978","KN296356v1","387541","387821","41","7183152"
"chr7","7798765","7799074","KN295667v1","1091339","1091651","42","6707426"
"chr7","8011410","8011719","KN296934v1","897698","898003","37","7113712"
"chr7","8098352","8098648","KN294758v1","374673","374971","43","7723679"
"chr7","8250652","8250961","KN294172v1","4612860","4613172","39","3637792"
"chr7","8445173","8445381","KN296849v1","936599","936808","44","7508574"
"chr7","8492466","8492779","KN294407v1","2733858","2734151","52","5758608"
"chr7","8538363","8538662","KN294824v1","147930","148224","41","8390433"
"chr7","8569873","8570180","KN295096v1","466481","466784","38","8103392"
"chr7","8664747","8665035","KN297165v1","1143723","1144010","47","7521024"
"chr7","8665580","8665877","KN295090v1","1657716","1658013","39","7007864"
"chr7","8955446","8955748","KN297219v1","2010832","2011125","38","6944614"
"chr7","9217256","9217571","KN295605v1","712558","712868","41","8504698"
"chr7","9342207","9342508","KN294456v1","96834","97129","42","9245373"
"chr7","9460208","9460503","KN294879v1","470984","471280","37","8989224"
"chr7","9481464","9481773","KN294172v1","2162488","2162800","44","7318976"
"chr7","9493309","9493608","KN297108v1","212852","213159","41","9280457"
"chr7","9498390","9498685","KN297197v1","173467","173764","35","9324923"
"chr7","9546523","9546832","KN296244v1","860253","860559","33","8686270"
"chr7","9555887","9556144","KN295430v1","1606937","1607192","39","7948950"
"chr7","9609057","9609382","KN296934v1","897698","898003","53","8711359"
"chr7","9671794","9672088","KN295474v1","973205","973501","36","8698589"
"chr7","9744998","9745285","KN294416v1","208870","209165","41","9536128"
"chr7","9766689","9766837","KN296139v1","428185","428336","28","9338504"
"chr7","9851331","9851641","KN296934v1","897698","898003","47","8953633"
"chr7","9937000","9937305","KN295983v1","1182438","1182738","35","8754562"
"chr7","10258914","10259207","KN296062v1","1401199","1401512","62","8857715"
"chr7","10390527","10390823","KN294218v1","2831459","2831758","34","7559068"
"chr7","10462963","10463263","KN296588v1","321243","321547","38","10141720"
"chr7","10537534","10537676","KN295594v1","97024","97175","31","10440510"
"chr7","10558861","10559173","KN295107v1","435752","436065","43","10123109"
"chr7","10562285","10562502","KN294539v1","11762","11974","40","10550523"
"chr7","11047781","11048084","KN294700v1","249273","249579","46","10798508"
"chr7","11121531","11121781","KN294458v1","843442","843676","47","10278089"
"chr7","11189555","11189838","KN296460v1","985021","985309","43","10204534"
"chr7","11283807","11284101","KN294462v1","73428","73721","38","11210379"
"chr7","11288483","11288714","KN295523v1","1139273","1139503","40","10149210"
"chr7","11297369","11297637","KN295090v1","1314407","1314676","49","9982962"
"chr7","11304120","11304417","KN297019v1","1233639","1233939","35","10070481"
"chr7","11308807","11309071","KN296859v1","1784752","1785017","30","9524055"
"chr7","11314739","11315041","KN294457v1","674256","674563","39","10640483"
"chr7","11327408","11327711","KN296969v1","194578","194882","32","11132830"
"chr7","11358077","11358383","KN294181v1","930133","930441","29","10427944"
"chr7","11392415","11392711","KN297008v1","3405455","3405752","33","7986960"
"chr7","11547924","11548072","KN296505v1","2173383","2173534","31","9374541"
"chr7","11606604","11606915","KN294717v1","373979","374286","34","11232625"
"chr7","11740527","11740830","KN297019v1","695366","695673","32","11045161"
"chr7","11866332","11866566","KN294949v1","1155196","1155434","40","10711136"
"chr7","11904717","11905019","KN295923v1","520307","520606","31","11384410"
"chr7","12017234","12017339","KN294470v1","3275159","3275269","20","8742075"
"chr7","12103897","12104200","KN294657v1","50290","50589","35","12053607"
"chr7","12423571","12423885","KN296828v1","288722","289035","36","12134849"
"chr7","12441556","12441837","KN294536v1","1607732","1608024","38","10833824"
"chr7","12512979","12513286","KN294591v1","102703","103003","44","12410276"
"chr7","12621259","12621582","KN296880v1","42393","42692","54","12578866"
"chr7","12659437","12659742","KN295667v1","1687893","1688204","41","10971544"
"chr7","12852556","12852858","KN295423v1","89164","89452","32","12763392"
"chr7","12941706","12941993","KN295573v1","219796","220081","41","12721910"
"chr7","13076573","13076859","KN295984v1","973297","973595","49","12103276"
"chr7","13177740","13178037","KN294377v1","1677009","1677316","33","11500731"
"chr7","13334346","13334646","KN294377v1","1526754","1527057","30","11807592"
"chr7","13338639","13338967","KN296980v1","992123","992435","62","12346516"
"chr7","13346763","13347039","KN297215v1","693594","693870","39","12653169"
"chr7","13408693","13409010","KN295459v1","935252","935561","50","12473441"
"chr7","13961058","13961362","KN294377v1","882929","883230","39","13078129"
"chr7","14361301","14361605","KN294377v1","466075","466376","24","13895226"
"chr7","14368090","14368388","KN294506v1","57160","57457","42","14310930"
"chr7","14584034","14584284","KN294287v1","402076","402337","59","14181958"
"chr7","14645571","14645852","KN294733v1","316989","317272","30","14328582"
"chr7","14724272","14724582","KN296119v1","2578860","2579161","38","12145412"
"chr7","14784056","14784367","KN294261v1","106351","106657","41","14677705"
"chr7","14797690","14797990","KN294377v1","25480","25777","32","14772210"
"chr7","14891718","14892011","KN294501v1","3414642","3414942","48","11477076"
"chr7","14957449","14957743","KN295459v1","1614660","1614952","35","13342789"
"chr7","15116406","15116707","KN294513v1","735571","735866","31","14380835"
"chr7","15138705","15139015","KN294387v1","2599087","2599393","32","12539618"
"chr7","15145547","15145827","KN295667v1","113157","113445","38","15032390"
"chr7","15181800","15181933","KN294172v1","5285027","5285162","16","9896773"
"chr7","15182188","15182338","KN294372v1","1823910","1824058","27","13358278"
"chr7","15235512","15235826","KN294717v1","373979","374286","40","14861533"
"chr7","15256596","15256896","KN296153v1","3677943","3678242","36","11578653"
"chr7","15331404","15331698","KN294536v1","1607732","1608024","32","13723672"
"chr7","15332909","15333216","KN294387v1","2599087","2599393","36","12733822"
"chr7","15341546","15341832","KN295352v1","616838","617123","31","14724708"
"chr7","15441298","15441605","KN294536v1","1859228","1859530","33","13582070"
"chr7","15463537","15463827","KN296381v1","189881","190170","44","15273656"
"chr7","15666751","15667027","KN294172v1","6656193","6656471","43","9010558"
"chr7","15891942","15892245","KN295984v1","2017502","2017807","34","13874440"
"chr7","15979133","15979435","KN296908v1","316710","317012","39","15662423"
"chr7","16095585","16095891","KN296153v1","3677943","3678242","38","12417642"
"chr7","16229461","16229754","KN295974v1","75089","75383","36","16154372"
"chr7","16241886","16242136","KN296119v1","3112555","3112819","55","13129331"
"chr7","16351076","16351401","KN296308v1","871499","871827","41","15479577"
"chr7","16533412","16533716","KN296153v1","3677943","3678242","38","12855469"
"chr7","16554032","16554318","KN296153v1","3928048","3928334","42","12625984"
"chr7","16598590","16598886","KN296119v1","6426036","6426336","36","10172554"
"chr7","16655108","16655404","KN295995v1","1426233","1426527","37","15228875"
"chr7","16730000","16730305","KN294372v1","2175029","2175333","39","14554971"
"chr7","16750533","16750758","KN297442v1","2669526","2669752","37","14081007"
"chr7","17298232","17298501","KN295607v1","3891545","3891824","42","13406687"
"chr7","17300122","17300431","KN294451v1","576228","576536","41","16723894"
"chr7","17402361","17402644","KN296739v1","287386","287669","41","17114975"
"chr7","17592238","17592539","KN297133v1","419676","419981","31","17172562"
"chr7","17807348","17807639","KN295820v1","372417","372708","38","17434931"
"chr7","18003650","18003954","KN294181v1","858043","858340","46","17145607"
"chr7","18134471","18134766","KN296357v1","356792","357093","51","17777679"
"chr7","18288200","18288510","KN295236v1","4834828","4835135","36","13453372"
"chr7","18427386","18427683","KN297095v1","2087459","2087755","36","16339927"
"chr7","18428763","18429057","KN295117v1","285369","285672","40","18143394"
"chr7","18566774","18567076","KN294662v1","79885","80185","37","18486889"
"chr7","18850564","18850857","KN294536v1","1607732","1608024","33","17242832"
"chr7","18914587","18914875","KN295825v1","1953498","1953787","37","16961089"
"chr7","18930010","18930303","KN296481v1","288604","288899","36","18641406"
"chr7","18976609","18976894","KN295820v1","372417","372708","31","18604192"
"chr7","19032495","19032791","KN295601v1","1239412","1239710","33","17793083"
"chr7","19037391","19037699","KN294433v1","482950","483258","41","18554441"
"chr7","19049012","19049312","KN296004v1","29555","29853","32","19019457"
"chr7","19243174","19243470","KN296109v1","118804","119107","27","19124370"
"chr7","19291061","19291369","KN294806v1","835206","835511","37","18455855"
"chr7","19322183","19322474","KN296109v1","198151","198445","43","19124032"
"chr7","19360274","19360569","KN297095v1","1452898","1453193","33","17907376"
"chr7","19366888","19367195","KN296109v1","241746","242053","30","19125142"
"chr7","19376274","19376574","KN294758v1","2189671","2189970","33","17186603"
"chr7","19390630","19390923","KN296109v1","265734","266023","30","19124896"
"chr7","19407084","19407370","KN296109v1","282265","282553","28","19124819"
"chr7","19419759","19420069","KN296109v1","294601","294914","21","19125158"
"chr7","19421917","19422220","KN294842v1","690378","690679","28","18731539"
"chr7","19587254","19587560","KN294229v1","342209","342506","30","19245045"
"chr7","19639661","19639964","KN294705v1","903205","903511","37","18736456"
"chr7","19705004","19705303","KN296109v1","575553","575865","36","19129451"
"chr7","19814204","19814503","KN295096v1","2124655","2124956","33","17689549"
"chr7","19819843","19820160","KN294365v1","1401774","1402095","51","18418069"
"chr7","19890507","19890800","KN296109v1","755831","756125","34","19134676"
"chr7","19918516","19918808","KN294167v1","406704","406998","30","19511812"
"chr7","19990850","19991136","KN295350v1","31487","31774","48","19959363"
"chr7","20012099","20012386","KN294239v1","334831","335118","32","19677268"
"chr7","20169227","20169535","KN296062v1","1877888","1878199","38","18291339"
"chr7","20250248","20250540","KN297314v1","117021","117312","40","20133227"
"chr7","20261385","20261690","KN295919v1","100991","101296","37","20160394"
"chr7","20355210","20355516","KN296934v1","897698","898003","38","19457512"
"chr7","20420496","20420791","KN295320v1","27087","27386","37","20393409"
"chr7","20430366","20430682","KN294475v1","913157","913467","27","19517209"
"chr7","20495007","20495320","KN296934v1","419367","419671","44","20075640"
"chr7","20566973","20567277","KN294475v1","768530","768841","33","19798443"
"chr7","20579511","20579826","KN294224v1","1197602","1197911","40","19381909"
"chr7","20584185","20584507","KN294790v1","1141980","1142298","40","19442205"
"chr7","20676005","20676308","KN295550v1","1007565","1007867","33","19668440"
"chr7","20701897","20702195","KN294399v1","151738","152035","37","20550159"
"chr7","20939171","20939469","KN296153v1","3677943","3678242","32","17261228"
"chr7","21050127","21050388","KN296923v1","34416","34674","32","21015711"
"chr7","21297526","21297826","KN295561v1","256425","256726","39","21041101"
"chr7","21319320","21319616","KN295090v1","1657716","1658013","34","19661604"
"chr7","21499040","21499214","KN296119v1","3625254","3625431","27","17873786"
"chr7","21733906","21734192","KN295825v1","1953498","1953787","41","19780408"
"chr7","21783549","21783856","KN294987v1","439387","439694","38","21344162"
"chr7","21790337","21790650","KN295114v1","20941","21251","40","21769396"
"chr7","21808032","21808335","KN295112v1","343212","343513","38","21464820"
"chr7","21848782","21849086","KN296738v1","137767","138070","32","21711015"
"chr7","21884624","21884922","KN296637v1","444673","444970","32","21439951"
"chr7","21890377","21890682","KN296731v1","1681432","1681735","34","20208945"
"chr7","21900902","21901205","KN294991v1","1865473","1865780","33","20035429"
"chr7","21914806","21915104","KN294536v1","532441","532731","51","21382365"
"chr7","21941489","21941789","KN296158v1","1672506","1672810","40","20268983"
"chr7","21978822","21978953","KN295382v1","230809","230945","18","21748013"
"chr7","22038219","22038529","KN294848v1","1020772","1021081","37","21017447"
"chr7","22065743","22065859","KN295236v1","3126577","3126691","18","18939166"
"chr7","22066468","22066591","KN294501v1","6326","6446","21","22060142"
"chr7","22074950","22075223","KN297112v1","3992200","3992473","42","18082750"
"chr7","22107316","22107625","KN295430v1","2610079","2610388","41","19497237"
"chr7","22118383","22118669","KN297112v1","2008532","2008818","38","20109851"
"chr7","22133096","22133339","KN297105v1","3096112","3096357","38","19036984"
"chr7","22163372","22163675","KN296594v1","683220","683520","41","21480152"
"chr7","22183912","22184205","KN294470v1","1157107","1157397","37","21026805"
"chr7","22202469","22202758","KN296820v1","675939","676230","43","21526530"
"chr7","22211573","22211882","KN295112v1","343212","343513","46","21868361"
"chr7","22229387","22229659","KN295825v1","1555832","1556125","42","20673555"
"chr7","22268176","22268479","KN294662v1","79885","80185","26","22188291"
"chr7","22293807","22294109","KN296759v1","638542","638840","34","21655265"
"chr7","22306474","22306776","KN295996v1","997185","997479","45","21309289"
"chr7","22362010","22362249","KN295433v1","566711","566958","35","21795299"
"chr7","22508058","22508331","KN295936v1","30401","30674","38","22477657"
"chr7","22690391","22690685","KN297190v1","4506397","4506693","35","18183994"
"chr7","22757479","22757799","KN296335v1","187278","187590","26","22570201"
"chr7","22840372","22840628","KN296335v1","102912","103173","35","22737460"
"chr7","22945532","22945839","KN296000v1","1061953","1062262","37","21883579"
"chr7","22950777","22951037","KN297452v1","1345867","1346126","35","21604910"
"chr7","22973247","22973552","KN297452v1","2293568","2293874","36","20679679"
"chr7","23039046","23039334","KN295225v1","852978","853269","33","22186068"
"chr7","23101442","23101747","KN295601v1","2895150","2895452","35","20206292"
"chr7","23262478","23262780","KN294407v1","249623","249924","33","23012855"
"chr7","23349775","23350083","KN295943v1","593979","594287","42","22755796"
"chr7","23368532","23368841","KN295634v1","230980","231291","32","23137552"
"chr7","23421434","23421718","KN295205v1","1220626","1220914","34","22200808"
"chr7","23575919","23576215","KN297320v1","2087688","2087983","39","21488231"
"chr7","23703912","23704220","KN295114v1","20941","21251","33","23682971"
"chr7","23704858","23705179","KN295236v1","3424373","3424682","41","20280485"
"chr7","23708482","23708794","KN297190v1","6787493","6787794","39","16920989"
"chr7","23714015","23714322","KN295671v1","156158","156468","38","23557857"
"chr7","23726601","23726890","KN294561v1","296837","297132","41","23429764"
"chr7","23736379","23736686","KN296357v1","706115","706421","36","23030264"
"chr7","23743924","23744224","KN294470v1","1143092","1143391","30","22600832"
"chr7","23773884","23774185","KN294260v1","1428283","1428585","35","22345601"
"chr7","23783247","23783558","KN294539v1","2320327","2320629","41","21462920"
"chr7","23814639","23814936","KN296290v1","1073030","1073328","31","22741609"
"chr7","24255062","24255366","KN297046v1","3565105","3565411","40","20689957"
"chr7","24492828","24493133","KN295036v1","100157","100453","31","24392671"
"chr7","24558737","24559044","KN294717v1","373979","374286","41","24184758"
"chr7","24574313","24574614","KN295036v1","18454","18755","26","24555859"
"chr7","24613421","24613682","KN295667v1","1674893","1675154","29","22938528"
"chr7","24677724","24678033","KN294630v1","494261","494558","37","24183463"
"chr7","24714350","24714626","KN296187v1","1378188","1378465","44","23336162"
"chr7","24755731","24756030","KN296609v1","598588","598892","34","24157143"
"chr7","24800672","24800977","KN294842v1","1546094","1546403","40","23254578"
"chr7","24806716","24806929","KN295633v1","669449","669671","44","24137267"
"chr7","24826446","24826757","KN295967v1","272157","272472","37","24554289"
"chr7","24843032","24843336","KN296495v1","725775","726081","34","24117257"
"chr7","24860843","24861147","KN296614v1","20754","21055","35","24840089"
"chr7","24867626","24867709","KN294592v1","136348","136425","22","24731278"
"chr7","24948730","24949014","KN296955v1","333943","334231","47","24614787"
"chr7","24992460","24992756","KN295983v1","1664954","1665256","33","23327506"
"chr7","25012113","25012409","KN294385v1","354018","354312","38","24658095"
"chr7","25236854","25237166","KN295315v1","250826","251139","39","24986028"
"chr7","25282955","25283264","KN294717v1","373979","374286","39","24908976"
"chr7","25305437","25305718","KN295883v1","126524","126801","43","25178913"
"chr7","25330625","25330924","KN296926v1","838365","838669","45","24492260"
"chr7","25397752","25398061","KN294717v1","373979","374286","37","25023773"
"chr7","25476244","25476538","KN294536v1","1607732","1608024","35","23868512"
"chr7","25480867","25481163","KN294421v1","22671","22970","35","25458196"
"chr7","25492665","25492955","KN294433v1","757043","757344","44","24735622"
"chr7","25530490","25530791","KN295601v1","2895150","2895452","31","22635340"
"chr7","25537447","25537746","KN296153v1","3677943","3678242","38","21859504"
"chr7","25568986","25569293","KN295984v1","868891","869195","31","24700095"
"chr7","25627639","25627915","KN296328v1","82417","82679","48","25545222"
"chr7","25636491","25636797","KN295550v1","1007565","1007867","38","24628926"
"chr7","25645714","25646020","KN295090v1","276264","276560","37","25369450"
"chr7","25652131","25652431","KN295983v1","1536250","1536551","40","24115881"
"chr7","25673544","25673833","KN294879v1","351077","351369","38","25322467"
"chr7","25675612","25675906","KN297159v1","618451","618746","39","25057161"
"chr7","25851827","25852123","KN295112v1","343212","343513","38","25508615"
"chr7","25873113","25873402","KN295871v1","777953","778254","46","25095160"
"chr7","25892823","25893132","KN295571v1","338888","339191","43","25553935"
"chr7","25915761","25916056","KN294536v1","1717253","1717544","32","24198508"
"chr7","25922389","25922671","KN296308v1","1271050","1271341","44","24651339"
"chr7","25928307","25928592","KN295090v1","523438","523719","35","25404869"
"chr7","25996070","25996363","KN294407v1","2733858","2734151","32","23262212"
"chr7","26085781","26086059","KN295940v1","167693","167976","36","25918088"
"chr7","26139173","26139313","KN296795v1","1955999","1956137","26","24183174"
"chr7","26248674","26248964","KN295984v1","974577","974872","35","25274097"
"chr7","26250348","26250654","KN295236v1","4576569","4576870","44","21673779"
"chr7","26250929","26251228","KN294758v1","374673","374971","32","25876256"
"chr7","26252666","26252963","KN296424v1","617439","617738","33","25635227"
"chr7","26295056","26295354","KN295090v1","1657716","1658013","34","24637340"
"chr7","26435339","26435630","KN295930v1","766325","766615","29","25669014"
"chr7","26652717","26653022","KN295605v1","194810","195106","37","26457907"
"chr7","26735990","26736274","KN296685v1","285639","285930","37","26450351"
"chr7","26813809","26814120","KN294717v1","373979","374286","36","26439830"
"chr7","26850541","26850839","KN296865v1","1674895","1675192","37","25175646"
"chr7","26918562","26918864","KN294662v1","79885","80185","31","26838677"
"chr7","26984157","26984443","KN294524v1","24394","24676","35","26959763"
"chr7","26991442","26991753","KN295114v1","20941","21251","32","26970501"
"chr7","27290494","27290794","KN297046v1","2791168","2791468","36","24499326"
"chr7","27296676","27296957","KN296311v1","715482","715765","41","26581194"
"chr7","27327272","27327583","KN297159v1","3314158","3314468","44","24013114"
"chr7","27413951","27414257","KN296004v1","359490","359791","42","27054461"
"chr7","27447210","27447510","KN295983v1","1536250","1536551","35","25910960"
"chr7","27478160","27478463","KN296381v1","91265","91569","39","27386895"
"chr7","27690679","27690979","KN296767v1","188439","188732","22","27502240"
"chr7","27761098","27761389","KN296731v1","1778490","1778785","40","25982608"
"chr7","27924605","27924889","KN296767v1","421980","422268","26","27502625"
"chr7","28155721","28156024","KN294588v1","1029520","1029819","29","27126201"
"chr7","28173190","28173484","KN294539v1","761382","761684","50","27411808"
"chr7","28212711","28212996","KN295090v1","1165047","1165331","33","27047664"
"chr7","28417332","28417634","KN296430v1","770276","770574","36","27647056"
"chr7","28463571","28463833","KN296849v1","746362","746624","33","27717209"
"chr7","28479304","28479598","KN296594v1","192568","192865","38","28286736"
"chr7","28525351","28525648","KN296075v1","836648","836947","33","27688703"
"chr7","28608928","28609234","KN295077v1","585208","585503","44","28023720"
"chr7","28681540","28681841","KN294387v1","2599087","2599393","39","26082453"
"chr7","28877172","28877462","KN296357v1","356792","357093","39","28520380"
"chr7","28967269","28967564","KN294218v1","2831459","2831758","31","26135810"
"chr7","29036643","29036953","KN295705v1","263622","263929","29","28773021"
"chr7","29046769","29047079","KN296739v1","277323","277639","33","28769446"
"chr7","29056327","29056636","KN297322v1","792278","792585","39","28264049"
"chr7","29312451","29312757","KN295878v1","43159","43465","30","29269292"
"chr7","29532619","29532922","KN295878v1","273930","274243","38","29258689"
"chr7","29565182","29565481","KN294662v1","79885","80185","39","29485297"
"chr7","29845344","29845639","KN294693v1","141731","142024","26","29703613"
"chr7","29910944","29911249","KN294365v1","795012","795312","42","29115932"
"chr7","30045785","30046085","KN294693v1","340496","340798","34","29705289"
"chr7","30210122","30210415","KN296635v1","5447621","5447911","36","24762501"
"chr7","30275066","30275363","KN294693v1","585696","586000","33","29689370"
"chr7","30498788","30499071","KN294693v1","828683","828963","31","29670105"
"chr7","30764343","30764638","KN294693v1","1077062","1077355","26","29687281"
"chr7","31045982","31046236","KN294693v1","1356164","1356435","34","29689818"
"chr7","31115898","31116237","KN296036v1","1051362","1051698","62","30064536"
"chr7","31118851","31119146","KN295814v1","1478894","1479191","36","29639957"
"chr7","31124142","31124428","KN295294v1","334706","334991","42","30789436"
"chr7","31157691","31157963","KN295936v1","30401","30674","40","31127290"
"chr7","31315304","31315599","KN296679v1","10375","10671","31","31304929"
"chr7","31354065","31354352","KN296682v1","420810","421103","39","30933255"
"chr7","31507323","31507620","KN294949v1","795128","795423","30","30712195"
"chr7","31515813","31516011","KN296192v1","89944","90149","31","31425869"
"chr7","31530413","31530698","KN297112v1","2008532","2008818","37","29521881"
"chr7","31681168","31681468","KN296731v1","1724737","1725039","44","29956431"
"chr7","31701594","31701883","KN294229v1","323698","323976","44","31377896"
"chr7","32004292","32004586","KN294713v1","326988","327279","35","31677304"
"chr7","32081494","32081778","KN296025v1","38764","39046","39","32042730"
"chr7","32191627","32191907","KN296306v1","883522","883801","40","31308105"
"chr7","32359144","32359439","KN295984v1","974577","974872","34","31384567"
"chr7","32398089","32398369","KN296948v1","969111","969398","41","31428978"
"chr7","32513999","32514309","KN294262v1","2954079","2954389","37","29559920"
"chr7","32691757","32692063","KN294387v1","2599087","2599393","38","30092670"
"chr7","32797357","32797664","KN294627v1","85509","85807","34","32711848"
"chr7","32843616","32843903","KN294627v1","132024","132322","43","32711592"
"chr7","32937685","32937980","KN295601v1","1239412","1239710","37","31698273"
"chr7","33415626","33415935","KN296357v1","343303","343607","42","33072323"
"chr7","33588667","33588979","KN297133v1","419676","419981","43","33168991"
"chr7","33589300","33589611","KN295550v1","1007565","1007867","39","32581735"
"chr7","33697647","33697955","KN296934v1","897698","898003","31","32799949"
"chr7","33895752","33896062","KN295571v1","618918","619228","41","33276834"
"chr7","33904297","33904537","KN296268v1","1143603","1143843","42","32760694"
"chr7","33948968","33949262","KN296357v1","356792","357093","49","33592176"
"chr7","33968339","33968634","KN294739v1","616485","616779","34","33351854"
"chr7","34098836","34099149","KN295107v1","381100","381412","36","33717736"
"chr7","34099772","34100084","KN295919v1","100991","101296","40","33998781"
"chr7","34124611","34124886","KN295107v1","415876","416155","29","33708735"
"chr7","34143254","34143551","KN294260v1","846685","846986","40","33296569"
"chr7","34252748","34253044","KN295350v1","405055","405352","35","33847693"
"chr7","34279936","34280242","KN294662v1","79885","80185","40","34200051"
"chr7","34293344","34293651","KN294172v1","4623261","4623567","35","29670083"
"chr7","34309375","34309677","KN296357v1","356792","357093","37","33952583"
"chr7","34330765","34331034","KN295107v1","617894","618171","37","33712871"
"chr7","34366972","34367322","KN296153v1","1215450","1215798","58","33151522"
"chr7","34420798","34421102","KN296075v1","565878","566186","32","33854920"
"chr7","34451804","34452099","KN295107v1","745833","746138","34","33705971"
"chr7","34488330","34488482","KN294251v1","2231679","2231810","41","32256651"
"chr7","34492234","34492530","KN296357v1","356792","357093","40","34135442"
"chr7","34515492","34515786","KN294879v1","351077","351369","35","34164415"
"chr7","34556794","34557089","KN294516v1","3300","3593","29","34553494"
"chr7","34559475","34559789","KN294717v1","373979","374286","40","34185496"
"chr7","34569839","34570148","KN295708v1","1599062","1599372","32","32970777"
"chr7","34784289","34784597","KN296588v1","805460","805763","38","33978829"
"chr7","34857380","34857663","KN297343v1","560645","560932","40","34296735"
"chr7","34879088","34879377","KN295107v1","1123762","1124050","26","33755326"
"chr7","34892584","34892895","KN296948v1","1390511","1390817","44","33502073"
"chr7","34974419","34974708","KN295107v1","1219592","1219879","27","33754827"
"chr7","34976746","34977040","KN294739v1","616485","616779","41","34360261"
"chr7","34993301","34993629","KN295708v1","1331487","1331787","56","33661814"
"chr7","35070009","35070302","KN295107v1","1315167","1315457","26","33754842"
"chr7","35098086","35098398","KN295039v1","373590","373902","52","34724496"
"chr7","35129890","35130181","KN295107v1","1368723","1369013","25","33761167"
"chr7","35191255","35191560","KN294717v1","373979","374286","37","34817276"
"chr7","35249591","35249918","KN296404v1","1071088","1071415","35","34178503"
"chr7","35269240","35269531","KN295107v1","1497539","1497843","40","33771701"
"chr7","35304514","35304818","KN295243v1","413044","413356","41","34891470"
"chr7","35312710","35313021","KN295107v1","1536682","1536987","32","33776028"
"chr7","35320110","35320415","KN294668v1","2004094","2004404","36","33316016"
"chr7","35394755","35395063","KN294734v1","46378","46689","41","35348377"
"chr7","35582948","35583257","KN295667v1","1091339","1091651","39","34491609"
"chr7","35592854","35593163","KN295697v1","189742","190043","39","35403112"
"chr7","35668626","35668920","KN296759v1","638542","638840","39","35030084"
"chr7","35745098","35745396","KN295350v1","243779","244085","33","35501319"
"chr7","35905590","35905810","KN294978v1","1189593","1189804","32","34715997"
"chr7","36042881","36043188","KN294387v1","2599087","2599393","41","33443794"
"chr7","36061810","36062098","KN296877v1","26142","26424","55","36035668"
"chr7","36070148","36070446","KN297078v1","312102","312402","36","35758046"
"chr7","36177574","36177879","KN294172v1","767562","767859","41","35410012"
"chr7","36251454","36251765","KN295406v1","214517","214825","35","36036937"
"chr7","36258777","36259053","KN295596v1","1495924","1496205","38","34762853"
"chr7","36320017","36320291","KN297008v1","2640522","2640786","46","33679495"
"chr7","36658542","36658812","KN295523v1","4195930","4196206","37","32462612"
"chr7","36810120","36810423","KN294224v1","658770","659072","44","36151350"
"chr7","36827106","36827400","KN297219v1","434860","435161","40","36392246"
"chr7","36963099","36963411","KN296515v1","90833","91141","35","36872266"
"chr7","37159705","37160012","KN295692v1","154976","155286","35","37004729"
"chr7","37174012","37174321","KN295326v1","174150","174455","47","36999862"
"chr7","37215679","37215810","KN295533v1","1134391","1134530","27","36081288"
"chr7","37366412","37366716","KN294717v1","373979","374286","37","36992433"
"chr7","37433068","37433378","KN294433v1","482950","483258","38","36950118"
"chr7","37462721","37463017","KN294260v1","2256979","2257275","37","35205742"
"chr7","37471599","37471910","KN294717v1","373979","374286","34","37097620"
"chr7","37481639","37481933","KN295090v1","1657716","1658013","45","35823923"
"chr7","37563274","37563582","KN295692v1","570082","570388","24","36993192"
"chr7","37668375","37668675","KN294747v1","670418","670717","38","36997957"
"chr7","37762983","37763084","KN294850v1","160848","160948","13","37602135"
"chr7","37891618","37891923","KN295114v1","20941","21251","37","37870677"
"chr7","37984419","37984723","KN295692v1","998365","998674","27","36986054"
"chr7","38008947","38009257","KN295692v1","1022331","1022637","34","36986616"
"chr7","38022284","38022579","KN294588v1","494059","494353","32","37528225"
"chr7","38057345","38057628","KN295692v1","1085531","1085827","39","36971814"
"chr7","38066825","38067127","KN297046v1","2791168","2791468","39","35275657"
"chr7","38129510","38129808","KN295692v1","1188918","1189217","34","36940592"
"chr7","38156144","38156446","KN295854v1","1466288","1466586","39","36689856"
"chr7","38193640","38193939","KN296225v1","870453","870753","36","37323187"
"chr7","38221201","38221501","KN294842v1","690378","690679","31","37530823"
"chr7","38222367","38222653","KN295974v1","4154496","4154780","54","34067871"
"chr7","38228124","38228230","KN295041v1","49283","49384","14","38178841"
"chr7","38244269","38244547","KN294239v1","334831","335118","47","37909438"
"chr7","38250864","38251158","KN296133v1","239214","239508","33","38011650"
"chr7","38284412","38284723","KN296481v1","263678","263991","42","38020734"
"chr7","38299967","38300276","KN297227v1","76488","76784","34","38223479"
"chr7","38313674","38313976","KN296244v1","86518","86815","46","38227156"
"chr7","38435122","38435421","KN294662v1","79885","80185","42","38355237"
"chr7","38470587","38470875","KN294239v1","334831","335118","41","38135756"
"chr7","38481845","38482144","KN295633v1","141651","141946","32","38340194"
"chr7","38622290","38622600","KN295605v1","712558","712868","42","37909732"
"chr7","38645883","38646190","KN295697v1","189742","190043","32","38456141"
"chr7","38666006","38666117","KN296833v1","364639","364749","16","38301367"
"chr7","38666356","38666655","KN295995v1","1426233","1426527","41","37240123"
"chr7","38667758","38668062","KN294325v1","986307","986615","41","37681451"
"chr7","38675060","38675360","KN296281v1","60300","60607","36","38614760"
"chr7","38741061","38741379","KN294264v1","371563","371884","43","38369498"
"chr7","38771560","38771856","KN295459v1","1614660","1614952","31","37156900"
"chr7","38785397","38785700","KN296200v1","613406","613714","46","38171991"
"chr7","38809498","38809780","KN295940v1","167693","167976","38","38641805"
"chr7","38817939","38818237","KN297276v1","182647","182946","35","38635292"
"chr7","38865940","38866245","KN296732v1","2013890","2014190","45","36852050"
"chr7","38867632","38867921","KN296153v1","3677943","3678242","34","35189689"
"chr7","38888168","38888463","KN296153v1","3677943","3678242","41","35210225"
"chr7","38934433","38934733","KN294407v1","276190","276492","33","38658243"
"chr7","38936128","38936388","KN295430v1","1606937","1607192","34","37329191"
"chr7","38966660","38966957","KN294458v1","332931","333226","36","38633729"
"chr7","38997960","38998260","KN295601v1","2895150","2895452","32","36102810"
"chr7","39097303","39097609","KN296833v1","343804","344118","40","38753499"
"chr7","39107844","39108162","KN294264v1","371563","371884","38","38736281"
"chr7","39136308","39136613","KN296357v1","706115","706421","26","38430193"
"chr7","39251211","39251506","KN295825v1","1953498","1953787","37","37297713"
"chr7","39261868","39262178","KN297159v1","566299","566605","44","38695569"
"chr7","39282454","39282762","KN296934v1","897698","898003","43","38384756"
"chr7","39289831","39290114","KN295601v1","3073300","3073589","35","36216531"
"chr7","39375021","39375327","KN296934v1","897698","898003","40","38477323"
"chr7","39376250","39376563","KN295430v1","2568372","2568671","39","36807878"
"chr7","39596144","39596445","KN294161v1","265801","266094","41","39330343"
"chr7","39650173","39650485","KN296743v1","1416258","1416565","41","38233915"
"chr7","39785609","39785917","KN296054v1","53838","54144","43","39731771"
"chr7","39992412","39992729","KN297274v1","62324","62636","37","39930088"
"chr7","40020330","40020629","KN295474v1","973205","973501","43","39047125"
"chr7","40023713","40024022","KN294711v1","903939","904247","34","39119774"
"chr7","40028595","40028896","KN295692v1","3688312","3688611","41","36340283"
"chr7","40047707","40047993","KN295692v1","3669223","3669509","24","36378484"
"chr7","40198032","40198329","KN294456v1","96834","97129","30","40101198"
"chr7","40349377","40349666","KN295692v1","3334877","3335177","27","37014500"
"chr7","40380699","40381000","KN295692v1","3303751","3304060","34","37076948"
"chr7","40510201","40510499","KN296357v1","356792","357093","34","40153409"
"chr7","40625759","40626067","KN295692v1","3055077","3055382","37","37570682"
"chr7","40945541","40945825","KN294172v1","6258303","6258586","38","34687238"
"chr7","40963482","40963785","KN295236v1","1764741","1765042","36","39198741"
"chr7","41349054","41349387","KN296253v1","1579820","1580147","59","39769234"
"chr7","41386390","41386694","KN295666v1","1501386","1501689","30","39885004"
"chr7","41413569","41413862","KN294172v1","7044807","7045099","32","34368762"
"chr7","41521547","41521857","KN296145v1","2759462","2759771","48","38762085"
"chr7","41672210","41672515","KN294662v1","79885","80185","41","41592325"
"chr7","41691751","41692062","KN295692v1","1972576","1972882","31","39719175"
"chr7","41699574","41699880","KN295692v1","1964799","1965089","35","39734775"
"chr7","41791296","41791599","KN295692v1","1871320","1871623","33","39919976"
"chr7","41827236","41827523","KN296649v1","506157","506442","38","41321079"
"chr7","41931363","41931674","KN295580v1","1390","1690","37","41929973"
"chr7","41958394","41958689","KN295077v1","585208","585503","35","41373186"
"chr7","41959641","41959719","KN295967v1","669708","669780","14","41289933"
"chr7","41993684","41993995","KN295692v1","1667380","1667692","30","40326304"
"chr7","42000788","42001083","KN296096v1","3183138","3183434","34","38817650"
"chr7","42002433","42002721","KN295692v1","1659113","1659395","39","40343320"
"chr7","42007035","42007331","KN295995v1","1657698","1657999","46","40349337"
"chr7","42030425","42030706","KN295692v1","1632928","1633205","27","40397497"
"chr7","42031158","42031456","KN296153v1","3677943","3678242","32","38353215"
"chr7","42041928","42042099","KN295489v1","742182","742352","46","41299746"
"chr7","42101595","42101881","KN297314v1","117021","117312","35","41984574"
"chr7","42123812","42124106","KN295090v1","1657716","1658013","33","40466096"
"chr7","42126345","42126640","KN295692v1","1537632","1537929","22","40588713"
"chr7","42140891","42141092","KN295692v1","1525949","1526151","25","40614942"
"chr7","42251948","42252259","KN295692v1","1421750","1422062","29","40830198"
"chr7","42265161","42265461","KN296948v1","421685","421982","37","41843476"
"chr7","42266258","42266559","KN295501v1","1005257","1005557","43","41261001"
"chr7","42275392","42275690","KN295692v1","1402146","1402441","23","40873246"
"chr7","42383038","42383335","KN295533v1","1053416","1053711","50","41329622"
"chr7","42399114","42399419","KN296316v1","247482","247782","22","42151632"
"chr7","42412497","42412787","KN296062v1","2106200","2106493","37","40306297"
"chr7","42589709","42589995","KN295692v1","1188918","1189217","38","41400791"
"chr7","42596079","42596374","KN294372v1","2026584","2026861","48","40569495"
"chr7","42607382","42607673","KN295692v1","1169014","1169310","27","41438368"
"chr7","42674112","42674401","KN296205v1","617690","617977","37","42056422"
"chr7","42676426","42676722","KN295814v1","1158228","1158525","40","41518198"
"chr7","42690968","42691267","KN296225v1","870453","870753","38","41820515"
"chr7","42693989","42694291","KN296153v1","3677943","3678242","41","39016046"
"chr7","42730325","42730621","KN294991v1","1565008","1565302","35","41165317"
"chr7","42999442","42999749","KN295112v1","343212","343513","41","42656230"
"chr7","43094859","43095161","KN297227v1","544761","545071","30","42550098"
"chr7","43124818","43125115","KN295554v1","143340","143643","41","42981478"
"chr7","43144670","43144966","KN297227v1","596551","596845","33","42548119"
"chr7","43165718","43166010","KN294848v1","1408889","1409183","40","41756829"
"chr7","43193324","43193637","KN297227v1","646758","647052","36","42546566"
"chr7","43196610","43196904","KN294758v1","2189671","2189970","31","41006939"
"chr7","43237598","43237895","KN297227v1","684949","685246","25","42552649"
"chr7","43245176","43245436","KN297227v1","693377","693634","21","42551799"
"chr7","43255697","43255997","KN297227v1","704059","704369","31","42551638"
"chr7","43264691","43264985","KN296635v1","2062385","2062678","36","41202306"
"chr7","43270312","43270622","KN297227v1","718744","719043","37","42551568"
"chr7","43318910","43319194","KN296496v1","355776","356054","35","42963134"
"chr7","43319447","43319741","KN296747v1","35746","36041","28","43283701"
"chr7","43349396","43349694","KN295923v1","1231839","1232151","44","42117557"
"chr7","43387065","43387347","KN297227v1","830173","830455","17","42556892"
"chr7","43405823","43406124","KN296322v1","1833147","1833444","33","41572676"
"chr7","43407600","43407910","KN297227v1","852541","852851","23","42555059"
"chr7","43419211","43419518","KN295893v1","1337385","1337679","48","42081826"
"chr7","43445610","43445901","KN295501v1","902998","903291","34","42542612"
"chr7","43454160","43454472","KN297227v1","896527","896839","17","42557633"
"chr7","43470215","43470515","KN296062v1","1796687","1796987","48","41673528"
"chr7","43471020","43471315","KN297000v1","300195","300489","38","43170825"
"chr7","43471952","43472202","KN296306v1","1562949","1563189","51","41909003"
"chr7","43474773","43475066","KN296316v1","247482","247782","39","43227291"
"chr7","43477727","43478036","KN295301v1","1071387","1071701","49","42406340"
"chr7","43483424","43483618","KN296153v1","2083622","2083818","32","41399802"
"chr7","43485815","43486095","KN297190v1","4000420","4000702","47","39485395"
"chr7","43496366","43496672","KN297227v1","940579","940873","37","42555787"
"chr7","43507533","43507833","KN297227v1","951569","951865","21","42555964"
"chr7","43521430","43521737","KN297227v1","965550","965848","33","42555880"
"chr7","43527243","43527470","KN297227v1","970859","971093","18","42556384"
"chr7","43564050","43564351","KN295315v1","360280","360581","42","43203770"
"chr7","43569297","43569588","KN294493v1","1430297","1430587","42","42139000"
"chr7","43598418","43598700","KN295319v1","147659","147950","44","43450759"
"chr7","43649633","43649914","KN297154v1","152331","152611","39","43497302"
"chr7","43655500","43655749","KN297227v1","1114810","1115065","25","42540690"
"chr7","43656088","43656385","KN295533v1","1053416","1053711","30","42602672"
"chr7","43661203","43661510","KN296825v1","1784014","1784319","31","41877189"
"chr7","43677598","43677902","KN297227v1","1135250","1135574","44","42542348"
"chr7","43679035","43679337","KN294662v1","79885","80185","38","43599150"
"chr7","43679338","43679643","KN296934v1","897698","898003","32","42781640"
"chr7","43712043","43712310","KN295526v1","384122","384388","40","43327921"
"chr7","43785501","43785793","KN297227v1","1241735","1242026","30","42543766"
"chr7","43801363","43801658","KN295350v1","405055","405352","36","43396308"
"chr7","43957674","43957965","KN296072v1","178373","178661","43","43779301"
"chr7","44074258","44074556","KN297044v1","811314","811606","35","43262944"
"chr7","44075679","44075981","KN297227v1","1524257","1524551","25","42551422"
"chr7","44161758","44162060","KN296394v1","285196","285495","37","43876562"
"chr7","44419200","44419250","KN296316v1","276796","276845","6","44142404"
"chr7","44420110","44420404","KN295328v1","349896","350193","41","44070214"
"chr7","44426641","44426953","KN295722v1","2842977","2843289","48","41583664"
"chr7","44459206","44459504","KN296357v1","356792","357093","34","44102414"
"chr7","44461850","44462141","KN294210v1","883297","883578","46","43578553"
"chr7","44463269","44463428","KN295601v1","695524","695648","48","43767745"
"chr7","44464463","44464769","KN296732v1","1506588","1506898","49","42957875"
"chr7","44504415","44504717","KN295983v1","1664954","1665256","38","42839461"
"chr7","44662918","44663227","KN296158v1","1672506","1672810","48","42990412"
"chr7","44771061","44771360","KN295236v1","1764741","1765042","36","43006320"
"chr7","44835358","44835622","KN294444v1","3297","3556","53","44832061"
"chr7","44944903","44945199","KN297095v1","1452898","1453193","29","43492005"
"chr7","45240760","45241060","KN294251v1","2162030","2162331","37","43078730"
"chr7","45295930","45296223","KN297314v1","117021","117312","27","45178909"
"chr7","45315991","45316262","KN296802v1","336282","336552","42","44979709"
"chr7","45328243","45328517","KN294257v1","1370232","1370505","43","43958011"
"chr7","45401827","45402143","KN295667v1","1687893","1688204","34","43713934"
"chr7","45424430","45424740","KN295114v1","20941","21251","37","45403489"
"chr7","45562176","45562418","KN296588v1","806333","806554","50","44755843"
"chr7","45633007","45633316","KN297203v1","611101","611407","30","45021906"
"chr7","45676293","45676596","KN295977v1","249013","249314","35","45427280"
"chr7","45818427","45818723","KN294536v1","1607732","1608024","39","44210695"
"chr7","45842244","45842555","KN294439v1","261107","261420","52","45581137"
"chr7","46131167","46131463","KN296682v1","1906340","1906636","28","44224827"
"chr7","46154418","46154727","KN297203v1","1154074","1154393","35","45000344"
"chr7","46162990","46163292","KN295034v1","63947","64249","35","46099043"
"chr7","46170485","46170795","KN296153v1","3677943","3678242","34","42492542"
"chr7","46309443","46309738","KN296153v1","3677943","3678242","39","42631500"
"chr7","46319393","46319687","KN297203v1","1319536","1319827","42","44999857"
"chr7","46334896","46335173","KN294172v1","6258303","6258586","46","40076593"
"chr7","46365089","46365387","KN295225v1","852978","853269","31","45512111"
"chr7","46387569","46387878","KN297159v1","3314158","3314468","33","43073411"
"chr7","46423541","46423840","KN296153v1","3677943","3678242","31","42745598"
"chr7","46453438","46453744","KN296921v1","420967","421276","36","46032471"
"chr7","46587080","46587382","KN297203v1","1598148","1598430","41","44988932"
"chr7","46690152","46690423","KN295936v1","30401","30674","38","46659751"
"chr7","46697728","46698035","KN295294v1","96659","96962","43","46601069"
"chr7","46777414","46777699","KN297203v1","1790563","1790848","27","44986851"
"chr7","46785493","46785794","KN297203v1","1796332","1796648","35","44989161"
"chr7","46984790","46985095","KN297203v1","1952348","1952654","36","45032442"
"chr7","47002759","47003057","KN294193v1","740765","741070","32","46261994"
"chr7","47089751","47090060","KN294387v1","2599087","2599393","29","44490664"
"chr7","47269710","47270026","KN296075v1","565878","566186","44","46703832"
"chr7","47587719","47587988","KN297264v1","12615","12885","43","47575104"
"chr7","47692396","47692711","KN294365v1","836716","837022","45","46855680"
"chr7","47703504","47703754","KN294569v1","386111","386374","52","47317393"
"chr7","47892846","47893126","KN297165v1","1143723","1144010","48","46749123"
"chr7","48105217","48105476","KN295115v1","142954","143212","24","47962263"
"chr7","48145500","48145795","KN296360v1","1956282","1956577","38","46189218"
"chr7","48185357","48185658","KN294187v1","1923674","1923970","39","46261683"
"chr7","48271872","48272165","KN296795v1","425991","426287","37","47845881"
"chr7","48363132","48363408","KN295117v1","118666","118943","42","48244466"
"chr7","48403686","48403959","KN296609v1","672398","672674","36","47731288"
"chr7","48489512","48489808","KN296747v1","35746","36041","33","48453766"
"chr7","48492323","48492623","KN296934v1","897698","898003","46","47594625"
"chr7","48526311","48526606","KN296153v1","3677943","3678242","34","44848368"
"chr7","48664370","48664702","KN295832v1","546215","546535","50","48118155"
"chr7","48873501","48873807","KN294387v1","2599087","2599393","32","46274414"
"chr7","49156743","49157042","KN296991v1","693415","693719","37","48463328"
"chr7","49222258","49222556","KN296934v1","897698","898003","42","48324560"
"chr7","49232560","49232871","KN296775v1","905300","905611","37","48327260"
"chr7","49285484","49285774","KN297184v1","1290835","1291129","35","47994649"
"chr7","49425000","49425308","KN294991v1","516330","516639","35","48908670"
"chr7","49436509","49436823","KN295236v1","3985587","3985900","34","45450922"
"chr7","49517462","49517758","KN297095v1","1452898","1453193","35","48064564"
"chr7","49643285","49643565","KN296311v1","715482","715765","36","48927803"
"chr7","49683720","49684030","KN295633v1","264317","264628","32","49419403"
"chr7","49725921","49726196","KN294207v1","179800","180076","33","49546121"
"chr7","49822847","49823152","KN295281v1","214033","214337","39","49608814"
"chr7","49833288","49833592","KN296934v1","897698","898003","39","48935590"
"chr7","49847790","49848089","KN295430v1","1641544","1641843","33","48206246"
"chr7","49865765","49866051","KN294513v1","150959","151244","41","49714806"
"chr7","49877541","49877842","KN295854v1","1710543","1710845","32","48166998"
"chr7","49904726","49905037","KN296357v1","706115","706421","28","49198611"
"chr7","49905869","49906161","KN295995v1","1426233","1426527","44","48479636"
"chr7","49949138","49949415","KN295729v1","1473593","1473887","50","48475545"
"chr7","49975890","49976196","KN295987v1","1910716","1911019","40","48065174"
"chr7","49981781","49982087","KN294662v1","79885","80185","49","49901896"
"chr7","50030761","50031047","KN295346v1","1108920","1109204","37","48921841"
"chr7","50041230","50041527","KN295722v1","1562392","1562691","37","48478838"
"chr7","50046075","50046264","KN295633v1","2374600","2374789","30","47671475"
"chr7","50052015","50052302","KN297322v1","1385103","1385393","43","48666912"
"chr7","50053050","50053348","KN297227v1","1018475","1018768","45","49034575"
"chr7","50063125","50063430","KN296062v1","165336","165642","38","49897789"
"chr7","50066803","50067091","KN294279v1","864461","864762","45","49202342"
"chr7","50085680","50085986","KN296316v1","247482","247782","24","49838198"
"chr7","50124940","50125220","KN294172v1","2999478","2999758","31","47125462"
"chr7","50145111","50145399","KN295573v1","520941","521218","45","49624170"
"chr7","50170907","50171207","KN294251v1","2221682","2221980","45","47949225"
"chr7","50200121","50200424","KN296934v1","897698","898003","38","49302423"
"chr7","50205597","50205876","KN296620v1","279599","279890","39","49925998"
"chr7","50253602","50253893","KN295225v1","852978","853269","42","49400624"
"chr7","50496433","50496763","KN296268v1","192340","192671","56","50304093"
"chr7","50532135","50532435","KN295820v1","277647","277952","40","50254488"
"chr7","50672740","50673057","KN296495v1","492349","492659","46","50180391"
"chr7","50696158","50696461","KN296004v1","359490","359791","42","50336668"
"chr7","50767496","50767786","KN295974v1","4154496","4154780","40","46613000"
"chr7","50814227","50814531","KN295112v1","343212","343513","40","50471015"
"chr7","50950626","50950940","KN295983v1","1536250","1536551","44","49414376"
"chr7","51075264","51075546","KN295239v1","195888","196171","35","50879376"
"chr7","51240350","51240649","KN294842v1","1752401","1752693","35","49487949"
"chr7","51370646","51370917","KN295601v1","2549094","2549367","44","48821552"
"chr7","51457386","51457707","KN295820v1","810293","810575","83","50647093"
"chr7","51584069","51584366","KN296119v1","2884341","2884644","44","48699728"
"chr7","51750798","51751083","KN296096v1","742195","742488","43","51008603"
"chr7","51824657","51824939","KN296635v1","4366679","4366964","41","47457978"
"chr7","51928724","51929033","KN294987v1","710831","711143","39","51217893"
"chr7","52064800","52065107","KN294717v1","373979","374286","41","51690821"
"chr7","52079830","52080141","KN294717v1","373979","374286","34","51705851"
"chr7","52102274","52102568","KN294747v1","226541","226835","39","51875733"
"chr7","52121459","52121717","KN297219v1","2564555","2564824","38","49556904"
"chr7","52339918","52340216","KN297408v1","636019","636320","43","51703899"
"chr7","52433474","52433758","KN294739v1","616485","616779","46","51816989"
"chr7","52456892","52457233","KN296311v1","4383833","4384172","55","48073059"
"chr7","52491482","52491794","KN295667v1","1687893","1688204","45","50803589"
"chr7","52527614","52527842","KN294893v1","131372","131601","50","52396242"
"chr7","52701096","52701370","KN295936v1","30401","30674","35","52670695"
"chr7","52822575","52822877","KN294906v1","263123","263423","30","52559452"
"chr7","52919248","52919492","KN295923v1","2244613","2244856","44","50674635"
"chr7","53019017","53019311","KN296635v1","2062385","2062678","34","50956632"
"chr7","53059047","53059355","KN294387v1","2599087","2599393","37","50459960"
"chr7","53327748","53328038","KN296726v1","212753","213045","39","53114995"
"chr7","53332449","53332733","KN295350v1","1050025","1050313","43","52282424"
"chr7","53344688","53344968","KN296349v1","23521","23801","39","53321167"
"chr7","53375360","53375666","KN295983v1","1536250","1536551","38","51839110"
"chr7","53384254","53384547","KN297233v1","1309542","1309832","39","52074712"
"chr7","53461249","53461548","KN294439v1","72624","72920","35","53388625"
"chr7","53515846","53516150","KN295059v1","336835","337145","37","53179011"
"chr7","53634877","53635182","KN294365v1","836716","837022","38","52798161"
"chr7","53689963","53690273","KN295667v1","1687893","1688204","42","52002070"
"chr7","53986851","53987110","KN295601v1","2665868","2666129","40","51320983"
"chr7","54030255","54030536","KN296108v1","63524","63807","32","53966731"
"chr7","54038967","54039265","KN296158v1","692023","692317","34","53346944"
"chr7","54075529","54075824","KN294439v1","269158","269457","50","53806371"
"chr7","54081277","54081579","KN295413v1","22638","22943","36","54058639"
"chr7","54121054","54121356","KN294668v1","2004094","2004404","45","52116960"
"chr7","54176355","54176656","KN294995v1","61376","61672","37","54114979"
"chr7","54223299","54223609","KN294172v1","1630044","1630343","45","52593255"
"chr7","54238798","54239100","KN296153v1","3677943","3678242","45","50560855"
"chr7","54271420","54271716","KN296508v1","1602466","1602759","38","52668954"
"chr7","54279557","54279850","KN294630v1","494261","494558","35","53785296"
"chr7","54303024","54303226","KN296192v1","89944","90149","31","54213080"
"chr7","54311333","54311639","KN295572v1","419230","419536","33","53892103"
"chr7","54351197","54351497","KN295244v1","384903","385210","35","53966294"
"chr7","54354601","54354892","KN294170v1","50010","50300","37","54304591"
"chr7","54370414","54370747","KN295361v1","961861","962199","58","53408553"
"chr7","54377149","54377461","KN294717v1","373979","374286","42","54003170"
"chr7","54400232","54400541","KN294387v1","2599087","2599393","35","51801145"
"chr7","54444682","54444983","KN294181v1","810707","811001","40","53633975"
"chr7","54446907","54447136","KN296749v1","712972","713203","35","53733935"
"chr7","54457752","54458053","KN296316v1","185141","185444","31","54272611"
"chr7","54469729","54470033","KN294650v1","1979941","1980242","34","52489788"
"chr7","54478449","54478758","KN296934v1","897698","898003","38","53580751"
"chr7","54502701","54503002","KN296137v1","1444","1748","41","54501257"
"chr7","54510622","54510789","KN295406v1","286761","286926","21","54223861"
"chr7","54511521","54511823","KN294530v1","164599","164896","36","54346922"
"chr7","54518179","54518489","KN297038v1","2343556","2343866","32","52174623"
"chr7","54554368","54554530","KN296681v1","1393444","1393607","25","53160924"
"chr7","54589577","54589870","KN294697v1","98914","99214","41","54490663"
"chr7","54591567","54591868","KN297133v1","1370295","1370592","34","53221272"
"chr7","54611843","54612121","KN294172v1","6258303","6258586","39","48353540"
"chr7","54616388","54616678","KN296311v1","5192704","5193002","40","49423684"
"chr7","54623849","54624155","KN295236v1","5645831","5646138","40","48978018"
"chr7","54719539","54719810","KN294964v1","1188096","1188367","41","53531443"
"chr7","54742597","54742900","KN295572v1","419230","419536","34","54323367"
"chr7","54743904","54744214","KN294172v1","4761492","4761794","42","49982412"
"chr7","54753097","54753389","KN294234v1","2616249","2616542","37","52136848"
"chr7","54754057","54754368","KN297153v1","1366929","1367240","35","53387128"
"chr7","54756883","54757192","KN296137v1","1444","1748","43","54755439"
"chr7","54762809","54763118","KN295315v1","360280","360581","44","54402529"
"chr7","54788685","54788982","KN294218v1","2831459","2831758","36","51957226"
"chr7","54822830","54823161","KN295573v1","25202","25505","74","54797628"
"chr7","54873461","54873766","KN296153v1","3677943","3678242","40","51195518"
"chr7","54889719","54890026","KN296959v1","1248889","1249200","36","53640830"
"chr7","54900174","54900456","KN297229v1","921644","921926","40","53978530"
"chr7","54925851","54926102","KN295586v1","731125","731367","36","54194726"
"chr7","54934001","54934299","KN295112v1","343212","343513","37","54590789"
"chr7","54992855","54993003","KN296079v1","378212","378344","41","54614643"
"chr7","54994136","54994419","KN294210v1","883297","883578","38","54110839"
"chr7","54999363","54999665","KN294717v1","373979","374286","36","54625384"
"chr7","55026518","55026823","KN294717v1","373979","374286","36","54652539"
"chr7","55028705","55028928","KN296749v1","712972","713203","42","54315733"
"chr7","55044135","55044441","KN296316v1","247482","247782","24","54796653"
"chr7","55054360","55054660","KN295708v1","1954541","1954845","42","53099819"
"chr7","55057805","55058095","KN297165v1","1143723","1144010","34","53914082"
"chr7","55068529","55068838","KN296865v1","1033695","1034008","49","54034834"
"chr7","55069052","55069350","KN294407v1","816490","816790","36","54252562"
"chr7","55110653","55110969","KN296345v1","36309","36623","46","55074344"
"chr7","55129744","55130010","KN294911v1","1958010","1958259","40","53171734"
"chr7","55130011","55130080","KN294509v1","1439235","1439299","13","53690776"
"chr7","55181554","55181851","KN294911v1","4554973","4555270","43","50626581"
"chr7","55199545","55199838","KN294921v1","126144","126441","45","55073401"
"chr7","55221796","55222100","KN296732v1","2013890","2014190","35","53207906"
"chr7","55233942","55234230","KN294996v1","716925","717221","41","54517017"
"chr7","55302136","55302434","KN296698v1","66516","66809","37","55235620"
"chr7","55321814","55322089","KN295350v1","636567","636846","42","54685247"
"chr7","55333749","55334061","KN295313v1","134251","134562","35","55199498"
"chr7","55351875","55352183","KN294717v1","373979","374286","41","54977896"
"chr7","55359221","55359530","KN294539v1","761382","761684","49","54597839"
"chr7","55367503","55367811","KN295729v1","1473593","1473887","47","53893910"
"chr7","55384578","55384867","KN294536v1","1717253","1717544","37","53667325"
"chr7","55396220","55396382","KN295236v1","3210378","3210543","30","52185842"
"chr7","55400074","55400386","KN296153v1","3021076","3021387","43","52378998"
"chr7","55400416","55400713","KN296316v1","232596","232888","33","55167820"
"chr7","55409300","55409598","KN296281v1","292390","292687","32","55116910"
"chr7","55411255","55411530","KN294733v1","316989","317272","43","55094266"
"chr7","55420863","55421083","KN296749v1","712972","713203","45","54707891"
"chr7","55445187","55445490","KN296316v1","247482","247782","40","55197705"
"chr7","55455017","55455315","KN296322v1","1925219","1925518","44","53529798"
"chr7","55468836","55469136","KN294618v1","87773","88073","30","55381063"
"chr7","55473094","55473390","KN294470v1","2729657","2729960","43","52743437"
"chr7","55485231","55485530","KN295308v1","2100858","2101157","36","53384373"
"chr7","55497304","55497604","KN294987v1","1182402","1182709","41","54314902"
"chr7","55503365","55503671","KN295607v1","4479027","4479333","35","51024338"
"chr7","55525124","55525419","KN294539v1","1231477","1231779","37","54293647"
"chr7","55552903","55553207","KN295205v1","1067685","1067992","37","54485218"
"chr7","55604925","55605228","KN295441v1","1618043","1618347","28","53986882"
"chr7","55608410","55608700","KN295079v1","63578","63868","42","55544832"
"chr7","55650443","55650753","KN295637v1","154827","155135","50","55495616"
"chr7","55653981","55654286","KN296938v1","1006669","1006968","40","54647312"
"chr7","55664924","55665212","KN297408v1","21949","22242","44","55642975"
"chr7","55688480","55688776","KN294516v1","3300","3593","41","55685180"
"chr7","55688824","55689105","KN294257v1","2390351","2390637","45","53298473"
"chr7","55756751","55757062","KN294911v1","2109066","2109366","48","53647685"
"chr7","55759031","55759149","KN294172v1","5023372","5023503","27","50735659"
"chr7","55796589","55796898","KN294444v1","165242","165552","35","55631347"
"chr7","55812750","55813035","KN295441v1","485205","485492","37","55327545"
"chr7","55818976","55819280","KN296588v1","1003194","1003490","35","54815782"
"chr7","55844674","55844967","KN296096v1","3183138","3183434","37","52661536"
"chr7","55890903","55891182","KN294790v1","2805524","2805805","40","53085379"
"chr7","55891999","55892291","KN294571v1","1694112","1694408","45","54197887"
"chr7","55895419","55895727","KN295114v1","20941","21251","39","55874478"
"chr7","55934486","55934778","KN294470v1","1184711","1184997","49","54749775"
"chr7","55945826","55946123","KN294181v1","810707","811001","40","55135119"
"chr7","55990073","55990368","KN295225v1","852978","853269","36","55137095"
"chr7","56057884","56058156","KN295995v1","945650","945923","41","55112234"
"chr7","56106414","56106720","KN296316v1","247482","247782","23","55858932"
"chr7","56120054","56120345","KN294536v1","1717253","1717544","35","54402801"
"chr7","56130775","56131080","KN294991v1","516330","516639","51","55614445"
"chr7","56131291","56131589","KN294407v1","816490","816790","36","55314801"
"chr7","56172864","56173180","KN296042v1","627408","627715","46","55545456"
"chr7","56191959","56192225","KN294911v1","1958010","1958259","42","54233949"
"chr7","56192226","56192295","KN294509v1","1439235","1439299","14","54752991"
"chr7","56243786","56244083","KN294848v1","1408889","1409183","44","54834897"
"chr7","56261777","56262071","KN294921v1","126144","126441","46","56135633"
"chr7","56284001","56284303","KN296732v1","2013890","2014190","30","54270111"
"chr7","56296153","56296442","KN294996v1","716925","717221","40","55579228"
"chr7","56358132","56358435","KN294777v1","659824","660128","36","55698308"
"chr7","56389776","56390089","KN295313v1","134251","134562","36","56255525"
"chr7","56407891","56408200","KN294717v1","373979","374286","41","56033912"
"chr7","56415239","56415547","KN294539v1","761382","761684","49","55653857"
"chr7","56423520","56423828","KN294387v1","2599087","2599393","45","53824433"
"chr7","56440425","56440716","KN297165v1","1143723","1144010","33","55296702"
"chr7","56452110","56452269","KN295315v1","1231280","1231442","29","55220830"
"chr7","56455935","56456248","KN296153v1","3021076","3021387","45","53434859"
"chr7","56456278","56456574","KN296316v1","232596","232888","31","56223682"
"chr7","56464621","56464917","KN294873v1","1249435","1249733","32","55215186"
"chr7","56466586","56466861","KN295090v1","523438","523719","42","55943148"
"chr7","56476218","56476438","KN296749v1","712972","713203","44","55763246"
"chr7","56500434","56500737","KN296316v1","247482","247782","39","56252952"
"chr7","56510267","56510559","KN294161v1","265801","266094","43","56244466"
"chr7","56524026","56524323","KN294618v1","87773","88073","30","56436253"
"chr7","56528846","56529142","KN295112v1","343212","343513","41","56185634"
"chr7","56540551","56540850","KN297197v1","4673545","4673843","37","51867006"
"chr7","56552549","56552849","KN294987v1","1182402","1182709","41","55370147"
"chr7","56558934","56559245","KN294501v1","214935","215245","37","56343999"
"chr7","56580628","56580934","KN296498v1","407155","407462","42","56173473"
"chr7","56611423","56611732","KN297171v1","1815011","1815317","36","54796412"
"chr7","56638716","56639012","KN295260v1","1049800","1050100","37","55588916"
"chr7","56647726","56648033","KN294848v1","1020772","1021081","35","55626954"
"chr7","56662670","56662964","KN294233v1","453860","454156","42","56208810"
"chr7","56687137","56687439","KN295459v1","935252","935561","43","55751885"
"chr7","56739586","56739891","KN295441v1","1618043","1618347","27","55121543"
"chr7","56743089","56743377","KN294199v1","1604022","1604309","41","55139067"
"chr7","56782471","56782779","KN295667v1","1687893","1688204","35","55094578"
"chr7","56806611","56806908","KN294526v1","358849","359148","45","56447762"
"chr7","56844568","56844874","KN295701v1","728104","728414","38","56116464"
"chr7","56891824","56892121","KN294526v1","358849","359148","45","56532975"
"chr7","56912249","56912561","KN294570v1","82807","83129","29","56829442"
"chr7","56950874","56951161","KN294251v1","886744","887027","40","56064130"
"chr7","56954364","56954670","KN294790v1","1555084","1555390","31","55399280"
"chr7","57035327","57035630","KN295096v1","2124655","2124956","44","54910672"
"chr7","57038120","57038409","KN296316v1","309507","309802","29","56728613"
"chr7","57047191","57047490","KN296316v1","212613","212903","31","56834578"
"chr7","57052061","57052354","KN295907v1","2257700","2257990","34","54794361"
"chr7","57054218","57054521","KN296316v1","208809","209113","32","56845409"
"chr7","57055613","57055915","KN295257v1","584486","584782","43","56471127"
"chr7","57066279","57066577","KN294733v1","144055","144347","40","56922224"
"chr7","57070486","57070797","KN296316v1","185141","185444","39","56885345"
"chr7","57117092","57117387","KN297259v1","1300977","1301270","38","55816115"
"chr7","57150817","57151128","KN294407v1","2595440","2595750","35","54555377"
"chr7","57189964","57190289","KN295984v1","1564317","1564662","82","55625647"
"chr7","57330534","57330837","KN294365v1","836716","837022","43","56493818"
"chr7","57363793","57364086","KN297314v1","218511","218802","41","57145282"
"chr7","57384184","57384497","KN294570v1","82807","83129","32","57301377"
"chr7","57387880","57388188","KN295667v1","1687893","1688204","35","55699987"
"chr7","57422347","57422638","KN296225v1","157317","157608","42","57265030"
"chr7","57425839","57426144","KN294501v1","104788","105092","33","57321051"
"chr7","57536145","57536448","KN294471v1","34528","34831","43","57501617"
"chr7","57538953","57539243","KN296316v1","309507","309802","26","57229446"
"chr7","57548056","57548355","KN296316v1","212613","212903","31","57335443"
"chr7","57554499","57554792","KN294571v1","1694112","1694408","33","55860387"
"chr7","57556659","57556962","KN296316v1","208809","209113","35","57347850"
"chr7","57568829","57569128","KN294758v1","374673","374971","39","57194156"
"chr7","57573011","57573326","KN294578v1","615670","615980","42","56957341"
"chr7","57619603","57619898","KN297259v1","1300977","1301270","39","56318626"
"chr7","57651644","57651748","KN295994v1","256758","256858","20","57394886"
"chr7","57654386","57654694","KN294842v1","690378","690679","32","56964008"
"chr7","57692994","57693319","KN295984v1","1564317","1564662","81","56128677"
"chr7","61429499","61429808","KN294387v1","2599087","2599393","43","58830412"
"chr7","61737142","61737451","KN295090v1","1880900","1881209","44","59856242"
"chr7","61816670","61816991","KN295301v1","1071387","1071701","42","60745283"
"chr7","61895235","61895546","KN296775v1","905300","905611","39","60989935"
"chr7","61943987","61944295","KN295667v1","1687893","1688204","35","60256094"
"chr7","61947677","61947990","KN294570v1","82807","83129","35","61864870"
"chr7","61968100","61968395","KN295814v1","263615","263905","40","61704485"
"chr7","62001353","62001654","KN295257v1","622473","622770","41","61378880"
"chr7","62011174","62011480","KN294717v1","373979","374286","39","61637195"
"chr7","62044953","62045229","KN294172v1","2999478","2999758","46","59045475"
"chr7","62046890","62047189","KN294873v1","1249435","1249733","32","60797455"
"chr7","62055917","62056213","KN296316v1","232596","232888","33","61823321"
"chr7","62056243","62056555","KN296153v1","3021076","3021387","42","59035167"
"chr7","62060245","62060410","KN296883v1","302895","303061","28","61757350"
"chr7","62071673","62071964","KN297165v1","1143723","1144010","33","60927950"
"chr7","62088555","62088866","KN295171v1","209667","209966","45","61878888"
"chr7","62096836","62097147","KN294539v1","761382","761684","52","61335454"
"chr7","62104180","62104489","KN294181v1","1016789","1017103","41","61087391"
"chr7","62146772","62147081","KN295059v1","336835","337145","42","61809937"
"chr7","62255331","62255639","KN296934v1","897698","898003","44","61357633"
"chr7","62261881","62262172","KN294536v1","1607732","1608024","38","60654149"
"chr7","62262541","62262854","KN296316v1","32554","32858","29","62229987"
"chr7","62299142","62299394","KN297165v1","2929718","2929968","38","59369424"
"chr7","62299509","62299806","KN295090v1","2109950","2110263","50","60189559"
"chr7","62356884","62357188","KN296732v1","2013890","2014190","38","60342994"
"chr7","62365604","62365912","KN295667v1","1597592","1597903","48","60768012"
"chr7","62416181","62416479","KN295501v1","1005257","1005557","41","61410924"
"chr7","62468252","62468554","KN295313v1","40708","41015","28","62427544"
"chr7","62470278","62470596","KN295313v1","42908","43214","34","62427370"
"chr7","62485642","62485951","KN297112v1","3186153","3186458","50","59299489"
"chr7","62486638","62486912","KN296062v1","2466715","2466991","45","60019923"
"chr7","62495794","62496091","KN294239v1","556738","557036","38","61939056"
"chr7","62552595","62552871","KN294229v1","323698","323976","48","62228897"
"chr7","62552989","62553290","KN295313v1","171662","171965","47","62381327"
"chr7","62618334","62618636","KN295313v1","247673","247978","27","62370661"
"chr7","62719791","62720087","KN295988v1","395595","395890","46","62324196"
"chr7","62738390","62738682","KN294260v1","2256979","2257275","37","60481411"
"chr7","62757159","62757454","KN297008v1","3405455","3405752","33","59351704"
"chr7","62769526","62769803","KN297452v1","2177807","2178082","39","60591719"
"chr7","62772325","62772638","KN296738v1","137767","138070","46","62634558"
"chr7","62797760","62798064","KN296004v1","29555","29853","42","62768205"
"chr7","62813862","62814173","KN296430v1","444033","444342","34","62369829"
"chr7","62832335","62832648","KN296969v1","202007","202318","31","62630328"
"chr7","62840013","62840139","KN294668v1","2179035","2179176","29","60660978"
"chr7","62840458","62840619","KN296508v1","1809822","1809977","37","61030636"
"chr7","62888666","62888975","KN294193v1","747545","747855","42","62141121"
"chr7","62911449","62911694","KN294486v1","585631","585878","38","62325818"
"chr7","63087786","63088087","KN297019v1","448462","448760","40","62639324"
"chr7","63093304","63093602","KN294573v1","185154","185437","48","62908150"
"chr7","63098085","63098389","KN294964v1","933393","933698","40","62164692"
"chr7","63122459","63122761","KN296153v1","3677943","3678242","34","59444516"
"chr7","63123427","63123740","KN294501v1","353047","353356","42","62770380"
"chr7","63139280","63139572","KN296747v1","35746","36041","34","63103534"
"chr7","63195426","63195729","KN294470v1","2793388","2793686","32","60402038"
"chr7","63199893","63200184","KN295459v1","1614660","1614952","34","61585233"
"chr7","63205186","63205487","KN294588v1","1492426","1492725","46","61712760"
"chr7","63205509","63205694","KN294172v1","4291556","4291738","25","58913953"
"chr7","63219919","63220218","KN294966v1","58498","58811","52","63161421"
"chr7","63225227","63225526","KN295236v1","5944389","5944683","36","57280838"
"chr7","63251827","63252125","KN294570v1","210732","211032","25","63041095"
"chr7","63265154","63265444","KN296682v1","4484672","4484966","30","58780482"
"chr7","63274963","63275270","KN294618v1","87773","88073","45","63187190"
"chr7","63331201","63331495","KN294233v1","453860","454156","42","62877341"
"chr7","63349726","63350027","KN295260v1","1049800","1050100","46","62299926"
"chr7","63464076","63464386","KN296317v1","72","378","35","63464004"
"chr7","63484713","63485001","KN294167v1","406704","406998","43","63078009"
"chr7","63529994","63530281","KN295102v1","214886","215171","44","63315108"
"chr7","63543624","63543930","KN297133v1","419676","419981","38","63123948"
"chr7","63576020","63576319","KN294758v1","2177308","2177606","37","61398712"
"chr7","63598230","63598530","KN296495v1","269275","269576","35","63328955"
"chr7","63612410","63612718","KN295059v1","336835","337145","31","63275575"
"chr7","63622660","63622759","KN294287v1","256743","256845","18","63365917"
"chr7","63632446","63632752","KN294717v1","373979","374286","37","63258467"
"chr7","63648085","63648396","KN295236v1","3424373","3424682","35","60223712"
"chr7","63660786","63661048","KN295034v1","374947","375221","54","63285839"
"chr7","63687229","63687537","KN294387v1","2599087","2599393","31","61088142"
"chr7","63694940","63695236","KN294407v1","93660","93961","44","63601280"
"chr7","63702525","63702832","KN295893v1","413740","414050","43","63288785"
"chr7","63709740","63710025","KN297026v1","228587","228878","54","63481153"
"chr7","63725104","63725389","KN297026v1","228587","228878","54","63496517"
"chr7","63746557","63746857","KN294758v1","2061074","2061376","37","61685483"
"chr7","63853268","63853575","KN294618v1","87773","88073","44","63765495"
"chr7","63863089","63863379","KN296682v1","4484672","4484966","30","59378417"
"chr7","63876429","63876728","KN294570v1","210732","211032","26","63665697"
"chr7","63903029","63903328","KN295236v1","5944389","5944683","36","57958640"
"chr7","63908337","63908634","KN294662v1","79885","80185","52","63828452"
"chr7","63922852","63923037","KN294172v1","4291556","4291738","25","59631296"
"chr7","63923059","63923360","KN294588v1","1492426","1492725","46","62430633"
"chr7","63928360","63928651","KN295459v1","1614660","1614952","35","62313700"
"chr7","63932791","63933094","KN294470v1","2793388","2793686","32","61139403"
"chr7","63950783","63951074","KN294269v1","437665","437958","40","63513118"
"chr7","63986559","63986860","KN295205v1","1418815","1419114","47","62567744"
"chr7","64002338","64002632","KN294233v1","453860","454156","42","63548478"
"chr7","64128273","64128567","KN294233v1","453860","454156","42","63674413"
"chr7","64184765","64185074","KN296317v1","72","378","35","64184693"
"chr7","64235528","64235837","KN295315v1","250826","251139","39","63984702"
"chr7","64259312","64259585","KN294570v1","202062","202336","22","64057250"
"chr7","64267564","64267865","KN294570v1","210732","211032","28","64056832"
"chr7","64280932","64281222","KN297044v1","811314","811606","31","63469618"
"chr7","64290740","64291048","KN294618v1","87773","88073","43","64202967"
"chr7","64307059","64307372","KN294717v1","373979","374286","39","63933080"
"chr7","64313770","64314101","KN295361v1","961861","962199","58","63351909"
"chr7","64333006","64333307","KN295244v1","384903","385210","33","63948103"
"chr7","64362135","64362425","KN295459v1","1614660","1614952","34","62747475"
"chr7","64367459","64367754","KN294444v1","57733","58029","45","64309726"
"chr7","64367776","64367961","KN297274v1","1566591","1566775","27","62801185"
"chr7","64380850","64381151","KN294592v1","713814","714113","51","63667036"
"chr7","64392832","64393139","KN295667v1","1687893","1688204","32","62704939"
"chr7","64448648","64448891","KN294570v1","411077","411319","29","64037571"
"chr7","64462669","64462972","KN294570v1","424375","424674","28","64038294"
"chr7","64506395","64506635","KN296008v1","105385","105624","39","64401010"
"chr7","64537738","64537895","KN296357v1","448220","448380","25","64089518"
"chr7","64562299","64562575","KN295835v1","204032","204310","40","64358267"
"chr7","64597721","64598016","KN295586v1","1394804","1395098","43","63202917"
"chr7","64598098","64598395","KN294516v1","3300","3593","28","64594798"
"chr7","64608054","64608353","KN294516v1","11460","11758","27","64596594"
"chr7","64620961","64621231","KN296145v1","2332193","2332470","46","62288768"
"chr7","64647978","64648287","KN294506v1","25605","25903","42","64622373"
"chr7","64668776","64669082","KN294506v1","45735","46034","32","64623041"
"chr7","64669398","64669666","KN296775v1","511947","512214","41","64157451"
"chr7","64684326","64684620","KN294506v1","57160","57457","25","64627166"
"chr7","64689245","64689547","KN296726v1","495465","495763","36","64193780"
"chr7","64694339","64694640","KN297322v1","1948359","1948660","37","62745980"
"chr7","64702966","64703272","KN294506v1","89624","89929","35","64613342"
"chr7","64803496","64803786","KN294506v1","182087","182377","21","64621409"
"chr7","64826823","64827127","KN296153v1","3677943","3678242","36","61148880"
"chr7","64844567","64844859","KN294264v1","261999","262293","35","64582568"
"chr7","64852431","64852724","KN297408v1","181820","182108","32","64670611"
"chr7","64881471","64881766","KN295984v1","1688377","1688671","49","63193094"
"chr7","64909334","64909629","KN294462v1","73428","73721","47","64835906"
"chr7","64927137","64927437","KN296153v1","3677943","3678242","36","61249194"
"chr7","65014896","65015183","KN295586v1","2121175","2121468","52","62893721"
"chr7","65020715","65021031","KN297390v1","1640938","1641250","42","63379777"
"chr7","65036793","65037078","KN295260v1","1236051","1236337","55","63800742"
"chr7","65054204","65054500","KN294613v1","747893","748193","32","64306311"
"chr7","65058822","65059130","KN296934v1","897698","898003","37","64161124"
"chr7","65063474","65063767","KN294506v1","380018","380308","19","64683456"
"chr7","65108773","65108958","KN295936v1","2706130","2706310","31","62402643"
"chr7","65112699","65113002","KN295571v1","351641","351944","28","64761058"
"chr7","65123827","65124123","KN294848v1","1408889","1409183","37","63714938"
"chr7","65150607","65150901","KN294385v1","354018","354312","36","64796589"
"chr7","65157583","65157891","KN295059v1","336835","337145","35","64820748"
"chr7","65191364","65191669","KN297133v1","419676","419981","31","64771688"
"chr7","65211252","65211535","KN295284v1","334381","334669","48","64876871"
"chr7","65249116","65249417","KN294175v1","83600","83882","40","65165516"
"chr7","65291033","65291303","KN296528v1","1416122","1416391","44","63874911"
"chr7","65296273","65296519","KN296820v1","918638","918885","37","64377635"
"chr7","65320800","65321095","KN294434v1","50479","50773","43","65270321"
"chr7","65321834","65322108","KN295995v1","945650","945923","46","64376184"
"chr7","65331343","65331643","KN295480v1","1930451","1930748","42","63400892"
"chr7","65356355","65356658","KN296916v1","378131","378429","42","64978224"
"chr7","65356962","65357291","KN294262v1","369886","370196","58","64987076"
"chr7","65363549","65363862","KN296749v1","503583","503870","68","64859966"
"chr7","65382174","65382476","KN295573v1","2002964","2003262","44","63379210"
"chr7","65424287","65424574","KN296749v1","503583","503870","33","64920704"
"chr7","65429528","65429828","KN294175v1","239663","239953","34","65189865"
"chr7","65465337","65465636","KN294539v1","2320327","2320629","33","63145010"
"chr7","65467986","65468261","KN297019v1","856504","856773","40","64611482"
"chr7","65471491","65471790","KN294790v1","1555084","1555390","42","63916407"
"chr7","65485575","65485886","KN295983v1","1536250","1536551","48","63949325"
"chr7","65498832","65499066","KN297095v1","3580075","3580303","42","61918757"
"chr7","65503680","65503983","KN295112v1","343212","343513","35","65160468"
"chr7","65515752","65516039","KN296119v1","3705120","3705411","38","61810632"
"chr7","65516295","65516595","KN295090v1","1657716","1658013","37","63858579"
"chr7","65541914","65542213","KN295034v1","63947","64249","41","65477967"
"chr7","65560932","65561237","KN295112v1","343212","343513","39","65217720"
"chr7","65631928","65632233","KN295034v1","63947","64249","39","65567981"
"chr7","65647089","65647377","KN294536v1","1607732","1608024","34","64039357"
"chr7","65648104","65648403","KN296153v1","3677943","3678242","42","61970161"
"chr7","65695421","65695715","KN294561v1","296837","297132","39","65398584"
"chr7","65699250","65699544","KN295825v1","1953498","1953787","37","63745752"
"chr7","65737286","65737595","KN295667v1","1687893","1688204","39","64049393"
"chr7","65767761","65768076","KN294717v1","373979","374286","46","65393782"
"chr7","65775659","65775972","KN296335v1","187278","187590","38","65588381"
"chr7","65797016","65797314","KN294167v1","406704","406998","32","65390312"
"chr7","65798652","65798946","KN297052v1","35959","36252","39","65762693"
"chr7","65803940","65804271","KN295667v1","1687893","1688204","49","64116047"
"chr7","65806112","65806401","KN295361v1","806795","807080","37","64999317"
"chr7","65808440","65808737","KN297046v1","2791168","2791468","40","63017272"
"chr7","65822919","65823218","KN296225v1","870453","870753","34","64952466"
"chr7","65824679","65824965","KN294850v1","125890","126180","42","65698789"
"chr7","65830964","65831251","KN295906v1","7772","8065","44","65823192"
"chr7","65900076","65900366","KN294536v1","1607732","1608024","34","64292344"
"chr7","65930803","65931099","KN295034v1","63947","64249","46","65866856"
"chr7","65935782","65936090","KN295988v1","954829","955141","43","64980953"
"chr7","65955466","65955760","KN296079v1","319058","319354","31","65636408"
"chr7","65996766","65996923","KN297190v1","6501097","6501249","32","59495669"
"chr7","66061908","66062215","KN295962v1","2285231","2285537","29","63776677"
"chr7","66203051","66203300","KN297233v1","582462","582721","40","65620589"
"chr7","66204993","66205242","KN297233v1","582462","582721","39","65622531"
"chr7","66207740","66208042","KN296513v1","2018431","2018731","30","64189309"
"chr7","66211320","66211606","KN295962v1","2134608","2134896","23","64076712"
"chr7","66216663","66216919","KN295430v1","1606937","1607192","35","64609726"
"chr7","66232737","66233046","KN295962v1","2113080","2113391","32","64119657"
"chr7","66244996","66245297","KN295907v1","2550994","2551295","34","63694002"
"chr7","66283922","66284197","KN295962v1","2062001","2062260","38","64221921"
"chr7","66289624","66289923","KN295962v1","2056302","2056601","25","64233322"
"chr7","66303538","66303814","KN295962v1","2043292","2043573","29","64260246"
"chr7","66434771","66435066","KN294747v1","1001223","1001526","52","65433548"
"chr7","66457271","66457569","KN296732v1","2013890","2014190","46","64443381"
"chr7","66472515","66472832","KN294262v1","2954079","2954389","44","63518436"
"chr7","66479251","66479555","KN295854v1","1710543","1710845","42","64768708"
"chr7","66486046","66486179","KN295854v1","732069","732204","26","65753977"
"chr7","66511699","66512002","KN295962v1","1825921","1826224","29","64685778"
"chr7","66521486","66521787","KN295315v1","360280","360581","37","66161206"
"chr7","66525677","66525965","KN295931v1","176695","176986","41","66348982"
"chr7","66531448","66531732","KN295962v1","1805537","1805819","32","64725911"
"chr7","66543599","66543891","KN295962v1","1793684","1793973","32","64749915"
"chr7","66547759","66548045","KN295236v1","4288094","4288382","33","62259665"
"chr7","66576631","66576916","KN297095v1","1515149","1515433","31","65061482"
"chr7","66647096","66647387","KN296200v1","142894","143186","28","66504202"
"chr7","66726488","66726791","KN295814v1","1285532","1285833","42","65440956"
"chr7","66738809","66739110","KN295096v1","2124655","2124956","31","64614154"
"chr7","66748354","66748642","KN296063v1","1064190","1064488","51","65684164"
"chr7","66758081","66758390","KN295962v1","1575261","1575570","34","65182820"
"chr7","66764745","66765059","KN295114v1","20941","21251","36","66743804"
"chr7","66766312","66766610","KN295449v1","1335854","1336149","32","65430458"
"chr7","66795179","66795467","KN294170v1","50010","50300","38","66745169"
"chr7","66802804","66803120","KN296308v1","871499","871827","49","65931305"
"chr7","66821732","66822026","KN294407v1","2733858","2734151","35","64087874"
"chr7","66883312","66883624","KN295962v1","1432583","1432888","34","65450729"
"chr7","66938194","66938497","KN294520v1","2108210","2108513","32","64829984"
"chr7","66962302","66962602","KN295439v1","175570","175868","35","66786732"
"chr7","67003226","67003524","KN295257v1","1087444","1087739","38","65915782"
"chr7","67047051","67047353","KN294662v1","79885","80185","34","66967166"
"chr7","67080307","67080622","KN295701v1","941663","941973","47","66138644"
"chr7","67084579","67084860","KN296589v1","393764","394045","33","66690815"
"chr7","67116571","67116829","KN295936v1","886300","886561","41","66230271"
"chr7","67124669","67124985","KN295962v1","1180594","1180895","38","65944075"
"chr7","67154185","67154491","KN295962v1","1148594","1148899","46","66005591"
"chr7","67160242","67160540","KN295962v1","1142484","1142786","31","66017758"
"chr7","67166942","67167220","KN295962v1","1135386","1135671","27","66031556"
"chr7","67180932","67181246","KN296381v1","396041","396350","41","66784891"
"chr7","67192677","67192981","KN296154v1","1368942","1369247","39","65823735"
"chr7","67202541","67202786","KN295987v1","1570055","1570304","35","65632486"
"chr7","67213740","67214058","KN295962v1","1086315","1086608","41","66127425"
"chr7","67232852","67233147","KN295962v1","1066003","1066308","25","66166849"
"chr7","67316326","67316636","KN296513v1","1545711","1546021","35","65770615"
"chr7","67316809","67317115","KN295962v1","981809","982101","54","66335000"
"chr7","67323085","67323399","KN295962v1","975667","975980","29","66347418"
"chr7","67326947","67327118","KN295962v1","1120095","1120265","27","66206852"
"chr7","67347373","67347669","KN296153v1","3677943","3678242","38","63669430"
"chr7","67362648","67362957","KN295667v1","1687893","1688204","30","65674755"
"chr7","67369661","67369961","KN295983v1","1536250","1536551","23","65833411"
"chr7","67379747","67380055","KN294705v1","1060978","1061285","38","66318769"
"chr7","67430099","67430408","KN297390v1","1640938","1641250","37","65789161"
"chr7","67448241","67448543","KN295962v1","843964","844273","32","66604277"
"chr7","67451652","67451959","KN294806v1","835206","835511","35","66616446"
"chr7","67618939","67619250","KN295962v1","665118","665430","26","66953821"
"chr7","67623431","67623736","KN296158v1","1672506","1672810","38","65950925"
"chr7","67742099","67742400","KN295580v1","1390","1690","33","67740709"
"chr7","67746099","67746402","KN294739v1","998889","999185","34","66747210"
"chr7","67749388","67749679","KN294848v1","1408889","1409183","33","66340499"
"chr7","67756699","67757004","KN295962v1","516718","517022","22","67239981"
"chr7","67772457","67772752","KN294365v1","795012","795312","43","66977445"
"chr7","67781888","67782174","KN295962v1","492071","492353","34","67289817"
"chr7","67799180","67799484","KN295596v1","1673921","1674225","33","66125259"
"chr7","67809201","67809519","KN295962v1","465702","466014","30","67343499"
"chr7","67820416","67820725","KN294668v1","2004094","2004404","37","65816322"
"chr7","67825774","67826062","KN295962v1","446888","447187","26","67378886"
"chr7","67846331","67846635","KN294662v1","79885","80185","35","67766446"
"chr7","67858175","67858467","KN295633v1","1588876","1589175","34","66269299"
"chr7","67869932","67870238","KN295962v1","394871","395184","32","67475061"
"chr7","67879994","67880271","KN295962v1","383890","384156","33","67496104"
"chr7","67895383","67895692","KN294513v1","614988","615293","41","67280395"
"chr7","67923930","67924232","KN294407v1","2739427","2739722","36","65184503"
"chr7","67926035","67926336","KN295171v1","869545","869845","37","67056490"
"chr7","67934552","67934855","KN295962v1","330121","330419","28","67604431"
"chr7","67935163","67935462","KN295962v1","329512","329814","40","67605651"
"chr7","68007883","68008167","KN295962v1","257884","258153","29","67749999"
"chr7","68012335","68012629","KN295984v1","974577","974872","42","67037758"
"chr7","68014453","68014768","KN296646v1","106697","107010","42","67907756"
"chr7","68018398","68018699","KN296040v1","733119","733420","33","67285279"
"chr7","68020285","68020614","KN296308v1","871499","871827","43","67148786"
"chr7","68027574","68027874","KN295962v1","238416","238718","35","67789158"
"chr7","68028291","68028581","KN296682v1","420810","421103","46","67607481"
"chr7","68070533","68070816","KN295962v1","197773","198047","37","67872760"
"chr7","68105442","68105746","KN295962v1","164168","164470","30","67941274"
"chr7","68108817","68109116","KN295586v1","1464998","1465293","38","66643819"
"chr7","68270881","68271178","KN294697v1","98914","99214","41","68171967"
"chr7","68316065","68316309","KN294281v1","382481","382729","36","67933584"
"chr7","68316915","68316993","KN297154v1","1253331","1253406","15","67063584"
"chr7","68427322","68427366","KN297452v1","1903858","1903901","10","66523464"
"chr7","68427394","68427548","KN295586v1","3859926","3860085","25","64567468"
"chr7","68527448","68527758","KN295497v1","720813","721124","42","67806635"
"chr7","68584504","68584822","KN294346v1","372059","372367","45","68212445"
"chr7","68618960","68619270","KN297159v1","3314158","3314468","27","65304802"
"chr7","68632924","68633245","KN295667v1","1687893","1688204","45","66945031"
"chr7","68662376","68662673","KN296119v1","4121807","4122107","38","64540569"
"chr7","68674139","68674417","KN295375v1","1178984","1179264","55","67495155"
"chr7","68736742","68737039","KN296153v1","888240","888546","46","67848502"
"chr7","68754562","68754862","KN296732v1","2013890","2014190","37","66740672"
"chr7","68913712","68914018","KN294385v1","18712","19011","35","68895000"
"chr7","68927506","68927792","KN294452v1","113360","113649","31","68814146"
"chr7","68970592","68970902","KN295929v1","446786","447092","34","68523806"
"chr7","68976678","68976979","KN294787v1","271659","271959","32","68705019"
"chr7","69072558","69072859","KN295059v1","18424","18724","30","69054134"
"chr7","69198209","69198501","KN294521v1","442379","442669","37","68755830"
"chr7","69243046","69243278","KN297095v1","3580075","3580303","34","65662971"
"chr7","69249088","69249388","KN297046v1","2562618","2562921","36","66686470"
"chr7","69355828","69356134","KN295983v1","1536250","1536551","40","67819578"
"chr7","69422314","69422617","KN297274v1","62324","62636","46","69359990"
"chr7","69451401","69451709","KN295459v1","1552885","1553193","45","67898516"
"chr7","69460529","69460816","KN294239v1","334831","335118","40","69125698"
"chr7","69462255","69462558","KN295995v1","278794","279096","38","69183461"
"chr7","69465334","69465610","KN295633v1","999094","999364","44","68466240"
"chr7","69473469","69473750","KN295038v1","1459452","1459734","48","68014017"
"chr7","69552239","69552549","KN295667v1","1687893","1688204","40","67864346"
"chr7","69554214","69554524","KN294717v1","373979","374286","34","69180235"
"chr7","69562302","69562606","KN297133v1","419676","419981","31","69142626"
"chr7","69607818","69608124","KN294387v1","2599087","2599393","33","67008731"
"chr7","69645462","69645769","KN296665v1","251294","251596","36","69394168"
"chr7","69706228","69706501","KN297165v1","2307990","2308264","48","67398238"
"chr7","69827406","69827690","KN295294v1","334706","334991","38","69492700"
"chr7","69904839","69905150","KN297390v1","1640938","1641250","36","68263901"
"chr7","69941574","69941850","KN294536v1","940479","940770","50","69001095"
"chr7","69944420","69944720","KN296153v1","3677943","3678242","35","66266477"
"chr7","69969304","69969609","KN294539v1","761382","761684","40","69207922"
"chr7","70008437","70008735","KN294365v1","795012","795312","41","69213425"
"chr7","70115830","70116001","KN297274v1","1258226","1258395","26","68857604"
"chr7","70220412","70220716","KN296934v1","897698","898003","39","69322714"
"chr7","70258084","70258374","KN296225v1","121130","121425","39","70136954"
"chr7","70264186","70264470","KN294850v1","125890","126180","43","70138296"
"chr7","70265931","70266230","KN296225v1","870453","870753","36","69395478"
"chr7","70280413","70280710","KN295814v1","1158228","1158525","39","69122185"
"chr7","70282745","70283039","KN296955v1","689390","689681","38","69593355"
"chr7","70284874","70285201","KN297023v1","426290","426610","50","69858584"
"chr7","70292974","70293272","KN294167v1","406704","406998","30","69886270"
"chr7","70314328","70314644","KN296335v1","187278","187590","39","70127050"
"chr7","70349821","70350122","KN295236v1","3672786","3673083","38","66677035"
"chr7","70369343","70369664","KN295906v1","230171","230481","52","70139172"
"chr7","70387888","70388183","KN295825v1","1953498","1953787","38","68434390"
"chr7","70391701","70391988","KN294493v1","1430297","1430587","42","68961404"
"chr7","70428351","70428655","KN297320v1","2087688","2087983","49","68340663"
"chr7","70433203","70433491","KN294850v1","125890","126180","40","70307313"
"chr7","70434953","70435252","KN296225v1","870453","870753","37","69564500"
"chr7","70449526","70449823","KN295814v1","1158228","1158525","38","69291298"
"chr7","70460878","70461174","KN295586v1","2121175","2121468","28","68339703"
"chr7","70466652","70466930","KN297046v1","2412438","2412726","44","68054214"
"chr7","70534832","70534949","KN295758v1","995921","996041","16","69538911"
"chr7","70639435","70639730","KN296404v1","106219","106515","31","70533216"
"chr7","70641118","70641350","KN295161v1","117398","117606","51","70523720"
"chr7","70700572","70700875","KN295315v1","360280","360581","34","70340292"
"chr7","70709118","70709393","KN294570v1","334630","334905","42","70374488"
"chr7","70710342","70710639","KN296311v1","7901481","7901775","34","62808861"
"chr7","70716731","70717036","KN294539v1","761382","761684","31","69955349"
"chr7","70743727","70744008","KN294536v1","1607732","1608024","44","69135995"
"chr7","70745470","70745769","KN296225v1","870453","870753","33","69875017"
"chr7","70759991","70760281","KN295610v1","346665","346955","42","70413326"
"chr7","70761981","70762292","KN297322v1","1153290","1153598","45","69608691"
"chr7","70781312","70781611","KN296004v1","29555","29853","31","70751757"
"chr7","70788846","70789137","KN294470v1","624219","624514","39","70164627"
"chr7","70789251","70789438","KN296192v1","133089","133273","28","70656162"
"chr7","70807555","70807852","KN294911v1","4245051","4245346","37","66562504"
"chr7","70885224","70885532","KN294187v1","901501","901812","42","69983723"
"chr7","70894356","70894648","KN294536v1","1607732","1608024","36","69286624"
"chr7","70897981","70898261","KN296225v1","121130","121425","44","70776851"
"chr7","70904132","70904424","KN296079v1","793280","793574","35","70110852"
"chr7","70905880","70906180","KN296225v1","870453","870753","28","70035427"
"chr7","70908140","70908432","KN296079v1","793280","793574","35","70114860"
"chr7","70917045","70917356","KN295869v1","284557","284865","42","70632488"
"chr7","70919033","70919339","KN294172v1","4761492","4761794","46","66157541"
"chr7","70926925","70927218","KN296079v1","793280","793574","34","70133645"
"chr7","70928673","70928973","KN296225v1","870453","870753","28","70058220"
"chr7","70943391","70943700","KN295869v1","284557","284865","42","70658834"
"chr7","70945381","70945687","KN294172v1","4761492","4761794","48","66183889"
"chr7","70953144","70953434","KN296079v1","793280","793574","37","70159864"
"chr7","70954890","70955190","KN296225v1","870453","870753","26","70084437"
"chr7","70966091","70966391","KN296225v1","870453","870753","26","70095638"
"chr7","70967847","70968137","KN296079v1","793280","793574","37","70174567"
"chr7","70980586","70980896","KN295607v1","4479027","4479333","44","66501559"
"chr7","70982577","70982883","KN294172v1","4761492","4761794","47","66221085"
"chr7","70990392","70990681","KN294879v1","351077","351369","37","70639315"
"chr7","70992137","70992437","KN296225v1","870453","870753","28","70121684"
"chr7","71011682","71011985","KN295315v1","360280","360581","35","70651402"
"chr7","71020239","71020514","KN295441v1","1768978","1769252","41","69251261"
"chr7","71021465","71021762","KN296311v1","7901481","7901775","34","63119984"
"chr7","71027865","71028166","KN294539v1","761382","761684","33","70266483"
"chr7","71054859","71055151","KN294850v1","125890","126180","39","70928969"
"chr7","71056613","71056912","KN296225v1","870453","870753","34","70186160"
"chr7","71071162","71071459","KN295814v1","1158228","1158525","38","69912934"
"chr7","71082538","71082837","KN294842v1","690378","690679","28","70392160"
"chr7","71088290","71088568","KN297046v1","2412438","2412726","44","68675852"
"chr7","71098432","71098729","KN296732v1","2013890","2014190","31","69084542"
"chr7","71098843","71099020","KN294281v1","989793","989968","27","70109050"
"chr7","71410025","71410325","KN295350v1","405055","405352","36","71004970"
"chr7","71413843","71414137","KN294561v1","296837","297132","37","71117006"
"chr7","71446536","71446846","KN297323v1","176102","176406","37","71270434"
"chr7","71455604","71455889","KN294850v1","125890","126180","45","71329714"
"chr7","71457356","71457655","KN296225v1","870453","870753","31","70586903"
"chr7","71471938","71472227","KN294292v1","223216","223503","41","71248722"
"chr7","71477406","71477707","KN294536v1","1195413","1195715","34","70281993"
"chr7","71499494","71499776","KN295523v1","1358594","1358868","55","70140900"
"chr7","71521521","71521819","KN295633v1","141651","141946","33","71379870"
"chr7","71527779","71528092","KN294187v1","1346864","1347175","33","70180915"
"chr7","71532759","71533068","KN296311v1","119067","119378","39","71413692"
"chr7","71602894","71603198","KN295983v1","1536250","1536551","39","70066644"
"chr7","71603934","71604222","KN297165v1","1143723","1144010","35","70460211"
"chr7","71620860","71621166","KN296145v1","633816","634121","41","70987044"
"chr7","71939715","71940018","KN295601v1","2895150","2895452","36","69044565"
"chr7","71943537","71943831","KN294561v1","296837","297132","38","71646700"
"chr7","71985479","71985765","KN294850v1","125890","126180","44","71859589"
"chr7","71987232","71987531","KN296225v1","870453","870753","32","71116779"
"chr7","72002202","72002494","KN296079v1","793280","793574","35","71208922"
"chr7","72003951","72004251","KN296225v1","870453","870753","28","71133498"
"chr7","72017131","72017440","KN295869v1","284557","284865","42","71732574"
"chr7","72019122","72019429","KN294172v1","4761492","4761794","46","67257630"
"chr7","72023751","72024051","KN296225v1","870453","870753","28","71153298"
"chr7","72025508","72025801","KN296079v1","793280","793574","34","71232228"
"chr7","72033384","72033692","KN294172v1","4761492","4761794","50","67271892"
"chr7","72035388","72035697","KN295869v1","284557","284865","42","71750831"
"chr7","72050171","72050478","KN295610v1","590469","590774","48","71459702"
"chr7","72058069","72058361","KN296079v1","793280","793574","36","71264789"
"chr7","72059817","72060117","KN296225v1","870453","870753","28","71189364"
"chr7","72072997","72073298","KN295983v1","1536250","1536551","42","70536747"
"chr7","72074979","72075285","KN294172v1","4761492","4761794","47","67313487"
"chr7","72091323","72091621","KN295962v1","2528086","2528384","28","69563237"
"chr7","72093037","72093319","KN295962v1","2529830","2530121","32","69563207"
"chr7","72108063","72108366","KN294387v1","2599087","2599393","36","69508976"
"chr7","72112478","72112771","KN297227v1","1018475","1018768","31","71094003"
"chr7","72138024","72138334","KN295367v1","57325","57637","47","72080699"
"chr7","72222936","72223240","KN296594v1","683220","683520","35","71539716"
"chr7","72232039","72232334","KN297227v1","684949","685246","34","71547090"
"chr7","72251607","72251905","KN294325v1","616486","616782","44","71635121"
"chr7","72263591","72263895","KN296158v1","1672506","1672810","36","70591085"
"chr7","72273267","72273543","KN295936v1","30401","30674","31","72242866"
"chr7","72275325","72275627","KN294387v1","2599087","2599393","36","69676238"
"chr7","72281950","72282257","KN294790v1","1555084","1555390","46","70726866"
"chr7","72320354","72320661","KN296019v1","178814","179119","37","72141540"
"chr7","72325108","72325390","KN295883v1","126524","126801","42","72198584"
"chr7","72326645","72326951","KN296934v1","897698","898003","39","71428947"
"chr7","72341706","72342016","KN296119v1","6426036","6426336","36","65915670"
"chr7","72378703","72379004","KN297019v1","1233639","1233939","33","71145064"
"chr7","72404136","72404445","KN296614v1","20754","21055","35","72383382"
"chr7","72420337","72420648","KN296934v1","897698","898003","40","71522639"
"chr7","72423793","72423956","KN297154v1","1095581","1095744","28","71328212"
"chr7","72432267","72432574","KN296900v1","121631","121934","41","72310636"
"chr7","72451882","72452175","KN294387v1","1455868","1456171","44","70996014"
"chr7","72468801","72469109","KN297390v1","1640938","1641250","43","70827863"
"chr7","72476116","72476407","KN297227v1","1018475","1018768","38","71457641"
"chr7","72480678","72480941","KN295174v1","187755","188016","28","72292923"
"chr7","72488898","72489164","KN294181v1","509561","509825","41","71979337"
"chr7","72494950","72495248","KN295705v1","2747981","2748284","49","69746969"
"chr7","72499816","72499995","KN294419v1","42675","42858","30","72457141"
"chr7","72501830","72502120","KN295820v1","372417","372708","28","72129413"
"chr7","72511179","72511469","KN294506v1","354270","354562","22","72156909"
"chr7","72511728","72512036","KN296430v1","444033","444342","36","72067695"
"chr7","72539969","72540273","KN296062v1","1796687","1796987","39","70743282"
"chr7","72550757","72551072","KN295725v1","1552471","1552779","43","70998286"
"chr7","72556415","72556718","KN297367v1","171251","171554","44","72385164"
"chr7","72558096","72558398","KN294506v1","308907","309212","37","72249189"
"chr7","72562175","72562473","KN294433v1","409687","409987","44","72152488"
"chr7","72571371","72571679","KN296849v1","575797","576109","35","71995574"
"chr7","72655118","72655435","KN294172v1","4612860","4613172","42","68042258"
"chr7","72679409","72679714","KN296381v1","91265","91569","41","72588144"
"chr7","72702929","72703212","KN294911v1","4733403","4733686","28","67969526"
"chr7","72720675","72720945","KN296877v1","495365","495644","44","72225310"
"chr7","72752407","72752702","KN295592v1","1774877","1775178","35","70977530"
"chr7","72772704","72773025","KN295601v1","761243","761570","46","72011461"
"chr7","72810534","72810821","KN294539v1","2245383","2245665","40","70565151"
"chr7","72819986","72820282","KN296635v1","4569193","4569490","35","68250793"
"chr7","72825648","72825951","KN294592v1","858057","858359","33","71967591"
"chr7","72829936","72830112","KN294281v1","989793","989968","26","71840143"
"chr7","72833515","72833814","KN295983v1","1536250","1536551","47","71297265"
"chr7","72838610","72838902","KN294991v1","1565008","1565302","38","71273602"
"chr7","72840589","72840883","KN294536v1","1607732","1608024","46","71232857"
"chr7","72860296","72860586","KN297259v1","382961","383251","31","72477335"
"chr7","72862572","72862866","KN295708v1","1014721","1015018","41","71847851"
"chr7","72885227","72885527","KN295022v1","123209","123517","39","72762018"
"chr7","72886210","72886377","KN296508v1","1877204","1877364","31","71009006"
"chr7","72935085","72935208","KN297118v1","100841","100964","20","72834244"
"chr7","72935932","72936095","KN294205v1","1169702","1169863","24","71766230"
"chr7","72953561","72953849","KN297452v1","1441739","1442025","46","71511822"
"chr7","72961283","72961590","KN295470v1","376505","376799","51","72584778"
"chr7","72969716","72970007","KN295550v1","1007565","1007867","47","71962151"
"chr7","72975375","72975682","KN296934v1","897698","898003","34","72077677"
"chr7","72981220","72981510","KN297046v1","3326635","3326925","36","69654585"
"chr7","72989608","72989899","KN297314v1","117021","117312","27","72872587"
"chr7","72991076","72991379","KN294387v1","2599087","2599393","40","70391989"
"chr7","72997983","72998283","KN295171v1","869545","869845","35","72128438"
"chr7","73003576","73003879","KN294856v1","296536","296838","45","72707040"
"chr7","73011249","73011543","KN294571v1","1012216","1012510","45","71999033"
"chr7","73014651","73014950","KN295241v1","7354","7661","44","73007297"
"chr7","73060045","73060351","KN295236v1","5343986","5344298","38","67716059"
"chr7","73076362","73076664","KN295722v1","1554813","1555112","30","71521549"
"chr7","73170508","73170811","KN295871v1","1093938","1094249","33","72076570"
"chr7","73171019","73171298","KN294561v1","593636","593922","48","72577383"
"chr7","73177500","73177810","KN295869v1","284557","284865","37","72892943"
"chr7","73179392","73179688","KN295907v1","184749","185051","36","72994643"
"chr7","73187909","73188233","KN296145v1","424587","424911","42","72763322"
"chr7","73193532","73193836","KN294662v1","79885","80185","34","73113647"
"chr7","73218947","73219240","KN295459v1","1614660","1614952","30","71604287"
"chr7","73237318","73237617","KN295501v1","1005257","1005557","34","72232061"
"chr7","73243173","73243485","KN295923v1","1231839","1232151","40","72011334"
"chr7","73297252","73297545","KN294513v1","735571","735866","39","72561681"
"chr7","73306040","73306337","KN296119v1","5113175","5113468","40","68192865"
"chr7","73309893","73310208","KN294396v1","229895","230202","45","73079998"
"chr7","73310646","73310933","KN295294v1","334706","334991","42","72975940"
"chr7","73315874","73316156","KN296682v1","4654198","4654485","48","68661676"
"chr7","73321945","73322242","KN295090v1","1657716","1658013","36","71664229"
"chr7","73326491","73326805","KN296167v1","275247","275547","60","73051244"
"chr7","73330950","73331247","KN295319v1","14065","14366","36","73316885"
"chr7","73334096","73334407","KN295667v1","1687893","1688204","36","71646203"
"chr7","73334954","73335261","KN294387v1","2599087","2599393","35","70735867"
"chr7","73347886","73348196","KN295114v1","20941","21251","34","73326945"
"chr7","73349167","73349471","KN296253v1","392155","392460","37","72957012"
"chr7","73356907","73357196","KN295962v1","1793684","1793973","41","71563223"
"chr7","73363901","73364211","KN295236v1","5343986","5344298","37","68019915"
"chr7","73389021","73389320","KN294662v1","79885","80185","41","73309136"
"chr7","73439299","73439597","KN297095v1","2087459","2087755","38","71351840"
"chr7","73453779","73454072","KN295375v1","276331","276628","36","73177448"
"chr7","73460382","73460678","KN296508v1","321439","321740","32","73138943"
"chr7","73504683","73504987","KN296495v1","1976569","1976874","31","71528114"
"chr7","73553605","73553882","KN296507v1","516377","516655","51","73037228"
"chr7","73598877","73599180","KN296357v1","356792","357093","37","73242085"
"chr7","73606560","73606865","KN297133v1","419676","419981","42","73186884"
"chr7","73612540","73612834","KN296969v1","129025","129322","36","73483515"
"chr7","73615185","73615507","KN295236v1","4576569","4576870","52","69038616"
"chr7","73621814","73622124","KN294717v1","373979","374286","39","73247835"
"chr7","73644328","73644637","KN294387v1","2599087","2599393","38","71045241"
"chr7","73679853","73680160","KN295114v1","20941","21251","32","73658912"
"chr7","73680881","73681190","KN296153v1","2309746","2310040","46","71371135"
"chr7","73696455","73696760","KN295362v1","1024505","1024804","42","72671950"
"chr7","73716606","73716907","KN296357v1","356792","357093","31","73359814"
"chr7","73728582","73728888","KN295758v1","997500","997807","41","72731082"
"chr7","73759344","73759646","KN297219v1","434860","435161","34","73324484"
"chr7","73782374","73782665","KN294536v1","1717253","1717544","33","72065121"
"chr7","73783950","73784213","KN295430v1","1606937","1607192","43","72177013"
"chr7","73800248","73800551","KN294172v1","4761492","4761794","36","69038756"
"chr7","73858698","73858885","KN294420v1","781452","781632","29","73077246"
"chr7","73858999","73859293","KN296732v1","2013890","2014190","35","71845109"
"chr7","73866457","73866757","KN294842v1","690378","690679","26","73176079"
"chr7","73883845","73884154","KN297322v1","1153290","1153598","43","72730555"
"chr7","73885841","73886138","KN295814v1","1158228","1158525","40","72727613"
"chr7","73906085","73906373","KN294385v1","354018","354312","41","73552067"
"chr7","73922581","73922892","KN294439v1","261107","261420","50","73661474"
"chr7","73934598","73934832","KN297095v1","3580075","3580303","41","70354523"
"chr7","73956109","73956402","KN296495v1","2056834","2057132","38","71899275"
"chr7","73956662","73956973","KN294292v1","136185","136494","34","73820477"
"chr7","73985483","73985785","KN296404v1","3895018","3895319","42","70090465"
"chr7","74084417","74084710","KN295820v1","372417","372708","41","73712000"
"chr7","74088020","74088326","KN296145v1","633816","634121","41","73454204"
"chr7","74104981","74105269","KN297165v1","1143723","1144010","35","72961258"
"chr7","74106005","74106309","KN295983v1","1536250","1536551","38","72569755"
"chr7","74175743","74176054","KN295708v1","1599062","1599372","39","72576681"
"chr7","74180708","74181012","KN295350v1","243779","244085","31","73936929"
"chr7","74186972","74187281","KN296934v1","897698","898003","41","73289274"
"chr7","74208645","74208954","KN294536v1","1040798","1041107","46","73167847"
"chr7","74234073","74234374","KN294536v1","1195413","1195715","36","73038660"
"chr7","74236446","74236740","KN295586v1","2269065","2269364","38","71967381"
"chr7","74239189","74239502","KN294578v1","615670","615980","48","73623519"
"chr7","74261683","74261996","KN296743v1","1312624","1312938","40","72949059"
"chr7","74452175","74452474","KN294399v1","64647","64948","29","74387528"
"chr7","74499080","74499365","KN294399v1","108306","108599","24","74390774"
"chr7","74531754","74532034","KN294399v1","140622","140909","37","74391132"
"chr7","74542826","74543132","KN295605v1","439991","440299","35","74102835"
"chr7","74553823","74553989","KN294399v1","162455","162622","9","74391368"
"chr7","74566041","74566343","KN294470v1","2729657","2729960","30","71836384"
"chr7","74611145","74611456","KN296178v1","863531","863840","41","73747614"
"chr7","74617476","74617739","KN295430v1","2378008","2378277","54","72239468"
"chr7","74638450","74638743","KN296635v1","5447621","5447911","38","69190829"
"chr7","74678038","74678142","KN295601v1","759151","759251","20","73918887"
"chr7","74783715","74784022","KN294591v1","102703","103003","50","74681012"
"chr7","74797919","74798216","KN294911v1","4554973","4555270","41","70242946"
"chr7","74799129","74799435","KN294513v1","614988","615293","36","74184141"
"chr7","74823560","74823870","KN297421v1","269231","269537","36","74554329"
"chr7","74837050","74837359","KN295725v1","1552471","1552779","36","73284579"
"chr7","74845905","74846202","KN295667v1","1687893","1688204","44","73158012"
"chr7","74857416","74857724","KN294387v1","2599087","2599393","34","72258329"
"chr7","74911280","74911567","KN294662v1","268123","268414","32","74643157"
"chr7","74912162","74912463","KN297112v1","2478648","2478956","32","72433514"
"chr7","74974513","74974800","KN296877v1","495365","495644","46","74479148"
"chr7","74985397","74985698","KN295580v1","1390","1690","33","74984007"
"chr7","75007381","75007667","KN294713v1","485096","485391","42","74522285"
"chr7","75039480","75039782","KN295405v1","348411","348717","43","74691069"
"chr7","75043698","75044009","KN296959v1","1282250","1282562","43","73761448"
"chr7","75066120","75066414","KN294991v1","1777117","1777416","54","73289003"
"chr7","75102689","75102990","KN294536v1","1195413","1195715","35","73907276"
"chr7","75108187","75108480","KN295257v1","1087444","1087739","42","74020743"
"chr7","75122687","75122986","KN296225v1","870453","870753","31","74252234"
"chr7","75124452","75124739","KN294850v1","125890","126180","44","74998562"
"chr7","75129323","75129628","KN297320v1","2087688","2087983","51","73041635"
"chr7","75133500","75133811","KN294991v1","2085266","2085575","40","73048234"
"chr7","75166623","75166931","KN295034v1","63947","64249","39","75102676"
"chr7","75205016","75205328","KN295274v1","7524","7842","46","75197492"
"chr7","75226694","75226994","KN297276v1","182647","182946","34","75044047"
"chr7","75228338","75228632","KN295090v1","2057671","2057967","38","73170667"
"chr7","75233636","75233963","KN297023v1","426290","426610","46","74807346"
"chr7","75235816","75236105","KN295361v1","806795","807080","37","74429021"
"chr7","75238130","75238427","KN295814v1","1158228","1158525","38","74079902"
"chr7","75252575","75252874","KN296225v1","870453","870753","33","74382122"
"chr7","75254332","75254617","KN294850v1","125890","126180","45","75128442"
"chr7","75259171","75259475","KN297320v1","2087688","2087983","50","73171483"
"chr7","75302335","75302629","KN294561v1","296837","297132","38","75005498"
"chr7","75306138","75306435","KN294685v1","1072465","1072762","35","74233673"
"chr7","75547618","75547896","KN294239v1","334831","335118","45","75212787"
"chr7","75553387","75553684","KN294456v1","96834","97129","29","75456553"
"chr7","75564745","75565042","KN295814v1","1158228","1158525","37","74406517"
"chr7","75579278","75579577","KN296225v1","870453","870753","32","74708825"
"chr7","75581039","75581330","KN294850v1","125890","126180","42","75455149"
"chr7","75608092","75608394","KN294539v1","761382","761684","35","74846710"
"chr7","75614497","75614794","KN296311v1","7901481","7901775","31","67713016"
"chr7","75615743","75616017","KN294570v1","334630","334905","38","75281113"
"chr7","75624267","75624571","KN295315v1","360280","360581","34","75263987"
"chr7","75661337","75661645","KN294668v1","3401387","3401699","39","72259950"
"chr7","75674584","75674913","KN295236v1","3424373","3424682","52","72250211"
"chr7","75684192","75684424","KN295988v1","1687562","1687782","51","73996630"
"chr7","75685810","75686110","KN296205v1","671612","671911","31","75014198"
"chr7","75717451","75717752","KN297019v1","1233639","1233939","32","74483812"
"chr7","75730425","75730735","KN297153v1","1366929","1367240","37","74363496"
"chr7","75741502","75741809","KN296290v1","1404127","1404436","35","74337375"
"chr7","75744270","75744573","KN296153v1","3677943","3678242","36","72066327"
"chr7","75749703","75749999","KN295744v1","643156","643450","32","75106547"
"chr7","75750119","75750428","KN296934v1","897698","898003","38","74852421"
"chr7","75758686","75758981","KN294264v1","261999","262293","36","75496687"
"chr7","75760549","75760857","KN294387v1","2599087","2599393","37","73161462"
"chr7","75763712","75764004","KN296685v1","285639","285930","31","75478073"
"chr7","75778857","75779148","KN295112v1","343212","343513","46","75435645"
"chr7","75780921","75781226","KN294451v1","576228","576536","42","75204693"
"chr7","75801313","75801617","KN296381v1","91265","91569","38","75710048"
"chr7","75822623","75822918","KN294172v1","1737266","1737562","33","74085357"
"chr7","75823577","75823873","KN294613v1","341573","341867","32","75482004"
"chr7","75832669","75832968","KN296153v1","3677943","3678242","30","72154726"
"chr7","75833822","75834129","KN295114v1","20941","21251","39","75812881"
"chr7","75843267","75843567","KN294588v1","1492426","1492725","43","74350841"
"chr7","75845460","75845762","KN295995v1","1426233","1426527","44","74419227"
"chr7","75846009","75846313","KN296357v1","356792","357093","40","75489217"
"chr7","75862758","75863061","KN295893v1","413740","414050","33","75449018"
"chr7","75870854","75871149","KN295607v1","511943","512240","32","75358911"
"chr7","75881357","75881659","KN294214v1","314718","315012","47","75566639"
"chr7","75882180","75882493","KN296403v1","558918","559229","39","75323262"
"chr7","75889211","75889509","KN295977v1","249013","249314","42","75640198"
"chr7","75903266","75903561","KN297000v1","300195","300489","36","75603071"
"chr7","75909418","75909720","KN296062v1","1796687","1796987","35","74112731"
"chr7","75912429","75912721","KN295459v1","750013","750300","40","75162416"
"chr7","76001537","76001796","KN297154v1","756427","756693","35","75245110"
"chr7","76003405","76003724","KN296335v1","187278","187590","54","75816127"
"chr7","76003725","76004020","KN295320v1","27087","27386","29","75976638"
"chr7","76022184","76022481","KN297165v1","47565","47861","34","75974619"
"chr7","76029743","76030043","KN297133v1","419676","419981","33","75610067"
"chr7","76041970","76042272","KN295320v1","27087","27386","40","76014883"
"chr7","76073598","76073896","KN294349v1","164140","164438","34","75909458"
"chr7","76112441","76112726","KN295022v1","486627","486913","38","75625814"
"chr7","76165565","76165864","KN295708v1","1331487","1331787","40","74834078"
"chr7","76169767","76170060","KN294175v1","182362","182669","39","75987405"
"chr7","76171909","76172217","KN295350v1","243779","244085","37","75928130"
"chr7","76179222","76179524","KN294175v1","127953","128254","32","76051269"
"chr7","76254425","76254730","KN296244v1","870811","871107","42","75383614"
"chr7","76267244","76267549","KN296747v1","35746","36041","45","76231498"
"chr7","76268932","76269214","KN295601v1","2549094","2549367","40","73719838"
"chr7","76284996","76285298","KN296117v1","233907","234212","40","76051089"
"chr7","76294211","76294519","KN296062v1","531528","531834","41","75762683"
"chr7","76306535","76306836","KN296153v1","3677943","3678242","34","72628592"
"chr7","76307380","76307664","KN296959v1","894456","894737","31","75412924"
"chr7","76317759","76318079","KN294619v1","1074234","1074548","44","75243525"
"chr7","76321869","76322154","KN295022v1","486627","486913","39","75835242"
"chr7","76323757","76324054","KN294911v1","2384243","2384536","31","73939514"
"chr7","76351898","76352208","KN294439v1","261107","261420","34","76090791"
"chr7","76357467","76357736","KN295637v1","558708","558981","44","75798759"
"chr7","76360334","76360633","KN295077v1","585208","585503","31","75775126"
"chr7","76372999","76373289","KN295459v1","1614660","1614952","39","74758339"
"chr7","76414659","76414952","KN294229v1","133974","134272","46","76280685"
"chr7","76428109","76428414","KN294387v1","2599087","2599393","36","73829022"
"chr7","76429429","76429739","KN295667v1","1687893","1688204","37","74741536"
"chr7","76455004","76455306","KN295936v1","160171","160464","32","76294833"
"chr7","76463308","76463608","KN297227v1","684949","685246","36","75778359"
"chr7","76469019","76469320","KN294499v1","1188346","1188643","44","75280673"
"chr7","76486223","76486518","KN294205v1","612591","612886","34","75873632"
"chr7","76499031","76499334","KN295382v1","148115","148414","38","76350916"
"chr7","76508940","76509267","KN297398v1","124354","124680","53","76384586"
"chr7","76523842","76524136","KN294407v1","2733858","2734151","35","73789984"
"chr7","76527655","76527942","KN294493v1","1430297","1430587","40","75097358"
"chr7","76543822","76544118","KN295523v1","3420209","3420501","41","73123613"
"chr7","76546515","76546831","KN297038v1","661781","662094","36","75884734"
"chr7","76551030","76551278","KN294790v1","1133420","1133667","43","75417610"
"chr7","76595506","76595811","KN297320v1","2087688","2087983","49","74507818"
"chr7","76599526","76599813","KN294850v1","125890","126180","44","76473636"
"chr7","76601274","76601573","KN296225v1","870453","870753","35","75730821"
"chr7","76615836","76616133","KN295814v1","1158228","1158525","38","75457608"
"chr7","76687362","76687680","KN295320v1","1381801","1382117","49","75305561"
"chr7","76694118","76694403","KN295350v1","762397","762677","38","75931721"
"chr7","76704378","76704692","KN296062v1","165336","165642","40","76539042"
"chr7","76722371","76722558","KN296192v1","133089","133273","29","76589282"
"chr7","76722674","76722953","KN294172v1","6656193","6656471","70","70066481"
"chr7","76927244","76927541","KN295350v1","405055","405352","35","76522189"
"chr7","76931060","76931354","KN294561v1","296837","297132","38","76634223"
"chr7","76972476","76972787","KN294991v1","2085266","2085575","39","74887210"
"chr7","76976662","76976967","KN297320v1","2087688","2087983","51","74888974"
"chr7","76981546","76981833","KN294850v1","125890","126180","44","76855656"
"chr7","76983303","76983602","KN296225v1","870453","870753","31","76112850"
"chr7","76997802","76998095","KN295257v1","1087444","1087739","42","75910358"
"chr7","77003286","77003586","KN294536v1","1195413","1195715","36","75807873"
"chr7","77133414","77133708","KN294561v1","296837","297132","40","76836577"
"chr7","77149173","77149469","KN295523v1","3420209","3420501","40","73728964"
"chr7","77151858","77152168","KN294439v1","261107","261420","36","76890751"
"chr7","77156359","77156607","KN294790v1","1133420","1133667","42","76022939"
"chr7","77189449","77189754","KN297320v1","2087688","2087983","49","75101761"
"chr7","77194637","77194927","KN294850v1","125890","126180","40","77068747"
"chr7","77196388","77196687","KN296225v1","870453","870753","31","76325935"
"chr7","77210856","77211149","KN295995v1","1426233","1426527","41","75784623"
"chr7","77213188","77213477","KN294539v1","2245383","2245665","41","74967805"
"chr7","77215321","77215648","KN297023v1","426290","426610","50","76789031"
"chr7","77220651","77220945","KN296557v1","709141","709435","39","76511510"
"chr7","77222281","77222577","KN294167v1","406704","406998","33","76815577"
"chr7","77243621","77243928","KN296752v1","400630","400924","44","76842991"
"chr7","77251538","77251853","KN294717v1","373979","374286","47","76877559"
"chr7","77277071","77277378","KN295034v1","63947","64249","36","77213124"
"chr7","77280675","77280924","KN294161v1","1021926","1022175","43","76258749"
"chr7","77287096","77287332","KN295304v1","263352","263587","34","77023744"
"chr7","77289800","77290087","KN294850v1","125890","126180","42","77163910"
"chr7","77290499","77290795","KN296153v1","3677943","3678242","42","73612556"
"chr7","77305015","77305305","KN295610v1","346665","346955","41","76958350"
"chr7","77307342","77307631","KN295361v1","806795","807080","39","76500547"
"chr7","77309483","77309802","KN296322v1","2640740","2641038","48","74668743"
"chr7","77315554","77315858","KN295977v1","249013","249314","27","77066541"
"chr7","77368071","77368364","KN295459v1","1614660","1614952","37","75753411"
"chr7","77495145","77495439","KN294561v1","296837","297132","40","77198308"
"chr7","77510906","77511202","KN295523v1","3420209","3420501","40","74090697"
"chr7","77513592","77513902","KN294439v1","261107","261420","36","77252485"
"chr7","77518092","77518340","KN294790v1","1133420","1133667","42","76384672"
"chr7","77549633","77549938","KN297320v1","2087688","2087983","49","75461945"
"chr7","77554814","77555105","KN294850v1","125890","126180","40","77428924"
"chr7","77556566","77556865","KN296225v1","870453","870753","32","76686113"
"chr7","77571010","77571300","KN295610v1","346665","346955","41","77224345"
"chr7","77573334","77573623","KN295361v1","806795","807080","39","76766539"
"chr7","77575482","77575801","KN296322v1","2640740","2641038","48","74934742"
"chr7","77581553","77581857","KN295977v1","249013","249314","27","77332540"
"chr7","77634070","77634364","KN294372v1","2006428","2006721","37","75627642"
"chr7","77734357","77734650","KN295225v1","852978","853269","30","76881379"
"chr7","77975952","77976250","KN297046v1","2791168","2791468","23","75184784"
"chr7","77988899","77989199","KN296311v1","1037581","1037880","38","76951318"
"chr7","77990828","77991143","KN297406v1","73141","73458","49","77917687"
"chr7","78025667","78025960","KN294444v1","38062","38349","41","77987605"
"chr7","78026635","78026935","KN294571v1","2791374","2791676","32","75235261"
"chr7","78099986","78100280","KN295708v1","1014721","1015018","40","77085265"
"chr7","78113006","78113311","KN297159v1","3314158","3314468","41","74798848"
"chr7","78114800","78115109","KN294387v1","2599087","2599393","43","75515713"
"chr7","78118486","78118799","KN295977v1","249013","249314","43","77869473"
"chr7","78140855","78141164","KN294506v1","231070","231369","54","77909785"
"chr7","78144717","78145014","KN296153v1","3677943","3678242","39","74466774"
"chr7","78148341","78148649","KN295405v1","348411","348717","41","77799930"
"chr7","78180602","78180895","KN296287v1","46583","46877","40","78134019"
"chr7","78211845","78212140","KN294407v1","776051","776345","44","77435794"
"chr7","78213239","78213534","KN296495v1","2056834","2057132","39","76156405"
"chr7","78258457","78258756","KN295236v1","5944389","5944683","36","72314068"
"chr7","78274125","78274399","KN296959v1","1503482","1503756","42","76770643"
"chr7","78301493","78301806","KN294172v1","420582","420892","50","77880911"
"chr7","78315151","78315452","KN294831v1","247548","247851","36","78067603"
"chr7","78321759","78322061","KN296948v1","763694","763998","35","77558065"
"chr7","78338183","78338474","KN295995v1","1426233","1426527","50","76911950"
"chr7","78395435","78395728","KN295667v1","1209322","1209616","35","77186113"
"chr7","78437492","78437796","KN295112v1","343212","343513","38","78094280"
"chr7","78562795","78563065","KN295294v1","334706","334991","50","78228089"
"chr7","78564031","78564244","KN294526v1","436403","436618","40","78127628"
"chr7","78829566","78829879","KN294650v1","512435","512746","41","78317131"
"chr7","79018717","79019011","KN295550v1","199292","199591","31","78819425"
"chr7","79108670","79108974","KN295907v1","2257700","2257990","43","76850970"
"chr7","79440593","79440899","KN296528v1","1436873","1437172","51","78003720"
"chr7","79632705","79632810","KN294457v1","500604","500706","14","79132101"
"chr7","79756199","79756507","KN294921v1","126144","126441","51","79630055"
"chr7","79850471","79850782","KN294717v1","373979","374286","39","79476492"
"chr7","80007617","80007734","KN295758v1","995921","996041","15","79011696"
"chr7","80091428","80091733","KN294261v1","106351","106657","40","79985077"
"chr7","80531594","80531885","KN294561v1","810685","810981","37","79720909"
"chr7","80590549","80590848","KN294879v1","1095992","1096293","42","79494557"
"chr7","80616104","80616412","KN294536v1","952303","952607","35","79663801"
"chr7","80738417","80738709","KN295995v1","1426233","1426527","44","79312184"
"chr7","80862865","80863166","KN295236v1","4576569","4576870","39","76286296"
"chr7","81066913","81067220","KN297219v1","2007419","2007720","43","79059494"
"chr7","81165038","81165402","KN296883v1","1146841","1147163","90","80018197"
"chr7","81191415","81191708","KN295382v1","148115","148414","41","81043300"
"chr7","81257512","81257740","KN295930v1","22710","22939","33","81234802"
"chr7","81370315","81370633","KN294996v1","202252","202564","42","81168063"
"chr7","81456239","81456555","KN296859v1","895216","895514","50","80561023"
"chr7","81466578","81466886","KN296411v1","52820","53130","36","81413758"
"chr7","81483495","81483814","KN294407v1","289512","289824","52","81193983"
"chr7","81544819","81545083","KN294444v1","3297","3556","42","81541522"
"chr7","81649414","81649762","KN296308v1","871499","871827","77","80777915"
"chr7","82042067","82042346","KN295368v1","2146364","2146648","35","79895703"
"chr7","82075246","82075530","KN296877v1","26142","26424","39","82049104"
"chr7","82230623","82230921","KN296187v1","471768","472059","37","81758855"
"chr7","82296684","82296934","KN294325v1","54256","54509","50","82242428"
"chr7","82319589","82319852","KN294257v1","1856589","1856852","43","80463000"
"chr7","82319858","82319912","KN294271v1","1082290","1082343","7","81237568"
"chr7","82506866","82507164","KN294416v1","208870","209165","31","82297996"
"chr7","82540644","82540936","KN296625v1","380197","380487","29","82160447"
"chr7","82577238","82577547","KN296934v1","897698","898003","43","81679540"
"chr7","82651955","82652249","KN295907v1","1253096","1253393","38","81398859"
"chr7","82689133","82689425","KN296072v1","178373","178661","40","82510760"
"chr7","82763228","82763544","KN296682v1","2502291","2502602","39","80260937"
"chr7","82769815","82770113","KN294346v1","271830","272127","41","82497985"
"chr7","82812376","82812673","KN294444v1","57733","58029","40","82754643"
"chr7","82827459","82827765","KN296588v1","1228829","1229131","32","81598630"
"chr7","82918641","82918937","KN295697v1","189742","190043","38","82728899"
"chr7","82976026","82976329","KN296375v1","95221","95522","66","82880805"
"chr7","83037596","83037893","KN295967v1","725729","726020","37","82311867"
"chr7","83113805","83114110","KN296508v1","321439","321740","42","82792366"
"chr7","83116950","83117256","KN296916v1","303037","303339","41","82813913"
"chr7","83211725","83211890","KN295572v1","471273","471436","20","82740452"
"chr7","83225699","83225991","KN296187v1","471768","472059","35","82753931"
"chr7","83232370","83232700","KN295601v1","761243","761570","40","82471127"
"chr7","83240151","83240455","KN296821v1","887980","888281","40","82352171"
"chr7","83446727","83446973","KN295987v1","1570055","1570304","39","81876672"
"chr7","83482282","83482564","KN295423v1","186677","186961","37","83295605"
"chr7","83555276","83555557","KN296305v1","766977","767253","55","82788299"
"chr7","83649413","83649709","KN296424v1","617439","617738","40","83031974"
"chr7","83651865","83652170","KN295708v1","2588553","2588854","44","81063312"
"chr7","83753752","83754059","KN295114v1","20941","21251","43","83732811"
"chr7","83852423","83852701","KN295936v1","30401","30674","40","83822022"
"chr7","83896933","83897129","KN295977v1","550352","550536","48","83346581"
"chr7","83949259","83949568","KN294387v1","2599087","2599393","40","81350172"
"chr7","83960466","83960751","KN295302v1","134724","135005","40","83825742"
"chr7","84004656","84004962","KN295869v1","555945","556250","44","83448711"
"chr7","84015071","84015365","KN296665v1","187243","187542","49","83827828"
"chr7","84119079","84119383","KN296430v1","444033","444342","39","83675046"
"chr7","84222750","84223052","KN296732v1","2013890","2014190","43","82208860"
"chr7","84252716","84253030","KN296430v1","444033","444342","39","83808683"
"chr7","84268612","84268909","KN295883v1","334055","334349","34","83934557"
"chr7","84477735","84478033","KN294837v1","303054","303351","49","84174681"
"chr7","84581686","84581964","KN297190v1","6122653","6122942","40","78459033"
"chr7","84638432","84638731","KN296119v1","3368813","3369111","33","81269619"
"chr7","84666380","84666691","KN295644v1","30727","31041","39","84635653"
"chr7","84666867","84667157","KN295633v1","2045524","2045817","38","82621343"
"chr7","84691219","84691547","KN294205v1","1229273","1229588","56","83461946"
"chr7","84717307","84717611","KN296119v1","2884341","2884644","45","81832966"
"chr7","84721018","84721299","KN295375v1","185329","185609","37","84535689"
"chr7","84768084","84768391","KN295667v1","1091339","1091651","42","83676745"
"chr7","84803245","84803547","KN294208v1","853291","853593","36","83949954"
"chr7","84806062","84806374","KN296158v1","936132","936444","40","83869930"
"chr7","84815137","84815447","KN296934v1","897698","898003","40","83917439"
"chr7","84846821","84847118","KN296859v1","895216","895514","36","83951605"
"chr7","84970391","84970699","KN295090v1","755361","755671","32","84215030"
"chr7","85180472","85180773","KN294883v1","425999","426296","45","84754473"
"chr7","85351734","85352011","KN297415v1","835870","836150","57","84515864"
"chr7","85543328","85543621","KN294172v1","5770836","5771132","42","79772492"
"chr7","85786981","85787236","KN295294v1","1765418","1765674","40","84021563"
"chr7","85917712","85918014","KN295705v1","1369810","1370111","32","84547902"
"chr7","85947478","85947647","KN294747v1","631115","631284","25","85316363"
"chr7","85989296","85989594","KN297148v1","86204","86509","48","85903092"
"chr7","86422590","86422898","KN297148v1","586659","586962","40","85835931"
"chr7","87074701","87074980","KN294172v1","2999478","2999758","38","84075223"
"chr7","87243407","87243708","KN294172v1","5770836","5771132","40","81472571"
"chr7","87243721","87244011","KN295825v1","1953498","1953787","37","85290223"
"chr7","87267701","87267990","KN295721v1","197604","197890","36","87070097"
"chr7","87316084","87316385","KN296381v1","74782","75080","34","87241302"
"chr7","87339190","87339475","KN296634v1","400726","401027","31","86938464"
"chr7","87356580","87356880","KN296634v1","417642","417935","37","86938938"
"chr7","87392947","87393252","KN296634v1","459070","459380","32","86933877"
"chr7","87676746","87677049","KN297219v1","1668367","1668670","35","86008379"
"chr7","87797629","87797926","KN294911v1","3820095","3820391","38","83977534"
"chr7","88202757","88203061","KN294717v1","373979","374286","36","87828778"
"chr7","88443672","88443976","KN295294v1","3132769","3133075","37","85310903"
"chr7","88484323","88484621","KN296311v1","796791","797087","38","87687532"
"chr7","88571387","88571678","KN296634v1","1638608","1638899","34","86932779"
"chr7","88602348","88602696","KN296934v1","958383","958712","61","87643965"
"chr7","88764628","88764932","KN295236v1","3424373","3424682","43","85340255"
"chr7","88786433","88786744","KN295114v1","20941","21251","36","88765492"
"chr7","88800325","88800630","KN295550v1","1007565","1007867","34","87792760"
"chr7","88955877","88956152","KN295883v1","126524","126801","45","88829353"
"chr7","89333842","89334139","KN297133v1","419676","419981","35","88914166"
"chr7","89422975","89423267","KN295744v1","643156","643450","36","88779819"
"chr7","89695359","89695587","KN297190v1","2438204","2438428","51","87257155"
"chr7","89734376","89734684","KN296900v1","476899","477205","36","89257477"
"chr7","89897676","89897985","KN296317v1","72","378","45","89897604"
"chr7","89900153","89900433","KN294524v1","24394","24676","46","89875759"
"chr7","89947392","89947684","KN294199v1","1525122","1525406","44","88422270"
"chr7","90335598","90335902","KN295983v1","1536250","1536551","40","88799348"
"chr7","90369891","90370190","KN296404v1","106219","106515","39","90263672"
"chr7","90635208","90635508","KN297023v1","9882","10188","39","90625326"
"chr7","90676705","90677013","KN294842v1","1265659","1265968","47","89411046"
"chr7","90840439","90840609","KN297133v1","1448856","1449025","28","89391583"
"chr7","90856896","90857197","KN296153v1","3677943","3678242","35","87178953"
"chr7","90979521","90979813","KN295225v1","852978","853269","37","90126543"
"chr7","91064964","91065285","KN295077v1","569011","569329","50","90495953"
"chr7","91153578","91153868","KN295995v1","1426233","1426527","31","89727345"
"chr7","91338212","91338519","KN294824v1","203242","203547","37","91134970"
"chr7","91637298","91637605","KN294824v1","203242","203547","39","91434056"
"chr7","92090951","92091124","KN294419v1","42675","42858","31","92048276"
"chr7","92091980","92092102","KN295607v1","3693437","3693554","21","88398543"
"chr7","92363448","92363739","KN295923v1","488045","488337","37","91875403"
"chr7","92430145","92430506","KN295984v1","1564317","1564662","83","90865828"
"chr7","92450450","92450750","KN296580v1","3502","3804","35","92446948"
"chr7","92475400","92475710","KN296435v1","2592854","2593163","42","89882546"
"chr7","92513909","92514218","KN297019v1","1233639","1233939","43","91280270"
"chr7","92620617","92620915","KN296153v1","3677943","3678242","32","88942674"
"chr7","92667284","92667585","KN294662v1","79885","80185","31","92587399"
"chr7","92677992","92678287","KN296244v1","86518","86815","37","92591474"
"chr7","92691889","92692194","KN296934v1","897698","898003","31","91794191"
"chr7","92701936","92702246","KN294433v1","482950","483258","41","92218986"
"chr7","92720597","92720910","KN295294v1","842343","842650","36","91878254"
"chr7","92888312","92888615","KN294662v1","79885","80185","16","92808427"
"chr7","92900601","92900903","KN296153v1","3677943","3678242","36","89222658"
"chr7","92935532","92935839","KN294662v1","116957","117269","32","92818575"
"chr7","92951522","92951827","KN294662v1","132660","132957","22","92818862"
"chr7","92953140","92953452","KN295059v1","336835","337145","27","92616305"
"chr7","92991784","92992084","KN294685v1","1392219","1392515","30","91599565"
"chr7","92993487","92993780","KN294662v1","79885","80185","41","92913602"
"chr7","93042891","93043199","KN296263v1","858266","858569","39","92184625"
"chr7","93048173","93048476","KN294662v1","233489","233793","13","92814684"
"chr7","93056619","93056922","KN294387v1","2599087","2599393","30","90457532"
"chr7","93070169","93070471","KN294662v1","268123","268414","31","92802046"
"chr7","93095575","93095868","KN294662v1","292155","292442","25","92803420"
"chr7","93270301","93270538","KN294662v1","474136","474364","29","92796165"
"chr7","93391091","93391397","KN295350v1","243779","244085","31","93147312"
"chr7","93461512","93461803","KN296063v1","1064190","1064488","47","92397322"
"chr7","94086420","94086722","KN295236v1","5645831","5646138","34","88440589"
"chr7","94100666","94100948","KN296496v1","355776","356054","31","93744890"
"chr7","94135341","94135641","KN295315v1","360280","360581","29","93775061"
"chr7","94277316","94277627","KN297153v1","1366929","1367240","37","92910387"
"chr7","94426004","94426280","KN296435v1","2285781","2286059","43","92140223"
"chr7","94445610","94445940","KN294365v1","1401774","1402095","52","93043836"
"chr7","94531993","94532303","KN296934v1","897698","898003","37","93634295"
"chr7","94548020","94548329","KN295382v1","230497","230807","39","94317523"
"chr7","94743383","94743668","KN295940v1","414268","414553","38","94329115"
"chr7","95016292","95016593","KN294260v1","1839383","1839676","39","93176909"
"chr7","95022438","95022758","KN297046v1","2404296","2404613","56","92618142"
"chr7","95025257","95025551","KN294536v1","1607732","1608024","34","93417525"
"chr7","95089827","95090042","KN294181v1","770602","770810","36","94319225"
"chr7","95126518","95126819","KN297276v1","182647","182946","31","94943871"
"chr7","95151083","95151395","KN296865v1","403115","403422","35","94747968"
"chr7","95165531","95165832","KN295257v1","443937","444244","40","94721594"
"chr7","95176810","95177124","KN295114v1","20941","21251","42","95155869"
"chr7","95300244","95300469","KN296625v1","528861","529098","42","94771383"
"chr7","95310080","95310390","KN296244v1","295087","295395","36","95014993"
"chr7","95390811","95391106","KN296153v1","2309746","2310040","40","93081065"
"chr7","95419476","95419782","KN296357v1","706115","706421","30","94713361"
"chr7","95430191","95430488","KN297442v1","2397720","2398019","37","93032471"
"chr7","95531466","95531769","KN295257v1","622473","622770","36","94908993"
"chr7","95585552","95585844","KN296062v1","2106200","2106493","38","93479352"
"chr7","95849700","95849912","KN294842v1","1530256","1530465","29","94319444"
"chr7","96072488","96072779","KN297046v1","934484","934777","50","95138004"
"chr7","96089417","96089692","KN294570v1","202062","202336","49","95887355"
"chr7","96117391","96117702","KN296263v1","684495","684804","42","95432896"
"chr7","96166357","96166597","KN296145v1","3346783","3347016","48","92819574"
"chr7","96186552","96186871","KN295176v1","34358","34673","48","96152194"
"chr7","96490034","96490334","KN295350v1","405055","405352","38","96084979"
"chr7","96614241","96614532","KN295354v1","917","1209","43","96613324"
"chr7","96636036","96636348","KN296290v1","2922783","2923096","35","93713253"
"chr7","96642756","96643045","KN295352v1","487966","488265","39","96154790"
"chr7","96709291","96709586","KN294470v1","3311275","3311580","50","93398016"
"chr7","96756863","96757167","KN294387v1","2599087","2599393","34","94157776"
"chr7","96771858","96772161","KN296062v1","2035715","2036023","31","94736143"
"chr7","96810090","96810393","KN295893v1","7197820","7198121","40","89612270"
"chr7","96823975","96824273","KN296934v1","897698","898003","43","95926277"
"chr7","96827341","96827641","KN295708v1","1331487","1331787","37","95495854"
"chr7","96994268","96994569","KN295573v1","2002964","2003262","36","94991304"
"chr7","97287430","97287737","KN296934v1","897698","898003","37","96389732"
"chr7","97330091","97330377","KN297404v1","243890","244177","31","97086201"
"chr7","97590072","97590381","KN294499v1","1948987","1949299","50","95641085"
"chr7","97871484","97871779","KN294917v1","407238","407538","33","97464246"
"chr7","97989431","97989730","KN296812v1","137036","137342","31","97852395"
"chr7","98005524","98005833","KN296153v1","2057313","2057618","54","95948211"
"chr7","98022593","98022899","KN296281v1","60300","60607","37","97962293"
"chr7","98100145","98100444","KN296812v1","223770","224075","27","97876375"
"chr7","98249315","98249628","KN294842v1","1546094","1546403","39","96703221"
"chr7","98269662","98269951","KN296153v1","91872","92161","31","98177790"
"chr7","98345290","98345570","KN296536v1","693184","693472","48","97652106"
"chr7","98423869","98424160","KN295553v1","286242","286533","46","98137627"
"chr7","98455596","98455899","KN295561v1","256425","256726","38","98199171"
"chr7","98523577","98523880","KN295983v1","1536250","1536551","40","96987327"
"chr7","98534920","98535212","KN296311v1","1084450","1084738","41","97450470"
"chr7","98546540","98546830","KN294662v1","268123","268414","36","98278417"
"chr7","98551631","98551928","KN295996v1","997185","997479","31","97554446"
"chr7","98591140","98591451","KN296430v1","444033","444342","37","98147107"
"chr7","98642062","98642369","KN297452v1","2293568","2293874","33","96348494"
"chr7","98760276","98760574","KN296225v1","476174","476470","36","98284102"
"chr7","98761237","98761544","KN296820v1","1042537","1042841","39","97718700"
"chr7","98793572","98793877","KN294416v1","208870","209165","45","98584702"
"chr7","98803691","98803990","KN297133v1","419676","419981","37","98384015"
"chr7","98810262","98810568","KN297133v1","419676","419981","30","98390586"
"chr7","98851568","98851852","KN294630v1","451712","451996","19","98399856"
"chr7","98869094","98869399","KN295047v1","44235","44544","36","98824859"
"chr7","98873177","98873477","KN296588v1","1003194","1003490","34","97869983"
"chr7","98886383","98886681","KN294662v1","79885","80185","28","98806498"
"chr7","98925926","98926232","KN296934v1","897698","898003","29","98028228"
"chr7","98934123","98934422","KN294630v1","368265","368585","52","98565858"
"chr7","98944012","98944313","KN295980v1","1063003","1063299","43","97881009"
"chr7","98944673","98944983","KN294630v1","358253","358560","26","98586420"
"chr7","98976105","98976192","KN295983v1","1889572","1889663","16","97086533"
"chr7","98976325","98976531","KN294739v1","1093016","1093221","40","97883309"
"chr7","98982570","98982875","KN294571v1","2791374","2791676","32","96191196"
"chr7","99014608","99014919","KN294630v1","281596","281900","42","98733012"
"chr7","99016587","99016877","KN294630v1","279641","279930","22","98736946"
"chr7","99021102","99021397","KN294630v1","275132","275423","31","98745970"
"chr7","99033344","99033651","KN297317v1","20735","21043","40","99012609"
"chr7","99034215","99034526","KN296075v1","565878","566186","39","98468337"
"chr7","99090031","99090344","KN295667v1","1687893","1688204","32","97402138"
"chr7","99098039","99098316","KN294588v1","536939","537199","57","98561100"
"chr7","99131137","99131442","KN296357v1","356792","357093","49","98774345"
"chr7","99193748","99194028","KN295142v1","549262","549543","33","98644486"
"chr7","99195847","99196153","KN294387v1","2599087","2599393","40","96596760"
"chr7","99222042","99222338","KN296394v1","285196","285495","47","98936846"
"chr7","99223060","99223366","KN296934v1","897698","898003","35","98325362"
"chr7","99232230","99232534","KN294717v1","311839","312142","38","98920391"
"chr7","99285198","99285512","KN295045v1","469620","469933","43","98815578"
"chr7","99297541","99297841","KN295350v1","405055","405352","37","98892486"
"chr7","99303907","99304205","KN297046v1","2791168","2791468","33","96512739"
"chr7","99309833","99310117","KN297279v1","824022","824307","36","98485811"
"chr7","99321676","99321946","KN295841v1","319403","319666","48","99002273"
"chr7","99353999","99354307","KN296019v1","434249","434555","38","98919750"
"chr7","99421762","99422072","KN297038v1","2343556","2343866","45","97078206"
"chr7","99427049","99427218","KN296244v1","1009119","1009288","20","98417930"
"chr7","99454626","99454918","KN295692v1","3669223","3669509","42","95785403"
"chr7","99462664","99462953","KN295825v1","1953498","1953787","46","97509166"
"chr7","99550758","99551066","KN294717v1","373979","374286","33","99176779"
"chr7","99560138","99560436","KN294995v1","46342","46636","36","99513796"
"chr7","99590870","99591158","KN295820v1","372417","372708","35","99218453"
"chr7","99599182","99599494","KN296466v1","114141","114451","41","99485041"
"chr7","99625698","99626011","KN295114v1","20941","21251","31","99604757"
"chr7","99687964","99688257","KN295057v1","379008","379299","34","99308956"
"chr7","99697020","99697315","KN294911v1","3820095","3820391","41","95876925"
"chr7","99713586","99713895","KN295241v1","7354","7661","35","99706232"
"chr7","99739451","99739549","KN295171v1","431387","431483","17","99308064"
"chr7","99763540","99763845","KN295825v1","2280537","2280840","48","97483003"
"chr7","99780835","99781144","KN294539v1","761382","761684","41","99019453"
"chr7","99794873","99795168","KN294662v1","79885","80185","36","99714988"
"chr7","99818013","99818311","KN295090v1","1657716","1658013","32","98160297"
"chr7","99832718","99833024","KN294387v1","2599087","2599393","28","97233631"
"chr7","99837155","99837433","KN297197v1","3985014","3985309","47","95852141"
"chr7","99845404","99845726","KN295459v1","899400","899723","41","98946004"
"chr7","99859517","99859835","KN294172v1","4761492","4761794","43","95098025"
"chr7","99888713","99889023","KN294444v1","165242","165552","34","99723471"
"chr7","99898178","99898463","KN296484v1","859889","860179","34","99038289"
"chr7","99985844","99986152","KN295059v1","336835","337145","39","99649009"
"chr7","99989084","99989379","KN294739v1","616485","616779","33","99372599"
"chr7","99992170","99992441","KN295241v1","96893","97164","39","99895277"
"chr7","100008476","100008785","KN297231v1","203972","204274","41","99804504"
"chr7","100009967","100010271","KN296244v1","86518","86815","42","99923449"
"chr7","100019818","100020118","KN295995v1","1982332","1982629","34","98037486"
"chr7","100022383","100022680","KN296731v1","895171","895465","42","99127212"
"chr7","100027648","100027957","KN294456v1","876419","876725","40","99151229"
"chr7","100059602","100059907","KN294873v1","1327978","1328280","37","98731624"
"chr7","100149387","100149685","KN294556v1","56902","57199","30","100092485"
"chr7","100186135","100186418","KN297229v1","921644","921926","36","99264491"
"chr7","100440255","100440562","KN295114v1","20941","21251","43","100419314"
"chr7","100451350","100451645","KN295893v1","1560574","1560870","38","98890776"
"chr7","100458661","100458947","KN295936v1","1122342","1122630","36","99336319"
"chr7","100496252","100496553","KN295315v1","360280","360581","38","100135972"
"chr7","100533272","100533556","KN297008v1","1975388","1975682","38","98557884"
"chr7","100548672","100548987","KN294842v1","705059","705382","52","99843613"
"chr7","100578480","100578787","KN294556v1","165992","166297","42","100412488"
"chr7","100599703","100600006","KN295350v1","243779","244085","34","100355924"
"chr7","100610351","100610653","KN295236v1","1764741","1765042","32","98845610"
"chr7","100611195","100611493","KN295550v1","1007565","1007867","39","99603630"
"chr7","100611497","100611803","KN295607v1","4479027","4479333","44","96132470"
"chr7","100620638","100620929","KN297408v1","636019","636320","44","99984619"
"chr7","100633470","100633775","KN297133v1","419676","419981","36","100213794"
"chr7","100688343","100688650","KN297159v1","1901772","1902072","39","98786571"
"chr7","100778649","100778945","KN296153v1","3677943","3678242","33","97100706"
"chr7","100791888","100792142","KN295533v1","1469430","1469675","41","99322458"
"chr7","100894685","100894980","KN295112v1","343212","343513","36","100551473"
"chr7","100905176","100905473","KN295962v1","2528086","2528384","25","98377090"
"chr7","100923145","100923437","KN296883v1","3763570","3763866","49","97159575"
"chr7","100925117","100925416","KN295983v1","1536250","1536551","40","99388867"
"chr7","100938346","100938648","KN296225v1","870453","870753","26","100067893"
"chr7","100940100","100940389","KN294879v1","351077","351369","38","100589023"
"chr7","100946233","100946504","KN297445v1","1071685","1071957","43","99874548"
"chr7","100949831","100950124","KN296404v1","106219","106515","34","100843612"
"chr7","100998900","100999206","KN296731v1","1681432","1681735","35","99317468"
"chr7","100999211","100999486","KN296731v1","693120","693417","51","100306091"
"chr7","101009850","101010153","KN295375v1","132628","132930","37","100877222"
"chr7","101037243","101037544","KN296357v1","706115","706421","28","100331128"
"chr7","101078360","101078652","KN295717v1","337738","338035","50","100740622"
"chr7","101083476","101083764","KN296311v1","3017635","3017925","51","98065841"
"chr7","101134622","101134911","KN294758v1","1099783","1100077","46","100034839"
"chr7","101140350","101140642","KN294536v1","1607732","1608024","27","99532618"
"chr7","101142057","101142343","KN295721v1","197604","197890","28","100944453"
"chr7","101145044","101145342","KN294917v1","618557","618860","33","100526487"
"chr7","101169213","101169519","KN297133v1","419676","419981","36","100749537"
"chr7","101172405","101172706","KN295441v1","1325999","1326299","43","99846406"
"chr7","101203244","101203537","KN296649v1","177673","177964","36","101025571"
"chr7","101247942","101248037","KN296551v1","319375","319463","25","100928567"
"chr7","101260506","101260799","KN296322v1","193159","193450","47","101067347"
"chr7","101262473","101262766","KN296158v1","236064","236362","29","101026409"
"chr7","101272272","101272572","KN294373v1","1072222","1072520","40","100200050"
"chr7","101277598","101277887","KN296365v1","677615","677910","51","100599983"
"chr7","101278935","101279224","KN295257v1","1087444","1087739","46","100191491"
"chr7","101313501","101313796","KN295744v1","643156","643450","29","100670345"
"chr7","101336590","101336900","KN295045v1","441758","442064","38","100894832"
"chr7","101341046","101341326","KN296079v1","545724","546008","44","100795322"
"chr7","101342914","101343219","KN295267v1","829149","829460","38","100513765"
"chr7","101346669","101346969","KN294208v1","853291","853593","35","100493378"
"chr7","101349727","101350029","KN295112v1","343212","343513","46","101006515"
"chr7","101384121","101384390","KN294172v1","6656193","6656471","46","94727928"
"chr7","101386045","101386322","KN295907v1","1195102","1195376","48","100190943"
"chr7","101389590","101389885","KN294416v1","208870","209165","33","101180720"
"chr7","101390216","101390514","KN296153v1","3677943","3678242","28","97712273"
"chr7","101393306","101393615","KN296508v1","954335","954642","43","100438971"
"chr7","101399907","101400198","KN297026v1","228587","228878","29","101171320"
"chr7","101460940","101461249","KN296588v1","1228829","1229131","36","100232111"
"chr7","101511888","101512199","KN294717v1","373979","374286","31","101137909"
"chr7","101518282","101518588","KN294470v1","2793388","2793686","35","98724894"
"chr7","101653001","101653297","KN295045v1","330502","330797","34","101322499"
"chr7","101659081","101659345","KN297452v1","1345867","1346126","33","100313214"
"chr7","101667091","101667390","KN294513v1","735571","735866","41","100931520"
"chr7","101677520","101677822","KN294407v1","676694","676996","41","101000826"
"chr7","101681056","101681352","KN294416v1","208870","209165","39","101472186"
"chr7","101705856","101706150","KN294229v1","72819","73113","36","101633037"
"chr7","101737475","101737580","KN296322v1","882795","882905","16","100854680"
"chr7","101813186","101813480","KN296404v1","106219","106515","38","101706967"
"chr7","101823503","101823787","KN296846v1","33346","33622","48","101790157"
"chr7","101849609","101849866","KN295962v1","2062001","2062260","40","99787608"
"chr7","101859371","101859681","KN296042v1","627408","627715","38","101231963"
"chr7","101873381","101873700","KN295988v1","500728","501042","46","101372653"
"chr7","101874355","101874512","KN295607v1","4036401","4036544","39","97837954"
"chr7","101877864","101878173","KN296580v1","1062909","1063188","82","100814955"
"chr7","101901369","101901634","KN294717v1","99149","99406","50","101802220"
"chr7","101910232","101910519","KN296635v1","1899500","1899796","46","100010732"
"chr7","101910847","101911146","KN296157v1","1416966","1417267","28","100493881"
"chr7","101921179","101921481","KN294561v1","810685","810981","36","101110494"
"chr7","101924048","101924343","KN296201v1","1847990","1848280","39","100076058"
"chr7","101928308","101928608","KN295550v1","1007565","1007867","38","100920743"
"chr7","101934002","101934331","KN296004v1","317907","318231","46","101616095"
"chr7","101993786","101994079","KN296649v1","177673","177964","36","101816113"
"chr7","102018732","102019041","KN294172v1","835311","835619","43","101183421"
"chr7","102027519","102027820","KN294873v1","1152998","1153302","34","100874521"
"chr7","102037502","102037795","KN296775v1","563177","563486","43","101474325"
"chr7","102066605","102066896","KN295236v1","756917","757208","40","101309688"
"chr7","102102035","102102333","KN295090v1","2263667","2263965","37","99838368"
"chr7","102109912","102110155","KN295308v1","1171424","1171662","51","100938488"
"chr7","102128124","102128424","KN296731v1","1681432","1681735","33","100446692"
"chr7","102134286","102134576","KN294619v1","971350","971648","41","101162936"
"chr7","102145268","102145565","KN296404v1","106219","106515","32","102039049"
"chr7","102157638","102157942","KN296732v1","2013890","2014190","32","100143748"
"chr7","102244681","102244967","KN295820v1","372417","372708","36","101872264"
"chr7","102253758","102254044","KN295039v1","323671","323967","43","101930087"
"chr7","102265266","102265569","KN297452v1","2293568","2293874","36","99971698"
"chr7","102266025","102266334","KN294187v1","377594","377903","37","101888431"
"chr7","102272891","102273190","KN296759v1","638542","638840","41","101634349"
"chr7","102281480","102281777","KN297050v1","118941","119241","41","102162539"
"chr7","102285870","102286181","KN295523v1","1302867","1303174","40","100983003"
"chr7","102288088","102288387","KN294399v1","151738","152035","33","102136350"
"chr7","102315363","102315668","KN296357v1","706115","706421","36","101609248"
"chr7","102343197","102343502","KN294456v1","876419","876725","37","101466778"
"chr7","102364405","102364708","KN296381v1","91265","91569","41","102273140"
"chr7","102381486","102381801","KN295157v1","21286","21595","41","102360200"
"chr7","102387987","102388279","KN297227v1","1018475","1018768","39","101369512"
"chr7","102402718","102403021","KN297165v1","1902812","1903121","44","100499906"
"chr7","102445245","102445541","KN295995v1","1982332","1982629","42","100462913"
"chr7","102446483","102446783","KN295977v1","504936","505238","42","101941547"
"chr7","102459378","102459679","KN296145v1","339985","340281","36","102119393"
"chr7","102490276","102490548","KN296096v1","3187219","3187506","43","99303057"
"chr7","102536176","102536474","KN294569v1","786863","787162","40","101749313"
"chr7","102606282","102606579","KN296495v1","2056834","2057132","34","100549448"
"chr7","102618226","102618425","KN297225v1","522515","522720","44","102095711"
"chr7","102627024","102627324","KN295871v1","946329","946631","31","101680695"
"chr7","102636418","102636720","KN294172v1","6657386","6657682","37","95979032"
"chr7","102663001","102663292","KN295470v1","22985","23278","42","102640016"
"chr7","102711955","102712257","KN294365v1","795012","795312","30","101916943"
"chr7","102732122","102732190","KN295236v1","4077269","4077336","11","98654853"
"chr7","102743784","102744076","KN296430v1","330331","330626","43","102413453"
"chr7","102757918","102758227","KN297095v1","1721548","1721855","36","101036370"
"chr7","102767971","102768279","KN294446v1","283411","283721","43","102484560"
"chr7","102785452","102785769","KN295988v1","954829","955141","47","101830623"
"chr7","102786433","102786724","KN294456v1","669764","670055","44","102116669"
"chr7","102817899","102818200","KN296145v1","3434479","3434782","38","99383420"
"chr7","102876189","102876505","KN296381v1","116807","117137","42","102759382"
"chr7","102884100","102884415","KN295205v1","1067685","1067992","45","101816415"
"chr7","102923445","102923753","KN295034v1","63947","64249","40","102859498"
"chr7","102934834","102935083","KN295844v1","58272","58523","43","102876562"
"chr7","102941397","102941633","KN295102v1","179160","179397","36","102762237"
"chr7","102943094","102943380","KN296225v1","121130","121425","38","102821964"
"chr7","102949454","102949738","KN294850v1","125890","126180","46","102823564"
"chr7","102951207","102951506","KN296225v1","870453","870753","31","102080754"
"chr7","102965703","102965986","KN294292v1","223216","223503","42","102742487"
"chr7","102967681","102967991","KN297322v1","1153290","1153598","44","101814391"
"chr7","102989920","102990170","KN295844v1","58272","58523","42","102931648"
"chr7","102993153","102993443","KN295350v1","259303","259590","29","102733850"
"chr7","103000001","103000135","KN296312v1","462734","462860","18","102537267"
"chr7","103009951","103010252","KN294662v1","79885","80185","30","102930066"
"chr7","103017389","103017690","KN296153v1","3677943","3678242","33","99339446"
"chr7","103038854","103039089","KN294456v1","859347","859587","50","102179507"
"chr7","103057481","103057653","KN296119v1","2551319","2551498","21","100506162"
"chr7","103079514","103079812","KN295091v1","2718623","2718916","42","100360891"
"chr7","103106994","103107272","KN294239v1","334831","335118","44","102772163"
"chr7","103127955","103128282","KN297023v1","426290","426610","46","102701665"
"chr7","103158207","103158495","KN295368v1","2146364","2146648","40","101011843"
"chr7","103175056","103175355","KN296225v1","870453","870753","35","102304603"
"chr7","103178077","103178378","KN295854v1","1466288","1466586","38","101711789"
"chr7","103281067","103281372","KN295526v1","245889","246193","38","103035178"
"chr7","104202426","104202731","KN295623v1","351700","351997","29","103850726"
"chr7","104217602","104217895","KN294457v1","199272","199561","39","104018330"
"chr7","104270149","104270453","KN295977v1","249013","249314","27","104021136"
"chr7","104277579","104277878","KN294421v1","22671","22970","45","104254908"
"chr7","104321887","104322180","KN296153v1","91872","92161","44","104230015"
"chr7","104337592","104337886","KN295057v1","379008","379299","32","103958584"
"chr7","104387299","104387603","KN294172v1","5770836","5771132","46","98616463"
"chr7","104413668","104413965","KN296732v1","2013890","2014190","32","102399778"
"chr7","104499607","104499911","KN295034v1","63947","64249","27","104435660"
"chr7","104501515","104501693","KN295236v1","2825175","2825349","28","101676340"
"chr7","104502392","104502705","KN295059v1","336835","337145","32","104165557"
"chr7","104528135","104528440","KN297133v1","17503","17804","31","104510632"
"chr7","104531847","104532136","KN297343v1","703783","704073","34","103828064"
"chr7","104713555","104713864","KN296934v1","897698","898003","32","103815857"
"chr7","104792140","104792444","KN294229v1","97510","97813","33","104694630"
"chr7","104819875","104820171","KN295474v1","973205","973501","33","103846670"
"chr7","104824867","104825172","KN297276v1","182647","182946","35","104642220"
"chr7","104833313","104833605","KN296133v1","239214","239508","36","104594099"
"chr7","104839965","104840258","KN294407v1","2733858","2734151","33","102106107"
"chr7","104851308","104851607","KN295523v1","985733","986032","37","103865575"
"chr7","104859687","104859991","KN295114v1","20941","21251","38","104838746"
"chr7","104900377","104900672","KN297230v1","1127269","1127564","28","103773108"
"chr7","104914301","104914596","KN296037v1","51039","51340","43","104863262"
"chr7","104919539","104919839","KN296062v1","1549748","1550043","35","103369791"
"chr7","104926623","104926922","KN294260v1","621951","622250","37","104304672"
"chr7","105018193","105018480","KN294170v1","50010","50300","39","104968183"
"chr7","105131604","105131890","KN295767v1","50392","50678","23","105081212"
"chr7","105305197","105305525","KN295114v1","20941","21251","55","105284256"
"chr7","105372915","105373123","KN294499v1","119795","120008","20","105253120"
"chr7","105441432","105441737","KN294499v1","188063","188363","32","105253369"
"chr7","105568635","105568933","KN297159v1","1901772","1902072","38","103666863"
"chr7","105683375","105683663","KN296096v1","3183138","3183434","33","102500237"
"chr7","105784368","105784715","KN294499v1","509328","509643","56","105275040"
"chr7","105796343","105796654","KN294499v1","521246","521549","32","105275097"
"chr7","105836874","105837174","KN294499v1","562811","563122","37","105274063"
"chr7","105897453","105897721","KN296343v1","422792","423066","44","105474661"
"chr7","105905027","105905329","KN294499v1","638367","638659","29","105266660"
"chr7","105927114","105927428","KN294499v1","659315","659626","33","105267799"
"chr7","106013398","106013696","KN294499v1","753265","753568","27","105260133"
"chr7","106282965","106283262","KN294499v1","1022953","1023254","25","105260012"
"chr7","106416092","106416402","KN295294v1","842343","842650","30","105573749"
"chr7","106444022","106444331","KN294499v1","1188346","1188643","42","105255676"
"chr7","106513975","106514181","KN294499v1","1260579","1260774","24","105253396"
"chr7","106521811","106522091","KN294499v1","1268632","1268913","25","105253179"
"chr7","106524911","106524960","KN295243v1","549958","550000","8","105974953"
"chr7","106524965","106525168","KN294739v1","1093016","1093221","43","105431949"
"chr7","106538932","106539239","KN296485v1","429084","429391","37","106109848"
"chr7","106543814","106544093","KN294991v1","1510448","1510728","39","105033366"
"chr7","106568270","106568568","KN294499v1","1317228","1317531","38","105251042"
"chr7","106582609","106582907","KN295722v1","1562392","1562691","33","105020217"
"chr7","106645828","106646128","KN294499v1","1396942","1397227","39","105248886"
"chr7","106688242","106688542","KN294499v1","1444371","1444691","39","105243871"
"chr7","106741401","106741720","KN294499v1","1498962","1499268","41","105242439"
"chr7","106749488","106749795","KN294987v1","439387","439694","41","106310101"
"chr7","106761756","106762049","KN296747v1","35746","36041","29","106726010"
"chr7","106805512","106805822","KN295459v1","935252","935561","40","105870260"
"chr7","106810394","106810635","KN294499v1","1565577","1565814","21","105244817"
"chr7","106821301","106821598","KN295328v1","349896","350193","39","106471405"
"chr7","106838369","106838670","KN294365v1","795012","795312","36","106043357"
"chr7","106839472","106839751","KN294633v1","168403","168684","37","106671069"
"chr7","106846136","106846443","KN296244v1","86518","86815","44","106759618"
"chr7","106867317","106867607","KN294499v1","1620686","1620977","22","105246631"
"chr7","106880918","106881210","KN294499v1","1634979","1635273","29","105245939"
"chr7","106901921","106902220","KN294499v1","1654645","1654943","30","105247276"
"chr7","106913235","106913540","KN294499v1","1676730","1677037","28","105236505"
"chr7","106957976","106958283","KN296528v1","120134","120444","42","106837842"
"chr7","106967407","106967707","KN294499v1","1728777","1729072","39","105238630"
"chr7","106991290","106991587","KN294499v1","1756285","1756583","36","105235005"
"chr7","107012122","107012428","KN294499v1","1778145","1778442","37","105233977"
"chr7","107032639","107032940","KN297019v1","1233639","1233939","38","105799000"
"chr7","107033059","107033352","KN294499v1","1796863","1797157","32","105236196"
"chr7","107039306","107039623","KN295114v1","20941","21251","43","107018365"
"chr7","107044855","107045146","KN296311v1","7650126","7650419","30","99394729"
"chr7","107051564","107051868","KN294407v1","676694","676996","40","106374870"
"chr7","107053572","107053874","KN294662v1","79885","80185","39","106973687"
"chr7","107057136","107057437","KN295171v1","869545","869845","34","106187591"
"chr7","107070451","107070760","KN296137v1","1444","1748","45","107069007"
"chr7","107076560","107076832","KN294499v1","1842744","1843004","36","105233816"
"chr7","107079208","107079436","KN296513v1","296829","297055","37","106782379"
"chr7","107080426","107080500","KN297154v1","1253331","1253406","7","105827095"
"chr7","107083276","107083569","KN296062v1","1857630","1857925","39","105225646"
"chr7","107181063","107181366","KN294499v1","1948987","1949299","23","105232076"
"chr7","107189660","107189921","KN295923v1","2244613","2244856","48","104945047"
"chr7","107226123","107226416","KN297442v1","2409890","2410182","38","104816233"
"chr7","107346803","107347106","KN294499v1","2118446","2118755","21","105228357"
"chr7","107362015","107362324","KN295906v1","230171","230481","35","107131844"
"chr7","107489183","107489490","KN294539v1","761382","761684","34","106727801"
"chr7","107525474","107525775","KN294499v1","2294043","2294352","31","105231431"
"chr7","107563654","107563966","KN294499v1","2332177","2332479","29","105231477"
"chr7","107568759","107569082","KN294987v1","721569","721893","45","106847190"
"chr7","107579187","107579493","KN294499v1","2348258","2348561","31","105230929"
"chr7","107632502","107632813","KN295114v1","20941","21251","29","107611561"
"chr7","107633858","107634167","KN294400v1","42045","42357","40","107591813"
"chr7","107891767","107892028","KN295995v1","945650","945923","43","106946117"
"chr7","107928095","107928360","KN295832v1","26533","26808","41","107901562"
"chr7","108060416","108060728","KN295480v1","1447608","1447918","48","106612808"
"chr7","108072175","108072480","KN295114v1","20941","21251","39","108051234"
"chr7","108293234","108293530","KN296322v1","1982694","1982989","28","106310540"
"chr7","108339944","108340239","KN295633v1","1564358","1564658","36","106775586"
"chr7","108468232","108468326","KN295294v1","1379866","1379966","20","107088366"
"chr7","108492377","108492679","KN295102v1","9872","10171","40","108482505"
"chr7","108527190","108527505","KN295059v1","336835","337145","31","108190355"
"chr7","108626961","108627274","KN294439v1","261107","261420","49","108365854"
"chr7","108631278","108631574","KN295112v1","343212","343513","37","108288066"
"chr7","108712648","108712921","KN295601v1","2549094","2549367","34","106163554"
"chr7","108840774","108841082","KN295236v1","3424373","3424682","41","105416401"
"chr7","108856854","108857143","KN294630v1","64496","64788","42","108792358"
"chr7","108868942","108869252","KN295501v1","322042","322349","36","108546900"
"chr7","108908043","108908344","KN296004v1","29555","29853","31","108878488"
"chr7","109009658","109009961","KN294899v1","589552","589858","31","108420106"
"chr7","109018186","109018478","KN296225v1","121130","121425","38","108897056"
"chr7","109042897","109043199","KN296865v1","995225","995521","40","108047672"
"chr7","109071847","109072143","KN294578v1","593416","593711","42","108478431"
"chr7","109110863","109111172","KN295667v1","1091339","1091651","33","108019524"
"chr7","109177655","109177936","KN294243v1","5546","5829","32","109172109"
"chr7","109266533","109266843","KN295474v1","894334","894644","52","108372199"
"chr7","109351426","109351683","KN294233v1","693280","693548","55","108658146"
"chr7","109384986","109385290","KN296738v1","137767","138070","25","109247219"
"chr7","109470333","109470631","KN295977v1","249013","249314","34","109221320"
"chr7","109492871","109493078","KN294874v1","469378","469585","28","109023493"
"chr7","109501740","109502046","KN297133v1","419676","419981","27","109082064"
"chr7","109538288","109538579","KN294685v1","964908","965202","37","108573380"
"chr7","109545324","109545623","KN296145v1","339985","340281","36","109205339"
"chr7","109611797","109612106","KN294387v1","2599087","2599393","30","107012710"
"chr7","109662676","109662974","KN296311v1","3721408","3721707","32","105941268"
"chr7","109965380","109965684","KN294946v1","288111","288413","27","109677269"
"chr7","110050769","110051068","KN294987v1","745181","745475","41","109305588"
"chr7","110177977","110178279","KN294946v1","87766","88068","20","110090211"
"chr7","110267697","110267994","KN295090v1","1358538","1358830","46","108909159"
"chr7","110488441","110488755","KN295073v1","1150903","1151204","34","109337538"
"chr7","110690370","110690653","KN296635v1","4770618","4770901","41","105919752"
"chr7","110790889","110791176","KN295441v1","485205","485492","34","110305684"
"chr7","110836835","110837117","KN294728v1","863828","864110","40","109973007"
"chr7","110934871","110935128","KN295073v1","692254","692511","17","110242617"
"chr7","110941596","110941892","KN297095v1","3631291","3631592","48","107310305"
"chr7","111099322","111099550","KN295073v1","520644","520872","13","110578678"
"chr7","111144495","111144788","KN296635v1","2062385","2062678","40","109082110"
"chr7","111579699","111579989","KN295073v1","41646","41949","44","111538053"
"chr7","111644596","111644908","KN295701v1","728104","728414","36","110916492"
"chr7","111682873","111683178","KN296959v1","76119","76425","44","111606754"
"chr7","111754422","111754719","KN294777v1","751157","751455","30","111003265"
"chr7","111829104","111829353","KN295430v1","1606937","1607192","36","110222167"
"chr7","111834072","111834361","KN295350v1","493114","493401","40","111340958"
"chr7","111960626","111960925","KN296036v1","683627","683927","35","111276999"
"chr7","112002315","112002536","KN295708v1","1597635","1597853","27","110404680"
"chr7","112088073","112088346","KN294446v1","524358","524631","40","111563715"
"chr7","112200483","112200787","KN296019v1","178814","179119","43","112021669"
"chr7","112326180","112326477","KN296759v1","638542","638840","36","111687638"
"chr7","112366470","112366785","KN296357v1","356792","357093","43","112009678"
"chr7","112375329","112375618","KN297322v1","1385103","1385393","34","110990226"
"chr7","112515569","112515874","KN294717v1","373979","374286","45","112141590"
"chr7","112532065","112532348","KN294207v1","179800","180076","37","112352265"
"chr7","112536444","112536751","KN295038v1","926006","926310","35","111610438"
"chr7","112678569","112678872","KN294166v1","184409","184717","27","112494160"
"chr7","112848607","112848895","KN294166v1","3148","3439","31","112845459"
"chr7","113095837","113096135","KN296054v1","93566","93860","25","113002271"
"chr7","113100945","113101259","KN296119v1","2884341","2884644","51","110216604"
"chr7","113134833","113135132","KN296743v1","1480127","1480425","33","111654706"
"chr7","113197586","113197880","KN295995v1","1426233","1426527","37","111771353"
"chr7","113201688","113201986","KN296119v1","5113175","5113468","38","108088513"
"chr7","113256035","113256351","KN294946v1","345161","345470","38","112910874"
"chr7","113321307","113321612","KN296281v1","60300","60607","37","113261007"
"chr7","113375649","113375933","KN296635v1","4770618","4770901","34","108605031"
"chr7","113723015","113723309","KN296119v1","4108889","4109182","38","109614126"
"chr7","113762884","113763181","KN296557v1","709141","709435","33","113053743"
"chr7","113863946","113864248","KN296119v1","3705120","3705411","41","110158826"
"chr7","113899073","113899379","KN294387v1","2599087","2599393","33","111299986"
"chr7","113918272","113918573","KN295667v1","1687893","1688204","51","112230379"
"chr7","113928883","113929178","KN294462v1","73428","73721","39","113855455"
"chr7","114098656","114098742","KN295533v1","1607810","1607886","19","112490846"
"chr7","114272001","114272312","KN295236v1","3424373","3424682","37","110847628"
"chr7","114472621","114472912","KN294161v1","265801","266094","47","114206820"
"chr7","114544419","114544718","KN295236v1","231341","231639","38","114313078"
"chr7","114552608","114552902","KN297230v1","841785","842079","23","113710823"
"chr7","114994122","114994330","KN297230v1","446214","446423","18","114547908"
"chr7","114994778","114995075","KN295705v1","2747981","2748284","50","112246797"
"chr7","115059502","115059796","KN294536v1","1607732","1608024","32","113451770"
"chr7","115305954","115306259","KN295667v1","1746297","1746597","34","113559657"
"chr7","115414786","115415091","KN295984v1","868891","869195","32","114545895"
"chr7","115675607","115675907","KN295225v1","230939","231235","29","115444668"
"chr7","115686521","115686847","KN294728v1","1303670","1303991","54","114382851"
"chr7","115736149","115736439","KN296253v1","54382","54672","50","115681767"
"chr7","115803589","115803901","KN297153v1","1366929","1367240","34","114436660"
"chr7","115865094","115865391","KN296322v1","1982694","1982989","40","113882400"
"chr7","115909713","115910031","KN295667v1","1687893","1688204","46","114221820"
"chr7","115998056","115998353","KN295225v1","540204","540501","28","115457852"
"chr7","116180401","116180720","KN295225v1","730112","730423","41","115450289"
"chr7","116299076","116299380","KN294387v1","2599087","2599393","33","113699989"
"chr7","116384960","116385268","KN295114v1","20941","21251","39","116364019"
"chr7","116401973","116402270","KN296153v1","3677943","3678242","36","112724030"
"chr7","116439567","116439877","KN294668v1","2004094","2004404","34","114435473"
"chr7","116593331","116593600","KN294521v1","570667","570940","37","116022664"
"chr7","116629253","116629542","KN295225v1","1170058","1170357","27","115459195"
"chr7","116630213","116630518","KN295225v1","1171030","1171332","32","115459183"
"chr7","116725335","116725644","KN295225v1","1274565","1274873","23","115450770"
"chr7","116738188","116738492","KN295225v1","1288275","1288580","25","115449913"
"chr7","116788661","116788958","KN295225v1","1339674","1339973","20","115448987"
"chr7","117181140","117181435","KN295225v1","1764213","1764512","29","115416927"
"chr7","117186604","117186900","KN294287v1","962698","962991","46","116223906"
"chr7","117274182","117274473","KN295441v1","485205","485492","38","116788977"
"chr7","117305494","117305797","KN295343v1","995447","995750","37","116310047"
"chr7","117371202","117371512","KN295225v1","1958567","1958869","39","115412635"
"chr7","117723004","117723287","KN294292v1","223216","223503","30","117499788"
"chr7","117843638","117843933","KN295225v1","2431304","2431593","40","115412334"
"chr7","117896064","117896360","KN295225v1","2481503","2481799","26","115414561"
"chr7","117906539","117906848","KN294387v1","2599087","2599393","53","115307452"
"chr7","118008972","118009266","KN294161v1","265801","266094","35","117743171"
"chr7","118037085","118037395","KN294991v1","966174","966473","46","117070911"
"chr7","118103600","118103913","KN294219v1","68657","68967","44","118034943"
"chr7","118322608","118322914","KN295708v1","2656981","2657271","55","115665627"
"chr7","118328199","118328500","KN296311v1","1037581","1037880","42","117290618"
"chr7","118410982","118411249","KN294279v1","399452","399718","45","118011530"
"chr7","118471331","118471624","KN295995v1","1426233","1426527","32","117045098"
"chr7","118491267","118491577","KN295114v1","20941","21251","34","118470326"
"chr7","118571455","118571763","KN295114v1","20941","21251","49","118550514"
"chr7","118585498","118585791","KN295523v1","3420209","3420501","33","115165289"
"chr7","118595484","118595788","KN296357v1","356792","357093","39","118238692"
"chr7","118751821","118752114","KN294911v1","2187187","2187481","39","116564634"
"chr7","118754686","118754983","KN295667v1","1209322","1209616","36","117545364"
"chr7","118790877","118791173","KN296153v1","3677943","3678242","29","115112934"
"chr7","118959547","118959837","KN297026v1","228587","228878","24","118730960"
"chr7","119201819","119202123","KN294917v1","618557","618860","38","118583262"
"chr7","119324453","119324744","KN294264v1","261999","262293","37","119062454"
"chr7","119365154","119365444","KN294470v1","2674698","2674987","34","116690456"
"chr7","119396034","119396337","KN295022v1","1034983","1035287","41","118361051"
"chr7","119423087","119423394","KN296934v1","897698","898003","36","118525389"
"chr7","119462597","119462890","KN294987v1","241309","241596","47","119221288"
"chr7","119677513","119677685","KN296682v1","2871728","2871900","28","116805785"
"chr7","119684503","119684810","KN294790v1","1007547","1007843","56","118676956"
"chr7","119703753","119704053","KN295501v1","1005257","1005557","33","118698496"
"chr7","120019543","120019854","KN294292v1","56123","56434","48","119963420"
"chr7","120089437","120089733","KN296747v1","35746","36041","32","120053691"
"chr7","121125193","121125504","KN296430v1","444033","444342","41","120681160"
"chr7","121382423","121382554","KN296825v1","1940519","1940651","24","119441904"
"chr7","121413753","121414050","KN296442v1","157289","157587","61","121256464"
"chr7","121434893","121435199","KN297091v1","427166","427477","41","121007727"
"chr7","121708650","121708962","KN294717v1","373979","374286","39","121334671"
"chr7","121858701","121858969","KN297165v1","3420478","3420753","35","118438223"
"chr7","121859881","121860182","KN294385v1","18712","19011","28","121841169"
"chr7","121877040","121877334","KN295854v1","1466288","1466586","35","120410752"
"chr7","122450922","122451230","KN295667v1","1687893","1688204","40","120763029"
"chr7","122494975","122495274","KN294433v1","409687","409987","37","122085288"
"chr7","122496145","122496437","KN297019v1","448462","448760","37","122047683"
"chr7","122587287","122587592","KN294728v1","1530565","1530875","38","121056722"
"chr7","122850004","122850223","KN295405v1","56868","57077","45","122793136"
"chr7","122946500","122946805","KN297133v1","419676","419981","35","122526824"
"chr7","123004535","123004833","KN294758v1","374673","374971","29","122629862"
"chr7","123007043","123007336","KN296749v1","707029","707324","40","122300014"
"chr7","123057414","123057672","KN294619v1","174768","175023","42","122882646"
"chr7","123126060","123126359","KN294470v1","2729657","2729960","42","120396403"
"chr7","123235282","123235579","KN295854v1","1466288","1466586","37","121768994"
"chr7","123354546","123354854","KN297153v1","1366929","1367240","32","121987617"
"chr7","123501199","123501495","KN297046v1","2791168","2791468","32","120710031"
"chr7","123683145","123683457","KN297159v1","3314158","3314468","41","120368987"
"chr7","123725816","123726106","KN296153v1","91872","92161","31","123633944"
"chr7","123806434","123806740","KN296934v1","897698","898003","31","122908736"
"chr7","123829073","123829374","KN296307v1","224801","225097","33","123604272"
"chr7","123872073","123872364","KN294561v1","296837","297132","50","123575236"
"chr7","123965996","123966299","KN294874v1","934343","934646","37","123031653"
"chr7","123984979","123985270","KN296009v1","26102","26389","33","123958877"
"chr7","124286859","124287155","KN296803v1","53471","53768","27","124233388"
"chr7","124523769","124524082","KN296268v1","192340","192671","38","124331429"
"chr7","124560753","124561081","KN296268v1","231602","231940","41","124329151"
"chr7","124663347","124663607","KN296418v1","329663","329924","36","124333684"
"chr7","124863313","124863607","KN296865v1","1698876","1699171","36","123164437"
"chr7","124946314","124946481","KN295543v1","151828","151995","24","124794486"
"chr7","125080785","125080993","KN295075v1","636904","637122","41","124443881"
"chr7","125081055","125081361","KN296268v1","781935","782244","31","124299120"
"chr7","125128644","125128838","KN296268v1","852776","852972","19","124275868"
"chr7","125218798","125219099","KN295350v1","405055","405352","34","124813743"
"chr7","125386034","125386350","KN296322v1","99912","100222","44","125286122"
"chr7","125406279","125406582","KN295667v1","1659641","1659946","41","123746638"
"chr7","125418032","125418296","KN297452v1","1345867","1346126","43","124072165"
"chr7","125487431","125487738","KN296268v1","1209890","1210190","38","124277541"
"chr7","125553817","125554128","KN294705v1","1582720","1583032","35","123971097"
"chr7","125570300","125570611","KN294349v1","231514","231826","38","125338786"
"chr7","125724488","125724794","KN295667v1","1796551","1796859","41","123927937"
"chr7","125872275","125872555","KN297039v1","971553","971829","43","124900722"
"chr7","126035606","126035915","KN295869v1","284557","284865","36","125751049"
"chr7","126254142","126254382","KN295607v1","2239036","2239274","43","124015106"
"chr7","126543540","126543849","KN295667v1","1687893","1688204","32","124855647"
"chr7","126560571","126560880","KN295667v1","1687893","1688204","36","124872678"
"chr7","126625341","126625644","KN296311v1","3721408","3721707","40","122903933"
"chr7","126895609","126895783","KN294281v1","989793","989968","28","125905816"
"chr7","127326634","127326927","KN294536v1","1607732","1608024","34","125718902"
"chr7","127447300","127447594","KN294385v1","67920","68214","38","127379380"
"chr7","127936972","127937282","KN294806v1","835206","835511","36","127101766"
"chr7","128121967","128122249","KN296036v1","919877","920160","39","127202090"
"chr7","128326960","128327254","KN296062v1","2106200","2106493","41","126220760"
"chr7","128648983","128649280","KN294539v1","3991612","3991904","41","124657371"
"chr7","128879504","128879794","KN294239v1","556738","557036","44","128322766"
"chr7","129034921","129035231","KN295034v1","63947","64249","45","128970974"
"chr7","129077495","129077785","KN294571v1","1694112","1694408","46","127383383"
"chr7","129108131","129108426","KN296847v1","411329","411634","44","128696802"
"chr7","129129047","129129353","KN297019v1","1233639","1233939","34","127895408"
"chr7","129215219","129215523","KN295350v1","243779","244085","34","128971440"
"chr7","129275710","129275998","KN294239v1","223903","224191","34","129051807"
"chr7","129276687","129276992","KN295382v1","230497","230807","39","129046190"
"chr7","129352416","129352708","KN295410v1","574633","574918","36","128777783"
"chr7","129464382","129464674","KN295382v1","148115","148414","46","129316267"
"chr7","129467357","129467669","KN294187v1","1813627","1813934","38","127653730"
"chr7","129582530","129582831","KN295667v1","1687893","1688204","35","127894637"
"chr7","129668103","129668398","KN294848v1","1408889","1409183","37","128259214"
"chr7","129710482","129710716","KN295236v1","5654727","5654960","33","124055755"
"chr7","129766239","129766548","KN295667v1","1687893","1688204","35","128078346"
"chr7","129782332","129782632","KN296153v1","3677943","3678242","30","126104389"
"chr7","129796474","129796774","KN295983v1","1720075","1720388","46","128076399"
"chr7","129846759","129847044","KN296062v1","657166","657452","46","129189593"
"chr7","129856407","129856711","KN296859v1","1719114","1719417","37","128137293"
"chr7","129868105","129868403","KN297038v1","889517","889817","50","128978588"
"chr7","129957214","129957523","KN297133v1","419676","419981","35","129537538"
"chr7","129971052","129971352","KN296153v1","3677943","3678242","29","126293109"
"chr7","129976477","129976780","KN295983v1","1536250","1536551","35","128440227"
"chr7","129984099","129984391","KN296153v1","3677943","3678242","33","126306156"
"chr7","129990974","129991249","KN295523v1","4195930","4196206","38","125795044"
"chr7","129994530","129994824","KN295459v1","1614660","1614952","34","128379870"
"chr7","130020552","130020848","KN295090v1","1657716","1658013","38","128362836"
"chr7","130025434","130025720","KN295294v1","334706","334991","44","129690728"
"chr7","130034432","130034736","KN297190v1","7071552","7071858","31","122962880"
"chr7","130049315","130049607","KN294848v1","1408889","1409183","38","128640426"
"chr7","130064590","130064905","KN297390v1","1640938","1641250","37","128423652"
"chr7","130092940","130092989","KN296316v1","276796","276845","7","129816144"
"chr7","130093850","130094151","KN297133v1","419676","419981","43","129674174"
"chr7","130100396","130100703","KN294378v1","1201462","1201768","43","128898934"
"chr7","130100952","130101228","KN296717v1","49118","49391","45","130051834"
"chr7","130115638","130115946","KN295114v1","20941","21251","38","130094697"
"chr7","130149756","130150066","KN295034v1","63947","64249","40","130085809"
"chr7","130160374","130160686","KN294387v1","2599087","2599393","33","127561287"
"chr7","130216864","130217174","KN297390v1","1640938","1641250","35","128575926"
"chr7","130239780","130240081","KN297367v1","171251","171554","30","130068529"
"chr7","130375637","130375921","KN297112v1","2008532","2008818","32","128367105"
"chr7","130461204","130461594","KN297105v1","2732332","2732692","97","127728872"
"chr7","130496977","130497273","KN295854v1","1710543","1710845","47","128786434"
"chr7","130507232","130507539","KN297068v1","297563","297871","31","130209669"
"chr7","130550636","130550925","KN294824v1","383174","383459","41","130167462"
"chr7","130552126","130552438","KN296953v1","28563","28872","37","130523563"
"chr7","130605647","130605939","KN295923v1","1438272","1438565","33","129167375"
"chr7","130607853","130608161","KN295059v1","336835","337145","41","130271018"
"chr7","130624239","130624536","KN294375v1","583311","583608","41","130040928"
"chr7","130629408","130629707","KN295315v1","360280","360581","32","130269128"
"chr7","130734393","130734695","KN294385v1","179933","180238","38","130554460"
"chr7","130741901","130742188","KN296485v1","501784","502071","37","130240117"
"chr7","130827702","130828015","KN296934v1","897698","898003","32","129930004"
"chr7","130847272","130847585","KN294662v1","79885","80185","48","130767387"
"chr7","130874290","130874584","KN297230v1","1127269","1127564","36","129747021"
"chr7","130882277","130882520","KN296153v1","2778676","2778916","40","128103601"
"chr7","130888578","130888873","KN296609v1","975817","976113","37","129912761"
"chr7","130892637","130892721","KN295315v1","750131","750212","16","130142506"
"chr7","130892934","130893149","KN295075v1","636904","637122","34","130256030"
"chr7","130893611","130893917","KN295114v1","20941","21251","35","130872670"
"chr7","130954926","130955225","KN296153v1","3677943","3678242","28","127276983"
"chr7","130960559","130960863","KN296357v1","706115","706421","38","130254444"
"chr7","130968074","130968380","KN294172v1","4761492","4761794","36","126206582"
"chr7","130972317","130972475","KN296864v1","1260909","1261071","25","129711408"
"chr7","130986415","130986725","KN295814v1","1151152","1151467","40","129835263"
"chr7","130989997","130990299","KN295315v1","360280","360581","36","130629717"
"chr7","131007407","131007705","KN296153v1","3677943","3678242","37","127329464"
"chr7","131014505","131014798","KN295523v1","1988871","1989175","46","129025634"
"chr7","131043491","131043780","KN296705v1","35425","35719","41","131008066"
"chr7","131046055","131046221","KN296062v1","1229766","1229927","25","129816289"
"chr7","131047060","131047353","KN294634v1","514588","514883","35","130532472"
"chr7","131054606","131054920","KN295114v1","20941","21251","45","131033665"
"chr7","131075957","131076250","KN297044v1","811314","811606","36","130264643"
"chr7","131080654","131080948","KN297314v1","117021","117312","34","130963633"
"chr7","131082286","131082588","KN297259v1","2357226","2357525","44","128725060"
"chr7","131087124","131087422","KN295171v1","869545","869845","37","130217579"
"chr7","131108272","131108570","KN295112v1","343212","343513","35","130765060"
"chr7","131296807","131297109","KN296357v1","356792","357093","35","130940015"
"chr7","131298968","131299261","KN295923v1","488045","488337","32","130810923"
"chr7","131325162","131325470","KN294387v1","2599087","2599393","38","128726075"
"chr7","131372137","131372425","KN295096v1","563388","563676","51","130808749"
"chr7","131376259","131376558","KN294591v1","102703","103003","36","131273556"
"chr7","131383405","131383696","KN294713v1","485096","485391","34","130898309"
"chr7","131436883","131437184","KN295501v1","1005257","1005557","33","130431626"
"chr7","131439437","131439749","KN296305v1","124878","125184","42","131314559"
"chr7","131442050","131442347","KN294167v1","406704","406998","37","131035346"
"chr7","131446492","131446794","KN296153v1","3677943","3678242","36","127768549"
"chr7","131460463","131460769","KN296442v1","285982","286282","30","131174481"
"chr7","131461861","131462036","KN296311v1","6345971","6346144","28","125115890"
"chr7","131463034","131463308","KN294207v1","179800","180076","28","131283234"
"chr7","131468713","131469016","KN294208v1","853291","853593","35","130615422"
"chr7","131469552","131469849","KN294433v1","409687","409987","36","131059865"
"chr7","131504482","131504790","KN294499v1","1948987","1949299","33","129555495"
"chr7","131507504","131507802","KN295257v1","1087444","1087739","33","130420060"
"chr7","131510103","131510396","KN295257v1","1087444","1087739","36","130422659"
"chr7","131514398","131514694","KN294214v1","503295","503591","47","131011103"
"chr7","131535618","131535924","KN294991v1","1865473","1865780","34","129670145"
"chr7","131536110","131536412","KN294685v1","34357","34661","44","131501753"
"chr7","131539824","131540111","KN295090v1","1165047","1165331","33","130374777"
"chr7","131549764","131550075","KN295871v1","122189","122499","33","131427575"
"chr7","131571474","131571774","KN294235v1","617801","618100","31","130953673"
"chr7","131596990","131597285","KN297230v1","1127269","1127564","34","130469721"
"chr7","131639770","131640059","KN296883v1","561411","561705","36","131078359"
"chr7","131642194","131642484","KN296153v1","91872","92161","32","131550322"
"chr7","131665074","131665369","KN294264v1","261999","262293","27","131403075"
"chr7","131704987","131705291","KN296635v1","5170868","5171167","44","126534119"
"chr7","131745115","131745415","KN295350v1","389964","390265","32","131355151"
"chr7","131801980","131802249","KN294539v1","297860","298139","46","131504120"
"chr7","131925447","131925753","KN295045v1","441758","442064","38","131483689"
"chr7","131936073","131936382","KN295038v1","946369","946678","33","130989704"
"chr7","131941664","131941963","KN294758v1","374673","374971","39","131566991"
"chr7","131997773","131998081","KN295534v1","231290","231594","39","131766483"
"chr7","132088152","132088452","KN295983v1","1536250","1536551","38","130551902"
"chr7","132088485","132088605","KN296833v1","364639","364749","21","131723846"
"chr7","132114731","132115034","KN296508v1","1953353","1953658","40","130161378"
"chr7","132129638","132129948","KN294911v1","1785544","1785856","36","130344094"
"chr7","132205153","132205435","KN294457v1","199272","199561","42","132005881"
"chr7","132230882","132231179","KN295171v1","869545","869845","38","131361337"
"chr7","132244343","132244616","KN295607v1","3891545","3891824","31","128352798"
"chr7","132244920","132244957","KN294548v1","925285","925325","16","131319635"
"chr7","132307465","132307765","KN295328v1","349896","350193","35","131957569"
"chr7","132437247","132437533","KN295368v1","2146364","2146648","35","130290883"
"chr7","132464438","132464737","KN296738v1","154412","154713","37","132310026"
"chr7","132504366","132504650","KN296495v1","2252575","2252859","29","130251791"
"chr7","132532790","132533078","KN296557v1","709141","709435","33","131823649"
"chr7","132573205","132573529","KN296036v1","1051362","1051698","39","131521843"
"chr7","132605327","132605636","KN294949v1","391656","391966","35","132213671"
"chr7","132613566","132613861","KN294733v1","144055","144347","33","132469511"
"chr7","132620822","132621132","KN295059v1","336835","337145","30","132283987"
"chr7","132659011","132659313","KN294662v1","79885","80185","36","132579126"
"chr7","132665640","132665942","KN297197v1","2429152","2429459","49","130236488"
"chr7","132671997","132672292","KN296712v1","16206","16501","35","132655791"
"chr7","132705084","132705383","KN295112v1","343212","343513","35","132361872"
"chr7","132764793","132765083","KN295459v1","1614660","1614952","33","131150133"
"chr7","132777526","132777828","KN294591v1","102703","103003","36","132674823"
"chr7","132796907","132797211","KN296365v1","113780","114072","46","132683127"
"chr7","132799500","132799815","KN294705v1","1582720","1583032","38","131216780"
"chr7","132859199","132859499","KN294346v1","631309","631606","33","132227890"
"chr7","132867421","132867733","KN295047v1","44235","44544","45","132823186"
"chr7","132923095","132923400","KN294346v1","563313","563607","35","132359782"
"chr7","132935257","132935553","KN294346v1","550587","550883","20","132384670"
"chr7","133006868","133007162","KN294346v1","475870","476156","29","132530998"
"chr7","133016759","133017063","KN295117v1","285369","285672","50","132731390"
"chr7","133062838","133063138","KN294705v1","784606","784890","48","132278232"
"chr7","133063391","133063683","KN294739v1","616485","616779","34","132446906"
"chr7","133152666","133152975","KN294717v1","238364","238666","41","132914302"
"chr7","133161470","133161767","KN295983v1","1536250","1536551","37","131625220"
"chr7","133172677","133172976","KN297019v1","1233639","1233939","30","131939038"
"chr7","133200043","133200346","KN294193v1","740765","741070","34","132459278"
"chr7","133204353","133204652","KN296244v1","86518","86815","41","133117835"
"chr7","133205276","133205558","KN294346v1","271830","272127","27","132933446"
"chr7","133265150","133265457","KN294372v1","2517509","2517820","32","130747641"
"chr7","133348500","133348796","KN294346v1","131720","132013","27","133216780"
"chr7","133799279","133799586","KN296252v1","339240","339546","24","133460039"
"chr7","133959143","133959445","KN296252v1","497310","497607","31","133461833"
"chr7","133996534","133996783","KN296252v1","534619","534871","24","133461915"
"chr7","134116310","134116591","KN296339v1","2111709","2111979","50","132004601"
"chr7","134262232","134262526","KN296252v1","801843","802143","27","133460389"
"chr7","134351011","134351304","KN296252v1","900916","901209","26","133450095"
"chr7","134481367","134481577","KN294498v1","153122","153333","29","134328245"
"chr7","134495350","134495651","KN295633v1","141651","141946","48","134353699"
"chr7","134555820","134556116","KN294634v1","514588","514883","30","134041232"
"chr7","134639981","134640292","KN296404v1","1938458","1938769","35","132701523"
"chr7","134694242","134694551","KN295090v1","755361","755671","44","133938881"
"chr7","134708944","134709241","KN295350v1","405055","405352","38","134303889"
"chr7","134726686","134726975","KN297159v1","1299047","1299334","37","133427639"
"chr7","134882263","134882567","KN294172v1","4761492","4761794","33","130120771"
"chr7","134958531","134958824","KN297044v1","811314","811606","35","134147217"
"chr7","134963793","134964088","KN296883v1","2840717","2841010","30","132123076"
"chr7","134987619","134987896","KN297452v1","2177807","2178082","51","132809812"
"chr7","135000447","135000734","KN295523v1","4195930","4196206","47","130804517"
"chr7","135080337","135080609","KN296119v1","3705120","3705411","48","131375217"
"chr7","135089458","135089759","KN294926v1","115475","115774","55","134973983"
"chr7","135218401","135218709","KN296244v1","295087","295395","42","134923314"
"chr7","135340855","135341149","KN297165v1","3262255","3262548","39","132078600"
"chr7","135396925","135397221","KN294513v1","735571","735866","38","134661354"
"chr7","135439321","135439628","KN295022v1","123209","123517","43","135316112"
"chr7","135587312","135587620","KN294911v1","3820095","3820391","42","131767217"
"chr7","135739746","135740050","KN295057v1","559577","559877","32","135180169"
"chr7","135788235","135788525","KN295487v1","96031","96319","32","135692204"
"chr7","135804097","135804427","KN295236v1","3765722","3766028","59","132038375"
"chr7","135808017","135808264","KN295820v1","915807","916059","50","134892210"
"chr7","135839297","135839410","KN297386v1","1769570","1769682","17","134069727"
"chr7","135878977","135879284","KN294456v1","876419","876725","39","135002558"
"chr7","135915428","135915720","KN295090v1","1657716","1658013","44","134257712"
"chr7","135936974","135937260","KN295940v1","167693","167976","39","135769281"
"chr7","135981253","135981558","KN296140v1","777217","777517","43","135204036"
"chr7","136003461","136003758","KN295573v1","646494","646793","37","135356967"
"chr7","136175092","136175410","KN297019v1","1233639","1233939","45","134941453"
"chr7","136236510","136236776","KN297259v1","2410312","2410586","37","133826198"
"chr7","136351884","136352181","KN295580v1","1390","1690","32","136350494"
"chr7","136363155","136363425","KN295667v1","1100491","1100761","28","135262664"
"chr7","136371631","136371923","KN296357v1","356792","357093","38","136014839"
"chr7","136386981","136387282","KN296507v1","560788","561090","34","135826193"
"chr7","136393706","136394012","KN294717v1","373979","374286","31","136019727"
"chr7","136397182","136397496","KN294831v1","247548","247851","43","136149634"
"chr7","136405160","136405456","KN294172v1","5770836","5771132","37","130634324"
"chr7","136476432","136476736","KN294717v1","373979","374286","36","136102453"
"chr7","136546478","136546759","KN295350v1","636567","636846","36","135909911"
"chr7","136721835","136722122","KN295350v1","493114","493401","36","136228721"
"chr7","136737026","136737325","KN294662v1","79885","80185","34","136657141"
"chr7","136848025","136848334","KN295480v1","1386203","1386502","39","135461822"
"chr7","136982024","136982321","KN297171v1","1781046","1781343","34","135200978"
"chr7","137015762","137016073","KN294172v1","4623261","4623567","37","132392501"
"chr7","137179330","137179607","KN295983v1","156153","156432","42","137023177"
"chr7","137304596","137304904","KN296547v1","713658","713962","36","136590938"
"chr7","137355922","137356199","KN296306v1","883522","883801","42","136472400"
"chr7","137392148","137392453","KN297317v1","20735","21043","39","137371413"
"chr7","137430443","137430751","KN294172v1","5992488","5992791","37","131437955"
"chr7","137553896","137554209","KN296828v1","288722","289035","39","137265174"
"chr7","137566560","137566858","KN297233v1","655429","655733","20","136911131"
"chr7","137574132","137574435","KN297233v1","647528","647831","29","136926604"
"chr7","137579130","137579386","KN297233v1","642571","642836","31","136936559"
"chr7","137633572","137633880","KN297233v1","589956","590264","30","137043616"
"chr7","137853623","137853872","KN294325v1","1309870","1310113","42","136543753"
"chr7","138026343","138026623","KN297233v1","177139","177415","29","137849204"
"chr7","138056081","138056385","KN296732v1","2013890","2014190","32","136042191"
"chr7","138300057","138300359","KN296275v1","10634","10929","47","138289423"
"chr7","138614320","138614535","KN296210v1","302934","303147","29","138311386"
"chr7","138927712","138927953","KN296949v1","35284","35534","32","138892428"
"chr7","138931553","138931851","KN297095v1","1452898","1453193","34","137478655"
"chr7","139011929","139012208","KN296833v1","400791","401052","44","138611138"
"chr7","139049068","139049380","KN295936v1","1040084","1040396","38","138008984"
"chr7","139050445","139050742","KN295983v1","1536250","1536551","30","137514195"
"chr7","139054040","139054333","KN295236v1","1764741","1765042","43","137289299"
"chr7","139056887","139057149","KN296449v1","822","1085","29","139056065"
"chr7","139183924","139184234","KN295962v1","1921217","1921530","38","137262707"
"chr7","139443279","139443549","KN297264v1","12615","12885","31","139430664"
"chr7","139523875","139524160","KN294269v1","564872","565167","45","138959003"
"chr7","139594199","139594477","KN296547v1","372808","373076","45","139221391"
"chr7","139600267","139600568","KN294407v1","2739427","2739722","40","136860840"
"chr7","139614022","139614330","KN296435v1","121458","121770","36","139492564"
"chr7","139629927","139630207","KN295923v1","2321767","2322047","30","137308160"
"chr7","139649246","139649575","KN295459v1","899400","899723","47","138749846"
"chr7","139661979","139662282","KN294181v1","930133","930441","40","138731846"
"chr7","139683672","139683980","KN295459v1","1552885","1553193","38","138130787"
"chr7","139685140","139685435","KN296635v1","1164783","1165080","36","138520357"
"chr7","139692045","139692354","KN295114v1","20941","21251","31","139671104"
"chr7","139708918","139709228","KN295701v1","728104","728414","38","138980814"
"chr7","139735434","139735728","KN294218v1","2831459","2831758","45","136903975"
"chr7","139758120","139758416","KN294181v1","810707","811001","36","138947413"
"chr7","139772970","139773264","KN296588v1","801180","801474","38","138971790"
"chr7","139787225","139787526","KN294387v1","2599087","2599393","37","137188138"
"chr7","139789771","139790072","KN294591v1","102703","103003","34","139687068"
"chr7","139794201","139794494","KN294174v1","477804","478101","44","139316397"
"chr7","139800726","139800901","KN295236v1","5187090","5187265","25","134613636"
"chr7","139818446","139818709","KN295841v1","319403","319666","45","139499043"
"chr7","139840399","139840511","KN295988v1","465183","465292","19","139375216"
"chr7","139863568","139863854","KN296153v1","2309746","2310040","42","137553822"
"chr7","139866139","139866445","KN297038v1","2343556","2343866","47","137522583"
"chr7","139869156","139869466","KN294499v1","1948987","1949299","41","137920169"
"chr7","139877997","139878305","KN295236v1","5153248","5153560","39","134724749"
"chr7","139903891","139904187","KN294536v1","1607732","1608024","36","138296159"
"chr7","139927384","139927674","KN296062v1","2106200","2106493","39","137821184"
"chr7","139945414","139945716","KN295983v1","1536250","1536551","43","138409164"
"chr7","139970928","139971238","KN295090v1","765618","765928","46","139205310"
"chr7","139986253","139986538","KN294239v1","334831","335118","36","139651422"
"chr7","139999652","139999921","KN296486v1","187276","187551","45","139812376"
"chr7","140075844","140075936","KN296117v1","86443","86544","15","139989401"
"chr7","140081950","140082257","KN294387v1","2599087","2599393","32","137482863"
"chr7","140139821","140140129","KN295580v1","1390","1690","37","140138431"
"chr7","140146679","140146989","KN295596v1","1673921","1674225","46","138472758"
"chr7","140149286","140149586","KN295236v1","3672786","3673083","35","136476500"
"chr7","140165396","140165691","KN297314v1","117021","117312","38","140048375"
"chr7","140185682","140185963","KN296635v1","4770618","4770901","31","135415064"
"chr7","140186183","140186312","KN294588v1","2986122","2986249","21","137200061"
"chr7","140188786","140189080","KN294407v1","2733858","2734151","35","137454928"
"chr7","140190502","140190781","KN296496v1","355776","356054","33","139834726"
"chr7","140193208","140193386","KN295236v1","5187090","5187265","21","135006118"
"chr7","140201415","140201704","KN294506v1","182087","182377","36","140019328"
"chr7","140219695","140219990","KN297008v1","1975388","1975682","36","138244307"
"chr7","140229974","140230292","KN295523v1","1048577","1048884","58","139181397"
"chr7","140234639","140234959","KN296357v1","356792","357093","45","139877847"
"chr7","140261627","140261927","KN296588v1","1228829","1229131","40","139032798"
"chr7","140269788","140270085","KN296747v1","35746","36041","32","140234042"
"chr7","140293217","140293521","KN294167v1","219275","219575","38","140073942"
"chr7","140353557","140353867","KN294733v1","408443","408753","38","139945114"
"chr7","140486759","140487063","KN294260v1","621951","622250","29","139864808"
"chr7","140502689","140502979","KN295022v1","486627","486913","40","140016062"
"chr7","140506513","140506807","KN295995v1","1426233","1426527","33","139080280"
"chr7","140510882","140511172","KN296158v1","692023","692317","44","139818859"
"chr7","140515714","140515996","KN295294v1","334706","334991","40","140181008"
"chr7","140560948","140561245","KN296287v1","46583","46877","33","140514365"
"chr7","140563270","140563584","KN294387v1","2599087","2599393","41","137964183"
"chr7","140580080","140580392","KN295114v1","20941","21251","36","140559139"
"chr7","140603774","140604075","KN295236v1","1764741","1765042","37","138839033"
"chr7","140625985","140626297","KN296520v1","401670","401982","38","140224315"
"chr7","140664876","140665186","KN295257v1","443937","444244","38","140220939"
"chr7","140683216","140683525","KN297038v1","2343556","2343866","40","138339660"
"chr7","140687800","140688104","KN295350v1","243779","244085","33","140444021"
"chr7","140698770","140699087","KN297184v1","1767104","1767415","43","138931666"
"chr7","140719129","140719427","KN297019v1","1233639","1233939","33","139485490"
"chr7","140721276","140721557","KN296404v1","1297416","1297696","46","139423860"
"chr7","140737349","140737621","KN294172v1","6656193","6656471","51","134081156"
"chr7","140748486","140748798","KN296934v1","602412","602712","41","140146074"
"chr7","140754551","140754851","KN294457v1","1379597","1379899","33","139374954"
"chr7","140795391","140795687","KN295995v1","440790","441086","28","140354601"
"chr7","140796062","140796333","KN294621v1","18106","18379","46","140777956"
"chr7","140803167","140803375","KN296218v1","225428","225636","34","140577739"
"chr7","140813365","140813647","KN294777v1","751157","751455","42","140062208"
"chr7","140863367","140863676","KN294806v1","835206","835511","40","140028161"
"chr7","140866809","140867099","KN295825v1","1953498","1953787","35","138913311"
"chr7","140904396","140904693","KN294561v1","810685","810981","36","140093711"
"chr7","140905500","140905656","KN297322v1","1945771","1945930","24","138959729"
"chr7","140924739","140925049","KN294421v1","22671","22970","45","140902068"
"chr7","140933425","140933710","KN297274v1","1852543","1852827","41","139080882"
"chr7","140960503","140960813","KN295315v1","250826","251139","43","140709677"
"chr7","140961249","140961543","KN297442v1","2461526","2461820","36","138499723"
"chr7","140969399","140969661","KN294325v1","1309870","1310113","37","139659529"
"chr7","141053852","141054151","KN297227v1","1018475","1018768","21","140035377"
"chr7","141134767","141135005","KN295304v1","263352","263587","33","140871415"
"chr7","141144527","141144828","KN294451v1","403510","403808","39","140741017"
"chr7","141149164","141149450","KN295459v1","1614660","1614952","36","139534504"
"chr7","141153521","141153828","KN294717v1","373979","374286","33","140779542"
"chr7","141194249","141194558","KN294848v1","1046524","1046833","38","140147725"
"chr7","141199689","141200000","KN294991v1","516330","516639","36","140683359"
"chr7","141257168","141257468","KN296959v1","1159791","1160090","37","140097377"
"chr7","141346759","141347078","KN294439v1","261107","261420","40","141085652"
"chr7","141373243","141373306","KN295075v1","582451","582514","12","140790792"
"chr7","141409010","141409321","KN297176v1","100661","100973","39","141308349"
"chr7","141439726","141440029","KN295236v1","1764741","1765042","37","139674985"
"chr7","141468846","141469136","KN295034v1","327584","327874","33","141141262"
"chr7","141477681","141477989","KN295706v1","322555","322859","36","141155126"
"chr7","141608377","141608687","KN295114v1","20941","21251","32","141587436"
"chr7","141628906","141629211","KN294387v1","2599087","2599393","29","139029819"
"chr7","141712403","141712704","KN295907v1","2005048","2005348","30","139707355"
"chr7","141744066","141744366","KN295667v1","1687893","1688204","38","140056173"
"chr7","141744439","141744770","KN295869v1","284557","284865","48","141459882"
"chr7","141752064","141752369","KN296019v1","178814","179119","37","141573250"
"chr7","141766751","141767060","KN295533v1","1552722","1553025","38","140214029"
"chr7","141767715","141768016","KN294571v1","2791374","2791676","42","138976341"
"chr7","141775023","141775305","KN296404v1","1051465","1051749","41","140723558"
"chr7","141785741","141786051","KN294741v1","957024","957333","37","140828717"
"chr7","141806150","141806440","KN294462v1","73428","73721","39","141732722"
"chr7","141822124","141822422","KN297408v1","636019","636320","38","141186105"
"chr7","141872597","141872887","KN295907v1","1253096","1253393","41","140619501"
"chr7","141883500","141883798","KN295907v1","2005048","2005348","36","139878452"
"chr7","141901239","141901540","KN294848v1","411161","411460","35","141490078"
"chr7","141902525","141902830","KN295923v1","1231839","1232151","34","140670686"
"chr7","141917847","141918143","KN296153v1","3677943","3678242","34","138239904"
"chr7","141945016","141945342","KN295176v1","34358","34673","46","141910658"
"chr7","141960828","141960955","KN294172v1","5023372","5023503","23","136937456"
"chr7","141969689","141969985","KN294879v1","63819","64115","22","141905870"
"chr7","141972087","141972386","KN296883v1","1268033","1268327","39","140704054"
"chr7","141975964","141976279","KN294728v1","1530565","1530875","39","140445399"
"chr7","141977560","141977862","KN297127v1","131395","131695","35","141846165"
"chr7","141993094","141993393","KN296322v1","1833147","1833444","37","140159947"
"chr7","141993938","141994243","KN296934v1","897698","898003","29","141096240"
"chr7","141996654","141996950","KN295350v1","389964","390265","42","141606690"
"chr7","142001547","142001837","KN296732v1","2013890","2014190","38","139987657"
"chr7","142021995","142022292","KN294879v1","121712","121999","47","141900283"
"chr7","142042621","142042922","KN294879v1","141955","142258","27","141900666"
"chr7","142066522","142066827","KN294879v1","167052","167356","35","141899470"
"chr7","142100522","142100786","KN296502v1","1365391","1365656","56","140735131"
"chr7","142105262","142105555","KN297290v1","221534","221829","42","141883728"
"chr7","142107289","142107543","KN296732v1","3271352","3271606","37","138835937"
"chr7","142118448","142118529","KN296635v1","3788039","3788111","16","138330409"
"chr7","142133574","142133865","KN295825v1","1953498","1953787","34","140180076"
"chr7","142200138","142200449","KN295571v1","618918","619228","26","141581220"
"chr7","142232061","142232353","KN296323v1","971245","971536","36","141260816"
"chr7","142261213","142261498","KN294879v1","351077","351369","26","141910136"
"chr7","142299041","142299341","KN295236v1","4576569","4576870","38","137722472"
"chr7","142343003","142343308","KN294439v1","261107","261420","46","142081896"
"chr7","142387601","142387855","KN294879v1","490290","490540","22","141897311"
"chr7","142413469","142413762","KN296948v1","1187858","1188151","32","141225611"
"chr7","142500329","142500636","KN294879v1","595662","595962","37","141904667"
"chr7","142510222","142510519","KN294995v1","61376","61672","33","142448846"
"chr7","142545384","142545693","KN294848v1","1020772","1021081","36","141524612"
"chr7","142625200","142625507","KN295236v1","5153248","5153560","39","137471952"
"chr7","142705620","142705925","KN297133v1","419676","419981","28","142285944"
"chr7","142717877","142718185","KN297322v1","1153290","1153598","35","141564587"
"chr7","142842525","142842803","KN294521v1","570667","570940","48","142271858"
"chr7","143000087","143000387","KN294879v1","1089349","1089670","36","141910738"
"chr7","143003561","143003833","KN296322v1","857739","858012","40","142145822"
"chr7","143004416","143004726","KN296075v1","565878","566186","40","142438538"
"chr7","143015306","143015607","KN294879v1","1104583","1104889","28","141910723"
"chr7","143016305","143016612","KN294717v1","373979","374286","42","142642326"
"chr7","143114525","143114809","KN295090v1","1165047","1165331","34","141949478"
"chr7","143355826","143356143","KN294879v1","1433250","1433561","33","141922576"
"chr7","143572410","143572696","KN296863v1","101008","101291","48","143471402"
"chr7","143590523","143590819","KN294561v1","810685","810981","33","142779838"
"chr7","143602629","143602939","KN297390v1","1640938","1641250","42","141961691"
"chr7","143610114","143610415","KN296096v1","1849581","1849882","40","141760533"
"chr7","143768645","143768940","KN294439v1","257473","257771","41","143511172"
"chr7","143917996","143918108","KN295601v1","759151","759251","24","143158845"
"chr7","143945847","143946138","KN297408v1","636019","636320","36","143309828"
"chr7","144479954","144480253","KN295701v1","382600","382897","39","144097354"
"chr7","144516330","144516621","KN296133v1","239214","239508","32","144277116"
"chr7","144649151","144649426","KN294513v1","735571","735866","38","143913580"
"chr7","144678100","144678410","KN297133v1","279852","280158","39","144398248"
"chr7","144701777","144702066","KN296200v1","487502","487795","53","144214275"
"chr7","144819413","144819706","KN294260v1","1839383","1839676","31","142980030"
"chr7","144831657","144831952","KN294385v1","335685","335986","42","144495972"
"chr7","144846451","144846758","KN294668v1","2004094","2004404","32","142842357"
"chr7","144858572","144858873","KN294588v1","494059","494353","38","144364513"
"chr7","144882909","144883203","KN294416v1","208870","209165","37","144674039"
"chr7","144893681","144893974","KN296244v1","86518","86815","32","144807163"
"chr7","144899688","144899996","KN295366v1","18508","18818","38","144881180"
"chr7","145212849","145213122","KN294521v1","570667","570940","44","144642182"
"chr7","145291230","145291531","KN294911v1","3820095","3820391","44","141471135"
"chr7","145301959","145302017","KN294387v1","2522569","2522623","12","142779390"
"chr7","145341560","145341856","KN295449v1","1335854","1336149","30","144005706"
"chr7","145405786","145406096","KN295871v1","1093938","1094249","38","144311848"
"chr7","145441358","145441669","KN297153v1","1366929","1367240","39","144074429"
"chr7","145594247","145594550","KN295533v1","2486323","2486625","41","143107924"
"chr7","145658125","145658409","KN294571v1","667831","668116","36","144990294"
"chr7","145707748","145708055","KN296934v1","897698","898003","44","144810050"
"chr7","145823813","145824136","KN297442v1","2079381","2079695","40","143744432"
"chr7","145993986","145994250","KN297154v1","523698","523951","52","145470288"
"chr7","146138256","146138564","KN294728v1","1530565","1530875","27","144607691"
"chr7","146190001","146190292","KN295586v1","2121175","2121468","36","144068826"
"chr7","146315870","146316178","KN296495v1","1235362","1235668","43","145080508"
"chr7","146378607","146378916","KN294387v1","2599087","2599393","40","143779520"
"chr7","146525090","146525386","KN294269v1","637639","637939","36","145887451"
"chr7","146774942","146775250","KN295667v1","1687893","1688204","39","145087049"
"chr7","146996632","146996919","KN297039v1","1313884","1314179","42","145682748"
"chr7","147020855","147021170","KN296075v1","565878","566186","47","146454977"
"chr7","147141585","147141741","KN297039v1","1133118","1133273","11","146008467"
"chr7","147173910","147174209","KN297039v1","1111367","1111664","30","146062543"
"chr7","147210872","147211149","KN296000v1","548008","548282","37","146662864"
"chr7","147317485","147317783","KN295225v1","852978","853269","35","146464507"
"chr7","147321793","147322102","KN297146v1","464165","464468","52","146857628"
"chr7","147358994","147359289","KN297039v1","932355","932649","15","146426639"
"chr7","147459455","147459743","KN295345v1","251332","251620","38","147208123"
"chr7","147891875","147892179","KN296140v1","777217","777517","41","147114658"
"chr7","147921406","147921708","KN297039v1","381761","382065","29","147539645"
"chr7","147965131","147965438","KN294205v1","912416","912718","51","147052715"
"chr7","147966004","147966312","KN296528v1","120134","120444","39","147845870"
"chr7","148020478","148020781","KN297176v1","81468","81771","45","147939010"
"chr7","148115961","148116269","KN294717v1","373979","374286","39","147741982"
"chr7","148223656","148223950","KN297039v1","85420","85718","36","148138236"
"chr7","148276504","148276808","KN297039v1","36244","36541","32","148240260"
"chr7","148277685","148277961","KN296306v1","1446665","1446954","50","146831020"
"chr7","148426542","148426850","KN294717v1","373979","374286","36","148052563"
"chr7","148574501","148574786","KN296495v1","2252575","2252859","37","146321926"
"chr7","148602627","148602914","KN294790v1","1007547","1007843","38","147595080"
"chr7","148769837","148770117","KN294239v1","334831","335118","33","148435006"
"chr7","148777416","148777706","KN295501v1","1005257","1005557","41","147772159"
"chr7","149106360","149106581","KN296145v1","3346783","3347016","47","145759577"
"chr7","149209752","149210062","KN294717v1","373979","374286","41","148835773"
"chr7","149247795","149248079","KN296460v1","1654742","1655028","28","147593053"
"chr7","149269988","149270295","KN294182v1","439110","439408","46","148830878"
"chr7","149316647","149316926","KN295350v1","636567","636846","39","148680080"
"chr7","149345739","149346039","KN296460v1","1549663","1549966","30","147796076"
"chr7","149375288","149375569","KN296460v1","1520208","1520481","26","147855080"
"chr7","149463843","149464131","KN295294v1","334706","334991","42","149129137"
"chr7","149472907","149473214","KN297317v1","20735","21043","34","149452172"
"chr7","149489639","149489717","KN296573v1","17183","17267","14","149472456"
"chr7","149526316","149526617","KN296062v1","165336","165642","40","149360980"
"chr7","149580383","149580686","KN294501v1","91418","91718","37","149488965"
"chr7","149614433","149614725","KN296460v1","1286556","1286841","35","148327877"
"chr7","149644124","149644415","KN296864v1","1145234","1145525","31","148498890"
"chr7","149712633","149712921","KN296460v1","1184712","1185010","30","148527921"
"chr7","149730860","149731170","KN296133v1","239214","239508","53","149491646"
"chr7","149758290","149758572","KN294251v1","219266","219549","38","149539024"
"chr7","149777949","149778245","KN294446v1","410629","410926","33","149367320"
"chr7","149836277","149836581","KN296460v1","1060009","1060306","31","148776268"
"chr7","149871423","149871731","KN295930v1","389847","390154","36","149481576"
"chr7","149872252","149872537","KN296322v1","2265136","2265418","41","147607116"
"chr7","149888003","149888306","KN294260v1","1428283","1428585","42","148459720"
"chr7","149888422","149888731","KN296460v1","1007839","1008142","35","148880583"
"chr7","149893977","149894288","KN294472v1","56763","57074","41","149837214"
"chr7","149911013","149911302","KN296460v1","985021","985309","21","148925992"
"chr7","149915028","149915273","KN294325v1","1309870","1310113","38","148605158"
"chr7","149926136","149926429","KN294536v1","1607732","1608024","32","148318404"
"chr7","149952789","149953096","KN294456v1","876419","876725","39","149076370"
"chr7","149954700","149955008","KN296934v1","897698","898003","32","149057002"
"chr7","149955959","149956264","KN296460v1","936165","936462","36","149019794"
"chr7","149966331","149966610","KN296460v1","926209","926507","42","149040122"
"chr7","149972392","149972699","KN296460v1","920271","920595","38","149052121"
"chr7","149976332","149976648","KN295523v1","2829830","2830138","42","147146502"
"chr7","149976943","149977245","KN295034v1","737406","737711","34","149239537"
"chr7","150009959","150010271","KN296460v1","968987","969295","51","149040972"
"chr7","150039351","150039650","KN296614v1","20754","21055","40","150018597"
"chr7","150165245","150165544","KN296460v1","726693","726995","24","149438552"
"chr7","150189526","150189832","KN297233v1","647528","647831","30","149541998"
"chr7","150228661","150228975","KN294705v1","912313","912625","42","149316348"
"chr7","150230684","150230979","KN294758v1","2189671","2189970","36","148041013"
"chr7","150233516","150233810","KN294509v1","1694262","1694561","34","148539254"
"chr7","150250493","150250747","KN294911v1","1958010","1958259","41","148292483"
"chr7","150263106","150263400","KN295350v1","405055","405352","36","149858051"
"chr7","150276792","150277084","KN295974v1","75089","75383","39","150201703"
"chr7","150277087","150277368","KN294733v1","316989","317272","48","149960098"
"chr7","150277659","150277949","KN294856v1","296536","296838","45","149981123"
"chr7","150317021","150317324","KN295580v1","1390","1690","41","150315631"
"chr7","150317833","150318086","KN296460v1","569866","570105","35","149747967"
"chr7","150333797","150334095","KN296460v1","549095","549388","30","149784702"
"chr7","150353987","150354289","KN296460v1","529334","529639","30","149824653"
"chr7","150359231","150359539","KN294387v1","2599087","2599393","36","147760144"
"chr7","150385057","150385346","KN296153v1","91872","92161","32","150293185"
"chr7","150395375","150395685","KN295667v1","1687893","1688204","36","148707482"
"chr7","150429032","150429349","KN296357v1","343303","343607","42","150085729"
"chr7","150431789","150432099","KN295406v1","214517","214825","34","150217272"
"chr7","150439525","150439822","KN296460v1","441164","441467","32","149998361"
"chr7","150472750","150473058","KN296460v1","403951","404265","55","150068799"
"chr7","150482305","150482611","KN296281v1","60300","60607","42","150422005"
"chr7","150556509","150556803","KN295225v1","852978","853269","31","149703531"
"chr7","150557272","150557566","KN296460v1","318567","318859","29","150238705"
"chr7","150659650","150659943","KN296460v1","222096","222385","29","150437554"
"chr7","150704896","150705195","KN296153v1","3677943","3678242","39","147026953"
"chr7","150706695","150707001","KN294387v1","2599087","2599393","39","148107608"
"chr7","150774315","150774599","KN295284v1","334381","334669","42","150439934"
"chr7","150951851","150952145","KN295893v1","1337385","1337679","37","149614466"
"chr7","150981589","150981874","KN295892v1","155034","155327","37","150826555"
"chr7","150990467","150990709","KN296661v1","1037169","1037423","43","149953298"
"chr7","151015283","151015594","KN297133v1","419676","419981","36","150595607"
"chr7","151031471","151031787","KN296520v1","401670","401982","35","150629801"
"chr7","151158869","151159179","KN295114v1","20941","21251","36","151137928"
"chr7","151192215","151192515","KN295236v1","3672786","3673083","31","147519429"
"chr7","151224008","151224306","KN296306v1","797540","797835","34","150426468"
"chr7","151251921","151252225","KN296306v1","752793","753101","29","150499128"
"chr7","151269541","151269830","KN296078v1","64478","64770","36","151205063"
"chr7","151391287","151391598","KN295112v1","343212","343513","51","151048075"
"chr7","151439880","151440181","KN294229v1","97510","97813","38","151342370"
"chr7","151499454","151499770","KN294365v1","795012","795312","37","150704442"
"chr7","151558938","151559248","KN295983v1","1536250","1536551","33","150022688"
"chr7","152028729","152028902","KN295708v1","801045","801213","29","151227684"
"chr7","152050046","152050349","KN295605v1","621515","621818","37","151428531"
"chr7","152095647","152095952","KN296403v1","558918","559229","43","151536729"
"chr7","152150258","152150545","KN296955v1","333943","334231","43","151816315"
"chr7","152182268","152182551","KN294536v1","1607732","1608024","42","150574536"
"chr7","152267668","152267969","KN296934v1","897698","898003","29","151369970"
"chr7","152419605","152419909","KN296145v1","2321020","2321322","33","150098585"
"chr7","152483001","152483295","KN296620v1","1064314","1064607","36","151418687"
"chr7","152490796","152491096","KN294501v1","104788","105092","34","152386008"
"chr7","152573690","152573999","KN296154v1","1901209","1901519","35","150672481"
"chr7","152611275","152611447","KN295302v1","340146","340305","37","152271129"
"chr7","152618035","152618318","KN296108v1","63524","63807","33","152554511"
"chr7","152624797","152625099","KN296825v1","1784014","1784319","43","150840783"
"chr7","152638455","152638746","KN294416v1","208870","209165","41","152429585"
"chr7","152640524","152640799","KN296877v1","495365","495644","44","152145159"
"chr7","152676960","152677270","KN295667v1","1687893","1688204","46","150989067"
"chr7","152716850","152717153","KN294387v1","2599087","2599393","29","150117763"
"chr7","152757798","152758109","KN296934v1","897698","898003","35","151860100"
"chr7","152836811","152837115","KN295034v1","476671","476975","47","152360140"
"chr7","152874829","152875126","KN296225v1","476174","476470","32","152398655"
"chr7","152886761","152887067","KN295667v1","1687893","1688204","39","151198868"
"chr7","152892537","152892828","KN297026v1","228587","228878","38","152663950"
"chr7","152899497","152899827","KN296308v1","871499","871827","54","152027998"
"chr7","153109454","153109755","KN295350v1","243779","244085","33","152865675"
"chr7","153139302","153139581","KN294539v1","2245383","2245665","37","150893919"
"chr7","153141978","153142283","KN295983v1","1536250","1536551","33","151605728"
"chr7","153146570","153146868","KN294873v1","1327978","1328280","35","151818592"
"chr7","153169747","153170051","KN294596v1","210718","211019","48","152959029"
"chr7","153233715","153234033","KN294387v1","2599087","2599393","44","150634628"
"chr7","153252450","153252736","KN296205v1","756673","756959","40","152495777"
"chr7","153268033","153268333","KN296153v1","3677943","3678242","41","149590090"
"chr7","153300897","153301229","KN294964v1","503039","503366","59","152797858"
"chr7","153318860","153319167","KN296864v1","783252","783562","32","152535608"
"chr7","153325618","153325911","KN296311v1","5192704","5193002","47","148132914"
"chr7","153362086","153362378","KN296759v1","638542","638840","50","152723544"
"chr7","153384113","153384352","KN296308v1","346619","346858","41","153037494"
"chr7","153387407","153387709","KN296430v1","444033","444342","49","152943374"
"chr7","153455323","153455587","KN296508v1","1444199","1444478","52","152011124"
"chr7","153478069","153478364","KN296743v1","1905429","1905726","33","151572640"
"chr7","153504202","153504514","KN295114v1","20941","21251","43","153483261"
"chr7","153516065","153516358","KN296403v1","494798","495091","38","153021267"
"chr7","153536562","153536870","KN294387v1","2599087","2599393","42","150937475"
"chr7","153559368","153559678","KN295725v1","1996226","1996536","37","151563142"
"chr7","153569720","153570019","KN296153v1","3677943","3678242","29","149891777"
"chr7","153580312","153580630","KN294167v1","270527","270842","43","153309785"
"chr7","153583373","153583669","KN297008v1","3405455","3405752","38","150177918"
"chr7","153608030","153608324","KN294407v1","2733858","2734151","30","150874172"
"chr7","153630090","153630398","KN295984v1","1146437","1146743","37","152483653"
"chr7","153635596","153635907","KN295607v1","4479027","4479333","49","149156569"
"chr7","153656136","153656447","KN295171v1","869545","869845","40","152786591"
"chr7","153659418","153659721","KN294539v1","761382","761684","35","152898036"
"chr7","153660656","153660948","KN294416v1","208870","209165","40","153451786"
"chr7","153662540","153662746","KN294790v1","901983","902186","38","152760557"
"chr7","153666907","153667169","KN295962v1","2137841","2138101","53","151529066"
"chr7","153669265","153669556","KN296244v1","86518","86815","37","153582747"
"chr7","153671847","153671925","KN295967v1","669708","669780","10","153002139"
"chr7","153684367","153684672","KN295096v1","2124655","2124956","39","151559712"
"chr7","153706913","153707208","KN296311v1","2428073","2428369","36","151278840"
"chr7","153721861","153722149","KN294848v1","1408889","1409183","38","152312972"
"chr7","153726033","153726331","KN295362v1","1024505","1024804","36","152701528"
"chr7","153726776","153726873","KN294501v1","1945995","1946091","21","151780781"
"chr7","153737703","153738013","KN294325v1","986307","986615","33","152751396"
"chr7","153745537","153745836","KN296430v1","330331","330626","27","153415206"
"chr7","153753210","153753509","KN294365v1","795012","795312","39","152958198"
"chr7","153777024","153777329","KN294501v1","104788","105092","39","153672236"
"chr7","153779093","153779396","KN294758v1","2268406","2268708","37","151510687"
"chr7","153810665","153810971","KN295257v1","443937","444244","39","153366728"
"chr7","153856804","153856893","KN295004v1","76648","76734","14","153780156"
"chr7","153866071","153866378","KN294172v1","4373504","4373816","37","149492567"
"chr7","153867340","153867642","KN295209v1","634423","634725","35","153232917"
"chr7","153869130","153869436","KN297047v1","741852","742155","36","153127278"
"chr7","153879392","153879698","KN295236v1","4576569","4576870","37","149302823"
"chr7","153893069","153893151","KN297154v1","1253331","1253406","19","152639738"
"chr7","153894091","153894317","KN294325v1","242229","242452","45","153651862"
"chr7","153903956","153904259","KN294758v1","2268406","2268708","37","151635550"
"chr7","153907580","153907886","KN297386v1","1846049","1846362","37","152061531"
"chr7","153930722","153931009","KN294407v1","2733858","2734151","37","151196864"
"chr7","153946037","153946331","KN294446v1","410629","410926","34","153535408"
"chr7","153950049","153950366","KN297046v1","2404296","2404613","49","151545753"
"chr7","153996518","153996817","KN296311v1","3721408","3721707","39","150275110"
"chr7","154212053","154212353","KN295977v1","249013","249314","34","153963040"
"chr7","154285607","154285881","KN294592v1","137983","138264","51","154147624"
"chr7","154399730","154400022","KN294161v1","265801","266094","38","154133929"
"chr7","154422334","154422636","KN296635v1","5170868","5171167","39","149251466"
"chr7","154456064","154456366","KN295241v1","7354","7661","35","154448710"
"chr7","154529259","154529559","KN294917v1","618557","618860","34","153910702"
"chr7","154585263","154585558","KN294991v1","1225134","1225431","44","153360129"
"chr7","154700772","154701073","KN296731v1","1681432","1681735","39","153019340"
"chr7","154714168","154714461","KN295996v1","997185","997479","38","153716983"
"chr7","154715317","154715596","KN294172v1","2999478","2999758","34","151715839"
"chr7","154792541","154792835","KN294439v1","72624","72920","39","154719917"
"chr7","154824182","154824464","KN296153v1","2309746","2310040","40","152514436"
"chr7","154847428","154847682","KN297190v1","1898062","1898317","42","152949366"
"chr7","154958742","154959047","KN294539v1","4347821","4348119","47","150610921"
"chr7","155015790","155016095","KN296306v1","535274","535582","39","154480516"
"chr7","155073230","155073540","KN294387v1","2599087","2599393","31","152474143"
"chr7","155092405","155092699","KN294439v1","72624","72920","30","155019781"
"chr7","155213350","155213638","KN296153v1","91872","92161","37","155121478"
"chr7","155232947","155233250","KN296306v1","752793","753101","29","154480154"
"chr7","155262282","155262580","KN296306v1","797540","797835","35","154464742"
"chr7","155287910","155288189","KN294210v1","883297","883578","37","154404613"
"chr7","155288464","155288761","KN297095v1","2087459","2087755","28","153201005"
"chr7","155345803","155346085","KN296306v1","883522","883801","23","154462281"
"chr7","155385591","155385897","KN296306v1","924423","924733","37","154461168"
"chr7","155467433","155467713","KN294824v1","383174","383459","40","155084259"
"chr7","155472691","155472819","KN294536v1","1647262","1647383","22","153825429"
"chr7","155539227","155539541","KN296252v1","427395","427704","39","155111832"
"chr7","155550940","155551240","KN296306v1","1093986","1094284","30","154456954"
"chr7","155564282","155564584","KN296306v1","1107788","1108086","31","154456494"
"chr7","155602937","155603240","KN296580v1","3502","3804","38","155599435"
"chr7","155728071","155728278","KN296306v1","1274633","1274848","28","154453438"
"chr7","155877786","155878080","KN296306v1","1327227","1327519","37","154550559"
"chr7","155922260","155922570","KN296306v1","1381248","1381572","42","154541012"
"chr7","155987195","155987482","KN297112v1","2008532","2008818","38","153978663"
"chr7","156089214","156089526","KN295114v1","20941","21251","37","156068273"
"chr7","156094467","156094749","KN296661v1","1303368","1303652","39","154791099"
"chr7","156109408","156109721","KN294668v1","2004094","2004404","42","154105314"
"chr7","156111905","156112221","KN295236v1","2360987","2361301","42","153750918"
"chr7","156227432","156227735","KN294239v1","1878400","1878713","39","154349032"
"chr7","156307563","156307873","KN294444v1","165242","165552","46","156142321"
"chr7","156314480","156314777","KN295561v1","256425","256726","42","156058055"
"chr7","156315503","156315813","KN296306v1","1779105","1779419","31","154536398"
"chr7","156319439","156319739","KN296306v1","1783379","1783669","35","154536060"
"chr7","156337876","156338167","KN295586v1","2450308","2450599","38","153887568"
"chr7","156343645","156343962","KN295667v1","1687893","1688204","40","154655752"
"chr7","156565071","156565378","KN296306v1","2022780","2023067","45","154542291"
"chr7","156791366","156791671","KN295441v1","1136391","1136697","40","155654975"
"chr7","156872464","156872618","KN296306v1","2257256","2257409","19","154615208"
"chr7","156889493","156889805","KN295962v1","932023","932335","38","155957470"
"chr7","156925591","156925881","KN296306v1","2309590","2309890","45","154616001"
"chr7","156944273","156944587","KN296153v1","3677943","3678242","39","153266330"
"chr7","156953965","156954237","KN296119v1","5465496","5465771","42","151488469"
"chr7","156957179","156957485","KN295450v1","211545","211851","35","156745634"
"chr7","156968108","156968402","KN295984v1","974577","974872","37","155993531"
"chr7","156992673","156992979","KN295294v1","2257197","2257499","38","154735476"
"chr7","157278474","157278784","KN296306v1","2661077","2661387","36","154617397"
"chr7","157304799","157305103","KN294261v1","106351","106657","47","157198448"
"chr7","157357477","157357783","KN296306v1","2739771","2740082","24","154617706"
"chr7","157457974","157458283","KN296306v1","2840074","2840385","36","154617900"
"chr7","157766962","157767255","KN294416v1","208870","209165","30","157558092"
"chr7","157826733","157827033","KN294407v1","249623","249924","36","157577110"
"chr7","157837757","157838068","KN296357v1","356792","357093","35","157480965"
"chr7","157840711","157840744","KN294548v1","925285","925325","14","156915426"
"chr7","157840745","157840988","KN294325v1","1309870","1310113","36","156530875"
"chr7","157849154","157849456","KN296311v1","3721408","3721707","28","154127746"
"chr7","157978540","157978827","KN294790v1","1007547","1007843","41","156970993"
"chr7","158046343","158046635","KN296153v1","91872","92161","35","157954471"
"chr7","158190296","158190610","KN296306v1","3613147","3613453","35","154577149"
"chr7","158192312","158192604","KN295995v1","1426233","1426527","34","156766079"
"chr7","158246337","158246646","KN295667v1","1687893","1688204","32","156558444"
"chr7","158256242","158256342","KN296306v1","3673865","3673965","11","154582377"
"chr7","158256990","158257294","KN297133v1","419676","419981","32","157837314"
"chr7","158282128","158282429","KN296306v1","3692811","3693110","19","154589317"
"chr7","158285753","158286051","KN294365v1","795012","795312","38","157490741"
"chr7","158323150","158323441","KN295586v1","2121175","2121468","37","156201975"
"chr7","158344292","158344594","KN297019v1","1233639","1233939","30","157110653"
"chr7","158410642","158410926","KN296306v1","3819684","3819967","33","154590958"
"chr7","158417882","158418175","KN295988v1","1588049","1588346","31","156829833"
"chr7","158432322","158432636","KN296306v1","3835792","3836106","26","154596530"
"chr7","158436246","158436555","KN296508v1","954335","954642","39","157481911"
"chr7","158459049","158459351","KN295984v1","868891","869195","45","157590158"
"chr7","158484623","158484937","KN297343v1","2142364","2142682","32","156342259"
"chr7","158495135","158495407","KN297343v1","2131044","2131310","31","156364091"
"chr7","158498900","158499186","KN296435v1","3246212","3246499","33","155252688"
"chr7","158567820","158568129","KN294385v1","25311","25621","40","158542509"
"chr7","158579585","158579889","KN294208v1","853291","853593","37","157726294"
"chr7","158604941","158605239","KN295883v1","666071","666367","42","157938870"
"chr7","158611642","158611950","KN295607v1","4479027","4479333","40","154132615"
"chr7","158613018","158613313","KN297343v1","2004491","2004785","32","156608527"
"chr7","158634399","158634625","KN294992v1","218793","219017","35","158415606"
"chr7","158642920","158643220","KN295096v1","2124655","2124956","35","156518265"
"chr7","158653934","158654245","KN295962v1","1921217","1921530","39","156732717"
"chr7","158665544","158665837","KN294446v1","410629","410926","36","158254915"
"chr7","158672977","158673283","KN296900v1","121631","121934","34","158551346"
"chr7","158673704","158674006","KN294260v1","621951","622250","32","158051753"
"chr7","158681172","158681473","KN294457v1","738194","738491","44","157942978"
"chr7","158688334","158688608","KN295523v1","511979","512260","44","158176355"
"chr7","158714207","158714471","KN296449v1","822","1085","36","158713385"
"chr7","158792666","158792980","KN297343v1","259818","260145","41","158532848"
"chr7","159010475","159010770","KN294167v1","406704","406998","33","158603771"
"chr7","159098260","159098538","KN294874v1","2070447","2070725","50","157027813"
"chr7","159153019","159153356","KN294234v1","2624811","2625127","44","156528208"
"chr7","159186388","159186438","KN296316v1","276796","276845","5","158909592"
"chr7","159187298","159187599","KN296495v1","519300","519607","42","158667998"
"chr7","159193838","159194171","KN294964v1","867709","868049","65","158326129"
"chr7","159194372","159194678","KN296119v1","6426036","6426336","48","152768336"
"chr7","159223302","159223649","KN294234v1","2624811","2625127","54","156598491"
"chr7","159278502","159278780","KN294874v1","2070447","2070725","50","157208055"
"chr7","159345206","159345497","KN296747v1","35746","36041","32","159309460"
"chr7","159354668","159354960","KN297133v1","419676","419981","45","158934992"
"chr7","159455339","159455622","KN295607v1","4402317","4402604","30","155053022"
"chr7","159543217","159543507","KN296635v1","5447621","5447911","41","154095596"
"chr7","159567599","159567891","KN294439v1","72624","72920","41","159494975"
"chr7","160062312","160062427","KN294452v1","1442021","1442130","27","158620291"
"chr7","160378985","160379287","KN295869v1","84375","84672","56","160294610"
"chr7","160397981","160398297","KN294588v1","494059","494353","61","159903922"
"chr7","160447005","160447118","KN296460v1","1702571","1702688","26","158744434"
"chr7","160724926","160725041","KN294452v1","1442021","1442130","27","159282905"
"chr7","161057431","161057548","KN294452v1","1442021","1442130","28","159615410"
"chr7","161365410","161365526","KN296460v1","1702571","1702688","27","159662839"
"chr7","161418822","161419124","KN297317v1","20735","21043","51","161398087"
"chr8","88080222","88080516","KN295984v1","974577","974872","36","87105645"
"chr8","4980651","4980978","KN296759v1","1006825","1007155","64","3973826"
"chr8","34471880","34472176","KN295814v1","667626","667923","38","33804254"
"chr8","46792676","46792974","KN294848v1","1408889","1409183","40","45383787"
"chr8","97124092","97124386","KN296040v1","548461","548761","38","96575631"
"chr8","78651","78955","KN297026v1","1059088","1059400","39","980437"
"chr8","134741","135031","KN297276v1","182647","182946","50","47906"
"chr8","322145","322454","KN296158v1","1672506","1672810","41","1350361"
"chr8","349733","350052","KN294234v1","2624811","2625127","24","2275078"
"chr8","358333","358623","KN295350v1","259303","259590","34","99030"
"chr8","1353302","1353612","KN294234v1","1706740","1707046","36","353438"
"chr8","1399002","1399320","KN296732v1","2013890","2014190","47","614888"
"chr8","1569397","1569696","KN296036v1","1076601","1076901","35","492796"
"chr8","1659632","1659949","KN295114v1","20941","21251","44","1638691"
"chr8","1669555","1669864","KN294172v1","835311","835619","32","834244"
"chr8","1669870","1670172","KN294207v1","557555","557856","39","1112315"
"chr8","1672937","1673244","KN294234v1","1410601","1410899","36","262336"
"chr8","1678435","1678732","KN294234v1","1405087","1405388","34","273348"
"chr8","1731452","1731754","KN295983v1","1536250","1536551","29","195202"
"chr8","1866993","1867340","KN296442v1","351981","352312","57","1515012"
"chr8","1885850","1886148","KN294662v1","79885","80185","40","1805965"
"chr8","1900213","1900508","KN294717v1","373979","374286","45","1526234"
"chr8","1912300","1912606","KN294234v1","1180390","1180694","34","731910"
"chr8","1913798","1914092","KN295077v1","585208","585503","31","1328590"
"chr8","2168666","2168980","KN294172v1","835311","835619","39","1333355"
"chr8","2181034","2181314","KN294257v1","1691202","1691485","50","489832"
"chr8","2240876","2241166","KN294234v1","872552","872825","44","1368324"
"chr8","2416487","2416792","KN294234v1","615280","615587","29","1801207"
"chr8","2471245","2471543","KN294260v1","621951","622250","35","1849294"
"chr8","2515063","2515364","KN295091v1","2420503","2420803","37","94560"
"chr8","2524020","2524309","KN294234v1","426322","426620","32","2097698"
"chr8","2566754","2567051","KN294365v1","795012","795312","42","1771742"
"chr8","2779548","2779859","KN294234v1","102633","102939","36","2676915"
"chr8","2985603","2985900","KN295965v1","94015","94311","35","2891588"
"chr8","3007513","3007806","KN295996v1","997185","997479","34","2010328"
"chr8","3112212","3112499","KN296435v1","3246212","3246499","40","134000"
"chr8","3197155","3197444","KN295523v1","3420209","3420501","35","223054"
"chr8","3241254","3241565","KN295667v1","1687893","1688204","43","1553361"
"chr8","3245529","3245833","KN295825v1","2280537","2280840","39","964992"
"chr8","3259627","3259922","KN295323v1","419047","419329","37","2840580"
"chr8","3338486","3338776","KN294739v1","616485","616779","41","2722001"
"chr8","3468754","3469049","KN295236v1","4394681","4394980","48","925927"
"chr8","3629348","3629597","KN296949v1","35284","35534","38","3594064"
"chr8","3651398","3651695","KN296759v1","638542","638840","45","3012856"
"chr8","3857313","3857556","KN295424v1","640051","640291","51","3217262"
"chr8","4200690","4200964","KN296609v1","672398","672674","42","3528292"
"chr8","4495910","4496193","KN297263v1","1198271","1198551","27","3297639"
"chr8","4548794","4549046","KN297097v1","318818","319076","41","4229976"
"chr8","4732553","4732824","KN295090v1","1314407","1314676","43","3418146"
"chr8","4759704","4760009","KN294662v1","79885","80185","36","4679819"
"chr8","4844946","4845254","KN295633v1","264317","264628","39","4580629"
"chr8","4887979","4888303","KN297048v1","117690","118000","46","4770289"
"chr8","4905754","4905949","KN295274v1","16651","16841","34","4889103"
"chr8","4930312","4930615","KN295091v1","2420503","2420803","39","2509809"
"chr8","5023566","5023781","KN297263v1","680066","680270","39","4343500"
"chr8","5134040","5134312","KN295243v1","302117","302391","41","4831923"
"chr8","5213793","5214080","KN295257v1","226236","226516","46","4987557"
"chr8","5279889","5280192","KN295854v1","1710543","1710845","36","3569346"
"chr8","5516169","5516469","KN295171v1","869545","869845","47","4646624"
"chr8","5595386","5595565","KN294739v1","1093016","1093221","57","4502370"
"chr8","5595677","5595811","KN294834v1","240385","240525","15","5355292"
"chr8","5778413","5778689","KN296174v1","482865","483160","45","5295548"
"chr8","5782513","5782812","KN296508v1","1784387","1784690","49","3998126"
"chr8","5996818","5997103","KN294325v1","13934","14224","43","5982884"
"chr8","6031671","6031964","KN294634v1","514588","514883","33","5517083"
"chr8","6033552","6033841","KN294407v1","2733858","2734151","44","3299694"
"chr8","6134569","6134891","KN294446v1","283411","283721","50","5851158"
"chr8","6276607","6276912","KN295441v1","1618043","1618347","34","4658564"
"chr8","6317879","6318092","KN296934v1","764213","764429","34","5553666"
"chr8","6321318","6321363","KN296158v1","841160","841204","6","5480158"
"chr8","6332963","6333255","KN294911v1","2187187","2187481","39","4145776"
"chr8","6361775","6362077","KN296153v1","3677943","3678242","34","2683832"
"chr8","6403223","6403493","KN294536v1","915830","916101","42","5487393"
"chr8","6426885","6427187","KN296153v1","2057313","2057618","45","4369572"
"chr8","6496101","6496394","KN294739v1","616485","616779","39","5879616"
"chr8","6585000","6585242","KN294966v1","94529","94776","48","6490471"
"chr8","6620014","6620319","KN296357v1","356792","357093","47","6263222"
"chr8","6718868","6719159","KN295995v1","1426233","1426527","29","5292635"
"chr8","6753005","6753301","KN296153v1","3677943","3678242","36","3075062"
"chr8","6759451","6759750","KN294439v1","269158","269457","36","6490293"
"chr8","6788598","6788901","KN294172v1","2028047","2028349","36","4760551"
"chr8","6851908","6852205","KN295171v1","580889","581191","43","6271019"
"chr8","6864839","6865173","KN294264v1","371563","371884","57","6493276"
"chr8","7025919","7026223","KN294916v1","1101","1405","37","7024818"
"chr8","7090358","7090658","KN295983v1","1536250","1536551","38","5554108"
"chr8","7129194","7129482","KN297404v1","243890","244177","39","6885304"
"chr8","7184336","7184484","KN296157v1","3765289","3765441","29","3419047"
"chr8","7455130","7455419","KN294911v1","4361649","4361947","43","3093481"
"chr8","7619276","7619576","KN296486v1","698399","698705","45","6920877"
"chr8","7659277","7659569","KN295633v1","131503","131796","46","7527774"
"chr8","7737528","7737854","KN295667v1","1687893","1688204","55","6049635"
"chr8","7761824","7761975","KN294842v1","466274","466425","26","7295550"
"chr8","7772692","7772991","KN294470v1","2793388","2793686","41","4979304"
"chr8","7781789","7782089","KN294326v1","423301","423597","39","7358488"
"chr8","7791157","7791446","KN295294v1","334706","334991","46","7456451"
"chr8","8107893","8108217","KN294264v1","371563","371884","57","7736330"
"chr8","8128682","8128795","KN296833v1","364639","364749","28","7764043"
"chr8","8130016","8130167","KN294842v1","466274","466425","29","7663742"
"chr8","8154628","8154921","KN295825v1","1555832","1556125","41","6598796"
"chr8","8164632","8164934","KN297442v1","2461526","2461820","46","5703106"
"chr8","8252992","8253296","KN295236v1","4576569","4576870","44","3676423"
"chr8","8277992","8278303","KN294717v1","373979","374286","40","7904013"
"chr8","8449551","8449845","KN297046v1","1841147","1841441","39","6608404"
"chr8","8484072","8484364","KN295633v1","131503","131796","46","8352569"
"chr8","8509059","8509346","KN297044v1","56927","57215","42","8452132"
"chr8","8549014","8549313","KN296580v1","3502","3804","37","8545512"
"chr8","8583265","8583372","KN295430v1","826037","826144","35","7757228"
"chr8","8584260","8584433","KN296119v1","3625254","3625431","33","4959006"
"chr8","8719183","8719493","KN294501v1","353047","353356","42","8366136"
"chr8","8734562","8734850","KN296609v1","605910","606202","37","8128652"
"chr8","8768164","8768493","KN296188v1","139436","139774","47","8628728"
"chr8","8913539","8913837","KN296588v1","813149","813445","39","8100390"
"chr8","8932241","8932528","KN296311v1","4110039","4110330","40","4822202"
"chr8","8974289","8974575","KN294733v1","316989","317272","33","8657300"
"chr8","8996626","8996924","KN297112v1","3867935","3868239","39","5128691"
"chr8","9046001","9046311","KN296019v1","506076","506386","48","8539925"
"chr8","9071694","9071975","KN294172v1","2999478","2999758","37","6072216"
"chr8","9098153","9098379","KN294992v1","218793","219017","37","8879360"
"chr8","9159671","9159973","KN296322v1","1334297","1334592","37","7825374"
"chr8","9202962","9203256","KN294375v1","301025","301318","37","8901937"
"chr8","9211215","9211516","KN294782v1","218842","219146","38","8992373"
"chr8","9256683","9256993","KN297390v1","1640938","1641250","36","7615745"
"chr8","9324674","9324989","KN295368v1","851565","851868","55","8473109"
"chr8","9366348","9366646","KN297227v1","1018475","1018768","33","8347873"
"chr8","9431202","9431476","KN297219v1","1672011","1672284","42","7759191"
"chr8","9443382","9443691","KN296859v1","1719114","1719417","43","7724268"
"chr8","9546850","9547113","KN296682v1","3014795","3015065","47","6532055"
"chr8","9589142","9589430","KN294172v1","2999478","2999758","31","6589664"
"chr8","9716085","9716403","KN295350v1","243779","244085","50","9472306"
"chr8","9722457","9722775","KN294366v1","260000","260306","50","9462457"
"chr8","9779724","9780032","KN294172v1","835311","835619","37","8944413"
"chr8","9835970","9836012","KN295736v1","2450623","2450667","6","7385347"
"chr8","9836015","9836293","KN297068v1","330442","330716","40","9505573"
"chr8","9999683","9999992","KN297317v1","20735","21043","41","9978948"
"chr8","10164836","10165162","KN294521v1","354184","354502","46","9810652"
"chr8","10186512","10186810","KN297074v1","214415","214699","40","9972097"
"chr8","10274680","10274976","KN296079v1","265721","266017","39","10008959"
"chr8","10287098","10287398","KN294251v1","2162030","2162331","42","8125068"
"chr8","10451750","10452046","KN295854v1","1466288","1466586","42","8985462"
"chr8","10475320","10475627","KN296403v1","558918","559229","43","9916402"
"chr8","10782196","10782502","KN294539v1","761382","761684","38","10020814"
"chr8","11055784","11056081","KN296495v1","178283","178580","44","10877501"
"chr8","11111175","11111481","KN295748v1","283051","283352","40","10828124"
"chr8","11174283","11174591","KN295320v1","67242","67549","44","11107041"
"chr8","11306742","11306793","KN296339v1","96550","96598","19","11210192"
"chr8","11320890","11321176","KN297117v1","557917","558200","42","10762973"
"chr8","11326225","11326512","KN296731v1","895171","895465","44","10431054"
"chr8","11430843","11431147","KN294717v1","373979","374286","34","11056864"
"chr8","11493175","11493471","KN294181v1","810707","811001","42","10682468"
"chr8","11507582","11507892","KN294181v1","1016789","1017103","45","10490793"
"chr8","11555526","11555808","KN294458v1","173350","173637","42","11382176"
"chr8","11713026","11713311","KN294536v1","1607732","1608024","48","10105294"
"chr8","11953819","11954063","KN294378v1","85186","85426","53","11868633"
"chr8","12027860","12028160","KN296153v1","3677943","3678242","39","8349917"
"chr8","12241136","12241367","KN296201v1","586124","586387","59","11655012"
"chr8","12257108","12257393","KN296485v1","501784","502071","35","11755324"
"chr8","12269133","12269431","KN294662v1","79885","80185","39","12189248"
"chr8","12351781","12352048","KN297041v1","116440","116717","49","12235341"
"chr8","12423463","12423777","KN297406v1","73141","73458","59","12350322"
"chr8","12496013","12496324","KN295671v1","156158","156468","35","12339855"
"chr8","12505119","12505412","KN294879v1","351077","351369","41","12154042"
"chr8","12565312","12565610","KN297095v1","1068856","1069150","45","11496456"
"chr8","12809324","12809630","KN294831v1","247548","247851","41","12561776"
"chr8","12889456","12889758","KN294917v1","618557","618860","40","12270899"
"chr8","12984373","12984657","KN295022v1","486627","486913","34","12497746"
"chr8","13087890","13088200","KN295871v1","866117","866427","45","12221773"
"chr8","13088248","13088539","KN294711v1","646506","646789","41","12441742"
"chr8","13103347","13103641","KN295236v1","3272996","3273288","38","9830351"
"chr8","13224456","13224737","KN297215v1","110088","110366","23","13114368"
"chr8","13281572","13281845","KN296406v1","543220","543487","49","12738352"
"chr8","13333849","13334139","KN297274v1","999103","999390","35","12334746"
"chr8","13381294","13381585","KN294172v1","5005049","5005345","47","8376245"
"chr8","13382186","13382441","KN294172v1","5882280","5882542","39","7499906"
"chr8","13800202","13800497","KN295096v1","2124655","2124956","31","11675547"
"chr8","13801164","13801472","KN296153v1","3677943","3678242","40","10123221"
"chr8","13842565","13842861","KN297133v1","1378586","1378879","39","12463979"
"chr8","13884721","13885019","KN297215v1","775306","775600","29","13109415"
"chr8","13886226","13886511","KN297215v1","776817","777104","38","13109409"
"chr8","13889800","13890092","KN296153v1","91872","92161","32","13797928"
"chr8","13942351","13942644","KN294378v1","860932","861225","35","13081419"
"chr8","13961681","13961976","KN297215v1","852928","853229","37","13108753"
"chr8","14173511","14173810","KN296580v1","3502","3804","30","14170009"
"chr8","14239052","14239374","KN294536v1","1859228","1859530","51","12379824"
"chr8","14296782","14296896","KN294501v1","4395193","4395305","19","9901589"
"chr8","14299365","14299674","KN295758v1","997500","997807","33","13301865"
"chr8","14330821","14331127","KN294717v1","373979","374286","34","13956842"
"chr8","14540124","14540424","KN294846v1","26929","27228","46","14513195"
"chr8","14730328","14730628","KN295548v1","1351646","1351948","32","13378682"
"chr8","14844092","14844310","KN295548v1","1240429","1240658","30","13603663"
"chr8","15053076","15053379","KN295112v1","343212","343513","42","14709864"
"chr8","15123984","15124274","KN297008v1","1840175","1840465","50","13283809"
"chr8","15177433","15177722","KN296062v1","2106200","2106493","38","13071233"
"chr8","15194215","15194509","KN296311v1","5192704","5193002","41","10001511"
"chr8","15212487","15212796","KN294161v1","657992","658299","47","14554495"
"chr8","15247497","15247805","KN296154v1","1901209","1901519","39","13346288"
"chr8","15248842","15249121","KN295548v1","835994","836273","17","14412848"
"chr8","15392987","15393273","KN295548v1","693543","693827","21","14699444"
"chr8","15398310","15398603","KN294966v1","89371","89664","33","15308939"
"chr8","15485256","15485560","KN296079v1","2241026","2241327","43","13244230"
"chr8","15598609","15598919","KN295667v1","1687893","1688204","42","13910716"
"chr8","15709404","15709713","KN295996v1","224761","225051","71","15484643"
"chr8","15716078","15716342","KN294527v1","91066","91318","50","15625012"
"chr8","15913023","15913307","KN295548v1","164084","164367","29","15748939"
"chr8","15920690","15920999","KN295936v1","1040084","1040396","42","14880606"
"chr8","15972428","15972748","KN294264v1","371563","371884","44","15600865"
"chr8","16123917","16124222","KN295550v1","1007565","1007867","43","15116352"
"chr8","16162619","16162927","KN295361v1","555090","555402","39","15607529"
"chr8","16240206","16240501","KN296153v1","3677943","3678242","31","12562263"
"chr8","16324001","16324298","KN295983v1","1664954","1665256","37","14659047"
"chr8","16416712","16417012","KN296133v1","239214","239508","36","16177498"
"chr8","16471554","16471845","KN294462v1","73428","73721","38","16398126"
"chr8","16500623","16500924","KN294239v1","1722431","1722728","35","14778192"
"chr8","16563418","16563721","KN295034v1","63947","64249","40","16499471"
"chr8","16656118","16656427","KN296403v1","558918","559229","43","16097200"
"chr8","16702011","16702313","KN294921v1","126144","126441","59","16575867"
"chr8","16873067","16873293","KN295633v1","669449","669671","38","16203618"
"chr8","16895371","16895678","KN296281v1","60300","60607","37","16835071"
"chr8","17012288","17012582","KN294407v1","2733858","2734151","32","14278430"
"chr8","17073109","17073412","KN295907v1","250478","250783","32","16822631"
"chr8","17292955","17293257","KN295923v1","1139114","1139409","43","16153841"
"chr8","17386920","17387147","KN295907v1","562241","562459","42","16824679"
"chr8","17906543","17906836","KN295907v1","1070155","1070449","26","16836388"
"chr8","17935145","17935456","KN297153v1","1366929","1367240","34","16568216"
"chr8","18038844","18038928","KN297046v1","1354457","1354545","15","16684387"
"chr8","18052583","18052857","KN295907v1","1195102","1195376","32","16857481"
"chr8","18095031","18095336","KN294208v1","853291","853593","39","17241740"
"chr8","18099972","18100284","KN295907v1","1246907","1247218","26","16853065"
"chr8","18106687","18106984","KN295907v1","1253096","1253393","21","16853591"
"chr8","18166221","18166491","KN295907v1","1315301","1315568","25","16850920"
"chr8","18217195","18217502","KN295907v1","1366936","1367239","28","16850259"
"chr8","18221921","18222223","KN294218v1","1633132","1633430","47","16588789"
"chr8","18278878","18279180","KN296495v1","1576932","1577234","37","16701946"
"chr8","18348267","18348488","KN296009v1","1395210","1395426","45","16953057"
"chr8","18382281","18382590","KN296406v1","531156","531464","34","17851125"
"chr8","18423061","18423382","KN294499v1","1836595","1836918","40","16586466"
"chr8","18439007","18439321","KN296738v1","24897","25205","34","18414110"
"chr8","18440091","18440400","KN296357v1","706115","706421","29","17733976"
"chr8","18444357","18444667","KN295441v1","1618043","1618347","44","16826314"
"chr8","18507759","18508064","KN297019v1","1233639","1233939","36","17274120"
"chr8","18514104","18514413","KN295907v1","1681552","1681861","26","16832552"
"chr8","18535628","18535939","KN295607v1","4479027","4479333","42","14056601"
"chr8","18559289","18559578","KN295907v1","1728643","1728930","26","16830646"
"chr8","18563267","18563570","KN296357v1","706115","706421","34","17857152"
"chr8","18622448","18622752","KN296495v1","2056834","2057132","36","16565614"
"chr8","18633260","18633562","KN295907v1","1804377","1804684","35","16828883"
"chr8","18644794","18644967","KN296505v1","1347124","1347294","32","17297670"
"chr8","18659263","18659571","KN294181v1","930133","930441","20","17729130"
"chr8","18665204","18665470","KN295379v1","21005","21269","40","18644199"
"chr8","18679246","18679550","KN294387v1","2599087","2599393","43","16080159"
"chr8","18697684","18697961","KN296503v1","697072","697345","38","18000612"
"chr8","18831809","18832112","KN295907v1","2005048","2005348","25","16826761"
"chr8","19091268","19091564","KN295907v1","2257700","2257990","22","16833568"
"chr8","19146278","19146568","KN297274v1","999103","999390","45","18147175"
"chr8","19158389","19158680","KN295633v1","131503","131796","42","19026886"
"chr8","19173031","19173336","KN295350v1","243779","244085","33","18929252"
"chr8","19188182","19188428","KN295433v1","566711","566958","37","18621471"
"chr8","19254453","19254756","KN295236v1","3672786","3673083","35","15581667"
"chr8","19269589","19269885","KN295984v1","974577","974872","35","18295012"
"chr8","19273499","19273791","KN295057v1","379008","379299","38","18894491"
"chr8","19342335","19342630","KN295907v1","2510711","2511008","32","16831624"
"chr8","19390556","19390859","KN297133v1","419676","419981","30","18970880"
"chr8","19393716","19394016","KN296580v1","3502","3804","38","19390214"
"chr8","19408913","19409217","KN296486v1","1321060","1321367","40","18087853"
"chr8","19422835","19423133","KN297197v1","1652825","1653120","36","17770010"
"chr8","19443177","19443478","KN295907v1","2550994","2551295","24","16892183"
"chr8","19612467","19612572","KN294685v1","929673","929780","12","18682794"
"chr8","19616981","19617252","KN295236v1","4288094","4288382","47","15328887"
"chr8","19619058","19619368","KN295236v1","3424373","3424682","44","16194685"
"chr8","19647425","19647718","KN296738v1","137767","138070","43","19509658"
"chr8","19650464","19650763","KN297159v1","1593950","1594247","33","18056514"
"chr8","19713938","19714246","KN294172v1","4623261","4623567","46","15090677"
"chr8","19780292","19780552","KN296449v1","822","1085","32","19779470"
"chr8","19804785","19805081","KN297008v1","2743729","2744025","37","17061056"
"chr8","19808269","19808568","KN294758v1","374673","374971","37","19433596"
"chr8","19899901","19900202","KN296732v1","2013890","2014190","30","17886011"
"chr8","19996415","19996702","KN296306v1","883522","883801","45","19112893"
"chr8","19999187","19999341","KN294842v1","466274","466425","21","19532913"
"chr8","20006596","20006888","KN294634v1","514588","514883","39","19492008"
"chr8","20192674","20192938","KN294292v1","24945","25210","27","20167729"
"chr8","20202257","20202557","KN294599v1","47586","47885","40","20154671"
"chr8","20212497","20212811","KN296635v1","1763595","1763919","40","18448902"
"chr8","20217130","20217415","KN294287v1","962698","962991","43","19254432"
"chr8","20266968","20267280","KN294717v1","373979","374286","34","19892989"
"chr8","20411379","20411658","KN296588v1","521340","521610","47","19890039"
"chr8","20535104","20535412","KN295652v1","311877","312183","28","20223227"
"chr8","20578791","20579140","KN296153v1","675273","675614","77","19903518"
"chr8","20603912","20604030","KN297320v1","1897288","1897411","18","18706624"
"chr8","20794808","20795093","KN295652v1","58222","58507","26","20736586"
"chr8","20868106","20868403","KN296062v1","1796687","1796987","34","19071419"
"chr8","20892179","20892472","KN296004v1","29555","29853","40","20862624"
"chr8","20962394","20962696","KN294387v1","1455868","1456171","41","19506526"
"chr8","21213255","21213536","KN295350v1","636567","636846","40","20576688"
"chr8","21302587","21302863","KN297274v1","1076900","1077174","39","20225687"
"chr8","21363735","21364037","KN294790v1","2021740","2022034","35","19341995"
"chr8","21371303","21371591","KN297159v1","1299047","1299334","33","20072256"
"chr8","21372293","21372603","KN294387v1","1455868","1456171","43","19916425"
"chr8","21379185","21379487","KN295967v1","725729","726020","51","20653456"
"chr8","21396361","21396668","KN297323v1","176102","176406","39","21220259"
"chr8","21400322","21400610","KN295692v1","3518009","3518300","44","17882313"
"chr8","21404877","21405185","KN295236v1","1764741","1765042","41","19640136"
"chr8","21420984","21421249","KN294957v1","58891","59154","39","21362093"
"chr8","21423412","21423582","KN295236v1","745238","745405","24","20678174"
"chr8","21565187","21565495","KN294630v1","494261","494558","48","21070926"
"chr8","21569192","21569482","KN296864v1","1145234","1145525","38","20423958"
"chr8","21571924","21572223","KN295580v1","1390","1690","33","21570534"
"chr8","21583968","21584242","KN294260v1","435334","435605","48","21148634"
"chr8","21757052","21757361","KN296252v1","427395","427704","42","21329657"
"chr8","21879421","21879718","KN294613v1","747893","748193","39","21131528"
"chr8","21960889","21961204","KN295413v1","22638","22943","38","21938251"
"chr8","22005120","22005349","KN295930v1","22710","22939","31","21982410"
"chr8","22138800","22139089","KN297165v1","1143723","1144010","33","20995077"
"chr8","22291361","22291666","KN296934v1","897698","898003","31","21393663"
"chr8","22351048","22351324","KN295573v1","520941","521218","39","21830107"
"chr8","22361242","22361530","KN294181v1","810707","811001","38","21550535"
"chr8","22397643","22397948","KN294387v1","2599087","2599393","42","19798556"
"chr8","22414930","22415240","KN295034v1","63947","64249","38","22350983"
"chr8","22545940","22546235","KN297197v1","4479080","4479382","39","18066860"
"chr8","22549099","22549427","KN295893v1","1737842","1738165","53","20811257"
"chr8","22609775","22610069","KN295459v1","1498869","1499159","46","21110906"
"chr8","22655381","22655667","KN297322v1","1385103","1385393","43","21270278"
"chr8","22718905","22719217","KN297000v1","49763","50071","37","22669142"
"chr8","22820401","22820710","KN295601v1","1120041","1120354","38","21700360"
"chr8","22863266","22863490","KN294325v1","242229","242452","33","22621037"
"chr8","22881257","22881565","KN294433v1","482950","483258","41","22398307"
"chr8","22934455","22934755","KN296119v1","2839887","2840182","40","20094568"
"chr8","23270049","23270173","KN294470v1","2771211","2771336","20","20498838"
"chr8","23273017","23273310","KN295487v1","96031","96319","44","23176986"
"chr8","23283567","23283623","KN295633v1","1291321","1291378","5","21992246"
"chr8","23291798","23292093","KN296836v1","16808","17102","39","23274990"
"chr8","23340979","23341272","KN294536v1","1607732","1608024","35","21733247"
"chr8","23429487","23429770","KN295102v1","177647","177925","37","23251840"
"chr8","23440929","23441222","KN296225v1","476174","476470","39","22964755"
"chr8","23487223","23487532","KN295257v1","443937","444244","35","23043286"
"chr8","23672218","23672472","KN294911v1","1958010","1958259","40","21714208"
"chr8","23701858","23702150","KN296153v1","91872","92161","37","23609986"
"chr8","23818134","23818430","KN295350v1","405055","405352","38","23413079"
"chr8","23831449","23831758","KN297038v1","2343556","2343866","43","21487893"
"chr8","23844957","23845256","KN296349v1","25993","26294","42","23818964"
"chr8","23897007","23897314","KN295117v1","272158","272456","39","23624849"
"chr8","23984559","23984857","KN295236v1","5210800","5211097","36","18773759"
"chr8","24064107","24064406","KN297046v1","2791168","2791468","33","21272939"
"chr8","24092845","24093143","KN295112v1","343212","343513","32","23749633"
"chr8","24139150","24139448","KN295034v1","63947","64249","37","24075203"
"chr8","24159844","24160145","KN297058v1","24871","25166","36","24134973"
"chr8","24164535","24164835","KN295090v1","743207","743511","34","23421328"
"chr8","24215189","24215498","KN296682v1","5408064","5408374","35","18807125"
"chr8","24236086","24236393","KN294758v1","374673","374971","38","23861413"
"chr8","24331987","24332285","KN296682v1","4806893","4807193","44","19525094"
"chr8","24354628","24354916","KN295294v1","2257197","2257499","49","22097431"
"chr8","24354917","24355217","KN297159v1","1901772","1902072","34","22453145"
"chr8","24450148","24450435","KN296682v1","5162407","5162700","26","19287741"
"chr8","24492069","24492370","KN296809v1","750243","750541","34","23741826"
"chr8","24494686","24494775","KN297046v1","1354457","1354545","9","23140229"
"chr8","24595053","24595348","KN296759v1","638542","638840","30","23956511"
"chr8","24626305","24626603","KN297322v1","1385103","1385393","43","23241202"
"chr8","24630520","24630817","KN294421v1","22671","22970","38","24607849"
"chr8","24665582","24665891","KN295729v1","1473593","1473887","39","23191989"
"chr8","24718185","24718480","KN296682v1","4895126","4895420","21","19823059"
"chr8","24732508","24732821","KN296263v1","258890","259202","39","24473618"
"chr8","24754333","24754642","KN295114v1","20941","21251","36","24733392"
"chr8","24757297","24757555","KN294444v1","3297","3556","30","24754000"
"chr8","24759189","24759499","KN296682v1","4859005","4859313","26","19900184"
"chr8","24763636","24763963","KN296682v1","4854544","4854851","53","19909092"
"chr8","24780888","24781203","KN296682v1","4837054","4837359","28","19943834"
"chr8","24788170","24788456","KN294510v1","5278","5564","36","24782892"
"chr8","24801487","24801787","KN296682v1","4817022","4817322","22","19984465"
"chr8","24811599","24811889","KN296682v1","4806893","4807193","36","20004706"
"chr8","24831221","24831518","KN297227v1","1018475","1018768","30","23812746"
"chr8","24868312","24868600","KN295102v1","214886","215171","33","24653426"
"chr8","24881614","24881893","KN296682v1","4737645","4737934","30","20143969"
"chr8","24891347","24891641","KN294462v1","73428","73721","32","24817919"
"chr8","24910287","24910573","KN296682v1","4708117","4708401","29","20202170"
"chr8","24921652","24921958","KN296959v1","1159791","1160090","42","23761861"
"chr8","24979325","24979609","KN296311v1","715482","715765","43","24263843"
"chr8","24988933","24989220","KN294229v1","72819","73113","51","24916114"
"chr8","25022813","25023118","KN296580v1","769273","769574","30","24253540"
"chr8","25029924","25030192","KN296682v1","4592142","4592410","24","20437782"
"chr8","25048666","25048961","KN295580v1","1390","1690","33","25047276"
"chr8","25090273","25090573","KN294662v1","79885","80185","36","25010388"
"chr8","25124262","25124553","KN295449v1","720465","720757","35","24403797"
"chr8","25128466","25128766","KN296726v1","212753","213045","35","24915713"
"chr8","25175911","25176210","KN296153v1","3677943","3678242","33","21497968"
"chr8","25310446","25310727","KN296682v1","4312591","4312877","26","20997855"
"chr8","25471114","25471411","KN295974v1","75089","75383","37","25396025"
"chr8","25576145","25576381","KN296682v1","4036432","4036673","25","21539713"
"chr8","25594992","25595298","KN294705v1","772747","773054","37","24822245"
"chr8","25602515","25602729","KN296682v1","4010332","4010560","32","21592183"
"chr8","25609455","25609765","KN295112v1","343212","343513","36","25266243"
"chr8","25717444","25717754","KN296682v1","3907360","3907665","40","21810084"
"chr8","25731114","25731410","KN296404v1","3895018","3895319","36","21836096"
"chr8","25821708","25822016","KN296682v1","3813591","3813903","25","22008117"
"chr8","25832192","25832501","KN294705v1","1891916","1892221","37","23940276"
"chr8","25850962","25851224","KN296167v1","864343","864610","36","24986619"
"chr8","25853372","25853677","KN296682v1","3779103","3779408","31","22074269"
"chr8","26037262","26037569","KN295090v1","755361","755671","41","25281901"
"chr8","26179269","26179567","KN296682v1","3453880","3454185","34","22725389"
"chr8","26248341","26248636","KN294218v1","2831459","2831758","41","23416882"
"chr8","26361538","26361850","KN294407v1","2595440","2595750","31","23766098"
"chr8","26449496","26449796","KN296290v1","702538","702843","28","25746958"
"chr8","26459963","26460257","KN294439v1","72624","72920","32","26387339"
"chr8","26463786","26464087","KN295171v1","869545","869845","34","25594241"
"chr8","26538696","26539009","KN295893v1","7068902","7069222","45","19469794"
"chr8","26579681","26579988","KN297133v1","419676","419981","31","26160005"
"chr8","26595860","26595895","KN294548v1","925285","925325","17","25670575"
"chr8","26595896","26596195","KN294717v1","311839","312142","42","26284057"
"chr8","26598042","26598340","KN297197v1","173467","173764","39","26424575"
"chr8","26632312","26632614","KN294387v1","2599087","2599393","36","24033225"
"chr8","26634853","26635121","KN295841v1","319403","319666","52","26315450"
"chr8","26652750","26653050","KN294416v1","208870","209165","29","26443880"
"chr8","26712128","26712410","KN296682v1","2926417","2926705","24","23785711"
"chr8","26753672","26753958","KN296322v1","1334297","1334592","34","25419375"
"chr8","26755506","26755808","KN296682v1","2881349","2881643","33","23874157"
"chr8","26772928","26773216","KN296682v1","2862843","2863133","23","23910085"
"chr8","26795492","26795787","KN294540v1","925328","925623","38","25870164"
"chr8","26882124","26882405","KN294172v1","2999478","2999758","40","23882646"
"chr8","26920607","26920899","KN296311v1","7650126","7650419","25","19270481"
"chr8","26922440","26922744","KN294181v1","930133","930441","36","25992307"
"chr8","27041039","27041337","KN297046v1","2791168","2791468","39","24249871"
"chr8","27061949","27062263","KN294387v1","2599087","2599393","46","24462862"
"chr8","27074428","27074722","KN294561v1","296837","297132","29","26777591"
"chr8","27079268","27079576","KN295257v1","443937","444244","34","26635331"
"chr8","27105103","27105409","KN294588v1","1492426","1492725","47","25612677"
"chr8","27115956","27116264","KN296042v1","627408","627715","42","26488548"
"chr8","27122214","27122526","KN296682v1","2502291","2502602","17","24619923"
"chr8","27140870","27141177","KN296682v1","2488291","2488596","33","24652579"
"chr8","27143071","27143354","KN296682v1","2486355","2486643","27","24656716"
"chr8","27164125","27164432","KN296682v1","2468185","2468486","31","24695940"
"chr8","27168356","27168631","KN296980v1","433309","433585","41","26735047"
"chr8","27182123","27182406","KN296682v1","2451609","2451896","29","24730514"
"chr8","27223740","27224023","KN296682v1","2412076","2412366","31","24811664"
"chr8","27228088","27228399","KN296019v1","434249","434555","38","26793839"
"chr8","27236026","27236323","KN296153v1","3677943","3678242","26","23558083"
"chr8","27386257","27386568","KN296682v1","2241239","2241544","32","25145018"
"chr8","27398649","27398772","KN297159v1","772276","772397","21","26626373"
"chr8","27460550","27460847","KN296682v1","2170556","2170850","33","25289994"
"chr8","27485879","27486180","KN295034v1","63947","64249","34","27421932"
"chr8","27497783","27498085","KN296424v1","214803","215104","38","27282980"
"chr8","27519410","27519721","KN296565v1","45013","45324","27","27474397"
"chr8","27523369","27523668","KN294662v1","79885","80185","37","27443484"
"chr8","27548592","27548891","KN295907v1","1253096","1253393","37","26295496"
"chr8","27610916","27611165","KN294520v1","1077386","1077636","49","26533530"
"chr8","27716966","27717278","KN296682v1","1908130","1908443","29","25808836"
"chr8","27719404","27719709","KN294387v1","2599087","2599393","30","25120317"
"chr8","27731221","27731525","KN295112v1","343212","343513","41","27388009"
"chr8","27961747","27962045","KN296682v1","1652718","1653020","24","26309029"
"chr8","28105164","28105455","KN296682v1","1516730","1517021","25","26588434"
"chr8","28197005","28197318","KN295114v1","20941","21251","47","28176064"
"chr8","28327552","28327857","KN296682v1","1297131","1297437","43","27030421"
"chr8","28363620","28363913","KN296682v1","1265491","1265792","28","27098129"
"chr8","28364806","28364951","KN296916v1","384745","384895","19","27980061"
"chr8","28508206","28508487","KN296682v1","1118151","1118432","24","27390055"
"chr8","28630674","28630963","KN295459v1","1614660","1614952","38","27016014"
"chr8","28639178","28639447","KN296682v1","991034","991301","22","27648144"
"chr8","28727557","28727891","KN296682v1","902663","902990","39","27824894"
"chr8","28733947","28734257","KN294372v1","2421304","2421611","40","26312643"
"chr8","28827412","28827701","KN295345v1","1379880","1380168","40","27447532"
"chr8","28892846","28893139","KN296495v1","269275","269576","45","28623571"
"chr8","28894017","28894322","KN296849v1","575797","576109","37","28318220"
"chr8","28917894","28918210","KN296682v1","706953","707264","38","28210941"
"chr8","28927424","28927725","KN296682v1","697342","697644","29","28230082"
"chr8","29165384","29165694","KN294433v1","482950","483258","35","28682434"
"chr8","29172795","29173105","KN296485v1","429084","429391","39","28743711"
"chr8","29204267","29204567","KN296682v1","420810","421103","32","28783457"
"chr8","29340026","29340336","KN296682v1","274716","275023","33","29065310"
"chr8","29389763","29390068","KN294848v1","1020772","1021081","42","28368991"
"chr8","29501904","29502174","KN296682v1","109437","109724","39","29392467"
"chr8","29536600","29536907","KN295263v1","261371","261683","48","29275229"
"chr8","29552867","29553176","KN295725v1","1552471","1552779","30","28000396"
"chr8","29561665","29561944","KN296682v1","56769","57049","31","29504896"
"chr8","29657998","29658297","KN296916v1","44658","44959","46","29613340"
"chr8","29659110","29659423","KN296916v1","45915","46211","43","29613195"
"chr8","29659652","29659987","KN297442v1","2079381","2079695","61","27580271"
"chr8","29725058","29725343","KN296916v1","111260","111555","36","29613798"
"chr8","29772101","29772396","KN296916v1","154023","154318","30","29618078"
"chr8","29856444","29856744","KN296916v1","238093","238395","23","29618351"
"chr8","29867131","29867431","KN294439v1","269158","269457","34","29597973"
"chr8","29904360","29904648","KN296916v1","291424","291711","28","29612936"
"chr8","29929475","29929783","KN296916v1","315276","315582","32","29614199"
"chr8","29957410","29957722","KN296916v1","342984","343297","26","29614426"
"chr8","29969420","29969715","KN294407v1","2733858","2734151","33","27235562"
"chr8","29976085","29976386","KN295830v1","73603","73905","33","29902482"
"chr8","29981156","29981467","KN296486v1","698399","698705","30","29282757"
"chr8","29984467","29984747","KN296916v1","367996","368276","25","29616471"
"chr8","29988762","29988939","KN294208v1","196967","197143","31","29791795"
"chr8","29996422","29996720","KN294662v1","79885","80185","30","29916537"
"chr8","30001678","30001988","KN296934v1","897698","898003","29","29103980"
"chr8","30025898","30026189","KN296916v1","406952","407246","27","29618946"
"chr8","30035727","30036009","KN294700v1","208419","208699","44","29827308"
"chr8","30042792","30043077","KN296916v1","421160","421455","34","29621632"
"chr8","30069736","30070023","KN296916v1","448543","448826","29","29621193"
"chr8","30070444","30070770","KN296079v1","1058961","1059282","49","29011483"
"chr8","30071214","30071497","KN297165v1","1143723","1144010","31","28927491"
"chr8","30075553","30075847","KN294499v1","1188346","1188643","48","28887207"
"chr8","30095658","30095945","KN296916v1","477077","477369","27","29618581"
"chr8","30120603","30120897","KN294739v1","616485","616779","33","29504118"
"chr8","30132570","30132859","KN296090v1","75023","75307","44","30057547"
"chr8","30133357","30133657","KN294662v1","79885","80185","35","30053472"
"chr8","30275869","30276144","KN295249v1","530269","530543","32","29745600"
"chr8","30437143","30437446","KN296731v1","1681432","1681735","41","28755711"
"chr8","30873437","30873729","KN296209v1","279955","280248","28","30593482"
"chr8","30946502","30946803","KN295814v1","842146","842452","30","30104356"
"chr8","30979405","30979707","KN294662v1","79885","80185","44","30899520"
"chr8","31307236","31307540","KN295096v1","2124655","2124956","39","29182581"
"chr8","31570055","31570362","KN295708v1","1954541","1954845","41","29615514"
"chr8","31619093","31619397","KN294717v1","373979","374286","36","31245114"
"chr8","31817408","31817708","KN296747v1","35746","36041","32","31781662"
"chr8","31871352","31871645","KN294373v1","1797030","1797337","45","30074322"
"chr8","32039397","32039697","KN296317v1","72","378","38","32039325"
"chr8","32059579","32059890","KN294373v1","1597926","1598238","31","30461653"
"chr8","32070405","32070702","KN296759v1","638542","638840","38","31431863"
"chr8","32135129","32135433","KN295596v1","2001489","2001787","42","30133640"
"chr8","32230272","32230562","KN294181v1","810707","811001","39","31419565"
"chr8","32585819","32586107","KN294373v1","1072222","1072520","40","31513597"
"chr8","32604494","32604628","KN295533v1","1134391","1134530","17","31470103"
"chr8","32712255","32712471","KN296311v1","3650206","3650424","37","29062049"
"chr8","32783863","32784104","KN294373v1","876106","876347","29","31907757"
"chr8","32813825","32814136","KN294444v1","165242","165552","36","32648583"
"chr8","32914625","32914930","KN295480v1","2672652","2672956","36","30241973"
"chr8","33221064","33221373","KN294685v1","34357","34661","47","33186707"
"chr8","33319703","33320005","KN294373v1","337836","338131","24","32981867"
"chr8","33338507","33338802","KN296357v1","356792","357093","41","32981715"
"chr8","33339937","33340244","KN295413v1","22638","22943","35","33317299"
"chr8","33368739","33368992","KN294161v1","1021926","1022175","35","32346813"
"chr8","33373213","33373519","KN294373v1","287062","287372","29","33086151"
"chr8","33465327","33465626","KN296759v1","638542","638840","43","32826785"
"chr8","33763451","33763758","KN295174v1","61957","62264","41","33701494"
"chr8","33768717","33769027","KN294848v1","1046524","1046833","39","32722193"
"chr8","33842089","33842376","KN296200v1","142894","143186","35","33699195"
"chr8","33846033","33846337","KN297159v1","1336140","1336443","48","32509893"
"chr8","33979062","33979370","KN294456v1","876419","876725","37","33102643"
"chr8","34055966","34056263","KN294501v1","104788","105092","40","33951178"
"chr8","34094144","34094449","KN297133v1","419676","419981","33","33674468"
"chr8","34107947","34108250","KN296732v1","2013890","2014190","30","32094057"
"chr8","34110312","34110604","KN294439v1","72624","72920","34","34037688"
"chr8","34166840","34167151","KN296009v1","636123","636432","33","33530717"
"chr8","34176488","34176773","KN297230v1","1127269","1127564","37","33049219"
"chr8","34239693","34240001","KN295735v1","1759690","1759996","43","32480003"
"chr8","34253068","34253377","KN296849v1","575797","576109","39","33677271"
"chr8","34317251","34317549","KN294387v1","2599087","2599393","51","31718164"
"chr8","34336456","34336575","KN295361v1","171226","171341","18","34165230"
"chr8","34338043","34338190","KN294181v1","1301795","1301938","20","33036248"
"chr8","34349919","34350210","KN294536v1","1607732","1608024","36","32742187"
"chr8","34350372","34350674","KN294501v1","104788","105092","34","34245584"
"chr8","34357880","34358185","KN295501v1","1005257","1005557","47","33352623"
"chr8","34373005","34373313","KN296153v1","2057313","2057618","37","32315692"
"chr8","34383571","34383857","KN296090v1","75023","75307","46","34308548"
"chr8","34393941","34394239","KN297019v1","1233639","1233939","39","33160302"
"chr8","34394657","34394963","KN295114v1","20941","21251","37","34373716"
"chr8","34415705","34416028","KN295356v1","1015473","1015808","61","33400232"
"chr8","34418548","34418687","KN296635v1","2077247","2077383","21","32341301"
"chr8","34420307","34420614","KN296404v1","1071088","1071415","55","33349219"
"chr8","34422631","34422925","KN295117v1","329951","330239","42","34092680"
"chr8","34449999","34450312","KN295114v1","20941","21251","37","34429058"
"chr8","34460299","34460602","KN295550v1","1007565","1007867","40","33452734"
"chr8","34462663","34462978","KN295667v1","1687893","1688204","44","32774770"
"chr8","34474876","34475182","KN294281v1","906292","906589","53","33568584"
"chr8","34502356","34502653","KN294385v1","18712","19011","27","34483644"
"chr8","34514417","34514708","KN295825v1","1555832","1556125","42","32958585"
"chr8","34517626","34517933","KN297444v1","450768","451079","39","34066858"
"chr8","34523123","34523430","KN295984v1","2205787","2206091","39","32317336"
"chr8","34527524","34527829","KN295708v1","1948345","1948646","45","32579179"
"chr8","34543391","34543702","KN296404v1","3095432","3095744","29","31447959"
"chr8","34556113","34556382","KN295995v1","945650","945923","51","33610463"
"chr8","34556914","34557210","KN294733v1","144055","144347","40","34412859"
"chr8","34576940","34577193","KN295526v1","384122","384388","52","34192818"
"chr8","34596823","34597124","KN296153v1","3677943","3678242","31","30918880"
"chr8","34604844","34605152","KN294387v1","2599087","2599393","34","32005757"
"chr8","34606049","34606353","KN296062v1","165336","165642","30","34440713"
"chr8","34616781","34617072","KN294592v1","1319879","1320174","36","33296902"
"chr8","34639395","34639693","KN294662v1","79885","80185","37","34559510"
"chr8","34654143","34654437","KN294739v1","616485","616779","33","34037658"
"chr8","34657895","34658189","KN297083v1","720792","721088","49","33937103"
"chr8","34670528","34670818","KN296153v1","3677943","3678242","34","30992585"
"chr8","34696338","34696638","KN294662v1","79885","80185","31","34616453"
"chr8","34703345","34703597","KN294444v1","3297","3556","32","34700048"
"chr8","34703710","34703804","KN294850v1","160848","160948","14","34542862"
"chr8","34707418","34707692","KN297264v1","12615","12885","39","34694803"
"chr8","34719239","34719527","KN295248v1","864102","864388","41","33855137"
"chr8","34730853","34731154","KN296153v1","3677943","3678242","30","31052910"
"chr8","34827205","34827496","KN295984v1","1244764","1245056","38","33582441"
"chr8","34919753","34920065","KN295667v1","1687893","1688204","37","33231860"
"chr8","34979329","34979638","KN294513v1","614988","615293","37","34364341"
"chr8","35020459","35020626","KN296573v1","16321","16482","29","35004138"
"chr8","35053965","35054276","KN296743v1","1416258","1416565","37","33637707"
"chr8","35067474","35067771","KN296153v1","3677943","3678242","37","31389531"
"chr8","35126436","35126736","KN296732v1","2013890","2014190","30","33112546"
"chr8","35192770","35193090","KN295171v1","869545","869845","48","34323225"
"chr8","35246866","35247153","KN295102v1","214886","215171","36","35031980"
"chr8","35255307","35255618","KN294717v1","373979","374286","37","34881328"
"chr8","35352748","35353054","KN294717v1","373979","374286","27","34978769"
"chr8","35380593","35380895","KN296759v1","638542","638840","35","34742051"
"chr8","35406479","35406787","KN296430v1","444033","444342","30","34962446"
"chr8","35430430","35430724","KN294439v1","269158","269457","43","35161272"
"chr8","35461568","35461879","KN296154v1","749205","749512","42","34712363"
"chr8","35465533","35465831","KN294407v1","2733858","2734151","36","32731675"
"chr8","35466472","35466783","KN296154v1","749205","749512","46","34717267"
"chr8","35471621","35471795","KN294479v1","373588","373767","25","35098033"
"chr8","35471796","35472099","KN296859v1","895216","895514","31","34576580"
"chr8","35495172","35495450","KN294239v1","334831","335118","43","35160341"
"chr8","35498129","35498420","KN294493v1","398644","398949","49","35099485"
"chr8","35521495","35521791","KN294536v1","1607732","1608024","36","33913763"
"chr8","35537279","35537574","KN294536v1","940479","940770","46","34596800"
"chr8","35572964","35573271","KN294172v1","835311","835619","43","34737653"
"chr8","35602554","35602846","KN296495v1","2056834","2057132","34","33545720"
"chr8","35621773","35622068","KN296430v1","330331","330626","34","35291442"
"chr8","35659504","35659784","KN297233v1","1211324","1211606","39","34448180"
"chr8","35662600","35662910","KN295114v1","20941","21251","36","35641659"
"chr8","35740725","35741023","KN294446v1","683085","683385","36","35057640"
"chr8","35767819","35768102","KN296883v1","1358037","1358325","37","34409782"
"chr8","35981786","35981994","KN296849v1","936599","936808","33","35045187"
"chr8","36024237","36024540","KN294717v1","373979","374286","33","35650258"
"chr8","36193187","36193492","KN296934v1","897698","898003","35","35295489"
"chr8","36266376","36266687","KN295382v1","230497","230807","37","36035879"
"chr8","36340005","36340162","KN296508v1","1877204","1877364","20","34462801"
"chr8","36346093","36346442","KN297245v1","1467019","1467372","65","34879074"
"chr8","36350161","36350489","KN296406v1","470066","470382","51","35880095"
"chr8","36356855","36357190","KN294739v1","260336","260663","52","36096519"
"chr8","36370379","36370690","KN295667v1","1687893","1688204","42","34682486"
"chr8","36413391","36413688","KN295171v1","869545","869845","30","35543846"
"chr8","36415502","36415804","KN296145v1","981445","981746","41","35434057"
"chr8","36485212","36485525","KN294717v1","373979","374286","47","36111233"
"chr8","36486111","36486424","KN295371v1","797343","797653","43","35688768"
"chr8","36493466","36493767","KN295907v1","2005048","2005348","32","34488418"
"chr8","36496536","36496668","KN296844v1","457555","457676","27","36038981"
"chr8","36498431","36498730","KN294439v1","269158","269457","48","36229273"
"chr8","36503534","36503844","KN294717v1","373979","374286","42","36129555"
"chr8","36508816","36509125","KN294717v1","373979","374286","40","36134837"
"chr8","36513697","36513997","KN294199v1","1521801","1522099","32","34991896"
"chr8","36531682","36531987","KN296934v1","897698","898003","37","35633984"
"chr8","36536259","36536589","KN296308v1","871499","871827","42","35664760"
"chr8","36538565","36538879","KN294842v1","473025","473335","42","36065540"
"chr8","36620203","36620496","KN295744v1","643156","643450","38","35977047"
"chr8","36637594","36637905","KN295236v1","3985587","3985900","34","32652007"
"chr8","36687876","36688173","KN294260v1","621951","622250","54","36065925"
"chr8","36703311","36703621","KN294717v1","373979","374286","38","36329332"
"chr8","36757082","36757339","KN294499v1","2518063","2518311","42","34239019"
"chr8","36780042","36780364","KN297038v1","2343556","2343866","39","34436486"
"chr8","36785596","36785828","KN297242v1","2310027","2310255","40","34475569"
"chr8","36816597","36816676","KN296836v1","515422","515498","17","36301175"
"chr8","36830232","36830540","KN295984v1","2017502","2017807","35","34812730"
"chr8","36936405","36936744","KN294539v1","761382","761684","76","36175023"
"chr8","37024043","37024340","KN295523v1","1281777","1282072","33","35742266"
"chr8","37043535","37043855","KN296406v1","470066","470382","40","36573469"
"chr8","37059801","37060110","KN296825v1","1911208","1911519","38","35148593"
"chr8","37249564","37249851","KN295573v1","510872","511161","41","36738692"
"chr8","37252808","37253095","KN295573v1","510872","511161","39","36741936"
"chr8","37261139","37261436","KN297259v1","2357226","2357525","40","34903913"
"chr8","37295591","37295879","KN296635v1","4770618","4770901","36","32524973"
"chr8","37303826","37304138","KN295667v1","1597592","1597903","43","35706234"
"chr8","37335260","37335559","KN296153v1","3677943","3678242","34","33657317"
"chr8","37384417","37384695","KN296609v1","1427834","1428110","47","35956583"
"chr8","37398320","37398638","KN294493v1","404130","404414","57","36994190"
"chr8","37492616","37492935","KN294571v1","2556561","2556885","43","34936055"
"chr8","37518822","37519124","KN294365v1","795012","795312","37","36723810"
"chr8","37535308","37535605","KN296306v1","3695174","3695472","39","33840134"
"chr8","37538024","37538335","KN295533v1","3007890","3008199","37","34530134"
"chr8","37547065","37547367","KN296153v1","3677943","3678242","43","33869122"
"chr8","37576355","37576651","KN297445v1","1326382","1326677","30","36249973"
"chr8","37584641","37584938","KN294439v1","269158","269457","34","37315483"
"chr8","37614897","37615185","KN294457v1","201551","201839","39","37413346"
"chr8","37618736","37619038","KN295112v1","343212","343513","33","37275524"
"chr8","37633220","37633470","KN297050v1","31210","31463","36","37602010"
"chr8","37652276","37652560","KN295697v1","103702","103984","41","37548574"
"chr8","37678673","37678968","KN294777v1","751157","751455","31","36927516"
"chr8","37778278","37778538","KN295430v1","1606937","1607192","36","36171341"
"chr8","37814078","37814389","KN294741v1","957024","957333","36","36857054"
"chr8","37844193","37844457","KN297112v1","2532916","2533190","59","35311277"
"chr8","37860734","37861017","KN295596v1","1495924","1496205","33","36364810"
"chr8","37879527","37879808","KN294172v1","6656193","6656471","39","31223334"
"chr8","37894605","37894913","KN294848v1","1020772","1021081","45","36873833"
"chr8","37895485","37895795","KN296042v1","627408","627715","47","37268077"
"chr8","37931718","37932014","KN295855v1","21394","21692","39","37910324"
"chr8","37932084","37932403","KN296926v1","775755","776062","43","37156329"
"chr8","37934554","37934857","KN296580v1","3502","3804","35","37931052"
"chr8","37936994","37937145","KN295459v1","1026280","1026430","27","36910714"
"chr8","37983580","37983866","KN295236v1","4288094","4288382","31","33695486"
"chr8","37984123","37984186","KN295974v1","794560","794619","8","37189563"
"chr8","37996950","37997249","KN296261v1","192045","192341","45","37804905"
"chr8","38019964","38020254","KN296635v1","5447621","5447911","37","32572343"
"chr8","38039736","38040038","KN296153v1","2208402","2208710","39","35831334"
"chr8","38046800","38047065","KN296449v1","822","1085","37","38045978"
"chr8","38048047","38048348","KN294499v1","2388373","2388665","43","35659674"
"chr8","38098031","38098328","KN294407v1","93660","93961","35","38004371"
"chr8","38153892","38154203","KN294396v1","118799","119115","32","38035093"
"chr8","38155081","38155392","KN294396v1","120005","120308","27","38035076"
"chr8","38264161","38264455","KN294167v1","406704","406998","36","37857457"
"chr8","38430115","38430398","KN297171v1","2607011","2607291","36","35823104"
"chr8","38465686","38465974","KN294239v1","223903","224191","33","38241783"
"chr8","38472123","38472419","KN294591v1","223436","223730","40","38248687"
"chr8","38481101","38481400","KN295722v1","1562392","1562691","35","36918709"
"chr8","38517344","38517656","KN295114v1","20941","21251","31","38496403"
"chr8","38541014","38541317","KN296145v1","3434479","3434782","42","35106535"
"chr8","38544176","38544485","KN296698v1","207355","207652","37","38336821"
"chr8","38558973","38559287","KN296833v1","343804","344118","36","38215169"
"chr8","38560347","38560653","KN297153v1","468776","469078","39","38091571"
"chr8","38579334","38579626","KN294416v1","208870","209165","32","38370464"
"chr8","38604112","38604371","KN296698v1","146400","146655","25","38457712"
"chr8","38684361","38684656","KN296698v1","66516","66809","22","38617845"
"chr8","38706957","38707264","KN296698v1","42215","42510","34","38664742"
"chr8","38712176","38712486","KN294239v1","1722431","1722728","48","36989745"
"chr8","38718846","38719146","KN295171v1","869545","869845","36","37849301"
"chr8","38735541","38735851","KN295114v1","20941","21251","32","38714600"
"chr8","38736074","38736397","KN296698v1","10049","10345","50","38726025"
"chr8","38743632","38743931","KN296698v1","2304","2603","33","38741328"
"chr8","38744682","38744978","KN294758v1","374673","374971","36","38370009"
"chr8","38754409","38754705","KN297274v1","1938285","1938568","46","36816124"
"chr8","38777830","38778129","KN296281v1","399415","399706","34","38378415"
"chr8","38818061","38818349","KN296281v1","361150","361449","34","38456911"
"chr8","38846767","38847069","KN296281v1","333805","334108","29","38512962"
"chr8","38868810","38869110","KN295907v1","1253096","1253393","33","37615714"
"chr8","38885591","38885892","KN296281v1","292390","292687","26","38593201"
"chr8","38888756","38889049","KN296281v1","289210","289501","24","38599546"
"chr8","38894900","38895211","KN295974v1","2285510","2285822","37","36609390"
"chr8","38971008","38971330","KN296281v1","213947","214265","34","38757061"
"chr8","38971334","38971654","KN296281v1","213644","213943","51","38757690"
"chr8","38973630","38973932","KN296281v1","211368","211660","28","38762262"
"chr8","39015310","39015617","KN297421v1","269231","269537","42","38746079"
"chr8","39029146","39029437","KN296281v1","157733","158020","31","38871413"
"chr8","39039215","39039513","KN294434v1","50479","50773","38","38988736"
"chr8","39068452","39068753","KN294172v1","5770836","5771132","36","33297616"
"chr8","39075107","39075191","KN295018v1","1159","1242","11","39073948"
"chr8","39077901","39078204","KN296732v1","2013890","2014190","37","37064011"
"chr8","39080543","39080838","KN295350v1","389964","390265","41","38690579"
"chr8","39099650","39099973","KN296281v1","83386","83712","43","39016264"
"chr8","39120559","39120859","KN296281v1","60300","60607","28","39060259"
"chr8","39158417","39158719","KN295096v1","2124655","2124956","42","37033762"
"chr8","39160312","39160644","KN295962v1","422758","423085","49","38737554"
"chr8","39161919","39162206","KN296281v1","19041","19331","28","39142878"
"chr8","39171796","39172100","KN296281v1","13473","13776","32","39158323"
"chr8","39177622","39177919","KN296281v1","924","1231","38","39176698"
"chr8","39189133","39189448","KN294899v1","1176935","1177249","47","38012198"
"chr8","39243281","39243586","KN294745v1","198172","198480","34","39045109"
"chr8","39278076","39278359","KN295244v1","403747","404032","42","38874329"
"chr8","39279232","39279532","KN294218v1","1633132","1633430","35","37646100"
"chr8","39301967","39302272","KN297046v1","2791168","2791468","44","36510799"
"chr8","39320951","39321262","KN295667v1","1687893","1688204","33","37633058"
"chr8","39327858","39328149","KN296062v1","2106200","2106493","34","37221658"
"chr8","39361296","39361573","KN295936v1","30401","30674","34","39330895"
"chr8","39374922","39375228","KN294745v1","69895","70203","25","39305027"
"chr8","39384176","39384477","KN295561v1","256425","256726","41","39127751"
"chr8","39385879","39386156","KN295090v1","1165047","1165331","42","38220832"
"chr8","39416993","39417281","KN296278v1","563596","563882","43","38853397"
"chr8","39444956","39445257","KN294439v1","257473","257771","41","39187483"
"chr8","39466173","39466477","KN297153v1","1366929","1367240","33","38099244"
"chr8","39477630","39477940","KN294536v1","1607732","1608024","42","37869898"
"chr8","39483350","39483650","KN297227v1","1054079","1054379","37","38429271"
"chr8","39484005","39484293","KN296714v1","44820","45119","39","39439185"
"chr8","39524057","39524366","KN295667v1","1687893","1688204","43","37836164"
"chr8","39530098","39530415","KN297046v1","2099842","2100156","44","37430256"
"chr8","39540805","39541070","KN294292v1","24945","25210","39","39515860"
"chr8","39561916","39562217","KN296019v1","178814","179119","30","39383102"
"chr8","39564641","39564940","KN297408v1","636019","636320","33","38928622"
"chr8","39566532","39566829","KN296859v1","895216","895514","36","38671316"
"chr8","39568575","39568877","KN296714v1","128246","128550","24","39440329"
"chr8","39569503","39569808","KN295171v1","580889","581191","44","38988614"
"chr8","39575855","39576186","KN297133v1","419676","419981","52","39156179"
"chr8","39614548","39614842","KN296714v1","185744","186034","41","39428804"
"chr8","39624762","39625066","KN295995v1","1426233","1426527","45","38198529"
"chr8","39660696","39660994","KN295983v1","1536250","1536551","39","38124446"
"chr8","39678137","39678443","KN295667v1","1746297","1746597","38","37931840"
"chr8","39711365","39711670","KN294613v1","339837","340140","37","39371528"
"chr8","39721397","39721660","KN296311v1","865932","866199","39","38855465"
"chr8","39727659","39727948","KN295717v1","1282068","1282360","34","38445591"
"chr8","40006525","40006796","KN297219v1","2564555","2564824","46","37441970"
"chr8","43830066","43830364","KN295977v1","249013","249314","45","43581053"
"chr8","43830777","43831070","KN294208v1","853291","853593","51","42977486"
"chr8","43834687","43834971","KN295666v1","614354","614638","46","43220333"
"chr8","44192026","44192314","KN296469v1","34942","35220","41","44157084"
"chr8","44305676","44305984","KN296157v1","2990826","2991137","38","41314850"
"chr8","44329631","44329926","KN295459v1","1614660","1614952","40","42714971"
"chr8","44344503","44344800","KN296133v1","239214","239508","46","44105289"
"chr8","44435613","44435916","KN294917v1","618557","618860","40","43817056"
"chr8","44575104","44575405","KN295315v1","1281087","1281387","42","43294017"
"chr8","44784563","44784873","KN295382v1","230497","230807","35","44554066"
"chr8","44804214","44804526","KN296142v1","345162","345471","21","44459052"
"chr8","44808581","44808873","KN296142v1","340829","341120","33","44467752"
"chr8","44889858","44890169","KN296142v1","320345","320654","29","44569513"
"chr8","44997207","44997509","KN294536v1","1859228","1859530","44","43137979"
"chr8","45302570","45302874","KN296153v1","3677943","3678242","38","41624627"
"chr8","45328839","45329135","KN295209v1","634423","634725","43","44694416"
"chr8","45336356","45336605","KN296145v1","3346783","3347016","42","41989573"
"chr8","45343410","45343701","KN296495v1","1017754","1018047","32","44325656"
"chr8","45414331","45414637","KN295533v1","2534496","2534805","41","42879835"
"chr8","45423084","45423379","KN294848v1","1408889","1409183","36","44014195"
"chr8","45450133","45450434","KN295236v1","1764741","1765042","37","43685392"
"chr8","45450594","45450897","KN294588v1","1492426","1492725","38","43958168"
"chr8","45465965","45466251","KN294539v1","297860","298139","65","45168105"
"chr8","45511433","45511741","KN295667v1","1687893","1688204","34","43823540"
"chr8","45545364","45545666","KN296682v1","5260055","5260361","38","40285309"
"chr8","45596476","45596775","KN294856v1","242815","243114","33","45353661"
"chr8","45602936","45602981","KN295907v1","1428753","1428799","5","44174183"
"chr8","45622716","45623011","KN295430v1","2568372","2568671","42","43054344"
"chr8","45630686","45630973","KN294456v1","669764","670055","40","44960922"
"chr8","45645404","45645695","KN296859v1","895216","895514","38","44750188"
"chr8","45667202","45667435","KN294325v1","242229","242452","38","45424973"
"chr8","45667735","45667817","KN295315v1","750131","750212","19","44917604"
"chr8","45668262","45668554","KN296158v1","692023","692317","37","44976239"
"chr8","45674708","45675009","KN296290v1","702538","702843","36","44972170"
"chr8","45683825","45684113","KN295236v1","4288094","4288382","40","41395731"
"chr8","45700754","45701052","KN296508v1","1602466","1602759","35","44098288"
"chr8","45720018","45720320","KN296381v1","91265","91569","29","45628753"
"chr8","45758078","45758367","KN294214v1","286915","287202","34","45471163"
"chr8","45778733","45779031","KN296357v1","356792","357093","33","45421941"
"chr8","45806624","45806922","KN295384v1","162403","162702","37","45644221"
"chr8","46035444","46035739","KN296481v1","288604","288899","30","45746840"
"chr8","46157252","46157378","KN294470v1","2095621","2095745","21","44061631"
"chr8","46254701","46255000","KN296594v1","192568","192865","34","46062133"
"chr8","46271682","46271990","KN296311v1","4819781","4820090","47","41451901"
"chr8","46463886","46464175","KN297044v1","56927","57215","36","46406959"
"chr8","46527808","46528100","KN295501v1","1005257","1005557","55","45522551"
"chr8","46530251","46530519","KN296062v1","1360916","1361201","48","45169335"
"chr8","46764473","46764776","KN295209v1","634423","634725","40","46130050"
"chr8","46863487","46863797","KN294456v1","876419","876725","46","45987068"
"chr8","47029355","47029667","KN296759v1","638542","638840","51","46390813"
"chr8","47255600","47255903","KN294501v1","104788","105092","42","47150812"
"chr8","47462164","47462466","KN295977v1","249013","249314","38","47213151"
"chr8","47630079","47630370","KN297293v1","419281","419572","36","47210798"
"chr8","47750167","47750459","KN295995v1","1426233","1426527","34","46323934"
"chr8","47755991","47756283","KN297314v1","218511","218802","39","47537480"
"chr8","47819467","47819755","KN297274v1","999103","999390","39","46820364"
"chr8","47827403","47827689","KN296442v1","1130989","1131276","35","46696414"
"chr8","47860421","47860723","KN297367v1","171251","171554","38","47689170"
"chr8","47878841","47879141","KN297390v1","119623","119924","40","47759218"
"chr8","48163654","48163933","KN296158v1","1636439","1636720","42","46527215"
"chr8","48526787","48527104","KN294578v1","615670","615980","51","47911117"
"chr8","48639688","48639993","KN296453v1","2272165","2272465","28","46367523"
"chr8","48692404","48692556","KN295667v1","1086574","1086717","35","47605830"
"chr8","48819783","48820086","KN296453v1","2082642","2082939","39","46737141"
"chr8","48874666","48874975","KN294387v1","2599087","2599393","37","46275579"
"chr8","48908785","48909073","KN295936v1","30401","30674","42","48878384"
"chr8","48965280","48965576","KN296486v1","595264","595560","33","48370016"
"chr8","48987070","48987381","KN296075v1","565878","566186","38","48421192"
"chr8","49034802","49035107","KN295667v1","1687893","1688204","42","47346909"
"chr8","49040649","49040957","KN296453v1","1857875","1858186","32","47182774"
"chr8","49208550","49208838","KN295459v1","1614660","1614952","33","47593890"
"chr8","49357270","49357548","KN295923v1","2321767","2322047","40","47035503"
"chr8","49391303","49391610","KN296158v1","692023","692317","46","48699280"
"chr8","49589577","49589870","KN297176v1","195338","195632","43","49394239"
"chr8","49623156","49623471","KN296528v1","120134","120444","35","49503022"
"chr8","49629034","49629337","KN296732v1","2013890","2014190","36","47615144"
"chr8","49668697","49669012","KN296453v1","1228985","1229296","35","48439712"
"chr8","49914738","49915066","KN296381v1","532746","533066","48","49381992"
"chr8","49939198","49939526","KN296453v1","958986","959305","40","48980212"
"chr8","50038894","50039204","KN296453v1","860036","860335","34","49178858"
"chr8","50045243","50045541","KN294385v1","18712","19011","34","50026531"
"chr8","50049315","50049597","KN296731v1","785362","785640","45","49263953"
"chr8","50096808","50097111","KN296453v1","804955","805255","35","49291853"
"chr8","50153553","50153788","KN294325v1","1309870","1310113","36","48843683"
"chr8","50158370","50158676","KN294407v1","2599527","2599837","34","47558843"
"chr8","50159939","50160244","KN294366v1","260000","260306","36","49899939"
"chr8","50222164","50222444","KN296108v1","63524","63807","36","50158640"
"chr8","50272712","50273024","KN296153v1","2057313","2057618","48","48215399"
"chr8","50300859","50301150","KN297095v1","1452898","1453193","33","48847961"
"chr8","50306660","50306978","KN294613v1","718920","719228","46","49587740"
"chr8","50309451","50309764","KN294613v1","718920","719228","43","49590531"
"chr8","50390051","50390353","KN296453v1","529669","529966","39","49860382"
"chr8","50407913","50408210","KN295205v1","1380376","1380671","36","49027537"
"chr8","50412943","50413240","KN295591v1","644212","644507","39","49768731"
"chr8","50458945","50459257","KN294251v1","606665","606979","64","49852280"
"chr8","50479273","50479580","KN295022v1","123209","123517","35","50356064"
"chr8","50499339","50499649","KN294571v1","572623","572929","44","49926716"
"chr8","50511967","50512275","KN296453v1","409065","409373","23","50102902"
"chr8","50553429","50553686","KN296453v1","376069","376323","27","50177360"
"chr8","50648026","50648307","KN296453v1","265598","265881","21","50382428"
"chr8","50753952","50754269","KN294387v1","2599087","2599393","41","48154865"
"chr8","50807536","50807837","KN295034v1","63947","64249","41","50743589"
"chr8","51106507","51106807","KN295580v1","1390","1690","33","51105117"
"chr8","51137459","51137686","KN295983v1","243040","243268","40","50894419"
"chr8","51388390","51388687","KN295096v1","2124655","2124956","36","49263735"
"chr8","51390193","51390507","KN296001v1","342938","343244","46","51047255"
"chr8","51423466","51423747","KN295294v1","334706","334991","46","51088760"
"chr8","51450110","51450416","KN294790v1","3288942","3289253","40","48161168"
"chr8","51567618","51567914","KN294456v1","96834","97129","31","51470784"
"chr8","51639704","51640001","KN297227v1","1018475","1018768","43","50621229"
"chr8","51649754","51650057","KN294447v1","221297","221604","39","51428457"
"chr8","51661099","51661376","KN297026v1","228587","228878","44","51432512"
"chr8","51662978","51663253","KN296314v1","33229","33508","31","51629749"
"chr8","51675115","51675413","KN297445v1","1326382","1326677","38","50348733"
"chr8","51688442","51688735","KN297044v1","811314","811606","33","50877128"
"chr8","51708013","51708297","KN296661v1","1303368","1303652","35","50404645"
"chr8","51754860","51755151","KN297190v1","3224355","3224642","33","48530505"
"chr8","51761879","51762185","KN294387v1","2140549","2140857","39","49621330"
"chr8","51768267","51768578","KN296775v1","905300","905611","42","50862967"
"chr8","51772318","51772611","KN294439v1","72624","72920","39","51699694"
"chr8","51776833","51777129","KN297153v1","1246542","1246840","33","50530291"
"chr8","51780236","51780519","KN296536v1","693184","693472","49","51087052"
"chr8","51796553","51796631","KN296635v1","3788039","3788111","14","48008514"
"chr8","51797538","51797778","KN295923v1","2244613","2244856","41","49552925"
"chr8","51819327","51819639","KN296948v1","1390511","1390817","40","50428816"
"chr8","51851543","51851828","KN295717v1","1870440","1870724","37","49981103"
"chr8","51861555","51861856","KN296145v1","981445","981746","42","50880110"
"chr8","51863709","51864017","KN296158v1","1672506","1672810","43","50191203"
"chr8","51867092","51867401","KN297452v1","2293568","2293874","34","49573524"
"chr8","51896194","51896508","KN297159v1","3466339","3466642","40","48429855"
"chr8","51909139","51909414","KN295936v1","30401","30674","34","51878738"
"chr8","51941610","51941917","KN294387v1","2599087","2599393","24","49342523"
"chr8","51950563","51950858","KN294790v1","1007547","1007843","32","50943016"
"chr8","51967631","51967926","KN294407v1","297182","297478","38","51670449"
"chr8","51997971","51998280","KN295871v1","1093938","1094249","39","50904033"
"chr8","52010841","52011153","KN295171v1","675269","675580","35","51335572"
"chr8","52013010","52013327","KN294717v1","373979","374286","37","51639031"
"chr8","52013510","52013814","KN296908v1","513287","513594","36","51500223"
"chr8","52029101","52029408","KN296311v1","5092316","5092620","31","46936785"
"chr8","52030517","52030819","KN294416v1","208870","209165","39","51821647"
"chr8","52038362","52038670","KN295294v1","842343","842650","38","51196019"
"chr8","52056004","52056306","KN294365v1","795012","795312","37","51260992"
"chr8","52101805","52102108","KN294172v1","4761492","4761794","41","47340313"
"chr8","52111402","52111691","KN296934v1","866727","867015","43","51244675"
"chr8","52118927","52119235","KN295114v1","20941","21251","39","52097986"
"chr8","52148881","52149192","KN294187v1","1346864","1347175","36","50802017"
"chr8","52158954","52159250","KN294416v1","208870","209165","36","51950084"
"chr8","52162463","52162689","KN294992v1","218793","219017","35","51943670"
"chr8","52181936","52182242","KN296934v1","897698","898003","33","51284238"
"chr8","52189469","52189773","KN296732v1","715076","715378","35","51474393"
"chr8","52196812","52197136","KN295459v1","899400","899723","44","51297412"
"chr8","52229723","52230025","KN294588v1","1492426","1492725","36","50737297"
"chr8","52244152","52244441","KN294187v1","1526075","1526365","37","50718077"
"chr8","52247284","52247593","KN296306v1","1446665","1446954","53","50800619"
"chr8","52249743","52250058","KN295607v1","4157862","4158184","47","48091881"
"chr8","52307908","52308190","KN297095v1","2087459","2087755","48","50220449"
"chr8","52381905","52382206","KN294758v1","2177308","2177606","35","50204597"
"chr8","52592557","52592812","KN295894v1","863247","863503","41","51729310"
"chr8","52702024","52702319","KN295907v1","2257700","2257990","37","50444324"
"chr8","52833748","52834034","KN295294v1","334706","334991","35","52499042"
"chr8","53000398","53000704","KN295459v1","1543442","1543739","44","51456956"
"chr8","53048457","53048758","KN295692v1","998365","998674","43","52050092"
"chr8","53177777","53178058","KN296063v1","151453","151735","30","53026324"
"chr8","53383433","53383726","KN295459v1","1614660","1614952","39","51768773"
"chr8","53489648","53489957","KN296062v1","531528","531834","43","52958120"
"chr8","53500533","53500832","KN294365v1","795012","795312","33","52705521"
"chr8","53515677","53515971","KN295362v1","1396884","1397183","36","52118793"
"chr8","53605065","53605376","KN295667v1","1687893","1688204","38","51917172"
"chr8","53606481","53606772","KN294407v1","249623","249924","39","53356858"
"chr8","53609403","53609705","KN294365v1","795012","795312","37","52814391"
"chr8","53643094","53643380","KN295350v1","493114","493401","35","53149980"
"chr8","53653105","53653383","KN295362v1","1262547","1262830","23","52390558"
"chr8","53676481","53676789","KN295362v1","1241050","1241362","26","52435431"
"chr8","53686691","53686988","KN295362v1","1230537","1230833","27","52456154"
"chr8","53717654","53717948","KN296062v1","2106200","2106493","31","51611454"
"chr8","53720129","53720424","KN295362v1","1195773","1196068","30","52524356"
"chr8","53727409","53727711","KN295171v1","869545","869845","40","52857864"
"chr8","53753054","53753344","KN296019v1","434249","434555","44","53318805"
"chr8","53773234","53773338","KN296117v1","86443","86544","16","53686791"
"chr8","53796696","53797005","KN296528v1","163768","164075","34","53632928"
"chr8","53805195","53805476","KN294685v1","1089074","1089357","31","52716121"
"chr8","53814990","53815286","KN296865v1","1674895","1675192","41","52140095"
"chr8","53826209","53826513","KN295449v1","1093597","1093900","43","52732612"
"chr8","53831731","53832027","KN295362v1","1083036","1083328","24","52748695"
"chr8","53834038","53834346","KN295205v1","791061","791364","39","53042977"
"chr8","53838461","53838769","KN297038v1","661781","662094","33","53176680"
"chr8","53849989","53850284","KN295362v1","1065272","1065570","29","52784717"
"chr8","53858911","53859215","KN296263v1","684495","684804","37","53174416"
"chr8","53863351","53863633","KN295362v1","1059434","1059715","39","52803917"
"chr8","53887718","53888014","KN295362v1","1024505","1024804","25","52863213"
"chr8","53893281","53893588","KN295748v1","283051","283352","43","53610230"
"chr8","53962133","53962418","KN296538v1","1870720","1871003","36","52091413"
"chr8","54081463","54081770","KN295236v1","3985587","3985900","38","50095876"
"chr8","54167256","54167566","KN296732v1","2013890","2014190","35","52153366"
"chr8","54168239","54168555","KN296180v1","2360776","2361083","65","51807463"
"chr8","54199346","54199640","KN294407v1","2733858","2734151","29","51465488"
"chr8","54248070","54248364","KN295362v1","660009","660303","24","53588061"
"chr8","54294510","54294785","KN297290v1","221534","221829","44","54072976"
"chr8","54326854","54327149","KN294561v1","810685","810981","35","53516169"
"chr8","54337793","54338085","KN295893v1","5492373","5492665","38","48845420"
"chr8","54417414","54417710","KN295362v1","487900","488193","45","53929514"
"chr8","54422584","54422899","KN295362v1","482887","483189","35","53939697"
"chr8","54601058","54601368","KN296541v1","2244383","2244691","44","52356675"
"chr8","54705538","54705850","KN295362v1","202612","202915","37","54502926"
"chr8","54767842","54768151","KN295706v1","40899","41204","36","54726943"
"chr8","54914682","54914990","KN295257v1","443937","444244","38","54470745"
"chr8","54949551","54949848","KN294747v1","670418","670717","37","54279133"
"chr8","55030160","55030449","KN294966v1","89371","89664","40","54940789"
"chr8","55148733","55149062","KN294456v1","876419","876725","54","54272314"
"chr8","55263099","55263146","KN294291v1","24179","24220","23","55238920"
"chr8","55265733","55265977","KN294527v1","91066","91318","41","55174667"
"chr8","55269046","55269340","KN295825v1","1555832","1556125","49","53713214"
"chr8","55451555","55451854","KN297127v1","131395","131695","36","55320160"
"chr8","55649596","55649896","KN296513v1","1529310","1529619","41","54120286"
"chr8","55733729","55734023","KN297046v1","1841147","1841441","51","53892582"
"chr8","55751701","55751996","KN294991v1","1565008","1565302","39","54186693"
"chr8","55928132","55928423","KN295523v1","3974463","3974753","38","51953669"
"chr8","55948847","55949149","KN296486v1","326566","326868","40","55622281"
"chr8","55974257","55974552","KN295523v1","3974463","3974753","39","51999794"
"chr8","56026102","56026358","KN296065v1","54144","54403","31","55971958"
"chr8","56247308","56247605","KN294758v1","374673","374971","31","55872635"
"chr8","56445847","56446154","KN297259v1","628392","628692","34","55817455"
"chr8","56732414","56732705","KN295633v1","131503","131796","40","56600911"
"chr8","57081374","57081662","KN295907v1","1253096","1253393","40","55828278"
"chr8","57104269","57104419","KN294181v1","1301795","1301938","18","55802474"
"chr8","57211494","57211767","KN294978v1","43213","43482","27","57168281"
"chr8","57541496","57541803","KN295962v1","1921217","1921530","31","55620279"
"chr8","57839275","57839577","KN294588v1","494059","494353","37","57345216"
"chr8","57867964","57868216","KN297375v1","286081","286336","37","57581883"
"chr8","57988792","57989098","KN296290v1","702538","702843","42","57286254"
"chr8","58010681","58010979","KN296062v1","2106200","2106493","38","55904481"
"chr8","58080126","58080422","KN295907v1","1253096","1253393","32","56827030"
"chr8","58252797","58253089","KN295708v1","1014721","1015018","42","57238076"
"chr8","58272542","58272788","KN294978v1","1135355","1135603","16","57137187"
"chr8","58326549","58326760","KN294978v1","1189593","1189804","17","57136956"
"chr8","58369677","58369909","KN295983v1","243040","243268","39","58126637"
"chr8","58371134","58371427","KN295090v1","1657716","1658013","27","56713418"
"chr8","58405209","58405465","KN294747v1","181185","181447","43","58224024"
"chr8","58527995","58528294","KN294439v1","269158","269457","38","58258837"
"chr8","58637706","58638013","KN295523v1","2519145","2519447","46","56118561"
"chr8","58695836","58695937","KN295117v1","250395","250496","17","58445441"
"chr8","58703929","58704236","KN294978v1","1558346","1558653","22","57145583"
"chr8","58722434","58722752","KN297153v1","1366929","1367240","46","57355505"
"chr8","58727290","58727563","KN294521v1","570667","570940","41","58156623"
"chr8","58858769","58859069","KN295995v1","1426233","1426527","43","57432536"
"chr8","58957071","58957376","KN294978v1","1800340","1800636","45","57156731"
"chr8","59096431","59096793","KN296745v1","21592","21940","75","59074839"
"chr8","59104186","59104480","KN294378v1","7667","7964","37","59096519"
"chr8","59254866","59255155","KN296849v1","262325","262616","39","58992541"
"chr8","59532752","59533058","KN296934v1","897698","898003","34","58635054"
"chr8","59550875","59551179","KN294662v1","79885","80185","41","59470990"
"chr8","59552612","59552904","KN294978v1","2402132","2402431","38","57150480"
"chr8","59555559","59555853","KN297095v1","2087459","2087755","33","57468100"
"chr8","59568931","59569244","KN294978v1","2418887","2419199","37","57150044"
"chr8","59759875","59760164","KN294966v1","89371","89664","37","59670504"
"chr8","59790635","59790951","KN297317v1","20735","21043","42","59769900"
"chr8","59845262","59845573","KN294978v1","2638435","2638727","39","57206827"
"chr8","59857619","59857884","KN297008v1","2640522","2640786","46","57217097"
"chr8","59864877","59865180","KN297276v1","182647","182946","36","59682230"
"chr8","60276278","60276582","KN294978v1","3069245","3069556","27","57207033"
"chr8","60346808","60347118","KN294539v1","2320327","2320629","46","58026481"
"chr8","60375496","60375795","KN294978v1","3169572","3169873","33","57205924"
"chr8","60777518","60777811","KN294978v1","3575196","3575482","28","57202322"
"chr8","60828986","60829289","KN295236v1","4576569","4576870","39","56252417"
"chr8","60953350","60953480","KN295045v1","1398170","1398297","26","59555180"
"chr8","60997467","60997782","KN294978v1","3795335","3795646","39","57202132"
"chr8","61005802","61006099","KN294978v1","3803594","3803892","29","57202208"
"chr8","61006298","61006599","KN295171v1","869545","869845","39","60136753"
"chr8","61012214","61012491","KN295936v1","30401","30674","33","60981813"
"chr8","61156134","61156424","KN294824v1","147930","148224","36","61008204"
"chr8","61164987","61165295","KN295701v1","728104","728414","47","60436883"
"chr8","61196378","61196671","KN294439v1","72624","72920","35","61123754"
"chr8","61391927","61392238","KN294978v1","4201212","4201522","29","57190715"
"chr8","61676525","61676820","KN295350v1","405055","405352","34","61271470"
"chr8","62244412","62244716","KN295501v1","298873","299172","50","61945539"
"chr8","62696168","62696502","KN295758v1","1175234","1175555","61","61520934"
"chr8","62817168","62817445","KN294208v1","737952","738224","50","62079216"
"chr8","62994774","62995042","KN297219v1","2564555","2564824","38","60430219"
"chr8","63095761","63096066","KN296900v1","121631","121934","38","62974130"
"chr8","63104351","63104641","KN297000v1","300195","300489","47","62804156"
"chr8","63144440","63144743","KN294758v1","374673","374971","41","62769767"
"chr8","63358896","63359074","KN296442v1","373839","374016","25","62985057"
"chr8","63383382","63383447","KN295894v1","1656478","1656541","8","61726904"
"chr8","63386237","63386535","KN297114v1","48586","48882","38","63337651"
"chr8","63401868","63402192","KN296825v1","453821","454132","36","62948047"
"chr8","63416108","63416260","KN295350v1","904782","904930","22","62511326"
"chr8","63416516","63416665","KN294592v1","1210286","1210432","23","62206230"
"chr8","63420888","63421195","KN296864v1","783252","783562","42","62637636"
"chr8","63432415","63432709","KN296825v1","484348","484642","27","62948067"
"chr8","63439145","63439320","KN294501v1","1936172","1936349","28","61502973"
"chr8","63447843","63448145","KN296825v1","494525","494835","33","62953318"
"chr8","63448891","63449195","KN296825v1","495593","495884","28","62953298"
"chr8","63488967","63489267","KN296825v1","538303","538612","25","62950664"
"chr8","63489405","63489713","KN295983v1","1664954","1665256","42","61824451"
"chr8","63506543","63506622","KN295004v1","76648","76734","13","63429895"
"chr8","63520864","63521162","KN295907v1","2005048","2005348","34","61515816"
"chr8","63595045","63595353","KN294588v1","1492426","1492725","37","62102619"
"chr8","63675004","63675315","KN295725v1","1996226","1996536","40","61678778"
"chr8","63782550","63782848","KN297219v1","434860","435161","33","63347690"
"chr8","63788588","63788896","KN296825v1","843842","844146","27","62944746"
"chr8","63820796","63821108","KN296825v1","875479","875792","34","62945317"
"chr8","63867838","63868141","KN294170v1","15681","15983","30","63852157"
"chr8","63926321","63926621","KN294407v1","849169","849464","34","63077152"
"chr8","63961527","63961816","KN296825v1","1017140","1017433","35","62944387"
"chr8","64074458","64074736","KN296825v1","1125158","1125425","27","62949300"
"chr8","64096127","64096423","KN296732v1","2013890","2014190","33","62082237"
"chr8","64101594","64101879","KN296096v1","3187219","3187506","34","60914375"
"chr8","64135995","64136276","KN296580v1","1062909","1063188","43","63073086"
"chr8","64150753","64151045","KN296825v1","1211862","1212153","26","62938891"
"chr8","64232682","64232980","KN296825v1","1283916","1284214","20","62948766"
"chr8","64366839","64367129","KN297044v1","56927","57215","46","64309912"
"chr8","64371294","64371581","KN294926v1","115475","115774","54","64255819"
"chr8","64412893","64413205","KN296864v1","783252","783562","42","63629641"
"chr8","64425351","64425651","KN296825v1","1482166","1482472","25","62943185"
"chr8","64491890","64492182","KN296495v1","2056834","2057132","37","62435056"
"chr8","64525338","64525639","KN295350v1","405055","405352","36","64120283"
"chr8","64528537","64528840","KN296825v1","1590489","1590798","31","62938048"
"chr8","64535145","64535447","KN297317v1","20735","21043","40","64514410"
"chr8","64550869","64551172","KN296825v1","1611971","1612281","25","62938898"
"chr8","64557199","64557506","KN294407v1","93660","93961","40","64463539"
"chr8","64560759","64561052","KN294634v1","514588","514883","29","64046171"
"chr8","64568602","64568905","KN296825v1","1629999","1630301","20","62938603"
"chr8","64579890","64580204","KN294218v1","2134447","2134756","38","62445443"
"chr8","64584643","64584924","KN296859v1","895216","895514","51","63689427"
"chr8","64654645","64654951","KN296825v1","1708209","1708517","29","62946436"
"chr8","64731207","64731509","KN296825v1","1784014","1784319","33","62947193"
"chr8","64745261","64745561","KN294662v1","79885","80185","31","64665376"
"chr8","64747953","64748251","KN296280v1","453801","454105","44","64294152"
"chr8","64755655","64755951","KN294214v1","314718","315012","34","64440937"
"chr8","64789371","64789665","KN296825v1","1838460","1838761","36","62950911"
"chr8","64820959","64821254","KN296759v1","638542","638840","43","64182417"
"chr8","64828100","64828403","KN296825v1","1871056","1871354","28","62957044"
"chr8","64848941","64849227","KN296825v1","1893016","1893302","20","62955925"
"chr8","64849599","64849919","KN295114v1","20941","21251","42","64828658"
"chr8","64864550","64864858","KN295236v1","3424373","3424682","38","61440177"
"chr8","64867906","64868160","KN294739v1","994750","995002","39","63873156"
"chr8","64894390","64894697","KN296825v1","1933021","1933331","29","62961369"
"chr8","64896322","64896620","KN296825v1","1935001","1935297","27","62961321"
"chr8","64956965","64957266","KN296825v1","1994945","1995245","20","62962020"
"chr8","64982582","64982885","KN296825v1","2019352","2019647","29","62963230"
"chr8","65176264","65176569","KN296825v1","2212638","2212944","30","62963626"
"chr8","65199156","65199454","KN294407v1","855008","855306","50","64344148"
"chr8","65211934","65212218","KN296311v1","3290781","3291072","40","61921153"
"chr8","65240365","65240656","KN296825v1","2276544","2276834","35","62963821"
"chr8","65251468","65251612","KN294668v1","2179035","2179176","16","63072433"
"chr8","65263872","65264165","KN296747v1","35746","36041","30","65228126"
"chr8","65281317","65281578","KN296825v1","2315831","2316081","31","62965486"
"chr8","65462868","65463184","KN296825v1","2487455","2487769","38","62975413"
"chr8","65536968","65537208","KN294536v1","1844801","1845042","54","63692167"
"chr8","65558221","65558528","KN296825v1","2584538","2584844","30","62973683"
"chr8","65625857","65626159","KN295601v1","2895150","2895452","29","62730707"
"chr8","65660643","65660951","KN296825v1","2695042","2695354","39","62965601"
"chr8","65707418","65707559","KN296825v1","2740359","2740500","7","62967059"
"chr8","65727632","65727926","KN296153v1","2057313","2057618","48","63670319"
"chr8","66117432","66117708","KN295410v1","185440","185711","41","65931992"
"chr8","66235141","66235451","KN295090v1","765618","765928","44","65469523"
"chr8","66277041","66277344","KN296759v1","638542","638840","36","65638499"
"chr8","66288624","66288829","KN294181v1","770602","770810","38","65518022"
"chr8","66559814","66560114","KN296404v1","106219","106515","39","66453595"
"chr8","66887731","66888021","KN294842v1","1896685","1896977","38","64991046"
"chr8","67069737","67070045","KN294262v1","2954079","2954389","41","64115658"
"chr8","67174121","67174432","KN294439v1","261107","261420","45","66913014"
"chr8","67296072","67296359","KN296682v1","4806893","4807193","49","62489179"
"chr8","67329494","67329790","KN297095v1","2087459","2087755","34","65242035"
"chr8","67496328","67496637","KN296404v1","3895018","3895319","36","63601310"
"chr8","67497812","67498093","KN294588v1","1796739","1797032","44","65701073"
"chr8","67571385","67571548","KN297274v1","747753","747910","28","66823632"
"chr8","67572994","67573296","KN295102v1","219757","220060","39","67353237"
"chr8","67626441","67626743","KN297019v1","1233639","1233939","36","66392802"
"chr8","67634371","67634664","KN294949v1","795128","795423","37","66839243"
"chr8","67677181","67677485","KN297312v1","547715","548011","35","67129466"
"chr8","67759010","67759305","KN294932v1","178844","179137","44","67580166"
"chr8","67766512","67766808","KN294513v1","735571","735866","47","67030941"
"chr8","67773643","67773921","KN296062v1","657166","657452","41","67116477"
"chr8","67827857","67828151","KN296158v1","360928","361220","37","67466929"
"chr8","67837985","67838287","KN297312v1","695344","695645","31","67142641"
"chr8","67848237","67848541","KN295983v1","1536250","1536551","28","66311987"
"chr8","67858113","67858406","KN297312v1","714342","714637","29","67143771"
"chr8","67880140","67880440","KN297146v1","464165","464468","37","67415975"
"chr8","67892952","67893254","KN294365v1","795012","795312","39","67097940"
"chr8","67903779","67904099","KN295701v1","941663","941973","53","66962116"
"chr8","67936434","67936734","KN294569v1","794098","794394","30","67142336"
"chr8","67967344","67967641","KN296153v1","3677943","3678242","32","64289401"
"chr8","67969217","67969518","KN296153v1","3677943","3678242","28","64291274"
"chr8","67970641","67970937","KN294569v1","756666","756970","29","67213975"
"chr8","67991122","67991276","KN295382v1","230809","230945","28","67760313"
"chr8","67994699","67995006","KN294407v1","2595440","2595750","47","65399259"
"chr8","68022728","68023020","KN294569v1","704058","704352","32","67318670"
"chr8","68158937","68159239","KN294569v1","569446","569745","33","67589491"
"chr8","68269584","68269873","KN297165v1","1143723","1144010","36","67125861"
"chr8","68297165","68297476","KN294569v1","429595","429901","30","67867570"
"chr8","68347028","68347337","KN294556v1","165992","166297","35","68181036"
"chr8","68369805","68370085","KN295350v1","636567","636846","36","67733238"
"chr8","68520078","68520368","KN294569v1","212023","212316","28","68308055"
"chr8","68575577","68575872","KN294569v1","158572","158877","31","68417005"
"chr8","68703918","68704018","KN294569v1","56908","57012","12","68647010"
"chr8","68799647","68799694","KN294911v1","2082596","2082641","11","66717051"
"chr8","68826107","68826407","KN295375v1","132628","132930","33","68693479"
"chr8","69086454","69086785","KN295080v1","264605","264914","44","68821849"
"chr8","69209175","69209389","KN295080v1","142996","143200","25","69066179"
"chr8","69279773","69280067","KN294848v1","1408889","1409183","33","67870884"
"chr8","69373991","69374296","KN294806v1","835206","835511","37","68538785"
"chr8","69804602","69804909","KN296430v1","444033","444342","34","69360569"
"chr8","70554885","70555195","KN295564v1","1004145","1004459","36","69550740"
"chr8","70920225","70920529","KN295564v1","630453","630752","27","70289772"
"chr8","71008636","71008936","KN295977v1","249013","249314","34","70759623"
"chr8","71080568","71080802","KN297095v1","3580075","3580303","88","67500493"
"chr8","71153625","71153945","KN294842v1","473025","473335","35","70680600"
"chr8","71155109","71155404","KN296158v1","692023","692317","33","70463086"
"chr8","71190610","71190818","KN295564v1","379450","379654","32","70811160"
"chr8","71225220","71225508","KN295987v1","1839037","1839320","34","69386183"
"chr8","71244443","71244753","KN295923v1","1447822","1448128","42","69796621"
"chr8","71260095","71260388","KN295923v1","1438272","1438565","35","69821823"
"chr8","71374942","71375227","KN295225v1","852978","853269","35","70521964"
"chr8","71376998","71377286","KN294561v1","296837","297132","43","71080161"
"chr8","71576033","71576315","KN295996v1","20361","20642","21","71555672"
"chr8","71658808","71659098","KN297095v1","1570174","1570460","39","70088634"
"chr8","71661488","71661778","KN297095v1","1570174","1570460","36","70091314"
"chr8","71733581","71733880","KN295996v1","180344","180648","30","71553237"
"chr8","71785280","71785560","KN295996v1","225767","226075","43","71559513"
"chr8","71819075","71819375","KN296153v1","3677943","3678242","31","68141132"
"chr8","71858428","71858746","KN294499v1","1948987","1949299","47","69909441"
"chr8","71866601","71866891","KN295996v1","300283","300578","28","71566318"
"chr8","71871765","71871854","KN294711v1","239718","239811","19","71632047"
"chr8","71892739","71893044","KN295171v1","209667","209966","36","71683072"
"chr8","71898516","71898823","KN295996v1","332846","333144","38","71565670"
"chr8","71918509","71918802","KN295996v1","352768","353055","32","71565741"
"chr8","71928340","71928634","KN295533v1","1552722","1553025","45","70375618"
"chr8","71934375","71934683","KN295114v1","20941","21251","34","71913434"
"chr8","71962745","71963030","KN295996v1","399749","400032","27","71562996"
"chr8","72014064","72014352","KN295820v1","372417","372708","40","71641647"
"chr8","72020210","72020382","KN296019v1","322703","322867","27","71697507"
"chr8","72039702","72039996","KN295996v1","476857","477154","26","71562845"
"chr8","72048321","72048619","KN295996v1","485726","486025","28","71562595"
"chr8","72106431","72106729","KN295996v1","544286","544581","36","71562145"
"chr8","72144229","72144390","KN296557v1","921510","921675","25","71222719"
"chr8","72159458","72159736","KN294964v1","1527363","1527638","43","70632095"
"chr8","72396448","72396670","KN294992v1","218793","219017","29","72177655"
"chr8","72544563","72544842","KN295996v1","964033","964317","29","71580530"
"chr8","72586954","72587246","KN295996v1","997185","997479","18","71589769"
"chr8","72659000","72659312","KN294614v1","41856","42168","32","72617144"
"chr8","73083960","73084266","KN295497v1","720813","721124","39","72363147"
"chr8","73505792","73506093","KN294614v1","873784","874085","16","72632008"
"chr8","73836957","73837264","KN295983v1","1536250","1536551","41","72300707"
"chr8","73858846","73859155","KN294614v1","1243794","1244106","45","72615052"
"chr8","73937628","73937910","KN296406v1","15906","16188","38","73921722"
"chr8","73972847","73973131","KN296311v1","7901481","7901775","44","66071366"
"chr8","74116747","74117047","KN294420v1","618613","618914","35","73498134"
"chr8","74139998","74140319","KN295236v1","1331788","1332104","54","72808210"
"chr8","74240115","74240413","KN294630v1","494261","494558","30","73745854"
"chr8","74327834","74328144","KN295667v1","1687893","1688204","46","72639941"
"chr8","75596639","75596932","KN296635v1","2359320","2359617","40","73237319"
"chr8","75853802","75854116","KN295667v1","1687893","1688204","43","74165909"
"chr8","75957424","75957727","KN294229v1","205014","205325","47","75752410"
"chr8","76142462","76142773","KN297322v1","1153290","1153598","43","74989172"
"chr8","76149940","76150225","KN297442v1","2461526","2461820","43","73688414"
"chr8","76411553","76411838","KN294199v1","1525122","1525406","36","74886431"
"chr8","76417204","76417492","KN295433v1","292665","292951","42","76124539"
"chr8","76512229","76512526","KN296229v1","454766","455059","33","76057463"
"chr8","76635064","76635368","KN296865v1","1674895","1675192","42","74960169"
"chr8","76885748","76886057","KN296508v1","954335","954642","42","75931413"
"chr8","76979883","76980194","KN297133v1","419676","419981","41","76560207"
"chr8","77132355","77132653","KN295523v1","985733","986032","38","76146622"
"chr8","77843053","77843344","KN297314v1","117021","117312","39","77726032"
"chr8","77878282","77878584","KN294378v1","1201462","1201768","40","76676820"
"chr8","77971138","77971438","KN296732v1","2013890","2014190","31","75957248"
"chr8","78141148","78141448","KN295225v1","1170058","1170357","38","76971090"
"chr8","78269744","78270036","KN294407v1","1931797","1932095","43","76337947"
"chr8","78280140","78280448","KN294292v1","136185","136494","37","78143955"
"chr8","78283193","78283486","KN294446v1","683085","683385","41","77600108"
"chr8","78296307","78296603","KN294172v1","4761492","4761794","40","73534815"
"chr8","78337952","78338233","KN294633v1","168403","168684","44","78169549"
"chr8","78339114","78339405","KN295294v1","1554269","1554556","54","76784845"
"chr8","78359978","78360079","KN297190v1","314519","314619","10","78045459"
"chr8","78371893","78372190","KN295814v1","1158228","1158525","36","77213665"
"chr8","78384378","78384658","KN296635v1","4770618","4770901","37","73613760"
"chr8","78441696","78441925","KN296513v1","296829","297055","37","78144867"
"chr8","78450915","78451213","KN296865v1","1674895","1675192","40","76776020"
"chr8","78455608","78455936","KN295667v1","1687893","1688204","44","76767715"
"chr8","78462559","78462845","KN295607v1","4402317","4402604","36","74060242"
"chr8","78465756","78466067","KN294991v1","516330","516639","37","77949426"
"chr8","78490845","78491152","KN294387v1","2599087","2599393","52","75891758"
"chr8","78545324","78545628","KN297019v1","1233639","1233939","37","77311685"
"chr8","78615168","78615472","KN294552v1","634677","634978","33","77980491"
"chr8","78621142","78621430","KN297112v1","2008532","2008818","40","76612610"
"chr8","78625430","78625737","KN294535v1","104652","104946","38","78520778"
"chr8","78776857","78776938","KN295735v1","656342","656421","15","78120515"
"chr8","78814612","78814899","KN295294v1","334706","334991","41","78479906"
"chr8","78859688","78859821","KN296859v1","1083380","1083506","18","77776308"
"chr8","78926307","78926490","KN294571v1","1169522","1169703","25","77756785"
"chr8","78939398","78939692","KN294536v1","1607732","1608024","30","77331666"
"chr8","79279456","79279744","KN297028v1","248603","248887","51","79030853"
"chr8","79588155","79588464","KN295263v1","261371","261683","43","79326784"
"chr8","79612498","79612657","KN296508v1","1877204","1877364","21","77735294"
"chr8","79714452","79714762","KN295586v1","4915074","4915376","49","74799378"
"chr8","79750433","79750726","KN297026v1","228587","228878","31","79521846"
"chr8","79759543","79759836","KN296004v1","29555","29853","48","79729988"
"chr8","79761052","79761358","KN294208v1","853291","853593","37","78907761"
"chr8","79770161","79770455","KN296609v1","263570","263862","41","79506591"
"chr8","79776152","79776450","KN296747v1","35746","36041","34","79740406"
"chr8","79871562","79871859","KN295294v1","3132769","3133075","35","76738793"
"chr8","79919162","79919464","KN296357v1","356792","357093","29","79562370"
"chr8","80076198","80076498","KN294365v1","795012","795312","33","79281186"
"chr8","80195248","80195557","KN296865v1","1474498","1474803","54","78720750"
"chr8","80246144","80246435","KN296004v1","359490","359791","44","79886654"
"chr8","80257603","80257901","KN294172v1","1630044","1630343","36","78627559"
"chr8","80298791","80299104","KN294444v1","165242","165552","39","80133549"
"chr8","80345424","80345722","KN296153v1","3677943","3678242","35","76667481"
"chr8","80412347","80412657","KN295667v1","1687893","1688204","40","78724454"
"chr8","80510728","80511032","KN295034v1","63947","64249","41","80446781"
"chr8","80527642","80527939","KN294561v1","810685","810981","42","79716957"
"chr8","80634107","80634394","KN295820v1","372417","372708","35","80261690"
"chr8","80765569","80765859","KN294728v1","863828","864110","43","79901741"
"chr8","81611409","81611697","KN295441v1","485205","485492","44","81126204"
"chr8","81623140","81623445","KN295354v1","135435","135738","40","81487705"
"chr8","81844523","81844824","KN296042v1","513932","514233","36","81330591"
"chr8","81929157","81929475","KN294239v1","378113","378422","46","81551044"
"chr8","81953822","81954136","KN295666v1","840203","840514","37","81113619"
"chr8","81958323","81958624","KN296042v1","635001","635311","32","81323322"
"chr8","82379867","82380178","KN295930v1","389847","390154","34","81990020"
"chr8","83056417","83056723","KN294662v1","79885","80185","36","82976532"
"chr8","83199444","83199490","KN295371v1","581648","581695","8","82617796"
"chr8","83267746","83268048","KN297219v1","434860","435161","36","82832886"
"chr8","83268246","83268548","KN294407v1","93660","93961","32","83174586"
"chr8","83332466","83332751","KN295692v1","3669223","3669509","32","79663243"
"chr8","83352777","83353081","KN294717v1","373979","374286","36","82978798"
"chr8","83368358","83368646","KN296296v1","50084","50379","33","83318274"
"chr8","83417807","83418109","KN296528v1","1436873","1437172","33","81980934"
"chr8","83438099","83438392","KN296732v1","498634","498931","35","82939465"
"chr8","83439913","83440224","KN296934v1","897698","898003","37","82542215"
"chr8","83530880","83531189","KN296140v1","777217","777517","38","82753663"
"chr8","83583951","83584197","KN296614v1","20173","20414","47","83563778"
"chr8","83623139","83623442","KN295350v1","243779","244085","37","83379360"
"chr8","83628705","83629007","KN295034v1","63947","64249","37","83564758"
"chr8","83733727","83734064","KN296268v1","192340","192671","50","83541387"
"chr8","83754058","83754351","KN294588v1","494059","494353","40","83259999"
"chr8","83762435","83762741","KN295171v1","869545","869845","42","82892890"
"chr8","84044818","84045128","KN294552v1","1602016","1602327","42","82442802"
"chr8","84209244","84209550","KN297361v1","94282","94576","42","84114962"
"chr8","84235281","84235563","KN296322v1","1817385","1817672","47","82417896"
"chr8","84318738","84319050","KN295983v1","1664954","1665256","50","82653784"
"chr8","84448204","84448504","KN296153v1","3677943","3678242","59","80770261"
"chr8","84529577","84529877","KN297112v1","2387840","2388136","34","82141737"
"chr8","84535611","84535910","KN296153v1","3677943","3678242","27","80857668"
"chr8","84536674","84536934","KN295994v1","884214","884488","50","83652460"
"chr8","84588172","84588483","KN295406v1","214517","214825","40","84373655"
"chr8","84622130","84622428","KN297050v1","118941","119241","35","84503189"
"chr8","84623278","84623414","KN294668v1","2179035","2179176","24","82444243"
"chr8","84633547","84633844","KN295893v1","1337385","1337679","31","83296162"
"chr8","84685806","84686103","KN295983v1","1536250","1536551","31","83149556"
"chr8","84964095","84964395","KN295977v1","249013","249314","40","84715082"
"chr8","85056777","85057119","KN295077v1","608068","608395","61","84448709"
"chr8","85124159","85124454","KN295032v1","272356","272651","36","84851803"
"chr8","85222154","85222447","KN295225v1","852978","853269","31","84369176"
"chr8","85405499","85405810","KN295413v1","22638","22943","33","85382861"
"chr8","85413660","85413969","KN294717v1","373979","374286","37","85039681"
"chr8","85653356","85653663","KN295692v1","998365","998674","36","84654991"
"chr8","85774579","85774883","KN294372v1","2175029","2175333","34","83599550"
"chr8","85975477","85975703","KN296311v1","3650206","3650424","35","82325271"
"chr8","86002852","86003141","KN295667v1","113157","113445","37","85889695"
"chr8","86097036","86097327","KN297197v1","173467","173764","43","85923569"
"chr8","86162388","86162695","KN296821v1","887980","888281","48","85274408"
"chr8","86169894","86170166","KN296846v1","704218","704490","24","85465676"
"chr8","86193053","86193357","KN295057v1","897213","897511","40","85295840"
"chr8","86334406","86334732","KN294326v1","28879","29191","55","86305527"
"chr8","86503664","86503962","KN296846v1","372816","373106","39","86130848"
"chr8","86549958","86550273","KN296846v1","317199","317511","38","86232759"
"chr8","86555888","86556175","KN296846v1","312200","312491","18","86243688"
"chr8","86792628","86792925","KN294161v1","265801","266094","30","86526827"
"chr8","86808411","86808719","KN295114v1","20941","21251","35","86787470"
"chr8","87099980","87100278","KN296231v1","265365","265669","37","86834615"
"chr8","87147017","87147308","KN295375v1","1178984","1179264","58","85968033"
"chr8","87579144","87579413","KN294218v1","2770774","2771040","42","84808370"
"chr8","87735370","87735659","KN294995v1","61376","61672","44","87673994"
"chr8","87932452","87932752","KN294556v1","56902","57199","39","87875550"
"chr8","87979452","87979740","KN297095v1","1515149","1515433","38","86464303"
"chr8","87984518","87984820","KN296004v1","359490","359791","37","87625028"
"chr8","88102918","88103222","KN295725v1","1996226","1996536","41","86106692"
"chr8","88210791","88211099","KN295441v1","1669072","1669371","34","86541719"
"chr8","88340372","88340634","KN294444v1","3297","3556","35","88337075"
"chr8","88525206","88525509","KN296738v1","137767","138070","37","88387439"
"chr8","88859596","88859906","KN295983v1","1536250","1536551","46","87323346"
"chr8","89154771","89155083","KN295930v1","389847","390154","35","88764924"
"chr8","89290494","89290784","KN295721v1","197604","197890","35","89092890"
"chr8","89388530","89388864","KN295713v1","422033","422343","49","88966497"
"chr8","89627690","89627983","KN296646v1","411005","411293","45","89216685"
"chr8","89870633","89870958","KN297046v1","2404296","2404613","50","87466337"
"chr8","89946633","89946954","KN295601v1","761243","761570","49","89185390"
"chr8","90097534","90097705","KN296311v1","4160742","4160909","26","85936792"
"chr8","90200239","90200535","KN295814v1","1158228","1158525","36","89042011"
"chr8","90209101","90209408","KN295984v1","868891","869195","35","89340210"
"chr8","90346111","90346423","KN295114v1","20941","21251","36","90325170"
"chr8","90367413","90367711","KN296153v1","3677943","3678242","35","86689470"
"chr8","90416887","90417167","KN297125v1","22244","22518","43","90394643"
"chr8","90501441","90501743","KN294717v1","373979","374286","47","90127462"
"chr8","90509649","90509964","KN296281v1","60300","60607","42","90449349"
"chr8","90660790","90661097","KN296357v1","706115","706421","38","89954675"
"chr8","90726509","90726818","KN294728v1","1530565","1530875","47","89195944"
"chr8","90863325","90863625","KN295586v1","2269065","2269364","43","88594260"
"chr8","90869489","90869809","KN297190v1","3418432","3418747","50","87451057"
"chr8","90935646","90935930","KN295090v1","1165047","1165331","31","89770599"
"chr8","91071969","91072279","KN294717v1","373979","374286","36","90697990"
"chr8","91122987","91123285","KN297445v1","1326382","1326677","34","89796605"
"chr8","91178114","91178409","KN294685v1","1072465","1072762","45","90105649"
"chr8","91236067","91236362","KN296365v1","113780","114072","37","91122287"
"chr8","91327452","91327764","KN296934v1","897698","898003","35","90429754"
"chr8","91372483","91372796","KN295114v1","20941","21251","33","91351542"
"chr8","91428793","91429097","KN294991v1","966174","966473","38","90462619"
"chr8","91443925","91444221","KN294846v1","26929","27228","44","91416996"
"chr8","91469373","91469669","KN297050v1","118941","119241","33","91350432"
"chr8","91527774","91528067","KN294416v1","208870","209165","37","91318904"
"chr8","91578452","91578746","KN294260v1","621951","622250","42","90956501"
"chr8","91682870","91683181","KN296508v1","509373","509684","41","91173497"
"chr8","91766999","91767263","KN295984v1","1160830","1161097","43","90606169"
"chr8","91860930","91861236","KN297322v1","1153290","1153598","35","90707640"
"chr8","91913883","91914179","KN295893v1","1560574","1560870","39","90353309"
"chr8","91921098","91921392","KN294588v1","494059","494353","36","91427039"
"chr8","91933634","91933928","KN295430v1","2412623","2412927","41","89521011"
"chr8","91942382","91942677","KN294462v1","73428","73721","35","91868954"
"chr8","91982914","91983166","KN294739v1","994750","995002","44","90988164"
"chr8","91985319","91985613","KN294739v1","616485","616779","30","91368834"
"chr8","91999439","91999728","KN294167v1","406704","406998","36","91592735"
"chr8","92031051","92031361","KN295367v1","57325","57637","33","91973726"
"chr8","92033155","92033456","KN297190v1","6787493","6787794","42","85245662"
"chr8","92054770","92055063","KN294457v1","199272","199561","38","91855498"
"chr8","92079427","92079725","KN295922v1","133613","133908","41","91945814"
"chr8","92151249","92151548","KN296424v1","617439","617738","33","91533810"
"chr8","92179027","92179275","KN295758v1","865842","866093","36","91313185"
"chr8","92222043","92222333","KN296040v1","568932","569222","37","91653111"
"chr8","92242458","92242759","KN295667v1","1687893","1688204","50","90554565"
"chr8","92437222","92437556","KN296188v1","139436","139774","47","92297786"
"chr8","92572270","92572566","KN296883v1","2840717","2841010","29","89731553"
"chr8","92639108","92639406","KN295854v1","1466288","1466586","30","91172820"
"chr8","92676344","92676650","KN294387v1","2599087","2599393","34","90077257"
"chr8","92708688","92709010","KN294685v1","1002030","1002360","75","91706658"
"chr8","92724383","92724680","KN296460v1","222096","222385","53","92502287"
"chr8","92728988","92729200","KN294539v1","11762","11974","35","92717226"
"chr8","92786763","92787050","KN294172v1","1490427","1490721","46","91296336"
"chr8","92901903","92902204","KN295257v1","443937","444244","35","92457966"
"chr8","92935062","92935374","KN294536v1","815642","815953","38","92119420"
"chr8","92958222","92958468","KN295236v1","2101654","2101894","29","90856568"
"chr8","92984664","92984975","KN296311v1","5716473","5716784","36","87268191"
"chr8","92993385","92993689","KN294387v1","2140549","2140857","31","90852836"
"chr8","92999091","92999390","KN296404v1","106219","106515","32","92892872"
"chr8","93011134","93011336","KN297154v1","992411","992612","32","92018723"
"chr8","93027437","93027713","KN295039v1","498778","499036","44","92528659"
"chr8","93053831","93054137","KN295039v1","472801","473109","34","92581030"
"chr8","93073080","93073390","KN295039v1","454451","454766","31","92618629"
"chr8","93128663","93128976","KN294387v1","2599087","2599393","38","90529576"
"chr8","93167334","93167635","KN295039v1","373590","373902","36","92793744"
"chr8","93214080","93214373","KN295039v1","323671","323967","30","92890409"
"chr8","93229060","93229356","KN296481v1","288604","288899","38","92940456"
"chr8","93238989","93239303","KN295039v1","297379","297699","36","92941610"
"chr8","93265720","93266031","KN295039v1","265612","265912","45","93000108"
"chr8","93293972","93294280","KN295039v1","235980","236281","40","93057992"
"chr8","93298561","93298859","KN295039v1","231792","232087","28","93066769"
"chr8","93342868","93343174","KN296646v1","106697","107010","45","93236171"
"chr8","93435106","93435420","KN295039v1","95761","96069","28","93339345"
"chr8","93640192","93640519","KN296308v1","871499","871827","47","92768693"
"chr8","93735212","93735520","KN296865v1","403115","403422","36","93332097"
"chr8","93746725","93747005","KN294210v1","883297","883578","33","92863428"
"chr8","93824754","93825033","KN294167v1","406704","406998","42","93418050"
"chr8","93911393","93911693","KN295907v1","2005048","2005348","34","91906345"
"chr8","93948372","93948683","KN297000v1","49763","50071","34","93898609"
"chr8","93965479","93965795","KN296635v1","3366039","3366351","39","90599440"
"chr8","94006268","94006439","KN295301v1","1649258","1649428","25","92357010"
"chr8","94039381","94039683","KN296732v1","2013890","2014190","34","92025491"
"chr8","94077604","94077900","KN294758v1","2189671","2189970","37","91887933"
"chr8","94090846","94091148","KN297314v1","3074","3384","35","94087772"
"chr8","94161589","94161746","KN294181v1","1760854","1761014","30","92400735"
"chr8","94161937","94162251","KN294747v1","226541","226835","50","93935396"
"chr8","94199944","94200226","KN297314v1","117021","117312","26","94082923"
"chr8","94479322","94479611","KN295225v1","852978","853269","36","93626344"
"chr8","94527272","94527575","KN297314v1","428927","429236","34","94098345"
"chr8","94587939","94588259","KN296481v1","263678","263991","40","94324261"
"chr8","94626751","94627052","KN294218v1","2831459","2831758","36","91795292"
"chr8","94639593","94639901","KN295962v1","465702","466014","43","94173891"
"chr8","94940696","94940974","KN297314v1","847408","847687","26","94093288"
"chr8","95010931","95011243","KN294292v1","56123","56434","39","94954808"
"chr8","95311069","95311111","KN295701v1","587679","587723","6","94723390"
"chr8","95589668","95589964","KN296991v1","997341","997639","35","94592327"
"chr8","95678227","95678518","KN295550v1","1039913","1040199","44","94638314"
"chr8","95680455","95680765","KN294471v1","599870","600180","36","95080585"
"chr8","95714389","95714643","KN294540v1","886155","886414","34","94828234"
"chr8","95764601","95764898","KN295936v1","160171","160464","36","95604430"
"chr8","95796133","95796439","KN295984v1","868891","869195","37","94927242"
"chr8","95805245","95805543","KN296759v1","638542","638840","31","95166703"
"chr8","95812096","95812218","KN295605v1","560858","560977","19","95251238"
"chr8","95812461","95812628","KN297008v1","2419","2580","23","95810042"
"chr8","95851917","95852224","KN296934v1","897698","898003","40","94954219"
"chr8","95866796","95867090","KN296513v1","1739204","1739508","40","94127592"
"chr8","95872570","95872856","KN295487v1","96031","96319","35","95776539"
"chr8","95878243","95878532","KN294561v1","810685","810981","36","95067558"
"chr8","95892045","95892340","KN295586v1","2121175","2121468","34","93770870"
"chr8","95911056","95911359","KN296732v1","2013890","2014190","30","93897166"
"chr8","95915917","95916218","KN294991v1","1239621","1239916","45","94676296"
"chr8","95919718","95920012","KN296079v1","6930","7220","32","95912788"
"chr8","95924462","95924744","KN295102v1","214886","215171","31","95709576"
"chr8","95932558","95932863","KN296732v1","2013890","2014190","43","93918668"
"chr8","95941029","95941327","KN296865v1","1674895","1675192","45","94266134"
"chr8","95941328","95941633","KN294387v1","2599087","2599393","45","93342241"
"chr8","95993373","95993683","KN296738v1","137767","138070","32","95855606"
"chr8","95995141","95995446","KN294668v1","2004094","2004404","34","93991047"
"chr8","95996015","95996305","KN295057v1","379008","379299","37","95617007"
"chr8","95998950","95999247","KN295907v1","2005048","2005348","41","93993902"
"chr8","96006252","96006551","KN294561v1","810685","810981","37","95195567"
"chr8","96029631","96029927","KN296153v1","3677943","3678242","30","92351688"
"chr8","96034586","96034894","KN294365v1","665653","665957","43","95368933"
"chr8","96055406","96055705","KN296938v1","814964","815264","46","95240442"
"chr8","96086914","96087003","KN296329v1","7648","7736","21","96079266"
"chr8","96092839","96093146","KN294181v1","930133","930441","32","95162706"
"chr8","96094987","96095281","KN296759v1","638542","638840","32","95456445"
"chr8","96097209","96097513","KN297046v1","2562618","2562921","40","93534591"
"chr8","96114870","96115129","KN294187v1","1074019","1074273","32","95040851"
"chr8","96145426","96145734","KN297274v1","62324","62636","38","96083102"
"chr8","96151843","96152144","KN296138v1","396417","396710","50","95755426"
"chr8","96153095","96153140","KN295371v1","581648","581695","4","95571447"
"chr8","96162735","96162898","KN295607v1","2327642","2327809","59","93835093"
"chr8","96163015","96163131","KN297386v1","1769570","1769682","18","94393445"
"chr8","96208903","96209208","KN296654v1","115316","115624","32","96093587"
"chr8","96221633","96221932","KN297367v1","171251","171554","32","96050382"
"chr8","96260778","96261080","KN295983v1","1536250","1536551","32","94724528"
"chr8","96300945","96301248","KN295705v1","1369810","1370111","39","94931135"
"chr8","96316245","96316547","KN296404v1","3895018","3895319","32","92421227"
"chr8","96328068","96328380","KN295744v1","354112","354413","43","95973956"
"chr8","96333038","96333328","KN294571v1","1694112","1694408","39","94638926"
"chr8","96398986","96399287","KN294359v1","5764","6064","46","96393222"
"chr8","96469941","96470233","KN296365v1","113780","114072","32","96356161"
"chr8","96482442","96482744","KN296357v1","356792","357093","37","96125650"
"chr8","96649041","96649332","KN294187v1","1526075","1526365","35","95122966"
"chr8","96753222","96753518","KN297445v1","1326382","1326677","32","95426840"
"chr8","96866901","96867193","KN294710v1","41620","41917","44","96825281"
"chr8","96928440","96928588","KN297095v1","245242","245385","17","96683198"
"chr8","96940020","96940311","KN296011v1","11688","11975","50","96928332"
"chr8","97002957","97003240","KN296153v1","91872","92161","51","96911085"
"chr8","97037844","97038148","KN297322v1","792278","792585","43","96245566"
"chr8","97070784","97071071","KN294630v1","64496","64788","34","97006288"
"chr8","97082057","97082339","KN296682v1","4848071","4848353","33","92233986"
"chr8","97093071","97093358","KN294456v1","645735","646031","41","96447336"
"chr8","97183424","97183729","KN297133v1","419676","419981","35","96763748"
"chr8","97203823","97204128","KN294717v1","373979","374286","36","96829844"
"chr8","97276221","97276528","KN296317v1","72","378","34","97276149"
"chr8","97371456","97371741","KN295302v1","134724","135005","49","97236732"
"chr8","97385087","97385388","KN296518v1","35982","36282","35","97349105"
"chr8","97396126","97396427","KN295526v1","245889","246193","28","97150237"
"chr8","97512940","97513255","KN296833v1","343804","344118","41","97169136"
"chr8","97623385","97623683","KN296319v1","694212","694504","47","96929173"
"chr8","97812997","97813287","KN295923v1","488045","488337","40","97324952"
"chr8","97957464","97957749","KN295441v1","262501","262791","49","97694963"
"chr8","98277103","98277400","KN295605v1","508904","509196","42","97768199"
"chr8","98322213","98322383","KN294837v1","424254","424421","27","97897959"
"chr8","98473968","98474273","KN295977v1","1252765","1253074","35","97221203"
"chr8","98544173","98544474","KN297184v1","292334","292645","28","98251839"
"chr8","98576050","98576354","KN297184v1","325765","326062","35","98250285"
"chr8","98580501","98580814","KN297184v1","330194","330498","33","98250307"
"chr8","98596378","98596686","KN294711v1","903939","904247","35","97692439"
"chr8","98719501","98719809","KN296934v1","897698","898003","28","97821803"
"chr8","98733785","98734113","KN294266v1","519303","519622","47","98214482"
"chr8","98869993","98870274","KN297184v1","621511","621802","40","98248482"
"chr8","98884316","98884621","KN296153v1","3677943","3678242","40","95206373"
"chr8","98896231","98896535","KN295171v1","869545","869845","39","98026686"
"chr8","98914967","98915238","KN297184v1","661534","661808","30","98253433"
"chr8","98918273","98918580","KN296731v1","1681432","1681735","36","97236841"
"chr8","98951096","98951377","KN297184v1","701860","702140","23","98249236"
"chr8","98958827","98959133","KN296054v1","53838","54144","32","98904989"
"chr8","98963081","98963385","KN297184v1","713975","714282","35","98249106"
"chr8","99100341","99100618","KN295294v1","334706","334991","36","98765635"
"chr8","99104845","99105162","KN297184v1","858758","859068","31","98246087"
"chr8","99121019","99121309","KN297184v1","875539","875834","28","98245480"
"chr8","99174190","99174499","KN296009v1","636123","636432","33","98538067"
"chr8","99198106","99198406","KN295090v1","1657716","1658013","28","97540390"
"chr8","99210374","99210676","KN296580v1","3502","3804","32","99206872"
"chr8","99228354","99228677","KN297184v1","987661","987977","34","98240693"
"chr8","99258596","99258899","KN297184v1","1015417","1015712","36","98243179"
"chr8","99275454","99275715","KN295667v1","418942","419199","30","98856512"
"chr8","99295262","99295517","KN295758v1","865842","866093","38","98429420"
"chr8","99296156","99296456","KN296153v1","3677943","3678242","32","95618213"
"chr8","99320364","99320677","KN297184v1","1077380","1077685","35","98242984"
"chr8","99353848","99354166","KN295114v1","20941","21251","45","99332907"
"chr8","99381390","99381689","KN295501v1","1005257","1005557","36","98376133"
"chr8","99463942","99464240","KN294486v1","211247","211546","39","99252695"
"chr8","99522304","99522607","KN297047v1","741852","742155","39","98780452"
"chr8","99536838","99537132","KN297184v1","1290835","1291129","25","98246003"
"chr8","99580056","99580372","KN295176v1","34358","34673","32","99545698"
"chr8","99633592","99633879","KN294181v1","810707","811001","37","98822885"
"chr8","99634992","99635283","KN294205v1","612591","612886","35","99022401"
"chr8","99716325","99716620","KN297112v1","3867935","3868239","44","95848390"
"chr8","99783887","99784177","KN295893v1","2309532","2309821","44","97474355"
"chr8","99808306","99808596","KN294172v1","4478214","4478504","32","95330092"
"chr8","99826419","99826706","KN297184v1","1570345","1570655","47","98256074"
"chr8","99846601","99846923","KN297184v1","1591876","1592180","46","98254725"
"chr8","99881002","99881304","KN297046v1","2791168","2791468","32","97089834"
"chr8","99903548","99903853","KN295717v1","454131","454444","37","99449417"
"chr8","99992754","99993060","KN296311v1","4712911","4713218","41","95279843"
"chr8","100025792","100026102","KN295701v1","728104","728414","30","99297688"
"chr8","100035263","100035561","KN296934v1","897698","898003","28","99137565"
"chr8","100427691","100427986","KN295225v1","852978","853269","29","99574713"
"chr8","100550156","100550457","KN296290v1","395377","395681","38","100154779"
"chr8","100655110","100655398","KN296180v1","671411","671696","39","99983699"
"chr8","100711653","100711949","KN295441v1","1669072","1669371","35","99042581"
"chr8","100727968","100728273","KN296153v1","3677943","3678242","39","97050025"
"chr8","100738637","100738919","KN295244v1","403747","404032","33","100334890"
"chr8","100746525","100746825","KN294501v1","104788","105092","36","100641737"
"chr8","100761963","100762228","KN294345v1","1384398","1384673","45","99377565"
"chr8","100771858","100772163","KN295667v1","1796551","1796859","37","98975307"
"chr8","100780839","100781139","KN295501v1","1005257","1005557","29","99775582"
"chr8","100803986","100804305","KN297038v1","2343556","2343866","47","98460430"
"chr8","100851348","100851576","KN295433v1","566711","566958","50","100284637"
"chr8","100851750","100851831","KN294782v1","214976","215047","16","100636774"
"chr8","100866687","100866994","KN294172v1","835311","835619","37","100031376"
"chr8","100886045","100886351","KN295633v1","264317","264628","38","100621728"
"chr8","100887957","100888264","KN296864v1","783252","783562","38","100104705"
"chr8","100958578","100958878","KN296759v1","638542","638840","35","100320036"
"chr8","100959852","100960021","KN296019v1","322703","322867","30","100637149"
"chr8","100999479","100999809","KN296268v1","192340","192671","49","100807139"
"chr8","101008967","101009267","KN295352v1","487966","488265","34","100521001"
"chr8","101048252","101048426","KN296743v1","2348110","2348278","25","98700142"
"chr8","101119387","101119688","KN297219v1","434860","435161","38","100684527"
"chr8","101178927","101179226","KN296153v1","3677943","3678242","36","97500984"
"chr8","101215067","101215370","KN295354v1","135435","135738","36","101079632"
"chr8","101224461","101224725","KN295243v1","682394","682656","38","100542067"
"chr8","101245932","101246247","KN295114v1","20941","21251","37","101224991"
"chr8","101266484","101266781","KN295523v1","2519145","2519447","41","98747339"
"chr8","101778267","101778568","KN294433v1","409687","409987","36","101368580"
"chr8","101886931","101887103","KN295433v1","533187","533363","22","101353744"
"chr8","102090949","102091238","KN294287v1","962698","962991","36","101128251"
"chr8","102102370","102102679","KN294711v1","1340381","1340678","39","100761989"
"chr8","102188950","102189252","KN294711v1","1255962","1256269","39","100932988"
"chr8","102220016","102220227","KN294711v1","1213102","1213313","24","101006914"
"chr8","102254466","102254683","KN296210v1","515894","516104","32","101738572"
"chr8","102358871","102359165","KN294711v1","1070280","1070559","39","101288591"
"chr8","102467015","102467323","KN295112v1","343212","343513","38","102123803"
"chr8","102498826","102499106","KN296308v1","1377082","1377362","38","101121744"
"chr8","102522396","102522699","KN294711v1","903939","904247","18","101618457"
"chr8","102532730","102533016","KN294239v1","334831","335118","47","102197899"
"chr8","102594771","102595096","KN294711v1","830307","830629","32","101764464"
"chr8","102734384","102734623","KN294325v1","1309870","1310113","36","101424514"
"chr8","102750815","102751113","KN294711v1","676080","676382","30","102074735"
"chr8","103064896","103064995","KN297095v1","3320924","3321027","23","99743972"
"chr8","103085660","103085945","KN295102v1","214886","215171","29","102870774"
"chr8","103107103","103107392","KN294571v1","1108999","1109289","38","101998104"
"chr8","103208860","103208958","KN294711v1","239718","239811","12","102969142"
"chr8","103217422","103217713","KN296884v1","143003","143305","45","103074419"
"chr8","103434462","103434761","KN296153v1","3677943","3678242","33","99756519"
"chr8","103507550","103507845","KN296528v1","1436873","1437172","35","102070677"
"chr8","103601637","103601940","KN296062v1","1796687","1796987","43","101804950"
"chr8","103713797","103714094","KN296732v1","2013890","2014190","33","101699907"
"chr8","103884684","103884982","KN296495v1","1976569","1976874","34","101908115"
"chr8","104117734","104118028","KN294416v1","208870","209165","31","103908864"
"chr8","104204744","104205060","KN294705v1","1582720","1583032","45","102622024"
"chr8","104280530","104280811","KN296247v1","15362","15646","35","104265168"
"chr8","104526228","104526528","KN296380v1","207617","207919","20","104318611"
"chr8","104976695","104977001","KN296009v1","636123","636432","38","104340572"
"chr8","104994904","104995194","KN296609v1","605910","606202","36","104388994"
"chr8","105077947","105078255","KN296934v1","897698","898003","32","104180249"
"chr8","105132621","105132933","KN296661v1","2211956","2212268","27","102920665"
"chr8","105253828","105254117","KN296661v1","2083617","2083905","21","103170211"
"chr8","105295513","105295798","KN296661v1","2034889","2035179","38","103260624"
"chr8","105480648","105480949","KN295855v1","21394","21692","43","105459254"
"chr8","105611621","105611920","KN295814v1","1156283","1156588","39","104455338"
"chr8","105675183","105675362","KN294964v1","704222","704399","29","104970961"
"chr8","105862836","105863124","KN295573v1","249758","250054","44","105613078"
"chr8","106057031","106057322","KN296661v1","1303368","1303652","31","104753663"
"chr8","106060384","106060694","KN296442v1","285982","286282","42","105774402"
"chr8","106067037","106067305","KN296661v1","1293054","1293325","37","104773983"
"chr8","106081751","106082051","KN294662v1","79885","80185","35","106001866"
"chr8","106084614","106084923","KN296557v1","1135935","1136250","51","104948679"
"chr8","106281817","106282110","KN297314v1","117021","117312","40","106164796"
"chr8","106318009","106318263","KN296661v1","1037169","1037423","16","105280840"
"chr8","106379009","106379273","KN296883v1","2833766","2834031","26","103545243"
"chr8","106467854","106468165","KN296661v1","892514","892818","27","105575340"
"chr8","106477260","106477556","KN296661v1","883709","884007","24","105593551"
"chr8","106630016","106630322","KN297047v1","1158961","1159265","39","105471055"
"chr8","106669304","106669532","KN296661v1","691903","692136","19","105977401"
"chr8","106791377","106791674","KN296661v1","557070","557365","34","106234307"
"chr8","106827408","106827698","KN294536v1","1717253","1717544","35","105110155"
"chr8","106997186","106997499","KN296661v1","351183","351488","27","106646003"
"chr8","107063907","107064187","KN294172v1","2999478","2999758","35","104064429"
"chr8","107219850","107220149","KN296661v1","110189","110491","28","107109661"
"chr8","107292895","107293200","KN296731v1","1681432","1681735","33","105611463"
"chr8","107293617","107293923","KN295315v1","360280","360581","34","106933337"
"chr8","107442013","107442321","KN294806v1","835206","835511","37","106606807"
"chr8","107503833","107504140","KN295448v1","155041","155352","40","107348792"
"chr8","107561700","107562012","KN295448v1","211394","211684","50","107350306"
"chr8","107704422","107704716","KN295448v1","364408","364696","29","107340014"
"chr8","107795728","107796021","KN295448v1","456107","456402","26","107339621"
"chr8","107857678","107857969","KN294172v1","6707103","6707396","44","101150575"
"chr8","108065908","108066197","KN296205v1","605596","605883","45","107460312"
"chr8","108324653","108324960","KN295241v1","338921","339233","39","107985732"
"chr8","108378042","108378340","KN296859v1","895216","895514","40","107482826"
"chr8","108423741","108424017","KN297242v1","351132","351417","45","108072609"
"chr8","109089747","109090056","KN297008v1","2735041","2735347","43","106354706"
"chr8","109132260","109132561","KN295983v1","1182438","1182738","45","107949822"
"chr8","109135829","109136055","KN294325v1","242229","242452","37","108893600"
"chr8","109291110","109291377","KN294991v1","255223","255495","48","109035887"
"chr8","109798963","109799269","KN294917v1","618557","618860","36","109180406"
"chr8","109906796","109907109","KN295236v1","3510751","3511058","45","106396045"
"chr8","110025313","110025625","KN294790v1","1555084","1555390","43","108470229"
"chr8","110037081","110037378","KN294578v1","593416","593711","35","109443665"
"chr8","110061101","110061394","KN296496v1","355776","356054","42","109705325"
"chr8","110157825","110158136","KN294407v1","2599527","2599837","38","107558298"
"chr8","110243058","110243356","KN295633v1","141651","141946","44","110101407"
"chr8","110442648","110442946","KN294556v1","56902","57199","41","110385746"
"chr8","110519193","110519485","KN294561v1","767639","767926","36","109751554"
"chr8","110702242","110702567","KN296614v1","20754","21055","59","110681488"
"chr8","110747056","110747360","KN295983v1","1536250","1536551","37","109210806"
"chr8","110838056","110838359","KN296140v1","777217","777517","40","110060839"
"chr8","110850869","110851167","KN296011v1","349438","349739","39","110501431"
"chr8","110953645","110953949","KN297112v1","6753976","6754276","45","104199669"
"chr8","111156140","111156437","KN295983v1","1536250","1536551","33","109619890"
"chr8","111169608","111169913","KN295236v1","5645831","5646138","46","105523777"
"chr8","111372769","111373073","KN294842v1","690378","690679","42","110682391"
"chr8","111498920","111499227","KN296096v1","2465175","2465475","43","109033745"
"chr8","111659066","111659354","KN294536v1","1717253","1717544","39","109941813"
"chr8","112161189","112161476","KN295368v1","2824619","2824891","53","109336570"
"chr8","112718835","112719138","KN294172v1","4761492","4761794","35","107957343"
"chr8","112767751","112768060","KN296054v1","53838","54144","42","112713913"
"chr8","112807935","112808233","KN295907v1","2005048","2005348","32","110802887"
"chr8","112813009","112813308","KN295550v1","1007565","1007867","48","111805444"
"chr8","112830119","112830425","KN294758v1","2268406","2268708","47","110561713"
"chr8","113074166","113074481","KN295059v1","336835","337145","44","112737331"
"chr8","113455118","113455321","KN297154v1","992411","992612","31","112462707"
"chr8","113625757","113626064","KN295236v1","4576569","4576870","41","109049188"
"chr8","114161085","114161397","KN294387v1","2599087","2599393","43","111561998"
"chr8","114219589","114219910","KN295497v1","720813","721124","55","113498776"
"chr8","114292503","114292662","KN294218v1","2402260","2402417","18","111890243"
"chr8","114308721","114309007","KN294711v1","646506","646789","36","113662215"
"chr8","114369631","114369923","KN295090v1","276264","276560","34","114093367"
"chr8","114472245","114472555","KN296865v1","1474498","1474803","43","112997747"
"chr8","114609132","114609325","KN295274v1","16651","16841","28","114592481"
"chr8","114632710","114632994","KN295343v1","11922","12203","44","114620788"
"chr8","114638961","114639227","KN294218v1","2770774","2771040","40","111868187"
"chr8","114672188","114672483","KN296119v1","3368813","3369111","44","111303375"
"chr8","114764905","114765215","KN296934v1","897698","898003","42","113867207"
"chr8","114769807","114770110","KN294439v1","257473","257771","38","114512334"
"chr8","114998050","114998358","KN295350v1","243779","244085","33","114754271"
"chr8","115106985","115107293","KN294387v1","2599087","2599393","33","112507898"
"chr8","115143582","115143839","KN296538v1","586770","587031","37","114556812"
"chr8","115146848","115147152","KN296404v1","3895018","3895319","39","111251830"
"chr8","115162281","115162574","KN296685v1","285639","285930","34","114876642"
"chr8","115173539","115173834","KN294705v1","1213189","1213484","38","113960350"
"chr8","115301605","115301955","KN294372v1","1013130","1013486","65","114288475"
"chr8","115332015","115332301","KN294592v1","854771","855059","35","114477244"
"chr8","115490896","115491166","KN295995v1","945650","945923","43","114545246"
"chr8","115498476","115498769","KN294407v1","2733858","2734151","39","112764618"
"chr8","115526838","115527139","KN294662v1","79885","80185","32","115446953"
"chr8","115553173","115553474","KN294172v1","835311","835619","38","114717862"
"chr8","115595631","115595928","KN295349v1","43909","44205","32","115551722"
"chr8","115604405","115604714","KN295497v1","720813","721124","44","114883592"
"chr8","115605671","115605978","KN297133v1","419676","419981","38","115185995"
"chr8","115615000","115615305","KN297156v1","3468","3773","37","115611532"
"chr8","115626988","115627273","KN297008v1","1975388","1975682","41","113651600"
"chr8","115840118","115840423","KN296847v1","1722621","1722923","32","114117497"
"chr8","116157641","116157950","KN296520v1","401670","401982","43","115755971"
"chr8","116214667","116214975","KN297133v1","419676","419981","41","115794991"
"chr8","116257862","116258104","KN296311v1","615311","615549","43","115642551"
"chr8","116407247","116407546","KN296145v1","981445","981746","41","115425802"
"chr8","116418028","116418324","KN295894v1","349786","350087","39","116068242"
"chr8","116525929","116526234","KN296731v1","1681432","1681735","39","114844497"
"chr8","116619720","116620016","KN295236v1","4102813","4103106","46","112516907"
"chr8","116706620","116706918","KN294932v1","178844","179137","36","116527776"
"chr8","116805300","116805600","KN294399v1","151738","152035","40","116653562"
"chr8","116952187","116952489","KN296040v1","548461","548761","38","116403726"
"chr8","117057834","117058139","KN295835v1","81348","81655","45","116976486"
"chr8","117128752","117129064","KN294187v1","734737","735043","40","116394015"
"chr8","117156382","117156680","KN294260v1","621951","622250","35","116534431"
"chr8","117451072","117451373","KN295236v1","4576569","4576870","34","112874503"
"chr8","117479076","117479380","KN295871v1","777953","778254","32","116701123"
"chr8","117484124","117484420","KN294439v1","269158","269457","32","117214966"
"chr8","117503052","117503347","KN296158v1","692023","692317","38","116811029"
"chr8","117667684","117667996","KN294728v1","1530565","1530875","32","116137119"
"chr8","117673944","117674243","KN296153v1","3677943","3678242","30","113996001"
"chr8","117751359","117751598","KN294486v1","585631","585878","44","117165728"
"chr8","117992957","117993241","KN294172v1","2999478","2999758","36","114993479"
"chr8","118083710","118084008","KN296513v1","1545711","1546021","43","116537999"
"chr8","118084016","118084326","KN296253v1","392155","392460","37","117691861"
"chr8","118174428","118174730","KN294387v1","2599087","2599393","42","115575341"
"chr8","118190553","118190825","KN297219v1","1672011","1672284","47","116518542"
"chr8","118215971","118216276","KN294387v1","2599087","2599393","40","115616884"
"chr8","118221948","118222183","KN294949v1","1102235","1102466","44","117119713"
"chr8","118228794","118229102","KN296828v1","288722","289035","33","117940072"
"chr8","118229580","118229890","KN295406v1","214517","214825","35","118015063"
"chr8","118344557","118344863","KN294728v1","1530565","1530875","36","116813992"
"chr8","118405566","118405865","KN294470v1","2793388","2793686","36","115612178"
"chr8","118468885","118469185","KN296759v1","638542","638840","39","117830343"
"chr8","118521621","118521928","KN294387v1","2599087","2599393","36","115922534"
"chr8","118527749","118528039","KN294416v1","716060","716346","44","117811689"
"chr8","118541529","118541845","KN295871v1","1093938","1094249","45","117447591"
"chr8","118542163","118542466","KN294365v1","665653","665957","36","117876510"
"chr8","118562220","118562497","KN295607v1","3891545","3891824","43","114670675"
"chr8","118565732","118566028","KN296732v1","2013890","2014190","37","116551842"
"chr8","118571084","118571384","KN296357v1","356792","357093","33","118214292"
"chr8","118582216","118582527","KN295294v1","842343","842650","37","117739873"
"chr8","118610566","118610860","KN296658v1","30263","30563","33","118580303"
"chr8","118618139","118618347","KN294978v1","1189593","1189804","32","117428546"
"chr8","118620992","118621298","KN294287v1","257932","258239","37","118363060"
"chr8","118626001","118626309","KN295112v1","343212","343513","41","118282789"
"chr8","118633274","118633524","KN296306v1","1562949","1563189","50","117070325"
"chr8","118637518","118637812","KN296743v1","1972178","1972470","47","116665340"
"chr8","118650012","118650316","KN294208v1","853291","853593","36","117796721"
"chr8","118684838","118685151","KN295236v1","3985587","3985900","38","114699251"
"chr8","118689551","118689855","KN295586v1","2121175","2121468","40","116568376"
"chr8","118694050","118694363","KN294520v1","52164","52474","36","118641886"
"chr8","118695498","118695806","KN296759v1","638542","638840","35","118056956"
"chr8","118712466","118712751","KN294520v1","71497","71794","33","118640969"
"chr8","118753573","118753876","KN295350v1","243779","244085","39","118509794"
"chr8","118757939","118758248","KN295034v1","63947","64249","44","118693992"
"chr8","118795750","118796053","KN294520v1","159799","160107","28","118635951"
"chr8","118998723","118998828","KN296117v1","86443","86544","20","118912280"
"chr8","119017795","119018045","KN295430v1","1606937","1607192","45","117410858"
"chr8","119146950","119147245","KN294446v1","714971","715264","33","118431979"
"chr8","119156781","119157075","KN296225v1","476174","476470","33","118680607"
"chr8","119159046","119159338","KN294172v1","1552941","1553235","45","117606105"
"chr8","119176907","119177212","KN297367v1","171251","171554","30","119005656"
"chr8","119178270","119178690","KN294526v1","465827","466190","115","118712443"
"chr8","119194332","119194552","KN294520v1","569792","570018","15","118624540"
"chr8","119206711","119206996","KN297322v1","1385103","1385393","33","117821608"
"chr8","119225027","119225214","KN294520v1","611114","611311","18","118613913"
"chr8","119388273","119388564","KN294520v1","767875","768161","27","118620398"
"chr8","119574326","119574608","KN295350v1","493114","493401","43","119081212"
"chr8","119707973","119708230","KN294520v1","1077386","1077636","38","118630587"
"chr8","119792366","119792654","KN294452v1","113360","113649","35","119679006"
"chr8","120001034","120001339","KN294387v1","2599087","2599393","29","117401947"
"chr8","120108678","120108988","KN294520v1","1463993","1464305","25","118644685"
"chr8","120173928","120174259","KN296308v1","871499","871827","41","119302429"
"chr8","120189684","120189992","KN296357v1","356792","357093","45","119832892"
"chr8","120210332","120210619","KN295350v1","493114","493401","35","119717218"
"chr8","120236818","120237122","KN294520v1","1605177","1605487","30","118631641"
"chr8","120297940","120298276","KN294172v1","1837546","1837883","50","118460394"
"chr8","120395228","120395538","KN296588v1","321243","321547","32","120073985"
"chr8","120427896","120428215","KN296270v1","100192","100511","49","120327704"
"chr8","120439332","120439640","KN294717v1","373979","374286","35","120065353"
"chr8","120467583","120467866","KN294520v1","1833822","1834100","31","118633761"
"chr8","120591476","120591763","KN294520v1","1965412","1965712","34","118626064"
"chr8","120639264","120639551","KN294520v1","2018268","2018554","29","118620996"
"chr8","120676729","120677031","KN296062v1","531528","531834","39","120145201"
"chr8","120696845","120697107","KN294325v1","1309870","1310113","49","119386975"
"chr8","120704844","120705147","KN296732v1","2013890","2014190","35","118690954"
"chr8","120723338","120723628","KN294520v1","2108210","2108513","34","118615128"
"chr8","120830074","120830377","KN295633v1","141651","141946","36","120688423"
"chr8","120834945","120835255","KN294520v1","2227332","2227647","37","118607613"
"chr8","120845914","120846209","KN294520v1","2238608","2238903","22","118607306"
"chr8","120997241","120997542","KN295601v1","136920","137218","36","120860321"
"chr8","121123290","121123591","KN295573v1","646494","646793","31","120476796"
"chr8","121269932","121270216","KN295601v1","421296","421576","21","120848636"
"chr8","121290667","121290982","KN295601v1","446796","447107","36","120843871"
"chr8","121415928","121416226","KN295601v1","574664","574959","25","120841264"
"chr8","121531536","121531679","KN296752v1","409305","409448","19","121122231"
"chr8","121536792","121537080","KN296609v1","672398","672674","47","120864394"
"chr8","121570634","121570947","KN295601v1","733856","734172","31","120836778"
"chr8","121583353","121583655","KN294644v1","354469","354764","36","121228884"
"chr8","121595885","121595985","KN295601v1","759151","759251","10","120836734"
"chr8","121598057","121598334","KN296406v1","188838","189120","37","121409219"
"chr8","121684657","121684975","KN295601v1","840094","840410","31","120844563"
"chr8","121695256","121695542","KN295441v1","485205","485492","34","121210051"
"chr8","121708003","121708304","KN295854v1","1710543","1710845","28","119997460"
"chr8","121710801","121711098","KN297367v1","171251","171554","34","121539550"
"chr8","121716144","121716448","KN294717v1","311839","312142","47","121404305"
"chr8","121717866","121718174","KN294668v1","2004094","2004404","45","119713772"
"chr8","121724182","121724476","KN296938v1","1006669","1006968","34","120717513"
"chr8","121759328","121759621","KN295601v1","913263","913553","18","120846065"
"chr8","121767186","121767495","KN294717v1","373979","374286","34","121393207"
"chr8","121882987","121883294","KN295601v1","1037402","1037708","20","120845585"
"chr8","121903097","121903386","KN295601v1","1058091","1058383","32","120845006"
"chr8","121936364","121936617","KN297008v1","2309734","2309988","43","119626630"
"chr8","121963886","121964186","KN296153v1","3677943","3678242","29","118285943"
"chr8","122046882","122047172","KN295057v1","379008","379299","43","121667874"
"chr8","122061823","122062111","KN295601v1","1220671","1220978","42","120841152"
"chr8","122080017","122080314","KN295601v1","1239412","1239710","26","120840605"
"chr8","122103619","122103918","KN295697v1","189742","190043","34","121913877"
"chr8","122126610","122126917","KN295601v1","1282377","1282679","40","120844233"
"chr8","122140935","122141207","KN295601v1","1297633","1297911","35","120843302"
"chr8","122147778","122148062","KN295601v1","1301005","1301287","26","120846773"
"chr8","122167296","122167593","KN296404v1","106219","106515","32","122061077"
"chr8","122206294","122206597","KN295501v1","1005257","1005557","35","121201037"
"chr8","122232297","122232608","KN295667v1","1687893","1688204","32","120544404"
"chr8","122358287","122358592","KN295413v1","22638","22943","41","122335649"
"chr8","122609622","122609916","KN295996v1","997185","997479","38","121612437"
"chr8","122753982","122754268","KN294407v1","2733858","2734151","41","120020124"
"chr8","122931688","122932008","KN295633v1","75429","75741","44","122856259"
"chr8","122934969","122935270","KN295708v1","1331487","1331787","44","121603482"
"chr8","123031722","123032029","KN294539v1","761382","761684","33","122270340"
"chr8","123035053","123035356","KN294387v1","2599087","2599393","38","120435966"
"chr8","123035795","123036084","KN295601v1","2218461","2218753","37","120817334"
"chr8","123058982","123059274","KN295096v1","2124655","2124956","44","120934327"
"chr8","123072200","123072504","KN296934v1","897698","898003","35","122174502"
"chr8","123072772","123073077","KN295601v1","2267255","2267563","34","120805517"
"chr8","123103194","123103477","KN295239v1","195888","196171","32","122907306"
"chr8","123112744","123113053","KN295601v1","2308146","2308456","20","120804598"
"chr8","123163064","123163363","KN296732v1","2013890","2014190","34","121149174"
"chr8","123193706","123194018","KN294561v1","296837","297132","44","122896869"
"chr8","123214538","123214839","KN295601v1","2405339","2405642","28","120809199"
"chr8","123279960","123280245","KN295601v1","2470358","2470642","27","120809602"
"chr8","123355227","123355530","KN296247v1","739787","740087","32","122615440"
"chr8","123370280","123370573","KN295441v1","1618043","1618347","45","121752237"
"chr8","123376966","123377274","KN297445v1","1633069","1633379","40","121743897"
"chr8","123484520","123484809","KN297314v1","117021","117312","36","123367499"
"chr8","123496575","123496880","KN297442v1","12090","12392","36","123484485"
"chr8","123690826","123691137","KN295601v1","2895150","2895452","32","120795676"
"chr8","123706525","123706827","KN295112v1","343212","343513","34","123363313"
"chr8","123714228","123714542","KN295601v1","2916758","2917064","41","120797470"
"chr8","123773141","123773438","KN295601v1","2974574","2974880","39","120798567"
"chr8","123927867","123928155","KN295601v1","3129291","3129571","42","120798576"
"chr8","123930398","123930680","KN295368v1","2824619","2824891","41","121105779"
"chr8","124027201","124027512","KN295114v1","20941","21251","33","124006260"
"chr8","124034944","124035242","KN295692v1","1562388","1562681","39","122472556"
"chr8","124060516","124060830","KN294439v1","261107","261420","49","123799409"
"chr8","124075576","124075885","KN295204v1","12453","12759","46","124063123"
"chr8","124081572","124081870","KN295601v1","3279911","3280206","29","120801661"
"chr8","124089521","124089829","KN295671v1","156158","156468","37","123933363"
"chr8","124247369","124247641","KN294439v1","301551","301816","56","123945818"
"chr8","124378802","124379132","KN294421v1","22671","22970","57","124356131"
"chr8","124512435","124512727","KN294733v1","316989","317272","42","124195446"
"chr8","124864825","124865092","KN296538v1","2198933","2199204","41","122665892"
"chr8","124932539","124932852","KN295893v1","585079","585381","44","124347460"
"chr8","125043217","125043512","KN296738v1","137767","138070","41","124905450"
"chr8","125060153","125060432","KN297077v1","207693","207973","36","124852460"
"chr8","125068022","125068330","KN296075v1","565878","566186","32","124502144"
"chr8","125079254","125079380","KN295872v1","111033","111155","19","124968221"
"chr8","125111661","125111965","KN296588v1","321243","321547","51","124790418"
"chr8","125140696","125140990","KN294536v1","1607732","1608024","41","123532964"
"chr8","125147650","125147947","KN294739v1","633708","633998","31","124513942"
"chr8","125152897","125153168","KN295573v1","520941","521218","50","124631956"
"chr8","125164494","125164794","KN297367v1","171251","171554","32","124993243"
"chr8","125216687","125216980","KN294407v1","2733858","2734151","34","122482829"
"chr8","125254643","125254951","KN295090v1","765618","765928","41","124489025"
"chr8","125585210","125585515","KN294172v1","1630044","1630343","47","123955166"
"chr8","125595669","125595986","KN295667v1","1687893","1688204","42","123907776"
"chr8","125796753","125797061","KN295987v1","1910716","1911019","41","123886037"
"chr8","125829283","125829592","KN294365v1","836716","837022","39","124992567"
"chr8","125969125","125969425","KN295523v1","2519145","2519447","38","123449980"
"chr8","125992521","125992836","KN296486v1","1315197","1315517","45","124677324"
"chr8","126101907","126102205","KN296153v1","3677943","3678242","33","122423964"
"chr8","126113914","126114096","KN294419v1","42675","42858","31","126071239"
"chr8","126202679","126202983","KN294457v1","1379597","1379899","30","124823082"
"chr8","126252689","126252991","KN294407v1","249623","249924","38","126003066"
"chr8","126288911","126289249","KN296308v1","871499","871827","50","125417412"
"chr8","126309750","126310056","KN294457v1","1379597","1379899","40","124930153"
"chr8","126427255","126427552","KN295096v1","2124655","2124956","41","124302600"
"chr8","126480845","126481152","KN296547v1","713658","713962","34","125767187"
"chr8","126497152","126497415","KN294444v1","3297","3556","38","126493855"
"chr8","126499847","126500000","KN294181v1","1301795","1301938","27","125198052"
"chr8","126512357","126512634","KN295441v1","1768978","1769252","43","124743379"
"chr8","126555885","126556191","KN296096v1","2130564","2130872","36","124425321"
"chr8","126565788","126566096","KN296153v1","3677943","3678242","41","122887845"
"chr8","126566829","126567122","KN296153v1","3677943","3678242","27","122888886"
"chr8","126774298","126774598","KN294257v1","414356","414657","37","126359942"
"chr8","126888335","126888618","KN295721v1","197604","197890","35","126690731"
"chr8","127133202","127133497","KN294739v1","616485","616779","30","126516717"
"chr8","127430040","127430331","KN296357v1","356792","357093","38","127073248"
"chr8","127449131","127449430","KN294181v1","858043","858340","39","126591088"
"chr8","127830329","127830639","KN294717v1","373979","374286","35","127456350"
"chr8","127977938","127978226","KN294187v1","743503","743794","38","127234435"
"chr8","128154329","128154626","KN296907v1","67174","67475","32","128087155"
"chr8","128190774","128191061","KN294462v1","73428","73721","35","128117346"
"chr8","128339660","128339952","KN296907v1","258363","258661","29","128081297"
"chr8","128464227","128464538","KN295114v1","20941","21251","61","128443286"
"chr8","128493336","128493639","KN294387v1","2599087","2599393","51","125894249"
"chr8","128527396","128527676","KN295343v1","642166","642450","50","127885230"
"chr8","128529370","128529671","KN295984v1","868891","869195","31","127660479"
"chr8","128550015","128550296","KN294598v1","200227","200510","60","128349788"
"chr8","128557946","128558238","KN296907v1","480502","480786","34","128077444"
"chr8","128583475","128583651","KN294172v1","1177466","1177645","26","127406009"
"chr8","128604829","128605111","KN296907v1","525463","525749","27","128079366"
"chr8","128643190","128643507","KN296907v1","562146","562457","26","128081044"
"chr8","128673059","128673361","KN294387v1","2599087","2599393","27","126073972"
"chr8","128700587","128700868","KN297343v1","1703991","1704269","39","126996596"
"chr8","128704270","128704573","KN296119v1","2578860","2579161","34","126125410"
"chr8","128748487","128748788","KN295550v1","1007565","1007867","39","127740922"
"chr8","128765576","128765886","KN296907v1","681471","681780","25","128084105"
"chr8","128768753","128769047","KN296759v1","638542","638840","35","128130211"
"chr8","128861686","128861990","KN296907v1","786575","786870","32","128075111"
"chr8","128921751","128921960","KN296907v1","844235","844445","22","128077516"
"chr8","129130614","129130752","KN296907v1","1056270","1056413","15","128074344"
"chr8","129153954","129154272","KN296907v1","1081248","1081562","41","128072706"
"chr8","129187537","129187835","KN296907v1","1115290","1115599","36","128072247"
"chr8","129202820","129203111","KN296907v1","1130774","1131065","17","128072046"
"chr8","129238916","129239204","KN296907v1","1152676","1152965","29","128086240"
"chr8","129328865","129329172","KN295090v1","755361","755671","39","128573504"
"chr8","129682581","129682869","KN294790v1","5179743","5180026","44","124502838"
"chr8","130093599","130093889","KN295708v1","1590349","1590643","42","128503250"
"chr8","130119788","130119998","KN294251v1","1849056","1849276","50","128270732"
"chr8","130182731","130183031","KN295112v1","343212","343513","37","129839519"
"chr8","130569916","130570224","KN296588v1","1228829","1229131","38","129341087"
"chr8","130579066","130579371","KN297390v1","1640938","1641250","39","128938128"
"chr8","130691679","130691785","KN294685v1","756427","756531","17","129935252"
"chr8","130782440","130782736","KN296747v1","35746","36041","31","130746694"
"chr8","130929554","130929649","KN296036v1","501022","501120","15","130428532"
"chr8","130930052","130930333","KN294172v1","2999478","2999758","38","127930574"
"chr8","130986482","130986782","KN296495v1","2056834","2057132","34","128929648"
"chr8","131149773","131150071","KN296934v1","897698","898003","35","130252075"
"chr8","131188627","131188935","KN297453v1","509317","509619","39","130679310"
"chr8","131342826","131343124","KN294588v1","494059","494353","28","130848767"
"chr8","131579451","131579734","KN294385v1","562803","563081","38","131016648"
"chr8","131620189","131620496","KN297171v1","3778614","3778919","35","127841575"
"chr8","131665625","131665887","KN295984v1","1254388","1254645","29","130411237"
"chr8","131834555","131834869","KN296335v1","187278","187590","64","131647277"
"chr8","131932647","131932949","KN294287v1","233073","233375","35","131699574"
"chr8","132040969","132041256","KN296864v1","1866135","1866421","38","130174834"
"chr8","132137570","132137878","KN294521v1","532969","533272","43","131604601"
"chr8","132214698","132215006","KN294387v1","2599087","2599393","37","129615611"
"chr8","132292535","132292836","KN297050v1","118941","119241","40","132173594"
"chr8","132332817","132333105","KN296847v1","667698","667981","47","131665119"
"chr8","132333193","132333484","KN295825v1","1953498","1953787","37","130379695"
"chr8","132346041","132346346","KN294824v1","203242","203547","44","132142799"
"chr8","132386896","132387192","KN295090v1","276264","276560","38","132110632"
"chr8","132413907","132414205","KN295090v1","1657716","1658013","38","130756191"
"chr8","132546141","132546440","KN296883v1","601049","601352","41","131945092"
"chr8","132591591","132591903","KN296036v1","2421899","2422212","47","130169692"
"chr8","132763799","132764109","KN294806v1","712204","712516","38","132051595"
"chr8","132978192","132978475","KN294630v1","202839","203122","38","132775353"
"chr8","133075103","133075405","KN295171v1","869545","869845","41","132205558"
"chr8","133119939","133120203","KN296424v1","161959","162228","39","132957980"
"chr8","133281388","133281691","KN297133v1","419676","419981","38","132861712"
"chr8","133328099","133328389","KN296505v1","349884","350174","38","132978215"
"chr8","133358325","133358617","KN295319v1","147659","147950","41","133210666"
"chr8","133411141","133411445","KN296424v1","617439","617738","41","132793702"
"chr8","133461889","133462197","KN296520v1","401670","401982","31","133060219"
"chr8","133519951","133520249","KN294842v1","1292189","1292485","38","132227762"
"chr8","133623389","133623697","KN296281v1","60300","60607","35","133563089"
"chr8","133665247","133665539","KN294662v1","79885","80185","49","133585362"
"chr8","133949290","133949599","KN295736v1","3843238","3843542","30","130106052"
"chr8","134014837","134015137","KN294739v1","616485","616779","38","133398352"
"chr8","134077227","134077520","KN295923v1","1438272","1438565","40","132638955"
"chr8","134489706","134489816","KN295736v1","3347069","3347183","13","131142637"
"chr8","134898670","134898977","KN295977v1","249013","249314","38","134649657"
"chr8","134933871","134934164","KN295501v1","298873","299172","58","134634998"
"chr8","135357231","135357529","KN295171v1","869545","869845","43","134487686"
"chr8","135384187","135384474","KN295736v1","2450677","2450964","29","132933510"
"chr8","135466921","135467211","KN296588v1","819996","820280","45","134646925"
"chr8","135537847","135538149","KN295983v1","1536250","1536551","37","134001597"
"chr8","135596360","135596656","KN294172v1","5005049","5005345","41","130591311"
"chr8","135667628","135667920","KN295736v1","2155904","2156205","38","133511724"
"chr8","135941713","135942040","KN294199v1","87972","88297","50","135853741"
"chr8","135944546","135944749","KN294917v1","280653","280860","36","135663893"
"chr8","135982302","135982603","KN294457v1","1379597","1379899","41","134602705"
"chr8","135989928","135990234","KN297146v1","464165","464468","41","135525763"
"chr8","136053620","136053927","KN295736v1","1757471","1757775","20","134296149"
"chr8","136093921","136094230","KN297038v1","2343556","2343866","38","133750365"
"chr8","136126094","136126391","KN295736v1","1693255","1693552","22","134432839"
"chr8","136302333","136302618","KN295736v1","1530046","1530352","48","134772287"
"chr8","136331479","136331785","KN295034v1","63947","64249","43","136267532"
"chr8","136367781","136368085","KN297259v1","2357226","2357525","37","134010555"
"chr8","136598089","136598398","KN294239v1","366885","367189","40","136231204"
"chr8","136625740","136626064","KN295601v1","761243","761570","43","135864497"
"chr8","136714492","136714778","KN295736v1","1124796","1125081","30","135589696"
"chr8","136810094","136810398","KN296381v1","91265","91569","40","136718829"
"chr8","136864013","136864317","KN296520v1","401670","401982","43","136462343"
"chr8","136974692","136975001","KN295667v1","1687893","1688204","40","135286799"
"chr8","137111676","137111971","KN295171v1","869545","869845","41","136242131"
"chr8","137216752","137217060","KN294991v1","2085266","2085575","37","135131486"
"chr8","137230576","137230882","KN294705v1","772747","773054","38","136457829"
"chr8","137662338","137662641","KN296200v1","487502","487795","56","137174836"
"chr8","137712537","137712812","KN295736v1","149108","149396","46","137563429"
"chr8","137722474","137722751","KN295736v1","141038","141307","28","137581436"
"chr8","137947546","137947844","KN296460v1","1184712","1185010","36","136762834"
"chr8","137977255","137977536","KN294510v1","5278","5564","46","137971977"
"chr8","138064517","138064821","KN296738v1","137767","138070","42","137926750"
"chr8","138150471","138150788","KN294346v1","372059","372367","39","137778412"
"chr8","138308765","138309025","KN295249v1","202408","202666","40","138106357"
"chr8","138426438","138426737","KN295236v1","4576569","4576870","32","133849869"
"chr8","138469932","138470232","KN294218v1","2831459","2831758","33","135638473"
"chr8","138650817","138651129","KN294229v1","205014","205325","31","138445803"
"chr8","138656201","138656402","KN296090v1","122633","122847","50","138533568"
"chr8","138744421","138744725","KN296381v1","91265","91569","31","138653156"
"chr8","138857107","138857416","KN296281v1","60300","60607","33","138796807"
"chr8","138961894","138962189","KN295352v1","487966","488265","39","138473928"
"chr8","138988985","138989281","KN296732v1","498634","498931","37","138490351"
"chr8","139038460","139038778","KN297133v1","419676","419981","42","138618784"
"chr8","139062412","139062705","KN296538v1","112723","113020","40","138949689"
"chr8","139088136","139088429","KN297230v1","1127269","1127564","36","137960867"
"chr8","139116630","139116931","KN296153v1","3677943","3678242","44","135438687"
"chr8","139122035","139122330","KN295995v1","1426233","1426527","30","137695802"
"chr8","139128115","139128420","KN296290v1","227252","227556","29","138900863"
"chr8","139151637","139151803","KN296732v1","2919037","2919213","36","136232600"
"chr8","139169955","139170242","KN297165v1","1143723","1144010","35","138026232"
"chr8","139171712","139172016","KN294758v1","2189671","2189970","37","136982041"
"chr8","139182147","139182452","KN295075v1","473320","473622","39","138708827"
"chr8","139207985","139208264","KN296153v1","2244229","2244506","53","136963756"
"chr8","139220401","139220699","KN295236v1","3162196","3162492","39","136058205"
"chr8","139232060","139232366","KN294717v1","373979","374286","33","138858081"
"chr8","139240263","139240553","KN296580v1","3502","3804","48","139236761"
"chr8","139245916","139246226","KN295236v1","470675","470981","44","138775241"
"chr8","139258981","139259275","KN296311v1","2428073","2428369","32","136830908"
"chr8","139262849","139263176","KN295430v1","2498075","2498372","65","136764774"
"chr8","139264256","139264571","KN295983v1","1536250","1536551","49","137728006"
"chr8","139306051","139306367","KN295059v1","336835","337145","54","138969216"
"chr8","139329088","139329390","KN295367v1","57325","57637","46","139271763"
"chr8","139334454","139334762","KN294378v1","46646","46948","47","139287808"
"chr8","139357212","139357509","KN294181v1","810707","811001","34","138546505"
"chr8","139361929","139362236","KN295697v1","189742","190043","42","139172187"
"chr8","139446873","139447115","KN296311v1","7903651","7903901","37","131543222"
"chr8","139467471","139467732","KN296802v1","336282","336552","39","139131189"
"chr8","139538435","139538740","KN296153v1","2057313","2057618","40","137481122"
"chr8","139684948","139685258","KN297133v1","419676","419981","42","139265272"
"chr8","139709710","139710017","KN294229v1","97510","97813","46","139612200"
"chr8","139811096","139811396","KN295501v1","1005257","1005557","34","138805839"
"chr8","139901019","139901330","KN294705v1","772747","773054","32","139128272"
"chr8","139928862","139929173","KN295871v1","122189","122499","30","139806673"
"chr8","140050227","140050520","KN294879v1","351077","351369","33","139699150"
"chr8","140600739","140601015","KN295077v1","391426","391711","54","140209313"
"chr8","140611436","140611722","KN294739v1","890098","890382","38","139721338"
"chr8","140615000","140615310","KN295059v1","336835","337145","41","140278165"
"chr8","140632320","140632571","KN297307v1","44847","45104","33","140587473"
"chr8","140632572","140632630","KN294847v1","571333","571393","18","140061239"
"chr8","140862569","140862871","KN295236v1","3588168","3588471","35","137274401"
"chr8","140958176","140958473","KN294513v1","735571","735866","38","140222605"
"chr8","141186928","141187223","KN297046v1","2791168","2791468","37","138395760"
"chr8","141512463","141512763","KN295883v1","666071","666367","41","140846392"
"chr8","141664131","141664416","KN296649v1","506157","506442","36","141157974"
"chr8","141912824","141913132","KN296357v1","706115","706421","35","141206709"
"chr8","141914536","141914842","KN296682v1","4806893","4807193","41","137107643"
"chr8","141938268","141938546","KN296296v1","124727","125012","41","141813541"
"chr8","141949530","141949837","KN295114v1","20941","21251","48","141928589"
"chr8","142071366","142071650","KN296481v1","224871","225144","53","141846495"
"chr8","142132751","142133046","KN294536v1","1607732","1608024","31","140525019"
"chr8","142157533","142157836","KN295236v1","4576569","4576870","35","137580964"
"chr8","142191402","142191707","KN296247v1","690903","691205","39","141500499"
"chr8","142199348","142199654","KN294239v1","366885","367189","39","141832463"
"chr8","142251342","142251631","KN297026v1","228587","228878","36","142022755"
"chr8","142255622","142255911","KN297026v1","228587","228878","37","142027035"
"chr8","142265807","142265862","KN294501v1","1819600","1819652","5","140446207"
"chr8","142359446","142359740","KN295977v1","249013","249314","43","142110433"
"chr8","142442259","142442544","KN297452v1","1441739","1442025","44","141000520"
"chr8","142456110","142456389","KN296290v1","736853","737130","43","141719257"
"chr8","142535606","142535883","KN297019v1","760844","761124","60","141774762"
"chr8","142542512","142542804","KN295459v1","1498869","1499159","34","141043643"
"chr8","142558831","142559126","KN296075v1","437481","437780","37","142121350"
"chr8","142563812","142564120","KN295108v1","783719","784031","30","141780093"
"chr8","142575720","142575989","KN296682v1","4592142","4592410","31","137983578"
"chr8","142641445","142641748","KN294790v1","1555084","1555390","49","141086361"
"chr8","142669541","142669713","KN295543v1","151828","151995","30","142517713"
"chr8","142910871","142911177","KN294387v1","1455868","1456171","46","141455003"
"chr8","142922109","142922415","KN297133v1","419676","419981","44","142502433"
"chr8","142925941","142926252","KN296019v1","178814","179119","39","142747127"
"chr8","142965127","142965425","KN294995v1","61376","61672","35","142903751"
"chr8","143012342","143012639","KN296732v1","2013890","2014190","29","140998452"
"chr8","143013065","143013361","KN295350v1","405055","405352","36","142608010"
"chr8","143013629","143013695","KN297046v1","3071274","3071338","11","139942355"
"chr8","143051783","143052085","KN295717v1","1072408","1072708","32","141979375"
"chr8","143058637","143058834","KN294850v1","249119","249316","39","142809518"
"chr8","143093896","143094194","KN297323v1","860965","861261","29","142232931"
"chr8","143111953","143112243","KN296153v1","3677943","3678242","33","139434010"
"chr8","143181831","143182151","KN297323v1","771445","771758","37","142410386"
"chr8","143244618","143244921","KN295984v1","2017502","2017807","38","141227116"
"chr8","143245586","143245893","KN295729v1","24304","24610","42","143221282"
"chr8","143264253","143264550","KN297323v1","694616","694915","30","142569637"
"chr8","143288279","143288586","KN295988v1","954829","955141","43","142333450"
"chr8","143304758","143305051","KN295090v1","2057671","2057967","37","141247087"
"chr8","143352117","143352424","KN294536v1","952303","952607","44","142399814"
"chr8","143475017","143475310","KN294588v1","494059","494353","44","142980958"
"chr8","143480101","143480416","KN296365v1","1588024","1588336","41","141892077"
"chr8","143523080","143523362","KN297323v1","451734","452004","49","143071346"
"chr8","143565751","143565961","KN296849v1","936599","936808","38","142629152"
"chr8","143600105","143600404","KN296732v1","2013890","2014190","34","141586215"
"chr8","143605418","143605692","KN295350v1","975523","975791","43","142629895"
"chr8","143632652","143632964","KN295667v1","1687893","1688204","44","141944759"
"chr8","143644628","143644936","KN296934v1","602412","602712","42","143042216"
"chr8","143665813","143666119","KN296404v1","3895018","3895319","47","139770795"
"chr8","143711067","143711357","KN295893v1","2207194","2207481","36","141503873"
"chr8","143714462","143714769","KN295667v1","1687893","1688204","38","142026569"
"chr8","143741641","143741950","KN295171v1","1387807","1388118","38","142353834"
"chr8","143751066","143751356","KN294416v1","208870","209165","42","143542196"
"chr8","143810940","143811230","KN297323v1","170691","170981","26","143640249"
"chr8","143829829","143830038","KN297323v1","151333","151539","19","143678496"
"chr8","143906155","143906462","KN295984v1","1146437","1146743","37","142759718"
"chr8","143940443","143940751","KN296435v1","2537900","2538207","43","141402543"
"chr8","143942737","143943027","KN294396v1","367859","368144","38","143574878"
"chr8","143959023","143959324","KN294444v1","165242","165552","42","143793781"
"chr8","143961070","143961252","KN296495v1","1947905","1948087","29","142013165"
"chr8","143976172","143976459","KN295236v1","5600274","5600566","42","138375898"
"chr9","7077748","7078047","KN294850v1","133605","133904","29","6944143"
"chr9","15597545","15597854","KN295692v1","998365","998674","32","14599180"
"chr9","67633116","67633415","KN295114v1","20941","21251","44","67612175"
"chr9","82968435","82968729","KN294634v1","514588","514883","35","82453847"
"chr9","106299333","106299627","KN296311v1","3721408","3721707","36","102577925"
"chr9","113508253","113508551","KN297276v1","260802","261098","39","113247451"
"chr9","114332","114539","KN296749v1","712972","713203","58","598640"
"chr9","185667","185966","KN297019v1","1233639","1233939","36","1047972"
"chr9","186560","186868","KN296934v1","897698","898003","42","711138"
"chr9","304708","305007","KN296153v1","3677943","3678242","39","3373235"
"chr9","311165","311468","KN295722v1","2046698","2046993","34","1735533"
"chr9","352347","352639","KN295722v1","2004566","2004860","21","1652219"
"chr9","366307","366602","KN296865v1","995225","995521","32","628918"
"chr9","398957","399246","KN295362v1","1306697","1306980","39","907740"
"chr9","515041","515358","KN296296v1","12289","12600","57","502752"
"chr9","530780","531089","KN297046v1","1801264","1801572","35","1270484"
"chr9","595073","595360","KN297044v1","811314","811606","39","216241"
"chr9","640789","641076","KN295722v1","1717406","1717704","29","1076617"
"chr9","643635","643937","KN295722v1","1714563","1714870","24","1070928"
"chr9","719872","720185","KN294387v1","1455868","1456171","42","735996"
"chr9","746149","746437","KN295962v1","2134608","2134896","34","1388459"
"chr9","767113","767382","KN295825v1","1272410","1272695","56","505297"
"chr9","767551","767714","KN295406v1","286761","286926","26","480790"
"chr9","781701","782000","KN294387v1","2599087","2599393","39","1817386"
"chr9","789286","789601","KN295722v1","1572953","1573267","34","783667"
"chr9","791372","791643","KN295925v1","561326","561599","55","230046"
"chr9","800389","800696","KN295722v1","1562392","1562691","35","762003"
"chr9","811835","812144","KN295722v1","1554813","1555112","34","742978"
"chr9","834681","834972","KN295722v1","1531418","1531718","32","696737"
"chr9","855830","856112","KN295722v1","1512518","1512798","18","656688"
"chr9","867399","867685","KN296442v1","1130989","1131276","35","263590"
"chr9","933988","934289","KN294457v1","1379597","1379899","37","445609"
"chr9","1005630","1005927","KN294433v1","409687","409987","35","595943"
"chr9","1119000","1119309","KN297153v1","102470","102782","40","1016530"
"chr9","1121500","1121808","KN294717v1","373979","374286","46","747521"
"chr9","1158710","1159016","KN294662v1","79885","80185","34","1078825"
"chr9","1242616","1242918","KN295722v1","1132412","1132714","14","110204"
"chr9","2017527","2017840","KN294181v1","930133","930441","29","1087394"
"chr9","2105226","2105510","KN297008v1","1840175","1840465","58","265051"
"chr9","2540638","2540937","KN294634v1","174302","174601","28","2366336"
"chr9","2551369","2551682","KN294634v1","185288","185602","38","2366081"
"chr9","2654995","2655310","KN294264v1","371563","371884","42","2283432"
"chr9","2874455","2874762","KN295114v1","20941","21251","35","2853514"
"chr9","3030746","3031050","KN294650v1","1979941","1980242","16","1050805"
"chr9","3214046","3214350","KN294387v1","2599087","2599393","36","614959"
"chr9","3359872","3360167","KN295633v1","131503","131796","41","3228369"
"chr9","3390811","3391121","KN294650v1","1616176","1616482","26","1774635"
"chr9","3397689","3397943","KN297366v1","816589","816845","37","2581100"
"chr9","3412041","3412357","KN294262v1","2954079","2954389","43","457962"
"chr9","3453623","3453931","KN294650v1","1544357","1544665","33","1909266"
"chr9","3703004","3703312","KN294650v1","1245035","1245348","24","2457969"
"chr9","3707506","3707806","KN296732v1","2013890","2014190","31","1693616"
"chr9","4023500","4023806","KN294650v1","927542","927838","32","3095958"
"chr9","4048750","4049040","KN294650v1","903018","903310","32","3145732"
"chr9","4204453","4204757","KN294705v1","1891916","1892221","36","2312537"
"chr9","4215902","4216208","KN297083v1","720792","721088","41","3495110"
"chr9","4289255","4289556","KN294650v1","677073","677368","24","3612182"
"chr9","4339665","4339968","KN295758v1","982579","982875","43","3357086"
"chr9","4440506","4440821","KN294650v1","512435","512746","42","3928071"
"chr9","4441670","4441956","KN294172v1","2999478","2999758","43","1442192"
"chr9","4485329","4485637","KN295114v1","20941","21251","39","4464388"
"chr9","4490756","4491058","KN297078v1","312102","312402","40","4178654"
"chr9","4531865","4532171","KN294650v1","413015","413317","26","4118850"
"chr9","4545165","4545466","KN296153v1","3677943","3678242","36","867222"
"chr9","4580865","4581174","KN294501v1","104788","105092","41","4476077"
"chr9","4787608","4787908","KN294650v1","167692","167983","32","4619916"
"chr9","4791592","4791881","KN295057v1","379008","379299","37","4412584"
"chr9","4800832","4801122","KN294650v1","153197","153480","25","4647635"
"chr9","4821827","4822063","KN294499v1","1565577","1565814","38","3256250"
"chr9","4950543","4950831","KN294224v1","1103051","1103340","38","3847492"
"chr9","4974022","4974313","KN297000v1","300195","300489","35","4673827"
"chr9","4990102","4990398","KN294996v1","716925","717221","35","4273177"
"chr9","5066267","5066529","KN294873v1","1587787","1588043","49","3478480"
"chr9","5212532","5212830","KN296189v1","108250","108547","26","5104282"
"chr9","5240939","5241243","KN296189v1","144372","144680","35","5096567"
"chr9","5250010","5250305","KN296244v1","675027","675323","35","4574983"
"chr9","5384152","5384425","KN295607v1","3891545","3891824","42","1492607"
"chr9","5409768","5410062","KN295057v1","500819","501116","41","4908949"
"chr9","5416842","5417128","KN295820v1","810293","810575","43","4606549"
"chr9","5526716","5527019","KN295883v1","260302","260609","30","5266414"
"chr9","5607610","5607916","KN297153v1","1366929","1367240","36","4240681"
"chr9","5661320","5661623","KN295883v1","386167","386471","27","5275153"
"chr9","5666634","5666942","KN294181v1","1016789","1017103","37","4649845"
"chr9","5698516","5698823","KN295883v1","415337","415650","30","5283179"
"chr9","5922513","5922746","KN295883v1","646191","646420","30","5276322"
"chr9","5943742","5944000","KN294705v1","965592","965844","47","4978150"
"chr9","5977330","5977635","KN296036v1","683627","683927","38","5293703"
"chr9","6025632","6025936","KN295883v1","754353","754644","45","5271279"
"chr9","6078472","6078776","KN295883v1","809861","810164","36","5268611"
"chr9","6099542","6099715","KN295533v1","1671138","1671311","24","4428404"
"chr9","6107799","6108104","KN295883v1","850868","851182","37","5256931"
"chr9","6115825","6116087","KN294210v1","801675","801939","38","5314150"
"chr9","6141564","6141870","KN295883v1","879228","879536","31","5262336"
"chr9","6286087","6286390","KN296019v1","443353","443660","50","5842734"
"chr9","6377889","6378109","KN294539v1","11762","11974","32","6366127"
"chr9","6431936","6432220","KN294172v1","2947240","2947526","33","3484696"
"chr9","6505844","6506132","KN296934v1","445466","445756","44","6060378"
"chr9","6520421","6520717","KN296062v1","2106200","2106493","37","4414221"
"chr9","6564374","6564684","KN297165v1","1902812","1903121","47","4661562"
"chr9","6565513","6565770","KN295893v1","137611","137881","60","6427902"
"chr9","6592809","6593104","KN296290v1","1153877","1154165","35","5438932"
"chr9","6595393","6595659","KN296306v1","587513","587792","48","6007880"
"chr9","6608406","6608719","KN295091v1","1957543","1957849","43","4650863"
"chr9","6637343","6637642","KN296153v1","3677943","3678242","32","2959400"
"chr9","6654536","6654847","KN295633v1","264317","264628","36","6390219"
"chr9","6672821","6673122","KN297046v1","2791168","2791468","28","3881653"
"chr9","6676293","6676572","KN296865v1","956232","956520","40","5720061"
"chr9","6747107","6747396","KN297159v1","618451","618746","38","6128656"
"chr9","6752005","6752183","KN295236v1","5187090","5187265","26","1564915"
"chr9","6754790","6755111","KN295550v1","1007565","1007867","46","5747225"
"chr9","6772824","6773132","KN296317v1","72","378","38","6772752"
"chr9","6778868","6779160","KN297044v1","811314","811606","32","5967554"
"chr9","6797585","6797892","KN295034v1","63947","64249","33","6733638"
"chr9","6803315","6803622","KN297019v1","695366","695673","32","6107949"
"chr9","6806872","6807141","KN295962v1","383890","384156","44","6422982"
"chr9","6809232","6809439","KN296495v1","2197750","2197951","34","4611482"
"chr9","6810859","6811161","KN294181v1","858043","858340","47","5952816"
"chr9","6828323","6828618","KN297445v1","1326382","1326677","34","5501941"
"chr9","6830709","6830996","KN294499v1","1728777","1729072","48","5101932"
"chr9","6832488","6832797","KN294717v1","373979","374286","43","6458509"
"chr9","6855254","6855548","KN296404v1","106219","106515","40","6749035"
"chr9","6859505","6859806","KN294407v1","249623","249924","43","6609882"
"chr9","6873848","6874162","KN295367v1","57325","57637","39","6816523"
"chr9","6880742","6881042","KN294917v1","618557","618860","33","6262185"
"chr9","6882213","6882506","KN295573v1","1180819","1181113","41","5701394"
"chr9","6905266","6905572","KN294387v1","2599087","2599393","38","4306179"
"chr9","6913527","6913837","KN295983v1","1536250","1536551","45","5377277"
"chr9","6943583","6943959","KN297105v1","2732332","2732692","89","4211251"
"chr9","6991092","6991371","KN294224v1","463368","463648","36","6527724"
"chr9","7083335","7083645","KN295114v1","20941","21251","46","7062394"
"chr9","7140125","7140431","KN294172v1","4623261","4623567","29","2516864"
"chr9","7147235","7147306","KN294713v1","1019322","1019391","11","6127913"
"chr9","7239527","7239841","KN295371v1","415906","416214","47","6823621"
"chr9","7260849","7261151","KN295580v1","1390","1690","33","7259459"
"chr9","7364281","7364579","KN294856v1","296536","296838","38","7067745"
"chr9","7367759","7368052","KN294662v1","79885","80185","49","7287874"
"chr9","7559880","7560176","KN295487v1","96031","96319","48","7463849"
"chr9","7682327","7682634","KN294433v1","482950","483258","35","7199377"
"chr9","7720940","7721236","KN296739v1","287386","287669","58","7433554"
"chr9","7758615","7758916","KN296306v1","3695174","3695472","42","4063441"
"chr9","7861807","7862118","KN294717v1","373979","374286","40","7487828"
"chr9","8037129","8037440","KN294991v1","1865473","1865780","40","6171656"
"chr9","8148024","8148322","KN295096v1","466481","466784","35","7681543"
"chr9","8293416","8293702","KN294964v1","486494","486767","48","7806922"
"chr9","8521333","8521602","KN294185v1","653333","653604","33","7868000"
"chr9","8751591","8751895","KN295350v1","243779","244085","33","8507812"
"chr9","8761446","8761750","KN294591v1","102703","103003","40","8658743"
"chr9","8800973","8801287","KN295236v1","5343986","5344298","38","3456987"
"chr9","8847748","8848051","KN295117v1","285369","285672","32","8562379"
"chr9","8859838","8860135","KN294185v1","320212","320507","23","8539626"
"chr9","8985441","8985752","KN296520v1","401670","401982","35","8583771"
"chr9","9042394","9042715","KN294499v1","1948987","1949299","40","7093407"
"chr9","9075282","9075592","KN294185v1","110358","110660","33","8964924"
"chr9","9314407","9314521","KN294921v1","769188","769301","18","8545219"
"chr9","9347325","9347623","KN294214v1","503295","503591","46","8844030"
"chr9","9460619","9460916","KN297230v1","1127269","1127564","35","8333350"
"chr9","9823995","9824295","KN295102v1","291893","292194","41","9532102"
"chr9","9865158","9865472","KN295984v1","1332383","1332688","42","8532775"
"chr9","10081331","10081619","KN296749v1","503583","503870","33","9577748"
"chr9","10190650","10190958","KN296290v1","702538","702843","49","9488112"
"chr9","10327337","10327639","KN296357v1","755485","755787","38","9571852"
"chr9","10351102","10351407","KN295667v1","1687893","1688204","57","8663209"
"chr9","10382782","10383082","KN297019v1","1233639","1233939","44","9149143"
"chr9","10836524","10836818","KN296588v1","813149","813445","43","10023375"
"chr9","10985165","10985463","KN294790v1","2757948","2758248","39","8227217"
"chr9","11074458","11074707","KN295883v1","858914","859162","46","10215544"
"chr9","11135708","11135992","KN296609v1","1427834","1428110","43","9707874"
"chr9","11166858","11167162","KN294536v1","952303","952607","43","10214555"
"chr9","11240346","11240649","KN296306v1","1093986","1094284","38","10146360"
"chr9","11597761","11598064","KN296847v1","667698","667981","57","10930063"
"chr9","11620538","11620836","KN296747v1","35746","36041","38","11584792"
"chr9","11642109","11642357","KN294739v1","994750","995002","50","10647359"
"chr9","11769881","11770152","KN296311v1","6017413","6017684","47","5752468"
"chr9","11777958","11778264","KN294501v1","104788","105092","40","11673170"
"chr9","11804273","11804583","KN294647v1","185825","186131","41","11618448"
"chr9","11835319","11835570","KN295667v1","418942","419199","44","11416377"
"chr9","11915371","11915684","KN295090v1","2500567","2500872","48","9414804"
"chr9","12070181","12070489","KN295263v1","261371","261683","40","11808810"
"chr9","12232450","12232750","KN296731v1","1681432","1681735","37","10551018"
"chr9","12677103","12677399","KN296381v1","74782","75080","37","12602321"
"chr9","12803496","12803776","KN295257v1","226236","226516","39","12577260"
"chr9","12882993","12883264","KN296958v1","56608","56873","36","12826385"
"chr9","13301951","13302249","KN296852v1","50353","50650","34","13251598"
"chr9","13334679","13334952","KN295185v1","76347","76625","66","13258332"
"chr9","13392045","13392343","KN294790v1","2686461","2686754","40","10705584"
"chr9","13403123","13403431","KN297322v1","1153290","1153598","34","12249833"
"chr9","13571986","13572276","KN295480v1","714319","714610","34","12857667"
"chr9","13584408","13584720","KN294842v1","473025","473335","34","13111383"
"chr9","13591066","13591374","KN296381v1","91265","91569","44","13499801"
"chr9","13657666","13657977","KN296153v1","3677943","3678242","38","9979723"
"chr9","13869145","13869456","KN295114v1","20941","21251","38","13848204"
"chr9","13883370","13883684","KN294717v1","373979","374286","42","13509391"
"chr9","14206598","14206901","KN294991v1","1865473","1865780","34","12341125"
"chr9","14371571","14371874","KN296485v1","429084","429391","33","13942487"
"chr9","14471521","14471829","KN295114v1","20941","21251","50","14450580"
"chr9","14626902","14627184","KN294172v1","2999478","2999758","26","11627424"
"chr9","14664928","14665232","KN295984v1","868891","869195","31","13796037"
"chr9","14821947","14822243","KN294578v1","593416","593711","31","14228531"
"chr9","14841390","14841689","KN297133v1","419676","419981","33","14421714"
"chr9","14952726","14953014","KN294657v1","357856","358148","24","14594870"
"chr9","15054997","15055294","KN295977v1","249013","249314","40","14805984"
"chr9","15074302","15074599","KN294657v1","232487","232787","37","14841815"
"chr9","15181486","15181792","KN294657v1","132187","132487","30","15049299"
"chr9","15256356","15256646","KN296096v1","3767148","3767446","39","11489208"
"chr9","15262673","15262968","KN295729v1","1473593","1473887","38","13789080"
"chr9","15464490","15464801","KN296948v1","811011","811310","43","14653479"
"chr9","15476254","15476549","KN296732v1","2013890","2014190","31","13462364"
"chr9","15477409","15477703","KN296292v1","160950","161244","27","15316459"
"chr9","15543695","15543987","KN297322v1","1385103","1385393","40","14158592"
"chr9","15549756","15550054","KN296306v1","1093986","1094284","37","14455770"
"chr9","15555823","15555925","KN296292v1","74348","74459","18","15481475"
"chr9","15555987","15556269","KN295205v1","1220626","1220914","38","14335361"
"chr9","15561183","15561490","KN297046v1","2562618","2562921","36","12998565"
"chr9","15596245","15596555","KN296292v1","33681","33987","32","15562564"
"chr9","15610195","15610487","KN296292v1","15901","16194","22","15594294"
"chr9","15613452","15613763","KN296365v1","1588024","1588336","38","14025428"
"chr9","15631307","15631612","KN294917v1","618557","618860","35","15012750"
"chr9","15688784","15689092","KN297038v1","2343556","2343866","44","13345228"
"chr9","15713355","15713646","KN295907v1","1253096","1253393","38","14460259"
"chr9","15719038","15719348","KN294739v1","1119262","1119568","40","14599776"
"chr9","15742464","15742768","KN294717v1","373979","374286","38","15368485"
"chr9","15825633","15825938","KN296062v1","2462011","2462316","43","13363622"
"chr9","15866535","15866840","KN294842v1","1292189","1292485","36","14574346"
"chr9","16097993","16098285","KN294739v1","616485","616779","37","15481508"
"chr9","16722566","16722867","KN294662v1","79885","80185","31","16642681"
"chr9","16760902","16761212","KN296244v1","295087","295395","35","16465815"
"chr9","16825743","16826042","KN294243v1","222623","222927","45","16603120"
"chr9","16854999","16855302","KN294172v1","4761492","4761794","35","12093507"
"chr9","17004158","17004445","KN296200v1","238773","239058","43","16765385"
"chr9","17044166","17044454","KN295350v1","493114","493401","41","16551052"
"chr9","17079883","17080173","KN297229v1","921644","921926","32","16158239"
"chr9","17089093","17089385","KN297343v1","703783","704073","34","16385310"
"chr9","17089921","17090201","KN297112v1","3992200","3992473","39","13097721"
"chr9","17106776","17106866","KN297046v1","1354457","1354545","15","15752319"
"chr9","17110450","17110757","KN295692v1","998365","998674","33","16112085"
"chr9","17160076","17160388","KN294387v1","2599087","2599393","41","14560989"
"chr9","17192658","17192949","KN296588v1","801180","801474","44","16391478"
"chr9","17197124","17197427","KN295236v1","5645831","5646138","42","11551293"
"chr9","17202737","17203044","KN294873v1","1327978","1328280","36","15874759"
"chr9","17204826","17205126","KN295171v1","231499","231801","34","16973327"
"chr9","17214497","17214804","KN295610v1","496266","496581","49","16718231"
"chr9","17228581","17228878","KN295607v1","4402317","4402604","47","12826264"
"chr9","17271538","17271835","KN295439v1","175570","175868","36","17095968"
"chr9","17304027","17304332","KN294717v1","373979","374286","25","16930048"
"chr9","17351270","17351558","KN294540v1","155793","156082","47","17195477"
"chr9","17359471","17359755","KN295825v1","1953498","1953787","40","15405973"
"chr9","17367219","17367515","KN294662v1","79885","80185","30","17287334"
"chr9","17553431","17553605","KN294281v1","989793","989968","29","16563638"
"chr9","17574821","17575116","KN295553v1","356691","356984","37","17218130"
"chr9","17588070","17588378","KN295667v1","1687893","1688204","41","15900177"
"chr9","17595878","17596177","KN294850v1","133605","133904","33","17462273"
"chr9","17844307","17844597","KN295059v1","314922","315224","55","17529385"
"chr9","17882995","17883298","KN296042v1","627408","627715","36","17255587"
"chr9","18113876","18114099","KN295967v1","1894696","1894907","25","16219180"
"chr9","18337122","18337433","KN295967v1","1677240","1677549","28","16659882"
"chr9","18344872","18345064","KN294456v1","618328","618515","38","17726544"
"chr9","18351850","18351956","KN296322v1","882795","882905","16","17469055"
"chr9","18476027","18476329","KN295967v1","1542359","1542669","27","16933668"
"chr9","18498725","18499021","KN295984v1","974577","974872","39","17524148"
"chr9","18649234","18649526","KN294561v1","810685","810981","33","17838549"
"chr9","18822173","18822474","KN295967v1","1220660","1220964","29","17601513"
"chr9","18931527","18931777","KN294325v1","54256","54509","45","18877271"
"chr9","18967446","18967737","KN295205v1","1220626","1220914","41","17746820"
"chr9","19000099","19000429","KN295967v1","1058845","1059151","46","17941254"
"chr9","19022218","19022510","KN294588v1","494059","494353","50","18528159"
"chr9","19093753","19094058","KN295523v1","288955","289257","37","18804798"
"chr9","19248747","19249036","KN295825v1","1555832","1556125","45","17692915"
"chr9","19361798","19362105","KN295967v1","694613","694915","39","18667185"
"chr9","19364314","19364620","KN295967v1","691749","692048","28","18672565"
"chr9","19371281","19371587","KN296153v1","3677943","3678242","48","15693338"
"chr9","19414547","19414856","KN295114v1","20941","21251","45","19393606"
"chr9","19449213","19449513","KN294261v1","106351","106657","34","19342862"
"chr9","19464847","19465137","KN295470v1","376505","376799","38","19088342"
"chr9","19467297","19467592","KN294407v1","93660","93961","34","19373637"
"chr9","19467687","19467974","KN297000v1","300195","300489","44","19167492"
"chr9","19475349","19475634","KN295825v1","1272410","1272695","43","18202939"
"chr9","19492292","19492597","KN294662v1","79885","80185","36","19412407"
"chr9","19502652","19502960","KN296926v1","705887","706201","57","18796765"
"chr9","19506305","19506614","KN296189v1","144372","144680","38","19361933"
"chr9","19513681","19513992","KN296959v1","29660","29973","40","19484021"
"chr9","19526044","19526357","KN295967v1","519912","520222","38","19006132"
"chr9","19528116","19528406","KN294536v1","1607732","1608024","30","17920384"
"chr9","19545978","19546276","KN296495v1","2252575","2252859","53","17293403"
"chr9","19554589","19554827","KN297242v1","2310027","2310255","38","17244562"
"chr9","19554902","19555204","KN294630v1","494261","494558","35","19060641"
"chr9","19560403","19560704","KN295501v1","1005257","1005557","42","18555146"
"chr9","19621691","19621979","KN294281v1","1071142","1071430","39","18550549"
"chr9","19626627","19626946","KN297421v1","269231","269537","59","19357396"
"chr9","19647167","19647461","KN295983v1","1664954","1665256","41","17982213"
"chr9","19653500","19653753","KN295967v1","401101","401351","42","19252399"
"chr9","19687184","19687397","KN294498v1","153122","153333","31","19534062"
"chr9","19689928","19690230","KN294193v1","740765","741070","45","18949163"
"chr9","19710739","19711048","KN295967v1","336126","336445","34","19374613"
"chr9","19713127","19713434","KN296062v1","531528","531834","34","19181599"
"chr9","19716975","19717275","KN294172v1","4761492","4761794","37","14955483"
"chr9","19766323","19766604","KN295967v1","285125","285406","22","19481198"
"chr9","19767338","19767613","KN295243v1","302117","302391","27","19465221"
"chr9","19917104","19917412","KN294728v1","1530565","1530875","34","18386539"
"chr9","20086315","20086616","KN296952v1","28989","29298","37","20057326"
"chr9","20137319","20137618","KN294172v1","5339882","5340172","50","14797437"
"chr9","20145049","20145343","KN296952v1","83931","84214","45","20061118"
"chr9","20220482","20220760","KN294407v1","815182","815470","49","19405300"
"chr9","20336849","20337130","KN296314v1","33229","33508","28","20303620"
"chr9","20583980","20584289","KN296314v1","264171","264477","23","20319809"
"chr9","20678821","20679122","KN296588v1","321243","321547","38","20357578"
"chr9","20701238","20701512","KN295523v1","4195930","4196206","36","16505308"
"chr9","20810358","20810654","KN297095v1","1452898","1453193","40","19357460"
"chr9","20826370","20826673","KN295112v1","343212","343513","45","20483158"
"chr9","20839939","20840240","KN294613v1","747893","748193","42","20092046"
"chr9","20855834","20856131","KN294218v1","2831459","2831758","32","18024375"
"chr9","20920691","20920976","KN296201v1","1836606","1836890","34","19084085"
"chr9","20955683","20955963","KN296513v1","1339873","1340152","37","19615810"
"chr9","21017371","21017659","KN295350v1","493114","493401","39","20524257"
"chr9","21047586","21047879","KN295091v1","2718623","2718916","33","18328963"
"chr9","21088733","21089032","KN295225v1","230939","231235","37","20857794"
"chr9","21245805","21246107","KN295692v1","998365","998674","44","20247440"
"chr9","21340014","21340323","KN296019v1","178814","179119","41","21161200"
"chr9","21370138","21370446","KN297127v1","131395","131695","37","21238743"
"chr9","21811476","21811779","KN294387v1","2599087","2599393","36","19212389"
"chr9","21828719","21829010","KN296153v1","91872","92161","33","21736847"
"chr9","22142317","22142613","KN296922v1","753461","753755","37","21388856"
"chr9","22269609","22269904","KN294218v1","2831459","2831758","39","19438150"
"chr9","22276803","22277106","KN294662v1","79885","80185","43","22196918"
"chr9","22292724","22293034","KN296075v1","565878","566186","45","21726846"
"chr9","22375009","22375315","KN294717v1","373979","374286","43","22001030"
"chr9","22392792","22393100","KN295666v1","372654","372964","40","22020138"
"chr9","22725327","22725637","KN295114v1","20941","21251","30","22704386"
"chr9","22739123","22739408","KN295721v1","197604","197890","44","22541519"
"chr9","22935806","22936098","KN295596v1","1501372","1501655","46","21434434"
"chr9","23267758","23268075","KN294346v1","372059","372367","51","22895699"
"chr9","23637815","23638129","KN295368v1","1896636","1896948","39","21741179"
"chr9","23785481","23785601","KN295361v1","171226","171341","21","23614255"
"chr9","23906701","23907003","KN294229v1","97510","97813","39","23809191"
"chr9","23991050","23991361","KN297197v1","1652825","1653120","51","22338225"
"chr9","24066310","24066616","KN295114v1","20941","21251","44","24045369"
"chr9","24133947","24134217","KN295526v1","384122","384388","36","23749825"
"chr9","24466548","24466851","KN294571v1","1546303","1546607","34","22920245"
"chr9","24502676","24502991","KN295244v1","295069","295388","45","24207607"
"chr9","24847494","24847670","KN294592v1","1377982","1378158","27","23469512"
"chr9","25127123","25127424","KN294911v1","4361649","4361947","45","20765474"
"chr9","25485148","25485440","KN294662v1","79885","80185","47","25405263"
"chr9","25512760","25513070","KN295667v1","1687893","1688204","37","23824867"
"chr9","25713363","25713673","KN294451v1","576228","576536","37","25137135"
"chr9","25815545","25815836","KN297445v1","1326382","1326677","46","24489163"
"chr9","25832857","25833151","KN296025v1","209297","209590","40","25623560"
"chr9","26007161","26007452","KN294446v1","4241","4537","48","26002920"
"chr9","26012825","26013115","KN294446v1","4241","4537","48","26008584"
"chr9","26018688","26018993","KN295501v1","1005257","1005557","41","25013431"
"chr9","26057439","26057535","KN296311v1","2176681","2176780","17","23880758"
"chr9","26066097","26066402","KN297322v1","792278","792585","43","25273819"
"chr9","26270585","26270899","KN294172v1","3889141","3889447","49","22381444"
"chr9","26345661","26345964","KN295114v1","20941","21251","33","26324720"
"chr9","26522074","26522394","KN295708v1","1599062","1599372","48","24923012"
"chr9","26589838","26590142","KN294662v1","79885","80185","43","26509953"
"chr9","26652249","26652525","KN296247v1","707602","707882","47","25944647"
"chr9","26717394","26717690","KN296079v1","265721","266017","38","26451673"
"chr9","26736080","26736381","KN294240v1","39786","40084","47","26696294"
"chr9","26752080","26752364","KN295490v1","476948","477223","35","26275132"
"chr9","26803799","26803968","KN295987v1","271542","271712","25","26532257"
"chr9","26803969","26804275","KN295854v1","1466288","1466586","45","25337681"
"chr9","27166992","27167305","KN294705v1","1582720","1583032","41","25584272"
"chr9","27199379","27199651","KN295936v1","30401","30674","43","27168978"
"chr9","27272968","27273270","KN294172v1","6860683","6860986","37","20412285"
"chr9","27290000","27290305","KN294451v1","576228","576536","35","26713772"
"chr9","27314118","27314417","KN296062v1","531528","531834","42","26782590"
"chr9","27335764","27336072","KN294787v1","271659","271959","35","27064105"
"chr9","27421801","27422102","KN294218v1","2831459","2831758","34","24590342"
"chr9","27443245","27443543","KN296096v1","3183138","3183434","31","24260107"
"chr9","27541610","27541888","KN295459v1","668016","668299","45","26873594"
"chr9","27813837","27814130","KN294588v1","494059","494353","35","27319778"
"chr9","27828553","27828873","KN296406v1","470066","470382","43","27358487"
"chr9","27955861","27956098","KN296153v1","2778676","2778916","36","25177185"
"chr9","29016373","29016668","KN295077v1","585208","585503","30","28431165"
"chr9","29063247","29063533","KN297322v1","1385103","1385393","36","27678144"
"chr9","29168633","29168938","KN295983v1","1536250","1536551","39","27632383"
"chr9","29522775","29523074","KN297019v1","448462","448760","42","29074313"
"chr9","30048799","30049073","KN296205v1","605596","605883","52","29443203"
"chr9","30214131","30214424","KN295225v1","852978","853269","38","29361153"
"chr9","30256046","30256340","KN296153v1","3677943","3678242","33","26578103"
"chr9","30419499","30419791","KN294407v1","815182","815470","40","29604317"
"chr9","30835868","30836171","KN295501v1","1005257","1005557","35","29830611"
"chr9","31216140","31216414","KN296865v1","956232","956520","42","30259908"
"chr9","31488112","31488413","KN296311v1","1037581","1037880","28","30450531"
"chr9","31616272","31616600","KN295667v1","1687893","1688204","48","29928379"
"chr9","31694379","31694629","KN295841v1","319403","319666","46","31374976"
"chr9","31702493","31702793","KN295112v1","343212","343513","53","31359281"
"chr9","31772061","31772362","KN294842v1","690378","690679","33","31081683"
"chr9","31862860","31863158","KN294365v1","795012","795312","37","31067848"
"chr9","32286639","32286936","KN295855v1","21394","21692","27","32265245"
"chr9","32536261","32536561","KN296474v1","233849","234136","49","32302412"
"chr9","32603714","32604025","KN294451v1","576228","576536","42","32027486"
"chr9","32728187","32728284","KN294850v1","160848","160948","15","32567339"
"chr9","32755986","32756303","KN295705v1","2747981","2748284","43","30008005"
"chr9","32835420","32835722","KN294470v1","2729657","2729960","35","30105763"
"chr9","32883944","32884257","KN295708v1","1599062","1599372","43","31284882"
"chr9","32926271","32926569","KN295995v1","165168","165480","42","32761103"
"chr9","33029386","33029707","KN296153v1","2057313","2057618","58","30972073"
"chr9","33137098","33137403","KN295601v1","2895150","2895452","35","30241948"
"chr9","33198705","33199003","KN297227v1","1018475","1018768","39","32180230"
"chr9","33249782","33250078","KN294739v1","616485","616779","33","32633297"
"chr9","33329919","33330113","KN295274v1","16651","16841","18","33313268"
"chr9","33340867","33341192","KN295274v1","7524","7842","34","33333343"
"chr9","33400028","33400322","KN295835v1","204032","204310","28","33195996"
"chr9","33421255","33421547","KN296153v1","91872","92161","37","33329383"
"chr9","33425281","33425536","KN296225v1","868081","868342","60","32557200"
"chr9","33425627","33425928","KN296991v1","997341","997639","39","32428286"
"chr9","33431477","33431779","KN297133v1","419676","419981","35","33011801"
"chr9","33459317","33459630","KN295893v1","413740","414050","48","33045577"
"chr9","33467078","33467305","KN295988v1","1687562","1687782","38","31779516"
"chr9","33475420","33475594","KN296244v1","1009119","1009288","24","32466301"
"chr9","33483597","33483897","KN294588v1","1492426","1492725","34","31991171"
"chr9","33494708","33495006","KN296486v1","698399","698705","36","32796309"
"chr9","33564017","33564318","KN297133v1","419676","419981","29","33144341"
"chr9","33663504","33663815","KN296153v1","335396","335705","31","33328108"
"chr9","33672285","33672574","KN297322v1","1861209","1861499","36","31811076"
"chr9","33716865","33717030","KN295236v1","4163572","4163734","23","29553293"
"chr9","33719497","33719793","KN295102v1","291893","292194","35","33427604"
"chr9","33755576","33755873","KN296153v1","3677943","3678242","32","30077633"
"chr9","33757523","33757825","KN295573v1","256524","256822","36","33500999"
"chr9","33793326","33793635","KN294187v1","1346864","1347175","36","32446462"
"chr9","33808161","33808355","KN295633v1","2374600","2374789","33","31433561"
"chr9","33822451","33822729","KN294181v1","509561","509825","56","33312890"
"chr9","33824807","33825095","KN294439v1","72624","72920","37","33752183"
"chr9","33833550","33833852","KN295697v1","189742","190043","34","33643808"
"chr9","33839171","33839480","KN294456v1","876419","876725","35","32962752"
"chr9","33850896","33851201","KN297133v1","419676","419981","32","33431220"
"chr9","33861318","33861622","KN295601v1","2895150","2895452","40","30966168"
"chr9","33872521","33872810","KN294454v1","272272","272568","44","33600249"
"chr9","33884093","33884399","KN296153v1","3677943","3678242","46","30206150"
"chr9","33918780","33919066","KN295441v1","1712359","1712645","50","32206421"
"chr9","33919785","33919836","KN297165v1","4139689","4139740","8","29780096"
"chr9","33959130","33959442","KN297390v1","1640938","1641250","45","32318192"
"chr9","34146116","34146255","KN294172v1","5023372","5023503","20","29122744"
"chr9","34175580","34175868","KN295995v1","1426233","1426527","30","32749347"
"chr9","34229456","34229785","KN295586v1","2500023","2500350","61","31729433"
"chr9","34243790","34244094","KN294172v1","2028047","2028349","38","32215743"
"chr9","34248780","34249063","KN295350v1","1050025","1050313","42","33198755"
"chr9","34252304","34252614","KN295114v1","20941","21251","42","34231363"
"chr9","34253167","34253463","KN295257v1","1087444","1087739","45","33165723"
"chr9","34258890","34259188","KN295586v1","1077188","1077483","40","33181702"
"chr9","34269796","34270098","KN294739v1","1119262","1119568","31","33150534"
"chr9","34274480","34274786","KN296311v1","3721408","3721707","35","30553072"
"chr9","34335342","34335655","KN295294v1","3132769","3133075","39","31202573"
"chr9","34357484","34357786","KN294717v1","373979","374286","37","33983505"
"chr9","34366527","34366762","KN295607v1","2239036","2239274","42","32127491"
"chr9","34369344","34369650","KN296926v1","775755","776062","47","33593589"
"chr9","34424490","34424724","KN296306v1","1562949","1563189","47","32861541"
"chr9","34438536","34438861","KN296594v1","409716","410035","46","34028820"
"chr9","34451460","34451776","KN294717v1","373979","374286","46","34077481"
"chr9","34462019","34462314","KN295293v1","41029","41327","27","34420990"
"chr9","34491697","34491758","KN295034v1","429788","429850","17","34061909"
"chr9","34492113","34492318","KN294874v1","469378","469585","39","34022735"
"chr9","34508285","34508586","KN294172v1","4761492","4761794","42","29746793"
"chr9","34510368","34510624","KN294540v1","886155","886414","35","33624213"
"chr9","34524215","34524504","KN297023v1","430964","431253","36","34093251"
"chr9","34547321","34547630","KN295988v1","954829","955141","52","33592492"
"chr9","34552552","34552862","KN295705v1","690925","691236","38","33861627"
"chr9","34567160","34567464","KN297038v1","1346779","1347081","35","33220381"
"chr9","34574814","34575116","KN294407v1","2595440","2595750","38","31979374"
"chr9","34579046","34579343","KN295090v1","1657716","1658013","32","32921330"
"chr9","34595527","34595832","KN297452v1","30736","31042","37","34564791"
"chr9","34599264","34599565","KN296732v1","2013890","2014190","33","32585374"
"chr9","34606871","34607162","KN296759v1","638542","638840","39","33968329"
"chr9","34619983","34620284","KN295697v1","189742","190043","44","34430241"
"chr9","34656867","34657164","KN294365v1","795012","795312","39","33861855"
"chr9","34688457","34688767","KN296934v1","897698","898003","33","33790759"
"chr9","34695137","34695442","KN297442v1","12090","12392","43","34683047"
"chr9","34710660","34710957","KN294697v1","98914","99214","29","34611746"
"chr9","34729230","34729537","KN297133v1","419676","419981","35","34309554"
"chr9","34765006","34765317","KN295871v1","1093938","1094249","32","33671068"
"chr9","34766486","34766788","KN296743v1","1480127","1480425","29","33286359"
"chr9","34797957","34798270","KN294292v1","136185","136494","39","34661772"
"chr9","34800873","34801189","KN294365v1","1401774","1402095","35","33399099"
"chr9","35091498","35091802","KN296187v1","256916","257222","40","34834582"
"chr9","35107191","35107490","KN295692v1","1169014","1169310","31","33938177"
"chr9","35120583","35120896","KN294668v1","2096517","2096825","35","33024066"
"chr9","35135472","35135748","KN294172v1","2999478","2999758","33","32135994"
"chr9","35154865","35155169","KN296119v1","6426036","6426336","40","28728829"
"chr9","35164913","35165216","KN295038v1","926006","926310","36","34238907"
"chr9","35185807","35186130","KN294407v1","2827717","2828029","47","32358090"
"chr9","35194692","35194986","KN296759v1","638542","638840","31","34556150"
"chr9","35229682","35229976","KN295112v1","343212","343513","43","34886470"
"chr9","35316564","35316874","KN295294v1","842343","842650","34","34474221"
"chr9","35351336","35351554","KN295075v1","636904","637122","35","34714432"
"chr9","35422838","35423123","KN294911v1","2427333","2427628","36","32995505"
"chr9","35456667","35456971","KN295697v1","189742","190043","38","35266925"
"chr9","35492392","35492681","KN296825v1","1017140","1017433","35","34475252"
"chr9","35553774","35554068","KN295225v1","852978","853269","30","34700796"
"chr9","35581231","35581534","KN297452v1","2293568","2293874","35","33287663"
"chr9","35599833","35600058","KN296934v1","764213","764429","50","34835620"
"chr9","35724370","35724662","KN297044v1","811314","811606","35","34913056"
"chr9","35897249","35897550","KN294365v1","795012","795312","34","35102237"
"chr9","35910596","35910895","KN294454v1","538669","538961","27","35371927"
"chr9","35932634","35932944","KN297046v1","732046","732355","42","35200588"
"chr9","35964248","35964549","KN294454v1","489288","489588","21","35474960"
"chr9","35985306","35985610","KN295907v1","2005048","2005348","38","33980258"
"chr9","36019183","36019468","KN294454v1","428331","428614","27","35590852"
"chr9","36035767","36035983","KN294454v1","414306","414518","30","35621461"
"chr9","36053729","36053949","KN294454v1","396793","397005","23","35656936"
"chr9","36080017","36080323","KN294454v1","377509","377814","29","35702508"
"chr9","36181144","36181455","KN295059v1","336835","337145","36","35844309"
"chr9","36219838","36220154","KN294454v1","238272","238589","25","35981566"
"chr9","36457270","36457471","KN295375v1","1779431","1779639","38","34677839"
"chr9","36468443","36468645","KN295375v1","1779431","1779639","35","34689012"
"chr9","36534607","36534907","KN296145v1","981445","981746","33","35553162"
"chr9","36568415","36568713","KN296508v1","124808","125110","34","36443607"
"chr9","36578863","36579159","KN294578v1","593416","593711","34","35985447"
"chr9","36627258","36627569","KN296508v1","1890610","1890919","34","34736648"
"chr9","36660437","36660726","KN296508v1","212071","212360","32","36448366"
"chr9","36675813","36676174","KN295984v1","1564317","1564662","90","35111496"
"chr9","36767304","36767607","KN295977v1","249013","249314","35","36518291"
"chr9","36772782","36773075","KN294911v1","3820095","3820391","27","32952687"
"chr9","36802820","36803129","KN294444v1","165242","165552","39","36637578"
"chr9","36818569","36818859","KN296508v1","362857","363148","25","36455712"
"chr9","36838260","36838525","KN295523v1","3618519","3618784","28","33219741"
"chr9","36839269","36839577","KN296508v1","385577","385893","55","36453692"
"chr9","36841596","36841877","KN296508v1","388480","388764","23","36453116"
"chr9","36851848","36851954","KN295041v1","49283","49384","17","36802565"
"chr9","36853571","36853873","KN295893v1","1918447","1918750","35","34935124"
"chr9","36862315","36862611","KN296759v1","638542","638840","33","36223773"
"chr9","36949394","36949689","KN294407v1","2733858","2734151","35","34215536"
"chr9","36955321","36955639","KN294848v1","455451","455758","47","36499870"
"chr9","36959244","36959526","KN296508v1","502681","502964","23","36456563"
"chr9","36965234","36965535","KN296357v1","356792","357093","30","36608442"
"chr9","37006917","37007223","KN294407v1","249623","249924","37","36757294"
"chr9","37010188","37010483","KN296133v1","239214","239508","27","36770974"
"chr9","37020339","37020650","KN296508v1","569624","569934","31","36450715"
"chr9","37031679","37031768","KN295983v1","1889572","1889663","12","35142107"
"chr9","37034666","37034946","KN294303v1","339301","339581","47","36695365"
"chr9","37040499","37040747","KN297099v1","24008","24261","43","37016491"
"chr9","37057046","37057347","KN296153v1","3677943","3678242","32","33379103"
"chr9","37064749","37065037","KN294147v1","1832706","1832995","35","35232043"
"chr9","37089271","37089504","KN296557v1","404563","404804","58","36684708"
"chr9","37109450","37109761","KN295114v1","20941","21251","36","37088509"
"chr9","37110718","37111001","KN295962v1","1135386","1135671","37","35975332"
"chr9","37118128","37118423","KN296508v1","665759","666054","24","36452369"
"chr9","37143478","37143786","KN297390v1","1640938","1641250","35","35502540"
"chr9","37147599","37147909","KN296508v1","697295","697603","32","36450304"
"chr9","37179684","37179983","KN296357v1","706115","706421","41","36473569"
"chr9","37190688","37190976","KN294634v1","514588","514883","42","36676100"
"chr9","37192580","37192892","KN295667v1","1687893","1688204","43","35504687"
"chr9","37406227","37406527","KN296019v1","434249","434555","29","36971978"
"chr9","37473268","37473581","KN296508v1","1017398","1017693","42","36455870"
"chr9","37592493","37592802","KN296508v1","1138477","1138786","40","36454016"
"chr9","37594167","37594455","KN296108v1","63524","63807","36","37530643"
"chr9","37608556","37608848","KN297190v1","4000420","4000702","39","33608136"
"chr9","37649409","37649697","KN295962v1","1793684","1793973","42","35855725"
"chr9","37678839","37679122","KN296508v1","1228898","1229179","20","36449941"
"chr9","37766411","37766732","KN295205v1","1066560","1066883","42","36699851"
"chr9","37809322","37809566","KN296201v1","512758","513000","41","37296564"
"chr9","37892821","37893131","KN294717v1","373979","374286","38","37518842"
"chr9","37967573","37967878","KN294614v1","873784","874085","39","37093789"
"chr9","37982697","37983019","KN295722v1","2545099","2545413","46","35437598"
"chr9","38026005","38026309","KN296508v1","1566214","1566524","29","36459791"
"chr9","38054632","38054941","KN296508v1","1598854","1599164","36","36455778"
"chr9","38069640","38069951","KN295725v1","1996226","1996536","42","36073414"
"chr9","38079268","38079564","KN296508v1","1623542","1623841","20","36455726"
"chr9","38104984","38105283","KN296916v1","378131","378429","40","37726853"
"chr9","38216843","38217142","KN296508v1","1762299","1762597","35","36454544"
"chr9","38242438","38242603","KN295744v1","693504","693672","26","37548934"
"chr9","38243586","38243892","KN296508v1","1784387","1784690","23","36459199"
"chr9","38254422","38254721","KN296508v1","1795817","1796119","23","36458605"
"chr9","38267874","38268106","KN294685v1","1225447","1225680","37","37042427"
"chr9","38314001","38314303","KN296508v1","1852578","1852876","23","36461423"
"chr9","38321711","38322008","KN296859v1","895216","895514","36","37426495"
"chr9","38322654","38322945","KN295225v1","230939","231235","33","38091715"
"chr9","38339986","38340282","KN294662v1","79885","80185","34","38260101"
"chr9","38354784","38355094","KN296508v1","1890610","1890919","20","36464174"
"chr9","38360975","38361154","KN296508v1","1809822","1809977","48","36551153"
"chr9","38361374","38361492","KN296921v1","458404","458529","18","37902970"
"chr9","38380783","38381089","KN296508v1","1916573","1916879","26","36464210"
"chr9","38405021","38405313","KN296316v1","286448","286738","41","38118573"
"chr9","38420751","38421060","KN296153v1","3677943","3678242","40","34742808"
"chr9","38592082","38592388","KN294387v1","2599087","2599393","32","35992995"
"chr9","38612696","38612998","KN296508v1","2143608","2143906","32","36469088"
"chr9","38661758","38662069","KN294741v1","957024","957333","42","37704734"
"chr9","38724127","38724439","KN296153v1","2522734","2523044","34","36201393"
"chr9","39017687","39017969","KN296201v1","1836606","1836890","35","37181081"
"chr9","39462808","39462925","KN294921v1","769188","769301","10","38693620"
"chr9","39513675","39513986","KN295929v1","446786","447092","38","39066889"
"chr9","39526983","39527288","KN294662v1","79885","80185","36","39447098"
"chr9","41526327","41526636","KN294758v1","2189671","2189970","42","39336656"
"chr9","41595163","41595471","KN296357v1","706115","706421","41","40889048"
"chr9","41667938","41668221","KN294365v1","2002107","2002388","41","39665831"
"chr9","41685528","41685831","KN294874v1","934343","934646","40","40751185"
"chr9","41693904","41694209","KN294964v1","1654411","1654720","41","40039493"
"chr9","41742367","41742492","KN295142v1","720852","720974","30","41021515"
"chr9","41743167","41743325","KN296508v1","1809822","1809977","29","39933345"
"chr9","41759672","41759975","KN294260v1","1428283","1428585","40","40331389"
"chr9","42347786","42348083","KN294739v1","998889","999185","41","41348897"
"chr9","42353619","42353916","KN296682v1","5162407","5162700","41","37191212"
"chr9","42377967","42378303","KN297203v1","1796332","1796648","60","40581635"
"chr9","42457332","42457641","KN294758v1","2189671","2189970","42","40267661"
"chr9","42543266","42543568","KN297046v1","2791168","2791468","36","39752098"
"chr9","42582259","42582436","KN295236v1","5187090","5187265","35","37395169"
"chr9","43413469","43413759","KN296682v1","5162407","5162700","39","38251062"
"chr9","43757380","43757684","KN294717v1","373979","374286","26","43383401"
"chr9","44435741","44436038","KN297165v1","1967868","1968162","51","42467873"
"chr9","44533201","44533481","KN296682v1","4848071","4848353","30","39685130"
"chr9","44647555","44647875","KN294407v1","2595440","2595750","53","42052115"
"chr9","44670743","44671051","KN297240v1","2082","2389","36","44668661"
"chr9","44682955","44683258","KN297240v1","13316","13610","35","44669639"
"chr9","44898507","44898610","KN295117v1","250395","250496","15","44648112"
"chr9","63123119","63123411","KN295995v1","1426233","1426527","39","61696886"
"chr9","64138459","64138758","KN294717v1","373979","374286","30","63764480"
"chr9","64140826","64141123","KN294717v1","373979","374286","32","63766847"
"chr9","65267862","65268110","KN294292v1","24945","25210","64","65242917"
"chr9","65282245","65282533","KN294509v1","182690","182978","39","65099555"
"chr9","65465065","65465364","KN296357v1","356792","357093","47","65108273"
"chr9","65558661","65558941","KN296682v1","4848071","4848353","29","60710590"
"chr9","65591022","65591312","KN296849v1","262325","262616","42","65328697"
"chr9","66363658","66363967","KN294561v1","643982","644294","36","65719676"
"chr9","66509098","66509408","KN295371v1","227443","227744","57","66281655"
"chr9","66520784","66521085","KN294218v1","1633132","1633430","35","64887652"
"chr9","66581350","66581622","KN295090v1","1314407","1314676","43","65266943"
"chr9","66986448","66986700","KN295722v1","2399743","2399983","34","64586705"
"chr9","67116285","67116580","KN294181v1","810707","811001","32","66305578"
"chr9","67142006","67142309","KN296381v1","91265","91569","35","67050741"
"chr9","67146491","67146798","KN294842v1","473025","473335","48","66673466"
"chr9","67261538","67261847","KN295430v1","2893218","2893530","32","64368320"
"chr9","67538343","67538628","KN295430v1","2606988","2607269","33","64931355"
"chr9","67545419","67545729","KN295114v1","20941","21251","35","67524478"
"chr9","67577672","67577980","KN295430v1","2568372","2568671","29","65009300"
"chr9","67595701","67595976","KN295814v1","1539115","1539389","52","66056586"
"chr9","67601174","67601464","KN295045v1","305748","306042","41","67295426"
"chr9","67630801","67631088","KN297165v1","1143723","1144010","33","66487078"
"chr9","67643767","67644081","KN294264v1","371563","371884","49","67272204"
"chr9","67667150","67667358","KN297154v1","992411","992612","43","66674739"
"chr9","67672241","67672542","KN294536v1","1195413","1195715","46","66476828"
"chr9","67681983","67682279","KN295352v1","500993","501289","37","67180990"
"chr9","67702086","67702396","KN297153v1","1366929","1367240","34","66335157"
"chr9","67712646","67712928","KN295721v1","197604","197890","33","67515042"
"chr9","67713191","67713485","KN295430v1","2420217","2420515","21","65292974"
"chr9","67719715","67720020","KN295430v1","2413455","2413775","39","65306260"
"chr9","67720541","67720852","KN295430v1","2412623","2412927","33","65307918"
"chr9","67754508","67754789","KN295430v1","2378008","2378277","39","65376500"
"chr9","67789472","67789764","KN294479v1","328046","328334","36","67461426"
"chr9","67789818","67789885","KN296229v1","545485","545551","11","67244333"
"chr9","67809565","67809864","KN296311v1","3721408","3721707","39","64088157"
"chr9","67810619","67810928","KN295430v1","2320687","2320998","38","65489932"
"chr9","67813826","67814105","KN295430v1","2317500","2317788","23","65496326"
"chr9","67824345","67824653","KN296357v1","706115","706421","31","67118230"
"chr9","67900429","67900701","KN295241v1","96893","97164","37","67803536"
"chr9","67936184","67936496","KN295430v1","2202341","2202646","35","65733843"
"chr9","68054830","68055134","KN295430v1","2104455","2104757","30","65950375"
"chr9","68080784","68081065","KN295430v1","2079068","2079348","22","66001716"
"chr9","68193612","68193907","KN295430v1","1965676","1965968","24","66227936"
"chr9","68264644","68264941","KN294421v1","22671","22970","32","68241973"
"chr9","68312265","68312567","KN295430v1","1846782","1847089","31","66465483"
"chr9","68515363","68515679","KN295430v1","1641544","1641843","43","66873819"
"chr9","68546588","68546844","KN295430v1","1606937","1607192","15","66939651"
"chr9","68558743","68559038","KN295430v1","1594613","1594902","28","66964130"
"chr9","68707355","68707661","KN296508v1","1566214","1566524","40","67141141"
"chr9","68803657","68803944","KN295430v1","1350523","1350794","32","67453134"
"chr9","68817958","68818260","KN295601v1","1239412","1239710","31","67578546"
"chr9","68846713","68846865","KN295439v1","84394","84534","27","68762319"
"chr9","68847447","68847492","KN296303v1","601715","601771","18","68245732"
"chr9","68853160","68853482","KN295430v1","1293275","1293588","45","67559885"
"chr9","68896699","68896993","KN296495v1","2056834","2057132","32","66839865"
"chr9","68902052","68902203","KN295871v1","466798","466947","21","68435254"
"chr9","68913944","68914254","KN295995v1","165168","165480","45","68748776"
"chr9","68918382","68918688","KN295430v1","1237624","1237933","35","67680758"
"chr9","68964228","68964535","KN296731v1","1681432","1681735","37","67282796"
"chr9","68982728","68983035","KN296682v1","2108567","2108875","36","66874161"
"chr9","69009989","69010285","KN295907v1","2257700","2257990","40","66752289"
"chr9","69029600","69029910","KN295430v1","1123162","1123465","32","67906438"
"chr9","69052563","69052852","KN295430v1","1100857","1101147","35","67951706"
"chr9","69059844","69060146","KN296809v1","468890","469184","38","68590954"
"chr9","69171810","69172113","KN295697v1","189742","190043","29","68982068"
"chr9","69173897","69174199","KN295209v1","634423","634725","38","68539474"
"chr9","69218749","69219071","KN296268v1","192340","192671","52","69026409"
"chr9","69220188","69220491","KN295430v1","932698","933006","35","68287490"
"chr9","69308596","69308908","KN297133v1","279852","280158","38","69028744"
"chr9","69312927","69313258","KN296381v1","116807","117137","50","69196120"
"chr9","69413330","69413635","KN294444v1","165242","165552","43","69248088"
"chr9","69433320","69433630","KN296306v1","3674917","3675229","34","65758403"
"chr9","69447631","69447929","KN294218v1","2831459","2831758","32","66616172"
"chr9","69709246","69709466","KN294251v1","1849056","1849276","39","67860190"
"chr9","69709780","69709844","KN295034v1","429788","429850","14","69279992"
"chr9","69970770","69971072","KN295430v1","174478","174792","38","69796292"
"chr9","70047189","70047486","KN295523v1","3974463","3974753","35","66072726"
"chr9","70083252","70083540","KN294172v1","4478214","4478504","35","65605038"
"chr9","70100761","70101067","KN295430v1","46475","46773","36","70054286"
"chr9","70253381","70253690","KN295114v1","20941","21251","34","70232440"
"chr9","70254274","70254560","KN297165v1","1143723","1144010","32","69110551"
"chr9","70293764","70294082","KN295244v1","295069","295388","44","69998695"
"chr9","70326852","70327150","KN296153v1","3677943","3678242","25","66648909"
"chr9","70340008","70340306","KN294346v1","271830","272127","39","70068178"
"chr9","70345206","70345499","KN294181v1","810707","811001","27","69534499"
"chr9","70390707","70391016","KN294410v1","449241","449552","37","69941466"
"chr9","70391499","70391781","KN295090v1","1165047","1165331","36","69226452"
"chr9","70461164","70461462","KN295983v1","1536250","1536551","30","68924914"
"chr9","70501073","70501380","KN294717v1","373979","374286","38","70127094"
"chr9","70513878","70514172","KN297112v1","5852611","5852909","35","64661267"
"chr9","70523043","70523344","KN295034v1","276974","277269","37","70246069"
"chr9","70525346","70525634","KN294536v1","1607732","1608024","41","68917614"
"chr9","70526994","70527301","KN294387v1","2599087","2599393","29","67927907"
"chr9","70528245","70528537","KN297186v1","378806","379101","39","70149439"
"chr9","70570589","70570888","KN296079v1","899464","899762","39","69671125"
"chr9","70574738","70575043","KN296495v1","1576932","1577234","37","68997806"
"chr9","70576636","70576909","KN296750v1","1420752","1421032","42","69155884"
"chr9","70610326","70610615","KN295459v1","1614660","1614952","33","68995666"
"chr9","70646279","70646565","KN294561v1","1161816","1162111","40","69484463"
"chr9","70646614","70646918","KN294387v1","2599087","2599393","38","68047527"
"chr9","70648896","70649204","KN296934v1","897698","898003","32","69751198"
"chr9","70674471","70674766","KN296153v1","3677943","3678242","29","66996528"
"chr9","70687538","70687830","KN295983v1","1536250","1536551","41","69151288"
"chr9","70732846","70733135","KN295350v1","493114","493401","33","70239732"
"chr9","70746030","70746305","KN294457v1","193704","193976","33","70552326"
"chr9","70799418","70799707","KN295825v1","1953498","1953787","35","68845920"
"chr9","70866654","70866960","KN294995v1","61376","61672","41","70805278"
"chr9","70873394","70873660","KN295605v1","165668","165935","39","70707726"
"chr9","70880036","70880337","KN295550v1","423331","423633","37","70456705"
"chr9","70883614","70883910","KN296365v1","677615","677910","49","70205999"
"chr9","70906971","70907227","KN294444v1","3297","3556","32","70903674"
"chr9","70924096","70924366","KN296646v1","947779","948041","61","69976317"
"chr9","70966008","70966298","KN296635v1","5447621","5447911","39","65518387"
"chr9","70974622","70974927","KN296934v1","897698","898003","35","70076924"
"chr9","70978479","70978764","KN297165v1","1143723","1144010","36","69834756"
"chr9","70982272","70982570","KN295090v1","1657716","1658013","33","69324556"
"chr9","70990972","70991253","KN294493v1","404130","404414","39","70586842"
"chr9","71065341","71065641","KN294662v1","79885","80185","34","70985456"
"chr9","71079234","71079526","KN295284v1","334381","334669","46","70744853"
"chr9","71097382","71097678","KN295090v1","1657716","1658013","35","69439666"
"chr9","71112547","71112841","KN296682v1","1906340","1906636","34","69206207"
"chr9","71120031","71120342","KN295936v1","1040084","1040396","42","70079947"
"chr9","71144116","71144407","KN294536v1","1607732","1608024","31","69536384"
"chr9","71156559","71156797","KN294325v1","1309870","1310113","35","69846689"
"chr9","71170063","71170359","KN296357v1","706115","706421","39","70463948"
"chr9","71259407","71259701","KN296244v1","86518","86815","42","71172889"
"chr9","71379253","71379571","KN294558v1","212848","213156","45","71166405"
"chr9","71415385","71415666","KN295117v1","235890","236183","50","71179495"
"chr9","71462515","71462816","KN295441v1","1136391","1136697","43","70326124"
"chr9","71491920","71492211","KN295459v1","1614660","1614952","36","69877260"
"chr9","71559839","71560149","KN295257v1","443937","444244","41","71115902"
"chr9","71597594","71597921","KN294711v1","903939","904247","49","70693655"
"chr9","71632917","71633215","KN295057v1","897213","897511","31","70735704"
"chr9","71662658","71662957","KN295117v1","272158","272456","36","71390500"
"chr9","71728044","71728339","KN295983v1","1536250","1536551","41","70191794"
"chr9","71738319","71738614","KN295983v1","1536250","1536551","40","70202069"
"chr9","71741391","71741636","KN296119v1","1732217","1732469","51","70009174"
"chr9","72003090","72003341","KN296680v1","82808","83046","33","71920282"
"chr9","72368367","72368665","KN296096v1","3767148","3767446","38","68601219"
"chr9","72520526","72520828","KN295983v1","1664954","1665256","40","70855572"
"chr9","72622831","72623141","KN295047v1","44235","44544","37","72578596"
"chr9","72741198","72741496","KN295523v1","2519145","2519447","40","70222053"
"chr9","72797765","72798056","KN294239v1","700570","700862","43","72097195"
"chr9","72867540","72867830","KN296200v1","142894","143186","37","72724646"
"chr9","72877745","72878026","KN294510v1","5278","5564","39","72872467"
"chr9","73168530","73168836","KN296547v1","713658","713962","39","72454872"
"chr9","73186994","73187296","KN295257v1","1087444","1087739","42","72099550"
"chr9","73244842","73245140","KN294187v1","1923674","1923970","33","71321168"
"chr9","73298893","73299179","KN295995v1","1426233","1426527","40","71872660"
"chr9","73301814","73302113","KN296508v1","1854158","1854449","43","71447656"
"chr9","73342200","73342487","KN294879v1","351077","351369","38","72991123"
"chr9","73355821","73356104","KN295666v1","1382237","1382512","43","71973584"
"chr9","73368996","73369170","KN294181v1","998685","998857","36","72370311"
"chr9","73385343","73385641","KN295983v1","1536250","1536551","39","71849093"
"chr9","73393922","73394230","KN295209v1","634423","634725","33","72759499"
"chr9","73414581","73414892","KN296520v1","401670","401982","32","73012911"
"chr9","73424848","73425152","KN297133v1","419676","419981","34","73005172"
"chr9","73439156","73439459","KN295962v1","1921217","1921530","39","71517939"
"chr9","73442596","73442897","KN294539v1","2320327","2320629","35","71122269"
"chr9","73455261","73455564","KN295692v1","3334877","3335177","44","70120384"
"chr9","73499333","73499639","KN295090v1","757409","757712","39","72741924"
"chr9","73505349","73505508","KN295983v1","1560322","1560482","18","71945027"
"chr9","73542114","73542226","KN294486v1","1672816","1672922","21","71869298"
"chr9","73545293","73545602","KN296864v1","783252","783562","42","72762041"
"chr9","73596782","73597079","KN294917v1","618557","618860","43","72978225"
"chr9","73635122","73635428","KN295257v1","443937","444244","35","73191185"
"chr9","73694125","73694430","KN295236v1","1764741","1765042","34","71929384"
"chr9","73796918","73797218","KN295236v1","231341","231639","49","73565577"
"chr9","73837227","73837536","KN295320v1","67242","67549","32","73769985"
"chr9","73857038","73857324","KN294462v1","622560","622846","37","73234478"
"chr9","74178940","74179025","KN297046v1","1354457","1354545","13","72824483"
"chr9","74331943","74332219","KN296311v1","6017413","6017684","58","68314530"
"chr9","74398988","74399293","KN294433v1","754787","755091","41","73644201"
"chr9","74467524","74467835","KN295814v1","1168907","1169208","47","73298617"
"chr9","74532751","74533066","KN297112v1","2142636","2142946","49","72390115"
"chr9","74679736","74680072","KN296036v1","1051362","1051698","44","73628374"
"chr9","74747948","74748253","KN296732v1","2013890","2014190","32","72734058"
"chr9","74891880","74892190","KN294717v1","373979","374286","40","74517901"
"chr9","74909572","74909858","KN297019v1","1233639","1233939","38","73675933"
"chr9","75007248","75007534","KN296635v1","4770618","4770901","41","70236630"
"chr9","75022544","75022836","KN295459v1","1614660","1614952","29","73407884"
"chr9","75023929","75024251","KN296934v1","897698","898003","49","74126231"
"chr9","75037501","75037795","KN295474v1","973205","973501","32","74064296"
"chr9","75182590","75182882","KN294536v1","1607732","1608024","33","73574858"
"chr9","75270636","75270947","KN295070v1","39035","39347","39","75231601"
"chr9","75297348","75297606","KN294540v1","886155","886414","32","74411193"
"chr9","75438527","75438825","KN294662v1","79885","80185","32","75358642"
"chr9","75440854","75441150","KN297159v1","567471","567772","37","74873383"
"chr9","75443895","75444196","KN295995v1","1760459","1760763","35","73683436"
"chr9","75459980","75460266","KN294739v1","616485","616779","36","74843495"
"chr9","75509018","75509329","KN295038v1","635974","636289","43","74873044"
"chr9","75585162","75585457","KN296747v1","35746","36041","30","75549416"
"chr9","75593545","75593851","KN296062v1","165336","165642","34","75428209"
"chr9","75603417","75603713","KN294911v1","3820095","3820391","37","71783322"
"chr9","75604516","75604817","KN294758v1","2189671","2189970","33","73414845"
"chr9","75628058","75628306","KN295596v1","3219530","3219777","30","72408528"
"chr9","75647093","75647399","KN294181v1","1016789","1017103","38","74630304"
"chr9","75661206","75661539","KN294520v1","1531307","1531634","51","74129899"
"chr9","75666534","75666843","KN295962v1","925346","925653","37","74741188"
"chr9","75723133","75723430","KN294733v1","144055","144347","37","75579078"
"chr9","75734965","75735256","KN295906v1","7772","8065","45","75727193"
"chr9","75781183","75781496","KN294966v1","58498","58811","34","75722685"
"chr9","75908329","75908631","KN294421v1","22671","22970","36","75885658"
"chr9","76112826","76113129","KN294469v1","309875","310177","42","75802951"
"chr9","76140320","76140627","KN295725v1","1996226","1996536","30","74144094"
"chr9","76214028","76214332","KN295725v1","1918057","1918367","33","74295971"
"chr9","76232210","76232507","KN295725v1","1899868","1900167","40","74332342"
"chr9","76289536","76289841","KN296357v1","356792","357093","33","75932744"
"chr9","76293093","76293359","KN295984v1","1160830","1161097","41","75132263"
"chr9","76294385","76294676","KN297165v1","1143723","1144010","40","75150662"
"chr9","76298083","76298394","KN294599v1","593708","594016","37","75704375"
"chr9","76462658","76462941","KN295725v1","1682419","1682689","32","74780239"
"chr9","76547540","76547840","KN294456v1","788383","788687","44","75759157"
"chr9","76582296","76582596","KN296743v1","1480127","1480425","36","75102169"
"chr9","76592346","76592637","KN295725v1","1539278","1539567","31","75053068"
"chr9","76598754","76599044","KN295725v1","1532963","1533263","30","75065791"
"chr9","76693373","76693667","KN295984v1","974577","974872","38","75718796"
"chr9","76703474","76703768","KN294911v1","3820095","3820391","34","72883379"
"chr9","76772945","76773085","KN295725v1","1376133","1376269","12","75396812"
"chr9","76814838","76815139","KN295725v1","1344365","1344666","21","75470473"
"chr9","76912129","76912432","KN295725v1","1260263","1260562","34","75651866"
"chr9","76970457","76970749","KN294824v1","147930","148224","34","76822527"
"chr9","76996630","76996774","KN294325v1","308927","309059","39","76687703"
"chr9","77052386","77052575","KN297195v1","40651","40845","28","77011735"
"chr9","77052737","77052833","KN295893v1","7317944","7318033","15","69734793"
"chr9","77143286","77143597","KN294407v1","2595440","2595750","41","74547846"
"chr9","77355721","77356024","KN295725v1","812954","813251","37","76542767"
"chr9","77408972","77409281","KN297317v1","20735","21043","35","77388237"
"chr9","77539496","77539790","KN295433v1","1590173","1590466","36","75949323"
"chr9","77743078","77743365","KN295725v1","410454","410738","33","77332624"
"chr9","77871072","77871370","KN295983v1","1536250","1536551","39","76334822"
"chr9","78061307","78061616","KN297367v1","171251","171554","45","77890056"
"chr9","78112278","78112580","KN295907v1","1253096","1253393","35","76859182"
"chr9","78215552","78215843","KN296731v1","829186","829475","40","77386366"
"chr9","78395627","78395922","KN296495v1","178283","178580","28","78217344"
"chr9","78399521","78399816","KN295441v1","1618043","1618347","49","76781478"
"chr9","78418871","78419172","KN294513v1","614988","615293","36","77803883"
"chr9","78474469","78474743","KN296119v1","1429276","1429554","47","77045193"
"chr9","78635015","78635316","KN297163v1","465115","465422","33","78169900"
"chr9","78918208","78918481","KN296879v1","671636","671905","50","78246572"
"chr9","78958927","78959232","KN295114v1","20941","21251","36","78937986"
"chr9","79318070","79318175","KN295294v1","2669397","2669499","28","76648673"
"chr9","79331546","79331844","KN296682v1","1906340","1906636","51","77425206"
"chr9","79586189","79586495","KN295984v1","868891","869195","38","78717298"
"chr9","79703925","79704240","KN294264v1","371563","371884","44","79332362"
"chr9","79742576","79742873","KN295371v1","618689","618982","36","79123887"
"chr9","79814248","79814553","KN296357v1","356792","357093","38","79457456"
"chr9","79864458","79864765","KN294387v1","2599087","2599393","41","77265371"
"chr9","79945246","79945516","KN297163v1","1796417","1796692","23","78148829"
"chr9","79962997","79963299","KN297163v1","1815184","1815484","32","78147813"
"chr9","80063753","80064091","KN294264v1","371563","371884","51","79692190"
"chr9","80233417","80233481","KN295894v1","1656478","1656541","12","78576939"
"chr9","80251702","80252004","KN294613v1","747893","748193","33","79503809"
"chr9","80301966","80302280","KN295667v1","1687893","1688204","39","78614073"
"chr9","80310940","80311052","KN295349v1","43324","43438","16","80267616"
"chr9","80340207","80340498","KN294416v1","208870","209165","40","80131337"
"chr9","80356039","80356258","KN294842v1","1530256","1530465","52","78825783"
"chr9","80379737","80380050","KN294842v1","690378","690679","41","79689359"
"chr9","80390811","80391121","KN294949v1","391656","391966","40","79999155"
"chr9","80398816","80399139","KN296609v1","2095789","2096115","52","78303027"
"chr9","80400875","80401161","KN294251v1","3629060","3629346","34","76771815"
"chr9","80402507","80402807","KN296075v1","437481","437780","37","79965026"
"chr9","80437325","80437636","KN295667v1","1687893","1688204","31","78749432"
"chr9","80438977","80439267","KN297078v1","312102","312402","45","80126875"
"chr9","80444168","80444459","KN296311v1","1041578","1041874","40","79402590"
"chr9","80449706","80450008","KN296062v1","1796687","1796987","31","78653019"
"chr9","80451832","80452112","KN296062v1","1907352","1907633","43","78544480"
"chr9","80453777","80454057","KN296062v1","1907352","1907633","42","78546425"
"chr9","80473185","80473497","KN295114v1","20941","21251","31","80452244"
"chr9","80497408","80497717","KN296404v1","1938458","1938769","45","78558950"
"chr9","80504922","80505191","KN294199v1","1604022","1604309","51","78900900"
"chr9","80513814","80514120","KN297442v1","12090","12392","38","80501724"
"chr9","80571432","80571711","KN294181v1","1605564","1605839","37","78965868"
"chr9","80969899","80970201","KN294662v1","79885","80185","36","80890014"
"chr9","81102630","81102932","KN294421v1","22671","22970","49","81079959"
"chr9","81134654","81134955","KN296153v1","3677943","3678242","34","77456711"
"chr9","81173747","81174050","KN294790v1","2757948","2758248","38","78415799"
"chr9","81222510","81222631","KN297444v1","275896","276018","21","80946614"
"chr9","81383890","81384195","KN296934v1","897698","898003","34","80486192"
"chr9","81409298","81409571","KN297259v1","2410312","2410586","35","78998986"
"chr9","81523179","81523467","KN294193v1","246541","246831","37","81276638"
"chr9","81570349","81570519","KN295962v1","237666","237834","34","81332683"
"chr9","81787537","81787822","KN295294v1","334706","334991","39","81452831"
"chr9","81928733","81929004","KN295637v1","558708","558981","45","81370025"
"chr9","81938425","81938718","KN297105v1","2955536","2955827","33","78982889"
"chr9","82006055","82006361","KN294407v1","93660","93961","33","81912395"
"chr9","82020004","82020309","KN295907v1","184749","185051","38","81835255"
"chr9","82029595","82029901","KN294758v1","2268406","2268708","35","79761189"
"chr9","82149848","82150161","KN294539v1","2320327","2320629","42","79829521"
"chr9","82244145","82244437","KN294167v1","406704","406998","36","81837441"
"chr9","82246755","82247055","KN296732v1","2013890","2014190","28","80232865"
"chr9","82263437","82263735","KN295561v1","256425","256726","38","82007012"
"chr9","82268871","82269176","KN297445v1","1550327","1550630","37","80718544"
"chr9","82341339","82341628","KN296775v1","229173","229464","40","82112166"
"chr9","82387283","82387439","KN294467v1","133745","133899","25","82253538"
"chr9","82428952","82429246","KN294536v1","1607732","1608024","43","80821220"
"chr9","82440661","82440962","KN294467v1","346596","346896","36","82094065"
"chr9","82474877","82475181","KN296719v1","292829","293137","53","82182048"
"chr9","82498622","82498921","KN294292v1","56123","56434","45","82442499"
"chr9","82500025","82500317","KN294407v1","2733858","2734151","33","79766167"
"chr9","82524482","82524771","KN294193v1","246541","246831","35","82277941"
"chr9","82591127","82591425","KN297133v1","279852","280158","44","82311275"
"chr9","82600736","82601036","KN295907v1","2005048","2005348","37","80595688"
"chr9","82603670","82603965","KN294536v1","1195413","1195715","40","81408257"
"chr9","82688174","82688458","KN296496v1","355776","356054","39","82332398"
"chr9","82751361","82751670","KN294387v1","2599087","2599393","32","80152274"
"chr9","82767870","82768170","KN296495v1","2056834","2057132","31","80711036"
"chr9","82807702","82807999","KN294713v1","485096","485391","42","82322606"
"chr9","82812701","82813017","KN295667v1","1687893","1688204","36","81124808"
"chr9","82828233","82828526","KN295523v1","1326352","1326639","36","81501881"
"chr9","82905558","82905808","KN295596v1","3219530","3219777","33","79686028"
"chr9","82984153","82984451","KN297442v1","2461526","2461820","41","80522627"
"chr9","83041050","83041330","KN294172v1","2999478","2999758","41","80041572"
"chr9","83051260","83051578","KN297442v1","12090","12392","44","83039170"
"chr9","83073525","83073811","KN294210v1","1219522","1219810","45","81854003"
"chr9","83105376","83105692","KN294932v1","178844","179137","56","82926532"
"chr9","83186332","83186614","KN294479v1","192643","192928","44","82993689"
"chr9","83221097","83221390","KN296495v1","178283","178580","37","83042814"
"chr9","83245883","83246180","KN294161v1","265801","266094","41","82980082"
"chr9","83337125","83337412","KN294385v1","562803","563081","43","82774322"
"chr9","83471725","83472044","KN296404v1","1938458","1938769","43","81533267"
"chr9","83563090","83563394","KN296580v1","3502","3804","43","83559588"
"chr9","83730339","83730620","KN297229v1","921644","921926","41","82808695"
"chr9","83730928","83731227","KN294387v1","2599087","2599393","39","81131841"
"chr9","83815000","83815295","KN295983v1","1536250","1536551","35","82278750"
"chr9","83820530","83820835","KN294539v1","761382","761684","37","83059148"
"chr9","83878638","83878979","KN296635v1","3366039","3366351","80","80512599"
"chr9","83901943","83902251","KN297452v1","30736","31042","40","83871207"
"chr9","83923593","83923756","KN295236v1","4163572","4163734","23","79760021"
"chr9","83975378","83975681","KN294758v1","374673","374971","39","83600705"
"chr9","84180598","84180906","KN295114v1","20941","21251","32","84159657"
"chr9","84274630","84274923","KN295667v1","1746297","1746597","37","82528333"
"chr9","84302929","84303224","KN296747v1","35746","36041","33","84267183"
"chr9","84344279","84344564","KN295236v1","4288094","4288382","41","80056185"
"chr9","84374777","84375081","KN294387v1","2599087","2599393","40","81775690"
"chr9","84379698","84380008","KN295523v1","183476","183782","32","84196222"
"chr9","84405873","84406175","KN294218v1","2831459","2831758","37","81574414"
"chr9","84426692","84426981","KN295758v1","394515","394801","39","84032177"
"chr9","84432578","84432878","KN296153v1","3677943","3678242","38","80754635"
"chr9","84441631","84441950","KN295114v1","20941","21251","45","84420690"
"chr9","84450494","84450787","KN294407v1","2733858","2734151","34","81716636"
"chr9","84476158","84476446","KN296588v1","819996","820280","66","83656162"
"chr9","84527752","84528049","KN295090v1","1657716","1658013","36","82870036"
"chr9","84557394","84557686","KN294462v1","73428","73721","31","84483966"
"chr9","84564036","84564133","KN296326v1","770265","770362","10","83793771"
"chr9","84592323","84592632","KN297112v1","2142636","2142946","44","82449687"
"chr9","84601077","84601377","KN295601v1","2895150","2895452","42","81705927"
"chr9","84601601","84601902","KN294387v1","2599087","2599393","37","82002514"
"chr9","84602554","84602842","KN294662v1","268123","268414","43","84334431"
"chr9","84615590","84615890","KN294685v1","1017366","1017667","44","83598224"
"chr9","84638914","84639209","KN297165v1","1143723","1144010","42","83495191"
"chr9","84672606","84672899","KN296682v1","5162407","5162700","35","79510199"
"chr9","84683375","84683676","KN297095v1","1452898","1453193","46","83230477"
"chr9","84684894","84685199","KN296357v1","356792","357093","40","84328102"
"chr9","84761797","84762083","KN295744v1","318215","318499","39","84443582"
"chr9","84822049","84822361","KN294172v1","4761492","4761794","42","80060557"
"chr9","84823348","84823652","KN294287v1","466795","467093","33","84356553"
"chr9","84827973","84828274","KN294260v1","1428283","1428585","39","83399690"
"chr9","84831889","84832188","KN294539v1","761382","761684","40","84070507"
"chr9","84849596","84849898","KN294458v1","123030","123326","26","84726566"
"chr9","84854207","84854518","KN294458v1","127625","127935","28","84726582"
"chr9","84860266","84860416","KN297154v1","1393030","1393184","27","83467236"
"chr9","84866722","84866995","KN294452v1","705449","705719","35","84161273"
"chr9","84873047","84873360","KN294224v1","1197602","1197911","40","83675445"
"chr9","84878452","84878769","KN295667v1","1687893","1688204","36","83190559"
"chr9","84923502","84923775","KN295090v1","1314407","1314676","46","83609095"
"chr9","85114593","85114882","KN294458v1","215170","215459","32","84899423"
"chr9","85171200","85171506","KN296317v1","72","378","32","85171128"
"chr9","85192471","85192766","KN294458v1","294561","294856","26","84897910"
"chr9","85224195","85224508","KN297205v1","331678","331992","41","84892517"
"chr9","85237188","85237471","KN294172v1","6258303","6258586","40","78978885"
"chr9","85287008","85287311","KN296934v1","897698","898003","34","84389310"
"chr9","85288125","85288433","KN295667v1","1687893","1688204","33","83600232"
"chr9","85291144","85291455","KN295633v1","264317","264628","44","85026827"
"chr9","85296448","85296754","KN294458v1","388504","388815","38","84907944"
"chr9","85335717","85335978","KN297445v1","1441493","1441769","50","83894224"
"chr9","85339894","85340199","KN296078v1","639852","640156","40","84700042"
"chr9","85351840","85352146","KN295114v1","20941","21251","35","85330899"
"chr9","85352935","85353224","KN296119v1","5113175","5113468","31","80239760"
"chr9","85409280","85409588","KN294161v1","657992","658299","39","84751288"
"chr9","85532002","85532288","KN294458v1","625608","625904","31","84906394"
"chr9","85668819","85669100","KN294458v1","754430","754719","30","84914389"
"chr9","85759197","85759388","KN294419v1","42675","42858","28","85716522"
"chr9","85822018","85822318","KN294458v1","904395","904703","36","84917623"
"chr9","85956470","85956772","KN295708v1","1954541","1954845","30","84001929"
"chr9","86024292","86024590","KN294458v1","1098095","1098400","37","84926197"
"chr9","86026012","86026310","KN294458v1","1098095","1098400","36","84927917"
"chr9","86129588","86129879","KN294458v1","1203252","1203559","41","84926336"
"chr9","86133713","86134005","KN294458v1","1207138","1207432","28","84926575"
"chr9","86207505","86207793","KN294458v1","1280606","1280894","31","84926899"
"chr9","86246170","86246462","KN294187v1","1526075","1526365","37","84720095"
"chr9","86267322","86267627","KN294717v1","373979","374286","40","85893343"
"chr9","86357788","86358098","KN296009v1","636123","636432","34","85721665"
"chr9","86375171","86375462","KN297026v1","228587","228878","30","86146584"
"chr9","86611483","86611765","KN294172v1","6258303","6258586","31","80353180"
"chr9","86630024","86630278","KN294458v1","1689788","1690052","26","84940236"
"chr9","86649511","86649810","KN297421v1","269231","269537","44","86380280"
"chr9","86724354","86724609","KN295294v1","1765418","1765674","38","84958936"
"chr9","86770685","86770972","KN296682v1","4654198","4654485","36","82116487"
"chr9","86781618","86781917","KN295601v1","1239412","1239710","35","85542206"
"chr9","86853426","86853732","KN296404v1","3895018","3895319","32","82958408"
"chr9","86854296","86854581","KN297203v1","1790563","1790848","38","85063733"
"chr9","86877273","86877555","KN294991v1","1510448","1510728","36","85366825"
"chr9","86887765","86888065","KN295983v1","1536250","1536551","32","85351515"
"chr9","86891067","86891294","KN295205v1","675728","675952","40","86215339"
"chr9","86900407","86900662","KN295294v1","1765418","1765674","38","85134989"
"chr9","86926613","86926875","KN296833v1","400791","401052","35","86525822"
"chr9","86937939","86938224","KN294385v1","143562","143857","29","86794377"
"chr9","86939711","86940021","KN295667v1","1687893","1688204","39","85251818"
"chr9","86951476","86951778","KN297046v1","2791168","2791468","35","84160308"
"chr9","86964523","86964784","KN297452v1","1345867","1346126","39","85618656"
"chr9","87024538","87024869","KN295930v1","722077","722411","50","86302461"
"chr9","87029218","87029496","KN294147v1","1295819","1296088","46","85733399"
"chr9","87099306","87099600","KN294385v1","324423","324727","33","86774883"
"chr9","87130879","87131182","KN296322v1","1925219","1925518","41","85205660"
"chr9","87139317","87139624","KN296096v1","1205910","1206216","33","85933407"
"chr9","87145757","87146045","KN297046v1","2412438","2412726","41","84733319"
"chr9","87152365","87152671","KN294385v1","366902","367202","27","86785463"
"chr9","87173740","87174039","KN296381v1","91265","91569","28","87082475"
"chr9","87178024","87178315","KN295350v1","243779","244085","38","86934245"
"chr9","87192078","87192376","KN296140v1","777217","777517","36","86414861"
"chr9","87265663","87265963","KN294837v1","303054","303351","42","86962609"
"chr9","87275944","87276255","KN294378v1","1624240","1624547","42","85651704"
"chr9","87309806","87310110","KN295667v1","1687893","1688204","41","85621913"
"chr9","87314002","87314313","KN294365v1","836716","837022","39","86477286"
"chr9","87315878","87316181","KN296404v1","3895018","3895319","27","83420860"
"chr9","87318172","87318478","KN297019v1","1263163","1263468","32","86055009"
"chr9","87323317","87323471","KN296036v1","818124","818277","21","86505193"
"chr9","87558779","87559059","KN294385v1","783601","783880","29","86775178"
"chr9","87563386","87563671","KN295410v1","574633","574918","35","86988753"
"chr9","87579281","87579576","KN295032v1","272356","272651","39","87306925"
"chr9","87593413","87593536","KN295872v1","111033","111155","35","87482380"
"chr9","87794434","87794747","KN297197v1","173467","173764","60","87620967"
"chr9","87816874","87817169","KN294385v1","1074662","1074955","36","86742212"
"chr9","87827827","87828106","KN296200v1","487502","487795","53","87340325"
"chr9","88002140","88002450","KN294385v1","1250675","1250981","22","86751465"
"chr9","88004213","88004500","KN295721v1","197604","197890","34","87806609"
"chr9","88015033","88015292","KN294385v1","1263599","1263858","33","86751434"
"chr9","88321019","88321318","KN294385v1","1573515","1573812","30","86747504"
"chr9","88402751","88403048","KN296818v1","86863","87164","37","88315888"
"chr9","88502342","88502641","KN297386v1","100099","100397","34","88402243"
"chr9","88726362","88726624","KN295708v1","181414","181680","40","88544948"
"chr9","88730780","88731075","KN295814v1","1158228","1158525","31","87572552"
"chr9","88757816","88758108","KN295501v1","1005257","1005557","43","87752559"
"chr9","88784481","88784787","KN296934v1","897698","898003","47","87886783"
"chr9","88801482","88801793","KN296430v1","444033","444342","35","88357449"
"chr9","88854846","88855155","KN294991v1","1865473","1865780","40","86989373"
"chr9","88862185","88862484","KN295697v1","189742","190043","39","88672443"
"chr9","88880397","88880706","KN294219v1","68657","68967","40","88811740"
"chr9","88890893","88891198","KN295706v1","113161","113472","45","88777732"
"chr9","88905086","88905380","KN295039v1","323671","323967","41","88581415"
"chr9","89059399","89059713","KN294557v1","60815","61127","32","88998584"
"chr9","89133071","89133352","KN295410v1","574633","574918","17","88558438"
"chr9","89187782","89188062","KN294493v1","404130","404414","45","88783652"
"chr9","89211142","89211431","KN296187v1","471768","472059","34","88739374"
"chr9","89297372","89297679","KN294856v1","242815","243114","41","89054557"
"chr9","89307645","89307929","KN295974v1","4154496","4154780","39","85153149"
"chr9","89343452","89343747","KN294181v1","810707","811001","46","88532745"
"chr9","89379207","89379502","KN295410v1","306424","306716","31","89072783"
"chr9","89430401","89430712","KN295596v1","231355","231669","37","89199046"
"chr9","89581360","89581656","KN294539v1","2335823","2336129","39","87245537"
"chr9","89660251","89660562","KN295577v1","167604","167912","38","89492647"
"chr9","89828791","89829089","KN295907v1","1253096","1253393","35","88575695"
"chr9","89856407","89856492","KN294499v1","1481133","1481214","14","88375274"
"chr9","89986179","89986489","KN297144v1","204423","204741","37","89781756"
"chr9","90049535","90049841","KN297144v1","248503","248822","34","89801032"
"chr9","90062987","90063272","KN297245v1","2155862","2156142","34","87907125"
"chr9","90099907","90100218","KN297144v1","296780","297079","35","89803127"
"chr9","90107606","90107909","KN296682v1","3779103","3779408","41","86328503"
"chr9","90132629","90132899","KN295984v1","1160830","1161097","44","88971799"
"chr9","90156368","90156511","KN296795v1","1955999","1956137","19","88200369"
"chr9","90159516","90159811","KN294439v1","72624","72920","35","90086892"
"chr9","90172786","90173088","KN296732v1","2013890","2014190","36","88158896"
"chr9","90193873","90194202","KN294506v1","48953","49283","51","90144920"
"chr9","90208782","90209040","KN295729v1","760871","761118","41","89447911"
"chr9","90281770","90282061","KN297144v1","476820","477096","43","89804950"
"chr9","90366226","90366498","KN295174v1","107462","107733","40","90258764"
"chr9","90367629","90367939","KN297144v1","568589","568902","25","89799040"
"chr9","90434169","90434471","KN297144v1","634404","634703","29","89799765"
"chr9","90437213","90437515","KN297144v1","634404","634703","29","89802809"
"chr9","90461247","90461534","KN295607v1","4402317","4402604","39","86058930"
"chr9","90468121","90468414","KN297144v1","669064","669355","30","89799057"
"chr9","90555510","90555840","KN296365v1","1588024","1588336","51","88967486"
"chr9","90625072","90625161","KN296131v1","18649","18734","15","90606423"
"chr9","90629280","90629612","KN296153v1","675273","675614","69","89954007"
"chr9","90768251","90768533","KN296406v1","15906","16188","29","90752345"
"chr9","90769041","90769337","KN294995v1","61376","61672","33","90707665"
"chr9","90772600","90772897","KN295501v1","1005257","1005557","31","89767343"
"chr9","90775712","90776033","KN297144v1","990394","990694","42","89785318"
"chr9","90784372","90784680","KN297144v1","999336","999646","29","89785036"
"chr9","90927692","90928005","KN297133v1","419676","419981","34","90508016"
"chr9","90931409","90931709","KN294588v1","1492426","1492725","31","89438983"
"chr9","90971197","90971493","KN296747v1","35746","36041","31","90935451"
"chr9","91014279","91014575","KN295090v1","1657716","1658013","29","89356563"
"chr9","91044110","91044394","KN295257v1","1575315","1575607","48","89468795"
"chr9","91045239","91045550","KN297320v1","42678","42989","25","91002561"
"chr9","91061767","91062073","KN297320v1","58134","58440","31","91003633"
"chr9","91121872","91122182","KN297320v1","121027","121325","33","91000845"
"chr9","91138232","91138531","KN296580v1","3502","3804","44","91134730"
"chr9","91146120","91146421","KN294470v1","2793388","2793686","36","88352732"
"chr9","91157812","91158108","KN295480v1","1210004","1210299","31","89947808"
"chr9","91177629","91177934","KN295034v1","63947","64249","41","91113682"
"chr9","91240884","91241168","KN297320v1","242145","242431","22","90998739"
"chr9","91243457","91243763","KN296528v1","1436873","1437172","34","89806584"
"chr9","91248348","91248636","KN297320v1","249470","249771","38","90998878"
"chr9","91367660","91367973","KN294987v1","439387","439694","44","90928273"
"chr9","91374618","91374929","KN295758v1","997500","997807","32","90377118"
"chr9","91399246","91399545","KN294470v1","2793388","2793686","37","88605858"
"chr9","91417497","91417793","KN297320v1","404546","404846","25","91012951"
"chr9","91422642","91422940","KN294536v1","1607732","1608024","41","89814910"
"chr9","91492864","91493155","KN297320v1","483965","484258","31","91008899"
"chr9","91566539","91566836","KN297320v1","563099","563394","28","91003440"
"chr9","91604696","91605000","KN295854v1","1466288","1466586","43","90138408"
"chr9","91661086","91661385","KN295236v1","3672786","3673083","37","87988300"
"chr9","91672105","91672409","KN295362v1","1459085","1459386","31","90213020"
"chr9","91694471","91694777","KN294387v1","2599087","2599393","33","89095384"
"chr9","91738842","91739138","KN296747v1","35746","36041","36","91703096"
"chr9","91745421","91745693","KN297112v1","3992200","3992473","39","87753221"
"chr9","91750864","91751147","KN296153v1","91872","92161","31","91658992"
"chr9","91862394","91862690","KN294739v1","616485","616779","36","91245909"
"chr9","91904916","91905219","KN296588v1","321243","321547","38","91583673"
"chr9","91966268","91966561","KN297320v1","824558","824837","42","91141710"
"chr9","91969720","91970019","KN297320v1","827684","827987","26","91142036"
"chr9","91974378","91974698","KN297320v1","831893","832206","42","91142485"
"chr9","91998893","91999195","KN295667v1","1687893","1688204","50","90311000"
"chr9","92045102","92045394","KN294264v1","261999","262293","34","91783103"
"chr9","92136469","92136741","KN295721v1","197604","197890","39","91938865"
"chr9","92138771","92139076","KN297320v1","998402","998720","35","91140369"
"chr9","92175665","92175928","KN296864v1","3162488","3162754","39","89013177"
"chr9","92176046","92176307","KN297320v1","1029038","1029300","20","91147008"
"chr9","92191088","92191374","KN297095v1","2639264","2639547","37","89551824"
"chr9","92227127","92227440","KN296921v1","420967","421276","48","91806160"
"chr9","92240335","92240637","KN296726v1","490030","490331","33","91750305"
"chr9","92342486","92342776","KN297320v1","1193907","1194197","21","91148579"
"chr9","92369018","92369315","KN295983v1","1536250","1536551","39","90832768"
"chr9","92435967","92436183","KN294444v1","1172","1391","39","92434795"
"chr9","92515722","92516014","KN295350v1","636567","636846","46","91879155"
"chr9","92958790","92959101","KN297320v1","1795456","1795766","28","91163334"
"chr9","92986651","92986936","KN297320v1","1832489","1832772","30","91154162"
"chr9","93010570","93010874","KN297320v1","1858386","1858669","41","91152184"
"chr9","93032031","93032328","KN297445v1","1326382","1326677","38","91705649"
"chr9","93047224","93047531","KN296883v1","601049","601352","36","92446175"
"chr9","93057046","93057170","KN297259v1","1012020","1012142","14","92045026"
"chr9","93057805","93058123","KN296311v1","2385206","2385523","49","90672599"
"chr9","93113661","93113967","KN294717v1","373979","374286","36","92739682"
"chr9","93116012","93116315","KN294260v1","559861","560163","40","92556151"
"chr9","93255553","93255858","KN295984v1","868891","869195","31","92386662"
"chr9","93257863","93258147","KN295936v1","30401","30674","42","93227462"
"chr9","93267093","93267394","KN296759v1","638542","638840","32","92628551"
"chr9","93304310","93304594","KN296726v1","523081","523357","40","92781229"
"chr9","93350369","93350666","KN295814v1","1158228","1158525","32","92192141"
"chr9","93391977","93392277","KN295034v1","63947","64249","38","93328030"
"chr9","93405579","93405880","KN296381v1","91265","91569","38","93314314"
"chr9","93434032","93434339","KN296879v1","226399","226696","29","93207633"
"chr9","93496096","93496399","KN296900v1","121631","121934","34","93374465"
"chr9","93507634","93507941","KN296934v1","897698","898003","33","92609936"
"chr9","93515237","93515536","KN295501v1","1005257","1005557","30","92509980"
"chr9","93627017","93627317","KN296879v1","425165","425471","36","93201852"
"chr9","93652088","93652393","KN294181v1","592431","592738","33","93059657"
"chr9","93734712","93735006","KN296879v1","536007","536308","35","93198705"
"chr9","93780228","93780526","KN296849v1","526207","526505","36","93254021"
"chr9","93923167","93923472","KN294991v1","516330","516639","31","93406837"
"chr9","94028042","94028341","KN294758v1","374673","374971","34","93653369"
"chr9","94131795","94132094","KN296879v1","930097","930391","24","93201698"
"chr9","94143645","94143959","KN296879v1","941544","941855","33","93202101"
"chr9","94192230","94192533","KN294439v1","269158","269457","35","93923072"
"chr9","94246127","94246421","KN296879v1","1042774","1043074","31","93203353"
"chr9","94544632","94544934","KN296879v1","1353970","1354285","36","93190662"
"chr9","94667617","94667913","KN294536v1","1607732","1608024","32","93059885"
"chr9","94804145","94804440","KN297442v1","2461526","2461820","39","92342619"
"chr9","94973437","94973731","KN295814v1","1158228","1158525","41","93815209"
"chr9","95001731","95002050","KN297023v1","426290","426610","57","94575441"
"chr9","95070318","95070610","KN295430v1","2236244","2236542","48","92834074"
"chr9","95116014","95116316","KN295501v1","1005257","1005557","32","94110757"
"chr9","95134363","95134642","KN295923v1","2321767","2322047","32","92812596"
"chr9","95139847","95140148","KN295090v1","1234308","1234605","34","93905539"
"chr9","95146625","95146901","KN295523v1","4195930","4196206","44","90950695"
"chr9","95151950","95152188","KN294949v1","1155196","1155434","38","93996754"
"chr9","95153865","95154160","KN294536v1","1607732","1608024","37","93546133"
"chr9","95213739","95213908","KN296036v1","1303136","1303298","38","93910603"
"chr9","95219758","95220009","KN295523v1","3618519","3618784","40","91601239"
"chr9","95222747","95223030","KN294210v1","1337256","1337541","39","93885491"
"chr9","95297795","95298000","KN296820v1","1177781","1177976","35","94120014"
"chr9","95327998","95328211","KN297452v1","14244","14440","47","95313754"
"chr9","95334991","95335304","KN296404v1","1938458","1938769","43","93396533"
"chr9","95350508","95350810","KN294207v1","628378","628685","43","94722130"
"chr9","95381513","95381808","KN294172v1","1590381","1590678","32","93791132"
"chr9","95420160","95420357","KN294825v1","467615","467810","33","94952545"
"chr9","95420588","95420897","KN296934v1","897698","898003","38","94522890"
"chr9","95457342","95457651","KN297197v1","3673206","3673508","36","91784136"
"chr9","95507743","95507949","KN297099v1","419872","420079","26","95087871"
"chr9","95548886","95549215","KN294365v1","1401774","1402095","49","94147112"
"chr9","95656928","95657202","KN294921v1","108295","108566","27","95548633"
"chr9","95680527","95680808","KN296883v1","3251704","3251984","44","92428823"
"chr9","95686004","95686288","KN295090v1","1165047","1165331","31","94520957"
"chr9","95726861","95727161","KN296404v1","106219","106515","38","95620642"
"chr9","95727949","95728233","KN296513v1","1339873","1340152","41","94388076"
"chr9","95730235","95730542","KN295984v1","868891","869195","34","94861344"
"chr9","95754678","95754971","KN295883v1","334055","334349","37","95420623"
"chr9","95810529","95810799","KN297242v1","157225","157487","44","95653304"
"chr9","95821983","95822289","KN294921v1","150958","151263","19","95671025"
"chr9","95882428","95882708","KN296921v1","91661","91943","35","95790767"
"chr9","95954061","95954363","KN296040v1","733119","733420","39","95220942"
"chr9","95957277","95957522","KN295923v1","2244613","2244856","43","93712664"
"chr9","96007546","96007599","KN295692v1","1543893","1543944","7","94463653"
"chr9","96222123","96222424","KN295855v1","21394","21692","44","96200729"
"chr9","96313181","96313484","KN295375v1","132628","132930","37","96180553"
"chr9","96379739","96380042","KN294717v1","373979","374286","34","96005760"
"chr9","96466750","96467045","KN295236v1","5600274","5600566","38","90866476"
"chr9","96504408","96504702","KN296682v1","4654198","4654485","40","91850210"
"chr9","96554611","96554921","KN295633v1","264317","264628","37","96290294"
"chr9","96596793","96597097","KN296357v1","706115","706421","34","95890678"
"chr9","96654107","96654419","KN295114v1","20941","21251","29","96633166"
"chr9","96757280","96757571","KN295610v1","346665","346955","40","96410615"
"chr9","96757931","96758213","KN295236v1","4088773","4089059","39","92669158"
"chr9","96760781","96761093","KN295666v1","1501386","1501689","43","95259395"
"chr9","96804380","96804679","KN295977v1","249013","249314","37","96555367"
"chr9","96812169","96812456","KN296460v1","985021","985309","38","95827148"
"chr9","96818023","96818319","KN294966v1","89371","89664","31","96728652"
"chr9","96836882","96837187","KN295236v1","5969204","5969513","41","90867678"
"chr9","96842249","96842545","KN296859v1","895216","895514","34","95947033"
"chr9","96847591","96847894","KN294172v1","4761492","4761794","37","92086099"
"chr9","96853688","96854001","KN295034v1","63947","64249","43","96789741"
"chr9","96868582","96868891","KN294499v1","2294043","2294352","47","94574539"
"chr9","96890940","96891230","KN295328v1","349896","350193","42","96541044"
"chr9","96927586","96927867","KN294493v1","404130","404414","38","96523456"
"chr9","96987275","96987575","KN296153v1","3677943","3678242","35","93309332"
"chr9","97034952","97035253","KN296153v1","3677943","3678242","32","93357009"
"chr9","97074894","97075193","KN294378v1","46646","46948","34","97028248"
"chr9","97089136","97089447","KN294407v1","2595440","2595750","32","94493696"
"chr9","97102283","97102576","KN296747v1","35746","36041","37","97066537"
"chr9","97243861","97244156","KN295744v1","643156","643450","31","96600705"
"chr9","97611111","97611408","KN294561v1","810685","810981","33","96800426"
"chr9","97640077","97640385","KN297133v1","419676","419981","32","97220401"
"chr9","97651807","97652052","KN295523v1","3618519","3618784","46","94033288"
"chr9","97652397","97652529","KN296635v1","1644884","1645014","30","96007513"
"chr9","97668015","97668310","KN294147v1","1445758","1446057","43","96222257"
"chr9","97672980","97673278","KN297442v1","2461526","2461820","38","95211454"
"chr9","97711650","97711955","KN296635v1","5170868","5171167","42","92540782"
"chr9","97812824","97813114","KN297314v1","117021","117312","28","97695803"
"chr9","97834397","97834698","KN297046v1","2791168","2791468","33","95043229"
"chr9","97889386","97889707","KN294407v1","2595440","2595750","46","95293946"
"chr9","97978779","97979088","KN295257v1","443937","444244","35","97534842"
"chr9","98003388","98003639","KN294739v1","994750","995002","32","97008638"
"chr9","98008980","98009285","KN296357v1","706115","706421","35","97302865"
"chr9","98253141","98253451","KN294387v1","2599087","2599393","42","95654054"
"chr9","98401495","98401793","KN296682v1","1906340","1906636","31","96495155"
"chr9","98422379","98422689","KN294571v1","1288165","1288472","37","97134214"
"chr9","98717977","98718277","KN295883v1","666071","666367","34","98051906"
"chr9","98750545","98750844","KN295523v1","296488","296786","30","98454057"
"chr9","98816807","98817115","KN295114v1","20941","21251","32","98795866"
"chr9","98879568","98879866","KN297180v1","320535","320835","31","98559033"
"chr9","98880456","98880726","KN297180v1","321426","321698","20","98559030"
"chr9","98893569","98893867","KN297180v1","341714","342010","25","98551855"
"chr9","98933415","98933722","KN297180v1","382042","382347","30","98551373"
"chr9","98946406","98946695","KN294613v1","388104","388393","35","98558302"
"chr9","99072475","99072775","KN297180v1","514609","514907","29","98557866"
"chr9","99078633","99078940","KN294208v1","853291","853593","36","98225342"
"chr9","99128071","99128367","KN295983v1","1536250","1536551","41","97591821"
"chr9","99128684","99128994","KN294439v1","261107","261420","35","98867577"
"chr9","99131804","99132082","KN294172v1","2999478","2999758","32","96132326"
"chr9","99140138","99140449","KN294181v1","1016789","1017103","42","98123349"
"chr9","99154522","99154827","KN294387v1","2599087","2599393","40","96555435"
"chr9","99191312","99191610","KN296732v1","2013890","2014190","34","97177422"
"chr9","99256426","99256723","KN294161v1","265801","266094","39","98990625"
"chr9","99269679","99269986","KN297180v1","717167","717470","32","98552512"
"chr9","99288725","99289015","KN297180v1","735542","735835","30","98553183"
"chr9","99300223","99300521","KN294662v1","79885","80185","29","99220338"
"chr9","99303246","99303532","KN297165v1","1143723","1144010","40","98159523"
"chr9","99532168","99532269","KN297190v1","3449271","3449382","22","96082897"
"chr9","99601887","99602207","KN296921v1","2704971","2705283","45","96896916"
"chr9","99963782","99964071","KN297180v1","1408743","1409033","34","98555039"
"chr9","100298906","100299220","KN296738v1","24897","25205","41","100274009"
"chr9","100397511","100397811","KN297019v1","1233639","1233939","34","99163872"
"chr9","100676583","100676894","KN294346v1","372059","372367","39","100304524"
"chr9","100697897","100698195","KN294387v1","2599087","2599393","35","98098810"
"chr9","100758712","100759024","KN297000v1","49763","50071","40","100708949"
"chr9","100831583","100831827","KN295883v1","858914","859162","42","99972669"
"chr9","101052510","101052828","KN295174v1","61957","62264","50","100990553"
"chr9","101054074","101054390","KN295174v1","61957","62264","48","100992117"
"chr9","101066696","101066998","KN297390v1","119623","119924","40","100947073"
"chr9","101141687","101141796","KN294591v1","114769","114871","23","101026918"
"chr9","101309834","101310121","KN295248v1","864102","864388","52","100445732"
"chr9","101366230","101366527","KN295633v1","141651","141946","30","101224579"
"chr9","101451846","101452147","KN296153v1","3677943","3678242","40","97773903"
"chr9","101468669","101468970","KN296119v1","6426036","6426336","40","95042633"
"chr9","101523596","101523901","KN295022v1","1034983","1035287","41","100488613"
"chr9","101686273","101686536","KN295090v1","1314407","1314676","38","100371866"
"chr9","101847777","101848089","KN295923v1","1231839","1232151","35","100615938"
"chr9","102028161","102028470","KN295114v1","20941","21251","37","102007220"
"chr9","102136174","102136466","KN296153v1","2752625","2752921","36","99383549"
"chr9","102232114","102232423","KN294741v1","957024","957333","38","101275090"
"chr9","102259268","102259595","KN296308v1","871499","871827","49","101387769"
"chr9","102347045","102347337","KN295236v1","1764741","1765042","46","100582304"
"chr9","102416625","102416914","KN295345v1","1379880","1380168","37","101036745"
"chr9","102564716","102564941","KN294992v1","218793","219017","26","102345923"
"chr9","102636325","102636617","KN294462v1","73428","73721","37","102562897"
"chr9","103013034","103013333","KN294539v1","761382","761684","37","102251652"
"chr9","103099026","103099320","KN297242v1","353076","353374","38","102745950"
"chr9","103151384","103151682","KN295054v1","399677","399975","25","102751707"
"chr9","103213356","103213660","KN294172v1","4623261","4623567","35","98590095"
"chr9","103248968","103249299","KN294711v1","830307","830629","56","102418661"
"chr9","103351315","103351603","KN295721v1","197604","197890","36","103153711"
"chr9","103396965","103397270","KN296921v1","497818","498120","40","102899147"
"chr9","103413241","103413550","KN295054v1","122936","123242","32","103290305"
"chr9","103489325","103489630","KN296430v1","444033","444342","36","103045292"
"chr9","103517914","103518210","KN295054v1","14422","14727","46","103503492"
"chr9","103522197","103522491","KN296588v1","909389","909685","43","102612808"
"chr9","103540414","103540639","KN294435v1","2790","3000","33","103537624"
"chr9","103558482","103558786","KN295561v1","256425","256726","36","103302057"
"chr9","103587962","103588239","KN295107v1","1291838","1292112","37","102296124"
"chr9","103611077","103611376","KN294717v1","373979","374286","36","103237098"
"chr9","103614808","103615113","KN295705v1","2747981","2748284","38","100866827"
"chr9","103634360","103634648","KN294251v1","2057577","2057867","39","101576783"
"chr9","103646039","103646336","KN295907v1","1253096","1253393","34","102392943"
"chr9","103657800","103658094","KN295459v1","1614660","1614952","37","102043140"
"chr9","103659849","103660156","KN296244v1","295087","295395","36","103364762"
"chr9","103669654","103669955","KN297190v1","5852784","5853081","37","97816870"
"chr9","103697401","103697710","KN297153v1","1366929","1367240","38","102330472"
"chr9","103741558","103741853","KN294911v1","2187187","2187481","34","101554371"
"chr9","103788545","103788811","KN294964v1","1188096","1188367","45","102600449"
"chr9","103798808","103799119","KN294705v1","1582720","1583032","38","102216088"
"chr9","103804354","103804658","KN297019v1","1233639","1233939","33","102570715"
"chr9","103818621","103818916","KN297314v1","117021","117312","37","103701600"
"chr9","103837080","103837362","KN296096v1","1652920","1653203","43","102184160"
"chr9","103859433","103859567","KN297154v1","486734","486870","15","103372699"
"chr9","103859999","103860163","KN295601v1","870288","870452","24","102989711"
"chr9","103876055","103876352","KN296322v1","1833147","1833444","30","102042908"
"chr9","103884197","103884495","KN295708v1","1331487","1331787","39","102552710"
"chr9","103887955","103888263","KN295801v1","301912","302222","53","103586043"
"chr9","103888665","103888989","KN294365v1","1401774","1402095","47","102486891"
"chr9","103889722","103890031","KN294842v1","473025","473335","37","103416697"
"chr9","103906863","103907161","KN295561v1","256425","256726","34","103650438"
"chr9","103923740","103924043","KN294260v1","845774","846072","51","103077966"
"chr9","103926417","103926683","KN294668v1","2004755","2005035","56","101921662"
"chr9","103933539","103933833","KN294777v1","751157","751455","39","103182382"
"chr9","103960486","103960790","KN295315v1","250826","251139","34","103709660"
"chr9","103978974","103979265","KN296580v1","690098","690394","36","103288876"
"chr9","103989368","103989668","KN295236v1","4576569","4576870","37","99412799"
"chr9","103992613","103992911","KN295171v1","482063","482338","75","103510550"
"chr9","104000207","104000497","KN294842v1","1292189","1292485","34","102708018"
"chr9","104017833","104018122","KN295171v1","875902","876192","43","103141931"
"chr9","104030276","104030558","KN295257v1","226236","226516","37","103804040"
"chr9","104050071","104050366","KN297000v1","300195","300489","35","103749876"
"chr9","104051084","104051387","KN295983v1","1536250","1536551","39","102514834"
"chr9","104061430","104061725","KN297044v1","811314","811606","35","103250116"
"chr9","104074298","104074608","KN294938v1","12012","12318","44","104062286"
"chr9","104074925","104075226","KN296588v1","813149","813445","36","103261776"
"chr9","104076412","104076710","KN296726v1","212753","213045","39","103863659"
"chr9","104096288","104096585","KN296513v1","2973951","2974245","41","101122337"
"chr9","104116290","104116615","KN297038v1","661781","662094","42","103454509"
"chr9","104136224","104136538","KN296335v1","187278","187590","46","103948946"
"chr9","104150162","104150426","KN295667v1","1100491","1100761","31","103049671"
"chr9","104263241","104263538","KN294407v1","2739427","2739722","39","101523814"
"chr9","104308295","104308598","KN297023v1","22459","22764","38","104285836"
"chr9","104340560","104340861","KN295983v1","1536250","1536551","38","102804310"
"chr9","104355377","104355617","KN294325v1","1309870","1310113","44","103045507"
"chr9","104542302","104542644","KN295814v1","705307","705626","66","103836995"
"chr9","104605258","104605551","KN296404v1","106219","106515","40","104499039"
"chr9","104610854","104611124","KN295962v1","383890","384156","49","104226964"
"chr9","104730609","104730884","KN294588v1","536939","537199","51","104193670"
"chr9","104736079","104736363","KN294462v1","694236","694527","41","104041843"
"chr9","104809803","104810112","KN296263v1","684495","684804","34","104125308"
"chr9","105240463","105240776","KN296495v1","700158","700467","36","104540305"
"chr9","105457626","105457931","KN297133v1","419676","419981","37","105037950"
"chr9","105543720","105544014","KN297242v1","353076","353374","41","105190644"
"chr9","105550294","105550535","KN294717v1","99149","99406","50","105451145"
"chr9","105570429","105570722","KN296588v1","813149","813445","36","104757280"
"chr9","105583935","105584230","KN296759v1","638542","638840","38","104945393"
"chr9","105597099","105597396","KN294365v1","795012","795312","38","104802087"
"chr9","105744315","105744609","KN296292v1","232041","232324","44","105512274"
"chr9","106149552","106149798","KN294407v1","1241573","1241804","44","104907979"
"chr9","106178607","106178882","KN295607v1","3891545","3891824","34","102287062"
"chr9","106186042","106186354","KN296054v1","53838","54144","44","106132204"
"chr9","106245925","106246226","KN295236v1","1764741","1765042","39","104481184"
"chr9","106285482","106285785","KN294387v1","2599087","2599393","33","103686395"
"chr9","106286882","106287049","KN295301v1","1649258","1649428","26","104637624"
"chr9","106300410","106300713","KN294239v1","1722431","1722728","43","104577979"
"chr9","106305675","106305973","KN294501v1","104788","105092","32","106200887"
"chr9","106308382","106308693","KN296934v1","897698","898003","39","105410684"
"chr9","106308700","106309005","KN294747v1","1001223","1001526","43","105307477"
"chr9","106324867","106325175","KN294717v1","373979","374286","38","105950888"
"chr9","106326259","106326556","KN295907v1","1253096","1253393","42","105073163"
"chr9","106332766","106332901","KN296877v1","21301","21448","18","106311465"
"chr9","106337241","106337529","KN296877v1","26142","26424","48","106311099"
"chr9","106337595","106337914","KN296481v1","263678","263991","43","106073917"
"chr9","106342911","106343223","KN295825v1","1555832","1556125","51","104787079"
"chr9","106360990","106361283","KN296877v1","49465","49758","16","106311525"
"chr9","106371017","106371182","KN295045v1","315615","315777","27","106055402"
"chr9","106371183","106371483","KN297323v1","176102","176406","36","106195081"
"chr9","106393672","106393978","KN294613v1","747893","748193","38","105645779"
"chr9","106395562","106395739","KN294520v1","611114","611311","47","105784448"
"chr9","106408415","106408734","KN297000v1","49763","50071","46","106358652"
"chr9","106409014","106409255","KN296877v1","95695","95939","27","106313319"
"chr9","106439453","106439714","KN296877v1","126449","126710","14","106313004"
"chr9","106458916","106459222","KN296877v1","143543","143842","27","106315373"
"chr9","106479580","106479887","KN297227v1","852541","852851","43","105627039"
"chr9","106487718","106488013","KN296877v1","167807","168114","38","106319911"
"chr9","106493760","106494070","KN296738v1","24897","25205","35","106468863"
"chr9","106502709","106503027","KN294264v1","371563","371884","45","106131146"
"chr9","106582530","106582824","KN294172v1","1630044","1630343","34","104952486"
"chr9","106611176","106611267","KN295544v1","30359","30447","21","106580817"
"chr9","106804001","106804277","KN296877v1","495365","495644","27","106308636"
"chr9","106981878","106982180","KN295045v1","441758","442064","40","106540120"
"chr9","107096567","107096875","KN295034v1","63947","64249","44","107032620"
"chr9","107459510","107459811","KN295708v1","2588553","2588854","42","104870957"
"chr9","107501082","107501374","KN295936v1","2800790","2801086","41","104700292"
"chr9","107598714","107599016","KN296140v1","777217","777517","35","106821497"
"chr9","107726177","107726461","KN295523v1","4195930","4196206","41","103530247"
"chr9","107758604","107758912","KN295059v1","336835","337145","38","107421769"
"chr9","107769339","107769645","KN295236v1","3424373","3424682","37","104344966"
"chr9","107851235","107851531","KN294758v1","374673","374971","29","107476562"
"chr9","107973407","107973688","KN295096v1","426851","427132","42","107546556"
"chr9","107987182","107987492","KN296731v1","1681432","1681735","45","106305750"
"chr9","108034245","108034543","KN295382v1","148115","148414","34","107886130"
"chr9","108035793","108036060","KN296449v1","822","1085","35","108034971"
"chr9","108037064","108037371","KN295936v1","2265711","2266028","35","105771353"
"chr9","108039107","108039414","KN297259v1","628392","628692","39","107410715"
"chr9","108043723","108044011","KN295936v1","2258410","2258709","36","105785313"
"chr9","108060471","108060770","KN295936v1","2242613","2242918","27","105817858"
"chr9","108069518","108069785","KN295936v1","2233861","2234123","31","105835657"
"chr9","108070754","108071063","KN295667v1","1687893","1688204","40","106382861"
"chr9","108115176","108115486","KN296682v1","2108567","2108875","41","106006609"
"chr9","108183578","108183865","KN294416v1","661516","661806","38","107522062"
"chr9","108220766","108221069","KN294539v1","761382","761684","40","107459384"
"chr9","108285928","108286239","KN296849v1","575797","576109","36","107710131"
"chr9","108393783","108394081","KN295936v1","1906838","1907138","19","106486945"
"chr9","108462584","108462893","KN295059v1","336835","337145","39","108125749"
"chr9","108463950","108464303","KN296311v1","4383833","4384172","64","104080117"
"chr9","108474300","108474601","KN296430v1","444033","444342","44","108030267"
"chr9","108507995","108508281","KN297343v1","560645","560932","40","107947350"
"chr9","108628542","108628756","KN295217v1","296096","296303","47","108332446"
"chr9","108709853","108710152","KN296153v1","3677943","3678242","25","105031910"
"chr9","108779927","108780248","KN294365v1","1401774","1402095","44","107378153"
"chr9","108819715","108820021","KN295936v1","1463988","1464284","32","107355727"
"chr9","108827202","108827500","KN295936v1","1456320","1456622","30","107370882"
"chr9","108860930","108861133","KN295967v1","1894696","1894907","44","106966234"
"chr9","108904818","108905078","KN294540v1","886155","886414","40","108018663"
"chr9","108998757","108999066","KN295936v1","1291710","1292021","30","107707047"
"chr9","109043824","109044131","KN295936v1","1247961","1248265","33","107795863"
"chr9","109175019","109175338","KN294569v1","828600","828911","42","108346419"
"chr9","109178083","109178382","KN295936v1","1122342","1122630","25","108055741"
"chr9","109188372","109188636","KN295936v1","1111411","1111672","18","108076961"
"chr9","109204719","109205024","KN294539v1","2320327","2320629","30","106884392"
"chr9","109221251","109221555","KN295936v1","1079953","1080251","31","108141298"
"chr9","109249645","109249946","KN294365v1","795012","795312","36","108454633"
"chr9","109291540","109291827","KN295096v1","563388","563676","38","108728152"
"chr9","109311862","109312167","KN294218v1","1633132","1633430","44","107678730"
"chr9","109379742","109379986","KN297165v1","2929718","2929968","35","106450024"
"chr9","109403933","109404225","KN295936v1","847777","848070","21","108556156"
"chr9","109784742","109785055","KN296952v1","28989","29298","48","109755753"
"chr9","109816540","109816835","KN294987v1","1351833","1352128","40","108464707"
"chr9","109847418","109847720","KN296682v1","4806893","4807193","48","105040525"
"chr9","110040370","110040676","KN295708v1","1599062","1599372","30","108441308"
"chr9","110109348","110109652","KN295936v1","92830","93130","31","110016518"
"chr9","110171375","110171672","KN296682v1","1906340","1906636","34","108265035"
"chr9","110184239","110184280","KN294548v1","925285","925325","20","109258954"
"chr9","110346714","110347024","KN294705v1","772747","773054","35","109573967"
"chr9","110348868","110349172","KN294407v1","93660","93961","40","110255208"
"chr9","110364844","110365154","KN294842v1","1112068","1112365","47","109252776"
"chr9","110405438","110405726","KN295198v1","716905","717192","24","109688533"
"chr9","110428919","110429201","KN297242v1","351132","351417","38","110077787"
"chr9","110430058","110430371","KN295198v1","690672","690985","33","109739386"
"chr9","110447012","110447313","KN295302v1","161082","161375","36","110285930"
"chr9","110503200","110503495","KN295198v1","615373","615685","35","109887827"
"chr9","110506161","110506453","KN294536v1","1723478","1723769","34","108782683"
"chr9","110528150","110528434","KN296296v1","292724","293005","42","110235426"
"chr9","110551407","110551713","KN295441v1","1618043","1618347","44","108933364"
"chr9","110600317","110600622","KN294991v1","1777117","1777416","42","108823200"
"chr9","110602211","110602530","KN297165v1","2960789","2961103","45","107641422"
"chr9","110629801","110630054","KN297105v1","3096112","3096357","57","107533689"
"chr9","110645472","110645777","KN295198v1","411529","411838","39","110233943"
"chr9","110652782","110653086","KN295198v1","404190","404502","33","110248592"
"chr9","110710354","110710664","KN295198v1","343704","344015","20","110366650"
"chr9","110760496","110760797","KN294147v1","2113543","2113846","51","108646953"
"chr9","110779246","110779536","KN295198v1","276533","276829","31","110502713"
"chr9","110782924","110783227","KN297159v1","3466339","3466642","40","107316585"
"chr9","110795828","110796137","KN295045v1","441758","442064","35","110354070"
"chr9","110842095","110842391","KN296096v1","3183138","3183434","35","107658957"
"chr9","110842976","110843276","KN296119v1","4121807","4122107","33","106721169"
"chr9","110860779","110861061","KN295198v1","193448","193741","33","110667331"
"chr9","110883444","110883768","KN295198v1","169633","169951","36","110713811"
"chr9","110896296","110896602","KN295112v1","343212","343513","36","110553084"
"chr9","110902155","110902457","KN295748v1","283051","283352","38","110619104"
"chr9","110909598","110909892","KN295721v1","197604","197890","38","110711994"
"chr9","110917029","110917172","KN294834v1","240385","240525","22","110676644"
"chr9","110926042","110926349","KN294717v1","373979","374286","38","110552063"
"chr9","110942472","110942770","KN295198v1","111230","111531","32","110831242"
"chr9","110948006","110948307","KN295580v1","1390","1690","33","110946616"
"chr9","110959791","110960094","KN296357v1","356792","357093","42","110602999"
"chr9","111008809","111009121","KN295198v1","47781","48096","27","110961028"
"chr9","111035567","111035866","KN294172v1","6860683","6860986","33","104174884"
"chr9","111074025","111074330","KN294419v1","257344","257646","27","110816681"
"chr9","111093500","111093796","KN295601v1","2895150","2895452","33","108198350"
"chr9","111096413","111096709","KN295984v1","1136723","1137018","33","109959690"
"chr9","111197858","111198167","KN295382v1","230497","230807","31","110967361"
"chr9","111217015","111217314","KN294592v1","13108","13404","25","111203907"
"chr9","111232804","111233106","KN294419v1","98364","98666","34","111134440"
"chr9","111287184","111287361","KN294419v1","42675","42858","18","111244509"
"chr9","111318274","111318365","KN294711v1","239718","239811","12","111078556"
"chr9","111406074","111406382","KN296588v1","59939","60249","36","111346135"
"chr9","111408821","111409117","KN296588v1","62732","63040","33","111346089"
"chr9","111424710","111425008","KN294346v1","271830","272127","36","111152880"
"chr9","111501947","111502243","KN296588v1","155578","155879","31","111346369"
"chr9","111515750","111516055","KN296062v1","1796687","1796987","46","109719063"
"chr9","111536479","111536779","KN296153v1","3677943","3678242","36","107858536"
"chr9","111593389","111593686","KN296588v1","245594","245893","37","111347795"
"chr9","111618492","111618760","KN297008v1","2640522","2640786","41","108977970"
"chr9","111620215","111620516","KN296588v1","268258","268562","25","111351957"
"chr9","111663482","111663775","KN296588v1","310592","310882","28","111352890"
"chr9","111677019","111677310","KN295225v1","852978","853269","35","110824041"
"chr9","111691070","111691369","KN296153v1","3677943","3678242","29","108013127"
"chr9","111694940","111695237","KN294710v1","66145","66442","39","111628795"
"chr9","111733573","111733878","KN297058v1","42553","42853","37","111691020"
"chr9","111750019","111750315","KN294399v1","151738","152035","31","111598281"
"chr9","111838366","111838676","KN295725v1","1996226","1996536","34","109842140"
"chr9","111883410","111883691","KN296588v1","521340","521610","36","111362070"
"chr9","111918633","111918918","KN296588v1","549179","549477","32","111369454"
"chr9","112047370","112047669","KN295984v1","1817258","1817560","41","110230112"
"chr9","112147947","112148247","KN296036v1","1076601","1076901","34","111071346"
"chr9","112163594","112163909","KN296357v1","706115","706421","45","111457479"
"chr9","112174924","112175233","KN296588v1","801180","801474","29","111373744"
"chr9","112179532","112179845","KN296588v1","805460","805763","33","111374072"
"chr9","112180425","112180734","KN294874v1","979375","979677","35","111201050"
"chr9","112188513","112188824","KN294717v1","373979","374286","37","111814534"
"chr9","112192017","112192317","KN296588v1","816962","817262","20","111375055"
"chr9","112195088","112195374","KN296588v1","819996","820280","23","111375092"
"chr9","112225597","112225859","KN296588v1","849051","849319","30","111376546"
"chr9","112240329","112240618","KN295294v1","334706","334991","36","111905623"
"chr9","112270108","112270422","KN296588v1","886904","887213","31","111383204"
"chr9","112292321","112292618","KN296588v1","909389","909685","22","111382932"
"chr9","112317941","112318168","KN294251v1","1849056","1849276","38","110468885"
"chr9","112332479","112332791","KN296154v1","1901209","1901519","37","110431270"
"chr9","112372944","112373250","KN296588v1","988462","988772","32","111384482"
"chr9","112389546","112389838","KN296588v1","1003194","1003490","25","111386352"
"chr9","112423484","112423762","KN295171v1","869545","869845","47","111553939"
"chr9","112487078","112487378","KN297046v1","2791168","2791468","36","109695910"
"chr9","112491735","112492030","KN296588v1","1101439","1101738","27","111390296"
"chr9","112541716","112542018","KN296588v1","1151050","1151352","26","111390666"
"chr9","112542785","112543082","KN295356v1","348851","349147","46","112193934"
"chr9","112610585","112610879","KN296588v1","1219303","1219601","32","111391282"
"chr9","112619500","112619798","KN296588v1","1228829","1229131","22","111390671"
"chr9","112664873","112664968","KN295983v1","1889572","1889663","13","110775301"
"chr9","112798041","112798326","KN296588v1","1412753","1413049","29","111385288"
"chr9","112847271","112847571","KN296588v1","1460083","1460384","34","111387188"
"chr9","113019463","113019780","KN295988v1","954829","955141","44","112064634"
"chr9","113022852","113023144","KN296244v1","86518","86815","38","112936334"
"chr9","113041566","113041881","KN296588v1","1647702","1648005","28","111393864"
"chr9","113084397","113084700","KN295967v1","545111","545409","38","112539286"
"chr9","113265170","113265344","KN294281v1","989793","989968","23","112275377"
"chr9","113331752","113332049","KN295112v1","343212","343513","38","112988540"
"chr9","113502155","113502465","KN296315v1","684453","684771","39","112817702"
"chr9","113512613","113512923","KN296062v1","1417962","1418265","43","112094651"
"chr9","113559061","113559361","KN296588v1","2181743","2182041","20","111377318"
"chr9","113562264","113562566","KN295854v1","1466288","1466586","39","112095976"
"chr9","113581227","113581532","KN296588v1","2204943","2205239","32","111376284"
"chr9","113643871","113644165","KN297314v1","117021","117312","43","113526850"
"chr9","113648311","113648390","KN295523v1","2369424","2369497","16","111278887"
"chr9","113691428","113691730","KN295854v1","1710543","1710845","32","111980885"
"chr9","113817138","113817422","KN295032v1","272356","272651","47","113544782"
"chr9","113841439","113841763","KN295988v1","360550","360868","49","113480889"
"chr9","113934439","113934737","KN296157v1","1620855","1621149","37","112313584"
"chr9","114040772","114041061","KN296635v1","2062385","2062678","34","111978387"
"chr9","114133264","114133572","KN294592v1","193335","193639","50","113939929"
"chr9","114152041","114152217","KN296311v1","6345971","6346144","28","107806070"
"chr9","114173878","114174186","KN296922v1","276400","276709","43","113897478"
"chr9","114273967","114274261","KN296079v1","1690558","1690851","33","112583409"
"chr9","114371017","114371278","KN296138v1","41213","41476","41","114329804"
"chr9","114433954","114434259","KN296934v1","897698","898003","39","113536256"
"chr9","114535623","114535924","KN295371v1","227443","227744","40","114308180"
"chr9","114731272","114731588","KN297205v1","331678","331992","46","114399594"
"chr9","114779806","114780086","KN296201v1","1836606","1836890","36","112943200"
"chr9","114785078","114785390","KN295236v1","5343986","5344298","42","109441092"
"chr9","114830634","114830935","KN296145v1","2321020","2321322","39","112509614"
"chr9","114882705","114883021","KN295667v1","1687893","1688204","43","113194812"
"chr9","114927567","114927883","KN294443v1","598458","598760","44","114329109"
"chr9","115112003","115112312","KN295171v1","675269","675580","39","114436734"
"chr9","115204468","115204779","KN294387v1","2599087","2599393","41","112605381"
"chr9","115275944","115276249","KN294874v1","934343","934646","41","114341601"
"chr9","115314012","115314325","KN295854v1","881337","881653","42","114432675"
"chr9","115400119","115400416","KN295729v1","1473593","1473887","37","113926526"
"chr9","115409729","115410031","KN297445v1","1326382","1326677","45","114083347"
"chr9","115519694","115520006","KN295708v1","1599062","1599372","34","113920632"
"chr9","115582112","115582409","KN296759v1","638542","638840","37","114943570"
"chr9","115621302","115621602","KN294536v1","952303","952607","31","114668999"
"chr9","115634342","115634639","KN294966v1","89371","89664","37","115544971"
"chr9","115767639","115767956","KN295176v1","34358","34673","39","115733281"
"chr9","115811720","115812016","KN295159v1","636745","637044","49","115174975"
"chr9","115814572","115814881","KN294831v1","247548","247851","43","115567024"
"chr9","115868464","115868758","KN296154v1","1901209","1901519","54","113967255"
"chr9","115960951","115961251","KN295091v1","2420503","2420803","36","113540448"
"chr9","116069533","116069816","KN296019v1","90598","90883","36","115978935"
"chr9","116080354","116080670","KN295667v1","1687893","1688204","34","114392461"
"chr9","116203677","116203974","KN295302v1","161082","161375","40","116042595"
"chr9","116206366","116206663","KN295302v1","161082","161375","40","116045284"
"chr9","116332791","116333100","KN296281v1","60300","60607","48","116272491"
"chr9","117056840","117057136","KN296287v1","46583","46877","41","117010257"
"chr9","117074405","117074694","KN295236v1","5491143","5491432","40","111583262"
"chr9","117186376","117186685","KN294717v1","373979","374286","42","116812397"
"chr9","117226377","117226688","KN294717v1","373979","374286","37","116852398"
"chr9","117344026","117344327","KN297445v1","1550327","1550630","36","115793699"
"chr9","117385513","117385839","KN294264v1","371563","371884","48","117013950"
"chr9","117417882","117418150","KN297112v1","3992200","3992473","46","113425682"
"chr9","117547398","117547696","KN296160v1","7501","7799","25","117539897"
"chr9","117660913","117661199","KN295248v1","50072","50358","35","117610841"
"chr9","117790551","117790672","KN297008v1","3595513","3595635","21","114195038"
"chr9","118041698","118042006","KN294806v1","835206","835511","37","117206492"
"chr9","118067486","118067787","KN295984v1","1817258","1817560","49","116250228"
"chr9","118073657","118073959","KN295350v1","243779","244085","44","117829878"
"chr9","118210060","118210371","KN296731v1","1681432","1681735","39","116528628"
"chr9","118267528","118267846","KN296154v1","1901209","1901519","36","116366319"
"chr9","118291112","118291415","KN295248v1","712371","712682","30","117578741"
"chr9","118755821","118756115","KN294846v1","26929","27228","47","118728892"
"chr9","118780847","118781156","KN295090v1","765618","765928","37","118015229"
"chr9","118850418","118850728","KN295090v1","755361","755671","43","118095057"
"chr9","119005429","119005713","KN295022v1","486627","486913","35","118518802"
"chr9","119013755","119014058","KN295350v1","243779","244085","37","118769976"
"chr9","119073454","119073765","KN297323v1","176102","176406","37","118897352"
"chr9","119283518","119283820","KN296296v1","12289","12600","36","119271229"
"chr9","119471139","119471404","KN296296v1","408411","408681","44","119062728"
"chr9","119614359","119614666","KN296849v1","575797","576109","44","119038562"
"chr9","119616241","119616533","KN296880v1","42393","42692","24","119573848"
"chr9","119744954","119745253","KN296153v1","3677943","3678242","37","116067011"
"chr9","119764791","119765100","KN294292v1","136185","136494","36","119628606"
"chr9","119774322","119774628","KN294387v1","2599087","2599393","38","117175235"
"chr9","119790841","119791152","KN296880v1","215025","215331","33","119575816"
"chr9","119856580","119856879","KN296880v1","284537","284843","36","119572043"
"chr9","119864061","119864373","KN296880v1","292318","292631","31","119571743"
"chr9","119912258","119912567","KN294387v1","2599087","2599393","35","117313171"
"chr9","119935915","119936218","KN295034v1","63947","64249","39","119871968"
"chr9","119960270","119960577","KN296880v1","391797","392101","35","119568473"
"chr9","120046249","120046424","KN296119v1","5200658","5200831","25","114845591"
"chr9","120088479","120088785","KN296934v1","897698","898003","36","119190781"
"chr9","120121774","120122046","KN295523v1","4195930","4196206","31","115925844"
"chr9","120125909","120126172","KN297445v1","1065753","1066018","27","119060156"
"chr9","120278919","120279193","KN297274v1","1076900","1077174","35","119202019"
"chr9","120287014","120287333","KN295236v1","5645831","5646138","40","114641183"
"chr9","120351912","120352220","KN295406v1","214517","214825","44","120137395"
"chr9","120374299","120374607","KN296738v1","137767","138070","33","120236532"
"chr9","120376849","120377162","KN295350v1","974870","975181","40","119401979"
"chr9","120528646","120528945","KN296948v1","272875","273169","36","120255771"
"chr9","120550205","120550490","KN296732v1","498634","498931","47","120051571"
"chr9","120566387","120566686","KN296508v1","1623542","1623841","40","118942845"
"chr9","120594927","120595222","KN295995v1","1426233","1426527","35","119168694"
"chr9","120783622","120783918","KN297133v1","1370295","1370592","34","119413327"
"chr9","121023752","121023918","KN295543v1","151828","151995","29","120871924"
"chr9","121047829","121048090","KN297242v1","157225","157487","37","120890604"
"chr9","121076952","121077252","KN295965v1","94015","94311","34","120982937"
"chr9","121139161","121139470","KN295114v1","20941","21251","41","121118220"
"chr9","121197408","121197577","KN294747v1","631115","631284","31","120566293"
"chr9","121222680","121222955","KN295523v1","4195930","4196206","39","117026750"
"chr9","121254601","121254902","KN296153v1","3677943","3678242","29","117576658"
"chr9","121393173","121393475","KN295236v1","4576569","4576870","33","116816604"
"chr9","121500459","121500757","KN296732v1","2013890","2014190","30","119486569"
"chr9","121515469","121515773","KN295523v1","985733","986032","49","120529736"
"chr9","121682070","121682390","KN296726v1","15853","16160","43","121666217"
"chr9","121825462","121825752","KN295346v1","1108920","1109204","36","120716542"
"chr9","121851838","121852153","KN297158v1","171857","172167","40","121679981"
"chr9","121854574","121854869","KN294446v1","410629","410926","33","121443945"
"chr9","121877818","121878119","KN294281v1","1071142","1071430","51","120806676"
"chr9","121908137","121908451","KN296357v1","706115","706421","44","121202022"
"chr9","121908809","121909114","KN295708v1","1101829","1102127","43","120806980"
"chr9","121955304","121955598","KN294446v1","410629","410926","34","121544675"
"chr9","122007905","122008208","KN294536v1","1195413","1195715","42","120812492"
"chr9","122035543","122035829","KN294172v1","2947240","2947526","36","119088303"
"chr9","122100316","122100627","KN296263v1","258890","259202","34","121841426"
"chr9","122262631","122262923","KN294421v1","22671","22970","43","122239960"
"chr9","122317882","122318174","KN295459v1","1614660","1614952","42","120703222"
"chr9","122320609","122320920","KN294193v1","747545","747855","31","121573064"
"chr9","122322049","122322350","KN294662v1","79885","80185","31","122242164"
"chr9","122328318","122328625","KN297190v1","7071552","7071858","36","115256766"
"chr9","122410147","122410477","KN296311v1","715482","715765","114","121694665"
"chr9","122516735","122517043","KN294917v1","618557","618860","33","121898178"
"chr9","122575639","122575937","KN297442v1","2461526","2461820","45","120114113"
"chr9","122644876","122645168","KN294439v1","72624","72920","34","122572252"
"chr9","122726067","122726367","KN295523v1","985733","986032","40","121740334"
"chr9","122802961","122803268","KN294668v1","2004094","2004404","38","120798867"
"chr9","122804281","122804583","KN294501v1","104788","105092","32","122699493"
"chr9","122866415","122866718","KN296900v1","121631","121934","40","122744784"
"chr9","122890031","122890342","KN295984v1","100979","101283","29","122789052"
"chr9","122937129","122937420","KN295257v1","604948","605238","35","122332181"
"chr9","122949580","122949879","KN295984v1","161406","161708","27","122788174"
"chr9","122973543","122973821","KN295940v1","167693","167976","37","122805850"
"chr9","122993993","122994315","KN294717v1","373979","374286","44","122620014"
"chr9","123003235","123003549","KN295114v1","20941","21251","39","122982294"
"chr9","123109369","123109685","KN295059v1","336835","337145","43","122772534"
"chr9","123116503","123116833","KN295176v1","34358","34673","47","123082145"
"chr9","123125437","123125743","KN294874v1","934343","934646","38","122191094"
"chr9","123130963","123131273","KN295984v1","340602","340907","32","122790361"
"chr9","123201276","123201383","KN296322v1","882795","882905","18","122318481"
"chr9","123202006","123202223","KN294739v1","1093016","1093221","54","122108990"
"chr9","123221136","123221459","KN294949v1","391656","391966","46","122829480"
"chr9","123244186","123244494","KN295984v1","450738","451037","30","122793448"
"chr9","123289542","123289827","KN297095v1","206557","206847","53","123082985"
"chr9","123303170","123303479","KN295984v1","510917","511228","31","122792253"
"chr9","123330763","123331014","KN295984v1","538304","538559","29","122792459"
"chr9","123371097","123371403","KN295983v1","1536250","1536551","36","121834847"
"chr9","123404467","123404684","KN295075v1","636904","637122","38","122767563"
"chr9","123504793","123505091","KN295984v1","721063","721358","30","122783730"
"chr9","123512618","123512912","KN295090v1","755361","755671","42","122757257"
"chr9","123542798","123543099","KN294365v1","795012","795312","31","122747786"
"chr9","123631976","123632278","KN295984v1","846728","847036","22","122785248"
"chr9","123670581","123670854","KN294588v1","536939","537199","46","123133642"
"chr9","123691227","123691523","KN295995v1","1426233","1426527","29","122264994"
"chr9","123701662","123701978","KN296137v1","1444","1748","51","123700218"
"chr9","123714793","123715110","KN295328v1","463393","463709","42","123251400"
"chr9","123755715","123756030","KN295667v1","1687893","1688204","34","122067822"
"chr9","123757217","123757519","KN295984v1","974577","974872","25","122782640"
"chr9","123790141","123790433","KN295984v1","1013634","1013927","26","122776507"
"chr9","123802768","123803074","KN297050v1","118941","119241","40","123683827"
"chr9","123871080","123871359","KN297242v1","3084060","3084340","46","120787020"
"chr9","123881032","123881332","KN295523v1","2519145","2519447","26","121361887"
"chr9","123881818","123882125","KN295984v1","1108081","1108391","37","122773737"
"chr9","123900431","123900726","KN295984v1","974577","974872","37","122925854"
"chr9","123905933","123906015","KN296581v1","11816","11898","12","123894117"
"chr9","123906508","123906693","KN296885v1","1394394","1394590","55","122512114"
"chr9","123914593","123914912","KN296430v1","1211774","1212088","40","122702819"
"chr9","123916835","123917139","KN295984v1","1140631","1140937","33","122776204"
"chr9","123924475","123924776","KN295984v1","1144960","1145258","25","122779515"
"chr9","123924917","123925223","KN295984v1","1145394","1145691","37","122779523"
"chr9","123940433","123940756","KN294536v1","1195413","1195715","59","122745020"
"chr9","123940787","123940957","KN295241v1","286024","286186","26","123654763"
"chr9","123943783","123944068","KN295430v1","2785325","2785610","45","121158458"
"chr9","123952279","123952574","KN294578v1","593416","593711","32","123358863"
"chr9","123968084","123968394","KN295758v1","997500","997807","34","122970584"
"chr9","123983258","123983555","KN295984v1","1204417","1204716","27","122778841"
"chr9","124044635","124044770","KN295725v1","1376133","1376269","23","122668502"
"chr9","124052767","124053077","KN295984v1","1268501","1268803","30","122784266"
"chr9","124053141","124053444","KN295984v1","1268871","1269173","20","122784270"
"chr9","124059186","124059477","KN295965v1","94015","94311","44","123965171"
"chr9","124124685","124124987","KN295984v1","1332383","1332688","32","122792302"
"chr9","124135285","124135590","KN294239v1","1722431","1722728","40","122412854"
"chr9","124140783","124141054","KN294345v1","45031","45305","40","124095752"
"chr9","124151490","124151799","KN296849v1","575797","576109","38","123575693"
"chr9","124241975","124242270","KN294592v1","1319879","1320174","33","122922096"
"chr9","124258667","124258973","KN295667v1","1687893","1688204","36","122570774"
"chr9","124270772","124271067","KN295995v1","1426233","1426527","33","122844539"
"chr9","124316183","124316481","KN295984v1","1527853","1528159","25","122788330"
"chr9","124342734","124343037","KN296040v1","733119","733420","43","123609615"
"chr9","124349495","124349787","KN296859v1","895216","895514","38","123454279"
"chr9","124370225","124370507","KN295236v1","3272996","3273288","37","121097229"
"chr9","124382733","124383023","KN295984v1","1595492","1595794","31","122787241"
"chr9","124398657","124398876","KN296588v1","806333","806554","41","123592324"
"chr9","124405991","124406090","KN295962v1","1860334","1860425","34","122545657"
"chr9","124410182","124410487","KN295984v1","1618884","1619194","33","122791298"
"chr9","124414043","124414343","KN296153v1","3677943","3678242","34","120736100"
"chr9","124417787","124418096","KN296311v1","4668251","4668556","40","119749536"
"chr9","124457655","124457959","KN296732v1","2013890","2014190","36","122443765"
"chr9","124480086","124480322","KN294385v1","889872","890112","36","123590214"
"chr9","124481987","124482295","KN296042v1","627408","627715","40","123854579"
"chr9","124512063","124512361","KN296153v1","3677943","3678242","30","120834120"
"chr9","124588382","124588693","KN294613v1","547293","547605","30","124041089"
"chr9","124594889","124595167","KN296322v1","2265136","2265418","40","122329753"
"chr9","124660081","124660372","KN295205v1","1220626","1220914","41","123439455"
"chr9","124670652","124670931","KN295984v1","1893060","1893345","21","122777592"
"chr9","124686156","124686453","KN297230v1","1127269","1127564","31","123558887"
"chr9","124705774","124706063","KN295984v1","1934780","1935069","37","122770994"
"chr9","124776633","124776936","KN294199v1","192131","192437","44","124584502"
"chr9","124790429","124790727","KN295984v1","2017502","2017807","28","122772927"
"chr9","124795608","124795910","KN296062v1","165336","165642","41","124630272"
"chr9","124797282","124797571","KN295984v1","2023671","2023962","31","122773611"
"chr9","124800599","124800890","KN295984v1","2029431","2029723","33","122771168"
"chr9","124804401","124804629","KN294949v1","1102235","1102466","40","123702166"
"chr9","124809255","124809547","KN296141v1","169071","169354","38","124640184"
"chr9","124828215","124828512","KN296732v1","2013890","2014190","31","122814325"
"chr9","124845553","124845854","KN294662v1","79885","80185","33","124765668"
"chr9","124848596","124848890","KN296311v1","4110039","4110330","29","120738557"
"chr9","124910133","124910419","KN295984v1","2137270","2137566","34","122772863"
"chr9","124974202","124974502","KN295984v1","2205787","2206091","31","122768415"
"chr9","125040396","125040676","KN297125v1","22244","22518","40","125018152"
"chr9","125085623","125085917","KN295077v1","585208","585503","35","124500415"
"chr9","125140454","125140774","KN297165v1","2960789","2961103","53","122179665"
"chr9","125258320","125258610","KN297026v1","228587","228878","32","125029733"
"chr9","125321159","125321464","KN294287v1","233073","233375","36","125088086"
"chr9","125408039","125408342","KN296062v1","1796687","1796987","30","123611352"
"chr9","125424696","125424853","KN295236v1","4163572","4163734","22","121261124"
"chr9","125427706","125427976","KN295936v1","30401","30674","31","125397305"
"chr9","125434705","125435005","KN294407v1","249623","249924","31","125185082"
"chr9","125693188","125693499","KN295923v1","1231839","1232151","34","124461349"
"chr9","125922373","125922658","KN295984v1","3164596","3164880","27","122757777"
"chr9","125944613","125944900","KN294991v1","1565008","1565302","37","124379605"
"chr9","125995749","125996040","KN296404v1","106219","106515","43","125889530"
"chr9","126029044","126029338","KN295236v1","3672786","3673083","33","122356258"
"chr9","126035996","126036270","KN295984v1","3279862","3280170","59","122756134"
"chr9","126129654","126129940","KN297227v1","1018475","1018768","42","125111179"
"chr9","126244195","126244403","KN295027v1","696149","696348","33","125548046"
"chr9","126395507","126395795","KN296096v1","3187219","3187506","27","123208288"
"chr9","126433129","126433442","KN294717v1","373979","374286","37","126059150"
"chr9","126498023","126498336","KN296732v1","3291994","3292314","48","123206029"
"chr9","126568088","126568197","KN296117v1","86443","86544","20","126481645"
"chr9","126575301","126575615","KN296244v1","860253","860559","27","125715048"
"chr9","126580658","126580968","KN295667v1","1687893","1688204","36","124892765"
"chr9","126616197","126616509","KN296934v1","897698","898003","32","125718499"
"chr9","126637534","126637841","KN296934v1","897698","898003","33","125739836"
"chr9","126718693","126719010","KN296244v1","714860","715173","38","126003833"
"chr9","126721686","126721977","KN296426v1","182028","182319","34","126539658"
"chr9","126724087","126724398","KN296244v1","709976","710281","33","126014111"
"chr9","126728201","126728500","KN296004v1","29555","29853","39","126698646"
"chr9","126743664","126743974","KN294269v1","263270","263572","42","126480394"
"chr9","126761165","126761461","KN296244v1","675027","675323","17","126086138"
"chr9","126762097","126762406","KN296244v1","674114","674421","27","126087983"
"chr9","126775629","126775940","KN297133v1","419676","419981","39","126355953"
"chr9","126844560","126844858","KN294911v1","4554973","4555270","36","122289587"
"chr9","126882131","126882370","KN295405v1","1605592","1605853","63","125276539"
"chr9","126887972","126888282","KN295667v1","1687893","1688204","35","125200079"
"chr9","126922108","126922414","KN297452v1","1467351","1467656","36","125454757"
"chr9","126938563","126938870","KN294717v1","373979","374286","29","126564584"
"chr9","126950974","126951277","KN294387v1","2599087","2599393","32","124351887"
"chr9","126975008","126975310","KN295983v1","1536250","1536551","36","125438758"
"chr9","126977717","126978018","KN295533v1","1053416","1053711","35","125924301"
"chr9","127023408","127023719","KN294539v1","246873","247174","43","126776535"
"chr9","127044723","127045051","KN296244v1","383565","383909","45","126661158"
"chr9","127103628","127103935","KN297176v1","81468","81771","33","127022160"
"chr9","127132796","127133079","KN296782v1","30618","30905","38","127102178"
"chr9","127140048","127140357","KN296096v1","1414328","1414639","46","125725720"
"chr9","127149326","127149637","KN296244v1","283400","283712","34","126865926"
"chr9","127161772","127162073","KN296244v1","271140","271429","33","126890632"
"chr9","127169978","127170274","KN295501v1","1005257","1005557","34","126164721"
"chr9","127174276","127174564","KN296244v1","258592","258888","33","126915684"
"chr9","127188556","127188706","KN294372v1","1823400","1823541","26","125365156"
"chr9","127189571","127189634","KN295075v1","582451","582514","6","126607120"
"chr9","127197360","127197656","KN295236v1","3672786","3673083","33","123524574"
"chr9","127205147","127205457","KN294987v1","754635","754949","40","126450512"
"chr9","127246559","127246738","KN294739v1","1093016","1093221","39","126153543"
"chr9","127247062","127247107","KN296154v1","331792","331829","23","126915270"
"chr9","127250140","127250439","KN296864v1","1183378","1183678","33","126066762"
"chr9","127273157","127273440","KN295936v1","30401","30674","44","127242756"
"chr9","127357213","127357511","KN296244v1","86518","86815","25","127270695"
"chr9","127357670","127357969","KN295984v1","2017502","2017807","29","125340168"
"chr9","127380918","127381228","KN296244v1","61631","61932","34","127319287"
"chr9","127384487","127384801","KN296244v1","58157","58470","31","127326330"
"chr9","127393812","127394144","KN296036v1","1051362","1051698","44","126342450"
"chr9","127446530","127446844","KN296019v1","443353","443660","35","127003177"
"chr9","127453573","127453779","KN296588v1","806333","806554","45","126647240"
"chr9","127456936","127457241","KN295906v1","230171","230481","36","127226765"
"chr9","127461515","127461799","KN297313v1","705086","705370","31","126756429"
"chr9","127462497","127462800","KN294439v1","269158","269457","33","127193339"
"chr9","127562342","127562656","KN296825v1","1911208","1911519","38","125651134"
"chr9","127575439","127575760","KN296311v1","3721408","3721707","60","123854031"
"chr9","127586743","127587052","KN295303v1","48972","49268","38","127537771"
"chr9","127593624","127593917","KN295302v1","161082","161375","38","127432542"
"chr9","127596386","127596517","KN294879v1","123839","123978","26","127472547"
"chr9","127596820","127596923","KN296213v1","245458","245569","23","127351362"
"chr9","127597115","127597173","KN295974v1","794560","794619","9","126802555"
"chr9","127604083","127604373","KN295117v1","329951","330239","34","127274132"
"chr9","127638653","127638951","KN296153v1","3677943","3678242","34","123960710"
"chr9","127640257","127640562","KN296934v1","897698","898003","39","126742559"
"chr9","127676025","127676328","KN297133v1","419676","419981","29","127256349"
"chr9","127676958","127677233","KN295090v1","35026","35310","28","127641932"
"chr9","127679143","127679453","KN295596v1","1673921","1674225","39","126005222"
"chr9","127701768","127702064","KN295090v1","56526","56822","28","127645242"
"chr9","127703414","127703715","KN295090v1","58514","58808","36","127644900"
"chr9","127714123","127714424","KN295090v1","69222","69522","22","127644901"
"chr9","127735060","127735371","KN294705v1","1582720","1583032","41","126152340"
"chr9","127735550","127735850","KN294991v1","1225134","1225431","33","126510416"
"chr9","127739125","127739418","KN296205v1","605596","605883","44","127133529"
"chr9","127763189","127763484","KN295038v1","1302128","1302423","49","126461061"
"chr9","127773037","127773340","KN294705v1","1582720","1583032","48","126190317"
"chr9","127798807","127799120","KN296934v1","897698","898003","37","126901109"
"chr9","127799647","127799938","KN295090v1","158601","158892","28","127641046"
"chr9","127817176","127817490","KN294588v1","2987556","2987864","35","124829620"
"chr9","127826192","127826484","KN296726v1","154015","154304","32","127672177"
"chr9","127828352","127828652","KN294790v1","2757948","2758248","40","125070404"
"chr9","127830974","127831267","KN295090v1","192910","193198","32","127638064"
"chr9","127837333","127837620","KN295079v1","63578","63868","44","127773755"
"chr9","127859918","127860228","KN294588v1","1492426","1492725","48","126367492"
"chr9","127915204","127915495","KN295090v1","276264","276560","22","127638940"
"chr9","127916084","127916374","KN296635v1","5447621","5447911","41","122468463"
"chr9","127917364","127917658","KN294911v1","3820095","3820391","30","124097269"
"chr9","127920341","127920635","KN294536v1","1607732","1608024","33","126312609"
"chr9","127934566","127934863","KN295090v1","294936","295229","29","127639630"
"chr9","127942121","127942413","KN296435v1","3246212","3246499","45","124695909"
"chr9","127957117","127957407","KN295090v1","313472","313766","33","127643645"
"chr9","127957745","127958072","KN295090v1","314058","314382","26","127643687"
"chr9","127961894","127962195","KN295090v1","321761","322053","33","127640133"
"chr9","128012591","128012847","KN296449v1","822","1085","41","128011769"
"chr9","128037352","128037649","KN295580v1","1390","1690","31","128035962"
"chr9","128070244","128070528","KN295090v1","426332","426625","36","127643912"
"chr9","128079639","128079932","KN295350v1","687703","687997","38","127391936"
"chr9","128096229","128096537","KN296430v1","444033","444342","33","127652196"
"chr9","128097660","128097968","KN297408v1","408547","408858","37","127689113"
"chr9","128105036","128105318","KN294539v1","2245383","2245665","40","125859653"
"chr9","128107287","128107610","KN294728v1","1530565","1530875","53","126576722"
"chr9","128111599","128111902","KN295090v1","470075","470371","29","127641524"
"chr9","128122812","128123097","KN295350v1","762397","762677","44","127360415"
"chr9","128136492","128136775","KN294239v1","334831","335118","37","127801661"
"chr9","128138209","128138522","KN295059v1","336835","337145","35","127801374"
"chr9","128147394","128147691","KN295090v1","513041","513325","30","127634353"
"chr9","128148534","128148815","KN295090v1","513863","514141","26","127634671"
"chr9","128155135","128155432","KN295090v1","521492","521793","26","127633643"
"chr9","128156765","128157062","KN295090v1","523438","523719","30","127633327"
"chr9","128202047","128202326","KN295090v1","566241","566509","32","127635806"
"chr9","128220121","128220427","KN295573v1","1373387","1373690","34","126846734"
"chr9","128226622","128226927","KN294387v1","2599087","2599393","33","125627535"
"chr9","128236334","128236644","KN296635v1","3366039","3366351","46","124870295"
"chr9","128265230","128265515","KN295090v1","627683","627971","37","127637547"
"chr9","128291136","128291430","KN294739v1","616485","616779","41","127674651"
"chr9","128298068","128298354","KN295090v1","662623","662919","29","127635445"
"chr9","128374796","128375102","KN295090v1","741991","742302","35","127632805"
"chr9","128375983","128376294","KN295090v1","743207","743511","25","127632776"
"chr9","128388213","128388506","KN294739v1","616485","616779","29","127771728"
"chr9","128390283","128390572","KN295090v1","757409","757712","40","127632874"
"chr9","128391265","128391562","KN295090v1","758410","758706","22","127632855"
"chr9","128425921","128426220","KN294456v1","876419","876725","45","127549502"
"chr9","128469156","128469452","KN295480v1","1210004","1210299","36","127259152"
"chr9","128501097","128501399","KN296635v1","5170868","5171167","40","123330229"
"chr9","128509035","128509340","KN295090v1","885087","885389","36","127623948"
"chr9","128535618","128535918","KN295090v1","911996","912300","32","127623622"
"chr9","128550257","128550563","KN296821v1","887980","888281","42","127662277"
"chr9","128560049","128560358","KN295090v1","942211","942513","26","127617838"
"chr9","128651663","128651970","KN295705v1","2747981","2748284","38","125903682"
"chr9","128731297","128731596","KN295090v1","1084372","1084676","27","127646925"
"chr9","128746350","128746641","KN295319v1","147659","147950","53","128598691"
"chr9","128759517","128759813","KN295236v1","1909842","1910130","56","126849675"
"chr9","128805483","128805781","KN294662v1","79885","80185","31","128725598"
"chr9","128833892","128834183","KN295090v1","1194847","1195149","35","127639045"
"chr9","128852390","128852669","KN295090v1","1214766","1215053","36","127637624"
"chr9","128904142","128904454","KN295367v1","57325","57637","35","128846817"
"chr9","128940339","128940639","KN295112v1","343212","343513","36","128597127"
"chr9","128951921","128952216","KN296865v1","1674895","1675192","37","127277026"
"chr9","128954878","128955178","KN297276v1","182647","182946","43","128772231"
"chr9","128956034","128956339","KN295171v1","231499","231801","36","128724535"
"chr9","128971107","128971414","KN297046v1","1801264","1801572","36","127169843"
"chr9","128973637","128973947","KN295984v1","868891","869195","40","128104746"
"chr9","128990063","128990204","KN295725v1","1376133","1376269","25","127613930"
"chr9","129000837","129001022","KN295274v1","16651","16841","29","128984186"
"chr9","129006300","129006594","KN295090v1","1379245","1379544","21","127627055"
"chr9","129014841","129015135","KN294182v1","582302","582595","36","128432539"
"chr9","129033191","129033506","KN295090v1","1402864","1403173","37","127630327"
"chr9","129034153","129034458","KN295090v1","1403814","1404111","31","127630339"
"chr9","129053662","129053970","KN296357v1","343303","343607","40","128710359"
"chr9","129059432","129059671","KN294949v1","1102235","1102466","41","127957197"
"chr9","129059812","129059849","KN294486v1","478909","478943","17","128580903"
"chr9","129085036","129085341","KN294647v1","185825","186131","36","128899211"
"chr9","129118648","129118960","KN295090v1","1485863","1486168","51","127632785"
"chr9","129142967","129143291","KN294571v1","2173447","2173770","44","126969520"
"chr9","129154383","129154499","KN296565v1","92812","92925","16","129061571"
"chr9","129164954","129165262","KN295090v1","1531179","1531478","33","127633775"
"chr9","129171132","129171418","KN294407v1","776051","776345","38","128395081"
"chr9","129184516","129184817","KN295090v1","1552063","1552375","33","127632453"
"chr9","129193975","129194273","KN294790v1","1555084","1555390","42","127638891"
"chr9","129202170","129202465","KN294416v1","208870","209165","31","128993300"
"chr9","129214615","129214936","KN295936v1","1040084","1040396","50","128174531"
"chr9","129254777","129255078","KN297146v1","464165","464468","28","128790612"
"chr9","129279556","129279695","KN295667v1","264788","264929","23","129014768"
"chr9","129284352","129284637","KN295022v1","486627","486913","36","128797725"
"chr9","129287016","129287312","KN295090v1","1650970","1651260","29","127636046"
"chr9","129293511","129293802","KN296435v1","3246212","3246499","41","126047299"
"chr9","129298734","129299032","KN294842v1","690378","690679","39","128608356"
"chr9","129326336","129326645","KN294856v1","296536","296838","40","129029800"
"chr9","129330032","129330207","KN295987v1","271542","271712","25","129058490"
"chr9","129337973","129338271","KN297445v1","1326382","1326677","34","128011591"
"chr9","129384892","129385204","KN294777v1","751157","751455","61","128633735"
"chr9","129385207","129385497","KN294561v1","810685","810981","40","128574522"
"chr9","129462206","129462516","KN295090v1","1825917","1826222","31","127636289"
"chr9","129472721","129473030","KN296119v1","4529874","4530186","44","124942847"
"chr9","129478488","129478792","KN295090v1","1841259","1841559","25","127637229"
"chr9","129517042","129517343","KN295090v1","1880900","1881209","36","127636142"
"chr9","129730785","129731083","KN294662v1","79885","80185","29","129650900"
"chr9","129831574","129831886","KN295090v1","2109950","2110263","31","127721624"
"chr9","129847965","129848273","KN295090v1","2125655","2125968","32","127722310"
"chr9","129867953","129868259","KN295667v1","1687893","1688204","34","128180060"
"chr9","129881691","129881979","KN295345v1","1379880","1380168","38","128501811"
"chr9","129887511","129887810","KN296934v1","897698","898003","38","128989813"
"chr9","129887986","129888090","KN296145v1","2605595","2605704","18","127282391"
"chr9","129890641","129890941","KN295090v1","2171728","2172029","17","127718913"
"chr9","129894956","129895247","KN294166v1","3148","3439","44","129891808"
"chr9","129897432","129897723","KN295523v1","511979","512260","47","129385453"
"chr9","129901119","129901424","KN294387v1","2599087","2599393","36","127302032"
"chr9","129908498","129908795","KN294433v1","409687","409987","41","129498811"
"chr9","129918552","129918851","KN295090v1","2201795","2202097","30","127716757"
"chr9","129949511","129949788","KN297227v1","796454","796739","44","129153057"
"chr9","129977076","129977373","KN296732v1","2013890","2014190","30","127963186"
"chr9","130009502","130009787","KN296311v1","5192704","5193002","44","124816798"
"chr9","130014293","130014602","KN295090v1","2296230","2296537","42","127718063"
"chr9","130035633","130035941","KN296508v1","1566214","1566524","41","128469419"
"chr9","130041117","130041285","KN295543v1","151828","151995","26","129889289"
"chr9","130092791","130093100","KN295236v1","5343986","5344298","43","124748805"
"chr9","130116036","130116329","KN295090v1","2396400","2396685","33","127719636"
"chr9","130151185","130151318","KN296024v1","131755","131879","24","130019430"
"chr9","130164776","130165067","KN294439v1","72624","72920","34","130092152"
"chr9","130173269","130173578","KN295112v1","343212","343513","37","129830057"
"chr9","130179326","130179652","KN295176v1","34358","34673","45","130144968"
"chr9","130239576","130239876","KN296738v1","137767","138070","29","130101809"
"chr9","130307199","130307510","KN296738v1","24897","25205","35","130282302"
"chr9","130395217","130395529","KN296738v1","24897","25205","35","130370320"
"chr9","130422796","130423105","KN295090v1","2621606","2621915","28","127801190"
"chr9","130525639","130525932","KN294462v1","73428","73721","29","130452211"
"chr9","130530417","130530722","KN297133v1","419676","419981","29","130110741"
"chr9","130535590","130535897","KN294243v1","112547","112853","41","130423043"
"chr9","130548458","130548763","KN295430v1","2610079","2610388","41","127938379"
"chr9","130585452","130585585","KN296495v1","1948402","1948535","33","128637050"
"chr9","130586292","130586403","KN295090v1","2786461","2786574","12","127799831"
"chr9","130612261","130612563","KN295090v1","2813084","2813385","22","127799177"
"chr9","130632398","130632686","KN296820v1","675939","676230","40","129956459"
"chr9","130668119","130668409","KN295302v1","161082","161375","35","130507037"
"chr9","130671708","130672001","KN295090v1","2872997","2873294","37","127798711"
"chr9","130680121","130680431","KN294187v1","714857","715168","41","129965264"
"chr9","130682440","130682730","KN296311v1","3998566","3998863","42","126683874"
"chr9","130686093","130686306","KN296306v1","2328285","2328501","47","128357808"
"chr9","130687109","130687406","KN295705v1","2747981","2748284","37","127939128"
"chr9","130689864","130690163","KN295090v1","2891510","2891807","27","127798354"
"chr9","130702495","130702791","KN297442v1","12090","12392","58","130690405"
"chr9","130742416","130742725","KN297133v1","419676","419981","34","130322740"
"chr9","130775143","130775374","KN294378v1","995755","995986","47","129779388"
"chr9","130775401","130775636","KN296306v1","1562949","1563189","50","129212452"
"chr9","130780261","130780555","KN296588v1","909389","909685","35","129870872"
"chr9","130787257","130787366","KN294452v1","1442021","1442130","21","129345236"
"chr9","130796886","130797185","KN297058v1","42553","42853","33","130754333"
"chr9","130803766","130803904","KN294668v1","2179035","2179176","18","128624731"
"chr9","130819722","130819857","KN297112v1","5952025","5952160","15","124867697"
"chr9","130820424","130820730","KN295350v1","243779","244085","39","130576645"
"chr9","130822983","130823286","KN296731v1","1681432","1681735","43","129141551"
"chr9","130925898","130926146","KN295209v1","580506","580752","52","130345392"
"chr9","130992416","130992551","KN294834v1","240385","240525","17","130752031"
"chr9","131164245","131164562","KN296916v1","378131","378429","48","130786114"
"chr9","131201653","131201917","KN296743v1","1879741","1879996","51","129321912"
"chr9","131203556","131203723","KN295983v1","1560322","1560482","23","129643234"
"chr9","131521018","131521318","KN294758v1","374673","374971","30","131146345"
"chr9","131583682","131583993","KN296357v1","706115","706421","35","130877567"
"chr9","131586655","131586958","KN297008v1","6099074","6099374","30","125487581"
"chr9","131660385","131660694","KN297133v1","419676","419981","35","131240709"
"chr9","131676121","131676429","KN297008v1","6014180","6014490","35","125661941"
"chr9","131691060","131691371","KN294456v1","876419","876725","41","130814641"
"chr9","131716837","131717135","KN294662v1","79885","80185","36","131636952"
"chr9","131737126","131737420","KN297008v1","5945111","5945399","31","125792015"
"chr9","131769851","131770156","KN295171v1","869545","869845","38","130900306"
"chr9","131778350","131778645","KN295352v1","616838","617123","49","131161512"
"chr9","131783800","131784095","KN296153v1","2309746","2310040","38","129474054"
"chr9","131806299","131806469","KN297008v1","5878989","5879158","16","125927310"
"chr9","131829590","131829903","KN296062v1","2035715","2036023","43","129793875"
"chr9","131853141","131853442","KN295983v1","1536250","1536551","31","130316891"
"chr9","131869060","131869364","KN294387v1","2599087","2599393","39","129269973"
"chr9","131898282","131898588","KN296019v1","178814","179119","33","131719468"
"chr9","131920910","131921205","KN296040v1","722171","722469","32","131198739"
"chr9","131961716","131962013","KN295526v1","218147","218440","36","131743569"
"chr9","132007063","132007363","KN297008v1","5675002","5675307","20","126332061"
"chr9","132016919","132017216","KN294662v1","79885","80185","30","131937034"
"chr9","132083162","132083466","KN296308v1","714541","714844","44","131368621"
"chr9","132127487","132127767","KN297008v1","5543795","5544077","31","126583692"
"chr9","132146515","132146815","KN297259v1","2357226","2357525","31","129789289"
"chr9","132158698","132158962","KN294444v1","3297","3556","40","132155401"
"chr9","132183863","132184160","KN294630v1","494261","494558","28","131689602"
"chr9","132195536","132195826","KN295893v1","2508089","2508377","47","129687447"
"chr9","132196569","132196870","KN296635v1","5170868","5171167","33","127025701"
"chr9","132202312","132202611","KN296244v1","86518","86815","36","132115794"
"chr9","132228926","132229233","KN296040v1","856534","856847","40","131372392"
"chr9","132276144","132276444","KN296062v1","1796687","1796987","30","130479457"
"chr9","132377069","132377357","KN296153v1","3677943","3678242","38","128699126"
"chr9","132404136","132404443","KN296934v1","897698","898003","39","131506438"
"chr9","132417509","132417818","KN297008v1","5239359","5239670","32","127178150"
"chr9","132501820","132502002","KN294419v1","42675","42858","31","132459145"
"chr9","132528230","132528531","KN297008v1","6099074","6099374","43","126429156"
"chr9","132548182","132548474","KN295893v1","1337385","1337679","38","131210797"
"chr9","132609415","132609702","KN296884v1","149634","149914","40","132459781"
"chr9","132611776","132612077","KN297008v1","5064173","5064482","32","127547603"
"chr9","132632095","132632399","KN295204v1","12453","12759","38","132619642"
"chr9","132640398","132640689","KN297008v1","5034293","5034580","39","127606105"
"chr9","132656558","132656868","KN297008v1","5018125","5018435","25","127638433"
"chr9","132727529","132727756","KN297008v1","4963837","4964088","42","127763692"
"chr9","132752144","132752451","KN297008v1","4937548","4937854","38","127814596"
"chr9","132752785","132753083","KN294873v1","1152998","1153302","38","131599787"
"chr9","132772935","132773011","KN294251v1","2056929","2057009","13","130716006"
"chr9","132793356","132793665","KN294172v1","4623261","4623567","39","128170095"
"chr9","132848906","132849211","KN297008v1","4822415","4822720","29","128026491"
"chr9","132860352","132860648","KN297197v1","1652825","1653120","32","131207527"
"chr9","132869516","132869827","KN295114v1","20941","21251","40","132848575"
"chr9","132946920","132947228","KN294387v1","2599087","2599393","48","130347833"
"chr9","132960550","132960764","KN294978v1","1189593","1189804","37","131770957"
"chr9","132982983","132983269","KN295441v1","485205","485492","34","132497778"
"chr9","132995091","132995401","KN294292v1","136185","136494","35","132858906"
"chr9","133021781","133022044","KN294825v1","431692","431954","40","132590089"
"chr9","133098356","133098654","KN297008v1","4575003","4575303","29","128523353"
"chr9","133201849","133202144","KN294264v1","261999","262293","34","132939850"
"chr9","133296221","133296476","KN295154v1","347179","347433","47","132949042"
"chr9","133309137","133309438","KN294539v1","761382","761684","37","132547755"
"chr9","133311078","133311371","KN296019v1","100400","100684","42","133210678"
"chr9","133362558","133362852","KN297008v1","4323867","4324150","27","129038691"
"chr9","133443684","133443980","KN294416v1","208870","209165","37","133234814"
"chr9","133508661","133508939","KN295907v1","2257700","2257990","42","131250961"
"chr9","133515222","133515536","KN295176v1","34358","34673","41","133480864"
"chr9","133566787","133567112","KN295114v1","20941","21251","51","133545846"
"chr9","133580335","133580643","KN294387v1","2599087","2599393","32","130981248"
"chr9","133586240","133586544","KN297008v1","4105324","4105624","31","129480916"
"chr9","133587787","133588078","KN297008v1","4103496","4103784","31","129484291"
"chr9","133604570","133604874","KN297008v1","4105324","4105624","31","129499246"
"chr9","133606115","133606406","KN297008v1","4103496","4103784","31","129502619"
"chr9","133687754","133688060","KN294939v1","609095","609407","43","133078659"
"chr9","133689263","133689585","KN295034v1","63947","64249","49","133625316"
"chr9","133753872","133754199","KN296970v1","207857","208193","60","133546015"
"chr9","133792233","133792545","KN297133v1","419676","419981","35","133372557"
"chr9","133797630","133797927","KN296075v1","437481","437780","39","133360149"
"chr9","133894608","133894914","KN296153v1","1594251","1594556","34","132300357"
"chr9","133999294","133999584","KN296153v1","91872","92161","33","133907422"
"chr9","134062110","134062409","KN296938v1","1006669","1006968","33","133055441"
"chr9","134080248","134080531","KN297008v1","3630038","3630327","22","130450210"
"chr9","134303513","134303824","KN296145v1","2759462","2759771","35","131544051"
"chr9","134306484","134306779","KN297008v1","3405455","3405752","23","130901029"
"chr9","134386038","134386331","KN297008v1","3322328","3322628","31","131063710"
"chr9","134410601","134410886","KN294758v1","1099783","1100077","44","133310818"
"chr9","134516932","134517234","KN296732v1","2013890","2014190","35","132503042"
"chr9","134550798","134551106","KN294229v1","205014","205325","35","134345784"
"chr9","134559546","134559842","KN294662v1","79885","80185","46","134479661"
"chr9","134560707","134561004","KN297008v1","3162555","3162844","33","131398152"
"chr9","134691686","134691976","KN296062v1","2106200","2106493","42","132585486"
"chr9","134829321","134829618","KN297008v1","2898951","2899259","31","131930370"
"chr9","134908309","134908609","KN296594v1","1081655","1081953","37","133826654"
"chr9","134922309","134922604","KN295459v1","1498869","1499159","41","133423440"
"chr9","134940054","134940365","KN295962v1","1921217","1921530","43","133018837"
"chr9","134994489","134994819","KN297008v1","2756538","2756843","46","132237951"
"chr9","135008105","135008408","KN297008v1","2743729","2744025","33","132264376"
"chr9","135015180","135015461","KN296135v1","11889","12172","38","135003291"
"chr9","135015941","135016239","KN297190v1","6025254","6025553","32","128990687"
"chr9","135049386","135049694","KN295667v1","1687893","1688204","41","133361493"
"chr9","135092882","135093170","KN295459v1","668016","668299","40","134424866"
"chr9","135121842","135122125","KN297008v1","2604929","2605218","26","132516913"
"chr9","135135933","135136237","KN295573v1","1180819","1181113","38","133955114"
"chr9","135334650","135334948","KN294539v1","2320327","2320629","39","133014323"
"chr9","135385616","135385705","KN294251v1","2056929","2057009","22","133328687"
"chr9","135408721","135408980","KN297008v1","2309734","2309988","26","133098987"
"chr9","135533646","135533950","KN294991v1","966174","966473","38","134567472"
"chr9","135537395","135537693","KN297008v1","2178250","2178549","32","133359145"
"chr9","135581968","135582267","KN294346v1","271830","272127","37","135310138"
"chr9","135608633","135608940","KN296934v1","897698","898003","35","134710935"
"chr9","135655252","135655567","KN297046v1","2099842","2100156","46","133555410"
"chr9","135665928","135666215","KN294193v1","246541","246831","38","135419387"
"chr9","135744407","135744710","KN296357v1","356792","357093","34","135387615"
"chr9","135984633","135984935","KN295748v1","283051","283352","30","135701582"
"chr9","136159397","136159643","KN297008v1","1686641","1686878","30","134472756"
"chr9","136242039","136242335","KN294588v1","494059","494353","29","135747980"
"chr9","136246009","136246318","KN296404v1","1938458","1938769","34","134307551"
"chr9","136302059","136302232","KN295708v1","801045","801213","27","135501014"
"chr9","136302795","136303097","KN297008v1","1531344","1531649","28","134771451"
"chr9","136303410","136303719","KN297008v1","1530720","1531031","38","134772690"
"chr9","136352460","136352781","KN297008v1","1459260","1459576","47","134893200"
"chr9","136447219","136447521","KN294917v1","407238","407538","37","136039981"
"chr9","136456782","136457088","KN297008v1","1349878","1350174","52","135106904"
"chr9","136465788","136466086","KN297008v1","1339017","1339315","20","135126771"
"chr9","136480181","136480482","KN296528v1","1436873","1437172","36","135043308"
"chr9","136525382","136525685","KN294842v1","1265659","1265968","47","135259723"
"chr9","136563778","136564085","KN295114v1","20941","21251","34","136542837"
"chr9","136894041","136894354","KN297008v1","920857","921158","39","135973184"
"chr9","136964711","136964996","KN295302v1","134724","135005","32","136829987"
"chr9","137019180","137019490","KN295171v1","675269","675580","36","136343911"
"chr9","137128590","137128801","KN295294v1","2486587","2486823","48","134642003"
"chr9","137201108","137201424","KN297008v1","622265","622577","30","136578843"
"chr9","137225737","137226034","KN297008v1","600526","600826","32","136625211"
"chr9","137257768","137258097","KN297008v1","561155","561484","31","136696613"
"chr9","137264595","137264893","KN294399v1","151738","152035","36","137112857"
"chr9","137307314","137307611","KN295439v1","175570","175868","33","137131744"
"chr9","137398093","137398389","KN296019v1","457522","457817","34","136940571"
"chr9","137427424","137427723","KN294399v1","151738","152035","34","137275686"
"chr9","137556525","137556836","KN297008v1","259247","259557","34","137297278"
"chr9","137592765","137593079","KN297008v1","221263","221574","32","137371502"
"chr9","137750117","137750410","KN297017v1","22132","22429","27","137727985"
"chr9","137754988","137755267","KN294911v1","2939258","2939539","41","134815730"
"chrX","9699273","9699449","KN296311v1","6345971","6346144","31","3353302"
"chrX","101580586","101580867","KN294539v1","297860","298139","46","101282726"
"chrX","124518115","124518426","KN294561v1","1005451","1005751","49","123512664"
"chrX","130809752","130810027","KN296588v1","521340","521610","47","130288412"
"chrX","77875","78065","KN295045v1","767841","768030","33","689966"
"chrX","244319","244597","KN295940v1","167693","167976","37","76626"
"chrX","261363","261644","KN297165v1","2142264","2142532","53","1880901"
"chrX","269826","269968","KN295725v1","1376133","1376269","24","1106307"
"chrX","272858","273159","KN296859v1","895216","895514","35","622358"
"chrX","287038","287337","KN294536v1","876819","877120","38","589781"
"chrX","301128","301404","KN295936v1","30401","30674","36","270727"
"chrX","302497","302660","KN295983v1","1560322","1560482","28","1257825"
"chrX","304468","304757","KN296153v1","91872","92161","35","212596"
"chrX","323388","323688","KN294976v1","1034810","1035111","39","711422"
"chrX","332624","332922","KN294662v1","79885","80185","37","252739"
"chrX","333310","333614","KN296311v1","5092316","5092620","37","4759006"
"chrX","340767","341059","KN295854v1","1623153","1623446","34","1282386"
"chrX","385821","386110","KN296153v1","3677943","3678242","43","3292122"
"chrX","396685","396985","KN296731v1","1681432","1681735","35","1284747"
"chrX","397009","397320","KN295236v1","3424373","3424682","35","3027364"
"chrX","403258","403556","KN294539v1","761382","761684","47","358124"
"chrX","408816","409107","KN297008v1","1975388","1975682","39","1566572"
"chrX","703394","703694","KN296357v1","356792","357093","34","346602"
"chrX","715494","715786","KN295974v1","4154496","4154780","39","3439002"
"chrX","738094","738379","KN297050v1","124621","124904","46","613473"
"chrX","778889","779202","KN294187v1","1346864","1347175","38","567975"
"chrX","779235","779558","KN296308v1","871499","871827","43","92264"
"chrX","780702","781010","KN296357v1","356792","357093","37","423910"
"chrX","785361","785655","KN295735v1","510311","510608","35","275050"
"chrX","1523603","1523735","KN297219v1","31603","31740","20","1492000"
"chrX","1523857","1524007","KN294879v1","123839","123978","25","1400018"
"chrX","1587082","1587385","KN296732v1","2013890","2014190","36","426808"
"chrX","1649355","1649642","KN295925v1","4839","5138","61","1644516"
"chrX","1649731","1649887","KN295984v1","2661539","2661699","22","1011808"
"chrX","1847379","1847681","KN295022v1","1034983","1035287","48","812396"
"chrX","1963580","1963884","KN295667v1","1687893","1688204","40","275687"
"chrX","1999703","1999998","KN295907v1","1253096","1253393","32","746607"
"chrX","2032398","2032702","KN295735v1","1395496","1395791","36","636902"
"chrX","2242693","2243000","KN295413v1","22638","22943","33","2220055"
"chrX","2247810","2248121","KN295114v1","20941","21251","31","2226869"
"chrX","2253320","2253438","KN296119v1","4358460","4358574","17","2105140"
"chrX","2253723","2253835","KN295671v1","106018","106131","15","2147705"
"chrX","2258566","2258875","KN295735v1","1577821","1578125","35","680745"
"chrX","2262122","2262428","KN294717v1","238364","238666","44","2023758"
"chrX","2272597","2272906","KN296075v1","565878","566186","45","1706719"
"chrX","2273733","2274031","KN296096v1","3183138","3183434","37","909405"
"chrX","2339234","2339489","KN294325v1","1309870","1310113","37","1029364"
"chrX","2354148","2354459","KN296365v1","1588024","1588336","46","766124"
"chrX","2369802","2370098","KN296536v1","39012","39307","35","2330790"
"chrX","2375344","2375649","KN294539v1","2320327","2320629","36","55017"
"chrX","2382343","2382631","KN294287v1","962698","962991","55","1419645"
"chrX","2386363","2386664","KN295236v1","867431","867737","46","1518932"
"chrX","2394272","2394567","KN296747v1","35746","36041","36","2358526"
"chrX","2396869","2397144","KN295835v1","204032","204310","35","2192837"
"chrX","2407160","2407468","KN295735v1","1743678","1743989","29","663482"
"chrX","2420288","2420542","KN295735v1","1758122","1758365","29","662166"
"chrX","2421875","2422178","KN296075v1","437481","437780","37","1984394"
"chrX","2563831","2564131","KN295315v1","360280","360581","42","2203551"
"chrX","2579143","2579444","KN295573v1","646494","646793","34","1932649"
"chrX","2607544","2607825","KN297219v1","1672011","1672284","42","935533"
"chrX","2630327","2630627","KN294172v1","6084365","6084668","53","3454038"
"chrX","2700642","2700936","KN296864v1","2681250","2681547","35","19392"
"chrX","2744319","2744611","KN297227v1","646758","647052","31","2097561"
"chrX","2837162","2837513","KN296311v1","4383833","4384172","63","1546671"
"chrX","2917434","2917721","KN296682v1","5162407","5162700","36","2244973"
"chrX","3375308","3375602","KN296096v1","3183138","3183434","34","192170"
"chrX","3452296","3452597","KN295236v1","1109717","1110018","47","2342579"
"chrX","3481608","3481843","KN297375v1","286081","286336","44","3195527"
"chrX","3634746","3635043","KN297197v1","3714860","3715153","38","80114"
"chrX","3635524","3635826","KN294758v1","374673","374971","37","3260851"
"chrX","3686862","3687163","KN296311v1","3721408","3721707","31","34546"
"chrX","3693411","3693710","KN295731v1","53400","53702","24","3640011"
"chrX","4077929","4078225","KN296153v1","3677943","3678242","38","399986"
"chrX","4119819","4120128","KN295059v1","336835","337145","36","3782984"
"chrX","4303616","4303922","KN295983v1","1536250","1536551","26","2767366"
"chrX","4450101","4450399","KN294407v1","93660","93961","30","4356441"
"chrX","4454139","4454427","KN297165v1","1143723","1144010","32","3310416"
"chrX","4597153","4597461","KN295114v1","20941","21251","34","4576212"
"chrX","4870225","4870537","KN295869v1","284557","284865","34","4585668"
"chrX","4903307","4903556","KN295883v1","858914","859162","35","4044393"
"chrX","5049160","5049450","KN297323v1","170691","170981","32","4878469"
"chrX","5155568","5155876","KN296893v1","153963","154279","38","5001605"
"chrX","5176416","5176724","KN294451v1","576228","576536","32","4600188"
"chrX","5282788","5283085","KN295349v1","43909","44205","38","5238879"
"chrX","5333694","5334003","KN295022v1","123209","123517","38","5210485"
"chrX","5455100","5455413","KN296145v1","2759462","2759771","38","2695638"
"chrX","5640070","5640378","KN294711v1","903939","904247","38","4736131"
"chrX","5830424","5830720","KN297044v1","545114","545411","30","5285310"
"chrX","5887811","5888100","KN295907v1","2257700","2257990","40","3630111"
"chrX","6143216","6143504","KN296133v1","239214","239508","39","5904002"
"chrX","6305981","6306256","KN296513v1","1339873","1340152","42","4966108"
"chrX","6317579","6317857","KN296201v1","1000953","1001240","47","5316626"
"chrX","6379850","6380159","KN296732v1","2013890","2014190","36","4365960"
"chrX","6792011","6792313","KN296747v1","35746","36041","42","6756265"
"chrX","6924087","6924324","KN294949v1","1102235","1102466","45","5821852"
"chrX","6924582","6924653","KN295236v1","4077269","4077336","16","2847313"
"chrX","7133299","7133620","KN295176v1","34358","34673","46","7098941"
"chrX","7255216","7255522","KN294758v1","2177308","2177606","34","5077908"
"chrX","7742787","7743030","KN296009v1","1457496","1457742","42","6285291"
"chrX","7858363","7858667","KN297023v1","934115","934421","40","6924248"
"chrX","7863807","7864117","KN297322v1","1153290","1153598","36","6710517"
"chrX","7867189","7867506","KN295871v1","866117","866427","39","7001072"
"chrX","8027694","8027971","KN294161v1","590477","590758","44","7437217"
"chrX","8050892","8051201","KN295667v1","1687893","1688204","36","6362999"
"chrX","8435520","8435829","KN295500v1","11848","12149","20","8423672"
"chrX","8593737","8594043","KN294662v1","79885","80185","36","8513852"
"chrX","8709525","8709809","KN295090v1","1165047","1165331","33","7544478"
"chrX","8727551","8727673","KN294501v1","6326","6446","19","8721225"
"chrX","8741036","8741342","KN295114v1","20941","21251","34","8720095"
"chrX","8936447","8936736","KN295225v1","852978","853269","34","8083469"
"chrX","9015392","9015686","KN294899v1","1229956","1230252","39","7785436"
"chrX","9162489","9162757","KN297008v1","2640522","2640786","33","6521967"
"chrX","9297501","9297799","KN295907v1","1253096","1253393","40","8044405"
"chrX","9302830","9303108","KN296101v1","64598","64878","26","9238232"
"chrX","9304214","9304510","KN295919v1","100991","101296","43","9203223"
"chrX","9359425","9359712","KN297322v1","1385103","1385393","30","7974322"
"chrX","9412699","9413006","KN296596v1","9366","9670","34","9403333"
"chrX","9413316","9413613","KN294444v1","57733","58029","35","9355583"
"chrX","9470816","9471119","KN294208v1","853291","853593","40","8617525"
"chrX","9587948","9588264","KN296404v1","1938458","1938769","40","7649490"
"chrX","9647830","9648139","KN294613v1","718920","719228","38","8928910"
"chrX","9652655","9652961","KN294705v1","1582720","1583032","42","8069935"
"chrX","9669864","9670198","KN295936v1","1040084","1040396","60","8629780"
"chrX","9725333","9725637","KN296883v1","3048168","3048472","35","6677165"
"chrX","9757576","9757888","KN294499v1","1948987","1949299","45","7808589"
"chrX","9774134","9774435","KN295523v1","985733","986032","31","8788401"
"chrX","9961083","9961380","KN296528v1","1436873","1437172","35","8524210"
"chrX","10070972","10071266","KN296322v1","1982694","1982989","31","8088278"
"chrX","10352922","10353214","KN297245v1","2526505","2526798","36","7826417"
"chrX","10613882","10614103","KN296311v1","3650206","3650424","32","6963676"
"chrX","10694369","10694670","KN294806v1","998248","998555","43","9696121"
"chrX","11009603","11009918","KN294991v1","516330","516639","44","10493273"
"chrX","11026469","11026784","KN297133v1","419676","419981","40","10606793"
"chrX","11251208","11251465","KN295379v1","21005","21269","25","11230203"
"chrX","11252401","11252713","KN294705v1","1582720","1583032","35","9669681"
"chrX","11486534","11486834","KN295308v1","2248993","2249293","38","9237541"
"chrX","11559342","11559637","KN294739v1","616485","616779","39","10942857"
"chrX","11727854","11728143","KN297322v1","1385103","1385393","35","10342751"
"chrX","12595520","12595826","KN294917v1","324485","324796","36","12271035"
"chrX","12622296","12622598","KN295983v1","1664954","1665256","25","10957342"
"chrX","12669534","12669821","KN296934v1","932872","933151","43","11736662"
"chrX","12678088","12678183","KN295171v1","431387","431483","14","12246701"
"chrX","12680491","12680805","KN296657v1","64807","65116","44","12615684"
"chrX","12694446","12694740","KN296322v1","1334297","1334592","38","11360149"
"chrX","12711135","12711235","KN294685v1","756427","756531","14","11954708"
"chrX","12785138","12785439","KN295501v1","1005257","1005557","33","11779881"
"chrX","12786679","12786970","KN296747v1","35746","36041","33","12750933"
"chrX","12820631","12820914","KN295717v1","1870440","1870724","38","10950191"
"chrX","12889359","12889659","KN296153v1","3677943","3678242","30","9211416"
"chrX","13003326","13003639","KN294932v1","178844","179137","44","12824482"
"chrX","13346799","13347089","KN297165v1","1143723","1144010","35","12203076"
"chrX","13560262","13560574","KN295637v1","154827","155135","37","13405435"
"chrX","13611303","13611594","KN296145v1","1500265","1500556","37","12111038"
"chrX","13661193","13661479","KN296205v1","756673","756959","36","12904520"
"chrX","13852905","13853191","KN296474v1","233849","234136","37","13619056"
"chrX","13868409","13868707","KN295722v1","1562392","1562691","35","12306017"
"chrX","13925853","13926140","KN296096v1","3187219","3187506","30","10738634"
"chrX","13948132","13948460","KN295667v1","1687893","1688204","53","12260239"
"chrX","14771048","14771358","KN297403v1","93245","93543","36","14677803"
"chrX","14830066","14830362","KN296153v1","3677943","3678242","29","11152123"
"chrX","14962686","14962986","KN294172v1","6860683","6860986","37","8102003"
"chrX","15001548","15001859","KN295988v1","500728","501042","31","14500820"
"chrX","15287092","15287371","KN296004v1","554934","555218","31","14732158"
"chrX","15350996","15351254","KN296004v1","497955","498218","21","14853041"
"chrX","15351407","15351493","KN296573v1","17183","17267","16","15334224"
"chrX","15409974","15410232","KN296004v1","497955","498218","21","14912019"
"chrX","15410378","15410471","KN294911v1","2591277","2591367","18","12819101"
"chrX","15417576","15417876","KN296004v1","492900","493207","28","14924676"
"chrX","15550251","15550545","KN295039v1","323671","323967","32","15226580"
"chrX","15658057","15658355","KN296004v1","249105","249401","21","15408952"
"chrX","15739215","15739524","KN296004v1","162692","162991","24","15576523"
"chrX","15831760","15832063","KN294917v1","618557","618860","26","15213203"
"chrX","15926539","15926708","KN294456v1","1251593","1251759","24","14674946"
"chrX","15943398","15943712","KN294239v1","153759","154060","42","15789639"
"chrX","15946865","15947178","KN295634v1","230980","231291","37","15715885"
"chrX","15971888","15972186","KN295236v1","231341","231639","33","15740547"
"chrX","16090282","16090594","KN294387v1","2599087","2599393","38","13491195"
"chrX","16131289","16131602","KN295633v1","264317","264628","40","15866972"
"chrX","16393532","16393830","KN297230v1","1127269","1127564","27","15266263"
"chrX","16526107","16526418","KN294806v1","835206","835511","41","15690901"
"chrX","16547295","16547630","KN295005v1","467698","468033","39","16079597"
"chrX","16732080","16732384","KN294591v1","102703","103003","36","16629377"
"chrX","16761306","16761601","KN295705v1","1369810","1370111","55","15391496"
"chrX","16787482","16787786","KN296357v1","706115","706421","29","16081367"
"chrX","16800381","16800686","KN294790v1","2757948","2758248","40","14042433"
"chrX","16832861","16833172","KN296406v1","470066","470382","36","16362795"
"chrX","16837495","16837795","KN296153v1","3677943","3678242","41","13159552"
"chrX","16840280","16840580","KN295855v1","21394","21692","27","16818886"
"chrX","16842305","16842617","KN294561v1","643982","644294","36","16198323"
"chrX","16856106","16856434","KN297046v1","1807384","1807722","55","15048722"
"chrX","16871065","16871360","KN296481v1","239958","240249","24","16631107"
"chrX","16872280","16872590","KN295667v1","1687893","1688204","33","15184387"
"chrX","16876682","16876988","KN296481v1","245540","245845","28","16631142"
"chrX","16894105","16894414","KN296481v1","263678","263991","25","16630427"
"chrX","16900110","16900411","KN294407v1","249623","249924","32","16650487"
"chrX","16906622","16906929","KN294407v1","2595440","2595750","45","14311182"
"chrX","16911272","16911576","KN297133v1","419676","419981","37","16491596"
"chrX","16939431","16939714","KN296481v1","304556","304856","45","16634875"
"chrX","17027677","17027980","KN296036v1","1076601","1076901","40","15951076"
"chrX","17033469","17033770","KN296481v1","390861","391165","24","16642608"
"chrX","17047411","17047710","KN296481v1","409639","409925","29","16637772"
"chrX","17080325","17080638","KN295112v1","343212","343513","44","16737113"
"chrX","17087367","17087614","KN296306v1","1562949","1563189","44","15524418"
"chrX","17157188","17157494","KN295117v1","272158","272456","42","16885030"
"chrX","17245297","17245599","KN295236v1","4576569","4576870","38","12668728"
"chrX","17247557","17247835","KN294521v1","570667","570940","40","16676890"
"chrX","17380599","17380913","KN295114v1","20941","21251","38","17359658"
"chrX","17410980","17411287","KN294741v1","893369","893677","33","16517611"
"chrX","17470997","17471290","KN296712v1","16206","16501","34","17454791"
"chrX","17529915","17530201","KN294700v1","208419","208699","32","17321496"
"chrX","17537041","17537346","KN294991v1","966174","966473","34","16570867"
"chrX","17754154","17754434","KN296108v1","63524","63807","41","17690630"
"chrX","18366508","18366810","KN295397v1","36031","36334","25","18330477"
"chrX","18405809","18406051","KN296702v1","992798","993032","48","17413011"
"chrX","18521527","18521824","KN295102v1","291893","292194","36","18229634"
"chrX","18536840","18537145","KN295294v1","3132769","3133075","36","15404071"
"chrX","18559989","18560289","KN295112v1","343212","343513","26","18216777"
"chrX","18560665","18560986","KN296486v1","1315197","1315517","39","17245468"
"chrX","18561613","18561924","KN294172v1","2162488","2162800","36","16399125"
"chrX","18562518","18562824","KN294513v1","614988","615293","32","17947530"
"chrX","18596966","18597263","KN294239v1","556738","557036","28","18040228"
"chrX","18615379","18615644","KN294521v1","570667","570940","40","18044712"
"chrX","18620971","18621266","KN295566v1","283144","283441","35","18337827"
"chrX","18625425","18625717","KN295566v1","279627","279923","31","18345798"
"chrX","18630877","18631177","KN294172v1","4623261","4623567","38","14007616"
"chrX","18632755","18633051","KN296922v1","753461","753755","28","17879294"
"chrX","18648669","18648942","KN295523v1","1358594","1358868","46","17290075"
"chrX","18675908","18676218","KN295566v1","228648","228946","38","18447260"
"chrX","18688876","18689177","KN296153v1","362438","362739","38","18326438"
"chrX","18691217","18691511","KN294172v1","4321534","4321833","37","14369683"
"chrX","18720427","18720726","KN296153v1","3677943","3678242","35","15042484"
"chrX","18776742","18777039","KN296153v1","3677943","3678242","33","15098799"
"chrX","18836230","18836522","KN295962v1","1793684","1793973","29","17042546"
"chrX","18848300","18848607","KN295725v1","1918057","1918367","35","16930243"
"chrX","18868885","18869192","KN294717v1","373979","374286","35","18494906"
"chrX","18905081","18905381","KN294218v1","2831459","2831758","32","16073622"
"chrX","18907298","18907598","KN296746v1","3716","4016","22","18903582"
"chrX","18940008","18940319","KN294741v1","957024","957333","37","17982984"
"chrX","18941087","18941391","KN295708v1","1331487","1331787","40","17609600"
"chrX","18974730","18974888","KN295034v1","331200","331360","26","18643530"
"chrX","18995094","18995341","KN295566v1","57819","58064","66","18937275"
"chrX","19008999","19009297","KN296096v1","2319515","2319813","42","16689484"
"chrX","19019128","19019433","KN294387v1","2599087","2599393","39","16420041"
"chrX","19034188","19034496","KN295667v1","1687893","1688204","41","17346295"
"chrX","19138462","19138700","KN294325v1","1309870","1310113","37","17828592"
"chrX","19139954","19140250","KN295594v1","216137","216432","28","18923817"
"chrX","19151722","19151999","KN294842v1","1752401","1752693","46","17399321"
"chrX","19176390","19176692","KN295594v1","253907","254210","28","18922483"
"chrX","19198519","19198823","KN295667v1","1687893","1688204","43","17510626"
"chrX","19210162","19210463","KN295096v1","2124655","2124956","32","17085507"
"chrX","19266990","19267288","KN295112v1","343212","343513","31","18923778"
"chrX","19339685","19339977","KN294407v1","2733858","2734151","39","16605827"
"chrX","19363683","19363969","KN295717v1","1514947","1515232","34","17848736"
"chrX","19532786","19533085","KN295236v1","4576569","4576870","36","14956217"
"chrX","19536478","19536781","KN296588v1","801180","801474","35","18735298"
"chrX","19619674","19619965","KN295671v1","101483","101768","42","19518191"
"chrX","19632972","19633283","KN296403v1","558918","559229","36","19074054"
"chrX","19654757","19655069","KN296404v1","3649861","3650165","49","16004896"
"chrX","19683092","19683402","KN295725v1","1996226","1996536","36","17686866"
"chrX","19685253","19685549","KN296865v1","906008","906304","31","18779245"
"chrX","19709374","19709675","KN296900v1","121631","121934","30","19587743"
"chrX","19743882","19744188","KN294842v1","473025","473335","28","19270857"
"chrX","19766491","19766777","KN294292v1","223216","223503","28","19543275"
"chrX","19918038","19918360","KN294181v1","930133","930441","37","18987905"
"chrX","19959086","19959381","KN294592v1","1319879","1320174","40","18639207"
"chrX","20029331","20029573","KN295666v1","1397304","1397545","51","18632027"
"chrX","20061352","20061654","KN295236v1","4576569","4576870","33","15484783"
"chrX","20082991","20083295","KN295171v1","580889","581191","36","19502102"
"chrX","20114351","20114575","KN296859v1","1870551","1870779","41","18243800"
"chrX","20121652","20121955","KN296153v1","3677943","3678242","33","16443709"
"chrX","20123017","20123330","KN296290v1","395377","395681","37","19727640"
"chrX","20182891","20183201","KN295667v1","1687893","1688204","39","18494998"
"chrX","20314844","20315149","KN296153v1","3677943","3678242","45","16636901"
"chrX","20339088","20339381","KN295930v1","766325","766615","32","19572763"
"chrX","20385433","20385723","KN296075v1","154187","154480","35","20231246"
"chrX","20395419","20395732","KN295114v1","20941","21251","43","20374478"
"chrX","20398162","20398449","KN296311v1","715482","715765","42","19682680"
"chrX","20428823","20429120","KN294239v1","334831","335118","36","20093992"
"chrX","20466691","20466996","KN295667v1","1687893","1688204","42","18778798"
"chrX","20580845","20581155","KN294387v1","2599087","2599393","32","17981758"
"chrX","20593412","20593651","KN294949v1","1155196","1155434","42","19438216"
"chrX","20599592","20599888","KN294470v1","881306","881602","32","19718286"
"chrX","20635664","20635778","KN295893v1","6291458","6291574","15","14344206"
"chrX","20636068","20636176","KN296305v1","640505","640615","17","19995563"
"chrX","21336915","21337225","KN294292v1","56123","56434","35","21280792"
"chrX","21711523","21711824","KN296526v1","295800","296102","34","21415723"
"chrX","22072092","22072342","KN296749v1","546463","546718","42","21525629"
"chrX","22105226","22105503","KN297203v1","1163390","1163667","34","20941836"
"chrX","22126769","22127062","KN294521v1","532969","533272","30","21593800"
"chrX","22218677","22218970","KN294521v1","442379","442669","29","21776298"
"chrX","22278951","22279258","KN297153v1","1366929","1367240","43","20912022"
"chrX","22279436","22279722","KN297008v1","1975388","1975682","39","20304048"
"chrX","22388076","22388384","KN295257v1","443937","444244","31","21944139"
"chrX","22598408","22598672","KN296036v1","213048","213309","39","22385360"
"chrX","22750455","22750746","KN295319v1","147659","147950","35","22602796"
"chrX","22917182","22917464","KN294513v1","150959","151244","35","22766223"
"chrX","23093559","23093870","KN294407v1","2595440","2595750","40","20498119"
"chrX","23328751","23329053","KN296732v1","2013890","2014190","40","21314861"
"chrX","23362036","23362341","KN295667v1","1687893","1688204","38","21674143"
"chrX","23362350","23362677","KN297133v1","419676","419981","53","22942674"
"chrX","23487612","23487918","KN297290v1","221534","221829","39","23266078"
"chrX","23598204","23598505","KN297290v1","104869","105178","26","23493335"
"chrX","23874960","23875263","KN294387v1","2599087","2599393","38","21275873"
"chrX","23929461","23929763","KN295983v1","1536250","1536551","37","22393211"
"chrX","23932472","23932782","KN294717v1","373979","374286","36","23558493"
"chrX","23943049","23943351","KN294439v1","257473","257771","27","23685576"
"chrX","23954774","23955079","KN294439v1","269158","269457","24","23685616"
"chrX","23969639","23969944","KN295666v1","288626","288934","41","23681013"
"chrX","23978160","23978451","KN294995v1","61376","61672","32","23916784"
"chrX","23991890","23992169","KN296495v1","2252575","2252859","39","21739315"
"chrX","24001466","24001741","KN294439v1","301551","301816","21","23699915"
"chrX","24063706","24064014","KN295350v1","243779","244085","39","23819927"
"chrX","24087509","24087809","KN297322v1","1296535","1296832","31","22790974"
"chrX","24090417","24090717","KN294758v1","2268406","2268708","37","21822011"
"chrX","24095566","24095876","KN297317v1","20735","21043","28","24074831"
"chrX","24102644","24102933","KN295633v1","313473","313764","35","23789171"
"chrX","24107922","24108222","KN296357v1","356792","357093","31","23751130"
"chrX","24145811","24146085","KN296726v1","523081","523357","33","23622730"
"chrX","24148979","24149278","KN295983v1","1536250","1536551","28","22612729"
"chrX","24150602","24150690","KN294711v1","239718","239811","22","23910884"
"chrX","24156810","24157106","KN296557v1","709141","709435","29","23447669"
"chrX","24173319","24173612","KN296404v1","106219","106515","38","24067100"
"chrX","24288213","24288520","KN296281v1","60300","60607","37","24227913"
"chrX","24289483","24289762","KN295096v1","2124655","2124956","45","22164828"
"chrX","24293343","24293640","KN295995v1","1982332","1982629","37","22311011"
"chrX","24308398","24308689","KN295995v1","2001765","2002054","29","22306633"
"chrX","24312659","24312860","KN294372v1","194788","194992","34","24117871"
"chrX","24331053","24331338","KN296635v1","4770618","4770901","35","19560435"
"chrX","24334399","24334710","KN294790v1","1555084","1555390","40","22779315"
"chrX","24334716","24335017","KN296430v1","444033","444342","35","23890683"
"chrX","24339908","24339976","KN294949v1","1154722","1154795","13","23185186"
"chrX","24340870","24341019","KN297046v1","1887331","1887475","25","22453539"
"chrX","24345774","24346102","KN296036v1","1051362","1051698","47","23294412"
"chrX","24374253","24374513","KN294444v1","3297","3556","30","24370956"
"chrX","24424345","24424639","KN297046v1","2791168","2791468","32","21633177"
"chrX","24445270","24445546","KN295637v1","558708","558981","52","23886562"
"chrX","24451134","24451444","KN295988v1","954829","955141","39","23496305"
"chrX","24484878","24485175","KN295692v1","1562388","1562681","39","22922490"
"chrX","24492559","24492816","KN296201v1","586124","586387","36","23906435"
"chrX","24513322","24513621","KN296495v1","2056834","2057132","34","22456488"
"chrX","24552038","24552340","KN297133v1","419676","419981","32","24132362"
"chrX","24634156","24634440","KN295294v1","334706","334991","33","24299450"
"chrX","24687571","24687882","KN294172v1","835311","835619","36","23852260"
"chrX","24689821","24690132","KN296547v1","713658","713962","36","23976163"
"chrX","24730590","24730885","KN295984v1","974577","974872","29","23756013"
"chrX","24778739","24779047","KN296036v1","2421899","2422212","41","22356840"
"chrX","24812095","24812230","KN295854v1","732069","732204","15","24080026"
"chrX","24835215","24835460","KN294486v1","585631","585878","41","24249584"
"chrX","24871407","24871569","KN295142v1","1641038","1641177","49","23230369"
"chrX","24872495","24872632","KN295725v1","1376133","1376269","44","23496362"
"chrX","24876885","24877194","KN295667v1","1796551","1796859","32","23080334"
"chrX","24888318","24888549","KN296311v1","615311","615549","38","24273007"
"chrX","24888998","24889125","KN296312v1","462734","462860","15","24426264"
"chrX","24899081","24899377","KN295096v1","147679","147974","38","24751402"
"chrX","24915943","24916247","KN297038v1","1001144","1001443","33","23914799"
"chrX","24918730","24919028","KN296153v1","3677943","3678242","35","21240787"
"chrX","24927229","24927521","KN295984v1","974577","974872","28","23952652"
"chrX","24951140","24951448","KN296403v1","558918","559229","36","24392222"
"chrX","25010790","25011072","KN296306v1","883522","883801","42","24127268"
"chrX","25132521","25132814","KN294167v1","406704","406998","32","24725817"
"chrX","25132827","25133133","KN294571v1","1262449","1262752","59","23870378"
"chrX","25193243","25193518","KN295366v1","121408","121684","45","25071835"
"chrX","25263816","25264109","KN296153v1","91872","92161","27","25171944"
"chrX","25320793","25321088","KN294561v1","810685","810981","30","24510108"
"chrX","25333497","25333803","KN295708v1","952714","953021","38","24380783"
"chrX","25349825","25350114","KN294713v1","485096","485391","41","24864729"
"chrX","25351128","25351420","KN296658v1","14745","15037","36","25336383"
"chrX","25507235","25507528","KN297219v1","858424","858713","40","24648811"
"chrX","25594739","25595034","KN294439v1","72624","72920","35","25522115"
"chrX","25791744","25792040","KN297259v1","382961","383251","39","25408783"
"chrX","25956851","25956914","KN296065v1","251999","252062","11","25704852"
"chrX","25976310","25976603","KN294893v1","292677","292968","37","25683633"
"chrX","25981079","25981388","KN295605v1","712558","712868","33","25268521"
"chrX","26006678","26006985","KN295667v1","1687893","1688204","37","24318785"
"chrX","26161123","26161327","KN295405v1","56868","57077","34","26104255"
"chrX","26261948","26262263","KN296833v1","343804","344118","33","25918144"
"chrX","26334667","26334976","KN294571v1","1163489","1163797","42","25171178"
"chrX","26505910","26506213","KN295523v1","2519145","2519447","32","23986765"
"chrX","26652214","26652511","KN297046v1","2562618","2562921","31","24089596"
"chrX","26711636","26711753","KN296119v1","4358460","4358574","10","22353176"
"chrX","26814200","26814489","KN294536v1","1607732","1608024","37","25206468"
"chrX","26926899","26927197","KN295090v1","1657716","1658013","41","25269183"
"chrX","26973832","26974133","KN296153v1","3677943","3678242","33","23295889"
"chrX","26990053","26990356","KN296306v1","1093986","1094284","31","25896067"
"chrX","27051010","27051295","KN295282v1","366548","366835","34","26684462"
"chrX","27210740","27211021","KN294161v1","590477","590758","34","26620263"
"chrX","27314279","27314555","KN295282v1","109314","109586","26","27204965"
"chrX","27592926","27593224","KN294218v1","2831459","2831758","41","24761467"
"chrX","27667660","27667960","KN296580v1","3502","3804","30","27664158"
"chrX","27673062","27673370","KN296191v1","1208215","1208519","33","26464847"
"chrX","27687813","27688122","KN296381v1","91265","91569","50","27596548"
"chrX","27751737","27752022","KN294172v1","5655892","5656178","45","22095845"
"chrX","27870265","27870575","KN294326v1","28879","29191","37","27841386"
"chrX","27893618","27893916","KN297046v1","2791168","2791468","34","25102450"
"chrX","28090676","28090988","KN294387v1","2599087","2599393","40","25491589"
"chrX","28387701","28387986","KN296747v1","35746","36041","43","28351955"
"chrX","28480569","28480848","KN297445v1","1071685","1071957","36","27408884"
"chrX","28502889","28503185","KN295814v1","1158228","1158525","26","27344661"
"chrX","28513264","28513546","KN296609v1","672398","672674","32","27840866"
"chrX","28608572","28608882","KN294387v1","2599087","2599393","40","26009485"
"chrX","28651170","28651469","KN296153v1","3677943","3678242","35","24973227"
"chrX","28736643","28736956","KN294578v1","615670","615980","31","28120973"
"chrX","28752494","28752777","KN296847v1","1717536","1717819","41","27034958"
"chrX","28774380","28774698","KN294239v1","1577662","1577973","47","27196718"
"chrX","28803045","28803340","KN295854v1","1466288","1466586","38","27336757"
"chrX","28804225","28804526","KN295580v1","1390","1690","28","28802835"
"chrX","28821991","28822301","KN295382v1","230497","230807","37","28591494"
"chrX","28964072","28964378","KN296004v1","359490","359791","28","28604582"
"chrX","28968128","28968430","KN296795v1","248323","248624","35","28719805"
"chrX","29093369","29093644","KN295825v1","1745950","1746227","31","27347419"
"chrX","29166823","29167105","KN296682v1","4848071","4848353","34","24318752"
"chrX","29203364","29203643","KN297171v1","2607011","2607291","38","26596353"
"chrX","29209459","29209759","KN296153v1","3677943","3678242","31","25531516"
"chrX","29252981","29253290","KN297374v1","61845","62154","32","29191136"
"chrX","29277199","29277504","KN296153v1","3677943","3678242","58","25599256"
"chrX","29283789","29284081","KN296496v1","954391","954685","38","28329398"
"chrX","29287641","29287944","KN296859v1","1719114","1719417","37","27568527"
"chrX","29294013","29294333","KN297203v1","1796332","1796648","42","27497681"
"chrX","29298597","29298906","KN296381v1","91265","91569","32","29207332"
"chrX","29345638","29345941","KN295171v1","869545","869845","34","28476093"
"chrX","29382179","29382465","KN295022v1","486627","486913","38","28895552"
"chrX","29385493","29385779","KN297046v1","3346849","3347137","39","26038644"
"chrX","29594227","29594526","KN295236v1","3672786","3673083","36","25921441"
"chrX","29602841","29603143","KN294873v1","1327978","1328280","33","28274863"
"chrX","29622885","29623179","KN297314v1","117021","117312","28","29505864"
"chrX","29671676","29671986","KN296225v1","453833","454144","43","29217843"
"chrX","29857059","29857206","KN294181v1","1301795","1301938","17","28555264"
"chrX","29939749","29940087","KN296864v1","758980","759310","66","29180769"
"chrX","29945365","29945706","KN294739v1","260336","260663","55","29685029"
"chrX","29958237","29958534","KN296119v1","5113175","5113468","35","24845062"
"chrX","30031876","30032175","KN296075v1","653927","654222","33","29377949"
"chrX","30117828","30118093","KN296475v1","133725","133988","23","29984103"
"chrX","30142174","30142472","KN295523v1","296488","296786","36","29845686"
"chrX","30247047","30247171","KN297008v1","3595513","3595635","12","26651534"
"chrX","30247591","30247657","KN295034v1","429788","429850","17","29817803"
"chrX","30371342","30371644","KN297019v1","1233639","1233939","33","29137703"
"chrX","30404305","30404607","KN296948v1","1390511","1390817","41","29013794"
"chrX","30417364","30417671","KN294536v1","1027565","1027876","40","29389799"
"chrX","30536137","30536430","KN296508v1","388480","388764","45","30147657"
"chrX","30608924","30609220","KN294456v1","96834","97129","36","30512090"
"chrX","30677898","30678194","KN294385v1","101695","101993","35","30576203"
"chrX","30734493","30734791","KN294842v1","1112068","1112365","31","29622425"
"chrX","30746121","30746427","KN295114v1","20941","21251","36","30725180"
"chrX","30766873","30767175","KN295854v1","1710543","1710845","30","29056330"
"chrX","30767590","30767896","KN295869v1","284557","284865","33","30483033"
"chrX","30791710","30791988","KN295195v1","188697","188980","39","30603013"
"chrX","30820445","30820735","KN295996v1","20361","20642","45","30800084"
"chrX","30849526","30849824","KN295090v1","2057671","2057967","33","28791855"
"chrX","30874096","30874393","KN294385v1","335685","335986","24","30538411"
"chrX","30874600","30874899","KN297452v1","2323060","2323362","45","28551540"
"chrX","30880911","30881221","KN296019v1","178814","179119","35","30702097"
"chrX","30960252","30960564","KN296557v1","1135935","1136250","51","29824317"
"chrX","31030013","31030320","KN297274v1","62324","62636","36","30967689"
"chrX","31276234","31276540","KN294456v1","876419","876725","27","30399815"
"chrX","31446940","31447232","KN295236v1","4288094","4288382","38","27158846"
"chrX","31471008","31471304","KN296732v1","2013890","2014190","40","29457118"
"chrX","31541020","31541317","KN294561v1","1005451","1005751","53","30535569"
"chrX","31627382","31627694","KN294387v1","2599087","2599393","32","29028295"
"chrX","31637904","31638214","KN295667v1","1687893","1688204","32","29950011"
"chrX","31671730","31672037","KN294387v1","2599087","2599393","34","29072643"
"chrX","31672761","31673059","KN296938v1","814964","815264","35","30857797"
"chrX","31674896","31675193","KN296225v1","48853","49147","36","31626043"
"chrX","31745065","31745366","KN294524v1","61854","62146","35","31683211"
"chrX","31782070","31782395","KN296308v1","871499","871827","42","30910571"
"chrX","31901054","31901369","KN295114v1","20941","21251","37","31880113"
"chrX","31942386","31942704","KN294379v1","18487","18798","25","31923899"
"chrX","32057276","32057562","KN296936v1","91204","91490","15","31966072"
"chrX","32255271","32255343","KN296635v1","3788039","3788111","10","28467232"
"chrX","32255435","32255710","KN295601v1","2549094","2549367","42","29706341"
"chrX","32382971","32383251","KN294570v1","202062","202336","38","32180909"
"chrX","32452490","32452778","KN296588v1","801180","801474","37","31651310"
"chrX","32618335","32618634","KN295375v1","829500","829809","42","31788835"
"chrX","32671004","32671323","KN296311v1","4383833","4384172","79","28287171"
"chrX","32728833","32729134","KN296153v1","3677943","3678242","47","29050890"
"chrX","32820044","32820336","KN295906v1","7772","8065","37","32812272"
"chrX","32895060","32895369","KN295114v1","20941","21251","39","32874119"
"chrX","32935395","32935698","KN294662v1","79885","80185","37","32855510"
"chrX","33133338","33133645","KN295450v1","211545","211851","39","32921793"
"chrX","33235482","33235767","KN296864v1","1866135","1866421","37","31369347"
"chrX","33244135","33244433","KN296119v1","3368813","3369111","36","29875322"
"chrX","33353068","33353379","KN294407v1","2827717","2828029","36","30525351"
"chrX","33357347","33357653","KN295114v1","20941","21251","41","33336406"
"chrX","33363961","33364244","KN296643v1","511564","511844","36","32852397"
"chrX","33365523","33365795","KN297458v1","141328","141609","42","33224195"
"chrX","33369112","33369416","KN296153v1","3677943","3678242","46","29691169"
"chrX","33397006","33397150","KN295854v1","732069","732204","37","32664937"
"chrX","33399754","33400055","KN294172v1","6657386","6657682","37","26742368"
"chrX","33415820","33416114","KN295077v1","585208","585503","36","32830612"
"chrX","33434821","33435121","KN294387v1","2599087","2599393","39","30835734"
"chrX","33438297","33438592","KN296732v1","2013890","2014190","37","31424407"
"chrX","33496070","33496367","KN295893v1","6682980","6683283","37","26813090"
"chrX","33497043","33497354","KN295294v1","842343","842650","40","32654700"
"chrX","33509152","33509461","KN296864v1","783252","783562","32","32725900"
"chrX","33540233","33540520","KN294407v1","270000","270288","43","33270233"
"chrX","33571928","33572229","KN296732v1","2013890","2014190","31","31558038"
"chrX","33698692","33698996","KN295171v1","869545","869845","35","32829147"
"chrX","33778093","33778404","KN296153v1","3677943","3678242","34","30100150"
"chrX","33962466","33962757","KN295906v1","7772","8065","37","33954694"
"chrX","34087396","34087695","KN295171v1","869545","869845","31","33217851"
"chrX","34170877","34171188","KN295758v1","802122","802422","32","33368755"
"chrX","34411952","34412259","KN294387v1","2599087","2599393","39","31812865"
"chrX","34518555","34518839","KN295350v1","493114","493401","31","34025441"
"chrX","34652712","34653006","KN294739v1","616485","616779","37","34036227"
"chrX","34769885","34770168","KN295102v1","214886","215171","37","34554999"
"chrX","34933866","34934130","KN296606v1","85446","85722","36","34848420"
"chrX","35000940","35001240","KN296606v1","24947","25253","36","34975993"
"chrX","35103437","35103720","KN297369v1","109820","110106","49","34993617"
"chrX","35128438","35128738","KN294717v1","311839","312142","56","34816599"
"chrX","35195771","35196076","KN294717v1","373979","374286","39","34821792"
"chrX","35284953","35285264","KN295294v1","842343","842650","36","34442610"
"chrX","35337156","35337455","KN296969v1","129025","129322","30","35208131"
"chrX","35382572","35382880","KN295350v1","243779","244085","34","35138793"
"chrX","35459606","35459911","KN297133v1","419676","419981","33","35039930"
"chrX","35476667","35476974","KN295605v1","712558","712868","37","34764109"
"chrX","35493717","35494019","KN296859v1","1719114","1719417","38","33774603"
"chrX","35501589","35501886","KN294218v1","2831459","2831758","30","32670130"
"chrX","35814355","35814642","KN294239v1","334831","335118","43","35479524"
"chrX","35829396","35829687","KN295057v1","897213","897511","36","34932183"
"chrX","35872515","35872810","KN294911v1","3820095","3820391","34","32052420"
"chrX","35960330","35960631","KN296495v1","178283","178580","39","35782047"
"chrX","35962072","35962352","KN295302v1","134724","135005","41","35827348"
"chrX","35991467","35991767","KN295705v1","688267","688561","54","35303200"
"chrX","36084995","36085064","KN296877v1","160647","160722","18","35924348"
"chrX","36088835","36089141","KN294842v1","473025","473335","31","35615810"
"chrX","36110932","36111235","KN296277v1","104734","105038","31","36006198"
"chrX","36118940","36119235","KN294416v1","428342","428637","36","35690598"
"chrX","36126597","36126860","KN295936v1","886300","886561","40","35240297"
"chrX","36138595","36138900","KN294214v1","189551","189856","45","35949044"
"chrX","36241837","36242022","KN294172v1","4291556","4291738","32","31950281"
"chrX","36242109","36242213","KN295671v1","106018","106131","23","36136091"
"chrX","36514671","36514954","KN296492v1","103311","103591","27","36411360"
"chrX","36559601","36559911","KN296492v1","63487","63809","32","36496114"
"chrX","36658984","36659267","KN296492v1","103311","103591","27","36555673"
"chrX","36704017","36704327","KN296492v1","63487","63809","32","36640530"
"chrX","36872941","36873222","KN296732v1","3410986","3411273","38","33461955"
"chrX","36990843","36990995","KN295350v1","904782","904930","29","36086061"
"chrX","37080500","37080779","KN295077v1","391426","391711","49","36689074"
"chrX","37128629","37128932","KN296731v1","1681432","1681735","34","35447197"
"chrX","37161335","37161645","KN295820v1","372417","372708","49","36788918"
"chrX","37406820","37407011","KN296732v1","3692489","3692679","30","33714331"
"chrX","37464619","37464925","KN295577v1","167604","167912","33","37297015"
"chrX","37536282","37536527","KN297112v1","4672629","4672868","45","32863653"
"chrX","37820269","37820535","KN296883v1","1876555","1876830","44","35943714"
"chrX","37932418","37932684","KN296306v1","1446665","1446954","85","36485753"
"chrX","38048108","38048400","KN294536v1","1607732","1608024","31","36440376"
"chrX","38110196","38110351","KN296381v1","14948","15105","23","38095248"
"chrX","38220867","38221082","KN294842v1","1530256","1530465","44","36690611"
"chrX","38221669","38221767","KN295550v1","700167","700268","20","37521502"
"chrX","38256565","38256873","KN297317v1","20735","21043","36","38235830"
"chrX","38372287","38372593","KN294365v1","665653","665957","37","37706634"
"chrX","38601655","38601970","KN296505v1","87820","88127","37","38513835"
"chrX","38622971","38623269","KN294662v1","79885","80185","33","38543086"
"chrX","38649515","38649819","KN294387v1","2599087","2599393","36","36050428"
"chrX","38659857","38660152","KN295459v1","1614660","1614952","30","37045197"
"chrX","38700923","38701230","KN294539v1","761382","761684","33","37939541"
"chrX","38701433","38701744","KN295705v1","690925","691236","37","38010508"
"chrX","38743815","38744105","KN297144v1","447328","447614","42","38296487"
"chrX","38804972","38805276","KN296614v1","20754","21055","40","38784218"
"chrX","39011780","39011889","KN295767v1","54296","54406","18","38957484"
"chrX","40079734","40079993","KN294540v1","886155","886414","30","39193579"
"chrX","40134994","40135298","KN295459v1","219550","219848","34","39915444"
"chrX","40261845","40262125","KN295090v1","1165047","1165331","32","39096798"
"chrX","40382702","40383008","KN294539v1","761382","761684","28","39621320"
"chrX","40405849","40406043","KN297319v1","184222","184426","30","40221627"
"chrX","40406475","40406574","KN297154v1","1566524","1566631","20","38839951"
"chrX","40416431","40416715","KN295459v1","498339","498630","18","39918092"
"chrX","40422362","40422678","KN294705v1","1582720","1583032","47","38839642"
"chrX","40431175","40431482","KN296263v1","1125509","1125817","40","39305666"
"chrX","40500001","40500296","KN296101v1","64598","64878","56","40435403"
"chrX","40506090","40506387","KN296732v1","2013890","2014190","36","38492200"
"chrX","40564422","40564702","KN295459v1","643147","643422","21","39921275"
"chrX","40615200","40615511","KN296520v1","401670","401982","31","40213530"
"chrX","40626638","40626911","KN295523v1","4195930","4196206","41","36430708"
"chrX","40629533","40629676","KN297242v1","1362082","1362229","41","39267451"
"chrX","40630171","40630260","KN295893v1","7317944","7318033","12","33312227"
"chrX","40669309","40669613","KN297133v1","419676","419981","29","40249633"
"chrX","40677746","40677914","KN294443v1","194236","194400","24","40483510"
"chrX","40698253","40698564","KN295382v1","230497","230807","34","40467756"
"chrX","40782397","40782703","KN295459v1","863439","863734","36","39918958"
"chrX","40821391","40821563","KN295983v1","1560322","1560482","30","39261069"
"chrX","40898383","40898686","KN294161v1","682242","682548","38","40216141"
"chrX","40941803","40942116","KN294456v1","876419","876725","39","40065384"
"chrX","40945591","40945900","KN296062v1","1401199","1401512","27","39544392"
"chrX","40948399","40948436","KN294548v1","925285","925325","18","40023114"
"chrX","40948768","40948960","KN295042v1","1","188","33","40948767"
"chrX","40950484","40950638","KN296431v1","72328","72483","25","40878156"
"chrX","40957095","40957355","KN294588v1","536939","537199","38","40420156"
"chrX","40988338","40988638","KN295459v1","1097554","1097852","17","39890784"
"chrX","41073003","41073293","KN295459v1","1181341","1181635","33","39891662"
"chrX","41128940","41129036","KN294234v1","1670055","1670151","20","39458885"
"chrX","41150232","41150535","KN295459v1","1254866","1255169","25","39895366"
"chrX","41240789","41241098","KN294439v1","261107","261420","35","40979682"
"chrX","41286510","41286812","KN295459v1","1392556","1392861","31","39893954"
"chrX","41296534","41296828","KN296178v1","154894","155180","33","41141640"
"chrX","41351268","41351510","KN295758v1","865842","866093","41","40485426"
"chrX","41384346","41384644","KN295459v1","1498869","1499159","31","39885477"
"chrX","41424333","41424624","KN295459v1","1543442","1543739","31","39880891"
"chrX","41426532","41426829","KN296153v1","3677943","3678242","44","37748589"
"chrX","41434281","41434587","KN295459v1","1552885","1553193","27","39881396"
"chrX","41437220","41437534","KN296153v1","3677943","3678242","42","37759277"
"chrX","41459051","41459354","KN295112v1","343212","343513","34","41115839"
"chrX","41488062","41488349","KN295459v1","1614660","1614952","29","39873402"
"chrX","41525853","41526145","KN297205v1","282416","282702","38","41243437"
"chrX","41568577","41568885","KN294451v1","576228","576536","38","40992349"
"chrX","41614692","41614989","KN296406v1","22307","22601","27","41592385"
"chrX","41625605","41625913","KN296406v1","33233","33545","28","41592372"
"chrX","41665912","41666217","KN297133v1","419676","419981","32","41246236"
"chrX","41686748","41687040","KN294536v1","1607732","1608024","40","40079016"
"chrX","41711276","41711572","KN296153v1","3677943","3678242","31","38033333"
"chrX","41748973","41749274","KN296406v1","143641","143938","23","41605332"
"chrX","41774346","41774426","KN295315v1","750131","750212","18","41024215"
"chrX","41774852","41774986","KN296795v1","1955999","1956137","18","39818853"
"chrX","41831486","41831664","KN297452v1","2133171","2133357","52","39698315"
"chrX","41854135","41854441","KN296731v1","1681432","1681735","33","40172703"
"chrX","41870126","41870425","KN296747v1","35746","36041","36","41834380"
"chrX","41884971","41885278","KN296406v1","264522","264814","30","41620449"
"chrX","41891950","41892261","KN296406v1","268016","268320","25","41623934"
"chrX","41908231","41908529","KN295236v1","3672786","3673083","31","38235445"
"chrX","41917686","41917988","KN294229v1","97510","97813","35","41820176"
"chrX","42040648","42040947","KN296153v1","3677943","3678242","31","38362705"
"chrX","42059996","42060164","KN295302v1","340146","340305","32","41719850"
"chrX","42090831","42091138","KN294172v1","4761492","4761794","40","37329339"
"chrX","42096524","42096841","KN296406v1","470066","470382","24","41626458"
"chrX","42118761","42119070","KN294717v1","373979","374286","36","41744782"
"chrX","42145104","42145414","KN295047v1","44235","44544","36","42100869"
"chrX","42149252","42149346","KN296406v1","518868","518960","9","41630384"
"chrX","42162566","42162877","KN296406v1","531156","531464","25","41631410"
"chrX","42175463","42175731","KN296406v1","543220","543487","26","41632243"
"chrX","42177969","42178250","KN294539v1","2237731","2238018","41","39940238"
"chrX","42195117","42195419","KN296153v1","3677943","3678242","31","38517174"
"chrX","42212514","42212810","KN295708v1","1014721","1015018","34","41197793"
"chrX","42247966","42248266","KN296406v1","604153","604445","40","41643813"
"chrX","42339478","42339614","KN295350v1","1021853","1021981","20","41317625"
"chrX","42345981","42346274","KN296831v1","692544","692835","41","41653437"
"chrX","42361935","42362012","KN296573v1","17183","17267","13","42344752"
"chrX","42623112","42623313","KN295405v1","56868","57077","46","42566244"
"chrX","43404045","43404343","KN295114v1","20941","21251","41","43383104"
"chrX","43437811","43438117","KN295244v1","384903","385210","44","43052908"
"chrX","43497955","43498258","KN296311v1","6661730","6662032","43","36836225"
"chrX","43498889","43499169","KN295039v1","323671","323967","41","43175218"
"chrX","43520481","43520777","KN296495v1","2056834","2057132","33","41463647"
"chrX","43691941","43692236","KN294561v1","296837","297132","38","43395104"
"chrX","43725376","43725715","KN296138v1","388568","388863","70","43336808"
"chrX","43780063","43780376","KN295975v1","55386","55698","25","43724677"
"chrX","43781924","43782216","KN296011v1","392095","392387","37","43389829"
"chrX","43937944","43938249","KN295907v1","184749","185051","37","43753195"
"chrX","43973094","43973392","KN296311v1","3721408","3721707","32","40251686"
"chrX","43989869","43990165","KN294848v1","1408889","1409183","36","42580980"
"chrX","44079835","44080135","KN295523v1","2519145","2519447","30","41560690"
"chrX","44130756","44131069","KN294705v1","772747","773054","42","43358009"
"chrX","44132407","44132717","KN294218v1","2134447","2134756","47","41997960"
"chrX","44177583","44177881","KN295940v1","435614","435915","36","43741969"
"chrX","44195896","44196189","KN296062v1","2106200","2106493","35","42089696"
"chrX","44341335","44341645","KN296934v1","897698","898003","41","43443637"
"chrX","44543129","44543435","KN296905v1","97095","97383","50","44446034"
"chrX","44578897","44579211","KN296905v1","132842","133150","32","44446055"
"chrX","44587640","44587938","KN295523v1","2519145","2519447","33","42068495"
"chrX","44636141","44636446","KN296019v1","178814","179119","41","44457327"
"chrX","44643198","44643493","KN295523v1","296488","296786","31","44346710"
"chrX","44816998","44817265","KN295117v1","118666","118943","45","44698332"
"chrX","44869303","44869614","KN294387v1","2599087","2599393","43","42270216"
"chrX","44931238","44931520","KN295117v1","235890","236183","31","44695348"
"chrX","44942789","44942881","KN295004v1","76648","76734","16","44866141"
"chrX","44955615","44955923","KN294717v1","373979","374286","36","44581636"
"chrX","44983214","44983506","KN295117v1","285369","285672","30","44697845"
"chrX","44986709","44986956","KN294790v1","5699548","5699793","32","39287161"
"chrX","45001536","45001843","KN294387v1","2599087","2599393","36","42402449"
"chrX","45007670","45007974","KN295117v1","309122","309411","40","44698548"
"chrX","45027461","45027768","KN295667v1","1687893","1688204","25","43339568"
"chrX","45035353","45035655","KN294501v1","104788","105092","38","44930565"
"chrX","45055066","45055406","KN295708v1","1004323","1004641","58","44050743"
"chrX","45058703","45059012","KN296503v1","15343","15655","46","45043360"
"chrX","45071679","45071898","KN297050v1","179297","179516","24","44892382"
"chrX","45092613","45092905","KN294685v1","1072465","1072762","44","44020148"
"chrX","45121194","45121477","KN295940v1","167693","167976","38","44953501"
"chrX","45128308","45128392","KN296573v1","17183","17267","18","45111125"
"chrX","45130916","45131211","KN297050v1","118941","119241","25","45011975"
"chrX","45131673","45131808","KN295533v1","1134391","1134530","23","43997282"
"chrX","45144490","45144825","KN294365v1","1401774","1402095","56","43742716"
"chrX","45147927","45148107","KN297047v1","3576928","3577105","28","41570999"
"chrX","45176106","45176414","KN296948v1","1390511","1390817","35","43785595"
"chrX","45192548","45192841","KN294467v1","346596","346896","34","44845952"
"chrX","45201777","45202085","KN296948v1","1390511","1390817","35","43811266"
"chrX","45217214","45217512","KN295601v1","2895150","2895452","29","42322064"
"chrX","45228193","45228371","KN295236v1","5187090","5187265","20","40041103"
"chrX","45228912","45229192","KN297050v1","37723","38003","23","45191189"
"chrX","45233949","45234203","KN297050v1","31210","31463","20","45202739"
"chrX","45242773","45243048","KN295090v1","1428877","1429145","36","43813896"
"chrX","45244103","45244393","KN297046v1","2791168","2791468","47","42452935"
"chrX","45246818","45247109","KN294439v1","72624","72920","40","45174194"
"chrX","45261437","45261761","KN294539v1","2320327","2320629","49","42941110"
"chrX","45282675","45282964","KN294630v1","64496","64788","40","45218179"
"chrX","45286880","45287186","KN295501v1","1005257","1005557","36","44281623"
"chrX","45297847","45298162","KN295825v1","1228937","1229248","41","44068910"
"chrX","45307634","45307811","KN295236v1","5187090","5187265","27","40120544"
"chrX","45324647","45324917","KN295692v1","3518009","3518300","53","41806638"
"chrX","45326528","45326822","KN295907v1","1253096","1253393","38","44073432"
"chrX","45334648","45334992","KN296311v1","4383833","4384172","70","40950815"
"chrX","45350350","45350650","KN294287v1","470526","470826","43","44879824"
"chrX","45359322","45359613","KN295284v1","334381","334669","41","45024941"
"chrX","45426306","45426606","KN295112v1","319295","319596","35","45107011"
"chrX","45493890","45494191","KN294662v1","79885","80185","34","45414005"
"chrX","45495143","45495459","KN296153v1","3677943","3678242","48","41817200"
"chrX","45496500","45496779","KN294733v1","316989","317272","40","45179511"
"chrX","45595061","45595332","KN297219v1","2564555","2564824","45","43030506"
"chrX","45627023","45627308","KN295352v1","616838","617123","44","45010185"
"chrX","45656852","45657179","KN296496v1","447170","447491","49","45209682"
"chrX","45683130","45683417","KN295995v1","1426233","1426527","44","44256897"
"chrX","45781406","45781690","KN295302v1","134724","135005","41","45646682"
"chrX","45884476","45884753","KN295352v1","616838","617123","42","45267638"
"chrX","45990640","45990938","KN295855v1","21394","21692","34","45969246"
"chrX","46050661","46050961","KN296404v1","3895018","3895319","38","42155643"
"chrX","46302029","46302258","KN296513v1","296829","297055","34","46005200"
"chrX","46353750","46353881","KN295854v1","1635278","1635405","25","44718472"
"chrX","46483894","46484176","KN296306v1","3194104","3194387","41","43289790"
"chrX","46500400","46500695","KN294260v1","1839383","1839676","37","44661017"
"chrX","46504318","46504623","KN296404v1","3895018","3895319","34","42609300"
"chrX","46521233","46521528","KN294260v1","1839383","1839676","37","44681850"
"chrX","46525151","46525456","KN296404v1","3895018","3895319","34","42630133"
"chrX","46650972","46651281","KN297317v1","20735","21043","30","46630237"
"chrX","46694611","46694899","KN295995v1","1426233","1426527","25","45268378"
"chrX","46702016","46702319","KN296738v1","137767","138070","32","46564249"
"chrX","46751956","46752261","KN295350v1","243779","244085","39","46508177"
"chrX","46789402","46789715","KN295430v1","2610079","2610388","36","44179323"
"chrX","46806152","46806455","KN297445v1","1550327","1550630","29","45255825"
"chrX","46848665","46848965","KN294995v1","61376","61672","37","46787289"
"chrX","46861141","46861444","KN295236v1","1764741","1765042","35","45096400"
"chrX","46914071","46914379","KN295114v1","20941","21251","36","46893130"
"chrX","46922529","46922811","KN294493v1","404130","404414","67","46518399"
"chrX","47000721","47001030","KN296865v1","1474498","1474803","50","45526223"
"chrX","47013351","47013653","KN294539v1","761382","761684","37","46251969"
"chrX","47026163","47026462","KN295501v1","1005257","1005557","40","46020906"
"chrX","47041440","47041735","KN297000v1","300195","300489","34","46741245"
"chrX","47059142","47059424","KN296682v1","4848071","4848353","33","42211071"
"chrX","47113566","47113873","KN297078v1","74078","74384","31","47039488"
"chrX","47172261","47172564","KN296731v1","1681432","1681735","30","45490829"
"chrX","47240126","47240388","KN294540v1","886155","886414","34","46353971"
"chrX","47256971","47257277","KN294387v1","2599087","2599393","33","44657884"
"chrX","47286004","47286301","KN296759v1","638542","638840","34","46647462"
"chrX","47304954","47305108","KN294181v1","1301795","1301938","26","46003159"
"chrX","47305358","47305669","KN296775v1","563177","563486","39","46742181"
"chrX","47325277","47325582","KN295983v1","1536250","1536551","39","45789027"
"chrX","47332941","47333231","KN294561v1","767639","767926","34","46565302"
"chrX","47347145","47347344","KN296187v1","1499800","1499999","29","45847345"
"chrX","47362949","47363251","KN296119v1","4938680","4938979","27","42424269"
"chrX","47387137","47387433","KN294662v1","268123","268414","29","47119014"
"chrX","47436684","47436995","KN294470v1","382310","382622","30","47054374"
"chrX","47449595","47449932","KN296253v1","1579820","1580147","52","45869775"
"chrX","47475400","47475685","KN296712v1","16206","16501","35","47459194"
"chrX","47477265","47477566","KN295350v1","243779","244085","29","47233486"
"chrX","47587886","47588170","KN296661v1","1303368","1303652","31","46284518"
"chrX","47594135","47594439","KN296580v1","3502","3804","37","47590633"
"chrX","47612321","47612619","KN295236v1","3672786","3673083","35","43939535"
"chrX","47633987","47634033","KN294934v1","66089","66137","6","47567898"
"chrX","47653123","47653425","KN295666v1","1501386","1501689","34","46151737"
"chrX","47707524","47707801","KN296019v1","100400","100684","21","47607124"
"chrX","47804562","47804852","KN294668v1","2004755","2005035","50","45799807"
"chrX","47825028","47825325","KN295907v1","1253096","1253393","33","46571932"
"chrX","47832070","47832345","KN295523v1","4195930","4196206","42","43636140"
"chrX","47840804","47841102","KN296759v1","638542","638840","30","47202262"
"chrX","47898695","47898987","KN294536v1","1607732","1608024","36","46290963"
"chrX","47901902","47902182","KN296019v1","301043","301319","37","47600859"
"chrX","47907886","47908153","KN294420v1","193831","194100","36","47714055"
"chrX","47917638","47917949","KN295236v1","5969204","5969513","35","41948434"
"chrX","47922303","47922459","KN296019v1","322703","322867","22","47599600"
"chrX","47936355","47936667","KN295692v1","998365","998674","39","46937990"
"chrX","47993710","47993889","KN296430v1","488478","488662","27","47505232"
"chrX","48018055","48018302","KN297190v1","1898062","1898317","36","46119993"
"chrX","48034208","48034511","KN296019v1","431862","432162","29","47602346"
"chrX","48036764","48037072","KN296019v1","434249","434555","23","47602515"
"chrX","48097090","48097398","KN296019v1","506076","506386","30","47591014"
"chrX","48107788","48108089","KN294365v1","795012","795312","44","47312776"
"chrX","48147732","48148021","KN296019v1","571289","571581","15","47576443"
"chrX","48255390","48255683","KN296075v1","635909","636200","33","47619481"
"chrX","48269471","48269775","KN295984v1","868891","869195","34","47400580"
"chrX","48338860","48339165","KN297133v1","419676","419981","43","47919184"
"chrX","48425495","48425643","KN294181v1","1301795","1301938","18","47123700"
"chrX","48439202","48439501","KN295090v1","1657716","1658013","25","46781486"
"chrX","48502588","48502668","KN294668v1","2075752","2075829","20","46426836"
"chrX","48504105","48504414","KN296035v1","338193","338502","44","48165912"
"chrX","48568519","48568831","KN294705v1","477337","477650","42","48091182"
"chrX","48603311","48603588","KN294172v1","2999478","2999758","33","45603833"
"chrX","48617430","48617721","KN296751v1","8794","9085","21","48608636"
"chrX","48623453","48623744","KN296751v1","8794","9085","33","48614659"
"chrX","48636885","48637188","KN295102v1","432272","432575","24","48204613"
"chrX","48647719","48647994","KN295601v1","2549094","2549367","42","46098625"
"chrX","48651763","48652058","KN296751v1","8794","9085","26","48642969"
"chrX","48664855","48665157","KN295102v1","432272","432575","21","48232583"
"chrX","48670425","48670700","KN295102v1","214886","215171","43","48455539"
"chrX","48680652","48680946","KN296308v1","1355274","1355569","53","47325378"
"chrX","48701817","48702107","KN296811v1","1069","1362","34","48700748"
"chrX","48714362","48714665","KN295102v1","432272","432575","22","48282090"
"chrX","48720050","48720331","KN294790v1","4597621","4597904","34","44122429"
"chrX","48736576","48736826","KN294728v1","1211461","1211718","49","47525115"
"chrX","48741853","48742123","KN295667v1","1100491","1100761","34","47641362"
"chrX","48747224","48747531","KN295102v1","471962","472273","31","48275262"
"chrX","48790665","48790964","KN295102v1","499459","499749","39","48291206"
"chrX","48812279","48812585","KN295869v1","284557","284865","36","48527722"
"chrX","48845444","48845719","KN297445v1","1441493","1441769","33","47403951"
"chrX","48874198","48874495","KN295102v1","352470","352781","33","48521728"
"chrX","48874496","48874777","KN295102v1","352186","352469","23","48522310"
"chrX","48892907","48893210","KN296153v1","3677943","3678242","42","45214964"
"chrX","48902201","48902284","KN297154v1","1253331","1253406","18","47648870"
"chrX","48902468","48902677","KN295079v1","304269","304481","31","48598199"
"chrX","48916741","48917019","KN294539v1","568819","569098","37","48347922"
"chrX","48962642","48962943","KN296004v1","29555","29853","39","48933087"
"chrX","48994290","48994580","KN294470v1","263557","263846","34","48730733"
"chrX","49036675","49036809","KN296308v1","319538","319671","41","48717137"
"chrX","49036980","49037117","KN296743v1","2347687","2347821","17","46689293"
"chrX","49037118","49037396","KN295102v1","177647","177925","19","48859471"
"chrX","49078208","49078298","KN297190v1","10394","10480","19","49067814"
"chrX","49086311","49086604","KN295102v1","101212","101510","26","48985099"
"chrX","49102422","49102720","KN294911v1","4361649","4361947","35","44740773"
"chrX","49140270","49140575","KN295362v1","1024505","1024804","37","48115765"
"chrX","49163838","49164138","KN295692v1","1562388","1562681","40","47601450"
"chrX","49166404","49166709","KN294940v1","407557","407864","32","48758847"
"chrX","49186901","49187214","KN294172v1","4761492","4761794","43","44425409"
"chrX","49217617","49217778","KN295365v1","176106","176259","24","49041511"
"chrX","49236921","49237219","KN294210v1","787234","787531","38","48449687"
"chrX","49243322","49243619","KN294172v1","1363157","1363452","33","47880165"
"chrX","49267028","49267328","KN295257v1","607245","607543","33","48659783"
"chrX","49318483","49318787","KN295984v1","868891","869195","36","48449592"
"chrX","49355516","49355825","KN294260v1","621951","622250","40","48733565"
"chrX","49367435","49367731","KN295366v1","174175","174488","28","49193260"
"chrX","49395452","49395757","KN296859v1","895216","895514","41","48500236"
"chrX","49417125","49417413","KN297165v1","1143723","1144010","31","48273402"
"chrX","49418037","49418335","KN294439v1","269158","269457","37","49148879"
"chrX","49419084","49419374","KN295893v1","2116895","2117181","36","47302189"
"chrX","49421514","49421801","KN296435v1","3246212","3246499","41","46175302"
"chrX","49424274","49424506","KN294501v1","225010","225239","60","49199264"
"chrX","49455696","49456004","KN295366v1","253133","253445","28","49202563"
"chrX","49475299","49475589","KN294385v1","354018","354312","39","49121281"
"chrX","49487659","49487962","KN295236v1","4576569","4576870","33","44911090"
"chrX","49700898","49701160","KN295523v1","3618519","3618784","39","46082379"
"chrX","49750012","49750321","KN297125v1","33783","34096","34","49716229"
"chrX","49803354","49803432","KN296108v1","353823","353895","12","49449531"
"chrX","50221242","50221554","KN295045v1","469620","469933","39","49751622"
"chrX","50522747","50523027","KN295923v1","2321767","2322047","34","48200980"
"chrX","50857535","50857787","KN296505v1","224189","224442","39","50633346"
"chrX","51038989","51039297","KN295667v1","1687893","1688204","32","49351096"
"chrX","51050302","51050612","KN295820v1","572132","572443","45","50478170"
"chrX","51133446","51133498","KN297225v1","826170","826221","8","50307276"
"chrX","51291039","51291323","KN295090v1","1165047","1165331","41","50125992"
"chrX","51521656","51521951","KN295995v1","1426233","1426527","45","50095423"
"chrX","51539983","51540249","KN296247v1","601095","601352","35","50938888"
"chrX","51603623","51603933","KN295459v1","1049582","1049887","32","50554041"
"chrX","51733786","51734081","KN294602v1","74888","75193","33","51658898"
"chrX","51811177","51811406","KN297095v1","3580075","3580303","27","48231102"
"chrX","52029207","52029504","KN294462v1","73428","73721","26","51955779"
"chrX","52053934","52054236","KN296153v1","3677943","3678242","35","48375991"
"chrX","52088420","52088731","KN295962v1","1921217","1921530","33","50167203"
"chrX","52618755","52619048","KN296717v1","58398","58692","19","52560357"
"chrX","52727784","52728039","KN297446v1","60867","61120","34","52666917"
"chrX","52734529","52734828","KN294991v1","966174","966473","41","51768355"
"chrX","53200582","53200885","KN295102v1","432272","432575","24","52768310"
"chrX","53210847","53211149","KN295102v1","432272","432575","29","52778575"
"chrX","53214228","53214512","KN296187v1","471768","472059","45","52742460"
"chrX","53219316","53219602","KN295825v1","1555832","1556125","48","51663484"
"chrX","53228095","53228405","KN296751v1","21398","21705","20","53206697"
"chrX","53240751","53241043","KN296732v1","498634","498931","39","52742117"
"chrX","53267653","53267909","KN297446v1","60867","61120","22","53206786"
"chrX","53312914","53313204","KN296811v1","1069","1362","34","53311845"
"chrX","53325482","53325785","KN295102v1","432272","432575","23","52893210"
"chrX","53331117","53331401","KN295302v1","134724","135005","37","53196393"
"chrX","53347463","53347717","KN294728v1","1211461","1211718","45","52136002"
"chrX","53351257","53351511","KN294728v1","1211461","1211718","45","52139796"
"chrX","53371237","53371540","KN295102v1","432272","432575","23","52938965"
"chrX","53376872","53377156","KN295302v1","134724","135005","37","53242148"
"chrX","53594322","53594601","KN294172v1","2999478","2999758","26","50594844"
"chrX","53698815","53699126","KN295090v1","755361","755671","37","52943454"
"chrX","53744659","53744949","KN295744v1","643156","643450","29","53101503"
"chrX","53745362","53745632","KN297274v1","1076900","1077174","32","52668462"
"chrX","53810357","53810672","KN295744v1","580487","580795","36","53229870"
"chrX","53812012","53812317","KN296357v1","706115","706421","40","53105897"
"chrX","53815117","53815416","KN295077v1","585208","585503","40","53229909"
"chrX","53851071","53851369","KN295744v1","545849","546156","21","53305222"
"chrX","53857394","53857687","KN295744v1","539343","539632","33","53318051"
"chrX","53927297","53927548","KN296949v1","35284","35534","38","53892013"
"chrX","54002158","54002336","KN296426v1","164341","164522","39","53837817"
"chrX","54035625","54035794","KN296404v1","2093350","2093514","21","51942275"
"chrX","54171951","54172251","KN297046v1","2791168","2791468","34","51380783"
"chrX","54174510","54174819","KN296281v1","60300","60607","33","54114210"
"chrX","54178958","54179250","KN294561v1","296837","297132","36","53882121"
"chrX","54181733","54182007","KN296306v1","883522","883801","32","53298211"
"chrX","54186288","54186591","KN295236v1","4576569","4576870","28","49609719"
"chrX","54187956","54188253","KN295814v1","1158228","1158525","39","53029728"
"chrX","54251517","54251811","KN295744v1","137242","137538","24","54114275"
"chrX","54290609","54290898","KN297219v1","858424","858713","39","53432185"
"chrX","54340903","54341196","KN296311v1","4110039","4110330","36","50230864"
"chrX","54412557","54412857","KN294588v1","1492426","1492725","41","52920131"
"chrX","54452379","54452676","KN294346v1","550587","550883","39","53901792"
"chrX","54459309","54459591","KN294407v1","527200","527485","42","53932109"
"chrX","54469247","54469540","KN295721v1","197604","197890","41","54271643"
"chrX","54500001","54500082","KN296435v1","1082848","1082929","16","53417153"
"chrX","54515615","54515930","KN295114v1","20941","21251","38","54494674"
"chrX","54557796","54557968","KN294281v1","989793","989968","42","53568003"
"chrX","54568646","54568956","KN294456v1","876419","876725","42","53692227"
"chrX","54677232","54677533","KN294365v1","795012","795312","30","53882220"
"chrX","54685932","54686225","KN294571v1","1694112","1694408","33","52991820"
"chrX","54691422","54691597","KN294281v1","989793","989968","34","53701629"
"chrX","54693444","54693708","KN296036v1","213048","213309","30","54480396"
"chrX","54696709","54697010","KN297046v1","2791168","2791468","35","51905541"
"chrX","54731632","54731947","KN295257v1","443937","444244","41","54287695"
"chrX","54747568","54747979","KN297105v1","2732332","2732692","111","52015236"
"chrX","54770246","54770551","KN296357v1","706115","706421","38","54064131"
"chrX","54777934","54778212","KN296311v1","715482","715765","38","54062452"
"chrX","54784000","54784302","KN294208v1","853291","853593","35","53930709"
"chrX","54801904","54802206","KN294240v1","20402","20708","29","54781502"
"chrX","54816745","54817049","KN296404v1","3895018","3895319","30","50921727"
"chrX","54828680","54828986","KN296732v1","2013890","2014190","33","52814790"
"chrX","54830311","54830609","KN294172v1","5770836","5771132","38","49059475"
"chrX","54852158","54852451","KN296225v1","48853","49147","37","54803305"
"chrX","54880903","54881206","KN296934v1","897698","898003","36","53983205"
"chrX","54904578","54904863","KN296917v1","41283","41566","19","54863295"
"chrX","54910555","54910858","KN295855v1","21394","21692","33","54889161"
"chrX","54912621","54912925","KN294387v1","2599087","2599393","36","52313534"
"chrX","54956769","54957093","KN296308v1","871499","871827","43","54085270"
"chrX","55008251","55008557","KN295984v1","868891","869195","35","54139360"
"chrX","55139632","55139918","KN295623v1","97006","97286","46","55042626"
"chrX","55191489","55191767","KN296726v1","154015","154304","39","55037474"
"chrX","55243212","55243556","KN295651v1","1515614","1515955","61","53727598"
"chrX","55264690","55265006","KN296311v1","4712911","4713218","37","50551779"
"chrX","55419044","55419286","KN294385v1","889872","890112","34","54529172"
"chrX","55862486","55862782","KN296138v1","388568","388863","37","55473918"
"chrX","55965141","55965274","KN297219v1","2636720","2636847","23","53328421"
"chrX","56026662","56026971","KN297159v1","566299","566605","35","55460363"
"chrX","56261311","56261617","KN295375v1","132628","132930","37","56128683"
"chrX","56286603","56286902","KN295907v1","1253096","1253393","37","55033507"
"chrX","56503333","56503646","KN294717v1","373979","374286","37","56129354"
"chrX","56594772","56595079","KN296244v1","870811","871107","46","55723961"
"chrX","56798766","56799065","KN295977v1","249013","249314","50","56549753"
"chrX","56852082","56852392","KN294349v1","231514","231826","33","56620568"
"chrX","56963927","56964220","KN294662v1","79885","80185","39","56884042"
"chrX","57041331","57041629","KN295855v1","21394","21692","34","57019937"
"chrX","57307032","57307336","KN295550v1","1007565","1007867","41","56299467"
"chrX","57408970","57409254","KN296153v1","3928048","3928334","43","53480922"
"chrX","57417089","57417376","KN296946v1","59133","59440","44","57357956"
"chrX","57535404","57535703","KN297000v1","300195","300489","38","57235209"
"chrX","57591517","57591805","KN297095v1","680954","681235","50","56910563"
"chrX","58058107","58058304","KN294739v1","1093016","1093221","46","56965091"
"chrX","58058592","58058653","KN295974v1","794560","794619","8","57264032"
"chrX","58198166","58198442","KN295923v1","2321767","2322047","38","55876399"
"chrX","58564274","58564562","KN295430v1","2568372","2568671","46","55995902"
"chrX","58960855","58961156","KN294662v1","79885","80185","55","58880970"
"chrX","62646571","62646871","KN297138v1","404629","404936","46","62241942"
"chrX","62763452","62763753","KN297159v1","3466339","3466642","40","59297113"
"chrX","62816174","62816475","KN297159v1","3466339","3466642","40","59349835"
"chrX","63011121","63011382","KN295370v1","46647","46915","22","62964474"
"chrX","63195330","63195640","KN296928v1","175170","175464","32","63020160"
"chrX","63569484","63569801","KN296921v1","772309","772621","46","62797175"
"chrX","63852342","63852639","KN295601v1","1239412","1239710","37","62612930"
"chrX","64103679","64103969","KN295523v1","3634899","3635194","46","60468780"
"chrX","64133760","64133921","KN294470v1","2419156","2419315","43","61714604"
"chrX","64211381","64211690","KN296153v1","3677943","3678242","44","60533438"
"chrX","64400420","64400522","KN295441v1","827179","827283","17","63573241"
"chrX","64820729","64821032","KN296972v1","29792","30101","32","64790937"
"chrX","65066193","65066486","KN297197v1","3985014","3985309","29","61081179"
"chrX","65072511","65072804","KN296732v1","498634","498931","37","64573877"
"chrX","65073698","65073993","KN297445v1","1326382","1326677","33","63747316"
"chrX","65139208","65139519","KN296153v1","3677943","3678242","43","61461265"
"chrX","65151718","65152019","KN294387v1","2599087","2599393","37","62552631"
"chrX","65156507","65156823","KN297026v1","387615","387927","44","64768892"
"chrX","65157895","65157987","KN295544v1","30359","30447","22","65127536"
"chrX","65158051","65158345","KN294439v1","269158","269457","38","64888893"
"chrX","65158363","65158679","KN294591v1","74627","74936","43","65083736"
"chrX","65189158","65189399","KN294325v1","1309870","1310113","46","63879288"
"chrX","65198296","65198594","KN296062v1","2106200","2106493","43","63092096"
"chrX","65202303","65202605","KN295744v1","354112","354413","43","64848191"
"chrX","65222809","65223107","KN294758v1","374673","374971","29","64848136"
"chrX","65235725","65236039","KN296357v1","706115","706421","44","64529610"
"chrX","65238398","65238701","KN296495v1","1976569","1976874","31","63261829"
"chrX","65239516","65239821","KN296153v1","3677943","3678242","38","61561573"
"chrX","65250827","65251116","KN296036v1","1366768","1367049","41","63884059"
"chrX","65254970","65255282","KN294717v1","373979","374286","42","64880991"
"chrX","65262191","65262483","KN294407v1","2733858","2734151","32","62528333"
"chrX","65290645","65290956","KN296357v1","706115","706421","40","64584530"
"chrX","65294367","65294684","KN297044v1","761590","761905","47","64532777"
"chrX","65323033","65323333","KN294991v1","966174","966473","31","64356859"
"chrX","65345887","65346196","KN294705v1","1582720","1583032","36","63763167"
"chrX","65407110","65407408","KN294607v1","59422","59716","26","65347688"
"chrX","65502034","65502315","KN294172v1","6656193","6656471","41","58845841"
"chrX","65969287","65969582","KN295314v1","37371","37675","37","65931916"
"chrX","66293336","66293607","KN296752v1","290991","291259","38","66002345"
"chrX","66296410","66296672","KN296449v1","822","1085","22","66295588"
"chrX","66334087","66334378","KN295346v1","1258204","1258498","38","65075883"
"chrX","66435458","66435762","KN295523v1","985733","986032","42","65449725"
"chrX","66447028","66447281","KN295820v1","915807","916059","40","65531221"
"chrX","67669954","67670252","KN295171v1","231499","231801","34","67438455"
"chrX","67850460","67850706","KN295433v1","566711","566958","32","67283749"
"chrX","67949998","67950276","KN295306v1","26772","27052","25","67923226"
"chrX","67987162","67987458","KN294561v1","810685","810981","35","67176477"
"chrX","68035039","68035346","KN294387v1","2599087","2599393","34","65435952"
"chrX","68050436","68050744","KN294711v1","903939","904247","39","67146497"
"chrX","68068013","68068294","KN295692v1","3518009","3518300","45","64550004"
"chrX","68072673","68072963","KN294966v1","89371","89664","23","67983302"
"chrX","68085625","68085916","KN294966v1","75262","75569","27","68010363"
"chrX","68106053","68106355","KN297127v1","131395","131695","37","67974658"
"chrX","68173054","68173360","KN296119v1","2884341","2884644","34","65288713"
"chrX","68205647","68205952","KN295667v1","1746297","1746597","40","66459350"
"chrX","68217551","68217869","KN295059v1","336835","337145","44","67880716"
"chrX","68262058","68262362","KN296503v1","221880","222175","42","68040178"
"chrX","68264209","68264508","KN294260v1","621951","622250","39","67642258"
"chrX","68403844","68404143","KN295038v1","926006","926310","31","67477838"
"chrX","68637986","68638274","KN296435v1","3246212","3246499","33","65391774"
"chrX","68981700","68982017","KN294444v1","165242","165552","46","68816458"
"chrX","69067168","69067316","KN295244v1","664414","664566","11","68402754"
"chrX","69099368","69099657","KN294462v1","73428","73721","37","69025940"
"chrX","69311998","69312292","KN295244v1","403747","404032","24","68908251"
"chrX","69327549","69327889","KN295244v1","384903","385210","51","68942646"
"chrX","69412963","69413255","KN294571v1","1012216","1012510","31","68400747"
"chrX","69523856","69524158","KN295244v1","190064","190370","29","69333792"
"chrX","69712991","69713294","KN294509v1","1070846","1071150","42","68642145"
"chrX","69816186","69816523","KN297008v1","2258098","2258431","47","67558088"
"chrX","69849000","69849295","KN295717v1","1103973","1104266","47","68745027"
"chrX","69885647","69885700","KN295115v1","465547","465598","6","69420100"
"chrX","69886770","69887056","KN296865v1","956232","956520","47","68930538"
"chrX","69935516","69935815","KN296153v1","3677943","3678242","24","66257573"
"chrX","70217796","70217927","KN296312v1","462734","462860","16","69755062"
"chrX","70219341","70219620","KN295142v1","549262","549543","33","69670079"
"chrX","70285104","70285377","KN295962v1","383890","384156","36","69901214"
"chrX","70302151","70302449","KN296495v1","178283","178580","33","70123868"
"chrX","70334415","70334699","KN294991v1","1563494","1563786","45","68770921"
"chrX","70399274","70399569","KN294561v1","810685","810981","38","69588589"
"chrX","70441458","70441750","KN297016v1","108275","108576","31","70333183"
"chrX","70530575","70530886","KN295034v1","63947","64249","43","70466628"
"chrX","70551100","70551411","KN295034v1","63947","64249","43","70487153"
"chrX","70593265","70593547","KN295350v1","636567","636846","36","69956698"
"chrX","70611679","70611973","KN296682v1","5162407","5162700","34","65449272"
"chrX","70634079","70634384","KN294470v1","2163212","2163519","34","68470867"
"chrX","70687219","70687350","KN297444v1","275896","276018","19","70411323"
"chrX","70711394","70711692","KN295697v1","189742","190043","30","70521652"
"chrX","70715637","70715928","KN294739v1","616485","616779","40","70099152"
"chrX","70764084","70764387","KN296900v1","121631","121934","34","70642453"
"chrX","70772301","70772509","KN294978v1","1189593","1189804","32","69582708"
"chrX","70782011","70782301","KN294387v1","2241982","2242277","41","68540029"
"chrX","70837435","70837736","KN296205v1","605596","605883","39","70231839"
"chrX","70863081","70863354","KN296849v1","746362","746624","38","70116719"
"chrX","70877329","70877632","KN294365v1","795012","795312","34","70082317"
"chrX","70885827","70886122","KN296349v1","54656","54958","27","70831171"
"chrX","70894546","70894698","KN296365v1","1544436","1544585","23","69350110"
"chrX","70899534","70899826","KN296311v1","3721408","3721707","34","67178126"
"chrX","70911171","70911446","KN297112v1","3992200","3992473","32","66918971"
"chrX","70913963","70914272","KN296311v1","5092316","5092620","38","65821647"
"chrX","70937066","70937339","KN296849v1","746362","746624","43","70190704"
"chrX","70982435","70982719","KN294790v1","4597621","4597904","39","66384814"
"chrX","71011116","71011405","KN294998v1","85937","86225","48","70925179"
"chrX","71022407","71022662","KN295430v1","1606937","1607192","34","69415470"
"chrX","71034222","71034505","KN296119v1","3705120","3705411","33","67329102"
"chrX","71035230","71035489","KN295523v1","3618519","3618784","39","67416711"
"chrX","71041842","71042069","KN297047v1","2097813","2098032","43","68944029"
"chrX","71053239","71053537","KN296153v1","3677943","3678242","28","67375296"
"chrX","71065140","71065452","KN294385v1","18712","19011","40","71046428"
"chrX","71072427","71072709","KN295697v1","600070","600354","51","70472357"
"chrX","71072710","71073024","KN294705v1","1123965","1124275","47","69948745"
"chrX","71078617","71078905","KN294768v1","46252","46542","25","71032365"
"chrX","71105532","71105623","KN295004v1","76648","76734","13","71028884"
"chrX","71115787","71116092","KN294768v1","9056","9362","22","71106731"
"chrX","71130926","71131230","KN294873v1","1152998","1153302","37","69977928"
"chrX","71150562","71150868","KN295352v1","487966","488265","33","70662596"
"chrX","71201754","71202040","KN294172v1","2947240","2947526","30","68254514"
"chrX","71211455","71211759","KN296090v1","25402","25709","31","71186053"
"chrX","71264519","71264821","KN296090v1","78378","78672","24","71186141"
"chrX","71283561","71283854","KN294662v1","132660","132957","32","71150901"
"chrX","71287619","71287910","KN296090v1","102222","102515","26","71185397"
"chrX","71334046","71334349","KN296153v1","3677943","3678242","33","67656103"
"chrX","71359395","71359721","KN296090v1","170812","171147","49","71188583"
"chrX","71409734","71409999","KN295523v1","3618519","3618784","34","67791215"
"chrX","71464419","71464725","KN295533v1","1552722","1553025","41","69911697"
"chrX","71572789","71573096","KN296158v1","1672506","1672810","48","69900283"
"chrX","71574262","71574573","KN296738v1","24897","25205","46","71549365"
"chrX","71648021","71648136","KN295767v1","54296","54406","20","71593725"
"chrX","71899933","71900062","KN294372v1","1824116","1824245","17","70075817"
"chrX","71900668","71900774","KN296117v1","86443","86544","16","71814225"
"chrX","71937385","71937678","KN296505v1","349884","350174","38","71587501"
"chrX","71948324","71948555","KN297242v1","2310027","2310255","36","69638297"
"chrX","72083824","72084085","KN294251v1","2011223","2011484","46","70072601"
"chrX","72088267","72088556","KN297276v1","380991","381283","27","71707276"
"chrX","72237344","72237651","KN294188v1","9904","10211","28","72227440"
"chrX","72286266","72286581","KN295204v1","12453","12759","33","72273813"
"chrX","72909698","72909990","KN295077v1","585208","585503","44","72324490"
"chrX","72937497","72937795","KN295480v1","1930451","1930748","36","71007046"
"chrX","73041846","73042121","KN297219v1","2564555","2564824","50","70477291"
"chrX","73516840","73517152","KN294717v1","373979","374286","43","73142861"
"chrX","73659891","73660079","KN295205v1","1246314","1246497","41","72413577"
"chrX","73664933","73665244","KN296357v1","706115","706421","41","72958818"
"chrX","73678329","73678639","KN296738v1","137767","138070","36","73540562"
"chrX","73698051","73698349","KN294539v1","1671791","1672090","36","72026260"
"chrX","73713864","73714169","KN295439v1","120841","121124","45","73593023"
"chrX","73728529","73728837","KN294647v1","185825","186131","31","73542704"
"chrX","73752903","73753202","KN296311v1","1037581","1037880","31","72715322"
"chrX","73764506","73764810","KN296381v1","91265","91569","34","73673241"
"chrX","73777824","73778127","KN294571v1","1546303","1546607","29","72231521"
"chrX","73783236","73783544","KN296297v1","4771","5081","37","73778465"
"chrX","73823069","73823352","KN296884v1","186950","187243","46","73636119"
"chrX","74140375","74140683","KN295236v1","3424373","3424682","29","70716002"
"chrX","74158417","74158713","KN294758v1","374673","374971","29","73783744"
"chrX","74217388","74217687","KN294407v1","1062108","1062407","37","73155280"
"chrX","74423424","74423489","KN294824v1","184835","184898","12","74238589"
"chrX","74440813","74441081","KN295708v1","181414","181680","32","74259399"
"chrX","74473293","74473589","KN294777v1","751157","751455","31","73722136"
"chrX","74557805","74558117","KN296948v1","1387253","1387563","41","73170552"
"chrX","76178538","76178829","KN296062v1","2106200","2106493","42","74072338"
"chrX","76327846","76328142","KN294634v1","514588","514883","38","75813258"
"chrX","76356022","76356331","KN294680v1","13841","14158","43","76342181"
"chrX","76595625","76595920","KN294188v1","9904","10211","32","76585721"
"chrX","77123576","77123882","KN296253v1","392155","392460","36","76731421"
"chrX","77194972","77195270","KN297445v1","1326382","1326677","32","75868590"
"chrX","77441237","77441537","KN296294v1","143676","143974","40","77297561"
"chrX","77506657","77506825","KN296557v1","921510","921675","28","76585147"
"chrX","77509989","77510157","KN296883v1","302895","303061","18","77207094"
"chrX","77547494","77547778","KN294733v1","316989","317272","35","77230505"
"chrX","77560734","77561032","KN294588v1","494059","494353","34","77066675"
"chrX","77621028","77621329","KN294758v1","374673","374971","37","77246355"
"chrX","77630002","77630296","KN294995v1","61376","61672","39","77568626"
"chrX","77678935","77679227","KN296153v1","2309746","2310040","36","75369189"
"chrX","77695001","77695326","KN295601v1","761243","761570","45","76933758"
"chrX","77717469","77717755","KN296977v1","24151","24438","30","77693318"
"chrX","77813887","77814180","KN295633v1","141651","141946","31","77672236"
"chrX","77814183","77814481","KN296062v1","1796687","1796987","29","76017496"
"chrX","77848064","77848177","KN297386v1","1769570","1769682","22","76078494"
"chrX","77897177","77897476","KN294416v1","208870","209165","35","77688307"
"chrX","77898497","77898795","KN294439v1","257473","257771","28","77641024"
"chrX","77970009","77970316","KN295667v1","1687893","1688204","30","76282116"
"chrX","78037038","78037329","KN297227v1","1018475","1018768","34","77018563"
"chrX","78449870","78450129","KN295657v1","28401","28664","33","78421469"
"chrX","78531862","78532171","KN296154v1","1901209","1901519","38","76630653"
"chrX","78534584","78534898","KN295657v1","130324","130634","46","78404260"
"chrX","78624264","78624576","KN296311v1","5716473","5716784","42","72907791"
"chrX","78642569","78642879","KN295130v1","15698","16004","30","78626871"
"chrX","78805989","78806060","KN294172v1","3257058","3257124","10","75548931"
"chrX","78885881","78886176","KN295450v1","9975","10285","45","78875906"
"chrX","79912975","79913271","KN294717v1","373979","374286","44","79538996"
"chrX","80018941","80019226","KN296315v1","357613","357907","37","79661328"
"chrX","80420488","80420773","KN295825v1","1953498","1953787","40","78466990"
"chrX","80459465","80459760","KN295577v1","97347","97645","30","80362118"
"chrX","80604196","80604493","KN294747v1","226541","226835","34","80377655"
"chrX","80643022","80643313","KN296679v1","10375","10671","26","80632647"
"chrX","81783180","81783468","KN295523v1","1115893","1116182","47","80667287"
"chrX","81877209","81877514","KN294717v1","373979","374286","41","81503230"
"chrX","82030376","82030538","KN297274v1","1259586","1259748","31","80770790"
"chrX","82292093","82292376","KN294734v1","380579","380858","45","81911514"
"chrX","82619854","82620164","KN295533v1","1552722","1553025","37","81067132"
"chrX","83220568","83220867","KN296859v1","895216","895514","34","82325352"
"chrX","83737499","83737788","KN297165v1","1143723","1144010","32","82593776"
"chrX","83891905","83892221","KN294964v1","1529852","1530172","55","82362053"
"chrX","83948130","83948429","KN297019v1","1233639","1233939","35","82714491"
"chrX","83962516","83962805","KN295596v1","1501372","1501655","42","82461144"
"chrX","84253464","84253769","KN295984v1","868891","869195","39","83384573"
"chrX","84444134","84444442","KN296311v1","4712911","4713218","36","79731223"
"chrX","84463056","84463251","KN294869v1","118409","118609","24","84344647"
"chrX","84583680","84583975","KN295996v1","997185","997479","35","83586495"
"chrX","84800206","84800498","KN296749v1","503583","503870","29","84296623"
"chrX","84902892","84903208","KN296948v1","1390511","1390817","45","83512381"
"chrX","84909189","84909447","KN294407v1","284348","284599","53","84624841"
"chrX","84945073","84945366","KN296079v1","818314","818613","47","84126759"
"chrX","85091336","85091624","KN295978v1","40491","40784","24","85050845"
"chrX","85252894","85252973","KN296573v1","17183","17267","13","85235711"
"chrX","85480480","85480773","KN296435v1","3246212","3246499","36","82234268"
"chrX","85577014","85577102","KN296329v1","7648","7736","5","85569366"
"chrX","85719495","85719792","KN295075v1","473320","473622","46","85246175"
"chrX","85960048","85960340","KN294349v1","164140","164438","21","85795908"
"chrX","85977871","85978179","KN294349v1","180039","180346","44","85797832"
"chrX","86028377","86028684","KN294349v1","231514","231826","34","85796863"
"chrX","86030969","86031280","KN294349v1","234370","234681","23","85796599"
"chrX","86063181","86063457","KN297274v1","1076900","1077174","30","84986281"
"chrX","86088958","86089241","KN294349v1","305738","306023","23","85783220"
"chrX","86097641","86097939","KN294917v1","618557","618860","33","85479084"
"chrX","86436227","86436530","KN296357v1","755485","755787","37","85680742"
"chrX","86470981","86471292","KN295667v1","1687893","1688204","36","84783088"
"chrX","86572707","86573014","KN297159v1","1303814","1304123","41","85268893"
"chrX","86696817","86697119","KN295666v1","1501386","1501689","35","85195431"
"chrX","86746388","86746678","KN296547v1","610398","610693","38","86135990"
"chrX","86795705","86796006","KN294856v1","296536","296838","46","86499169"
"chrX","87091303","87091609","KN295112v1","343212","343513","41","86748091"
"chrX","87147497","87147783","KN295936v1","1122342","1122630","38","86025155"
"chrX","87281759","87282055","KN295825v1","1555832","1556125","38","85725927"
"chrX","87868431","87868741","KN297038v1","2343556","2343866","36","85524875"
"chrX","88181979","88182279","KN296477v1","182146","182444","26","87999833"
"chrX","88232949","88233063","KN295308v1","259939","260048","15","87973010"
"chrX","88299125","88299417","KN296477v1","54586","54875","29","88244539"
"chrX","88335414","88335750","KN296970v1","207857","208193","49","88127557"
"chrX","88340406","88340731","KN296477v1","4784","5118","34","88335622"
"chrX","88361043","88361351","KN297153v1","1366929","1367240","40","86994114"
"chrX","88382007","88382296","KN296289v1","23414","23711","37","88358593"
"chrX","88622286","88622587","KN295171v1","209667","209966","41","88412619"
"chrX","88763830","88764114","KN296096v1","3187219","3187506","34","85576611"
"chrX","88886974","88887274","KN297211v1","42698","42995","32","88844276"
"chrX","88993438","88993747","KN297211v1","150548","150856","32","88842890"
"chrX","89000612","89000916","KN295413v1","22638","22943","31","88977974"
"chrX","89011476","89011786","KN297211v1","170265","170580","34","88841211"
"chrX","89216996","89217290","KN296940v1","78533","78818","33","89138463"
"chrX","89463450","89463504","KN296146v1","297164","297220","8","89166286"
"chrX","89975002","89975257","KN296418v1","329663","329924","26","89645339"
"chrX","89977728","89978037","KN296079v1","989059","989370","42","88988669"
"chrX","90088405","90088713","KN296263v1","684495","684804","32","89403910"
"chrX","90305633","90305926","KN294407v1","776051","776345","33","89529582"
"chrX","90601614","90601889","KN295077v1","391426","391711","51","90210188"
"chrX","90789273","90789403","KN297008v1","4019637","4019765","17","86769636"
"chrX","90789632","90789805","KN294239v1","373009","373178","28","90416623"
"chrX","90879000","90879324","KN296404v1","1071088","1071415","41","89807912"
"chrX","90939692","90939981","KN294264v1","261999","262293","36","90677693"
"chrX","91017377","91017673","KN296062v1","2106200","2106493","45","88911177"
"chrX","91044173","91044487","KN296019v1","443353","443660","53","90600820"
"chrX","91099068","91099384","KN297398v1","124354","124680","46","90974714"
"chrX","91110102","91110405","KN296157v1","1189205","1189512","46","89920897"
"chrX","91282781","91283081","KN296726v1","490030","490331","33","90792751"
"chrX","91420332","91420645","KN296934v1","897698","898003","59","90522634"
"chrX","91579640","91579947","KN296588v1","1228829","1229131","44","90350811"
"chrX","91857493","91857801","KN296317v1","72","378","33","91857421"
"chrX","91993688","91993988","KN296153v1","3677943","3678242","35","88315745"
"chrX","92087809","92088112","KN294433v1","482950","483258","31","91604859"
"chrX","92122081","92122390","KN295059v1","336835","337145","36","91785246"
"chrX","92205230","92205525","KN297078v1","406020","406320","38","91799210"
"chrX","92206160","92206453","KN294848v1","1408889","1409183","39","90797271"
"chrX","92221539","92221828","KN295907v1","2257700","2257990","37","89963839"
"chrX","92264276","92264578","KN296738v1","137767","138070","34","92126509"
"chrX","92291907","92292227","KN294346v1","415373","415684","49","91876534"
"chrX","92293582","92293883","KN296062v1","1796687","1796987","35","90496895"
"chrX","92346264","92346546","KN295350v1","636567","636846","39","91709697"
"chrX","92739045","92739350","KN295413v1","22638","22943","34","92716407"
"chrX","93117733","93118031","KN296731v1","1681432","1681735","47","91436301"
"chrX","93149240","93149507","KN295236v1","1519657","1519927","39","91629583"
"chrX","93257486","93257801","KN294741v1","957024","957333","46","92300462"
"chrX","93409959","93410215","KN295430v1","1606937","1607192","36","91803022"
"chrX","93494763","93495073","KN296934v1","897698","898003","39","92597065"
"chrX","93562340","93562626","KN297242v1","351132","351417","35","93211208"
"chrX","93629622","93629933","KN294219v1","68657","68967","39","93560965"
"chrX","93694222","93694525","KN294287v1","233073","233375","40","93461149"
"chrX","93791817","93792112","KN295350v1","405055","405352","38","93386762"
"chrX","93804689","93804994","KN297133v1","419676","419981","33","93385013"
"chrX","93909013","93909155","KN294668v1","2179035","2179176","26","91729978"
"chrX","93911927","93912057","KN297444v1","275896","276018","17","93636031"
"chrX","94034492","94034819","KN296404v1","1071088","1071415","53","92963404"
"chrX","94138784","94138901","KN297165v1","1033125","1033239","24","93105659"
"chrX","94281801","94282099","KN294879v1","796083","796377","32","93485718"
"chrX","94437424","94437734","KN294407v1","2599527","2599837","47","91837897"
"chrX","94545563","94545818","KN294613v1","521491","521735","56","94024072"
"chrX","94717903","94718205","KN295112v1","343212","343513","39","94374691"
"chrX","94723768","94724078","KN294668v1","3401387","3401699","41","91322381"
"chrX","94743638","94743944","KN296934v1","897698","898003","30","93845940"
"chrX","94765585","94765884","KN294439v1","269158","269457","37","94496427"
"chrX","94766300","94766606","KN296322v1","889103","889411","38","93877197"
"chrX","94900404","94900629","KN295995v1","1393904","1394132","40","93506500"
"chrX","95210380","95210678","KN296731v1","1681432","1681735","36","93528948"
"chrX","95367607","95367906","KN296153v1","3677943","3678242","40","91689664"
"chrX","95759589","95759763","KN296308v1","318706","318888","25","95440883"
"chrX","95842530","95842804","KN295936v1","30401","30674","42","95812129"
"chrX","95940237","95940535","KN294499v1","1188346","1188643","41","94751891"
"chrX","96083795","96084065","KN296846v1","704218","704490","45","95379577"
"chrX","96327783","96328107","KN296404v1","1071088","1071415","48","95256695"
"chrX","96458190","96458452","KN295006v1","210714","210971","36","96247476"
"chrX","96476188","96476484","KN296096v1","3183138","3183434","34","93293050"
"chrX","96591802","96592095","KN295586v1","2121175","2121468","35","94470627"
"chrX","96615939","96616241","KN294365v1","795012","795312","45","95820927"
"chrX","96834705","96834855","KN295832v1","406436","406582","22","96428269"
"chrX","96916448","96916727","KN294711v1","646506","646789","37","96269942"
"chrX","97073431","97073730","KN295350v1","405055","405352","35","96668376"
"chrX","97103635","97103934","KN295350v1","405055","405352","35","96698580"
"chrX","97145457","97145758","KN294548v1","252208","252515","34","96893249"
"chrX","97205355","97205639","KN295350v1","493114","493401","33","96712241"
"chrX","97224245","97224528","KN294444v1","38062","38349","37","97186183"
"chrX","97225012","97225323","KN294365v1","2051352","2051662","34","95173660"
"chrX","97332295","97332601","KN295382v1","230497","230807","39","97101798"
"chrX","97339741","97340040","KN297058v1","42553","42853","33","97297188"
"chrX","97488945","97489240","KN294746v1","4715","5018","49","97484230"
"chrX","97512636","97512931","KN296153v1","3677943","3678242","35","93834693"
"chrX","97532842","97533137","KN296404v1","106219","106515","30","97426623"
"chrX","97557066","97557370","KN294536v1","1859228","1859530","40","95697838"
"chrX","97563225","97563521","KN296580v1","3502","3804","38","97559723"
"chrX","97566150","97566425","KN297264v1","12615","12885","46","97553535"
"chrX","97578319","97578621","KN296290v1","2922783","2923096","39","94655536"
"chrX","97629065","97629363","KN294407v1","2014296","2014589","41","95614769"
"chrX","97636911","97637222","KN295114v1","20941","21251","33","97615970"
"chrX","97704052","97704363","KN294571v1","572623","572929","29","97131429"
"chrX","97759673","97759738","KN294292v1","78681","78746","5","97680992"
"chrX","97814228","97814528","KN294385v1","18712","19011","42","97795516"
"chrX","97823886","97824178","KN295045v1","330502","330797","33","97493384"
"chrX","97837067","97837374","KN296322v1","889103","889411","29","96947964"
"chrX","97923846","97924140","KN294292v1","223216","223503","24","97700630"
"chrX","98049415","98049722","KN295586v1","3376721","3377026","36","94672694"
"chrX","98090766","98091045","KN296538v1","769890","770156","50","97320876"
"chrX","98091800","98092111","KN294705v1","1582720","1583032","42","96509080"
"chrX","98111578","98111874","KN295601v1","2895150","2895452","34","95216428"
"chrX","98280125","98280430","KN295907v1","184749","185051","34","98095376"
"chrX","98428381","98428699","KN296079v1","2523839","2524156","52","95904542"
"chrX","98440606","98440904","KN296153v1","3677943","3678242","28","94762663"
"chrX","98756025","98756331","KN297133v1","419676","419981","34","98336349"
"chrX","98789182","98789509","KN295667v1","1687893","1688204","49","97101289"
"chrX","98826624","98826930","KN295117v1","272158","272456","41","98554466"
"chrX","99083386","99083689","KN296934v1","897698","898003","35","98185688"
"chrX","99378148","99378459","KN295667v1","1687893","1688204","36","97690255"
"chrX","99496951","99497258","KN295059v1","336835","337145","34","99160116"
"chrX","99497474","99497779","KN295725v1","1996226","1996536","30","97501248"
"chrX","99549959","99550266","KN294181v1","1569188","1569497","33","97980771"
"chrX","99932957","99933269","KN296435v1","2592854","2593163","39","97340103"
"chrX","100105845","100106131","KN294536v1","1607732","1608024","47","98498113"
"chrX","100336791","100337064","KN297084v1","3086","3376","42","100333705"
"chrX","100477950","100478259","KN295652v1","311877","312183","62","100166073"
"chrX","100547698","100547951","KN296449v1","822","1085","36","100546876"
"chrX","100799686","100799989","KN297019v1","1233639","1233939","34","99566047"
"chrX","100975020","100975314","KN295744v1","643156","643450","37","100331864"
"chrX","101005213","101005510","KN297046v1","1925029","1925329","38","99080184"
"chrX","101019782","101020082","KN294856v1","296536","296838","31","100723246"
"chrX","101033870","101034168","KN294991v1","966174","966473","58","100067696"
"chrX","101142640","101142938","KN295854v1","1466288","1466586","33","99676352"
"chrX","101186513","101186812","KN296153v1","3677943","3678242","39","97508570"
"chrX","101217271","101217566","KN294717v1","373979","374286","39","100843292"
"chrX","101241581","101241876","KN294365v1","795012","795312","36","100446569"
"chrX","101270666","101270978","KN296609v1","1047775","1048088","39","100222891"
"chrX","101283158","101283483","KN295176v1","34358","34673","34","101248800"
"chrX","101284138","101284442","KN294571v1","2791374","2791676","32","98492764"
"chrX","101290734","101291036","KN295854v1","1710543","1710845","34","99580191"
"chrX","101293415","101293727","KN295059v1","336835","337145","41","100956580"
"chrX","101300775","101301054","KN295352v1","174045","174329","45","101126730"
"chrX","101324317","101324617","KN296153v1","3677943","3678242","29","97646374"
"chrX","101326679","101326977","KN297046v1","2791168","2791468","31","98535511"
"chrX","101327519","101327821","KN295236v1","1764741","1765042","23","99562778"
"chrX","101352270","101352578","KN295244v1","384903","385210","37","100967367"
"chrX","101356783","101356951","KN295543v1","151828","151995","22","101204955"
"chrX","101357131","101357440","KN294387v1","2599087","2599393","30","98758044"
"chrX","101367143","101367443","KN297019v1","1233639","1233939","38","100133504"
"chrX","101376871","101377163","KN294536v1","1607732","1608024","31","99769139"
"chrX","101380295","101380607","KN295871v1","866117","866427","39","100514178"
"chrX","101385336","101385610","KN295107v1","1291838","1292112","31","100093498"
"chrX","101395190","101395520","KN295832v1","546215","546535","49","100848975"
"chrX","101406754","101407079","KN295459v1","899400","899723","40","100507354"
"chrX","101430543","101430783","KN296900v1","261449","261690","26","101169094"
"chrX","101431474","101431776","KN295449v1","1093597","1093900","32","100337877"
"chrX","101431806","101432026","KN294325v1","242229","242452","41","101189577"
"chrX","101442532","101442772","KN296900v1","261449","261690","26","101181083"
"chrX","101443463","101443765","KN295449v1","1093597","1093900","32","100349866"
"chrX","101443795","101444015","KN294325v1","242229","242452","41","101201566"
"chrX","101451071","101451373","KN294873v1","1327978","1328280","36","100123093"
"chrX","101457407","101457710","KN295356v1","788112","788416","39","100669295"
"chrX","101474778","101475079","KN297367v1","171251","171554","35","101303527"
"chrX","101483538","101483825","KN294446v1","409868","410160","31","101073670"
"chrX","101492827","101493120","KN295284v1","334381","334669","39","101158446"
"chrX","101496280","101496577","KN295523v1","3420209","3420501","34","98076071"
"chrX","101515177","101515489","KN294561v1","643982","644294","30","100871195"
"chrX","101590982","101591118","KN295533v1","1134391","1134530","21","100456591"
"chrX","101627625","101627929","KN294717v1","311839","312142","45","101315786"
"chrX","101654442","101654741","KN294850v1","133605","133904","26","101520837"
"chrX","101662957","101663254","KN294181v1","810707","811001","34","100852250"
"chrX","101674319","101674626","KN297452v1","1467351","1467656","39","100206968"
"chrX","101709450","101709760","KN294326v1","28879","29191","42","101680571"
"chrX","101712825","101713126","KN294187v1","377594","377903","41","101335231"
"chrX","101745341","101745638","KN296140v1","777217","777517","40","100968124"
"chrX","101752643","101752937","KN296365v1","627682","627977","31","101124961"
"chrX","101760630","101760929","KN294467v1","346596","346896","40","101414034"
"chrX","101808574","101808824","KN295209v1","580506","580752","36","101228068"
"chrX","101814136","101814445","KN294850v1","273401","273717","33","101540735"
"chrX","101869555","101869858","KN296732v1","2013890","2014190","39","99855665"
"chrX","101943590","101943889","KN296280v1","453801","454105","39","101489789"
"chrX","101985824","101986131","KN295724v1","30538","30848","21","101955286"
"chrX","102050226","102050532","KN296864v1","783252","783562","44","101266974"
"chrX","102099161","102099463","KN296244v1","86518","86815","39","102012643"
"chrX","102219812","102220088","KN296205v1","605596","605883","56","101614216"
"chrX","102371937","102372213","KN296205v1","605596","605883","56","101766341"
"chrX","102611084","102611246","KN296036v1","1303136","1303298","28","101307948"
"chrX","102654073","102654326","KN297064v1","15750","15999","24","102638323"
"chrX","102905816","102906112","KN295090v1","2057671","2057967","28","100848145"
"chrX","103362007","103362306","KN295236v1","5890446","5890745","31","97471561"
"chrX","103605510","103605781","KN296682v1","4141455","4141728","40","99464055"
"chrX","103648888","103649194","KN296486v1","367778","368080","42","103281110"
"chrX","104037784","104038082","KN295070v1","26226","26530","31","104011558"
"chrX","104049114","104049419","KN294717v1","373979","374286","32","103675135"
"chrX","104049663","104049974","KN295070v1","39035","39347","30","104010628"
"chrX","104114827","104115137","KN294510v1","193206","193515","23","103921621"
"chrX","104186307","104186614","KN294510v1","122027","122344","35","104064280"
"chrX","104190784","104191094","KN294510v1","117855","118167","22","104072929"
"chrX","104303024","104303325","KN294501v1","104788","105092","40","104198236"
"chrX","104317295","104317586","KN295995v1","1426233","1426527","31","102891062"
"chrX","104358087","104358399","KN294219v1","68657","68967","39","104289430"
"chrX","104600373","104600643","KN296449v1","822","1085","32","104599551"
"chrX","104612618","104612889","KN297019v1","856504","856773","31","103756114"
"chrX","104661021","104661325","KN294863v1","19207","19510","38","104641814"
"chrX","104664528","104664835","KN296934v1","897698","898003","28","103766830"
"chrX","104674778","104675080","KN295550v1","1007565","1007867","36","103667213"
"chrX","104719588","104719884","KN294387v1","2599087","2599393","36","102120501"
"chrX","104720827","104721125","KN296153v1","3677943","3678242","38","101042884"
"chrX","104764462","104764795","KN296308v1","871499","871827","40","103892963"
"chrX","104881474","104881770","KN294205v1","612591","612886","33","104268883"
"chrX","105029023","105029300","KN296768v1","88238","88523","21","104940785"
"chrX","105113920","105114218","KN296513v1","2018431","2018731","40","103095489"
"chrX","105266520","105266852","KN296296v1","12289","12600","53","105254231"
"chrX","105410453","105410749","KN295501v1","1005257","1005557","36","104405196"
"chrX","105414448","105414506","KN296108v1","1662012","1662071","9","103752436"
"chrX","105426590","105426879","KN296460v1","985021","985309","35","104441569"
"chrX","105646572","105646882","KN294578v1","615670","615980","42","105030902"
"chrX","105777133","105777176","KN295243v1","549958","550000","5","105227175"
"chrX","105838047","105838347","KN294387v1","2599087","2599393","44","103238960"
"chrX","105897291","105897441","KN296752v1","409305","409448","25","105487986"
"chrX","105914356","105914652","KN296153v1","3677943","3678242","39","102236413"
"chrX","106030551","106030859","KN296253v1","392155","392460","47","105638396"
"chrX","106127628","106127923","KN296747v1","35746","36041","29","106091882"
"chrX","106141264","106141559","KN295350v1","405055","405352","36","105736209"
"chrX","106151803","106152097","KN296495v1","2056834","2057132","48","104094969"
"chrX","106191218","106191510","KN295225v1","852978","853269","33","105338240"
"chrX","106531381","106531692","KN294389v1","84677","84984","16","106446704"
"chrX","107049349","107049621","KN294470v1","2074231","2074500","34","104975118"
"chrX","107318955","107319050","KN295294v1","1379866","1379966","21","105939089"
"chrX","107319911","107320197","KN295225v1","852978","853269","32","106466933"
"chrX","107411193","107411499","KN295701v1","728104","728414","37","106683089"
"chrX","107436163","107436451","KN295825v1","1953498","1953787","35","105482665"
"chrX","107469250","107469547","KN297019v1","1233639","1233939","33","106235611"
"chrX","107476062","107476234","KN294365v1","1404625","1404795","25","106071437"
"chrX","107480363","107480672","KN297138v1","404629","404936","21","107075734"
"chrX","107485213","107485498","KN297138v1","410793","411087","31","107074420"
"chrX","107500099","107500403","KN296062v1","531528","531834","32","106968571"
"chrX","107519241","107519529","KN297219v1","858424","858713","32","106660817"
"chrX","107568869","107569162","KN294161v1","265801","266094","32","107303068"
"chrX","107578897","107579197","KN294790v1","2757948","2758248","37","104820949"
"chrX","107632840","107633166","KN296505v1","87820","88127","52","107545020"
"chrX","107689287","107689579","KN295543v1","167630","167915","23","107521657"
"chrX","107711589","107711840","KN294172v1","5882280","5882542","36","101829309"
"chrX","107713551","107713843","KN294991v1","585504","585797","42","107128047"
"chrX","107787732","107788048","KN295983v1","1888452","1888765","44","105899280"
"chrX","107811906","107812218","KN295543v1","42388","42686","36","107769518"
"chrX","107831748","107832041","KN295225v1","852978","853269","31","106978770"
"chrX","107968702","107968992","KN295748v1","121413","121715","27","107847289"
"chrX","108017362","108017670","KN294842v1","565519","565831","39","107451843"
"chrX","108020838","108021150","KN296926v1","1007879","1008183","38","107012959"
"chrX","108036733","108037029","KN295748v1","189099","189400","30","107847634"
"chrX","108041028","108041328","KN294991v1","1565008","1565302","36","106476020"
"chrX","108043162","108043452","KN295748v1","193955","194251","39","107849207"
"chrX","108076531","108076843","KN295114v1","20941","21251","36","108055590"
"chrX","108130596","108130896","KN295748v1","283051","283352","21","107847545"
"chrX","108141183","108141492","KN294387v1","2599087","2599393","37","105542096"
"chrX","108183569","108183874","KN295748v1","336652","336962","28","107846917"
"chrX","108200189","108200485","KN295748v1","353223","353521","29","107846966"
"chrX","108281297","108281603","KN294592v1","777370","777673","39","107503927"
"chrX","108369346","108369640","KN296588v1","1101439","1101738","39","107267907"
"chrX","108539012","108539290","KN295717v1","1514947","1515232","43","107024065"
"chrX","108569800","108570097","KN295983v1","1536250","1536551","50","107033550"
"chrX","108814567","108814892","KN294365v1","1401774","1402095","51","107412793"
"chrX","108896088","108896397","KN296916v1","355187","355492","40","108540901"
"chrX","108897191","108897483","KN294837v1","303054","303351","43","108594137"
"chrX","109029845","109030121","KN294621v1","18106","18379","30","109011739"
"chrX","109032950","109033250","KN297133v1","419676","419981","32","108613274"
"chrX","109070482","109070784","KN294290v1","27187","27499","34","109043295"
"chrX","109203031","109203329","KN295284v1","225096","225393","31","108977935"
"chrX","109216052","109216348","KN296158v1","692023","692317","37","108524029"
"chrX","109880782","109881094","KN295667v1","1687893","1688204","35","108192889"
"chrX","110017606","110017903","KN294469v1","398827","399117","35","109618779"
"chrX","110113372","110113669","KN294469v1","309875","310177","21","109803497"
"chrX","110150296","110150610","KN295667v1","1687893","1688204","38","108462403"
"chrX","110165560","110165856","KN294469v1","259795","260091","25","109905765"
"chrX","110174476","110174798","KN296844v1","5836","6153","40","110168640"
"chrX","110201546","110201845","KN296153v1","3677943","3678242","40","106523603"
"chrX","110205234","110205533","KN296153v1","3677943","3678242","40","106527291"
"chrX","110210615","110210915","KN296381v1","74782","75080","34","110135833"
"chrX","110230602","110230910","KN294469v1","199174","199480","24","110031428"
"chrX","110231171","110231228","KN295633v1","1291321","1291378","8","108939850"
"chrX","110232144","110232444","KN294469v1","197983","198283","29","110034161"
"chrX","110241559","110241858","KN294469v1","187100","187407","24","110054459"
"chrX","110249298","110249580","KN294469v1","180328","180610","21","110068970"
"chrX","110305031","110305322","KN294469v1","122470","122767","22","110182561"
"chrX","110354781","110355079","KN294385v1","18712","19011","32","110336069"
"chrX","110535166","110535460","KN296430v1","330331","330626","32","110204835"
"chrX","110641637","110641941","KN294571v1","1546303","1546607","28","109095334"
"chrX","110828459","110828764","KN294629v1","391799","392102","27","110436660"
"chrX","110881805","110882115","KN296934v1","897698","898003","37","109984107"
"chrX","111369482","111369783","KN295561v1","256425","256726","35","111113057"
"chrX","111695986","111696277","KN295553v1","286242","286533","25","111409744"
"chrX","111903388","111903687","KN294421v1","1436535","1436832","35","110466853"
"chrX","112044601","112044892","KN295248v1","864102","864388","40","111180499"
"chrX","112097473","112097766","KN296762v1","276376","276678","24","111821097"
"chrX","112120749","112121048","KN296762v1","254289","254588","18","111866460"
"chrX","112384656","112384947","KN296762v1","29741","30038","30","112354915"
"chrX","112548686","112548965","KN296278v1","387329","387607","36","112161357"
"chrX","112689065","112689328","KN295734v1","202868","203132","22","112486197"
"chrX","112961939","112962234","KN296315v1","357613","357907","32","112604326"
"chrX","113309072","113309352","KN294733v1","316989","317272","38","112992083"
"chrX","113374129","113374425","KN294407v1","93660","93961","40","113280469"
"chrX","113386453","113386754","KN295365v1","9497","9798","34","113376956"
"chrX","113420456","113420757","KN294747v1","1006978","1007284","39","112413478"
"chrX","113447617","113447913","KN296732v1","2013890","2014190","42","111433727"
"chrX","113494820","113495116","KN295077v1","585208","585503","37","112909612"
"chrX","113550638","113550931","KN295758v1","733307","733598","37","112817331"
"chrX","113551500","113551794","KN296133v1","239214","239508","40","113312286"
"chrX","113561939","113562234","KN297008v1","1975388","1975682","31","111586551"
"chrX","113566933","113567229","KN295114v1","20941","21251","44","113545992"
"chrX","113604996","113605278","KN295596v1","1495924","1496205","29","112109072"
"chrX","113812055","113812357","KN295633v1","141651","141946","36","113670404"
"chrX","114056001","114056279","KN295350v1","636567","636846","32","113419434"
"chrX","114247645","114247911","KN296781v1","126640","126929","48","114121005"
"chrX","114383266","114383573","KN295323v1","358969","359277","38","114024297"
"chrX","114386948","114387243","KN296712v1","16206","16501","21","114370742"
"chrX","114604488","114604775","KN296311v1","4110039","4110330","36","110494449"
"chrX","114610616","114610918","KN295919v1","100991","101296","33","114509625"
"chrX","114631636","114631909","KN296503v1","697072","697345","35","113934564"
"chrX","114798625","114798919","KN296062v1","1796687","1796987","34","113001938"
"chrX","115153567","115153859","KN297165v1","1143723","1144010","56","114009844"
"chrX","115370722","115371010","KN295893v1","2309532","2309821","39","113061190"
"chrX","115405875","115406143","KN295962v1","383890","384156","33","115021985"
"chrX","115466527","115466805","KN296580v1","1062909","1063188","43","114403618"
"chrX","115598734","115599022","KN294181v1","803706","803994","42","114795028"
"chrX","115603074","115603369","KN297404v1","250653","250947","30","115352421"
"chrX","115826245","115826559","KN295758v1","997500","997807","44","114828745"
"chrX","115958374","115958671","KN297019v1","1233639","1233939","36","114724735"
"chrX","115975440","115975758","KN294911v1","387955","388270","45","115587485"
"chrX","116028282","116028410","KN297320v1","1897288","1897411","20","114130994"
"chrX","116104719","116105009","KN294911v1","3820095","3820391","37","112284624"
"chrX","116160929","116161226","KN295708v1","1014721","1015018","42","115146208"
"chrX","116177081","116177390","KN295962v1","1921217","1921530","41","114255864"
"chrX","116250747","116251065","KN296884v1","112125","112445","43","116138622"
"chrX","116261149","116261455","KN295236v1","4576569","4576870","38","111684580"
"chrX","116299750","116300049","KN295523v1","296488","296786","39","116003262"
"chrX","116307000","116307306","KN296357v1","356792","357093","40","115950208"
"chrX","116314940","116315270","KN295601v1","761243","761570","44","115553697"
"chrX","116415441","116415761","KN296158v1","1672506","1672810","59","114742935"
"chrX","116448261","116448575","KN294717v1","373979","374286","41","116074282"
"chrX","117338997","117339138","KN295533v1","1134391","1134530","23","116204606"
"chrX","117584056","117584353","KN294251v1","2057577","2057867","46","115526479"
"chrX","117629077","117629380","KN295350v1","243779","244085","43","117385298"
"chrX","117772265","117772567","KN294790v1","2757948","2758248","39","115014317"
"chrX","118101544","118101850","KN294717v1","373979","374286","37","117727565"
"chrX","118568868","118569169","KN296665v1","244248","244547","37","118324620"
"chrX","118573630","118573839","KN297312v1","599146","599380","55","117974484"
"chrX","118706464","118706766","KN294662v1","79885","80185","29","118626579"
"chrX","118803918","118804227","KN295930v1","866085","866385","34","117937833"
"chrX","118851085","118851391","KN295930v1","819852","820158","19","118031233"
"chrX","118864185","118864484","KN295930v1","806685","806983","27","118057500"
"chrX","118938840","118939139","KN295930v1","806685","806983","27","118132155"
"chrX","118946983","118947260","KN296513v1","1339873","1340152","37","117607110"
"chrX","118967072","118967368","KN297320v1","483965","484258","35","118483107"
"chrX","118977746","118978044","KN295930v1","766325","766615","24","118211421"
"chrX","118995317","118995613","KN295930v1","746886","747174","26","118248431"
"chrX","119003667","119003946","KN295424v1","228248","228528","37","118775419"
"chrX","119005876","119006176","KN295930v1","736327","736621","31","118269549"
"chrX","119009283","119009586","KN294717v1","373979","374286","35","118635304"
"chrX","119019635","119019938","KN295236v1","4576569","4576870","32","114443066"
"chrX","119049815","119050128","KN295930v1","691128","691441","36","118358687"
"chrX","119061458","119061770","KN295572v1","419230","419536","39","118642228"
"chrX","119122858","119123141","KN296486v1","572134","572422","40","118550724"
"chrX","119172246","119172529","KN294733v1","316989","317272","32","118855257"
"chrX","119211968","119212282","KN295236v1","2360987","2361301","34","116850981"
"chrX","119240343","119240648","KN296547v1","713658","713962","30","118526685"
"chrX","119426713","119427006","KN295930v1","314687","314975","29","119112026"
"chrX","119485867","119486177","KN296153v1","2057313","2057618","36","117428554"
"chrX","119568674","119568952","KN295090v1","1159475","1159761","39","118409199"
"chrX","119720181","119720498","KN295930v1","15860","16187","46","119704321"
"chrX","119761612","119761911","KN296153v1","3677943","3678242","34","116083669"
"chrX","119831066","119831387","KN297203v1","1796332","1796648","43","118034734"
"chrX","119897034","119897325","KN296153v1","3677943","3678242","39","116219091"
"chrX","119908823","119909134","KN297008v1","6107050","6107363","46","113801773"
"chrX","119941550","119941843","KN294911v1","3820095","3820391","34","116121455"
"chrX","119960987","119961280","KN297165v1","1143723","1144010","33","118817264"
"chrX","119971355","119971662","KN294717v1","373979","374286","36","119597376"
"chrX","119980964","119981248","KN294848v1","1408889","1409183","40","118572075"
"chrX","119987310","119987616","KN294717v1","373979","374286","30","119613331"
"chrX","119990933","119991216","KN295923v1","618645","618931","38","119372288"
"chrX","120035046","120035141","KN296620v1","1044525","1044623","14","118990521"
"chrX","120047310","120047619","KN295114v1","20941","21251","35","120026369"
"chrX","120049962","120050261","KN297019v1","1233639","1233939","29","118816323"
"chrX","120094589","120094888","KN297046v1","2791168","2791468","38","117303421"
"chrX","120104764","120105065","KN297019v1","1233639","1233939","36","118871125"
"chrX","120115591","120115893","KN297125v1","33783","34096","37","120081808"
"chrX","120264483","120264705","KN294444v1","1172","1391","15","120263311"
"chrX","120266589","120266887","KN294591v1","536609","536907","46","119729980"
"chrX","120268734","120269016","KN296580v1","39329","39620","45","120229405"
"chrX","120314614","120314910","KN294444v1","94429","94729","28","120220185"
"chrX","120331909","120332185","KN294991v1","1510448","1510728","49","118821461"
"chrX","120336498","120336732","KN294325v1","1309870","1310113","50","119026628"
"chrX","120344175","120344456","KN294444v1","86423","86704","20","120257752"
"chrX","120356090","120356392","KN295075v1","473320","473622","32","119882770"
"chrX","120359835","120360064","KN294444v1","112791","113027","18","120247044"
"chrX","120385160","120385214","KN294181v1","1472547","1472601","9","118912613"
"chrX","120392219","120392524","KN294387v1","2599087","2599393","34","117793132"
"chrX","120403493","120403788","KN294733v1","144055","144347","39","120259438"
"chrX","120406115","120406244","KN296883v1","1874886","1875010","20","118531229"
"chrX","120408541","120408833","KN296747v1","35746","36041","62","120372795"
"chrX","120415970","120416276","KN294208v1","853291","853593","33","119562679"
"chrX","120421132","120421445","KN294444v1","171387","171681","38","120249745"
"chrX","120439007","120439302","KN294421v1","22671","22970","29","120416336"
"chrX","120441884","120442186","KN294444v1","191403","191699","28","120250481"
"chrX","120443110","120443398","KN294444v1","192920","193207","19","120250190"
"chrX","120464374","120464669","KN294444v1","214254","214566","32","120250120"
"chrX","121009048","121009359","KN295667v1","1687893","1688204","29","119321155"
"chrX","121028723","121029037","KN295667v1","1687893","1688204","42","119340830"
"chrX","121040661","121040969","KN295114v1","20941","21251","36","121019720"
"chrX","121056565","121056857","KN294470v1","2729657","2729960","40","118326908"
"chrX","121059580","121059878","KN294407v1","776051","776345","29","120283529"
"chrX","121067482","121067788","KN296244v1","86518","86815","42","120980964"
"chrX","121078895","121079180","KN295248v1","864102","864388","31","120214793"
"chrX","121169068","121169379","KN296528v1","120134","120444","43","121048934"
"chrX","121189391","121189700","KN294824v1","203242","203547","40","120986149"
"chrX","121196219","121196524","KN296153v1","3677943","3678242","33","117518276"
"chrX","121210993","121211198","KN294739v1","1093016","1093221","42","120117977"
"chrX","121211292","121211389","KN296117v1","86443","86544","18","121124849"
"chrX","121228537","121228834","KN295984v1","1136723","1137018","30","120091814"
"chrX","121240215","121240511","KN296311v1","3721408","3721707","33","117518807"
"chrX","121305889","121306170","KN294991v1","1510448","1510728","32","119795441"
"chrX","121369463","121369760","KN297367v1","171251","171554","35","121198212"
"chrX","121397318","121397621","KN294662v1","79885","80185","33","121317433"
"chrX","121489752","121489894","KN296795v1","1955999","1956137","19","119533753"
"chrX","121649067","121649373","KN295243v1","793307","793612","40","120855760"
"chrX","121706937","121707221","KN294199v1","1604022","1604309","51","120102915"
"chrX","121755011","121755301","KN294739v1","616485","616779","41","121138526"
"chrX","121908368","121908675","KN294387v1","2599087","2599393","44","119309281"
"chrX","121969803","121969854","KN296062v1","1770710","1770763","6","120199093"
"chrX","122028867","122029154","KN294991v1","1565008","1565302","44","120463859"
"chrX","122371156","122371403","KN295474v1","546549","546799","44","121824607"
"chrX","122634345","122634631","KN297095v1","1515149","1515433","34","121119196"
"chrX","123430380","123430548","KN294365v1","1404625","1404795","20","122025755"
"chrX","123935128","123935427","KN296153v1","3677943","3678242","24","120257185"
"chrX","124161845","124162131","KN295350v1","1050025","1050313","36","123111820"
"chrX","124172904","124173195","KN295257v1","604948","605238","43","123567956"
"chrX","124177283","124177594","KN296825v1","1911208","1911519","33","122266075"
"chrX","124261325","124261591","KN297144v1","447328","447614","58","123813997"
"chrX","124265708","124266007","KN294662v1","79885","80185","32","124185823"
"chrX","124271293","124271585","KN294439v1","72624","72920","36","124198669"
"chrX","124285185","124285482","KN295883v1","666071","666367","29","123619114"
"chrX","124290222","124290529","KN297390v1","1640938","1641250","33","122649284"
"chrX","124296827","124297110","KN297229v1","921644","921926","37","123375183"
"chrX","124301044","124301325","KN296079v1","1551529","1551809","33","122749515"
"chrX","124355588","124355893","KN294446v1","445226","445515","46","123910362"
"chrX","124360906","124361204","KN296153v1","3677943","3678242","41","120682963"
"chrX","124364344","124364660","KN294456v1","876419","876725","56","123487925"
"chrX","124391342","124391639","KN295501v1","902998","903291","33","123488344"
"chrX","124395704","124396006","KN294172v1","4761492","4761794","40","119634212"
"chrX","124403330","124403621","KN294260v1","1839383","1839676","35","122563947"
"chrX","124405144","124405443","KN296495v1","2056834","2057132","36","122348310"
"chrX","124410284","124410587","KN295748v1","283051","283352","39","124127233"
"chrX","124448854","124449042","KN295112v1","525292","525486","24","123923562"
"chrX","124519241","124519531","KN294510v1","5278","5564","33","124513963"
"chrX","124550549","124550819","KN295350v1","636567","636846","39","123913982"
"chrX","124636258","124636576","KN294365v1","1401774","1402095","42","123234484"
"chrX","124645681","124645981","KN296732v1","2013890","2014190","28","122631791"
"chrX","124673935","124674232","KN294407v1","270000","270288","50","124403935"
"chrX","124695315","124695606","KN296864v1","812472","812770","37","123882843"
"chrX","124720463","124720765","KN296153v1","3677943","3678242","38","121042520"
"chrX","124812740","124813041","KN294536v1","1859228","1859530","33","122953512"
"chrX","124855288","124855587","KN294172v1","5770836","5771132","36","119084452"
"chrX","124929437","124929742","KN297078v1","406020","406320","33","124523417"
"chrX","124930271","124930421","KN294181v1","1301795","1301938","19","123628476"
"chrX","124985007","124985306","KN294717v1","373979","374286","40","124611028"
"chrX","125084118","125084418","KN296404v1","106219","106515","31","124977899"
"chrX","125369695","125370001","KN294439v1","269158","269457","38","125100537"
"chrX","125493361","125493666","KN294387v1","2599087","2599393","35","122894274"
"chrX","125589102","125589394","KN296849v1","262325","262616","37","125326777"
"chrX","125647524","125647820","KN296732v1","2013890","2014190","34","123633634"
"chrX","125769414","125769672","KN297008v1","2640522","2640786","33","123128892"
"chrX","125783935","125784234","KN294987v1","1351833","1352128","35","124432102"
"chrX","126350045","126350352","KN295114v1","20941","21251","49","126329104"
"chrX","126522172","126522300","KN295523v1","1034213","1034343","20","125487959"
"chrX","126817454","126817757","KN296731v1","1681432","1681735","32","125136022"
"chrX","126934648","126934750","KN296484v1","244834","244938","14","126689814"
"chrX","127142499","127142808","KN295244v1","190064","190370","41","126952435"
"chrX","127356995","127357275","KN296980v1","433309","433585","44","126923686"
"chrX","127640621","127640907","KN296635v1","4770618","4770901","33","122870003"
"chrX","127776825","127777114","KN295825v1","1555832","1556125","41","126220993"
"chrX","127966826","127967126","KN294471v1","599870","600180","45","127366956"
"chrX","128272321","128272637","KN296079v1","989059","989370","43","127283262"
"chrX","128295992","128296143","KN295345v1","1057208","1057354","22","127238784"
"chrX","128318719","128319014","KN294739v1","616485","616779","42","127702234"
"chrX","128349577","128349876","KN294911v1","3820095","3820391","35","124529482"
"chrX","128426721","128427039","KN296486v1","1025304","1025609","47","127401417"
"chrX","128582408","128582702","KN294536v1","1723478","1723769","34","126858930"
"chrX","128807109","128807409","KN296381v1","380331","380634","40","128426778"
"chrX","129097776","129098061","KN295257v1","226236","226516","46","128871540"
"chrX","129512862","129513185","KN295671v1","156158","156468","45","129356704"
"chrX","129735917","129736007","KN297046v1","1354457","1354545","17","128381460"
"chrX","130008025","130008300","KN295995v1","945650","945923","40","129062375"
"chrX","130047937","130048230","KN294536v1","1717253","1717544","35","128330684"
"chrX","130096408","130096698","KN295449v1","720465","720757","34","129375943"
"chrX","130295023","130295321","KN295729v1","1473593","1473887","46","128821430"
"chrX","130376264","130376573","KN295114v1","20941","21251","35","130355323"
"chrX","130485966","130486266","KN296732v1","2013890","2014190","31","128472076"
"chrX","130539537","130539833","KN295459v1","1498869","1499159","31","129040668"
"chrX","130551220","130551522","KN294539v1","761382","761684","37","129789838"
"chrX","130557821","130558128","KN294366v1","260000","260306","37","130297821"
"chrX","130564013","130564159","KN296752v1","409305","409448","24","130154708"
"chrX","130564305","130564599","KN296311v1","7650126","7650419","30","122914179"
"chrX","130579459","130579758","KN294806v1","835206","835511","45","129744253"
"chrX","130655873","130656171","KN295983v1","1536250","1536551","34","129119623"
"chrX","130659674","130659966","KN294416v1","208870","209165","41","130450804"
"chrX","130661654","130661962","KN297070v1","6478","6783","43","130655176"
"chrX","130672917","130673048","KN296119v1","4531888","4532016","21","126141029"
"chrX","130713873","130714173","KN297176v1","81468","81771","36","130632405"
"chrX","130759299","130759597","KN297197v1","173467","173764","36","130585832"
"chrX","130773700","130774003","KN294387v1","2599087","2599393","34","128174613"
"chrX","130857297","130857412","KN297165v1","1033125","1033239","22","129824172"
"chrX","130888597","130888882","KN294842v1","1112068","1112365","48","129776529"
"chrX","130898995","130899289","KN295090v1","1657716","1658013","32","129241279"
"chrX","130900344","130900637","KN294407v1","2733858","2734151","33","128166486"
"chrX","130951322","130951574","KN295984v1","1254388","1254645","33","129696934"
"chrX","130971114","130971425","KN294569v1","828600","828911","38","130142514"
"chrX","130985402","130985712","KN295112v1","343212","343513","39","130642190"
"chrX","131057802","131058112","KN295236v1","2360987","2361301","33","128696815"
"chrX","131188834","131189159","KN295107v1","1477860","1478170","45","129710974"
"chrX","131235820","131236128","KN294578v1","615670","615980","33","130620150"
"chrX","131272566","131272862","KN295803v1","664277","664575","33","130608289"
"chrX","131504695","131505010","KN294717v1","373979","374286","38","131130716"
"chrX","131519130","131519441","KN295045v1","441758","442064","39","131077372"
"chrX","131546647","131546962","KN294717v1","373979","374286","38","131172668"
"chrX","132052293","132052588","KN297133v1","419676","419981","40","131632617"
"chrX","132290628","132290944","KN296784v1","146988","147300","47","132143640"
"chrX","132325096","132325392","KN294588v1","1492426","1492725","35","130832670"
"chrX","132406562","132406856","KN296752v1","400630","400924","34","132005932"
"chrX","132408477","132408776","KN295036v1","18454","18755","44","132390023"
"chrX","132444694","132444992","KN297019v1","1233639","1233939","41","131211055"
"chrX","132472573","132472869","KN294662v1","79885","80185","31","132392688"
"chrX","132789780","132790055","KN297400v1","96550","96833","29","132693230"
"chrX","133053835","133054133","KN294295v1","45223","45529","28","133008612"
"chrX","133331029","133331334","KN297046v1","2791168","2791468","35","130539861"
"chrX","133337986","133338281","KN295090v1","1657716","1658013","32","131680270"
"chrX","133354893","133355202","KN295267v1","829149","829460","39","132525744"
"chrX","133437870","133438167","KN294281v1","368502","368805","43","133069368"
"chrX","133544269","133544551","KN296022v1","20100","20380","32","133524169"
"chrX","133786183","133786489","KN297219v1","677345","677649","36","133108838"
"chrX","133795147","133795458","KN294569v1","429595","429901","38","133365552"
"chrX","133841052","133841353","KN296153v1","3677943","3678242","32","130163109"
"chrX","133913510","133913808","KN296747v1","35746","36041","34","133877764"
"chrX","134074351","134074520","KN296244v1","1009119","1009288","27","133065232"
"chrX","134078153","134078458","KN296731v1","1681432","1681735","26","132396721"
"chrX","134143451","134143755","KN297108v1","212852","213159","30","133930599"
"chrX","134389976","134390278","KN296153v1","3677943","3678242","30","130712033"
"chrX","134436188","134436368","KN294385v1","360129","360315","35","134076059"
"chrX","134449226","134449538","KN294710v1","132427","132733","39","134316799"
"chrX","134556131","134556426","KN296529v1","77634","77927","35","134478497"
"chrX","134566461","134566777","KN296921v1","772309","772621","45","133794152"
"chrX","134578458","134578548","KN296406v1","518868","518960","14","134059590"
"chrX","134619088","134619381","KN295825v1","1555832","1556125","33","133063256"
"chrX","134700457","134700768","KN294387v1","2599087","2599393","41","132101370"
"chrX","134808434","134808717","KN295410v1","574633","574918","35","134233801"
"chrX","134842729","134843019","KN294187v1","743503","743794","34","134099226"
"chrX","134885817","134886116","KN295102v1","9872","10171","31","134875945"
"chrX","134966468","134966772","KN295854v1","1710543","1710845","32","133255925"
"chrX","135004854","135005176","KN295708v1","1004323","1004641","44","134000531"
"chrX","135026396","135026708","KN296833v1","452948","453249","38","134573448"
"chrX","135027517","135027828","KN295059v1","336835","337145","31","134690682"
"chrX","135030697","135030999","KN296833v1","448687","448990","33","134582010"
"chrX","135043532","135043822","KN296063v1","954199","954491","31","134089333"
"chrX","135071252","135071555","KN296833v1","409432","409732","37","134661820"
"chrX","135080111","135080409","KN296404v1","106219","106515","29","134973892"
"chrX","135096559","135096855","KN294399v1","151738","152035","30","134944821"
"chrX","135104833","135105136","KN296191v1","1575518","1575819","33","133529315"
"chrX","135131162","135131299","KN296503v1","521035","521170","21","134610127"
"chrX","135202246","135202531","KN296833v1","285210","285501","29","134917036"
"chrX","135403361","135403671","KN294501v1","353047","353356","37","135050314"
"chrX","135421666","135421959","KN295308v1","2248993","2249293","36","133172673"
"chrX","135459746","135460047","KN297046v1","2791168","2791468","32","132668578"
"chrX","135464524","135464859","KN295758v1","968951","969267","65","134495573"
"chrX","135515742","135516035","KN295907v1","1253096","1253393","30","134262646"
"chrX","135535916","135536216","KN295209v1","634423","634725","36","134901493"
"chrX","135552111","135552403","KN294513v1","735571","735866","40","134816540"
"chrX","135572848","135573153","KN295835v1","81348","81655","17","135491500"
"chrX","135597429","135597716","KN297452v1","2648172","2648463","31","132949257"
"chrX","135621375","135621696","KN297008v1","1083252","1083575","49","134538123"
"chrX","135751177","135751486","KN294717v1","373979","374286","34","135377198"
"chrX","135930296","135930547","KN295430v1","1606937","1607192","41","134323359"
"chrX","136059901","136060208","KN296187v1","256916","257222","36","135802985"
"chrX","136118449","136118798","KN296268v1","192340","192671","58","135926109"
"chrX","136304108","136304394","KN297112v1","2008532","2008818","43","134295576"
"chrX","136381499","136381788","KN294571v1","1558758","1559053","41","134822741"
"chrX","136445381","136445672","KN294571v1","1558758","1559053","41","134886623"
"chrX","136469028","136469332","KN296357v1","356792","357093","39","136112236"
"chrX","136507254","136507545","KN294571v1","1558758","1559053","41","134948496"
"chrX","136524523","136524814","KN296705v1","35425","35719","45","136489098"
"chrX","136544240","136544546","KN294873v1","1152998","1153302","40","135391242"
"chrX","136568907","136569198","KN296705v1","35425","35719","45","136533482"
"chrX","136586174","136586465","KN294571v1","1558758","1559053","41","135027416"
"chrX","136624386","136624690","KN296357v1","356792","357093","39","136267594"
"chrX","136648295","136648586","KN295480v1","714319","714610","50","135933976"
"chrX","136700731","136701029","KN295090v1","1657716","1658013","28","135043015"
"chrX","136719189","136719499","KN295820v1","372417","372708","58","136346772"
"chrX","136748623","136748765","KN295854v1","732069","732204","26","136016554"
"chrX","136756875","136757155","KN295375v1","1178984","1179264","52","135577891"
"chrX","136760166","136760467","KN294717v1","311839","312142","54","136448327"
"chrX","136782136","136782442","KN294991v1","1777117","1777416","47","135005019"
"chrX","136818715","136819009","KN297000v1","300195","300489","30","136518520"
"chrX","136830821","136831124","KN294387v1","2599087","2599393","31","134231734"
"chrX","136859040","136859326","KN296435v1","3246212","3246499","40","133612828"
"chrX","136929525","136929847","KN295701v1","728104","728414","41","136201421"
"chrX","136958709","136959014","KN295984v1","1146437","1146743","39","135812272"
"chrX","136968456","136968748","KN295825v1","1953498","1953787","35","135014958"
"chrX","136972863","136973150","KN297205v1","282017","282299","33","136690846"
"chrX","137024545","137024855","KN296357v1","706115","706421","34","136318430"
"chrX","137067717","137067998","KN296311v1","1497364","1497647","36","135570353"
"chrX","137166609","137166724","KN295236v1","6158321","6158428","26","131008288"
"chrX","137167104","137167150","KN296616v1","278009","278056","7","136889095"
"chrX","137168147","137168404","KN294613v1","521491","521735","58","136646656"
"chrX","137466010","137466313","KN296004v1","29555","29853","41","137436455"
"chrX","137490790","137491087","KN294325v1","616486","616782","34","136874304"
"chrX","137533514","137533810","KN294630v1","64496","64788","36","137469018"
"chrX","137540137","137540434","KN294758v1","374673","374971","34","137165464"
"chrX","137554903","137555215","KN296828v1","288722","289035","32","137266181"
"chrX","137555964","137556273","KN294501v1","104788","105092","43","137451176"
"chrX","137569204","137569301","KN295041v1","49283","49384","16","137519921"
"chrX","137569615","137569911","KN296311v1","1007400","1007697","33","136562215"
"chrX","137601422","137601734","KN294717v1","373979","374286","33","137227443"
"chrX","137603486","137603791","KN295350v1","243779","244085","37","137359707"
"chrX","137626939","137627259","KN294218v1","2134447","2134756","44","135492492"
"chrX","137632124","137632235","KN297386v1","1769570","1769682","18","135862554"
"chrX","137652248","137652548","KN294439v1","269158","269457","33","137383090"
"chrX","137673714","137674009","KN296158v1","692023","692317","30","136981691"
"chrX","137737650","137737963","KN295497v1","720813","721124","39","137016837"
"chrX","137944307","137944452","KN295859v1","27190","27350","30","137917117"
"chrX","137945073","137945120","KN297442v1","1099785","1099843","15","136845288"
"chrX","138024416","138024538","KN295774v1","181900","182025","14","137842516"
"chrX","138106258","138106551","KN294536v1","1717253","1717544","33","136389005"
"chrX","138195465","138195756","KN294181v1","810707","811001","39","137384758"
"chrX","138209404","138209560","KN296752v1","409305","409448","39","137800099"
"chrX","138211594","138211900","KN297390v1","1640938","1641250","40","136570656"
"chrX","138215352","138215647","KN294932v1","178844","179137","21","138036508"
"chrX","138235612","138235920","KN294932v1","151568","151877","38","138084044"
"chrX","138297492","138297798","KN294932v1","85636","85936","21","138211856"
"chrX","138309092","138309412","KN294932v1","71042","71349","27","138238050"
"chrX","138357564","138357841","KN295923v1","2321767","2322047","34","136035797"
"chrX","138364500","138364797","KN296153v1","3677943","3678242","34","134686557"
"chrX","138469125","138469420","KN295983v1","1536250","1536551","32","136932875"
"chrX","138476417","138476730","KN295984v1","868891","869195","44","137607526"
"chrX","138480030","138480340","KN295114v1","20941","21251","44","138459089"
"chrX","138506655","138506942","KN297404v1","243890","244177","32","138262765"
"chrX","138529875","138530175","KN295561v1","256425","256726","39","138273450"
"chrX","138754117","138754427","KN295667v1","1687893","1688204","40","137066224"
"chrX","138863992","138864319","KN296926v1","705887","706201","76","138158105"
"chrX","139272971","139273286","KN294439v1","261107","261420","41","139011864"
"chrX","139420520","139420795","KN297445v1","1441493","1441769","40","137979027"
"chrX","140072181","140072482","KN297047v1","741852","742155","39","139330329"
"chrX","140448688","140448986","KN296809v1","750243","750541","34","139698445"
"chrX","140531339","140531637","KN294758v1","374673","374971","36","140156666"
"chrX","140542682","140542962","KN295744v1","318215","318499","39","140224467"
"chrX","140568906","140569036","KN297229v1","172244","172372","20","140396662"
"chrX","140627851","140628061","KN296210v1","302934","303147","33","140324917"
"chrX","140637641","140637931","KN296290v1","1153877","1154165","29","139483764"
"chrX","140661653","140661965","KN297023v1","934115","934421","42","139727538"
"chrX","140669261","140669548","KN295940v1","167693","167976","36","140501568"
"chrX","140680597","140680888","KN295717v1","1282068","1282360","31","139398529"
"chrX","140699264","140699355","KN296117v1","86443","86544","18","140612821"
"chrX","140730051","140730344","KN294848v1","1408889","1409183","32","139321162"
"chrX","140822216","140822528","KN295571v1","618918","619228","31","140203298"
"chrX","140833941","140834256","KN295114v1","20941","21251","44","140813000"
"chrX","140853655","140853953","KN294921v1","376251","376547","36","140477404"
"chrX","141082614","141082827","KN296210v1","302934","303147","30","140779680"
"chrX","141107781","141108077","KN295814v1","1285532","1285833","31","139822249"
"chrX","141181544","141181813","KN295090v1","1314407","1314676","41","139867137"
"chrX","141344636","141344950","KN295267v1","1187780","1188057","77","140156856"
"chrX","141347605","141347914","KN295114v1","20941","21251","40","141326664"
"chrX","141374904","141375208","KN294387v1","2599087","2599393","44","138775817"
"chrX","141378133","141378431","KN294260v1","628098","628392","40","140750035"
"chrX","141459414","141459538","KN297165v1","1033125","1033239","18","140426289"
"chrX","141485726","141486032","KN297367v1","171251","171554","35","141314475"
"chrX","141500474","141500737","KN296004v1","497955","498218","44","141002519"
"chrX","141717276","141717583","KN295692v1","998365","998674","41","140718911"
"chrX","141780519","141780820","KN297127v1","131395","131695","30","141649124"
"chrX","141790978","141791285","KN295605v1","621515","621818","37","141169463"
"chrX","141851269","141851567","KN295705v1","2819842","2820139","41","139031427"
"chrX","141870785","141871063","KN294705v1","784606","784890","39","141086179"
"chrX","141880150","141880456","KN294662v1","79885","80185","47","141800265"
"chrX","141910278","141910614","KN294964v1","1529852","1530172","69","140380426"
"chrX","141966797","141967096","KN295907v1","1253096","1253393","37","140713701"
"chrX","142017978","142018287","KN295497v1","720813","721124","48","141297165"
"chrX","142030559","142030854","KN296391v1","155230","155526","28","141875329"
"chrX","142106588","142106874","KN296391v1","214053","214347","25","141892535"
"chrX","142212570","142212878","KN294407v1","2595440","2595750","42","139617130"
"chrX","142251524","142251813","KN295592v1","1160942","1161229","35","141090582"
"chrX","142753801","142754103","KN296580v1","3502","3804","38","142750299"
"chrX","143179897","143180208","KN295350v1","243779","244085","37","142936118"
"chrX","143461464","143461788","KN296119v1","659576","659889","57","142801888"
"chrX","143651170","143651471","KN296153v1","3677943","3678242","31","139973227"
"chrX","143701788","143701932","KN294785v1","30350","30504","22","143671438"
"chrX","144162909","144163200","KN295995v1","1426233","1426527","31","142736676"
"chrX","144166692","144167006","KN295735v1","1768589","1768898","47","142398103"
"chrX","144201504","144201806","KN295697v1","189742","190043","33","144011762"
"chrX","144310342","144310640","KN295497v1","449862","450160","41","143860480"
"chrX","144472732","144473030","KN296747v1","35746","36041","40","144436986"
"chrX","144557914","144558212","KN296991v1","997341","997639","32","143560573"
"chrX","144583607","144583905","KN296646v1","797746","798032","38","143785861"
"chrX","144631901","144632177","KN297264v1","12615","12885","39","144619286"
"chrX","145251945","145252261","KN296335v1","187278","187590","49","145064667"
"chrX","145256265","145256562","KN294591v1","333270","333563","46","144922995"
"chrX","145341996","145342312","KN294717v1","373979","374286","42","144968017"
"chrX","145414327","145414593","KN297008v1","2640522","2640786","43","142773805"
"chrX","145591529","145591842","KN294713v1","229498","229805","42","145362031"
"chrX","145611618","145611901","KN296311v1","3017635","3017925","46","142593983"
"chrX","145794859","145795145","KN296749v1","503583","503870","36","145291276"
"chrX","145955851","145956169","KN295987v1","398750","399073","52","145557101"
"chrX","146063764","146064074","KN296290v1","2922783","2923096","42","143140981"
"chrX","146087518","146087835","KN294470v1","415880","416193","43","145671638"
"chrX","146171775","146172071","KN294287v1","962698","962991","36","145209077"
"chrX","146488608","146488918","KN296959v1","29660","29973","39","146458948"
"chrX","146503508","146503775","KN294991v1","255223","255495","48","146248285"
"chrX","146561510","146561818","KN294292v1","136185","136494","36","146425325"
"chrX","146567943","146568249","KN297133v1","419676","419981","33","146148267"
"chrX","146592591","146592892","KN296847v1","447644","447944","35","146144947"
"chrX","146757994","146758283","KN295118v1","210694","211002","43","146547300"
"chrX","146845159","146845459","KN295171v1","869545","869845","34","145975614"
"chrX","147170911","147171148","KN295987v1","1570055","1570304","38","145600856"
"chrX","147487281","147487584","KN294739v1","792700","792993","45","146694581"
"chrX","147497837","147498143","KN294705v1","2160911","2161220","50","145336926"
"chrX","147549517","147549826","KN295983v1","1536250","1536551","43","146013267"
"chrX","147582196","147582493","KN295601v1","2895150","2895452","34","144687046"
"chrX","147783189","147783494","KN294387v1","2599087","2599393","31","145184102"
"chrX","147898618","147898919","KN294365v1","795012","795312","37","147103606"
"chrX","147937914","147938205","KN295236v1","5491143","5491432","43","142446771"
"chrX","147961871","147962168","KN294385v1","101695","101993","43","147860176"
"chrX","147989283","147989584","KN295112v1","343212","343513","27","147646071"
"chrX","148072084","148072382","KN296153v1","3677943","3678242","35","144394141"
"chrX","148094524","148094821","KN295039v1","323671","323967","33","147770853"
"chrX","148282017","148282306","KN295112v1","343212","343513","44","147938805"
"chrX","148302404","148302704","KN295692v1","1562388","1562681","39","146740016"
"chrX","148527266","148527566","KN296357v1","356792","357093","34","148170474"
"chrX","148624839","148625141","KN296731v1","1681432","1681735","36","146943407"
"chrX","148683931","148684238","KN296732v1","2013890","2014190","38","146670041"
"chrX","148685193","148685499","KN296934v1","897698","898003","33","147787495"
"chrX","149066762","149067058","KN295605v1","87871","88163","41","148978891"
"chrX","149106402","149106708","KN296357v1","706115","706421","34","148400287"
"chrX","149384932","149385244","KN297043v1","86345","86659","26","149298587"
"chrX","149488838","149489169","KN296308v1","871499","871827","40","148617339"
"chrX","149973151","149973441","KN297112v1","3807555","3807848","42","146165596"
"chrX","150233009","150233308","KN296825v1","1629999","1630301","41","148603010"
"chrX","150348839","150349130","KN294264v1","261999","262293","33","150086840"
"chrX","150793041","150793339","KN294264v1","261999","262293","28","150531042"
"chrX","150847778","150848078","KN294662v1","79885","80185","30","150767893"
"chrX","150914580","150914897","KN294264v1","371563","371884","21","150543017"
"chrX","151338108","151338417","KN295171v1","585734","586041","43","150752374"
"chrX","151395408","151395698","KN296747v1","35746","36041","33","151359662"
"chrX","151437846","151437932","KN296573v1","17183","17267","13","151420663"
"chrX","151480356","151480657","KN296712v1","16206","16501","35","151464150"
"chrX","151549528","151549773","KN295433v1","566711","566958","35","150982817"
"chrX","151628241","151628538","KN294758v1","2189671","2189970","33","149438570"
"chrX","151658476","151658762","KN296079v1","6930","7220","33","151651546"
"chrX","151681976","151682254","KN295983v1","156153","156432","39","151525823"
"chrX","151713839","151714154","KN294407v1","2595440","2595750","40","149118399"
"chrX","151716483","151716730","KN295596v1","3219530","3219777","38","148496953"
"chrX","151748348","151748653","KN295706v1","113161","113472","30","151635187"
"chrX","151752654","151752919","KN296859v1","1784752","1785017","35","149967902"
"chrX","151820253","151820306","KN296939v1","40290","40346","6","151779963"
"chrX","151820988","151821236","KN296209v1","175512","175747","62","151645476"
"chrX","151878127","151878434","KN295205v1","1418815","1419114","39","150459312"
"chrX","151890539","151890822","KN294172v1","2999478","2999758","36","148891061"
"chrX","152137462","152137767","KN297276v1","182647","182946","34","151954815"
"chrX","152201582","152201880","KN294824v1","147930","148224","35","152053652"
"chrX","152205613","152205922","KN295906v1","114342","114649","36","152091271"
"chrX","152281514","152281818","KN294824v1","203242","203547","26","152078272"
"chrX","152313184","152313449","KN296833v1","400791","401052","34","151912393"
"chrX","152705581","152705779","KN295503v1","6171","6373","29","152699410"
"chrX","152795478","152795785","KN295703v1","149656","149961","29","152645822"
"chrX","152961277","152961598","KN295576v1","554633","554946","43","152406644"
"chrX","153058066","153058370","KN297133v1","419676","419981","33","152638390"
"chrX","153078598","153078894","KN295236v1","3672786","3673083","34","149405812"
"chrX","153291267","153291557","KN296037v1","51039","51340","34","153240228"
"chrX","153600044","153600343","KN295962v1","1759185","1759481","35","151840859"
"chrX","153681208","153681255","KN296616v1","278009","278056","12","153403199"
"chrX","153694855","153695158","KN294987v1","439387","439694","38","153255468"
"chrX","153891394","153891694","KN294172v1","6084365","6084668","47","147807029"
"chrX","154132846","154133151","KN295241v1","568617","568920","26","153564229"
"chrX","154321641","154321796","KN296381v1","14948","15105","19","154306693"
"chrX","154322146","154322239","KN296138v1","126877","126965","21","154195269"
"chrX","154355938","154356245","KN295241v1","338921","339233","29","154017017"
"chrX","154370214","154370524","KN294848v1","727104","727415","38","153643110"
"chrX","154370585","154370870","KN297095v1","1515149","1515433","44","152855436"
"chrX","154408780","154409090","KN295112v1","343212","343513","39","154065568"
"chrX","154414053","154414354","KN295241v1","280274","280566","35","154133779"
"chrX","154442423","154442733","KN295241v1","251320","251631","22","154191103"
"chrX","154536081","154536369","KN296311v1","715482","715765","45","153820599"
"chrX","154576237","154576524","KN295931v1","176695","176986","37","154399542"
"chrX","154669161","154669474","KN294513v1","614988","615293","34","154054173"
"chrX","154692212","154692519","KN295114v1","20941","21251","39","154671271"
"chrX","154692535","154692843","KN296485v1","429084","429391","38","154263451"
"chrX","154737213","154737511","KN295642v1","69802","70104","24","154667411"
"chrX","154767771","154768065","KN297314v1","117021","117312","36","154650750"
"chrX","154809734","154810045","KN294172v1","2273174","2273475","52","152536560"
"chrX","154817253","154817565","KN294642v1","11318","11626","28","154805935"
"chrX","154867113","154867413","KN294613v1","747893","748193","35","154119220"
"chrX","154995594","154995889","KN294365v1","795012","795312","42","154200582"
"chrX","154996818","154997117","KN296466v1","28778","29089","30","154968040"
"chrX","155024114","155024423","KN296466v1","53904","54204","33","154970210"
"chrX","155027196","155027385","KN294592v1","1377982","1378158","35","153649214"
"chrX","155052847","155053150","KN294387v1","1455868","1456171","35","153596979"
"chrX","155070852","155071166","KN295667v1","1687893","1688204","36","153382959"
"chrX","155080461","155080622","KN296508v1","1877204","1877364","22","153203257"
"chrX","155109764","155110070","KN296466v1","138763","139069","34","154971001"
"chrX","155212053","155212358","KN296732v1","1506588","1506898","29","153705465"
"chrX","155229175","155229478","KN296732v1","1506588","1506898","29","153722587"
"chrX","155302298","155302601","KN296732v1","1506588","1506898","29","153795710"
"chrX","155392509","155392814","KN297133v1","419676","419981","37","154972833"
"chrX","155416604","155416890","KN294479v1","328046","328334","35","155088558"
"chrX","155760328","155760624","KN296316v1","247482","247782","34","155512846"
"chrX","155814000","155814308","KN294717v1","373979","374286","38","155440021"
"chrX","155889631","155889931","KN296153v1","3677943","3678242","33","152211688"
"chrX","155894972","155895282","KN294728v1","1530565","1530875","34","154364407"
"chrX","155953718","155954025","KN297133v1","419676","419981","35","155534042"
"chrX","156038251","156038558","KN294906v1","297327","297642","29","155740924"
"chrX","156066273","156066581","KN294387v1","2599087","2599393","33","153467186"
"chrX","156230053","156230337","KN295424v1","228248","228528","32","156001805"
"chrX","156631909","156632217","KN296206v1","10407","10706","33","156621502"
"chrX","156637740","156638028","KN295459v1","1614660","1614952","37","155023080"
"chrX","156695876","156696184","KN294262v1","2954079","2954389","37","153741797"
"chrX","156714415","156714704","KN297165v1","1143723","1144010","35","155570692"
"chrX","156747533","156747815","KN294539v1","2245383","2245665","34","154502150"
"chrY","197870","198150","KN295039v1","188651","188935","49","9219"
"chrY","198353","198672","KN295501v1","793394","793721","46","595041"
"chrY","264059","264363","KN296959v1","478668","478968","43","214609"
"chrY","269352","269662","KN297153v1","1366929","1367240","48","1097577"
"chrY","269877","270177","KN294842v1","133378","133687","44","136499"
"chrY","556711","557006","KN295474v1","64743","65039","40","491968"
"chrY","649866","650168","KN296825v1","1911208","1911519","39","1261342"
"chrY","689729","690034","KN296503v1","716951","717254","33","27222"
"chrY","723902","724221","KN297423v1","29346","29654","53","694556"
"chrY","733048","733280","KN297242v1","2310027","2310255","51","1576979"
"chrY","827690","827981","KN294855v1","87091","87381","48","740599"
"chrY","880285","880592","KN295480v1","714319","714610","79","165966"
"chrY","936809","936929","KN294911v1","2541337","2541450","37","1604528"
"chrY","937250","937559","KN295906v1","7772","8065","61","929478"
"chrY","1059362","1059658","KN295571v1","618918","619228","65","440444"
"chrY","1078144","1078445","KN295236v1","4576569","4576870","48","3498425"
"chrY","1110715","1110969","KN296225v1","241417","241680","57","869298"
"chrY","1819492","1819791","KN295573v1","646494","646793","44","1172998"
"chrY","1884489","1884791","KN294365v1","795012","795312","53","1089477"
"chrY","1913414","1913708","KN296849v1","262325","262616","53","1651089"
"chrY","1992702","1993001","KN295573v1","646494","646793","44","1346208"
"chrY","2281981","2282287","KN294243v1","112547","112853","51","2169434"
"chrY","2300604","2300869","KN295315v1","1195093","1195352","43","1105511"
"chrY","2404587","2404912","KN296481v1","263678","263991","60","2140909"
"chrY","2878408","2878741","KN295962v1","982275","982610","62","1896133"
"chrY","2981925","2982192","KN296635v1","5050048","5050310","44","2068123"
"chrY","3189502","3189797","KN295571v1","618918","619228","66","2570584"
"chrY","3208288","3208584","KN294416v1","208870","209165","49","2999418"
"chrY","3336383","3336685","KN294855v1","84807","85103","51","3251576"
"chrY","3345240","3345529","KN294855v1","87091","87381","41","3258149"
"chrY","3467754","3467877","KN294325v1","308927","309059","34","3158827"
"chrY","3468187","3468501","KN295573v1","225784","226089","70","3242403"
"chrY","3476935","3477146","KN294917v1","280653","280860","47","3196282"
"chrY","3604955","3605250","KN297242v1","1417565","1417865","50","2187390"
"chrY","3613092","3613395","KN295244v1","190064","190370","52","3423028"
"chrY","3900261","3900564","KN295244v1","190064","190370","52","3710197"
"chrY","3908416","3908711","KN297242v1","1417565","1417865","50","2490851"
"chrY","4170203","4170338","KN295533v1","1134391","1134530","25","3035812"
"chrY","4403559","4403770","KN294917v1","280653","280860","47","4122906"
"chrY","4412839","4412962","KN294325v1","308927","309059","34","4103912"
"chrY","4535178","4535467","KN294855v1","87091","87381","41","4448087"
"chrY","4672075","4672370","KN295077v1","585208","585503","47","4086867"
"chrY","4682375","4682657","KN296225v1","497718","498000","41","4184657"
"chrY","4804203","4804510","KN297159v1","1898530","1898831","68","2905673"
"chrY","4804831","4804950","KN295601v1","759151","759251","35","4045680"
"chrY","4861450","4861757","KN295480v1","714319","714610","80","4147131"
"chrY","4914125","4914416","KN294855v1","87091","87381","49","4827034"
"chrY","5023001","5023320","KN297423v1","29346","29654","54","4993655"
"chrY","5071136","5071455","KN297423v1","29346","29654","54","5041790"
"chrY","5080235","5080435","KN294378v1","1365001","1365199","53","3715234"
"chrY","5195293","5195584","KN294855v1","87091","87381","49","5108202"
"chrY","5247939","5248246","KN295480v1","714319","714610","80","4533620"
"chrY","5304774","5304893","KN295601v1","759151","759251","35","4545623"
"chrY","5305214","5305521","KN297159v1","1898530","1898831","68","3406684"
"chrY","5426706","5426992","KN295854v1","1466288","1466586","42","3960418"
"chrY","5437052","5437350","KN295236v1","4576569","4576870","50","860483"
"chrY","5469647","5469901","KN296225v1","241417","241680","57","5228230"
"chrY","6178536","6178835","KN295573v1","646494","646793","43","5532042"
"chrY","6257869","6258163","KN296849v1","262325","262616","54","5995544"
"chrY","6286785","6287087","KN294365v1","795012","795312","53","5491773"
"chrY","6351538","6351815","KN295835v1","204032","204310","67","6147506"
"chrY","6501787","6502073","KN296153v1","3928048","3928334","58","2573739"
"chrY","6509915","6510227","KN296496v1","424647","424959","60","6085268"
"chrY","6606858","6607135","KN295268v1","123435","123705","47","6483423"
"chrY","6905325","6905622","KN297190v1","3876533","3876830","43","3028792"
"chrY","6918735","6919062","KN294767v1","563444","563771","52","6355291"
"chrY","6945128","6945412","KN294711v1","646506","646789","43","6298622"
"chrY","6975263","6975548","KN296869v1","722139","722424","26","6253124"
"chrY","6976443","6976722","KN296869v1","735415","735687","41","6241028"
"chrY","7285314","7285582","KN296176v1","123298","123563","49","7162016"
"chrY","8111157","8111468","KN296096v1","3549806","3550110","52","4561351"
"chrY","8183731","8184035","KN297095v1","1721548","1721855","45","6462183"
"chrY","8346834","8347110","KN294421v1","379705","379985","50","7967129"
"chrY","8351992","8352303","KN297184v1","713975","714282","45","7638017"
"chrY","8423347","8423639","KN296205v1","756673","756959","53","7666674"
"chrY","8846426","8846597","KN294372v1","1822934","1823103","37","7023492"
"chrY","9129415","9129714","KN295573v1","646494","646793","46","8482921"
"chrY","9208677","9208971","KN296849v1","262325","262616","53","8946352"
"chrY","9237633","9237935","KN294365v1","795012","795312","53","8442621"
"chrY","9302642","9302941","KN295573v1","646494","646793","45","8656148"
"chrY","9586767","9586938","KN294372v1","1822934","1823103","37","7763833"
"chrY","9866314","9866613","KN295573v1","646494","646793","45","9219820"
"chrY","9956918","9957212","KN296849v1","262325","262616","53","9694593"
"chrY","10036211","10036510","KN295573v1","646494","646793","44","9389717"
"chrY","10314905","10315076","KN294372v1","1822934","1823103","37","8491971"
"chrY","10597962","10598261","KN295573v1","646494","646793","46","9951468"
"chrY","10677194","10677488","KN296849v1","262325","262616","53","10414869"
"chrY","10706115","10706417","KN294365v1","795012","795312","53","9911103"
"chrY","10771183","10771482","KN295573v1","646494","646793","45","10124689"
"chrY","11105780","11106097","KN296019v1","206153","206463","55","10899627"
"chrY","11579437","11579762","KN296481v1","263678","263991","61","11315759"
"chrY","11683253","11683520","KN296635v1","5050048","5050310","42","6633205"
"chrY","11862415","11862712","KN295571v1","618918","619228","69","11243497"
"chrY","11881172","11881469","KN296557v1","291965","292264","49","11589207"
"chrY","12018056","12018344","KN294855v1","87091","87381","42","11930965"
"chrY","12140870","12140993","KN294325v1","308927","309059","34","11831943"
"chrY","12141303","12141617","KN295573v1","225784","226089","70","11915519"
"chrY","12150048","12150259","KN294917v1","280653","280860","48","11869395"
"chrY","12383249","12383384","KN295533v1","1134391","1134530","25","11248858"
"chrY","12644638","12644933","KN297242v1","1417565","1417865","51","11227073"
"chrY","12652775","12653078","KN294842v1","1546094","1546403","53","11106681"
"chrY","12876600","12876910","KN294407v1","2599527","2599837","58","10277073"
"chrY","12913078","12913381","KN294842v1","1546094","1546403","53","11366984"
"chrY","12921222","12921517","KN297242v1","1417565","1417865","50","11503657"
"chrY","13049294","13049505","KN294917v1","280653","280860","47","12768641"
"chrY","13057935","13058249","KN295573v1","225784","226089","70","12832151"
"chrY","13058559","13058682","KN294325v1","308927","309059","34","12749632"
"chrY","13181006","13181297","KN294855v1","87091","87381","42","13093915"
"chrY","13317688","13317983","KN295077v1","585208","585503","47","12732480"
"chrY","13328031","13328317","KN295854v1","1466288","1466586","42","11861743"
"chrY","13449885","13450192","KN297159v1","1898530","1898831","68","11551355"
"chrY","13450513","13450632","KN295601v1","759151","759251","35","12691362"
"chrY","13507162","13507469","KN295480v1","714319","714610","80","12792843"
"chrY","13559802","13560093","KN294855v1","87091","87381","49","13472711"
"chrY","13654567","13654799","KN297242v1","2310027","2310255","51","11344540"
"chrY","13663643","13663962","KN297423v1","29346","29654","53","13634297"
"chrY","13711778","13712097","KN297423v1","29346","29654","53","13682432"
"chrY","13720933","13721165","KN297242v1","2310027","2310255","51","11410906"
"chrY","13868378","13868685","KN295480v1","714319","714610","80","13154059"
"chrY","13925208","13925327","KN295601v1","759151","759251","35","13166057"
"chrY","13925648","13925955","KN297159v1","1898530","1898831","68","12027118"
"chrY","14047464","14047746","KN296225v1","497718","498000","40","13549746"
"chrY","14057786","14058083","KN297227v1","1018475","1018768","49","13039311"
"chrY","14090353","14090607","KN296225v1","241417","241680","58","13848936"
"chrY","14800123","14800422","KN295573v1","646494","646793","44","14153629"
"chrY","14865173","14865475","KN294790v1","2757948","2758248","53","12107225"
"chrY","14893988","14894282","KN296849v1","262325","262616","53","14631663"
"chrY","14973241","14973540","KN295573v1","646494","646793","44","14326747"
"chrY","15404618","15404923","KN295692v1","1871320","1871623","49","13533298"
"chrY","15421676","15421943","KN296635v1","5050048","5050310","41","10371628"
"chrY","15524467","15524780","KN294224v1","1197602","1197911","56","14326865"
"chrY","15981529","15981850","KN297158v1","608865","609176","59","15372664"
"chrY","16525812","16526111","KN295573v1","646494","646793","43","15879318"
"chrY","16590808","16591110","KN294365v1","795012","795312","53","15795796"
"chrY","16619793","16620087","KN296849v1","262325","262616","53","16357468"
"chrY","16698982","16699281","KN295573v1","646494","646793","44","16052488"
"chrY","16996646","16996932","KN295459v1","1543442","1543739","57","15453204"
"chrY","17210642","17210951","KN296495v1","519300","519607","50","16691342"
"chrY","17218780","17218900","KN296119v1","4358460","4358574","24","12860320"
"chrY","17974111","17974402","KN294874v1","934343","934646","53","17039768"
"chrY","18025985","18026268","KN295352v1","560167","560444","64","17465818"
"chrY","18057485","18057791","KN297323v1","176102","176406","36","17881383"
"chrY","18104101","18104228","KN296635v1","1644884","1645014","17","16459217"
"chrY","18265683","18265977","KN297320v1","2087688","2087983","50","16177995"
"chrY","18324601","18324908","KN296849v1","255185","255487","46","18069416"
"chrY","18334499","18334796","KN296481v1","409639","409925","55","17924860"
"chrY","18532878","18533167","KN294326v1","545731","546030","64","17987147"
"chrY","18547332","18547629","KN295871v1","13561","13858","47","18533771"
"chrY","18549970","18550278","KN296311v1","4394725","4395035","44","14155245"
"chrY","18623747","18624049","KN295580v1","1390","1690","55","18622357"
"chrY","18769183","18769462","KN294407v1","527200","527485","53","18241983"
"chrY","18797114","18797420","KN297008v1","1083252","1083575","70","17713862"
"chrY","18799542","18799840","KN295345v1","1379880","1380168","46","17419662"
"chrY","18862238","18862519","KN297197v1","173467","173764","62","18688771"
"chrY","19074238","19074345","KN295767v1","54296","54406","21","19019942"
"chrY","19178732","19178839","KN295767v1","54296","54406","21","19124436"
"chrY","19273839","19274134","KN294685v1","964908","965202","43","18308931"
"chrY","19291097","19291404","KN296357v1","706115","706421","49","18584982"
"chrY","19428026","19428316","KN295225v1","852978","853269","39","18575048"
"chrY","19757498","19757789","KN297314v1","218511","218802","41","19538987"
"chrY","19780865","19781165","KN294530v1","164599","164896","35","19616266"
"chrY","19781354","19781569","KN294539v1","11762","11974","39","19769592"
"chrY","19793905","19794191","KN297314v1","117021","117312","47","19676884"
"chrY","19908254","19908529","KN296486v1","572134","572422","52","19336120"
"chrY","20083279","20083583","KN296357v1","356792","357093","42","19726487"
"chrY","20130212","20130503","KN296119v1","4951165","4951463","41","15179047"
"chrY","20172437","20172730","KN295281v1","319663","319958","44","19852774"
"chrY","20216446","20216743","KN297058v1","24871","25166","55","20191575"
"chrY","20266909","20267200","KN294181v1","810707","811001","38","19456202"
"chrY","20278026","20278327","KN296486v1","698399","698705","40","19579627"
"chrY","20327716","20328029","KN294220v1","1820","2131","45","20325896"
"chrY","20440116","20440381","KN297219v1","2564555","2564824","34","17875561"
"chrY","20442017","20442322","KN296482v1","296847","297153","48","20145170"
"chrY","20452156","20452453","KN295605v1","194810","195106","46","20257346"
"chrY","20495287","20495558","KN294385v1","562803","563081","45","19932484"
"chrY","20572075","20572346","KN296306v1","883522","883801","54","19688553"
"chrY","20597437","20597734","KN294385v1","143562","143857","49","20453875"
"chrY","20601266","20601571","KN296054v1","53838","54144","37","20547428"
"chrY","20604820","20605117","KN297046v1","2791168","2791468","42","17813652"
"chrY","20696327","20696619","KN294385v1","562803","563081","55","20133524"
"chrY","20730677","20730830","KN294372v1","1368766","1368917","43","19361911"
"chrY","20730873","20730988","KN295671v1","106018","106131","20","20624855"
"chrY","20787424","20787722","KN297197v1","173467","173764","43","20613957"
"chrY","20819835","20820137","KN294697v1","98914","99214","43","20720921"
"chrY","20901966","20902267","KN295112v1","343212","343513","35","20558754"
"chrY","20905776","20906039","KN296187v1","1378188","1378465","56","19527588"
"chrY","20981742","20982045","KN294717v1","373979","374286","57","20607763"
"chrY","21003081","21003378","KN294561v1","296837","297132","37","20706244"
"chrY","21019500","21019797","KN294662v1","175951","176255","47","20843549"
"chrY","21160328","21160626","KN294758v1","374673","374971","41","20785655"
"chrY","21160842","21161141","KN296119v1","6426036","6426336","49","14734806"
"chrY","21471664","21471836","KN296921v1","716664","716837","30","20755000"
"chrY","21667139","21667424","KN297242v1","351132","351417","44","21316007"
"chrY","21752866","21753152","KN296635v1","4366679","4366964","42","17386187"
"chrY","21800812","21801115","KN294239v1","729457","729757","53","21071355"
"chrY","21912827","21913116","KN297219v1","858424","858713","45","21054403"
"chrY","22010244","22010524","KN296311v1","1537694","1537975","59","20472550"
"chrY","22112846","22113146","KN295077v1","585208","585503","52","21527638"
"chrY","22154931","22155254","KN294806v1","998248","998555","67","21156683"
"chrY","22559592","22559894","KN296508v1","1890610","1890919","43","20668982"
"chrY","22673595","22673910","KN296058v1","94497","94804","60","22579098"
"chrY","22698182","22698482","KN296058v1","62393","62700","41","22635789"
"chrY","22974717","22974971","KN294486v1","585631","585878","55","22389086"
"chrY","23025250","23025523","KN295057v1","288669","288945","44","22736581"
"chrY","23258628","23258920","KN294976v1","1114164","1114449","56","22144464"
"chrY","23654233","23654571","KN294809v1","1088386","1088706","66","22565847"
"chrY","23808638","23808949","KN294407v1","2595440","2595750","49","21213198"
"chrY","23879072","23879359","KN296072v1","178373","178661","48","23700699"
"chrY","23948432","23948734","KN294205v1","612591","612886","51","23335841"
"chrY","24168824","24168860","KN296339v1","96550","96598","15","24072274"
"chrY","24420452","24420754","KN294205v1","612591","612886","51","23807861"
"chrY","24489820","24490107","KN296072v1","178373","178661","48","24311447"
"chrY","24560233","24560544","KN294407v1","2595440","2595750","49","21964793"
"chrY","24581133","24581439","KN297019v1","1233639","1233939","44","23347494"
"chrY","24773644","24773773","KN297112v1","5952025","5952160","21","18821619"
"chrY","24972222","24972517","KN296381v1","74782","75080","49","24897440"
"chrY","25111397","25111703","KN295571v1","417304","417615","43","24694093"
"chrY","25125770","25126077","KN297046v1","2791168","2791468","51","22334602"
"chrY","25127257","25127568","KN294946v1","345161","345470","40","24782096"
"chrY","25174087","25174368","KN295244v1","403747","404032","44","24770340"
"chrY","25241755","25242011","KN296449v1","822","1085","39","25240933"
"chrY","25254117","25254419","KN294239v1","1722431","1722728","45","23531686"
"chrY","25274227","25274515","KN296205v1","605596","605883","52","24668631"
"chrY","25358613","25358923","KN296335v1","187278","187590","52","25171335"
"chrY","25465559","25465848","KN297229v1","405977","406257","41","25059582"
"chrY","25549353","25549641","KN296695v1","95559","95847","33","25453794"
"chrY","25584123","25584423","KN296695v1","150153","150448","42","25433970"
"chrY","25589793","25590089","KN294739v1","616485","616779","51","24973308"
"chrY","25600547","25600864","KN295315v1","697808","698109","78","24902739"
"chrY","25614716","25615011","KN295983v1","1536250","1536551","39","24078466"
"chrY","25686947","25687244","KN294685v1","1072465","1072762","36","24614482"
"chrY","25694139","25694449","KN296508v1","1890610","1890919","42","23803529"
"chrY","25707222","25707527","KN296357v1","706115","706421","40","25001107"
"chrY","25733961","25734249","KN296695v1","191724","192008","41","25542237"
"chrY","25814030","25814355","KN295375v1","1437004","1437325","59","24377026"
"chrY","25845162","25845482","KN296481v1","263678","263991","39","25581484"
"chrY","25878681","25878979","KN297158v1","513475","513773","46","25365206"
"chrY","25970711","25971005","KN295533v1","1053416","1053711","47","24917295"
"chrY","25999719","25999986","KN295523v1","3618519","3618784","42","22381200"
"chrY","26080532","26080826","KN297019v1","1233639","1233939","39","24846893"
"chrY","26128663","26128962","KN296464v1","284570","284867","33","25844093"
"chrY","26189675","26189970","KN296847v1","45243","45542","46","26144432"
"chrY","26271820","26272119","KN294172v1","6084365","6084668","54","20187455"
"chrY","26294893","26295173","KN297219v1","1672011","1672284","41","24622882"
"chrY","26323476","26323777","KN295573v1","646494","646793","34","25676982"
"chrY","26338389","26338689","KN295315v1","360280","360581","42","25978109"
"chr10","119013347","119013413","KN294949v1","1154722","1154795","18","117858625"
"chr10","116665","116961","KN297017v1","10997","11287","30","105668"
"chr10","122554","122834","KN296635v1","5447621","5447911","43","5325067"
"chr10","127519","127830","KN295114v1","20941","21251","38","106578"
"chr10","162469","162748","KN296682v1","4848071","4848353","37","4685602"
"chr10","230382","230662","KN294218v1","2913047","2913320","36","2682665"
"chr10","240618","240927","KN297159v1","3314158","3314468","38","3073540"
"chr10","383338","383598","KN294218v1","2770774","2771040","25","2387436"
"chr10","674784","675079","KN296528v1","120134","120444","53","554650"
"chr10","782996","783296","KN294218v1","2430356","2430656","26","1647360"
"chr10","876741","877042","KN296453v1","529669","529966","42","347072"
"chr10","922352","922657","KN294218v1","2294211","2294506","34","1371859"
"chr10","958707","959007","KN294662v1","79885","80185","31","878822"
"chr10","978963","979266","KN294387v1","1455868","1456171","38","476905"
"chr10","979783","980089","KN296934v1","897698","898003","33","82085"
"chr10","1000001","1000096","KN295983v1","1889572","1889663","14","889571"
"chr10","1007106","1007424","KN294218v1","2207772","2208095","34","1200666"
"chr10","1020638","1020958","KN295995v1","165168","165480","41","855470"
"chr10","1079250","1079549","KN294218v1","2134447","2134756","35","1055197"
"chr10","1087928","1088212","KN294218v1","2125088","2125374","32","1037160"
"chr10","1115839","1116140","KN296921v1","497818","498120","31","618021"
"chr10","1302302","1302585","KN294218v1","1932426","1932708","22","630124"
"chr10","1511188","1511424","KN294218v1","1748695","1748937","24","237507"
"chr10","1551691","1551993","KN294387v1","2599087","2599393","44","1047396"
"chr10","1588111","1588417","KN294218v1","1669233","1669520","40","81122"
"chr10","1625909","1626208","KN294218v1","1633132","1633430","27","7223"
"chr10","1933254","1933519","KN295708v1","181414","181680","38","1751840"
"chr10","1967018","1967274","KN294218v1","1276763","1277030","38","690255"
"chr10","2012487","2012782","KN294218v1","1226320","1226615","29","786167"
"chr10","2032276","2032572","KN296404v1","106219","106515","36","1926057"
"chr10","2275316","2275602","KN296661v1","1303368","1303652","34","971948"
"chr10","2278281","2278587","KN295984v1","868891","869195","38","1409390"
"chr10","2446641","2446933","KN295984v1","1107277","1107569","38","1339364"
"chr10","2485687","2485953","KN294218v1","692325","692586","37","1793362"
"chr10","2533946","2534240","KN295893v1","1337385","1337679","40","1196561"
"chr10","2725112","2725405","KN294407v1","2733858","2734151","35","8746"
"chr10","2827577","2827865","KN295721v1","197604","197890","32","2629973"
"chr10","2974955","2975277","KN296404v1","1071088","1071415","45","1903867"
"chr10","3097703","3097981","KN294456v1","501623","501902","39","2596080"
"chr10","3105253","3105566","KN295459v1","1552885","1553193","40","1552368"
"chr10","3275471","3275779","KN294470v1","382310","382622","36","2893161"
"chr10","3355169","3355462","KN296864v1","722959","723256","33","2632210"
"chr10","3419363","3419667","KN295977v1","249013","249314","41","3170350"
"chr10","3437455","3437748","KN297008v1","3405455","3405752","35","32000"
"chr10","3442827","3443140","KN295114v1","20941","21251","39","3421886"
"chr10","3591000","3591305","KN296588v1","1228829","1229131","43","2362171"
"chr10","3625524","3625833","KN296520v1","401670","401982","36","3223854"
"chr10","3645717","3646010","KN297159v1","618451","618746","34","3027266"
"chr10","3668858","3668955","KN295117v1","250395","250496","16","3418463"
"chr10","3705508","3705812","KN296934v1","897698","898003","38","2807810"
"chr10","3729852","3730156","KN296846v1","686029","686343","40","3043823"
"chr10","3739632","3739844","KN294539v1","11762","11974","32","3727870"
"chr10","3960001","3960310","KN296926v1","1007879","1008183","39","2952122"
"chr10","3998095","3998410","KN296281v1","60300","60607","46","3937795"
"chr10","4000282","4000497","KN294387v1","4031832","4032046","39","31550"
"chr10","4108998","4109283","KN297165v1","1143723","1144010","42","2965275"
"chr10","4180105","4180428","KN296153v1","4222018","4222332","43","41913"
"chr10","4418016","4418302","KN295022v1","486627","486913","35","3931389"
"chr10","4574469","4574741","KN296538v1","1870720","1871003","45","2703749"
"chr10","4777832","4777986","KN296431v1","72328","72483","18","4705504"
"chr10","4831312","4831645","KN294571v1","2173447","2173770","61","2657865"
"chr10","4892592","4892905","KN296311v1","6628940","6629251","45","1736348"
"chr10","5010126","5010435","KN296306v1","1099162","1099469","46","3910964"
"chr10","5048605","5048847","KN296637v1","529155","529393","41","4519450"
"chr10","5155084","5155384","KN294407v1","249623","249924","43","4905461"
"chr10","5414765","5415066","KN297390v1","1640938","1641250","42","3773827"
"chr10","5424669","5424970","KN295171v1","209667","209966","33","5215002"
"chr10","5478497","5478794","KN295209v1","634423","634725","39","4844074"
"chr10","5480408","5480707","KN294269v1","637639","637939","33","4842769"
"chr10","5489807","5490108","KN294758v1","374673","374971","27","5115134"
"chr10","5517883","5518158","KN295294v1","254531","254798","58","5263352"
"chr10","5541615","5541910","KN294571v1","1012216","1012510","34","4529399"
"chr10","5616486","5616796","KN296063v1","277443","277751","29","5339043"
"chr10","5660807","5661120","KN295075v1","473320","473622","35","5187487"
"chr10","5673971","5674265","KN296063v1","343987","344279","24","5329984"
"chr10","5747218","5747520","KN296063v1","417508","417801","39","5329710"
"chr10","5884852","5885158","KN294172v1","4761492","4761794","36","1123360"
"chr10","5902709","5903016","KN296063v1","571142","571449","30","5331567"
"chr10","5934605","5934901","KN295667v1","1687893","1688204","45","4246712"
"chr10","5969348","5969660","KN294557v1","60815","61127","39","5908533"
"chr10","5972269","5972580","KN296063v1","637507","637806","41","5334762"
"chr10","5986123","5986407","KN296063v1","650820","651105","25","5335303"
"chr10","5986501","5986806","KN294325v1","986307","986615","43","5000194"
"chr10","6114634","6114986","KN294372v1","1824260","1824577","89","4290374"
"chr10","6152008","6152307","KN295708v1","1948345","1948646","35","4203663"
"chr10","6164419","6164668","KN295923v1","2244613","2244856","36","3919806"
"chr10","6171069","6171379","KN296063v1","860250","860555","35","5310819"
"chr10","6171471","6171764","KN295717v1","1103973","1104266","33","5067498"
"chr10","6248341","6248642","KN296063v1","936788","937086","26","5311553"
"chr10","6264615","6264923","KN296063v1","954199","954491","38","5310416"
"chr10","6271568","6271876","KN296063v1","957593","957905","30","5313975"
"chr10","6272760","6273059","KN295729v1","306171","306471","29","5966589"
"chr10","6370821","6371116","KN294407v1","2733858","2734151","37","3636963"
"chr10","6373103","6373404","KN294470v1","2793388","2793686","39","3579715"
"chr10","6383062","6383371","KN296063v1","1064190","1064488","33","5318872"
"chr10","6481830","6482141","KN295923v1","1231839","1232151","41","5249991"
"chr10","6492411","6492703","KN294758v1","2189671","2189970","34","4302740"
"chr10","6728691","6729000","KN296119v1","2884341","2884644","48","3844350"
"chr10","6827219","6827534","KN296253v1","1410097","1410406","50","5417122"
"chr10","6910702","6910987","KN295586v1","1394804","1395098","41","5515898"
"chr10","6956461","6956761","KN297314v1","117021","117312","32","6839440"
"chr10","7177308","7177622","KN295893v1","1737842","1738165","60","5439466"
"chr10","7254485","7254685","KN294842v1","1530256","1530465","40","5724229"
"chr10","7285379","7285585","KN296306v1","2328285","2328501","46","4957094"
"chr10","7291191","7291486","KN296153v1","3677943","3678242","38","3613248"
"chr10","7350632","7350942","KN294456v1","876419","876725","43","6474213"
"chr10","7436998","7437281","KN294911v1","4733403","4733686","36","2703595"
"chr10","7476255","7476548","KN296311v1","3017635","3017925","53","4458620"
"chr10","7551162","7551457","KN296153v1","3677943","3678242","31","3873219"
"chr10","7563239","7563529","KN296311v1","3017635","3017925","39","4545604"
"chr10","7571365","7571663","KN294911v1","2160588","2160880","36","5410777"
"chr10","7602748","7603064","KN294257v1","1337815","1338136","46","6264933"
"chr10","7694517","7694816","KN295077v1","585208","585503","35","7109309"
"chr10","7702237","7702543","KN294539v1","761382","761684","37","6940855"
"chr10","7707181","7707460","KN294711v1","646506","646789","37","7060675"
"chr10","7735974","7736272","KN294747v1","670418","670717","36","7065556"
"chr10","7761570","7761869","KN296404v1","106219","106515","35","7655351"
"chr10","7763900","7764198","KN294561v1","296837","297132","35","7467063"
"chr10","7793756","7794050","KN295257v1","443937","444244","45","7349819"
"chr10","7803022","7803325","KN294385v1","335685","335986","29","7467337"
"chr10","7829645","7829952","KN295350v1","243779","244085","36","7585866"
"chr10","7869233","7869542","KN294387v1","1455868","1456171","48","6413365"
"chr10","7901446","7901739","KN296009v1","486602","486896","50","7414844"
"chr10","8098911","8099208","KN296759v1","638542","638840","37","7460369"
"chr10","8116645","8116948","KN294387v1","2599087","2599393","31","5517558"
"chr10","8232242","8232553","KN295059v1","336835","337145","30","7895407"
"chr10","8300221","8300517","KN294433v1","409687","409987","38","7890534"
"chr10","8377481","8377770","KN295045v1","330502","330797","40","8046979"
"chr10","8524369","8524657","KN294536v1","1607732","1608024","36","6916637"
"chr10","8534103","8534389","KN295685v1","886501","886798","52","7647602"
"chr10","8560349","8560669","KN294365v1","1401774","1402095","57","7158575"
"chr10","8582752","8583055","KN294181v1","101041","101343","44","8481711"
"chr10","8629172","8629484","KN295236v1","3985587","3985900","37","4643585"
"chr10","8669480","8669776","KN295236v1","3672786","3673083","39","4996694"
"chr10","8698967","8699250","KN295090v1","1165047","1165331","39","7533920"
"chr10","8841047","8841300","KN295596v1","3219530","3219777","42","5621517"
"chr10","8864619","8864809","KN296495v1","992432","992621","34","7872187"
"chr10","8865939","8865992","KN295352v1","703885","703938","12","8162054"
"chr10","8908924","8909246","KN296062v1","1877888","1878199","43","7031036"
"chr10","8916405","8916699","KN294260v1","1839383","1839676","35","7077022"
"chr10","8959790","8960059","KN297165v1","3420478","3420753","43","5539312"
"chr10","8968120","8968434","KN296311v1","2385206","2385523","45","6582914"
"chr10","9233231","9233533","KN295382v1","148115","148414","43","9085116"
"chr10","9333765","9334059","KN294591v1","333270","333563","41","9000495"
"chr10","9364223","9364526","KN296381v1","91265","91569","40","9272958"
"chr10","9392975","9393265","KN296513v1","2018431","2018731","47","7374544"
"chr10","9417932","9418240","KN294647v1","185825","186131","42","9232107"
"chr10","9448267","9448564","KN294433v1","482950","483258","50","8965317"
"chr10","9462656","9462952","KN296225v1","121130","121425","33","9341526"
"chr10","9518376","9518670","KN295708v1","1014721","1015018","40","8503655"
"chr10","9762605","9762926","KN297317v1","20735","21043","44","9741870"
"chr10","10053338","10053614","KN295906v1","77622","77914","42","9975716"
"chr10","10109202","10109498","KN296732v1","2013890","2014190","42","8095312"
"chr10","10135483","10135795","KN296079v1","3120577","3120895","41","7014906"
"chr10","10191778","10192060","KN296079v1","3061313","3061600","50","7130465"
"chr10","10360497","10360796","KN295995v1","1426233","1426527","45","8934264"
"chr10","10400117","10400402","KN294513v1","150959","151244","37","10249158"
"chr10","10487407","10487707","KN296732v1","2013890","2014190","32","8473517"
"chr10","10605216","10605538","KN294439v1","261107","261420","42","10344109"
"chr10","10631161","10631301","KN295725v1","1376133","1376269","20","9255028"
"chr10","10673885","10674177","KN297314v1","117021","117312","38","10556864"
"chr10","10725051","10725361","KN296079v1","2523839","2524156","37","8201212"
"chr10","10758172","10758489","KN296079v1","2491787","2492123","58","8266385"
"chr10","10791847","10792163","KN296079v1","2458742","2459048","40","8333105"
"chr10","10813916","10814218","KN295171v1","231499","231801","40","10582417"
"chr10","11012958","11013257","KN296079v1","2241026","2241327","27","8771932"
"chr10","11036922","11037212","KN296079v1","2216377","2216665","31","8820545"
"chr10","11128606","11128912","KN296357v1","706115","706421","38","10422491"
"chr10","11388844","11389121","KN297314v1","117021","117312","41","11271823"
"chr10","11520140","11520444","KN296486v1","698399","698705","34","10821741"
"chr10","11540850","11541161","KN296079v1","1715614","1715926","22","9825236"
"chr10","11566706","11566993","KN296079v1","1690869","1691164","41","9875837"
"chr10","11567014","11567304","KN296079v1","1690558","1690851","20","9876456"
"chr10","11673172","11673462","KN296732v1","1322628","1322917","42","10350544"
"chr10","11709186","11709481","KN295984v1","974577","974872","39","10734609"
"chr10","11735986","11736274","KN294558v1","725381","725667","39","11010605"
"chr10","11806533","11806819","KN296079v1","1452803","1453088","25","10353730"
"chr10","11812523","11812846","KN297000v1","300195","300489","66","11512328"
"chr10","11815086","11815370","KN296079v1","1444236","1444521","38","10370850"
"chr10","11877824","11878112","KN296079v1","1385459","1385751","34","10492365"
"chr10","11913114","11913414","KN296580v1","3502","3804","35","11909612"
"chr10","11931681","11931986","KN296079v1","1328599","1328900","31","10603082"
"chr10","11955130","11955414","KN294831v1","296510","296802","43","11658620"
"chr10","11970895","11971195","KN295117v1","285369","285672","39","11685526"
"chr10","11987293","11987589","KN294758v1","2189671","2189970","32","9797622"
"chr10","12050598","12050898","KN295034v1","63947","64249","40","11986651"
"chr10","12051883","12052178","KN294439v1","269158","269457","39","11782725"
"chr10","12082494","12082780","KN295117v1","329951","330239","34","11752543"
"chr10","12125993","12126288","KN296865v1","1674895","1675192","42","10451098"
"chr10","12139587","12139863","KN296883v1","3251704","3251984","36","8887883"
"chr10","12160296","12160602","KN295059v1","336835","337145","30","11823461"
"chr10","12205410","12205711","KN296062v1","2035715","2036023","38","10169695"
"chr10","12208615","12208918","KN296079v1","1043746","1044050","29","11164869"
"chr10","12210346","12210652","KN294233v1","747756","748061","48","11462590"
"chr10","12223096","12223407","KN296404v1","1938458","1938769","37","10284638"
"chr10","12235350","12235659","KN296759v1","638542","638840","47","11596808"
"chr10","12251153","12251454","KN295580v1","1390","1690","34","12249763"
"chr10","12264267","12264578","KN296079v1","989059","989370","23","11275208"
"chr10","12287210","12287512","KN295523v1","2519145","2519447","32","9768065"
"chr10","12311151","12311426","KN294185v1","653333","653604","33","11657818"
"chr10","12354169","12354460","KN296079v1","899464","899762","29","11454705"
"chr10","12366075","12366369","KN296079v1","887782","888062","38","11478293"
"chr10","12397335","12397640","KN295984v1","868891","869195","37","11528444"
"chr10","12400216","12400473","KN295526v1","384122","384388","48","12016094"
"chr10","12408779","12409081","KN295748v1","283051","283352","43","12125728"
"chr10","12421535","12421759","KN297095v1","3580075","3580303","56","8841460"
"chr10","12422107","12422401","KN295995v1","1426233","1426527","32","10995874"
"chr10","12435790","12436088","KN296079v1","818314","818613","37","11617476"
"chr10","12442067","12442347","KN295623v1","97006","97286","40","12345061"
"chr10","12463364","12463669","KN297133v1","419676","419981","33","12043688"
"chr10","12506105","12506404","KN294346v1","271830","272127","35","12234275"
"chr10","12714642","12714924","KN296079v1","545724","546008","22","12168918"
"chr10","12738088","12738375","KN296079v1","521934","522223","35","12216154"
"chr10","12751217","12751521","KN295236v1","4576569","4576870","36","8174648"
"chr10","12774165","12774465","KN295667v1","1687893","1688204","39","11086272"
"chr10","12775914","12776209","KN296079v1","485081","485371","26","12290833"
"chr10","12788959","12789254","KN294739v1","616485","616779","38","12172474"
"chr10","12845879","12846187","KN296079v1","415062","415368","35","12430817"
"chr10","12870059","12870367","KN295637v1","695559","695863","44","12174500"
"chr10","12872412","12872717","KN296079v1","389311","389612","27","12483101"
"chr10","12885952","12886095","KN296795v1","1955999","1956137","19","10929953"
"chr10","12930460","12930765","KN296079v1","338790","339089","35","12591670"
"chr10","12949430","12949734","KN296079v1","319058","319354","35","12630372"
"chr10","12953626","12953897","KN296538v1","2198933","2199204","33","10754693"
"chr10","12969409","12969703","KN294239v1","556738","557036","33","12412671"
"chr10","13037274","13037578","KN295854v1","1710543","1710845","37","11326731"
"chr10","13038152","13038429","KN296079v1","227664","227952","34","12810488"
"chr10","13048092","13048394","KN294592v1","796312","796613","37","12251780"
"chr10","13058681","13058978","KN296079v1","207695","207989","48","12850986"
"chr10","13186200","13186492","KN295883v1","666071","666367","36","12520129"
"chr10","13205897","13206199","KN294588v1","494059","494353","45","12711838"
"chr10","13236548","13236853","KN296079v1","37310","37622","30","13199238"
"chr10","13345298","13345573","KN295586v1","2857743","2858021","44","10487555"
"chr10","13375851","13376147","KN294995v1","61376","61672","44","13314475"
"chr10","13433660","13433964","KN297452v1","2293568","2293874","34","11140092"
"chr10","13442806","13443110","KN295995v1","165168","165480","34","13277638"
"chr10","13471954","13472248","KN294561v1","810685","810981","38","12661269"
"chr10","13496607","13496935","KN297398v1","124354","124680","51","13372253"
"chr10","13505037","13505340","KN297133v1","419676","419981","39","13085361"
"chr10","13519876","13520150","KN294262v1","1583811","1584087","46","11936065"
"chr10","13562635","13562943","KN296934v1","897698","898003","39","12664937"
"chr10","13586765","13587071","KN295995v1","298924","299230","38","13287841"
"chr10","13782694","13782995","KN295995v1","485989","486283","28","13296705"
"chr10","13878999","13879317","KN295988v1","500728","501042","36","13378271"
"chr10","13934399","13934710","KN295382v1","230497","230807","31","13703902"
"chr10","13960730","13961024","KN294161v1","265801","266094","31","13694929"
"chr10","13968091","13968395","KN296732v1","2013890","2014190","37","11954201"
"chr10","13990346","13990636","KN297227v1","1018475","1018768","35","12971871"
"chr10","14054559","14054752","KN294825v1","467615","467810","36","13586944"
"chr10","14055086","14055141","KN296303v1","601715","601771","13","13453371"
"chr10","14119129","14119425","KN294758v1","2189671","2189970","38","11929458"
"chr10","14141413","14141705","KN295907v1","1253096","1253393","35","12888317"
"chr10","14143695","14143997","KN294856v1","296536","296838","33","13847159"
"chr10","14240561","14240837","KN295995v1","945650","945923","31","13294911"
"chr10","14245176","14245358","KN295633v1","2374600","2374789","24","11870576"
"chr10","14261839","14262143","KN297095v1","2087459","2087755","45","12174380"
"chr10","14272095","14272129","KN296339v1","96550","96598","17","14175545"
"chr10","14276314","14276604","KN295459v1","1614660","1614952","33","12661654"
"chr10","14370367","14370667","KN294385v1","18712","19011","36","14351655"
"chr10","14399265","14399560","KN296404v1","106219","106515","32","14293046"
"chr10","14684787","14685095","KN295995v1","1386680","1386991","35","13298107"
"chr10","14688470","14688759","KN296311v1","2428073","2428369","41","12260397"
"chr10","14725125","14725428","KN295995v1","1426233","1426527","31","13298892"
"chr10","14749152","14749457","KN295995v1","1448873","1449185","40","13300279"
"chr10","14820646","14820934","KN296311v1","567375","567646","55","14253271"
"chr10","14955126","14955424","KN295995v1","1657698","1657999","24","13297428"
"chr10","15038278","15038571","KN295995v1","1736627","1736933","38","13301651"
"chr10","15068280","15068590","KN295995v1","1760459","1760763","28","13307821"
"chr10","15091422","15091727","KN296487v1","187059","187364","38","14904363"
"chr10","15194771","15195077","KN297442v1","2461526","2461820","45","12733245"
"chr10","15203358","15203662","KN296252v1","427395","427704","41","14775963"
"chr10","15273026","15273317","KN295449v1","720465","720757","32","14552561"
"chr10","15279759","15280071","KN295114v1","20941","21251","30","15258818"
"chr10","15287312","15287620","KN296145v1","3434479","3434782","49","11852833"
"chr10","15292976","15293254","KN296921v1","1593699","1593969","48","13699277"
"chr10","15302182","15302482","KN295090v1","1657716","1658013","39","13644466"
"chr10","15332666","15332957","KN295553v1","286242","286533","43","15046424"
"chr10","15375596","15375900","KN295523v1","1048577","1048884","38","14327019"
"chr10","15470037","15470325","KN294470v1","2257307","2257595","45","13212730"
"chr10","15475757","15476057","KN295995v1","1921398","1921694","31","13554359"
"chr10","15502720","15503006","KN295995v1","1947867","1948154","25","13554853"
"chr10","15534822","15535131","KN296825v1","1708209","1708517","42","13826613"
"chr10","15539839","15540136","KN295430v1","1641544","1641843","32","13898295"
"chr10","15559609","15559898","KN295995v1","2001765","2002054","16","13557844"
"chr10","15603955","15604247","KN294439v1","257473","257771","38","15346482"
"chr10","15610849","15611124","KN295995v1","945650","945923","39","14665199"
"chr10","15618345","15618635","KN295940v1","54119","54401","36","15564226"
"chr10","15665294","15665590","KN297046v1","1903140","1903432","35","13762154"
"chr10","15724939","15725231","KN295940v1","143161","143454","17","15581778"
"chr10","15733985","15734286","KN295940v1","152258","152557","36","15581727"
"chr10","15745840","15746157","KN295940v1","162612","162927","38","15583228"
"chr10","15750657","15750947","KN295940v1","167693","167976","25","15582964"
"chr10","15775979","15776271","KN295940v1","192936","193237","32","15583043"
"chr10","15826746","15827057","KN295940v1","247000","247310","31","15579746"
"chr10","15835668","15836007","KN296404v1","1071088","1071415","52","14764580"
"chr10","15839414","15839723","KN295940v1","259810","260121","33","15579604"
"chr10","15891664","15891954","KN295940v1","311991","312269","43","15579673"
"chr10","15925325","15925631","KN295940v1","346654","346950","35","15578671"
"chr10","15975128","15975434","KN294717v1","373979","374286","40","15601149"
"chr10","15998316","15998658","KN297070v1","726636","726978","38","15271680"
"chr10","16002860","16003148","KN295984v1","974577","974872","40","15028283"
"chr10","16019377","16019676","KN295940v1","435614","435915","29","15583763"
"chr10","16035093","16035393","KN294260v1","621951","622250","36","15413142"
"chr10","16130080","16130381","KN294536v1","1195413","1195715","33","14934667"
"chr10","16155708","16156006","KN294218v1","2831459","2831758","35","13324249"
"chr10","16170586","16170877","KN295708v1","2656981","2657271","35","13513605"
"chr10","16412482","16412783","KN297019v1","448462","448760","42","15964020"
"chr10","16540418","16540726","KN295936v1","1040084","1040396","47","15500334"
"chr10","16556836","16557118","KN296682v1","4654198","4654485","44","11902638"
"chr10","16582438","16582743","KN295708v1","1954541","1954845","35","14627897"
"chr10","16646516","16646646","KN294172v1","5285027","5285162","16","11361489"
"chr10","16646694","16646786","KN296921v1","647221","647304","37","15999473"
"chr10","16647277","16647308","KN297105v1","1138514","1138551","15","15508763"
"chr10","16695061","16695336","KN297095v1","1570174","1570460","46","15124887"
"chr10","16751845","16752141","KN294257v1","904188","904483","34","15847657"
"chr10","16754901","16755189","KN295350v1","1050025","1050313","48","15704876"
"chr10","16795958","16796256","KN295294v1","842343","842650","47","15953615"
"chr10","16830442","16830737","KN295814v1","1285532","1285833","39","15544910"
"chr10","16839407","16839718","KN297165v1","2960789","2961103","45","13878618"
"chr10","16849719","16849949","KN294949v1","1102235","1102466","43","15747484"
"chr10","16882222","16882532","KN295983v1","1536250","1536551","40","15345972"
"chr10","16916029","16916337","KN297153v1","1366929","1367240","35","15549100"
"chr10","16920158","16920434","KN294458v1","1437341","1437626","50","15482817"
"chr10","16930996","16931307","KN297390v1","1640938","1641250","33","15290058"
"chr10","17079779","17080092","KN295114v1","20941","21251","36","17058838"
"chr10","17107423","17107715","KN294210v1","1337256","1337541","45","15770167"
"chr10","17125194","17125484","KN297259v1","382961","383251","40","16742233"
"chr10","17214864","17215166","KN297038v1","661781","662094","36","16553083"
"chr10","17222145","17222438","KN294911v1","2187187","2187481","42","15034958"
"chr10","17262655","17262954","KN295257v1","604948","605238","42","16657707"
"chr10","17302604","17302897","KN297047v1","1381959","1382248","45","15920645"
"chr10","17425500","17425812","KN296357v1","356792","357093","35","17068708"
"chr10","17515460","17515767","KN295480v1","1447608","1447918","35","16067852"
"chr10","17575176","17575471","KN294741v1","399307","399598","46","17175869"
"chr10","17661599","17661907","KN295605v1","712558","712868","35","16949041"
"chr10","17701159","17701462","KN294292v1","136185","136494","53","17564974"
"chr10","17868618","17868890","KN296079v1","1551529","1551809","34","16317089"
"chr10","17961392","17961680","KN296732v1","2013890","2014190","41","15947502"
"chr10","17980104","17980230","KN294848v1","1256280","1256415","27","16723824"
"chr10","17980386","17980552","KN295236v1","745238","745405","29","17235148"
"chr10","17991931","17992266","KN295601v1","761243","761570","46","17230688"
"chr10","18007408","18007713","KN294287v1","233073","233375","34","17774335"
"chr10","18044449","18044774","KN295601v1","761243","761570","39","17283206"
"chr10","18053893","18054188","KN295995v1","1426233","1426527","37","16627660"
"chr10","18096251","18096548","KN295294v1","133861","134153","33","17962390"
"chr10","18125247","18125538","KN296557v1","709141","709435","47","17416106"
"chr10","18196187","18196512","KN297398v1","124354","124680","50","18071833"
"chr10","18211348","18211666","KN295988v1","360550","360868","51","17850798"
"chr10","18257789","18258083","KN297000v1","300195","300489","31","17957594"
"chr10","18259248","18259402","KN297133v1","1448856","1449025","40","16810392"
"chr10","18294219","18294554","KN296145v1","424587","424911","50","17869632"
"chr10","18314548","18314858","KN295692v1","998365","998674","40","17316183"
"chr10","18321450","18321738","KN295022v1","486627","486913","36","17834823"
"chr10","18325456","18325754","KN295744v1","354112","354413","38","17971344"
"chr10","18340554","18340855","KN296096v1","3183138","3183434","45","15157416"
"chr10","18362636","18362931","KN294462v1","73428","73721","27","18289208"
"chr10","18373386","18373696","KN296365v1","1588024","1588336","32","16785362"
"chr10","18404811","18405116","KN295350v1","243779","244085","40","18161032"
"chr10","18408153","18408459","KN295171v1","231499","231801","41","18176654"
"chr10","18503346","18503643","KN294790v1","1007547","1007843","37","17495799"
"chr10","18601792","18602096","KN294470v1","2729657","2729960","34","15872135"
"chr10","18638074","18638343","KN296449v1","822","1085","35","18637252"
"chr10","18679854","18680176","KN294966v1","58498","58811","52","18621356"
"chr10","18692759","18693053","KN297008v1","2743729","2744025","35","15949030"
"chr10","18726313","18726630","KN296406v1","470066","470382","44","18256247"
"chr10","18765881","18766178","KN295893v1","1337385","1337679","37","17428496"
"chr10","18767798","18768101","KN294239v1","1722431","1722728","38","17045367"
"chr10","18822239","18822526","KN295610v1","346665","346955","25","18475574"
"chr10","18844365","18844661","KN295225v1","852978","853269","39","17991387"
"chr10","18881897","18882175","KN295610v1","409740","410021","30","18472157"
"chr10","18895558","18895851","KN297165v1","1143723","1144010","45","17751835"
"chr10","18914930","18915204","KN296343v1","422792","423066","46","18492138"
"chr10","18918679","18918974","KN295610v1","447714","448009","22","18470965"
"chr10","18921058","18921362","KN294493v1","398644","398949","55","18522414"
"chr10","18951413","18951720","KN295610v1","479081","479377","37","18472332"
"chr10","18962788","18962954","KN296062v1","1385765","1385929","23","17577023"
"chr10","18970825","18971136","KN297038v1","661781","662094","34","18309044"
"chr10","19072634","19072939","KN296430v1","666666","666968","38","18405968"
"chr10","19079691","19079974","KN295257v1","226236","226516","36","18853455"
"chr10","19092032","19092311","KN296682v1","4848071","4848353","38","14243961"
"chr10","19096104","19096383","KN295923v1","2321767","2322047","35","16774337"
"chr10","19107448","19107639","KN295042v1","1","188","37","19107447"
"chr10","19157591","19157888","KN296959v1","478668","478968","41","18678923"
"chr10","19176533","19176831","KN295722v1","1554813","1555112","41","17621720"
"chr10","19202041","19202329","KN294251v1","1303021","1303316","43","17899020"
"chr10","19211283","19211534","KN295610v1","706599","706842","26","18504684"
"chr10","19223106","19223404","KN295995v1","1657698","1657999","34","17565408"
"chr10","19238543","19238836","KN295610v1","736049","736351","36","18502494"
"chr10","19477537","19477838","KN295623v1","351700","351997","25","19125837"
"chr10","19593611","19593912","KN294662v1","79885","80185","39","19513726"
"chr10","19690072","19690356","KN295202v1","63794","64082","38","19626278"
"chr10","19822720","19823031","KN297390v1","1640938","1641250","46","18181782"
"chr10","19826531","19826832","KN296357v1","356792","357093","39","19469739"
"chr10","19928421","19928715","KN294911v1","3820095","3820391","38","16108326"
"chr10","20021663","20021959","KN296311v1","6279031","6279329","31","13742632"
"chr10","20085639","20085938","KN296296v1","55887","56187","35","20029752"
"chr10","20128097","20128398","KN296513v1","2018431","2018731","41","18109666"
"chr10","20159525","20159824","KN295907v1","184749","185051","39","19974776"
"chr10","20248558","20248848","KN295497v1","449862","450160","38","19798696"
"chr10","20302234","20302534","KN296357v1","356792","357093","36","19945442"
"chr10","20428931","20429228","KN294588v1","494059","494353","38","19934872"
"chr10","20548846","20549142","KN295382v1","148115","148414","35","20400731"
"chr10","20576174","20576453","KN295371v1","611094","611376","45","19965080"
"chr10","20603597","20603719","KN295361v1","171226","171341","19","20432371"
"chr10","20648955","20649243","KN295294v1","334706","334991","39","20314249"
"chr10","20759591","20759897","KN296934v1","897698","898003","43","19861893"
"chr10","20808808","20809112","KN296036v1","1076601","1076901","43","19732207"
"chr10","20830096","20830224","KN294218v1","1171858","1171994","33","19658238"
"chr10","20830583","20830641","KN295987v1","1134217","1134274","11","19696366"
"chr10","20920354","20920629","KN296062v1","2466715","2466991","33","18453639"
"chr10","20967167","20967459","KN295820v1","372417","372708","27","20594750"
"chr10","20989805","20990088","KN297165v1","1143723","1144010","35","19846082"
"chr10","20992950","20993260","KN294705v1","1847829","1848142","32","19145121"
"chr10","21019470","21019703","KN296661v1","691903","692136","30","20327567"
"chr10","21026701","21027007","KN294758v1","2268406","2268708","40","18758295"
"chr10","21111466","21111776","KN297165v1","1902812","1903121","42","19208654"
"chr10","21115053","21115357","KN296187v1","2922650","2922953","37","18192403"
"chr10","21473220","21473513","KN296588v1","813149","813445","38","20660071"
"chr10","21513257","21513548","KN297153v1","1246542","1246840","39","20266715"
"chr10","21520850","21521140","KN294470v1","2729657","2729960","50","18791193"
"chr10","21555856","21556153","KN296187v1","2500984","2501283","33","19054872"
"chr10","21571458","21571774","KN295988v1","360550","360868","45","21210908"
"chr10","21577397","21577688","KN296726v1","212753","213045","33","21364644"
"chr10","21583644","21583913","KN295667v1","257546","257810","48","21326098"
"chr10","21585991","21586282","KN297046v1","3346849","3347137","50","18239142"
"chr10","21586545","21586827","KN296948v1","137327","137614","46","21449218"
"chr10","21596985","21597285","KN295090v1","2057671","2057967","29","19539314"
"chr10","21604202","21604500","KN295112v1","343212","343513","41","21260990"
"chr10","21644092","21644387","KN294325v1","748313","748611","35","20895779"
"chr10","21656726","21657027","KN296743v1","1416258","1416565","38","20240468"
"chr10","21658968","21659273","KN297442v1","12090","12392","40","21646878"
"chr10","21670790","21671101","KN296335v1","187278","187590","44","21483512"
"chr10","21676712","21677013","KN296187v1","2386296","2386604","43","19290416"
"chr10","21696873","21697174","KN295983v1","1536250","1536551","38","20160623"
"chr10","21700819","21701108","KN295820v1","372417","372708","36","21328402"
"chr10","21702283","21702587","KN294824v1","203242","203547","36","21499041"
"chr10","21703032","21703338","KN295701v1","728104","728414","41","20974928"
"chr10","21709264","21709570","KN296244v1","855521","855828","36","20853743"
"chr10","21734203","21734507","KN296738v1","137767","138070","31","21596436"
"chr10","21736059","21736354","KN296852v1","50353","50650","41","21685706"
"chr10","21774955","21775253","KN295984v1","974577","974872","37","20800378"
"chr10","21777891","21778199","KN294991v1","516330","516639","42","21261561"
"chr10","21798539","21798819","KN296187v1","2265010","2265291","27","19533529"
"chr10","21826930","21827217","KN295592v1","1774877","1775178","38","20052053"
"chr10","21879061","21879354","KN294433v1","354663","354953","40","21524398"
"chr10","21882093","21882387","KN294842v1","1112068","1112365","40","20770025"
"chr10","21891640","21891943","KN296187v1","2174618","2174920","33","19717022"
"chr10","21905112","21905392","KN296311v1","715482","715765","42","21189630"
"chr10","21947791","21948055","KN294207v1","179800","180076","53","21767991"
"chr10","21987343","21987645","KN296187v1","2073038","2073334","28","19914305"
"chr10","22006196","22006454","KN296187v1","2059693","2059951","34","19946503"
"chr10","22043224","22043524","KN296187v1","2021031","2021326","21","20022193"
"chr10","22070870","22071175","KN296187v1","1992512","1992811","34","20078358"
"chr10","22171193","22171485","KN296371v1","212227","212520","40","21958966"
"chr10","22200314","22200607","KN295057v1","379008","379299","40","21821306"
"chr10","22238404","22238702","KN294592v1","1319879","1320174","42","20918525"
"chr10","22247040","22247334","KN296357v1","755485","755787","41","21491555"
"chr10","22332901","22333209","KN296187v1","1735808","1736119","25","20597093"
"chr10","22350777","22351089","KN296187v1","1715963","1716262","38","20634814"
"chr10","22511801","22512108","KN294717v1","373979","374286","40","22137822"
"chr10","22538122","22538416","KN294421v1","22671","22970","37","22515451"
"chr10","22573908","22574207","KN296731v1","1355222","1355519","38","21218686"
"chr10","22588065","22588360","KN296062v1","1549748","1550043","34","21038317"
"chr10","22590106","22590408","KN296187v1","1482693","1482990","28","21107413"
"chr10","22718591","22718877","KN295995v1","1426233","1426527","38","21292358"
"chr10","23216286","23216580","KN296187v1","872243","872546","25","22344043"
"chr10","23323820","23324120","KN295441v1","1669072","1669371","38","21654748"
"chr10","23423870","23424161","KN296096v1","3187219","3187506","32","20236651"
"chr10","23426755","23427062","KN294717v1","373979","374286","27","23052776"
"chr10","23463241","23463535","KN296187v1","623799","624093","23","22839442"
"chr10","23616637","23616928","KN296187v1","471768","472059","31","23144869"
"chr10","23632044","23632338","KN294407v1","249623","249924","35","23382421"
"chr10","23747190","23747496","KN295984v1","1817258","1817560","45","21929932"
"chr10","23759278","23759618","KN294964v1","867709","868049","67","22891569"
"chr10","23786420","23786725","KN296062v1","165336","165642","30","23621084"
"chr10","23806435","23806729","KN294848v1","1408889","1409183","39","22397546"
"chr10","23819032","23819327","KN294758v1","2189671","2189970","34","21629361"
"chr10","23824387","23824697","KN296865v1","403115","403422","43","23421272"
"chr10","23845744","23846044","KN294229v1","342209","342506","35","23503535"
"chr10","23846589","23846880","KN296187v1","256082","256373","38","23590507"
"chr10","23923804","23924121","KN296495v1","492349","492659","48","23431455"
"chr10","24134779","24135030","KN295099v1","620436","620672","43","23514343"
"chr10","24201201","24201505","KN294705v1","1891916","1892221","32","22309285"
"chr10","24216920","24217222","KN295099v1","539767","540065","24","23677153"
"chr10","24350379","24350686","KN294874v1","934343","934646","39","23416036"
"chr10","24477943","24478253","KN294939v1","609095","609407","38","23868848"
"chr10","24536731","24537035","KN295236v1","4576569","4576870","36","19960162"
"chr10","24572408","24572702","KN296557v1","709141","709435","42","23863267"
"chr10","24593493","24593813","KN295099v1","191472","191793","32","24402021"
"chr10","24668734","24669031","KN294181v1","930133","930441","35","23738601"
"chr10","24685067","24685361","KN295099v1","99718","100012","28","24585349"
"chr10","24725692","24725986","KN294433v1","409687","409987","39","24316005"
"chr10","24729808","24730086","KN294800v1","277487","277770","33","24452321"
"chr10","24757809","24758104","KN295090v1","1657716","1658013","33","23100093"
"chr10","24773629","24773936","KN296040v1","733119","733420","41","24040510"
"chr10","24785063","24785373","KN295893v1","5490277","5490588","44","19294786"
"chr10","24796965","24797256","KN295459v1","1498869","1499159","37","23298096"
"chr10","24929465","24929773","KN297046v1","1801264","1801572","32","23128201"
"chr10","25002292","25002421","KN295350v1","1021853","1021981","23","23980439"
"chr10","25010425","25010728","KN295205v1","791061","791364","37","24219364"
"chr10","25026512","25026814","KN296732v1","2830820","2831104","53","22195692"
"chr10","25043818","25044115","KN294911v1","4554973","4555270","35","20488845"
"chr10","25086433","25086746","KN296580v1","3502","3804","42","25082931"
"chr10","25090636","25090945","KN295171v1","869545","869845","33","24221091"
"chr10","25092402","25092685","KN295090v1","1165047","1165331","30","23927355"
"chr10","25135429","25135733","KN297050v1","118941","119241","41","25016488"
"chr10","25136529","25136842","KN295988v1","954829","955141","44","24181700"
"chr10","25136843","25136962","KN294566v1","87416","87536","33","25049427"
"chr10","25144126","25144442","KN297366v1","1924380","1924687","45","23219746"
"chr10","25149441","25149727","KN296503v1","453139","453424","39","24696302"
"chr10","25198343","25198645","KN297038v1","310787","311084","39","24887556"
"chr10","25221752","25222047","KN294662v1","79885","80185","42","25141867"
"chr10","25302190","25302507","KN294728v1","1530565","1530875","44","23771625"
"chr10","25339008","25339264","KN295439v1","95878","96137","41","25243130"
"chr10","25350297","25350612","KN294292v1","56123","56434","60","25294174"
"chr10","25378362","25378673","KN296934v1","897698","898003","33","24480664"
"chr10","25415661","25415969","KN294705v1","2160911","2161220","35","23254750"
"chr10","25444357","25444627","KN294569v1","42139","42403","35","25402218"
"chr10","25456139","25456437","KN295983v1","365720","366018","34","25090419"
"chr10","25468929","25469222","KN294260v1","2256979","2257275","34","23211950"
"chr10","25670433","25670699","KN296520v1","123217","123495","56","25547216"
"chr10","25727885","25728186","KN296404v1","106219","106515","40","25621666"
"chr10","25942480","25942782","KN295034v1","63947","64249","33","25878533"
"chr10","26005758","26006048","KN296422v1","202733","203031","30","25803025"
"chr10","26154171","26154271","KN296117v1","86443","86544","13","26067728"
"chr10","26184170","26184440","KN295090v1","1314407","1314676","50","24869763"
"chr10","26186117","26186425","KN296317v1","72","378","42","26186045"
"chr10","26208744","26209051","KN294513v1","614988","615293","36","25593756"
"chr10","26262063","26262359","KN294229v1","72819","73113","43","26189244"
"chr10","26551140","26551442","KN294697v1","98914","99214","27","26452226"
"chr10","26585568","26585876","KN294536v1","1195413","1195715","43","25390155"
"chr10","26599158","26599225","KN296458v1","1","63","13","26599157"
"chr10","26642530","26642838","KN294697v1","4199","4505","34","26638331"
"chr10","26645349","26645657","KN294697v1","4199","4505","34","26641150"
"chr10","26653991","26654303","KN294561v1","643982","644294","34","26010009"
"chr10","26654564","26654878","KN294583v1","5710","6016","41","26648854"
"chr10","26681677","26681980","KN295667v1","1687893","1688204","29","24993784"
"chr10","26850676","26850995","KN296747v1","35746","36041","54","26814930"
"chr10","26887601","26887896","KN294583v1","225671","225953","35","26661930"
"chr10","26895117","26895427","KN295315v1","250826","251139","40","26644291"
"chr10","26927646","26927952","KN294921v1","126144","126441","42","26801502"
"chr10","26932590","26932892","KN295236v1","4576569","4576870","37","22356021"
"chr10","26983033","26983327","KN294470v1","2674698","2674987","39","24308335"
"chr10","27022644","27022949","KN297133v1","419676","419981","31","26602968"
"chr10","27025774","27026063","KN294378v1","860932","861225","36","26164842"
"chr10","27045703","27045992","KN295941v1","2250865","2251159","38","24794838"
"chr10","27061962","27062261","KN295907v1","1253096","1253393","29","25808866"
"chr10","27071487","27071786","KN297019v1","1233639","1233939","32","25837848"
"chr10","27081182","27081483","KN297133v1","419676","419981","40","26661506"
"chr10","27218140","27218440","KN295501v1","1005257","1005557","22","26212883"
"chr10","27240208","27240515","KN295350v1","243779","244085","31","26996429"
"chr10","27295063","27295347","KN294207v1","179800","180076","41","27115263"
"chr10","27301496","27301784","KN295721v1","197604","197890","32","27103892"
"chr10","27308651","27308931","KN296108v1","63524","63807","40","27245127"
"chr10","27368183","27368479","KN294911v1","2187187","2187481","43","25180996"
"chr10","27405182","27405484","KN296580v1","3502","3804","39","27401680"
"chr10","27424088","27424398","KN294717v1","373979","374286","33","27050109"
"chr10","27432448","27432753","KN297019v1","1233639","1233939","44","26198809"
"chr10","27446864","27447171","KN296934v1","897698","898003","36","26549166"
"chr10","27478347","27478639","KN296263v1","779161","779451","39","26699186"
"chr10","27508290","27508601","KN295430v1","2610079","2610388","34","24898211"
"chr10","27521439","27521748","KN297028v1","73286","73595","37","27448153"
"chr10","27528961","27529261","KN295995v1","1426233","1426527","33","26102728"
"chr10","27539460","27539768","KN295977v1","249013","249314","45","27290447"
"chr10","27587691","27587970","KN297176v1","195338","195632","48","27392353"
"chr10","27642374","27642678","KN296311v1","5323041","5323339","29","22319333"
"chr10","27685883","27686190","KN296934v1","897698","898003","44","26788185"
"chr10","27722987","27723290","KN296290v1","395377","395681","41","27327610"
"chr10","27783182","27783444","KN296201v1","586124","586387","41","27197058"
"chr10","27947573","27947865","KN297314v1","218511","218802","34","27729062"
"chr10","27963272","27963584","KN295459v1","465094","465400","45","27498178"
"chr10","27976101","27976400","KN294239v1","1722431","1722728","42","26253670"
"chr10","28167446","28167757","KN294292v1","136185","136494","42","28031261"
"chr10","28222766","28223065","KN296732v1","2013890","2014190","42","26208876"
"chr10","28237371","28237594","KN294992v1","218793","219017","35","28018578"
"chr10","28258459","28258711","KN297165v1","2929718","2929968","37","25328741"
"chr10","28364376","28364663","KN297242v1","351132","351417","33","28013244"
"chr10","28498801","28499103","KN297058v1","42553","42853","34","28456248"
"chr10","28522603","28522937","KN295315v1","2439822","2440150","49","26082781"
"chr10","28583998","28584055","KN296836v1","515422","515498","23","28068576"
"chr10","28704057","28704357","KN294588v1","494059","494353","40","28209998"
"chr10","28804633","28804918","KN294458v1","1437341","1437626","39","27367292"
"chr10","28812381","28812676","KN296731v1","1681432","1681735","35","27130949"
"chr10","28848870","28849054","KN294419v1","42675","42858","30","28806195"
"chr10","28858847","28859125","KN294207v1","179800","180076","49","28679047"
"chr10","28926318","28926617","KN296244v1","86518","86815","39","28839800"
"chr10","28993973","28994271","KN296153v1","2309746","2310040","40","26684227"
"chr10","29083511","29083821","KN294939v1","609095","609407","33","28474416"
"chr10","29132738","29133035","KN294218v1","2831459","2831758","39","26301279"
"chr10","29137570","29137880","KN297153v1","1366929","1367240","34","27770641"
"chr10","29160013","29160293","KN295936v1","30401","30674","39","29129612"
"chr10","29181144","29181437","KN297307v1","154997","155289","32","29026147"
"chr10","29189487","29189790","KN295294v1","3132769","3133075","39","26056718"
"chr10","29200776","29201073","KN295855v1","21394","21692","28","29179382"
"chr10","29255242","29255544","KN296959v1","1159791","1160090","29","28095451"
"chr10","29307729","29308038","KN296508v1","954335","954642","32","28353394"
"chr10","29328194","29328425","KN297197v1","1680513","1680746","33","27647681"
"chr10","29344157","29344440","KN296101v1","64598","64878","40","29279559"
"chr10","29416197","29416525","KN296609v1","2095789","2096115","45","27320408"
"chr10","29424952","29425253","KN296743v1","1480127","1480425","32","27944825"
"chr10","29495300","29495596","KN294561v1","296837","297132","31","29198463"
"chr10","29506636","29506947","KN295667v1","1687893","1688204","35","27818743"
"chr10","29519561","29519859","KN296153v1","3677943","3678242","33","25841618"
"chr10","29580212","29580506","KN296153v1","1546154","1546454","43","28034058"
"chr10","29587807","29588091","KN294457v1","201551","201839","43","29386256"
"chr10","29589289","29589581","KN296292v1","232041","232324","46","29357248"
"chr10","29593677","29593960","KN297154v1","229609","229882","42","29364068"
"chr10","29595419","29595711","KN296682v1","4848071","4848353","44","24747348"
"chr10","29673901","29674207","KN295983v1","1536250","1536551","32","28137651"
"chr10","29676717","29677015","KN297367v1","171251","171554","34","29505466"
"chr10","29762428","29762748","KN296778v1","245931","246234","55","29516497"
"chr10","29897713","29898002","KN295433v1","1590173","1590466","44","28307540"
"chr10","29940015","29940303","KN296778v1","66651","66944","40","29873364"
"chr10","29996510","29996805","KN295459v1","1614660","1614952","39","28381850"
"chr10","30046046","30046339","KN297314v1","117021","117312","31","29929025"
"chr10","30082788","30083085","KN295907v1","1253096","1253393","38","28829692"
"chr10","30084076","30084367","KN294848v1","1408889","1409183","36","28675187"
"chr10","30085893","30086209","KN294172v1","3955305","3955617","51","26130588"
"chr10","30228257","30228557","KN296311v1","5323041","5323339","40","24905216"
"chr10","30261044","30261371","KN294966v1","58498","58811","57","30202546"
"chr10","30312964","30313229","KN297219v1","2564555","2564824","37","27748409"
"chr10","30475253","30475554","KN294396v1","120005","120308","39","30355248"
"chr10","30560066","30560361","KN294439v1","257473","257771","33","30302593"
"chr10","30568775","30569081","KN294536v1","952303","952607","34","29616472"
"chr10","30578344","30578674","KN296404v1","1938458","1938769","48","28639886"
"chr10","30616892","30617189","KN295523v1","2519145","2519447","37","28097747"
"chr10","30622768","30623066","KN297227v1","1018475","1018768","35","29604293"
"chr10","30677180","30677452","KN295607v1","3891545","3891824","38","26785635"
"chr10","30741762","30742050","KN296557v1","709141","709435","45","30032621"
"chr10","30743523","30743830","KN297180v1","382042","382347","53","30361481"
"chr10","30767370","30767665","KN294739v1","609228","609535","42","30158142"
"chr10","30794988","30795295","KN296035v1","338193","338502","37","30456795"
"chr10","30871372","30871655","KN295260v1","1236051","1236337","52","29635321"
"chr10","30891902","30892206","KN297046v1","1203002","1203306","42","29688900"
"chr10","30897776","30898058","KN296205v1","605596","605883","35","30292180"
"chr10","30913025","30913337","KN295666v1","1501386","1501689","44","29411639"
"chr10","30934221","30934517","KN296731v1","1681432","1681735","36","29252789"
"chr10","30991775","30992078","KN296137v1","1444","1748","41","30990331"
"chr10","30992459","30992755","KN297112v1","2387840","2388136","35","28604619"
"chr10","31002377","31002675","KN296306v1","1446665","1446954","46","29555712"
"chr10","31015218","31015525","KN296859v1","1719114","1719417","41","29296104"
"chr10","31021655","31021949","KN295893v1","1337385","1337679","40","29684270"
"chr10","31117306","31117615","KN295869v1","284557","284865","34","30832749"
"chr10","31157844","31158133","KN294558v1","725381","725667","35","30432463"
"chr10","31174625","31174932","KN295034v1","63947","64249","40","31110678"
"chr10","31203564","31203861","KN296153v1","2309746","2310040","37","28893818"
"chr10","31216075","31216384","KN294561v1","1005451","1005751","54","30210624"
"chr10","31244602","31244924","KN295525v1","362707","363033","45","30881895"
"chr10","31249623","31249935","KN294501v1","214935","215245","47","31034688"
"chr10","31323062","31323361","KN294387v1","2599087","2599393","36","28723975"
"chr10","31361767","31362066","KN295350v1","405055","405352","40","30956712"
"chr10","31394293","31394586","KN295371v1","618689","618982","29","30775604"
"chr10","31418281","31418578","KN294499v1","1022953","1023254","41","30395328"
"chr10","31501137","31501448","KN294339v1","26690","27003","40","31474447"
"chr10","31516797","31517101","KN295605v1","621515","621818","40","30895282"
"chr10","31678860","31679158","KN296153v1","3677943","3678242","31","28000917"
"chr10","31718109","31718421","KN297406v1","73141","73458","42","31644968"
"chr10","31736524","31736622","KN296117v1","86443","86544","12","31650081"
"chr10","31784128","31784443","KN294978v1","3069245","3069556","45","28714883"
"chr10","31960091","31960268","KN294172v1","4291556","4291738","29","27668535"
"chr10","32225893","32226104","KN297190v1","3041909","3042113","35","29183984"
"chr10","32422589","32422897","KN295038v1","926006","926310","33","31496583"
"chr10","32437131","32437421","KN295225v1","852978","853269","33","31584153"
"chr10","32463533","32463739","KN296849v1","936599","936808","37","31526934"
"chr10","32474704","32475011","KN296833v1","343804","344118","36","32130900"
"chr10","32490126","32490422","KN295497v1","489652","489951","35","32000474"
"chr10","32521858","32522160","KN297028v1","223456","223756","32","32298402"
"chr10","32536104","32536414","KN296865v1","403115","403422","40","32132989"
"chr10","32537725","32537990","KN295526v1","384122","384388","49","32153603"
"chr10","32543156","32543467","KN295114v1","20941","21251","43","32522215"
"chr10","32545739","32546047","KN296244v1","295087","295395","29","32250652"
"chr10","32548987","32549269","KN294705v1","784606","784890","33","31764381"
"chr10","32566926","32567198","KN295907v1","1195102","1195376","41","31371824"
"chr10","32608714","32609010","KN294662v1","79885","80185","34","32528829"
"chr10","32610707","32610998","KN294536v1","1717253","1717544","35","30893454"
"chr10","32613871","32614186","KN295171v1","675269","675580","41","31938602"
"chr10","32614476","32614773","KN296749v1","503583","503870","37","32110893"
"chr10","32624860","32625151","KN296062v1","2106200","2106493","31","30518660"
"chr10","32631507","32631773","KN296117v1","531915","532188","65","32099592"
"chr10","32640900","32641210","KN294717v1","373979","374286","33","32266921"
"chr10","32672158","32672453","KN295225v1","852978","853269","36","31819180"
"chr10","32680988","32681292","KN295346v1","1258204","1258498","47","31422784"
"chr10","32753733","32754034","KN295984v1","974577","974872","42","31779156"
"chr10","32787357","32787536","KN296119v1","3625254","3625431","27","29162103"
"chr10","32807672","32807973","KN294662v1","79885","80185","30","32727787"
"chr10","32820654","32820960","KN295244v1","384903","385210","41","32435751"
"chr10","32829369","32829675","KN296381v1","396041","396350","38","32433328"
"chr10","32903707","32904002","KN295965v1","94015","94311","38","32809692"
"chr10","33019544","33019855","KN296357v1","706115","706421","41","32313429"
"chr10","33382362","33382656","KN296153v1","3677943","3678242","36","29704419"
"chr10","33418919","33419129","KN294251v1","1849056","1849276","42","31569863"
"chr10","33421917","33422216","KN297366v1","2630241","2630540","34","30791676"
"chr10","33431374","33431680","KN294387v1","2599087","2599393","31","30832287"
"chr10","33464198","33464495","KN296200v1","238773","239058","43","33225425"
"chr10","33471060","33471355","KN296377v1","13538","13834","34","33457522"
"chr10","33484533","33484815","KN294711v1","646506","646789","37","32838027"
"chr10","33521800","33522097","KN295722v1","2745067","2745372","33","30776733"
"chr10","33601205","33601501","KN295722v1","2665239","2665548","36","30935966"
"chr10","33625835","33626149","KN297406v1","73141","73458","38","33552694"
"chr10","33661315","33661618","KN296381v1","91265","91569","35","33570050"
"chr10","33718934","33719229","KN294181v1","810707","811001","36","32908227"
"chr10","33782204","33782491","KN295722v1","2483761","2484047","36","31298443"
"chr10","33900908","33901207","KN295243v1","70560","70859","37","33830348"
"chr10","33944963","33945271","KN295243v1","127250","127558","28","33817713"
"chr10","34017442","34017748","KN294592v1","193335","193639","33","33824107"
"chr10","34027812","34028107","KN294571v1","1012216","1012510","36","33015596"
"chr10","34090733","34091019","KN294210v1","1337256","1337541","41","32753477"
"chr10","34113143","34113460","KN295243v1","322046","322376","44","33791097"
"chr10","34126823","34127130","KN296849v1","575797","576109","33","33551026"
"chr10","34153358","34153650","KN294536v1","986789","987083","37","33166569"
"chr10","34198206","34198504","KN295983v1","1536250","1536551","31","32661956"
"chr10","34206043","34206120","KN294372v1","1894381","1894457","15","32311662"
"chr10","34210416","34210722","KN295243v1","413044","413356","35","33797372"
"chr10","34234695","34235008","KN295243v1","440005","440315","42","33794690"
"chr10","34248932","34249243","KN297095v1","1068856","1069150","55","33180076"
"chr10","34299728","34300038","KN294717v1","373979","374286","35","33925749"
"chr10","34332694","34332994","KN295923v1","520307","520606","41","33812387"
"chr10","34432750","34433032","KN294711v1","646506","646789","38","33786244"
"chr10","34471084","34471378","KN295243v1","672308","672611","31","33798776"
"chr10","34478296","34478591","KN294218v1","2831459","2831758","37","31646837"
"chr10","34510853","34511172","KN295243v1","720775","721098","43","33790078"
"chr10","34526662","34526983","KN294365v1","1401774","1402095","44","33124888"
"chr10","34585086","34585393","KN295243v1","793307","793612","28","33791779"
"chr10","34768815","34769098","KN296201v1","1836606","1836890","38","32932209"
"chr10","34851735","34852047","KN295243v1","1056560","1056874","33","33795175"
"chr10","34898173","34898470","KN295995v1","1426233","1426527","41","33471940"
"chr10","34960474","34960783","KN296153v1","3677943","3678242","45","31282531"
"chr10","35019489","35019796","KN295984v1","1817258","1817560","39","33202231"
"chr10","35024562","35024837","KN295243v1","1231627","1231912","40","33792935"
"chr10","35042638","35042946","KN294470v1","3335295","3335606","38","31707343"
"chr10","35161548","35161848","KN296079v1","338790","339089","44","34822758"
"chr10","35168597","35168894","KN297046v1","2791168","2791468","34","32377429"
"chr10","35195482","35195784","KN296883v1","700405","700710","36","34495077"
"chr10","35326375","35326648","KN297068v1","330442","330716","44","34995933"
"chr10","35347591","35347838","KN295983v1","27909","28160","38","35319682"
"chr10","35354153","35354436","KN295464v1","5125","5410","29","35349028"
"chr10","35371947","35372237","KN294372v1","864993","865279","38","34506954"
"chr10","35389856","35390153","KN294451v1","764703","765000","34","34625153"
"chr10","35409345","35409655","KN295092v1","242706","243018","35","35166639"
"chr10","35411385","35411682","KN296119v1","2884341","2884644","49","32527044"
"chr10","35417528","35417829","KN294501v1","353047","353356","43","35064481"
"chr10","35464927","35465226","KN297176v1","81468","81771","38","35383459"
"chr10","35470336","35470679","KN296308v1","871499","871827","54","34598837"
"chr10","35497576","35497888","KN297133v1","279852","280158","43","35217724"
"chr10","35551508","35551807","KN294407v1","93660","93961","44","35457848"
"chr10","35556232","35556545","KN294717v1","373979","374286","43","35182253"
"chr10","35566582","35566867","KN296108v1","63524","63807","34","35503058"
"chr10","35571487","35571780","KN295995v1","1426233","1426527","32","34145254"
"chr10","35576860","35577155","KN294399v1","151738","152035","28","35425122"
"chr10","35598644","35598947","KN294172v1","4623261","4623567","38","30975383"
"chr10","35627716","35627960","KN296280v1","120827","121074","34","35506889"
"chr10","35647761","35648077","KN295667v1","1687893","1688204","37","33959868"
"chr10","35670536","35670821","KN294536v1","532441","532731","50","35138095"
"chr10","35776706","35776996","KN295459v1","1614660","1614952","38","34162046"
"chr10","35786532","35786821","KN294239v1","334831","335118","34","35451701"
"chr10","35787655","35787970","KN296486v1","1321060","1321367","45","34466595"
"chr10","35859826","35860123","KN294421v1","22671","22970","32","35837155"
"chr10","35916189","35916474","KN295022v1","486627","486913","40","35429562"
"chr10","36046264","36046517","KN294486v1","585631","585878","39","35460633"
"chr10","36054009","36054311","KN294365v1","795012","795312","37","35258997"
"chr10","36062424","36062722","KN295091v1","2420503","2420803","36","33641921"
"chr10","36241227","36241449","KN294199v1","820388","820610","34","35420839"
"chr10","36289412","36289718","KN296119v1","2839887","2840182","40","33449525"
"chr10","36332324","36332622","KN295580v1","1390","1690","37","36330934"
"chr10","36373221","36373524","KN295667v1","1893941","1894247","44","34479280"
"chr10","36374646","36374954","KN296404v1","3895018","3895319","42","32479628"
"chr10","36439869","36440153","KN295940v1","167693","167976","34","36272176"
"chr10","36503764","36503941","KN294281v1","989793","989968","21","35513971"
"chr10","36621167","36621471","KN296580v1","3502","3804","36","36617665"
"chr10","36898163","36898329","KN294571v1","1013612","1013775","24","35884551"
"chr10","36899637","36899935","KN296495v1","1017754","1018047","35","35881883"
"chr10","36900915","36901202","KN294524v1","24394","24676","39","36876521"
"chr10","36948794","36949112","KN294365v1","1136703","1137005","44","35812091"
"chr10","37005567","37005872","KN296153v1","3677943","3678242","35","33327624"
"chr10","37008887","37009168","KN294705v1","784606","784890","33","36224281"
"chr10","37049741","37050049","KN295605v1","712558","712868","45","36337183"
"chr10","37085060","37085356","KN294856v1","159768","160063","47","36925292"
"chr10","37182744","37182783","KN297227v1","982228","982264","19","36200516"
"chr10","37182784","37182933","KN295350v1","904782","904930","29","36278002"
"chr10","37224976","37225283","KN294260v1","1428283","1428585","43","35796693"
"chr10","37248361","37248619","KN296065v1","54144","54403","32","37194217"
"chr10","37253761","37254060","KN296153v1","3677943","3678242","37","33575818"
"chr10","37262850","37263106","KN295366v1","147144","147399","52","37115706"
"chr10","37263643","37263881","KN295721v1","895861","896123","93","36367782"
"chr10","37264531","37264831","KN294911v1","3820095","3820391","32","33444436"
"chr10","37267912","37268211","KN294613v1","747893","748193","30","36520019"
"chr10","37273785","37274077","KN296153v1","3677943","3678242","34","33595842"
"chr10","37300846","37301147","KN296430v1","666666","666968","37","36634180"
"chr10","37316044","37316354","KN297019v1","695366","695673","36","36620678"
"chr10","37364836","37365122","KN294932v1","178844","179137","48","37185992"
"chr10","37374285","37374573","KN296821v1","348212","348512","46","37026073"
"chr10","37394028","37394320","KN294396v1","367859","368144","44","37026169"
"chr10","37395006","37395295","KN296133v1","239214","239508","37","37155792"
"chr10","37403108","37403399","KN297165v1","1143723","1144010","35","36259385"
"chr10","37436524","37436833","KN294471v1","599870","600180","44","36836654"
"chr10","37466355","37466666","KN294167v1","337010","337313","43","37129345"
"chr10","37510190","37510460","KN295236v1","664416","664691","53","36845774"
"chr10","37548454","37548734","KN296834v1","411444","411724","33","37137010"
"chr10","37804926","37805221","KN297019v1","448462","448760","45","37356464"
"chr10","37805396","37805688","KN295225v1","852978","853269","38","36952418"
"chr10","37856601","37856875","KN295243v1","302117","302391","39","37554484"
"chr10","37893630","37893932","KN296916v1","154023","154318","51","37739607"
"chr10","37998080","37998385","KN294172v1","2162488","2162800","48","35835592"
"chr10","38020413","38020667","KN296980v1","122450","122716","43","37897963"
"chr10","38021852","38022157","KN294873v1","1152998","1153302","39","36868854"
"chr10","38121839","38122137","KN294774v1","28237","28535","19","38093602"
"chr10","38125733","38126037","KN294774v1","24662","24959","34","38101071"
"chr10","38147855","38148153","KN296916v1","378131","378429","37","37769724"
"chr10","38194262","38194391","KN294588v1","2986122","2986249","15","35208140"
"chr10","38414148","38414444","KN296818v1","227858","228146","57","38186290"
"chr10","38450687","38450984","KN296311v1","7901481","7901775","36","30549206"
"chr10","38468379","38468677","KN295523v1","985733","986032","33","37482646"
"chr10","38472964","38473260","KN297008v1","314445","314739","35","38158519"
"chr10","38557414","38557711","KN295667v1","1687893","1688204","42","36869521"
"chr10","38581549","38581824","KN296864v1","705535","705820","54","37876014"
"chr10","38607743","38608042","KN296119v1","3368813","3369111","28","35238930"
"chr10","38611082","38611363","KN296322v1","471470","471755","50","38139612"
"chr10","38616430","38616694","KN296849v1","746362","746624","38","37870068"
"chr10","38631019","38631328","KN294717v1","373979","374286","31","38257040"
"chr10","38683267","38683573","KN295236v1","914167","914466","48","37769100"
"chr10","38698351","38698679","KN294571v1","2556561","2556885","48","36141790"
"chr10","38702319","38702631","KN295667v1","1687893","1688204","39","37014426"
"chr10","38746819","38747105","KN294809v1","1087318","1087604","38","37659501"
"chr10","38751365","38751656","KN296009v1","486602","486896","47","38264763"
"chr10","38752328","38752631","KN296404v1","3895018","3895319","37","34857310"
"chr10","38794962","38795267","KN294711v1","903939","904247","34","37891023"
"chr10","38814590","38814883","KN295459v1","1614660","1614952","38","37199930"
"chr10","38830679","38830983","KN294873v1","1152998","1153302","36","37677681"
"chr10","38852613","38852875","KN296449v1","822","1085","35","38851791"
"chr10","38898088","38898372","KN296495v1","2252575","2252859","34","36645513"
"chr10","38964245","38964295","KN296316v1","276796","276845","6","38687449"
"chr10","38965155","38965456","KN296495v1","519300","519607","42","38445855"
"chr10","38971677","38972004","KN294964v1","867709","868049","70","38103968"
"chr10","38988478","38988785","KN295114v1","20941","21251","46","38967537"
"chr10","39011937","39012153","KN296749v1","712972","713203","51","38298965"
"chr10","39014776","39015080","KN294717v1","373979","374286","37","38640797"
"chr10","39032229","39032534","KN297026v1","1059088","1059400","44","37973141"
"chr10","39071675","39071975","KN295096v1","2124655","2124956","36","36947020"
"chr10","39261785","39262079","KN297112v1","2387840","2388136","39","36873945"
"chr10","39303859","39304141","KN296306v1","883522","883801","42","38420337"
"chr10","39371281","39371585","KN295697v1","189742","190043","42","39181539"
"chr10","39376566","39376868","KN297133v1","419676","419981","35","38956890"
"chr10","39377089","39377390","KN294842v1","133378","133687","38","39243711"
"chr10","42232146","42232435","KN294470v1","440179","440476","43","41791967"
"chr10","42265692","42265979","KN296424v1","611086","611371","42","41654606"
"chr10","42316506","42316792","KN295022v1","486627","486913","39","41829879"
"chr10","42381770","42382063","KN294269v1","637639","637939","49","41744131"
"chr10","42390496","42390807","KN294487v1","54074","54385","40","42336422"
"chr10","42404072","42404327","KN295430v1","1606937","1607192","31","40797135"
"chr10","42409370","42409652","KN294733v1","286100","286385","48","42123270"
"chr10","42412702","42412994","KN294536v1","1607732","1608024","29","40804970"
"chr10","42436481","42436799","KN295375v1","829500","829809","42","41606981"
"chr10","42441327","42441634","KN294717v1","373979","374286","47","42067348"
"chr10","42557805","42558109","KN295883v1","334055","334349","42","42223750"
"chr10","42584973","42585265","KN297157v1","330445","330745","32","42254528"
"chr10","42671995","42672305","KN295045v1","441758","442064","40","42230237"
"chr10","42736593","42736886","KN296096v1","3187219","3187506","32","39549374"
"chr10","42749413","42749707","KN294733v1","144055","144347","31","42605358"
"chr10","42809221","42809513","KN295580v1","1390","1690","42","42807831"
"chr10","43149759","43150060","KN297008v1","5464519","5464820","36","37685240"
"chr10","43174686","43174998","KN295114v1","20941","21251","35","43153745"
"chr10","43190221","43190516","KN297197v1","3714860","3715153","36","39475361"
"chr10","43209614","43209904","KN296296v1","50084","50379","43","43159530"
"chr10","43258959","43259234","KN295375v1","1178984","1179264","56","42079975"
"chr10","43267226","43267524","KN295112v1","343212","343513","33","42924014"
"chr10","43284300","43284599","KN294911v1","3820095","3820391","31","39464205"
"chr10","43289971","43290266","KN294758v1","2189671","2189970","39","41100300"
"chr10","43298817","43299117","KN295523v1","2519145","2519447","36","40779672"
"chr10","43307498","43307794","KN296119v1","3549402","3549696","36","39758096"
"chr10","43317926","43318221","KN294325v1","616486","616782","37","42701440"
"chr10","43323751","43324047","KN295362v1","1083036","1083328","42","42240715"
"chr10","43330986","43331255","KN295356v1","1444829","1445115","52","41886157"
"chr10","43335722","43336027","KN295114v1","20941","21251","44","43314781"
"chr10","43348782","43348958","KN296119v1","3625254","3625431","22","39723528"
"chr10","43363953","43364258","KN296290v1","2849537","2849835","39","40514416"
"chr10","43366841","43367194","KN297165v1","940270","940603","60","42426571"
"chr10","43400446","43400746","KN294407v1","93660","93961","41","43306786"
"chr10","43470079","43470375","KN295708v1","1331487","1331787","34","42138592"
"chr10","43545770","43546065","KN294187v1","1662891","1663186","51","41882879"
"chr10","43668289","43668589","KN297434v1","458746","459035","36","43209543"
"chr10","43761991","43762301","KN294768v1","9056","9362","38","43752935"
"chr10","43824871","43825164","KN296275v1","10634","10929","44","43814237"
"chr10","43893095","43893370","KN295974v1","3121004","3121279","51","40772091"
"chr10","44017650","44017936","KN297434v1","121064","121357","33","43896586"
"chr10","44067134","44067432","KN294536v1","940479","940770","48","43126655"
"chr10","44073233","44073523","KN294536v1","940479","940770","47","43132754"
"chr10","44296864","44297166","KN294917v1","618557","618860","31","43678307"
"chr10","44381942","44382233","KN295980v1","239985","240267","32","44141957"
"chr10","44429477","44429781","KN294874v1","934343","934646","37","43495134"
"chr10","44457332","44457639","KN295708v1","1599062","1599372","44","42858270"
"chr10","44606492","44606705","KN294842v1","1530256","1530465","35","43076236"
"chr10","44746826","44747121","KN295605v1","621515","621818","42","44125311"
"chr10","44775606","44775910","KN295980v1","659083","659388","35","44116523"
"chr10","44777992","44778296","KN295980v1","659083","659388","32","44118909"
"chr10","44855041","44855347","KN295980v1","734575","734885","31","44120466"
"chr10","45013066","45013351","KN294239v1","223903","224191","47","44789163"
"chr10","45014485","45014794","KN295980v1","888653","888963","37","44125832"
"chr10","45025257","45025535","KN296547v1","372808","373076","42","44652449"
"chr10","45029159","45029467","KN297133v1","279852","280158","40","44749307"
"chr10","45033937","45034233","KN295096v1","2124655","2124956","37","42909282"
"chr10","45064448","45064746","KN294513v1","735571","735866","37","44328877"
"chr10","45134824","45135130","KN295748v1","283051","283352","47","44851773"
"chr10","45171620","45171907","KN295573v1","520941","521218","43","44650679"
"chr10","45192967","45193264","KN294932v1","178844","179137","35","45014123"
"chr10","45362660","45362962","KN295022v1","123209","123517","37","45239451"
"chr10","45497500","45497802","KN294747v1","1006978","1007284","39","44490522"
"chr10","45505514","45505823","KN295114v1","20941","21251","33","45484573"
"chr10","45558277","45558580","KN295114v1","20941","21251","43","45537336"
"chr10","45566714","45567017","KN296311v1","3721408","3721707","38","41845306"
"chr10","45605471","45605593","KN295045v1","1398170","1398297","24","44207301"
"chr10","45613136","45613441","KN296934v1","897698","898003","31","44715438"
"chr10","45635905","45636170","KN296079v1","1296983","1297262","45","44338922"
"chr10","45668336","45668633","KN296732v1","2013890","2014190","36","43654446"
"chr10","45734287","45734575","KN296153v1","91872","92161","41","45642415"
"chr10","45778984","45779306","KN294243v1","154416","154711","51","45624568"
"chr10","45785516","45785764","KN294243v1","145675","145924","21","45639841"
"chr10","45790158","45790485","KN296732v1","2013890","2014190","53","43776268"
"chr10","45803160","45803443","KN296726v1","549415","549699","60","45253745"
"chr10","45821843","45822147","KN294243v1","112547","112853","31","45709296"
"chr10","45872343","45872637","KN294243v1","222623","222927","43","45649720"
"chr10","45972877","45973174","KN295922v1","133613","133908","30","45839264"
"chr10","46017934","46018239","KN296551v1","165198","165521","38","45852736"
"chr10","46022814","46023035","KN294992v1","218793","219017","39","45804021"
"chr10","46126377","46126685","KN294571v1","572623","572929","35","45553754"
"chr10","46127293","46127586","KN294407v1","2733858","2734151","30","43393435"
"chr10","46134875","46135182","KN295441v1","1618043","1618347","45","44516832"
"chr10","46225830","46226138","KN297176v1","175681","175990","25","46050149"
"chr10","46241697","46241924","KN296884v1","121425","121647","41","46120272"
"chr10","46252635","46252950","KN295497v1","720813","721124","58","45531822"
"chr10","46278488","46278791","KN294588v1","1492426","1492725","40","44786062"
"chr10","46348368","46348669","KN297176v1","70386","70682","27","46277982"
"chr10","46394770","46395085","KN295114v1","20941","21251","44","46373829"
"chr10","46455143","46455453","KN296180v1","436282","436584","43","46018861"
"chr10","46468211","46468409","KN294825v1","467615","467810","28","46000596"
"chr10","48572445","48572748","KN294421v1","22671","22970","48","48549774"
"chr10","48606666","48606960","KN297000v1","300195","300489","37","48306471"
"chr10","48655332","48655619","KN296244v1","86518","86815","45","48568814"
"chr10","48895619","48895912","KN296096v1","3183138","3183434","31","45712481"
"chr10","48916555","48916859","KN297390v1","1640938","1641250","42","47275617"
"chr10","48994278","48994584","KN295984v1","868891","869195","37","48125387"
"chr10","49059566","49059889","KN294458v1","1782930","1783240","43","47276636"
"chr10","49167838","49168137","KN294421v1","22671","22970","46","49145167"
"chr10","49423500","49423799","KN294444v1","57733","58029","41","49365767"
"chr10","49430743","49430924","KN297135v1","35032","35212","19","49395711"
"chr10","49516009","49516311","KN294790v1","2757948","2758248","42","46758061"
"chr10","49729776","49730097","KN296386v1","807617","807923","43","48922159"
"chr10","49943683","49943980","KN294873v1","1327978","1328280","41","48615705"
"chr10","50123037","50123330","KN294229v1","72819","73113","51","50050218"
"chr10","50270808","50271096","KN296646v1","797746","798032","37","49473062"
"chr10","50552348","50552620","KN294861v1","27375","27659","48","50524973"
"chr10","50584877","50585187","KN296865v1","1674895","1675192","41","48909982"
"chr10","50633656","50633964","KN295633v1","264317","264628","34","50369339"
"chr10","50717105","50717413","KN295114v1","20941","21251","31","50696164"
"chr10","50747761","50748066","KN296883v1","601049","601352","28","50146712"
"chr10","50778299","50778595","KN297184v1","1032043","1032335","47","49746256"
"chr10","50779535","50779845","KN294396v1","511818","512130","44","50267717"
"chr10","50793543","50793849","KN296357v1","706115","706421","46","50087428"
"chr10","50809705","50810012","KN295114v1","20941","21251","44","50788764"
"chr10","50854321","50854631","KN296158v1","1672506","1672810","45","49181815"
"chr10","50996569","50996853","KN294421v1","317693","317982","46","50678876"
"chr10","51061791","51062099","KN294456v1","876419","876725","38","50185372"
"chr10","51069396","51069698","KN295112v1","343212","343513","33","50726184"
"chr10","51077432","51077721","KN294513v1","735571","735866","40","50341861"
"chr10","51132999","51133281","KN295523v1","4195930","4196206","43","46937069"
"chr10","51212130","51212438","KN296311v1","3721408","3721707","45","47490722"
"chr10","51450595","51450901","KN294539v1","2320327","2320629","45","49130268"
"chr10","51526204","51526497","KN297008v1","1975388","1975682","36","49550816"
"chr10","51537835","51538073","KN294420v1","110177","110432","63","51427658"
"chr10","51687025","51687241","KN297044v1","504248","504468","34","51182777"
"chr10","51723507","51723795","KN297046v1","1903140","1903432","36","49820367"
"chr10","51775740","51776037","KN295350v1","405055","405352","40","51370685"
"chr10","51809618","51809905","KN295825v1","1272410","1272695","43","50537208"
"chr10","51926331","51926593","KN296244v1","461195","461462","37","51465136"
"chr10","51963377","51963685","KN296062v1","1796687","1796987","43","50166690"
"chr10","52105699","52105972","KN294521v1","570667","570940","41","51535032"
"chr10","52151250","52151583","KN294158v1","491181","491511","54","51660069"
"chr10","52316704","52316997","KN296201v1","2802709","2803005","43","49513995"
"chr10","52326365","52326532","KN295607v1","3793748","3793905","28","48532617"
"chr10","52534398","52534686","KN296365v1","113780","114072","35","52420618"
"chr10","52678612","52678914","KN296040v1","548461","548761","41","52130151"
"chr10","53276105","53276398","KN295523v1","2808662","2808957","43","50467443"
"chr10","53327348","53327508","KN295984v1","2661539","2661699","29","50665809"
"chr10","53408953","53409256","KN294161v1","974137","974440","41","52434816"
"chr10","53735467","53735750","KN294733v1","316989","317272","47","53418478"
"chr10","53879679","53879752","KN294192v1","440793","440862","17","53438886"
"chr10","53952494","53952801","KN295667v1","1687893","1688204","35","52264601"
"chr10","54164071","54164382","KN297159v1","3314158","3314468","39","50849913"
"chr10","54210583","54210894","KN295236v1","5645831","5646138","37","48564752"
"chr10","54264024","54264333","KN294647v1","185825","186131","35","54078199"
"chr10","54384850","54385156","KN295077v1","355892","356198","38","54028958"
"chr10","54580327","54580636","KN294172v1","6084365","6084668","56","48495962"
"chr10","54585871","54586024","KN294790v1","2813919","2814067","23","51771952"
"chr10","54693978","54694285","KN296821v1","352847","353153","36","54341131"
"chr10","54786781","54787081","KN294218v1","1633132","1633430","42","53153649"
"chr10","54886254","54886538","KN296635v1","4770618","4770901","34","50115636"
"chr10","54932690","54932985","KN294407v1","2733858","2734151","42","52198832"
"chr10","54964940","54965244","KN294717v1","373979","374286","33","54590961"
"chr10","55120188","55120477","KN294264v1","261999","262293","48","54858189"
"chr10","55238746","55239046","KN295570v1","1240665","1240951","33","53998081"
"chr10","55248021","55248314","KN296075v1","884852","885152","50","54363169"
"chr10","55307740","55308059","KN295667v1","1687893","1688204","42","53619847"
"chr10","55354742","55355035","KN295570v1","1017236","1017544","38","54337506"
"chr10","55378787","55379095","KN295570v1","993677","993997","32","54385110"
"chr10","55442746","55443041","KN295570v1","943490","943795","38","54499256"
"chr10","55523328","55523628","KN295570v1","861583","861890","32","54661745"
"chr10","55601680","55601992","KN297165v1","1902812","1903121","52","53698868"
"chr10","55745859","55746157","KN295570v1","634122","634424","33","55111737"
"chr10","55866998","55867314","KN296365v1","615367","615677","57","55251631"
"chr10","56035249","56035587","KN296775v1","1156682","1157017","60","54878567"
"chr10","56044310","56044436","KN296859v1","1083380","1083506","20","54960930"
"chr10","56150133","56150435","KN294346v1","271830","272127","34","55878303"
"chr10","56304098","56304385","KN295284v1","334381","334669","43","55969717"
"chr10","56326150","56326467","KN296849v1","575797","576109","43","55750353"
"chr10","56440075","56440381","KN296153v1","3677943","3678242","38","52762132"
"chr10","56466564","56466870","KN296934v1","897698","898003","41","55568866"
"chr10","56687969","56688271","KN294416v1","208870","209165","33","56479099"
"chr10","57682405","57682716","KN297153v1","1366929","1367240","33","56315476"
"chr10","57839075","57839375","KN295326v1","314169","314472","36","57524906"
"chr10","57942710","57942968","KN295869v1","184246","184525","41","57758464"
"chr10","58037954","58038226","KN295936v1","30401","30674","29","58007553"
"chr10","58048353","58048645","KN295107v1","1219592","1219879","44","56828761"
"chr10","58099843","58100145","KN295869v1","340630","340929","30","57759213"
"chr10","58184281","58184573","KN295869v1","430412","430705","35","57753869"
"chr10","58199648","58199867","KN294407v1","2792647","2792885","53","55407001"
"chr10","58265629","58265929","KN295869v1","511689","511985","26","57753940"
"chr10","58281148","58281444","KN295869v1","529074","529368","30","57752074"
"chr10","58290873","58291201","KN295869v1","538567","538885","36","57752306"
"chr10","58321853","58322157","KN295869v1","577749","578052","31","57744104"
"chr10","58322312","58322620","KN295869v1","578207","578517","33","57744105"
"chr10","58333130","58333430","KN294218v1","1633132","1633430","39","56699998"
"chr10","58357455","58357782","KN295301v1","1071387","1071701","48","57286068"
"chr10","58379560","58379854","KN294479v1","328046","328334","42","58051514"
"chr10","58441824","58442131","KN295869v1","694583","694887","19","57747241"
"chr10","58532954","58533262","KN295059v1","336835","337145","44","58196119"
"chr10","58538062","58538311","KN295430v1","1606937","1607192","59","56931125"
"chr10","58562660","58562953","KN295869v1","817549","817831","28","57745111"
"chr10","58959409","58959719","KN294705v1","772747","773054","40","58186662"
"chr10","58984769","58985020","KN295869v1","1224060","1224331","38","57760709"
"chr10","59048330","59048632","KN297190v1","5852784","5853081","27","53195546"
"chr10","59214705","59214989","KN295869v1","1452853","1453143","37","57761852"
"chr10","59362749","59363043","KN296916v1","154023","154318","36","59208726"
"chr10","59402417","59402675","KN294728v1","1211461","1211718","34","58190956"
"chr10","59607362","59607659","KN294758v1","2177308","2177606","34","57430054"
"chr10","59660425","59660537","KN296305v1","640505","640615","12","59019920"
"chr10","59679169","59679467","KN294685v1","1072465","1072762","40","58606704"
"chr10","59772294","59772608","KN296357v1","706115","706421","40","59066179"
"chr10","59902651","59902951","KN295983v1","1536250","1536551","36","58366401"
"chr10","60119221","60119529","KN294991v1","1865473","1865780","38","58253748"
"chr10","60171528","60171828","KN294662v1","79885","80185","35","60091643"
"chr10","60201367","60201669","KN296732v1","2013890","2014190","40","58187477"
"chr10","60205286","60205581","KN295854v1","1710543","1710845","46","58494743"
"chr10","60298868","60299139","KN296188v1","334462","334728","31","59964406"
"chr10","60321059","60321389","KN296520v1","401670","401982","48","59919389"
"chr10","60328082","60328357","KN295883v1","126524","126801","42","60201558"
"chr10","60340484","60340797","KN296188v1","292970","293283","31","60047514"
"chr10","60358571","60358878","KN296495v1","725775","726081","35","59632796"
"chr10","60469864","60470147","KN296188v1","166901","167191","29","60302963"
"chr10","60479502","60479653","KN294864v1","582771","582930","19","59896731"
"chr10","60494428","60494742","KN294470v1","382310","382622","44","60112118"
"chr10","60495101","60495403","KN294262v1","2954079","2954389","41","57541022"
"chr10","60542381","60542679","KN296188v1","97756","98073","42","60444625"
"chr10","60728007","60728307","KN294728v1","106785","107079","30","60621222"
"chr10","60773820","60774129","KN296153v1","2057313","2057618","44","58716507"
"chr10","60882861","60883172","KN294728v1","258552","258858","31","60624309"
"chr10","61017608","61017915","KN294728v1","404153","404462","34","60613455"
"chr10","61181542","61181824","KN295671v1","101483","101768","43","61080059"
"chr10","61403845","61404136","KN294728v1","785306","785601","32","60618539"
"chr10","61410058","61410359","KN294758v1","2189671","2189970","31","59220387"
"chr10","61426791","61427078","KN297044v1","811314","811606","37","60615477"
"chr10","61451913","61452229","KN294535v1","573111","573426","51","60878802"
"chr10","61453259","61453562","KN296019v1","443353","443660","51","61009906"
"chr10","61458950","61459234","KN294728v1","842471","842744","34","60616479"
"chr10","61469902","61470198","KN294728v1","853506","853812","33","60616396"
"chr10","61477941","61478238","KN296153v1","3677943","3678242","39","57799998"
"chr10","61480441","61480728","KN294728v1","863828","864110","26","60616613"
"chr10","61481422","61481726","KN294728v1","864691","864994","36","60616731"
"chr10","61487165","61487476","KN296486v1","1321060","1321367","34","60166105"
"chr10","61504220","61504522","KN294728v1","884230","884527","36","60619990"
"chr10","61568929","61569210","KN294728v1","950465","950743","26","60618464"
"chr10","61598522","61598822","KN296119v1","6426036","6426336","35","55172486"
"chr10","61602301","61602598","KN294842v1","690378","690679","45","60911923"
"chr10","61608645","61608938","KN294728v1","990277","990569","22","60618368"
"chr10","61612005","61612310","KN297133v1","419676","419981","40","61192329"
"chr10","61613821","61614120","KN297133v1","419676","419981","36","61194145"
"chr10","61636652","61636781","KN296079v1","378212","378344","17","61258440"
"chr10","61649954","61650248","KN294728v1","1032467","1032760","27","60617487"
"chr10","61656647","61656947","KN295090v1","1657716","1658013","43","59998931"
"chr10","61668664","61668972","KN294387v1","2599087","2599393","39","59069577"
"chr10","61676948","61677235","KN294161v1","265801","266094","35","61411147"
"chr10","61694979","61695263","KN296109v1","282265","282553","39","61412714"
"chr10","61705259","61705560","KN294439v1","269158","269457","36","61436101"
"chr10","61706665","61706974","KN296311v1","5092316","5092620","43","56614349"
"chr10","61721578","61721891","KN295666v1","288626","288934","54","61432952"
"chr10","61723707","61724013","KN297133v1","419676","419981","32","61304031"
"chr10","61739639","61739927","KN295022v1","486627","486913","43","61253012"
"chr10","61760482","61760760","KN296365v1","1962429","1962709","38","59798053"
"chr10","61775734","61776032","KN294439v1","269158","269457","38","61506576"
"chr10","61779442","61779712","KN294728v1","1174657","1174939","30","60604785"
"chr10","61801542","61801848","KN294728v1","1193876","1194178","31","60607666"
"chr10","61818830","61819096","KN294728v1","1211461","1211718","37","60607369"
"chr10","61823355","61823526","KN296682v1","2871728","2871900","23","58951627"
"chr10","61853195","61853506","KN294728v1","1246017","1246317","35","60607178"
"chr10","61909620","61909921","KN294457v1","1379597","1379899","36","60530023"
"chr10","61980149","61980436","KN294728v1","1375531","1375829","41","60604618"
"chr10","61984134","61984424","KN297165v1","1143723","1144010","36","60840411"
"chr10","62093856","62094169","KN294940v1","561093","561407","36","61532763"
"chr10","62137244","62137548","KN294728v1","1530565","1530875","33","60606679"
"chr10","62390357","62390664","KN296062v1","531528","531834","34","61858829"
"chr10","62834691","62834990","KN295852v1","386026","386335","38","62448665"
"chr10","63155157","63155464","KN295852v1","58586","58894","38","63096571"
"chr10","63180511","63180820","KN294991v1","1777117","1777416","53","61403394"
"chr10","63235103","63235392","KN297165v1","1143723","1144010","27","62091380"
"chr10","63345767","63346064","KN294251v1","1463399","1463691","52","61882368"
"chr10","63449383","63449678","KN294193v1","848012","848307","41","62601371"
"chr10","63468464","63468563","KN295117v1","250395","250496","17","63218069"
"chr10","63484492","63484655","KN295550v1","699957","700130","37","62784535"
"chr10","63544976","63545281","KN295185v1","66250","66542","51","63478726"
"chr10","63555051","63555332","KN295185v1","76347","76625","37","63478704"
"chr10","63602699","63602969","KN295282v1","109314","109586","38","63493385"
"chr10","63712789","63713071","KN295185v1","249486","249763","26","63463303"
"chr10","63732396","63732564","KN295236v1","4163572","4163734","25","59568824"
"chr10","63803627","63803912","KN294416v1","716060","716346","42","63087567"
"chr10","63954627","63954939","KN295241v1","568617","568920","46","63386010"
"chr10","63956353","63956670","KN296404v1","1938458","1938769","49","62017895"
"chr10","64055152","64055448","KN294863v1","681725","682031","42","63373427"
"chr10","64057287","64057583","KN294863v1","681725","682031","43","63375562"
"chr10","64247110","64247416","KN294863v1","483609","483915","43","63763501"
"chr10","64330946","64331249","KN295580v1","1390","1690","37","64329556"
"chr10","64422370","64422639","KN294863v1","296508","296772","25","64125862"
"chr10","64709731","64710033","KN294863v1","19207","19510","28","64690524"
"chr10","64749640","64749936","KN296404v1","106219","106515","35","64643421"
"chr10","64959154","64959448","KN294170v1","50010","50300","42","64909144"
"chr10","65065898","65066207","KN294847v1","301868","302181","37","64764030"
"chr10","65174963","65175266","KN294260v1","559861","560163","35","64615102"
"chr10","65297075","65297389","KN294847v1","536833","537149","44","64760242"
"chr10","65636254","65636538","KN295552v1","147690","147983","43","65488564"
"chr10","65726071","65726372","KN297190v1","6551725","6552029","31","59174346"
"chr10","65798872","65799109","KN295304v1","263352","263587","30","65535520"
"chr10","65942484","65942773","KN294705v1","1860216","1860507","36","64082268"
"chr10","65949564","65949780","KN296311v1","3650206","3650424","31","62299358"
"chr10","65966603","65966903","KN296859v1","1719114","1719417","39","64247489"
"chr10","66093083","66093377","KN296859v1","895216","895514","32","65197867"
"chr10","66224343","66224640","KN294446v1","1037480","1037781","32","65186863"
"chr10","66229157","66229340","KN296119v1","4436849","4437029","29","61792308"
"chr10","66264473","66264767","KN294325v1","616486","616782","37","65647987"
"chr10","66269010","66269316","KN295748v1","283051","283352","37","65985959"
"chr10","66285489","66285808","KN296036v1","2421899","2422212","43","63863590"
"chr10","66294603","66294908","KN294446v1","964039","964343","35","65330564"
"chr10","66305702","66305985","KN296820v1","452623","452906","33","65853079"
"chr10","66307538","66307875","KN294446v1","948276","948587","51","65359262"
"chr10","66314456","66314765","KN294831v1","13383","13692","53","66301073"
"chr10","66323946","66324251","KN294451v1","576228","576536","39","65747718"
"chr10","66337753","66338054","KN296357v1","343303","343607","41","65994450"
"chr10","66355778","66356112","KN294446v1","898963","899310","49","65456815"
"chr10","66398380","66398684","KN294446v1","857773","858082","31","65540607"
"chr10","66414858","66415168","KN294446v1","840912","841215","33","65573946"
"chr10","66417821","66418121","KN295236v1","4576569","4576870","30","61841252"
"chr10","66442631","66442912","KN295553v1","379609","379888","47","66063022"
"chr10","66450204","66450513","KN295523v1","1048577","1048884","42","65401627"
"chr10","66506697","66506983","KN294446v1","752004","752303","37","65754693"
"chr10","66513368","66513668","KN294446v1","745390","745687","19","65767978"
"chr10","66523614","66523923","KN294446v1","735671","735981","23","65787943"
"chr10","66538131","66538420","KN295459v1","1614660","1614952","30","64923471"
"chr10","66542433","66542720","KN294446v1","714971","715264","24","65827462"
"chr10","66547533","66547818","KN294446v1","709847","710131","21","65837686"
"chr10","66560426","66560653","KN296496v1","969875","970103","35","65590551"
"chr10","66560826","66561132","KN296357v1","356792","357093","35","66204034"
"chr10","66563268","66563573","KN295497v1","720813","721124","40","65842455"
"chr10","66574057","66574365","KN294446v1","683085","683385","32","65890972"
"chr10","66605691","66606008","KN296019v1","488607","488915","49","66117084"
"chr10","66628665","66628840","KN296921v1","495231","495409","29","66133434"
"chr10","66682242","66682538","KN294416v1","208870","209165","33","66473372"
"chr10","66723924","66724188","KN296138v1","41213","41476","46","66682711"
"chr10","66742495","66742778","KN294217v1","1876263","1876550","42","64866232"
"chr10","66749403","66749675","KN294446v1","524358","524631","13","66225045"
"chr10","66761131","66761436","KN296153v1","3677943","3678242","37","63083188"
"chr10","66837071","66837362","KN294446v1","445226","445515","28","66391845"
"chr10","66853102","66853416","KN294446v1","428056","428359","45","66425046"
"chr10","66874253","66874552","KN294446v1","410629","410926","26","66463624"
"chr10","66875046","66875308","KN294269v1","1134000","1134277","42","65741046"
"chr10","66893682","66893976","KN295923v1","488045","488337","38","66405637"
"chr10","66904779","66905043","KN294446v1","380023","380287","17","66524756"
"chr10","66906374","66906500","KN296225v1","200571","200694","19","66705803"
"chr10","66907351","66907524","KN295301v1","1649258","1649428","29","65258093"
"chr10","66921239","66921548","KN294444v1","165242","165552","43","66755997"
"chr10","66941612","66941874","KN296065v1","54144","54403","25","66887468"
"chr10","66951167","66951462","KN296189v1","108250","108547","37","66842917"
"chr10","66966606","66966866","KN296503v1","542004","542265","49","66424602"
"chr10","66970738","66971048","KN294446v1","304117","304423","29","66666621"
"chr10","66971450","66971745","KN294264v1","261999","262293","41","66709451"
"chr10","66972915","66973228","KN295114v1","20941","21251","37","66951974"
"chr10","66989123","66989420","KN296119v1","3368813","3369111","36","63620310"
"chr10","66990970","66991269","KN294790v1","1007547","1007843","37","65983423"
"chr10","66991454","66991764","KN294446v1","283411","283721","14","66708043"
"chr10","66993261","66993558","KN295573v1","646494","646793","37","66346767"
"chr10","67000001","67000169","KN297008v1","2419","2580","23","66997582"
"chr10","67022131","67022266","KN296513v1","2972814","2972946","34","64049317"
"chr10","67022713","67023026","KN295045v1","330502","330797","44","66692211"
"chr10","67029977","67030296","KN297028v1","73286","73595","45","66956691"
"chr10","67034733","67035032","KN297445v1","1326382","1326677","39","65708351"
"chr10","67048083","67048387","KN296153v1","3677943","3678242","42","63370140"
"chr10","67052535","67052821","KN294170v1","50010","50300","45","67002525"
"chr10","67096268","67096388","KN297165v1","1033125","1033239","16","66063143"
"chr10","67115688","67116012","KN296486v1","1321060","1321367","56","65794628"
"chr10","67128979","67129232","KN294446v1","130329","130579","23","66998650"
"chr10","67130885","67131184","KN295225v1","1170058","1170357","42","65960827"
"chr10","67161635","67161934","KN296969v1","129025","129322","39","67032610"
"chr10","67166726","67167017","KN296153v1","91872","92161","48","67074854"
"chr10","67167931","67168032","KN294850v1","160848","160948","13","67007083"
"chr10","67170948","67171252","KN294446v1","95294","95596","27","67075654"
"chr10","67174687","67174977","KN295995v1","1426233","1426527","38","65748454"
"chr10","67200282","67200592","KN296541v1","2244383","2244691","36","64955899"
"chr10","67203031","67203251","KN294458v1","843442","843676","46","66359589"
"chr10","67204331","67204601","KN295526v1","384122","384388","43","66820209"
"chr10","67204942","67205247","KN294446v1","59419","59730","29","67145523"
"chr10","67207022","67207326","KN295708v1","1954541","1954845","35","65252481"
"chr10","67209337","67209646","KN295114v1","20941","21251","35","67188396"
"chr10","67234697","67234961","KN294446v1","59781","60044","34","67174916"
"chr10","67245782","67246066","KN297095v1","1515149","1515433","40","65730633"
"chr10","67250894","67251199","KN294539v1","761382","761684","32","66489512"
"chr10","67254398","67254697","KN297112v1","2387840","2388136","36","64866558"
"chr10","67274385","67274682","KN295650v1","1815","2117","29","67272570"
"chr10","67290097","67290450","KN296745v1","21592","21940","41","67268505"
"chr10","67292082","67292395","KN297340v1","85823","86133","38","67206259"
"chr10","67304125","67304448","KN296745v1","33007","33315","49","67271118"
"chr10","67305322","67305627","KN297340v1","72045","72353","35","67233277"
"chr10","67313612","67313923","KN295114v1","20941","21251","33","67292671"
"chr10","67329812","67329920","KN295171v1","480076","480184","33","66849736"
"chr10","67333555","67333867","KN296775v1","905300","905611","38","66428255"
"chr10","67349154","67349447","KN295441v1","485205","485492","36","66863949"
"chr10","67365114","67365444","KN294685v1","1002030","1002360","58","66363084"
"chr10","67369638","67369941","KN296404v1","3895018","3895319","33","63474620"
"chr10","67378372","67378663","KN294205v1","854359","854651","37","66524013"
"chr10","67379610","67379898","KN295459v1","1614660","1614952","33","65764950"
"chr10","67391350","67391655","KN294717v1","373979","374286","36","67017371"
"chr10","67393789","67394085","KN295405v1","48921","49223","24","67344868"
"chr10","67401780","67402075","KN297095v1","2087459","2087755","31","65314321"
"chr10","67458084","67458373","KN294167v1","406704","406998","37","67051380"
"chr10","67509385","67509671","KN295038v1","888282","888564","38","66621103"
"chr10","67528389","67528710","KN295405v1","192617","192936","36","67335772"
"chr10","67562636","67562906","KN294957v1","58891","59154","65","67503745"
"chr10","67582533","67582812","KN295405v1","246271","246549","21","67336262"
"chr10","67679314","67679612","KN295405v1","348411","348717","32","67330903"
"chr10","67685589","67685895","KN295405v1","355290","355590","29","67330299"
"chr10","67687126","67687419","KN294879v1","351077","351369","34","67336049"
"chr10","67718686","67718996","KN294705v1","772747","773054","29","66945939"
"chr10","67724000","67724312","KN297019v1","695366","695673","41","67028634"
"chr10","67731081","67731340","KN295405v1","400537","400821","48","67330544"
"chr10","67744304","67744593","KN295294v1","133861","134153","32","67610443"
"chr10","67746299","67746592","KN295906v1","77622","77914","33","67668677"
"chr10","67757731","67758033","KN295405v1","427010","427292","41","67330721"
"chr10","67762373","67762682","KN294513v1","614988","615293","38","67147385"
"chr10","67770101","67770407","KN295405v1","438659","438963","23","67331442"
"chr10","67774161","67774471","KN294705v1","772747","773054","29","67001414"
"chr10","67775483","67775594","KN296289v1","17286","17394","14","67758197"
"chr10","67827163","67827475","KN295725v1","1996226","1996536","35","65830937"
"chr10","67889585","67889868","KN296731v1","785362","785640","40","67104223"
"chr10","67890581","67890843","KN295405v1","556381","556654","35","67334200"
"chr10","68006563","68006861","KN295705v1","2248226","2248523","38","65758337"
"chr10","68083119","68083354","KN296406v1","435308","435525","40","67647811"
"chr10","68146085","68146403","KN295405v1","812906","813222","31","67333179"
"chr10","68166428","68166746","KN295405v1","833100","833415","23","67333328"
"chr10","68208626","68208949","KN294410v1","449241","449552","47","67759385"
"chr10","68254045","68254338","KN295984v1","1244764","1245056","37","67009281"
"chr10","68569943","68570242","KN297176v1","81468","81771","43","68488475"
"chr10","68633305","68633595","KN295405v1","1300942","1301235","22","67332363"
"chr10","68669124","68669414","KN295405v1","1335502","1335798","28","67333622"
"chr10","68683560","68683869","KN295157v1","21286","21595","40","68662274"
"chr10","68696319","68696615","KN295405v1","1351664","1351963","28","67344655"
"chr10","68710843","68711145","KN294873v1","1327978","1328280","33","67382865"
"chr10","68740729","68741041","KN296738v1","24897","25205","40","68715832"
"chr10","68750065","68750360","KN296322v1","1334297","1334592","34","67415768"
"chr10","68794870","68795178","KN295114v1","20941","21251","36","68773929"
"chr10","68798810","68799091","KN295350v1","636567","636846","34","68162243"
"chr10","68871594","68871906","KN296308v1","1075215","1075527","36","67796379"
"chr10","68884271","68884494","KN295832v1","1352570","1352805","45","67531701"
"chr10","68884495","68884657","KN295059v1","106971","107135","21","68777524"
"chr10","68892283","68892594","KN297038v1","661781","662094","31","68230502"
"chr10","68892667","68892963","KN295405v1","1544456","1544756","34","67348211"
"chr10","68915393","68915689","KN296732v1","2013890","2014190","36","66901503"
"chr10","68940292","68940590","KN297276v1","260802","261098","33","68679490"
"chr10","68943956","68944256","KN294167v1","406704","406998","39","68537252"
"chr10","68949897","68950195","KN297095v1","2087459","2087755","38","66862438"
"chr10","68963335","68963643","KN295405v1","1619682","1619988","34","67343653"
"chr10","68974534","68974824","KN295405v1","1632132","1632427","35","67342402"
"chr10","68978515","68978818","KN294172v1","4257933","4258231","32","64720582"
"chr10","69006499","69006793","KN296079v1","265721","266017","38","68740778"
"chr10","69014944","69015217","KN294444v1","3297","3556","47","69011647"
"chr10","69117422","69117726","KN296485v1","539373","539675","39","68578049"
"chr10","69118453","69118763","KN296019v1","434249","434555","40","68684204"
"chr10","69259801","69260101","KN295405v1","1920931","1921225","33","67338870"
"chr10","69272781","69273074","KN296732v1","2013890","2014190","33","67258891"
"chr10","69323835","69324147","KN295725v1","1996226","1996536","46","67327609"
"chr10","69401079","69401358","KN295102v1","214886","215171","34","69186193"
"chr10","69608362","69608636","KN294711v1","646506","646789","40","68961856"
"chr10","69681651","69681942","KN294462v1","73428","73721","33","69608223"
"chr10","70128916","70129226","KN297046v1","732046","732355","21","69396870"
"chr10","70146616","70146916","KN297046v1","749796","750097","27","69396820"
"chr10","70322339","70322650","KN295758v1","997500","997807","34","69324839"
"chr10","70330815","70331106","KN297046v1","934484","934777","22","69396331"
"chr10","70424453","70424758","KN297046v1","1023189","1023503","42","69401264"
"chr10","70451244","70451542","KN296205v1","671612","671911","39","69779632"
"chr10","70453651","70453954","KN294387v1","2599087","2599393","33","67854564"
"chr10","70519877","70520172","KN294264v1","261999","262293","35","70257878"
"chr10","70529214","70529525","KN297046v1","1138884","1139179","39","69390330"
"chr10","70592505","70592810","KN297452v1","2293568","2293874","33","68298937"
"chr10","70630112","70630411","KN297046v1","1241337","1241636","24","69388775"
"chr10","70646684","70646989","KN297259v1","567905","568210","37","70078779"
"chr10","70681934","70682229","KN294662v1","79885","80185","47","70602049"
"chr10","70701755","70702055","KN294662v1","79885","80185","34","70621870"
"chr10","70727008","70727302","KN296404v1","106219","106515","35","70620789"
"chr10","70739722","70740014","KN295820v1","372417","372708","46","70367305"
"chr10","70741104","70741398","KN294848v1","1408889","1409183","36","69332215"
"chr10","70745234","70745549","KN297046v1","1345253","1345561","28","69399981"
"chr10","70745886","70746190","KN297046v1","1345902","1346209","26","69399984"
"chr10","70753373","70753465","KN297046v1","1354457","1354545","9","69398916"
"chr10","70756214","70756484","KN297046v1","1357266","1357537","25","69398948"
"chr10","70770544","70770844","KN295236v1","5890446","5890745","31","64880098"
"chr10","70803262","70803566","KN296153v1","3677943","3678242","34","67125319"
"chr10","70821475","70821637","KN296495v1","1654839","1655000","27","69166636"
"chr10","70823935","70824240","KN294387v1","2599087","2599393","27","68224848"
"chr10","70824559","70824854","KN294229v1","72819","73113","33","70751740"
"chr10","70832188","70832467","KN296883v1","1320496","1320774","43","69511692"
"chr10","70844775","70845068","KN294879v1","351077","351369","41","70493698"
"chr10","70908383","70908677","KN294739v1","616485","616779","32","70291898"
"chr10","70910862","70911134","KN297046v1","1516571","1516837","27","69394291"
"chr10","70911144","70911247","KN297046v1","1516842","1516953","18","69394302"
"chr10","70938865","70939164","KN297452v1","2419906","2420203","34","68518959"
"chr10","70944262","70944553","KN297046v1","1547706","1547997","22","69396556"
"chr10","70951605","70951912","KN297046v1","1555935","1556238","24","69395670"
"chr10","70963510","70963797","KN295523v1","3974463","3974753","37","66989047"
"chr10","70967712","70968004","KN297046v1","2791168","2791468","36","68176544"
"chr10","70995186","70995483","KN297133v1","826649","826948","43","70168537"
"chr10","71009299","71009611","KN295907v1","2005048","2005348","48","69004251"
"chr10","71036856","71037158","KN297390v1","119623","119924","37","70917233"
"chr10","71070164","71070453","KN297046v1","1672284","1672575","28","69397880"
"chr10","71090125","71090427","KN297046v1","1703963","1704257","18","69386162"
"chr10","71115153","71115452","KN294613v1","771948","772255","45","70343205"
"chr10","71122824","71123131","KN294790v1","1555084","1555390","40","69567740"
"chr10","71141700","71141996","KN296747v1","35746","36041","35","71105954"
"chr10","71147955","71148250","KN294172v1","5770836","5771132","37","65377119"
"chr10","71148784","71149081","KN297046v1","1754722","1755024","34","69394062"
"chr10","71155590","71155887","KN296934v1","602412","602712","37","70553178"
"chr10","71162925","71163224","KN295114v1","20941","21251","44","71141984"
"chr10","71176349","71176629","KN297415v1","238691","238974","37","70937658"
"chr10","71180367","71180674","KN295480v1","1447608","1447918","39","69732759"
"chr10","71193104","71193412","KN297000v1","49763","50071","41","71143341"
"chr10","71197018","71197316","KN296376v1","150750","151048","37","71046268"
"chr10","71201614","71201948","KN297046v1","1807384","1807722","22","69394230"
"chr10","71208650","71208941","KN297046v1","1815161","1815439","32","69393489"
"chr10","71214232","71214533","KN294501v1","104788","105092","43","71109444"
"chr10","71215949","71216243","KN294416v1","208870","209165","41","71007079"
"chr10","71233524","71233814","KN297046v1","1841147","1841441","26","69392377"
"chr10","71252521","71252826","KN295984v1","868891","869195","37","70383630"
"chr10","71268053","71268354","KN297046v1","1876641","1876937","23","69391412"
"chr10","71270687","71270995","KN295257v1","443937","444244","33","70826750"
"chr10","71275941","71276189","KN296280v1","120827","121074","30","71155114"
"chr10","71276279","71276577","KN295820v1","372417","372708","36","70903862"
"chr10","71296040","71296329","KN297046v1","1903140","1903432","36","69392900"
"chr10","71315975","71316268","KN297046v1","1925029","1925329","28","69390946"
"chr10","71325855","71326149","KN294569v1","786863","787162","39","70538992"
"chr10","71353147","71353443","KN297046v1","1980587","1980882","34","69372560"
"chr10","71374800","71375084","KN294365v1","1438196","1438488","46","69936604"
"chr10","71391012","71391309","KN294167v1","406704","406998","36","70984308"
"chr10","71414347","71414634","KN297044v1","811314","811606","35","70603033"
"chr10","71477252","71477562","KN297046v1","2099842","2100156","31","69377410"
"chr10","71488944","71489241","KN294375v1","583311","583608","37","70905633"
"chr10","71501667","71501971","KN295112v1","343212","343513","28","71158455"
"chr10","71535233","71535522","KN296849v1","262325","262616","35","71272908"
"chr10","71617595","71617894","KN297276v1","260802","261098","32","71356793"
"chr10","71632864","71633152","KN297046v1","2263487","2263774","19","69369377"
"chr10","71637739","71638019","KN295835v1","204032","204310","31","71433707"
"chr10","71688476","71688781","KN296158v1","1672506","1672810","41","70015970"
"chr10","71711143","71711399","KN297046v1","2334804","2335061","21","69376339"
"chr10","71717274","71717571","KN297046v1","2341103","2341400","28","69376171"
"chr10","71720867","71721032","KN297046v1","2344605","2344772","15","69376262"
"chr10","71728746","71728822","KN297046v1","2352093","2352174","12","69376653"
"chr10","71734709","71735009","KN295236v1","3672786","3673083","34","68061923"
"chr10","71757455","71757780","KN297046v1","1801264","1801572","43","69956191"
"chr10","71779811","71780113","KN297019v1","1233639","1233939","31","70546172"
"chr10","71787010","71787298","KN297046v1","2412438","2412726","16","69374572"
"chr10","71788522","71788833","KN296062v1","531528","531834","37","71256994"
"chr10","71801590","71801872","KN296072v1","178373","178661","39","71623217"
"chr10","71894336","71894630","KN295586v1","2450308","2450599","34","69444028"
"chr10","71928398","71928700","KN297046v1","2562618","2562921","23","69365780"
"chr10","71935597","71935890","KN297046v1","2569085","2569385","30","69366512"
"chr10","71937155","71937445","KN297046v1","2570948","2571241","23","69366207"
"chr10","71938338","71938643","KN297046v1","2571780","2572083","25","69366558"
"chr10","71974634","71974925","KN297190v1","5852784","5853081","32","66121850"
"chr10","71988311","71988616","KN296934v1","897698","898003","37","71090613"
"chr10","71998786","71999090","KN295112v1","343212","343513","37","71655574"
"chr10","72022028","72022326","KN295090v1","1657716","1658013","26","70364312"
"chr10","72067751","72068044","KN294536v1","1723478","1723769","30","70344273"
"chr10","72106381","72106686","KN295907v1","184749","185051","31","71921632"
"chr10","72164141","72164439","KN297046v1","2791168","2791468","28","69372973"
"chr10","72166246","72166517","KN296588v1","521340","521610","46","71644906"
"chr10","72177491","72177803","KN295114v1","20941","21251","40","72156550"
"chr10","72180226","72180517","KN295294v1","133861","134153","39","72046365"
"chr10","72197578","72197866","KN294281v1","1071142","1071430","33","71126436"
"chr10","72249763","72250058","KN294747v1","670418","670717","38","71579345"
"chr10","72250386","72250560","KN294326v1","736313","736490","38","71514073"
"chr10","72256651","72256893","KN296311v1","615311","615549","33","71641340"
"chr10","72274236","72274531","KN294243v1","70232","70526","33","72204004"
"chr10","72324800","72325097","KN295708v1","1014721","1015018","31","71310079"
"chr10","72325101","72325403","KN295919v1","100991","101296","37","72224110"
"chr10","72333268","72333561","KN297046v1","2897347","2897640","16","69435921"
"chr10","72356208","72356352","KN296188v1","157397","157539","20","72198811"
"chr10","72399801","72400112","KN296035v1","338193","338502","34","72061608"
"chr10","72401315","72401607","KN295995v1","430600","430892","35","71970715"
"chr10","72489424","72489679","KN295236v1","1590318","1590576","42","70899106"
"chr10","72490841","72491118","KN295185v1","76347","76625","46","72414494"
"chr10","72507955","72508024","KN297046v1","3071274","3071338","8","69436681"
"chr10","72552493","72552804","KN295936v1","1040084","1040396","36","71512409"
"chr10","72558645","72558937","KN297046v1","3123950","3124249","25","69434695"
"chr10","72595592","72595885","KN296153v1","3677943","3678242","38","68917649"
"chr10","72602931","72603234","KN297046v1","3165558","3165862","30","69437373"
"chr10","72605725","72606022","KN296075v1","437481","437780","33","72168244"
"chr10","72607411","72607709","KN297408v1","636019","636320","38","71971392"
"chr10","72608749","72608999","KN294879v1","933992","934244","98","71674757"
"chr10","72611796","72612097","KN297046v1","3175277","3175576","17","69436519"
"chr10","72619577","72619884","KN297046v1","3184406","3184712","29","69435171"
"chr10","72622285","72622593","KN295047v1","44235","44544","37","72578050"
"chr10","72626739","72627023","KN296079v1","545724","546008","42","72081015"
"chr10","72669092","72669410","KN295022v1","123209","123517","43","72545883"
"chr10","72685091","72685393","KN297046v1","3249473","3249765","35","69435618"
"chr10","72689093","72689377","KN297046v1","3253382","3253658","30","69435711"
"chr10","72710531","72710870","KN297046v1","3274941","3275263","35","69435590"
"chr10","72731641","72731931","KN294966v1","89371","89664","31","72642270"
"chr10","72761934","72762229","KN297046v1","3326635","3326925","28","69435299"
"chr10","72766322","72766616","KN294421v1","198668","198966","48","72567654"
"chr10","72785176","72785443","KN297008v1","2640522","2640786","32","70144654"
"chr10","72789619","72789940","KN295893v1","413740","414050","57","72375879"
"chr10","72847016","72847312","KN294758v1","2189671","2189970","39","70657345"
"chr10","72859978","72860269","KN297046v1","3416192","3416485","28","69443786"
"chr10","72880140","72880450","KN294365v1","836716","837022","39","72043424"
"chr10","72881402","72881664","KN295003v1","118874","119136","45","72762528"
"chr10","72889817","72890112","KN295820v1","372417","372708","30","72517400"
"chr10","72929876","72930176","KN294777v1","751157","751455","38","72178719"
"chr10","72982634","72982938","KN297046v1","3544391","3544688","35","69438243"
"chr10","72998104","72998220","KN296821v1","268159","268269","36","72729945"
"chr10","72998228","72998356","KN295533v1","1671629","1671764","23","71326599"
"chr10","72998693","72998984","KN297112v1","2387840","2388136","32","70610853"
"chr10","73112811","73113122","KN295855v1","94972","95268","34","73017839"
"chr10","73168322","73168619","KN294439v1","269158","269457","36","72899164"
"chr10","73182933","73183245","KN294717v1","373979","374286","39","72808954"
"chr10","73240495","73240800","KN295757v1","37573","37880","36","73202922"
"chr10","73281338","73281649","KN294444v1","165242","165552","36","73116096"
"chr10","73296431","73296732","KN296153v1","3677943","3678242","30","69618488"
"chr10","73309062","73309373","KN295667v1","1687893","1688204","35","71621169"
"chr10","73324593","73324897","KN295748v1","283051","283352","35","73041542"
"chr10","73352633","73352972","KN294457v1","3704399","3704734","42","69648234"
"chr10","73371113","73371414","KN297046v1","2791168","2791468","34","70579945"
"chr10","73398184","73398363","KN297408v1","115396","115577","21","73282788"
"chr10","73400541","73400846","KN295983v1","1664954","1665256","36","71735587"
"chr10","73423677","73423985","KN296883v1","3388760","3389067","38","70034917"
"chr10","73425401","73425657","KN297197v1","4498030","4498287","42","68927371"
"chr10","73432360","73432656","KN295320v1","27087","27386","37","73405273"
"chr10","73432718","73433016","KN296153v1","3677943","3678242","27","69754775"
"chr10","73441452","73441763","KN294407v1","2827717","2828029","33","70613735"
"chr10","73488165","73488473","KN297408v1","206857","207161","30","73281308"
"chr10","73493913","73494196","KN297408v1","212689","212978","33","73281224"
"chr10","73502580","73502893","KN294387v1","2599087","2599393","42","70903493"
"chr10","73513486","73513783","KN297408v1","233566","233877","35","73279920"
"chr10","73516137","73516436","KN297408v1","236250","236539","21","73279887"
"chr10","73548372","73548687","KN295361v1","921707","922037","49","72626665"
"chr10","73559510","73559823","KN296097v1","263213","263531","45","73296297"
"chr10","73617760","73618050","KN297408v1","332191","332480","25","73285569"
"chr10","73671664","73671950","KN297408v1","386593","386892","36","73285071"
"chr10","73705210","73705499","KN294536v1","1717253","1717544","35","71987957"
"chr10","73712254","73712525","KN296609v1","672398","672674","43","73039856"
"chr10","73734672","73734983","KN297408v1","442524","442839","42","73292148"
"chr10","73780582","73780889","KN297408v1","487141","487448","19","73293441"
"chr10","73796875","73797172","KN296732v1","2013890","2014190","33","71782985"
"chr10","73804305","73804614","KN297408v1","514896","515199","43","73289409"
"chr10","73857164","73857466","KN297019v1","1233639","1233939","35","72623525"
"chr10","73864515","73864691","KN297408v1","575053","575224","17","73289462"
"chr10","73868427","73868599","KN297408v1","575053","575224","22","73293374"
"chr10","73901960","73902262","KN294739v1","1119262","1119568","40","72782698"
"chr10","73926913","73927205","KN297408v1","636019","636320","45","73290894"
"chr10","73941986","73942277","KN297227v1","1018475","1018768","39","72923511"
"chr10","74402485","74402765","KN297322v1","1385103","1385393","40","73017382"
"chr10","74481581","74481887","KN295114v1","20941","21251","37","74460640"
"chr10","74580283","74580580","KN294407v1","93660","93961","33","74486623"
"chr10","74740249","74740547","KN297159v1","1593950","1594247","31","73146299"
"chr10","74810408","74810735","KN295601v1","761243","761570","54","74049165"
"chr10","74834815","74835124","KN294407v1","1807301","1807607","36","73027514"
"chr10","74859942","74860254","KN295722v1","1572953","1573267","42","73286989"
"chr10","74867044","74867351","KN295430v1","2610079","2610388","28","72256965"
"chr10","75548533","75548809","KN295936v1","30401","30674","38","75518132"
"chr10","75828022","75828319","KN296153v1","3677943","3678242","30","72150079"
"chr10","75968126","75968437","KN295480v1","853082","853380","41","75115044"
"chr10","75984511","75984817","KN296189v1","144372","144680","30","75840139"
"chr10","76063574","76063870","KN295480v1","952631","952923","31","75110943"
"chr10","76161218","76161475","KN295480v1","1049930","1050183","17","75111288"
"chr10","76313995","76314243","KN294444v1","3297","3556","31","76310698"
"chr10","76334472","76334763","KN295480v1","1210004","1210299","21","75124468"
"chr10","76357502","76357800","KN295480v1","1233501","1233794","27","75124001"
"chr10","76367579","76367808","KN295480v1","1244041","1244267","23","75123538"
"chr10","76369877","76370170","KN295480v1","1246296","1246597","31","75123581"
"chr10","76371106","76371269","KN295480v1","1248871","1249038","14","75122235"
"chr10","76372236","76372524","KN295480v1","1249998","1250288","31","75122238"
"chr10","76424771","76425063","KN294739v1","616485","616779","40","75808286"
"chr10","76462581","76462880","KN294613v1","747893","748193","30","75714688"
"chr10","76512810","76513090","KN296865v1","956232","956520","42","75556578"
"chr10","76521026","76521307","KN295038v1","888282","888564","33","75632744"
"chr10","76533126","76533422","KN296864v1","722959","723256","34","75810167"
"chr10","76534574","76534873","KN296138v1","414723","415020","37","76119851"
"chr10","76550664","76550980","KN294207v1","560240","560553","44","75990424"
"chr10","76555090","76555402","KN295480v1","1429426","1429720","40","75125664"
"chr10","76564873","76565177","KN295480v1","1437951","1438249","30","75126922"
"chr10","76569243","76569547","KN295480v1","1444663","1444966","30","75124580"
"chr10","76572325","76572629","KN295480v1","1447608","1447918","28","75124717"
"chr10","76586081","76586356","KN297231v1","73523","73799","34","76512558"
"chr10","76631165","76631502","KN295523v1","251455","251797","49","76379710"
"chr10","76649912","76650220","KN295480v1","1525135","1525444","32","75124777"
"chr10","76673059","76673369","KN295480v1","1547572","1547883","30","75125487"
"chr10","76690807","76691101","KN295480v1","1564233","1564525","27","75126574"
"chr10","76884632","76884941","KN296404v1","3257247","3257557","35","73627385"
"chr10","76975953","76976258","KN295480v1","1840125","1840429","29","75135828"
"chr10","77023430","77023645","KN295480v1","1887980","1888199","26","75135450"
"chr10","77065445","77065736","KN295984v1","974577","974872","39","76090868"
"chr10","77282235","77282548","KN295480v1","2148362","2148668","25","75133873"
"chr10","77311677","77311968","KN295480v1","2166370","2166665","28","75145307"
"chr10","77401878","77402173","KN295459v1","1614660","1614952","31","75787218"
"chr10","77637502","77637801","KN294561v1","767639","767926","41","76869863"
"chr10","77828971","77829275","KN295480v1","2672652","2672956","24","75156319"
"chr10","78133841","78134166","KN296153v1","888240","888546","49","77245601"
"chr10","78158275","78158580","KN295480v1","3355913","3356227","24","74802362"
"chr10","78277937","78278230","KN294170v1","50010","50300","38","78227927"
"chr10","78284685","78284974","KN295480v1","3257600","3257888","21","75027085"
"chr10","78286181","78286474","KN294433v1","409687","409987","39","77876494"
"chr10","78333991","78334253","KN294991v1","1062715","1062984","44","77271276"
"chr10","78334792","78335081","KN296158v1","692023","692317","37","77642769"
"chr10","78377457","78377751","KN294561v1","767639","767926","34","77609818"
"chr10","78737063","78737380","KN296153v1","888240","888546","49","77848823"
"chr10","78922897","78923218","KN294458v1","1782930","1783240","40","77139967"
"chr10","79576751","79577056","KN295480v1","3355913","3356227","24","76220838"
"chr10","79642877","79643177","KN295034v1","63947","64249","44","79578930"
"chr10","79663994","79664365","KN296365v1","1153725","1154095","96","78510269"
"chr10","79698299","79698534","KN295459v1","587159","587390","35","79111140"
"chr10","79780018","79780336","KN296661v1","519380","519692","37","79260638"
"chr10","79821515","79821825","KN294187v1","1813627","1813934","34","78007888"
"chr10","79822419","79822700","KN296731v1","785362","785640","43","79037057"
"chr10","79863831","79864141","KN297153v1","1366929","1367240","37","78496902"
"chr10","79865749","79866048","KN294662v1","143772","144070","41","79721977"
"chr10","79889317","79889611","KN297259v1","382961","383251","35","79506356"
"chr10","79948149","79948459","KN296775v1","993230","993539","42","78954919"
"chr10","80068368","80068678","KN295045v1","441758","442064","34","79626610"
"chr10","80119298","80119484","KN297095v1","2224633","2224816","29","77894665"
"chr10","80156426","80156719","KN295225v1","852978","853269","37","79303448"
"chr10","80248406","80248709","KN296738v1","137767","138070","33","80110639"
"chr10","80386218","80386515","KN296864v1","1866135","1866421","44","78520083"
"chr10","80418867","80419149","KN295368v1","2824619","2824891","50","77594248"
"chr10","80497466","80497773","KN294539v1","761382","761684","36","79736084"
"chr10","80590615","80590906","KN294167v1","406704","406998","35","80183911"
"chr10","80888241","80888545","KN296731v1","1681432","1681735","35","79206809"
"chr10","80943417","80943727","KN296187v1","256916","257222","34","80686501"
"chr10","81005186","81005492","KN294375v1","556349","556655","38","80448837"
"chr10","81088606","81088904","KN294911v1","4361649","4361947","36","76726957"
"chr10","81154304","81154616","KN296367v1","700472","700783","37","80453832"
"chr10","81235398","81235678","KN296367v1","618915","619191","37","80616483"
"chr10","81306648","81306946","KN296062v1","2106200","2106493","43","79200448"
"chr10","81416039","81416320","KN296508v1","1444199","1444478","50","79971840"
"chr10","81422703","81423003","KN297408v1","636019","636320","39","80786684"
"chr10","81556181","81556497","KN296486v1","1315197","1315517","37","80240984"
"chr10","81571297","81571611","KN296367v1","280886","281189","34","81290411"
"chr10","81590939","81591196","KN294739v1","994750","995002","36","80596189"
"chr10","81666703","81666998","KN294439v1","72624","72920","33","81594079"
"chr10","81704677","81704971","KN296367v1","159971","160268","37","81544706"
"chr10","81823413","81823686","KN296367v1","40681","40958","35","81782732"
"chr10","81895560","81895854","KN294634v1","514588","514883","39","81380972"
"chr10","81983342","81983499","KN296296v1","338695","338855","23","81644647"
"chr10","81984632","81984934","KN296311v1","3721408","3721707","39","78263224"
"chr10","82012534","82012845","KN295633v1","264317","264628","40","81748217"
"chr10","82041649","82041960","KN294717v1","373979","374286","36","81667670"
"chr10","82077143","82077425","KN295350v1","493114","493401","43","81584029"
"chr10","82156585","82156888","KN294536v1","1859228","1859530","33","80297357"
"chr10","82167819","82168130","KN295114v1","20941","21251","35","82146878"
"chr10","82188938","82189200","KN295523v1","3618519","3618784","35","78570419"
"chr10","82234492","82234813","KN294365v1","1401774","1402095","37","80832718"
"chr10","82374407","82374707","KN294172v1","4388987","4389293","33","77985420"
"chr10","82377679","82377985","KN297019v1","1263163","1263468","37","81114516"
"chr10","82388871","82389183","KN295634v1","230980","231291","40","82157891"
"chr10","82442611","82442922","KN296357v1","706115","706421","32","81736496"
"chr10","82504084","82504394","KN295114v1","20941","21251","40","82483143"
"chr10","82555427","82555725","KN295607v1","511943","512240","32","82043484"
"chr10","82736588","82736889","KN295350v1","405055","405352","37","82331533"
"chr10","82890787","82891053","KN296864v1","3162488","3162754","39","79728299"
"chr10","82970853","82971139","KN294592v1","1319879","1320174","44","81650974"
"chr10","83059650","83059950","KN294856v1","296536","296838","36","82763114"
"chr10","83091577","83091856","KN294172v1","2999478","2999758","39","80092099"
"chr10","83151120","83151384","KN296138v1","41213","41476","41","83109907"
"chr10","83239150","83239454","KN296145v1","633816","634121","40","82605334"
"chr10","83268391","83268694","KN295893v1","3435300","3435605","42","79833091"
"chr10","83366263","83366554","KN295907v1","1589185","1589479","35","81777078"
"chr10","83379352","83379634","KN296635v1","4770618","4770901","34","78608734"
"chr10","83444140","83444444","KN295667v1","1687893","1688204","37","81756247"
"chr10","83448371","83448664","KN296682v1","1906340","1906636","33","81542031"
"chr10","83480621","83480933","KN294717v1","373979","374286","36","83106642"
"chr10","83593431","83593725","KN295236v1","231341","231639","33","83362090"
"chr10","83670869","83671161","KN294385v1","354018","354312","44","83316851"
"chr10","83732619","83732907","KN296153v1","91872","92161","40","83640747"
"chr10","83752030","83752322","KN295667v1","720725","721025","35","83031305"
"chr10","83758991","83759323","KN294264v1","371563","371884","51","83387428"
"chr10","83774605","83774901","KN297197v1","1652825","1653120","28","82121780"
"chr10","83982817","83983143","KN296308v1","871499","871827","49","83111318"
"chr10","84010219","84010516","KN296682v1","1906340","1906636","33","82103879"
"chr10","84017444","84017743","KN294239v1","153759","154060","33","83863685"
"chr10","84085993","84086284","KN294407v1","2733858","2734151","42","81352135"
"chr10","84107908","84108220","KN295605v1","712558","712868","36","83395350"
"chr10","84121342","84121644","KN294229v1","97510","97813","43","84023832"
"chr10","84389718","84389988","KN297158v1","34905","35175","47","84354813"
"chr10","84399018","84399330","KN294499v1","1948987","1949299","35","82450031"
"chr10","84513575","84513869","KN294747v1","778077","778373","36","83735498"
"chr10","84532737","84533017","KN295090v1","1165047","1165331","40","83367690"
"chr10","84557841","84558115","KN294167v1","406704","406998","48","84151137"
"chr10","84559822","84560096","KN294167v1","406704","406998","48","84153118"
"chr10","85010512","85010815","KN296588v1","62732","63040","46","84947780"
"chr10","85250000","85250280","KN297445v1","1071685","1071957","40","84178315"
"chr10","85429005","85429232","KN294992v1","218793","219017","34","85210212"
"chr10","85523497","85523793","KN294443v1","1305914","1306212","29","84217583"
"chr10","85974743","85975015","KN296959v1","1503482","1503756","41","84471261"
"chr10","85993108","85993406","KN296036v1","683627","683927","40","85309481"
"chr10","86003449","86003756","KN296847v1","77060","77365","37","85926389"
"chr10","86016766","86017066","KN297317v1","20735","21043","40","85996031"
"chr10","86017359","86017639","KN295923v1","2321767","2322047","31","83695592"
"chr10","86029122","86029393","KN297125v1","22244","22518","37","86006878"
"chr10","86034048","86034350","KN296528v1","1436873","1437172","38","84597175"
"chr10","86159221","86159515","KN295601v1","3279911","3280206","43","82879310"
"chr10","86181772","86182069","KN296153v1","3677943","3678242","34","82503829"
"chr10","86187846","86188146","KN295236v1","1764741","1765042","30","84423105"
"chr10","86235644","86235935","KN294462v1","73428","73721","39","86162216"
"chr10","86240368","86240660","KN297038v1","2119190","2119493","43","84121178"
"chr10","86247404","86247708","KN295667v1","1687893","1688204","33","84559511"
"chr10","86279722","86280019","KN294218v1","2831459","2831758","38","83448263"
"chr10","86292340","86292615","KN294596v1","14840","15113","40","86277500"
"chr10","86323775","86323874","KN296117v1","86443","86544","14","86237332"
"chr10","86335757","86336058","KN296153v1","3677943","3678242","35","82657814"
"chr10","86376556","86376867","KN294717v1","373979","374286","35","86002577"
"chr10","86381888","86382182","KN295825v1","1555832","1556125","38","84826056"
"chr10","86387641","86387890","KN294911v1","1958010","1958259","29","84429631"
"chr10","86398526","86398656","KN294251v1","2574041","2574176","30","83824485"
"chr10","86399564","86399702","KN296795v1","1955999","1956137","13","84443565"
"chr10","86477413","86477711","KN297046v1","2791168","2791468","37","83686245"
"chr10","86546029","86546327","KN296357v1","356792","357093","40","86189237"
"chr10","86574667","86574857","KN294520v1","611114","611311","29","85963553"
"chr10","86585320","86585615","KN294991v1","966174","966473","38","85619146"
"chr10","86602109","86602409","KN297176v1","175681","175990","31","86426428"
"chr10","86618002","86618169","KN294281v1","989793","989968","32","85628209"
"chr10","86618210","86618282","KN294172v1","4292051","4292118","31","82326159"
"chr10","86626190","86626496","KN294433v1","409687","409987","43","86216503"
"chr10","86650588","86650876","KN296312v1","249956","250248","44","86400632"
"chr10","86690305","86690616","KN297176v1","100661","100973","26","86589644"
"chr10","86990448","86990746","KN295814v1","1478894","1479191","33","85511554"
"chr10","87152816","87153116","KN294208v1","853291","853593","36","86299525"
"chr10","87308056","87308364","KN295176v1","34358","34673","49","87273698"
"chr10","87345542","87345884","KN295361v1","961861","962199","56","86383681"
"chr10","87457577","87457887","KN297038v1","2343556","2343866","38","85114021"
"chr10","87481293","87481592","KN296732v1","2013890","2014190","41","85467403"
"chr10","87501122","87501422","KN296404v1","106219","106515","31","87394903"
"chr10","87526018","87526328","KN297133v1","419676","419981","30","87106342"
"chr10","87715310","87715614","KN294717v1","373979","374286","43","87341331"
"chr10","87920902","87921213","KN296339v1","2199231","2199535","41","85721671"
"chr10","88162697","88162926","KN296019v1","205848","206076","34","87956849"
"chr10","88225866","88226156","KN296096v1","3183138","3183434","47","85042728"
"chr10","88288497","88288790","KN294167v1","406704","406998","35","87881793"
"chr10","88405976","88406271","KN295995v1","1426233","1426527","34","86979743"
"chr10","88444712","88444958","KN294739v1","994750","995002","39","87449962"
"chr10","88631033","88631316","KN297112v1","2008532","2008818","39","86622501"
"chr10","88646074","88646370","KN295474v1","973205","973501","37","87672869"
"chr10","88760949","88761049","KN296036v1","501022","501120","13","88259927"
"chr10","88965882","88966158","KN297171v1","2607011","2607291","34","86358871"
"chr10","89250770","89251059","KN294739v1","616485","616779","38","88634285"
"chr10","89265095","89265389","KN295907v1","1253096","1253393","32","88011999"
"chr10","89301959","89302256","KN295045v1","330502","330797","41","88971457"
"chr10","89525472","89525604","KN294443v1","861251","861385","15","88664221"
"chr10","89525638","89525839","KN296515v1","882036","882234","35","88643602"
"chr10","89580297","89580602","KN294261v1","106351","106657","36","89473946"
"chr10","90079478","90079789","KN295114v1","20941","21251","38","90058537"
"chr10","90200324","90200599","KN295995v1","945650","945923","39","89254674"
"chr10","90205992","90206222","KN297095v1","3580075","3580303","29","86625917"
"chr10","90236752","90237060","KN295034v1","63947","64249","37","90172805"
"chr10","90397621","90397753","KN297197v1","1187476","1187605","16","89210145"
"chr10","90478367","90478665","KN295567v1","62245","62544","29","90416122"
"chr10","90521841","90522139","KN295567v1","104199","104497","32","90417642"
"chr10","90617974","90618277","KN296565v1","45013","45324","41","90572961"
"chr10","90754578","90754869","KN295705v1","2252711","2253005","36","88501867"
"chr10","91066423","91066717","KN294662v1","268123","268414","36","90798300"
"chr10","91117986","91118261","KN296750v1","1420752","1421032","45","89697234"
"chr10","91200505","91200813","KN294873v1","1327978","1328280","37","89872527"
"chr10","91205891","91206191","KN296959v1","1159791","1160090","33","90046100"
"chr10","91342603","91342889","KN295883v1","126524","126801","39","91216079"
"chr10","91372767","91373058","KN296435v1","3409081","3409381","47","87963686"
"chr10","91373194","91373286","KN294711v1","239718","239811","14","91133476"
"chr10","91376031","91376338","KN295725v1","1996226","1996536","30","89379805"
"chr10","91386011","91386310","KN297046v1","2791168","2791468","38","88594843"
"chr10","91387620","91387921","KN296859v1","895216","895514","31","90492404"
"chr10","91413445","91413738","KN294739v1","616485","616779","34","90796960"
"chr10","91423319","91423642","KN296643v1","662637","662952","55","90760682"
"chr10","91441141","91441455","KN297133v1","419676","419981","45","91021465"
"chr10","91482219","91482522","KN297046v1","2656093","2656395","43","88826126"
"chr10","91539679","91539994","KN295607v1","4157862","4158184","49","87381817"
"chr10","91576335","91576639","KN295034v1","63947","64249","36","91512388"
"chr10","91583767","91584063","KN296311v1","5323041","5323339","41","86260726"
"chr10","91595238","91595552","KN296153v1","3677943","3678242","45","87917295"
"chr10","91599824","91600128","KN294421v1","198668","198966","38","91401156"
"chr10","91601935","91602219","KN294416v1","716060","716346","37","90885875"
"chr10","91640598","91640899","KN295705v1","2747981","2748284","45","88892617"
"chr10","91657894","91658201","KN295893v1","3435300","3435605","34","88222594"
"chr10","91686851","91687155","KN296859v1","895216","895514","39","90791635"
"chr10","91707263","91707530","KN297274v1","1076900","1077174","34","90630363"
"chr10","91712898","91713199","KN295171v1","869545","869845","35","90843353"
"chr10","91713254","91713564","KN294433v1","482950","483258","40","91230304"
"chr10","91734143","91734441","KN294630v1","494261","494558","36","91239882"
"chr10","91752160","91752469","KN294187v1","1813627","1813934","37","89938533"
"chr10","91775542","91775665","KN296508v1","407827","407954","28","91367715"
"chr10","91776223","91776476","KN295371v1","353487","353737","58","91422736"
"chr10","91802958","91803263","KN296588v1","321243","321547","35","91481715"
"chr10","91810678","91810978","KN294717v1","373979","374286","38","91436699"
"chr10","91822532","91822843","KN296430v1","444033","444342","31","91378499"
"chr10","91877649","91877934","KN297314v1","218511","218802","36","91659138"
"chr10","91880252","91880468","KN296009v1","1395210","1395426","31","90485042"
"chr10","91883806","91884117","KN295236v1","5153248","5153560","34","86730558"
"chr10","91915397","91915659","KN296449v1","822","1085","27","91914575"
"chr10","91920561","91920857","KN294396v1","367859","368144","49","91552702"
"chr10","91931777","91932085","KN294387v1","2140549","2140857","43","89791228"
"chr10","91940032","91940333","KN295983v1","1664954","1665256","41","90275078"
"chr10","91945397","91945702","KN294717v1","373979","374286","35","91571418"
"chr10","91946756","91947053","KN295984v1","1136723","1137018","34","90810033"
"chr10","91949077","91949379","KN296732v1","2013890","2014190","30","89935187"
"chr10","91966188","91966500","KN295906v1","230171","230481","38","91736017"
"chr10","91980493","91980740","KN296949v1","35284","35534","36","91945209"
"chr10","91995590","91995916","KN296153v1","3677943","3678242","57","88317647"
"chr10","92027353","92027649","KN296982v1","426822","427119","38","91600531"
"chr10","92037479","92037789","KN294470v1","2163212","2163519","39","89874267"
"chr10","92043340","92043645","KN296883v1","3388760","3389067","31","88654580"
"chr10","92048245","92048534","KN295974v1","4154496","4154780","49","87893749"
"chr10","92050573","92050849","KN294385v1","562803","563081","55","91487770"
"chr10","92053766","92054071","KN296495v1","2880092","2880393","35","89173674"
"chr10","92075888","92076190","KN294717v1","373979","374286","60","91701909"
"chr10","92086185","92086484","KN294662v1","79885","80185","34","92006300"
"chr10","92088542","92088842","KN296732v1","2013890","2014190","37","90074652"
"chr10","92110160","92110451","KN295907v1","2257700","2257990","36","89852460"
"chr10","92115070","92115352","KN295090v1","1165047","1165331","30","90950023"
"chr10","92132445","92132751","KN294991v1","2085266","2085575","39","90047179"
"chr10","92135185","92135492","KN294917v1","618557","618860","39","91516628"
"chr10","92155324","92155490","KN294456v1","1251593","1251759","20","90903731"
"chr10","92159245","92159552","KN294387v1","2599087","2599393","34","89560158"
"chr10","92189478","92189769","KN296145v1","339985","340281","34","91849493"
"chr10","92217648","92217944","KN295814v1","1158228","1158525","36","91059420"
"chr10","92223407","92223702","KN295057v1","500819","501116","35","91722588"
"chr10","92225773","92226082","KN294451v1","576228","576536","37","91649545"
"chr10","92277386","92277694","KN294503v1","112918","113223","40","92164468"
"chr10","92350759","92351047","KN294513v1","150959","151244","39","92199800"
"chr10","92376443","92376741","KN295236v1","1764741","1765042","44","90611702"
"chr10","92383672","92383964","KN297026v1","228587","228878","42","92155085"
"chr10","92440000","92440314","KN294741v1","441598","441903","41","91998402"
"chr10","92473721","92474033","KN295988v1","633375","633684","38","91840346"
"chr10","92502959","92503261","KN297095v1","1315352","1315652","34","91187607"
"chr10","92598003","92598303","KN295871v1","946329","946631","30","91651674"
"chr10","92646466","92646790","KN295459v1","899400","899723","43","91747066"
"chr10","92658841","92659141","KN294662v1","79885","80185","31","92578956"
"chr10","92665306","92665616","KN294172v1","2551970","2552279","39","90113336"
"chr10","92672461","92672773","KN297133v1","419676","419981","32","92252785"
"chr10","92683197","92683485","KN295501v1","902998","903291","39","91780199"
"chr10","92699270","92699571","KN296281v1","60300","60607","44","92638970"
"chr10","92717039","92717212","KN294479v1","373588","373767","23","92343451"
"chr10","92724474","92724768","KN297133v1","419676","419981","42","92304798"
"chr10","92761040","92761326","KN295607v1","4402317","4402604","31","88358723"
"chr10","92766797","92767092","KN296643v1","592939","593234","33","92173858"
"chr10","92794095","92794406","KN297038v1","2343556","2343866","40","90450539"
"chr10","92840055","92840342","KN296153v1","91872","92161","31","92748183"
"chr10","92844097","92844378","KN294479v1","245509","245796","33","92598588"
"chr10","92856987","92857287","KN294588v1","1492426","1492725","38","91364561"
"chr10","92858917","92859211","KN295591v1","644212","644507","38","92214705"
"chr10","92862139","92862416","KN295573v1","520941","521218","38","92341198"
"chr10","92896239","92896539","KN296153v1","3677943","3678242","29","89218296"
"chr10","92939614","92939920","KN294479v1","148585","148890","36","92791029"
"chr10","92946561","92946875","KN295114v1","20941","21251","37","92925620"
"chr10","92988042","92988366","KN296411v1","52820","53130","46","92935222"
"chr10","93010287","93010590","KN296738v1","154412","154713","35","92855875"
"chr10","93017639","93017939","KN294479v1","72900","73201","31","92944739"
"chr10","93028443","93028751","KN296153v1","335396","335705","31","92693047"
"chr10","93031594","93031898","KN294479v1","59449","59759","26","92972145"
"chr10","93071170","93071460","KN295748v1","283051","283352","36","92788119"
"chr10","93102710","93102994","KN296404v1","106219","106515","43","92996491"
"chr10","93107878","93108191","KN297197v1","1750744","1751056","48","91357134"
"chr10","93111232","93111489","KN294739v1","994750","995002","34","92116482"
"chr10","93149902","93150204","KN294385v1","101695","101993","38","93048207"
"chr10","93182027","93182327","KN294172v1","4761492","4761794","43","88420535"
"chr10","93183955","93184260","KN296547v1","713658","713962","35","92470297"
"chr10","93377704","93378010","KN296281v1","60300","60607","36","93317404"
"chr10","93740213","93740516","KN296303v1","584711","585013","25","93155502"
"chr10","93744487","93744797","KN294717v1","373979","374286","46","93370508"
"chr10","93880986","93881289","KN296303v1","451224","451523","30","93429762"
"chr10","93894822","93895120","KN296303v1","436378","436670","23","93458444"
"chr10","94001450","94001699","KN294911v1","1958010","1958259","36","92043440"
"chr10","94005023","94005314","KN295236v1","5600274","5600566","42","88404749"
"chr10","94048981","94049290","KN296303v1","280065","280375","21","93768916"
"chr10","94074059","94074368","KN295725v1","1996226","1996536","30","92077833"
"chr10","94077516","94077806","KN296303v1","246285","246575","27","93831231"
"chr10","94120623","94120920","KN296303v1","201498","201787","39","93919125"
"chr10","94163932","94164228","KN295962v1","330121","330419","36","93833811"
"chr10","94169443","94169741","KN296303v1","153177","153474","37","94016266"
"chr10","94338282","94338608","KN295405v1","442054","442375","55","93896228"
"chr10","94653628","94653930","KN296040v1","176357","176660","21","94477271"
"chr10","94669158","94669453","KN296040v1","186316","186608","33","94482842"
"chr10","94690680","94690935","KN296040v1","209476","209711","40","94481204"
"chr10","94750860","94751163","KN295171v1","1420524","1420825","39","93330336"
"chr10","94864194","94864511","KN294407v1","2595440","2595750","41","92268754"
"chr10","94934336","94934643","KN297367v1","171251","171554","40","94763085"
"chr10","94993186","94993355","KN294172v1","4594927","4595084","32","90398259"
"chr10","94997562","94997850","KN296040v1","508870","509142","46","94488692"
"chr10","95026705","95026999","KN296040v1","537301","537594","22","94489404"
"chr10","95032598","95032893","KN296040v1","548461","548761","33","94484137"
"chr10","95043258","95043569","KN295059v1","336835","337145","36","94706423"
"chr10","95053592","95053891","KN296040v1","568932","569222","33","94484660"
"chr10","95119157","95119449","KN296040v1","628497","628798","28","94490660"
"chr10","95165056","95165361","KN296040v1","674085","674393","36","94490971"
"chr10","95210068","95210373","KN296040v1","722171","722469","23","94487897"
"chr10","95220896","95221194","KN296040v1","733119","733420","21","94487777"
"chr10","95343398","95343709","KN296040v1","856534","856847","27","94486864"
"chr10","95405729","95406029","KN295236v1","4576569","4576870","34","90829160"
"chr10","95476095","95476398","KN295257v1","443937","444244","36","95032158"
"chr10","95486197","95486494","KN294842v1","1017450","1017748","31","94468747"
"chr10","95719779","95720074","KN294848v1","1408889","1409183","29","94310890"
"chr10","95813725","95814017","KN295459v1","1614660","1614952","34","94199065"
"chr10","95927081","95927378","KN295112v1","343212","343513","32","95583869"
"chr10","96015479","96015762","KN296661v1","1303368","1303652","36","94712111"
"chr10","96037738","96038042","KN297133v1","419676","419981","28","95618062"
"chr10","96041417","96041695","KN294711v1","646506","646789","43","95394911"
"chr10","96054437","96054751","KN296406v1","470066","470382","40","95584371"
"chr10","96063475","96063777","KN294365v1","795012","795312","40","95268463"
"chr10","96185594","96185900","KN294668v1","2004094","2004404","37","94181500"
"chr10","96211896","96212183","KN295205v1","1220626","1220914","33","94991270"
"chr10","96215370","96215675","KN295855v1","21394","21692","30","96193976"
"chr10","96250848","96251143","KN296133v1","239214","239508","37","96011634"
"chr10","96261381","96261688","KN296634v1","400726","401027","37","95860655"
"chr10","96286565","96286819","KN295361v1","813055","813302","37","95473510"
"chr10","96292415","96292728","KN296934v1","897698","898003","46","95394717"
"chr10","96329849","96330169","KN295667v1","1687893","1688204","40","94641956"
"chr10","96340998","96341284","KN294251v1","2057577","2057867","40","94283421"
"chr10","96362133","96362429","KN295350v1","405055","405352","38","95957078"
"chr10","96447606","96447880","KN294181v1","1605564","1605839","34","94842042"
"chr10","96496444","96496745","KN295907v1","2005048","2005348","41","94491396"
"chr10","96499262","96499577","KN295059v1","336835","337145","39","96162427"
"chr10","96637812","96638105","KN294536v1","1607732","1608024","28","95030080"
"chr10","96642572","96642884","KN295601v1","1120041","1120354","39","95522531"
"chr10","96671895","96672179","KN296180v1","671411","671696","32","96000484"
"chr10","96678356","96678657","KN296357v1","356792","357093","40","96321564"
"chr10","96713602","96713908","KN294387v1","2599087","2599393","42","94114515"
"chr10","96726457","96726760","KN295983v1","1536250","1536551","32","95190207"
"chr10","96763401","96763595","KN294548v1","1488678","1488879","37","95274723"
"chr10","96764360","96764467","KN297154v1","1566524","1566631","18","95197836"
"chr10","96794776","96794947","KN294837v1","424254","424421","30","96370522"
"chr10","96806151","96806448","KN295350v1","405055","405352","41","96401096"
"chr10","96828899","96829208","KN294387v1","2599087","2599393","35","94229812"
"chr10","96835591","96835882","KN294825v1","98541","98834","36","96737050"
"chr10","96859259","96859569","KN295114v1","20941","21251","40","96838318"
"chr10","96891730","96891933","KN295074v1","243591","243783","32","96648139"
"chr10","96903715","96904015","KN296153v1","3677943","3678242","37","93225772"
"chr10","96908590","96908897","KN296311v1","3721408","3721707","38","93187182"
"chr10","96926003","96926309","KN295034v1","63947","64249","35","96862056"
"chr10","96954150","96954443","KN296079v1","265721","266017","37","96688429"
"chr10","96954937","96955245","KN296225v1","453833","454144","38","96501104"
"chr10","96967177","96967483","KN296883v1","3388760","3389067","35","93578417"
"chr10","97015966","97016247","KN294711v1","646506","646789","32","96369460"
"chr10","97021690","97022001","KN295114v1","20941","21251","37","97000749"
"chr10","97023966","97024271","KN294630v1","494261","494558","44","96529705"
"chr10","97034209","97034519","KN297274v1","62324","62636","46","96971885"
"chr10","97099758","97100085","KN296884v1","112125","112445","46","96987633"
"chr10","97106575","97106855","KN297197v1","4295282","4295565","54","92811293"
"chr10","97109138","97109457","KN295176v1","34358","34673","43","97074780"
"chr10","97148020","97148314","KN295077v1","585208","585503","31","96562812"
"chr10","97177785","97178058","KN294991v1","1510448","1510728","40","95667337"
"chr10","97180215","97180329","KN297047v1","2030273","2030392","24","95149942"
"chr10","97180415","97180595","KN297195v1","40651","40845","37","97139764"
"chr10","97210777","97210860","KN294499v1","1481133","1481214","13","95729644"
"chr10","97220143","97220439","KN295995v1","1426233","1426527","41","95793910"
"chr10","97320751","97321045","KN295984v1","1136723","1137018","36","96184028"
"chr10","97335002","97335334","KN295601v1","761243","761570","49","96573759"
"chr10","97430490","97430801","KN297008v1","2822455","2822758","43","94608035"
"chr10","97438820","97438998","KN296119v1","3625254","3625431","27","93813566"
"chr10","97480937","97481228","KN297445v1","1326382","1326677","38","96154555"
"chr10","97492426","97492723","KN296322v1","1982694","1982989","32","95509732"
"chr10","97555070","97555366","KN297095v1","2087459","2087755","36","95467611"
"chr10","97578374","97578683","KN296154v1","1901209","1901519","40","95677165"
"chr10","97753382","97753648","KN296677v1","273898","274172","51","97479484"
"chr10","97756498","97756776","KN297242v1","351132","351417","44","97405366"
"chr10","97839163","97839310","KN295705v1","674001","674142","36","97165162"
"chr10","97906346","97906657","KN294588v1","2985726","2986038","39","94920620"
"chr10","97947423","97947734","KN294987v1","439387","439694","39","97508036"
"chr10","98000411","98000722","KN295114v1","20941","21251","35","97979470"
"chr10","98022702","98022996","KN294571v1","2054146","2054440","36","95968556"
"chr10","98032081","98032383","KN294662v1","79885","80185","39","97952196"
"chr10","98064997","98065293","KN295983v1","1536250","1536551","38","96528747"
"chr10","98234797","98235096","KN295995v1","1426233","1426527","45","96808564"
"chr10","98251711","98252005","KN294592v1","854771","855059","38","97396940"
"chr10","98467536","98467833","KN295090v1","276264","276560","33","98191272"
"chr10","98623255","98623549","KN294385v1","18712","19011","37","98604543"
"chr10","98634592","98634902","KN297112v1","2478648","2478956","44","96155944"
"chr10","98746738","98747052","KN297165v1","1902812","1903121","41","96843926"
"chr10","98747764","98748075","KN294561v1","643982","644294","35","98103782"
"chr10","98835295","98835608","KN295705v1","2747981","2748284","45","96087314"
"chr10","98891805","98892107","KN295112v1","343212","343513","45","98548593"
"chr10","98985952","98986260","KN296825v1","2297449","2297751","40","96688503"
"chr10","99020601","99020907","KN295758v1","980979","981285","39","98039622"
