"chr1","53477272","53477570","chr20","79891255","79891554","25","26413983"
"chr1","214957934","214958221","chr6","50066742","50067036","36","164891192"
"chr1","1572574","1572871","chrX","61960439","61960734","35","60387865"
"chr1","1703591","1703962","chr10","127801642","127801983","99","126098051"
"chr1","8257274","8257593","chr19","10206444","10206765","42","1949170"
"chr1","9174916","9175162","chr16","31906139","31906391","42","22731223"
"chr1","11010020","11010329","chr3","37312315","37312619","37","26302295"
"chr1","14548904","14549216","chr20","117818826","117819128","32","103269922"
"chr1","19398366","19398671","chrX","38416664","38416967","36","19018298"
"chr1","20053841","20054020","chr7","24332915","24333099","27","4279074"
"chr1","27787031","27787342","chr20","105014789","105015095","45","77227758"
"chr1","39059207","39059506","chr20","94065696","94066000","29","55006489"
"chr1","43122459","43122749","chr20","90131503","90131789","36","47009044"
"chr1","57016288","57016594","chr20","76460189","76460503","33","19443901"
"chr1","85589783","85590085","chr10","18732808","18733113","36","66856975"
"chr1","88211296","88211603","chr20","45981785","45982072","38","42229511"
"chr1","122814433","122814724","chr20","19708420","19708711","25","103106013"
"chr1","132644625","132644931","chr8","10801167","10801476","39","121843458"
"chr1","133824255","133824531","chr14","33604329","33604604","44","100219926"
"chr1","139198444","139198728","chr20","3109378","3109661","38","136089066"
"chr1","139722494","139722785","chr8","21298424","21298717","43","118424070"
"chr1","179961607","179961919","chr4","50814975","50815277","41","129146632"
"chr1","212467582","212467900","chr25","70530245","70530548","37","141937337"
"chr1","214171491","214171793","chr15","16738396","16738699","32","197433095"
"chr1","219283376","219283658","chr1","50725288","50725575","32","168558088"
"chr1","219676530","219676809","chr25","77459227","77459496","32","142217303"
"chr1","155737","155976","chr9","61704066","61704306","48","61548329"
"chr1","857193","857475","chr2","37120976","37121261","35","36263783"
"chr1","897986","898282","chr20","130447038","130447339","32","129549052"
"chr1","899071","899375","chr27","9542497","9542797","39","8643426"
"chr1","913466","913744","chr8","11403434","11403717","38","10489968"
"chr1","924448","924754","chr11","3827344","3827653","41","2902896"
"chr1","962523","962827","chr20","70650206","70650512","35","69687683"
"chr1","962860","963160","chr2","58987877","58988180","40","58025017"
"chr1","1013365","1013628","chr4","38864971","38865258","57","37851606"
"chr1","1013921","1014193","chr8","121253617","121253882","44","120239696"
"chr1","1024129","1024429","chr16","3292492","3292796","37","2268363"
"chr1","1031528","1031834","chr20","118932140","118932439","45","117900612"
"chr1","1033825","1034100","chr23","12869279","12869555","44","11835454"
"chr1","1074413","1074722","chr20","94945371","94945678","36","93870958"
"chr1","1093053","1093162","chr1","10174863","10174971","8","9081810"
"chr1","1093293","1093456","chr21","109488914","109489073","23","108395621"
"chr1","1107164","1107470","chr11","111918427","111918734","39","110811263"
"chr1","1108228","1108524","chr1","62642176","62642473","34","61533948"
"chr1","1134977","1135277","chrX_KE148109v1_random","2263653","2263954","40","1128676"
"chr1","1139771","1140067","chr2","56917707","56918005","35","55777936"
"chr1","1156129","1156425","chr20","130214526","130214811","37","129058397"
"chr1","1225857","1226052","chr25","72060311","72060505","24","70834454"
"chr1","1270605","1270910","chr20","130091690","130091990","26","128821085"
"chr1","1280959","1281252","chr20","130077089","130077379","30","128796130"
"chr1","1283949","1284249","chr2","58338718","58339014","36","57054769"
"chr1","1297780","1297956","chr20","130062992","130063163","19","128765212"
"chr1","1312655","1312943","chr14","543320","543610","55","769335"
"chr1","1315916","1316204","chr14","543320","543610","59","772596"
"chr1","1317077","1317361","chr12","92705717","92706002","44","91388640"
"chr1","1320998","1321276","chr20","42491385","42491658","53","41170387"
"chr1","1322827","1323007","chr28","20091858","20092040","37","18769031"
"chr1","1357469","1357771","chr1","103586917","103587220","32","102229448"
"chr1","1362276","1362577","chr26","21323693","21323990","37","19961417"
"chr1","1377821","1378102","chr16","26499436","26499719","44","25121615"
"chr1","1390519","1390818","chr16","1258733","1259033","46","131786"
"chr1","1393989","1394214","chr6","11557988","11558218","40","10163999"
"chr1","1397109","1397411","chr7","31774584","31774884","38","30377475"
"chr1","1409194","1409492","chr25","22156325","22156622","39","20747131"
"chr1","1409796","1409952","chr16","24496388","24496550","24","23086592"
"chr1","1431561","1431843","chr7","66206623","66206910","49","64775062"
"chr1","1432833","1433138","chr20","129982728","129983029","23","128549895"
"chr1","1433141","1433440","chr20","129982425","129982714","41","128549284"
"chr1","1435640","1435941","chr9","53844257","53844558","38","52408617"
"chr1","1496322","1496601","chr9","957737","958015","43","538585"
"chr1","1497991","1498265","chr22","13221526","13221804","37","11723535"
"chr1","1504312","1504604","chrX","22852905","22853198","29","21348593"
"chr1","1522627","1522927","chr10","122705703","122706007","31","121183076"
"chr1","1575916","1576224","chrUn_KE147541v1","563683","563994","43","1012233"
"chr1","1584466","1584771","chr20","129836847","129837145","38","128252381"
"chr1","1585403","1585623","chr6","36368840","36369061","33","34783437"
"chr1","1586886","1587039","chr6","36183990","36184138","22","34597104"
"chr1","1593550","1593851","chr20","92192486","92192788","34","90598936"
"chr1","1596149","1596459","chr6","34028273","34028585","45","32432124"
"chr1","1598362","1598679","chr5","70301102","70301414","48","68702740"
"chr1","1601059","1601362","chr20","129818202","129818504","35","128217143"
"chr1","1608696","1608998","chr25","79773947","79774251","37","78165251"
"chr1","1633394","1633630","chr1","11954888","11955140","72","10321494"
"chr1","1655801","1655909","chr9","84870085","84870205","40","83214284"
"chr1","1657068","1657357","chr11","3085165","3085445","44","1428097"
"chr1","1659096","1659392","chr22","46244347","46244641","36","44585251"
"chr1","1672560","1672864","chr20","129735775","129736077","27","128063215"
"chr1","1683096","1683405","chr20","129725708","129726005","28","128042612"
"chr1","1701632","1701931","chr19","30057411","30057704","54","28355779"
"chr1","1709997","1710282","chr12","101135853","101136140","42","99425856"
"chr1","1713677","1713834","chr9","95494159","95494320","23","93780482"
"chr1","1733211","1733509","chr20","129676537","129676830","36","127943326"
"chr1","1734668","1734955","chr20","129675101","129675390","28","127940433"
"chr1","1753263","1753560","chr20","129659987","129660286","35","127906724"
"chr1","1778203","1778503","chr16","1283822","1284122","23","494381"
"chr1","1800648","1800966","chr7","96864259","96864574","37","95063611"
"chr1","1815290","1815579","chr20","129606841","129607132","30","127791551"
"chr1","1822436","1822667","chr9","61704066","61704306","44","59881630"
"chr1","1864417","1864728","chr5","73915732","73916043","36","72051315"
"chr1","1865905","1866201","chr8","101592110","101592406","27","99726205"
"chr1","1872141","1872445","chr8","52693668","52693972","37","50821527"
"chr1","1875652","1875960","chr6","30393310","30393612","39","28517658"
"chr1","1907730","1907957","chr9","61704066","61704306","48","59796336"
"chr1","1932866","1933172","chr20","51916057","51916364","38","49983191"
"chr1","1952640","1952948","chr20","129475808","129476102","39","127523168"
"chr1","1954634","1954925","chr20","129473990","129474286","33","127519356"
"chr1","1955652","1955955","chr20","129473036","129473331","37","127517384"
"chr1","1974284","1974580","chr20","129454144","129454441","28","127479860"
"chr1","1981918","1982223","chr26","2668803","2669103","36","686885"
"chr1","2008998","2009301","chr15","41560987","41561288","39","39551989"
"chr1","2009314","2009588","chr14","12194537","12194813","38","10185223"
"chr1","2025512","2025811","chr20","129397746","129398064","53","127372234"
"chr1","2030510","2030814","chr1","103586917","103587220","42","101556407"
"chr1","2058491","2058801","chr25","27069351","27069659","29","25010860"
"chr1","2071138","2071446","chr20","129352016","129352328","37","127280878"
"chr1","2091573","2091879","chr20","129332239","129332542","35","127240666"
"chr1","2121853","2122148","chrX","60005704","60005996","34","57883851"
"chr1","2136159","2136462","chr6","30393310","30393612","37","28257151"
"chr1","2138180","2138490","chr6","7583070","7583380","38","5444890"
"chr1","2153919","2154233","chr1","46667200","46667505","51","44513281"
"chr1","2159702","2159997","chr23","22208898","22209200","45","20049196"
"chr1","2224412","2224716","chr5","26410686","26410992","41","24186274"
"chr1","2241665","2241904","chr6","38726815","38727053","26","36485150"
"chr1","2245815","2246099","chr17","1665366","1665649","38","580449"
"chr1","2301677","2301982","chr20","129141584","129141890","34","126839907"
"chr1","2328591","2328881","chr19","27030398","27030683","36","24701807"
"chr1","2433032","2433258","chr11","124263168","124263380","55","121830136"
"chr1","2449334","2449629","chr5","71206043","71206343","38","68756709"
"chr1","2461757","2462048","chr9","96420210","96420502","35","93958453"
"chr1","2463849","2464144","chrX_KE148108v1_random","1144851","1145146","26","1318998"
"chr1","2505793","2506104","chr20","128931910","128932217","25","126426117"
"chr1","2509401","2509694","chr14","59457433","59457727","39","56948032"
"chr1","2607714","2608024","chr19","9514256","9514567","33","6906542"
"chr1","2669408","2669713","chr20","128780775","128781081","27","126111367"
"chr1","2820658","2820959","chr1","105149514","105149819","45","102328856"
"chr1","2890119","2890331","chr20","128571347","128571556","24","125681228"
"chr1","2944357","2944669","chr8","10801167","10801476","37","7856810"
"chr1","3087434","3087732","chr20","128386774","128387070","30","125299340"
"chr1","3327504","3327804","chr20","128158078","128158380","29","124830574"
"chr1","3378477","3378789","chr27","42312860","42313171","47","38934383"
"chr1","3458827","3459137","chr20","128033615","128033912","27","124574788"
"chr1","3460044","3460343","chr14","39640700","39640995","40","36180656"
"chr1","3505437","3505742","chr25","78856788","78857085","40","75351351"
"chr1","3595337","3595641","chr22","26077612","26077918","39","22482275"
"chr1","3595693","3595984","chr20","127890564","127890860","33","124294871"
"chr1","3608342","3608643","chr20","127878983","127879284","28","124270641"
"chr1","3608924","3609230","chr23","74217020","74217331","39","70608096"
"chr1","3618105","3618395","chr20","127872712","127873003","20","124254607"
"chr1","3620448","3620743","chr15","64630867","64631162","28","61010419"
"chr1","3625952","3626233","chr20","127864980","127865251","32","124239028"
"chr1","3674928","3675231","chr6","15626071","15626376","31","11951143"
"chr1","3676927","3677147","chr11","124263168","124263380","38","120586241"
"chr1","3685100","3685403","chr15","7566081","7566387","27","3880981"
"chr1","3699927","3700231","chrX","92145102","92145407","34","88445175"
"chr1","3702995","3703292","chr6","41738554","41738850","35","38035559"
"chr1","3715513","3715794","chr2","13896413","13896695","40","10180900"
"chr1","3837797","3838107","chr2","34268790","34269101","37","30430993"
"chr1","4003270","4003508","chr9","61704066","61704306","52","57700796"
"chr1","4029726","4030047","chr10","108205516","108205836","42","104175790"
"chr1","4041273","4041568","chr23","77125538","77125834","31","73084265"
"chr1","4042407","4042691","chrX","50195890","50196181","53","46153483"
"chr1","4105321","4105640","chr20","127478777","127479080","35","123373456"
"chr1","4192285","4192561","chr20","127400653","127400929","29","123208368"
"chr1","4310517","4310820","chr20","127284536","127284836","32","122974019"
"chr1","4375857","4376149","chr11","30862869","30863158","35","26487012"
"chr1","4414521","4414853","chr20","127174643","127174966","44","122760122"
"chr1","4417805","4418079","chrX","5858418","5858691","37","1440613"
"chr1","4523887","4524196","chrX","27030043","27030357","47","22506156"
"chr1","4556059","4556359","chr20","127043524","127043826","26","122487465"
"chr1","4824279","4824604","chr20","126789734","126790062","33","121965455"
"chr1","4890278","4890574","chr1","17699624","17699919","34","12809346"
"chr1","4994135","4994428","chr20","126626017","126626322","26","121631882"
"chr1","5011984","5012299","chr19","13805333","13805644","42","8793349"
"chr1","5060945","5061250","chr20","126560440","126560735","39","121499495"
"chr1","5067657","5067961","chr5","24815818","24816124","32","19748161"
"chr1","5073971","5074261","chr9","32433526","32433823","51","27359555"
"chr1","5112587","5112880","chr20","126509938","126510232","29","121397351"
"chr1","5200051","5200368","chr11","61015955","61016272","53","55815904"
"chr1","5403511","5403783","chrX","105293235","105293508","37","99889724"
"chr1","5540989","5541298","chr5","26410686","26410992","32","20869697"
"chr1","5553209","5553498","chr15","66593575","66593867","38","61040366"
"chr1","5573246","5573551","chr1","108065343","108065645","36","102492097"
"chr1","5671136","5671432","chr20","126031775","126032069","29","120360639"
"chr1","5743579","5743878","chr20","125960204","125960508","38","120216625"
"chr1","5755593","5755755","chr20","125948653","125948819","11","120193060"
"chr1","5793421","5793633","chr9","61704066","61704306","64","55910645"
"chr1","5816150","5816453","chr2","58987877","58988180","33","53171727"
"chr1","5906314","5906612","chr20","125808615","125808900","32","119902301"
"chr1","5914198","5914491","chr20","125800803","125801099","24","119886605"
"chr1","5944795","5945092","chr20","125777966","125778259","37","119833171"
"chr1","5950027","5950336","chr8","10801167","10801476","33","4851140"
"chr1","5998790","5999098","chr8","97853087","97853398","39","91854297"
"chr1","6001281","6001560","chr20","125720049","125720333","28","119718768"
"chr1","6004771","6005056","chr20_KE148057v1_random","2791","3077","17","6001980"
"chr1","6007429","6007737","chr20","125714467","125714774","38","119707038"
"chr1","6038646","6038880","chr9","61704066","61704306","48","55665420"
"chr1","6059094","6059390","chr20","125662825","125663131","35","119603731"
"chr1","6099680","6099927","chr20","125621828","125622089","24","119522148"
"chr1","6122860","6123161","chr8","50302365","50302662","41","44179505"
"chr1","6155868","6156176","chr23","81704135","81704446","40","75548267"
"chr1","6170279","6170586","chr8","7114217","7114516","37","943938"
"chr1","6180417","6180713","chr20","125546506","125546801","22","119366089"
"chr1","6196721","6197002","chr17","41737008","41737295","42","35540287"
"chr1","6207029","6207332","chrX","43907476","43907773","31","37700447"
"chr1","6213670","6213965","chr20","125513819","125514126","38","119300149"
"chr1","6279704","6280014","chr20","125448765","125449068","29","119169061"
"chr1","6288779","6289076","chr7","87488219","87488517","39","81199440"
"chr1","6299465","6299780","chr20","125428438","125428740","26","119128973"
"chr1","6301189","6301499","chr2","9435379","9435682","40","3134190"
"chr1","6306366","6306676","chr5","26410686","26410992","30","20104320"
"chr1","6307842","6308124","chr20","125419812","125420106","36","119111970"
"chr1","6316930","6317254","chr20","125410434","125410729","50","119093504"
"chr1","6345122","6345421","chr18","45603895","45604198","33","39258773"
"chr1","6350634","6350935","chr1","68742662","68742962","29","62392028"
"chr1","6358643","6358926","chr10","29076920","29077203","39","22718277"
"chr1","6379631","6379852","chr20","125349812","125350042","30","118970181"
"chr1","6380711","6381010","chr26","32063269","32063569","33","25682558"
"chr1","6389109","6389413","chr20","123428247","123428546","37","117039138"
"chr1","6397642","6397955","chr20","125335624","125335951","29","118937982"
"chr1","6404631","6404920","chr20","125332342","125332631","21","118927711"
"chr1","6406933","6407233","chr29","19796485","19796789","36","13389552"
"chr1","6445777","6446006","chr1","8514483","8514712","28","2068706"
"chr1","6446472","6446782","chrUn_KE147541v1","563683","563994","35","5882789"
"chr1","6481748","6482056","chr20","125254594","125254895","35","118772846"
"chr1","6505553","6505851","chr20","115245212","115245514","40","108739659"
"chr1","6511128","6511429","chr7","131848095","131848393","32","125336967"
"chr1","6516964","6517266","chr20","125218934","125219234","41","118701970"
"chr1","6521668","6521971","chr16","62764099","62764400","37","56242431"
"chr1","6533133","6533407","chr6","3463657","3463944","42","3069476"
"chr1","6554297","6554506","chr11","124263168","124263380","39","117708871"
"chr1","6555453","6555736","chr11","96978397","96978692","41","90422944"
"chr1","6600984","6601277","chr25","73523511","73523804","51","66922527"
"chr1","6613723","6614014","chr20","125128276","125128578","31","118514553"
"chr1","6614216","6614529","chr20","125127780","125128095","31","118513564"
"chr1","6624531","6624768","chr9","61704066","61704306","43","55079535"
"chr1","6626187","6626491","chr21","73499256","73499565","44","66873069"
"chr1","6627235","6627502","chr1","78992774","78993044","56","72365539"
"chr1","6644178","6644476","chr19","12293991","12294287","28","5649813"
"chr1","6664468","6664772","chr20","125076059","125076368","27","118411591"
"chr1","6668861","6669142","chr16","32763882","32764149","49","26095021"
"chr1","6688840","6689147","chr6","3744288","3744591","46","2944552"
"chr1","6689778","6690075","chr20","125051304","125051592","31","118361526"
"chr1","6703661","6703963","chr20","92192486","92192788","34","85488825"
"chr1","6704622","6704926","chr20","92192486","92192788","39","85487864"
"chr1","6706374","6706653","chr17","36481914","36482195","34","29775540"
"chr1","6708082","6708390","chr20","125032123","125032432","19","118324041"
"chr1","6718322","6718617","chr20","77903993","77904291","36","71185671"
"chr1","6720000","6720308","chr20","125020721","125021024","33","118300721"
"chr1","6733451","6733724","chr20","125005732","125006019","31","118272281"
"chr1","6756738","6757042","chr9","119963544","119963848","31","113206806"
"chr1","6764082","6764380","chr20","124977393","124977680","40","118213311"
"chr1","6769963","6770202","chr16","31906139","31906391","42","25136176"
"chr1","6774447","6774759","chr20","124966696","124966995","28","118192249"
"chr1","6816437","6816740","chr14","78747061","78747366","34","71930624"
"chr1","6859266","6859576","chr20","124877563","124877855","37","118018297"
"chr1","6947808","6948115","chr20","124788146","124788438","29","117840338"
"chr1","6974474","6974666","chr28","6753335","6753528","26","221139"
"chr1","7014246","7014552","chr20","124721676","124721966","36","117707430"
"chr1","7021436","7021746","chr25","25629089","25629399","30","18607653"
"chr1","7029612","7029932","chr8","65425245","65425561","49","58395633"
"chr1","7036410","7036721","chr20","124699462","124699772","30","117663052"
"chr1","7047606","7047887","chr18","32066046","32066321","40","25018440"
"chr1","7078281","7078498","chr6","41425696","41425908","30","34347415"
"chr1","7079903","7080186","chr20","124655356","124655639","19","117575453"
"chr1","7160280","7160577","chr11","62772368","62772667","38","55612088"
"chr1","7165642","7165936","chr26","26624296","26624592","33","19458654"
"chr1","7186296","7186592","chrX","22428011","22428306","32","15241715"
"chr1","7225194","7225490","chr20","124507157","124507451","33","117281963"
"chr1","7228609","7228907","chr20","120483502","120483799","32","113254893"
"chr1","7229166","7229476","chr20","124503188","124503501","35","117274022"
"chr1","7240556","7240828","chr20","124493198","124493475","30","117252642"
"chr1","7259160","7259467","chr27","45661645","45661945","38","38402485"
"chr1","7268815","7269121","chr25","78856788","78857085","40","71587973"
"chr1","7271589","7271854","chr7","127919522","127919779","59","120647933"
"chr1","7321048","7321258","chr20","124415167","124415386","22","117094119"
"chr1","7327723","7328014","chr11","52407170","52407465","36","45079447"
"chr1","7352125","7352440","chr11","4422956","4423267","35","2929169"
"chr1","7368494","7368801","chr29","19796485","19796789","31","12427991"
"chr1","7418511","7418814","chr13","66725191","66725490","35","59306680"
"chr1","7582818","7583125","chr20","124170977","124171288","28","116588159"
"chr1","7652365","7652671","chr7","12624075","12624378","43","4971710"
"chr1","7722594","7722896","chrX","731639","731937","36","6990955"
"chr1","7726045","7726343","chr20","124030816","124031113","24","116304771"
"chr1","7738574","7738882","chr18","44723685","44723990","47","36985111"
"chr1","7744526","7744765","chr9","61704066","61704306","47","53959540"
"chr1","7748252","7748550","chr11","12599158","12599456","35","4850906"
"chr1","7778883","7779192","chr20","123979486","123979799","21","116200603"
"chr1","7780361","7780651","chr20","123978024","123978314","32","116197663"
"chr1","7804389","7804667","chr20","123954655","123954945","37","116150266"
"chr1","7804851","7805025","chr20","123954304","123954472","15","116149453"
"chr1","7826409","7826701","chr12","96498677","96498972","29","88672268"
"chr1","7855178","7855474","chr17","61357230","61357525","34","53502052"
"chr1","7860511","7860770","chr5","60403345","60403611","40","52542834"
"chr1","7862044","7862321","chr2","14870988","14871265","34","7008944"
"chr1","7866026","7866325","chr20","123894058","123894368","34","116028032"
"chr1","7867180","7867487","chr20","123892902","123893199","36","116025722"
"chr1","7872615","7872920","chr6","41738554","41738850","36","33865939"
"chr1","7898380","7898645","chr20","123865794","123866041","34","115967414"
"chr1","7899530","7899844","chr20","123864538","123864857","29","115965008"
"chr1","7902140","7902436","chr8","40178073","40178373","34","32275933"
"chr1","7907563","7907851","chr7","111815549","111815836","49","103907986"
"chr1","7910155","7910438","chr13","14617984","14618268","47","6707829"
"chr1","7911367","7911668","chr16","42416102","42416402","33","34504735"
"chr1","7918183","7918480","chr16","62764099","62764400","27","54845916"
"chr1","7930840","7931131","chr16","16352697","16352989","32","8421857"
"chr1","7932970","7933255","chr16","70284377","70284671","39","62351407"
"chr1","7941409","7941677","chr20","123826323","123826591","20","115884914"
"chr1","7941690","7941995","chr11","96978397","96978692","37","89036707"
"chr1","7958253","7958567","chr20","104310028","104310339","36","96351775"
"chr1","7965139","7965450","chr20","123802322","123802630","19","115837183"
"chr1","7965477","7965786","chr20","123801994","123802299","26","115836517"
"chr1","7969937","7970236","chr20","123797507","123797817","42","115827570"
"chr1","7988429","7988745","chr4","31876349","31876651","51","23887920"
"chr1","7995008","7995302","chr20","3467120","3467419","42","4527888"
"chr1","7999184","7999422","chr9","61704066","61704306","54","53704882"
"chr1","8004964","8005244","chr11","24737261","24737543","32","16732297"
"chr1","8015030","8015326","chr18","23103753","23104043","35","15088723"
"chr1","8039962","8040262","chr20","123730217","123730498","38","115690255"
"chr1","8043830","8044131","chr20","123726314","123726602","33","115682484"
"chr1","8045365","8045551","chr7","15845768","15845962","33","7800403"
"chr1","8052501","8052809","chr29","19796485","19796789","39","11743984"
"chr1","8054119","8054414","chr20","123710833","123711123","35","115656714"
"chr1","8054598","8054892","chr6","50066742","50067036","32","42012144"
"chr1","8058112","8058419","chr20","123707404","123707710","31","115649292"
"chr1","8067514","8067826","chr20","123698041","123698347","30","115630527"
"chr1","8089601","8089906","chr5","26410686","26410992","44","18321085"
"chr1","8103625","8103922","chr20","123661550","123661844","30","115557925"
"chr1","8104543","8104821","chr20","123660654","123660938","36","115556111"
"chr1","8106797","8107087","chr1","120923387","120923676","36","112816590"
"chr1","8109244","8109544","chr1","17699624","17699919","37","9590380"
"chr1","8131433","8131733","chr20","123631441","123631736","28","115500008"
"chr1","8159749","8160053","chr3","9026672","9026974","29","866923"
"chr1","8170569","8170862","chr20","93820241","93820534","39","85649672"
"chr1","8172076","8172249","chr16","39692631","39692802","32","31520555"
"chr1","8172508","8172608","chr7","94203111","94203235","44","86030603"
"chr1","8174016","8174221","chr4","60377559","60377772","38","52203543"
"chr1","8174529","8174618","chr11","108469502","108469588","14","100294973"
"chr1","8194110","8194419","chr16","64557374","64557683","39","56363264"
"chr1","8232116","8232432","chr6","8918236","8918539","42","686120"
"chr1","8234517","8234815","chr24","10629028","10629331","36","2394511"
"chr1","8237430","8237734","chr20","123531562","123531864","45","115294132"
"chr1","8241806","8242115","chr8","50048160","50048466","33","41806354"
"chr1","8244370","8244643","chr11","3090886","3091160","41","5153484"
"chr1","8253722","8254023","chr29","8958149","8958452","34","704427"
"chr1","8275429","8275727","chr15","64630867","64631162","36","56355438"
"chr1","8288833","8289131","chr6","9472259","9472556","32","1183426"
"chr1","8296848","8297154","chr1","66050440","66050743","35","57753592"
"chr1","8310599","8310896","chr5","22726786","22727081","32","14416187"
"chr1","8318326","8318633","chr20","123454266","123454568","35","115135940"
"chr1","8348778","8349075","chr20","123428247","123428546","27","115079469"
"chr1","8357525","8357845","chr3","2061626","2061937","37","6295899"
"chr1","8410352","8410644","chr10","121127216","121127502","45","112716864"
"chr1","8421707","8421922","chr17","38823537","38823742","40","30401830"
"chr1","8490663","8490963","chr5","26081463","26081770","39","17590800"
"chr1","8524883","8525188","chr20","123258959","123259260","35","114734076"
"chr1","8526072","8526395","chr12","106804194","106804486","63","98278122"
"chr1","8532181","8532447","chr11","37080516","37080783","48","28548335"
"chr1","8532737","8533049","chr20","123250776","123251086","39","114718039"
"chr1","8564111","8564418","chr1","14106229","14106537","45","5542118"
"chr1","8568093","8568390","chr20","123215051","123215350","26","114646958"
"chr1","8595685","8595977","chr5","2675892","2676181","40","5919793"
"chr1","8606680","8606985","chr20","123176080","123176379","32","114569400"
"chr1","8625717","8626023","chr20","123157569","123157868","37","114531852"
"chr1","8677643","8677950","chr20","123106348","123106656","32","114428705"
"chr1","8709822","8710123","chr28","14571183","14571484","41","5861361"
"chr1","8712957","8713259","chr20","123069516","123069819","29","114356559"
"chr1","8714117","8714401","chrX","1052","1331","30","8713065"
"chr1","8714818","8715121","chr20","123067329","123067632","27","114352511"
"chr1","8740609","8740900","chr16","59525991","59526277","38","50785382"
"chr1","8745387","8745680","chr11","49523007","49523297","34","40777620"
"chr1","8754084","8754389","chr15","40139650","40139965","46","31385566"
"chr1","8795333","8795644","chr20","122992275","122992583","23","114196942"
"chr1","8802159","8802455","chr5","50489073","50489372","35","41686914"
"chr1","8805401","8805696","chr20","122982221","122982518","23","114176820"
"chr1","8810319","8810624","chr8","10801167","10801476","35","1990848"
"chr1","8815747","8816056","chr20","122972195","122972503","21","114156448"
"chr1","8820964","8821279","chr20","122966992","122967291","37","114146028"
"chr1","8822646","8822962","chr20","122965310","122965611","39","114142664"
"chr1","8827862","8828030","chr12","103723836","103724011","26","94895974"
"chr1","8829105","8829382","chr20","122958875","122959152","21","114129770"
"chr1","8833847","8834136","chr9","97275254","97275549","41","88441407"
"chr1","8845100","8845409","chr20","122942551","122942863","24","114097451"
"chr1","8847633","8847937","chr15","3904633","3904938","36","4943000"
"chr1","8852971","8853270","chr11","96978397","96978692","38","88125426"
"chr1","8861108","8861415","chr8","36997476","36997779","32","28136368"
"chr1","8866996","8867265","chr5","51929064","51929335","39","43062068"
"chr1","8870771","8871070","chr9","33958924","33959219","37","25088153"
"chr1","8872336","8872645","chr20","109420728","109421036","36","100548392"
"chr1","8874713","8875017","chr20","122913069","122913370","29","114038356"
"chr1","8885830","8886084","chr20","122901806","122902060","31","114015976"
"chr1","8910303","8910604","chr6","18896553","18896852","45","9986250"
"chr1","8923152","8923452","chr9","57801534","57801827","39","48878382"
"chr1","8929037","8929348","chr20","122855881","122856184","29","113926844"
"chr1","8929934","8930241","chr20","122854987","122855300","28","113925053"
"chr1","8949937","8950249","chr20","122823793","122824105","31","113873856"
"chr1","8966947","8967248","chr11","110240115","110240424","40","101273168"
"chr1","8977242","8977551","chr20","122797684","122798000","32","113820442"
"chr1","8978199","8978503","chr20","122796733","122797036","24","113818534"
"chr1","8983596","8983898","chr27","40567204","40567501","29","31583608"
"chr1","8987331","8987625","chr6","4844864","4845161","39","4142467"
"chr1","8987830","8988133","chr15","4736743","4737042","36","4251087"
"chr1","8990470","8990770","chrX","110161002","110161297","42","101170532"
"chr1","8991669","8991975","chr20","122783595","122783901","36","113791926"
"chr1","8993227","8993533","chr20","122781906","122782213","41","113788679"
"chr1","9015375","9015661","chr20","122763771","122764057","31","113748396"
"chr1","9016294","9016590","chr24","35596767","35597061","50","26580473"
"chr1","9020753","9021062","chr20","122756481","122756794","20","113735728"
"chr1","9024451","9024757","chr20","122753738","122754043","32","113729287"
"chr1","9032599","9032881","chr16","17013479","17013760","46","7980880"
"chr1","9050701","9050983","chr16","2679156","2679431","39","6371545"
"chr1","9074825","9075136","chr20","122703522","122703833","14","113628697"
"chr1","9081286","9081593","chr12","81464993","81465297","36","72383707"
"chr1","9096991","9097266","chr20","122681785","122682065","34","113584794"
"chr1","9099633","9099928","chr20","122679207","122679509","26","113579574"
"chr1","9128945","9129223","chrX","1052","1331","29","9127893"
"chr1","9134061","9134363","chrUn_KE147541v1","90","391","27","9133971"
"chr1","9142641","9142953","chr3","52310578","52310878","43","43167937"
"chr1","9157300","9157611","chr20","122629364","122629675","39","113472064"
"chr1","9157977","9158273","chr20","122628390","122628685","37","113470413"
"chr1","9165342","9165600","chr19","5663052","5663312","48","3502290"
"chr1","9169274","9169583","chr11","35682164","35682469","33","26512890"
"chr1","9182609","9182921","chr20","122607904","122608217","28","113425295"
"chr1","9197280","9197570","chr20","122594096","122594386","17","113396816"
"chr1","9212911","9213201","chr12","100791254","100791544","34","91578343"
"chr1","9215141","9215310","chr20","122576393","122576567","24","113361252"
"chr1","9259273","9259569","chr20","122536250","122536550","36","113276977"
"chr1","9260479","9260773","chr6","12817354","12817649","36","3556875"
"chr1","9260870","9261164","chr9","86506894","86507191","38","77246024"
"chr1","9261717","9261970","chr16","7193790","7194053","41","2067927"
"chr1","9277050","9277340","chr12","100791254","100791544","34","91514204"
"chr1","9279280","9279449","chr20","122576393","122576567","24","113297113"
"chr1","9320377","9320673","chr20","122536250","122536550","36","113215873"
"chr1","9321583","9321877","chr6","12817354","12817649","36","3495771"
"chr1","9321974","9322268","chr9","86506894","86507191","38","77184920"
"chr1","9322821","9323074","chr16","7193790","7194053","41","2129031"
"chr1","9329775","9330063","chr20","122528537","122528840","34","113198762"
"chr1","9331594","9331863","chr2","78507720","78507991","41","69176126"
"chr1","9358404","9358710","chr20","122501424","122501726","31","113143020"
"chr1","9365815","9366106","chr15","4942661","4942952","37","4423154"
"chr1","9379288","9379581","chr20","122478733","122479025","32","113099445"
"chr1","9405763","9406072","chr20","122452751","122453045","31","113046988"
"chr1","9425973","9426275","chr13","90170409","90170709","39","80744436"
"chr1","9441170","9441467","chr1","68469032","68469335","35","59027862"
"chr1","9447939","9448203","chr12","11854690","11854958","30","2406751"
"chr1","9473379","9473667","chr26","8664125","8664411","51","809254"
"chr1","9485417","9485705","chr2","18768386","18768675","40","9282969"
"chr1","9493314","9493628","chr20","122367616","122367928","22","112874302"
"chr1","9509840","9510072","chr9","61704066","61704306","44","52194226"
"chr1","9510264","9510572","chr20","122348811","122349123","35","112838547"
"chr1","9522641","9522795","chr6","49269758","49269925","24","39747117"
"chr1","9525593","9525876","chr20","122334044","122334341","40","112808451"
"chr1","9525877","9526137","chr20","122333723","122333986","41","112807846"
"chr1","9526140","9526174","chr25","27802723","27802760","8","18276583"
"chr1","9527043","9527352","chr18","17039455","17039764","35","7512412"
"chr1","9538352","9538646","chr9","114952603","114952897","31","105414251"
"chr1","9545566","9545866","chr6","33160928","33161229","39","23615362"
"chr1","9553520","9553819","chr12","260610","260910","35","9292910"
"chr1","9559047","9559376","chr20","122302060","122302380","31","112743013"
"chr1","9563611","9563925","chr20","122297567","122297885","30","112733956"
"chr1","9565633","9565934","chr20","122295610","122295908","32","112729977"
"chr1","9571966","9572278","chr20","122290251","122290560","27","112718285"
"chr1","9576349","9576658","chr20","122286180","122286487","36","112709831"
"chr1","9577450","9577716","chr10","121806970","121807233","36","112229520"
"chr1","9579453","9579770","chr25","9105985","9106295","45","473468"
"chr1","9581412","9581721","chr20","122281579","122281890","28","112700167"
"chr1","9589762","9590055","chr5","2671439","2671734","36","6918323"
"chr1","9600617","9600911","chr20","122260261","122260562","28","112659644"
"chr1","9602287","9602571","chr25","24881359","24881647","35","15279072"
"chr1","9607435","9607718","chr10","2932868","2933155","33","6674567"
"chr1","9615371","9615668","chr20","122249210","122249515","37","112633839"
"chr1","9622200","9622469","chr20","107140656","107140921","48","97518456"
"chr1","9623618","9623902","chr20","122238011","122238303","36","112614393"
"chr1","9625241","9625562","chr26","6289534","6289844","63","3335707"
"chr1","9645258","9645558","chr2","9435379","9435682","38","209879"
"chr1","9657989","9658076","chr5","696546","696633","29","8961443"
"chr1","9662657","9662838","chr15","53409661","53409837","23","43747004"
"chr1","9663938","9664251","chr2","58486787","58487093","39","48822849"
"chr1","9677423","9677703","chr20","122188387","122188660","26","112510964"
"chr1","9681834","9682116","chr4","13836335","13836622","38","4154501"
"chr1","9682176","9682424","chr6","31235301","31235552","62","21553125"
"chr1","9696352","9696623","chr1","105162195","105162463","40","95465843"
"chr1","9698032","9698279","chr16","31906139","31906391","47","22208107"
"chr1","9721485","9721680","chr20","122147519","122147712","35","112426034"
"chr1","9725737","9726031","chr12","26084664","26084963","37","16358927"
"chr1","9737538","9737830","chr24","54687725","54688017","34","44950187"
"chr1","9743021","9743293","chr20","122128978","122129258","28","112385957"
"chr1","9744646","9744957","chr15","3485304","3485619","47","6259342"
"chr1","9745968","9746241","chr5","18005488","18005762","57","8259520"
"chr1","9746895","9747218","chr16","3924460","3924778","60","5822435"
"chr1","9752173","9752475","chr20","122118652","122118960","31","112366479"
"chr1","9779543","9779843","chr20","122092658","122092952","30","112313115"
"chr1","9783186","9783510","chr16","71492061","71492369","43","61708875"
"chr1","9793374","9793683","chr20","122083851","122084149","32","112290477"
"chr1","9811294","9811586","chrX","8693862","8694157","39","1117432"
"chr1","9819435","9819720","chr10","127520952","127521243","38","117701517"
"chr1","9845734","9846030","chr2","58438463","58438758","31","48592729"
"chr1","9858720","9859012","chr20","122020063","122020341","34","112161343"
"chr1","9859773","9860019","chr20","122019046","122019291","25","112159273"
"chr1","9863062","9863390","chr20","122015718","122016041","37","112152656"
"chr1","9870612","9870913","chr2","13824542","13824843","34","3953930"
"chr1","9874879","9875180","chr4","31876349","31876651","31","22001470"
"chr1","9878492","9878777","chr3","65777125","65777417","42","55898633"
"chr1","9882254","9882571","chr20","9169732","9170041","44","712522"
"chr1","9882881","9883175","chr3","78270252","78270545","33","68387371"
"chr1","9897906","9898215","chr1","93758090","93758391","39","83860184"
"chr1","9903277","9903569","chr16","72650947","72651238","36","62747670"
"chr1","9903603","9903952","chrX","22581294","22581621","70","12677691"
"chr1","9908180","9908486","chr1","57381049","57381356","43","47472869"
"chr1","9925221","9925519","chr20","121956179","121956474","21","112030958"
"chr1","9928009","9928297","chr20","121949465","121949756","26","112021456"
"chr1","9933496","9933785","chr20","121946939","121947228","23","112013443"
"chr1","9939494","9939795","chr20","121940903","121941199","27","112001409"
"chr1","9942111","9942411","chr20","121940903","121941199","26","111998792"
"chr1","9943412","9943682","chr8","35991745","35992005","45","26048333"
"chr1","9948237","9948549","chr20","121935275","121935592","32","111987038"
"chr1","9949420","9949709","chr20","121934112","121934401","19","111984692"
"chr1","9981583","9981868","chr20","121903333","121903621","36","111921750"
"chr1","9983798","9984107","chr4","60667016","60667311","45","50683218"
"chr1","9991500","9991811","chr20","121893744","121894042","39","111902244"
"chr1","10010641","10010932","chr20","121873309","121873599","28","111862668"
"chr1","10013108","10013272","chr23","68532882","68533042","27","58519774"
"chr1","10022615","10022917","chr2","47505197","47505502","36","37482582"
"chr1","10029694","10029986","chr20","121858350","121858653","23","111828656"
"chr1","10030625","10030928","chr20","121857416","121857714","33","111826791"
"chr1","10034144","10034455","chr8","35854442","35854754","34","25820298"
"chr1","10040064","10040354","chr20","121853885","121854169","33","111813821"
"chr1","10060680","10060970","chrX","20283825","20284115","42","10223145"
"chr1","10069035","10069279","chr8","4805245","4805508","48","5263790"
"chr1","10069321","10069627","chr23","75121731","75122042","34","65052410"
"chr1","10070433","10070731","chr20","121819015","121819313","31","111748582"
"chr1","10085942","10086233","chr20","121804962","121805259","33","111719020"
"chr1","10086553","10086827","chr11","47097187","47097462","41","37010634"
"chr1","10104690","10104985","chr20","121788122","121788413","30","111683432"
"chr1","10110307","10110578","chr20","121782785","121783047","33","111672478"
"chr1","10116850","10117160","chr20","121776161","121776471","26","111659311"
"chr1","10125516","10125821","chr20","121767714","121768020","17","111642198"
"chr1","10129523","10129829","chr11","35570300","35570602","44","25440777"
"chr1","10135342","10135641","chr7","25556195","25556495","31","15420853"
"chr1","10143863","10144131","chr5","16939137","16939401","35","6795274"
"chr1","10144509","10144569","chr19","21716674","21716744","25","11572165"
"chr1","10145143","10145361","chrX","889549","889767","32","9255594"
"chr1","10164355","10164473","chrX","50736978","50737108","34","40572623"
"chr1","10187236","10187537","chr20","121713090","121713385","28","111525854"
"chr1","10189110","10189399","chr6","33908236","33908526","30","23719126"
"chr1","10190525","10190825","chr26","18344490","18344794","35","8153965"
"chr1","10199243","10199551","chr20","121701209","121701517","26","111501966"
"chr1","10207703","10208019","chr20","121692319","121692630","36","111484616"
"chr1","10211388","10211689","chr2","60500472","60500783","42","50289084"
"chr1","10214633","10214929","chr24","80919794","80920091","41","70705161"
"chr1","10219485","10219767","chr20","121686583","121686866","21","111467098"
"chr1","10225378","10225689","chr26","20248626","20248937","41","10023248"
"chr1","10244765","10245066","chr20","121660885","121661186","42","111416120"
"chr1","10246836","10247130","chr28","19188684","19188984","29","8941848"
"chr1","10267368","10267656","chr3","75495727","75496020","45","65228359"
"chr1","10271465","10271762","chr20","121633745","121634045","26","111362280"
"chr1","10272599","10272910","chr10","112309013","112309326","31","102036414"
"chr1","10276759","10277059","chr4","58663187","58663485","40","48386428"
"chr1","10279974","10280285","chr20","121608992","121609291","31","111329018"
"chr1","10288680","10288878","chr7","13022142","13022335","39","2733462"
"chr1","10310821","10311119","chr10","124515532","124515831","35","114204711"
"chr1","10321343","10321652","chr20","121575953","121576245","47","111254610"
"chr1","10324184","10324470","chr20","121573280","121573569","32","111249096"
"chr1","10327428","10327723","chr20","121568922","121569219","29","111241494"
"chr1","10335848","10336044","chr1","98656672","98656879","56","88320824"
"chr1","10336055","10336327","chr10","88097750","88098024","40","77761695"
"chr1","10346601","10346914","chr20","121550835","121551154","37","111204234"
"chr1","10352730","10352959","chr14","4267909","4268136","31","6084821"
"chr1","10353231","10353528","chr20","121544562","121544856","24","111191331"
"chr1","10353903","10354213","chr20","7785906","7786210","39","2567997"
"chr1","10369912","10370219","chr20","121527469","121527760","33","111157557"
"chr1","10374323","10374625","chr20","121523087","121523388","27","111148764"
"chr1","10376289","10376500","chr20","121521219","121521434","19","111144930"
"chr1","10378522","10378764","chr9","95634780","95635009","38","85256258"
"chr1","10393219","10393525","chr20_KE148049v1_random","803204","803511","34","9590015"
"chr1","10419540","10419822","chr20","121475082","121475373","34","111055542"
"chr1","10420963","10421258","chr20","121473650","121473952","24","111052687"
"chr1","10434000","10434311","chr4","35644646","35644957","53","25210646"
"chr1","10434761","10435064","chr16","1717813","1718121","34","8716948"
"chr1","10455400","10455695","chr20","121440674","121440974","33","110985274"
"chr1","10480723","10481021","chr3","6594377","6594679","31","3886346"
"chr1","10487471","10487778","chr16","4654754","4655057","35","5832717"
"chr1","10493846","10494121","chr4","65539199","65539471","33","55045353"
"chr1","10506573","10506872","chr2","65566388","65566688","32","55059815"
"chr1","10544084","10544374","chr1","17476199","17476497","39","6932115"
"chr1","10552204","10552515","chr20","121352435","121352730","39","110800231"
"chr1","10558096","10558403","chr1","57381049","57381356","42","46822953"
"chr1","10558779","10559090","chr8","2851600","2851910","44","7707179"
"chr1","10578869","10579174","chr16","8476344","8476649","50","2102525"
"chr1","10580009","10580288","chr20","121325993","121326279","38","110745984"
"chr1","10581705","10581758","chr1","69638390","69638453","21","59056685"
"chr1","10582105","10582280","chr10","33376506","33376682","34","22794401"
"chr1","10589721","10590027","chr20","121317604","121317910","32","110727883"
"chr1","10590957","10591203","chr20","121315845","121316090","18","110724888"
"chr1","10599134","10599420","chr2","25196474","25196769","43","14597340"
"chr1","10603022","10603320","chr20","121303979","121304272","22","110700957"
"chr1","10603745","10604044","chr9","54491447","54491742","45","43887702"
"chr1","10604748","10605035","chr20","121302103","121302397","30","110697355"
"chr1","10608381","10608676","chr20","121297216","121297516","28","110688835"
"chr1","10611025","10611264","chr9","61704066","61704306","40","51093041"
"chr1","10622900","10623200","chrX_KE148108v1_random","1856358","1856642","50","8766542"
"chr1","10675586","10675866","chrX","13724283","13724559","40","3048697"
"chr1","10681470","10681770","chr7","91654814","91655114","31","80973344"
"chr1","10697027","10697331","chr20","121211090","121211393","33","110514063"
"chr1","10708722","10709040","chr15","68428447","68428761","44","57719725"
"chr1","10734264","10734572","chr24","68944966","68945273","32","58210702"
"chr1","10736130","10736438","chr14","33153165","33153473","38","22417035"
"chr1","10754623","10754929","chr5","59164628","59164937","37","48410005"
"chr1","10809231","10809539","chr20","121102284","121102591","21","110293053"
"chr1","10858484","10858725","chr7","31647707","31647939","44","20789223"
"chr1","10934350","10934660","chr5","26410686","26410992","28","15476336"
"chr1","10935362","10935659","chr21","122211126","122211424","31","111275764"
"chr1","10947140","10947449","chr20","120965752","120966054","34","110018612"
"chr1","10950418","10950738","chr20","120962932","120963238","39","110012514"
"chr1","10951386","10951691","chr20","102069946","102070249","31","91118560"
"chr1","10962311","10962622","chr14","77313392","77313701","41","66351081"
"chr1","10966786","10967092","chr28","11123066","11123368","34","156280"
"chr1","10972998","10973221","chr26","19753085","19753324","44","8780087"
"chr1","10988993","10989302","chr20","120924817","120925119","40","109935824"
"chr1","11016344","11016634","chr1","64777511","64777796","46","53761167"
"chr1","11026836","11027132","chr16","18043987","18044281","35","7017151"
"chr1","11052567","11052824","chr20","120865126","120865379","32","109812559"
"chr1","11059685","11059935","chrX","60936877","60937131","45","49877192"
"chr1","11093589","11093912","chrX","23415638","23415958","58","12322049"
"chr1","11101200","11101510","chr20","120814765","120815067","33","109713565"
"chr1","11108003","11108317","chr6","32976786","32977097","39","21868783"
"chr1","11117969","11118267","chr11","126860470","126860762","36","115742501"
"chr1","11121919","11122226","chr20","120793400","120793713","31","109671481"
"chr1","11130672","11130831","chr9","51694194","51694351","30","40563522"
"chr1","11131652","11131948","chr20","120781430","120781737","33","109649778"
"chr1","11133579","11133869","chr1","67937430","67937722","40","56803851"
"chr1","11147265","11147415","chr7","134540690","134540845","26","123393425"
"chr1","11149516","11149824","chr12","9855924","9856236","40","1293592"
"chr1","11164717","11165011","chr20","120745700","120745992","27","109580983"
"chr1","11169091","11169435","chr1","121270989","121271329","64","110101898"
"chr1","11182963","11183176","chr11","124263168","124263380","45","113080205"
"chr1","11205856","11206154","chr12","46549426","46549730","39","35343570"
"chr1","11230123","11230417","chr9","21222890","21223190","37","9992767"
"chr1","11239564","11239717","chr19","15583400","15583558","23","4343836"
"chr1","11253134","11253419","chr20","120661915","120662211","33","109408781"
"chr1","11309924","11310228","chr5","26410686","26410992","36","15100762"
"chr1","11318329","11318502","chr20","120605047","120605220","9","109286718"
"chr1","11329409","11329709","chr20","120593204","120593505","23","109263795"
"chr1","11375084","11375382","chr20","120547324","120547622","37","109172240"
"chr1","11393902","11394198","chrX","43907476","43907773","30","32513574"
"chr1","11399936","11400234","chr3","70170466","70170758","43","58770530"
"chr1","11401649","11401948","chr20","120519440","120519734","21","109117791"
"chr1","11406100","11406384","chr20","120515262","120515547","18","109109162"
"chr1","11408971","11409264","chr9","6588576","6588867","30","4820395"
"chr1","11414511","11414791","chr17","32943448","32943730","52","21528937"
"chr1","11416637","11416937","chr12","7037635","7037944","39","4379002"
"chr1","11437432","11437726","chr20","120483502","120483799","19","109046070"
"chr1","11454674","11454970","chr6","47863392","47863685","32","36408718"
"chr1","11467927","11468108","chr14","105988468","105988623","47","94520541"
"chr1","11468724","11469010","chr14","75145466","75145744","54","63676742"
"chr1","11476928","11477228","chr20","120451225","120451525","20","108974297"
"chr1","11491138","11491436","chr20","120435043","120435335","30","108943905"
"chr1","11515861","11516168","chr20","120408274","120408574","34","108892413"
"chr1","11523855","11524171","chr20","120401548","120401863","35","108877693"
"chr1","11535320","11535608","chr12","32547739","32548027","27","21012419"
"chr1","11537968","11538266","chr8","36141934","36142236","38","24603966"
"chr1","11570456","11570755","chr15","64630867","64631162","33","53060411"
"chr1","11570866","11571152","chr2","19372681","19372965","39","7801815"
"chr1","11571295","11571579","chr10","116657738","116658019","36","105086443"
"chr1","11575271","11575561","chr6","38663675","38663968","39","27088404"
"chr1","11591472","11591782","chr20","120334588","120334898","30","108743116"
"chr1","11601678","11601983","chr20","120325791","120326087","33","108724113"
"chr1","11612627","11612910","chr4","9484865","9485148","34","2127762"
"chr1","11687251","11687568","chr20","120241442","120241755","42","108554191"
"chr1","11739119","11739440","chr14","59464027","59464336","51","47724908"
"chr1","11750764","11751063","chr12","18021871","18022178","42","6271107"
"chr1","11788687","11788983","chr28","3665261","3665551","39","8123426"
"chr1","11800878","11801171","chr11","96978397","96978692","34","85177519"
"chr1","11814013","11814185","chr4","20928301","20928477","27","9114288"
"chr1","11814631","11814937","chr20","120121012","120121322","21","108306381"
"chr1","11814940","11815221","chr16","58402495","58402776","29","46587555"
"chr1","11818098","11818398","chr20","120117866","120118156","34","108299768"
"chr1","11833501","11833770","chr1","21204188","21204457","38","9370687"
"chr1","11866059","11866365","chr21","124655752","124656055","40","112789693"
"chr1","11868994","11869282","chr20","42401630","42401916","36","30532636"
"chr1","11890402","11890709","chr1","67026506","67026811","32","55136104"
"chr1","11910012","11910322","chr5","42504558","42504867","38","30594546"
"chr1","11929699","11929996","chr12","260610","260910","36","11669089"
"chr1","11931335","11931643","chr4","74318262","74318571","41","62386927"
"chr1","11950580","11950881","chr7","36509749","36510048","34","24559169"
"chr1","11979782","11980092","chr4","30898934","30899245","36","18919152"
"chr1","12020382","12020654","chr21","125316201","125316473","32","113295819"
"chr1","12021493","12021802","chr11","91522024","91522324","41","79500531"
"chr1","12025750","12026048","chr11","119106829","119107127","41","107081079"
"chr1","12048026","12048258","chrX_KE148108v1_random","5426320","5426547","35","6621706"
"chr1","12078246","12078546","chr20","119857663","119857962","32","107779417"
"chr1","12082900","12083169","chr2","16293094","16293363","35","4210194"
"chr1","12109408","12109710","chr12","7117943","7118250","31","4991465"
"chr1","12109737","12109914","chr24","31737187","31737350","36","19627450"
"chr1","12116436","12116738","chr20","119823270","119823571","38","107706834"
"chr1","12126582","12126876","chr17","58562336","58562631","44","46435754"
"chr1","12136521","12136824","chr11","105810531","105810837","32","93674010"
"chr1","12137642","12137949","chr14","1330899","1331208","36","10806743"
"chr1","12140596","12140868","chr20","119798667","119798939","25","107658071"
"chr1","12156630","12156933","chr20","119783948","119784258","29","107627318"
"chr1","12158208","12158408","chrX","37337391","37337577","35","25179183"
"chr1","12160831","12161015","chr20","119778702","119778874","25","107617871"
"chr1","12166359","12166621","chr20","119772655","119772927","36","107606296"
"chr1","12166670","12166963","chr20","119772313","119772605","31","107605643"
"chr1","12191439","12191726","chr20","119748433","119748724","34","107556994"
"chr1","12191757","12192044","chr20","119748103","119748400","38","107556346"
"chr1","12207363","12207658","chr11","6502518","6502815","31","5704845"
"chr1","12207663","12207954","chr20","119732025","119732326","27","107524362"
"chr1","12208414","12208644","chr9","61704066","61704306","54","49495652"
"chr1","12212964","12213192","chr9","61704066","61704306","51","49491102"
"chr1","12214877","12215187","chr13","38298539","38298847","40","26083662"
"chr1","12244828","12245142","chr20","119692484","119692795","31","107447656"
"chr1","12246257","12246556","chr20","119691068","119691372","37","107444811"
"chr1","12248884","12249198","chr20","119688415","119688724","27","107439531"
"chr1","12254223","12254517","chr20","119682845","119683145","25","107428622"
"chr1","12254779","12255085","chr20","119682275","119682586","36","107427496"
"chr1","12259796","12260105","chr20","119677117","119677426","21","107417321"
"chr1","12261355","12261654","chr20","119675482","119675781","28","107414127"
"chr1","12266152","12266442","chr21","99833502","99833794","31","87567350"
"chr1","12298304","12298618","chr20","119639817","119640134","41","107341513"
"chr1","12328131","12328392","chr16","3178099","3178363","32","9150032"
"chr1","12343689","12343996","chr20","119594247","119594564","35","107250558"
"chr1","12345692","12345987","chr23","43922102","43922399","36","31576410"
"chr1","12356061","12356360","chr14","96159735","96160031","46","83803674"
"chr1","12365970","12366269","chr5","25397276","25397570","38","13031306"
"chr1","12369761","12370059","chr20","119571638","119571931","28","107201877"
"chr1","12371046","12371347","chr20","119570035","119570339","14","107198989"
"chr1","12385929","12386238","chr10","66348995","66349305","39","53963066"
"chr1","12392307","12392612","chr20","119548101","119548415","33","107155794"
"chr1","12409148","12409448","chr20","119530959","119531257","19","107121811"
"chr1","12411789","12412086","chr20","119528333","119528634","31","107116544"
"chr1","12412913","12413223","chr20","119527095","119527403","25","107114182"
"chr1","12425601","12425908","chr20","119515201","119515506","18","107089600"
"chr1","12439005","12439301","chr28","14631768","14632065","32","2192763"
"chr1","12446607","12446902","chr20","119493351","119493654","28","107046744"
"chr1","12469822","12470111","chr11","118168788","118169077","35","105698966"
"chr1","12470258","12470558","chr20","108965294","108965594","25","96495036"
"chr1","12491290","12491588","chr20","119447454","119447753","21","106956164"
"chr1","12514178","12514468","chr20","93750602","93750891","29","81236424"
"chr1","12536666","12536978","chr20","119403067","119403368","35","106866401"
"chr1","12560882","12561190","chr20","119381938","119382248","37","106821056"
"chr1","12586868","12587170","chr20","119357149","119357448","31","106770281"
"chr1","12659610","12659914","chr11","128341401","128341698","44","115681791"
"chr1","12665982","12666204","chr11","124263168","124263380","48","111597186"
"chr1","12722022","12722323","chr10","120663027","120663327","36","107941005"
"chr1","12722709","12722994","chr6","10099370","10099656","31","2623339"
"chr1","12726462","12726760","chr20","119224488","119224793","28","106498026"
"chr1","12742512","12742792","chrX","1052","1331","22","12741460"
"chr1","12770890","12771188","chr20","119176819","119177118","28","106405929"
"chr1","12771622","12771930","chr27","41804325","41804627","40","29032703"
"chr1","12773808","12774064","chr21","7345073","7345325","35","5428735"
"chr1","12810923","12811223","chr20","119132484","119132781","28","106321561"
"chr1","12969298","12969609","chr17","54719568","54719874","43","41750270"
"chr1","12971599","12971892","chr11","96978397","96978692","38","84006798"
"chr1","12974575","12974842","chr20","118957625","118957893","29","105983050"
"chr1","12975552","12975856","chr7","129057998","129058302","48","116082446"
"chr1","12982880","12983045","chr2","78534156","78534322","26","65551276"
"chr1","12988090","12988307","chr11","124263168","124263380","47","111275078"
"chr1","12994108","12994347","chrX","80169508","80169752","38","67175400"
"chr1","12994359","12994496","chr24","70836697","70836833","17","57842338"
"chr1","12995307","12995487","chr26","10328683","10328860","31","2666624"
"chr1","13005309","13005617","chr6","30911723","30912031","39","17906414"
"chr1","13033376","13033592","chr11","124263168","124263380","49","111229792"
"chr1","13049917","13050229","chr12","55846087","55846404","62","42796170"
"chr1","13165952","13166253","chr16","16474975","16475266","39","3309023"
"chr1","13166322","13166638","chr14","64034054","64034362","47","50867732"
"chr1","13177234","13177526","chr1","17458437","17458726","54","4281203"
"chr1","13381619","13381900","chrX","236505","236793","54","13145114"
"chr1","13387921","13388217","chr20","118932140","118932439","49","105544219"
"chr1","13442124","13442435","chr28","8303040","8303349","43","5139084"
"chr1","13450910","13451213","chr28","10426114","10426421","31","3024796"
"chr1","13457389","13457629","chrX","80169508","80169752","41","66712119"
"chr1","13466232","13466543","chr20","118938413","118938724","33","105472181"
"chr1","13474387","13474698","chr20","118994940","118995251","33","105520553"
"chr1","13475836","13476136","chr20","118950519","118950802","39","105474683"
"chr1","13480235","13480536","chr20","101310860","101311152","46","87830625"
"chr1","13481365","13481661","chr24","40929118","40929414","40","27447753"
"chr1","13490684","13490984","chr20","118834693","118834994","26","105344009"
"chr1","13520181","13520480","chr3","23382225","23382521","33","9862044"
"chr1","13525594","13525866","chr11","115301597","115301875","36","101776003"
"chr1","13530619","13530932","chr2","33785963","33786271","34","20255344"
"chr1","13535097","13535339","chr9","61704066","61704306","42","48168969"
"chr1","13557205","13557437","chr20","118777080","118777313","22","105219875"
"chr1","13563693","13563992","chr14","75498298","75498595","40","61934605"
"chr1","13571257","13571556","chr3","91583441","91583739","36","78012184"
"chr1","13580601","13580899","chr20","118755379","118755676","28","105174778"
"chr1","13672437","13672733","chr16","48605023","48605318","32","34932586"
"chr1","13675863","13676138","chr22","48795763","48796039","39","35119900"
"chr1","13705222","13705506","chr3","75246809","75247099","45","61541587"
"chr1","13723826","13724144","chrX","59470815","59471127","42","45746989"
"chr1","13740113","13740424","chr20","118599575","118599885","27","104859462"
"chr1","13747007","13747318","chr11","4422956","4423267","29","9324051"
"chr1","13831121","13831430","chr20_KE148049v1_random","803204","803511","38","13027917"
"chr1","13884727","13885023","chr20","118451164","118451460","23","104566437"
"chr1","13888924","13889236","chr20","118446857","118447163","26","104557933"
"chr1","13895260","13895577","chr13","77570386","77570698","42","63675126"
"chr1","13907748","13908056","chr9","21222890","21223190","40","7315142"
"chr1","13912461","13912742","chr20","118423801","118424101","39","104511340"
"chr1","13935060","13935350","chr10","117583448","117583742","33","103648388"
"chr1","13954484","13954780","chr7","131848095","131848393","32","117893611"
"chr1","13964648","13964963","chr20","118373962","118374273","39","104409314"
"chr1","13985071","13985376","chr6","47511750","47512051","42","33526679"
"chr1","14124012","14124174","chr11","31459088","31459250","28","17335076"
"chr1","14134971","14135278","chr20","118218458","118218769","20","104083487"
"chr1","14213569","14213868","chr20","118144017","118144316","23","103930448"
"chr1","14332404","14332661","chr20","118023423","118023695","35","103691019"
"chr1","14366581","14366884","chr10","93621317","93621620","31","79254736"
"chr1","14433291","14433586","chr20","117917744","117918044","25","103484453"
"chr1","14509829","14510123","chr1","40635881","40636174","35","26126052"
"chr1","14529737","14530022","chr20","117834690","117834977","32","103304953"
"chr1","14532848","14533126","chr22","48795763","48796039","35","34262915"
"chr1","14597805","14598115","chrX","45255215","45255519","33","30657410"
"chr1","14633414","14633720","chr14","42965941","42966247","33","28332527"
"chr1","14659923","14660226","chr11","100271972","100272274","35","85612049"
"chr1","14662179","14662410","chr1","78806636","78806860","37","64144457"
"chr1","14728585","14728888","chr19","16005774","16006075","38","1277189"
"chr1","14732662","14732966","chr20","117633045","117633349","24","102900383"
"chr1","14764955","14765240","chr20","117601465","117601750","20","102836510"
"chr1","14855471","14855765","chr4","52351346","52351638","39","37495875"
"chr1","14872980","14873285","chr1","112067856","112068159","38","97194876"
"chr1","14879214","14879521","chr20","109114733","109115041","38","94235519"
"chr1","14922466","14922761","chrX","36953243","36953535","40","22030777"
"chr1","14924000","14924281","chr20","117445055","117445335","20","102521055"
"chr1","14936773","14937075","chr20","117431929","117432219","29","102495156"
"chr1","14961637","14961948","chr10","123801741","123802047","30","108840104"
"chr1","14968021","14968322","chr1","100050679","100050973","35","85082658"
"chr1","15013376","15013688","chr17","20147855","20148163","40","5134479"
"chr1","15013857","15014124","chr1","63357509","63357780","35","48343652"
"chr1","15016983","15017286","chr23","75121731","75122042","42","60104748"
"chr1","15027612","15027877","chr7","130137086","130137351","31","115109474"
"chr1","15044884","15045193","chr20","117330816","117331121","29","102285932"
"chr1","15076331","15076609","chr12","7902931","7903207","26","7173400"
"chr1","15085454","15085688","chr24","14117424","14117655","32","968030"
"chr1","15097581","15097893","chr1","92373536","92373844","39","77275955"
"chr1","15102296","15102547","chr20","117276840","117277088","17","102174544"
"chr1","15109581","15109889","chr21","124655752","124656055","36","109546171"
"chr1","15120282","15120593","chr25","27335574","27335881","45","12215292"
"chr1","15139398","15139703","chr6","30393310","30393612","30","15253912"
"chr1","15152551","15152852","chr12","25049815","25050117","37","9897264"
"chr1","15156085","15156359","chr2","80618015","80618295","35","65461930"
"chr1","15162648","15162929","chr20","117217869","117218149","30","102055221"
"chr1","15173287","15173597","chr20","117208312","117208616","23","102035025"
"chr1","15193625","15193922","chr20","117187651","117187951","30","101994026"
"chr1","15194283","15194578","chr6","48065741","48066029","35","32871458"
"chr1","15212065","15212352","chr2","12870568","12870851","37","2341497"
"chr1","15222964","15223171","chr20","117158539","117158757","24","101935575"
"chr1","15245188","15245542","chr14","1201182","1201544","65","14044006"
"chr1","15267798","15268089","chr2","429322","429614","32","14838476"
"chr1","15273028","15273328","chr20","117113328","117113632","20","101840300"
"chr1","15289311","15289607","chr20","117096493","117096774","38","101807182"
"chr1","15295623","15295921","chr24","10666487","10666776","49","4629136"
"chr1","15305173","15305454","chr20","117080200","117080491","27","101775027"
"chr1","15344416","15344715","chr20","117040920","117041209","38","101696504"
"chr1","15383040","15383338","chr11","96978397","96978692","36","81595357"
"chr1","15401400","15401585","chr5","25517060","25517241","26","10115660"
"chr1","15403670","15403958","chr20","116974622","116974908","23","101570952"
"chr1","15427560","15427851","chr7","111815549","111815836","44","96387989"
"chr1","15429011","15429313","chr19","4941837","4942136","38","10487174"
"chr1","15450182","15450464","chr20","116929911","116930203","32","101479729"
"chr1","15451424","15451731","chr11","7341545","7341852","38","8109879"
"chr1","15474919","15475228","chr20","116905192","116905501","23","101430273"
"chr1","15497415","15497752","chr16","8566479","8566810","62","6930936"
"chr1","15501270","15501572","chr5","19268341","19268645","32","3767071"
"chr1","15534294","15534591","chr20","116850880","116851176","25","101316586"
"chr1","15540704","15541014","chr16","1283822","1284122","39","14256882"
"chr1","15547024","15547332","chr20_KE148052v1_random","9361","9667","31","15537663"
"chr1","15553651","15553955","chr15","3904633","3904938","36","11649018"
"chr1","15563562","15563861","chr10","36804532","36804826","40","21240970"
"chr1","15566926","15567235","chr11","47405582","47405890","47","31838656"
"chr1","15569093","15569366","chr4","40204009","40204280","33","24634916"
"chr1","15585859","15586154","chr11","27478923","27479218","41","11893064"
"chr1","15590465","15590641","chr23","41306689","41306886","46","25716224"
"chr1","15591696","15591998","chr20","116811855","116812156","25","101220159"
"chr1","15598619","15598901","chr6","47262030","47262313","35","31663411"
"chr1","15609443","15609755","chr19","9514256","9514567","35","6095187"
"chr1","15622342","15622639","chr28","16539369","16539669","28","917027"
"chr1","15628324","15628623","chr25","28024918","28025220","34","12396594"
"chr1","15631591","15631891","chr20","116776981","116777292","23","101145390"
"chr1","15649346","15649639","chr19","28806843","28807134","35","13157497"
"chr1","15663320","15663622","chr20","116744589","116744891","21","101081269"
"chr1","15677312","15677616","chr12","94087159","94087460","34","78409847"
"chr1","15696115","15696389","chr20","116712642","116712916","16","101016527"
"chr1","15703211","15703494","chr15","9666120","9666400","36","6037091"
"chr1","15707656","15707960","chr20","116705316","116705607","29","100997660"
"chr1","15710830","15711143","chr20","116701848","116702160","27","100991018"
"chr1","15711477","15711757","chr20","116701240","116701517","18","100989763"
"chr1","15756198","15756454","chr12","35136569","35136827","38","19380371"
"chr1","15764800","15765087","chr19","22713879","22714165","44","6949079"
"chr1","15773585","15773889","chrX","80468072","80468375","26","64694487"
"chr1","15776234","15776540","chr20","116638398","116638707","26","100862164"
"chr1","15802847","15803106","chr16","3178099","3178363","33","12624748"
"chr1","15812780","15813075","chr27","47174935","47175234","35","31362155"
"chr1","15815463","15815751","chr18","16413763","16414057","40","598300"
"chr1","15831877","15832188","chr20","116592665","116592975","28","100760788"
"chr1","15835899","15836209","chr20","116589335","116589645","20","100753436"
"chr1","15840287","15840599","chr5","43308878","43309187","40","27468591"
"chr1","15851269","15851570","chr11","120526163","120526460","30","104674894"
"chr1","15864861","15865176","chr6","36951476","36951790","36","21086615"
"chr1","15869576","15869887","chr20","116553813","116554123","26","100684237"
"chr1","15875850","15876010","chr3","85308027","85308183","23","69432177"
"chr1","15886036","15886319","chr15","9666120","9666400","43","6219916"
"chr1","15886321","15886595","chr5","17723365","17723640","34","1837044"
"chr1","15888970","15889255","chr16","4947081","4947364","29","10941889"
"chr1","15890513","15890816","chrX","64199285","64199589","38","48308772"
"chr1","15894322","15894625","chr11","105910489","105910792","43","90016167"
"chr1","15895959","15896162","chr23","41306689","41306886","34","25410730"
"chr1","15924048","15924341","chr20","116505063","116505360","32","100581015"
"chr1","15928783","15929079","chrX","49846721","49847019","37","33917938"
"chr1","15949142","15949309","chr9","57624793","57624958","30","41675651"
"chr1","15957689","15957983","chr11","96978397","96978692","38","81020708"
"chr1","15959623","15959884","chr26","38477849","38478112","41","22518226"
"chr1","15961831","15961987","chr20","93139448","93139605","23","77177617"
"chr1","15964796","15965043","chr9","61704066","61704306","46","45739270"
"chr1","15969045","15969344","chr20","116458725","116459030","26","100489680"
"chr1","15979030","15979329","chr20","116449476","116449771","28","100470446"
"chr1","16000921","16001161","chr9","61704066","61704306","45","45703145"
"chr1","16010526","16010829","chr14","75498298","75498595","35","59487772"
"chr1","16092756","16092920","chr9","110057473","110057639","19","93964717"
"chr1","16101332","16101635","chr8","101399901","101400212","51","85298569"
"chr1","16110335","16110643","chr5","26410686","26410992","41","10300351"
"chr1","16111190","16111480","chr11","96978397","96978692","31","80867207"
"chr1","16133895","16134224","chr20","116290933","116291257","31","100157038"
"chr1","16193524","16193821","chr21","110168924","110169223","43","93975400"
"chr1","16265946","16266238","chr20","116161696","116161988","28","99895750"
"chr1","16302974","16303284","chr23","37753252","37753563","33","21450278"
"chr1","16306121","16306379","chr20","116122928","116123182","25","99816807"
"chr1","16307643","16307935","chr19","26852137","26852431","35","10544494"
"chr1","16308382","16308691","chr8","38466685","38466989","34","22158303"
"chr1","16311096","16311351","chr20","116122928","116123182","23","99811832"
"chr1","16312615","16312905","chr25","27664129","27664423","32","11351514"
"chr1","16319264","16319563","chr20","116115241","116115541","30","99795977"
"chr1","16360457","16360752","chr10","127130018","127130310","39","110769561"
"chr1","16363528","16363830","chr11","58637184","58637482","38","42273656"
"chr1","16368573","16368830","chr20","116065727","116065993","29","99697154"
"chr1","16387650","16387946","chr20","116047752","116048050","28","99660102"
"chr1","16401889","16402058","chr22","69365483","69365644","38","52963594"
"chr1","16403761","16404028","chrUn_KE147549v1","2702","2971","38","16401059"
"chr1","16414957","16415262","chr6","49410992","49411297","29","32996035"
"chr1","16416049","16416348","chr25","5578857","5579157","25","10837192"
"chr1","16426529","16426788","chr20","116021652","116021921","35","99595123"
"chr1","16431860","16432155","chr11","96978397","96978692","29","80546537"
"chr1","16435898","16436193","chr20","116012066","116012362","22","99576168"
"chr1","16446162","16446465","chr20","116003318","116003617","29","99557156"
"chr1","16447376","16447649","chr1","74231291","74231565","31","57783915"
"chr1","16451072","16451251","chr10","33376506","33376682","31","16925434"
"chr1","16460711","16461000","chrX","14259446","14259748","45","2201265"
"chr1","16465097","16465400","chr5","3607413","3607712","35","12857684"
"chr1","16467729","16468036","chr2","39182421","39182732","33","22714692"
"chr1","16474951","16475258","chr2","42586306","42586608","37","26111355"
"chr1","16492853","16493148","chr1","117218184","117218485","36","100725331"
"chr1","16495424","16495722","chr20","115966897","115967186","32","99471473"
"chr1","16506678","16506969","chr6","11893852","11894141","31","4612826"
"chr1","16510998","16511294","chr8","120057984","120058279","35","103546986"
"chr1","16512764","16513059","chr20","115952045","115952332","30","99439281"
"chr1","16516155","16516452","chr12","44288510","44288811","41","27772355"
"chr1","16517372","16517632","chr14","81944891","81945154","34","65427519"
"chr1","16567948","16568257","chr22","16974195","16974505","34","406247"
"chr1","16575133","16575445","chr20","115883222","115883548","37","99308089"
"chr1","16597006","16597304","chr20","115864273","115864580","35","99267267"
"chr1","16616060","16616355","chr20","115796631","115796923","33","99180571"
"chr1","16631235","16631542","chr3","66761481","66761785","37","50130246"
"chr1","16761875","16762169","chr1","67937430","67937722","33","51175555"
"chr1","16764033","16764337","chr20","115796631","115796923","51","99032598"
"chr1","16777572","16777870","chr20","115692991","115693285","42","98915419"
"chr1","16804942","16805242","chr8","7114217","7114516","33","9690725"
"chr1","16814191","16814492","chr3","66761481","66761785","34","49947290"
"chr1","16840682","16840977","chr1","67937430","67937722","33","51096748"
"chr1","16855193","16855489","chr5","21592665","21592958","34","4737472"
"chr1","16880587","16880898","chr9","95487379","95487691","51","78606792"
"chr1","16888868","16889159","chr12","25234898","25235188","25","8346030"
"chr1","16895694","16895978","chr20","115592279","115592565","13","98696585"
"chr1","16928529","16928817","chr20","115559441","115559727","21","98630912"
"chr1","16930807","16931095","chr20","115557121","115557414","40","98626314"
"chr1","16941668","16941966","chr28","19188684","19188984","35","2247016"
"chr1","16959197","16959490","chr11","909139","909432","34","16050058"
"chr1","16963649","16963946","chr12","13941411","13941710","32","3022238"
"chr1","16970972","16971269","chr20","115516643","115516943","30","98545671"
"chr1","16987709","16988027","chr27","42312860","42313171","45","25325151"
"chr1","17008982","17009280","chr7","129741972","129742271","31","112732990"
"chr1","17032397","17032693","chr20","115453726","115454021","28","98421329"
"chr1","17033587","17033898","chr11","4422956","4423267","30","12610631"
"chr1","17076515","17076826","chr11","2853447","2853759","33","14223068"
"chr1","17088689","17088948","chr5","37062122","37062385","35","19973433"
"chr1","17111859","17112164","chr11","4422956","4423267","36","12688903"
"chr1","17159688","17159988","chr9","119963544","119963848","38","102803856"
"chr1","17195609","17195818","chr11","124263168","124263380","38","107067559"
"chr1","17205905","17206211","chr12","9959438","9959743","35","7246467"
"chr1","17207052","17207178","chr11","73725020","73725157","21","56517968"
"chr1","17208740","17208996","chr4","84047509","84047762","38","66838769"
"chr1","17237325","17237627","chr20","115245212","115245514","19","98007887"
"chr1","17239996","17240293","chr1","8770809","8771108","27","8469187"
"chr1","17261512","17261819","chr20","115217444","115217747","39","97955932"
"chr1","17270626","17270921","chr6","50066742","50067036","32","32796116"
"chr1","17281487","17281786","chr20","115199016","115199324","39","97917529"
"chr1","17281831","17282128","chr20","115198672","115198971","23","97916841"
"chr1","17286616","17286904","chr18","23103753","23104043","39","5817137"
"chr1","17294623","17294770","chr4","33709606","33709752","35","16414983"
"chr1","17314206","17314486","chr14","64047584","64047872","42","46733378"
"chr1","17320249","17320565","chr1","77129298","77129607","51","59809049"
"chr1","17321937","17322220","chr20","115159306","115159589","25","97837369"
"chr1","17349312","17349604","chr20","115131970","115132263","25","97782658"
"chr1","17352705","17353006","chr2","63213955","63214255","27","45861250"
"chr1","17359863","17360068","chr7","15845768","15845962","34","1514095"
"chr1","17364635","17364777","chr2","58932621","58932764","25","41567986"
"chr1","17371735","17372033","chr11","2853447","2853759","47","14518288"
"chr1","17376842","17377125","chr2","36366559","36366842","39","18989717"
"chr1","17377901","17378096","chr7","15845768","15845962","23","1532133"
"chr1","17384332","17384593","chr13","82183816","82184068","36","64799484"
"chr1","17387299","17387604","chrX","44046753","44047049","48","26659454"
"chr1","17394105","17394409","chr2","37711670","37711972","35","20317565"
"chr1","17397147","17397300","chrX","94850421","94850578","29","77453274"
"chr1","17397596","17397896","chr24","68061158","68061461","43","50663562"
"chr1","17401247","17401543","chr20","95037372","95037673","37","77636125"
"chr1","17405438","17405744","chr20","115078932","115079229","34","97673494"
"chr1","17412331","17412630","chr20","115073445","115073739","19","97661114"
"chr1","17414648","17414691","chr6","40106837","40106863","22","22692189"
"chr1","17416250","17416559","chr20","115070056","115070365","18","97653806"
"chr1","17419264","17419556","chr20","115067068","115067357","27","97647804"
"chr1","17421265","17421559","chr12","26183318","26183615","34","8762053"
"chr1","17424778","17425084","chr11","113079948","113080248","44","95655170"
"chr1","17427507","17427736","chr28","18489581","18489799","41","1062074"
"chr1","17430934","17431251","chr20","115056294","115056604","31","97625360"
"chr1","17439256","17439556","chr20","115048825","115049128","39","97609569"
"chr1","17452648","17452946","chr11","120526163","120526460","31","103073515"
"chr1","17458016","17458310","chr20","115029893","115030179","34","97571877"
"chr1","17480984","17481294","chr26","18344490","18344794","38","863506"
"chr1","17490599","17490904","chr20","114995952","114996247","33","97505353"
"chr1","17500259","17500569","chr20","114984030","114984325","39","97483771"
"chr1","17504040","17504355","chr20","114981094","114981410","43","97477054"
"chr1","17588851","17589136","chr20","114894052","114894344","23","97305201"
"chr1","17608787","17609077","chr11","52407170","52407465","37","34798383"
"chr1","17614460","17614756","chr20","114867811","114868119","29","97253351"
"chr1","17623640","17623944","chr20","105213353","105213657","29","87589713"
"chr1","17671392","17671684","chr20","114813997","114814296","25","97142605"
"chr1","17691035","17691348","chr23","22864793","22865102","38","5173758"
"chr1","17712539","17712843","chr16","61063438","61063741","36","43350899"
"chr1","17751767","17752064","chr20","114731721","114732008","34","96979954"
"chr1","17764920","17765217","chr20","114718090","114718394","21","96953170"
"chr1","17823339","17823623","chr20","114661206","114661507","36","96837867"
"chr1","17914309","17914589","chr11","24737261","24737543","38","6822952"
"chr1","18076359","18076638","chr20","114410852","114411135","36","96334493"
"chr1","18202092","18202401","chrX","24812218","24812514","47","6610126"
"chr1","18205189","18205496","chr17","57141590","57141897","42","38936401"
"chr1","18224974","18225288","chr3","91403567","91403877","37","73178593"
"chr1","18294305","18294615","chr20","114197543","114197860","42","95903238"
"chr1","18318164","18318443","chr16","58402495","58402776","35","40084331"
"chr1","18366654","18366959","chr20","114128125","114128432","29","95761471"
"chr1","18455026","18455336","chr5","43308878","43309187","41","24853852"
"chr1","18498429","18498755","chr2","39182421","39182732","51","20683992"
"chr1","18549087","18549382","chr21","108401183","108401477","32","89852096"
"chr1","18551936","18552217","chr20","113946787","113947071","35","95394851"
"chr1","18560118","18560424","chr20","113939106","113939397","43","95378988"
"chr1","18565813","18566118","chr15","16738396","16738699","38","1827417"
"chr1","18624157","18624456","chr20","113875809","113876089","38","95251652"
"chr1","18632832","18633135","chr20","113867042","113867344","28","95234210"
"chr1","18646415","18646724","chr17","28120048","28120357","36","9473633"
"chr1","18648523","18648834","chr11","110743979","110744288","41","92095456"
"chr1","18683233","18683535","chr1","9967077","9967375","37","8716156"
"chr1","18701043","18701323","chr20","113801224","113801530","44","95100181"
"chr1","18730719","18730926","chr7","15845768","15845962","51","2884951"
"chr1","18757530","18757827","chr20","113749765","113750061","26","94992235"
"chr1","18775383","18775682","chr1","120994268","120994567","40","102218885"
"chr1","18836312","18836613","chr25","78856788","78857085","25","60020476"
"chr1","18854593","18854915","chr10","64544107","64544431","36","45689514"
"chr1","18919713","18920037","chr10","24331092","24331413","55","5411379"
"chr1","18924999","18925257","chr20","113587265","113587521","24","94662266"
"chr1","18971313","18971609","chr3","74119688","74119985","37","55148375"
"chr1","18972292","18972555","chr20","113540781","113541045","19","94568489"
"chr1","18973924","18974242","chr24","40963115","40963433","40","21989191"
"chr1","19014575","19014859","chr20","113498791","113499080","32","94484216"
"chr1","19177351","19177625","chr20","113329564","113329835","26","94152213"
"chr1","19203398","19203702","chr20","113305839","113306131","40","94102441"
"chr1","19207194","19207480","chr20","9710701","9710987","39","9496493"
"chr1","19232962","19233152","chr20","113266726","113266914","17","94033764"
"chr1","19249601","19249902","chr20","113247317","113247611","31","93997716"
"chr1","19272477","19272772","chr6","47863392","47863685","32","28590915"
"chr1","19283473","19283765","chr15","4942661","4942952","28","14340812"
"chr1","19288513","19288795","chr16","58402495","58402776","44","39113982"
"chr1","19309534","19309835","chr20","113189641","113189938","32","93880107"
"chr1","19314949","19315229","chr9","67944674","67944946","47","48629725"
"chr1","19371236","19371545","chr21","108279551","108279861","38","88908315"
"chr1","19381509","19381831","chr2","14384032","14384346","47","4997477"
"chr1","19395135","19395439","chr20","113103377","113103684","28","93708242"
"chr1","19406400","19406708","chr20","113092457","113092764","39","93686057"
"chr1","19447998","19448170","chr15","59523066","59523233","20","40075068"
"chr1","19460888","19461177","chr20","113044898","113045189","33","93584010"
"chr1","19466769","19467082","chr6","48846530","48846838","33","29379761"
"chr1","19472601","19472902","chr20","113033505","113033802","36","93560904"
"chr1","19478845","19479145","chr14","14997912","14998214","20","4480933"
"chr1","19480794","19481077","chr20","113025557","113025843","21","93544763"
"chr1","19497600","19497903","chr2","13355109","13355411","33","6142491"
"chr1","19506345","19506662","chr20","113003687","113004006","37","93497342"
"chr1","19509277","19509549","chr20","113001387","113001657","22","93492110"
"chr1","19517643","19517952","chr20","112991883","112992194","40","93474240"
"chr1","19530434","19530728","chr1","47943189","47943481","39","28412755"
"chr1","19532708","19533016","chr20","112976780","112977093","31","93444072"
"chr1","19543370","19543665","chr20","112964130","112964426","24","93420760"
"chr1","19548401","19548689","chr20","112959007","112959302","35","93410606"
"chr1","19564517","19564833","chr20","112941844","112942162","28","93377327"
"chr1","19577598","19577807","chr20","112928830","112929051","36","93351232"
"chr1","19586886","19587182","chr15","5546817","5547111","36","14040069"
"chr1","19591224","19591515","chr16","72650947","72651238","36","53059723"
"chr1","19618668","19618979","chr18","48815029","48815336","31","29196361"
"chr1","19622394","19622625","chr20","94688536","94688769","28","75066142"
"chr1","19633097","19633380","chr20","112876032","112876311","27","93242935"
"chr1","19684760","19685076","chr10","57804652","57804971","36","38119892"
"chr1","19686073","19686354","chr18","56358910","56359195","43","36672837"
"chr1","19699622","19699914","chr7","66206623","66206910","32","46507001"
"chr1","19724338","19724513","chr5","4271859","4272053","49","15452479"
"chr1","19730365","19730674","chrX","6536754","6537060","40","13193611"
"chr1","19773488","19773784","chr11","118168788","118169077","50","98395300"
"chr1","19778265","19778579","chr20","112739561","112739876","32","92961296"
"chr1","19782337","19782653","chr20","112733656","112733976","32","92951319"
"chr1","19803832","19804142","chr21","124655752","124656055","34","104851920"
"chr1","19807332","19807640","chr21","77083601","77083904","43","57276269"
"chr1","19811811","19812087","chr11","115247602","115247877","41","95435791"
"chr1","19822012","19822317","chr5","26410686","26410992","30","6588674"
"chr1","19838723","19839030","chr20","112686736","112687038","36","92848013"
"chr1","19841722","19842025","chr10","64003857","64004159","42","44162135"
"chr1","19855385","19855663","chrX","125564274","125564554","34","105708889"
"chr1","19907756","19908056","chr17","46102922","46103214","39","26195166"
"chr1","20047361","20047669","chr11","117403984","117404296","44","97356623"
"chr1","20053287","20053333","chr6","412596","412630","25","19640691"
"chr1","20071853","20072156","chr20","112456340","112456630","37","92384487"
"chr1","20076242","20076548","chr5","70276460","70276763","35","50200218"
"chr1","20083864","20084169","chr9","34157262","34157563","35","14073398"
"chr1","20122773","20123075","chr2","9435379","9435682","33","10687394"
"chr1","20134229","20134515","chr20","112390759","112391044","32","92256530"
"chr1","20205418","20205721","chr11","19464480","19464783","29","740938"
"chr1","20212971","20213266","chr20","112312918","112313218","35","92099947"
"chr1","20272582","20272893","chr11","31581893","31582204","48","11309311"
"chr1","20304265","20304581","chr10","43234188","43234511","46","22929923"
"chr1","20305262","20305526","chr20","112214226","112214496","30","91908964"
"chr1","20306564","20306859","chr6","33908236","33908526","34","13601672"
"chr1","20321770","20322070","chr28","11123066","11123368","40","9198704"
"chr1","20389292","20389588","chr8","18395460","18395758","46","1993832"
"chr1","20425142","20425450","chr20","112097142","112097444","23","91672000"
"chr1","20427370","20427679","chr12","13941411","13941710","39","6485959"
"chr1","20430215","20430521","chr11","38335615","38335914","43","17905400"
"chr1","20477684","20477995","chr20","112044061","112044367","27","91566377"
"chr1","20489181","20489492","chr5","26410686","26410992","31","5921505"
"chr1","20495338","20495654","chr2","65319575","65319883","40","44824237"
"chr1","20514766","20515057","chr1","9922951","9923243","33","10591815"
"chr1","20531675","20531887","chr11","124263168","124263380","42","103731493"
"chr1","20536991","20537272","chr20","111991263","111991556","36","91454272"
"chr1","20541582","20541808","chr6","31444844","31445076","37","10903262"
"chr1","20567113","20567411","chr20","111957383","111957682","31","91390270"
"chr1","20570337","20570520","chr5","25517060","25517241","24","4946723"
"chr1","20583432","20583696","chr21","103989268","103989528","44","83405836"
"chr1","20593029","20593341","chr10","44028544","44028854","40","23435515"
"chr1","20594978","20595277","chr20","111930328","111930633","25","91335350"
"chr1","20597274","20597577","chr20","111927258","111927549","34","91329984"
"chr1","20621875","20622174","chr9","120001082","120001381","34","99379207"
"chr1","20640196","20640492","chr1","32350047","32350343","39","11709851"
"chr1","20675141","20675448","chr24","33830310","33830610","46","13155169"
"chr1","20691525","20691815","chr20","109477150","109477446","36","88785625"
"chr1","20692968","20693260","chr20","111843174","111843466","25","91150206"
"chr1","20694053","20694261","chr11","124263168","124263380","49","103569115"
"chr1","20733536","20733846","chr20","111809294","111809600","32","91075758"
"chr1","20750294","20750582","chrX","60246095","60246386","39","39495801"
"chr1","20751818","20752097","chr20","111786349","111786646","43","91034531"
"chr1","20772433","20772741","chr20","111763540","111763840","34","90991107"
"chr1","20777333","20777624","chr1","32401040","32401338","44","11623707"
"chr1","20786588","20786890","chr20","111752049","111752351","25","90965461"
"chr1","20794128","20794343","chr17","38823537","38823742","40","18029409"
"chr1","20797427","20797735","chr20","111743705","111744018","36","90946278"
"chr1","20811470","20811751","chr20","111729313","111729598","20","90917843"
"chr1","20834313","20834620","chr6","48846530","48846838","33","28012217"
"chr1","20837275","20837561","chr20","111708439","111708726","25","90871164"
"chr1","20912525","20912684","chr20","111633036","111633197","18","90720511"
"chr1","20945595","20945886","chr20","111599577","111599881","31","90653982"
"chr1","20951893","20952188","chr20","111592248","111592549","34","90640355"
"chr1","20962597","20962892","chr11","96978397","96978692","29","76015800"
"chr1","20981932","20982217","chrX_KE148108v1_random","4865365","4865656","38","16116567"
"chr1","21000382","21000671","chr11","96978397","96978692","35","75978015"
"chr1","21051526","21051830","chrX","128343733","128344033","41","107292207"
"chr1","21058707","21059007","chr20","77903993","77904291","35","56845286"
"chr1","21063311","21063605","chr5","53452110","53452418","37","32388799"
"chr1","21101865","21102171","chr20","111435765","111436074","41","90333900"
"chr1","21107362","21107658","chr1","70563914","70564214","39","49456552"
"chr1","21108794","21109102","chr13","12228130","12228438","30","8880664"
"chr1","21113553","21113848","chr4","17013256","17013552","43","4100297"
"chr1","21119285","21119594","chr21","118595901","118596210","36","97476616"
"chr1","21126029","21126331","chrX","61893613","61893910","40","40767584"
"chr1","21130053","21130359","chr2","38956900","38957200","54","17826847"
"chr1","21140442","21140750","chr13","73602389","73602688","33","52461947"
"chr1","21147674","21147923","chr20","111394228","111394473","31","90246554"
"chr1","21152950","21153222","chr20","111388821","111389099","27","90235871"
"chr1","21153573","21153874","chrX","58369155","58369458","30","37215582"
"chr1","21163827","21164127","chr20","111378291","111378590","24","90214464"
"chr1","21175253","21175559","chr20","111367806","111368106","34","90192553"
"chr1","21182052","21182362","chr20","111361259","111361567","34","90179207"
"chr1","21188848","21189142","chr15","5355918","5356211","29","15832930"
"chr1","21190941","21191244","chr20","111352130","111352435","23","90161189"
"chr1","21205608","21205902","chr20","111341097","111341405","34","90135489"
"chr1","21208612","21208893","chr20","111338460","111338760","40","90129848"
"chr1","21214423","21214725","chr20","111332280","111332583","26","90117857"
"chr1","21220156","21220449","chr9","57690887","57691181","33","36470731"
"chr1","21228769","21229070","chr7","131848095","131848393","35","110619326"
"chr1","21229703","21229898","chr7","15845768","15845962","31","5383935"
"chr1","21234785","21235094","chr20","111311822","111312124","36","90077037"
"chr1","21236739","21237044","chr20","111309651","111309955","26","90072912"
"chr1","21238343","21238655","chr20","108815662","108815960","47","87577319"
"chr1","21244810","21245120","chr20","111302465","111302774","30","90057655"
"chr1","21252816","21253109","chr12","88532115","88532408","33","67279299"
"chr1","21253758","21254045","chr20","111293254","111293554","37","90039496"
"chr1","21264541","21264845","chr20","111282674","111282975","28","90018133"
"chr1","21269413","21269732","chr14","79551936","79552247","38","58282523"
"chr1","21271784","21272092","chr19","21336034","21336340","36","64250"
"chr1","21437578","21437883","chr20","115830683","115830991","32","94393105"
"chr1","21449567","21449855","chr20","13332123","13332408","23","8117444"
"chr1","21511585","21511860","chr6","40327256","40327528","37","18815671"
"chr1","21513405","21513723","chr5","39045605","39045909","46","17532200"
"chr1","21520491","21520788","chr12","964980","965277","48","20555511"
"chr1","21525110","21525415","chr17","28120048","28120357","38","6594938"
"chr1","21535486","21535760","chr20","111093389","111093665","21","89557903"
"chr1","21538214","21538525","chr20","111090332","111090632","36","89552118"
"chr1","21605217","21605513","chr20","111021415","111021707","24","89416198"
"chr1","21618541","21618868","chr6","3914448","3914765","60","17704093"
"chr1","21644812","21645121","chr20","110981748","110982054","33","89336936"
"chr1","21650275","21650594","chr14","51850819","51851139","47","30200544"
"chr1","21671262","21671564","chr1","19453527","19453824","39","2217735"
"chr1","21672603","21672896","chr11","15771492","15771784","40","5901111"
"chr1","21689520","21689833","chr10","66348995","66349305","35","44659475"
"chr1","21702661","21702960","chr26","49768445","49768746","38","28065784"
"chr1","21731901","21732200","chr2","19201828","19202128","41","2530073"
"chr1","21737120","21737433","chr20","110896372","110896679","29","89159252"
"chr1","21746147","21746447","chr20","110887423","110887728","34","89141276"
"chr1","21748836","21749082","chr25","82208612","82208861","41","60459776"
"chr1","21759367","21759656","chr20","110874502","110874799","37","89115135"
"chr1","21765595","21765884","chr9","114952603","114952897","35","93187008"
"chr1","21771821","21772104","chr20","110859057","110859343","32","89087236"
"chr1","21778932","21779229","chr15","76322017","76322315","40","54543085"
"chr1","21783069","21783380","chr23","37753252","37753563","31","15970183"
"chr1","21788096","21788402","chrX","29627577","29627888","46","7839481"
"chr1","21791467","21791772","chr20","110833892","110834190","32","89042425"
"chr1","21796002","21796303","chr16","22506707","22507005","36","710705"
"chr1","21803046","21803369","chr7","120252290","120252600","45","98449244"
"chr1","21822768","21823047","chr20","110804504","110804794","39","88981736"
"chr1","21839177","21839462","chr20","110786306","110786591","21","88947129"
"chr1","21846573","21846873","chr9","52262578","52262888","27","30416005"
"chr1","21851466","21851769","chr20","110774369","110774672","33","88922903"
"chr1","21863069","21863363","chr5","561924","562220","33","21301145"
"chr1","21918119","21918420","chr20","110707513","110707813","22","88789394"
"chr1","21940654","21940966","chr20","110685387","110685698","26","88744733"
"chr1","21942597","21942901","chr8","52693668","52693972","34","30751071"
"chr1","21961819","21962130","chr20","110664694","110665004","31","88702875"
"chr1","21971599","21971915","chr20","110654992","110655312","33","88683393"
"chr1","21980099","21980401","chr10","22187028","22187337","32","206929"
"chr1","21981530","21981846","chr20","110647628","110647932","44","88666098"
"chr1","21986655","21986784","chr16","45753683","45753815","17","23767028"
"chr1","21996325","21996638","chr20","110654992","110655312","29","88658667"
"chr1","22009917","22010046","chr20","110643229","110643361","14","88633312"
"chr1","22016328","22016492","chr6","31915385","31915552","25","9899057"
"chr1","22020198","22020481","chr16","9245258","9245543","36","12774940"
"chr1","22022323","22022629","chr11","89021336","89021645","40","66999013"
"chr1","22039487","22039775","chr22","72903386","72903680","35","50863899"
"chr1","22044349","22044652","chr6","8015506","8015808","31","14028843"
"chr1","22048489","22048793","chr20","110608531","110608838","33","88560042"
"chr1","22054058","22054371","chr19","5605549","5605855","39","16448509"
"chr1","22058037","22058364","chr2","39182421","39182732","42","17124384"
"chr1","22061187","22061463","chr20","110596099","110596380","39","88534912"
"chr1","22075593","22075903","chr20","110581553","110581857","34","88505960"
"chr1","22109562","22109828","chr11","115789930","115790196","38","93680368"
"chr1","22146541","22146851","chr19","9514256","9514567","33","12632285"
"chr1","22161790","22162122","chrX","59936969","59937296","52","37775179"
"chr1","22178945","22179251","chr20","110477845","110478138","34","88298900"
"chr1","22191105","22191410","chr10","113695260","113695564","32","91504155"
"chr1","22193033","22193344","chr21","32260492","32260793","45","10067459"
"chr1","22225229","22225506","chr19_AQIB01159161v1_random","5253","5533","38","22219976"
"chr1","22233138","22233446","chr20","110424587","110424893","23","88191449"
"chr1","22237950","22238268","chr10","24331092","24331413","52","2093142"
"chr1","22269287","22269583","chr20","110390794","110391090","20","88121507"
"chr1","22278625","22278937","chr20","110380822","110381129","42","88102197"
"chr1","22279455","22279760","chr14","14997912","14998214","39","7281543"
"chr1","22308265","22308558","chr10","117565378","117565673","39","95257113"
"chr1","22312027","22312330","chr2","14244597","14244911","48","8067430"
"chr1","22322445","22322746","chr4","10144957","10145253","34","12177488"
"chr1","22352986","22353253","chr16","24316820","24317082","39","1963834"
"chr1","22357023","22357317","chr15","56114735","56115031","35","33757712"
"chr1","22403420","22403710","chr20","110259214","110259508","28","87855794"
"chr1","22423020","22423317","chr22","61473574","61473872","37","39050554"
"chr1","22433809","22433955","chr10","82920239","82920369","55","60486430"
"chr1","22442034","22442330","chr20","110221700","110221993","26","87779666"
"chr1","22478369","22478668","chr21","71661548","71661848","33","49183179"
"chr1","22485190","22485514","chrX","127157617","127157945","47","104672427"
"chr1","22521155","22521324","chr20","110141341","110141508","16","87620186"
"chr1","22702040","22702344","chr25","27335574","27335881","39","4633534"
"chr1","22771654","22771960","chr5","19885921","19886223","37","2885733"
"chr1","22849999","22850302","chr8","103533515","103533819","40","80683516"
"chr1","22869654","22869960","chr20","109801140","109801443","25","86931486"
"chr1","22873197","22873495","chr2","56917707","56918005","37","34044510"
"chr1","22906723","22907024","chr16","10762280","10762585","35","12144443"
"chr1","22958765","22959061","chr20","109716046","109716335","35","86757281"
"chr1","22971120","22971406","chr7","111567460","111567746","35","88596340"
"chr1","22985065","22985372","chr20","109691366","109691672","28","86706301"
"chr1","22985437","22985708","chr19","23645034","23645301","36","659597"
"chr1","22988936","22989221","chr1","67937430","67937722","41","44948494"
"chr1","22991101","22991406","chr20","109685976","109686292","41","86694875"
"chr1","22994945","22995243","chr20","109682486","109682790","24","86687541"
"chr1","23001216","23001478","chr29","17007293","17007557","41","5993923"
"chr1","23010763","23011041","chr6","25212028","25212298","47","2201265"
"chr1","23020041","23020288","chr25","82208612","82208861","44","59188571"
"chr1","23026881","23027126","chr20","94688536","94688769","39","71661655"
"chr1","23034169","23034479","chr20","109646460","109646759","31","86612291"
"chr1","23055124","23055428","chr1","19807009","19807308","42","3248115"
"chr1","23079612","23079892","chr20","109601104","109601397","31","86521492"
"chr1","23136430","23136737","chr17","51745130","51745437","33","28608700"
"chr1","23153542","23153849","chr20","109525692","109525992","27","86372150"
"chr1","23157412","23157714","chr20","109522304","109522591","33","86364892"
"chr1","23165757","23166031","chr20","109515032","109515310","22","86349275"
"chr1","23180907","23181219","chr20","109500590","109500905","32","86319683"
"chr1","23187831","23188139","chr20","109493726","109494035","21","86305895"
"chr1","23192680","23192970","chr7","115305408","115305698","37","92112728"
"chr1","23205283","23205576","chr20","109477150","109477446","36","86271867"
"chr1","23240108","23240400","chr15","89799513","89799810","35","66559405"
"chr1","23244278","23244589","chr13","85691386","85691696","34","62447108"
"chr1","23248670","23248865","chr7","15845768","15845962","27","7402902"
"chr1","23255539","23255847","chr2","8100719","8101022","36","15154820"
"chr1","23261794","23262100","chr20","109420728","109421036","31","86158934"
"chr1","23271587","23271801","chr20","109413746","109413971","25","86142159"
"chr1","23280087","23280374","chr11","120526163","120526460","40","97246076"
"chr1","23303856","23304159","chr5","52768713","52769008","44","29464857"
"chr1","23310779","23311081","chr20","88763467","88763766","31","65452688"
"chr1","23316193","23316496","chr10","45407727","45408028","43","22091534"
"chr1","23331506","23331816","chr8","52693668","52693972","35","29362162"
"chr1","23348416","23348622","chr3","1520627","1520837","38","21827789"
"chr1","23364607","23364899","chr20","109319134","109319430","17","85954527"
"chr1","23367268","23367556","chr20","109330327","109330612","23","85963059"
"chr1","23371742","23372040","chr1","19453527","19453824","33","3918215"
"chr1","23394298","23394606","chr27","48046122","48046428","36","24651824"
"chr1","23394617","23394912","chr2","57329121","57329416","46","33934504"
"chr1","23401206","23401380","chr20","109290669","109290850","17","85889463"
"chr1","23401605","23401671","chr19","21716674","21716744","18","1684931"
"chr1","23429512","23429807","chr20","109260701","109261000","24","85831189"
"chr1","23472231","23472530","chr20","109223257","109223558","22","85751026"
"chr1","23482745","23483038","chr20","109211989","109212288","31","85729244"
"chr1","23492946","23493227","chr20","109203328","109203613","22","85710382"
"chr1","23495037","23495349","chr20","109201207","109201522","28","85706170"
"chr1","23514152","23514454","chr20","109182853","109183157","32","85668701"
"chr1","23523543","23523773","chr20","109171911","109172138","19","85648368"
"chr1","23532330","23532634","chr20","109163089","109163380","39","85630759"
"chr1","23535959","23536286","chr11","120048568","120048876","48","96512609"
"chr1","23551501","23551777","chr20","109144808","109145087","18","85593307"
"chr1","23559338","23559658","chr20","109138613","109138922","33","85579275"
"chr1","23566487","23566797","chr20","109131012","109131339","44","85564525"
"chr1","23582250","23582556","chr20","109114733","109115041","21","85532483"
"chr1","23583812","23583942","chr9","62044934","62045067","16","38461122"
"chr1","23584741","23584915","chr6","13404877","13405046","26","10179864"
"chr1","23616014","23616321","chr20","109082726","109083028","43","85466712"
"chr1","23621359","23621668","chr20","109077330","109077638","28","85455971"
"chr1","23623976","23624279","chr20","7645196","7645499","32","15978780"
"chr1","23629669","23629971","chr6","42914117","42914422","32","19284448"
"chr1","23645934","23646273","chr1","102942535","102942878","84","79296601"
"chr1","23660842","23661142","chr20","7785906","7786210","37","15874936"
"chr1","23667878","23668197","chrX","50241807","50242131","47","26573929"
"chr1","23673195","23673477","chr20","109033262","109033550","31","85360067"
"chr1","23676532","23676832","chr22","1897964","1898263","29","21778568"
"chr1","23678284","23678587","chr20","109029382","109029683","26","85351098"
"chr1","23682292","23682535","chr9","61704066","61704306","51","38021774"
"chr1","23691926","23692251","chr20","108996708","108997012","47","85304782"
"chr1","23693011","23693296","chr20","108995997","108996280","30","85302986"
"chr1","23694216","23694519","chr1","19453527","19453824","41","4240689"
"chr1","23697938","23698248","chr20","108991081","108991382","31","85293143"
"chr1","23699014","23699306","chr16","70284377","70284671","32","46585363"
"chr1","23700422","23700611","chr25","55233456","55233643","29","31533034"
"chr1","23709398","23709677","chr20","108981393","108981674","37","85271995"
"chr1","23717359","23717660","chr20","108973255","108973553","31","85255896"
"chr1","23725137","23725434","chr16","73619546","73619837","40","49894409"
"chr1","23727067","23727376","chr9","62473010","62473320","36","38745943"
"chr1","23737022","23737321","chr20","108956803","108957107","33","85219781"
"chr1","23739538","23739834","chr20","108952677","108952985","37","85213139"
"chr1","23743008","23743306","chr11","27478923","27479218","31","3735915"
"chr1","23790681","23790981","chr12","13941411","13941710","27","9849270"
"chr1","23797901","23798200","chr20","108902354","108902650","32","85104453"
"chr1","23802310","23802545","chr9","61704066","61704306","46","37901756"
"chr1","23825149","23825436","chr20","108876490","108876776","22","85051341"
"chr1","23826894","23827181","chr20","108876490","108876776","24","85049596"
"chr1","23831222","23831564","chr2","65319575","65319883","63","41488353"
"chr1","23838091","23838364","chrX","13724283","13724559","40","10113808"
"chr1","23844285","23844581","chr25","77839081","77839385","56","53994796"
"chr1","23847042","23847350","chr2","14523205","14523513","36","9323837"
"chr1","23848763","23849072","chr3","52066459","52066774","34","28217696"
"chr1","23850068","23850363","chr20","108854295","108854594","31","85004227"
"chr1","23855377","23855682","chr20","108850318","108850627","31","84994941"
"chr1","23856930","23857238","chr18","68517634","68517943","42","44660704"
"chr1","23861896","23862187","chr20","108844016","108844317","28","84982120"
"chr1","23868850","23869155","chr20","108829983","108830287","27","84961133"
"chr1","23878641","23878942","chr2","63213955","63214255","38","39335314"
"chr1","23889987","23890297","chr2","14523205","14523513","36","9366782"
"chr1","23890969","23891267","chr20","108817050","108817351","26","84926081"
"chr1","23892350","23892648","chr20","108815662","108815960","23","84923312"
"chr1","23901439","23901739","chr23","74497821","74498124","46","50596382"
"chr1","23909760","23910069","chr20","108803724","108804030","39","84893964"
"chr1","23913806","23914107","chr6","8015506","8015808","37","15898300"
"chr1","23918490","23918781","chr20","108795906","108796204","19","84877416"
"chr1","23925659","23925969","chr20","108787562","108787871","37","84861903"
"chr1","23926671","23926976","chr20","108786561","108786865","29","84859890"
"chr1","23939851","23940146","chr7","55739869","55740169","35","31800018"
"chr1","23940216","23940527","chr20","108773562","108773873","23","84833346"
"chr1","23956490","23956789","chr8","7114217","7114516","36","16842273"
"chr1","23961053","23961246","chr2","18890227","18890415","23","5070826"
"chr1","23961555","23961875","chr6","12064154","12064463","41","11897401"
"chr1","23981283","23981576","chr20","108734970","108735260","21","84753687"
"chr1","24013436","24013740","chr5","75202330","75202631","43","51188894"
"chr1","24027947","24028181","chr9","61704066","61704306","40","37676119"
"chr1","24037241","24037544","chr20","108680507","108680819","36","84643266"
"chr1","24049470","24049765","chr20","108671604","108671894","31","84622134"
"chr1","24051489","24051791","chr2","27628387","27628690","32","3576898"
"chr1","24052079","24052380","chr20","108668891","108669195","26","84616812"
"chr1","24060046","24060340","chr9","114952603","114952897","33","90892557"
"chr1","24072377","24072676","chr16","62764099","62764400","34","38691722"
"chr1","24077286","24077595","chr5","58708794","58709105","42","34631508"
"chr1","24089958","24090263","chr20","108635498","108635799","32","84545540"
"chr1","24093753","24094046","chr26","53553125","53553420","33","29459372"
"chr1","24138227","24138513","chr20","105306527","105306799","45","81168300"
"chr1","24140419","24140617","chr10","61567437","61567630","28","37427018"
"chr1","24153961","24154250","chr20","108569617","108569906","23","84415656"
"chr1","24158356","24158651","chr5","12144988","12145281","31","12013368"
"chr1","24166623","24166917","chr6","2461875","2462167","32","21704748"
"chr1","24180994","24181296","chr2","58068276","58068581","37","33887282"
"chr1","24182645","24182955","chr20","108541919","108542233","26","84359274"
"chr1","24185173","24185468","chr28","18578452","18578745","38","5606721"
"chr1","24186716","24186794","chr16","33581812","33581892","24","9395096"
"chr1","24201404","24201702","chr1","67937430","67937722","34","43736026"
"chr1","24205363","24205668","chr20","108520208","108520509","30","84314845"
"chr1","24208277","24208587","chr20","108517317","108517624","19","84309040"
"chr1","24214631","24214922","chr20","108510911","108511210","32","84296280"
"chr1","24226666","24226888","chr9","61704066","61704306","55","37477400"
"chr1","24245867","24246175","chr20","108481035","108481343","22","84235168"
"chr1","24250599","24250903","chr16","48494508","48494818","34","24243909"
"chr1","24255807","24256083","chr20","108470868","108471150","29","84215061"
"chr1","24267295","24267602","chr13","42633664","42633974","34","18366369"
"chr1","24313929","24314231","chr20","108419498","108419791","33","84105569"
"chr1","24328690","24328981","chr20","108402876","108403172","26","84074186"
"chr1","24335097","24335395","chr16","823334","823630","35","23511763"
"chr1","24341589","24341759","chr20","108390070","108390240","15","84048481"
"chr1","24341902","24342156","chr16","3178099","3178363","38","21163803"
"chr1","24435488","24435703","chrX","102798948","102799160","51","78363460"
"chr1","24453740","24454037","chr17","30106797","30107097","34","5653057"
"chr1","24560506","24560815","chr20","108180616","108180927","21","83620110"
"chr1","24564802","24565074","chr20","108179553","108179829","24","83614751"
"chr1","24572531","24572808","chr20","108165022","108165304","21","83592491"
"chr1","24576689","24576995","chr9","21222890","21223190","35","3353799"
"chr1","24590369","24590676","chr9","95974457","95974762","38","71384088"
"chr1","24592455","24592741","chrUn_KE147541v1","121663","121948","36","24470792"
"chr1","24606249","24606557","chr20","108131491","108131795","22","83525242"
"chr1","24611264","24611520","chr12","10086226","10086481","40","14525038"
"chr1","24617488","24617783","chr17","58052545","58052833","36","33435057"
"chr1","24623154","24623438","chrX","1052","1331","38","24622102"
"chr1","24623804","24624102","chr20","108114375","108114668","32","83490571"
"chr1","24632486","24632766","chr20","108105712","108105972","41","83473226"
"chr1","24635706","24635984","chr20","100464623","100464907","38","75828917"
"chr1","24636642","24636955","chr20","24392880","24393191","35","243762"
"chr1","24647284","24647586","chr20","108093017","108093319","20","83445733"
"chr1","24651857","24652150","chr26","57711957","57712249","34","33060100"
"chr1","24675549","24675855","chr20","108063003","108063296","33","83387454"
"chr1","24708622","24708930","chr20","108030293","108030604","22","83321671"
"chr1","24710107","24710398","chr5","60349828","60350122","36","35639721"
"chr1","24718051","24718346","chr6","7506115","7506404","27","17211936"
"chr1","24738706","24738874","chr20","108002905","108003080","23","83264199"
"chr1","24740723","24741018","chr1","17699624","17699919","31","7041099"
"chr1","24743795","24744105","chr20","107996538","107996849","20","83252743"
"chr1","24744264","24744568","chrX","12390291","12390588","35","12353973"
"chr1","24746249","24746558","chr20","107994200","107994509","24","83247951"
"chr1","24748286","24748575","chr20","107991884","107992180","25","83243598"
"chr1","24751504","24751800","chr23","81515770","81516064","26","56764266"
"chr1","24771759","24772056","chr15","64630867","64631162","32","39859108"
"chr1","24778886","24779203","chrX","8217835","8218144","42","16561051"
"chr1","24792995","24793318","chr27","40496692","40497017","51","15703697"
"chr1","24796563","24796864","chr20","105213353","105213657","28","80416790"
"chr1","24801855","24802159","chr20","105692436","105692747","39","80890581"
"chr1","24809599","24809891","chr6","2294070","2294363","41","22515529"
"chr1","24827384","24827695","chr6","26818112","26818423","36","1990728"
"chr1","24849936","24850234","chr20","107888262","107888554","32","83038326"
"chr1","24859489","24859797","chr19","8619042","8619348","33","16240447"
"chr1","24865484","24865776","chr20","107871977","107872266","32","83006493"
"chr1","24893368","24893635","chr14","81385490","81385752","37","56492122"
"chr1","24895719","24896030","chrX","113675371","113675678","34","88779652"
"chr1","24909562","24909870","chr22","7218812","7219123","35","17690750"
"chr1","24930949","24931249","chr20","107811152","107811453","17","82880203"
"chr1","24950758","24951072","chr20","107790774","107791083","34","82840016"
"chr1","25113675","25113979","chr20","107636073","107636385","31","82522398"
"chr1","25122231","25122532","chr22","48540090","48540395","43","23417859"
"chr1","25158251","25158549","chr20","107590092","107590384","21","82431841"
"chr1","25164370","25164681","chr20","107584851","107585160","30","82420481"
"chr1","25172749","25173043","chr3","23234358","23234643","37","1938391"
"chr1","25181781","25182068","chr26","20177551","20177842","30","5004230"
"chr1","25188953","25189251","chr20","107561207","107561511","24","82372254"
"chr1","25197219","25197431","chr11","124263168","124263380","36","99065949"
"chr1","25198132","25198434","chr2","63213955","63214255","33","38015823"
"chr1","25201568","25201876","chr20","107542001","107542309","28","82340433"
"chr1","25211911","25212193","chr16","58402495","58402776","37","33190584"
"chr1","25226101","25226402","chr18","69564246","69564548","30","44338145"
"chr1","25235207","25235476","chr16","67535285","67535559","40","42300078"
"chr1","25238018","25238316","chr20","107504824","107505128","33","82266806"
"chr1","25243520","25243830","chrX","20403447","20403743","56","4840073"
"chr1","25248298","25248593","chr6","50066742","50067036","35","24818444"
"chr1","25261733","25262031","chr13","79595987","79596282","34","54334254"
"chr1","25263307","25263598","chr20","107479276","107479564","25","82215969"
"chr1","25269016","25269317","chr8","134666988","134667289","41","109397972"
"chr1","25270144","25270454","chr20","107473750","107474064","32","82203606"
"chr1","25276902","25277204","chr16","61063438","61063741","31","35786536"
"chr1","25281294","25281484","chr7","15845768","15845962","31","9435526"
"chr1","25282356","25282638","chr20","107462517","107462788","31","82180161"
"chr1","25295643","25295946","chr10","88760771","88761072","30","63465128"
"chr1","25332655","25332960","chr20","107364510","107364814","33","82031855"
"chr1","25333574","25333877","chr20","107365480","107365802","43","82031906"
"chr1","25350710","25350987","chr20","107381698","107381990","35","82030988"
"chr1","25351756","25351954","chr14","80114787","80114981","29","54763031"
"chr1","25351966","25352278","chr8","50111525","50111836","36","24759559"
"chr1","25364411","25364635","chr9","61704066","61704306","58","36339655"
"chr1","25366632","25366950","chr27","21581463","21581790","53","3785169"
"chr1","25368932","25369231","chr20","107400723","107401014","33","82031791"
"chr1","25373128","25373361","chr9","61704066","61704306","47","36330938"
"chr1","25375146","25375445","chr18","31386596","31386890","39","6011450"
"chr1","25376157","25376459","chrX","41571573","41571872","42","16195416"
"chr1","25390283","25390592","chr20","102069946","102070249","38","76679663"
"chr1","25397876","25398175","chr20","107421964","107422260","26","82024088"
"chr1","25573919","25574215","chr20","107191210","107191508","32","81617291"
"chr1","25582891","25583201","chr20","107183643","107183958","34","81600752"
"chr1","25584408","25584704","chr11","59487334","59487636","40","33902926"
"chr1","25588666","25588957","chr20","107178516","107178810","27","81589850"
"chr1","25593736","25594012","chr20","87795581","87795856","38","62201845"
"chr1","25598105","25598279","chr19","6466132","6466305","27","19131973"
"chr1","25612637","25612953","chr20","107154024","107154340","27","81541387"
"chr1","25616021","25616320","chr8","7114217","7114516","33","18501804"
"chr1","25634603","25634793","chr7","15845768","15845962","32","9788835"
"chr1","25658234","25658540","chr20","107109355","107109667","23","81451121"
"chr1","25671052","25671348","chr20","107096557","107096853","23","81425505"
"chr1","25711162","25711434","chr8","63134676","63134951","37","37423514"
"chr1","25737823","25738109","chr20","80762312","80762599","34","55024489"
"chr1","25754133","25754435","chrX","17556505","17556807","29","8197628"
"chr1","25785179","25785507","chr20","106978191","106978498","35","81193012"
"chr1","25794367","25794646","chr29","4482362","4482644","37","21312005"
"chr1","25838687","25838967","chr20","106925214","106925501","33","81086527"
"chr1","25841864","25842174","chr2","12837634","12837934","44","13004230"
"chr1","25845596","25845899","chr8","26973072","26973379","42","1127476"
"chr1","25847228","25847451","chr20","106916348","106916557","29","81069120"
"chr1","25849518","25849824","chr21","57728049","57728355","35","31878531"
"chr1","25886489","25886784","chr12","98517935","98518230","33","72631446"
"chr1","25896074","25896367","chr20","106871864","106872152","22","80975790"
"chr1","25923871","25924150","chr20","106843417","106843694","32","80919546"
"chr1","25926311","25926521","chr20","106841022","106841233","17","80914711"
"chr1","25927421","25927719","chr20","106839825","106840125","23","80912404"
"chr1","25940678","25940987","chr8","10801167","10801476","34","15139511"
"chr1","25955489","25955800","chr5","38892397","38892709","36","12936908"
"chr1","25960229","25960530","chr20","106806586","106806879","35","80846357"
"chr1","25962557","25962873","chr20","106804520","106804825","32","80841963"
"chr1","25981768","25982064","chr5","59338845","59339137","45","33357077"
"chr1","25986639","25986943","chr20","106780224","106780524","24","80793585"
"chr1","25998224","25998523","chr20","106766281","106766577","29","80768057"
"chr1","25998660","25998753","chr5","21694791","21694885","25","4303869"
"chr1","25999177","25999371","chr6","28146155","28146348","30","2146978"
"chr1","26013409","26013719","chr6","28953811","28954119","41","2940402"
"chr1","26047410","26047591","chr26","31077614","31077805","35","5030204"
"chr1","26073427","26073736","chr7","91654814","91655114","41","65581387"
"chr1","26074815","26075108","chr20","106696205","106696508","34","80621390"
"chr1","26087367","26087659","chr20","115280190","115280482","31","89192823"
"chr1","26092110","26092352","chr20","106677459","106677703","22","80585349"
"chr1","26106051","26106355","chr2","19372681","19372965","59","6733370"
"chr1","26109484","26109779","chr20","106660199","106660505","30","80550715"
"chr1","26119289","26119588","chr6","29948351","29948654","34","3829062"
"chr1","26151104","26151401","chr20","106619646","106619932","28","80468542"
"chr1","26170709","26170976","chr10","88097750","88098024","49","61927041"
"chr1","26181460","26181726","chr12","80534383","80534662","40","54352923"
"chr1","26196836","26197128","chrX","38341389","38341678","36","12144553"
"chr1","26222454","26222759","chr16","60545204","60545511","35","34322750"
"chr1","26227705","26228004","chr20","106548704","106549001","26","80320999"
"chr1","26235661","26235961","chr20","106544209","106544507","27","80308548"
"chr1","26237570","26237876","chr20","102069946","102070249","30","75832376"
"chr1","26238195","26238362","chr5","54571338","54571510","33","28333143"
"chr1","26238689","26238981","chr20","106541305","106541601","50","80302616"
"chr1","26244286","26244589","chr20","106535555","106535863","29","80291269"
"chr1","26256875","26257177","chr26","2668803","2669103","37","23588072"
"chr1","26257946","26258236","chr20","106521584","106521880","24","80263638"
"chr1","26266617","26266919","chr1","19453527","19453824","42","6813090"
"chr1","26271407","26271689","chr20","12810127","12810420","43","13461280"
"chr1","26307860","26308152","chrX","63893827","63894117","41","37585967"
"chr1","26343217","26343536","chr7","85378550","85378870","37","59035333"
"chr1","26357478","26357765","chr20","105295676","105295962","44","78938198"
"chr1","26402250","26402493","chr9","61704066","61704306","42","35301816"
"chr1","26403839","26404147","chr20","106374602","106374912","34","79970763"
"chr1","26418752","26419063","chr7","131947263","131947571","34","105528511"
"chr1","26428463","26428761","chr15","64630867","64631162","34","38202404"
"chr1","26436533","26436842","chr20","106344079","106344388","34","79907546"
"chr1","26440332","26440629","chr4","82598189","82598494","42","56157857"
"chr1","26446792","26447103","chr20","106333838","106334156","28","79887046"
"chr1","26451694","26451995","chr20","106324337","106324639","24","79872643"
"chr1","26458510","26458801","chr20","106328200","106328489","32","79869690"
"chr1","26461866","26462177","chr10","92144255","92144566","43","65682389"
"chr1","26468213","26468502","chr20","106309923","106310214","22","79841710"
"chr1","26471205","26471514","chr15","53643506","53643815","37","27172301"
"chr1","26493468","26493772","chr20","106276914","106277217","38","79783446"
"chr1","26494463","26494741","chr11","118168788","118169077","37","91674325"
"chr1","26494742","26495038","chr3","78270252","78270545","30","51775510"
"chr1","26496198","26496506","chr20","106278601","106278918","34","79782403"
"chr1","26503710","26504020","chr20","106269716","106270014","40","79766006"
"chr1","26508613","26508862","chr9","61704066","61704306","54","35195453"
"chr1","26518366","26518645","chr20","106253853","106254136","22","79735487"
"chr1","26572538","26572829","chr1","44577431","44577721","38","18004893"
"chr1","26581450","26581746","chr13","79595987","79596282","29","53014537"
"chr1","26597339","26597648","chr20","102069946","102070249","41","75472607"
"chr1","26605289","26605594","chr20","106162169","106162465","37","79556880"
"chr1","26643902","26644203","chr28","19188684","19188984","26","7455218"
"chr1","26647615","26647887","chr19","24923643","24923933","49","1723972"
"chr1","26649627","26649927","chr16","45636697","45636993","34","18987070"
"chr1","26654268","26654551","chr20","106114665","106114939","34","79460397"
"chr1","26655489","26655775","chr20","106118004","106118293","33","79462515"
"chr1","26657321","26657615","chr20","106107114","106107409","22","79449793"
"chr1","26665189","26665489","chr17","30177104","30177404","34","3511915"
"chr1","26671871","26672172","chr17","32380275","32380577","37","5708404"
"chr1","26673200","26673501","chr1","62642176","62642473","35","35968976"
"chr1","26677187","26677460","chr20","106084317","106084589","18","79407130"
"chr1","26682377","26682686","chr25","71792921","71793226","43","45110544"
"chr1","26684167","26684477","chr20","106091219","106091529","22","79407052"
"chr1","26686479","26686776","chr20","106080979","106081278","24","79394500"
"chr1","26692098","26692316","chr17","35304405","35304617","38","8612307"
"chr1","26692492","26692711","chr17","38823537","38823742","45","12131045"
"chr1","26694781","26695031","chr10","119001603","119001865","43","92306822"
"chr1","26696135","26696401","chr20","106072025","106072285","24","79375890"
"chr1","26712422","26712717","chr21","56674354","56674647","38","29961932"
"chr1","26721744","26722037","chr12","80083509","80083803","41","53361765"
"chr1","26743684","26744003","chr3","12309911","12310239","43","14433773"
"chr1","26746983","26747273","chr24","58969379","58969670","36","32222396"
"chr1","26755708","26756022","chr2","39182421","39182732","44","12426713"
"chr1","26779940","26780231","chr20","105993151","105993450","32","79213211"
"chr1","26787693","26787822","chr20","105985903","105986038","16","79198210"
"chr1","26788680","26788835","chr14","86617701","86617856","28","59829021"
"chr1","26813559","26813854","chr1","17209917","17210213","36","9603642"
"chr1","26816468","26816653","chr10","33376506","33376682","35","6560038"
"chr1","26823828","26824126","chr5","50489073","50489372","36","23665245"
"chr1","26824711","26825003","chr13","65519675","65519978","46","38694964"
"chr1","26846081","26846390","chr20","105922560","105922864","36","79076479"
"chr1","26870955","26871246","chr6","7506115","7506404","35","19364840"
"chr1","26886301","26886609","chr20","105878428","105878725","35","78992127"
"chr1","26907308","26907588","chr5","102567","102846","26","26804741"
"chr1","26915149","26915452","chr20","105851259","105851564","24","78936110"
"chr1","26926054","26926334","chr20","105840024","105840313","34","78913970"
"chr1","26933757","26934047","chr9","12277347","12277641","31","14656410"
"chr1","26937576","26937888","chr8","10801167","10801476","33","16136409"
"chr1","26955706","26956020","chr7","60493300","60493612","34","33537594"
"chr1","26975455","26975762","chr20","105777571","105777877","31","78802116"
"chr1","26986024","26986333","chr14","42323074","42323376","43","15337050"
"chr1","26990708","26990900","chr17","61455198","61455393","26","34464490"
"chr1","26996295","26996604","chr10","2407556","2407863","30","24588739"
"chr1","27000936","27001221","chr13","87401113","87401403","46","60400177"
"chr1","27012469","27012767","chr11","51657791","51658091","37","24645322"
"chr1","27021750","27022055","chr20","110792876","110793177","42","83771126"
"chr1","27022937","27023241","chr20","105749046","105749353","34","78726109"
"chr1","27028290","27028599","chr20","105743905","105744213","23","78715615"
"chr1","27030300","27030601","chr16","62764099","62764400","36","35733799"
"chr1","27046601","27046900","chr20","105723697","105723992","34","78677096"
"chr1","27048930","27049244","chrX","110185329","110185637","48","83136399"
"chr1","27049724","27050007","chr9","15471751","15472038","43","11577973"
"chr1","27065339","27065647","chr28","3649580","3649890","30","23415759"
"chr1","27068789","27069082","chr20","105702635","105702931","17","78633846"
"chr1","27070452","27070757","chr20","105701219","105701522","30","78630767"
"chr1","27077641","27077944","chr2","42586306","42586608","35","15508665"
"chr1","27084925","27085226","chr20","105692436","105692747","24","78607511"
"chr1","27094201","27094500","chr8","7114217","7114516","32","19979984"
"chr1","27095455","27095755","chr20","105675944","105676246","29","78580489"
"chr1","27097487","27097794","chr6","37744092","37744389","38","10646605"
"chr1","27107281","27107586","chr16","1717813","1718121","28","25389468"
"chr1","27120121","27120438","chr3","26775393","26775708","53","344728"
"chr1","27126091","27126384","chr6","17534533","17534818","40","9591558"
"chr1","27129666","27129978","chr14","82794681","82794991","33","55665015"
"chr1","27153476","27153811","chr4","14352043","14352367","48","12801433"
"chr1","27167395","27167620","chr11","124263168","124263380","42","97095773"
"chr1","27170566","27170800","chr9","61704066","61704306","52","34533500"
"chr1","27172301","27172622","chr14","69025921","69026251","40","41853620"
"chr1","27178595","27178892","chrX","110056283","110056581","35","82877688"
"chr1","27179996","27180324","chr14","51850819","51851139","39","24670823"
"chr1","27180422","27180726","chr20","105601138","105601441","27","78420716"
"chr1","27203672","27203975","chr5","57857640","57857947","40","30653968"
"chr1","27206947","27207239","chr1","125256913","125257202","31","98049966"
"chr1","27212116","27212422","chr19","12346162","12346462","37","14865954"
"chr1","27215880","27216184","chr20","105573913","105574222","36","78358033"
"chr1","27218051","27218332","chr16","67535285","67535559","46","40317234"
"chr1","27242418","27242728","chr20","105548880","105549184","31","78306462"
"chr1","27245576","27245879","chr9","29774917","29775219","30","2529341"
"chr1","27246084","27246372","chr22","14601679","14601969","35","12644405"
"chr1","27250849","27251061","chr20","105538182","105538395","13","78287333"
"chr1","27274181","27274404","chr20","105513946","105514177","24","78239765"
"chr1","27291917","27292225","chr20","105494456","105494767","18","78202539"
"chr1","27340019","27340292","chr16","26499436","26499719","45","840583"
"chr1","27340807","27341100","chr21","99833502","99833794","42","72492695"
"chr1","27353500","27353814","chrX","110056283","110056581","54","82702783"
"chr1","27375678","27375976","chr20","105417402","105417703","25","78041724"
"chr1","27376159","27376463","chrX","80468072","80468375","40","53091913"
"chr1","27391665","27391834","chr9","57624793","57624958","34","30233128"
"chr1","27402091","27402397","chr10","110661024","110661327","28","83258933"
"chr1","27424996","27425188","chr20","105372142","105372331","20","77947146"
"chr1","27426092","27426211","chr9","84870486","84870599","24","57444394"
"chr1","27426896","27427083","chr5","4271859","4272053","40","23155037"
"chr1","27427799","27428089","chr8","8033505","8033795","34","19394294"
"chr1","27456733","27457039","chr11","103910495","103910801","32","76453762"
"chr1","27460148","27460450","chr28","8356903","8357207","35","19103245"
"chr1","27463987","27464301","chr20","105336984","105337296","40","77872997"
"chr1","27488295","27488629","chr13","38298539","38298847","58","10810244"
"chr1","27509488","27509790","chr1","5710739","5711040","46","21798749"
"chr1","27518152","27518453","chr21","71246957","71247256","38","43728805"
"chr1","27584930","27585229","chr20","105213353","105213657","21","77628423"
"chr1","27589556","27589816","chr20","105208435","105208713","43","77618879"
"chr1","27591540","27591716","chr10","33376506","33376682","26","5784966"
"chr1","27620115","27620416","chr20","105177376","105177677","37","77557261"
"chr1","27625869","27626175","chr20","105171702","105172009","35","77545833"
"chr1","27638822","27639154","chr7","85378550","85378870","42","57739728"
"chr1","27647903","27648213","chr20","105149310","105149629","26","77501407"
"chr1","27649355","27649663","chr20","105147850","105148171","36","77498495"
"chr1","27654255","27654546","chr16","4612111","4612397","34","23042144"
"chr1","27660245","27660543","chr20","105137476","105137785","32","77477231"
"chr1","27663761","27664072","chr5","26410686","26410992","31","1253075"
"chr1","27670218","27670412","chr21","74242547","74242734","23","46572329"
"chr1","27671106","27671395","chr20","105126282","105126571","19","77455176"
"chr1","27690028","27690351","chr20","105109754","105110064","35","77419726"
"chr1","27691000","27691309","chr20","105108821","105109125","27","77417821"
"chr1","27712576","27712842","chr6","50803622","50803895","55","23091046"
"chr1","27730863","27731178","chr20","105071223","105071527","34","77340360"
"chr1","27740878","27741183","chr20","105062031","105062346","36","77321153"
"chr1","27763998","27764273","chr20","105038178","105038456","31","77274180"
"chr1","27772996","27773207","chr17","35304405","35304617","27","7531409"
"chr1","27787940","27788241","chr25","71792921","71793226","32","44004981"
"chr1","27803826","27804128","chr20","104998540","104998837","25","77194714"
"chr1","27806903","27807204","chr19","28700662","28700965","30","893759"
"chr1","27809638","27809952","chr5","26410686","26410992","43","1398952"
"chr1","27819540","27819833","chr20","104983303","104983594","35","77163763"
"chr1","27822412","27822641","chr20","104980509","104980729","28","77158097"
"chr1","27847900","27848199","chr20","104957079","104957388","29","77109179"
"chr1","27852861","27853170","chr20","104951991","104952304","25","77099130"
"chr1","27855885","27856186","chr2","58987877","58988180","27","31131992"
"chr1","27862075","27862370","chr14","83453212","83453508","29","55591137"
"chr1","27871227","27871520","chr16","5899471","5899766","37","21971756"
"chr1","27871593","27871788","chr25","72060311","72060505","27","44188718"
"chr1","27872310","27872614","chr14","45207838","45208137","37","17335528"
"chr1","27881837","27882148","chr20","104921716","104922019","32","77039879"
"chr1","27884757","27885022","chr20","104919228","104919487","22","77034471"
"chr1","27889077","27889369","chr20","104914973","104915265","24","77025896"
"chr1","27906473","27906649","chr20","104897950","104898121","18","76991477"
"chr1","27922056","27922351","chr20","104885076","104885370","31","76963020"
"chr1","27928806","27929115","chr1","69270593","69270902","51","41341787"
"chr1","27929844","27930149","chr20","104880650","104880957","27","76950806"
"chr1","27935128","27935442","chr13","12060804","12061112","40","15874324"
"chr1","27936253","27936551","chr20","92192486","92192788","41","64256233"
"chr1","27939894","27940055","chr9","57624793","57624958","21","29684899"
"chr1","27959374","27959606","chr14","4267909","4268136","43","23691465"
"chr1","27962348","27962655","chr10","11013706","11014010","45","16948642"
"chr1","27983532","27983843","chr20","104839624","104839933","20","76856092"
"chr1","27994239","27994526","chr20","104828927","104829214","24","76834688"
"chr1","27997819","27998116","chr3","76925240","76925540","40","48927421"
"chr1","28035169","28035468","chr20","104789480","104789783","20","76754311"
"chr1","28037936","28038221","chr20","104786267","104786549","23","76748331"
"chr1","28049559","28049852","chr16","53211576","53211865","33","25162017"
"chr1","28083449","28083767","chr20","104735419","104735727","29","76651970"
"chr1","28084945","28085245","chr10","124515532","124515831","33","96430587"
"chr1","28085591","28085888","chr11","101723485","101723782","23","73637894"
"chr1","28105559","28105846","chr20","104718400","104718693","32","76612841"
"chr1","28107301","28107605","chr20","104716347","104716646","28","76609046"
"chr1","28128064","28128360","chr20","104698063","104698351","23","76569999"
"chr1","28130950","28131255","chr15","19630370","19630676","34","8500580"
"chr1","28156196","28156475","chr6","12209664","12209945","39","15946532"
"chr1","28157714","28158014","chr20","104664794","104665103","31","76507080"
"chr1","28161375","28161681","chr20","104661176","104661474","42","76499801"
"chr1","28169297","28169589","chr11","124110805","124111099","27","95941508"
"chr1","28177312","28177621","chr20","104642112","104642412","26","76464800"
"chr1","28181150","28181444","chr6","8955606","8955900","30","19225544"
"chr1","28182396","28182693","chr16","70641087","70641385","45","42458691"
"chr1","28210392","28210646","chr20","104611199","104611456","26","76400807"
"chr1","28225186","28225474","chr20","104597575","104597859","17","76372389"
"chr1","28237737","28238035","chr5","27172890","27173193","46","1064847"
"chr1","28245181","28245471","chr20","104579997","104580284","27","76334816"
"chr1","28258157","28258455","chr20","104565383","104565679","24","76307226"
"chr1","28262702","28263010","chr20","104558707","104559006","34","76296005"
"chr1","28274296","28274439","chr22","58410061","58410232","51","30135765"
"chr1","28294077","28294365","chr1","32350047","32350343","33","4055970"
"chr1","28303984","28304278","chr20","104518471","104518769","29","76214487"
"chr1","28308293","28308580","chr20","104513975","104514264","28","76205682"
"chr1","28308882","28309184","chr15","64630867","64631162","43","36321985"
"chr1","28310097","28310390","chr25","72766164","72766457","36","44456067"
"chr1","28312609","28312910","chr20","104511720","104512021","25","76199111"
"chr1","28319422","28319697","chr20","104504567","104504842","20","76185145"
"chr1","28324389","28324677","chr15","9666120","9666400","35","18658269"
"chr1","28330071","28330365","chr1","110095072","110095367","39","81765001"
"chr1","28335231","28335523","chr16","5899471","5899766","34","22435760"
"chr1","28344214","28344509","chr1","17476199","17476497","36","10868015"
"chr1","28367816","28368055","chr6","38726815","38727053","27","10358999"
"chr1","28382985","28383297","chr1","111098831","111099141","40","82715846"
"chr1","28400979","28401290","chr16","63790716","63791027","34","35389737"
"chr1","28406860","28407162","chr11","431036","431329","38","27975824"
"chr1","28411121","28411413","chr20","104419895","104420175","32","76008774"
"chr1","28416062","28416362","chr9","71271639","71271940","35","42855577"
"chr1","28430538","28430841","chr20","104403907","104404202","29","75973369"
"chr1","28433510","28433812","chr6","15626071","15626376","24","12807439"
"chr1","28434908","28435150","chr9","57317846","57318089","31","28882938"
"chr1","28440431","28440736","chr7","131362595","131362894","41","102922164"
"chr1","28443466","28443789","chr20","104388117","104388422","34","75944651"
"chr1","28447599","28447923","chr20","104383645","104383969","32","75936046"
"chr1","28448537","28448696","chr23","79838641","79838798","31","51390104"
"chr1","28455417","28455711","chr11","120526163","120526460","32","92070746"
"chr1","28463185","28463493","chr20","104371958","104372266","29","75908773"
"chr1","28472726","28472908","chr28","6585203","6585389","44","21887523"
"chr1","28477857","28478029","chr20","104360355","104360533","21","75882498"
"chr1","28480036","28480331","chrX","22428011","22428306","34","6052025"
"chr1","28485394","28485638","chr9","61704066","61704306","56","33218672"
"chr1","28491243","28491517","chr19","19658836","19659113","37","8832407"
"chr1","28491921","28492199","chr11","60800868","60801141","39","32308947"
"chr1","28492775","28493066","chr20","104333201","104333490","27","75840426"
"chr1","28495691","28495989","chr20","104354217","104354511","27","75858526"
"chr1","28503599","28503902","chr20","104330129","104330443","37","75826530"
"chr1","28510695","28510996","chr20","104315867","104316165","29","75805172"
"chr1","28532193","28532496","chr20","104299760","104300063","32","75767567"
"chr1","28535042","28535337","chr5","145738","146035","30","28389304"
"chr1","28543284","28543588","chr6","12064154","12064463","40","16479130"
"chr1","28558657","28558962","chrX","80468072","80468375","32","51909415"
"chr1","28561279","28561580","chr20","104265234","104265531","28","75703955"
"chr1","28579285","28579573","chr20","104249403","104249693","20","75670118"
"chr1","28583548","28583861","chr20","104247714","104248019","41","75664166"
"chr1","28594594","28594831","chr9","61704066","61704306","40","33109472"
"chr1","28606334","28606627","chr13","68788394","68788684","40","40182060"
"chr1","28615503","28615823","chr18","33804011","33804322","34","5188508"
"chr1","28626637","28626954","chr24","68493352","68493655","48","39866715"
"chr1","28637641","28637947","chr8","13668335","13668638","74","14969306"
"chr1","28640737","28641020","chr20","104200202","104200483","32","75559465"
"chr1","28645597","28645889","chr2","26105528","26105816","39","2540069"
"chr1","28653460","28653746","chr28","13955354","13955641","42","14698106"
"chr1","28658696","28658989","chr11","96978397","96978692","29","68319701"
"chr1","28666874","28667099","chr4","60377559","60377772","46","31710685"
"chr1","28667519","28667817","chr20","104176986","104177280","35","75509467"
"chr1","28689086","28689388","chr20_KE148049v1_random","803204","803511","36","27885882"
"chr1","28690197","28690450","chr10","87553092","87553358","38","58862895"
"chr1","28701125","28701421","chr1","48529388","48529686","43","19828263"
"chr1","28734280","28734574","chr8","9993389","9993689","33","18740891"
"chr1","28746612","28746912","chr8","7114217","7114516","29","21632395"
"chr1","28749037","28749194","chr9","95134969","95135113","28","66385932"
"chr1","28749248","28749460","chr7","133981713","133981925","39","105232465"
"chr1","28761306","28761609","chr8","7114217","7114516","30","21647089"
"chr1","28769228","28769544","chr11","40089572","40089882","69","11320344"
"chr1","28774407","28774718","chr20","104085916","104086226","21","75311509"
"chr1","28779963","28780270","chr27","12696735","12697042","40","16083228"
"chr1","28792176","28792473","chr10","113390916","113391227","56","84598740"
"chr1","28799339","28799649","chr16","71492061","71492369","36","42692722"
"chr1","28799889","28800183","chr6","7506115","7506404","41","21293774"
"chr1","28822421","28822741","chr20","104034260","104034565","59","75211839"
"chr1","28826913","28827195","chr18","56358910","56359195","35","27531997"
"chr1","28837226","28837529","chr4","33920932","33921234","38","5083706"
"chr1","28838846","28839155","chr20","104021354","104021655","37","75182508"
"chr1","28842141","28842429","chr29","3564540","3564826","46","25277601"
"chr1","28842715","28843004","chr20","129475808","129476102","34","100633093"
"chr1","28846862","28847116","chr16","7193790","7194053","46","21653072"
"chr1","28858238","28858545","chr20","104007216","104007527","29","75148978"
"chr1","28881169","28881480","chr20","103984129","103984440","21","75102960"
"chr1","28892714","28893022","chr20","103973020","103973345","32","75080306"
"chr1","28897294","28897577","chr7","14303673","14303958","43","14593621"
"chr1","28898531","28898788","chr4","84047509","84047762","28","55148978"
"chr1","28912164","28912461","chr22","30066920","30067218","31","1154756"
"chr1","28927772","28928065","chr20","103939497","103939785","33","75011725"
"chr1","28930438","28930736","chr5","13009412","13009708","26","15921026"
"chr1","28933019","28933293","chr15","8279347","8279621","36","20653672"
"chr1","28935217","28935533","chr19","32418463","32418774","37","3483246"
"chr1","28942728","28943059","chrX","127157617","127157945","40","98214889"
"chr1","28945166","28945381","chr11","124263168","124263380","61","95318002"
"chr1","28954642","28954950","chr5","73064304","73064612","33","44109662"
"chr1","28956459","28956766","chr5","26410686","26410992","41","2545773"
"chr1","28958952","28959263","chr3","390926","391232","34","28568026"
"chr1","28962181","28962470","chr20","103906755","103907042","38","74944574"
"chr1","28992463","28992754","chr20","103880349","103880650","28","74887886"
"chr1","28993383","28993678","chr11","96978397","96978692","30","67985014"
"chr1","29012264","29012564","chr20","115245212","115245514","39","86232948"
"chr1","29022298","29022600","chr20","103857929","103858229","28","74835631"
"chr1","29024391","29024698","chr20","103855982","103856290","24","74831591"
"chr1","29034699","29034977","chr20","103839281","103839568","28","74804582"
"chr1","29038857","29039152","chr20","103834960","103835261","30","74796103"
"chr1","29041506","29041788","chr10","115472166","115472447","38","86430660"
"chr1","29041892","29042183","chr20","103831918","103832218","30","74790026"
"chr1","29057338","29057594","chr19","27008157","27008419","36","2049181"
"chr1","29063589","29063885","chr20","103809556","103809852","16","74745967"
"chr1","29064678","29064920","chr20","103808546","103808776","26","74743868"
"chr1","29090904","29091179","chr20","103781291","103781562","19","74690387"
"chr1","29105186","29105495","chr7","12027897","12028208","34","17077289"
"chr1","29109751","29110026","chr20","103764200","103764475","27","74654449"
"chr1","29110578","29110866","chr20","103763674","103763957","30","74653096"
"chr1","29129975","29130270","chr20","103744456","103744750","25","74614481"
"chr1","29137130","29137432","chr20","103737220","103737523","31","74600090"
"chr1","29140149","29140457","chrX","20484672","20484980","38","8655477"
"chr1","29161323","29161619","chr3","59059643","59059942","42","29898320"
"chr1","29170805","29171101","chr20","103706786","103707070","34","74535981"
"chr1","29216603","29216947","chr27","8066759","8067109","67","21149844"
"chr1","29219028","29219224","chr20","103664209","103664412","20","74445181"
"chr1","29232854","29233155","chr20","103650326","103650622","26","74417472"
"chr1","29237794","29238092","chr20","103645407","103645711","30","74407613"
"chr1","29242442","29242747","chr14","14997912","14998214","23","14244530"
"chr1","29249094","29249388","chr20","103635423","103635719","16","74386329"
"chr1","29251744","29252049","chr5","59743438","59743749","43","30491694"
"chr1","29259846","29260156","chr20","8592469","8592775","36","20667377"
"chr1","29273109","29273416","chr20","103610877","103611184","39","74337768"
"chr1","29277568","29277858","chr20","103606114","103606406","22","74328546"
"chr1","29290545","29290841","chr9","33958924","33959219","33","4668379"
"chr1","29323194","29323503","chr20","103559981","103560281","32","74236787"
"chr1","29337530","29337833","chr9","17540070","17540370","34","11797460"
"chr1","29338236","29338549","chr20","103546274","103546582","34","74208038"
"chr1","29356357","29356651","chr15","64630867","64631162","31","35274510"
"chr1","29357277","29357592","chr20","103525799","103526096","36","74168522"
"chr1","29405611","29405914","chr20","103478819","103479130","24","74073208"
"chr1","29508228","29508534","chr20","70980785","70981092","32","41472557"
"chr1","29587509","29587789","chr12","25234898","25235188","43","4352611"
"chr1","29715463","29715777","chr20","103189857","103190181","36","73474394"
"chr1","29843678","29843973","chr20","103056262","103056554","23","73212584"
"chr1","29887448","29887740","chr1","48085160","48085453","36","18197712"
"chr1","29941948","29942235","chr7","135458546","135458832","33","105516598"
"chr1","29948300","29948598","chr20","102946482","102946790","30","72998182"
"chr1","29966912","29967229","chr2","39182421","39182732","43","9215509"
"chr1","29986572","29986883","chr20","102910704","102911005","34","72924132"
"chr1","30269095","30269382","chr20","102637864","102638167","43","72368769"
"chr1","30343922","30344232","chr16","48376572","48376877","36","18032650"
"chr1","30478598","30478899","chr3","79749884","79750184","33","49271286"
"chr1","30603000","30603269","chr20","102312989","102313258","33","71709989"
"chr1","30658718","30658982","chr19","25889845","25890111","38","4768873"
"chr1","30759298","30759600","chr8","7114217","7114516","39","23645081"
"chr1","30867964","30868254","chr15","5228906","5229201","31","25639058"
"chr1","30877869","30878176","chr20","102041821","102042123","36","71163952"
"chr1","30914523","30914793","chr8","66383686","66383950","43","35469163"
"chr1","30922682","30922965","chr20","102011467","102011747","26","71088785"
"chr1","30963897","30964204","chr11","101859416","101859717","37","70895519"
"chr1","31002289","31002585","chr20","101935773","101936079","31","70933484"
"chr1","31024859","31025156","chr3","23511384","23511684","38","7513475"
"chr1","31027515","31027810","chrX_KE148108v1_random","4279298","4279596","41","26748217"
"chr1","31037366","31037672","chr20","101903586","101903903","38","70866220"
"chr1","31075677","31075961","chr11","116632097","116632374","42","85556420"
"chr1","31077806","31078105","chr12","2749119","2749414","41","28328687"
"chr1","31089632","31089935","chr11","4218040","4218344","35","26871592"
"chr1","31114763","31115041","chr16","58589320","58589595","36","27474557"
"chr1","31133417","31133715","chr20_KE148049v1_random","803204","803511","40","30330213"
"chr1","31140751","31141028","chr20","101802333","101802610","28","70661582"
"chr1","31148584","31148883","chr20","101794964","101795263","40","70646380"
"chr1","31153616","31153900","chr6","49405207","49405489","28","18251591"
"chr1","31161901","31162202","chr17","36064711","36065014","30","4902810"
"chr1","31164635","31164919","chr20","101779555","101779839","24","70614920"
"chr1","31172086","31172390","chr19","9514256","9514567","48","21657830"
"chr1","31180774","31181083","chr20","101763696","101763994","30","70582922"
"chr1","31185626","31185912","chr5","102567","102846","39","31083059"
"chr1","31191609","31191910","chr20","101754511","101754822","33","70562902"
"chr1","31199959","31200258","chr20","101745582","101745885","24","70545623"
"chr1","31215577","31215866","chr6","34101075","34101359","45","2885498"
"chr1","31217313","31217624","chr17","28541132","28541438","40","2676181"
"chr1","31219788","31220059","chr1","5539399","5539680","41","25680389"
"chr1","31221130","31221435","chr20","101722839","101723153","31","70501709"
"chr1","31226393","31226706","chr20","101717798","101718111","31","70491405"
"chr1","31228812","31229099","chr20","101715470","101715754","31","70486658"
"chr1","31230498","31230806","chr20","101713798","101714099","27","70483300"
"chr1","31232549","31232861","chr20","101711974","101712288","34","70479425"
"chr1","31240980","31241266","chr16","59525991","59526277","39","28285011"
"chr1","31242610","31242825","chr20_KE148049v1_random","701086","701300","38","30541524"
"chr1","31245310","31245469","chr11","31459088","31459250","20","213778"
"chr1","31260908","31261202","chr1","93884244","93884538","35","62623336"
"chr1","31263014","31263325","chr2","24964078","24964383","42","6298936"
"chr1","31263791","31264121","chr2","20077811","20078111","58","11185980"
"chr1","31277045","31277334","chr2","90078125","90078416","37","58801080"
"chr1","31280853","31281150","chr20","101670061","101670364","23","70389208"
"chr1","31287292","31287554","chr20","101664766","101665036","24","70377474"
"chr1","31303537","31303852","chr20","101649510","101649825","21","70345973"
"chr1","31308618","31308920","chr28","4525040","4525344","37","26783578"
"chr1","31311005","31311311","chr28","19866437","19866742","33","11444568"
"chr1","31317024","31317325","chr15","49169925","49170222","31","17852901"
"chr1","31318584","31318741","chr11","31459088","31459250","29","140504"
"chr1","31323963","31324265","chr20","101629461","101629757","34","70305498"
"chr1","31334362","31334668","chr12","97780754","97781065","36","66446392"
"chr1","31338065","31338355","chr8","7114217","7114516","40","24223848"
"chr1","31373719","31374038","chr20","101578237","101578575","46","70204518"
"chr1","31397954","31398257","chr20","101553121","101553419","29","70155167"
"chr1","31404805","31405092","chr14","18842162","18842445","39","12562643"
"chr1","31417154","31417464","chr1","24146456","24146749","51","7270698"
"chr1","31420303","31420625","chr6","3914448","3914765","65","27505855"
"chr1","31427791","31428098","chr5","26410686","26410992","37","5017105"
"chr1","31446600","31446765","chr15","59523066","59523233","17","28076466"
"chr1","31456273","31456558","chr20","101494934","101495235","34","70038661"
"chr1","31472422","31472744","chrX","11228558","11228867","57","20243864"
"chr1","31488422","31488714","chr20","101462440","101462738","32","69974018"
"chr1","31492411","31492705","chr20","101458173","101458459","30","69965762"
"chr1","31493990","31494277","chr20","101456598","101456877","33","69962608"
"chr1","31503007","31503173","chr9","57624793","57624958","33","26121786"
"chr1","31509322","31509635","chr9","87486235","87486545","32","55976913"
"chr1","31518802","31519030","chr11","124263168","124263380","55","92744366"
"chr1","31533292","31533573","chr25","26542450","26542736","45","4990842"
"chr1","31543270","31543572","chr2","89038227","89038524","44","57494957"
"chr1","31620523","31620828","chr8","10801167","10801476","34","20819356"
"chr1","31663147","31663414","chr2","32970830","32971092","42","1307683"
"chr1","31667190","31667500","chr20","101323910","101324212","33","69656720"
"chr1","31675008","31675224","chr20","101316083","101316310","25","69641075"
"chr1","31680400","31680676","chr11","60800868","60801141","33","29120468"
"chr1","31681244","31681543","chr20","101309999","101310305","35","69628755"
"chr1","31686806","31687084","chr16","58402495","58402776","34","26715689"
"chr1","31714777","31715050","chr21","71428637","71428910","44","39713860"
"chr1","31722999","31723287","chr20","101268241","101268535","27","69545242"
"chr1","31724937","31725246","chrX","111488159","111488465","37","79763222"
"chr1","31820666","31820958","chr24","67726643","67726935","32","35905977"
"chr1","31835691","31835983","chr20","101156960","101157252","34","69321269"
"chr1","31927401","31927698","chr16","823334","823630","27","31104067"
"chr1","31932104","31932273","chr20","101064196","101064358","16","69132092"
"chr1","31934743","31934991","chr3","24724286","24724542","42","7210457"
"chr1","31950013","31950307","chr20","101045383","101045678","28","69095370"
"chr1","31951653","31951953","chr8","7114217","7114516","36","24837436"
"chr1","32004618","32004928","chr20","105692436","105692747","40","73687818"
"chr1","32015325","32015632","chr20","100985118","100985418","24","68969793"
"chr1","32016502","32016809","chr20","100983304","100983614","29","68966802"
"chr1","32025752","32026063","chr20","100974358","100974672","35","68948606"
"chr1","32049100","32049403","chr14","78721427","78721729","35","46672327"
"chr1","32073701","32074012","chr20","100929049","100929354","36","68855348"
"chr1","32085498","32085789","chr11","96978397","96978692","38","64892899"
"chr1","32090865","32091161","chr20","100911765","100912050","37","68820900"
"chr1","32095823","32096048","chr11","124263168","124263380","47","92167345"
"chr1","32097396","32097692","chr20","100905175","100905480","33","68807779"
"chr1","32104070","32104364","chr15","64630867","64631162","39","32526797"
"chr1","32104691","32104991","chr9","87345833","87346141","39","55241142"
"chr1","32108905","32109216","chr20","100893974","100894284","19","68785069"
"chr1","32110981","32111269","chr12","8205568","8205855","31","23905413"
"chr1","32121076","32121361","chr25","78856788","78857085","43","46735712"
"chr1","32134241","32134522","chr9","88479924","88480205","35","56345683"
"chr1","32150590","32150892","chr11","116996357","116996659","39","84845767"
"chr1","32154801","32155097","chr20","100850768","100851062","25","68695967"
"chr1","32177975","32178287","chr20","87421994","87422303","33","55244019"
"chr1","32182667","32182969","chr6","50066742","50067036","32","17884075"
"chr1","32203418","32203720","chrX","3500980","3501276","38","28702438"
"chr1","32211563","32211860","chr20","100797677","100797971","21","68586114"
"chr1","32223067","32223356","chr20","100788165","100788460","26","68565098"
"chr1","32232274","32232547","chr20","100780309","100780580","23","68548035"
"chr1","32234045","32234348","chr20","100778412","100778715","23","68544367"
"chr1","32242482","32242775","chr1","109702096","109702383","32","77459614"
"chr1","32245809","32246118","chrX","50658355","50658656","42","18412546"
"chr1","32249090","32249377","chr20","100760827","100761113","24","68511737"
"chr1","32252332","32252635","chr20","100757880","100758183","23","68505548"
"chr1","32253886","32254154","chr12","11854690","11854958","39","20399196"
"chr1","32258387","32258567","chr12","105874032","105874218","40","73615645"
"chr1","32267922","32268119","chr7","15845768","15845962","41","16422154"
"chr1","32268120","32268441","chr1","66160866","66161170","58","33892746"
"chr1","32275545","32275846","chr11","113887832","113888133","34","81612287"
"chr1","32277542","32277755","chr3","6517513","6517738","41","25760029"
"chr1","32279495","32279804","chr27","40845363","40845670","39","8565868"
"chr1","32284292","32284604","chr15","54607338","54607650","39","22323046"
"chr1","32299875","32300185","chr20","100709018","100709325","33","68409143"
"chr1","32300476","32300776","chr16","61063438","61063741","30","28762962"
"chr1","32309752","32310041","chr14","42448880","42449163","48","10139128"
"chr1","32338040","32338335","chr15","17744524","17744825","41","14593516"
"chr1","32338362","32338664","chr20","100667968","100668265","33","68329606"
"chr1","32349543","32349849","chr4","81887952","81888253","36","49538409"
"chr1","32364714","32365012","chr6","6571989","6572284","35","25792725"
"chr1","32384481","32384660","chr20","100619886","100620065","20","68235405"
"chr1","32388306","32388591","chr3","6568314","6568605","41","25819992"
"chr1","32445412","32445701","chr7","111567460","111567746","36","79122048"
"chr1","32447190","32447485","chr16","60297818","60298113","43","27850628"
"chr1","32452176","32452487","chr10","44028544","44028854","35","11576368"
"chr1","32483167","32483476","chr20","100527986","100528297","29","68044819"
"chr1","32483744","32484054","chr11","2853447","2853759","33","29630297"
"chr1","32500090","32500230","chr9","3963321","3963467","22","28536769"
"chr1","32503863","32504155","chr20","100498866","100499159","35","67995003"
"chr1","32509276","32509370","chr21","15495836","15495932","32","17013440"
"chr1","32519766","32520075","chr10","88760771","88761072","35","56241005"
"chr1","32535985","32536286","chr26","18344490","18344794","31","14191495"
"chr1","32549710","32550016","chr7","129057998","129058302","38","96508288"
"chr1","32550711","32551026","chr10","57804652","57804971","49","25253941"
"chr1","32566337","32566571","chr12","1305004","1305238","30","31261333"
"chr1","32602647","32602907","chr12","87659407","87659670","49","55056760"
"chr1","32610579","32610883","chr20","100446585","100446892","30","67836006"
"chr1","32622429","32622731","chr6","30997655","30997960","43","1624774"
"chr1","32639467","32639781","chr11","105927134","105927436","41","73287667"
"chr1","32640059","32640329","chr19","21902098","21902368","56","10737961"
"chr1","32641920","32642223","chr20","100406992","100407292","42","67765072"
"chr1","32654687","32654994","chr20","100396609","100396917","30","67741922"
"chr1","32672686","32672985","chr20","100376391","100376700","31","67703705"
"chr1","32688215","32688527","chr11","58287927","58288240","39","25599712"
"chr1","32690093","32690390","chr20","100364031","100364325","23","67673938"
"chr1","32702973","32703266","chr19","30057411","30057704","38","2645562"
"chr1","32703913","32704216","chr20","100350896","100351200","25","67646983"
"chr1","32710733","32711027","chr3","74119688","74119985","32","41408955"
"chr1","32721288","32721589","chr20","100334434","100334732","21","67613146"
"chr1","32724717","32725027","chr20","100330688","100330997","29","67605971"
"chr1","32725466","32725758","chr5","27267773","27268076","42","5457693"
"chr1","32731099","32731401","chr20","100323638","100323934","40","67592539"
"chr1","32731639","32731927","chr20","100322920","100323205","28","67591281"
"chr1","32736438","32736689","chr15","19656371","19656623","37","13080067"
"chr1","32739518","32739833","chr20","100314136","100314453","37","67574618"
"chr1","32740396","32740708","chrX","27030043","27030357","54","5710353"
"chr1","32747806","32748104","chr11","96978397","96978692","35","64230591"
"chr1","32748512","32748806","chr2","20386017","20386311","35","12362495"
"chr1","32756066","32756378","chr6","29397714","29398019","34","3358352"
"chr1","32762175","32762344","chr9","51694194","51694351","38","18932019"
"chr1","32770917","32771213","chr2","20386017","20386311","35","12384900"
"chr1","32785625","32785927","chr16","971647","971954","24","31813978"
"chr1","32786181","32786488","chr20","100270393","100270683","30","67484212"
"chr1","32800717","32801016","chr20","100254182","100254480","29","67453465"
"chr1","32809190","32809487","chr11","6429844","6430143","28","26379346"
"chr1","32812835","32813141","chr20","100241898","100242208","32","67429063"
"chr1","32818681","32818971","chr20","100235743","100236048","45","67417062"
"chr1","32829911","32830207","chrX","110056283","110056581","28","77226372"
"chr1","32830208","32830509","chr1","67026506","67026811","36","34196298"
"chr1","32834140","32834444","chr25","22686459","22686758","41","10147681"
"chr1","32838557","32838859","chr20","100214013","100214322","33","67375456"
"chr1","32839439","32839727","chr6","17534533","17534818","37","15304906"
"chr1","32842007","32842280","chr20","100210826","100211084","39","67368819"
"chr1","32848301","32848597","chr22","45835036","45835330","30","12986735"
"chr1","32853659","32853975","chr12","72753897","72754211","86","39900238"
"chr1","32854063","32854361","chr20","100199428","100199728","36","67345365"
"chr1","32860525","32860808","chr21","120792673","120792952","34","87932148"
"chr1","32865894","32866205","chr1","7174191","7174496","43","25691703"
"chr1","32875339","32875609","chr20","100180016","100180288","32","67304677"
"chr1","32894421","32894724","chr20","100165057","100165347","32","67270636"
"chr1","32895390","32895689","chr11","131206","131506","33","32764184"
"chr1","32898273","32898573","chr2","5061496","5061795","37","27836777"
"chr1","32924608","32924901","chr11","18884847","18885140","32","14039761"
"chr1","32936589","32936890","chr20","100122808","100123106","29","67186219"
"chr1","32955868","32956148","chr20","100103095","100103382","32","67147227"
"chr1","32964886","32965195","chr11","103910495","103910801","35","70945609"
"chr1","32972747","32973048","chr2","13355109","13355411","29","19617638"
"chr1","32981998","32982310","chr3","87592303","87592608","41","54610305"
"chr1","33022808","33022964","chr23","75203721","75203879","27","42180913"
"chr1","33025922","33026231","chr23","57317542","57317849","31","24291620"
"chr1","33028163","33028461","chr20","100026762","100027060","18","66998599"
"chr1","33029476","33029777","chr2","35702814","35703112","36","2673338"
"chr1","33036967","33037247","chr6","12275964","12276244","32","20761003"
"chr1","33037625","33037906","chr17","36295018","36295301","45","3257393"
"chr1","33094026","33094330","chr19","28700662","28700965","34","4393364"
"chr1","33095307","33095621","chr20","99960514","99960821","42","66865207"
"chr1","33109919","33110198","chr8","36776020","36776303","31","3666101"
"chr1","33110890","33111172","chr20","99945095","99945383","31","66834205"
"chr1","33128570","33128849","chr20","99929545","99929813","24","66800975"
"chr1","33136766","33137070","chr20_KE148049v1_random","803204","803511","36","32333562"
"chr1","33141184","33141476","chr20","99921066","99921365","33","66779882"
"chr1","33152815","33153128","chr8","50111525","50111836","30","16958710"
"chr1","33157165","33157467","chr20","99905055","99905363","26","66747890"
"chr1","33166773","33167067","chr20","99894993","99895288","31","66728220"
"chr1","33167979","33168104","chr26","24313975","24314096","22","8854004"
"chr1","33168735","33168908","chr6","13404877","13405046","21","19763858"
"chr1","33171697","33171995","chr20","99888613","99888917","32","66716916"
"chr1","33201169","33201466","chr20","99855898","99856189","43","66654729"
"chr1","33206400","33206680","chr20","99850815","99851116","48","66644415"
"chr1","33209395","33209692","chr20","92192486","92192788","28","58983091"
"chr1","33225429","33225738","chr20","7645196","7645499","43","25580233"
"chr1","33228021","33228313","chrX","26124189","26124481","31","7103832"
"chr1","33231023","33231322","chr20","99831580","99831886","22","66600557"
"chr1","33232508","33232802","chr20","99830092","99830397","31","66597584"
"chr1","33232812","33233122","chr20","99829790","99830085","37","66596978"
"chr1","33259627","33259914","chr10","88760771","88761072","38","55501144"
"chr1","33283332","33283624","chr20","99786107","99786406","35","66502775"
"chr1","33288463","33288756","chr10","84922779","84923072","34","51634316"
"chr1","33291872","33292187","chr2","20411746","20412057","45","12880126"
"chr1","33298726","33298951","chr6","29571079","29571306","35","3727647"
"chr1","33300045","33300331","chr12","8362268","8362558","39","24937777"
"chr1","33357018","33357306","chr20","99709367","99709657","28","66352349"
"chr1","33358749","33359053","chr7","128774533","128774838","37","95415784"
"chr1","33372382","33372677","chr20","99694496","99694786","29","66322114"
"chr1","33373680","33374000","chr20","99693153","99693473","24","66319473"
"chr1","33384931","33385241","chr20","99679095","99679403","23","66294164"
"chr1","33388558","33388871","chr18","34667385","34667694","43","1278827"
"chr1","33394450","33394758","chr20","99669152","99669461","34","66274702"
"chr1","33418866","33419163","chr27","47174935","47175234","38","13756069"
"chr1","33427511","33427840","chr7","119789649","119789968","46","86362138"
"chr1","33432559","33432874","chr20","99633453","99633745","41","66200894"
"chr1","33473853","33474164","chr20","99591879","99592188","22","66118026"
"chr1","33502472","33502771","chr16","46254269","46254566","35","12751797"
"chr1","33515082","33515377","chr1","103586917","103587220","38","70071835"
"chr1","33564549","33564837","chr7","96717213","96717495","38","63152664"
"chr1","33642974","33643279","chr20","99424333","99424642","29","65781359"
"chr1","33645115","33645441","chr20","99421865","99422187","52","65776750"
"chr1","33655667","33655970","chr14","46007317","46007617","29","12351650"
"chr1","33675202","33675505","chr19","19057898","19058202","40","14617304"
"chr1","33696184","33696491","chr12","7117943","7118250","33","26578241"
"chr1","33758668","33758964","chr20","123428247","123428546","37","89669579"
"chr1","33766774","33767061","chr20","99292978","99293264","29","65526204"
"chr1","33820300","33820498","chr20","99239540","99239748","24","65419240"
"chr1","33874888","33875164","chr20","99194914","99195190","27","65320026"
"chr1","34304431","34304735","chr20","98758543","98758851","34","64454112"
"chr1","34320567","34320861","chr20","98735754","98736031","37","64415187"
"chr1","34434311","34434577","chr5","60403345","60403611","36","25969034"
"chr1","34445553","34445863","chr20","98622037","98622334","36","64176484"
"chr1","34517564","34517616","chr16","66179408","66179464","14","31661844"
"chr1","34517946","34518128","chr6","540211","540390","25","33977735"
"chr1","34724514","34724817","chr11","41132071","41132370","47","6407557"
"chr1","34774739","34775043","chr26","23324859","23325162","36","11449880"
"chr1","34906739","34906910","chr12","13208200","13208368","23","21698539"
"chr1","34920896","34921207","chr3","8433096","8433406","40","26487800"
"chr1","34994351","34994673","chr20","98075382","98075692","30","63081031"
"chr1","35023572","35023866","chr20","98050653","98050944","30","63027081"
"chr1","35068032","35068289","chr6","1671331","1671585","45","33396701"
"chr1","35127617","35127920","chr20","97950719","97951018","24","62823102"
"chr1","35145937","35146237","chr20","97934468","97934767","21","62788531"
"chr1","35153097","35153384","chr20","97931317","97931607","35","62778220"
"chr1","35181448","35181761","chr3","92098202","92098513","40","56916754"
"chr1","35195742","35196000","chr28","11178465","11178737","49","24017277"
"chr1","35206682","35206979","chr11","96882851","96883147","34","61676169"
"chr1","35213934","35214228","chr20","97870856","97871133","29","62656922"
"chr1","35217043","35217336","chr20","97867946","97868233","27","62650903"
"chr1","35217862","35218153","chr20","97867126","97867416","27","62649264"
"chr1","35259152","35259456","chr20","97810646","97810954","39","62551494"
"chr1","35267720","35268030","chr23","22864793","22865102","34","12402927"
"chr1","35273448","35273759","chr15","1006069","1006378","39","34267379"
"chr1","35274740","35275021","chr20","97794410","97794710","35","62519670"
"chr1","35276635","35276928","chr20","97792514","97792816","40","62515879"
"chr1","35287825","35288130","chr20","97797043","97797344","25","62509218"
"chr1","35297241","35297545","chr14","78721427","78721729","39","43424186"
"chr1","35302464","35302768","chr20","97764159","97764459","30","62461695"
"chr1","35307354","35307658","chrX","43647788","43648090","37","8340434"
"chr1","35308881","35309179","chr7","37298478","37298772","32","1989597"
"chr1","35313720","35313964","chr20","40465924","40466168","39","5152204"
"chr1","35316127","35316414","chr20","97752287","97752589","44","62436160"
"chr1","35347370","35347679","chr25","57517124","57517426","59","22169754"
"chr1","35349751","35350041","chr11","89537909","89538199","36","54188158"
"chr1","35352291","35352599","chr11","4422956","4423267","31","30929335"
"chr1","35352939","35353234","chr4","52351346","52351638","31","16998407"
"chr1","35355858","35356166","chr20","97735778","97736084","28","62379920"
"chr1","35356212","35356487","chr9","15237743","15238010","46","20118469"
"chr1","35359177","35359486","chr1","1099833","1100138","33","34259344"
"chr1","35370158","35370414","chr20","97719379","97719639","25","62349221"
"chr1","35397915","35398226","chr8","10801167","10801476","33","24596748"
"chr1","35405265","35405573","chr4","81887952","81888253","34","46482687"
"chr1","35406548","35406851","chr20","97683697","97683999","27","62277149"
"chr1","35410999","35411308","chr20","97672629","97672931","25","62261630"
"chr1","35415422","35415730","chr5","26410686","26410992","49","9004736"
"chr1","35421242","35421539","chr20","97664408","97664710","28","62243166"
"chr1","35422450","35422749","chr20","97663199","97663498","21","62240749"
"chr1","35423002","35423295","chrX","26973506","26973794","36","8449496"
"chr1","35427614","35427882","chr20","97658125","97658390","30","62230511"
"chr1","35429415","35429726","chr20","119699062","119699372","38","84269647"
"chr1","35432623","35432913","chr20","97652993","97653292","27","62220370"
"chr1","35467532","35467847","chrUn_KE147541v1","682879","683177","53","34784653"
"chr1","35490604","35490894","chr12","25234898","25235188","39","10255706"
"chr1","35499408","35499702","chr20","97585926","97586227","30","62086518"
"chr1","35520619","35520930","chr25","25629089","25629399","34","9891530"
"chr1","35529133","35529442","chr26","18344490","18344794","45","17184643"
"chr1","35532841","35533138","chr10","104815952","104816251","46","69283111"
"chr1","35535247","35535543","chr20","7645196","7645499","37","27890051"
"chr1","35548213","35548514","chr20","97531917","97532226","35","61983704"
"chr1","35553021","35553324","chr20","97527113","97527420","26","61974092"
"chr1","35561454","35561727","chr20","97518451","97518741","36","61956997"
"chr1","35566984","35567262","chr13","15175027","15175318","40","20391957"
"chr1","35582004","35582297","chr11","96978397","96978692","40","61396393"
"chr1","35584392","35584706","chr15","2179586","2179899","42","33404806"
"chr1","35587761","35588063","chr20","97494237","97494529","30","61906476"
"chr1","35602876","35603177","chr11","96978397","96978692","34","61375521"
"chr1","35622978","35623283","chr20","121224934","121225234","40","85601956"
"chr1","35624962","35625058","chr5","21694791","21694885","13","13930171"
"chr1","35625387","35625552","chr9","116412288","116412452","22","80786901"
"chr1","35628933","35629199","chr9","7331539","7331805","34","28297394"
"chr1","35638375","35638526","chr5","22435445","22435597","32","13202930"
"chr1","35673495","35673787","chr20","77903993","77904291","38","42230498"
"chr1","35673788","35674095","chrX_KE148108v1_random","5157110","5157414","35","30516678"
"chr1","35690088","35690401","chr20","97392455","97392769","25","61702367"
"chr1","35696571","35696876","chrX_KE148108v1_random","1167087","1167392","38","34529484"
"chr1","35719369","35719645","chr20","97359024","97359310","34","61639655"
"chr1","35732571","35732848","chr20","97343349","97343625","31","61610778"
"chr1","35746193","35746469","chr5","21481959","21482237","35","14264234"
"chr1","35771750","35772060","chr20","97303259","97303558","41","61531509"
"chr1","35793177","35793474","chr20","97281067","97281367","28","61487890"
"chr1","35822303","35822392","chr14","59814437","59814523","25","23992134"
"chr1","35822545","35822763","chr11","124263168","124263380","41","88440623"
"chr1","35841150","35841460","chr21","108279551","108279861","31","72438401"
"chr1","35875764","35876075","chr20","97200689","97200985","37","61324925"
"chr1","35887494","35887804","chr28","11946012","11946319","50","23941482"
"chr1","35894416","35894727","chr20","9169732","9170041","39","26724684"
"chr1","35918078","35918346","chr1","21204188","21204457","27","14713890"
"chr1","35921568","35921864","chr7","19667372","19667669","31","16254196"
"chr1","35924754","35925060","chr20","97146241","97146533","34","61221487"
"chr1","35935431","35935739","chr20","97135206","97135516","26","61199775"
"chr1","35936857","35937166","chrX","60957021","60957332","42","25020164"
"chr1","35943768","35944040","chr10","117591911","117592188","43","81648143"
"chr1","35944790","35945099","chr20","97125608","97125915","25","61180818"
"chr1","35945165","35945508","chr20","97125238","97125541","57","61180073"
"chr1","35972986","35973291","chr11","105527957","105528251","43","69554971"
"chr1","35976493","35976792","chr20","97092685","97092982","32","61116192"
"chr1","35978229","35978539","chr20","97090967","97091274","26","61112738"
"chr1","35986082","35986387","chr20","97082538","97082838","29","61096456"
"chr1","35988562","35988871","chr12","44289896","44290207","33","8301334"
"chr1","35993726","35993988","chr2","16293094","16293363","40","19700632"
"chr1","35996391","35996628","chr9","61704066","61704306","42","25707675"
"chr1","36000839","36001122","chr20","108470868","108471150","38","72470029"
"chr1","36004803","36005115","chr20","97056825","97057136","25","61052022"
"chr1","36010486","36010784","chr20","97050708","97051005","26","61040222"
"chr1","36012775","36013072","chr13","11559464","11559765","31","24453311"
"chr1","36025853","36026154","chr11","27872325","27872626","33","8153528"
"chr1","36091530","36091829","chr20","96964077","96964366","26","60872547"
"chr1","36102255","36102425","chr1_KE147936v1_random","33221","33391","22","36069034"
"chr1","36113037","36113331","chr20","96943097","96943386","30","60830060"
"chr1","36140393","36140697","chr20","96916004","96916311","23","60775611"
"chr1","36145705","36146006","chr21","108219513","108219813","37","72073808"
"chr1","36154994","36155298","chr16","5897872","5898181","38","30257122"
"chr1","36200600","36200853","chr16","3210407","3210664","34","32990193"
"chr1","36205782","36205984","chr12","3082229","3082430","24","33123553"
"chr1","36223639","36223949","chr20","96836050","96836359","11","60612411"
"chr1","36230026","36230321","chr20","96830615","96830903","30","60600589"
"chr1","36241376","36241672","chr22","13843967","13844264","39","22397409"
"chr1","36249342","36249635","chr20","96812559","96812849","25","60563217"
"chr1","36254869","36255171","chr1","68742662","68742962","36","32487793"
"chr1","36270198","36270437","chr8","79705152","79705394","39","43434954"
"chr1","36278442","36278739","chr15","57594128","57594422","35","21315686"
"chr1","36283032","36283292","chr26","30846685","30846936","45","5436347"
"chr1","36288041","36288327","chr14","104092026","104092309","28","67803985"
"chr1","36307665","36307964","chr5","69851221","69851520","31","33543556"
"chr1","36335605","36335904","chr12","44942998","44943296","38","8607393"
"chr1","36346477","36346772","chrX","43029307","43029600","31","6682830"
"chr1","36353901","36354180","chr20","96705598","96705872","26","60351697"
"chr1","36360649","36360959","chr8","83021208","83021516","45","46660559"
"chr1","36376388","36376685","chr20","96683716","96684010","26","60307328"
"chr1","36401111","36401401","chr10","103764238","103764539","45","67363127"
"chr1","36406313","36406580","chr5","54743053","54743322","37","18336740"
"chr1","36414784","36415046","chr20","96652551","96652824","42","60237767"
"chr1","36418659","36418716","chr6","3006466","3006534","23","33412193"
"chr1","36419067","36419310","chr9","61704066","61704306","47","25284999"
"chr1","36420043","36420345","chr20","96647003","96647296","34","60226960"
"chr1","36430408","36430743","chr8","10801167","10801476","54","25629241"
"chr1","36431724","36432031","chr28","4525040","4525344","44","31906684"
"chr1","36432974","36433285","chr2","34268790","34269101","42","2164184"
"chr1","36436931","36437236","chr26","3423132","3423435","35","33013799"
"chr1","36442840","36443175","chr13","21963076","21963400","61","14479764"
"chr1","36450176","36450470","chr10","44558052","44558347","33","8107876"
"chr1","36456938","36457239","chr5","50489073","50489372","33","14032135"
"chr1","36474273","36474575","chr20","96599045","96599342","20","60124772"
"chr1","36483008","36483309","chr20","96587948","96588249","30","60104940"
"chr1","36491360","36491584","chr14","4267909","4268136","36","32223451"
"chr1","36492139","36492444","chr3","15523411","15523714","43","20968728"
"chr1","36504517","36504794","chr20","96566898","96567175","24","60062381"
"chr1","36510687","36510987","chr8","7114217","7114516","41","29396470"
"chr1","36525971","36526283","chr15","60417052","60417354","38","23891081"
"chr1","36562680","36562982","chr29","7854435","7854738","32","28708245"
"chr1","36578100","36578250","chr20","96494684","96494838","18","59916584"
"chr1","36582086","36582399","chr20","96492531","96492833","39","59910445"
"chr1","36590765","36591068","chr20","7785906","7786210","32","28804859"
"chr1","36639933","36640216","chr6","33908236","33908526","40","2731697"
"chr1","36641935","36642245","chr20","99424333","99424642","35","62782398"
"chr1","36655484","36655769","chr16","68884441","68884727","29","32228957"
"chr1","36658220","36658525","chr10","95236196","95236502","31","58577976"
"chr1","36658531","36658835","chr16","1283822","1284122","36","35374709"
"chr1","36671154","36671447","chrX","22428011","22428306","31","14243143"
"chr1","36683122","36683407","chrX","625090","625369","40","36058032"
"chr1","36683971","36684280","chr20","96392400","96392699","32","59708429"
"chr1","36691868","36692177","chr20","96385494","96385807","29","59693626"
"chr1","36698355","36698664","chr4","63048739","63049041","37","26350384"
"chr1","36702103","36702365","chr5","60403345","60403611","38","23701242"
"chr1","36713136","36713343","chr5","34677693","34677900","33","2035443"
"chr1","36713359","36713591","chr9","61704066","61704306","48","24990707"
"chr1","36745744","36746038","chr16","53074453","53074747","32","16328709"
"chr1","36753063","36753400","chr25","62133696","62134027","50","25380633"
"chr1","36842671","36842965","chr20","96233855","96234160","30","59391184"
"chr1","36941055","36941351","chr21","56674354","56674647","35","19733299"
"chr1","36995265","36995576","chr20","96087671","96087985","29","59092406"
"chr1","37123267","37123560","chr20","95961982","95962279","23","58838715"
"chr1","37220888","37221056","chr20","95866933","95867098","16","58646045"
"chr1","37334733","37335039","chr20","95752394","95752701","37","58417661"
"chr1","37402081","37402284","chr10","52993822","52994027","27","15591741"
"chr1","37436118","37436299","chr6","30247122","30247307","25","7188996"
"chr1","37440934","37441171","chr15","90465838","90466081","43","53024904"
"chr1","37550973","37551284","chr12","4433972","4434280","34","33117001"
"chr1","37552223","37552532","chr20","95546423","95546724","36","57994200"
"chr1","37611045","37611340","chr20","95489180","95489482","22","57878135"
"chr1","37622300","37622603","chr20","92192486","92192788","29","54570186"
"chr1","37657005","37657213","chr17","38823537","38823742","36","1166532"
"chr1","37677655","37677902","chr6","7663026","7663281","36","30014629"
"chr1","37684215","37684520","chr20","95414082","95414386","24","57729867"
"chr1","37688474","37688772","chr20","95409843","95410139","22","57721369"
"chr1","37729872","37730153","chr20","95370235","95370512","36","57640363"
"chr1","37731113","37731410","chr20","95369005","95369301","31","57637892"
"chr1","37746397","37746669","chr20","95349604","95349871","26","57603207"
"chr1","37746982","37747259","chr3","18988954","18989230","34","18758028"
"chr1","37756182","37756487","chr20","95347706","95348006","33","57591524"
"chr1","37756986","37757281","chr20","95352539","95352834","20","57595553"
"chr1","37778622","37778905","chr1","258515","258804","33","37520107"
"chr1","37822443","37822748","chr20","95275616","95275916","27","57453173"
"chr1","37825497","37825786","chr16","52209524","52209810","32","14384027"
"chr1","37829978","37830276","chr1","103586917","103587220","35","65756939"
"chr1","37849849","37850158","chr16","48347687","48347996","41","10497838"
"chr1","37877421","37877729","chr20","95221661","95221975","25","57344240"
"chr1","37926027","37926334","chr20","95167801","95168105","30","57241774"
"chr1","37948129","37948426","chr20","95145906","95146207","25","57197777"
"chr1","37964210","37964503","chr15","64630867","64631162","31","26666657"
"chr1","37966369","37966683","chr20","95127729","95128053","34","57161360"
"chr1","37981559","37981865","chr1","110042208","110042506","40","72060649"
"chr1","38019672","38019979","chrX","113675371","113675678","35","75655699"
"chr1","38026445","38026752","chr20","95069600","95069909","36","57043155"
"chr1","38032816","38032994","chr12","20897980","20898158","16","17134836"
"chr1","38033125","38033235","chr1","10174863","10174971","17","27858262"
"chr1","38034105","38034420","chr7","22771085","22771395","44","15263020"
"chr1","38059195","38059494","chr20","95037372","95037673","19","56978177"
"chr1","38093750","38094027","chr17","13752005","13752275","46","24341745"
"chr1","38105624","38105903","chr5","25035913","25036203","44","13069711"
"chr1","38108700","38108861","chr23","79838641","79838798","30","41729941"
"chr1","38109007","38109297","chr20","94990666","94990962","20","56881659"
"chr1","38154602","38154905","chr20","94946091","94946404","33","56791489"
"chr1","38155320","38155630","chr20","94945371","94945678","23","56790051"
"chr1","38156671","38156995","chr20","94944000","94944312","35","56787329"
"chr1","38164665","38164963","chr1","68742662","68742962","33","30577997"
"chr1","38171669","38171928","chr8","121253617","121253882","42","83081948"
"chr1","38177842","38178126","chr26","28030555","28030841","34","10147287"
"chr1","38180203","38180500","chr20","94921229","94921522","23","56741026"
"chr1","38195121","38195377","chr14","2962771","2963029","40","35232350"
"chr1","38198418","38198715","chr1","11277601","11277899","40","26920817"
"chr1","38200159","38200458","chr20","94900658","94900957","37","56700499"
"chr1","38228361","38228641","chrUn_KE147541v1","121663","121948","40","38106698"
"chr1","38251661","38251961","chr20","94855332","94855631","25","56603671"
"chr1","38258250","38258555","chr7","129057998","129058302","32","90799748"
"chr1","38274510","38274819","chr9","101078483","101078778","35","62803973"
"chr1","38291605","38291785","chr25","77545524","77545704","23","39253919"
"chr1","38293418","38293719","chr24","81534444","81534741","41","43241026"
"chr1","38294764","38295064","chr20","94812053","94812360","22","56517289"
"chr1","38318082","38318391","chr7","130859634","130859939","38","92541552"
"chr1","38318945","38319232","chr20","94788228","94788512","27","56469283"
"chr1","38327150","38327359","chr11","124263168","124263380","35","85936018"
"chr1","38358440","38358718","chr20","94749612","94749889","22","56391172"
"chr1","38358790","38359001","chr20","94749331","94749541","25","56390541"
"chr1","38396296","38396606","chr20","94706593","94706902","34","56310297"
"chr1","38406666","38406968","chr20","94697200","94697495","30","56290534"
"chr1","38415472","38415740","chr12","11854690","11854958","38","26560782"
"chr1","38471465","38471759","chr23","81934510","81934806","33","43463045"
"chr1","38606205","38606499","chr6","13473280","13473574","35","25132925"
"chr1","38648876","38649164","chr20","94470323","94470606","27","55821447"
"chr1","38685049","38685359","chrX_KE148108v1_random","816623","816926","44","37868426"
"chr1","38714705","38715004","chr20","94408314","94408611","28","55693609"
"chr1","38728309","38728612","chr11","38552531","38552837","38","175778"
"chr1","38832626","38832797","chr1","11177471","11177640","28","27655155"
"chr1","38864297","38864578","chr20","94258148","94258445","42","55393851"
"chr1","38935475","38935774","chr20","94186302","94186596","26","55250827"
"chr1","38942774","38943061","chr20","94177585","94177872","16","55234811"
"chr1","38976754","38977058","chrX","23004590","23004894","34","15972164"
"chr1","39116047","39116294","chr14","78286132","78286379","31","39170085"
"chr1","39119936","39120138","chr17","38823537","38823742","37","296399"
"chr1","39137300","39137610","chr2","39182421","39182732","35","45121"
"chr1","39148912","39149212","chr17","45038260","45038559","26","5889348"
"chr1","39157403","39157719","chr23","57599910","57600221","41","18442507"
"chr1","39164356","39164642","chr7","111567460","111567746","42","72403104"
"chr1","39171536","39171826","chr20","93957742","93958040","38","54786206"
"chr1","39172193","39172493","chr20","93957084","93957381","31","54784891"
"chr1","39185903","39186206","chr20","93940212","93940506","27","54754309"
"chr1","39188215","39188523","chr3","20154823","20155134","41","19033392"
"chr1","39191841","39192142","chr9","97186492","97186791","37","57994651"
"chr1","39197295","39197598","chr20","93926826","93927128","26","54729531"
"chr1","39197641","39197931","chr20","93926503","93926783","34","54728862"
"chr1","39201229","39201470","chr9","61704066","61704306","64","22502837"
"chr1","39201877","39202185","chr21","122421574","122421875","44","83219697"
"chr1","39218450","39218747","chr9","58220236","58220532","37","19001786"
"chr1","39225319","39225548","chr6","11557988","11558218","34","27667331"
"chr1","39245063","39245331","chr6","34589794","34590066","38","4655269"
"chr1","39249551","39249862","chr16","32554349","32554655","46","6695202"
"chr1","39254689","39254986","chr20","93885069","93885359","25","54630380"
"chr1","39256606","39256887","chr6","9516729","9517022","39","29739877"
"chr1","39271125","39271434","chr6","42914117","42914422","45","3642992"
"chr1","39273223","39273534","chr20","102053993","102054296","40","62780770"
"chr1","39274597","39274904","chr23","80870593","80870901","34","41595996"
"chr1","39274992","39275295","chr11","120526163","120526460","37","81251171"
"chr1","39275333","39275632","chr20","93865760","93866064","35","54590427"
"chr1","39318377","39318508","chr9","95115075","95115209","24","55796698"
"chr1","39319280","39319448","chr2","78534156","78534322","22","39214876"
"chr1","39322121","39322438","chr8","3552068","3552379","49","35770053"
"chr1","39324385","39324696","chr20","92917967","92918275","41","53593582"
"chr1","39334005","39334278","chr1","18723223","18723503","37","20610782"
"chr1","39358892","39359190","chr8","9993389","9993689","27","29365503"
"chr1","39362598","39362894","chr20","93795683","93795980","32","54433085"
"chr1","39363102","39363401","chr20","88763467","88763766","31","49400365"
"chr1","39389252","39389567","chr20","93767986","93768299","37","54378734"
"chr1","39402086","39402310","chr6","11866420","11866654","50","27535666"
"chr1","39406857","39407156","chr20","93750602","93750891","27","54343745"
"chr1","39452097","39452346","chr14","4245211","4245466","46","35206886"
"chr1","39464726","39465032","chr20","93696219","93696518","18","54231493"
"chr1","39475928","39476214","chr12","87265211","87265496","35","47789283"
"chr1","39488575","39488875","chr20","93673695","93674005","36","54185120"
"chr1","39502093","39502399","chr20","93660102","93660404","26","54158009"
"chr1","39535536","39535705","chr16","46110548","46110717","22","6575012"
"chr1","39554491","39554787","chr9","114952603","114952897","30","75398112"
"chr1","39568329","39568645","chr19","1621712","1622017","53","37946617"
"chr1","39591128","39591426","chr1","15788723","15789022","33","23802405"
"chr1","39605763","39606073","chrX","46285407","46285716","46","6679644"
"chr1","39607914","39608199","chr13","85591331","85591615","37","45983417"
"chr1","39609524","39609828","chr20","93556451","93556747","32","53946927"
"chr1","39616764","39616975","chr19","18670114","18670324","30","20946650"
"chr1","39629152","39629473","chr20","93538288","93538605","34","53909136"
"chr1","39631231","39631541","chrX","37121756","37122066","32","2509475"
"chr1","39634056","39634357","chr20","93533348","93533655","28","53899292"
"chr1","39637358","39637669","chr20","93529796","93530103","38","53892438"
"chr1","39642573","39642876","chr20","93524171","93524470","34","53881598"
"chr1","39643289","39643587","chr20","93523448","93523758","30","53880159"
"chr1","39648405","39648699","chr15","90519589","90519883","37","50871184"
"chr1","39667428","39667714","chrX","103018558","103018844","34","63351130"
"chr1","39699093","39699379","chr20","93467504","93467790","27","53768411"
"chr1","39721324","39721615","chrX_KE148108v1_random","1085636","1085929","37","38635688"
"chr1","39748811","39749032","chr5","4672938","4673164","30","35075873"
"chr1","39768656","39768957","chr20","93402638","93402946","34","53633982"
"chr1","39795607","39795915","chr20","1445477","1445787","34","38350130"
"chr1","39806841","39807127","chr6","33908236","33908526","36","5898605"
"chr1","39823658","39823954","chr16","2349240","2349537","34","37474418"
"chr1","39851894","39852191","chr9","21222890","21223190","36","18629004"
"chr1","39872981","39873284","chr20","93199604","93199903","30","53326623"
"chr1","39879254","39879554","chr20","93211505","93211809","35","53332251"
"chr1","39885890","39886202","chr5","59743438","59743749","46","19857548"
"chr1","39908255","39908554","chr1","62642176","62642473","32","22733921"
"chr1","39914048","39914356","chr20","93239379","93239687","24","53325331"
"chr1","39932316","39932622","chr20","93257195","93257494","21","53324879"
"chr1","40008582","40008893","chr20","93332193","93332503","37","53323611"
"chr1","40092556","40092867","chr6","24937416","24937724","36","15155140"
"chr1","40093370","40093666","chrX","22852905","22853198","30","17240465"
"chr1","40093966","40094267","chr12","80137644","80137947","37","40043678"
"chr1","40111352","40111671","chr20","93078847","93079168","23","52967495"
"chr1","40111944","40112219","chr20","93078305","93078579","21","52966361"
"chr1","40146413","40146721","chr4","67846522","67846834","33","27700109"
"chr1","40148697","40148951","chr2","32589024","32589284","41","7559673"
"chr1","40150946","40151119","chr20","93039989","93040182","31","52889043"
"chr1","40164948","40165252","chr15","60417052","60417354","31","20252104"
"chr1","40168095","40168398","chr20","93016925","93017235","28","52848830"
"chr1","40174298","40174610","chr11","75700753","75701064","34","35526455"
"chr1","40194138","40194435","chr1","32350047","32350343","42","7844091"
"chr1","40199759","40200041","chr20","92986904","92987181","31","52787145"
"chr1","40214571","40214882","chr2","35984887","35985192","36","4229684"
"chr1","40262189","40262497","chr20","92917967","92918275","22","52655778"
"chr1","40268087","40268389","chr4","65717551","65717849","43","25449464"
"chr1","40274708","40275008","chr15","64630867","64631162","31","24356159"
"chr1","40285837","40286049","chr16","53796018","53796237","33","13510181"
"chr1","40287767","40287974","chr17","38823537","38823742","41","1464230"
"chr1","40305721","40306043","chr5","56215675","56215986","39","15909954"
"chr1","40306989","40307266","chr11","116524645","116524927","40","76217656"
"chr1","40310948","40311232","chr20","92880150","92880430","23","52569202"
"chr1","40323403","40323734","chr1","115972304","115972611","51","75648901"
"chr1","40334368","40334666","chr11","91146615","91146896","61","50812247"
"chr1","40354164","40354476","chr20","92836661","92836962","47","52482497"
"chr1","40363523","40363823","chr20","92827454","92827753","23","52463931"
"chr1","40384793","40385090","chr9","17797022","17797318","42","22587771"
"chr1","40403270","40403565","chr26","40005306","40005601","26","397964"
"chr1","40404862","40405156","chr1","19453527","19453824","35","20951335"
"chr1","40430167","40430472","chr15","56747099","56747408","33","16316932"
"chr1","40439316","40439616","chr20","92757956","92758256","26","52318640"
"chr1","40463149","40463435","chr20","92730551","92730834","23","52267402"
"chr1","40464778","40465053","chr20","92728957","92729231","26","52264179"
"chr1","40468033","40468340","chr8","119947968","119948269","51","79479935"
"chr1","40468938","40469244","chr18","56826053","56826355","38","16357115"
"chr1","40479087","40479385","chr20","101069011","101069309","31","60589924"
"chr1","40482206","40482408","chr23","41306689","41306886","36","824483"
"chr1","40517747","40518040","chr29","4391784","4392082","33","36125963"
"chr1","40519863","40520149","chr5","14339910","14340202","41","26179953"
"chr1","40521351","40521657","chr20","92674785","92675085","22","52153434"
"chr1","40532627","40532928","chr20","92663082","92663382","23","52130455"
"chr1","40536290","40536591","chrX_KE148109v1_random","2263653","2263954","32","38272637"
"chr1","40543794","40544061","chr14","58559131","58559412","55","18015337"
"chr1","40564680","40565003","chr4","14352043","14352367","44","26212637"
"chr1","40578144","40578424","chr22","14461791","14462070","48","26116353"
"chr1","40584774","40585059","chr20","92612519","92612803","14","52027745"
"chr1","40591612","40591924","chr6","15813882","15814194","35","24777730"
"chr1","40596375","40596680","chr20","92602739","92603047","29","52006364"
"chr1","40637628","40637916","chr12","8825459","8825747","30","31812169"
"chr1","40643122","40643433","chr20","92572012","92572321","36","51928890"
"chr1","40652868","40653141","chr20","92559832","92560098","17","51906964"
"chr1","40656345","40656651","chr20","92557716","92558027","36","51901371"
"chr1","40658385","40658688","chr20","92553803","92554096","33","51895418"
"chr1","40673233","40673531","chr21","86300166","86300463","33","45626933"
"chr1","40712174","40712484","chr20","92500983","92501280","30","51788809"
"chr1","40737104","40737395","chr16","25316551","25316842","38","15420553"
"chr1","40759320","40759616","chr20","92460984","92461285","42","51701664"
"chr1","40775146","40775414","chr20","92444938","92445221","35","51669792"
"chr1","40783245","40783551","chr20","92434644","92434948","36","51651399"
"chr1","40798020","40798333","chr20","92423782","92424090","40","51625762"
"chr1","40807610","40807907","chr20","92414853","92415154","22","51607243"
"chr1","40808282","40808593","chr20","92414184","92414493","22","51605902"
"chr1","40813736","40814049","chr20","92409087","92409394","44","51595351"
"chr1","40824421","40824726","chr20","92401571","92401872","22","51577150"
"chr1","40824891","40825188","chr7","1420194","1420490","39","39404697"
"chr1","40831654","40831942","chr20","92391112","92391404","27","51559458"
"chr1","40835642","40835946","chr20","105213353","105213657","30","64377711"
"chr1","40854302","40854568","chr20","92367582","92367827","35","51513280"
"chr1","40875241","40875547","chr17","1769259","1769563","34","39105982"
"chr1","40881436","40881718","chr1","18723223","18723503","35","22158213"
"chr1","40887182","40887459","chr7","129715655","129715943","40","88828473"
"chr1","40910766","40911047","chr20","92320856","92321139","35","51410090"
"chr1","40947153","40947450","chr1","32350047","32350343","27","8597106"
"chr1","40977843","40978117","chr21","14325145","14325417","41","26652698"
"chr1","40987110","40987416","chr25","81528404","81528708","43","40541294"
"chr1","40988031","40988297","chr20","101664766","101665036","33","60676735"
"chr1","41000142","41000427","chr20","92229111","92229404","25","51228969"
"chr1","41003258","41003427","chr4","20928301","20928477","31","20074957"
"chr1","41004282","41004366","chrX","116311180","116311249","32","75306898"
"chr1","41007092","41007389","chr20","92222640","92222904","47","51215548"
"chr1","41012892","41013193","chr20","92216814","92217120","33","51203922"
"chr1","41013222","41013515","chr20","92216519","92216808","20","51203297"
"chr1","41030112","41030418","chr20","92199595","92199886","35","51169483"
"chr1","41034646","41034945","chr8","7114217","7114516","32","33920429"
"chr1","41035688","41035985","chr11","120526163","120526460","29","79490475"
"chr1","41037192","41037482","chr20","92192486","92192788","27","51155294"
"chr1","41043324","41043619","chr20","92186285","92186590","30","51142961"
"chr1","41053525","41053822","chr20","92176066","92176370","29","51122541"
"chr1","41115820","41116112","chr20","92113585","92113885","28","50997765"
"chr1","41191059","41191349","chrX","38341389","38341678","33","2849670"
"chr1","41204305","41204605","chr8","35854442","35854754","47","5349863"
"chr1","41215336","41215645","chr1","57381049","57381356","37","16165713"
"chr1","41239663","41239958","chr20","91991391","91991702","39","50751728"
"chr1","41257677","41257978","chr20","91975402","91975698","28","50717725"
"chr1","41261036","41261336","chr9","51469130","51469430","37","10208094"
"chr1","41304437","41304737","chr20","91924147","91924452","28","50619710"
"chr1","41324755","41325029","chr5","3806777","3807050","47","37517978"
"chr1","41470356","41470653","chr20","91748793","91749089","26","50278437"
"chr1","41534410","41534695","chr23","40777256","40777537","35","757154"
"chr1","41536384","41536697","chr20","91689263","91689577","27","50152879"
"chr1","41597694","41597975","chr20","91630700","91630981","25","50033006"
"chr1","41608059","41608350","chr20","91620014","91620320","43","50011955"
"chr1","41619679","41619947","chr20","91606574","91606839","22","49986895"
"chr1","41668934","41669143","chr13","95707671","95707878","28","54038737"
"chr1","41669337","41669437","chr21","15495836","15495932","12","26173501"
"chr1","41724851","41725162","chr11","42111976","42112287","36","387125"
"chr1","41734970","41735248","chr20","91489610","91489880","38","49754640"
"chr1","41875892","41876203","chr20","91353188","91353500","24","49477296"
"chr1","41916192","41916481","chr20","91307385","91307679","27","49391193"
"chr1","41967203","41967499","chr21","117541596","117541891","37","75574393"
"chr1","42086016","42086317","chr1","99564905","99565208","36","57478889"
"chr1","42088846","42089147","chr20","91138254","91138558","32","49049408"
"chr1","42159117","42159417","chr20","91069105","91069405","28","48909988"
"chr1","42320710","42320988","chr20","90906055","90906333","29","48585345"
"chr1","42425498","42425793","chr20","90807015","90807312","21","48381517"
"chr1","42438797","42439080","chr20","90793926","90794208","28","48355129"
"chr1","42459129","42459399","chr15","34146112","34146374","30","8313017"
"chr1","42517206","42517504","chr25","78856788","78857085","32","36339582"
"chr1","42537851","42538073","chr16","8384705","8384923","32","34153146"
"chr1","42549440","42549742","chr20","90692751","90693044","41","48143311"
"chr1","42589154","42589443","chr16","59525991","59526277","30","16936837"
"chr1","42640867","42641146","chr20","90606108","90606386","26","47965241"
"chr1","42643564","42643846","chr20","90603428","90603724","49","47959864"
"chr1","42662417","42662729","chr20","90583191","90583503","21","47920774"
"chr1","42689247","42689553","chr3","52310578","52310878","30","9621331"
"chr1","42691186","42691494","chr2","39182421","39182732","42","3508765"
"chr1","42728686","42728997","chr11","4422956","4423267","42","38305730"
"chr1","42740027","42740340","chr28","11159497","11159808","37","31580530"
"chr1","42783263","42783561","chr10","93621317","93621620","29","50838054"
"chr1","42795832","42796125","chr20","90449668","90449961","29","47653836"
"chr1","42831866","42832168","chr20","90416335","90416637","18","47584469"
"chr1","42904437","42904746","chr20","90348509","90348813","26","47444072"
"chr1","42926417","42926674","chr20","90327717","90327975","20","47401300"
"chr1","42955562","42955855","chrX","63893827","63894117","37","20938265"
"chr1","42961124","42961413","chr20","90292152","90292427","31","47331028"
"chr1","42962096","42962394","chr20","90291206","90291498","34","47329110"
"chr1","43027977","43028284","chr26","18344490","18344794","31","24683487"
"chr1","43032000","43032302","chr20","90221425","90221718","28","47189425"
"chr1","43032648","43032946","chr8","7114217","7114516","32","35918431"
"chr1","43044070","43044377","chr8","118849522","118849830","29","75805452"
"chr1","43045478","43045782","chr20","90208150","90208442","31","47162672"
"chr1","43051796","43052101","chr20","90201526","90201825","32","47149730"
"chr1","43054380","43054689","chr9","112383120","112383432","35","69328740"
"chr1","43059535","43059823","chr20","90194406","90194697","28","47134871"
"chr1","43101871","43102172","chr20","90152200","90152502","23","47050329"
"chr1","43128236","43128520","chr20","90125763","90126046","23","46997527"
"chr1","43130349","43130640","chr18","31386596","31386890","32","11743753"
"chr1","43225586","43225894","chr27","27927413","27927720","39","15298173"
"chr1","43230701","43230988","chr20","90022866","90023161","36","46792165"
"chr1","43239456","43239763","chr20","8863359","8863658","38","34376097"
"chr1","43241185","43241492","chr20","90014706","90015002","45","46773521"
"chr1","43308769","43309072","chr20","89948602","89948908","21","46639833"
"chr1","43312306","43312606","chr20","89946571","89946866","32","46634265"
"chr1","43322306","43322605","chr18","31386596","31386890","29","11935710"
"chr1","43343238","43343549","chr20","89912467","89912775","25","46569229"
"chr1","43347469","43347763","chr4","36036902","36037194","34","7310567"
"chr1","43367960","43368266","chr20","89888816","89889117","24","46520856"
"chr1","43377645","43377821","chr14","105988468","105988623","48","62610823"
"chr1","43386521","43386653","chr19","20902979","20903111","13","22483542"
"chr1","43386654","43386693","chr16","46093289","46093325","7","2706635"
"chr1","43400462","43400762","chr27","12438853","12439158","40","30961609"
"chr1","43502083","43502372","chr20","89621097","89621387","22","46119014"
"chr1","43604197","43604497","chr6","41636335","41636630","30","1967862"
"chr1","43716741","43717056","chr19","9514256","9514567","29","34202485"
"chr1","43721350","43721658","chr20","89406138","89406442","26","45684788"
"chr1","43727036","43727339","chr3","75050842","75051146","37","31323806"
"chr1","43747733","43748023","chr20","89378200","89378498","24","45630467"
"chr1","43790683","43790981","chr5","24986485","24986779","36","18804198"
"chr1","43796480","43796794","chr20","89332301","89332612","27","45535821"
"chr1","43797554","43797863","chr20","89325755","89326059","34","45528201"
"chr1","43801517","43801819","chr22","39274522","39274823","41","4526995"
"chr1","43817188","43817493","chr20","89313677","89313987","25","45496489"
"chr1","43820590","43820897","chr20","89310592","89310901","28","45490002"
"chr1","43832040","43832322","chr1","3922518","3922802","44","39909522"
"chr1","43883381","43883678","chr14","14997912","14998214","33","28885469"
"chr1","43940662","43940957","chr16","823334","823630","37","43117328"
"chr1","43944211","43944491","chr20","89187737","89188028","38","45243526"
"chr1","43948020","43948195","chr20","89184153","89184329","12","45236133"
"chr1","43950188","43950497","chr5","14824425","14824736","30","29125763"
"chr1","43954145","43954440","chr13","79595987","79596282","33","35641842"
"chr1","43973401","43973693","chr20","105771051","105771345","34","61797650"
"chr1","43974876","43975100","chr21","20323380","20323612","34","23651496"
"chr1","43975207","43975500","chr15","90536879","90537170","34","46561672"
"chr1","43987305","43987615","chr20","89143667","89143977","21","45156362"
"chr1","43994705","43995004","chr7","91654814","91655114","31","47660109"
"chr1","44037400","44037703","chr1","67026506","67026811","34","22989106"
"chr1","44047775","44048065","chr15","51527475","51527765","50","7479700"
"chr1","44062936","44063221","chr20","89064848","89065146","38","45001912"
"chr1","44066736","44067052","chr20","89061543","89061854","44","44994807"
"chr1","44073364","44073656","chr20","89054671","89054960","20","44981307"
"chr1","44076078","44076375","chr20","89051813","89052116","28","44975735"
"chr1","44081099","44081392","chr20","89047084","89047383","27","44965985"
"chr1","44154646","44154870","chr20","88975335","88975557","23","44820689"
"chr1","44177215","44177531","chrX","63446464","63446777","43","19269249"
"chr1","44180690","44180967","chr20","88949332","88949608","19","44768642"
"chr1","44202275","44202576","chr26","2668803","2669103","33","41533472"
"chr1","44227609","44227916","chr20","88904009","88904306","35","44676400"
"chr1","44235584","44235842","chr8","121253617","121253882","30","77018033"
"chr1","44238756","44239067","chr20","88887003","88887313","35","44648247"
"chr1","44242380","44242673","chr20","88883897","88884186","26","44641517"
"chr1","44242683","44242980","chr20","88883590","88883891","24","44640907"
"chr1","44311905","44312225","chr20","88817145","88817462","40","44505240"
"chr1","44328498","44328796","chr11","27872325","27872626","31","16456173"
"chr1","44348699","44349006","chr14","82794681","82794991","35","38445982"
"chr1","44384731","44385019","chr11","118168788","118169077","34","73784057"
"chr1","44396299","44396608","chr17","51745130","51745437","36","7348831"
"chr1","44449423","44449711","chr20","88659555","88659849","38","44210132"
"chr1","44458603","44458900","chr20","88650583","88650883","33","44191980"
"chr1","44473164","44473465","chr20","88635917","88636216","34","44162753"
"chr1","44515973","44516269","chr11","96978397","96978692","31","52462424"
"chr1","44517266","44517573","chr20","88591679","88591989","21","44074413"
"chr1","44518162","44518471","chr10","93650363","93650669","27","49132201"
"chr1","44519046","44519325","chr6","12275964","12276244","31","32243082"
"chr1","44523117","44523402","chr7","97611968","97612255","36","53088851"
"chr1","44523983","44524279","chr21","108401183","108401477","30","63877200"
"chr1","44533024","44533296","chr18","32066046","32066321","43","12466978"
"chr1","44562997","44563265","chr1","15437907","15438188","52","29125090"
"chr1","44608717","44609011","chr20","88511420","88511715","33","43902703"
"chr1","44656770","44657069","chr20","88465115","88465415","19","43808345"
"chr1","44769056","44769360","chr20","88360613","88360921","24","43591557"
"chr1","44788866","44789151","chr5","60354979","60355263","32","15566113"
"chr1","44807739","44808039","chr20","88321544","88321844","23","43513805"
"chr1","44864932","44865214","chr20","88262666","88262960","36","43397734"
"chr1","44867339","44867636","chr20","88260147","88260438","29","43392808"
"chr1","44876182","44876481","chr20","88250873","88251165","28","43374691"
"chr1","44876482","44876807","chr21","122083415","122083744","42","77206933"
"chr1","44920577","44920874","chr12","26084664","26084963","34","18835913"
"chr1","44922793","44923104","chr20","88200334","88200641","24","43277541"
"chr1","44925249","44925559","chr15","53643506","53643815","31","8718257"
"chr1","44931917","44932217","chr11","96978397","96978692","31","52046480"
"chr1","45001901","45002182","chrUn_KE147541v1","555790","556072","39","44446111"
"chr1","45005950","45006253","chr2","12466777","12467082","36","32539173"
"chr1","45010309","45010600","chr10","59187645","59187932","30","14177336"
"chr1","45028237","45028546","chr20","88094058","88094371","30","43065821"
"chr1","45056636","45056932","chr20","88069726","88070019","28","43013090"
"chr1","45069525","45069838","chr20","88058993","88059292","38","42989468"
"chr1","45070918","45071245","chr24","52889447","52889772","47","7818529"
"chr1","45086009","45086325","chr20","88047485","88047789","31","42961476"
"chr1","45092061","45092363","chr16","1140512","1140811","31","43951549"
"chr1","45108105","45108402","chr6","33554432","33554729","42","11553673"
"chr1","45109033","45109340","chr15","53643506","53643815","39","8534473"
"chr1","45117601","45117765","chr20","88016892","88017059","17","42899291"
"chr1","45125616","45125921","chr1","32350047","32350343","36","12775569"
"chr1","45126208","45126506","chr20","88007399","88007693","23","42881191"
"chr1","45135236","45135536","chr20","87997450","87997744","17","42862214"
"chr1","45137140","45137445","chr20","87995658","87995956","34","42858518"
"chr1","45167153","45167445","chrX","23963143","23963438","34","21204010"
"chr1","45172883","45173092","chr15","91044370","91044591","54","45871487"
"chr1","45182532","45182825","chr17","37904522","37904815","34","7278010"
"chr1","45182855","45183109","chr9","44980829","44981096","44","202026"
"chr1","45183799","45184079","chr10","83001380","83001665","56","37817581"
"chr1","45185147","45185455","chr20","87954314","87954618","27","42769167"
"chr1","45204306","45204525","chr1","18849760","18849976","35","26354546"
"chr1","45207120","45207411","chr22","8533514","8533802","48","36673606"
"chr1","45226273","45226583","chr20","87915404","87915694","39","42689131"
"chr1","45229111","45229410","chr10","88444353","88444662","49","43215242"
"chr1","45243542","45243845","chr20","87889734","87890030","40","42646192"
"chr1","45261818","45262125","chr24","68061158","68061461","45","22799340"
"chr1","45272258","45272551","chr20","87861857","87862153","19","42589599"
"chr1","45280400","45280700","chr20","87853417","87853717","41","42573017"
"chr1","45332209","45332545","chr21","96946290","96946614","76","51614081"
"chr1","45344131","45344445","chr4","63048739","63049041","45","17704608"
"chr1","45344476","45344757","chr21","71653094","71653374","34","26308618"
"chr1","45346165","45346444","chr20","87788901","87789180","28","42442736"
"chr1","45348163","45348429","chr11","12271796","12272064","28","33076367"
"chr1","45375799","45376107","chr20","87760674","87760968","32","42384875"
"chr1","45376906","45377208","chr20","87759575","87759880","39","42382669"
"chr1","45379217","45379528","chr20","87764051","87764355","32","42384834"
"chr1","45421774","45422078","chr20","87717126","87717428","23","42295352"
"chr1","45445072","45445371","chr20","87686098","87686390","25","42241026"
"chr1","45477657","45477948","chr20","87658594","87658894","26","42180937"
"chr1","45486634","45486932","chr12","9185173","9185483","39","36301461"
"chr1","45507996","45508287","chr20","87623931","87624224","29","42115935"
"chr1","45509215","45509524","chrX","23415638","23415958","39","22093577"
"chr1","45553590","45553888","chr20","87581991","87582293","24","42028401"
"chr1","45585329","45585634","chr2","58338718","58339014","36","12753389"
"chr1","45596045","45596356","chr20","87549893","87550195","40","41953848"
"chr1","45600233","45600527","chr9","101078483","101078778","24","55478250"
"chr1","45616269","45616577","chr20","87528508","87528830","40","41912239"
"chr1","45651349","45651635","chr20","87496756","87497051","38","41845407"
"chr1","45657232","45657535","chr1","8707257","8707561","39","36949975"
"chr1","45663059","45663361","chr20","87485052","87485371","31","41821993"
"chr1","45677352","45677632","chr20","87460443","87460718","44","41783091"
"chr1","45678180","45678471","chr4","36036902","36037194","36","9641278"
"chr1","45698630","45698928","chr17","38342612","38342914","34","7356018"
"chr1","45701662","45701970","chr20","87436677","87436976","35","41735015"
"chr1","45708017","45708308","chr20","87430665","87430939","31","41722648"
"chr1","45708321","45708625","chr4","52441906","52442210","39","6733585"
"chr1","45717144","45717453","chr20","87421994","87422303","31","41704850"
"chr1","45727585","45727899","chr20","87413899","87414203","26","41686314"
"chr1","45743749","45744041","chr20","87398554","87398855","35","41654805"
"chr1","45748137","45748432","chr20","87394177","87394470","25","41646040"
"chr1","45789707","45789985","chr1","105024457","105024739","28","59234750"
"chr1","45792671","45792985","chr20","87349648","87349958","28","41556977"
"chr1","45805322","45805623","chr20","87338064","87338361","32","41532742"
"chr1","45809808","45810118","chr20","87333590","87333890","30","41523782"
"chr1","45832011","45832263","chr15","77345423","77345670","36","31513412"
"chr1","45850920","45851219","chr20","87292655","87292951","24","41441735"
"chr1","45852140","45852486","chr20","87291429","87291747","50","41439289"
"chr1","45867070","45867288","chr7","94074486","94074684","44","48207416"
"chr1","45867392","45867545","chr14","68531411","68531557","21","22664019"
"chr1","45880637","45880945","chr1","65093877","65094186","38","19213240"
"chr1","45885253","45885547","chr12","30739008","30739302","43","15146245"
"chr1","45889126","45889405","chr20","87264351","87264648","39","41375225"
"chr1","45894251","45894415","chr11","31459088","31459250","20","14435163"
"chr1","45900677","45900859","chr17","61455198","61455393","42","15554521"
"chr1","45901237","45901372","chr13","80106963","80107097","15","34205726"
"chr1","45902521","45902836","chr28","9287245","9287554","38","36615276"
"chr1","45911147","45911437","chr20","87252917","87253213","27","41341770"
"chr1","45926330","45926631","chr11","20467245","20467546","35","25459085"
"chr1","45935440","45935754","chrX","89624590","89624897","37","43689150"
"chr1","45936073","45936375","chr20","102069946","102070249","30","56133873"
"chr1","45937431","45937644","chr20","43522171","43522389","24","2415260"
"chr1","45942831","45943106","chr20","87211069","87211347","27","41268238"
"chr1","45944311","45944608","chr20","87209260","87209554","28","41264949"
"chr1","45947200","45947444","chr1","5940701","5940947","49","40006499"
"chr1","45950151","45950451","chr11","27872325","27872626","29","18077826"
"chr1","45950889","45951186","chr9","88667048","88667349","35","42716159"
"chr1","45951692","45951995","chr20","87204736","87205031","34","41253044"
"chr1","46008651","46008950","chr20","87145522","87145817","30","41136871"
"chr1","46019666","46019972","chr20","87134395","87134690","34","41114729"
"chr1","46020002","46020277","chr20","87134084","87134365","43","41114082"
"chr1","46021131","46021443","chr28","15680756","15681046","57","30340375"
"chr1","46045706","46046007","chr8","35930769","35931065","36","10114937"
"chr1","46047036","46047340","chr20","87107845","87108147","27","41060809"
"chr1","46047344","46047643","chr20","87107548","87107841","28","41060204"
"chr1","46062843","46063136","chr15","90519589","90519883","35","44456746"
"chr1","46067476","46067786","chr1","14106229","14106537","41","31961247"
"chr1","46069452","46069710","chr2","32589024","32589284","48","13480428"
"chr1","46090265","46090573","chr17","57468730","57469037","38","11378465"
"chr1","46091732","46092019","chr6","13473280","13473574","36","32618452"
"chr1","46107751","46108050","chr20","87062387","87062669","41","40954636"
"chr1","46122474","46122769","chr14","898286","898584","42","45224188"
"chr1","46125741","46125901","chr6","49269758","49269925","30","3144017"
"chr1","46130029","46130343","chr20","87032612","87032925","31","40902583"
"chr1","46139307","46139608","chr14","15409394","15409693","31","30729913"
"chr1","46145347","46145651","chr20","87025004","87025308","24","40879657"
"chr1","46147142","46147446","chr2","13853232","13853536","38","32293910"
"chr1","46156182","46156471","chr20","87014982","87015270","33","40858800"
"chr1","46164767","46165033","chr13","10349812","10350081","47","35814955"
"chr1","46167260","46167553","chr11","59887552","59887845","30","13720292"
"chr1","46170242","46170526","chr1","101591459","101591747","35","55421217"
"chr1","46213196","46213476","chr20","86927377","86927657","16","40714181"
"chr1","46220308","46220618","chr5","66481414","66481717","48","20261106"
"chr1","46222703","46222974","chr20","86919130","86919411","39","40696427"
"chr1","46239522","46239820","chr24","50923619","50923917","39","4684097"
"chr1","46264706","46265008","chr6","49410992","49411297","34","3146286"
"chr1","46285471","46285759","chr20","86857767","86858058","22","40572296"
"chr1","46293072","46293376","chr2","25637951","25638253","40","20655121"
"chr1","46398476","46398763","chrX","20403447","20403743","41","25995029"
"chr1","46421473","46421673","chr4","6829797","6829990","31","39591676"
"chr1","46426775","46427076","chr8","7114217","7114516","40","39312558"
"chr1","46428864","46429163","chr16","4654754","4655057","34","41774110"
"chr1","46430492","46430809","chr12","9855924","9856236","45","36574568"
"chr1","46435793","46436096","chr20","86717985","86718292","26","40282192"
"chr1","46453916","46454185","chr20","86699021","86699299","33","40245105"
"chr1","46461071","46461335","chr20","86691857","86692129","21","40230786"
"chr1","46474766","46475054","chr20","86677633","86677918","20","40202867"
"chr1","46477163","46477463","chrX_KE148109v1_random","2263653","2263954","40","44213510"
"chr1","46486704","46487009","chr1","8707257","8707561","33","37779447"
"chr1","46494399","46494698","chr12","26084664","26084963","31","20409735"
"chr1","46514433","46514738","chr20","86640520","86640822","30","40126087"
"chr1","46516451","46516746","chr1","87295148","87295438","34","40778697"
"chr1","46569066","46569370","chr2","14523205","14523513","41","32045861"
"chr1","46570042","46570334","chr20","86585368","86585675","33","40015326"
"chr1","46578785","46579061","chr20","86576671","86576947","21","39997886"
"chr1","46583315","46583624","chr16","61063438","61063741","39","14480123"
"chr1","46599310","46599599","chr6","17663144","17663439","29","28936166"
"chr1","46600381","46600687","chr20","86556469","86556771","21","39956088"
"chr1","46612235","46612493","chr20","86543972","86544232","19","39931737"
"chr1","46620545","46620854","chr20","86535538","86535847","20","39914993"
"chr1","46622076","46622374","chr4","13836335","13836622","43","32785741"
"chr1","46626032","46626332","chr20","86529391","86529681","30","39903359"
"chr1","46653371","46653652","chr4","56781399","56781681","42","10128028"
"chr1","46670950","46671249","chr19","13323929","13324228","35","33347021"
"chr1","46728917","46729082","chr4","42236418","42236581","24","4492499"
"chr1","46735405","46735707","chr20","86429273","86429561","38","39693868"
"chr1","46736344","46736651","chr20","86428332","86428640","22","39691988"
"chr1","46747124","46747419","chr16","44703315","44703614","45","2043809"
"chr1","46766005","46766307","chr20","86412033","86412340","31","39646028"
"chr1","46768631","46768940","chr20","86409063","86409373","31","39640432"
"chr1","46769011","46769315","chr29","19796485","19796789","36","26972526"
"chr1","46769618","46769920","chr10","44526911","44527217","33","2242707"
"chr1","46773731","46774024","chr20","86403263","86403564","31","39629532"
"chr1","46788054","46788352","chr2","39182421","39182732","44","7605633"
"chr1","46790558","46790857","chr20","86385839","86386131","31","39595281"
"chr1","46790858","46791164","chr8","40178073","40178373","46","6612785"
"chr1","46792062","46792332","chr20","86384354","86384623","29","39592292"
"chr1","46806585","46806907","chr20","86369915","86370225","35","39563330"
"chr1","46846650","46846952","chr22","48547919","48548217","53","1701269"
"chr1","46855487","46855791","chr20","86321010","86321324","30","39465523"
"chr1","46869994","46870302","chr29","7750836","7751141","41","39119158"
"chr1","46933326","46933480","chr20","86248178","86248338","16","39314852"
"chr1","46951295","46951605","chr20","86230934","86231246","29","39279639"
"chr1","46959104","46959403","chr20","86223109","86223416","31","39264005"
"chr1","46965721","46966023","chr20","86216328","86216632","29","39250607"
"chr1","46975663","46975947","chr4","58940690","58940972","31","11965027"
"chr1","46987200","46987453","chr20","80835241","80835499","44","33848041"
"chr1","47002981","47003262","chr11","99273379","99273663","38","52270398"
"chr1","47023828","47024122","chr20","86159262","86159562","25","39135434"
"chr1","47024125","47024311","chr8","36178015","36178199","33","10846110"
"chr1","47055327","47055624","chr20","86130281","86130587","33","39074954"
"chr1","47141749","47142035","chr20","86045868","86046153","21","38904119"
"chr1","47164781","47165078","chr11","118503428","118503726","37","71338647"
"chr1","47258551","47258857","chr20","85862297","85862601","36","38603746"
"chr1","47260399","47260701","chr1","18813436","18813736","46","28446963"
"chr1","47322342","47322660","chr20","85957224","85957523","39","38634882"
"chr1","47386395","47386710","chr20","85910777","85911076","34","38524382"
"chr1","47465594","47465891","chr20","85862297","85862601","39","38396703"
"chr1","47496157","47496444","chr20","85957224","85957523","39","38461067"
"chr1","47498881","47499172","chr20","85957224","85957523","35","38458343"
"chr1","47504850","47505141","chr20","85957224","85957523","35","38452374"
"chr1","47569250","47569546","chr20","85721265","85721544","39","38152015"
"chr1","47575408","47575720","chr5","21911716","21912023","31","25663692"
"chr1","47631585","47631888","chr20","85659309","85659607","28","38027724"
"chr1","47643630","47643932","chr20","85647656","85647965","28","38004026"
"chr1","47649414","47649699","chrX","36953243","36953535","48","10696171"
"chr1","47654164","47654462","chr16","67383778","67384075","33","19729614"
"chr1","47667042","47667346","chr1","77129298","77129607","48","29462256"
"chr1","47696413","47696718","chr20","85597455","85597758","26","37901042"
"chr1","47697517","47697826","chr20","85596368","85596672","31","37898851"
"chr1","47700080","47700371","chr2","32946560","32946853","34","14753520"
"chr1","47701262","47701564","chr6","19000365","19000666","36","28700897"
"chr1","47701986","47702291","chr20","85594630","85594928","32","37892644"
"chr1","47709022","47709303","chr20","85589874","85590164","29","37880852"
"chr1","47710436","47710736","chr16","10762280","10762585","29","36948156"
"chr1","47712377","47712658","chr24","54784832","54785113","33","7072455"
"chr1","47721397","47721699","chr20","85578248","85578558","36","37856851"
"chr1","47723760","47724022","chr20","85576148","85576410","23","37852388"
"chr1","47728860","47729060","chr23","41306689","41306886","30","6422171"
"chr1","47734223","47734514","chr7","36379608","36379898","32","11354615"
"chr1","47745083","47745370","chr12","25234898","25235188","33","22510185"
"chr1","47762658","47762953","chr19","30057411","30057704","27","17705247"
"chr1","47767747","47768057","chr20","85522655","85522962","28","37754908"
"chr1","47782395","47782700","chr14","105114118","105114427","36","57331723"
"chr1","47799651","47799961","chr20","85490233","85490543","28","37690582"
"chr1","47827133","47827443","chr3","9026672","9026974","39","38800461"
"chr1","47866540","47866836","chr20","85422987","85423285","28","37556447"
"chr1","47886477","47886774","chr20","85403627","85403915","32","37517150"
"chr1","47900978","47901279","chr20","85388713","85389027","31","37487735"
"chr1","47914212","47914521","chrX","35521579","35521890","31","12392633"
"chr1","48103942","48104253","chr20","85188300","85188614","26","37084358"
"chr1","48247833","48248109","chr20","85044655","85044931","36","36796822"
"chr1","48249830","48250143","chr20","85042628","85042947","34","36792798"
"chr1","48374283","48374591","chr20","99960514","99960821","42","51586231"
"chr1","48418463","48418762","chr20","84884523","84884833","36","36466060"
"chr1","48476457","48476758","chr20","84830016","84830318","33","36353559"
"chr1","48496972","48497261","chrX_KE148108v1_random","4865365","4865656","36","43631607"
"chr1","48560765","48561072","chr7","106045851","106046152","51","57485086"
"chr1","48561664","48561980","chr20","84622930","84623245","23","36061266"
"chr1","48720692","48720967","chr19","21211544","21211829","43","27509148"
"chr1","48774646","48774936","chrX","21614638","21614927","29","27160008"
"chr1","48839371","48839670","chr13","22150394","22150692","32","26688977"
"chr1","48864471","48864776","chr23","22864793","22865102","36","25999678"
"chr1","48870189","48870479","chr11","118168788","118169077","39","69298599"
"chr1","48939153","48939473","chrUn_KE147547v1","46041","46367","46","48893112"
"chr1","48982153","48982445","chr1","9922951","9923243","28","39059202"
"chr1","49063048","49063361","chr20","84130109","84130424","35","35067061"
"chr1","49157776","49158066","chr2","80142334","80142623","34","30984558"
"chr1","49265783","49266068","chr20","83928557","83928842","24","34662774"
"chr1","49297413","49297714","chr9","34915186","34915485","31","14382227"
"chr1","49360516","49360804","chr20","83827385","83827676","23","34466869"
"chr1","49599343","49599623","chr20","83597359","83597636","19","33998016"
"chr1","49725536","49725821","chr20","83492559","83492838","33","33767023"
"chr1","49726089","49726352","chr10","87553092","87553358","41","37827003"
"chr1","49811669","49811978","chr20","83410347","83410653","26","33598678"
"chr1","49888071","49888364","chr20","83337348","83337649","26","33449277"
"chr1","49904032","49904263","chr20","83322886","83323114","23","33418854"
"chr1","49951390","49951620","chr20","83322886","83323114","21","33371496"
"chr1","49998807","49999117","chr20","83248310","83248623","32","33249503"
"chr1","50063425","50063565","chr10","113328543","113328693","28","63265118"
"chr1","50396326","50396653","chr3","58790106","58790430","44","8393780"
"chr1","50397732","50398032","chr20","82881535","82881825","37","32483803"
"chr1","50501161","50501458","chr8","27210528","27210820","38","23290633"
"chr1","50511709","50511947","chr9","61704066","61704306","39","11192357"
"chr1","50522217","50522513","chr24","38903964","38904258","33","11618253"
"chr1","50545812","50546098","chr20","82733934","82734223","23","32188122"
"chr1","50588318","50588620","chr8","119975330","119975634","34","69387012"
"chr1","50754091","50754402","chr11","4422956","4423267","28","46331135"
"chr1","50765057","50765354","chr20","82519946","82520249","30","31754889"
"chr1","50859289","50859590","chr20","82423915","82424211","22","31564626"
"chr1","50885263","50885551","chr1","17699624","17699919","35","33185639"
"chr1","50891242","50891532","chr20","82395586","82395886","32","31504344"
"chr1","50925421","50925719","chr27","41467190","41467490","36","9458231"
"chr1","50939369","50939665","chr20","82346212","82346498","28","31406843"
"chr1","50954566","50954809","chr9","34088434","34088698","49","16866132"
"chr1","50957965","50958265","chr13","84603677","84603975","43","33645712"
"chr1","50960608","50960910","chr4","69040480","69040776","32","18079872"
"chr1","50962119","50962417","chr20","82323564","82323861","19","31361445"
"chr1","50967965","50968249","chr20","82317754","82318022","35","31349789"
"chr1","50988528","50988838","chr24","7204590","7204900","34","43783938"
"chr1","51003782","51004101","chr2","25643910","25644227","43","25359872"
"chr1","51008547","51008847","chr20","82279276","82279585","35","31270729"
"chr1","51009457","51009757","chr20","82278054","82278350","34","31268597"
"chr1","51043731","51044015","chr9","122779112","122779392","37","71735381"
"chr1","51048237","51048521","chr13","14617984","14618268","32","36430253"
"chr1","51062130","51062434","chr20","82225695","82226004","40","31163565"
"chr1","51063159","51063455","chr9","71130186","71130482","35","20067027"
"chr1","51074922","51075236","chr20","93016925","93017235","54","41942003"
"chr1","51081790","51082119","chr26","14166554","14166877","59","36915236"
"chr1","51118656","51118964","chr7","131947263","131947571","58","80828607"
"chr1","51248783","51249067","chr24","44559682","44559967","45","6689101"
"chr1","51252511","51252806","chr15","57594128","57594422","32","6341617"
"chr1","51291635","51291938","chr5","59743438","59743749","40","8451803"
"chr1","51304983","51305277","chr20","82001480","82001781","20","30696497"
"chr1","51324121","51324424","chr20","81983924","81984213","30","30659803"
"chr1","51335730","51335952","chr17","38823537","38823742","47","12512193"
"chr1","51360208","51360500","chr20","81948354","81948648","37","30588146"
"chr1","51363325","51363591","chr20","81943743","81943999","25","30580418"
"chr1","51401037","51401337","chr5","57816765","57817061","33","6415728"
"chr1","51403076","51403384","chr11","105810531","105810837","40","54407455"
"chr1","51416834","51417125","chr14","52464014","52464302","33","1047180"
"chr1","51424630","51424894","chr20","81892790","81893033","42","30468160"
"chr1","51428514","51428799","chr20","81889765","81890047","24","30461251"
"chr1","51468865","51469165","chr20","81848792","81849082","32","30379927"
"chr1","51472668","51472964","chr7","129959960","129960258","32","78487292"
"chr1","51474873","51475178","chr14","81579429","81579733","42","30104556"
"chr1","51495396","51495705","chr6","5492493","5492805","37","46002903"
"chr1","51519738","51520026","chr14","41765928","41766216","33","9753810"
"chr1","51534801","51535064","chr9","68369553","68369817","48","16834752"
"chr1","51538176","51538487","chr6","19326518","19326827","39","32211658"
"chr1","51551678","51551982","chr20","81774127","81774432","34","30222449"
"chr1","51554028","51554331","chr20","81771808","81772105","24","30217780"
"chr1","51559918","51560146","chr17","30157577","30157805","35","21402341"
"chr1","51568163","51568474","chr8","48698345","48698653","40","2869818"
"chr1","51569267","51569584","chr8","40128109","40128422","47","11441158"
"chr1","51572055","51572369","chr24","44722758","44723068","40","6849297"
"chr1","51578402","51578713","chr23","37753252","37753563","31","13825150"
"chr1","51579449","51579768","chr20","81751534","81751844","30","30172085"
"chr1","51583116","51583425","chr23","37753252","37753563","30","13829864"
"chr1","51585659","51585960","chr24","78475991","78476298","31","26890332"
"chr1","51587304","51587624","chr20","81743627","81743930","40","30156323"
"chr1","51591224","51591524","chr8","7114217","7114516","38","44477007"
"chr1","51595877","51596172","chr20","81734022","81734317","18","30138145"
"chr1","51632840","51633149","chr22","16974195","16974505","40","34658645"
"chr1","51636717","51636880","chr2","585488","585651","21","51051229"
"chr1","51637185","51637225","chr17","52300065","52300107","9","662880"
"chr1","51683309","51683606","chr6","13473280","13473574","30","38210029"
"chr1","51699271","51699586","chr20","81630991","81631300","39","29931720"
"chr1","51710185","51710502","chr6","5510448","5510764","40","46199737"
"chr1","51712858","51713167","chr8","31712341","31712652","35","20000517"
"chr1","51725823","51726126","chr23","26706985","26707283","47","25018838"
"chr1","51728734","51729015","chr20","81601552","81601827","27","29872818"
"chr1","51757657","51757959","chr16","61063438","61063741","37","9305781"
"chr1","51758756","51759065","chr10","44028544","44028854","30","7730212"
"chr1","51769681","51769954","chr20","81574447","81574738","38","29804766"
"chr1","51805036","51805341","chr9","12133876","12134181","31","39671160"
"chr1","51806140","51806448","chr6","37248214","37248526","51","14557926"
"chr1","51808638","51808888","chr16","31906139","31906391","41","19902499"
"chr1","51813585","51813884","chr7","37298478","37298772","36","14515107"
"chr1","51832771","51832980","chr20","81510829","81511036","26","29678058"
"chr1","51834214","51834515","chr3","91490564","91490868","42","39656350"
"chr1","51843365","51843650","chr5","57862071","57862355","32","6018706"
"chr1","51884397","51884683","chr20","81461547","81461829","32","29577150"
"chr1","51885630","51885958","chr20","81460258","81460570","48","29574628"
"chr1","51888857","51889142","chr27","10380206","10380492","31","41508651"
"chr1","51893671","51893974","chr5","3759750","3760051","36","48133921"
"chr1","51904542","51904848","chr28","19188684","19188984","30","32715858"
"chr1","51923455","51923755","chr20","81418874","81419175","24","29495419"
"chr1","51927614","51927915","chr20","81414689","81414987","20","29487075"
"chr1","51933300","51933612","chr24","43578636","43578939","38","8354664"
"chr1","51936646","51936958","chr24","43578636","43578939","37","8358010"
"chr1","51956572","51956704","chr16","45753683","45753815","19","6202889"
"chr1","51958797","51959017","chr20","81386839","81387067","15","29428042"
"chr1","51963160","51963472","chr20","81382393","81382718","39","29419233"
"chr1","51987576","51987877","chr20","81362082","81362380","32","29374506"
"chr1","51995943","51996235","chr20","81354095","81354389","31","29358152"
"chr1","51996568","51996850","chr7","111567460","111567746","35","59570892"
"chr1","52003548","52003844","chr20","81347679","81347977","35","29344131"
"chr1","52013072","52013382","chr20","81336920","81337219","34","29323848"
"chr1","52025027","52025311","chr20","81325062","81325352","44","29300035"
"chr1","52043503","52043805","chr20","81305992","81306295","28","29262489"
"chr1","52074746","52075037","chr20","81275837","81276132","26","29201091"
"chr1","52104871","52105183","chr10","44028544","44028854","37","8076327"
"chr1","52123237","52123552","chr14","14997912","14998214","47","37125325"
"chr1","52125266","52125562","chr20","81231271","81231574","29","29106005"
"chr1","52259987","52260296","chr12","46549426","46549730","44","5710561"
"chr1","52266554","52266863","chr3","9026672","9026974","38","43239882"
"chr1","52268179","52268501","chr2","58189233","58189553","42","5921054"
"chr1","52283001","52283282","chr12","73763059","73763340","33","21480058"
"chr1","52296188","52296414","chr6","30157140","30157360","29","22139048"
"chr1","52309380","52309673","chr20","81041469","81041770","32","28732089"
"chr1","52311593","52311891","chr14","46007317","46007617","34","6304276"
"chr1","52318266","52318587","chr20","81032588","81032898","31","28714322"
"chr1","52341015","52341300","chr20","81012470","81012756","18","28671455"
"chr1","52360150","52360453","chr20","80993287","80993587","30","28633137"
"chr1","52378137","52378433","chr20","80975843","80976138","29","28597706"
"chr1","52381936","52382199","chr20","80972086","80972356","21","28590150"
"chr1","52383225","52383435","chr20","80970820","80971036","20","28587595"
"chr1","52391021","52391290","chr20","80960372","80960637","33","28569351"
"chr1","52391919","52392213","chr20","80959459","80959741","35","28567540"
"chr1","52406497","52406803","chr20","80939065","80939360","38","28532568"
"chr1","52478555","52478850","chrX","24812218","24812514","38","27666337"
"chr1","52479204","52479518","chr23","22864793","22865102","43","29614411"
"chr1","52489856","52490151","chr20","80859642","80859924","36","28369786"
"chr1","52493276","52493558","chr20","80855861","80856148","32","28362585"
"chr1","52514224","52514482","chr20","80835241","80835499","23","28321017"
"chr1","52516523","52516791","chr10","117879279","117879545","40","65362756"
"chr1","52519024","52519315","chr12","86318549","86318838","42","33799525"
"chr1","52522008","52522301","chr16","5899471","5899766","36","46622537"
"chr1","52522302","52522619","chr20","80828568","80828873","38","28306266"
"chr1","52526202","52526485","chr20","80824830","80825115","22","28298628"
"chr1","52532735","52533038","chr3","9026672","9026974","35","43506063"
"chr1","52533979","52534299","chr20","80816279","80816578","47","28282300"
"chr1","52540955","52541262","chr20","80810595","80810898","23","28269640"
"chr1","52551614","52551841","chr6","14841583","14841810","40","37710031"
"chr1","52552010","52552045","chr25","27802723","27802760","8","24749287"
"chr1","52553139","52553445","chr20","80798521","80798833","32","28245382"
"chr1","52554161","52554453","chrX","112002670","112002961","32","59448509"
"chr1","52560502","52560814","chr20","80792222","80792534","26","28231720"
"chr1","52590004","52590316","chr9","62390189","62390502","28","9800185"
"chr1","52602556","52602835","chr20","80760502","80760790","55","28157946"
"chr1","52610036","52610335","chr20","80749697","80749998","36","28139661"
"chr1","52614144","52614447","chr20","101069011","101069309","36","48454867"
"chr1","52617637","52617948","chr20","80733414","80733724","35","28115777"
"chr1","52649409","52649708","chr20","80706068","80706368","24","28056659"
"chr1","52652034","52652329","chr8","7114217","7114516","26","45537817"
"chr1","52673619","52673908","chr20","80678266","80678557","29","28004647"
"chr1","52691590","52691890","chr19","30057411","30057704","51","22634179"
"chr1","52699065","52699361","chr6","37033610","37033897","41","15665455"
"chr1","52704690","52704985","chr20","80650506","80650804","30","27945816"
"chr1","52711696","52712009","chr20","96087671","96087985","32","43375975"
"chr1","52722300","52722599","chr20","80630094","80630393","30","27907794"
"chr1","52734070","52734382","chr20","80617554","80617858","43","27883484"
"chr1","52737246","52737553","chr20","80613072","80613367","35","27875826"
"chr1","52737855","52738144","chr20","80613072","80613367","29","27875217"
"chr1","52750237","52750453","chr20","124415167","124415386","27","71664930"
"chr1","52754376","52754693","chr20","80595675","80595991","12","27841299"
"chr1","52757739","52758035","chr20","80592355","80592635","31","27834616"
"chr1","52758594","52758896","chr28","12741785","12742090","35","40016809"
"chr1","52785683","52785970","chr14","46309257","46309544","39","6476426"
"chr1","52795227","52795522","chr20","80556700","80556996","25","27761473"
"chr1","52805857","52806152","chr20","80546321","80546612","37","27740464"
"chr1","52822793","52823091","chr20","80534850","80535148","18","27712057"
"chr1","52825009","52825299","chr5","21479776","21480065","40","31345233"
"chr1","52828598","52828890","chr14","46622731","46623023","35","6205867"
"chr1","52840635","52840942","chr9","42270116","42270423","35","10570519"
"chr1","52845366","52845647","chr20","80512751","80513049","45","27667385"
"chr1","52872107","52872398","chr6","30660837","30661129","40","22211270"
"chr1","52883469","52883765","chr20","80474809","80475104","26","27591340"
"chr1","52911046","52911354","chr20","80447322","80447614","41","27536276"
"chr1","52927211","52927514","chr16","61063438","61063741","34","8136227"
"chr1","52935133","52935422","chr6","33908236","33908526","31","19026897"
"chr1","52953976","52954285","chr23","75121731","75122042","34","22167755"
"chr1","52956220","52956511","chr16","72650947","72651238","31","19694727"
"chr1","52968852","52969121","chr20","80392468","80392744","21","27423616"
"chr1","52976528","52976819","chr7","37298478","37298772","33","15678050"
"chr1","52982045","52982347","chr14","14997912","14998214","32","37984133"
"chr1","53010602","53010910","chr14","83572620","83572924","32","30562018"
"chr1","53013270","53013568","chr2","87753173","87753470","40","34739903"
"chr1","53024669","53024969","chr3","20151076","20151376","28","32873593"
"chr1","53031951","53032262","chr8","137396029","137396340","42","84364078"
"chr1","53039917","53040084","chr14","81245028","81245195","24","28205111"
"chr1","53044070","53044357","chr20","80316898","80317187","18","27272828"
"chr1","53058708","53059004","chr1","62642176","62642473","52","9583468"
"chr1","53060757","53061044","chr5","18721938","18722228","31","34338819"
"chr1","53063151","53063480","chr20","80296472","80296783","46","27233321"
"chr1","53067003","53067294","chr20","80292690","80292983","18","27225687"
"chr1","53078080","53078383","chr8","7114217","7114516","29","45963863"
"chr1","53078658","53078972","chr20","80281256","80281562","41","27202598"
"chr1","53082897","53083178","chr20","80269621","80269903","20","27186724"
"chr1","53089229","53089520","chr1","17699624","17699919","46","35389605"
"chr1","53093315","53093587","chr20","80269621","80269903","28","27176306"
"chr1","53123437","53123739","chr20","80245526","80245826","22","27122089"
"chr1","53143973","53144274","chr6","49568740","49569041","36","3575233"
"chr1","53145752","53146056","chr20","80221953","80222249","43","27076201"
"chr1","53158330","53158636","chr3","78247333","78247635","34","25089003"
"chr1","53162869","53163124","chr20","80206974","80207228","27","27044105"
"chr1","53163775","53164068","chr6","11126020","11126316","40","42037755"
"chr1","53166305","53166598","chr20","115280190","115280482","48","62113885"
"chr1","53166937","53167232","chr20","80199844","80200134","20","27032907"
"chr1","53173173","53173470","chr29","3679597","3679897","30","49493576"
"chr1","53182200","53182489","chr13","63629182","63629480","39","10446982"
"chr1","53187833","53188115","chr7","111567460","111567746","29","58379627"
"chr1","53189641","53189941","chr20","80182462","80182754","28","26992821"
"chr1","53204947","53205245","chr20","80170138","80170433","28","26965191"
"chr1","53206946","53207229","chr20","80168693","80168979","25","26961747"
"chr1","53207605","53207911","chr20","80168019","80168316","37","26960414"
"chr1","53215617","53215916","chr20","80161229","80161525","19","26945612"
"chr1","53239328","53239625","chr1","32350047","32350343","35","20889281"
"chr1","53243211","53243517","chr20","80132839","80133142","30","26889628"
"chr1","53246469","53246772","chr20","80129920","80130213","33","26883451"
"chr1","53253104","53253376","chr20","80123064","80123336","12","26869960"
"chr1","53268341","53268643","chr6","36951476","36951790","52","16316865"
"chr1","53271802","53272112","chr20","80102182","80102492","23","26830380"
"chr1","53296028","53296375","chr17","61627435","61627797","73","8331407"
"chr1","53301311","53301610","chr20","80075530","80075826","28","26774219"
"chr1","53323403","53323680","chr16","2679156","2679431","44","50644247"
"chr1","53348888","53349182","chr20","80031431","80031719","32","26682543"
"chr1","53349307","53349606","chr12","27056019","27056313","46","26293288"
"chr1","53351971","53352276","chrX","28325159","28325458","31","25026812"
"chr1","53353260","53353516","chrX","16958483","16958741","40","36394777"
"chr1","53366514","53366824","chr17","51745130","51745437","44","1621384"
"chr1","53377897","53378206","chr20","79985307","79985615","21","26607410"
"chr1","53389381","53389695","chr20","79967279","79967577","35","26577898"
"chr1","53394306","53394578","chr20","79962146","79962442","37","26567840"
"chr1","53400700","53400999","chr8","7114217","7114516","43","46286483"
"chr1","53426747","53427053","chr20","79935098","79935403","29","26508351"
"chr1","53445226","53445517","chr2","39175459","39175740","52","14269767"
"chr1","53447861","53448158","chr20","79920205","79920497","25","26472344"
"chr1","53576914","53577224","chr16","14693485","14693793","33","38883429"
"chr1","53606749","53607056","chr20","79765245","79765554","24","26158496"
"chr1","53658299","53658561","chr20","79715005","79715272","27","26056706"
"chr1","53663816","53664119","chr20","79709449","79709772","37","26045633"
"chr1","53681620","53681921","chr16","70126468","70126774","38","16444848"
"chr1","53757290","53757584","chr6","35001420","35001717","35","18755870"
"chr1","53873035","53873331","chr20","79502625","79502923","33","25629590"
"chr1","53906950","53907243","chr7","111567460","111567746","40","57660510"
"chr1","53908340","53908644","chr1","67026506","67026811","46","13118166"
"chr1","53916409","53916721","chrX","30243934","30244245","36","23672475"
"chr1","53945291","53945578","chr20","79436303","79436592","22","25491012"
"chr1","53955323","53955628","chr7","115570162","115570467","32","61614839"
"chr1","54003668","54003969","chr3","9026672","9026974","36","44976996"
"chr1","54067473","54067757","chr1","17500539","17500826","31","36566934"
"chr1","54160525","54160829","chr20","79228719","79229018","27","25068194"
"chr1","54205886","54206189","chr20","79185138","79185447","27","24979252"
"chr1","54230294","54230612","chr20","79160741","79161052","39","24930447"
"chr1","54237052","54237360","chr28","10426114","10426421","32","43810938"
"chr1","54282691","54283004","chr20","79114702","79115013","35","24832011"
"chr1","54290495","54290796","chr1","20383896","20384196","38","33906599"
"chr1","54293789","54294075","chr20","105208435","105208713","53","50914646"
"chr1","54302093","54302391","chr20","79094851","79095147","11","24792758"
"chr1","54307281","54307577","chr10","2560117","2560413","30","51747164"
"chr1","54353854","54354154","chr5","69382454","69382755","34","15028600"
"chr1","54405912","54406204","chr20","78989954","78990246","22","24584042"
"chr1","54417301","54417599","chr20","78978794","78979095","13","24561493"
"chr1","54436182","54436476","chr20","78961984","78962283","40","24525802"
"chr1","54463191","54463490","chr13","42750623","42750922","37","11712568"
"chr1","54470533","54470844","chr19","32418463","32418774","36","22052070"
"chr1","54478740","54479047","chr20","78933004","78933311","33","24454264"
"chr1","54493497","54493805","chr20","78919707","78920010","30","24426210"
"chr1","54534684","54534883","chr12","18328848","18329049","37","36205836"
"chr1","54538188","54538492","chr20","78877529","78877829","32","24339341"
"chr1","54577532","54577831","chr20","78837251","78837555","32","24259719"
"chr1","54578013","54578327","chr20","78836757","78837067","31","24258744"
"chr1","54612484","54612794","chr27","25166790","25167092","37","29445694"
"chr1","54615042","54615278","chr18","59955969","59956201","33","5340927"
"chr1","54627627","54627921","chr6","42686969","42687261","31","11940658"
"chr1","54631746","54632043","chr6","6571989","6572284","37","48059757"
"chr1","54638120","54638427","chr1","66050440","66050743","29","11412320"
"chr1","54640566","54640869","chr20","78778433","78778743","28","24137867"
"chr1","54644034","54644335","chr20","78774904","78775204","30","24130870"
"chr1","54673973","54674266","chr20","78744111","78744386","38","24070138"
"chr1","54677568","54677778","chr7","94074486","94074684","41","39396918"
"chr1","54715022","54715266","chr9","61704066","61704306","41","6989044"
"chr1","54776458","54776771","chr20","78641235","78641544","34","23864777"
"chr1","54794911","54795158","chr9","34088434","34088698","40","20706477"
"chr1","54796360","54796668","chr23","37753252","37753563","30","17043108"
"chr1","54799500","54799791","chr2","89605361","89605646","49","34805861"
"chr1","54819954","54820246","chr16","910992","911299","41","53908962"
"chr1","54864343","54864645","chr20","78552062","78552363","18","23687719"
"chr1","54876205","54876505","chr20","78540607","78540913","23","23664402"
"chr1","54897175","54897465","chr2","61133608","61133894","38","6236433"
"chr1","54905533","54905709","chr12","103723836","103724011","31","48818303"
"chr1","54907854","54908155","chr20","78506697","78506995","25","23598843"
"chr1","54909602","54909914","chr20","78494537","78494850","25","23584935"
"chr1","54912895","54913199","chr14","14997912","14998214","35","39914983"
"chr1","54913852","54914161","chr2","35984887","35985192","33","18928965"
"chr1","54963776","54964059","chr1","63901903","63902189","31","8938127"
"chr1","54966991","54967265","chr15","90899118","90899396","50","35932127"
"chr1","54971023","54971340","chr8","89698427","89698751","46","34727404"
"chr1","54989362","54989666","chr17","61674646","61674941","38","6685284"
"chr1","54990775","54991079","chr13","56255863","56256166","40","1265088"
"chr1","55037426","55037610","chr26","56138955","56139143","26","1101529"
"chr1","55047108","55047388","chr16","58589320","58589595","35","3542212"
"chr1","55051580","55051893","chr20","78364185","78364494","23","23312605"
"chr1","55055002","55055282","chr20","78361405","78361690","28","23306403"
"chr1","55070758","55071064","chr20","78345590","78345893","30","23274832"
"chr1","55103904","55104112","chr13","62969803","62970008","28","7865899"
"chr1","55106011","55106315","chr20","111090332","111090632","34","55984321"
"chr1","55124210","55124506","chr20","78301583","78301885","25","23177373"
"chr1","55131111","55131384","chr20","78294720","78295001","28","23163609"
"chr1","55131544","55131849","chr20","78294245","78294548","22","23162701"
"chr1","55134548","55134876","chr20","103846859","103847192","56","48712311"
"chr1","55142328","55142625","chr20","120519440","120519734","37","65377112"
"chr1","55146480","55146789","chr20","78280797","78281106","30","23134317"
"chr1","55147868","55148156","chr15","91297287","91297581","49","36149419"
"chr1","55176682","55177002","chr20","102069946","102070249","45","46893264"
"chr1","55178728","55179044","chr17","14307202","14307513","37","40871526"
"chr1","55179671","55179916","chr20","23223642","23223890","33","31956029"
"chr1","55225580","55225885","chr16","8476344","8476649","35","46749236"
"chr1","55230103","55230404","chr20","78198024","78198330","33","22967921"
"chr1","55261914","55262226","chr20","78166678","78166985","24","22904764"
"chr1","55283873","55284170","chr20","78146490","78146793","27","22862617"
"chr1","55290399","55290625","chr9","61704066","61704306","53","6413667"
"chr1","55331777","55332072","chr20","78099994","78100280","28","22768217"
"chr1","55337321","55337615","chr1","11012488","11012778","28","44324833"
"chr1","55337846","55338155","chr2","47505197","47505502","35","7832649"
"chr1","55349843","55350140","chr15","39288064","39288363","43","16061779"
"chr1","55369868","55370172","chr6","49410992","49411297","33","5958876"
"chr1","55371224","55371521","chr20","78061879","78062178","20","22690655"
"chr1","55397182","55397479","chr16","64557743","64558040","35","9160561"
"chr1","55415702","55416004","chr20","78031490","78031788","31","22615788"
"chr1","55431744","55432016","chr20","78018117","78018390","29","22586373"
"chr1","55442652","55442951","chrX","43907476","43907773","42","11535176"
"chr1","55472176","55472478","chr2","80391827","80392129","40","24919651"
"chr1","55473126","55473412","chrX","67015684","67015969","46","11542558"
"chr1","55478806","55479124","chr19","9514256","9514567","38","45964550"
"chr1","55526334","55526620","chr20","77924282","77924583","32","22397948"
"chr1","55546689","55546989","chr20","77903993","77904291","26","22357304"
"chr1","55650160","55650447","chr20","17836072","17836354","40","37814088"
"chr1","55682411","55682716","chr2","39182421","39182732","38","16499990"
"chr1","55694920","55695223","chr20","77758115","77758426","26","22063195"
"chr1","55711619","55711915","chr20","77741451","77741745","16","22029832"
"chr1","55739377","55739677","chr20","77713630","77713942","38","21974253"
"chr1","55749646","55749934","chr6","17534533","17534818","36","38215113"
"chr1","55751849","55752138","chr20","77700931","77701228","30","21949082"
"chr1","55821380","55821658","chr26","51742814","51743099","42","4078566"
"chr1","55822631","55822945","chr20","77628057","77628376","33","21805426"
"chr1","55824685","55824981","chr10","8456154","8456454","32","47368531"
"chr1","55886568","55886806","chr20","40465924","40466168","35","15420644"
"chr1","55959766","55960067","chr20","77487064","77487366","23","21527298"
"chr1","56011217","56011506","chr20","77435973","77436266","21","21424756"
"chr1","56221216","56221435","chr2","33468575","33468791","47","22752641"
"chr1","56346745","56347042","chr20","77114216","77114507","36","20767471"
"chr1","56535158","56535446","chr20","76937296","76937584","26","20402138"
"chr1","56582871","56583173","chr20","76889463","76889771","31","20306592"
"chr1","56595296","56595605","chr20","76877366","76877653","40","20282070"
"chr1","56599323","56599633","chr20","76873297","76873607","34","20273974"
"chr1","56648136","56648447","chrX","29627577","29627888","33","27020559"
"chr1","56655285","56655585","chr11","46876076","46876381","34","9779209"
"chr1","56693552","56693856","chr28","11123066","11123368","39","45570486"
"chr1","56700023","56700306","chr20","76785085","76785357","34","20085062"
"chr1","56824215","56824524","chr5","19268341","19268645","41","37555874"
"chr1","56870679","56870973","chr17","27445886","27446183","38","29424793"
"chr1","56934558","56934823","chr18","46099496","46099770","44","10835062"
"chr1","56943576","56943859","chr20","76544891","76545178","37","19601315"
"chr1","56955722","56955918","chr15","5505700","5505894","27","51450022"
"chr1","56978103","56978317","chr13","64698966","64699180","47","7720863"
"chr1","56982686","56982992","chr20","76493814","76494114","31","19511128"
"chr1","56990394","56990696","chr9","117230098","117230400","37","60239704"
"chr1","56994964","56995266","chr26","46232611","46232904","39","10762353"
"chr1","57025133","57025419","chr20","76451479","76451773","34","19426346"
"chr1","57081826","57082125","chr8","2997172","2997472","33","54084654"
"chr1","57110404","57110713","chr18","32657487","32657794","31","24452917"
"chr1","57165580","57165858","chr10","16490433","16490709","33","40675147"
"chr1","57182860","57183155","chr20","76299409","76299710","43","19116549"
"chr1","57230225","57230532","chr20","76254608","76254908","35","19024383"
"chr1","57232082","57232393","chr20","76254608","76254908","40","19022526"
"chr1","57341534","57341833","chr18","32003045","32003344","32","25338489"
"chr1","57448451","57448738","chr15","4942661","4942952","36","52505790"
"chr1","57453446","57453738","chr7","31246739","31247031","38","26206707"
"chr1","57506219","57506521","chr17","1769259","1769563","42","55736960"
"chr1","57640782","57641093","chr20","75859675","75859984","30","18218893"
"chr1","57688531","57688829","chrX","20403447","20403743","35","37285084"
"chr1","57728757","57729066","chr20","75771546","75771847","48","18042789"
"chr1","57740621","57740929","chr6","30393310","30393612","37","27347311"
"chr1","57799380","57799677","chr20","75700548","75700849","32","17901168"
"chr1","57971676","57971987","chr20","75531085","75531396","27","17559409"
"chr1","57972581","57972891","chr23","75121731","75122042","33","17149150"
"chr1","58019881","58020162","chr6","37033610","37033897","33","20986271"
"chr1","58060325","58060616","chr9","11650915","11651209","33","46409410"
"chr1","58100896","58101197","chr5","60465815","60466116","35","2364919"
"chr1","58140129","58140432","chr21","96671427","96671726","59","38531298"
"chr1","58193076","58193366","chr20","75323183","75323483","30","17130107"
"chr1","58322093","58322375","chr12","6822414","6822696","37","51499679"
"chr1","58467155","58467466","chr20","75057425","75057735","48","16590270"
"chr1","58475108","58475235","chr5","27100181","27100296","45","31374927"
"chr1","58479110","58479387","chr12","48123106","48123382","50","10356004"
"chr1","58500874","58501158","chr1","74063592","74063884","41","15562718"
"chr1","58539608","58539900","chr20","74980738","74981030","20","16441130"
"chr1","58555302","58555612","chr20","74964318","74964622","32","16409016"
"chr1","58573532","58573833","chr20","74946170","74946472","25","16372638"
"chr1","58685052","58685354","chr2","5914047","5914349","30","52771005"
"chr1","58726856","58727158","chrX","608380","608683","36","58118476"
"chr1","58975617","58975944","chr11","53771132","53771456","53","5204485"
"chr1","58997632","58997920","chr20","74504380","74504659","31","15506748"
"chr1","59060758","59061052","chr4","68915144","68915440","37","9854386"
"chr1","59105295","59105581","chr20","74407266","74407566","31","15301971"
"chr1","59156926","59157192","chr19","11805188","11805454","37","47351738"
"chr1","59213277","59213581","chrX","8693862","8694157","37","50519415"
"chr1","59237900","59238199","chr1","19453527","19453824","31","39784373"
"chr1","59243659","59243960","chr7","18983108","18983415","39","40260551"
"chr1","59252406","59252676","chr10","119410106","119410374","32","60157700"
"chr1","59277265","59277567","chr20","74243249","74243553","27","14965984"
"chr1","59312826","59313135","chr8","48698345","48698653","40","10614481"
"chr1","59392914","59392997","chr14","59814437","59814523","18","421523"
"chr1","59393352","59393568","chr17","38823537","38823742","47","20569815"
"chr1","59431367","59431657","chr20","74094807","74095098","30","14663440"
"chr1","59445449","59445757","chr20","74080040","74080344","31","14634591"
"chr1","59456249","59456588","chr20","74069677","74070015","31","14613428"
"chr1","59488787","59489092","chr20","74038038","74038347","27","14549251"
"chr1","59647937","59648225","chr6","33908236","33908526","29","25739701"
"chr1","59741885","59742184","chr20","73779344","73779652","27","14037459"
"chr1","60006855","60007160","chr9","52123142","52123450","30","7883713"
"chr1","60047691","60047995","chr13","78926316","78926620","34","18878625"
"chr1","60193750","60194045","chr20","70647545","70647842","30","10453795"
"chr1","60235467","60235764","chr19","12081434","12081734","29","48154033"
"chr1","60270597","60270886","chr13","12130755","12131043","33","48139842"
"chr1","60291698","60291990","chr20","73268425","73268713","25","12976727"
"chr1","60309487","60309706","chr20","73250134","73250330","45","12940647"
"chr1","60378301","60378576","chr2","38533593","38533864","36","21844708"
"chr1","60450410","60450695","chr20","73106008","73106298","30","12655598"
"chr1","60509116","60509373","chr20","73042138","73042396","24","12533022"
"chr1","60514169","60514463","chrX","66816797","66817088","35","6302628"
"chr1","60519044","60519303","chr8","134749067","134749327","53","74230023"
"chr1","60655040","60655338","chr20","44462128","44462426","39","16192912"
"chr1","60824768","60825079","chr2","61286840","61287151","39","462072"
"chr1","60882607","60882912","chr16","25344377","25344680","33","35538230"
"chr1","60912234","60912524","chr20","72637310","72637590","38","11725076"
"chr1","61022830","61023137","chr20","72527214","72527498","43","11504384"
"chr1","61026378","61026518","chr1","68435863","68435990","36","7409485"
"chr1","61071415","61071726","chr16","45530594","45530903","41","15540821"
"chr1","61071734","61072014","chr9","70455694","70455993","43","9383960"
"chr1","61425093","61425399","chr21","75008308","75008615","32","13583215"
"chr1","61466286","61466576","chrX","22852905","22853198","38","38613381"
"chr1","61526207","61526509","chr20","72057000","72057303","33","10530793"
"chr1","61531802","61532097","chr1","9922951","9923243","47","51608851"
"chr1","61570732","61571012","chr25","42774885","42775167","36","18795847"
"chr1","61578633","61578917","chr20","72005346","72005631","25","10426713"
"chr1","61582240","61582523","chr6","18966316","18966600","41","42615924"
"chr1","61589488","61589796","chr20","71994090","71994396","20","10404602"
"chr1","61596388","61596702","chr6","2526617","2526929","43","59069771"
"chr1","61608971","61609345","chr20","71975382","71975731","55","10366411"
"chr1","61668477","61668789","chr20","71916739","71917039","31","10248262"
"chr1","61710344","61710655","chr20","71875277","71875582","28","10164933"
"chr1","61767195","61767481","chr20","99909114","99909396","38","38141919"
"chr1","61769434","61769726","chr20","71816588","71816887","36","10047154"
"chr1","61800038","61800315","chr6","21644842","21645117","39","40155196"
"chr1","61833688","61833998","chr20","71751827","71752135","31","9918139"
"chr1","61909043","61909355","chr20","71681316","71681628","29","9772273"
"chr1","61910248","61910476","chr20","71680208","71680441","27","9769960"
"chr1","61951335","61951622","chr20","71639843","71640131","43","9688508"
"chr1","62026353","62026576","chr11","124263168","124263380","44","62236815"
"chr1","62034460","62034756","chr20","71557842","71558142","24","9523382"
"chr1","62055576","62055879","chr20","71537604","71537909","31","9482028"
"chr1","62112161","62112463","chr20","71481138","71481437","18","9368977"
"chr1","62115417","62115718","chr2","16817283","16817584","44","45298134"
"chr1","62175655","62175938","chr20","71419246","71419528","17","9243591"
"chr1","62183686","62183838","chr8","138016006","138016164","28","75832320"
"chr1","62216814","62217138","chr13","45171921","45172226","47","17044893"
"chr1","62224802","62225110","chr23","74217020","74217331","38","11992218"
"chr1","62249660","62249969","chr16","5146243","5146547","37","57103417"
"chr1","62261386","62261680","chr20","71332508","71332803","25","9071122"
"chr1","62270576","62270874","chr9","95759115","95759402","55","33488539"
"chr1","62272570","62272865","chr19","19308968","19309259","42","42963602"
"chr1","62294982","62295284","chr20","71303644","71303932","37","9008662"
"chr1","62296268","62296590","chr18","65304770","65305087","49","3008502"
"chr1","62299067","62299370","chr19","5605549","5605855","34","56693518"
"chr1","62305637","62305929","chr2","32946560","32946853","38","29359077"
"chr1","62319897","62320190","chr22","72903386","72903680","41","10583489"
"chr1","62327931","62328195","chr16","7193790","7194053","34","55134141"
"chr1","62345844","62346026","chr22","1984814","1984997","36","60361030"
"chr1","62346076","62346136","chr20","71260241","71260298","9","8914165"
"chr1","62359163","62359435","chr20","71241900","71242173","19","8882737"
"chr1","62369176","62369485","chr20","71232453","71232766","33","8863277"
"chr1","62374813","62375109","chr1","17699624","17699919","38","44675189"
"chr1","62376335","62376642","chr8","10801167","10801476","36","51575168"
"chr1","62398157","62398445","chr16","43962748","43963037","44","18435409"
"chr1","62422263","62422558","chr1","17699624","17699919","38","44722639"
"chr1","62435944","62436241","chr1","103807885","103808180","33","41371941"
"chr1","62471006","62471297","chr4","52351346","52351638","36","10119660"
"chr1","62509392","62509689","chr20","71101626","71101935","36","8592234"
"chr1","62566619","62566931","chr28","19211197","19211508","38","43355422"
"chr1","62582909","62583202","chr28","18578452","18578745","37","44004457"
"chr1","62584151","62584456","chr20","71041761","71042070","30","8457610"
"chr1","62617684","62617993","chr11","46393329","46393640","35","16224355"
"chr1","62625913","62626162","chr20","71000138","71000403","40","8374225"
"chr1","62645247","62645549","chr20","70980785","70981092","20","8335538"
"chr1","62654571","62654875","chr8","7114217","7114516","40","55540354"
"chr1","62667654","62667925","chr17","34620630","34620901","29","28047024"
"chr1","62683203","62683502","chr20","70945439","70945738","34","8262236"
"chr1","62689595","62689914","chr16","6770929","6771247","42","55918666"
"chr1","62690647","62690932","chr20","70937672","70937951","33","8247025"
"chr1","62693501","62693796","chr20","70934749","70935043","17","8241248"
"chr1","62700546","62700842","chr16","62764099","62764400","37","63553"
"chr1","62704644","62704938","chr1","17699624","17699919","34","45005020"
"chr1","62711157","62711450","chr25","27664129","27664423","30","35047028"
"chr1","62714207","62714500","chr20","70914315","70914620","34","8200108"
"chr1","62727134","62727434","chr20","70902064","70902358","24","8174930"
"chr1","62727942","62728246","chr12","81464993","81465297","35","18737051"
"chr1","62728472","62728771","chr12","80083509","80083803","34","17355037"
"chr1","62741693","62741992","chr20_KE148049v1_random","803204","803511","38","61938489"
"chr1","62757063","62757364","chr9","53844257","53844558","31","8912806"
"chr1","62757501","62757796","chr20","70883527","70883830","24","8126026"
"chr1","62758106","62758411","chr20","70882863","70883170","33","8124757"
"chr1","62772627","62772940","chr4","74024443","74024752","52","11251816"
"chr1","62784602","62784895","chr20","70852211","70852514","44","8067609"
"chr1","62791273","62791522","chr27","47121813","47122061","34","15669460"
"chr1","62795181","62795397","chr11","124263168","124263380","45","61467987"
"chr1","62796521","62796813","chr2","80952241","80952533","28","18155720"
"chr1","62821087","62821382","chr2","87753173","87753470","24","24932086"
"chr1","62823865","62824160","chr20","70808133","70808423","32","7984268"
"chr1","62826379","62826679","chr11","71524539","71524844","43","8698160"
"chr1","62845498","62845807","chr20","70784506","70784815","19","7939008"
"chr1","62869986","62870301","chr20","70758493","70758808","28","7888507"
"chr1","62884031","62884331","chr20","70747355","70747659","26","7863324"
"chr1","62908851","62909159","chrX","44809149","44809458","36","18099702"
"chr1","62924280","62924595","chr6","15813882","15814194","34","47110398"
"chr1","62937194","62937490","chr20","77903993","77904291","35","14966799"
"chr1","62975942","62976250","chr20","70656305","70656607","30","7680363"
"chr1","62983503","62983800","chr20","70650206","70650512","29","7666703"
"chr1","62986168","62986470","chr20","70647545","70647842","28","7661377"
"chr1","62988338","62988627","chr20","70645403","70645700","33","7657065"
"chr1","63048210","63048510","chr2","16817283","16817584","32","46230927"
"chr1","63050678","63050941","chr14","36656857","36657121","38","26393821"
"chr1","63052228","63052532","chr1","7763211","7763506","38","55289017"
"chr1","63078960","63079262","chr11","104352832","104353131","30","41273872"
"chr1","63102462","63102783","chr20","70528801","70529105","41","7426339"
"chr1","63105393","63105689","chr20","70525911","70526202","28","7420518"
"chr1","63105824","63106115","chr6","36238229","36238520","31","26867595"
"chr1","63150484","63150782","chrX","38452958","38453251","43","24697526"
"chr1","63240534","63240847","chr20","92192486","92192788","42","28951952"
"chr1","63266247","63266517","chr20","70376613","70376901","43","7110366"
"chr1","63288713","63289000","chr20","70357869","70358162","35","7069156"
"chr1","63290876","63291180","chr18","17039455","17039764","36","46251421"
"chr1","63300567","63300858","chr20","70346883","70347164","25","7046316"
"chr1","63314393","63314694","chr20","70334014","70334312","26","7019621"
"chr1","63355570","63355856","chr20","70304936","70305222","30","6949366"
"chr1","63366994","63367305","chr20","70291980","70292288","23","6924986"
"chr1","63401874","63402170","chr20","70259852","70260150","20","6857978"
"chr1","63411565","63411660","chr21","15495836","15495932","27","47915729"
"chr1","63412269","63412497","chr4","57088302","57088530","39","6323967"
"chr1","63413158","63413451","chr20","70249000","70249297","28","6835842"
"chr1","63436856","63437153","chr20","70225434","70225738","32","6788578"
"chr1","63528650","63528895","chr20","70131597","70131854","39","6602947"
"chr1","63545386","63545667","chr16","3030948","3031228","35","60514438"
"chr1","63546579","63546845","chr20","70111587","70111853","32","6565008"
"chr1","63576414","63576723","chr20","70081517","70081829","23","6505103"
"chr1","63652535","63652813","chr6","15265783","15266059","46","48386752"
"chr1","63696838","63697129","chr16","823334","823630","41","62873504"
"chr1","63704920","63705241","chr20","69951656","69951958","48","6246736"
"chr1","63723702","63724003","chr14","82794681","82794991","46","19070979"
"chr1","63750232","63750513","chr14","53309912","53310202","45","10440320"
"chr1","63757488","63757789","chr20","69899926","69900225","29","6142438"
"chr1","63810796","63811099","chr20","69849038","69849346","35","6038242"
"chr1","63853572","63853892","chr3","12309911","12310239","50","51543661"
"chr1","63867437","63867747","chr20","104839624","104839933","35","40972187"
"chr1","63942680","63942958","chr20","69718532","69718825","28","5775852"
"chr1","63945807","63946111","chr20","69715145","69715456","26","5769338"
"chr1","63961107","63961398","chr16","53211576","53211865","31","10749531"
"chr1","63987923","63988224","chr20","69677483","69677783","26","5689560"
"chr1","63989032","63989314","chr4","75531798","75532081","48","11542766"
"chr1","64001274","64001580","chr13","45171921","45172226","33","18829353"
"chr1","64012141","64012431","chr20","69653794","69654091","34","5641653"
"chr1","64060698","64061004","chr28","8356903","8357207","39","55703795"
"chr1","64061166","64061345","chr1","108556293","108556468","25","44495127"
"chr1","64079119","64079394","chr20","69592110","69592384","34","5512991"
"chr1","64128034","64128335","chr19","32714405","32714707","26","31413629"
"chr1","64142250","64142555","chr20","69534689","69534980","38","5392439"
"chr1","64165168","64165466","chr20","69513002","69513296","33","5347834"
"chr1","64204175","64204401","chr19","1428900","1429123","31","62775275"
"chr1","64235987","64236279","chr20","69441933","69442225","23","5205946"
"chr1","64344447","64344760","chr2","63213955","63214255","35","1130492"
"chr1","64375862","64376159","chr20","69307058","69307353","19","4931196"
"chr1","64392466","64392764","chr5","27859731","27860022","36","36532735"
"chr1","64491272","64491579","chr20","69190743","69191048","23","4699471"
"chr1","64650885","64651190","chr12","47459272","47459575","36","17191613"
"chr1","64674336","64674656","chr20","69010442","69010748","38","4336106"
"chr1","64729627","64729904","chr20","68956657","68956924","27","4227030"
"chr1","64746511","64746823","chr14","18794370","18794680","47","45952141"
"chr1","64842000","64842315","chr17","54596356","54596666","37","10245644"
"chr1","64858857","64859158","chr20","68801002","68801302","23","3942145"
"chr1","64895424","64895732","chr20","68767332","68767638","35","3871908"
"chr1","64896893","64897186","chr20","68766524","68766820","28","3869631"
"chr1","64899308","64899612","chrX","22837588","22837894","37","42061720"
"chr1","64925005","64925305","chr20","68738222","68738521","30","3813217"
"chr1","64976784","64977074","chr20","68692878","68693167","32","3716094"
"chr1","64979902","64980187","chr21","108183261","108183539","38","43203359"
"chr1","65001174","65001483","chr14","75164619","75164925","37","10163445"
"chr1","65006374","65006672","chr20","68663860","68664159","37","3657486"
"chr1","65020754","65020931","chr24","78163975","78164149","16","13143221"
"chr1","65042030","65042330","chr16","2349240","2349537","33","62692790"
"chr1","65050429","65050719","chr20","68622175","68622446","38","3571746"
"chr1","65053704","65054003","chr20","68621030","68621335","38","3567326"
"chr1","65091882","65092186","chrX","96961605","96961915","35","31869723"
"chr1","65145832","65146136","chr20","68529401","68529706","29","3383569"
"chr1","65195344","65195651","chr7","115979390","115979698","40","50784046"
"chr1","65213010","65213312","chr20","68460141","68460444","32","3247131"
"chr1","65215241","65215542","chr20","68457891","68458198","26","3242650"
"chr1","65303600","65303881","chr20","68368835","68369114","30","3065235"
"chr1","65336881","65337195","chr20","68335731","68336038","30","2998850"
"chr1","65365335","65365643","chr20","68308671","68308986","26","2943336"
"chr1","65376120","65376417","chr14","41126456","41126750","36","24249664"
"chr1","65414908","65415215","chr20","68262269","68262574","29","2847361"
"chr1","65451062","65451380","chr7","119789649","119789968","39","54338587"
"chr1","65485034","65485353","chr1","77129298","77129607","47","11644264"
"chr1","65560525","65560825","chr20","68119759","68120061","27","2559234"
"chr1","65585424","65585734","chr20","87759575","87759880","35","22174151"
"chr1","65607714","65608019","chr4","74779751","74780055","37","9172037"
"chr1","65610730","65611038","chr18","17039455","17039764","40","48571275"
"chr1","65633319","65633636","chr20","68038196","68038498","33","2404877"
"chr1","65677242","65677552","chr9","1404199","1404508","40","64273043"
"chr1","65710340","65710645","chrX","113675371","113675678","36","47965031"
"chr1","65711108","65711428","chr12","44289896","44290207","47","21421212"
"chr1","65720427","65720678","chr24","11392993","11393250","43","54327434"
"chr1","65731595","65731906","chr13","97329570","97329873","44","31597975"
"chr1","65742468","65742763","chr20","67920946","67921270","46","2178478"
"chr1","65749977","65750285","chr20","67914792","67915099","36","2164815"
"chr1","65780470","65780611","chr9","39001169","39001316","21","26779301"
"chr1","65780615","65780903","chr20","67882984","67883273","23","2102369"
"chr1","65808132","65808440","chr20","67857485","67857785","32","2049353"
"chr1","65816136","65816444","chr21","37529812","37530112","48","28286324"
"chr1","65816677","65816971","chr5","21592665","21592958","36","44224012"
"chr1","65882716","65883002","chrX","112002670","112002961","41","46119954"
"chr1","65903751","65904049","chr14","83645783","83646082","32","17742032"
"chr1","65907009","65907313","chr5","25487082","25487385","37","40419927"
"chr1","65952845","65953146","chr19","32839948","32840247","38","33112897"
"chr1","65970394","65970685","chr20","67701650","67701946","28","1731256"
"chr1","66045504","66045800","chr23","67018267","67018563","46","972763"
"chr1","66057522","66057824","chr20","67620800","67621106","31","1563278"
"chr1","66103144","66103433","chr16","59525991","59526277","41","6577153"
"chr1","66118632","66118814","chr9","120734317","120734501","34","54615685"
"chr1","66434537","66434823","chr20","67251697","67251988","35","817160"
"chr1","66451399","66451681","chr25","74718595","74718886","38","8267196"
"chr1","66497233","66497529","chr13","79168479","79168776","36","12671246"
"chr1","66534668","66534940","chr1","105162195","105162463","44","38627527"
"chr1","66585843","66586072","chr20","67099315","67099535","27","513472"
"chr1","66590510","66590807","chr20","67097714","67097983","48","507204"
"chr1","66608832","66609103","chr20","67074496","67074760","26","465664"
"chr1","66727571","66727873","chr12","11347898","11348202","45","55379673"
"chr1","66729787","66730089","chr4","31876349","31876651","37","34853438"
"chr1","66740672","66740962","chr20","66954883","66955169","28","214211"
"chr1","66742475","66742746","chr8","137229990","137230263","40","70487515"
"chr1","66900852","66901155","chr20","66811420","66811724","21","89432"
"chr1","66921314","66921628","chr20","66790704","66791018","43","130610"
"chr1","67071182","67071479","chr20","66630718","66631017","31","440464"
"chr1","67085267","67085563","chr6","41220512","41220808","43","25864755"
"chr1","67113315","67113642","chr11","120677479","120677799","52","53564164"
"chr1","67164670","67164966","chr11","96978397","96978692","37","29813727"
"chr1","67343884","67344201","chr15","6951036","6951345","35","60392848"
"chr1","67437290","67437588","chr8","138973046","138973346","38","71535756"
"chr1","67439743","67440054","chr20","66287579","66287882","22","1152164"
"chr1","67460720","67461036","chr20","66268645","66268954","33","1192075"
"chr1","67463261","67463572","chr20","66265965","66266266","29","1197296"
"chr1","67481830","67482113","chr8","90128674","90128960","34","22646844"
"chr1","67484393","67484690","chr20","66246370","66246666","32","1238023"
"chr1","67488818","67489114","chr20","66241978","66242273","28","1246840"
"chr1","67491073","67491337","chr9","7331539","7331805","47","60159534"
"chr1","67505984","67506260","chr20","66225772","66226062","33","1280212"
"chr1","67508605","67508918","chr20","66223093","66223406","26","1285512"
"chr1","67521536","67521831","chr6","16046207","16046500","42","51475329"
"chr1","67555394","67555699","chr14","18837914","18838211","55","48717480"
"chr1","67596751","67597046","chr20","66136310","66136604","34","1460441"
"chr1","67663272","67663580","chr8","88851007","88851316","35","21187735"
"chr1","67748908","67749209","chrX_KE148109v1_random","2263653","2263954","36","65485255"
"chr1","67762323","67762621","chr20","3467120","3467419","37","64295203"
"chr1","67772845","67773149","chr20","65947442","65947744","29","1825403"
"chr1","67778607","67778921","chr20","65942621","65942921","39","1835986"
"chr1","67798724","67799026","chr25","28517791","28518093","39","39280933"
"chr1","67799421","67799728","chr4","50814975","50815277","33","16984446"
"chr1","67810590","67810883","chr20","65916492","65916766","40","1894098"
"chr1","67816631","67816931","chr5","57458284","57458586","40","10358347"
"chr1","67821516","67821812","chr7","37298478","37298772","42","30523038"
"chr1","67828374","67828665","chr20","65898131","65898431","35","1930243"
"chr1","67850369","67850665","chr21","126479992","126480294","39","58629623"
"chr1","67852693","67852998","chr20","65874568","65874877","21","1978125"
"chr1","67894691","67894978","chr20","65834126","65834412","24","2060565"
"chr1","67981066","67981379","chr1","4114686","4114997","38","63866380"
"chr1","67984645","67984920","chrX","13724283","13724559","37","54260362"
"chr1","67992746","67993032","chr6","11892773","11893065","40","56099973"
"chr1","68003271","68003567","chr20","80239197","80239497","31","12235926"
"chr1","68017743","68018061","chr17","70166834","70167147","43","2149091"
"chr1","68022388","68022688","chr20","65703415","65703711","30","2318973"
"chr1","68028508","68028803","chr17","38396488","38396783","29","29632020"
"chr1","68038561","68038863","chr20","65686684","65686978","25","2351877"
"chr1","68053939","68054246","chr9","27826435","27826745","38","40227504"
"chr1","68058518","68058826","chr3","92012309","92012613","37","23953791"
"chr1","68063181","68063468","chr12","60302394","60302677","45","7760787"
"chr1","68085079","68085378","chr20","65642770","65643071","19","2442309"
"chr1","68087937","68088237","chr20","65639928","65640228","26","2448009"
"chr1","68091387","68091692","chr20","65636570","65636876","30","2454817"
"chr1","68109211","68109511","chr20","65623697","65624000","33","2485514"
"chr1","68123559","68123862","chr20","65609824","65610131","34","2513735"
"chr1","68135415","68135706","chr20","65597133","65597434","32","2538282"
"chr1","68144599","68144865","chr20","65588114","65588380","13","2556485"
"chr1","68145508","68145811","chr20","65587195","65587494","20","2558313"
"chr1","68161472","68161775","chr20","65571906","65572205","25","2589566"
"chr1","68192314","68192608","chr20","65542918","65543215","29","2649396"
"chr1","68220576","68220882","chr20","65515106","65515385","43","2705470"
"chr1","68223547","68223837","chr20","65512162","65512443","37","2711385"
"chr1","68336854","68337013","chr11","52390658","52390804","27","15946196"
"chr1","68362842","68363147","chr20","65372037","65372342","27","2990805"
"chr1","68518230","68518526","chr20","65220351","65220655","32","3297879"
"chr1","68625027","68625318","chr10","84922779","84923072","33","16297752"
"chr1","68854347","68854649","chr9","6554963","6555278","60","62299384"
"chr1","68862159","68862468","chr20","64876935","64877233","30","3985224"
"chr1","68886329","68886628","chr9","95691705","95692004","32","26805376"
"chr1","68891803","68892111","chr22","67055105","67055409","44","1836698"
"chr1","68906194","68906502","chr8","26705613","26705923","36","42200581"
"chr1","68946625","68946911","chr6","17679110","17679397","32","51267515"
"chr1","68967264","68967560","chr9","57801534","57801827","39","11165730"
"chr1","68972097","68972393","chr20","64768958","64769252","35","4203139"
"chr1","68973376","68973679","chr20","64767679","64767973","25","4205697"
"chr1","69037200","69037327","chr11","99163864","99163996","15","30126664"
"chr1","69037543","69037695","chr11","99754924","99755079","29","30717381"
"chr1","69049520","69049831","chr20","64686651","64686953","31","4362869"
"chr1","69162755","69162965","chr17","37710593","37710800","35","31452162"
"chr1","69216407","69216711","chr6","14238940","14239225","58","54977467"
"chr1","69239568","69239870","chr24","73621758","73622059","41","4382190"
"chr1","69320588","69320914","chr20","64408125","64408431","42","4912463"
"chr1","69477802","69478102","chr20","64256904","64257205","26","5220898"
"chr1","69513646","69513755","chr1","10174863","10174971","20","59338783"
"chr1","69514261","69514456","chrX","12457311","12457503","34","57056950"
"chr1","69606601","69606908","chr28","10277320","10277621","40","59329281"
"chr1","69763363","69763664","chr8","19926181","19926487","36","49837182"
"chr1","69873001","69873235","chr9","61704066","61704306","46","8168935"
"chr1","69924142","69924448","chr20","63831239","63831547","22","6092903"
"chr1","70132322","70132618","chr20","71007703","71008003","37","875381"
"chr1","70348728","70349038","chr13","38298539","38298847","41","32050189"
"chr1","70419546","70419846","chr17","1769259","1769563","37","68650287"
"chr1","70452063","70452344","chr15","4499189","4499476","42","65952874"
"chr1","70457702","70457985","chr21","109716391","109716674","35","39258689"
"chr1","70642932","70643091","chr6","49269758","49269925","23","21373174"
"chr1","70646890","70647188","chr16","18043987","18044281","36","52602903"
"chr1","70736326","70736639","chr20","1445477","1445787","32","69290849"
"chr1","70764571","70764868","chr20","63015456","63015753","19","7749115"
"chr1","70807386","70807689","chr20","62972587","62972892","23","7834799"
"chr1","70817087","70817384","chr1","32350047","32350343","33","38467040"
"chr1","70860862","70861153","chr6","33908236","33908526","37","36952626"
"chr1","70899155","70899412","chr20","62880892","62881148","24","8018263"
"chr1","70905017","70905317","chr1","103586917","103587220","32","32681900"
"chr1","70915009","70915320","chr14","82794681","82794991","31","11879672"
"chr1","70927962","70928272","chr6","15813882","15814194","39","55114080"
"chr1","70933101","70933386","chr20","62851346","62851629","17","8081755"
"chr1","70942184","70942496","chr20","62843263","62843574","19","8098921"
"chr1","70950691","70951001","chr8","130118211","130118499","66","59167520"
"chr1","70956039","70956339","chr20","62832765","62833066","28","8123274"
"chr1","70963857","70964051","chr7","15845768","15845962","34","55118089"
"chr1","70981072","70981369","chr12","106628779","106629075","35","35647707"
"chr1","70985732","70986031","chr12","28763142","28763445","34","42222590"
"chr1","71002669","71002970","chr2","15997123","15997417","33","55005546"
"chr1","71004572","71004891","chr6","49568740","49569041","48","21435832"
"chr1","71019574","71019882","chr3","9026672","9026974","41","61992902"
"chr1","71039058","71039358","chr20","62728457","62728754","31","8310601"
"chr1","71052262","71052447","chr1","110012661","110012843","57","38960399"
"chr1","71052807","71053101","chr20","62715775","62716068","27","8337032"
"chr1","71066134","71066438","chr20","4859128","4859431","30","66207006"
"chr1","71068945","71069254","chr15","3904633","3904938","33","67164312"
"chr1","71083281","71083586","chr20","62685990","62686291","35","8397291"
"chr1","71085938","71086248","chr20","62683277","62683586","22","8402661"
"chr1","71087211","71087520","chr20","87759575","87759880","39","16672364"
"chr1","71102256","71102564","chr10","112309013","112309326","32","41206757"
"chr1","71102847","71103124","chr22","48948452","48948729","36","22154395"
"chr1","71122173","71122447","chr20","62645557","62645830","26","8476616"
"chr1","71163178","71163479","chr20","62597920","62598224","32","8565258"
"chr1","71177903","71178190","chr20","62574714","62575006","31","8603189"
"chr1","71296477","71296775","chr3","74119688","74119985","27","2823211"
"chr1","71493767","71494067","chr9","111975125","111975420","37","40481358"
"chr1","71506756","71507062","chr20","62264905","62265206","27","9241851"
"chr1","71551326","71551591","chr20","62219791","62220055","35","9331535"
"chr1","71576995","71577307","chr20","62194539","62194831","42","9382456"
"chr1","71585661","71585966","chr10","2882703","2883000","45","68702958"
"chr1","71594379","71594685","chr20","62176235","62176540","19","9418144"
"chr1","71650439","71650626","chr7","15845768","15845962","36","55804671"
"chr1","71670504","71670738","chr23","59433529","59433773","41","12236975"
"chr1","71860399","71860690","chr7","31246739","31247031","39","40613660"
"chr1","71941674","71941998","chr20","61826758","61827072","38","10114916"
"chr1","72223545","72223838","chr20","61543761","61544065","40","10679784"
"chr1","72415191","72415491","chr12","63962265","63962564","43","8452926"
"chr1","72471808","72472059","chr20","61292612","61292838","47","11179196"
"chr1","72546236","72546520","chrX","78598312","78598594","34","6052076"
"chr1","72568518","72568826","chr9","103142967","103143275","45","30574449"
"chr1","72590979","72591270","chr11","96978397","96978692","36","24387418"
"chr1","72661930","72662114","chr20","61103979","61104163","14","11557951"
"chr1","72797229","72797523","chr8","117450023","117450313","58","44652794"
"chr1","72808577","72808858","chr20","60959972","60960254","30","11848605"
"chr1","72883994","72884285","chr25","54343780","54344071","39","18540214"
"chr1","72934868","72935138","chr12","73907607","73907886","48","972739"
"chr1","72940198","72940534","chr20","60826943","60827283","31","12113255"
"chr1","72982486","72982784","chr20","60785146","60785442","26","12197340"
"chr1","73004786","73005082","chr11","96978397","96978692","31","23973611"
"chr1","73019882","73020102","chr4","60377559","60377772","34","12642323"
"chr1","73099140","73099438","chr20","60664762","60665058","29","12434378"
"chr1","73249424","73249707","chr1","105024457","105024739","33","31775033"
"chr1","73277745","73278056","chr20_KE148049v1_random","803204","803511","41","72474541"
"chr1","73382289","73382568","chr1","81344481","81344760","37","7962192"
"chr1","73573616","73573821","chr28","12483857","12484089","57","61089759"
"chr1","73593626","73593930","chr20","60180896","60181206","33","13412730"
"chr1","73605705","73606012","chr7","121850925","121851231","40","48245220"
"chr1","73892093","73892392","chr16","4797485","4797784","33","69094608"
"chr1","73937075","73937335","chr15","34146112","34146374","37","39790963"
"chr1","74053375","74053663","chr20","59751148","59751429","21","14302227"
"chr1","74230921","74231210","chr20","59572741","59573027","30","14658180"
"chr1","74359114","74359406","chr26","20177551","20177842","35","54181563"
"chr1","74390369","74390648","chr16","3995961","3996228","50","70394408"
"chr1","74396241","74396543","chr11","4991234","4991536","46","69405007"
"chr1","74440724","74441032","chr20","59378997","59379292","38","15061727"
"chr1","74459270","74459568","chr24","71676176","71676471","36","2783094"
"chr1","74503386","74503687","chr16","22962406","22962710","38","51540980"
"chr1","74512042","74512350","chr18","32657487","32657794","32","41854555"
"chr1","74551763","74552059","chr18","59313777","59314070","41","15237986"
"chr1","74872555","74872853","chr12","44942998","44943296","32","29929557"
"chr1","75082390","75082694","chr5","43308878","43309187","34","31773512"
"chr1","75097285","75097580","chr20","58731525","58731828","26","16365760"
"chr1","75227325","75227638","chr26","4649357","4649670","42","70577968"
"chr1","75363501","75363740","chr9","70315414","70315657","44","5048087"
"chr1","75610675","75610974","chr20","58225938","58226240","35","17384737"
"chr1","75820782","75821093","chr20","58021649","58021960","31","17799133"
"chr1","75865829","75866137","chr20","57978978","57979290","39","17886851"
"chr1","75919565","75919860","chr2","87753173","87753470","35","11833608"
"chr1","75976014","75976314","chrX","83051870","83052171","30","7075856"
"chr1","76020715","76021015","chr20","57822720","57823021","34","18197995"
"chr1","76183438","76183708","chr8","121253617","121253882","42","45070179"
"chr1","76348304","76348592","chr11","30393890","30394178","31","45954414"
"chr1","76399227","76399531","chr16","61880732","61881028","40","14518495"
"chr1","76437074","76437374","chr2","80459939","80460247","41","4022865"
"chr1","76465056","76465361","chr6","33162057","33162362","39","43302999"
"chr1","76485096","76485413","chr20","57370518","57370842","34","19114578"
"chr1","76505062","76505350","chr20","85624005","85624300","31","9118943"
"chr1","76517732","76518041","chr21","108279551","108279861","35","31761819"
"chr1","76568274","76568506","chr20","57282244","57282482","18","19286030"
"chr1","76637061","76637352","chr20","57198320","57198603","27","19438741"
"chr1","76784571","76784883","chr20","57038529","57038834","31","19746042"
"chr1","76808554","76808829","chr2","20076332","20076604","34","56732222"
"chr1","76837717","76838028","chr20","56984521","56984831","32","19853196"
"chr1","76873916","76874185","chr20","56947616","56947889","32","19926300"
"chr1","76900329","76900565","chr7","48273894","48274132","48","28626435"
"chr1","76987793","76987957","chr14","9700473","9700635","22","67287320"
"chr1","76992554","76992839","chr20","56831750","56832035","26","20160804"
"chr1","77029297","77029608","chr20","111352130","111352435","38","34322833"
"chr1","77197086","77197390","chr20","7645196","7645499","35","69551890"
"chr1","77268259","77268559","chr8","7114217","7114516","39","70154042"
"chr1","77311618","77311915","chr7","38806411","38806706","33","38505207"
"chr1","77314921","77315220","chr27","25166790","25167092","36","52148131"
"chr1","77470125","77470413","chr27","42004032","42004322","33","35466093"
"chr1","77586406","77586713","chr20","56247526","56247838","26","21338880"
"chr1","77642646","77642935","chr26","24341752","24342040","42","53300894"
"chr1","77671415","77671720","chr13","31357068","31357375","53","46314347"
"chr1","77673636","77673925","chr16","9245258","9245543","30","68428378"
"chr1","77690210","77690476","chr11","113605647","113605927","52","35915437"
"chr1","77896880","77897170","chr9","42822920","42823211","39","35073960"
"chr1","77915236","77915552","chr6","7817354","7817668","39","70097882"
"chr1","78043913","78044219","chr17","39099892","39100198","35","38944021"
"chr1","78118359","78118651","chrX","104338492","104338785","29","26220133"
"chr1","78177645","78177943","chr20","55672705","55673005","28","22504940"
"chr1","78182590","78182892","chr28","8627979","8628279","33","69554611"
"chr1","78195436","78195732","chr16","823334","823630","43","77372102"
"chr1","78223600","78223880","chr20","55628555","55628832","34","22595045"
"chr1","78344482","78344784","chr20","55509151","55509447","24","22835331"
"chr1","78346172","78346471","chr20","55507449","55507753","31","22838723"
"chr1","78350021","78350301","chr9","94218785","94219064","39","15868764"
"chr1","78373878","78374167","chr20","55486565","55486854","25","22887313"
"chr1","78377946","78378239","chr20","55478709","55479006","29","22899237"
"chr1","78383483","78383786","chr20","102069946","102070249","29","23686463"
"chr1","78397856","78398159","chr20","55458919","55459216","18","22938937"
"chr1","78428965","78429262","chr20","55422540","55422841","31","23006425"
"chr1","78452788","78453088","chr20","55409374","55409672","22","23043414"
"chr1","78463810","78464115","chrUn_KE147541v1","90","391","41","78463720"
"chr1","78470302","78470602","chr20","55391574","55391886","29","23078728"
"chr1","78501994","78502289","chr20","80161229","80161525","31","1659235"
"chr1","78508226","78508526","chr2","31905539","31905841","38","46602687"
"chr1","78510919","78511219","chr20","55343081","55343374","26","23167838"
"chr1","78519863","78520170","chr2","20077811","20078111","41","58442052"
"chr1","78554989","78555280","chr20","55298342","55298633","16","23256647"
"chr1","78563439","78563732","chr20","55289308","55289596","29","23274131"
"chr1","78583014","78583319","chr20","55273191","55273486","32","23309823"
"chr1","78592167","78592466","chr15","19121569","19121866","32","59470598"
"chr1","78613188","78613478","chr20","55245859","55246159","26","23367329"
"chr1","78620284","78620582","chr20","55239919","55240207","34","23380365"
"chr1","78622669","78622942","chr20","55237615","55237887","23","23385054"
"chr1","78636117","78636417","chr20","55225451","55225748","28","23410666"
"chr1","78640731","78641001","chr20","55220807","55221067","36","23419924"
"chr1","78656476","78656759","chr23","68987067","68987349","34","9669409"
"chr1","78666720","78666993","chr6","11505018","11505284","44","67161702"
"chr1","78691437","78691743","chr20","55168812","55169117","31","23522625"
"chr1","78696284","78696595","chr3","390926","391232","43","78305358"
"chr1","78698680","78698973","chr20","55161376","55161665","43","23537304"
"chr1","78699790","78700084","chr20","55160876","55161179","39","23538914"
"chr1","78707831","78708134","chr8","103533515","103533819","36","24825684"
"chr1","78755525","78755820","chr20","95037372","95037673","35","16281847"
"chr1","78762808","78763123","chr20","55101618","55101932","23","23661190"
"chr1","78793786","78794094","chr20","55072607","55072917","27","23721179"
"chr1","78810792","78811103","chr20","55056901","55057200","35","23753891"
"chr1","78842029","78842335","chr20","55016469","55016775","19","23825560"
"chr1","78852235","78852530","chr20","55007416","55007725","31","23844819"
"chr1","78859227","78859506","chr11","103879573","103879855","44","25020346"
"chr1","78996533","78996822","chr20","54882767","54883059","33","24113766"
"chr1","79043632","79043931","chr20","54843235","54843532","25","24200397"
"chr1","79239836","79240139","chr20","54656641","54656954","38","24583195"
"chr1","79288871","79289166","chr20","54598199","54598493","31","24690672"
"chr1","79384309","79384638","chr7","85378550","85378870","50","5994241"
"chr1","79416337","79416622","chr9","97271772","97272055","45","17855435"
"chr1","79487470","79487749","chrX","92622293","92622581","41","13134823"
"chr1","79514285","79514587","chr10","104329666","104329966","38","24815381"
"chr1","79901250","79901556","chr20","54006438","54006732","35","25894812"
"chr1","80081915","80082232","chr20","53837563","53837881","45","26244352"
"chr1","80183298","80183600","chr9","119963544","119963848","38","39780246"
"chr1","80365754","80365889","chr20","53568971","53569114","16","26796783"
"chr1","80432558","80432845","chr20","53506589","53506879","21","26925969"
"chr1","80441490","80441822","chr3","12309911","12310239","49","68131579"
"chr1","80651060","80651378","chr20","53299859","53300167","43","27351201"
"chr1","80750666","80750951","chr9","62262632","62262919","40","18488034"
"chr1","80920265","80920535","chr20","53039287","53039581","48","27880978"
"chr1","80935219","80935532","chr18","23939459","23939773","42","56995760"
"chr1","80961885","80962191","chr20","52997247","52997547","36","27964638"
"chr1","81080054","81080357","chr6","5416935","5417236","47","75663119"
"chr1","81116419","81116719","chr5","69851221","69851520","35","11265198"
"chr1","81160737","81161039","chr16","44862579","44862869","46","36298158"
"chr1","81239908","81240219","chr20","52728885","52729198","38","28511023"
"chr1","81500629","81500916","chr20","52479643","52479935","35","29020986"
"chr1","81557266","81557573","chr20","52423857","52424159","43","29133409"
"chr1","81594560","81594831","chr5","54743053","54743322","35","26851507"
"chr1","81645500","81645799","chr11","6429844","6430143","34","75215656"
"chr1","81647632","81647951","chr24","40963115","40963433","41","40684517"
"chr1","81669723","81670033","chr20","52307954","52308258","32","29361769"
"chr1","81700655","81700995","chr20","52276835","52277153","50","29423820"
"chr1","81790704","81791011","chr22","11649514","11649823","38","70141190"
"chr1","81947812","81948119","chr1","67026506","67026811","39","14921306"
"chr1","82013582","82013875","chr20","51966204","51966501","30","30047378"
"chr1","82064026","82064334","chr20","51916057","51916364","24","30147969"
"chr1","82115957","82116268","chr20","51871637","51871948","27","30244320"
"chr1","82175875","82176181","chr20","51811298","51811599","38","30364577"
"chr1","82184060","82184357","chr10","119436875","119437172","32","37252815"
"chr1","82219940","82220239","chr16","62764099","62764400","36","19455841"
"chr1","82254160","82254469","chr17","3627347","3627658","36","78626813"
"chr1","82263750","82264039","chr20","51724012","51724308","29","30539738"
"chr1","82336904","82337185","chr20","51654918","51655192","37","30681986"
"chr1","82372687","82372979","chr20","51622481","51622777","30","30750206"
"chr1","82375157","82375380","chr17","38823537","38823742","54","43551620"
"chr1","82386394","82386706","chr17","59119110","59119421","34","23267284"
"chr1","82438864","82439159","chr8","85317965","85318258","35","2879101"
"chr1","82467604","82467900","chr20","51534147","51534446","32","30933457"
"chr1","82476244","82476553","chr20","51525684","51525989","33","30950560"
"chr1","82476735","82477024","chrX","20283825","20284115","37","62192910"
"chr1","82535072","82535369","chr18","66530699","66530999","32","16004373"
"chr1","82569067","82569405","chr9","56622449","56622777","63","25946618"
"chr1","82614924","82615215","chr11","27478923","27479218","34","55136001"
"chr1","82665437","82665742","chr20","51332559","51332861","15","31332878"
"chr1","82702284","82702576","chr17","54294503","54294797","36","28407781"
"chr1","82712990","82713256","chr20","51284818","51285095","36","31428172"
"chr1","82714459","82714754","chr5","36779668","36779960","47","45934791"
"chr1","82742052","82742358","chr11","111223907","111224212","37","28481855"
"chr1","82766720","82767025","chr20","51230576","51230876","34","31536144"
"chr1","82822342","82822649","chr20","51181202","51181513","33","31641140"
"chr1","82976641","82976936","chr20","51036599","51036894","23","31940042"
"chr1","82985011","82985292","chr22","58518412","58518698","31","24466599"
"chr1","83019500","83019803","chr16","57720877","57721180","33","25298623"
"chr1","83034816","83035107","chr20","50978147","50978426","29","32056669"
"chr1","83049062","83049336","chr20","50964047","50964323","34","32085015"
"chr1","83190524","83190730","chr13","95707671","95707878","27","12517147"
"chr1","83258741","83259036","chr11","96978397","96978692","32","13719656"
"chr1","83263158","83263467","chr3","390926","391232","40","82872232"
"chr1","83325907","83326202","chr4","17013256","17013552","29","66312651"
"chr1","83364957","83365285","chr26","42106137","42106462","52","41258820"
"chr1","83392174","83392479","chr26","18344490","18344794","37","65047684"
"chr1","83397810","83398120","chr20","50612095","50612398","37","32785715"
"chr1","83496121","83496409","chr20","50514266","50514553","35","32981855"
"chr1","83514610","83514907","chr1","62642176","62642473","33","20872434"
"chr1","83616862","83617162","chr11","120526163","120526460","39","36909301"
"chr1","83917740","83918064","chr20","96087671","96087985","47","12169931"
"chr1","84264083","84264391","chr8","10801167","10801476","31","73462916"
"chr1","84352850","84353128","chr11","101614666","101614947","33","17261816"
"chr1","84559583","84559896","chr20","49531491","49531799","29","35028092"
"chr1","84662800","84663087","chr20","49424729","49425025","35","35238071"
"chr1","84766170","84766503","chr11","1521132","1521470","43","83245038"
"chr1","84909921","84910213","chr20","49156490","49156798","44","35753431"
"chr1","84919173","84919470","chr16","823334","823630","32","84095839"
"chr1","84946751","84946969","chr2","86997944","86998162","27","2051193"
"chr1","84990267","84990549","chr13","85591331","85591615","53","601064"
"chr1","85016979","85017287","chr15","3904633","3904938","34","81112346"
"chr1","85035080","85035389","chrX","46054412","46054721","32","38980668"
"chr1","85062461","85062763","chr1","9397899","9398203","28","75664562"
"chr1","85120333","85120611","chr20","48957821","48958101","25","36162512"
"chr1","85163453","85163751","chr20","48914358","48914654","28","36249095"
"chr1","85174337","85174634","chr20","48907446","48907739","34","36266891"
"chr1","85184413","85184716","chr14","96759521","96759831","43","11575108"
"chr1","85202473","85202776","chr10","88760771","88761072","34","3558298"
"chr1","85209915","85210222","chr14","2455247","2455558","33","82754668"
"chr1","85256525","85256794","chr2","46782157","46782426","46","38474368"
"chr1","85273123","85273420","chr20","48810074","48810357","34","36463049"
"chr1","85286433","85286743","chr2","39182421","39182732","44","46104012"
"chr1","85299276","85299546","chr16","3178099","3178363","33","82121177"
"chr1","85302399","85302703","chr20","48781102","48781401","29","36521297"
"chr1","85342084","85342366","chr7","124521179","124521458","41","39179095"
"chr1","85345735","85346056","chr20","48737777","48738086","40","36607958"
"chr1","85460329","85460551","chr11","124263168","124263380","45","38802839"
"chr1","85506191","85506489","chr20","48573362","48573649","36","36932829"
"chr1","85527694","85528006","chrX","113675371","113675678","42","28147677"
"chr1","85603167","85603433","chr5","19203519","19203781","37","66399648"
"chr1","85633279","85633586","chr10","53758195","53758499","33","31875084"
"chr1","85643972","85644277","chr20","48435980","48436280","29","37207992"
"chr1","85653181","85653386","chr8","75550983","75551186","31","10102198"
"chr1","85661056","85661350","chr20","48419261","48419551","16","37241795"
"chr1","85678265","85678573","chr20","48402784","48403092","33","37275481"
"chr1","85698939","85699254","chr20","48375430","48375744","25","37323509"
"chr1","85715696","85715961","chr4","38864971","38865258","62","46850725"
"chr1","85774206","85774523","chr20","48313384","48313698","34","37460822"
"chr1","85801898","85802197","chrX","20403447","20403743","33","65398451"
"chr1","85882624","85882929","chr16","47214596","47214908","51","38668028"
"chr1","85898074","85898371","chr20","48189123","48189419","28","37708951"
"chr1","85904961","85905248","chr20","48182216","48182518","40","37722745"
"chr1","85951372","85951597","chr20","48140191","48140394","37","37811181"
"chr1","85952695","85952746","chr22","27162227","27162269","18","58790468"
"chr1","85953596","85953838","chr12","98856703","98856937","38","12903107"
"chr1","85979529","85979831","chr20","48111538","48111837","29","37867991"
"chr1","85983956","85984259","chr1","108290501","108290808","39","22306545"
"chr1","86087806","86088079","chr20","48004397","48004672","31","38083409"
"chr1","86158402","86158611","chr11","124263168","124263380","41","38104766"
"chr1","86223126","86223444","chr2","58886950","58887261","63","27336176"
"chr1","86303319","86303623","chr20","71007703","71008003","38","15295616"
"chr1","86304563","86304857","chr2","58338718","58339014","40","27965845"
"chr1","86311950","86312249","chr10","53661553","53661856","42","32650397"
"chr1","86344509","86344806","chr5","50489073","50489372","42","35855436"
"chr1","86446202","86446493","chr20","47679182","47679489","46","38767020"
"chr1","86469942","86470247","chr20","47657102","47657409","29","38812840"
"chr1","86473836","86474154","chr17","29971396","29971707","45","56502440"
"chr1","86485436","86485723","chr20","47647457","47647750","25","38837979"
"chr1","86501782","86502079","chr20","47631055","47631353","24","38870727"
"chr1","86513064","86513378","chr9","6143923","6144232","46","80369141"
"chr1","86589402","86589708","chr16","63557117","63557427","39","23032285"
"chr1","86607539","86607822","chr1","125256913","125257202","37","38649374"
"chr1","86643426","86643731","chr20","105897294","105897587","43","19253868"
"chr1","86726892","86727155","chr6","5549913","5550175","37","81176979"
"chr1","86744250","86744561","chr21","18156876","18157182","38","68587374"
"chr1","86775634","86775943","chr20","47364907","47365212","31","39410727"
"chr1","86998054","86998358","chr20","47161899","47162206","26","39836155"
"chr1","87047937","87048243","chr20_KE148049v1_random","803204","803511","32","86244733"
"chr1","87091822","87092125","chrX","101444725","101445035","42","14352903"
"chr1","87129678","87129880","chr22","51834807","51835015","26","35294871"
"chr1","87181353","87181646","chr20","46990513","46990807","25","40190840"
"chr1","87201270","87201577","chr7","129057998","129058302","37","41856728"
"chr1","87283508","87283821","chr1","1485939","1486249","34","85797569"
"chr1","87296166","87296457","chr20","46883662","46883961","26","40412504"
"chr1","87332003","87332306","chr12","102912307","102912609","41","15580304"
"chr1","87387937","87388250","chr11","2853447","2853759","41","84534490"
"chr1","87413107","87413378","chr11","59614932","59615200","38","27798175"
"chr1","87416193","87416401","chr17","38823537","38823742","34","48592656"
"chr1","87430314","87430591","chr7","111567460","111567746","40","24137146"
"chr1","87449054","87449358","chr20","46733551","46733854","25","40715503"
"chr1","87454861","87455172","chr20","46727670","46727988","36","40727191"
"chr1","87492938","87493186","chr8","88951764","88952028","46","1458826"
"chr1","87493812","87494025","chr19","18670114","18670324","36","68823698"
"chr1","87528118","87528399","chr20","46648101","46648383","40","40880017"
"chr1","87532837","87532978","chr20","46644849","46644984","21","40887988"
"chr1","87564572","87564883","chr2","5914047","5914349","39","81650525"
"chr1","87579593","87579897","chr11","36438386","36438692","37","51141207"
"chr1","87588926","87589219","chr6","2294070","2294363","38","85294856"
"chr1","87591286","87591597","chr1","8986887","8987200","48","78604399"
"chr1","87623161","87623448","chr20","46570854","46571133","28","41052307"
"chr1","87650467","87650772","chr25","27335574","27335881","35","60314893"
"chr1","87674803","87675093","chr25","23274332","23274623","44","64400471"
"chr1","87686760","87687054","chr20","46506919","46507222","32","41179841"
"chr1","87737351","87737640","chr12","32547739","32548027","36","55189612"
"chr1","87750498","87750854","chr11","105871959","105872319","62","18121461"
"chr1","87780171","87780466","chr20","46415337","46415634","28","41364834"
"chr1","87835425","87835720","chr24","81534444","81534741","31","6300981"
"chr1","88056633","88056932","chr26","43663051","43663349","30","44393582"
"chr1","88112952","88113249","chr2","34481315","34481618","47","53631637"
"chr1","88153272","88153526","chr20","46041566","46041819","19","42111706"
"chr1","88249936","88250223","chr14","80663050","80663339","35","7586886"
"chr1","88488992","88489297","chr22","46152766","46153066","39","42336226"
"chr1","88563391","88563646","chr20","45679852","45680110","29","42883539"
"chr1","89127039","89127334","chr20","45106535","45106829","25","44020504"
"chr1","89178512","89178810","chr20","45058934","45059232","14","44119578"
"chr1","89276837","89277132","chr20","44950337","44950635","26","44326500"
"chr1","89281534","89281836","chr20","44945468","44945773","24","44336066"
"chr1","89284285","89284612","chr8","31712341","31712652","48","57571944"
"chr1","89290494","89290788","chr20","44936519","44936795","33","44353975"
"chr1","89378150","89378464","chr20","44842800","44843111","32","44535350"
"chr1","89390374","89390698","chr20","44831813","44832137","38","44558561"
"chr1","89445249","89445560","chr2","62796424","62796730","40","26648825"
"chr1","89493008","89493186","chr10","33376506","33376682","30","56116502"
"chr1","89514812","89515109","chr20","44689321","44689613","32","44825491"
"chr1","89582901","89583180","chr20","44623357","44623642","29","44959544"
"chr1","89584674","89584962","chr17","54146260","54146557","46","35438414"
"chr1","89609401","89609702","chr2","18452621","18452914","44","71156780"
"chr1","89617965","89618269","chr20","92192486","92192788","31","2574521"
"chr1","89637778","89638075","chr20","44574120","44574420","28","45063658"
"chr1","89640149","89640459","chrX","45255215","45255519","28","44384934"
"chr1","89647013","89647298","chr20","44566891","44567185","33","45080122"
"chr1","89649380","89649662","chr20","44564515","44564788","22","45084865"
"chr1","89651650","89651938","chr20","44562228","44562522","29","45089422"
"chr1","89671782","89672084","chr20","44541236","44541541","33","45130546"
"chr1","89673439","89673742","chr14","898286","898584","36","88775153"
"chr1","89681405","89681718","chr20","44531942","44532242","46","45149463"
"chr1","89706464","89706745","chr10","89929233","89929510","44","222769"
"chr1","89749546","89749855","chr20","44462128","44462426","20","45287418"
"chr1","89759989","89760294","chrX","80468072","80468375","37","9291917"
"chr1","89771852","89772145","chr20","44433237","44433535","25","45338615"
"chr1","89813771","89814059","chr19","24624185","24624481","42","65189586"
"chr1","89951437","89951732","chr20","44226871","44227159","30","45724566"
"chr1","89961344","89961682","chr6","12335979","12336312","54","77625365"
"chr1","90095573","90095864","chr26","39493219","39493510","35","50602354"
"chr1","90113638","90113929","chr9","114952603","114952897","37","24838965"
"chr1","90282573","90282871","chr25","17273745","17274042","37","73008828"
"chr1","90294513","90294557","chr22","27162227","27162269","16","63132286"
"chr1","90295087","90295396","chr6","2526617","2526929","37","87768470"
"chr1","90385175","90385452","chr9","68369553","68369817","51","22015622"
"chr1","90546268","90546578","chr20","43685117","43685438","40","46861151"
"chr1","90551089","90551402","chr20","88200334","88200641","37","2350755"
"chr1","90568358","90568656","chr20","43662126","43662433","27","46906232"
"chr1","90672361","90672666","chr20","43556595","43556900","30","47115766"
"chr1","90678892","90679191","chr20","43550069","43550367","25","47128823"
"chr1","90731798","90732086","chr11","52407170","52407465","43","38324628"
"chr1","90901486","90901668","chr20","43338519","43338697","25","47562967"
"chr1","90901669","90901973","chr16","1717813","1718121","38","89183856"
"chr1","90910122","90910433","chr17","28541132","28541438","38","62368990"
"chr1","90995364","90995668","chr25","78856788","78857085","36","12138576"
"chr1","91033376","91033496","chr9","31457956","31458116","52","59575420"
"chr1","91044214","91044391","chrX","116310649","116310799","46","25266435"
"chr1","91044633","91044882","chr24","56922397","56922660","41","34122236"
"chr1","91299003","91299289","chr23","70341228","70341515","41","20957775"
"chr1","91323456","91323758","chr6","5416935","5417236","39","85906521"
"chr1","91412923","91413239","chr5","57296929","57297238","44","34115994"
"chr1","91458302","91458611","chr9","112383120","112383432","39","20924818"
"chr1","91516421","91516699","chr20","42705587","42705874","29","48810834"
"chr1","91517091","91517370","chr17","29647918","29648201","40","61869173"
"chr1","91523856","91524163","chr20","42697621","42697915","31","48826235"
"chr1","91524951","91525117","chr20","42696670","42696833","21","48828281"
"chr1","91571568","91571847","chr8","40178442","40178723","34","51393126"
"chr1","91581777","91582073","chr20","42637632","42637942","36","48944145"
"chr1","91598494","91598785","chr13","12184046","12184335","45","79414448"
"chr1","91624487","91624788","chr19","11625929","11626227","40","79998558"
"chr1","91625096","91625390","chr7","105406733","105407028","41","13781637"
"chr1","91628735","91629035","chr6","16451939","16452235","33","75176796"
"chr1","91661692","91662002","chr23","80870593","80870901","36","10791099"
"chr1","91664238","91664513","chr15","88698260","88698541","37","2965978"
"chr1","91666615","91666916","chrX","80468072","80468375","31","11198543"
"chr1","91668640","91668931","chr14","15520113","15520405","30","76148527"
"chr1","91674386","91674686","chr20","42548468","42548772","23","49125918"
"chr1","91685450","91685741","chr16","34115418","34115705","34","57570032"
"chr1","91711183","91711491","chr20","42513267","42513575","34","49197916"
"chr1","91733004","91733310","chr5","27172890","27173193","33","64560114"
"chr1","91777644","91777931","chr20","42461382","42461655","35","49316262"
"chr1","91785093","91785398","chr20","42453936","42454240","36","49331157"
"chr1","91795332","91795629","chr20","42443792","42444090","20","49351540"
"chr1","91802505","91802801","chr20","42434155","42434454","28","49368350"
"chr1","91815351","91815638","chr20","42420855","42421142","23","49394496"
"chr1","91816551","91816845","chr18","66453577","66453867","44","25362974"
"chr1","91833435","91833727","chr20","42401630","42401916","32","49431805"
"chr1","91850253","91850555","chr20","42386050","42386346","37","49464203"
"chr1","91873424","91873599","chr1","11177471","11177640","32","80695953"
"chr1","91874444","91874740","chr20","42366322","42366622","25","49508122"
"chr1","91883475","91883781","chr20","125069794","125070098","37","33186319"
"chr1","91886327","91886692","chr20","42357240","42357606","33","49529087"
"chr1","91909291","91909579","chr16","30313941","30314226","32","61595350"
"chr1","91914933","91915221","chr20","42328334","42328634","27","49586599"
"chr1","91916875","91917192","chr2","78836222","78836533","45","13080653"
"chr1","91919820","91920103","chr15","90879535","90879814","38","1040285"
"chr1","91981692","91981992","chr20","42262739","42263048","30","49718953"
"chr1","92069449","92069717","chr15","51657372","51657640","31","40412077"
"chr1","92089629","92089939","chr6","40061617","40061925","36","52028012"
"chr1","92220483","92220781","chr1","5710739","5711040","35","86509744"
"chr1","92223751","92224043","chr12","25234898","25235188","36","66988853"
"chr1","92250717","92251025","chr5","74946041","74946348","35","17304676"
"chr1","92326669","92326968","chr12","15199772","15200072","38","77126897"
"chr1","92354642","92354922","chr18","70851403","70851685","49","21503239"
"chr1","92360705","92360988","chr14","74700146","74700429","31","17660559"
"chr1","92381776","92382030","chr20","41618348","41618600","22","50763428"
"chr1","92430252","92430542","chr20","41571767","41572055","24","50858485"
"chr1","92460465","92460763","chr6","13473280","13473574","31","78987185"
"chr1","92461749","92462060","chr12","38962497","38962809","32","53499252"
"chr1","92499071","92499364","chrX","60246095","60246386","28","32252976"
"chr1","92502803","92503098","chr6","47863392","47863685","34","44639411"
"chr1","92532155","92532449","chr20","41472529","41472819","32","51059626"
"chr1","92545231","92545533","chr20","41459509","41459812","28","51085722"
"chr1","92552958","92553265","chr20","41451764","41452061","27","51101194"
"chr1","92561135","92561440","chr20","41443686","41443987","30","51117449"
"chr1","92571399","92571699","chr20","41433489","41433784","39","51137910"
"chr1","92573805","92574112","chr5","25945423","25945733","35","66628382"
"chr1","92584244","92584540","chr20","41418748","41419044","30","51165496"
"chr1","92593402","92593686","chr20","101034102","101034385","35","8440700"
"chr1","92619553","92619820","chr21","110406003","110406267","43","17786450"
"chr1","92631828","92632150","chr23","75121731","75122042","53","17510097"
"chr1","92652234","92652515","chr8","28576839","28577136","45","64075395"
"chr1","92655714","92655990","chr20","41346444","41346738","34","51309270"
"chr1","92671470","92671777","chr20","41331023","41331330","22","51340447"
"chr1","92705971","92706261","chrX","22852905","22853198","41","69853066"
"chr1","92706839","92707152","chr17","30116027","30116341","49","62590812"
"chr1","92709373","92709674","chr9","21222890","21223190","31","71486483"
"chr1","92713567","92713849","chr3","4050404","4050683","31","88663163"
"chr1","92714154","92714442","chr12","17538171","17538452","36","75175983"
"chr1","92716810","92717074","chr20","112714680","112714946","33","19997870"
"chr1","92721430","92721722","chr12","11955131","11955421","47","80766299"
"chr1","92724238","92724544","chr20","41281426","41281737","25","51442812"
"chr1","92728063","92728368","chr8","7114217","7114516","35","85613846"
"chr1","92752514","92752818","chr8","10801167","10801476","38","81951347"
"chr1","92765759","92766056","chr20","41245434","41245725","41","51520325"
"chr1","92816312","92816613","chr20","41198314","41198618","30","51617998"
"chr1","92825650","92825951","chr23","12896841","12897141","39","79928809"
"chr1","92870299","92870582","chr2","59707193","59707482","40","33163106"
"chr1","92960847","92961137","chr20","41057507","41057794","28","51903340"
"chr1","92975465","92975775","chr20","41042261","41042570","30","51933204"
"chr1","93006110","93006414","chr20","41014934","41015236","26","51991176"
"chr1","93020055","93020337","chr20","40999408","40999694","25","52020647"
"chr1","93049142","93049444","chr2","80391827","80392129","29","12657315"
"chr1","93079004","93079286","chr12","13611356","13611642","42","79467648"
"chr1","93100938","93101241","chr20","40919055","40919353","28","52181883"
"chr1","93127287","93127592","chr20","40892384","40892684","30","52234903"
"chr1","93146325","93146624","chr20","40872731","40873035","28","52273594"
"chr1","93148984","93149278","chr20","40870085","40870384","27","52278899"
"chr1","93150744","93151079","chr20","103593370","103593683","59","10442626"
"chr1","93173336","93173629","chr20","40847676","40847960","32","52325660"
"chr1","93186019","93186320","chr4","71343817","71344117","27","21842202"
"chr1","93191047","93191352","chrUn_KE147541v1","114130","114436","37","93076917"
"chr1","93210796","93211091","chr20","40815500","40815798","36","52395296"
"chr1","93213812","93214093","chr20","40812502","40812783","17","52401310"
"chr1","93214235","93214540","chr10","93621317","93621620","39","407082"
"chr1","93216162","93216341","chr20","40810250","40810429","9","52405912"
"chr1","93216351","93216647","chr20","40809946","40810240","18","52406405"
"chr1","93222491","93222804","chr5","59743438","59743749","40","33479053"
"chr1","93264217","93264527","chr22","32255336","32255643","37","61008881"
"chr1","93295520","93295817","chr20","40734590","40734891","28","52560930"
"chr1","93312040","93312350","chr8","10801167","10801476","29","82510873"
"chr1","93335916","93336217","chr19","14006619","14006922","33","79329297"
"chr1","93356678","93356979","chr20","40682002","40682305","28","52674676"
"chr1","93381132","93381419","chr20","40662446","40662733","20","52718686"
"chr1","93486418","93486717","chr1","18769590","18769890","33","74716828"
"chr1","93500001","93500265","chr9","62510671","62510933","45","30989330"
"chr1","93513079","93513369","chr6","27636242","27636534","36","65876837"
"chr1","93517679","93517976","chr20","40518486","40518788","32","52999193"
"chr1","93549794","93550092","chr20","40484333","40484627","33","53065461"
"chr1","93551417","93551720","chr21","57728049","57728355","28","35823368"
"chr1","93566282","93566521","chr20","40465924","40466168","27","53100358"
"chr1","93583476","93583768","chr20","40447594","40447887","20","53135882"
"chr1","93586125","93586429","chr2","85888587","85888883","37","7697538"
"chr1","93616336","93616626","chr24","40758560","40758856","34","52857776"
"chr1","93621955","93622260","chr20","40407390","40407696","17","53214565"
"chr1","93639824","93639984","chr8","138016006","138016164","27","44376182"
"chr1","93641228","93641520","chr7","134094765","134095057","33","40453537"
"chr1","93644328","93644626","chr16","70499264","70499563","28","23145064"
"chr1","93651909","93652197","chrX","29044495","29044783","41","64607414"
"chr1","93684047","93684354","chr20","111352130","111352435","26","17668083"
"chr1","93686815","93687114","chr20","40348843","40349144","25","53337972"
"chr1","93690467","93690762","chrX","49965193","49965492","38","43725274"
"chr1","93716088","93716390","chr20","40318208","40318515","18","53397880"
"chr1","93737247","93737554","chr20","40299546","40299886","49","53437701"
"chr1","93747913","93748221","chr20","40288907","40289213","29","53459006"
"chr1","93754675","93755031","chrX","4868542","4868895","81","88886133"
"chr1","93814891","93815151","chr20","40215264","40215558","57","53599627"
"chr1","93815508","93815784","chr20","40214565","40214823","37","53600943"
"chr1","93891863","93892160","chr20","40132133","40132433","28","53759730"
"chr1","93915430","93915724","chr6","17650071","17650364","36","76265359"
"chr1","94051239","94051444","chr23","41306689","41306886","35","52744550"
"chr1","94063965","94064237","chr8","111246487","111246759","37","17182522"
"chr1","94070717","94070990","chr20","39937764","39938034","27","54132953"
"chr1","94103487","94103785","chr20","39907261","39907558","31","54196226"
"chr1","94117754","94118055","chr20","39891864","39892155","35","54225890"
"chr1","94196259","94196555","chr20","39813295","39813581","38","54382964"
"chr1","94219584","94219887","chr20","39790465","39790763","30","54429119"
"chr1","94339949","94340217","chr9","16253056","16253337","66","78086893"
"chr1","94366058","94366354","chr6","37744092","37744389","34","56621966"
"chr1","94411949","94412226","chr20","39604857","39605150","37","54807092"
"chr1","94435468","94435794","chr26","41600539","41600869","60","52834929"
"chr1","94626165","94626465","chr20","39383550","39383853","28","55242615"
"chr1","94636721","94636937","chr20","39373361","39373589","26","55263360"
"chr1","94641989","94642265","chr2","78507720","78507991","38","16134269"
"chr1","94648804","94649111","chr16","45232445","45232750","43","49416359"
"chr1","94656849","94657144","chr11","96978397","96978692","24","2321548"
"chr1","94684664","94684939","chr2","74999713","74999986","39","19684951"
"chr1","94734138","94734431","chr2","429322","429614","29","94304816"
"chr1","94753456","94753772","chr20","110792876","110793177","49","16039420"
"chr1","94761515","94761823","chr23","22687902","22688206","42","72073613"
"chr1","94795181","94795463","chr1","99252258","99252542","38","4457077"
"chr1","94940052","94940361","chr20","39092798","39093106","24","55847254"
"chr1","94972476","94972777","chr20","39060488","39060787","24","55911988"
"chr1","94988004","94988302","chr9","11422935","11423228","36","83565069"
"chr1","95002094","95002404","chr20","39030754","39031057","33","55971340"
"chr1","95084950","95085257","chr8","36997476","36997779","39","58087474"
"chr1","95146167","95146462","chr1","125148379","125148673","34","30002212"
"chr1","95147323","95147623","chr11","100297173","100297471","34","5149850"
"chr1","95165821","95166118","chr20","38863368","38863675","49","56302453"
"chr1","95174024","95174331","chr20","68939793","68940095","46","26234231"
"chr1","95193180","95193478","chr20","38837193","38837485","27","56355987"
"chr1","95252358","95252643","chr20","38776762","38777052","29","56475596"
"chr1","95263721","95263938","chr20","38767135","38767354","19","56496586"
"chr1","95301645","95301959","chr20","38734323","38734631","21","56567322"
"chr1","95355837","95356149","chr28","2549409","2549722","36","92806428"
"chr1","95423348","95423647","chr20","38604597","38604895","24","56818751"
"chr1","95425637","95425944","chr24","40740011","40740311","42","54685626"
"chr1","95444857","95445119","chr20","38577125","38577386","26","56867732"
"chr1","95563147","95563457","chr20","38463888","38464197","24","57099259"
"chr1","95573544","95573847","chr5","19268341","19268645","34","76305203"
"chr1","95608503","95608798","chr12","53050974","53051269","32","42557529"
"chr1","95630720","95631031","chr20","38396611","38396920","34","57234109"
"chr1","95665655","95665944","chr20","38361551","38361839","26","57304104"
"chr1","95667829","95668108","chr8","36499116","36499396","36","59168713"
"chr1","95682583","95682871","chr11","30393890","30394178","29","65288693"
"chr1","95695645","95695955","chr23","80870593","80870901","44","14825052"
"chr1","95698872","95699173","chr20","38328452","38328753","25","57370420"
"chr1","95734188","95734498","chr5","63307767","63308078","37","32426421"
"chr1","95779821","95780125","chr20","38247758","38248053","33","57532063"
"chr1","95788468","95788761","chr8","49967111","49967395","51","45821357"
"chr1","95798767","95799053","chr20","38228530","38228819","25","57570237"
"chr1","95846027","95846311","chr20","38180612","38180912","34","57665415"
"chr1","95899264","95899560","chr20","38132046","38132336","28","57767218"
"chr1","95907241","95907474","chr9","61704066","61704306","48","34203175"
"chr1","95968791","95969102","chr20","38061604","38061911","24","57907187"
"chr1","95980379","95980680","chr20","38050335","38050642","33","57930044"
"chr1","96008936","96009235","chr19","7242978","7243268","37","88765958"
"chr1","96054925","96055223","chr20","37974191","37974502","32","58080734"
"chr1","96110786","96111086","chr1","6871378","6871678","37","89239408"
"chr1","96157030","96157340","chr20","37876398","37876707","37","58280632"
"chr1","96198661","96198961","chr18","55976973","55977279","42","40221688"
"chr1","96456767","96457076","chr11","2853447","2853759","38","93603320"
"chr1","96559492","96559782","chr20","37485796","37486090","24","59073696"
"chr1","96620477","96620808","chrX","85233521","85233844","47","11386956"
"chr1","96621294","96621599","chr27","40845363","40845670","34","55775931"
"chr1","96670437","96670727","chr17","29719352","29719647","38","66951085"
"chr1","96689577","96689884","chr10","113235793","113236092","42","16546216"
"chr1","96750754","96751064","chr20","37296114","37296425","34","59454640"
"chr1","96908686","96908976","chr2","89605361","89605646","41","7303325"
"chr1","96913588","96913869","chr26","14080197","14080479","39","82833391"
"chr1","97105050","97105350","chr20","36962677","36962982","30","60142373"
"chr1","97107186","97107500","chr10","88760771","88761072","40","8346415"
"chr1","97162978","97163280","chr29","19796485","19796789","39","77366493"
"chr1","97202004","97202305","chr16","13640662","13640957","49","83561342"
"chr1","97288420","97288713","chr20","36790337","36790633","35","60498083"
"chr1","97291811","97292117","chr3","37957697","37958004","42","59334114"
"chr1","97298695","97298995","chr27","24858553","24858850","32","72440142"
"chr1","97315383","97315692","chr14","95275059","95275360","39","2040324"
"chr1","97389678","97389960","chr20","90278096","90278375","43","7111582"
"chr1","97458355","97458640","chr20","36618259","36618540","33","60840096"
"chr1","97461558","97461874","chr20","36615018","36615335","30","60846540"
"chr1","97505195","97505500","chr8","52693668","52693972","34","44811527"
"chr1","97530529","97530841","chr20","36541772","36542069","36","60988757"
"chr1","97567116","97567443","chr6","46544192","46544516","55","51022924"
"chr1","97592475","97592507","chr16","46093289","46093325","12","51499186"
"chr1","97592508","97592786","chr11","113605647","113605927","37","16013139"
"chr1","97615682","97615985","chr20","36458622","36458923","31","61157060"
"chr1","97742072","97742352","chr8","9971845","9972126","49","87770227"
"chr1","97755207","97755515","chr27","44653474","44653783","31","53101733"
"chr1","97762209","97762506","chr10","110661024","110661327","37","12898815"
"chr1","97820227","97820521","chr7","35823928","35824225","41","61996299"
"chr1","97965541","97965835","chr20","36125646","36125935","26","61839895"
"chr1","97983478","97983784","chr20","36108004","36108308","40","61875474"
"chr1","98013605","98013904","chr9","28252393","28252685","36","69761212"
"chr1","98014018","98014326","chr20","36078215","36078526","30","61935803"
"chr1","98033726","98034029","chr20","36059290","36059594","22","61974436"
"chr1","98215158","98215445","chr9","110912661","110912949","35","12697503"
"chr1","98262701","98263025","chr25","25044014","25044334","43","73218687"
"chr1","98270321","98270617","chr20","35832963","35833267","35","62437358"
"chr1","98440079","98440323","chr5","17454583","17454826","40","80985496"
"chr1","98487269","98487544","chr12","10972381","10972659","44","87514888"
"chr1","98588124","98588436","chr1","68199547","68199865","52","30388577"
"chr1","98824549","98824863","chr6","15813882","15814194","36","83010667"
"chr1","98825909","98826207","chr20","110689971","110690267","39","11864062"
"chr1","98933513","98933824","chr15","47695576","47695885","39","51237937"
"chr1","99113664","99113973","chr20","34998280","34998591","34","64115384"
"chr1","99260402","99260661","chr20","34852799","34853062","36","64407603"
"chr1","99426263","99426562","chr20","34695745","34696054","45","64730518"
"chr1","99473418","99473687","chr20","34636292","34636562","25","64837126"
"chr1","99560930","99561240","chr20","34543572","34543886","20","65017358"
"chr1","99654770","99655074","chr20","34458339","34458640","21","65196431"
"chr1","99693411","99693708","chr1","28556043","28556341","33","71137368"
"chr1","99878118","99878429","chr15","1006069","1006378","37","98872049"
"chr1","99982421","99982714","chr20","34138899","34139187","31","65843522"
"chr1","99996859","99997170","chr2","45127183","45127493","39","54869676"
"chr1","100125496","100125795","chr20","33993732","33994041","28","66131764"
"chr1","100252723","100252888","chr20","33895837","33896002","16","66356886"
"chr1","100299370","100299663","chr20","33848821","33849104","37","66450549"
"chr1","100366644","100366928","chr2","13896413","13896695","37","86470231"
"chr1","100387818","100388120","chr9","81461223","81461523","48","18926595"
"chr1","100434787","100435097","chr20","33719119","33719432","34","66715668"
"chr1","100485200","100485495","chr7","31516582","31516874","56","68968618"
"chr1","100564304","100564605","chr20","33589162","33589451","31","66975142"
"chr1","100580259","100580552","chr16","64599154","64599449","32","35981105"
"chr1","100586970","100587286","chr20","33566657","33566966","36","67020313"
"chr1","100591661","100591955","chr20","33561669","33561953","32","67029992"
"chr1","100653758","100654066","chr20","33506308","33506621","26","67147450"
"chr1","100655564","100655812","chr20","33504567","33504818","23","67150997"
"chr1","100675133","100675436","chr20","33486062","33486363","24","67189071"
"chr1","100683209","100683494","chr17","1665366","1665649","39","99017843"
"chr1","100689180","100689476","chr20","33474440","33474724","34","67214740"
"chr1","100696792","100697071","chr1","111657824","111658106","34","10961032"
"chr1","100768128","100768402","chr20","49043169","49043440","41","51724959"
"chr1","100858538","100858843","chr20","33310945","33311253","28","67547593"
"chr1","100875755","100876062","chr12","9855924","9856236","33","91019831"
"chr1","100887017","100887327","chr20","33280580","33280878","41","67606437"
"chr1","100893806","100894087","chr4","52351346","52351638","42","48542460"
"chr1","100923920","100924241","chr20","33240223","33240539","38","67683697"
"chr1","101014756","101015034","chr7","130657463","130657742","34","29642707"
"chr1","101024048","101024347","chr20","33140694","33140991","28","67883354"
"chr1","101173812","101174119","chr5","67774668","67774983","39","33399144"
"chr1","101177580","101177765","chr20","32989364","32989549","13","68188216"
"chr1","101217914","101218127","chr20","32953105","32953331","31","68264809"
"chr1","101267157","101267458","chr20","32905986","32906293","30","68361171"
"chr1","101295802","101296151","chr6","7583070","7583380","68","93712732"
"chr1","101426099","101426396","chr20","32733207","32733503","30","68692892"
"chr1","101459911","101460189","chr19","21750510","21750789","36","79709401"
"chr1","101578209","101578507","chr20","32606129","32606434","30","68972080"
"chr1","101744161","101744463","chr19","2248761","2249070","44","99495400"
"chr1","101754577","101754889","chr20","32429036","32429346","28","69325541"
"chr1","101849897","101850210","chr18","17039455","17039764","41","84810442"
"chr1","101851707","101852001","chr20","32335437","32335736","33","69516270"
"chr1","102005822","102006130","chr11","46007348","46007651","38","55998474"
"chr1","102021648","102021860","chr20","32165599","32165812","18","69856049"
"chr1","102125882","102126177","chr1","68742662","68742962","38","33383220"
"chr1","102132308","102132602","chr11","96978397","96978692","38","5153911"
"chr1","102164424","102164729","chr16","45636697","45636993","50","56527727"
"chr1","102196346","102196648","chr20","31993523","31993813","38","70202823"
"chr1","102214138","102214447","chr19","8619042","8619348","40","93595096"
"chr1","102284054","102284340","chr23","42377380","42377670","42","59906674"
"chr1","102544623","102544899","chr14","83362737","83363008","40","19181886"
"chr1","102559217","102559509","chr20","31648660","31648954","23","70910557"
"chr1","102561320","102561612","chr20","31648660","31648954","22","70912660"
"chr1","102706172","102706480","chr21","126625473","126625781","43","23919301"
"chr1","102765854","102766146","chr2","49844671","49844962","35","52921183"
"chr1","102788674","102788971","chr11","6429844","6430143","32","96358830"
"chr1","103108131","103108422","chr10","110720648","110720937","44","7612517"
"chr1","103241161","103241459","chr20","30977770","30978064","28","72263391"
"chr1","103303748","103304030","chr26","40527996","40528274","36","62775752"
"chr1","103373889","103374182","chrX","111740906","111741198","44","8367017"
"chr1","103523548","103523874","chr2","78836222","78836533","56","24687326"
"chr1","103552244","103552536","chr20","30687391","30687690","30","72864853"
"chr1","103582991","103583286","chr26","8609632","8609927","27","94973359"
"chr1","103857224","103857522","chr6","41220512","41220808","26","62636712"
"chr1","103871840","103872145","chr12","26084664","26084963","37","77787176"
"chr1","103907754","103908069","chr10","4242844","4243153","36","99664910"
"chr1","104001765","104002066","chr20","30272056","30272365","32","73729709"
"chr1","104067696","104067943","chr20","30212933","30213179","16","73854763"
"chr1","104116860","104117179","chr2","60500472","60500783","37","43616388"
"chr1","104184470","104184761","chr7","31246739","31247031","44","72937731"
"chr1","104226361","104226649","chr3","27733997","27734287","40","76492364"
"chr1","104562128","104562413","chr1","101591459","101591747","40","2970669"
"chr1","104620726","104621011","chr8","118865236","118865522","50","14244510"
"chr1","104652954","104653186","chr9","61704066","61704306","58","42948888"
"chr1","104692460","104692744","chr5","42794403","42794692","48","61898057"
"chr1","104719287","104719586","chr8","10394962","10395260","39","94324325"
"chr1","104726761","104726966","chr17","38823537","38823742","38","65903224"
"chr1","104767194","104767496","chr25","5578857","5579157","36","99188337"
"chr1","104772056","104772359","chr12","104698689","104698988","41","73367"
"chr1","104786296","104786591","chr20","29686099","29686389","30","75100197"
"chr1","104992343","104992663","chr20","29451097","29451415","45","75541246"
"chr1","105031615","105031831","chr11","124263168","124263380","41","19231553"
"chr1","105108088","105108409","chr20","29313040","29313362","32","75795048"
"chr1","105160957","105161207","chr20","29271757","29272015","26","75889200"
"chr1","105167748","105168054","chr2","58338718","58339014","53","46829030"
"chr1","105202860","105203086","chr3","6517513","6517738","35","98685347"
"chr1","105203472","105203790","chr20","29229519","29229828","37","75973953"
"chr1","105233240","105233538","chr9","120001082","120001381","45","14767842"
"chr1","105265998","105266291","chrX","3500980","3501276","36","101765018"
"chr1","105315065","105315362","chr20","29139475","29139763","42","76175590"
"chr1","105358057","105358350","chr20","29085208","29085501","30","76272849"
"chr1","105484695","105484949","chr20","28971969","28972229","29","76512726"
"chr1","105740216","105740517","chr20","28712260","28712558","28","77027956"
"chr1","105773128","105773407","chr12","80534383","80534662","47","25238745"
"chr1","105839242","105839543","chr4","31876349","31876651","37","73962893"
"chr1","105921595","105921884","chr16","21029699","21029986","37","84891896"
"chr1","106028587","106028887","chr20","28434960","28435260","25","77593627"
"chr1","106117441","106117753","chr20","96087671","96087985","41","10029770"
"chr1","106171489","106171794","chr20","28272576","28272873","35","77898913"
"chr1","106182872","106183146","chr20","28261862","28262128","26","77921010"
"chr1","106311418","106311741","chr3","30506130","30506443","45","75805288"
"chr1","106445853","106446079","chr6","11557988","11558218","32","94887865"
"chr1","106488000","106488282","chr27","9942835","9943121","44","96545165"
"chr1","106758345","106758651","chr20","27696379","27696679","39","79061966"
"chr1","106772760","106773050","chr20","27681554","27681845","33","79091206"
"chr1","106848429","106848742","chr10","105520615","105520926","40","1327814"
"chr1","106914884","106915196","chr11","2853447","2853759","38","104061437"
"chr1","107179892","107180167","chr12","7902931","7903207","40","99276961"
"chr1","107188356","107188634","chr20","8908265","8908538","40","98280091"
"chr1","107205251","107205552","chr20","27281524","27281819","38","79923727"
"chr1","107369947","107370238","chr20","27099651","27099953","35","80270296"
"chr1","107418294","107418601","chr7","92087429","92087726","37","15330865"
"chr1","107586334","107586631","chr20","26881173","26881475","33","80705161"
"chr1","107715343","107715650","chr6","7583070","7583380","38","100132273"
"chr1","107730812","107731094","chr20","26732134","26732415","28","80998678"
"chr1","107739940","107740243","chr20","26724349","26724651","23","81015591"
"chr1","107968795","107969102","chr20","111352130","111352435","40","3383335"
"chr1","107982857","107983180","chr5","21123770","21124080","52","86859087"
"chr1","108048527","108048824","chr1","32350047","32350343","33","75698480"
"chr1","108104901","108105185","chr20","26366490","26366772","23","81738411"
"chr1","108119620","108119919","chr9","55239336","55239633","46","52880284"
"chr1","108145826","108146141","chr20","26323986","26324296","29","81821840"
"chr1","108222463","108222770","chr5","14824425","14824736","35","93398038"
"chr1","108375894","108376209","chr20","26090922","26091243","36","82284972"
"chr1","108392614","108392909","chr11","96978397","96978692","34","11414217"
"chr1","108417652","108417965","chr20","26051187","26051509","53","82366465"
"chr1","108603551","108603890","chr20","25877941","25878266","35","82725610"
"chr1","108672933","108673232","chr14","83733112","83733413","31","24939821"
"chr1","108798946","108799214","chr16","3178099","3178363","32","105620847"
"chr1","108810903","108811216","chr20","25669713","25670028","21","83141190"
"chr1","108961175","108961437","chr20","25514876","25515138","16","83446299"
"chr1","109009247","109009515","chr20","25471933","25472199","34","83537314"
"chr1","109026376","109026675","chr1","69451586","69451884","34","39574790"
"chr1","109068207","109068513","chr20","25422351","25422657","30","83645856"
"chr1","109076787","109077077","chr20","25413341","25413638","26","83663446"
"chr1","109211434","109211737","chr20","25082531","25082833","12","84128903"
"chr1","109291353","109291651","chr20","25014060","25014370","34","84277293"
"chr1","109324051","109324333","chrX","23484697","23484980","43","85839354"
"chr1","109357170","109357477","chr20","24951454","24951767","24","84405716"
"chr1","109368376","109368678","chr12","15199772","15200072","29","94168604"
"chr1","109408932","109409236","chr9","21222890","21223190","31","88186042"
"chr1","109456727","109457036","chr29","21940583","21940891","36","87516144"
"chr1","109524990","109525288","chr20","3467120","3467419","40","106057870"
"chr1","109540640","109540948","chr19","13705893","13706204","41","95834747"
"chr1","109546292","109546602","chr20","24769992","24770301","31","84776300"
"chr1","109548796","109549101","chr20","88200334","88200641","33","21348462"
"chr1","109583368","109583673","chr1","19453527","19453824","36","90129841"
"chr1","109591981","109592185","chr5","4271859","4272053","40","105320122"
"chr1","109606499","109606788","chr20","24714722","24715010","24","84891777"
"chr1","109611164","109611442","chr4","73819490","73819764","44","35791674"
"chr1","109642368","109642661","chr20","24678985","24679294","39","84963383"
"chr1","109674459","109674737","chr20","24642596","24642862","33","85031863"
"chr1","109679705","109680002","chr20","108815662","108815960","39","864043"
"chr1","109698670","109698972","chr26","30645980","30646281","40","79052690"
"chr1","109710011","109710311","chr24","40758560","40758856","33","68951451"
"chr1","109713307","109713610","chr20","24594435","24594732","35","85118872"
"chr1","109720318","109720625","chr20","24587237","24587523","33","85133081"
"chr1","109729722","109730017","chr20","24577993","24578289","27","85151729"
"chr1","109731100","109731396","chr20","24576837","24577135","25","85154263"
"chr1","109737839","109738140","chr20","24570662","24570963","32","85167177"
"chr1","109752182","109752475","chr12","80083509","80083803","44","29668673"
"chr1","109768585","109768891","chr3","9026672","9026974","31","100741913"
"chr1","109772856","109773151","chr20","24538014","24538314","26","85234842"
"chr1","109775988","109776285","chr5","287795","288091","32","109488193"
"chr1","109781127","109781432","chr20","24524018","24524314","23","85257109"
"chr1","109792048","109792324","chrX","1052","1331","31","109790996"
"chr1","109819568","109819878","chr14","98380581","98380892","41","11438987"
"chr1","109825933","109826228","chr20","24448212","24448507","19","85377721"
"chr1","109831114","109831410","chr1","32350047","32350343","34","77481067"
"chr1","109835964","109836255","chr20","24439344","24439641","27","85396620"
"chr1","109850846","109851155","chr5","15227667","15227974","34","94623179"
"chr1","109856870","109857164","chr20","24417528","24417832","31","85439342"
"chr1","109864088","109864377","chr6","11893852","11894141","39","97970236"
"chr1","109878839","109879142","chr15","64630867","64631162","43","45247972"
"chr1","109880074","109880370","chr26","52121302","52121596","32","57758772"
"chr1","109931281","109931589","chr26","4680641","4680942","41","105250640"
"chr1","109963792","109964109","chr10","24331092","24331413","46","85632700"
"chr1","110009856","110010156","chr20","24266929","24267229","28","85742927"
"chr1","110016577","110016870","chr9","114952603","114952897","38","4936026"
"chr1","110024180","110024470","chr9","94097659","94097950","37","15926521"
"chr1","110027525","110027815","chr9","94097659","94097950","38","15929866"
"chr1","110152570","110152870","chr20","24138939","24139238","28","86013631"
"chr1","110178054","110178316","chr10","62608000","62608267","33","47570054"
"chr1","110208655","110208946","chr22","18936712","18937005","21","91271943"
"chr1","110212527","110212833","chr20","24090314","24090617","25","86122213"
"chr1","110216313","110216607","chr20","24086626","24086924","42","86129687"
"chr1","110330214","110330516","chr20","23974263","23974568","35","86355951"
"chr1","110339592","110339895","chr20","23964675","23964985","39","86374917"
"chr1","110348568","110348865","chr20","23955753","23956033","38","86392815"
"chr1","110355172","110355446","chr20","23948703","23948980","20","86406469"
"chr1","110373356","110373642","chr20","23930993","23931267","33","86442363"
"chr1","110405231","110405524","chr4","36036902","36037194","33","74368329"
"chr1","110425093","110425309","chr17","35304405","35304617","33","75120688"
"chr1","110444019","110444319","chr4","46887673","46887982","28","63556346"
"chr1","110445069","110445364","chr5","6981804","6982098","38","103463265"
"chr1","110483026","110483298","chrX","105293235","105293508","39","5189791"
"chr1","110995312","110995603","chr23","57421524","57421818","48","53573788"
"chr1","111031686","111031983","chr20_KE148050v1_random","1232512","1232809","29","109799174"
"chr1","111032596","111032893","chr20_KE148050v1_random","1232512","1232809","29","109800084"
"chr1","111108788","111109091","chr20","45981785","45982072","31","65127003"
"chr1","111138750","111139041","chr10","104277904","104278190","39","6860846"
"chr1","111257177","111257467","chr28","3322690","3322980","31","107934487"
"chr1","111333541","111333839","chr20_KE148050v1_random","1119076","1119378","25","110214465"
"chr1","111335675","111335986","chrX","27030043","27030357","44","84305632"
"chr1","111341598","111341902","chr20_KE148050v1_random","1111031","1111332","27","110230567"
"chr1","111350531","111350823","chr20_KE148050v1_random","1102077","1102362","30","110248454"
"chr1","111394168","111394464","chrX","45255215","45255519","39","66138953"
"chr1","111434026","111434366","chr20_KE148050v1_random","1020591","1020910","56","110413435"
"chr1","111462283","111462559","chr1","112372130","112372407","41","909847"
"chr1","111475869","111476179","chr20_KE148050v1_random","980050","980359","23","110495819"
"chr1","111509245","111509453","chr11","124263168","124263380","30","12753923"
"chr1","111630144","111630449","chr20_KE148050v1_random","826418","826712","30","110803726"
"chr1","111667075","111667372","chrX","22428011","22428306","33","89239064"
"chr1","111689781","111690108","chr10","24331092","24331413","53","87358689"
"chr1","111758110","111758417","chr6","12401547","12401851","36","99356563"
"chr1","111826782","111827010","chr20_KE148050v1_random","625853","626080","22","111200929"
"chr1","111864637","111864814","chr10","33376506","33376682","32","78488131"
"chr1","111865071","111865364","chr25","73417523","73417816","33","38447548"
"chr1","112011081","112011354","chrX","22127361","22127644","42","89883720"
"chr1","112125667","112125975","chr20_KE148050v1_random","371017","371323","27","111754650"
"chr1","112147241","112147529","chr20_KE148050v1_random","352289","352576","27","111794952"
"chr1","112169800","112170116","chr20","11643483","11643796","43","100526317"
"chr1","112173819","112174104","chr16","58402495","58402776","45","53771324"
"chr1","112366016","112366188","chr16","48443989","48444168","36","63922027"
"chr1","112423126","112423398","chrX","105293235","105293508","39","7129891"
"chr1","112648623","112648929","chr28","19188684","19188984","49","93459939"
"chr1","112697499","112697757","chr20","13104932","13105189","26","99592567"
"chr1","112699187","112699482","chr16","63924242","63924538","34","48774945"
"chr1","112706788","112707064","chr20","13095451","13095722","30","99611337"
"chr1","112742934","112743242","chr11","46449138","46449448","39","66293796"
"chr1","112751152","112751436","chr20","13052262","13052561","33","99698890"
"chr1","112754679","112754980","chr1","17476199","17476497","40","95278480"
"chr1","112765120","112765389","chr17","27822503","27822764","36","84942617"
"chr1","112768459","112768763","chr20","13036091","13036390","23","99732368"
"chr1","112770742","112771053","chr5","26410686","26410992","35","86360056"
"chr1","112774898","112775205","chr20","13029914","13030229","24","99744984"
"chr1","112780219","112780492","chr20","13024895","13025167","36","99755324"
"chr1","112799876","112800187","chr20","13004194","13004510","37","99795682"
"chr1","112810715","112811002","chr20","12993982","12994270","21","99816733"
"chr1","112823523","112823810","chr14","46309257","46309544","37","66514266"
"chr1","112826167","112826475","chr3","23470077","23470386","42","89356090"
"chr1","112836334","112836632","chr17","34404853","34405151","33","78431481"
"chr1","112839832","112840082","chr12","72893065","72893324","39","39946767"
"chr1","112862083","112862382","chr20","12941147","12941456","33","99920936"
"chr1","112884248","112884555","chr6","33162057","33162362","42","79722191"
"chr1","112889986","112890283","chr20","12912939","12913246","33","99977047"
"chr1","112892199","112892496","chr26","40302917","40303216","36","72589282"
"chr1","112894620","112894912","chr20","12908276","12908570","31","99986344"
"chr1","112899703","112899995","chr20","12903249","12903539","14","99996454"
"chr1","112904374","112904528","chr20","12899150","12899308","22","100005224"
"chr1","112914614","112914919","chr20","12888792","12889097","28","100025822"
"chr1","112933238","112933547","chr2","60500472","60500783","31","52432766"
"chr1","112962020","112962320","chr20","12845782","12846080","15","100116238"
"chr1","112975092","112975394","chr1","12743297","12743599","34","100231795"
"chr1","112979456","112979758","chr20","12829061","12829352","32","100150395"
"chr1","113000433","113000732","chr20","12810127","12810420","20","100190306"
"chr1","113003855","113004154","chr7","25556195","25556495","35","87447660"
"chr1","113008078","113008388","chrX","13946834","13947139","36","99061244"
"chr1","113032731","113032951","chr15","91604652","91604870","32","21428079"
"chr1","113049615","113049913","chr20","12764257","12764561","27","100285358"
"chr1","113063738","113064021","chr20","12750086","12750372","19","100313652"
"chr1","113065106","113065304","chr11","45966718","45966922","35","67098388"
"chr1","113066866","113067163","chr20","12738645","12738953","37","100328221"
"chr1","113102893","113102977","chr4","73545380","73545465","15","39557513"
"chr1","113103440","113103673","chr20","124415167","124415386","34","11311727"
"chr1","113104044","113104355","chr3","91403567","91403877","40","21700477"
"chr1","113106826","113107135","chr22","16974195","16974505","39","96132631"
"chr1","113315477","113315778","chr10","88760771","88761072","43","24554706"
"chr1","113402997","113403308","chr28","8303040","8303349","38","105099957"
"chr1","113409298","113409592","chr11","431036","431329","37","112978262"
"chr1","113454172","113454476","chr20","92192486","92192788","34","21261686"
"chr1","113476097","113476378","chr20","13522066","13522348","56","99954031"
"chr1","113499812","113500000","chr20","36874204","36874404","34","76625608"
"chr1","113528976","113529314","chr2","6270888","6271199","59","107258088"
"chr1","113530267","113530562","chr20","13477854","13478150","26","100052413"
"chr1","113683375","113683647","chrX","105293235","105293508","39","8390140"
"chr1","113790585","113790895","chr20","12663902","12664210","29","101126683"
"chr1","116543227","116543547","chr20","13651950","13652268","30","102891277"
"chr1","116682962","116683273","chr20","13790281","13790591","30","102892681"
"chr1","116685566","116685788","chr11","124263168","124263380","48","7577602"
"chr1","116734419","116734638","chr2","86997944","86998162","31","29736475"
"chr1","116787428","116787724","chr5","19340007","19340298","47","97447421"
"chr1","116825969","116826255","chr20","42050271","42050558","36","74775698"
"chr1","116885939","116886235","chr20","13972105","13972408","32","102913834"
"chr1","116889993","116890302","chr18","43649832","43650135","37","73240161"
"chr1","116911013","116911309","chr2","58338718","58339014","38","58572295"
"chr1","117206428","117206715","chr16","18203350","18203641","48","99003078"
"chr1","117405067","117405361","chr27","47660087","47660384","52","69744980"
"chr1","117462660","117462881","chr20","14516209","14516425","23","102946451"
"chr1","117475234","117475535","chr16","2349240","2349537","41","115125994"
"chr1","117503074","117503391","chr20","14555163","14555469","36","102947911"
"chr1","117545574","117545844","chr20","14597712","14597981","26","102947862"
"chr1","117561139","117561432","chr9","110912661","110912949","33","6648478"
"chr1","117581812","117582103","chr20","14627727","14627998","37","102954085"
"chr1","117639594","117639887","chr12","27056019","27056313","39","90583575"
"chr1","117645121","117645385","chr4","84047509","84047762","42","33597612"
"chr1","117653025","117653329","chr20","14697731","14698039","29","102955294"
"chr1","117662821","117663123","chr20","101310860","101311152","44","16351961"
"chr1","117785857","117786169","chr9","112383120","112383432","46","5402737"
"chr1","117893633","117893940","chr16","3477057","3477362","48","114416576"
"chr1","117989357","117989544","chr16","2372018","2372211","42","115617339"
"chr1","118026699","118027020","chr19","8161505","8161808","59","109865194"
"chr1","118045088","118045406","chr20","15088884","15089192","38","102956204"
"chr1","118499441","118499746","chr20","15521628","15521925","30","102977813"
"chr1","118639105","118639387","chr6","17534533","17534818","38","101104572"
"chr1","118653456","118653632","chr20","15673882","15674060","18","102979574"
"chr1","118677757","118678038","chr13","14617984","14618268","39","104059773"
"chr1","118733575","118733880","chr20","110792876","110793177","39","7940699"
"chr1","118804278","118804585","chr6","28083926","28084229","47","90720352"
"chr1","118842800","118843121","chr8","89698427","89698751","51","29144373"
"chr1","118874102","118874388","chr4","33510611","33510896","41","85363491"
"chr1","118931934","118932229","chr21","109745800","109746094","41","9186134"
"chr1","119031261","119031572","chr14","105114118","105114427","35","13917143"
"chr1","119163389","119163691","chr20","16173630","16173935","33","102989759"
"chr1","119279068","119279358","chr20","16297955","16298241","29","102981113"
"chr1","119364421","119364715","chr20","16377371","16377666","34","102987050"
"chr1","119379444","119379733","chr20","16392421","16392702","32","102987023"
"chr1","119381387","119381697","chr22","11649514","11649823","37","107731873"
"chr1","119413947","119414241","chr20","16422573","16422875","31","102991374"
"chr1","119423628","119423941","chr5","73064304","73064612","43","46359324"
"chr1","119438245","119438547","chr20","16450592","16450895","34","102987653"
"chr1","119441263","119441573","chr1","7210781","7211092","29","112230482"
"chr1","119445841","119446169","chr20","16458698","16459007","39","102987143"
"chr1","119462048","119462356","chr16","1717813","1718121","36","117744235"
"chr1","119487215","119487548","chr7","85378550","85378870","46","34108665"
"chr1","119491545","119491854","chr20","16503906","16504218","36","102987639"
"chr1","119517430","119517732","chr21","29073006","29073307","36","90444424"
"chr1","119521805","119522084","chr20","16527575","16527858","22","102994230"
"chr1","119634629","119634925","chr20","16638848","16639157","32","102995781"
"chr1","119666477","119666785","chr17","1769259","1769563","27","117897218"
"chr1","119667610","119667908","chr1","103586917","103587220","29","16080693"
"chr1","119738814","119739122","chr4","78002507","78002821","36","41736307"
"chr1","119770611","119770918","chr14","14997912","14998214","32","104772699"
"chr1","119831662","119831945","chrX","38341389","38341678","33","81490273"
"chr1","119836104","119836411","chr26","47888779","47889083","40","71947325"
"chr1","119842477","119842761","chrX","38341389","38341678","33","81501088"
"chr1","119878360","119878652","chr17","30496135","30496423","39","89382225"
"chr1","119891008","119891309","chrX","15139096","15139395","37","104751912"
"chr1","119892166","119892464","chr20","16879565","16879866","31","103012601"
"chr1","119893848","119894142","chr5","59338845","59339137","47","60555003"
"chr1","119905589","119905834","chr9","61704066","61704306","43","58201523"
"chr1","119918233","119918527","chr15","90536879","90537170","38","29381354"
"chr1","119933099","119933392","chr20","16920856","16921156","27","103012243"
"chr1","120046217","120046512","chr20","17034498","17034794","18","103011719"
"chr1","120061972","120062282","chrX","80468072","80468375","31","39593900"
"chr1","120078106","120078395","chr20","17066421","17066724","28","103011685"
"chr1","120095493","120095772","chr19","6961358","6961630","47","113134135"
"chr1","120285776","120286073","chr20","17270191","17270487","22","103015585"
"chr1","120343555","120343834","chr20","17326632","17326925","37","103016923"
"chr1","120345091","120345394","chr20","17328185","17328487","27","103016906"
"chr1","120388162","120388474","chr23","75121731","75122042","41","45266431"
"chr1","120403778","120404035","chr20","17384695","17384933","34","103019083"
"chr1","120442652","120442947","chr20","17423945","17424234","31","103018707"
"chr1","120458045","120458336","chr20","17437339","17437631","33","103020706"
"chr1","120605057","120605353","chr9","114952603","114952897","36","5652454"
"chr1","120637926","120638230","chr28","4525040","4525344","40","116112886"
"chr1","120640974","120641251","chr5","102567","102846","37","120538407"
"chr1","120701480","120701779","chr20","17665072","17665369","29","103036408"
"chr1","120752016","120752242","chr26","19753085","19753324","51","100998931"
"chr1","120754640","120754952","chr20","9169732","9170041","35","111584908"
"chr1","120756510","120756797","chr20","17719024","17719300","30","103037486"
"chr1","120800106","120800399","chrX","66816797","66817088","32","53983309"
"chr1","120843720","120844009","chr20","17809155","17809446","36","103034565"
"chr1","120858529","120858823","chr20","17824253","17824556","32","103034276"
"chr1","120859268","120859566","chr8","40578544","40578844","29","80280724"
"chr1","120873953","120874250","chr5","57811123","57811421","50","63062830"
"chr1","121011145","121011434","chr14","81822046","81822334","28","39189099"
"chr1","121023889","121024182","chr20","17983561","17983849","21","103040328"
"chr1","121109494","121109794","chr20","18069501","18069808","28","103039993"
"chr1","121175894","121176181","chr20","18134444","18134727","37","103041450"
"chr1","121300981","121301278","chr5","60077430","60077729","44","61223551"
"chr1","121712237","121712532","chr12","65587835","65588129","41","56124402"
"chr1","121858217","121858514","chr20","18775959","18776261","24","103082258"
"chr1","121942471","121942775","chr20","18858377","18858670","26","103084094"
"chr1","121956597","121956870","chr10","87553092","87553358","37","34403505"
"chr1","121987138","121987436","chr21","74663054","74663347","34","47324084"
"chr1","121990118","121990400","chr20","18904371","18904648","27","103085747"
"chr1","121990595","121990885","chr20","18904817","18905102","50","103085778"
"chr1","122025376","122025656","chr20","18938775","18939059","26","103086601"
"chr1","122036175","122036472","chr20","18948507","18948812","28","103087668"
"chr1","122065614","122065923","chr7","12027897","12028208","43","110037717"
"chr1","122098265","122098570","chr20","19009431","19009722","34","103088834"
"chr1","122101995","122102293","chr20","19013176","19013473","24","103088819"
"chr1","122161335","122161645","chr8","10801167","10801476","37","111360168"
"chr1","122174521","122174834","chr1","59145","59457","40","122115376"
"chr1","122179213","122179512","chr20","19086654","19086949","27","103092559"
"chr1","122204730","122205023","chr20","19110938","19111238","30","103093792"
"chr1","122214913","122215224","chr16","12722609","12722918","39","109492304"
"chr1","122215657","122215938","chr20","19122494","19122792","37","103093163"
"chr1","122226881","122227163","chr20","19137244","19137522","26","103089637"
"chr1","122229151","122229444","chr20","19139478","19139771","22","103089673"
"chr1","122230577","122230872","chr2","87753173","87753470","35","34477404"
"chr1","122238288","122238589","chr20","19144128","19144425","29","103094160"
"chr1","122243171","122243462","chr20","120519440","120519734","36","1723731"
"chr1","122254415","122254721","chr11","1437245","1437551","35","120817170"
"chr1","122260138","122260430","chr6","6295073","6295360","41","115965065"
"chr1","122276309","122276603","chr20","19181744","19182037","28","103094565"
"chr1","122321264","122321573","chr20","19224381","19224679","27","103096883"
"chr1","122360053","122360340","chr20","19263780","19264069","25","103096273"
"chr1","122376098","122376400","chr20","19279651","19279949","29","103096447"
"chr1","122408484","122408789","chr16","68946986","68947287","52","53461498"
"chr1","122409897","122410210","chr16","68946986","68947287","45","53462911"
"chr1","122452519","122452844","chr6","15813882","15814194","42","106638637"
"chr1","122563031","122563320","chr3","91322899","91323189","41","31240132"
"chr1","122811102","122811411","chr20","19705060","19705371","26","103106042"
"chr1","122812998","122813288","chr20","19706655","19706950","32","103106343"
"chr1","122815340","122815652","chr20","20998986","20999295","29","101816354"
"chr1","122822856","122823148","chr20","19717202","19717491","32","103105654"
"chr1","122839044","122839353","chr15","48458331","48458646","40","74380713"
"chr1","122902784","122903068","chr20","19801434","19801724","28","103101350"
"chr1","122914741","122915034","chr20","108815662","108815960","37","14099079"
"chr1","122920694","122921008","chr26","7892027","7892337","46","115028667"
"chr1","122948692","122948990","chr8","7114217","7114516","31","115834475"
"chr1","122949634","122949938","chr4","31876349","31876651","33","91073285"
"chr1","122958311","122958617","chr9","117230098","117230400","40","5728213"
"chr1","122959296","122959583","chr20","19863228","19863531","32","103096068"
"chr1","122972235","122972524","chr20","19876666","19876956","24","103095569"
"chr1","122990875","122991170","chr16","70284377","70284671","30","52706498"
"chr1","123025130","123025436","chr20","19927888","19928170","43","103097242"
"chr1","123031899","123032210","chr19","28030539","28030852","34","95001360"
"chr1","123034258","123034566","chr20","92192486","92192788","34","30841772"
"chr1","123037259","123037573","chr20","19939734","19940048","18","103097525"
"chr1","123041650","123041885","chr20","19944381","19944625","27","103097269"
"chr1","123042730","123043031","chr20","19945472","19945769","33","103097258"
"chr1","123047566","123047877","chr20","19948848","19949158","31","103098718"
"chr1","123057968","123058265","chr20","19957988","19958284","29","103099980"
"chr1","123069929","123070101","chr5","70543750","70543926","18","52526179"
"chr1","123080540","123080847","chr20","19979628","19979931","29","103100912"
"chr1","123113464","123113699","chr6","11557988","11558218","33","111555476"
"chr1","123147304","123147568","chr20","20033819","20034068","33","103113485"
"chr1","123162402","123162706","chr20","20050595","20050887","33","103111807"
"chr1","123175537","123175814","chrX","1052","1331","33","123174485"
"chr1","123215366","123215674","chr20","20097798","20098104","28","103117568"
"chr1","123225130","123225419","chr15","4942661","4942952","35","118282469"
"chr1","123251221","123251521","chr20","20136581","20136877","30","103114640"
"chr1","123402046","123402333","chr20","20270187","20270474","25","103131859"
"chr1","123403148","123403445","chr16","60232097","60232390","30","63171051"
"chr1","123476408","123476701","chr1","2170422","2170709","38","121305986"
"chr1","123608914","123609200","chr20","20466202","20466481","26","103142712"
"chr1","123615871","123616197","chr20","20472724","20473029","36","103143147"
"chr1","123633431","123633739","chr5","26410686","26410992","35","97222745"
"chr1","123688180","123688468","chrUn_KE147541v1","121663","121948","44","123566517"
"chr1","123691433","123691735","chr29","3679597","3679897","35","120011836"
"chr1","123697822","123698111","chr20","20545033","20545328","24","103152789"
"chr1","123752139","123752445","chr1","67026506","67026811","37","56725633"
"chr1","123759383","123759663","chr18","2606757","2607038","35","121152626"
"chr1","123791486","123791787","chr8","7114217","7114516","37","116677269"
"chr1","123796215","123796482","chr10","43410394","43410676","57","80385821"
"chr1","123811349","123811647","chr20","20652865","20653167","32","103158484"
"chr1","123813227","123813510","chr5","39598329","39598615","40","84214898"
"chr1","123815922","123816217","chr20","20657758","20658061","28","103158164"
"chr1","123818587","123818904","chr3","10230626","10230936","41","113587961"
"chr1","123831314","123831609","chr6","47103233","47103523","42","76728081"
"chr1","123834540","123834825","chr12","2692262","2692546","42","121142278"
"chr1","123835182","123835418","chr23","79752874","79753110","30","44082308"
"chr1","123839163","123839459","chr6","36951476","36951790","58","86887687"
"chr1","123846057","123846364","chr20","20700106","20700415","30","103145951"
"chr1","123859256","123859548","chr4","65699270","65699561","39","58159986"
"chr1","123862368","123862677","chr17","30116027","30116341","38","93746341"
"chr1","123863173","123863468","chr20","20711533","20711816","48","103151640"
"chr1","123864659","123864958","chr15","91394121","91394413","31","32470538"
"chr1","123871980","123872249","chr20","20720704","20720979","30","103151276"
"chr1","123896807","123897100","chr1","32350047","32350343","33","91546760"
"chr1","123907802","123908105","chr2","77276737","77277041","39","46631065"
"chr1","123915289","123915588","chr22","9841387","9841680","35","114073902"
"chr1","123930666","123930966","chr10","124515532","124515831","34","584866"
"chr1","123969620","123969922","chr12","80137644","80137947","40","43831976"
"chr1","123974285","123974482","chr7","15845768","15845962","37","108128517"
"chr1","123976238","123976537","chrX","50658355","50658656","28","73317883"
"chr1","123979466","123979683","chr11","124263168","124263380","41","283702"
"chr1","124011913","124012202","chr1","9967077","9967375","38","114044836"
"chr1","124017721","124018026","chr20","95037372","95037673","31","28980349"
"chr1","124026949","124027249","chr20","20861928","20862231","33","103165021"
"chr1","124028744","124029047","chr6","24847802","24848103","36","99180942"
"chr1","124032885","124033195","chr8","35854442","35854754","41","88178443"
"chr1","124046725","124047045","chrX","46054412","46054721","44","77992313"
"chr1","124066950","124067243","chr16","10052529","10052819","32","114014421"
"chr1","124075510","124075819","chr20","20904683","20904992","29","103170827"
"chr1","124114312","124114624","chr20","20942344","20942662","21","103171968"
"chr1","124121134","124121442","chr8","50012210","50012514","32","74108924"
"chr1","124128558","124128863","chr20","20956605","20956914","31","103171953"
"chr1","124130287","124130575","chr20","20958359","20958645","26","103171928"
"chr1","124147016","124147330","chr8","10801167","10801476","31","113345849"
"chr1","124148708","124148982","chr20","20974729","20975004","17","103173979"
"chr1","124170901","124171204","chr20","20994590","20994891","38","103176311"
"chr1","124175533","124175805","chr24","16053168","16053442","38","108122365"
"chr1","124178076","124178375","chr24","81534444","81534741","30","42643632"
"chr1","124181861","124182128","chr5","60403345","60403611","36","63778516"
"chr1","124192697","124192957","chr20","21015146","21015408","31","103177551"
"chr1","124197477","124197780","chr20","21020239","21020541","27","103177238"
"chr1","124216142","124216459","chr21","73499256","73499565","46","50716886"
"chr1","124218295","124218587","chr20","21040161","21040458","23","103178134"
"chr1","124284654","124284951","chr7","37298478","37298772","33","86986176"
"chr1","124326847","124327158","chr20","21145046","21145349","24","103181801"
"chr1","124335977","124336285","chr20","21162903","21163213","24","103173074"
"chr1","124336353","124336660","chr20","21162903","21163213","32","103173450"
"chr1","124337093","124337382","chr15","4942661","4942952","32","119394432"
"chr1","124377337","124377634","chr6","3654570","3654866","33","120722767"
"chr1","124393732","124394031","chr20","21217857","21218158","27","103175875"
"chr1","124406987","124407278","chr20","21230404","21230691","20","103176583"
"chr1","124427697","124427973","chr17","54134410","54134692","38","70293287"
"chr1","124431136","124431450","chr26","34494361","34494675","48","89936775"
"chr1","124456338","124456554","chr11","124263168","124263380","36","193170"
"chr1","124561648","124561949","chr22","19640254","19640549","41","104921394"
"chr1","124606081","124606373","chr20","21412804","21413086","34","103193277"
"chr1","124928767","124929074","chr20","21720708","21721010","26","103208059"
"chr1","125011442","125011738","chrX","22428011","22428306","36","102583431"
"chr1","125037074","125037369","chr11","6429844","6430143","28","118607230"
"chr1","125045176","125045486","chr20","21835562","21835869","36","103209614"
"chr1","125132955","125133253","chr20","21921122","21921415","31","103211833"
"chr1","125144081","125144376","chr16","14612378","14612678","35","110531703"
"chr1","125199090","125199387","chr20","21985881","21986164","33","103213209"
"chr1","125236058","125236361","chr20","22023169","22023474","25","103212889"
"chr1","125300543","125300849","chr20","104839624","104839933","33","20460919"
"chr1","125301310","125301620","chr13","84766589","84766899","32","40534721"
"chr1","125359236","125359536","chr20","22149983","22150282","19","103209253"
"chr1","125435949","125436251","chr20","22209501","22209803","29","103226448"
"chr1","125622459","125622753","chr20","22360679","22360978","28","103261780"
"chr1","125696681","125696965","chr19","24556447","24556743","40","101140234"
"chr1","125708490","125708788","chr17","69557730","69558026","35","56150760"
"chr1","125840346","125840634","chr20","22549726","22550022","21","103290620"
"chr1","125863567","125863861","chr11","909139","909432","39","124954428"
"chr1","125893920","125894190","chr20","22612245","22612509","27","103281675"
"chr1","125896744","125897044","chr20","22614992","22615291","36","103281752"
"chr1","125929130","125929380","chr6","35082688","35082943","37","90846442"
"chr1","125954336","125954657","chr12","7117943","7118250","51","118836393"
"chr1","126028327","126028540","chr3","8998187","8998398","30","117030140"
"chr1","126200168","126200462","chr17","33554756","33555057","33","92645412"
"chr1","126296493","126296803","chr20","23002121","23002432","29","103294372"
"chr1","126327771","126328072","chr3","78403159","78403459","52","47924612"
"chr1","126435589","126435895","chr3","9026672","9026974","33","117408917"
"chr1","126438128","126438420","chr11","6429844","6430143","33","120008284"
"chr1","126442409","126442705","chr6","13473280","13473574","35","112969129"
"chr1","126458199","126458494","chr20","23155668","23155966","27","103302531"
"chr1","126466522","126466816","chr20","23164137","23164437","30","103302385"
"chr1","126474475","126474749","chr20","23171719","23171990","27","103302756"
"chr1","126476083","126476388","chr20","23173374","23173676","29","103302709"
"chr1","126478257","126478559","chrX","23730377","23730681","37","102747880"
"chr1","126483114","126483420","chr20","23180542","23180855","32","103302572"
"chr1","126506461","126506773","chr20","23203628","23203937","19","103302833"
"chr1","126516930","126517226","chr20","23213415","23213724","34","103303515"
"chr1","126527011","126527257","chr20","23223642","23223890","25","103303369"
"chr1","126750311","126750544","chr20","23445035","23445266","26","103305276"
"chr1","126808968","126809281","chr15","47407623","47407932","36","79401345"
"chr1","126850221","126850501","chrUn_KE147541v1","121663","121948","42","126728558"
"chr1","126852768","126853051","chr20","23548475","23548766","39","103304293"
"chr1","126886844","126887135","chr20","23583257","23583553","29","103303587"
"chr1","126896359","126896658","chr20","23593168","23593462","33","103303191"
"chr1","126911585","126911882","chr19","18874329","18874626","30","108037256"
"chr1","126950261","126950561","chr11","96978397","96978692","42","29971864"
"chr1","126959154","126959469","chr20","1445477","1445787","39","125513677"
"chr1","127021317","127021617","chr20","23715215","23715515","24","103306102"
"chr1","127038920","127039201","chr16","58335941","58336218","43","68702979"
"chr1","127040079","127040373","chr12","74055080","74055392","37","52984999"
"chr1","127052046","127052356","chr20","23746001","23746311","29","103306045"
"chr1","127053766","127054039","chr20","23747685","23747956","16","103306081"
"chr1","127127632","127127933","chr16","5899471","5899766","43","121228161"
"chr1","127154798","127155104","chr20","23876650","23876953","24","103278148"
"chr1","127160413","127160696","chr12","41746033","41746317","35","85414380"
"chr1","127173288","127173570","chr5","58610912","58611188","43","68562376"
"chr1","127178862","127179113","chr6","7663026","7663281","34","119515836"
"chr1","127180749","127181056","chr20","23871177","23871490","41","103309572"
"chr1","127228078","127228378","chr20","24138939","24139238","29","103089139"
"chr1","127297144","127297433","chr20","20545033","20545328","26","106752111"
"chr1","127302565","127302867","chr29","3679597","3679897","35","123622968"
"chr1","127305588","127305876","chrX","50195890","50196181","42","77109698"
"chr1","127553900","127554174","chr20","115703995","115704270","17","11849905"
"chr1","127587883","127588187","chr20_KE148049v1_random","116880","117167","36","127471003"
"chr1","127605421","127605707","chr16","652826","653121","37","126952595"
"chr1","127695971","127696255","chr20","13332123","13332408","30","114363848"
"chr1","127708422","127708720","chr20","42065138","42065454","42","85643284"
"chr1","127773443","127773764","chr20_KE148049v1_random","75040","75368","37","127698403"
"chr1","127785963","127786275","chr20","12663902","12664210","24","115122061"
"chr1","127801676","127801946","chr11","58223938","58224202","36","69577738"
"chr1","127818101","127818417","chrUn_AQIB01158135v1","14408","14715","38","127803693"
"chr1","127820469","127820743","chr20","115703995","115704270","19","12116474"
"chr1","127849080","127849366","chr4","13836335","13836622","36","114012745"
"chr1","127883524","127883803","chr20_KE148049v1_random","266814","267106","35","127616710"
"chr1","127900924","127901229","chr29","19796485","19796789","32","108104439"
"chr1","127913195","127913504","chr27","24444484","24444789","33","103468711"
"chr1","127977113","127977418","chr5","19268341","19268645","38","108708772"
"chr1","127998149","127998454","chr3","9026672","9026974","33","118971477"
"chr1","128006140","128006433","chr7","24873220","24873510","35","103132920"
"chr1","128027677","128027975","chr20_KE148049v1_random","382326","382625","25","127645351"
"chr1","128031710","128031993","chr9","57345314","57345590","44","70686396"
"chr1","128040812","128041111","chr20","8949720","8950022","26","119091092"
"chr1","128051403","128051704","chr7","131848095","131848393","33","3796692"
"chr1","128090876","128091189","chr20_KE148049v1_random","438988","439298","33","127651888"
"chr1","128116166","128116467","chr20_KE148049v1_random","463693","463995","33","127652473"
"chr1","128116468","128116775","chr20_KE148049v1_random","463996","464308","25","127652472"
"chr1","128126671","128126989","chr20_KE148049v1_random","474435","474752","28","127652236"
"chr1","128128982","128129291","chr20_KE148049v1_random","476798","477107","20","127652184"
"chr1","128142933","128143221","chr9","89871771","89872071","33","38271162"
"chr1","128170269","128170578","chr6","15813882","15814194","31","112356387"
"chr1","128184704","128184858","chr20","93955067","93955219","27","34229637"
"chr1","128194508","128194819","chr20_KE148049v1_random","543149","543460","20","127651359"
"chr1","128195838","128195909","chr1","69638390","69638453","23","58557448"
"chr1","128196235","128196458","chr11","124263168","124263380","50","3933067"
"chr1","128201237","128201373","chr13","39086574","39086722","47","89114663"
"chr1","128201709","128202000","chr20_KE148049v1_random","548931","549225","29","127652778"
"chr1","128203773","128204058","chr4","31370234","31370512","37","96833539"
"chr1","128218616","128218910","chr20_KE148049v1_random","565599","565888","23","127653017"
"chr1","128245190","128245487","chr20_KE148049v1_random","593404","593703","32","127651786"
"chr1","128251180","128251477","chr20_KE148049v1_random","599079","599377","27","127652101"
"chr1","128255379","128255681","chr6","13473280","13473574","55","114782099"
"chr1","128258149","128258459","chr2","61286840","61287151","39","66971309"
"chr1","128265239","128265525","chrX","38416664","38416967","46","89848575"
"chr1","128269814","128270124","chr16","8476344","8476649","32","119793470"
"chr1","128289481","128289779","chr11","96978397","96978692","31","31311084"
"chr1","128329700","128330007","chr20","102069946","102070249","28","26259754"
"chr1","128332355","128332659","chr20_KE148049v1_random","681086","681397","27","127651269"
"chr1","128332874","128333182","chr20_KE148049v1_random","681601","681909","23","127651273"
"chr1","128338421","128338721","chr10","64003857","64004159","32","64334564"
"chr1","128361067","128361382","chr25","25808725","25809036","47","102552342"
"chr1","128361541","128361725","chrX","37337391","37337577","39","91024150"
"chr1","128365821","128366140","chr20_KE148049v1_random","709389","709703","25","127656432"
"chr1","128368621","128368927","chr20","104310028","104310339","43","24058593"
"chr1","128380135","128380414","chr20_KE148049v1_random","725979","726266","30","127654156"
"chr1","128380435","128380719","chr20_KE148049v1_random","726287","726569","23","127654148"
"chr1","128389996","128390294","chr25","78856788","78857085","30","49533208"
"chr1","128392277","128392493","chr26","21630932","21631153","34","106761345"
"chr1","128400111","128400424","chr2","25647077","25647385","36","102753034"
"chr1","128409150","128409340","chr21","56995918","56996118","41","71413232"
"chr1","128411159","128411459","chr20_KE148049v1_random","755837","756123","37","127655322"
"chr1","128421524","128421819","chr6","10201242","10201547","31","118220282"
"chr1","128431890","128432171","chr2","89605361","89605646","36","38826529"
"chr1","128440029","128440284","chrX","8607412","8607676","36","119832617"
"chr1","128448974","128449256","chr20_KE148049v1_random","796408","796714","38","127652566"
"chr1","128455703","128456002","chr20_KE148049v1_random","803204","803511","24","127652499"
"chr1","128458816","128459074","chr5","32689714","32689981","42","95769102"
"chr1","128467978","128468210","chr20_KE148049v1_random","823823","824050","18","127644155"
"chr1","128468754","128469049","chr9","33958924","33959219","36","94509830"
"chr1","128481927","128482225","chr20_KE148049v1_random","818065","818360","25","127663862"
"chr1","128494040","128494258","chr18","68976359","68976581","38","59517681"
"chr1","128510788","128511080","chr12","106851363","106851658","39","21659425"
"chr1","128521101","128521385","chrX","1052","1331","39","128520049"
"chr1","128522389","128522686","chr20_KE148049v1_random","863621","863916","33","127658768"
"chr1","128556234","128556544","chr20_KE148049v1_random","895582","895891","19","127660652"
"chr1","128561590","128561895","chr7","100437792","100438097","37","28123798"
"chr1","128562366","128562566","chrX","12457311","12457503","39","116105055"
"chr1","128562607","128562800","chr12","62954371","62954551","42","65608236"
"chr1","128573469","128573762","chr13","89469769","89470065","43","39103700"
"chr1","128592970","128593262","chr19","32714405","32714707","36","95878565"
"chr1","128603776","128604070","chr1","55845910","55846206","36","72757866"
"chr1","128617395","128617701","chr22","48540090","48540395","31","80077305"
"chr1","128623277","128623555","chr20_KE148049v1_random","962127","962407","19","127661150"
"chr1","128624118","128624431","chr24","81534444","81534741","52","47089674"
"chr1","128625083","128625323","chr3","606922","607165","44","128018161"
"chr1","128625883","128626177","chr2","39067158","39067451","33","89558725"
"chr1","128629546","128629820","chr20_KE148049v1_random","968613","968877","29","127660933"
"chr1","128656488","128656791","chr20_KE148049v1_random","991423","991716","31","127665065"
"chr1","128664842","128665143","chr12","5607065","5607366","29","123057777"
"chr1","128667638","128667883","chr20_KE148049v1_random","999616","999882","48","127668022"
"chr1","128669399","128669686","chr20_KE148049v1_random","1003091","1003376","23","127666308"
"chr1","128694841","128695123","chr21","18744974","18745262","48","109949867"
"chr1","128695142","128695455","chr20_KE148049v1_random","1030865","1031174","29","127664277"
"chr1","128695527","128695752","chr20_KE148049v1_random","1031235","1031460","26","127664292"
"chr1","128703191","128703485","chr20_KE148049v1_random","1038469","1038766","31","127664722"
"chr1","128707388","128707660","chr6","17428631","17428906","38","111278757"
"chr1","128712259","128712532","chr7","131543154","131543428","33","2830895"
"chr1","128713997","128714305","chr2","8100719","8101022","36","120613278"
"chr1","128739397","128739669","chr15","4351880","4352165","49","124387517"
"chr1","128741026","128741263","chr4","68499758","68500000","46","60241268"
"chr1","128757558","128757858","chr20_KE148049v1_random","1088717","1089012","24","127668841"
"chr1","128766463","128766796","chr20_KE148049v1_random","1098606","1098926","32","127667857"
"chr1","128767475","128767777","chr25","27495964","27496268","33","101271511"
"chr1","128773170","128773353","chr9","120734317","120734501","39","8038853"
"chr1","128778595","128778925","chr20_KE148049v1_random","1109926","1110242","42","127668669"
"chr1","128781698","128782003","chr20_KE148049v1_random","1112967","1113259","37","127668731"
"chr1","128783005","128783298","chr20_KE148049v1_random","1114553","1114841","44","127668452"
"chr1","128786385","128786676","chr20_KE148049v1_random","1115955","1116246","20","127670430"
"chr1","128792459","128792618","chr20_KE148049v1_random","1122692","1122844","19","127669767"
"chr1","128806822","128807119","chr20_KE148049v1_random","1136542","1136845","28","127670280"
"chr1","128809706","128810013","chr20_KE148049v1_random","1139512","1139819","22","127670194"
"chr1","128819606","128819861","chr19","27008157","27008419","34","101811449"
"chr1","128826063","128826355","chr20_KE148049v1_random","1153142","1153413","39","127672921"
"chr1","128836610","128836737","chr28","9173213","9173351","46","119663397"
"chr1","128837304","128837609","chr20_KE148049v1_random","1164559","1164870","36","127672745"
"chr1","128855522","128855806","chr20_KE148049v1_random","1182717","1183000","23","127672805"
"chr1","128859720","128860029","chr20_KE148049v1_random","1187001","1187305","23","127672719"
"chr1","128872130","128872433","chr8","10801167","10801476","37","118070963"
"chr1","128874908","128875196","chr6","2717621","2717907","41","126157287"
"chr1","128877493","128877793","chr7","114889653","114889953","37","13987840"
"chr1","128909500","128909804","chr20_KE148049v1_random","1233690","1233989","26","127675810"
"chr1","128923664","128923956","chr12","8362268","8362558","38","120561396"
"chr1","128935340","128935635","chr20_KE148049v1_random","1259447","1259739","22","127675893"
"chr1","128945508","128945805","chr20_KE148049v1_random","1271363","1271661","23","127674145"
"chr1","128956146","128956448","chr20_KE148049v1_random","1281770","1282070","38","127674376"
"chr1","128960909","128961219","chr20_KE148049v1_random","1286838","1287140","28","127674071"
"chr1","128970385","128970676","chr20_KE148049v1_random","1296110","1296404","24","127674275"
"chr1","128974133","128974433","chr26","2668803","2669103","29","126305330"
"chr1","129024459","129024756","chr26","38520478","38520778","43","90503981"
"chr1","129041494","129041803","chr20_KE148049v1_random","1363686","1363994","24","127677808"
"chr1","129052191","129052440","chr5","17454583","17454826","28","111597608"
"chr1","129053464","129053764","chr2","17068240","17068542","52","111985224"
"chr1","129081695","129081824","chr6","30522898","30523028","17","98558797"
"chr1","129081829","129081843","chr3","78734136","78734152","6","50347693"
"chr1","129082533","129082685","chr24","39918498","39918649","26","89164035"
"chr1","129090931","129091231","chr2","63213955","63214255","30","65876976"
"chr1","129093397","129093698","chr26","18344490","18344794","39","110748907"
"chr1","129095357","129095651","chr20_KE148049v1_random","1421087","1421381","22","127674270"
"chr1","129096441","129096745","chr26","18344490","18344794","28","110751951"
"chr1","129098091","129098373","chr20_KE148049v1_random","1424462","1424745","24","127673629"
"chr1","129098467","129098751","chr9","62534396","62534678","37","66564071"
"chr1","129099800","129100073","chr23","74436914","74437180","35","54662886"
"chr1","129103714","129104061","chr20_KE148049v1_random","1431678","1432006","57","127672036"
"chr1","129110133","129110346","chr6","41425696","41425908","32","87684437"
"chr1","129118789","129119073","chr20_KE148049v1_random","1437752","1438032","22","127681037"
"chr1","129130446","129130747","chr20_KE148049v1_random","1449711","1450012","25","127680735"
"chr1","129147272","129147543","chr20_KE148049v1_random","1466671","1466943","27","127680601"
"chr1","129161062","129161357","chr8","9993389","9993689","33","119167673"
"chr1","129163032","129163317","chr6","17534533","17534818","34","111628499"
"chr1","129172147","129172413","chr11","90844181","90844451","34","38327966"
"chr1","129174770","129175001","chr6","14841583","14841810","37","114333187"
"chr1","129175002","129175302","chr20_KE148049v1_random","1489165","1489465","30","127685837"
"chr1","129176657","129176966","chr20","104839624","104839933","38","24337033"
"chr1","129196376","129196668","chr20_KE148049v1_random","1514482","1514773","26","127681894"
"chr1","129202867","129203168","chr19","8611460","8611755","45","120591407"
"chr1","129212654","129212936","chr20_KE148049v1_random","1534034","1534329","30","127678620"
"chr1","129214117","129214438","chr20_KE148049v1_random","1535765","1536076","31","127678352"
"chr1","129250218","129250521","chr20","12624839","12625138","28","116625379"
"chr1","129251234","129251534","chr1","9922951","9923243","39","119328283"
"chr1","129262029","129262320","chr20","12615444","12615735","18","116646585"
"chr1","129263320","129263627","chr6","7942419","7942718","46","121320901"
"chr1","129270134","129270424","chr2","11725234","11725525","32","117544900"
"chr1","129272710","129273049","chrX","15381810","15382151","42","113890900"
"chr1","129277303","129277469","chr20","12600504","12600693","38","116676799"
"chr1","129280041","129280342","chr20","12592514","12592812","28","116687527"
"chr1","129283692","129284000","chr15","4590205","4590519","34","124693487"
"chr1","129285737","129285915","chr16","46110548","46110717","26","83175189"
"chr1","129286006","129286310","chr1","67026506","67026811","37","62259500"
"chr1","129288443","129288751","chr20","12582858","12583166","36","116705585"
"chr1","129294941","129295112","chr6","15583412","15583586","17","113711529"
"chr1","129298708","129299016","chr20","12574213","12574510","31","116724495"
"chr1","129301500","129301807","chr20","12571060","12571355","33","116730440"
"chr1","129333434","129333746","chr6","15813882","15814194","40","113519552"
"chr1","129335043","129335357","chr21","117231701","117232003","40","12103342"
"chr1","129338516","129338814","chr20","12535801","12536105","31","116802715"
"chr1","129342346","129342643","chr9","21222890","21223190","32","108119456"
"chr1","129367468","129367772","chr28","10426114","10426421","24","118941354"
"chr1","129377272","129377582","chr20","12495271","12495573","36","116882001"
"chr1","129387099","129387391","chr20","12486092","12486383","35","116901007"
"chr1","129394177","129394481","chr20","12479729","12480038","27","116914448"
"chr1","129399646","129399930","chr8","40346543","40346828","47","89053103"
"chr1","129408004","129408280","chr20","12465965","12466256","35","116942039"
"chr1","129413231","129413504","chr20","12460968","12461238","32","116952263"
"chr1","129423691","129423974","chr20","12449972","12450255","25","116973719"
"chr1","129440205","129440540","chr24","40396858","40397185","44","89043347"
"chr1","129444720","129444967","chr16","45825733","45825989","48","83618987"
"chr1","129446757","129446983","chr13","34803343","34803571","36","94643414"
"chr1","129458655","129458964","chr6","15813882","15814194","36","113644773"
"chr1","129466383","129466617","chr20","12418469","12418688","27","117047914"
"chr1","129467968","129468270","chr20","12416828","12417128","29","117051140"
"chr1","129470034","129470339","chr1","10272762","10273066","40","119197272"
"chr1","129470375","129470661","chr20","12414131","12414427","22","117056244"
"chr1","129494051","129494349","chr16","48605023","48605318","31","80889028"
"chr1","129518656","129518837","chr5","68817004","68817178","29","60701652"
"chr1","129520509","129520749","chr9","61704066","61704306","34","67816443"
"chr1","129520750","129521039","chr20","12362749","12363039","25","117158001"
"chr1","129522277","129522585","chr20","12361196","12361501","32","117161081"
"chr1","129527032","129527328","chr7","94326517","94326814","33","35200515"
"chr1","129530343","129530629","chr15","39067493","39067778","40","90462850"
"chr1","129549807","129550106","chr3","76910391","76910692","35","52639416"
"chr1","129552740","129553036","chr4","58663187","58663485","36","70889553"
"chr1","129567311","129567608","chr9","89036069","89036366","33","40531242"
"chr1","129568911","129569108","chr23","41306689","41306886","32","88262222"
"chr1","129581168","129581481","chr14","82794681","82794991","50","46786487"
"chr1","129590585","129590818","chr9","61704066","61704306","40","67886519"
"chr1","129593360","129593669","chrUn_KE147541v1","114130","114436","33","129479230"
"chr1","129629058","129629360","chr20","12719001","12719305","49","116910057"
"chr1","129644143","129644446","chr20","12243757","12244053","34","117400386"
"chr1","129659739","129659943","chr20","12229276","12229488","27","117430463"
"chr1","129673304","129673603","chr20","12214605","12214917","39","117458699"
"chr1","129674237","129674499","chr20","12213707","12213974","16","117460530"
"chr1","129675457","129675748","chr20","12212462","12212753","33","117462995"
"chr1","129698437","129698752","chr19","2248761","2249070","37","127449676"
"chr1","129702718","129703029","chr5","26410686","26410992","56","103292032"
"chr1","129714140","129714452","chr20","105692436","105692747","36","24021704"
"chr1","129741877","129742106","chr9","61704066","61704306","50","68037811"
"chr1","129748956","129749251","chr20","12137347","12137642","23","117611609"
"chr1","129751468","129751777","chr20","12135112","12135416","33","117616356"
"chr1","129752480","129752708","chr18","70847199","70847421","32","58905281"
"chr1","129787760","129788070","chr20","12099720","12100021","33","117688040"
"chr1","129794042","129794344","chr20","12094101","12094399","28","117699941"
"chr1","129817537","129817833","chr14","69044524","69044823","35","60773013"
"chr1","129821105","129821411","chr20","12067604","12067902","31","117753501"
"chr1","129849510","129849736","chr18","59955969","59956201","35","69893541"
"chr1","129869540","129869828","chr20","12020826","12021113","27","117848714"
"chr1","129875757","129876057","chrX","67102494","67102791","48","62773263"
"chr1","129880414","129880705","chr20","92278612","92278904","32","37601802"
"chr1","129944489","129944776","chr20","11941446","11941732","25","118003043"
"chr1","129944784","129944946","chr20","11941278","11941436","17","118003506"
"chr1","129971368","129971483","chr24","68096975","68097105","31","61874393"
"chr1","129991365","129991661","chr12","44288510","44288811","33","85702855"
"chr1","130026629","130026931","chr20","11859753","11860055","25","118166876"
"chr1","130067084","130067380","chr20","11820675","11820964","25","118246409"
"chr1","130096864","130097165","chr20","11796277","11796582","33","118300587"
"chr1","130269002","130269311","chr20","11586024","11586338","27","118682978"
"chr1","130304155","130304386","chr17","30157577","30157805","37","100146578"
"chr1","130403712","130404014","chr21","97260053","97260360","35","33143659"
"chr1","130640964","130641264","chr20","11262555","11262857","31","119378409"
"chr1","130771477","130771775","chr20","11139365","11139664","25","119632112"
"chr1","130778424","130778726","chr20","11132186","11132486","27","119646238"
"chr1","130832777","130833009","chr20","11080263","11080484","32","119752514"
"chr1","130951811","130952117","chr16","48347687","48347996","43","82604124"
"chr1","130958776","130959077","chr3","25919702","25920003","37","105039074"
"chr1","131081992","131082270","chr28","1823276","1823555","43","129258716"
"chr1","131354720","131355019","chr6","40877220","40877511","50","90477500"
"chr1","131502008","131502261","chr19","27008157","27008419","42","104493851"
"chr1","131515408","131515711","chr20","10469373","10469667","31","121046035"
"chr1","131552232","131552541","chr13","65764759","65765069","40","65787473"
"chr1","131665908","131666219","chr14","87356314","87356616","59","44309594"
"chr1","131683569","131683874","chr6","6390641","6390931","47","125292928"
"chr1","131691360","131691665","chr6","6390641","6390931","49","125300719"
"chr1","131712740","131713004","chr28","6707846","6708110","28","125004894"
"chr1","131733916","131734206","chr20","10313580","10313870","22","121420336"
"chr1","131745926","131746244","chr6","50066742","50067036","53","81679184"
"chr1","131762738","131763046","chr20","10284729","10285039","33","121478009"
"chr1","131763408","131763718","chr14","5352895","5353203","43","126410513"
"chr1","131768036","131768325","chr20","10280664","10280959","19","121487372"
"chr1","131768893","131769190","chr20","10279777","10280071","34","121489116"
"chr1","131773267","131773549","chr20","10275519","10275797","32","121497748"
"chr1","131831976","131832284","chr15","31964731","31965032","44","99867245"
"chr1","131835480","131835779","chr20","10213962","10214259","28","121621518"
"chr1","131836449","131836756","chr20","92113585","92113885","38","39722864"
"chr1","131837319","131837489","chr24","78163975","78164149","22","53673344"
"chr1","131838289","131838600","chr20","10211536","10211838","41","121626753"
"chr1","131840520","131840825","chr6","30911723","30912031","37","100928797"
"chr1","131865177","131865483","chr20","10184869","10185171","28","121680308"
"chr1","131866329","131866639","chr20","10183717","10184023","30","121682612"
"chr1","131870665","131870957","chr20","10180209","10180500","22","121690456"
"chr1","131896544","131896836","chr2","49844671","49844962","43","82051873"
"chr1","131897777","131898085","chr7","129057998","129058302","33","2839779"
"chr1","131901511","131901673","chr14","41125979","41126141","26","90775532"
"chr1","131904608","131904765","chr20","10150968","10151140","25","121753640"
"chr1","131907136","131907422","chr20","10148335","10148611","38","121758801"
"chr1","131910900","131911182","chr16","58402495","58402776","37","73508405"
"chr1","131912501","131912786","chr9","49514966","49515249","49","82397535"
"chr1","131918159","131918447","chr5","17064453","17064748","43","114853706"
"chr1","131928292","131928604","chr20","10127291","10127602","37","121801001"
"chr1","131948355","131948668","chr25","81239002","81239313","45","50709353"
"chr1","131948671","131948955","chr20","10114633","10114924","26","121834038"
"chr1","131956844","131957143","chr16","45636697","45636993","35","86320147"
"chr1","131969676","131969849","chr23","79066567","79066741","23","52903109"
"chr1","131970920","131971205","chr5","20754083","20754364","34","111216837"
"chr1","132014661","132014977","chr7","56562579","56562887","40","75452082"
"chr1","132041716","132042025","chr6","3696304","3696613","35","128345412"
"chr1","132062579","132062875","chr20","9994785","9995086","27","122067794"
"chr1","132071562","132071871","chr20","9985852","9986154","24","122085710"
"chr1","132083794","132083987","chr26","48474621","48474817","36","83609173"
"chr1","132098044","132098337","chr26","7321068","7321360","37","124776976"
"chr1","132115304","132115607","chr15","72907802","72908107","42","59207502"
"chr1","132117207","132117497","chrX","60246095","60246386","33","71871112"
"chr1","132118499","132118785","chr20","9936171","9936472","43","122182328"
"chr1","132125380","132125690","chr23","75291908","75292204","48","56833472"
"chr1","132133333","132133527","chr17","1805314","1805509","33","130328019"
"chr1","132136333","132136633","chr20","9920336","9920627","26","122215997"
"chr1","132139429","132139733","chr16","1094605","1094915","37","131044824"
"chr1","132152008","132152310","chr21","124655752","124656055","35","7496256"
"chr1","132158551","132158862","chr20","9900405","9900710","29","122258146"
"chr1","132164076","132164376","chr20","9894971","9895262","26","122269105"
"chr1","132165476","132165776","chr20","9893880","9894173","22","122271596"
"chr1","132174266","132174564","chr20","9885907","9886199","26","122288359"
"chr1","132184221","132184520","chr20","9876461","9876760","23","122307760"
"chr1","132211005","132211315","chr8","137564378","137564680","37","5353373"
"chr1","132215594","132215903","chr19","11937544","11937848","40","120278050"
"chr1","132228914","132229219","chr20","115379913","115380212","37","16849001"
"chr1","132248553","132248860","chr8","10801167","10801476","39","121447386"
"chr1","132258143","132258437","chr20","9808822","9809116","20","122449321"
"chr1","132259180","132259479","chr20","9807783","9808081","27","122451397"
"chr1","132265501","132265784","chr17","37399586","37399871","35","94865915"
"chr1","132274017","132274315","chr1","9967077","9967375","38","122306940"
"chr1","132277560","132277853","chr20","9791874","9792173","29","122485686"
"chr1","132281838","132282128","chr20","9787567","9787863","34","122494271"
"chr1","132285037","132285329","chr25","4280183","4280476","32","128004854"
"chr1","132289895","132290195","chr14","898286","898584","32","131391609"
"chr1","132305936","132306228","chr20","9761312","9761607","22","122544624"
"chr1","132310774","132311052","chr20","9756246","9756536","29","122554528"
"chr1","132311900","132312182","chr20","9754955","9755239","26","122556945"
"chr1","132337627","132337938","chr20","9733699","9734007","29","122603928"
"chr1","132343164","132343475","chr5","59743438","59743749","34","72599726"
"chr1","132352868","132353138","chr3","78490607","78490881","33","53862261"
"chr1","132356483","132356773","chr5","21435250","21435539","33","110921233"
"chr1","132362959","132363245","chr20","9710701","9710987","29","122652258"
"chr1","132365741","132366017","chrUn_KE147549v1","113158","113434","33","132252583"
"chr1","132369321","132369616","chr20","9704018","9704314","17","122665303"
"chr1","132373602","132373909","chr19","9514256","9514567","32","122859346"
"chr1","132377518","132377822","chr20","9695356","9695660","17","122682162"
"chr1","132392755","132393066","chr20","9686342","9686653","25","122706413"
"chr1","132406252","132406560","chr20","9672850","9673157","30","122733402"
"chr1","132417865","132418171","chr20","9656970","9657267","31","122760895"
"chr1","132419451","132419747","chr29","4391784","4392082","32","128027667"
"chr1","132426824","132427122","chr20","9646617","9646905","33","122780207"
"chr1","132433376","132433686","chr12","6602427","6602733","52","125830949"
"chr1","132434379","132434685","chr6","29948351","29948654","31","102486028"
"chr1","132441582","132441875","chr16","70284377","70284671","32","62157205"
"chr1","132443138","132443443","chr20","9631932","9632236","23","122811206"
"chr1","132450677","132450975","chr20","9624107","9624399","33","122826570"
"chr1","132451481","132451782","chr20","9623321","9623616","21","122828160"
"chr1","132461000","132461296","chrX","105749183","105749482","28","26711817"
"chr1","132466194","132466489","chr20","9608046","9608343","18","122858148"
"chr1","132480533","132480843","chr11","4422956","4423267","37","128057577"
"chr1","132485357","132485667","chr9","59057939","59058250","38","73427418"
"chr1","132497348","132497628","chr20","9574388","9574672","36","122922960"
"chr1","132504386","132504677","chr20","9567442","9567738","32","122936944"
"chr1","132521071","132521372","chr11","88946976","88947275","34","43574095"
"chr1","132526887","132527100","chr11","124263168","124263380","36","8263719"
"chr1","132527623","132527892","chr9","34088434","34088698","38","98439189"
"chr1","132534003","132534170","chr16","39692631","39692802","34","92841372"
"chr1","132534638","132534720","chrX","116311180","116311249","25","16223458"
"chr1","132546203","132546511","chr20","9530170","9530475","27","123016033"
"chr1","132546677","132546968","chrX","20403447","20403743","34","112143230"
"chr1","132549932","132550240","chr20","9526443","9526750","32","123023489"
"chr1","132552310","132552600","chr20","9523116","9523411","27","123029194"
"chr1","132555115","132555415","chr26","3436991","3437289","27","129118124"
"chr1","132568219","132568516","chr4","995761","996056","40","131572458"
"chr1","132572334","132572631","chr20","9501327","9501615","36","123071007"
"chr1","132578988","132579296","chr20","9494887","9495195","19","123084101"
"chr1","132593269","132593578","chr10","2929387","2929688","43","129663882"
"chr1","132623492","132623677","chr7","15845768","15845962","35","116777724"
"chr1","132640169","132640360","chr9","59006480","59006668","29","73633689"
"chr1","132640835","132640940","chr1","10174863","10174971","19","122465972"
"chr1","132642684","132642993","chr8","10801167","10801476","34","121841517"
"chr1","132665085","132665384","chr28","14631768","14632065","34","118033317"
"chr1","132693956","132694261","chr20","9386226","9386531","21","123307730"
"chr1","132694548","132694765","chr18","44969250","44969458","32","87725298"
"chr1","132705590","132705901","chr9","107749843","107750151","33","24955747"
"chr1","132725683","132725985","chr9","22303771","22304076","31","110421912"
"chr1","132725989","132726170","chr1","110125669","110125841","29","22600320"
"chr1","132727010","132727238","chr9","61704066","61704306","43","71022944"
"chr1","132739807","132740121","chr20","9342341","9342652","26","123397466"
"chr1","132744535","132744854","chr20","9338788","9339092","49","123405747"
"chr1","132750746","132751044","chr3","89481375","89481668","43","43269371"
"chr1","132762479","132762775","chr20","9319889","9320182","20","123442590"
"chr1","132769990","132770281","chr4","36036902","36037194","38","96733088"
"chr1","132781571","132781873","chr20","9297900","9298190","33","123483671"
"chr1","132787053","132787326","chr10","88097750","88098024","39","44689303"
"chr1","132798680","132798986","chr20","9280139","9280439","27","123518541"
"chr1","132817516","132817818","chr20","9261004","9261310","45","123556512"
"chr1","132850362","132850664","chr20","9229205","9229500","35","123621157"
"chr1","132853759","132854047","chr20","9225638","9225925","31","123628121"
"chr1","132877197","132877502","chr15","3904633","3904938","31","128972564"
"chr1","132882109","132882425","chr20","9198509","9198829","31","123683600"
"chr1","132909719","132910014","chr3","74119688","74119985","36","58790031"
"chr1","132925738","132926052","chr14","82428457","82428768","36","50497281"
"chr1","132939265","132939576","chr20","9143100","9143415","27","123796165"
"chr1","132955903","132956194","chr20","9127098","9127386","18","123828805"
"chr1","132973503","132973815","chr20","9110146","9110445","29","123863357"
"chr1","133011529","133011832","chr9","117230098","117230400","38","15781431"
"chr1","133014380","133014690","chr6","12401547","12401851","42","120612833"
"chr1","133099711","133100022","chr20","8986460","8986770","35","124113251"
"chr1","133132353","133132495","chrX","129818695","129818830","24","3313658"
"chr1","133138717","133139019","chr20","8949720","8950022","31","124188997"
"chr1","133139648","133139948","chr22","46084268","46084563","39","87055380"
"chr1","133158515","133158828","chrX","50751924","50752233","30","82406591"
"chr1","133178520","133178808","chr20","92330806","92331102","40","40847714"
"chr1","133180544","133180829","chr13","39245009","39245286","34","93935535"
"chr1","133181735","133182006","chr20","8908265","8908538","11","124273470"
"chr1","133197355","133197641","chr8","31547338","31547622","42","101650017"
"chr1","133202205","133202516","chr20","8885030","8885341","28","124317175"
"chr1","133221756","133222057","chr20","8863359","8863658","22","124358397"
"chr1","133247966","133248265","chr5","72944814","72945114","37","60303152"
"chr1","133276781","133277079","chr11","47789740","47790038","34","85487041"
"chr1","133283861","133284170","chr20","8803553","8803852","24","124480308"
"chr1","133291448","133291757","chr20","8795882","8796192","26","124495566"
"chr1","133293737","133294039","chr20","8793268","8793561","32","124500469"
"chr1","133315365","133315670","chr20","8771239","8771539","32","124544126"
"chr1","133352992","133353290","chr20","8732016","8732317","26","124620976"
"chr1","133359914","133360222","chr23","80870593","80870901","39","52489321"
"chr1","133365052","133365353","chr20","8720284","8720586","16","124644768"
"chr1","133367902","133368200","chr20","8717448","8717740","37","124650454"
"chr1","133380628","133380926","chr3","76910391","76910692","33","56470237"
"chr1","133401091","133401404","chr20","8685392","8685699","34","124715699"
"chr1","133401729","133402039","chr20","8684750","8685066","33","124716979"
"chr1","133406087","133406397","chr20","8680584","8680885","39","124725503"
"chr1","133408175","133408487","chr20","104310028","104310339","37","29098147"
"chr1","133414018","133414306","chr14","46309257","46309544","32","87104761"
"chr1","133438244","133438535","chr11","60453452","60453736","37","72984792"
"chr1","133459888","133460182","chr20","8626062","8626362","28","124833826"
"chr1","133461079","133461369","chr20","8624882","8625164","29","124836197"
"chr1","133481365","133481605","chr2","89922816","89923050","52","43558549"
"chr1","133484509","133484820","chr20","8606088","8606389","40","124878421"
"chr1","133491237","133491540","chr20","8602187","8602495","37","124889050"
"chr1","133492001","133492313","chr20","8601421","8601726","37","124890580"
"chr1","133494569","133494868","chr20","8598891","8599193","25","124895678"
"chr1","133496876","133497158","chr16","3670928","3671210","36","129825948"
"chr1","133503439","133503735","chr20","8585363","8585658","26","124918076"
"chr1","133520446","133520756","chr6","29558867","29559170","54","103961579"
"chr1","133528092","133528391","chr6","33583179","33583478","37","99944913"
"chr1","133534773","133535072","chr20","108965294","108965594","31","24569479"
"chr1","133546161","133546467","chr11","100271972","100272274","35","33274189"
"chr1","133563975","133564248","chr16","32763882","32764149","42","100800093"
"chr1","133568757","133569071","chr17","41632944","41633246","45","91935813"
"chr1","133582039","133582287","chr25","12856923","12857177","41","120725116"
"chr1","133586645","133586850","chr16","3091045","3091249","33","130495600"
"chr1","133600941","133601242","chr20","8486421","8486721","24","125114520"
"chr1","133607408","133607698","chr20","8479635","8479929","34","125127773"
"chr1","133627061","133627361","chr20","8461264","8461562","22","125165797"
"chr1","133629531","133629872","chr20","8458734","8459088","42","125170797"
"chr1","133639363","133639669","chr1","67026506","67026811","35","66612857"
"chr1","133642322","133642607","chr15","82573198","82573492","47","51069124"
"chr1","133650017","133650317","chr6","34768847","34769147","30","98881170"
"chr1","133650894","133651202","chr20","8440792","8441104","16","125210102"
"chr1","133654552","133654854","chr4","31876349","31876651","34","101778203"
"chr1","133654863","133655153","chr7","14303673","14303958","49","119351190"
"chr1","133655168","133655459","chr6","33908236","33908526","33","99746932"
"chr1","133663246","133663452","chr17","38823537","38823742","37","94839709"
"chr1","133663659","133664005","chr6","6933378","6933686","76","126730281"
"chr1","133669879","133670181","chr20","8425554","8425855","32","125244325"
"chr1","133673905","133674212","chr20","8423541","8423848","35","125250364"
"chr1","133675978","133676286","chr3","1221663","1221969","47","132454315"
"chr1","133676289","133676587","chr4","74526184","74526481","41","59150105"
"chr1","133684376","133684663","chr20","8415322","8415609","42","125269054"
"chr1","133697772","133698069","chr20","8402557","8402856","25","125295215"
"chr1","133698401","133698705","chr20","8401922","8402230","28","125296479"
"chr1","133706734","133707033","chr19","28700662","28700965","32","105006072"
"chr1","133713126","133713410","chr20","8389680","8389966","23","125323446"
"chr1","133740057","133740360","chr12","106749153","106749457","37","26990904"
"chr1","133747268","133747570","chr20","8354776","8355084","28","125392492"
"chr1","133772646","133772960","chr20","8326444","8326749","34","125446202"
"chr1","133775336","133775653","chr20","8323732","8324038","33","125451604"
"chr1","133779396","133779667","chrUn_KE147549v1","2702","2971","45","133776694"
"chr1","133787881","133788179","chr20","8310879","8311180","23","125477002"
"chr1","133798422","133798717","chr21","124655752","124656055","38","9142670"
"chr1","133798976","133799276","chr26","2668803","2669103","37","131130173"
"chr1","133827207","133827507","chr20","8277697","8277986","32","125549510"
"chr1","133832183","133832397","chr17","38823537","38823742","45","95008646"
"chr1","133843336","133843634","chr1","12743297","12743599","39","121100039"
"chr1","133848423","133848709","chrX","46281708","46281996","43","87566715"
"chr1","133849992","133850276","chr11","59309962","59310248","38","74540030"
"chr1","133859042","133859349","chr2","27628387","27628690","38","106230655"
"chr1","133861809","133862118","chr20","8245604","8245905","33","125616205"
"chr1","133875940","133876223","chr8","80544885","80545171","47","53331055"
"chr1","133896389","133896581","chr8","50492949","50493139","27","83403440"
"chr1","133911291","133911602","chr20","8198115","8198431","31","125713176"
"chr1","133952443","133952735","chr20","8149221","8149514","20","125803222"
"chr1","133965837","133966121","chr20","8143280","8143564","22","125822557"
"chr1","133974011","133974321","chr6","48548435","48548748","39","85425576"
"chr1","133980193","133980498","chr20","8129189","8129497","28","125851004"
"chr1","133990168","133990459","chr6","13137958","13138252","35","120852210"
"chr1","133991671","133991977","chr20","8118837","8119149","30","125872834"
"chr1","133993225","133993520","chr20","8117301","8117597","24","125875924"
"chr1","134010457","134010755","chr20","8103640","8103941","25","125906817"
"chr1","134011719","134012028","chr22","24913593","24913901","35","109098126"
"chr1","134024834","134025138","chr20","8089392","8089693","26","125935442"
"chr1","134033133","134033432","chr20","8082480","8082763","39","125950653"
"chr1","134044607","134044897","chr20","8071445","8071741","27","125973162"
"chr1","134046798","134047105","chr1","67026506","67026811","36","67020292"
"chr1","134052268","134052566","chr20","108815662","108815960","34","25236606"
"chr1","134056356","134056650","chr20","8064944","8065235","30","125991412"
"chr1","134060871","134061157","chr13","68788394","68788684","37","65272477"
"chr1","134062329","134062636","chr20","8061546","8061853","27","126000783"
"chr1","134063349","134063556","chr20","42358881","42359090","33","91704468"
"chr1","134069624","134069908","chr20","8054220","8054511","22","126015404"
"chr1","134077256","134077560","chr20","8051911","8052214","22","126025345"
"chr1","134079715","134080033","chr20","8049415","8049726","19","126030300"
"chr1","134080035","134080338","chr20","8049110","8049413","29","126030925"
"chr1","134080835","134081153","chr20","8048315","8048615","42","126032520"
"chr1","134093280","134093580","chr11","100271972","100272274","37","33821308"
"chr1","134099224","134099532","chr2","47560840","47561147","40","86538384"
"chr1","134101376","134101674","chr5","57816765","57817061","38","76284611"
"chr1","134101840","134101927","chr11","108469502","108469588","15","25632338"
"chr1","134102237","134102476","chr2","89922816","89923050","34","44179421"
"chr1","134104101","134104392","chr16","72650947","72651238","32","61453154"
"chr1","134104550","134104842","chr20","8026268","8026577","42","126078282"
"chr1","134117871","134118175","chr21","101721372","101721676","32","32396499"
"chr1","134130581","134130891","chr11","4422956","4423267","31","129707625"
"chr1","134155079","134155386","chr20","7975246","7975544","36","126179833"
"chr1","134156279","134156594","chr20","7974448","7974763","22","126181831"
"chr1","134164056","134164359","chr9","88777317","88777627","38","45386739"
"chr1","134166864","134167154","chr20","7964633","7964935","27","126202231"
"chr1","134170048","134170352","chr20","7961556","7961842","30","126208492"
"chr1","134173521","134173814","chr2","58338718","58339014","39","75834803"
"chr1","134179297","134179599","chr11","96882851","96883147","36","37296446"
"chr1","134181055","134181344","chr4","51200198","51200488","44","82980857"
"chr1","134189918","134190222","chr20","7940483","7940787","28","126249435"
"chr1","134196311","134196606","chrUn_KE147549v1","230401","230691","41","133965910"
"chr1","134202198","134202501","chr20","7928633","7928934","18","126273565"
"chr1","134209416","134209682","chr20","7920804","7921077","31","126288612"
"chr1","134220536","134220819","chr20","7910304","7910582","28","126310232"
"chr1","134227201","134227508","chr6","47511750","47512051","35","86715451"
"chr1","134229395","134229705","chr5","59743438","59743749","32","74485957"
"chr1","134244148","134244392","chr20","7870543","7870777","23","126373605"
"chr1","134246059","134246230","chr25","59142395","59142572","30","75103664"
"chr1","134254049","134254358","chr19","9514256","9514567","35","124739793"
"chr1","134255567","134255875","chrX","107607968","107608275","30","26647599"
"chr1","134258506","134258814","chr11","4422956","4423267","30","129835550"
"chr1","134259406","134259695","chr26","47886260","47886558","35","86373146"
"chr1","134266822","134267123","chr20","7857646","7857942","27","126409176"
"chr1","134273704","134273990","chr14","37239994","37240281","38","97033710"
"chr1","134277572","134277868","chr11","96978397","96978692","29","37299175"
"chr1","134286877","134287174","chr7","131848095","131848393","33","2438782"
"chr1","134299642","134299943","chr20","7826402","7826678","38","126473240"
"chr1","134307123","134307420","chr20","7815994","7816283","31","126491129"
"chr1","134321723","134321889","chr20","7804782","7804938","25","126516941"
"chr1","134332294","134332571","chr20","7794120","7794417","34","126538174"
"chr1","134340517","134340816","chr20","7785906","7786210","27","126554611"
"chr1","134344830","134345127","chr4","74789254","74789549","51","59555576"
"chr1","134353740","134354043","chr13","64726471","64726773","37","69627269"
"chr1","134354223","134354533","chr20","7770457","7770770","23","126583766"
"chr1","134356104","134356263","chr16","24496388","24496550","22","109859716"
"chr1","134356776","134356994","chr7","15845768","15845962","50","118511008"
"chr1","134371999","134372288","chr15","90536879","90537170","33","43835120"
"chr1","134374314","134374630","chr20","7750098","7750410","30","126624216"
"chr1","134378524","134378820","chr20","7746124","7746420","29","126632400"
"chr1","134402846","134403135","chr15","90536879","90537170","33","43865967"
"chr1","134405161","134405477","chr20","7750098","7750410","31","126655063"
"chr1","134409371","134409667","chr20","7746124","7746420","29","126663247"
"chr1","134424326","134424635","chr6","3906534","3906842","30","130517792"
"chr1","134424967","134425277","chr11","49731361","49731668","28","84693606"
"chr1","134449799","134450087","chr8","51842956","51843248","39","82606843"
"chr1","134458812","134459115","chr20","7696106","7696407","27","126762706"
"chr1","134461126","134461426","chr16","34692862","34693162","33","99768264"
"chr1","134463360","134463665","chr1","29071160","29071467","34","105392200"
"chr1","134464764","134464931","chr20","7689745","7689912","9","126775019"
"chr1","134471657","134471901","chr9","61704066","61704306","51","72767591"
"chr1","134481002","134481297","chr17","4731758","4732054","40","129749244"
"chr1","134485574","134485884","chr21","123174857","123175170","34","11310717"
"chr1","134511920","134512190","chrUn_KE147549v1","2702","2971","39","134509218"
"chr1","134523433","134523667","chr9","61704066","61704306","39","72819367"
"chr1","134523697","134524009","chr9","105821657","105821967","42","28702040"
"chr1","134527634","134527922","chr12","41746033","41746317","34","92781601"
"chr1","134530708","134531009","chr20","7633777","7634075","31","126896931"
"chr1","134533974","134534243","chr20","7629313","7629580","30","126904661"
"chr1","134551010","134551322","chr23","57317542","57317849","39","77233468"
"chr1","134553106","134553417","chr20","7607264","7607573","25","126945842"
"chr1","134565165","134565459","chr20","7593895","7594190","26","126971270"
"chr1","134567637","134567929","chr20","7591156","7591453","19","126976481"
"chr1","134596539","134596850","chr20","7554404","7554715","24","127042135"
"chr1","134600728","134601033","chr20","7549081","7549393","34","127051647"
"chr1","134616336","134616642","chr20","7534381","7534674","42","127081955"
"chr1","134622960","134623262","chr10","8931890","8932188","49","125691070"
"chr1","134624228","134624529","chr26","43663051","43663349","32","90961177"
"chr1","134625280","134625510","chr20","94688536","94688769","48","39936744"
"chr1","134652451","134652756","chr2","59694681","59694981","40","74957770"
"chr1","134663175","134663461","chr14","21771895","21772176","43","112891280"
"chr1","134665779","134666090","chr20","7490489","7490800","30","127175290"
"chr1","134676641","134676942","chr8","9993389","9993689","33","124683252"
"chr1","134679554","134679771","chr11","124263168","124263380","40","10416386"
"chr1","134704805","134705099","chr14","45336790","45337084","28","89368015"
"chr1","134746503","134746798","chr20","7412134","7412424","26","127334369"
"chr1","134753158","134753468","chr10","66348995","66349305","31","68404163"
"chr1","134841059","134841360","chr20","7317705","7318009","28","127523354"
"chr1","134848736","134849050","chr20","7310611","7310909","44","127538125"
"chr1","134877402","134877707","chr1","101882714","101883021","31","32994688"
"chr1","134888383","134888589","chr7","15845768","15845962","34","119042615"
"chr1","134903309","134903619","chr21","73499256","73499565","43","61404053"
"chr1","134910721","134911028","chr20","7250600","7250897","37","127660121"
"chr1","134926873","134927186","chr20","7235996","7236309","31","127690877"
"chr1","134938108","134938418","chr20","7222329","7222641","36","127715779"
"chr1","134964859","134965169","chr20","7196470","7196776","33","127768389"
"chr1","134965170","134965337","chr17","28464667","28464832","22","106500503"
"chr1","134978843","134979153","chr15","7566081","7566387","32","127412762"
"chr1","134987316","134987624","chr20","7645196","7645499","38","127342120"
"chr1","134988168","134988471","chr15","64630867","64631162","47","70357301"
"chr1","135055910","135056215","chr20","7108507","7108817","21","127947403"
"chr1","135058077","135058244","chr16","46110548","46110717","19","88947529"
"chr1","135060776","135061085","chr6","10755439","10755751","28","124305337"
"chr1","135079141","135079431","chr2","36366559","36366842","48","98712582"
"chr1","135080487","135080789","chr20","7087338","7087644","29","127993149"
"chr1","135083233","135083537","chr8","10801167","10801476","38","124282066"
"chr1","135085595","135085894","chr11","27872325","27872626","33","107213270"
"chr1","135088736","135089037","chr20","7078631","7078941","22","128010105"
"chr1","135102618","135102906","chr7","34288384","34288675","49","100814234"
"chr1","135110230","135110529","chr20","7058706","7059013","27","128051524"
"chr1","135129731","135130038","chr20","7039698","7040005","29","128090033"
"chr1","135150921","135151228","chr15","52156815","52157117","43","82994106"
"chr1","135155929","135156213","chrX","60609592","60609876","34","74546337"
"chr1","135191991","135192294","chr14","79264471","79264773","40","55927520"
"chr1","135194119","135194412","chr15","90536879","90537170","36","44657240"
"chr1","135246591","135246888","chr26","26624296","26624592","32","108622295"
"chr1","135319811","135320109","chr5","15282007","15282308","43","120037804"
"chr1","135333029","135333302","chr12","7902931","7903207","36","127430098"
"chr1","135342297","135342602","chr20","6833027","6833321","32","128509270"
"chr1","135383455","135383786","chr7","126618053","126618374","51","8765402"
"chr1","135391995","135392304","chr16","45636697","45636993","39","89755298"
"chr1","135406214","135406519","chr20","6773713","6774023","31","128632501"
"chr1","135407478","135407777","chr16","61091010","61091314","42","74316468"
"chr1","135438582","135438869","chr20","6742566","6742845","48","128696016"
"chr1","135481996","135482267","chr20","6698107","6698378","27","128783889"
"chr1","135543409","135543695","chr20","6633412","6633696","16","128909997"
"chr1","135848384","135848688","chr1","99368962","99369261","37","36479422"
"chr1","135858599","135858883","chr20","6340343","6340653","42","129518256"
"chr1","135950793","135951087","chr19","25983756","25984050","34","109967037"
"chr1","136075251","136075568","chr20","6140447","6140759","36","129934804"
"chr1","136091129","136091401","chr20","6125471","6125738","39","129965658"
"chr1","136098845","136099138","chr20","6117042","6117340","30","129981803"
"chr1","136181453","136181761","chr20","6031333","6031636","39","130150120"
"chr1","136183209","136183299","chr5","696546","696633","31","135486663"
"chr1","136190653","136190947","chr20","6023216","6023491","34","130167437"
"chr1","136249022","136249333","chr20_AQIB01158190v1_random","3065","3365","32","136245957"
"chr1","136255627","136255923","chr18","31386596","31386890","33","104869031"
"chr1","136300611","136300920","chr20","5933231","5933536","36","130367380"
"chr1","136313213","136313524","chr20","108773562","108773873","37","27539651"
"chr1","136404240","136404561","chr20","5827074","5827388","23","130577166"
"chr1","136449306","136449601","chr20","5781731","5782026","26","130667575"
"chr1","136520279","136520582","chr20","5718278","5718586","36","130802001"
"chr1","136532034","136532321","chr4","13836335","13836622","42","122695699"
"chr1","136582260","136582546","chr20","5658090","5658383","33","130924170"
"chr1","136583823","136584135","chr20","5656489","5656798","36","130927334"
"chr1","136629654","136629948","chr20","5617806","5618114","34","131011848"
"chr1","136651607","136651900","chr20","5585286","5585581","30","131066321"
"chr1","136661389","136661687","chr20","5584819","5585114","35","131076570"
"chr1","136741562","136741870","chr20","5510676","5510966","44","131230886"
"chr1","136795826","136796133","chr20","5464243","5464553","29","131331583"
"chr1","136835788","136836079","chr20","5417331","5417640","53","131418457"
"chr1","136901134","136901439","chr8","103533515","103533819","25","33367619"
"chr1","136969827","136970121","chr11","105786967","105787262","34","31182860"
"chr1","137021098","137021429","chr7","85378550","85378870","39","51642548"
"chr1","137025302","137025613","chr2","65319575","65319883","34","71705727"
"chr1","137329533","137329844","chr11","2853447","2853759","51","134476086"
"chr1","137353208","137353518","chr9","62473010","62473320","41","74880198"
"chr1","137393342","137393642","chr5","39203905","39204206","33","98189437"
"chr1","137420092","137420394","chr10","93621317","93621620","38","43798775"
"chr1","137425265","137425589","chr5","67526909","67527232","48","69898356"
"chr1","137467088","137467393","chr5","42504558","42504867","36","94962530"
"chr1","137485398","137485705","chr20","4795830","4796118","35","132689568"
"chr1","137667914","137668208","chr20","4614429","4614737","34","133053485"
"chr1","137818839","137819139","chr20","4455953","4456259","39","133362886"
"chr1","137988959","137989260","chr20","4296176","4296476","19","133692783"
"chr1","137990755","137991064","chr1","34397290","34397600","35","103593465"
"chr1","137998653","137998959","chr8","119975330","119975634","38","18023323"
"chr1","138083343","138083634","chr6","47103233","47103523","35","90980110"
"chr1","138090685","138090947","chr9","44980829","44981096","47","93109856"
"chr1","138105642","138105942","chr11","120526163","120526460","45","17579479"
"chr1","138130306","138130591","chr20","4156984","4157287","39","133973322"
"chr1","138228916","138229227","chr6","15813882","15814194","30","122415034"
"chr1","138250482","138250785","chr20","4038149","4038453","29","134212333"
"chr1","138307266","138307544","chr26","13842682","13842970","44","124464584"
"chr1","138464686","138464990","chr20","3822254","3822548","33","134642432"
"chr1","138490137","138490445","chr7","131947263","131947571","42","6542874"
"chr1","138494536","138494826","chr26","8664125","8664411","51","129830411"
"chr1","138496325","138496608","chr20","3792973","3793263","39","134703352"
"chr1","138503763","138504070","chr20","3785306","3785615","29","134718457"
"chr1","138546882","138547189","chr20","3743303","3743603","32","134803579"
"chr1","138608199","138608502","chr20","3681202","3681504","24","134926997"
"chr1","138720310","138720614","chr20","3566253","3566553","30","135154057"
"chr1","138782232","138782534","chr6","30393310","30393612","35","108388922"
"chr1","138825461","138825751","chr20","3467120","3467419","26","135358341"
"chr1","138933737","138934037","chr20","55245859","55246159","29","83687878"
"chr1","138961975","138962274","chr1","9967077","9967375","35","128994898"
"chr1","138983956","138984253","chr20","3290575","3290871","29","135693381"
"chr1","139083836","139084139","chr5","28563245","28563549","42","110520591"
"chr1","139112160","139112466","chr20","3191927","3192226","29","135920233"
"chr1","139144456","139144745","chr20","3161880","3162170","23","135982576"
"chr1","139158719","139159014","chr20","3149949","3150248","29","136008770"
"chr1","139226043","139226336","chr9","21613816","21614114","44","117612227"
"chr1","139240090","139240400","chr5","26410686","26410992","42","112829404"
"chr1","139241143","139241439","chr13","79595987","79596282","40","59645156"
"chr1","139260042","139260291","chr20","3035316","3035566","30","136224726"
"chr1","139267176","139267454","chr14","81331157","81331439","41","57936019"
"chr1","139277937","139278246","chr19","9514256","9514567","39","129763681"
"chr1","139297481","139297753","chr7","32060168","32060438","39","107237313"
"chr1","139298601","139298774","chr20","104315694","104315866","19","34982907"
"chr1","139302748","139303060","chr11","4422956","4423267","30","134879792"
"chr1","139313117","139313440","chr10","24331092","24331413","42","114982025"
"chr1","139325580","139325875","chr3","1117676","1117974","33","138207904"
"chr1","139325949","139326246","chr20","2990760","2991059","29","136335189"
"chr1","139339706","139340001","chr22","34399104","34399398","35","104940602"
"chr1","139387735","139388042","chr20","2945270","2945569","27","136442465"
"chr1","139399220","139399524","chr20","2933458","2933763","31","136465762"
"chr1","139400783","139400953","chr17","58624035","58624202","22","80776748"
"chr1","139414477","139414779","chr20","2910514","2910816","26","136503963"
"chr1","139426529","139426806","chr10","16490433","16490709","38","122936096"
"chr1","139454246","139454492","chr20","2871007","2871255","21","136583239"
"chr1","139459494","139459796","chr20","2865707","2866009","16","136593787"
"chr1","139487038","139487345","chr25","47006780","47007085","42","92480258"
"chr1","139488134","139488428","chr25","27664129","27664423","39","111824005"
"chr1","139488649","139488948","chr20","2839266","2839555","30","136649383"
"chr1","139561425","139561721","chr20","2766671","2766959","26","136794754"
"chr1","139577823","139578111","chr6","1529371","1529661","36","138048452"
"chr1","139579770","139580101","chr9","56622449","56622777","42","82957321"
"chr1","139592627","139592913","chr20","2735638","2735928","26","136856989"
"chr1","139613282","139613597","chr20","2714786","2715101","25","136898496"
"chr1","139636074","139636356","chr1","22167303","22167575","42","117468771"
"chr1","139644100","139644393","chr20","2674381","2674688","30","136969719"
"chr1","139690413","139690720","chr21","108403974","108404283","35","31286439"
"chr1","139700835","139701131","chr20","2620302","2620602","26","137080533"
"chr1","139739650","139739954","chr3","9026672","9026974","43","130712978"
"chr1","139741469","139741762","chr23","38961968","38962263","36","100779501"
"chr1","139741988","139742225","chr20","2585552","2585799","29","137156436"
"chr1","139748847","139749150","chr20","2578975","2579279","18","137169872"
"chr1","139761134","139761427","chr20","2574327","2574624","27","137186807"
"chr1","139764137","139764432","chr4","68915144","68915440","38","70848993"
"chr1","139861832","139862112","chr16","3030948","3031228","29","136830884"
"chr1","139881470","139881782","chr20","2469046","2469355","27","137412424"
"chr1","139904967","139905280","chr13","79623858","79624161","30","60281109"
"chr1","139942898","139943197","chr20","2382335","2382636","33","137560563"
"chr1","139950277","139950583","chr21","97982098","97982404","47","41968179"
"chr1","139953101","139953408","chr8","10801167","10801476","33","129151934"
"chr1","139974951","139975199","chr5","37062122","37062385","44","102912829"
"chr1","139980465","139980750","chr2","9551652","9551943","46","130428813"
"chr1","139989113","139989333","chr8","28356133","28356350","31","111632980"
"chr1","139996532","139996816","chr20","2324223","2324510","35","137672309"
"chr1","139997154","139997454","chr20","2323674","2323985","36","137673480"
"chr1","140003263","140003568","chr25","3736683","3736987","31","136266580"
"chr1","140006757","140007050","chr20","2314464","2314758","25","137692293"
"chr1","140012048","140012345","chr20","2309039","2309336","29","137703009"
"chr1","140013561","140013858","chr26","8899316","8899617","38","131114245"
"chr1","140157832","140158097","chr10","62608000","62608267","33","77549832"
"chr1","140220783","140221089","chr20","2112008","2112310","22","138108775"
"chr1","140380499","140380812","chr20","1953133","1953436","42","138427366"
"chr1","140512379","140512684","chr20","1820984","1821300","28","138691395"
"chr1","140513884","140514187","chr26","18344490","18344794","28","122169394"
"chr1","140555245","140555538","chr16","823334","823630","33","139731911"
"chr1","140565894","140566217","chr20","1770891","1771212","30","138795003"
"chr1","140621414","140621718","chr20","1718695","1719000","29","138902719"
"chr1","140636532","140636833","chr20","1703622","1703905","40","138932910"
"chr1","140659878","140660153","chr20","1680277","1680557","22","138979601"
"chr1","140662124","140662283","chr20","1678128","1678289","10","138983996"
"chr1","140663237","140663537","chr26","18344490","18344794","35","122318747"
"chr1","140687440","140687740","chr20","1647759","1648068","30","139039681"
"chr1","140732433","140732729","chr6","13473280","13473574","28","127259153"
"chr1","140742539","140742840","chr20","1604003","1604314","37","139138536"
"chr1","140743431","140743740","chr18","48815029","48815336","30","91928402"
"chr1","140744477","140744812","chr3","12309911","12310239","50","128434566"
"chr1","140749010","140749315","chr20","1602857","1603167","31","139146153"
"chr1","140749822","140750131","chr20","1602043","1602353","26","139147779"
"chr1","140778336","140778625","chr5","61200246","61200539","46","79578090"
"chr1","140794970","140795262","chr20","1557289","1557570","40","139237681"
"chr1","140799635","140799942","chr8","81213863","81214170","35","59585772"
"chr1","140803090","140803392","chr20","92113585","92113885","43","48689505"
"chr1","140804682","140804994","chr20","1546791","1547094","34","139257891"
"chr1","140809341","140809650","chr14","82794681","82794991","31","58014660"
"chr1","140815385","140815659","chr20","1536496","1536778","26","139278889"
"chr1","140816798","140817105","chr20","1535044","1535347","32","139281754"
"chr1","140835273","140835578","chr20","1517796","1518092","32","139317477"
"chr1","140838283","140838586","chr20","1513515","1513818","20","139324768"
"chr1","140846388","140846699","chr16","5645410","5645718","32","135200978"
"chr1","140863969","140864238","chr9","68369553","68369817","50","72494416"
"chr1","140887204","140887499","chr20","1462260","1462554","31","139424944"
"chr1","140903263","140903570","chr20","1445477","1445787","27","139457786"
"chr1","140907193","140907534","chr20","1441437","1441772","36","139465756"
"chr1","140908775","140909073","chr20","1439913","1440211","21","139468862"
"chr1","140918591","140918897","chr20","110821277","110821577","40","30097314"
"chr1","140982998","140983282","chr5","12976807","12977094","35","128006191"
"chr1","141028574","141028859","chr9","24485094","24485380","35","116543480"
"chr1","141028909","141029204","chrX","60118579","60118875","50","80910330"
"chr1","141098613","141098926","chr5","43308878","43309187","38","97789735"
"chr1","141170669","141170980","chr11","36438386","36438692","42","104732283"
"chr1","141183777","141184054","chr25","65888441","65888718","28","75295336"
"chr1","141184775","141185080","chr25","65887393","65887699","43","75297382"
"chr1","141220093","141220379","chr25","65852140","65852433","29","75367953"
"chr1","141253132","141253437","chr25","65819749","65820049","32","75433383"
"chr1","141391818","141392102","chr11","65667877","65668163","43","75723941"
"chr1","141533628","141533957","chr25","65561717","65562024","39","75971911"
"chr1","141568813","141569102","chr13","84221978","84222266","48","57346835"
"chr1","141625261","141625590","chr19","8008383","8008711","45","133616878"
"chr1","141687505","141687781","chr25","65416263","65416540","26","76271242"
"chr1","141731241","141731543","chr11","101739358","101739663","39","39991883"
"chr1","141770569","141770867","chr25","65335254","65335547","25","76435315"
"chr1","142136709","142136940","chr25","64993270","64993498","29","77143439"
"chr1","142301080","142301369","chr16","52287422","52287724","46","90013658"
"chr1","142326549","142326851","chr11","52553248","52553547","32","89773301"
"chr1","142626508","142626815","chr24","54753093","54753395","37","87873415"
"chr1","142629575","142629860","chr9","13411242","13411514","53","129218333"
"chr1","142648576","142648888","chr19","9514256","9514567","41","133134320"
"chr1","142653505","142653819","chr25","64535546","64535863","51","78117959"
"chr1","142703323","142703630","chr25","64482881","64483182","34","78220442"
"chr1","142709154","142709448","chr25","64474381","64474679","27","78234773"
"chr1","142711945","142712227","chr25","64471530","64471805","29","78240415"
"chr1","142715252","142715553","chr9","29774917","29775219","34","112940335"
"chr1","142718935","142719227","chr8","84934795","84935086","36","57784140"
"chr1","142766679","142766969","chr26","20177551","20177842","41","122589128"
"chr1","142775449","142775498","chr22","27162227","27162269","11","115613222"
"chr1","142775499","142775631","chr7","58159029","58159167","29","84616470"
"chr1","142792498","142792808","chr25","64395614","64395924","33","78396884"
"chr1","142822593","142822766","chr25","64368507","64368685","15","78454086"
"chr1","142826189","142826511","chr20","24627765","24628082","58","118198424"
"chr1","142851668","142851961","chr5","22726786","22727081","35","120124882"
"chr1","142853886","142854196","chr25","64338931","64339237","38","78514955"
"chr1","142855786","142856098","chr2","14523205","14523513","41","128332581"
"chr1","142859062","142859369","chr10","53758195","53758499","38","89100867"
"chr1","142864087","142864426","chr25","64330899","64331230","46","78533188"
"chr1","142891735","142892033","chr25","64303371","64303659","21","78588364"
"chr1","142892950","142893235","chr18","54904324","54904610","35","87988626"
"chr1","142919153","142919455","chr25","64276180","64276479","31","78642973"
"chr1","142925323","142925554","chr9","61704066","61704306","51","81221257"
"chr1","142933922","142934223","chr25","64261720","64262020","22","78672202"
"chr1","142939848","142940126","chr16","3030948","3031228","37","139908900"
"chr1","142959697","142959995","chr20","100752772","100753078","41","42206925"
"chr1","142969369","142969665","chr16","66954636","66954935","44","76014733"
"chr1","142972626","142972893","chr25","64223116","64223384","20","78749510"
"chr1","142980564","142980863","chr25","64215175","64215485","28","78765389"
"chr1","143071602","143071896","chr2","58341146","58341445","37","84730456"
"chr1","143246332","143246638","chr7","133954347","133954652","36","9291985"
"chr1","143290756","143291051","chr25","63914167","63914460","30","79376589"
"chr1","143390529","143390837","chr25","63820844","63821144","37","79569685"
"chr1","143485496","143485746","chr25","63739954","63740208","29","79745542"
"chr1","143504544","143504851","chr25","63720864","63721162","33","79783680"
"chr1","143550037","143550339","chr25","63674914","63675210","31","79875123"
"chr1","143803035","143803340","chr6","43919788","43920086","39","99883247"
"chr1","143993269","143993542","chr2","78507720","78507991","39","65485549"
"chr1","144051800","144052098","chr25","63184785","63185087","40","80867015"
"chr1","144059556","144059863","chr12","1914863","1915164","38","142144693"
"chr1","144063059","144063275","chr25","63169739","63169956","23","80893320"
"chr1","144065381","144065682","chr25","63167365","63167664","20","80898016"
"chr1","144068923","144069214","chr1","119700948","119701236","37","24367975"
"chr1","144085027","144085329","chr26","24577418","24577720","34","119507609"
"chr1","144103587","144103888","chr17","1769259","1769563","37","142334328"
"chr1","144108289","144108521","chr4","57088302","57088530","32","87019987"
"chr1","144131734","144132031","chr23","75025612","75025907","41","69106122"
"chr1","144143243","144143548","chr11","84520700","84521009","52","59622543"
"chr1","144166985","144167295","chr25","63074334","63074644","29","81092651"
"chr1","144178838","144179149","chr25","63063531","63063842","24","81115307"
"chr1","144188450","144188737","chr25","63054814","63055102","21","81133636"
"chr1","144194688","144194987","chr9","21222890","21223190","36","122971798"
"chr1","144219505","144219743","chr9","61704066","61704306","43","82515439"
"chr1","144278944","144279166","chr11","1330079","1330305","40","142948865"
"chr1","144286450","144286753","chr25","62958464","62958767","23","81327986"
"chr1","144575468","144575752","chr14","12937978","12938261","38","131637490"
"chr1","144722993","144723307","chr25","62549644","62549939","45","82173349"
"chr1","144726048","144726325","chr25","62546603","62546879","20","82179445"
"chr1","144873812","144874100","chr11","118168788","118169077","28","26705024"
"chr1","144943246","144943536","chr25","62340667","62340967","32","82602579"
"chr1","144994311","144994609","chr6","41220512","41220808","44","103773799"
"chr1","145146357","145146663","chr28","11290759","11291068","35","133855598"
"chr1","145164612","145164907","chr15","3539805","3540106","34","141624807"
"chr1","145213831","145214106","chr25","62171416","62171689","25","83042415"
"chr1","145219883","145220190","chr19","14414670","14414974","37","130805213"
"chr1","145229108","145229422","chr10","44028544","44028854","40","101200564"
"chr1","145255449","145255761","chr18","58718807","58719118","31","86536642"
"chr1","145346991","145347287","chr25","62043196","62043492","45","83303795"
"chr1","145363263","145363566","chr25","62026630","62026929","29","83336633"
"chr1","145402886","145403123","chr26","19753085","19753324","42","125649801"
"chr1","145459844","145460139","chr25","61932496","61932791","27","83527348"
"chr1","145522444","145522739","chr22","51289369","51289659","33","94233075"
"chr1","145621930","145622221","chr25","61766290","61766575","26","83855640"
"chr1","145663395","145663685","chr25","61725176","61725467","18","83938219"
"chr1","145722865","145723161","chr28","14781367","14781661","38","130941498"
"chr1","145760834","145761146","chr20","102069946","102070249","35","43690888"
"chr1","145779268","145779559","chr12","8463700","8463994","40","137315568"
"chr1","145788902","145789189","chr10","110655254","110655550","38","35133648"
"chr1","145810187","145810477","chr16","72650947","72651238","38","73159240"
"chr1","145817040","145817263","chr1","58252394","58252615","37","87564646"
"chr1","145817519","145817827","chr25","61577845","61578161","31","84239674"
"chr1","145834644","145834955","chr25","61561822","61562140","33","84272822"
"chr1","145841129","145841441","chr25","61555372","61555682","30","84285757"
"chr1","145844051","145844343","chr16","5899471","5899766","29","139944580"
"chr1","145862348","145862652","chr25","61533885","61534187","26","84328463"
"chr1","145898733","145898996","chr4","16460480","16460752","37","129438253"
"chr1","145900786","145901089","chr3","20151076","20151376","32","125749710"
"chr1","145950010","145950314","chr16","68709958","68710263","34","77240052"
"chr1","145962356","145962656","chr21","107766566","107766870","38","38195790"
"chr1","145963537","145963847","chr19","33036837","33037146","29","112926700"
"chr1","145974749","145975050","chr25","61424155","61424444","25","84550594"
"chr1","145992025","145992306","chr25","61408659","61408939","30","84583366"
"chr1","146010269","146010581","chr25","61391309","61391617","31","84618960"
"chr1","146099948","146100249","chr25","61300739","61301048","37","84799209"
"chr1","146124036","146124336","chr25","61280565","61280872","28","84843471"
"chr1","146133616","146133912","chr3","42853857","42854158","39","103279759"
"chr1","146149731","146150028","chr23","73635095","73635391","36","72514636"
"chr1","146186903","146187206","chr12","80083509","80083803","37","66103394"
"chr1","146220704","146221008","chr25","61187812","61188103","37","85032892"
"chr1","146225892","146226191","chr25","61182657","61182955","16","85043235"
"chr1","146246118","146246427","chr25","61169318","61169614","32","85076800"
"chr1","146277658","146277960","chr25","61141851","61142161","21","85135807"
"chr1","146307563","146307857","chr25","61112365","61112658","21","85195198"
"chr1","146323070","146323362","chr25","61097130","61097428","23","85225940"
"chr1","146328697","146328983","chr9","34089649","34089939","37","112239048"
"chr1","146339078","146339385","chr25","61082008","61082318","33","85257070"
"chr1","146355265","146355558","chr25","61063110","61063403","22","85292155"
"chr1","146383686","146383986","chr25","61034329","61034638","27","85349357"
"chr1","146411234","146411545","chr5","26410686","26410992","44","120000548"
"chr1","146427303","146427611","chr25","60990917","60991220","29","85436386"
"chr1","146489901","146490182","chr25","60932098","60932380","15","85557803"
"chr1","146503278","146503576","chr20","7645196","7645499","31","138858082"
"chr1","146504868","146505164","chr9","33958924","33959219","42","112545944"
"chr1","146525048","146525343","chr25","60897942","60898225","34","85627106"
"chr1","146555335","146555636","chr25","60870511","60870820","28","85684824"
"chr1","146575689","146576005","chr26","11581654","11581963","47","134994035"
"chr1","146588448","146588757","chr25","60833932","60834234","28","85754516"
"chr1","146603331","146603630","chr6","24847802","24848103","32","121755529"
"chr1","146620898","146621207","chr11","2853447","2853759","29","143767451"
"chr1","146648240","146648526","chr25","60771765","60772070","39","85876475"
"chr1","146672297","146672588","chr15","75943993","75944289","29","70728304"
"chr1","146676346","146676630","chr25","60746636","60746921","36","85929710"
"chr1","146696548","146696852","chr8","97625635","97625937","43","49070913"
"chr1","146713981","146714279","chr25","60708310","60708608","30","86005671"
"chr1","146717032","146717176","chr24","44838410","44838559","22","101878622"
"chr1","146739430","146739738","chr25","60688708","60689024","46","86050722"
"chr1","146858374","146858697","chr12","71149090","71149401","67","75709284"
"chr1","147044595","147044901","chrX","23730377","23730681","30","123314218"
"chr1","147184698","147185003","chr25","60228817","60229100","39","86955881"
"chr1","147245101","147245410","chr5","59743438","59743749","39","87501663"
"chr1","147266374","147266656","chr25","60157503","60157787","35","87108871"
"chr1","147306763","147307053","chr15","64630867","64631162","31","82675896"
"chr1","147334037","147334348","chr26","31439443","31439753","48","115894594"
"chr1","147464578","147464875","chr25","59956029","59956329","24","87508549"
"chr1","147620589","147620782","chr6","43189140","43189337","34","104431449"
"chr1","147733090","147733325","chr6","41808407","41808660","52","105924683"
"chr1","147777371","147777671","chr2","13373296","13373591","38","134404075"
"chr1","147834396","147834700","chr25","59603650","59603961","34","88230746"
"chr1","147838276","147838580","chr25","59603650","59603961","34","88234626"
"chr1","147869677","147869966","chr25","59572804","59573091","23","88296873"
"chr1","147890865","147891157","chr5","72944814","72945114","35","74946051"
"chr1","147926057","147926365","chr25","59518333","59518635","18","88407724"
"chr1","147945792","147946096","chr25","59503930","59504227","19","88441862"
"chr1","148004092","148004379","chr25","59446346","59446631","26","88557746"
"chr1","148017960","148018263","chr11","15771492","15771784","41","132246468"
"chr1","148098235","148098543","chr11","49731361","49731668","30","98366874"
"chr1","148123227","148123533","chr25","59331010","59331312","28","88792217"
"chr1","148154892","148155192","chr8","138973046","138973346","33","9181846"
"chr1","148159721","148160018","chr25","59295056","59295344","33","88864665"
"chr1","148166083","148166378","chr25","59288723","59289025","27","88877360"
"chr1","148167019","148167166","chr10","113328543","113328693","24","34838476"
"chr1","148202844","148203151","chr3","9026672","9026974","32","139176172"
"chr1","148206766","148207062","chr14","46007317","46007617","39","102199449"
"chr1","148220204","148220507","chr25","59229699","59230001","32","88990505"
"chr1","148236195","148236499","chr25","59213397","59213701","21","89022798"
"chr1","148262391","148262699","chr25","59186053","59186368","30","89076338"
"chr1","148319080","148319399","chr25","59133071","59133380","35","89186009"
"chr1","148365017","148365326","chr25","59087571","59087872","26","89277446"
"chr1","148394211","148394521","chr25","59058606","59058919","34","89335605"
"chr1","148398892","148399191","chr11","101544428","101544734","44","46854464"
"chr1","148836013","148836306","chr28","16414000","16414295","28","132422013"
"chr1","148967864","148968153","chr16","17279990","17280279","37","131687874"
"chr1","149028962","149029260","chr12","13941411","13941710","37","135087551"
"chr1","149038313","149038594","chr15","19553100","19553376","34","129485213"
"chr1","149055289","149055582","chr25","58446116","58446406","28","90609173"
"chr1","149068136","149068452","chr15","5381403","5381712","38","143686733"
"chr1","149071093","149071397","chr5","19268341","19268645","35","129802752"
"chr1","149117180","149117450","chr25","58386097","58386367","24","90731083"
"chr1","149221458","149221764","chr11","6328309","6328616","35","142893149"
"chr1","149273037","149273337","chr29","16743575","16743875","41","132529462"
"chr1","149283516","149283785","chr6","30635392","30635665","29","118648124"
"chr1","149321029","149321321","chr16","48554970","48555259","44","100766059"
"chr1","149500025","149500302","chr9","92784227","92784507","48","56715798"
"chr1","149534800","149535116","chr6","15813882","15814194","41","133720918"
"chr1","149566361","149566651","chr25","57947837","57948127","32","91618524"
"chr1","149743827","149744109","chr25","57750927","57751212","27","91992900"
"chr1","149802540","149802816","chr25","57704728","57704997","26","92097812"
"chr1","149817044","149817237","chr12","98448077","98448264","28","51368967"
"chr1","149837912","149838232","chr25","57684765","57685102","50","92153147"
"chr1","149893866","149894168","chr1","116859228","116859526","40","33034638"
"chr1","149902001","149902301","chr15","76322017","76322315","36","73579984"
"chr1","149902875","149903186","chr25","57631227","57631534","34","92271648"
"chr1","149912027","149912325","chr11","117493025","117493320","38","32419002"
"chr1","149921449","149921770","chr14","82794681","82794991","40","67126768"
"chr1","149934548","149934818","chr25","57600589","57600870","32","92333959"
"chr1","149940507","149940816","chr25","57595644","57595959","33","92344863"
"chr1","149948294","149948588","chr25","57588764","57589059","24","92359530"
"chr1","149950807","149951112","chr6","4942629","4942934","28","145008178"
"chr1","149959818","149960117","chr25","57576891","57577179","39","92382927"
"chr1","149968082","149968368","chr1","5539399","5539680","34","144428683"
"chr1","150060661","150060976","chr17","39092035","39092342","36","110968626"
"chr1","150068711","150069005","chr25","57490501","57490792","38","92578210"
"chr1","150080362","150080649","chr10","55089831","55090117","37","94990531"
"chr1","150084279","150084579","chr6","46189126","46189427","28","103895153"
"chr1","150095356","150095640","chr25","57462556","57462839","22","92632800"
"chr1","150105693","150105987","chrX_KE148121v1_random","21503","21801","34","150084190"
"chr1","150119294","150119601","chr25","57440367","57440683","33","92678927"
"chr1","150195461","150195768","chr6","5937564","5937863","68","144257897"
"chr1","150210098","150210404","chr23","36264773","36265082","41","113945325"
"chr1","150220987","150221286","chr1","68742662","68742962","32","81478325"
"chr1","150250440","150250732","chr25","57329884","57330176","11","92920556"
"chr1","150291155","150291471","chr25","57294260","57294576","35","92996895"
"chr1","150313927","150314000","chr17","38823423","38823499","22","111490504"
"chr1","150314092","150314315","chr14","59813591","59813821","58","90500501"
"chr1","150354019","150354205","chr25","57232709","57232884","24","93121310"
"chr1","150441074","150441377","chr8","127913493","127913795","35","22527581"
"chr1","150476619","150476922","chr20","92500983","92501280","35","57975636"
"chr1","150525982","150526148","chr12","42459966","42460134","25","108066016"
"chr1","150534929","150535209","chr17","36481914","36482195","31","114053015"
"chr1","150886677","150886981","chr5","19268341","19268645","33","131618336"
"chr1","150961604","150961901","chr16","2349240","2349537","27","148612364"
"chr1","150971238","150971557","chr25","56646977","56647286","39","94324261"
"chr1","151095248","151095576","chr11","102180497","102180814","49","48914751"
"chr1","151096947","151097257","chr5","69232803","69233114","37","81864144"
"chr1","151109479","151109772","chr2","58789968","58790268","44","92319511"
"chr1","151136918","151137205","chr25","56481034","56481333","27","94655884"
"chr1","151307804","151308099","chr25","56314237","56314528","47","94993567"
"chr1","151336196","151336446","chrX","22571826","22572066","38","128764370"
"chr1","151500690","151500975","chr25","56119808","56120103","29","95380882"
"chr1","151625927","151626126","chr25","56012909","56013115","28","95613018"
"chr1","151900000","151900282","chr17","29647918","29648201","33","122252082"
"chr1","151966841","151967141","chr1","67026506","67026811","36","84940335"
"chr1","151981602","151981903","chr25","55686991","55687281","37","96294611"
"chr1","152069409","152069709","chr25","55609662","55609961","32","96459747"
"chr1","152100064","152100374","chr25","55577349","55577647","38","96522715"
"chr1","152156335","152156636","chr25","55519078","55519377","26","96637257"
"chr1","152188264","152188560","chr4","73403865","73404158","39","78784399"
"chr1","152190971","152191162","chr9","120734317","120734501","56","31456654"
"chr1","152191834","152191955","chr26","53458329","53458450","29","98733505"
"chr1","152217220","152217523","chr25","55457624","55457928","16","96759596"
"chr1","152219705","152219995","chr21","13615769","13616063","40","138603936"
"chr1","152264162","152264457","chr25","55410420","55410720","21","96853742"
"chr1","152269880","152270172","chr20","101310860","101311152","39","50959020"
"chr1","152282094","152282400","chr27","40008735","40009041","37","112273359"
"chr1","152289637","152289915","chr5","17723365","17723640","27","134566272"
"chr1","152289916","152290203","chr25","55381440","55381710","38","96908476"
"chr1","152316347","152316637","chr14","96920091","96920387","31","55396256"
"chr1","152323538","152323839","chr22","86383883","86384185","38","65939655"
"chr1","152325274","152325584","chr4","6534968","6535279","33","145790306"
"chr1","152325659","152325966","chr25","55347327","55347639","23","96978332"
"chr1","152331822","152332124","chr25","55341584","55341892","37","96990238"
"chr1","152340675","152340982","chr25","55332981","55333279","26","97007694"
"chr1","152343592","152343839","chr15","19656371","19656623","43","132687221"
"chr1","152357225","152357519","chr23","74360782","74361079","36","77996443"
"chr1","152361712","152361999","chr25","55312160","55312447","15","97049552"
"chr1","152389291","152389590","chr11","120526163","120526460","30","31863128"
"chr1","152402954","152403251","chrX_KE148108v1_random","4279298","4279596","28","148123656"
"chr1","152404360","152404672","chr25","55270180","55270489","32","97134180"
"chr1","152426553","152426872","chr25","55247975","55248292","28","97178578"
"chr1","152426875","152427062","chr19","8697648","8697843","30","143729227"
"chr1","152433984","152434285","chr25","55241078","55241377","18","97192906"
"chr1","152442167","152442354","chr25","55233456","55233643","10","97208711"
"chr1","152451688","152451998","chr3","19213986","19214293","28","133237702"
"chr1","152456216","152456518","chr25","55220121","55220413","31","97236095"
"chr1","152493740","152494039","chr25","55181012","55181316","27","97312728"
"chr1","152505850","152506156","chr6","786444","786745","37","151719406"
"chr1","152520489","152520775","chr1","62642176","62642473","35","89878313"
"chr1","152541005","152541296","chr25","55135160","55135449","31","97405845"
"chr1","152543735","152544032","chr14","12505287","12505584","36","140038448"
"chr1","152550906","152551183","chr3","18988954","18989230","33","133561952"
"chr1","152558596","152558898","chr25","55121869","55122157","34","97436727"
"chr1","152581030","152581333","chr25","55099659","55099957","26","97481371"
"chr1","152581524","152581816","chr7","38167351","38167646","35","114414173"
"chr1","152592994","152593290","chr11","105994949","105995240","31","46598045"
"chr1","152626373","152626672","chr25","55056725","55057026","20","97569648"
"chr1","152630541","152630861","chr7","126618053","126618374","44","26012488"
"chr1","152632184","152632492","chr25","55050937","55051246","22","97581247"
"chr1","152643404","152643715","chr17","51745130","51745437","31","100898274"
"chr1","152644756","152645049","chr18","58533945","58534241","28","94110811"
"chr1","152653524","152653784","chr19","27008157","27008419","34","125645367"
"chr1","152663954","152664264","chr25","55017614","55017909","34","97646340"
"chr1","152665126","152665425","chr8","119975330","119975634","48","32689796"
"chr1","152690026","152690225","chr7","15845768","15845962","42","136844258"
"chr1","152723302","152723612","chr25","54950367","54950678","27","97772935"
"chr1","152724100","152724405","chr25","54949561","54949872","40","97774539"
"chr1","152761637","152761924","chr25","54910955","54911255","32","97850682"
"chr1","152767006","152767311","chrX","50751924","50752233","36","102015082"
"chr1","152847362","152847672","chr2","39355377","39355687","38","113491985"
"chr1","152919182","152919472","chr9","114952603","114952897","31","37966579"
"chr1","152953194","152953505","chr25","54736747","54737062","31","98216447"
"chr1","152966307","152966563","chr25","54723907","54724177","32","98242400"
"chr1","152983751","152984018","chr2","88552869","88553144","40","64430882"
"chr1","153010262","153010574","chr21","98300854","98301162","47","54709408"
"chr1","153143120","153143408","chr25","54592799","54593085","35","98550321"
"chr1","153188347","153188660","chr25","54551029","54551335","35","98637318"
"chr1","153254645","153254912","chr16","3178099","3178363","38","150076546"
"chr1","153272845","153273156","chr25","54478266","54478575","25","98794579"
"chr1","153300472","153300753","chr6","4956780","4957053","41","148343692"
"chr1","153328736","153329047","chr25","54421686","54422001","32","98907050"
"chr1","153337725","153338048","chr25","9116460","9116792","68","144221265"
"chr1","153359157","153359443","chr25","54391490","54391788","46","98967667"
"chr1","153388979","153389263","chr25","54363154","54363445","28","99025825"
"chr1","153396833","153397139","chr25","54354925","54355226","35","99041908"
"chr1","153397606","153397899","chr25","54354168","54354461","16","99043438"
"chr1","153399796","153400096","chr28","4529243","4529545","31","148870553"
"chr1","153409434","153409734","chr25","54343780","54344071","37","99065654"
"chr1","153429381","153429681","chr20","102069946","102070249","33","51359435"
"chr1","153438587","153438886","chr1","19453527","19453824","33","133985060"
"chr1","153448570","153448882","chr25","54300934","54301246","33","99147636"
"chr1","153465785","153466088","chr25","54284043","54284353","29","99181742"
"chr1","153506938","153507253","chr25","54244641","54244978","61","99262297"
"chr1","153514383","153514682","chr25","54235455","54235763","46","99278928"
"chr1","153520616","153520904","chr25","54229830","54230118","19","99290786"
"chr1","153563105","153563395","chr4","13836335","13836622","46","139726770"
"chr1","153563858","153564166","chr25","54181604","54181908","25","99382254"
"chr1","153595421","153595733","chr2","60500472","60500783","38","93094949"
"chr1","153725354","153725608","chr25","54033615","54033885","35","99691739"
"chr1","153844580","153844780","chr7","86819288","86819490","29","67025292"
"chr1","153918747","153918990","chr9","61704066","61704306","40","92214681"
"chr1","154087125","154087357","chr9","61704066","61704306","52","92383059"
"chr1","154095618","154095910","chr6","33908236","33908526","32","120187382"
"chr1","154412453","154412743","chr15","17607171","17607468","55","136805282"
"chr1","154473654","154473953","chr25","53293250","53293551","32","101180404"
"chr1","154478303","154478609","chr25","53288564","53288874","37","101189739"
"chr1","154538170","154538461","chr16","54028351","54028637","42","100509819"
"chr1","154556508","154556797","chr4","13836335","13836622","45","140720173"
"chr1","154633168","154633481","chr6","40061617","40061925","37","114571551"
"chr1","154635741","154635995","chr11","47440786","47441034","41","107194955"
"chr1","154656519","154656804","chr25","53125937","53126210","35","101530582"
"chr1","154719969","154720254","chr25","53060068","53060352","28","101659901"
"chr1","154742158","154742468","chr25","53038073","53038387","23","101704085"
"chr1","154751647","154751987","chr26","16641781","16642122","48","138109866"
"chr1","154835980","154836274","chr15","64630867","64631162","30","90205113"
"chr1","154883954","154884251","chrX","80468072","80468375","48","74415882"
"chr1","155007920","155008232","chr21","52839988","52840301","41","102167932"
"chr1","155265380","155265678","chr25","52529481","52529781","32","102735899"
"chr1","155305281","155305576","chr25","52490133","52490433","41","102815148"
"chr1","155411302","155411615","chr25","52387353","52387658","35","103023949"
"chr1","155527286","155527475","chr28","20091858","20092040","38","135435428"
"chr1","155685614","155685920","chr25","52117072","52117389","31","103568542"
"chr1","155750452","155750757","chr6","37744092","37744389","39","118006360"
"chr1","155945941","155946264","chr6","7903856","7904176","46","148042085"
"chr1","155968760","155969048","chr25","51843409","51843701","22","104125351"
"chr1","156083812","156084097","chr25","51733139","51733432","36","104350673"
"chr1","156148876","156149183","chr8","10801167","10801476","32","145347709"
"chr1","156246451","156246758","chr25","51581030","51581344","36","104665421"
"chr1","156530737","156531033","chr14","14997912","14998214","40","141532825"
"chr1","156607482","156607791","chr25","51222237","51222532","44","105385245"
"chr1","156658780","156659080","chr25","51169667","51169966","30","105489113"
"chr1","156672481","156672766","chr25","51155589","51155870","31","105516892"
"chr1","156835582","156835888","chr1","67026506","67026811","38","89809076"
"chr1","156846459","156846763","chrX","22837588","22837894","35","134008871"
"chr1","156917187","156917468","chr2","13144490","13144769","37","143772697"
"chr1","156918557","156918836","chr6","47913178","47913472","40","109005379"
"chr1","156977933","156978240","chr25","50852448","50852753","31","106125485"
"chr1","157044250","157044559","chr7","56562579","56562887","34","100481671"
"chr1","157052847","157053147","chr15","83404162","83404463","33","73648685"
"chr1","157080226","157080530","chr28","4525040","4525344","29","152555186"
"chr1","157081768","157082063","chr6","13473280","13473574","35","143608488"
"chr1","157084013","157084266","chr25","50752682","50752935","20","106331331"
"chr1","157116294","157116582","chr25","50714745","50715033","25","106401549"
"chr1","157122715","157123012","chr14","82636143","82636439","45","74486572"
"chr1","157129485","157129779","chr17","24725714","24726011","47","132403771"
"chr1","157137928","157138227","chr14","104170748","104171048","36","52967180"
"chr1","157143254","157143552","chr15","35661912","35662210","32","121481342"
"chr1","157152736","157153049","chr20","12134046","12134358","37","145018690"
"chr1","157161024","157161337","chr25","50671355","50671667","33","106489669"
"chr1","157173457","157173769","chr25","50659152","50659462","36","106514305"
"chr1","157179939","157180250","chr25","50652679","50652977","31","106527260"
"chr1","157190355","157190626","chr25","50643019","50643300","45","106547336"
"chr1","157200398","157200698","chr25","50632980","50633279","33","106567418"
"chr1","157203953","157204259","chr25","50629437","50629736","28","106574516"
"chr1","157206380","157206675","chr25","50626737","50627035","22","106579643"
"chr1","157209376","157209669","chr6","3654570","3654866","41","153554806"
"chr1","157213059","157213371","chr6","48846530","48846838","36","108366529"
"chr1","157225807","157226036","chr4","74392298","74392537","48","82833509"
"chr1","157237690","157237987","chr25","50603656","50603953","26","106634034"
"chr1","157250865","157251170","chr25","50590529","50590828","27","106660336"
"chr1","157259258","157259576","chr20","85280679","85280991","41","71978579"
"chr1","157263282","157263580","chr1","19453527","19453824","28","137809755"
"chr1","157263916","157264145","chr9","61704066","61704306","45","95559850"
"chr1","157284784","157285051","chr25","50558166","50558444","39","106726618"
"chr1","157335173","157335476","chr25","50504278","50504568","30","106830895"
"chr1","157367496","157367653","chr8","138016006","138016164","15","19351490"
"chr1","157389569","157389862","chr10","8573971","8574262","38","148815598"
"chr1","157435891","157436162","chr28","16497345","16497615","30","140938546"
"chr1","157453331","157453623","chr11","105527957","105528251","34","51925374"
"chr1","157465478","157465783","chr25","50384473","50384770","28","107081005"
"chr1","157466185","157466482","chr1","14106229","14106537","37","143359956"
"chr1","157488589","157488884","chr2","23642928","23643221","37","133845661"
"chr1","157489203","157489491","chr23","77066309","77066595","34","80422894"
"chr1","157491174","157491482","chr5","41453200","41453511","40","116037974"
"chr1","157511451","157511757","chr25","50341163","50341471","29","107170288"
"chr1","157516480","157516764","chr17","34716044","34716334","38","122800436"
"chr1","157518571","157518882","chr20","102069946","102070249","41","55448625"
"chr1","157523159","157523449","chr25","50328996","50329287","27","107194163"
"chr1","157541042","157541339","chr7","131848095","131848393","32","25692947"
"chr1","157542671","157542984","chr17","54596356","54596666","36","102946315"
"chr1","157552690","157552985","chr6","46553206","46553501","35","110999484"
"chr1","157570519","157570818","chr25","50280907","50281205","18","107289612"
"chr1","157570951","157571258","chr25","50280489","50280802","33","107290462"
"chr1","157572558","157572868","chr11","117734119","117734423","33","39838439"
"chr1","157573713","157574013","chr20","111352130","111352435","33","46221583"
"chr1","157576492","157576804","chr2","18255107","18255412","43","139321385"
"chr1","157587920","157588215","chr1","19807009","19807308","32","137780911"
"chr1","157614067","157614359","chr25","50237737","50238025","37","107376330"
"chr1","157614539","157614836","chr12","7064006","7064302","38","150550533"
"chr1","157616751","157617038","chr25","50235060","50235350","23","107381691"
"chr1","157642786","157643054","chr25","50210142","50210415","27","107432644"
"chr1","157665349","157665655","chr25","50186979","50187284","18","107478370"
"chr1","157669624","157669882","chr25","50182774","50183025","32","107486850"
"chr1","157672447","157672757","chr25","50180183","50180494","21","107492264"
"chr1","157675799","157676109","chr25","50180183","50180494","22","107495616"
"chr1","157683500","157683798","chr25","50174110","50174412","27","107509390"
"chr1","157685418","157685727","chr4","75308430","75308730","46","82376988"
"chr1","157700186","157700494","chr25","50156945","50157256","34","107543241"
"chr1","157705199","157705494","chr9","61794607","61794900","36","95910592"
"chr1","157721414","157721708","chr1","109829005","109829303","34","47892409"
"chr1","157729299","157729461","chr17","57219584","57219745","16","100509715"
"chr1","157729897","157730199","chr25","50129386","50129690","25","107600511"
"chr1","157731340","157731646","chr25","50127959","50128272","27","107603381"
"chr1","157742473","157742758","chr25","50116367","50116670","40","107626106"
"chr1","157750995","157751305","chr25","50108043","50108354","20","107642952"
"chr1","157757855","157758146","chr25","50102054","50102347","33","107655801"
"chr1","157759587","157759896","chr6","49410992","49411297","39","108348595"
"chr1","157773475","157773774","chr20","101763696","101763994","37","56009779"
"chr1","157777804","157778076","chr16","2679156","2679431","37","155098648"
"chr1","157778602","157778909","chr25","50089031","50089335","28","107689571"
"chr1","157781042","157781353","chr25","50086321","50086631","30","107694721"
"chr1","157781406","157781716","chr6","671786","672089","41","157109620"
"chr1","157787484","157787777","chr25","50068376","50068667","26","107719108"
"chr1","157790146","157790447","chr25","50066071","50066367","30","107724075"
"chr1","157793006","157793287","chrX","45099535","45099820","40","112693471"
"chr1","157797188","157797469","chr11","115301597","115301875","29","42495591"
"chr1","157797477","157797792","chr12","38962497","38962809","39","118834980"
"chr1","157806451","157806616","chr5","26800903","26801069","30","131005548"
"chr1","157816392","157816692","chr25","50046967","50047268","26","107769425"
"chr1","157828872","157829160","chr25","50034120","50034419","35","107794752"
"chr1","157843824","157844114","chr18","23103753","23104043","50","134740071"
"chr1","157845604","157845639","chr16","46093289","46093325","10","111752315"
"chr1","157846316","157846361","chr16","1950024","1950071","18","155896292"
"chr1","157852247","157852550","chr25","50009230","50009527","37","107843017"
"chr1","157865003","157865299","chr8","79025531","79025826","32","78839472"
"chr1","157868817","157869013","chr7","15845768","15845962","28","142023049"
"chr1","157870266","157870566","chr25","49991017","49991318","25","107879249"
"chr1","157884384","157884679","chr25","49983745","49984027","42","107900639"
"chr1","157890985","157891285","chr5","27172890","27173193","31","130718095"
"chr1","157916309","157916617","chr9","87345833","87346141","34","70570476"
"chr1","157927114","157927420","chr25","49946543","49946840","35","107980571"
"chr1","157931114","157931401","chr23","52836409","52836704","50","105094705"
"chr1","157933206","157933500","chr25","49941064","49941355","29","107992142"
"chr1","157943253","157943547","chr15","1626716","1627008","42","156316537"
"chr1","157987864","157988154","chr7","19667372","19667669","37","138320492"
"chr1","157999790","158000000","chr11","124263168","124263380","30","33736622"
"chr1","158019241","158019546","chr25","49859436","49859729","41","108159805"
"chr1","158042637","158042854","chr11","124263168","124263380","55","33779469"
"chr1","158067724","158067890","chr9","110057473","110057639","19","48010251"
"chr1","158111805","158112114","chr19","32418463","32418774","38","125693342"
"chr1","158290258","158290566","chr14","10400670","10400981","33","147889588"
"chr1","158297718","158298017","chr15","9832289","9832590","29","148465429"
"chr1","158306477","158306774","chr25","49573260","49573546","35","108733217"
"chr1","158314084","158314408","chr25","49566257","49566564","57","108747827"
"chr1","158328098","158328389","chr25","49552156","49552451","26","108775942"
"chr1","158330333","158330617","chr12","73763059","73763340","34","84567274"
"chr1","158332311","158332543","chr6","29571079","29571306","42","128761232"
"chr1","158332790","158332874","chr2","74847633","74847714","12","83485157"
"chr1","158348124","158348415","chr1","6871378","6871678","40","151476746"
"chr1","158358296","158358593","chr6","31618186","31618483","31","126740110"
"chr1","158373171","158373465","chr25","49512088","49512383","31","108861083"
"chr1","158385532","158385842","chr25","49499008","49499318","19","108886524"
"chr1","158389692","158389986","chrX","22852905","22853198","39","135536787"
"chr1","158396252","158396556","chr28","8356903","8357207","33","150039349"
"chr1","158402067","158402378","chr20","84405979","84406286","37","73996088"
"chr1","158403474","158403787","chr25","49481501","49481821","36","108921973"
"chr1","158416168","158416462","chr25","49468558","49468855","30","108947610"
"chr1","158452613","158452779","chr6","9528521","9528687","25","148924092"
"chr1","158459428","158459666","chr14","91618621","91618863","36","66840807"
"chr1","158459767","158459816","chr16","1412524","1412588","23","157047243"
"chr1","158462545","158462840","chr20","99945388","99945684","39","58517157"
"chr1","158471158","158471448","chr25","49415714","49416015","28","109055444"
"chr1","158471457","158471761","chr25","49415421","49415705","36","109056036"
"chr1","158477406","158477719","chr6","12064154","12064463","39","146413252"
"chr1","158510207","158510513","chr25","49379320","49379618","33","109130887"
"chr1","158538720","158538929","chr25","49350827","49351026","25","109187893"
"chr1","158584339","158584635","chr25","49305554","49305855","25","109278785"
"chr1","158593708","158594014","chr25","49295946","49296250","30","109297762"
"chr1","158612392","158612695","chr2","14523205","14523513","34","144089187"
"chr1","158631956","158632192","chr25","49257867","49258100","20","109374089"
"chr1","158691128","158691431","chr25","49200804","49201099","28","109490324"
"chr1","158738196","158738497","chr25","49153899","49154197","28","109584297"
"chr1","158806632","158806939","chr7","25556195","25556495","36","133250437"
"chr1","158829327","158829617","chr11","30393890","30394178","28","128435437"
"chr1","158860374","158860583","chr25","49038251","49038458","23","109822123"
"chr1","158871643","158871944","chrX","61960439","61960734","32","96911204"
"chr1","158914309","158914589","chr25","48989232","48989518","28","109925077"
"chr1","158956946","158957252","chr25","48949835","48950142","27","110007111"
"chr1","158966364","158966623","chr8","733613","733877","31","158232751"
"chr1","158993179","158993488","chr2","39182421","39182732","34","119810758"
"chr1","159006300","159006596","chr25","48897329","48897617","28","110108971"
"chr1","159015194","159015488","chr25","48888711","48889004","37","110126483"
"chr1","159022126","159022422","chr21","109544228","109544520","61","49477898"
"chr1","159023302","159023579","chr21","66097731","66098017","39","92925571"
"chr1","159038088","159038446","chr1","68199547","68199865","71","90838541"
"chr1","159063490","159063655","chr5","37706","37871","18","159025784"
"chr1","159070251","159070570","chr25","48834450","48834751","47","110235801"
"chr1","159074975","159075284","chr15","60296231","60296541","39","98778744"
"chr1","159102736","159103039","chr10","88760771","88761072","33","70341965"
"chr1","159111303","159111622","chr25","48796274","48796581","42","110315029"
"chr1","159131319","159131635","chr25","48776428","48776735","31","110354891"
"chr1","159141157","159141469","chr25","48766640","48766948","53","110374517"
"chr1","159193157","159193459","chr25","48720770","48721068","35","110472387"
"chr1","159207263","159207604","chr25","48707748","48708091","44","110499515"
"chr1","159225265","159225543","chr11","58949087","58949360","32","100276178"
"chr1","159236058","159236359","chr4","31068962","31069262","33","128167096"
"chr1","159244389","159244597","chr21","120460150","120460355","30","38784239"
"chr1","159266986","159267277","chr25","48654096","48654394","34","110612890"
"chr1","159305802","159306014","chr11","124263168","124263380","44","35042634"
"chr1","159310106","159310402","chr11","96978397","96978692","36","62331709"
"chr1","159313602","159313890","chr25","48609108","48609397","31","110704494"
"chr1","159437867","159438230","chr1","113958886","113959261","75","45478981"
"chr1","159467496","159467800","chr25","48459286","48459581","27","111008210"
"chr1","159477090","159477361","chr16","3178099","3178363","40","156298991"
"chr1","159522499","159522805","chr25","48404518","48404818","29","111117981"
"chr1","159530180","159530481","chr25","48396811","48397113","19","111133369"
"chr1","159533317","159533627","chr1","6688431","6688741","41","152844886"
"chr1","159540970","159541265","chr25","48385900","48386192","40","111155070"
"chr1","159563715","159564026","chr8","34167790","34168099","34","125395925"
"chr1","159567428","159567719","chr25","48360314","48360598","35","111207114"
"chr1","159593843","159594108","chr9","68369553","68369817","41","91224290"
"chr1","159598274","159598578","chr25","48335684","48335994","36","111262590"
"chr1","159610953","159611260","chr25","48318772","48319088","38","111292181"
"chr1","159644601","159644904","chr8","15604480","15604808","68","144040121"
"chr1","159669629","159669947","chr20","119575633","119575947","41","40093996"
"chr1","159678774","159679097","chr22","13602809","13603132","49","146075965"
"chr1","159701493","159701798","chr5","38892397","38892709","35","120809096"
"chr1","159706073","159706360","chr23","69575953","69576254","41","90130120"
"chr1","159766780","159766990","chr25","48150909","48151106","29","111615871"
"chr1","159883777","159883986","chr17","38823537","38823742","30","121060240"
"chr1","159905156","159905464","chr25","48034099","48034405","23","111871057"
"chr1","160036474","160036795","chr5","44291090","44291403","44","115745384"
"chr1","160128534","160128794","chr25","47809316","47809576","22","112319218"
"chr1","160169444","160169739","chr25","47770526","47770817","25","112398918"
"chr1","160387852","160388147","chr25","47547923","47548207","39","112839929"
"chr1","160624252","160624559","chrX","45894077","45894385","36","114730175"
"chr1","160658135","160658417","chr8","36616957","36617240","41","124041178"
"chr1","160685522","160685792","chr21","74773198","74773470","33","85912324"
"chr1","160689203","160689502","chr1","11418750","11419054","46","149270453"
"chr1","160700078","160700376","chr1","32350047","32350343","34","128350031"
"chr1","160774299","160774588","chr25","47152420","47152708","31","113621879"
"chr1","160803311","160803595","chr25","47123658","47123944","27","113679653"
"chr1","160806967","160807276","chr3","92098202","92098513","37","68708765"
"chr1","160825699","160825978","chr25","47101380","47101651","28","113724319"
"chr1","160832500","160832793","chr25","47094595","47094888","24","113737905"
"chr1","160848529","160848746","chr3","8998187","8998398","52","151850342"
"chr1","160869524","160869829","chr25","47060151","47060450","30","113809373"
"chr1","160870270","160870568","chr5","35843820","35844117","33","125026450"
"chr1","160875106","160875412","chr27","25166790","25167092","35","135708316"
"chr1","160876404","160876647","chr9","61704066","61704306","42","99172338"
"chr1","160886955","160887264","chr25","47043333","47043633","33","113843622"
"chr1","160888229","160888530","chr15","47695576","47695885","43","113192653"
"chr1","160892153","160892462","chr25","47038123","47038436","26","113854030"
"chr1","160906296","160906608","chr25","47023968","47024280","22","113882328"
"chr1","160914245","160914546","chr2","13355109","13355411","33","147559136"
"chr1","160919143","160919422","chr9","107752105","107752388","40","53167038"
"chr1","160924646","160924966","chr25","47006780","47007085","38","113917866"
"chr1","160928585","160928882","chr25","47002001","47002297","25","113926584"
"chr1","160929047","160929320","chr2","74999713","74999986","40","85929334"
"chr1","160949403","160949576","chr25","46981329","46981502","13","113968074"
"chr1","160955367","160955668","chr3","29221658","29221956","38","131733709"
"chr1","160957793","160958095","chr25","46968084","46968395","35","113989709"
"chr1","160969134","160969433","chr25","46973153","46973455","31","113995981"
"chr1","161001077","161001353","chr2","78507720","78507991","38","82493357"
"chr1","161028548","161028846","chr1","54930135","54930430","36","106098413"
"chr1","161031367","161031677","chr25","46913854","46914159","35","114117513"
"chr1","161040443","161040752","chr3","34680799","34681104","39","126359644"
"chr1","161056463","161056759","chr25","46892583","46892884","33","114163880"
"chr1","161067030","161067311","chr11","24737261","24737543","37","136329769"
"chr1","161087675","161087972","chr8","52062734","52063031","37","109024941"
"chr1","161155778","161156086","chr25","28024918","28025220","33","133130860"
"chr1","161202509","161202816","chr25","46738445","46738745","31","114464064"
"chr1","161270491","161270756","chr10","16490433","16490709","47","144780058"
"chr1","161298472","161298782","chr25","46643880","46644194","23","114654592"
"chr1","161304361","161304658","chr12","7231715","7232011","43","154072646"
"chr1","161307838","161308125","chr25","46635171","46635458","21","114672667"
"chr1","161328944","161329244","chr25","46614185","46614486","34","114714759"
"chr1","161341311","161341615","chr23","81652893","81653195","33","79688418"
"chr1","161344531","161344840","chr25","46598922","46599225","33","114745609"
"chr1","161372922","161373228","chr25","46570398","46570707","21","114802524"
"chr1","161411333","161411680","chr25","46534503","46534840","45","114876830"
"chr1","161440485","161440785","chr10","58137068","58137368","39","103303417"
"chr1","161442706","161442971","chrX","119584271","119584538","43","41858435"
"chr1","161548578","161548880","chr4","74779751","74780055","38","86768827"
"chr1","161558574","161558856","chr25","46393100","46393377","29","115165474"
"chr1","161563011","161563321","chr25","46388625","46388930","23","115174386"
"chr1","161614049","161614342","chr25","46340536","46340839","34","115273513"
"chr1","161636563","161636837","chr25","46320978","46321252","22","115315585"
"chr1","161673963","161674262","chr27","9431892","9432191","39","152242071"
"chr1","161718595","161718877","chr6","50066742","50067036","44","111651853"
"chr1","161738705","161739012","chr25","46219538","46219845","25","115519167"
"chr1","161781814","161782108","chr16","45636697","45636993","32","116145117"
"chr1","161811041","161811348","chr18","48815029","48815336","37","112996012"
"chr1","161822651","161822960","chr25","46136702","46137011","25","115685949"
"chr1","161856234","161856553","chr25","46104312","46104620","36","115751922"
"chr1","161859166","161859493","chr21","118373364","118373691","56","43485802"
"chr1","161862333","161862632","chr25","46098274","46098579","28","115764059"
"chr1","161911450","161911744","chr12","964980","965277","32","160946470"
"chr1","161922892","161923195","chr25","46047542","46047843","25","115875350"
"chr1","161926207","161926502","chr9","21222890","21223190","33","140703317"
"chr1","161970226","161970521","chr12","106851363","106851658","42","55118863"
"chr1","162007149","162007437","chr25","45962734","45963026","31","116044415"
"chr1","162022743","162023050","chr25","45947217","45947513","38","116075526"
"chr1","162052841","162053133","chr6","42686969","42687261","27","119365872"
"chr1","162087002","162087295","chr25","45880004","45880308","32","116206998"
"chr1","162156976","162157291","chr24","7204590","7204900","46","154952386"
"chr1","162169857","162170158","chr25","45789030","45789328","30","116380827"
"chr1","162173930","162174149","chr11","124263168","124263380","41","37910762"
"chr1","162182188","162182484","chr25","45777762","45778059","24","116404426"
"chr1","162207073","162207371","chr1","19453527","19453824","36","142753546"
"chr1","162267248","162267555","chr20","102069946","102070249","31","60197302"
"chr1","162334213","162334525","chr25","45637421","45637725","28","116696792"
"chr1","162334697","162335006","chr25","45636928","45637237","18","116697769"
"chr1","162386373","162386629","chr9","44980829","44981096","44","117405544"
"chr1","162393433","162393729","chr25","45576368","45576676","34","116817065"
"chr1","162442984","162443274","chr5","18721938","18722228","37","143721046"
"chr1","162448908","162449186","chr25","45520251","45520543","38","116928657"
"chr1","162624761","162625067","chr14","82794681","82794991","38","79830080"
"chr1","162760614","162760906","chr20","19139478","19139771","32","143621136"
"chr1","162772568","162772848","chr25","45208269","45208562","33","117564299"
"chr1","162780573","162780871","chr9","10020449","10020750","29","152760124"
"chr1","162785877","162786158","chr23","68987067","68987349","35","93798810"
"chr1","162860241","162860539","chr25","45127440","45127725","32","117732801"
"chr1","162912778","162913093","chr14","21657768","21658074","45","141255010"
"chr1","162935444","162935753","chr20","9470146","9470444","44","153465298"
"chr1","163091816","163092086","chr25","44895233","44895503","30","118196583"
"chr1","163113957","163114261","chr25","44873543","44873839","30","118240414"
"chr1","163231036","163231345","chr23","37753252","37753563","30","125477784"
"chr1","163251723","163252028","chr10","104329666","104329966","37","58922057"
"chr1","163292413","163292716","chr25","44698589","44698897","33","118593824"
"chr1","163299407","163299665","chr25","44693138","44693405","33","118606269"
"chr1","163318852","163319165","chr3","29221658","29221956","43","134097194"
"chr1","163327150","163327359","chr25","44665911","44666123","19","118661239"
"chr1","163364598","163364903","chr25","44623819","44624119","27","118740779"
"chr1","163383435","163383738","chr25","44608652","44608949","34","118774783"
"chr1","163384342","163384650","chr9","26175794","26176100","44","137208548"
"chr1","163385102","163385401","chr25","44607849","44608139","30","118777253"
"chr1","163533455","163533744","chr25","44459599","44459904","31","119073856"
"chr1","163535187","163535497","chr1","57381049","57381356","47","106154138"
"chr1","163543585","163543894","chr25","44449431","44449742","27","119094154"
"chr1","163570589","163570863","chr25","44423685","44423960","17","119146904"
"chr1","163631684","163631954","chr10","121806970","121807233","35","41824714"
"chr1","163641454","163641755","chr19","11625929","11626227","37","152015525"
"chr1","163651426","163651727","chr25","44356034","44356341","35","119295392"
"chr1","163654771","163655068","chr28","19188684","19188984","32","144466087"
"chr1","163659193","163659501","chr9","96563098","96563408","30","67096095"
"chr1","163693581","163693864","chr7","111815549","111815836","43","51878032"
"chr1","163746414","163746716","chr25","44262536","44262832","32","119483878"
"chr1","163752757","163753061","chr25","44255753","44256047","32","119497004"
"chr1","163760010","163760308","chr8","120057984","120058279","37","43702026"
"chr1","163797621","163797911","chr25","44210070","44210350","31","119587551"
"chr1","163808866","163809157","chr25","44199153","44199441","28","119609713"
"chr1","163865668","163865959","chr25","44145991","44146298","32","119719677"
"chr1","163893519","163893822","chr9","81461223","81461523","30","82432296"
"chr1","163931029","163931326","chr25","44090664","44090962","27","119840365"
"chr1","164001268","164001564","chr5","13833453","13833735","47","150167815"
"chr1","164018506","164018833","chr10","29666408","29666724","42","134352098"
"chr1","164066298","164066601","chr21","109050838","109051140","40","55015460"
"chr1","164070364","164070662","chr25","43958684","43958975","29","120111680"
"chr1","164079694","164079990","chr18","31386596","31386890","35","132693098"
"chr1","164167027","164167332","chr25","43865338","43865622","40","120301689"
"chr1","164178108","164178402","chr6","50066742","50067036","40","114111366"
"chr1","164180837","164181145","chr16","68709958","68710263","31","95470879"
"chr1","164198620","164198913","chr11","99286322","99286616","35","64912298"
"chr1","164231474","164231756","chr25","43799489","43799771","24","120431985"
"chr1","164290293","164290602","chr2","35984887","35985192","42","128305406"
"chr1","164315277","164315582","chr7","73772344","73772644","38","90542933"
"chr1","164371867","164372174","chr25","43665139","43665451","40","120706728"
"chr1","164417391","164417693","chr16","63585483","63585789","43","100831908"
"chr1","164481807","164482110","chr21","101721372","101721676","35","62760435"
"chr1","164607676","164607982","chr25","43448901","43449210","24","121158775"
"chr1","164653967","164654276","chr6","19000365","19000666","45","145653602"
"chr1","164762904","164763066","chr17","57219584","57219745","20","107543320"
"chr1","164775344","164775595","chr11","47440786","47441034","46","117334558"
"chr1","164878739","164878940","chr25","43174595","43174779","34","121704144"
"chr1","164903993","164904301","chr25","43156789","43157092","27","121747204"
"chr1","164925109","164925391","chr25","43135346","43135625","27","121789763"
"chr1","165004370","165004673","chr8","52693668","52693972","31","112310702"
"chr1","165008706","165008988","chr25","43048784","43049076","35","121959922"
"chr1","165017452","165017634","chr10","33376506","33376682","37","131640946"
"chr1","165017638","165017950","chr25","43040318","43040629","31","121977320"
"chr1","165024980","165025187","chr23","41306689","41306886","30","123718291"
"chr1","165030145","165030448","chr25","43027256","43027550","29","122002889"
"chr1","165047845","165048147","chr25","43009676","43009977","27","122038169"
"chr1","165057947","165058253","chr16","5146243","5146547","34","159911704"
"chr1","165063249","165063556","chr20","108078613","108078925","43","56984636"
"chr1","165076566","165076865","chr29","4268681","4268983","37","160807885"
"chr1","165120168","165120483","chr13","14109277","14109590","45","151010891"
"chr1","165137090","165137306","chr25","42914959","42915173","21","122222131"
"chr1","165194319","165194647","chr20","96087671","96087985","50","69106648"
"chr1","165236023","165236329","chr25","42804298","42804608","29","122431725"
"chr1","165243223","165243406","chr17","38876208","38876390","35","126367015"
"chr1","165258487","165258794","chr25","42781270","42781576","27","122477217"
"chr1","165259104","165259383","chr25","42780692","42780971","28","122478412"
"chr1","165266905","165267214","chr25","42778178","42778485","38","122488727"
"chr1","165270641","165270950","chr26","18019404","18019708","34","147251237"
"chr1","165272485","165272702","chr8","9073201","9073416","37","156199284"
"chr1","165324280","165324449","chr12","62954371","62954551","31","102369909"
"chr1","165325093","165325346","chr9","34088434","34088698","33","131236659"
"chr1","165327909","165328212","chr25","42709987","42710278","37","122617922"
"chr1","165463404","165463575","chr25","42579609","42579778","7","122883795"
"chr1","165465478","165465774","chr25","42577439","42577736","23","122888039"
"chr1","165468387","165468671","chr25","42574774","42575050","29","122893613"
"chr1","165487045","165487331","chr16","58402495","58402776","37","107084550"
"chr1","165557380","165557695","chr25","42498897","42499202","28","123058483"
"chr1","165695815","165696101","chr25","42349426","42349712","22","123346389"
"chr1","165768734","165768958","chr4","57088302","57088530","31","108680432"
"chr1","165813544","165813845","chrX","23004590","23004894","34","142808954"
"chr1","165817097","165817319","chr25","35293050","35293271","33","130524047"
"chr1","165826000","165826306","chrX","45255215","45255519","37","120570785"
"chr1","165914600","165914914","chr11","4422956","4423267","41","161491644"
"chr1","166055056","166055375","chr13","43079629","43079942","49","122975427"
"chr1","166095328","166095629","chr25","41966256","41966558","31","124129072"
"chr1","166210876","166211172","chr25","41857520","41857820","27","124353356"
"chr1","166255058","166255348","chr25","41822094","41822382","36","124432964"
"chr1","166546906","166547178","chr13","21973474","21973751","41","144573432"
"chr1","166577328","166577620","chr2","13355109","13355411","47","153222219"
"chr1","166610867","166611171","chr25","41467265","41467576","37","125143602"
"chr1","166633167","166633469","chr11","91522024","91522324","41","75111143"
"chr1","166644082","166644379","chr25","41440377","41440676","27","125203705"
"chr1","166904614","166904916","chr25","41191379","41191680","36","125713235"
"chr1","166916668","166916961","chr25","41178479","41178770","23","125738189"
"chr1","167144648","167144961","chr20","12134046","12134358","49","155010602"
"chr1","167275003","167275178","chr25","40795001","40795172","16","126480002"
"chr1","167336235","167336417","chr25","40795001","40795172","22","126541234"
"chr1","167353156","167353423","chr25","40722827","40723091","28","126630329"
"chr1","167426867","167427163","chr24","40758560","40758856","42","126668307"
"chr1","167592961","167593248","chr21","98691323","98691608","53","68901638"
"chr1","167644347","167644656","chr25","40477941","40478243","43","127166406"
"chr1","167654956","167655191","chr6","48316385","48316620","43","119338571"
"chr1","167685989","167686298","chr1","66050440","66050743","65","101635549"
"chr1","167794659","167794961","chr16","8476344","8476649","41","159318315"
"chr1","167993450","167993761","chr23","37753252","37753563","30","130240198"
"chr1","168019270","168019557","chr7","66781296","66781580","50","101237974"
"chr1","168028509","168028805","chr7","19667372","19667669","35","148361137"
"chr1","168041066","168041280","chr7","15845768","15845962","43","152195298"
"chr1","168069481","168069775","chr26","4822879","4823176","36","163246602"
"chr1","168158988","168159295","chr26","11581654","11581963","39","156577334"
"chr1","168228800","168229067","chr23","72809226","72809510","48","95419574"
"chr1","168323653","168323843","chr21","74242547","74242734","39","94081106"
"chr1","168359953","168360247","chr25","39720251","39720552","38","128639702"
"chr1","168450284","168450578","chr25","39613710","39614005","26","128836574"
"chr1","168489727","168490011","chr25","64303371","64303659","48","104186356"
"chr1","168600733","168601029","chr1","34311214","34311511","39","134289519"
"chr1","168635803","168636100","chr2","38529519","38529815","38","130106284"
"chr1","168694136","168694421","chr25","28809645","28809929","33","139884491"
"chr1","168743999","168744313","chr9","117882996","117883305","43","50861003"
"chr1","168827624","168827855","chr25","39208402","39208633","30","129619222"
"chr1","168866358","168866671","chr22","79490356","79490664","45","89376002"
"chr1","168929623","168929930","chr2","5157722","5158032","41","163771901"
"chr1","168940529","168940838","chr25","39102884","39103187","37","129837645"
"chr1","169015036","169015309","chr16","16397971","16398232","56","152617065"
"chr1","169043541","169043823","chr5","22060727","22061008","47","146982814"
"chr1","169048036","169048331","chr25","38994447","38994749","43","130053589"
"chr1","169067391","169067689","chr25","38975682","38975980","32","130091709"
"chr1","169098564","169098861","chr11","120526163","120526460","36","48572401"
"chr1","169214146","169214444","chr25","38825624","38825932","32","130388522"
"chr1","169245939","169246248","chr25","38803639","38803938","42","130442300"
"chr1","169452846","169453157","chr10","66348995","66349305","36","103103851"
"chr1","169484035","169484330","chr10","97500192","97500489","39","71983843"
"chr1","169576282","169576592","chr1","8456606","8456914","39","161119676"
"chr1","169628895","169629204","chrX","60957021","60957332","38","108671874"
"chr1","169656265","169656569","chr16","51076400","51076703","38","118579865"
"chr1","169789504","169789795","chr21","119737576","119737864","39","50051928"
"chr1","169849375","169849677","chr1","48529388","48529686","36","121319987"
"chr1","169931871","169932173","chr25","38114376","38114685","42","131817495"
"chr1","170137035","170137324","chr25","37910736","37911045","44","132226299"
"chr1","170290874","170291199","chr25","37751763","37752081","43","132539111"
"chr1","170354657","170354961","chr25","37691172","37691471","35","132663485"
"chr1","170576175","170576466","chr25","37470065","37470353","31","133106110"
"chr1","170631445","170631748","chr25","37417940","37418243","24","133213505"
"chr1","170670187","170670472","chr1","17646807","17647085","45","153023380"
"chr1","170685604","170685912","chr8","31712341","31712652","37","138973263"
"chr1","170686378","170686542","chr29","21847913","21848086","32","148838465"
"chr1","170706683","170706973","chr25","37344478","37344776","35","133362205"
"chr1","170783613","170783826","chr11","124263168","124263380","36","46520445"
"chr1","170835314","170835627","chr25","37226360","37226669","30","133608954"
"chr1","170951821","170952126","chr25","37113423","37113731","30","133838398"
"chr1","171001312","171001611","chr25","37064539","37064838","36","133936773"
"chr1","171013162","171013460","chr25","37052707","37053015","46","133960455"
"chr1","171074767","171075076","chr16","61063438","61063741","34","110011329"
"chr1","171179605","171179908","chr23","42078284","42078588","28","129101321"
"chr1","171187104","171187415","chr25","36882125","36882435","29","134304979"
"chr1","171217439","171217728","chr11","96978397","96978692","36","74239042"
"chr1","171333686","171333989","chr8","39370799","39371107","42","131962887"
"chr1","171338972","171339261","chr15","4942661","4942952","42","166396311"
"chr1","171411223","171411521","chr25","36657895","36658213","36","134753328"
"chr1","171505846","171506148","chr8","50034452","50034757","34","121471394"
"chr1","171580902","171581189","chr6","4075008","4075291","49","167505894"
"chr1","171735435","171735744","chr25","36324522","36324818","30","135410913"
"chr1","171758503","171758800","chr1","32350047","32350343","36","139408456"
"chr1","171798583","171798871","chr2","79940815","79941102","39","91857768"
"chr1","171802679","171802987","chr21","73499256","73499565","39","98303423"
"chr1","171803360","171803652","chr9","33958924","33959219","38","137844436"
"chr1","171876952","171877249","chr5","21911716","21912023","45","149965236"
"chr1","171901937","171902242","chr25","36154021","36154331","27","135747916"
"chr1","171989337","171989641","chr25","36068813","36069106","33","135920524"
"chr1","172005098","172005408","chr20","9169732","9170041","35","162835366"
"chr1","172106109","172106405","chrX","43763510","43763807","30","128342599"
"chr1","172174161","172174450","chr13","68788394","68788684","38","103385767"
"chr1","172203387","172203688","chr20","110792876","110793177","36","61410511"
"chr1","172268013","172268276","chr25","35800775","35801039","22","136467238"
"chr1","172364143","172364459","chr6","36951476","36951790","51","135412667"
"chr1","172477253","172477549","chr25","35600676","35600978","28","136876577"
"chr1","172492184","172492496","chr25","35586712","35587010","43","136905472"
"chr1","172550132","172550429","chr18","16413763","16414057","45","156136369"
"chr1","172747111","172747422","chr8","48698345","48698653","42","124048766"
"chr1","172768565","172768867","chr25","35336180","35336484","31","137432385"
"chr1","172814364","172814552","chr8","96026078","96026272","30","76788286"
"chr1","173085366","173085655","chr25","35011785","35012075","34","138073581"
"chr1","173269980","173270257","chr25","34841061","34841341","33","138428919"
"chr1","173277234","173277536","chr14","105709493","105709801","49","67567741"
"chr1","173319590","173319890","chr25","34789513","34789818","34","138530077"
"chr1","173370122","173370427","chr25","34746866","34747167","32","138623256"
"chr1","173599555","173599853","chr25","34517999","34518313","39","139081556"
"chr1","173703224","173703485","chr10","87553092","87553358","40","86150132"
"chr1","173735203","173735484","chr25","34385170","34385455","33","139350033"
"chr1","173858485","173858806","chr25","34277637","34277944","40","139580848"
"chr1","173925753","173926056","chr25","34210019","34210315","32","139715734"
"chr1","173974062","173974318","chr25","34159033","34159288","23","139815029"
"chr1","173983128","173983414","chrX","50195890","50196181","36","123787238"
"chr1","173997120","173997400","chr12","87335788","87336075","40","86661332"
"chr1","174131151","174131487","chr10","61606312","61606649","52","112524839"
"chr1","174140923","174141213","chr25","34005164","34005455","39","140135759"
"chr1","174191804","174192082","chr8","68974043","68974327","52","105217761"
"chr1","174288777","174289073","chr25","33851429","33851734","37","140437348"
"chr1","174294298","174294594","chr1","67026506","67026811","39","107267792"
"chr1","174365804","174366101","chr5","59178950","59179249","34","115186854"
"chr1","174410432","174410737","chr25","33729763","33730076","31","140680669"
"chr1","174444609","174444903","chr25","33692302","33692596","25","140752307"
"chr1","174493820","174494065","chr9","61704066","61704306","43","112789754"
"chr1","174535123","174535425","chr25","78856788","78857085","33","95678335"
"chr1","174549716","174550009","chr25","33583946","33584239","25","140965770"
"chr1","174604565","174604872","chr5","67877277","67877584","35","106727288"
"chr1","174609785","174610074","chr25","33535591","33535880","30","141074194"
"chr1","174884391","174884696","chr25","33267074","33267372","39","141617317"
"chr1","175047219","175047528","chr4","77056785","77057092","41","97990434"
"chr1","175216455","175216743","chr25","32901102","32901398","38","142315353"
"chr1","175428865","175429099","chr25","32680712","32680942","35","142748153"
"chr1","175594608","175594837","chr25","32599109","32599343","32","142995499"
"chr1","175683090","175683379","chr25","32425978","32426267","30","143257112"
"chr1","175748689","175748958","chr25","32366015","32366286","26","143382674"
"chr1","175883800","175884110","chr9","68306783","68307092","35","107577017"
"chr1","175962697","175963011","chr25","32144591","32144902","39","143818106"
"chr1","176025233","176025528","chr25","32090691","32090988","21","143934542"
"chr1","176044389","176044686","chr12","26084664","26084963","37","149959725"
"chr1","176180452","176180752","chr25","31940772","31941070","26","144239680"
"chr1","176252005","176252301","chr25","31875599","31875892","31","144376406"
"chr1","176347549","176347843","chr21","33872059","33872352","35","142475490"
"chr1","176524844","176525153","chr2","5914047","5914349","40","170610797"
"chr1","176529693","176530001","chr25","31593850","31594153","32","144935843"
"chr1","176649720","176650022","chr25","31464312","31464602","41","145185408"
"chr1","176683711","176684004","chr25","31428065","31428359","29","145255646"
"chr1","176782791","176783066","chr25","31335403","31335670","29","145447388"
"chr1","176828224","176828515","chr25","31291688","31291983","35","145536536"
"chr1","176849570","176849862","chr1","113073788","113074081","44","63775782"
"chr1","176861970","176862293","chr25","31258479","31258793","43","145603491"
"chr1","177168376","177168657","chr5","21381078","21381361","38","155787298"
"chr1","177169678","177169986","chr1","57381049","57381356","38","119788629"
"chr1","177197578","177197885","chr8","7114217","7114516","43","170083361"
"chr1","177215490","177215783","chrX","111740906","111741198","36","65474584"
"chr1","177233655","177233954","chr25","30896087","30896381","22","146337568"
"chr1","177300634","177300937","chr5","33734355","33734660","28","143566279"
"chr1","177338390","177338675","chr25","30798240","30798506","48","146540150"
"chr1","177440759","177441081","chr25","30693780","30694088","37","146746979"
"chr1","177698025","177698328","chr3","6594377","6594679","45","171103648"
"chr1","177840324","177840576","chr15","8743985","8744235","37","169096339"
"chr1","177851360","177851650","chr25","30284921","30285213","30","147566439"
"chr1","177867870","177868209","chr2","38013762","38014085","76","139854108"
"chr1","178231569","178231869","chr25","29906345","29906655","34","148325224"
"chr1","178247738","178247959","chr11","124263168","124263380","48","53984570"
"chr1","178448514","178448823","chrX","46285407","46285716","43","132163107"
"chr1","178456023","178456295","chr25","29686044","29686319","26","148769979"
"chr1","178560223","178560534","chr10","19597340","19597649","42","158962883"
"chr1","178588907","178589244","chrX","15311357","15311697","52","163277550"
"chr1","178595984","178596285","chr25","29544019","29544317","28","149051965"
"chr1","178617507","178617813","chr25","29531216","29531533","34","149086291"
"chr1","178620852","178621157","chr1","112067856","112068159","37","66552996"
"chr1","178625513","178625807","chr25","29522305","29522599","37","149103208"
"chr1","178632105","178632368","chr25","29509003","29509267","17","149123102"
"chr1","178665164","178665475","chr5","26410686","26410992","40","152254478"
"chr1","178667337","178667648","chr25","29479316","29479639","37","149188021"
"chr1","178671881","178672151","chr25","29471887","29472158","32","149199994"
"chr1","178675520","178675855","chr10","43234188","43234511","45","135441332"
"chr1","178683155","178683447","chr25","29453808","29454103","23","149229347"
"chr1","178687706","178688007","chr14","78389199","78389498","32","100298507"
"chr1","178692868","178693150","chr1","64279126","64279410","46","114413742"
"chr1","178697488","178697796","chr17","19797186","19797495","37","158900302"
"chr1","178715218","178715460","chr20","40465924","40466168","36","138249294"
"chr1","178718012","178718304","chr5","57651774","57652070","42","121066238"
"chr1","178719063","178719350","chr6","33908236","33908526","31","144810827"
"chr1","178721977","178722268","chr25","29418041","29418329","28","149303936"
"chr1","178728706","178728990","chr8","26524594","26524886","37","152204112"
"chr1","178741046","178741341","chr25","29398223","29398516","28","149342823"
"chr1","178744508","178744808","chr25","29395130","29395434","33","149349378"
"chr1","178798975","178799262","chr25","29341360","29341634","37","149457615"
"chr1","178809785","178810091","chr25","29330615","29330925","21","149479170"
"chr1","178820091","178820401","chr25","29320685","29320991","29","149499406"
"chr1","178840956","178841243","chr25","29300710","29300998","27","149540246"
"chr1","178860796","178861096","chr5","14496312","14496619","33","164364484"
"chr1","178865393","178865681","chr16","48605023","48605318","37","130260370"
"chr1","178882148","178882444","chr25","29258576","29258878","36","149623572"
"chr1","178888917","178889210","chr25","29251841","29252125","31","149637076"
"chr1","178925112","178925423","chr16","7769708","7770016","38","171155404"
"chr1","178928456","178928771","chr26","18344490","18344794","44","160583966"
"chr1","178929537","178929812","chr3","18988954","18989230","38","159940583"
"chr1","178937132","178937402","chr25","29210222","29210492","22","149726910"
"chr1","178951155","178951452","chr25","29196452","29196749","15","149754703"
"chr1","178954531","178954828","chr25","29193124","29193418","28","149761407"
"chr1","178971380","178971682","chr25","29175707","29176015","32","149795673"
"chr1","178985776","178986067","chr7","111815549","111815836","50","67170227"
"chr1","178992248","178992538","chr25","29154836","29155129","27","149837412"
"chr1","178995645","178995935","chr16","16352697","16352989","29","162642948"
"chr1","179005493","179005794","chr25","29142795","29143104","51","149862698"
"chr1","179024566","179024875","chr2","58013475","58013779","42","121011091"
"chr1","179045825","179046117","chr25","29104651","29104951","38","149941174"
"chr1","179060775","179061064","chr6","38663675","38663968","35","140397100"
"chr1","179063111","179063425","chr8","6616736","6617047","40","172446375"
"chr1","179072566","179072853","chr7","111567460","111567746","34","67505106"
"chr1","179078673","179078946","chr25","29072346","29072619","25","150006327"
"chr1","179081705","179081997","chr2","88921926","88922222","37","90159779"
"chr1","179083184","179083473","chr10","127489185","127489475","36","51593999"
"chr1","179084186","179084482","chr5","17064453","17064748","35","162019733"
"chr1","179089976","179090269","chr25","29069036","29069329","20","150020940"
"chr1","179102877","179103176","chr25","29056115","29056414","26","150046762"
"chr1","179108195","179108505","chr5","38892397","38892709","33","140215798"
"chr1","179131881","179132167","chr25","29027759","29028038","26","150104122"
"chr1","179132198","179132391","chr23","41306689","41306886","47","137825509"
"chr1","179137014","179137321","chr25","29023679","29023991","29","150113335"
"chr1","179159943","179160028","chr11","108469502","108469588","12","70690441"
"chr1","179160667","179160861","chr4","77889793","77889990","36","101270874"
"chr1","179161443","179161676","chr9","61704066","61704306","41","117457377"
"chr1","179174145","179174454","chr8","111217263","111217558","47","67956882"
"chr1","179178248","179178559","chr7","115282515","115282825","33","63895733"
"chr1","179188464","179188761","chr25","28964776","28965073","33","150223688"
"chr1","179192181","179192469","chr20","12197329","12197612","38","166994852"
"chr1","179195709","179195980","chr25","28957292","28957563","25","150238417"
"chr1","179200386","179200688","chr25","28952310","28952620","35","150248076"
"chr1","179235809","179236167","chr25","28916367","28916726","27","150319442"
"chr1","179244392","179244705","chr5","26410686","26410992","42","152833706"
"chr1","179249742","179250042","chr20","80529052","80529348","42","98720690"
"chr1","179263468","179263759","chr19","3533857","3534147","34","175729611"
"chr1","179272878","179273159","chr12","37814722","37815005","30","141458156"
"chr1","179274101","179274411","chr7","96864259","96864574","33","82409842"
"chr1","179276546","179276857","chr25","28877772","28878076","29","150398774"
"chr1","179277230","179277522","chr6","47103233","47103523","35","132173997"
"chr1","179309478","179309773","chr20","77903993","77904291","30","101405485"
"chr1","179327617","179327925","chr11","131206","131506","44","179196411"
"chr1","179339021","179339328","chr10","93621317","93621620","40","85717704"
"chr1","179341061","179341353","chr19","26852137","26852431","38","152488924"
"chr1","179341649","179341944","chr25","28811612","28811914","44","150530037"
"chr1","179345958","179346249","chr25","28807326","28807618","35","150538632"
"chr1","179354437","179354733","chr6","50066742","50067036","31","129287695"
"chr1","179357067","179357368","chr7","19602988","19603290","30","159754079"
"chr1","179389926","179390217","chr9","62114784","62115076","33","117275142"
"chr1","179390286","179390573","chr25","28751594","28751883","32","150638692"
"chr1","179424110","179424413","chr25","28723023","28723333","32","150701087"
"chr1","179435056","179435322","chr25","28712377","28712654","44","150722679"
"chr1","179457333","179457651","chr19","21336034","21336340","49","158121299"
"chr1","179481062","179481286","chr25","28666470","28666691","25","150814592"
"chr1","179492653","179492964","chr2","35984887","35985192","35","143507766"
"chr1","179512520","179512814","chr7","105406733","105407028","35","74105787"
"chr1","179513548","179513853","chr22","98059003","98059309","39","81454545"
"chr1","179525346","179525506","chr3","38181933","38182092","21","141343413"
"chr1","179534157","179534459","chr29","3194030","3194334","39","176340127"
"chr1","179535152","179535452","chr25","28613603","28613905","29","150921549"
"chr1","179537405","179537727","chr10","24331092","24331413","45","155206313"
"chr1","179541161","179541424","chr14","51772675","51772943","45","127768486"
"chr1","179556521","179556822","chr19","28700662","28700965","40","150855859"
"chr1","179558238","179558511","chr7","111567460","111567746","36","67990778"
"chr1","179559079","179559376","chr25","28589356","28589660","28","150969723"
"chr1","179563316","179563627","chr27","40845363","40845670","36","138717953"
"chr1","179611582","179611875","chr2","7461409","7461708","41","172150173"
"chr1","179627483","179627781","chr25","72176682","72176976","39","107450801"
"chr1","179632132","179632441","chr25","28521907","28522216","29","151110225"
"chr1","179632932","179633074","chr20","110639234","110639386","44","68993698"
"chr1","179638049","179638350","chr25","28517791","28518093","37","151120258"
"chr1","179641589","179641902","chr2","16817283","16817584","49","162824306"
"chr1","179658045","179658351","chr17","39099892","39100198","26","140558153"
"chr1","179662385","179662571","chrUn_KE147549v1","65439","65622","34","179596946"
"chr1","179689980","179690254","chr20","126610282","126610557","42","53079698"
"chr1","179705027","179705275","chr25","28450054","28450282","38","151254973"
"chr1","179711192","179711428","chr20","104947523","104947748","68","74763669"
"chr1","179713861","179714205","chr12","96861743","96862086","56","82852118"
"chr1","179714744","179715051","chr1","14106229","14106537","40","165608515"
"chr1","179728577","179728873","chr25","28427154","28427449","22","151301423"
"chr1","179828668","179828947","chr25","28326238","28326533","34","151502430"
"chr1","179862278","179862574","chr11","125459456","125459759","40","54402822"
"chr1","179871009","179871304","chr25","28284292","28284588","26","151586717"
"chr1","179946180","179946460","chr6","13580095","13580380","39","166366085"
"chr1","179985875","179986200","chr14","51850819","51851139","46","128135056"
"chr1","180009784","180010088","chr25","28162150","28162452","29","151847634"
"chr1","180156680","180156974","chr25","28019525","28019816","30","152137155"
"chr1","180200127","180200420","chr2","34770637","34770928","36","145429490"
"chr1","180205175","180205455","chr7","96717213","96717495","39","83487962"
"chr1","180233716","180234016","chr25","27946735","27947037","23","152286981"
"chr1","180238558","180238861","chr25","72245351","72245660","35","107993207"
"chr1","180266575","180266877","chr25","27915788","27916099","39","152350787"
"chr1","180268674","180268982","chr23","77869617","77869928","36","102399057"
"chr1","180271774","180272088","chr20","1445477","1445787","38","178826297"
"chr1","180284660","180284939","chr25","27894054","27894333","27","152390606"
"chr1","180290291","180290593","chr25","27886474","27886778","28","152403817"
"chr1","180292704","180293014","chrX","23685849","23686160","38","156606855"
"chr1","180324175","180324480","chr13","88722557","88722864","56","91601618"
"chr1","180349643","180349945","chr28","19188684","19188984","36","161160959"
"chr1","180375453","180375761","chr18","17039455","17039764","37","163335998"
"chr1","180455588","180455851","chr25","27726407","27726675","32","152729181"
"chr1","180503093","180503326","chr9","61704066","61704306","40","118799027"
"chr1","180522627","180522921","chr25","27664129","27664423","19","152858498"
"chr1","180553196","180553518","chr25","27633864","27634168","41","152919332"
"chr1","180570233","180570539","chr25","27616854","27617166","29","152953379"
"chr1","180612113","180612405","chr1","19453527","19453824","32","161158586"
"chr1","180612660","180612910","chr13","6612493","6612757","53","174000167"
"chr1","180633388","180633681","chr6","12817354","12817649","39","167816034"
"chr1","180636778","180637071","chr19","7242978","7243268","34","173393800"
"chr1","180647078","180647373","chr25","27536657","27536952","25","153110421"
"chr1","180666599","180666918","chr14","96870853","96871170","49","83795746"
"chr1","180685031","180685327","chr25","27497138","27497435","25","153187893"
"chr1","180694916","180695204","chr25","27487828","27488116","18","153207088"
"chr1","180704554","180704841","chr13","26254852","26255146","46","154449702"
"chr1","180711020","180711294","chr3","24938992","24939271","29","155772028"
"chr1","180712080","180712377","chr11","112143129","112143422","36","68568951"
"chr1","180735999","180736292","chr13","34973916","34974207","36","145762083"
"chr1","180741180","180741452","chr1","4950295","4950568","33","175790885"
"chr1","180744163","180744452","chr17","11279410","11279708","50","169464753"
"chr1","180751485","180751787","chrX","125148829","125149131","35","55602656"
"chr1","180752317","180752619","chr20","115245212","115245514","36","65507105"
"chr1","180753867","180754159","chr2","39284010","39284306","48","141469857"
"chr1","180792685","180792996","chr25","27392983","27393294","32","153399702"
"chr1","180800443","180800738","chr11","120526163","120526460","32","60274280"
"chr1","180816265","180816579","chr25","27369159","27369481","34","153447106"
"chr1","180846437","180846749","chr25","27335574","27335881","30","153510863"
"chr1","180851612","180851790","chr10","33376506","33376682","42","147475106"
"chr1","180854308","180854609","chr17","37878069","37878366","32","142976239"
"chr1","180874826","180875072","chr25","14502187","14502443","41","166372639"
"chr1","180878481","180878799","chr25","27305640","27305943","35","153572841"
"chr1","180881779","180882082","chr25","27302377","27302690","35","153579402"
"chr1","180931354","180931655","chr25","27258263","27258560","23","153673091"
"chr1","180954403","180954699","chr25","27235026","27235339","36","153719377"
"chr1","180954732","180955039","chr6","856805","857106","35","180097927"
"chr1","180956946","180957242","chr25","27235026","27235339","36","153721920"
"chr1","180957280","180957587","chr6","856805","857106","33","180100475"
"chr1","180960363","180960657","chr7","119254059","119254354","27","61706304"
"chr1","180988480","180988786","chr24","78475991","78476298","29","102512489"
"chr1","181002570","181002868","chr25","27190757","27191060","31","153811813"
"chr1","181022667","181022978","chr7","87014110","87014421","37","94008557"
"chr1","181033327","181033638","chr25","27160795","27161104","40","153872532"
"chr1","181086944","181087177","chr9","61704066","61704306","40","119382878"
"chr1","181124402","181124704","chr25","27071663","27071957","38","154052739"
"chr1","181128392","181128583","chrX","43819445","43819629","40","137308947"
"chr1","181130391","181130680","chr25","27064989","27065289","32","154065402"
"chr1","181134733","181135044","chr25","27060664","27060971","35","154074069"
"chr1","181155126","181155418","chr25","27042038","27042331","25","154113088"
"chr1","181179938","181180240","chr25","27015189","27015497","42","154164749"
"chr1","181209460","181209764","chr25","26985361","26985655","36","154224099"
"chr1","181302859","181303155","chr25","26894601","26894896","31","154408258"
"chr1","181310108","181310408","chr25","26887633","26887931","28","154422475"
"chr1","181310935","181311227","chr25","26886827","26887119","41","154424108"
"chr1","181404591","181404817","chr11","1330079","1330305","37","180074512"
"chr1","181451530","181451817","chr16","59525991","59526277","31","121925539"
"chr1","181454921","181455233","chr25","26747062","26747368","31","154707859"
"chr1","181466797","181467107","chrX","21765768","21766071","35","159701029"
"chr1","181504897","181505063","chr9","57624793","57624958","33","123880104"
"chr1","181509883","181510182","chr25","26695027","26695329","22","154814856"
"chr1","181516578","181516832","chr19","27008157","27008419","41","154508421"
"chr1","181542503","181542795","chr1","70443301","70443595","33","111099202"
"chr1","181546900","181547196","chr6","12817354","12817649","39","168729546"
"chr1","181563412","181563753","chr25","26639840","26640177","56","154923572"
"chr1","181570069","181570364","chr25","26632619","26632911","22","154937450"
"chr1","181588448","181588748","chr25","26614769","26615084","37","154973679"
"chr1","181636794","181637093","chr29","19796485","19796789","32","161840309"
"chr1","181639105","181639414","chr25","26562514","26562817","33","155076591"
"chr1","181647343","181647655","chr8","10801167","10801476","31","170846176"
"chr1","181653049","181653347","chr25","75347478","75347775","36","106305571"
"chr1","181658588","181658749","chr2","42634964","42635131","24","139023624"
"chr1","181659332","181659459","chr11","4367360","4367495","15","177291972"
"chr1","181660481","181660788","chr25","26541137","26541437","31","155119344"
"chr1","181661568","181661761","chr7","15845768","15845962","46","165815800"
"chr1","181663582","181663884","chrX","49846721","49847019","33","131816861"
"chr1","181685060","181685344","chr25","26519806","26520115","47","155165254"
"chr1","181734705","181735005","chr25","26466691","26466991","30","155268014"
"chr1","181739303","181739589","chr24","14660668","14660955","38","167078635"
"chr1","181741940","181742251","chr11","4422956","4423267","44","177318984"
"chr1","181745918","181746229","chrX","45693814","45694119","37","136052104"
"chr1","181747874","181748174","chr25","26454890","26455198","35","155292984"
"chr1","181755108","181755326","chr11","124263168","124263380","45","57491940"
"chr1","181780750","181781052","chr25","26422251","26422557","38","155358499"
"chr1","181783820","181784141","chr9","96563098","96563408","50","85220722"
"chr1","181801155","181801428","chr10","88097750","88098024","49","93703405"
"chr1","181821766","181822026","chr25","26331730","26331989","21","155490036"
"chr1","181950041","181950336","chrX","1694586","1694883","43","180255455"
"chr1","181957115","181957410","chr25","26193363","26193663","36","155763752"
"chr1","182009098","182009375","chr15","19553100","19553376","33","162455998"
"chr1","182016951","182017159","chr2","10122736","10122933","35","171894215"
"chr1","182049632","182049935","chr20","102069946","102070249","35","79979686"
"chr1","182108805","182109131","chr24","68349105","68349428","55","113759700"
"chr1","182117793","182118106","chr19","32964693","32965003","40","149153100"
"chr1","182179514","182179776","chr16","3178099","3178363","29","179001415"
"chr1","182194225","182194525","chr2","23642928","23643221","38","158551297"
"chr1","182198412","182198703","chr25","25954940","25955218","39","156243472"
"chr1","182245777","182246087","chr2","86634126","86634435","37","95611651"
"chr1","182265251","182265526","chr5","102567","102846","46","182162684"
"chr1","182270769","182271071","chr25","25883966","25884263","29","156386803"
"chr1","182355073","182355386","chr20","104839624","104839933","42","77515449"
"chr1","182361413","182361710","chr24","81534444","81534741","28","100826969"
"chr1","182379731","182380038","chr25","25777344","25777654","32","156602387"
"chr1","182380700","182381008","chr25","25776345","25776648","37","156604355"
"chr1","182382908","182383206","chr25","25773115","25773420","37","156609793"
"chr1","182384385","182384677","chr25","25771628","25771924","32","156612757"
"chr1","182391115","182391419","chr20","7645196","7645499","28","174745919"
"chr1","182405109","182405417","chr25","25752355","25752659","25","156652754"
"chr1","182407412","182407584","chr24","63077105","63077273","25","119330307"
"chr1","182420805","182421051","chr9","44980829","44981096","37","137439976"
"chr1","182423609","182423853","chr17","4387746","4387986","37","178035863"
"chr1","182436308","182436613","chr25","25724863","25725164","30","156711445"
"chr1","182450096","182450394","chr21","98809472","98809783","52","83640624"
"chr1","182462358","182462664","chr17","25862671","25862977","48","156599687"
"chr1","182470191","182470496","chr20","102069946","102070249","38","80400245"
"chr1","182472056","182472272","chr11","124263168","124263380","38","58208888"
"chr1","182495877","182496194","chr14","52223648","52223964","42","130272229"
"chr1","182498335","182498498","chr25","25662155","25662315","18","156836180"
"chr1","182528205","182528503","chr25","25633672","25633981","31","156894533"
"chr1","182534650","182534893","chr12","54194883","54195126","39","128339767"
"chr1","182536953","182537277","chr16","15759309","15759628","41","166777644"
"chr1","182548583","182548888","chr25","25617025","25617332","24","156931558"
"chr1","182568320","182568623","chr3","22017071","22017369","43","160551249"
"chr1","182569457","182569743","chr25","25596404","25596692","27","156973053"
"chr1","182574465","182574641","chr11","46005043","46005220","24","136569422"
"chr1","182610345","182610612","chr5","51929064","51929335","39","130681281"
"chr1","182611105","182611216","chr5","5966491","5966602","15","176644614"
"chr1","182612176","182612364","chr12","98448077","98448264","21","84164099"
"chr1","182630508","182630817","chr25","25537572","25537876","32","157092936"
"chr1","182644075","182644381","chr9","92446514","92446821","39","90197561"
"chr1","182651073","182651364","chr25","25517520","25517830","33","157133553"
"chr1","182657985","182658281","chr25","25511063","25511362","28","157146922"
"chr1","182666111","182666428","chr16","72937229","72937539","37","109728882"
"chr1","182677669","182677967","chr25","25493324","25493624","23","157184345"
"chr1","182709659","182709965","chr3","30894413","30894707","41","151815246"
"chr1","182713204","182713507","chr25","25458656","25458963","29","157254548"
"chr1","182721615","182721919","chr6","33908236","33908526","41","148813379"
"chr1","182738024","182738317","chr25","25437323","25437616","32","157300701"
"chr1","182740268","182740574","chr24","51989719","51990022","37","130750549"
"chr1","182750744","182751052","chr2","18120742","18121050","36","164630002"
"chr1","182751635","182751937","chr25","25424375","25424678","17","157327260"
"chr1","182752872","182753169","chr25","25423406","25423701","33","157329466"
"chr1","182775426","182775719","chr14","665435","665730","32","182109991"
"chr1","182807412","182807599","chr23","42267812","42267998","24","140539600"
"chr1","182809176","182809458","chr5","71192351","71192631","41","111616825"
"chr1","182809632","182809937","chr25","25366335","25366637","32","157443297"
"chr1","182821721","182821968","chr9","44980829","44981096","45","137840892"
"chr1","182825297","182825587","chr25","25350670","25350969","36","157474627"
"chr1","182847343","182847645","chr25","25332458","25332766","25","157514885"
"chr1","182851684","182851968","chr2","85840186","85840467","35","97011498"
"chr1","182854398","182854705","chr25","25324598","25324905","30","157529800"
"chr1","182874185","182874490","chr25","25306455","25306765","27","157567730"
"chr1","182877949","182878256","chr25","25301037","25301346","25","157576912"
"chr1","182879454","182879748","chr10","36804532","36804826","35","146074922"
"chr1","182909830","182910117","chr25","74718595","74718886","40","108191235"
"chr1","182977327","182977632","chr19","5155602","5155901","40","177821725"
"chr1","182999535","182999828","chr25","25183458","25183743","31","157816077"
"chr1","183015878","183016176","chr25","25167110","25167413","39","157848768"
"chr1","183029346","183029640","chr25","25151425","25151714","26","157877921"
"chr1","183044209","183044517","chr25","25136966","25137279","34","157907243"
"chr1","183190431","183190736","chr25","24995754","24996059","34","158194677"
"chr1","183252293","183252530","chr9","95994472","95994703","42","87257821"
"chr1","183256626","183256941","chr25","24928918","24929226","31","158327708"
"chr1","183278581","183278891","chr25","24908003","24908311","34","158370578"
"chr1","183286631","183286931","chr6","40133792","40134103","47","143152839"
"chr1","183297364","183297660","chr25","24890424","24890720","22","158406940"
"chr1","183308949","183309249","chr25","24881359","24881647","29","158427590"
"chr1","183311577","183311878","chr25","24878733","24879038","27","158432844"
"chr1","183324305","183324576","chr25","24867429","24867709","33","158456876"
"chr1","183346708","183347021","chr9","92559992","92560298","37","90786716"
"chr1","183349121","183349380","chr25","24842386","24842646","21","158506735"
"chr1","183355356","183355655","chr25","24835509","24835813","35","158519847"
"chr1","183411840","183412143","chr4","67278344","67278631","54","116133496"
"chr1","183425556","183425865","chr25","24759031","24759340","32","158666525"
"chr1","183451491","183451794","chr25","24732822","24733126","31","158718669"
"chr1","183453879","183454186","chr25","24730445","24730746","34","158723434"
"chr1","183460667","183460958","chr20","92391112","92391404","38","91069555"
"chr1","183658152","183658447","chr18","31386596","31386890","38","152271556"
"chr1","183674936","183675247","chr10","88760771","88761072","34","94914165"
"chr1","183684775","183684847","chr18","14486053","14486126","10","169198722"
"chr1","183685412","183685664","chr13","65153569","65153812","45","118531843"
"chr1","183703712","183704020","chr25","24481515","24481821","30","159222197"
"chr1","183731080","183731373","chr25","24454233","24454534","36","159276847"
"chr1","183734476","183734636","chr8","14662942","14663106","26","169071534"
"chr1","183763141","183763434","chr22","46084268","46084563","32","137678873"
"chr1","183771325","183771611","chr25","24417630","24417927","35","159353695"
"chr1","183778441","183778739","chrX","1694586","1694883","33","182083855"
"chr1","183795761","183796071","chr25","24392962","24393264","34","159402799"
"chr1","183845929","183846110","chr25","24337070","24337254","16","159508859"
"chr1","183857598","183857844","chr16","31906139","31906391","40","151951459"
"chr1","183873946","183874238","chr25","24311160","24311454","30","159562786"
"chr1","183901660","183901937","chr25","24284764","24285041","22","159616896"
"chr1","183933910","183934216","chr7","129057998","129058302","25","54875912"
"chr1","183962020","183962317","chr11","96882851","96883147","31","87079169"
"chr1","183967716","183968020","chr25","24219638","24219940","26","159748078"
"chr1","183975786","183976079","chr11","96978397","96978692","34","86997389"
"chr1","183978646","183978952","chr25","24213831","24214138","23","159764815"
"chr1","183982283","183982589","chr15","60417052","60417354","39","123565231"
"chr1","183985288","183985574","chr25","24205880","24206191","56","159779408"
"chr1","183986145","183986326","chr28","14904294","14904488","33","169081851"
"chr1","183997897","183998143","chr25","24199238","24199481","14","159798659"
"chr1","184012242","184012529","chr25","24184839","24185121","21","159827403"
"chr1","184019843","184020146","chr25","24177550","24177861","29","159842293"
"chr1","184025937","184026236","chr25","24171740","24172044","29","159854197"
"chr1","184026774","184026940","chr9","57624793","57624958","47","126401981"
"chr1","184032289","184032596","chr11","75095735","75096041","31","108936554"
"chr1","184038966","184039268","chr25","24158470","24158777","30","159880496"
"chr1","184040430","184040736","chr17","39099892","39100198","38","144940538"
"chr1","184054767","184055063","chr25","24142276","24142574","32","159912491"
"chr1","184062117","184062404","chr24","70951926","70952215","40","113110191"
"chr1","184063009","184063324","chr25","24133468","24133779","33","159929541"
"chr1","184065376","184065659","chr16","3030948","3031228","38","181034428"
"chr1","184075304","184075610","chr25","24120795","24121100","22","159954509"
"chr1","184079996","184080304","chr8","7114217","7114516","41","176965779"
"chr1","184085514","184085791","chrX","1052","1331","30","184084462"
"chr1","184101062","184101322","chr16","424270","424542","47","183676792"
"chr1","184119772","184120075","chr25","24073924","24074221","30","160045848"
"chr1","184120840","184121090","chr4","84047509","84047762","35","100073331"
"chr1","184123954","184124265","chr25","24070830","24071143","22","160053124"
"chr1","184151951","184152257","chr26","18344490","18344794","31","165807461"
"chr1","184196697","184196982","chr10","10091662","10091957","40","174105035"
"chr1","184224958","184225277","chr7","119789649","119789968","42","64435309"
"chr1","184248757","184249063","chr4","31876349","31876651","41","152372408"
"chr1","184324127","184324429","chr14","78747061","78747366","38","105577066"
"chr1","184327672","184327977","chr25","23875568","23875864","31","160452104"
"chr1","184371380","184371675","chr25","23833041","23833337","17","160538339"
"chr1","184400633","184400943","chr25","23804485","23804786","27","160596148"
"chr1","184449253","184449563","chr25","23756630","23756929","29","160692623"
"chr1","184456969","184457261","chr25","23749140","23749431","20","160707829"
"chr1","184486210","184486509","chr25","23722383","23722686","30","160763827"
"chr1","184492381","184492677","chr8","36966640","36966933","48","147525741"
"chr1","184503821","184504113","chr25","23705279","23705566","30","160798542"
"chr1","184509177","184509490","chr25","23700244","23700554","32","160808933"
"chr1","184514253","184514562","chr11","12599158","12599456","35","171915095"
"chr1","184516775","184517074","chr1","19453527","19453824","40","165063248"
"chr1","184530154","184530311","chr28","14652659","14652804","27","169877495"
"chr1","184574116","184574413","chr6","41738554","41738850","31","142835562"
"chr1","184600751","184601050","chr25","23612447","23612753","32","160988304"
"chr1","184602680","184602980","chr11","120526163","120526460","41","64076517"
"chr1","184604153","184604459","chr17","1769259","1769563","34","182834894"
"chr1","184619765","184620060","chr6","2890946","2891242","29","181728819"
"chr1","184625557","184625854","chr25","23588769","23589062","25","161036788"
"chr1","184631841","184632142","chr25","23582359","23582655","22","161049482"
"chr1","184647521","184647833","chr25","23568212","23568525","31","161079309"
"chr1","184651341","184651650","chr21","124655752","124656055","32","59995589"
"chr1","184674823","184675117","chr14","2669980","2670278","36","182004843"
"chr1","184691589","184691877","chr23","5743841","5744134","33","178947748"
"chr1","184744490","184744688","chr16","53228275","53228470","51","131516215"
"chr1","185112411","185112698","chr25","23336930","23337228","29","161775481"
"chr1","185152147","185152439","chr25","23295156","23295444","21","161856991"
"chr1","185175957","185176259","chr25","23274332","23274623","27","161901625"
"chr1","185191354","185191665","chr25","23261027","23261340","32","161930327"
"chr1","185204109","185204414","chr25","23247754","23248056","34","161956355"
"chr1","185219590","185219892","chr20","102069946","102070249","34","83149644"
"chr1","185220530","185220746","chr11","124263168","124263380","40","60957362"
"chr1","185225420","185225713","chr25","23228555","23228856","33","161996865"
"chr1","185238906","185239189","chr25","23215253","23215535","34","162023653"
"chr1","185313485","185313793","chr25","23136700","23137004","27","162176785"
"chr1","185317883","185318187","chr25","23132350","23132654","26","162185533"
"chr1","185336882","185337104","chr26","32499388","32499606","39","152837494"
"chr1","185343824","185344108","chr25","23105900","23106191","28","162237924"
"chr1","185351244","185351546","chr25","23097741","23098038","34","162253503"
"chr1","185383951","185384252","chr25","23067844","23068150","23","162316107"
"chr1","185389862","185390161","chr25","23061903","23062207","40","162327959"
"chr1","185435020","185435314","chr25","23019163","23019457","20","162415857"
"chr1","185440598","185440890","chr6","8955606","8955900","40","176484992"
"chr1","185502417","185502727","chr26","10659553","10659860","42","174842864"
"chr1","185506928","185507242","chr5","11844779","11845087","42","173662149"
"chr1","185510318","185510624","chr25","22944452","22944767","26","162565866"
"chr1","185587504","185587812","chr26","18344490","18344794","46","167243014"
"chr1","185588587","185588897","chr6","15813882","15814194","36","169774705"
"chr1","185594738","185595073","chr9","86074358","86074690","49","99520380"
"chr1","185614503","185614811","chr25","22841198","22841498","31","162773305"
"chr1","185617218","185617504","chr14","46309257","46309544","34","139307961"
"chr1","185646137","185646442","chr1","55182523","55182828","34","130463614"
"chr1","185712650","185712937","chr9","72559185","72559470","33","113153465"
"chr1","185714630","185714931","chr12","26084664","26084963","25","159629966"
"chr1","185715545","185715861","chr25","22746756","22747064","41","162968789"
"chr1","185736038","185736346","chr10","55705115","55705421","42","130030923"
"chr1","185737093","185737402","chr8","10801167","10801476","41","174935926"
"chr1","185777321","185777627","chr25","22686459","22686758","28","163090862"
"chr1","185811454","185811730","chr1","4472902","4473180","43","181338552"
"chr1","185813248","185813557","chrX","45255215","45255519","43","140558033"
"chr1","185843568","185843848","chrX","1052","1331","41","185842516"
"chr1","185861650","185861962","chr14","59464027","59464336","39","126397623"
"chr1","185945838","185946099","chr9","120528052","120528309","38","65417786"
"chr1","186094972","186095256","chr16","14508939","14509225","37","171586033"
"chr1","186364312","186364608","chr13","46286391","46286686","36","140077921"
"chr1","186366021","186366331","chr25","22156325","22156622","28","164209696"
"chr1","186414979","186415263","chr16","4947081","4947364","33","181467898"
"chr1","186501940","186502237","chr25","22012515","22012812","38","164489425"
"chr1","186538989","186539297","chr3","19213986","19214293","36","167325003"
"chr1","186564642","186564952","chr25","21942249","21942559","19","164622393"
"chr1","186598972","186599269","chr1","55209417","55209719","51","131389555"
"chr1","186605948","186606242","chr25","21899221","21899519","15","164706727"
"chr1","186669871","186670155","chr25","21838134","21838425","30","164831737"
"chr1","186752850","186753150","chr10","104329666","104329966","36","82423184"
"chr1","186758260","186758536","chr25","21745139","21745390","45","165013121"
"chr1","186783023","186783278","chr19","27008157","27008419","45","159774866"
"chr1","186798710","186798986","chr25","21717710","21717986","25","165081000"
"chr1","186850638","186850933","chr25","21675777","21676073","29","165174861"
"chr1","186922182","186922438","chr10","82764605","82764861","32","104157577"
"chr1","186975071","186975368","chr25","21553819","21554115","18","165421252"
"chr1","187090345","187090658","chr25","21440811","21441126","34","165649534"
"chr1","187289549","187289858","chr14","67884014","67884310","65","119405535"
"chr1","187343362","187343667","chr25","25629089","25629399","37","161714273"
"chr1","187364294","187364594","chr25","21172249","21172547","27","166192045"
"chr1","187589476","187589776","chr25","20947346","20947650","22","166642130"
"chr1","187625769","187626069","chr25","20911734","20912036","26","166714035"
"chr1","187840382","187840685","chr22","7937138","7937443","34","179903244"
"chr1","187875422","187875714","chr25","56284363","56284661","38","131591059"
"chr1","187881853","187882148","chr25","20671984","20672291","44","167209869"
"chr1","187897819","187898126","chr25","20656015","20656318","33","167241804"
"chr1","187943826","187944130","chr25","78199060","78199357","47","109744766"
"chr1","187954864","187955144","chr10","88097750","88098024","44","99857114"
"chr1","187955755","187955960","chr17","38823537","38823742","38","149132218"
"chr1","187961284","187961577","chr7","111567460","111567746","36","76393824"
"chr1","188062744","188063046","chr25","20489510","20489801","26","167573234"
"chr1","188103317","188103612","chr25","20455307","20455606","29","167648010"
"chr1","188123346","188123638","chr25","20435282","20435580","34","167688064"
"chr1","188180301","188180590","chr12","42737437","42737724","37","145442864"
"chr1","188197777","188198109","chr25","20357766","20358067","50","167840011"
"chr1","188216824","188217122","chr2","87753173","87753470","34","100463651"
"chr1","188225785","188226102","chr25","20331803","20332097","51","167893982"
"chr1","188285561","188285841","chr25","20275145","20275428","21","168010416"
"chr1","188416271","188416566","chr25","20143984","20144279","20","168272287"
"chr1","188469916","188470227","chr1","74922853","74923163","40","113547063"
"chr1","188555693","188556002","chr18","58480084","58480385","51","130075609"
"chr1","188754574","188754859","chr25","19803072","19803354","31","168951502"
"chr1","188759636","188759942","chr25","73296177","73296486","34","115463459"
"chr1","188816540","188816835","chr8","95443931","95444228","40","93372609"
"chr1","188917843","188918140","chr26","43663051","43663349","31","145254792"
"chr1","188928086","188928396","chr10","44028544","44028854","27","144899542"
"chr1","188928472","188928766","chr25","19624111","19624404","15","169304361"
"chr1","188965135","188965427","chr25","19587775","19588072","25","169377360"
"chr1","188977465","188977754","chr25","19572818","19573111","28","169404647"
"chr1","189017249","189017525","chr25","19535690","19535963","30","169481559"
"chr1","189017586","189017837","chr5","37062122","37062385","45","151955464"
"chr1","189103236","189103530","chr25","19453589","19453882","25","169649647"
"chr1","189107560","189107863","chr25","19448965","19449274","36","169658595"
"chr1","189125039","189125352","chr4","35644646","35644957","52","153480393"
"chr1","189141536","189141822","chr12","10293661","10293943","41","178847875"
"chr1","189194423","189194699","chr25","19364306","19364562","43","169830117"
"chr1","189246657","189246957","chr25","19317214","19317505","33","169929443"
"chr1","189273303","189273601","chr9","17551466","17551765","32","171721837"
"chr1","189289688","189289981","chrX","22852905","22853198","31","166436783"
"chr1","189319686","189320000","chr25","19241243","19241555","34","170078443"
"chr1","189337862","189338166","chr25","19222323","19222631","37","170115539"
"chr1","189374944","189375250","chr25","19183145","19183452","33","170191799"
"chr1","189382151","189382443","chr25","19173878","19174171","11","170208273"
"chr1","189407207","189407526","chr5","74092450","74092764","48","115314757"
"chr1","189412642","189412937","chr2","16817283","16817584","35","172595359"
"chr1","189454392","189454701","chr1","18228314","18228624","40","171226078"
"chr1","189459247","189459542","chr21","52889624","52889925","30","136569623"
"chr1","189490215","189490498","chr25","19063808","19064095","29","170426407"
"chr1","189499604","189499905","chrX","38416664","38416967","25","151082940"
"chr1","189504733","189505032","chr8","9993389","9993689","41","179511344"
"chr1","189507825","189508116","chr25","19045505","19045795","13","170462320"
"chr1","189511701","189512004","chr25","19041701","19042002","36","170470000"
"chr1","189534360","189534669","chr25","19019998","19020288","37","170514362"
"chr1","189591261","189591567","chr25","18963441","18963748","24","170627820"
"chr1","189626244","189626537","chr25","18927695","18927986","26","170698549"
"chr1","189655670","189655977","chr20","111352130","111352435","34","78303540"
"chr1","189732373","189732664","chr3","30894413","30894707","42","158837960"
"chr1","189835117","189835412","chr25","18719549","18719841","37","171115568"
"chr1","189851891","189852196","chr25","18700617","18700922","29","171151274"
"chr1","189913835","189914144","chr14","1330899","1331208","38","188582936"
"chr1","189963111","189963409","chr4","68915144","68915440","33","121047967"
"chr1","190109377","190109688","chr25","18469977","18470285","34","171639400"
"chr1","190123454","190123790","chr3","12309911","12310239","43","177813543"
"chr1","190171280","190171585","chr11","117269621","117269929","38","72901659"
"chr1","190196900","190197231","chr12","27322155","27322485","39","162874745"
"chr1","190201249","190201522","chr25","18385938","18386221","31","171815311"
"chr1","190298347","190298650","chr28","19188684","19188984","39","171109663"
"chr1","190305756","190306042","chr16","59525991","59526277","39","130779765"
"chr1","190319157","190319467","chr25","18276231","18276542","29","172042926"
"chr1","190345889","190346053","chr4","42236418","42236581","25","148109471"
"chr1","190360332","190360634","chr20","40348843","40349144","33","150011489"
"chr1","190371391","190371698","chr25","18235204","18235512","35","172136187"
"chr1","190393202","190393445","chr10","87553092","87553358","47","102840110"
"chr1","190409687","190409957","chr25","18196839","18197108","16","172212848"
"chr1","190423250","190423535","chr25","18183365","18183662","38","172239885"
"chr1","190439707","190440034","chr25","18166446","18166757","42","172273261"
"chr1","190440038","190440329","chr25","18166151","18166442","31","172273887"
"chr1","190464600","190464909","chr25","18141880","18142188","36","172322720"
"chr1","190468116","190468405","chr19","12777820","12778116","32","177690296"
"chr1","190497271","190497567","chr20","92278612","92278904","37","98218659"
"chr1","190502268","190502578","chr25","18102988","18103303","25","172399280"
"chr1","190515353","190515636","chrX","110056283","110056581","39","80459070"
"chr1","190562802","190563101","chr7","109786882","109787179","39","80775920"
"chr1","190575807","190576113","chr1","15788723","15789022","40","174787084"
"chr1","190578087","190578327","chr9","61704066","61704306","38","128874021"
"chr1","190581217","190581515","chr15","90519589","90519883","39","100061628"
"chr1","190600214","190600502","chr25","18018564","18018857","32","172581650"
"chr1","190602247","190602539","chr25","18016522","18016822","27","172585725"
"chr1","190624526","190624817","chr25","17995163","17995456","26","172629363"
"chr1","190637079","190637178","chr28","3998758","3998851","21","186638321"
"chr1","190637235","190637424","chr2","7551195","7551381","30","183086040"
"chr1","190670894","190671202","chr25","17951135","17951458","48","172719759"
"chr1","190672758","190673054","chr25","17949275","17949574","25","172723483"
"chr1","190677429","190677726","chr25","17944609","17944914","36","172732820"
"chr1","190681185","190681504","chr25","17940241","17940581","46","172740944"
"chr1","190684183","190684364","chr25","17936639","17936804","27","172747544"
"chr1","190700974","190701258","chr25","17920206","17920503","31","172780768"
"chr1","190709020","190709289","chr9","94269646","94269930","37","96439374"
"chr1","190709796","190710091","chr9","101078483","101078778","29","89631313"
"chr1","190724864","190725162","chr25","17895807","17896102","28","172829057"
"chr1","190762110","190762391","chr25","17857987","17858267","27","172904123"
"chr1","190772668","190772979","chr2","87025099","87025405","40","103747569"
"chr1","190798298","190798569","chr25","17823603","17823872","17","172974695"
"chr1","190802946","190803241","chr17","48248911","48249206","46","142554035"
"chr1","190867194","190867496","chr12","106749153","106749457","35","84118041"
"chr1","190894729","190894907","chr25","17736365","17736542","24","173158364"
"chr1","190937700","190938011","chr18","32657487","32657794","38","158280213"
"chr1","190940125","190940415","chr25","17685254","17685560","35","173254871"
"chr1","190944672","190944967","chr25","17680742","17681035","26","173263930"
"chr1","191020980","191021282","chr25","17611777","17612086","31","173409203"
"chr1","191021992","191022289","chr25","17610758","17611068","30","173411234"
"chr1","191026832","191027133","chr25","17606021","17606335","37","173420811"
"chr1","191067756","191068055","chr25","17567371","17567669","29","173500385"
"chr1","191115634","191115938","chrX","23730377","23730681","31","167385257"
"chr1","191118349","191118657","chr12","7368070","7368380","38","183750279"
"chr1","191141413","191141709","chr10","127445580","127445874","36","63695833"
"chr1","191148315","191148611","chrX","17556505","17556807","46","173591810"
"chr1","191156257","191156556","chr16","1283822","1284122","30","189872435"
"chr1","191174177","191174494","chr25","17468590","17468901","33","173705587"
"chr1","191191360","191191665","chr8","10801167","10801476","29","180390193"
"chr1","191236077","191236370","chr5","34264959","34265247","35","156971118"
"chr1","191244008","191244314","chr25","17397864","17398167","24","173846144"
"chr1","191267253","191267565","chr9","28068346","28068653","39","163198907"
"chr1","191292683","191292956","chr4","40204009","40204280","36","151088674"
"chr1","191294658","191294954","chr13","66725191","66725490","37","124569467"
"chr1","191315786","191316090","chr25","17325264","17325563","28","173990522"
"chr1","191318388","191318694","chr25","17323041","17323343","19","173995347"
"chr1","191329433","191329734","chrX","89325492","89325792","58","102003941"
"chr1","191341900","191342141","chr28","8117142","8117379","38","183224758"
"chr1","191367793","191368081","chr25","17273745","17274042","27","174094048"
"chr1","191394857","191395151","chr25","17246375","17246670","18","174148482"
"chr1","191416429","191416729","chr25","17224448","17224750","23","174191981"
"chr1","191425033","191425328","chr25","17215490","17215792","28","174209543"
"chr1","191442522","191442795","chr25","17199213","17199486","20","174243309"
"chr1","191445973","191446271","chr25","17195749","17196051","26","174250224"
"chr1","191466518","191466811","chr25","17173156","17173459","24","174293362"
"chr1","191467060","191467378","chr13","82484690","82485003","50","108982370"
"chr1","191491415","191491710","chr25","17149062","17149365","28","174342353"
"chr1","191521625","191521955","chr12","17505865","17506167","61","174015760"
"chr1","191534920","191535232","chr25","17113394","17113685","38","174421526"
"chr1","191544374","191544683","chr18","32670318","32670621","41","158874056"
"chr1","191548979","191549278","chr25","17092023","17092331","46","174456956"
"chr1","191572901","191573159","chr25","17072384","17072645","28","174500517"
"chr1","191587901","191588213","chr25","17058046","17058359","21","174529855"
"chr1","191590015","191590318","chr3","52310578","52310878","38","139279437"
"chr1","191622637","191622928","chr25","17023728","17024017","25","174598909"
"chr1","191628961","191629269","chr3","37312315","37312619","34","154316646"
"chr1","191658253","191658556","chr25","16989812","16990108","44","174668441"
"chr1","191693699","191693991","chr25","16957494","16957786","23","174736205"
"chr1","191703020","191703326","chr25","16948675","16948973","23","174754345"
"chr1","191738689","191738980","chr25","16914487","16914777","20","174824202"
"chr1","191765251","191765561","chr27","28689785","28690093","41","163075466"
"chr1","191832541","191832846","chr9","94817462","94817759","42","97015079"
"chr1","191837432","191837729","chr25","16822008","16822305","24","175015424"
"chr1","191877207","191877500","chr1","17699624","17699919","38","174177583"
"chr1","191885893","191886199","chr28","12423037","12423338","36","179462856"
"chr1","191893915","191894216","chr24","50833415","50833722","37","141060500"
"chr1","191913958","191914243","chr25","16760427","16760700","31","175153531"
"chr1","191931086","191931391","chr20","89155172","89155473","39","102775914"
"chr1","191932288","191932595","chr25","16741960","16742268","23","175190328"
"chr1","191934215","191934557","chr13","67977277","67977611","55","123956938"
"chr1","191938475","191938735","chrX","29155099","29155368","41","162783376"
"chr1","191939127","191939433","chr11","32401867","32402174","37","159537260"
"chr1","191946333","191946624","chrX","54129280","54129571","37","137817053"
"chr1","191949220","191949517","chr5","50489073","50489372","42","141460147"
"chr1","191969756","191969807","chr16","1950024","1950071","15","190019732"
"chr1","191970433","191970620","chr7","15845768","15845962","40","176124665"
"chr1","191984014","191984298","chr25","16686927","16687211","23","175297087"
"chr1","191994121","191994416","chr25","16676944","16677237","30","175317177"
"chr1","192011369","192011670","chr16","5146243","5146547","43","186865126"
"chr1","192017268","192017571","chr27","47386190","47386486","45","144631078"
"chr1","192033465","192033768","chrX","107607968","107608275","36","84425497"
"chr1","192040050","192040372","chr25","16637689","16638000","40","175402361"
"chr1","192049984","192050278","chr25","16627280","16627580","34","175422704"
"chr1","192067691","192067995","chr25","16610146","16610458","29","175457545"
"chr1","192081196","192081487","chr25","16597647","16597926","34","175483549"
"chr1","192085196","192085476","chr25","16593692","16593979","39","175491504"
"chr1","192094219","192094414","chr28","14904294","14904488","37","177189925"
"chr1","192115692","192115986","chrX","22852905","22853198","36","169262787"
"chr1","192176927","192177066","chr24","39918498","39918649","36","152258429"
"chr1","192189792","192190078","chr25","16507356","16507643","32","175682436"
"chr1","192205324","192205627","chr25","16487805","16488084","42","175717519"
"chr1","192208531","192208830","chr11","120433695","120433990","34","71774836"
"chr1","192210069","192210355","chrX","21614638","21614927","35","170595431"
"chr1","192246750","192247047","chr25","16447365","16447667","31","175799385"
"chr1","192248175","192248436","chr5","60403345","60403611","38","131844830"
"chr1","192305032","192305338","chr25","16388799","16389108","26","175916233"
"chr1","192315062","192315359","chr25","16379113","16379415","28","175935949"
"chr1","192328234","192328544","chr25","16365625","16365932","33","175962609"
"chr1","192333562","192333848","chr16","46958735","46959027","40","145374827"
"chr1","192351851","192352142","chr15","60064319","60064609","40","132287532"
"chr1","192377556","192377852","chr12","64221523","64221820","37","128156033"
"chr1","192386627","192386871","chr9","61704066","61704306","35","130682561"
"chr1","192434571","192434884","chr5","10152405","10152713","35","182282166"
"chr1","192445550","192445856","chr25","16254772","16255088","34","176190778"
"chr1","192460164","192460497","chr8","35854442","35854754","55","156605722"
"chr1","192491203","192491514","chr25","16212877","16213190","40","176278326"
"chr1","192525143","192525454","chr25","16180004","16180311","34","176345139"
"chr1","192629173","192629478","chr25","16079137","16079438","27","176550036"
"chr1","192631939","192632162","chr25","16076535","16076747","24","176555404"
"chr1","192739260","192739536","chr16","58335941","58336218","44","134403319"
"chr1","192784402","192784707","chr10","104045761","104046051","51","88738641"
"chr1","192796453","192796762","chr8","10801167","10801476","38","181995286"
"chr1","192813941","192814228","chr25","15906570","15906857","24","176907371"
"chr1","192900907","192901212","chr25","15820384","15820694","31","177080523"
"chr1","193238296","193238608","chr15","85502186","85502494","43","107736110"
"chr1","193249102","193249396","chr25","15474997","15475300","30","177774105"
"chr1","193269721","193270028","chr8","137564378","137564680","39","55705343"
"chr1","193290349","193290629","chr25","15434976","15435266","27","177855373"
"chr1","193292871","193293169","chr25","15432448","15432749","24","177860423"
"chr1","193334414","193334747","chrX","58793890","58794218","52","134540524"
"chr1","193376700","193377009","chr25","15350728","15351037","28","178025972"
"chr1","193409198","193409503","chr27","12696735","12697042","33","180712463"
"chr1","193420006","193420295","chr18","31347052","31347336","36","162072954"
"chr1","193441006","193441317","chr11","19157960","19158266","37","174283046"
"chr1","193527006","193527291","chr25","15204659","15204944","24","178322347"
"chr1","193548270","193548580","chr6","10201242","10201547","35","183347028"
"chr1","193603851","193604164","chr16","70267268","70267576","38","123336583"
"chr1","193620106","193620418","chr25","15109386","15109697","18","178510720"
"chr1","193633533","193633837","chr1","67026506","67026811","33","126607027"
"chr1","193673160","193673463","chr25","15057236","15057531","27","178615924"
"chr1","193733489","193733799","chr25","14996336","14996640","32","178737153"
"chr1","193751240","193751520","chr25","14979081","14979366","32","178772159"
"chr1","193771081","193771323","chr9","61704066","61704306","35","132067015"
"chr1","193780398","193780694","chr25","14954294","14954591","30","178826104"
"chr1","193786650","193786972","chr25","14946735","14947043","32","178839915"
"chr1","193823490","193823794","chr5","26410686","26410992","35","167412804"
"chr1","193875234","193875536","chr25","14862992","14863296","20","179012242"
"chr1","193907123","193907455","chr25","14828887","14829211","57","179078236"
"chr1","193953967","193954283","chr11","3827344","3827653","51","190126623"
"chr1","193959208","193959520","chr25","14779944","14780255","28","179179264"
"chr1","193987231","193987534","chr9","119963544","119963848","36","74023687"
"chr1","194094927","194095238","chr11","53467296","53467607","35","140627631"
"chr1","194127534","194127849","chr25","14602450","14602746","45","179525084"
"chr1","194146566","194146870","chr25","14583762","14584073","34","179562804"
"chr1","194221857","194222112","chr25","14502187","14502443","20","179719670"
"chr1","194303168","194303479","chr25","14426400","14426705","24","179876768"
"chr1","194325569","194325889","chr14","44330085","44330392","45","149995484"
"chr1","194347165","194347464","chr25","14385235","14385537","29","179961930"
"chr1","194353899","194354218","chr4","71143123","71143440","55","123210776"
"chr1","194355217","194355519","chr25","14377265","14377574","40","179977952"
"chr1","194365021","194365305","chr22","8146738","8147025","34","186218283"
"chr1","194377093","194377398","chr12","26084664","26084963","37","168292429"
"chr1","194497624","194497894","chr22","10659937","10660213","57","183837687"
"chr1","194595118","194595360","chr19","16235990","16236256","61","178359128"
"chr1","194655556","194655854","chr2","83426553","83426851","34","111229003"
"chr1","194720878","194721161","chr25","14014059","14014342","22","180706819"
"chr1","194733803","194734105","chr25","14000127","14000427","31","180733676"
"chr1","194787851","194788144","chr20","77903993","77904291","32","116883858"
"chr1","194790243","194790547","chrX","109057014","109057325","33","85733229"
"chr1","194872690","194872995","chr25","13865618","13865914","27","181007072"
"chr1","194880948","194881253","chr25","13857861","13858163","33","181023087"
"chr1","194888119","194888408","chr25","13851547","13851835","22","181036572"
"chr1","194975316","194975619","chr11","46603458","46603764","38","148371858"
"chr1","195005946","195006110","chr6","18025685","18025834","33","176980261"
"chr1","195061233","195061545","chr24","77343889","77344200","40","117717344"
"chr1","195431192","195431477","chr9","65514695","65514982","36","129916497"
"chr1","195756905","195757202","chr25","13007591","13007894","31","182749314"
"chr1","195786107","195786364","chr5","20211226","20211479","48","175574881"
"chr1","195842503","195842829","chr9","118246671","118246997","46","77595832"
"chr1","195907065","195907307","chr25","12856923","12857177","38","183050142"
"chr1","195908400","195908695","chr8","68803271","68803569","52","127105129"
"chr1","195909589","195909893","chr3","9026672","9026974","36","186882917"
"chr1","195999100","195999392","chr25","12765907","12766187","31","183233193"
"chr1","196004488","196004788","chr2","42586306","42586608","34","153418182"
"chr1","196054908","196055200","chr2","57808934","57809228","37","138245974"
"chr1","196073198","196073489","chr6","30846559","30846851","30","165226639"
"chr1","196077065","196077364","chr25","12687760","12688058","24","183389305"
"chr1","196108780","196109075","chr11","96978397","96978692","40","99130383"
"chr1","196121339","196121627","chr25","12643861","12644153","34","183477478"
"chr1","196230280","196230592","chrX","80468072","80468375","41","115762208"
"chr1","196251206","196251518","chr11","89474543","89474853","34","106776663"
"chr1","196348410","196348716","chr2","35984887","35985192","34","160363523"
"chr1","196384899","196385208","chr12","4808874","4809180","44","191576025"
"chr1","196410440","196410751","chr25","77577751","77578057","35","118832689"
"chr1","196410765","196411072","chr8","81213863","81214170","36","115196902"
"chr1","196483389","196483690","chr28","8356903","8357207","39","188126486"
"chr1","196560740","196561044","chr21","101721372","101721676","41","94839368"
"chr1","196595577","196595885","chrX","107607968","107608275","38","88987609"
"chr1","196610485","196610793","chr25","12155161","12155471","34","184455324"
"chr1","196647874","196648173","chr25","12117418","12117725","31","184530456"
"chr1","196656466","196656777","chr25","12109173","12109484","23","184547293"
"chr1","196675478","196675777","chr22","47251970","47252265","40","149423508"
"chr1","196714021","196714218","chr17","1805314","1805509","28","194908707"
"chr1","196717068","196717377","chr25","12052176","12052483","18","184664892"
"chr1","196788355","196788657","chr9","68902360","68902661","41","127885995"
"chr1","196807868","196808147","chr8","40178442","40178723","42","156629426"
"chr1","196820027","196820322","chr25","11950808","11951105","24","184869219"
"chr1","196827334","196827622","chr25","11943535","11943836","32","184883799"
"chr1","196831325","196831616","chr25","11939429","11939712","31","184891896"
"chr1","196835833","196836129","chr10","104815952","104816251","35","92019881"
"chr1","196837739","196838016","chr25","11932981","11933269","33","184904758"
"chr1","196839560","196839775","chr11","124263168","124263380","33","72576392"
"chr1","196854247","196854556","chr25","11916457","11916765","35","184937790"
"chr1","196874270","196874569","chrX","80468072","80468375","34","116406198"
"chr1","196884345","196884630","chr26","7321068","7321360","38","189563277"
"chr1","196884631","196884931","chr11","100297173","100297471","40","96587458"
"chr1","196898521","196898803","chr25","11883883","11884171","38","185014638"
"chr1","196924800","196925074","chr25","11857654","11857928","17","185067146"
"chr1","196939963","196940261","chrX","23963143","23963438","37","172976820"
"chr1","196958197","196958488","chr25","11823580","11823871","21","185134617"
"chr1","196970614","196970901","chr25","11810376","11810652","30","185160238"
"chr1","196978154","196978449","chr25","11805293","11805588","20","185172861"
"chr1","197099420","197099721","chr11","125459456","125459759","36","71639964"
"chr1","197139550","197139844","chr11","909139","909432","31","196230411"
"chr1","197189815","197190110","chr17","1496079","1496375","33","195693736"
"chr1","197239714","197240032","chr15","4590205","4590519","45","192649509"
"chr1","197365767","197365933","chr17","1665650","1665813","20","195700117"
"chr1","197419626","197419925","chr25","11367346","11367646","31","186052280"
"chr1","197544255","197544562","chr3","9026672","9026974","34","188517583"
"chr1","197565782","197566095","chr5","25945423","25945733","33","171620359"
"chr1","197584639","197584932","chr9","96732866","96733161","32","100851773"
"chr1","197602996","197603304","chr16","8476344","8476649","33","189126652"
"chr1","197622314","197622616","chr14","77442496","77442802","44","120179818"
"chr1","197689389","197689715","chr25","3410279","3410601","46","194279110"
"chr1","197702379","197702694","chr25","11088472","11088790","41","186613907"
"chr1","197790502","197790802","chr25","11006949","11007238","32","186783553"
"chr1","197911200","197911480","chr25","10882846","10883129","35","187028354"
"chr1","197935993","197936306","chr3","78655077","78655389","50","119280916"
"chr1","198044703","198045024","chr2","14154101","14154417","39","183890602"
"chr1","198047763","198048059","chr25","10727711","10728007","23","187320052"
"chr1","198058548","198058853","chr19","28671357","28671669","48","169387191"
"chr1","198216713","198217011","chr5","57651774","57652070","42","140564939"
"chr1","198227188","198227481","chr1","78302491","78302781","40","119924697"
"chr1","198251745","198251915","chr5","52500241","52500403","32","145751504"
"chr1","198478363","198478676","chr25","10298240","10298548","25","188180123"
"chr1","198511653","198511959","chr25","10263996","10264301","19","188247657"
"chr1","198524095","198524331","chr9","61704066","61704306","48","136820029"
"chr1","198636811","198637119","chr24","54753093","54753395","34","143883718"
"chr1","198651079","198651353","chr3","18988954","18989230","41","179662125"
"chr1","198690147","198690439","chr25","10089981","10090248","55","188600166"
"chr1","198717848","198718154","chr25","10061241","10061545","40","188656607"
"chr1","198837950","198838244","chr3","30894413","30894707","30","167943537"
"chr1","198892332","198892638","chr25","9890522","9890829","23","189001810"
"chr1","199086194","199086504","chr25","9676203","9676500","32","189409991"
"chr1","199089641","199089904","chr25","9673141","9673407","25","189416500"
"chr1","199105282","199105573","chr16","26313201","26313493","33","172792081"
"chr1","199150563","199150865","chr21","33289069","33289375","37","165861494"
"chr1","199154022","199154322","chr25","9611005","9611301","22","189543017"
"chr1","199181800","199182097","chr14","9384227","9384530","39","189797573"
"chr1","199194153","199194450","chr12","82795515","82795814","30","116398638"
"chr1","199216025","199216223","chr11","124263168","124263380","50","74952857"
"chr1","199216725","199216987","chr9","15237743","15238010","39","183978982"
"chr1","199228406","199228710","chr1","67026506","67026811","31","132201900"
"chr1","199236719","199237011","chr21","71945259","71945550","33","127291460"
"chr1","199242721","199242925","chr1","113468106","113468306","25","85774615"
"chr1","199249952","199250244","chr25","9508093","9508385","24","189741859"
"chr1","199263148","199263435","chr27","8568552","8568834","29","190694596"
"chr1","199263541","199263799","chr16","3178099","3178363","37","196085442"
"chr1","199267839","199268021","chr14","43295088","43295269","27","155972751"
"chr1","199272862","199273166","chr16","823334","823630","42","198449528"
"chr1","199314584","199314881","chr25","9433892","9434197","32","189880692"
"chr1","199323783","199324066","chr6","6466314","6466602","41","192857469"
"chr1","199374803","199375080","chr28","3858968","3859255","35","195515835"
"chr1","199382123","199382412","chr25","9366520","9366810","25","190015603"
"chr1","199428810","199429116","chr6","12401547","12401851","42","187027263"
"chr1","199437595","199437895","chr3","30109678","30109978","39","169327917"
"chr1","199495989","199496298","chr9","26175794","26176100","39","173320195"
"chr1","199497341","199497640","chr7","1645711","1646010","35","197851630"
"chr1","199507682","199507993","chr25","25629089","25629399","29","173878593"
"chr1","199560556","199560857","chr12","25483844","25484154","45","174076712"
"chr1","199576567","199576876","chr9","564113","564424","32","199012454"
"chr1","199651810","199652085","chr8","7999730","8000000","47","191652080"
"chr1","199653701","199654017","chr17","70166834","70167147","42","129486867"
"chr1","199662012","199662310","chr11","71506740","71507037","32","128155272"
"chr1","199664104","199664401","chr25","9105985","9106295","31","190558119"
"chr1","199720908","199721217","chr25","9048756","9049073","34","190672152"
"chr1","199764572","199764867","chr25","9009493","9009790","21","190755079"
"chr1","199772119","199772425","chr1","12403657","12403947","54","187368462"
"chr1","199848302","199848582","chr26","9996878","9997154","36","189851424"
"chr1","199925936","199926228","chr25","8841839","8842136","30","191084097"
"chr1","199996424","199996725","chr25","8759514","8759810","31","191236910"
"chr1","200036762","200037072","chr14","105709493","105709801","45","94327269"
"chr1","200099158","200099451","chr20","94013994","94014282","31","106085164"
"chr1","200209937","200210096","chr6","35165163","35165319","22","165044774"
"chr1","200309001","200309292","chr25","8444041","8444333","32","191864960"
"chr1","200380219","200380502","chr17","28764095","28764380","32","171616124"
"chr1","200438312","200438534","chr25","8317088","8317303","25","192121224"
"chr1","200444118","200444420","chr11","96978397","96978692","40","103465721"
"chr1","200759974","200760279","chr25","7995194","7995491","51","192764780"
"chr1","200804048","200804339","chr24","33830310","33830610","46","166973738"
"chr1","200809090","200809404","chr20","121737703","121738004","47","79071387"
"chr1","200884036","200884334","chr25","7880679","7880976","29","193003357"
"chr1","201097202","201097527","chr25","7674694","7674994","46","193422508"
"chr1","201130510","201130820","chr25","7641382","7641684","31","193489128"
"chr1","201231052","201231353","chr25","7539637","7539934","39","193691415"
"chr1","201430747","201431005","chr10","10615495","10615769","60","190815252"
"chr1","201441076","201441375","chr25","7322972","7323275","35","194118104"
"chr1","201477097","201477386","chr25","7284964","7285250","28","194192133"
"chr1","201532356","201532638","chrX","1052","1331","32","201531304"
"chr1","201540327","201540635","chr17","30396991","30397301","32","171143336"
"chr1","201748832","201749125","chr16","4650249","4650543","41","197098583"
"chr1","201770844","201771067","chr11","124263168","124263380","48","77507676"
"chr1","201776484","201776784","chr21","3046951","3047246","31","198729533"
"chr1","201777528","201777812","chr14","12937978","12938261","40","188839550"
"chr1","201779960","201780260","chr21","3026315","3026608","33","198753645"
"chr1","201797105","201797397","chr1","6789004","6789293","45","195008101"
"chr1","201838631","201838943","chr25","6999656","6999968","20","194838975"
"chr1","201853425","201853714","chr25","6984577","6984883","35","194868848"
"chr1","201891408","201891678","chr21","2245147","2245410","42","199646261"
"chr1","201964039","201964348","chr13","67590734","67591047","30","134373305"
"chr1","201988207","201988503","chr7","38167351","38167646","40","163820856"
"chr1","202010740","202011048","chr12","96961950","96962253","48","105048790"
"chr1","202038903","202039209","chr25","6800765","6801069","24","195238138"
"chr1","202077466","202077784","chr1","67026506","67026811","39","135050960"
"chr1","202087319","202087611","chr18","60499152","60499448","42","141588167"
"chr1","202089355","202089655","chr25","6752208","6752507","28","195337147"
"chr1","202093255","202093562","chr25","6748296","6748606","29","195344959"
"chr1","202108010","202108304","chr16","45636697","45636993","35","156471313"
"chr1","202166282","202166593","chr25","6666797","6667105","35","195499485"
"chr1","202171451","202171770","chr5","57847414","57847739","59","144324037"
"chr1","202321827","202322116","chr25","6517826","6518115","19","195804001"
"chr1","202344268","202344574","chrX","35558526","35558832","37","166785742"
"chr1","202348728","202349027","chr10","113426275","113426570","45","88922453"
"chr1","202462887","202463176","chr25","6409722","6410019","33","196053165"
"chr1","202709663","202709973","chr25","6169844","6170151","32","196539819"
"chr1","202800009","202800312","chr12","106749153","106749457","35","96050856"
"chr1","202860669","202860941","chr25","6018254","6018535","27","196842415"
"chr1","202867597","202867900","chr1","68742662","68742962","31","134124935"
"chr1","202948788","202949056","chr5","54743053","54743322","40","148205735"
"chr1","202971580","202971874","chr25","5956760","5957051","30","197014820"
"chr1","202976267","202976578","chr16","8476344","8476649","35","194499923"
"chr1","202985144","202985456","chr25","5943065","5943363","41","197042079"
"chr1","202993649","202993946","chr25","5934632","5934932","22","197059017"
"chr1","202994479","202994791","chr25","5933753","5934066","42","197060726"
"chr1","203004392","203004680","chr25","5921015","5921311","24","197083377"
"chr1","203007288","203007580","chr25","5925843","5926137","21","197081445"
"chr1","203012682","203012995","chr25","5919027","5919331","39","197093655"
"chr1","203020778","203021078","chr25","5911085","5911388","33","197109693"
"chr1","203025610","203025898","chr25","5906004","5906301","34","197119606"
"chr1","203033273","203033576","chr25","5898365","5898672","38","197134908"
"chr1","203049283","203049587","chr24","69859681","69859985","34","133189602"
"chr1","203122506","203122802","chr16","72650947","72651238","29","130471559"
"chr1","203123532","203123840","chr2","39182421","39182732","38","163941111"
"chr1","203132155","203132437","chr25","5802250","5802538","31","197329905"
"chr1","203133067","203133366","chr25","5801315","5801620","25","197331752"
"chr1","203169453","203169751","chr25","5765144","5765433","26","197404309"
"chr1","203177218","203177511","chr25","5757547","5757831","44","197419671"
"chr1","203221806","203222113","chr25","5712731","5713027","39","197509075"
"chr1","203231111","203231382","chr25","5705242","5705489","43","197525869"
"chr1","203232144","203232442","chr25","5704148","5704448","33","197527996"
"chr1","203240697","203240928","chr20","52387073","52387303","36","150853624"
"chr1","203246618","203246899","chr25","5693750","5694042","55","197552868"
"chr1","203257139","203257450","chr2","80261510","80261816","41","122995629"
"chr1","203271019","203271303","chr25","5669180","5669476","31","197601839"
"chr1","203281791","203282031","chr9","61704066","61704306","45","141577725"
"chr1","203289910","203290162","chr25","5652956","5653206","26","197636954"
"chr1","203290828","203291117","chr25","5652031","5652326","30","197638797"
"chr1","203291724","203292025","chr25","5651108","5651416","30","197640616"
"chr1","203297210","203297498","chr25","5647367","5647654","35","197649843"
"chr1","203297762","203298067","chr25","5646800","5647103","27","197650962"
"chr1","203302447","203302720","chr2","12092285","12092570","38","191210162"
"chr1","203309509","203309821","chr25","5634388","5634687","38","197675121"
"chr1","203330317","203330626","chr25","5613178","5613487","26","197717139"
"chr1","203334549","203334854","chr25","5609330","5609635","24","197725219"
"chr1","203338866","203339171","chr5","43308878","43309187","40","160029988"
"chr1","203346841","203347155","chr25","5604086","5604393","38","197742755"
"chr1","203349245","203349556","chrX","55614482","55614787","44","147734763"
"chr1","203350254","203350533","chr15","19599404","19599666","52","183750850"
"chr1","203351776","203352076","chr25","5595570","5595856","32","197756206"
"chr1","203355805","203356098","chr1","84920650","84920946","36","118435155"
"chr1","203363155","203363465","chr15","16738396","16738699","42","186624759"
"chr1","203369699","203370002","chr25","5578857","5579157","31","197790842"
"chr1","203372538","203372834","chr25","5576023","5576314","24","197796515"
"chr1","203391359","203391647","chr25","5557000","5557296","35","197834359"
"chr1","203406656","203406962","chr25","77882685","77882988","31","125523971"
"chr1","203432142","203432421","chr25","5518299","5518586","33","197913843"
"chr1","203438155","203438431","chr20","85044655","85044931","38","118393500"
"chr1","203440684","203440986","chr25","5509820","5510133","32","197930864"
"chr1","203443797","203444088","chr6","47913178","47913472","43","155530619"
"chr1","203445692","203445991","chr25","5504683","5504967","33","197941009"
"chr1","203477622","203477930","chr4","70734906","70735211","34","132742716"
"chr1","203482491","203482786","chr27","11355270","11355564","30","192127221"
"chr1","203489133","203489424","chr25","5465557","5465854","28","198023576"
"chr1","203509979","203510269","chr1","67937430","67937722","39","135572549"
"chr1","203515362","203515630","chr25","5439744","5440012","21","198075618"
"chr1","203518703","203518999","chr25","5436352","5436658","32","198082351"
"chr1","203540907","203541215","chr25","5404672","5404956","40","198136235"
"chr1","203542487","203542785","chr12","63962265","63962564","39","139580222"
"chr1","203555102","203555399","chr25","5394199","5394490","32","198160903"
"chr1","203574816","203575123","chr17","55774424","55774732","40","147800392"
"chr1","203597199","203597499","chr27","24858553","24858850","33","178738646"
"chr1","203633351","203633650","chr6","41738554","41738850","39","161894797"
"chr1","203663869","203664193","chr28","17396608","17396918","44","186267261"
"chr1","203745155","203745454","chr25","5194353","5194650","28","198550802"
"chr1","203746814","203747120","chr25","5191554","5191857","27","198555260"
"chr1","203823605","203823847","chr8","24734586","24734834","40","179089019"
"chr1","203904969","203905274","chr3","9026672","9026974","40","194878297"
"chr1","203920119","203920412","chr2","65566388","65566688","26","138353731"
"chr1","203932940","203933245","chr25","4997201","4997492","37","198935739"
"chr1","204053112","204053404","chr26","51233503","51233801","36","152819609"
"chr1","204093940","204094237","chr6","24660406","24660700","45","179433534"
"chr1","204160809","204160981","chr5","21704417","21704589","28","182456392"
"chr1","204258101","204258393","chr6","33908236","33908526","38","170349865"
"chr1","204279229","204279542","chr25","4665239","4665548","31","199613990"
"chr1","204325596","204325908","chr10","123801741","123802047","37","80523855"
"chr1","204422383","204422678","chr25","4512500","4512795","27","199909883"
"chr1","204457958","204458258","chr25","4470736","4471015","33","199987222"
"chr1","204485489","204485798","chr25","4443883","4444194","30","200041606"
"chr1","204544150","204544451","chr24","67726643","67726935","41","136817507"
"chr1","204551776","204552057","chr25","4365414","4365716","38","200186362"
"chr1","204649698","204649941","chrX","22571826","22572066","37","182077872"
"chr1","204657583","204657878","chr25","4267233","4267528","23","200390350"
"chr1","204736328","204736573","chr25","4190906","4191162","40","200545422"
"chr1","204764625","204764934","chr8","7114217","7114516","43","197650408"
"chr1","204768638","204768942","chr9","6385675","6385976","36","198382963"
"chr1","204776811","204777107","chr11","96978397","96978692","29","107798414"
"chr1","204779704","204779999","chr20","109477150","109477446","34","95302554"
"chr1","204783622","204783919","chr1","7161045","7161340","35","197622577"
"chr1","204786941","204787220","chr25","4136278","4136554","23","200650663"
"chr1","204794800","204795097","chr3","76925240","76925540","41","127869560"
"chr1","204820293","204820582","chr25","4103681","4103981","36","200716612"
"chr1","204825945","204826110","chr25","4098024","4098183","22","200727921"
"chr1","204830052","204830345","chr14","97964006","97964293","39","106866046"
"chr1","204836174","204836460","chrX","8209081","8209373","40","196627093"
"chr1","204837905","204838181","chrX","105370767","105371041","36","99467138"
"chr1","204840617","204840918","chr25","4085136","4085428","25","200755481"
"chr1","204852762","204853067","chr25","4072865","4073174","32","200779897"
"chr1","204854798","204855124","chr25","4069095","4069398","44","200785703"
"chr1","204880349","204880652","chr25","4043335","4043637","28","200837014"
"chr1","204906043","204906355","chr5","14267334","14267638","37","190638709"
"chr1","204911453","204911764","chr25","4014692","4015002","28","200896761"
"chr1","204921686","204921988","chr25","4004488","4004792","27","200917198"
"chr1","204953487","204953779","chr20","97878163","97878457","32","107075324"
"chr1","204997596","204997890","chr25","3938889","3939183","25","201058707"
"chr1","205005286","205005590","chr25","3932120","3932419","23","201073166"
"chr1","205009040","205009343","chr2","63213955","63214255","32","141795085"
"chr1","205020327","205020623","chr25","3917955","3918252","18","201102372"
"chr1","205042650","205042948","chr25","3895268","3895556","31","201147382"
"chr1","205059405","205059712","chr25","3878802","3879090","39","201180603"
"chr1","205061395","205061721","chr25","3877109","3877441","36","201184286"
"chr1","205064088","205064407","chr25","3874458","3874772","33","201189630"
"chr1","205065494","205065806","chr2","5914047","5914349","47","199151447"
"chr1","205071011","205071324","chr25","3867600","3867906","32","201203411"
"chr1","205072571","205072903","chr5","74508784","74509109","44","130563787"
"chr1","205081173","205081483","chr25","3857569","3857878","24","201223604"
"chr1","205095147","205095451","chr28","15638743","15639049","35","189456404"
"chr1","205102760","205103063","chr18","5623280","5623580","45","199479480"
"chr1","205106621","205106822","chr23","41306689","41306886","35","163799932"
"chr1","205115147","205115451","chr25","3823763","3824066","25","201291384"
"chr1","205120310","205120600","chr1","7539223","7539511","45","197581087"
"chr1","205132108","205132392","chr19","21551462","21551741","40","183580646"
"chr1","205137318","205137616","chr28","19188684","19188984","25","185948634"
"chr1","205144218","205144529","chr25","3801494","3801804","31","201342724"
"chr1","205163484","205163779","chr20","77903993","77904291","33","127259491"
"chr1","205166841","205167128","chr25","3781222","3781520","28","201385619"
"chr1","205176170","205176391","chr26","19753085","19753324","57","185423085"
"chr1","205179283","205179574","chr16","62764099","62764400","38","142415184"
"chr1","205182559","205182868","chr20","9169732","9170041","31","196012827"
"chr1","205190669","205190956","chr7","111567460","111567746","28","93623209"
"chr1","205195616","205195926","chrX","70570673","70570984","38","134624943"
"chr1","205196249","205196531","chr25","3755474","3755755","24","201440775"
"chr1","205197814","205198119","chr25","3754632","3754937","27","201443182"
"chr1","205198274","205198457","chr16","2204787","2204985","48","202993487"
"chr1","205199104","205199349","chr25","3753665","3753901","23","201445439"
"chr1","205203736","205204040","chr25","3745518","3745820","19","201458218"
"chr1","205213241","205213525","chr24","50182514","50182804","40","155030727"
"chr1","205230950","205231245","chr25","84030367","84030663","24","121200583"
"chr1","205231872","205232060","chrX","116310649","116310799","64","88921223"
"chr1","205260025","205260335","chr25","3681307","3681618","20","201578718"
"chr1","205266115","205266307","chr16","53256115","53256293","29","152010000"
"chr1","205266542","205266853","chr25","3677623","3677934","30","201588919"
"chr1","205293202","205293499","chr25","3656676","3656965","36","201636526"
"chr1","205300108","205300390","chr25","3650523","3650791","34","201649585"
"chr1","205305343","205305642","chr26","53553125","53553420","39","151752218"
"chr1","205315394","205315687","chr6","7506115","7506404","43","197809279"
"chr1","205318041","205318354","chr15","3109017","3109324","37","202209024"
"chr1","205337978","205338272","chr25","3613324","3613615","20","201724654"
"chr1","205366344","205366641","chr5","561924","562220","37","204804420"
"chr1","205368866","205369030","chr25","3582942","3583105","10","201785924"
"chr1","205378483","205378788","chr25","3574162","3574457","26","201804321"
"chr1","205381791","205382116","chr19","24923643","24923933","66","180458148"
"chr1","205384976","205385272","chr25","3565539","3565830","37","201819437"
"chr1","205391775","205392014","chr6","39808614","39808861","36","165583161"
"chr1","205407060","205407362","chr25","3543274","3543572","28","201863786"
"chr1","205408264","205408432","chr6","3480379","3480542","20","201927885"
"chr1","205408996","205409069","chr8","96027154","96027227","11","109381842"
"chr1","205432946","205433243","chr14","12505287","12505584","31","192927659"
"chr1","205435298","205435576","chr20","111932595","111932868","41","93502703"
"chr1","205435612","205435916","chr6","10201242","10201547","38","195234370"
"chr1","205441188","205441435","chr20","119581892","119582146","43","85859296"
"chr1","205452097","205452386","chr25","3488545","3488831","30","201963552"
"chr1","205457873","205458189","chr25","3482748","3483064","21","201975125"
"chr1","205460287","205460596","chr12","18778811","18779119","36","186681476"
"chr1","205460681","205460980","chr15","90519589","90519883","39","114941092"
"chr1","205464643","205464946","chr16","62764099","62764400","26","142700544"
"chr1","205465759","205466057","chr25","3478350","3478627","53","201987409"
"chr1","205466528","205466826","chr25","3477564","3477860","17","201988964"
"chr1","205482086","205482405","chr2","65319575","65319883","53","140162511"
"chr1","205488826","205489129","chr5","21911716","21912023","33","183577110"
"chr1","205497008","205497312","chr5","57816765","57817061","39","147680243"
"chr1","205503575","205503861","chr25","3445731","3446025","33","202057844"
"chr1","205523972","205524264","chr17","1496079","1496375","37","204027893"
"chr1","205613192","205613364","chr6","3480379","3480542","26","202132813"
"chr1","205624562","205624889","chr9","118246671","118246997","39","87377891"
"chr1","205630014","205630311","chr11","59657536","59657833","37","145972478"
"chr1","205652379","205652681","chr20","61543761","61544065","41","144108618"
"chr1","205743340","205743513","chr25","3194173","3194341","19","202549167"
"chr1","205887825","205888123","chr19","22492400","22492696","33","183395425"
"chr1","205892871","205893178","chr8","10801167","10801476","34","195091704"
"chr1","205901489","205901794","chr25","3033631","3033935","22","202867858"
"chr1","205918756","205919065","chr25","3016307","3016620","25","202902449"
"chr1","205934363","205934674","chr6","5224728","5225035","35","200709635"
"chr1","205937903","205938148","chr16","31906139","31906391","41","174031764"
"chr1","205955243","205955550","chr6","29948351","29948654","37","176006892"
"chr1","205956456","205956761","chr25","2985458","2985768","26","202970998"
"chr1","205961276","205961570","chr6","9472259","9472556","38","196489017"
"chr1","206018408","206018717","chr6","28413300","28413612","36","177605108"
"chr1","206030251","206030563","chr16","45212750","45213054","44","160817501"
"chr1","206065608","206065898","chr2","39175459","39175740","46","166890149"
"chr1","206101601","206101817","chr11","124263168","124263380","34","81838433"
"chr1","206113575","206113867","chr25","2837512","2837826","49","203276063"
"chr1","206131426","206131734","chr15","56343079","56343396","36","149788347"
"chr1","206150475","206150771","chr14","78721427","78721729","33","127429048"
"chr1","206309769","206310079","chr25","2646192","2646498","30","203663577"
"chr1","206356971","206357274","chr25","2602123","2602432","39","203754848"
"chr1","206394054","206394361","chr25","2569711","2570005","36","203824343"
"chr1","206406338","206406637","chr25","2559963","2560266","41","203846375"
"chr1","206411377","206411675","chr25","2554981","2555278","34","203856396"
"chr1","206422803","206423085","chr25","2543240","2543521","29","203879563"
"chr1","206436085","206436375","chr25","2527429","2527711","27","203908656"
"chr1","206446656","206446959","chr6","7942419","7942718","39","198504237"
"chr1","206452783","206453088","chr17","39099892","39100198","30","167352891"
"chr1","206494825","206495128","chr20","77903993","77904291","36","128590832"
"chr1","206524809","206525006","chr17","38823537","38823742","38","167701272"
"chr1","206533722","206534016","chr4","52351346","52351638","33","154182376"
"chr1","206536410","206536699","chr25","2434878","2435173","39","204101532"
"chr1","206578134","206578420","chrX_KE148121v1_random","21503","21801","37","206556631"
"chr1","206582723","206583013","chr25","2390089","2390394","32","204192634"
"chr1","206609055","206609358","chr1","67026506","67026811","25","139582549"
"chr1","206614280","206614584","chr25","2357369","2357672","16","204256911"
"chr1","206639922","206640214","chr27","11355270","11355564","28","195284652"
"chr1","206648917","206649219","chr25","2318898","2319200","25","204330019"
"chr1","206653243","206653543","chr25","2314194","2314504","30","204339049"
"chr1","206688016","206688303","chr25","2274562","2274853","25","204413454"
"chr1","206799407","206799719","chr25","2101275","2101583","36","204698132"
"chr1","206804117","206804404","chr25","2096589","2096871","25","204707528"
"chr1","206845649","206845958","chr25","1998341","1998647","32","204847308"
"chr1","206921711","206922007","chr25","1912474","1912760","28","205009237"
"chr1","206932714","206933021","chr25","1900832","1901144","34","205031882"
"chr1","207069509","207069820","chr25","1770529","1770848","36","205298980"
"chr1","207170352","207170654","chr25","1698788","1699095","36","205471564"
"chr1","207173328","207173663","chr24","40396858","40397185","50","166776470"
"chr1","207223008","207223316","chr25","1645963","1646266","22","205577045"
"chr1","207279536","207279845","chr25","1593451","1593760","20","205686085"
"chr1","207282746","207283046","chr25","1590260","1590550","35","205692486"
"chr1","207284099","207284393","chrX","111740906","111741198","39","95543193"
"chr1","207334998","207335308","chr25","1543971","1544281","21","205791027"
"chr1","207337885","207338130","chr4","47594592","47594843","38","159743293"
"chr1","207411795","207412099","chr25","1469800","1470104","17","205941995"
"chr1","207508699","207508996","chr24","81534444","81534741","33","125974255"
"chr1","207556240","207556533","chr25","1326122","1326414","25","206230118"
"chr1","207584135","207584431","chrX","43763510","43763807","35","163820625"
"chr1","207608825","207609147","chr1","90929","91231","51","207517896"
"chr1","207636113","207636417","chr25","1255665","1255969","23","206380448"
"chr1","207672156","207672367","chr14","66579011","66579235","52","141093145"
"chr1","207760017","207760188","chr14","78421768","78421943","34","129338249"
"chr1","207771418","207771724","chr25","65975390","65975695","18","141796028"
"chr1","207820592","207820884","chr25","66023247","66023543","28","141797345"
"chr1","207913789","207914084","chr25","66113198","66113495","24","141800591"
"chr1","207978611","207978901","chr12","88835225","88835515","41","119143386"
"chr1","207998367","207998676","chr20","88200334","88200641","37","119798033"
"chr1","208007207","208007518","chr25","66196762","66197070","26","141810445"
"chr1","208084883","208085171","chr7","111815549","111815836","37","96269334"
"chr1","208208027","208208306","chr18","32066046","32066321","38","176141981"
"chr1","208220326","208220620","chr1","67937430","67937722","39","140282896"
"chr1","208300812","208301109","chr25","66475300","66475596","26","141825512"
"chr1","208310770","208311065","chr25","66483636","66483930","25","141827134"
"chr1","208316014","208316299","chr9","13930273","13930556","43","194385741"
"chr1","208357639","208357954","chr1","77129298","77129607","50","131228341"
"chr1","208360337","208360641","chr28","19188684","19188984","27","189171653"
"chr1","208364599","208364896","chr21","103835760","103836040","41","104528839"
"chr1","208420025","208420315","chr16","15258476","15258757","40","193161549"
"chr1","208421114","208421388","chr14","45404891","45405174","33","163016223"
"chr1","208448765","208449056","chr25","66615292","66615585","28","141833473"
"chr1","208463351","208463627","chr25","66635306","66635585","25","141828045"
"chr1","208480943","208481239","chr25","66652778","66653072","28","141828165"
"chr1","208520256","208520339","chr24","67120222","67120280","36","141400034"
"chr1","208521008","208521124","chr20","43846209","43846328","14","164674799"
"chr1","208540903","208541212","chr25","66707013","66707324","27","141833890"
"chr1","208541717","208542002","chr5","22060727","22061008","29","186480990"
"chr1","208545747","208546053","chr25","66711894","66712208","31","141833853"
"chr1","208553882","208554186","chr25","66718526","66718827","22","141835356"
"chr1","208573269","208573467","chr11","124263168","124263380","61","84310101"
"chr1","208629189","208629483","chr25","66794847","66795141","25","141834342"
"chr1","208637479","208637614","chr21","38348154","38348307","35","170289325"
"chr1","208667298","208667589","chr6","17721519","17721809","33","190945779"
"chr1","208674132","208674446","chr1","21523882","21524191","48","187150250"
"chr1","208683238","208683541","chr2","5914047","5914349","38","202769191"
"chr1","208698032","208698328","chr20","89155172","89155473","35","119542860"
"chr1","208739456","208739755","chr11","6429844","6430143","35","202309612"
"chr1","208750207","208750501","chr25","66911594","66911887","28","141838613"
"chr1","208755655","208755950","chr25","66917103","66917402","22","141838552"
"chr1","208757121","208757425","chr3","9026672","9026974","32","199730449"
"chr1","208760447","208760740","chrX","22852905","22853198","30","185907542"
"chr1","208796378","208796677","chr20","109477150","109477446","31","99319228"
"chr1","208798098","208798399","chr6","46337801","46338105","45","162460297"
"chr1","208806585","208806874","chr25","66957621","66957922","34","141848964"
"chr1","208876728","208877037","chr25","55181012","55181316","39","153695716"
"chr1","208905237","208905537","chr25","67050131","67050426","40","141855106"
"chr1","208907501","208907797","chr25","67052391","67052682","25","141855110"
"chr1","208938900","208939197","chr25","67088606","67088889","36","141850294"
"chr1","208950483","208950769","chr25","67100246","67100532","28","141850237"
"chr1","208955463","208955769","chr25","67103789","67104091","34","141851674"
"chr1","209026153","209026441","chr3","76434078","76434351","49","132592075"
"chr1","209053701","209053993","chrX","110056283","110056581","33","98997418"
"chr1","209121191","209121479","chr1","63901903","63902189","33","145219288"
"chr1","209172628","209172914","chr8","13364337","13364626","45","195808291"
"chr1","209183231","209183539","chr10","123801741","123802047","29","85381490"
"chr1","209208623","209208931","chrX","23555974","23556282","35","185652649"
"chr1","209242380","209242696","chr2","18120742","18121050","44","191121638"
"chr1","209270561","209270819","chr2","61086711","61086969","36","148183850"
"chr1","209290288","209290574","chrX_KE148108v1_random","5035462","5035749","31","204254826"
"chr1","209314667","209314977","chr12","30192359","30192665","50","179122308"
"chr1","209334009","209334323","chr11","4422956","4423267","40","204911053"
"chr1","209367577","209367872","chr25","67517246","67517544","23","141850331"
"chr1","209394582","209394876","chr25","67544061","67544364","27","141850521"
"chr1","209413489","209413783","chr25","67560422","67560724","35","141853067"
"chr1","209417297","209417600","chr2","43984394","43984686","52","165432903"
"chr1","209417607","209417898","chr15","4942661","4942952","35","204474946"
"chr1","209469760","209470063","chr25","67621233","67621531","32","141848527"
"chr1","209474000","209474294","chr1","67937430","67937722","32","141536570"
"chr1","209485700","209485998","chrX","43907476","43907773","32","165578224"
"chr1","209546345","209546624","chr25","67693079","67693363","20","141853266"
"chr1","209548926","209549233","chr25","67695672","67695982","24","141853254"
"chr1","209554821","209555126","chr23","57317542","57317849","36","152237279"
"chr1","209600285","209600590","chr25","67742018","67742323","26","141858267"
"chr1","209624511","209624801","chr25","67766988","67767276","31","141857523"
"chr1","209704188","209704485","chr1","103620650","103620948","43","106083538"
"chr1","209750011","209750318","chr16","70267268","70267576","28","139482743"
"chr1","209812683","209812961","chr25","67960205","67960496","37","141852478"
"chr1","209817634","209817796","chr23","79838641","79838798","28","129978993"
"chr1","209860533","209860824","chr25","68014949","68015245","29","141845584"
"chr1","209863801","209864098","chr16","11518783","11519084","36","198345018"
"chr1","209908862","209909168","chr25","68061711","68062011","38","141847151"
"chr1","209950547","209950853","chr1","109009227","109009529","41","100941320"
"chr1","210006892","210007194","chr27","25166790","25167092","28","184840102"
"chr1","210053039","210053336","chr25","68202850","68203148","32","141850189"
"chr1","210166134","210166429","chr16","58451423","58451719","41","151714711"
"chr1","210167516","210167809","chr25","68317688","68317983","32","141849828"
"chr1","210170379","210170682","chr2","13853232","13853536","34","196317147"
"chr1","210201606","210201898","chr17","29719352","29719647","33","180482254"
"chr1","210210990","210211281","chr16","72650947","72651238","30","137560043"
"chr1","210222555","210222853","chr25","68367624","68367927","31","141854931"
"chr1","210236485","210236798","chr25","68381245","68381554","32","141855240"
"chr1","210326570","210326879","chr25","68478272","68478583","28","141848298"
"chr1","210370256","210370515","chr25","68521362","68521628","27","141848894"
"chr1","210380256","210380433","chrX_KE148111v1_random","128290","128466","29","210251966"
"chr1","210381075","210381371","chr6","50066742","50067036","40","160314333"
"chr1","210407277","210407513","chr9","61704066","61704306","46","148703211"
"chr1","210407514","210407697","chr23","79066567","79066741","24","131340947"
"chr1","210412164","210412426","chr14","81385490","81385752","38","129026674"
"chr1","210414267","210414521","chr8","117825876","117826139","53","92588391"
"chr1","210420975","210421241","chr25","68577183","68577451","11","141843792"
"chr1","210439431","210439729","chr15","30750310","30750614","39","179689121"
"chr1","210447420","210447723","chr20","51916057","51916364","42","158531363"
"chr1","210452780","210453082","chr6","10719654","10719956","41","199733126"
"chr1","210455163","210455414","chr25","68591208","68591467","36","141863955"
"chr1","210457492","210457787","chr25","68593525","68593820","28","141863967"
"chr1","210514057","210514369","chr6","12786852","12787164","41","197727205"
"chr1","210554163","210554423","chr6","42849804","42850061","32","167704359"
"chr1","210555280","210555583","chr2","13355109","13355411","41","197200171"
"chr1","210564027","210564333","chr25","68697908","68698204","43","141866119"
"chr1","210607376","210607603","chr9","61704066","61704306","50","148903310"
"chr1","210615803","210616102","chr25","68743347","68743646","29","141872456"
"chr1","210663384","210663550","chr6","3480379","3480542","23","207183005"
"chr1","210684670","210684964","chr25","68811770","68812053","43","141872900"
"chr1","210709630","210709992","chr25","68837773","68838095","59","141871857"
"chr1","210786693","210786994","chr5","75252736","75253037","38","135533957"
"chr1","210801833","210801998","chr12","79290241","79290408","22","131511592"
"chr1","210880417","210880721","chr25","69002665","69002964","19","141877752"
"chr1","210931420","210931715","chr11","96978397","96978692","32","113953023"
"chr1","210987862","210988146","chr23","68987067","68987349","33","142000795"
"chr1","210996706","210997002","chr25","69109973","69110270","32","141886733"
"chr1","211028675","211028976","chr25","69139836","69140139","39","141888839"
"chr1","211164223","211164517","chr20","122358024","122358323","29","88806199"
"chr1","211181373","211181671","chr25","69277068","69277357","29","141904305"
"chr1","211295949","211296261","chr5","43308878","43309187","38","167987071"
"chr1","211357694","211357936","chr11","115540222","115540445","47","95817472"
"chr1","211358640","211358967","chr25","69444859","69445151","56","141913781"
"chr1","211484107","211484411","chr25","69567975","69568270","32","141916132"
"chr1","211519774","211520091","chr14","96870853","96871170","42","114648921"
"chr1","211526634","211526914","chr25","69607472","69607759","34","141919162"
"chr1","211628009","211628296","chr25","69705610","69705897","20","141922399"
"chr1","211664246","211664574","chr25","69742248","69742559","41","141921998"
"chr1","211666231","211666559","chr27","24621159","24621494","61","187045072"
"chr1","211703912","211704123","chr2","33468575","33468791","30","178235337"
"chr1","211812376","211812613","chr10","54252318","54252559","34","157560058"
"chr1","211840824","211841135","chr17","19797186","19797495","37","192043638"
"chr1","211859442","211859738","chr2","36767686","36767987","41","175091756"
"chr1","211909079","211909391","chr9","112420914","112421211","43","99488165"
"chr1","211917025","211917338","chrX","107607968","107608275","51","104309057"
"chr1","211965451","211965745","chr25","70041117","70041412","24","141924334"
"chr1","212076828","212077023","chr5","53758136","53758337","28","158318692"
"chr1","212078595","212078910","chr8","35854442","35854754","45","176224153"
"chr1","212139390","212139656","chr9","44980829","44981096","39","167158561"
"chr1","212151019","212151328","chr25","70221252","70221547","46","141929767"
"chr1","212281153","212281479","chr20","103593370","103593683","53","108687783"
"chr1","212305833","212306141","chr2","36626353","36626658","35","175679480"
"chr1","212349708","212349965","chr19","16571761","16572011","37","195777947"
"chr1","212350538","212350839","chr16","42267093","42267397","27","170083445"
"chr1","212360043","212360335","chr25","70422153","70422444","25","141937890"
"chr1","212413099","212413407","chr25","70476559","70476858","28","141936540"
"chr1","212458614","212458926","chr25","70521321","70521631","25","141937293"
"chr1","212459698","212460002","chr6","18405720","18406025","41","194053978"
"chr1","212460031","212460342","chr25","73296177","73296486","46","139163854"
"chr1","212462273","212462565","chr17","37399586","37399871","41","175062687"
"chr1","212468990","212469303","chr25","70531637","70531948","30","141937353"
"chr1","212480239","212480544","chr25","70542543","70542844","22","141937696"
"chr1","212487142","212487421","chr25","70549657","70549934","21","141937485"
"chr1","212509637","212509921","chr25","70568904","70569191","20","141940733"
"chr1","212514531","212514859","chr25","70574110","70574426","55","141940421"
"chr1","212519549","212519848","chr1","9967077","9967375","32","202552472"
"chr1","212572740","212573026","chr25","70627225","70627518","31","141945515"
"chr1","212574997","212575294","chr4","68915144","68915440","29","143659853"
"chr1","212584296","212584609","chr25","70640578","70640878","37","141943718"
"chr1","212615651","212615990","chr9","85592015","85592336","68","127023636"
"chr1","212624567","212624860","chr25","70681098","70681396","19","141943469"
"chr1","212764918","212765208","chr7","46690507","46690798","40","166074411"
"chr1","212791975","212792257","chr25","70834799","70835085","31","141957176"
"chr1","212855392","212855671","chr25","70888008","70888288","31","141967384"
"chr1","212885327","212885613","chr9","24485094","24485380","30","188400233"
"chr1","212927980","212928280","chrX","80468072","80468375","28","132459908"
"chr1","212979211","212979497","chr6","39984846","39985134","41","172994365"
"chr1","213036407","213036717","chr9","29696544","29696850","38","183339863"
"chr1","213145235","213145530","chr25","71174643","71174935","29","141970592"
"chr1","213147370","213147686","chr18","17039455","17039764","43","196107915"
"chr1","213166824","213167129","chr2","16817283","16817584","30","196349541"
"chr1","213245753","213246048","chr9","100159810","100160104","33","113085943"
"chr1","213329549","213329821","chr4","65539199","65539471","41","147790350"
"chr1","213434700","213434997","chr20","120483502","120483799","29","92951198"
"chr1","213487474","213487771","chr23","52220370","52220667","40","161267104"
"chr1","213502870","213503181","chr25","71512027","71512337","29","141990843"
"chr1","213517746","213518046","chr5","52768713","52769008","35","160749033"
"chr1","213538786","213539071","chr25","71543216","71543515","31","141995570"
"chr1","213550963","213551237","chr25","71555973","71556245","33","141994990"
"chr1","213565735","213566036","chr6","12817354","12817649","46","200748381"
"chr1","213574055","213574357","chr25","71580666","71580968","30","141993389"
"chr1","213591469","213591775","chr25","71596395","71596700","22","141995074"
"chr1","213612023","213612290","chr17","14826680","14826951","36","198785343"
"chr1","213613382","213613674","chr25","71609945","71610239","19","142003437"
"chr1","213656705","213656999","chrX","60246095","60246386","29","153410610"
"chr1","213666090","213666393","chr25","71662638","71662943","29","142003452"
"chr1","213669351","213669664","chr25","71665840","71666149","20","142003511"
"chr1","213685272","213685578","chr11","7969420","7969719","37","205715852"
"chr1","213690448","213690758","chr25","71685921","71686229","29","142004527"
"chr1","213693919","213694214","chr25","71689688","71689987","27","142004231"
"chr1","213722574","213722872","chr16","48605023","48605318","36","165117551"
"chr1","213725745","213726038","chr12","98704946","98705235","33","115020799"
"chr1","213749410","213749723","chr20","92192486","92192788","37","121556924"
"chr1","213797335","213797623","chr2","56502028","56502317","33","157295307"
"chr1","213826421","213826741","chr4","64985517","64985831","50","148840904"
"chr1","213985606","213985909","chr12","80137644","80137947","36","133847962"
"chr1","214043924","214044229","chr1","67026506","67026811","30","147017418"
"chr1","214046263","214046486","chr11","124263168","124263380","46","89783095"
"chr1","214054521","214054849","chr25","72055514","72055847","41","141999007"
"chr1","214056496","214056789","chr16","58602653","58602942","31","155453843"
"chr1","214094081","214094380","chr12","9671794","9672090","40","204422287"
"chr1","214123595","214123892","chr11","96978397","96978692","40","117145198"
"chr1","214127322","214127559","chr9","61704066","61704306","33","152423256"
"chr1","214137792","214138101","chr16","12114525","12114839","31","202023267"
"chr1","214143561","214143861","chr25","72144808","72145110","31","141998753"
"chr1","214183414","214183717","chr25","72181243","72181544","33","142002171"
"chr1","214188562","214188854","chr6","11893852","11894141","34","202294710"
"chr1","214211881","214212191","chr25","72208014","72208320","27","142003867"
"chr1","214214331","214214637","chr16","71492061","71492369","38","142722270"
"chr1","214227917","214228220","chr25","72223918","72224216","27","142003999"
"chr1","214231202","214231496","chr8","137860796","137861094","34","76370406"
"chr1","214236563","214236779","chr14","5907458","5907677","25","208329105"
"chr1","214251070","214251370","chr25","72245351","72245660","33","142005719"
"chr1","214253428","214253738","chr25","72247637","72247939","40","142005791"
"chr1","214362835","214363126","chr25","72260769","72261068","34","142102066"
"chr1","214373781","214374071","chr24","62760808","62761093","38","151612973"
"chr1","214380547","214380844","chr25","72276675","72276969","21","142103872"
"chr1","214382154","214382462","chr9","92446514","92446821","33","121935640"
"chr1","214400598","214400901","chr25","72296265","72296572","31","142104333"
"chr1","214409694","214409984","chr16","72650947","72651238","36","141758747"
"chr1","214415522","214415826","chr25","72310393","72310708","38","142105129"
"chr1","214430016","214430316","chr25","72323124","72323424","21","142106892"
"chr1","214432817","214433115","chr25","72325944","72326245","31","142106873"
"chr1","214435458","214435759","chr14","2619261","2619561","36","211816197"
"chr1","214444022","214444333","chr25","72335713","72336011","32","142108309"
"chr1","214446385","214446690","chr16","11518783","11519084","38","202927602"
"chr1","214454449","214454753","chr25","72345472","72345764","33","142108977"
"chr1","214466647","214466919","chr25","72357711","72357990","33","142108936"
"chr1","214470076","214470384","chr25","72361176","72361474","35","142108900"
"chr1","214480000","214480298","chr25","72372758","72373056","36","142107242"
"chr1","214489350","214489654","chr25","72382474","72382774","30","142106876"
"chr1","214507599","214507912","chr16","70267268","70267576","45","144240331"
"chr1","214509890","214510196","chr1","57381049","57381356","53","157128841"
"chr1","214516288","214516557","chr1","50866236","50866507","33","163650052"
"chr1","214521721","214521994","chr16","67535285","67535559","30","146986436"
"chr1","214535582","214535873","chr25","72429936","72430230","25","142105646"
"chr1","214537163","214537473","chr25","72431540","72431849","29","142105623"
"chr1","214551319","214551604","chr7","111567460","111567746","36","102983859"
"chr1","214556364","214556662","chr25","72451566","72451866","26","142104798"
"chr1","214564069","214564361","chr25","72459005","72459297","28","142105064"
"chr1","214566974","214567262","chr25","72461956","72462245","25","142105018"
"chr1","214568021","214568316","chr1","98221653","98221946","44","116346368"
"chr1","214575331","214575626","chr11","47260918","47261213","32","167314413"
"chr1","214581451","214581727","chr5","1315698","1315971","38","213265753"
"chr1","214594438","214594740","chr25","72490197","72490495","28","142104241"
"chr1","214610796","214610998","chr25","72506404","72506599","20","142104392"
"chr1","214631193","214631386","chr16","56481291","56481482","23","158149902"
"chr1","214631666","214631711","chr14","59976736","59976775","12","154654930"
"chr1","214654742","214654923","chr1","109624934","109625145","68","105029808"
"chr1","214658112","214658392","chr2","56502028","56502317","40","158156084"
"chr1","214672905","214673176","chr2","12870568","12870851","48","201802337"
"chr1","214700002","214700263","chr25","72586794","72587067","45","142113208"
"chr1","214710834","214711135","chr25","72591989","72592294","24","142118845"
"chr1","214718324","214718620","chrX","61960439","61960734","32","152757885"
"chr1","214735231","214735522","chr6","42060653","42060942","31","172674578"
"chr1","214749174","214749515","chr25","72628131","72628472","27","142121043"
"chr1","214769882","214770194","chr25","72652343","72652644","30","142117539"
"chr1","214782896","214783194","chr25","72665741","72666043","27","142117155"
"chr1","214795738","214796042","chr25","72678708","72679010","18","142117030"
"chr1","214804368","214804661","chr25","72687060","72687353","31","142117308"
"chr1","214811236","214811527","chr25","72697313","72697617","37","142113923"
"chr1","214817857","214818139","chr25","72703553","72703843","26","142114304"
"chr1","214837669","214837981","chr16","70267268","70267576","39","144570401"
"chr1","214844645","214844929","chr25","72731987","72732287","41","142112658"
"chr1","214850193","214850466","chr10","56544381","56544655","47","158305812"
"chr1","214853964","214854282","chr25","72738676","72738990","34","142115288"
"chr1","214857559","214857866","chr11","26631722","26632025","39","188225837"
"chr1","214859136","214859447","chr18","17039455","17039764","34","197819681"
"chr1","214879507","214879799","chr25","72762630","72762917","31","142116877"
"chr1","214897476","214897775","chrX","1694586","1694883","33","213202890"
"chr1","214898453","214898727","chr25","72774537","72774812","36","142123916"
"chr1","214903971","214904277","chr15","3904633","3904938","33","210999338"
"chr1","214912111","214912420","chr2","17473513","17473816","52","197438598"
"chr1","214913848","214914141","chr26","22372480","22372776","44","192541368"
"chr1","214938679","214938980","chr6","49568740","49569041","35","165369939"
"chr1","214998237","214998510","chr14","38982785","38983061","30","176015452"
"chr1","215022628","215022937","chr25","72885764","72886073","26","142136864"
"chr1","215039607","215039903","chr25","72902928","72903222","29","142136679"
"chr1","215089678","215089972","chr2","39067158","39067451","31","176022520"
"chr1","215131886","215132190","chr8","7114217","7114516","50","208017669"
"chr1","215161604","215161888","chr25","73025186","73025470","26","142136418"
"chr1","215179923","215180119","chr7","15845768","15845962","32","199334155"
"chr1","215188138","215188439","chr20","101069011","101069309","45","114119127"
"chr1","215240157","215240471","chr25","73105450","73105753","35","142134707"
"chr1","215251672","215251960","chr12","1502494","1502780","35","213749178"
"chr1","215296663","215296963","chr5","72944814","72945114","39","142351849"
"chr1","215298990","215299273","chr16","6478420","6478701","31","208820570"
"chr1","215321458","215321754","chr15","64630867","64631162","35","150690591"
"chr1","215326966","215327278","chr25","73185174","73185486","18","142141792"
"chr1","215332461","215332745","chr9","85529394","85529680","34","129803067"
"chr1","215357314","215357601","chr6","4741013","4741300","28","210616301"
"chr1","215363504","215363814","chr3","52140304","52140615","38","163223200"
"chr1","215375304","215375606","chr25","73237345","73237652","32","142137959"
"chr1","215382001","215382299","chr25","73243248","73243552","35","142138753"
"chr1","215390288","215390577","chr25","73250670","73250957","28","142139618"
"chr1","215391362","215391666","chr11","127605975","127606274","32","87785387"
"chr1","215423578","215423650","chr17","38823423","38823499","24","176600155"
"chr1","215423861","215424097","chr9","61704066","61704306","46","153719795"
"chr1","215427721","215428035","chr3","56906943","56907253","43","158520778"
"chr1","215438015","215438323","chr25","73292769","73293071","43","142145246"
"chr1","215441765","215442064","chr12","964980","965277","29","214476785"
"chr1","215451827","215452103","chr25","73305235","73305508","18","142146592"
"chr1","215476551","215476860","chr25","73332218","73332527","30","142144333"
"chr1","215499039","215499334","chr25","73355024","73355320","29","142144015"
"chr1","215503886","215504159","chr17","14826680","14826951","38","200677206"
"chr1","215536358","215536655","chr5","19268341","19268645","34","196268017"
"chr1","215543149","215543444","chr26","20177551","20177842","33","195365598"
"chr1","215545062","215545307","chr25","73400923","73401163","20","142144139"
"chr1","215552495","215552799","chr25","73408559","73408876","40","142143936"
"chr1","215561618","215561919","chr7","31648436","31648737","32","183913182"
"chr1","215576059","215576273","chr25","73431185","73431400","14","142144874"
"chr1","215576473","215576771","chr2","56311202","56311496","33","159265271"
"chr1","215577267","215577553","chr6","15677208","15677493","32","199900059"
"chr1","215587911","215588230","chr25","73442801","73443119","42","142145110"
"chr1","215613910","215614208","chr25","73468795","73469096","34","142145115"
"chr1","215615089","215615398","chr5","26410686","26410992","30","189204403"
"chr1","215641968","215642252","chr25","73486401","73486695","36","142155567"
"chr1","215658023","215658317","chr25","73503436","73503730","25","142154587"
"chr1","215673304","215673602","chr12","9337303","9337604","40","206336001"
"chr1","215687528","215687817","chr4","968050","968332","32","214719478"
"chr1","215698470","215698749","chr18","32066046","32066321","40","183632424"
"chr1","215711386","215711672","chr25","73547834","73548130","27","142163552"
"chr1","215726925","215727214","chr25","73561650","73561934","26","142165275"
"chr1","215731042","215731339","chr16","16474975","16475266","43","199256067"
"chr1","215733372","215733677","chr25","73567449","73567754","28","142165923"
"chr1","215738952","215739262","chr16","17641553","17641863","39","198097399"
"chr1","215741863","215742094","chr9","61704066","61704306","44","154037797"
"chr1","215742839","215743028","chr2","14065755","14065943","31","201677084"
"chr1","215746857","215747098","chr13","12197935","12198182","45","203548922"
"chr1","215750616","215750909","chr12","8205568","8205855","41","207545048"
"chr1","215761376","215761670","chr19","30057411","30057704","37","185703965"
"chr1","215762245","215762549","chr25","73592654","73592941","36","142169591"
"chr1","215785426","215785735","chr25","73617837","73618145","25","142167589"
"chr1","215793944","215794239","chr25","73625956","73626252","23","142167988"
"chr1","215799834","215800131","chr8","132366982","132367282","46","83432852"
"chr1","215810325","215810617","chr2","80952241","80952533","37","134858084"
"chr1","215812277","215812577","chr5","18599299","18599600","29","197212978"
"chr1","215816685","215816973","chr16","59525991","59526277","32","156290694"
"chr1","215822377","215822653","chr25","73649453","73649734","33","142172924"
"chr1","215840213","215840518","chr25","73667291","73667597","35","142172922"
"chr1","215893354","215893626","chr2","78507720","78507991","33","137385634"
"chr1","215894429","215894728","chr20","96392400","96392699","37","119502029"
"chr1","215912872","215913093","chr25","73740287","73740514","28","142172585"
"chr1","215914269","215914578","chr14","64761862","64762169","42","151152407"
"chr1","215916770","215917029","chr25","73744186","73744464","32","142172584"
"chr1","215922802","215923101","chr11","6429844","6430143","39","209492958"
"chr1","215925215","215925514","chr11","118910440","118910739","33","97014775"
"chr1","215929860","215930167","chr25","73758578","73758886","21","142171282"
"chr1","215951879","215952161","chr25","73782732","73783018","33","142169147"
"chr1","215953695","215953992","chr1","6789004","6789293","39","209164691"
"chr1","215961411","215961712","chr25","73791948","73792248","24","142169463"
"chr1","215963775","215964088","chr17","19797186","19797495","36","196166589"
"chr1","215968981","215969286","chr25","73799543","73799849","36","142169438"
"chr1","215993665","215993959","chr11","431036","431329","34","215562629"
"chr1","215994448","215994750","chr6","40863665","40863972","34","175130783"
"chr1","216010397","216010719","chr10","24331092","24331413","51","191679305"
"chr1","216027101","216027410","chr25","73855432","73855729","35","142171669"
"chr1","216041023","216041226","chr25","73869128","73869331","22","142171895"
"chr1","216052016","216052310","chr28","15680756","15681046","25","200371260"
"chr1","216065196","216065505","chr1","115972304","115972611","43","100092892"
"chr1","216081592","216081867","chr8","63134676","63134951","29","152946916"
"chr1","216084820","216085117","chr5","21437305","21437603","43","194647515"
"chr1","216099202","216099504","chr8","7114217","7114516","38","208984985"
"chr1","216109781","216110088","chr6","15813882","15814194","36","200295899"
"chr1","216160778","216161091","chr11","127587244","127587554","40","88573534"
"chr1","216188467","216188757","chr25","74015469","74015762","27","142172998"
"chr1","216220830","216221137","chr16","8476344","8476649","38","207744486"
"chr1","216225474","216225768","chr25","74051670","74051967","19","142173804"
"chr1","216287847","216288139","chr25","74101219","74101516","26","142186628"
"chr1","216293786","216294093","chr20","1445477","1445787","36","214848309"
"chr1","216297323","216297630","chr28","4429854","4430160","42","211867469"
"chr1","216308522","216308825","chr13","34810192","34810491","40","181498330"
"chr1","216335285","216335582","chr25","74150871","74151180","30","142184414"
"chr1","216340986","216341292","chr25","74157420","74157716","33","142183566"
"chr1","216378270","216378556","chr25","74200069","74200357","41","142178201"
"chr1","216401850","216402156","chr20","84405979","84406286","48","131995871"
"chr1","216407014","216407329","chr25","74226474","74226777","40","142180540"
"chr1","216412828","216413101","chr25","74231605","74231867","34","142181223"
"chr1","216414676","216414986","chr26","43090272","43090581","40","173324404"
"chr1","216427257","216427552","chr6","35306142","35306444","31","181121115"
"chr1","216436421","216436719","chr25","74256843","74257133","30","142179578"
"chr1","216480809","216481117","chr25","74299609","74299917","33","142181200"
"chr1","216489719","216490023","chr8","101121161","101121458","48","115368558"
"chr1","216492023","216492345","chr17","61616875","61617184","38","154875148"
"chr1","216500162","216500471","chr29","21940583","21940891","41","194559579"
"chr1","216507177","216507457","chr25","74326237","74326497","35","142180940"
"chr1","216512646","216512927","chr25","42774885","42775167","32","173737761"
"chr1","216520693","216520948","chr25","74339980","74340232","27","142180713"
"chr1","216564814","216565121","chr25","74384130","74384437","27","142180684"
"chr1","216576591","216576885","chr25","74395060","74395363","29","142181531"
"chr1","216584519","216584813","chr11","96978397","96978692","34","119606122"
"chr1","216654928","216655191","chr25","74477696","74477949","30","142177232"
"chr1","216668737","216669045","chr25","74492159","74492460","33","142176578"
"chr1","216741071","216741362","chr3","30894413","30894707","41","185846658"
"chr1","216744650","216744939","chr25","74560991","74561282","22","142183659"
"chr1","216761886","216762188","chr16","14612378","14612678","37","202149508"
"chr1","216777809","216778088","chr25","74592039","74592318","25","142185770"
"chr1","216780760","216781069","chr25","74595062","74595366","19","142185698"
"chr1","216808266","216808545","chr11","24719272","24719552","34","192088994"
"chr1","216821044","216821354","chr11","120526163","120526460","50","96294881"
"chr1","216826352","216826663","chr8","7114217","7114516","43","209712135"
"chr1","216828396","216828703","chr25","74642366","74642670","29","142186030"
"chr1","216830379","216830593","chr7","104833300","104833519","38","111997079"
"chr1","216830916","216831032","chr5","27100181","27100296","43","189730735"
"chr1","216844148","216844403","chr21","10701177","10701441","36","206142971"
"chr1","216844897","216845208","chr5","59743438","59743749","37","157101459"
"chr1","216853736","216854055","chr7","126618053","126618374","43","90235683"
"chr1","216893485","216893782","chr25","74704552","74704850","36","142188933"
"chr1","216899100","216899394","chr25","74711367","74711663","29","142187733"
"chr1","216951442","216951744","chr25","74759300","74759602","28","142192142"
"chr1","216991859","216992174","chr9","103142967","103143275","35","113848892"
"chr1","217049740","217050044","chr2","77276737","77277041","35","139773003"
"chr1","217058317","217058627","chr20","1445477","1445787","36","215612840"
"chr1","217072892","217073178","chrUn_KE147541v1","121663","121948","33","216951229"
"chr1","217103784","217104084","chr1","21535883","21536184","40","195567901"
"chr1","217105242","217105540","chr12","26084664","26084963","38","191020578"
"chr1","217125790","217126102","chr25","74933848","74934159","36","142191942"
"chr1","217153336","217153580","chr6","12568460","12568707","49","204584876"
"chr1","217162569","217162868","chr25","74970126","74970423","24","142192443"
"chr1","217175261","217175546","chr1","82944155","82944439","31","134231106"
"chr1","217278178","217278477","chr21","96671427","96671726","35","120606751"
"chr1","217318486","217318792","chr25","75140291","75140611","39","142178195"
"chr1","217328969","217329279","chr25","75150884","75151196","24","142178085"
"chr1","217378788","217379090","chr25","75195799","75196096","34","142182989"
"chr1","217437079","217437376","chr6","2602546","2602839","39","214834533"
"chr1","217481450","217481746","chr19","30057411","30057704","42","187424039"
"chr1","217536485","217536794","chr14","5352895","5353203","38","212183590"
"chr1","217552469","217552754","chr12","7630051","7630340","32","209922418"
"chr1","217563652","217563962","chr4","16364810","16365119","35","201198842"
"chr1","217577323","217577633","chr25","75392309","75392611","23","142185014"
"chr1","217587420","217587728","chr25","75405801","75406103","35","142181619"
"chr1","217627076","217627369","chr23","69129766","69130058","34","148497310"
"chr1","217639516","217639823","chr25","75453906","75454211","29","142185610"
"chr1","217666197","217666463","chrX","48779253","48779524","50","168886944"
"chr1","217680509","217680808","chr25","75493373","75493674","29","142187136"
"chr1","217732592","217732900","chr25","75543333","75543642","31","142189259"
"chr1","217763873","217764137","chr12","77735955","77736236","55","140027918"
"chr1","217944425","217944723","chr16","45636697","45636993","42","172307728"
"chr1","218111432","218111741","chr12","46549426","46549730","36","171562006"
"chr1","218240915","218241151","chr9","61704066","61704306","32","156536849"
"chr1","218285931","218286234","chr25","76082953","76083256","38","142202978"
"chr1","218361273","218361569","chr25","76158751","76159043","27","142202522"
"chr1","218424453","218424743","chr25","76215687","76215980","31","142208766"
"chr1","218463058","218463346","chr25","76253948","76254236","19","142209110"
"chr1","218478867","218479023","chr20","93139448","93139605","14","125339419"
"chr1","218496385","218496689","chr1","57381049","57381356","36","161115336"
"chr1","218524227","218524504","chr25","76313532","76313811","45","142210695"
"chr1","218525845","218526049","chr25","76315129","76315333","27","142210716"
"chr1","218526050","218526283","chr25","76315334","76315562","25","142210716"
"chr1","218637023","218637334","chr25","76426283","76426591","39","142210740"
"chr1","218643587","218643886","chr2","15862898","15863196","38","202780689"
"chr1","218694856","218695142","chr25","76483865","76484151","23","142210991"
"chr1","218723840","218724143","chr9","61066490","61066788","40","157657350"
"chr1","218730276","218730573","chr25","76521205","76521508","31","142209071"
"chr1","218732154","218732441","chr14","70347328","70347617","45","148384826"
"chr1","218759662","218759895","chr16","31906139","31906391","48","186853523"
"chr1","218783493","218783805","chr6","48846530","48846838","38","169936963"
"chr1","218787062","218787363","chr28","4525040","4525344","39","214262022"
"chr1","218793681","218793977","chr20","77903993","77904291","31","140889688"
"chr1","218796396","218796684","chr25","76588480","76588787","45","142207916"
"chr1","218935447","218935758","chr24","69273551","69273855","35","149661896"
"chr1","218978719","218979025","chr14","82794681","82794991","43","136184038"
"chr1","219082385","219082662","chr25","76863769","76864044","27","142218616"
"chr1","219083586","219083870","chr25","76864985","76865282","33","142218601"
"chr1","219102968","219103276","chr25","76882683","76882984","35","142220285"
"chr1","219130877","219131172","chr9","79428511","79428800","36","139702366"
"chr1","219156353","219156682","chr9","10912941","10913252","57","208243412"
"chr1","219196460","219196761","chr2","87753173","87753470","32","131443287"
"chr1","219201752","219202074","chr20","103593370","103593683","56","115608382"
"chr1","219264801","219265101","chr16","72368963","72369266","47","146895838"
"chr1","219265664","219265954","chr4","36036902","36037194","38","183228762"
"chr1","219301002","219301299","chr10","104329666","104329966","35","114971336"
"chr1","219340992","219341290","chr6","7506115","7506404","40","211834877"
"chr1","219350827","219351134","chr18","17039455","17039764","46","202311372"
"chr1","219356280","219356587","chr17","36815393","36815702","33","182540887"
"chr1","219359994","219360303","chr14","28351039","28351340","51","191008955"
"chr1","219400180","219400440","chr23","79580562","79580819","49","139819618"
"chr1","219401455","219401765","chr6","12064154","12064463","49","207337301"
"chr1","219423225","219423534","chr16","16243577","16243888","38","203179648"
"chr1","219426882","219427189","chr25","77206488","77206798","31","142220394"
"chr1","219459954","219460278","chr25","77238843","77239159","40","142221111"
"chr1","219491689","219492000","chr25","24115272","24115584","38","195376417"
"chr1","219499323","219499623","chr9","117230098","117230400","36","102269225"
"chr1","219499763","219500000","chr17","1867027","1867262","38","217632736"
"chr1","219535854","219536085","chr11","69361642","69361873","28","150174212"
"chr1","219540975","219541232","chr3","8459152","8459413","41","211081823"
"chr1","219552211","219552507","chr16","72650947","72651238","35","146901264"
"chr1","219571188","219571497","chr5","56215675","56215986","44","163355513"
"chr1","219582855","219583148","chr16","3178099","3178363","70","216404756"
"chr1","219598229","219598530","chr16","57036339","57036641","35","162561890"
"chr1","219619602","219619895","chr15","64630867","64631162","39","154988735"
"chr1","219643932","219644204","chr3","78490607","78490881","43","141153325"
"chr1","219648610","219648919","chr8","10801167","10801476","33","208847443"
"chr1","219661057","219661351","chr25","77438469","77438763","28","142222588"
"chr1","219672437","219672745","chr25","77455126","77455436","40","142217311"
"chr1","219696016","219696312","chr25","77478407","77478703","28","142217609"
"chr1","219706453","219706730","chr25","24284764","24285041","30","195421689"
"chr1","219722437","219722744","chr25","77503717","77504020","26","142218720"
"chr1","219728287","219728525","chr16","31906139","31906391","52","187822148"
"chr1","219761300","219761479","chr25","77545524","77545704","16","142215776"
"chr1","219763781","219764087","chr21","1696315","1696620","40","218067466"
"chr1","219780156","219780439","chr25","77564354","77564639","22","142215802"
"chr1","219784743","219785022","chr25","77568938","77569220","22","142215805"
"chr1","219806410","219806716","chr5","3607413","3607712","39","216198997"
"chr1","219810610","219810924","chr2","14384032","14384346","37","205426578"
"chr1","219829053","219829361","chr1","77129298","77129607","39","142699755"
"chr1","219840178","219840479","chr5","25592803","25593095","41","194247375"
"chr1","219888516","219888818","chr25","77668395","77668694","26","142220121"
"chr1","219894668","219894932","chr2","22014433","22014699","51","197880235"
"chr1","219907412","219907705","chr9","115192422","115192719","36","104714990"
"chr1","219913737","219914035","chr10","88760771","88761072","34","131152966"
"chr1","219940213","219940549","chr25","17621116","17621453","46","202319097"
"chr1","219950593","219950889","chr8","10394962","10395260","37","209555631"
"chr1","219963313","219963608","chr25","77739294","77739594","32","142224019"
"chr1","219966394","219966693","chr1","12743297","12743599","33","207223097"
"chr1","219969631","219969928","chr19","12364834","12365135","45","207604797"
"chr1","219970600","219970888","chr25","77745579","77745875","29","142225021"
"chr1","220006167","220006453","chr11","118168788","118169077","38","101837379"
"chr1","220050872","220051177","chr12","103720529","103720834","38","116330343"
"chr1","220068872","220069164","chr25","77839081","77839385","46","142229791"
"chr1","220071388","220071689","chr25","77841619","77841920","21","142229769"
"chr1","220077804","220078095","chr7","15172249","15172548","42","204905555"
"chr1","220084762","220085061","chr25","77858407","77858706","24","142226355"
"chr1","220087791","220088080","chr6","446526","446812","34","219641265"
"chr1","220099969","220100248","chr25","77865046","77865327","24","142234923"
"chr1","220112619","220112909","chr25","23944997","23945288","35","196167622"
"chr1","220118839","220119140","chr25","77882277","77882576","29","142236562"
"chr1","220119250","220119549","chr25","77882685","77882988","28","142236565"
"chr1","220133945","220134223","chr5","20998727","20999005","40","199135218"
"chr1","220226649","220226955","chr25","77986897","77987203","31","142239752"
"chr1","220382700","220382994","chr25","78137848","78138146","28","142244852"
"chr1","220438535","220438845","chr25","78193931","78194241","37","142244604"
"chr1","220443703","220443997","chr25","78199060","78199357","23","142244643"
"chr1","220447906","220448195","chr25","78203270","78203572","39","142244636"
"chr1","220465541","220465835","chr16","72650947","72651238","46","147814594"
"chr1","220475443","220475754","chr4","22336347","22336655","35","198139096"
"chr1","220500001","220500187","chr10","33376506","33376682","30","187123495"
"chr1","220508912","220509219","chr25","78257078","78257379","28","142251834"
"chr1","220601847","220602156","chr26","38302733","38303041","42","182299114"
"chr1","220602397","220602708","chr11","2853447","2853759","32","217748950"
"chr1","220735890","220736190","chr9","61066490","61066788","40","159669400"
"chr1","220768998","220769297","chr5","27172890","27173193","32","193596108"
"chr1","220820812","220821117","chr20","111352130","111352435","33","109468682"
"chr1","220854336","220854639","chr25","78584852","78585152","26","142269484"
"chr1","220883143","220883457","chr25","78610403","78610716","30","142272740"
"chr1","220907149","220907438","chr5","19825961","19826253","54","201081188"
"chr1","220907554","220907867","chr17","30238529","30238838","41","190669025"
"chr1","220918745","220919045","chr12","45453278","45453578","33","175465467"
"chr1","220937754","220938041","chr25","78662304","78662596","29","142275450"
"chr1","220959336","220959651","chr17","59119110","59119421","43","161840226"
"chr1","221007192","221007495","chr25","78730746","78731044","26","142276446"
"chr1","221047997","221048301","chr6","33160928","33161229","33","187887069"
"chr1","221087575","221087881","chr25","78808404","78808702","26","142279171"
"chr1","221100192","221100373","chr25","78821853","78822030","16","142278339"
"chr1","221106295","221106602","chr25","78827966","78828263","35","142278329"
"chr1","221131771","221132082","chr6","15813882","15814194","27","205317889"
"chr1","221136743","221137039","chr25","78861790","78862088","25","142274953"
"chr1","221138865","221139177","chr25","78863914","78864227","31","142274951"
"chr1","221150332","221150635","chrX","80468072","80468375","44","140682260"
"chr1","221186017","221186321","chr1","21629879","21630184","43","199556138"
"chr1","221240172","221240449","chr25","78961037","78961313","17","142279135"
"chr1","221243586","221243892","chr25","78964417","78964728","27","142279169"
"chr1","221251565","221251877","chr25","78973997","78974306","19","142277568"
"chr1","221258548","221258844","chr23","57060469","57060765","40","164198079"
"chr1","221277429","221277711","chr14","45404891","45405174","42","175872538"
"chr1","221293128","221293425","chr4","31876349","31876651","31","189416779"
"chr1","221295998","221296309","chr19","21126537","21126847","42","200169461"
"chr1","221297818","221298116","chr11","117493025","117493320","35","103804793"
"chr1","221298885","221299181","chr4","60667016","60667311","43","160631869"
"chr1","221301365","221301641","chr28","17166075","17166346","46","204135290"
"chr1","221317319","221317615","chr28","11123066","11123368","36","210194253"
"chr1","221323446","221323742","chr25","79042405","79042710","33","142281041"
"chr1","221325775","221326052","chr25","79044715","79044989","24","142281060"
"chr1","221327943","221328248","chr25","79046871","79047169","33","142281072"
"chr1","221328855","221329154","chr8","137780202","137780497","39","83548653"
"chr1","221330494","221330780","chr18","38992849","38993127","45","182337645"
"chr1","221330781","221330824","chr22","27162227","27162269","8","194168554"
"chr1","221334437","221334698","chr25","79050595","79050854","22","142283842"
"chr1","221337328","221337561","chr18","66472544","66472780","43","154864784"
"chr1","221339373","221339712","chrX","15381810","15382151","40","205957563"
"chr1","221345742","221346053","chr25","79060593","79060894","27","142285149"
"chr1","221366854","221367163","chr20","104310028","104310339","37","117056826"
"chr1","221367202","221367511","chr25","79086142","79086449","25","142281060"
"chr1","221369821","221370125","chr22","48540090","48540395","41","172829731"
"chr1","221393138","221393439","chr6","856805","857106","36","220536333"
"chr1","221399852","221400150","chr25","79115187","79115486","24","142284665"
"chr1","221402289","221402585","chr10","88760771","88761072","50","132641518"
"chr1","221405704","221406035","chr25","79120677","79121008","39","142285027"
"chr1","221407055","221407357","chr27","40001317","40001619","54","181405738"
"chr1","221407996","221408268","chr7","46532842","46533106","52","174875154"
"chr1","221416330","221416624","chr25","79129954","79130241","31","142286376"
"chr1","221428600","221428909","chr1","108225668","108225977","40","113202932"
"chr1","221438943","221439119","chr10","33376506","33376682","31","188062437"
"chr1","221441007","221441315","chrX","80542939","80543251","44","140898068"
"chr1","221453346","221453654","chr25","79173261","79173569","23","142280085"
"chr1","221460643","221460949","chr25","79177767","79178079","33","142282876"
"chr1","221491525","221491817","chrX","110056283","110056581","35","111435242"
"chr1","221504272","221504482","chr11","124263168","124263380","44","97241104"
"chr1","221504485","221504816","chr25","17359754","17360078","61","204144731"
"chr1","221551220","221551517","chr3","1117676","1117974","33","220433544"
"chr1","221562620","221562902","chr25","79274230","79274503","34","142288390"
"chr1","221564240","221564526","chr25","79275845","79276131","19","142288395"
"chr1","221574737","221575017","chr25","79286657","79286943","25","142288080"
"chr1","221597367","221597619","chr2","84032282","84032525","42","137565085"
"chr1","221597625","221597906","chr13","14617984","14618268","35","206979641"
"chr1","221632264","221632575","chr20","104839624","104839933","40","116792640"
"chr1","221634271","221634573","chr28","16539369","16539669","38","205094902"
"chr1","221650810","221651055","chr25","79363103","79363346","19","142287707"
"chr1","221654906","221655204","chr25","79367979","79368272","21","142286927"
"chr1","221682246","221682551","chr25","79395843","79396143","38","142286403"
"chr1","221694235","221694547","chr25","79407920","79408232","22","142286315"
"chr1","221756374","221756586","chr25","79462201","79462408","24","142294173"
"chr1","221769022","221769275","chr14","40138404","40138653","44","181630618"
"chr1","221811822","221812129","chr11","47010548","47010858","34","174801274"
"chr1","221820847","221821144","chr13","85206045","85206339","38","136614802"
"chr1","221910868","221911124","chr25","79604433","79604697","26","142306435"
"chr1","221912700","221913018","chr2","74729113","74729434","44","147183587"
"chr1","221917006","221917308","chr16","34692862","34693162","35","187224144"
"chr1","221917991","221918286","chr21","56674354","56674647","27","165243637"
"chr1","222011976","222012272","chr1","62642176","62642473","31","159369800"
"chr1","222025635","222025951","chr25","79719343","79719653","40","142306292"
"chr1","222032827","222033142","chr25","79725800","79726110","36","142307027"
"chr1","222047493","222047791","chr23","81704135","81704446","39","140343358"
"chr1","222065549","222065735","chr9","120734317","120734501","39","101331232"
"chr1","222086446","222086749","chr22","18851506","18851803","32","203234940"
"chr1","222149620","222149929","chr16","5562791","5563098","48","216586829"
"chr1","222151448","222151761","chr2","7509920","7510227","50","214641528"
"chr1","222185724","222186028","chr19","30010706","30011008","26","192175018"
"chr1","222197127","222197430","chr8","120192960","120193263","40","102004167"
"chr1","222198877","222199183","chr10","44028544","44028854","36","178170333"
"chr1","222202336","222202638","chr20","101069011","101069309","33","121133325"
"chr1","222215919","222216212","chr25","79890554","79890848","20","142325365"
"chr1","222223127","222223426","chr7","45404842","45405142","34","176818285"
"chr1","222238574","222238890","chr11","4422956","4423267","35","217815618"
"chr1","222248161","222248466","chr25","79923889","79924199","24","142324272"
"chr1","222258260","222258571","chrX","18551381","18551686","37","203706879"
"chr1","222274262","222274537","chr25","79949083","79949348","34","142325179"
"chr1","222279428","222279711","chr15","9666120","9666400","39","212613308"
"chr1","222290336","222290649","chr25","79965439","79965747","26","142324897"
"chr1","222298798","222299080","chr25","79973950","79974234","28","142324848"
"chr1","222307977","222308271","chr21","121034333","121034623","42","101273644"
"chr1","222310895","222311192","chrX","1694586","1694883","38","220616309"
"chr1","222319123","222319442","chr6","15813882","15814194","42","206505241"
"chr1","222320376","222320683","chr25","79993525","79993831","23","142326851"
"chr1","222345479","222345773","chr1","65260301","65260598","39","157085178"
"chr1","222360219","222360520","chr8","7114217","7114516","36","215246002"
"chr1","222364577","222364718","chr17","16839875","16840048","52","205524702"
"chr1","222374154","222374456","chr25","80044416","80044706","31","142329738"
"chr1","222385978","222386276","chr7","131848095","131848393","29","90537883"
"chr1","222400423","222400626","chr25","83864090","83864293","25","138536333"
"chr1","222474891","222475197","chr21","3046951","3047246","36","219427940"
"chr1","222475944","222476224","chr14","12937978","12938261","36","209537966"
"chr1","222478512","222478800","chr21","3026315","3026608","70","219452197"
"chr1","222486001","222486313","chr1","67026506","67026811","44","155459495"
"chr1","222499772","222500000","chr9","61704066","61704306","53","160795706"
"chr1","222508339","222508645","chr25","80130711","80131027","33","142377628"
"chr1","222517646","222517954","chr25","80140134","80140428","36","142377512"
"chr1","222548657","222548948","chr25","80172169","80172461","28","142376488"
"chr1","222567585","222567866","chr4","58535739","58536022","40","164031846"
"chr1","222599144","222599457","chr17","34871284","34871587","38","187727860"
"chr1","222628350","222628640","chr25","80246966","80247255","28","142381384"
"chr1","222631796","222632053","chr11","113992578","113992839","39","108639218"
"chr1","222632569","222632869","chr25","78856788","78857085","37","143775781"
"chr1","222675266","222675578","chr2","39182421","39182732","35","183492845"
"chr1","222824985","222825275","chr16","60959268","60959553","34","161865717"
"chr1","222851605","222851907","chr25","80465017","80465303","37","142386588"
"chr1","222864569","222864865","chr12","10561647","10561945","33","212302922"
"chr1","222890313","222890604","chr25","80502249","80502546","29","142388064"
"chr1","222984634","222984923","chr25","80610361","80610644","36","142374273"
"chr1","222990713","222990999","chr18","20295212","20295492","57","202695501"
"chr1","223028955","223029207","chr13","62158214","62158479","53","160870741"
"chr1","223045625","223045933","chr25","80671540","80671845","36","142374085"
"chr1","223049669","223049959","chr11","74335083","74335371","39","148714586"
"chr1","223074246","223074538","chrX","110056283","110056581","32","113017963"
"chr1","223099885","223100196","chr13","42633664","42633974","40","180466221"
"chr1","223139461","223139756","chr25","80771309","80771619","38","142368152"
"chr1","223148084","223148389","chr1","68469032","68469335","36","154679052"
"chr1","223227422","223227731","chr11","35682164","35682469","39","187545258"
"chr1","223283062","223283352","chr25","80905176","80905480","28","142377886"
"chr1","223300068","223300379","chrUn_KE147541v1","563683","563994","39","222736385"
"chr1","223337973","223338245","chr25","80957896","80958170","26","142380077"
"chr1","223354907","223355215","chr25","80974993","80975299","34","142379914"
"chr1","223371417","223371728","chr12","34512153","34512464","33","188859264"
"chr1","223481149","223481444","chr6","2294070","2294363","39","221187079"
"chr1","223520840","223521150","chr11","52638776","52639087","37","170882064"
"chr1","223523885","223524194","chr25","81142891","81143195","28","142380994"
"chr1","223527233","223527529","chr25","81146228","81146525","36","142381005"
"chr1","223587805","223588086","chr25","81204791","81205074","20","142383014"
"chr1","223594138","223594427","chr16","58602653","58602942","39","164991485"
"chr1","223609098","223609409","chr8","10801167","10801476","32","212807931"
"chr1","223623132","223623427","chr16","73694925","73695218","33","149928207"
"chr1","223648446","223648750","chr5","73188003","73188312","41","150460443"
"chr1","223660448","223660756","chr1","57381049","57381356","35","166279399"
"chr1","223662607","223662911","chr21","124655752","124656055","31","99006855"
"chr1","223663617","223663922","chr13","35309757","35310062","37","188353860"
"chr1","223677719","223677986","chr21","117257474","117257753","46","106420245"
"chr1","223692663","223692733","chr24","22286122","22286189","17","201406541"
"chr1","223715595","223715884","chr25","81328707","81329004","34","142386888"
"chr1","223716667","223716973","chr11","96755070","96755370","32","126961597"
"chr1","223738693","223738975","chr11","71843992","71844280","42","151894701"
"chr1","223777968","223778268","chr13","95801104","95801403","35","127976864"
"chr1","223780468","223780766","chrX","1694586","1694883","37","222085882"
"chr1","223785321","223785630","chr25","81396872","81397183","24","142388449"
"chr1","223793285","223793590","chr11","6429844","6430143","36","217363441"
"chr1","223794680","223794989","chr11","1437245","1437551","40","222357435"
"chr1","223805806","223806095","chr1","5710739","5711040","36","218095067"
"chr1","223807913","223808217","chr11","89474543","89474853","37","134333370"
"chr1","223814395","223814687","chr22","18141424","18141720","33","205672971"
"chr1","223821610","223821945","chr9","85840093","85840430","57","137981517"
"chr1","223826358","223826675","chr20","84405979","84406286","44","139420379"
"chr1","223855049","223855362","chr9","64475965","64476273","36","159379084"
"chr1","223895053","223895361","chr6","49351975","49352283","45","174543078"
"chr1","223906180","223906490","chr25","81519703","81519999","29","142386477"
"chr1","223917128","223917427","chr25","81528404","81528708","23","142388724"
"chr1","223918234","223918530","chr2","87753173","87753470","25","136165061"
"chr1","224004595","224004867","chr8","137229990","137230263","33","86774605"
"chr1","224028686","224028988","chr25","81646630","81646934","27","142382056"
"chr1","224030160","224030459","chr5","50489073","50489372","34","173541087"
"chr1","224040453","224040742","chr12","102982553","102982846","34","121057900"
"chr1","224063466","224063736","chr25","81673882","81674152","15","142389584"
"chr1","224081038","224081335","chr25","81690951","81691238","36","142390087"
"chr1","224100590","224100885","chr11","118168788","118169077","33","105931802"
"chr1","224121656","224121967","chr7","120252290","120252600","31","103869366"
"chr1","224125067","224125389","chr17","36664253","36664576","42","187460814"
"chr1","224126812","224127116","chr14","83453212","83453508","40","140673600"
"chr1","224129633","224129906","chr25","27353792","27354071","50","196775841"
"chr1","224145896","224146199","chr25","81758049","81758357","40","142387847"
"chr1","224153278","224153576","chr9","21222890","21223190","37","202930388"
"chr1","224164528","224164713","chr11","6526993","6527185","26","217637535"
"chr1","224167454","224167762","chr3","30508817","30509125","43","193658637"
"chr1","224175066","224175221","chr13","65893381","65893537","21","158281685"
"chr1","224194760","224195056","chr25","81804417","81804701","33","142390343"
"chr1","224200827","224201111","chr25","81808849","81809133","19","142391978"
"chr1","224204868","224205175","chr27","45661645","45661945","33","178543223"
"chr1","224216810","224217104","chr25","81828980","81829271","32","142387830"
"chr1","224220623","224220918","chr9","33958924","33959219","32","190261699"
"chr1","224221186","224221484","chr25","81831882","81832182","25","142389304"
"chr1","224227172","224227464","chr6","27636242","27636534","32","196590930"
"chr1","224237067","224237362","chr25","81847161","81847446","32","142389906"
"chr1","224241008","224241315","chr17","1769259","1769563","39","222471749"
"chr1","224249985","224250293","chr25","81859630","81859941","34","142390355"
"chr1","224273928","224274236","chr25","81883394","81883696","30","142390534"
"chr1","224285187","224285491","chr6","48846530","48846838","36","175438657"
"chr1","224286553","224286779","chr14","59813591","59813821","60","164472962"
"chr1","224288946","224289243","chr19","29195610","29195905","43","195093336"
"chr1","224291944","224292237","chr25","81894354","81894645","30","142397590"
"chr1","224304258","224304439","chr15","1065075","1065252","38","223239183"
"chr1","224309986","224310297","chr25","81917970","81918277","29","142392016"
"chr1","224318803","224318935","chr10","117681317","117681450","25","106637486"
"chr1","224319367","224319561","chr7","94074486","94074684","35","130244881"
"chr1","224326625","224326906","chr25","81931612","81931907","31","142395013"
"chr1","224327699","224327994","chr3","78270252","78270545","36","146057447"
"chr1","224354815","224355125","chr25","81957742","81958050","37","142397073"
"chr1","224361521","224361811","chr18","12606232","12606522","38","211755289"
"chr1","224367723","224368009","chr11","8662424","8662713","35","215705299"
"chr1","224372623","224372904","chr25","81975669","81975953","22","142396954"
"chr1","224399524","224399826","chr25","82001637","82001947","30","142397887"
"chr1","224404421","224404697","chr25","82006731","82007011","33","142397690"
"chr1","224406331","224406599","chr19","25889845","25890111","49","198516486"
"chr1","224422753","224423044","chr16","70284377","70284671","30","154138376"
"chr1","224444898","224445208","chr21","125050945","125051253","35","99393953"
"chr1","224447557","224447873","chr18","17039455","17039764","36","207408102"
"chr1","224448379","224448679","chr25","82052770","82053055","46","142395609"
"chr1","224450834","224451130","chr23","69575953","69576254","31","154874881"
"chr1","224456249","224456542","chr25","82065002","82065295","24","142391247"
"chr1","224470926","224471211","chr14","12937978","12938261","29","211532948"
"chr1","224472349","224472705","chr5","64223083","64223429","84","160249266"
"chr1","224475194","224475504","chr9","119963544","119963848","34","104511650"
"chr1","224494999","224495155","chr25","82097932","82098081","22","142397067"
"chr1","224525151","224525459","chr25","82127536","82127845","26","142397615"
"chr1","224541057","224541363","chr25","82137390","82137687","29","142403667"
"chr1","224569745","224570045","chr18","32003045","32003344","36","192566700"
"chr1","224609622","224609932","chr28","19188684","19188984","36","205420938"
"chr1","224615430","224615668","chr25","82208612","82208861","22","142406818"
"chr1","224630188","224630489","chr16","5899471","5899766","34","218730717"
"chr1","224636171","224636465","chr11","96978397","96978692","30","127657774"
"chr1","224649123","224649429","chr25","82242609","82242923","31","142406514"
"chr1","224664551","224664851","chr12","82795515","82795814","35","141869036"
"chr1","224668593","224668904","chr25","82258026","82258333","35","142410567"
"chr1","224672839","224673134","chr25","82262170","82262469","35","142410669"
"chr1","224674279","224674580","chr25","82263629","82263927","46","142410650"
"chr1","224684369","224684650","chr9","6588576","6588867","43","218095793"
"chr1","224687832","224688144","chr11","2853447","2853759","37","221834385"
"chr1","224704537","224704843","chr6","44447156","44447459","40","180257381"
"chr1","224711559","224711843","chr25","82298416","82298703","25","142413143"
"chr1","224728044","224728354","chr25","82312539","82312852","28","142415505"
"chr1","224731266","224731580","chr25","82315777","82316083","30","142415489"
"chr1","224745902","224746199","chr7","129741972","129742271","32","95003930"
"chr1","224748419","224748729","chr26","11581654","11581963","38","213166765"
"chr1","224749691","224749960","chr17","39524386","39524652","36","185225305"
"chr1","224765968","224766273","chr26","40302917","40303216","38","184463051"
"chr1","224767833","224768127","chr2","87753173","87753470","33","137014660"
"chr1","224777385","224777685","chr25","82359789","82360090","28","142417596"
"chr1","224791627","224791913","chr25","82368819","82369121","38","142422808"
"chr1","224794257","224794571","chr5","43748339","43748650","40","181045918"
"chr1","224799777","224800085","chr14","81224206","81224514","36","143575571"
"chr1","224800643","224800927","chr25","82377540","82377824","25","142423103"
"chr1","224819195","224819504","chr6","7942419","7942718","33","216876776"
"chr1","224836077","224836374","chr27","24858553","24858850","34","199977524"
"chr1","224874859","224875168","chr25","82451722","82452028","23","142423137"
"chr1","224897408","224897663","chr4","84047509","84047762","35","140849899"
"chr1","224932070","224932369","chr11","120526163","120526460","33","104405907"
"chr1","224934434","224934731","chr16","1283822","1284122","33","223650612"
"chr1","224939074","224939352","chr25","82513265","82513560","42","142425809"
"chr1","224953323","224953607","chr25","82527409","82527689","25","142425914"
"chr1","224963161","224963475","chr25","82536322","82536637","32","142426839"
"chr1","224968195","224968496","chr25","82541339","82541624","36","142426856"
"chr1","224997107","224997408","chr7","114889653","114889953","30","110107454"
"chr1","225019774","225020068","chr25","82593813","82594103","26","142425961"
"chr1","225068054","225068356","chr25","82646169","82646446","44","142421885"
"chr1","225069417","225069635","chr22","68029090","68029300","33","157040327"
"chr1","225069642","225069947","chr25","82647746","82648056","28","142421896"
"chr1","225078268","225078494","chr7","20474135","20474384","55","204604133"
"chr1","225152999","225153288","chr6","48065741","48066029","40","177087258"
"chr1","225156577","225156765","chr5","4271859","4272053","39","220884718"
"chr1","225170450","225170739","chr4","65595925","65596214","41","159574525"
"chr1","225228349","225228645","chr26","18548828","18549133","39","206679521"
"chr1","225491460","225491789","chr25","83071262","83071578","39","142420198"
"chr1","225526532","225526806","chr28_KE148105v1_random","363444","363725","37","225163088"
"chr1","225629566","225629853","chr15","82914712","82915015","45","142714854"
"chr1","225651377","225651573","chr19","20418921","20419120","31","205232456"
"chr1","225669547","225669702","chr6","41808676","41808837","32","183860871"
"chr1","225716494","225716790","chr19","13635334","13635635","42","212081160"
"chr1","225739671","225739986","chr28","20021374","20021685","39","205718297"
"chr1","225761455","225761747","chr25","83330213","83330508","27","142431242"
"chr1","225799639","225799926","chr25","83366525","83366812","19","142433114"
"chr1","225815281","225815575","chr16","53074453","53074747","34","172740828"
"chr1","225841648","225841932","chr20","108179553","108179829","38","117662095"
"chr1","225873871","225874177","chr26","18344490","18344794","32","207529381"
"chr1","225874977","225875279","chr25","83442263","83442571","28","142432714"
"chr1","225902735","225903020","chr1","2170422","2170709","40","223732313"
"chr1","225923145","225923392","chr9","57317846","57318089","29","168605299"
"chr1","225941973","225942258","chr5","35513153","35513433","43","190428820"
"chr1","226027399","226027687","chr25","83590387","83590678","24","142437012"
"chr1","226031307","226031587","chr1","55076876","55077172","54","170954431"
"chr1","226037529","226037787","chr2","17108226","17108489","38","208929303"
"chr1","226144758","226145034","chr15","77961316","77961592","34","148183442"
"chr1","226210474","226210751","chr25","83783713","83783990","18","142426761"
"chr1","226241138","226241433","chr4","36036902","36037194","30","190204236"
"chr1","226285009","226285316","chr20","84405979","84406286","33","141879030"
"chr1","226288789","226288916","chr1","10284658","10284791","20","216004131"
"chr1","226289376","226289536","chr15","59523066","59523233","21","166766310"
"chr1","226298329","226298626","chr16","13908996","13909290","33","212389333"
"chr1","226305850","226306149","chr14","63208010","63208307","36","163097840"
"chr1","226307896","226308186","chr5","27859731","27860022","36","198448165"
"chr1","226310481","226310787","chrX","80468072","80468375","34","145842409"
"chr1","226358585","226358894","chr6","8918236","8918539","35","217440349"
"chr1","226421469","226421771","chr12","46997272","46997573","39","179424197"
"chr1","226422266","226422555","chr10","101785801","101786089","31","124636465"
"chr1","226433409","226433725","chr2","39182421","39182732","47","187250988"
"chr1","226436569","226436786","chr2","63241771","63241981","36","163194798"
"chr1","226476659","226476965","chr25","84044460","84044762","29","142432199"
"chr1","226482421","226482730","chr5","10152405","10152713","35","216330016"
"chr1","226484933","226485229","chr13","66725191","66725490","30","159759742"
"chr1","226494630","226494929","chr20","12719001","12719305","37","213775629"
"chr1","226507719","226508014","chr5","50489073","50489372","41","176018646"
"chr1","226551926","226552220","chr5","25397276","25397570","37","201154650"
"chr1","226564735","226565041","chr2","13853232","13853536","35","212711503"
"chr1","226570662","226570966","chr25","84125427","84125729","23","142445235"
"chr1","226590090","226590397","chr6","40061617","40061925","37","186528473"
"chr1","226688072","226688378","chr25","71792921","71793226","33","154895151"
"chr1","226741095","226741402","chr8","111217263","111217558","60","115523832"
"chr1","226789985","226790283","chr24","37384003","37384301","33","189405982"
"chr1","226790290","226790593","chr20","48781102","48781401","43","178009188"
"chr1","226795670","226795966","chr22","40957244","40957542","36","185838426"
"chr1","226835196","226835506","chr13","45171921","45172226","34","181663275"
"chr1","226891997","226892307","chr25","84421371","84421676","26","142470626"
"chr1","226903813","226904106","chr25","84434786","84435082","31","142469027"
"chr1","226905931","226906227","chr25","84435816","84436117","28","142470115"
"chr1","226946515","226946810","chr25","84475898","84476188","26","142470617"
"chr1","226950111","226950395","chr6","2717621","2717907","40","224232490"
"chr1","226979481","226979693","chr11","124263168","124263380","48","102716313"
"chr1","227065009","227065223","chr9","38773083","38773296","32","188291926"
"chr1","227100371","227100630","chr3","74584680","74584941","49","152515691"
"chr1","227153147","227153444","chr1","17699624","17699919","38","209453523"
"chr1","227179064","227179304","chr17","1867027","1867262","43","225312037"
"chr1","227262677","227262936","chr25","84787081","84787326","37","142475596"
"chr1","227274250","227274558","chr20","38061604","38061911","44","189212646"
"chr1","227308245","227308548","chr11","52678722","52679018","40","174629523"
"chr1","227327892","227328193","chr28","13011285","13011590","38","214316607"
"chr1","227339049","227339332","chr25","84829210","84829497","33","142509839"
"chr1","227340180","227340486","chr25","84830358","84830656","28","142509822"
"chr1","227349088","227349399","chr25","84841361","84841675","26","142507727"
"chr1","227375749","227376045","chr1","32997458","32997755","30","194378291"
"chr1","227456088","227456399","chr11","4422956","4423267","34","223033132"
"chr1","227693300","227693449","chr16","74202390","74202538","25","153490910"
"chr1","227693556","227693596","chr3","29100592","29100629","9","198592964"
"chr1","227718262","227718540","chr10","91998387","91998668","38","135719875"
"chr1","227909631","227909928","chr9","21851372","21851668","37","206058259"
"chr1","228031354","228031658","chrX","14259446","14259748","41","213771908"
"chr1","228077538","228077831","chr4","36036902","36037194","44","192040636"
"chr3","35651476","35651774","chr8","24339863","24340159","37","11311613"
"chr3","15597535","15597827","chr15","60204616","60204909","21","44607081"
"chr3","20316118","20316422","chr15","64738618","64738918","21","44422500"
"chr3","33161182","33161479","chr2","87753173","87753470","29","54591991"
"chr3","41025247","41025556","chr5","73188003","73188312","43","32162756"
"chr3","48103295","48103604","chr22","8801673","8801970","30","39301622"
"chr3","49807153","49807448","chr22","10444582","10444876","33","39362571"
"chr3","53739362","53739656","chr3","75495727","75496020","38","21756365"
"chr3","66715460","66715743","chr22","26785503","26785786","24","39929957"
"chr3","77725446","77725734","chr22","100671219","100671506","38","22945773"
"chr3","101318410","101318717","chr29","17579790","17580098","43","83738620"
"chr3","132251440","132251752","chr22","52229552","52229849","42","80021888"
"chr3","163970811","163971121","chrX","46054412","46054721","36","117916399"
"chr3","88746","89040","chr5","17271429","17271732","40","17182683"
"chr3","138914","139214","chr7","37379775","37380076","41","37240861"
"chr3","288253","288561","chr22","36336116","36336426","29","36047863"
"chr3","313791","314099","chr9","85561524","85561829","42","85247733"
"chr3","323979","324306","chr20","105692436","105692747","48","105368457"
"chr3","349096","349398","chr7","91654814","91655114","45","91305718"
"chr3","349684","349889","chr16","24313888","24314088","53","23964204"
"chr3","451088","451261","chrX","109724771","109724940","28","109273683"
"chr3","623247","623553","chr22","36695902","36696197","37","36072655"
"chr3","649802","650120","chr2","12037603","12037920","35","11387801"
"chr3","794377","794650","chr22","36860904","36861177","26","36066527"
"chr3","847966","848273","chr22","36915237","36915542","27","36067271"
"chr3","1085492","1085803","chr28","3558023","3558329","51","2472531"
"chr3","1149621","1149936","chr6","7583070","7583380","44","6433449"
"chr3","1168662","1168946","chr22","37258615","37258900","31","36089953"
"chr3","1213388","1213686","chr2","57329121","57329416","33","56115733"
"chr3","1512681","1512975","chrX","8693862","8694157","38","7181181"
"chr3","1533481","1533767","chr22","37600178","37600487","45","36066697"
"chr3","1715077","1715388","chr15","53643506","53643815","45","51928429"
"chr3","1759391","1759695","chr11","96978397","96978692","47","95219006"
"chr3","1796372","1796662","chr14","52332724","52333015","34","50536352"
"chr3","1929314","1929622","chr27","8267605","8267904","43","6338291"
"chr3","1993345","1993648","chr22","38022676","38022981","25","36029331"
"chr3","2032821","2033121","chrX_KE148108v1_random","1049178","1049478","34","983643"
"chr3","2058271","2058524","chr22","38088144","38088391","22","36029873"
"chr3","2090032","2090332","chr29","14664678","14664974","31","12574646"
"chr3","2147422","2147702","chr25","83783713","83783990","36","81636291"
"chr3","2194263","2194574","chr6","2526617","2526929","34","332354"
"chr3","2198571","2198879","chr22","38225039","38225346","33","36026468"
"chr3","2210356","2210650","chr24","81534444","81534741","38","79324088"
"chr3","2319552","2319867","chr22","30814828","30815137","38","28495276"
"chr3","2332659","2332966","chr8","95509570","95509879","42","93176911"
"chr3","2399554","2399848","chr23","80440056","80440350","33","78040502"
"chr3","2402675","2402969","chrX","22852905","22853198","35","20450230"
"chr3","2409646","2409943","chr8","24339863","24340159","35","21930217"
"chr3","2451171","2451478","chr22","38476445","38476750","31","36025274"
"chr3","2519328","2519631","chr22","38546530","38546837","37","36027202"
"chr3","2579900","2580200","chr22","38607615","38607909","39","36027715"
"chr3","2637350","2637661","chr22","38661519","38661825","33","36024169"
"chr3","2706176","2706478","chr22","38727789","38728097","28","36021613"
"chr3","2714689","2715005","chr4","74318262","74318571","44","71603573"
"chr3","2814651","2814948","chr22","38829522","38829831","43","36014871"
"chr3","2836459","2836754","chr16","63293781","63294079","43","60457322"
"chr3","2839647","2839838","chr19","20363235","20363419","35","17523588"
"chr3","2849750","2850057","chr22","38864142","38864452","32","36014392"
"chr3","2850443","2850714","chr16","58589320","58589595","38","55738877"
"chr3","2862174","2862396","chr22","38877147","38877364","27","36014973"
"chr3","2866273","2866577","chr16","4654754","4655057","36","1788481"
"chr3","2873843","2874137","chr22","38888983","38889269","29","36015140"
"chr3","2883950","2884255","chr22","38898795","38899105","21","36014845"
"chr3","2952031","2952332","chr14","42323074","42323376","36","39371043"
"chr3","3038819","3039117","chr22","39054586","39054887","37","36015767"
"chr3","3120827","3121127","chr16","62764099","62764400","35","59643272"
"chr3","3130055","3130346","chr1","17699624","17699919","27","14569569"
"chr3","3144436","3144725","chr22","39160380","39160663","30","36015944"
"chr3","3183270","3183558","chr22","39199343","39199635","27","36016073"
"chr3","3186263","3186564","chr14","97986577","97986876","39","94800314"
"chr3","3191069","3191366","chr22","39206733","39207032","42","36015664"
"chr3","3197106","3197413","chr22","39212504","39212812","34","36015398"
"chr3","3214805","3215080","chr22","39241532","39241807","16","36026727"
"chr3","3245796","3246111","chr22","39272436","39272745","34","36026640"
"chr3","3247907","3248209","chr22","39274522","39274823","15","36026615"
"chr3","3267240","3267539","chr22","39293595","39293889","31","36026355"
"chr3","3278281","3278592","chr1","14106229","14106537","34","10827948"
"chr3","3465840","3466133","chr21","117541596","117541891","36","114075756"
"chr3","3500338","3500629","chr22","39528970","39529260","23","36028632"
"chr3","3505030","3505319","chr3","65777125","65777417","31","62272095"
"chr3","3719631","3719937","chr7","115282515","115282825","38","111562884"
"chr3","3798438","3798749","chr22","39823544","39823857","42","36025106"
"chr3","3890730","3891027","chr22","39907571","39907868","18","36016841"
"chr3","4039650","4039947","chr7","86001473","86001767","42","81961823"
"chr3","4109899","4110200","chr12","72731358","72731653","40","68621459"
"chr3","4191376","4191677","chr6","49568740","49569041","35","45377364"
"chr3","4238980","4239265","chr8","86072323","86072605","46","81833343"
"chr3","4274023","4274318","chr22","40265475","40265785","38","35991452"
"chr3","4390821","4391109","chr22","40391215","40391497","24","36000394"
"chr3","4494017","4494330","chr22","40483541","40483840","41","35989524"
"chr3","4496331","4496613","chr22","40485845","40486138","35","35989514"
"chr3","4530558","4530852","chr7_AQIB01159043v1_random","19631","19924","41","4510927"
"chr3","4541119","4541421","chr8","7114217","7114516","29","2573098"
"chr3","4570017","4570326","chrX","50751924","50752233","36","46181907"
"chr3","4570886","4571188","chr22","40564323","40564629","31","35993437"
"chr3","4571685","4571985","chr22","40565452","40565740","39","35993767"
"chr3","4590034","4590338","chr22","40583916","40584219","21","35993882"
"chr3","4601026","4601319","chr22","40595013","40595294","39","35993987"
"chr3","4701097","4701402","chr10","88760771","88761072","38","84059674"
"chr3","4725284","4725566","chr7","111567460","111567746","38","106842176"
"chr3","4746358","4746649","chr22","40735774","40736069","40","35989416"
"chr3","4751323","4751605","chr22","40740756","40741038","20","35989433"
"chr3","4786928","4787236","chr22","40773616","40773921","27","35986688"
"chr3","4800430","4800732","chr16","62764099","62764400","39","57963669"
"chr3","4833349","4833656","chr16","87388","87693","36","4745961"
"chr3","4908155","4908393","chr9","61704066","61704306","55","56795911"
"chr3","4971531","4971829","chr22","40957244","40957542","21","35985713"
"chr3","4983188","4983496","chr22","40968849","40969154","32","35985661"
"chr3","4987922","4988231","chr22","40973562","40973856","43","35985640"
"chr3","5037812","5038089","chr28","7658218","7658496","38","2620406"
"chr3","5038410","5038704","chr22","41024746","41025038","30","35986336"
"chr3","5058861","5059124","chr17","24938062","24938323","46","19879201"
"chr3","5092414","5092695","chr26","40527996","40528274","31","35435582"
"chr3","5097083","5097392","chr22","41080424","41080737","33","35983341"
"chr3","5107657","5107949","chr22","41091299","41091595","21","35983642"
"chr3","5126707","5127004","chr22","41111061","41111362","30","35984354"
"chr3","5140724","5141016","chr22","41126253","41126545","23","35985529"
"chr3","5145088","5145392","chr10","88760771","88761072","39","83615683"
"chr3","5146691","5146983","chr22","41132708","41133008","30","35986017"
"chr3","5153409","5153710","chrX","45255215","45255519","39","40101806"
"chr3","5164068","5164341","chr22","41150355","41150623","35","35986287"
"chr3","5171335","5171657","chr22","41157032","41157349","54","35985697"
"chr3","5174858","5175157","chr16","64557743","64558040","30","59382885"
"chr3","5189773","5190042","chr10","42962071","42962343","36","37772298"
"chr3","5194211","5194388","chr5","68817004","68817178","25","63622793"
"chr3","5197473","5197731","chr9","44980829","44981096","33","39783356"
"chr3","5199533","5199842","chr20","104839624","104839933","35","99640091"
"chr3","5202382","5202688","chr20","125500520","125500828","36","120298138"
"chr3","5211211","5211498","chr1","15304081","15304370","48","10092870"
"chr3","5212850","5213149","chr22","41197169","41197459","30","35984319"
"chr3","5218230","5218502","chr22","41201338","41201603","36","35983108"
"chr3","5219561","5219834","chr1","9275729","9275995","40","4056168"
"chr3","5240718","5240936","chr16","5282830","5283048","35","42112"
"chr3","5262499","5262802","chr22","41242371","41242675","27","35979872"
"chr3","5271042","5271345","chr22","41250928","41251228","52","35979886"
"chr3","5282862","5283143","chr22","41262030","41262311","17","35979168"
"chr3","5294931","5295238","chr22","41273481","41273778","29","35978550"
"chr3","5388213","5388499","chr9","101078483","101078778","46","95690270"
"chr3","5407708","5408012","chr24","32574789","32575098","32","27167081"
"chr3","5434201","5434491","chr12","88532115","88532408","45","83097914"
"chr3","5449379","5449681","chr5","26410686","26410992","42","20961307"
"chr3","5457396","5457617","chr11","124263168","124263380","48","118805772"
"chr3","5466205","5466497","chr3","74119688","74119985","38","68653483"
"chr3","5488184","5488491","chrX","45255215","45255519","32","39767031"
"chr3","5495657","5495943","chr22","41466730","41467017","21","35971073"
"chr3","5496064","5496251","chr18","65593763","65593943","31","60097699"
"chr3","5581001","5581304","chr20","105607435","105607747","43","100026434"
"chr3","5706053","5706353","chr9","21222890","21223190","39","15516837"
"chr3","5758329","5758604","chr22","41722584","41722863","30","35964255"
"chr3","6013966","6014253","chr19","21750510","21750789","41","15736544"
"chr3","6057669","6057921","chr9","93455737","93455984","43","87398068"
"chr3","6062483","6062791","chr20","110792876","110793177","45","104730393"
"chr3","6083297","6083604","chr25","70225218","70225524","26","64141921"
"chr3","6224005","6224264","chr22","42158757","42159033","34","35934752"
"chr3","6315015","6315326","chr19","9514256","9514567","33","3199241"
"chr3","6341227","6341523","chr19","22942373","22942672","33","16601146"
"chr3","6362304","6362639","chr25","18268538","18268877","53","11906234"
"chr3","6460173","6460491","chr22","42387053","42387372","30","35926880"
"chr3","6466574","6466873","chr2","58520633","58520941","43","52054059"
"chr3","6487297","6487567","chr1","31648273","31648531","49","25160976"
"chr3","6489245","6489540","chr22","42411380","42411679","24","35922135"
"chr3","6504829","6505140","chr22","42426347","42426655","30","35921518"
"chr3","6515234","6515534","chr22","42437648","42437948","30","35922414"
"chr3","6543750","6544060","chr16","5494097","5494408","35","1049653"
"chr3","6549717","6550002","chr22","42475223","42475511","26","35925506"
"chr3","6780950","6781247","chrX","85537976","85538272","32","78757026"
"chr3","6883665","6883956","chr6","29336391","29336683","35","22452726"
"chr3","6931241","6931562","chrX","23415638","23415958","44","16484397"
"chr3","6957600","6957901","chr2","89856106","89856409","41","82898506"
"chr3","7000908","7001198","chr22","42913468","42913749","35","35912560"
"chr3","7003817","7004111","chr22","42916341","42916634","39","35912524"
"chr3","7004430","7004733","chr10","93621317","93621620","40","86616887"
"chr3","7047029","7047356","chr10","24331092","24331413","43","17284063"
"chr3","7060625","7060936","chr9","96563098","96563408","37","89502473"
"chr3","7083254","7083548","chr1","9922951","9923243","37","2839697"
"chr3","7128231","7128561","chr10","24331092","24331413","56","17202861"
"chr3","7204473","7204748","chr22","43104043","43104318","16","35899570"
"chr3","7254157","7254454","chr22","43152646","43152935","28","35898489"
"chr3","7257764","7258066","chr22","43156172","43156471","32","35898408"
"chr3","7280463","7280679","chr2","84357749","84357967","43","77077286"
"chr3","7352025","7352338","chr2","16752591","16752899","37","9400566"
"chr3","7381272","7381589","chr22","43281634","43281948","32","35900362"
"chr3","7443134","7443437","chr22","43343741","43344051","31","35900607"
"chr3","7475445","7475754","chr26","2668803","2669103","42","4806642"
"chr3","7509201","7509521","chr9","95536241","95536551","62","88027040"
"chr3","7647433","7647711","chr22","43554057","43554337","19","35906624"
"chr3","7781646","7781946","chr22","43684912","43685214","20","35903266"
"chr3","7809995","7810256","chr10","84932886","84933147","46","77122891"
"chr3","7847006","7847320","chr17","49941889","49942201","44","42094883"
"chr3","7911578","7911873","chr9","89036069","89036366","30","81124491"
"chr3","8000729","8001049","chr21","119966384","119966706","48","111965655"
"chr3","8025571","8025857","chr16","58402495","58402776","38","50376924"
"chr3","8138205","8138518","chr22","44019856","44020160","42","35881651"
"chr3","8166320","8166628","chr22","44048015","44048325","29","35881695"
"chr3","8167484","8167786","chr16","3292492","3292796","37","4874992"
"chr3","8195936","8196134","chr8","96026078","96026272","28","87830142"
"chr3","8273713","8274019","chr22","44134948","44135259","27","35861235"
"chr3","8288001","8288305","chr22","44144999","44145307","23","35856998"
"chr3","8333570","8333863","chr22","44192986","44193274","27","35859416"
"chr3","8340534","8340835","chr16","14612378","14612678","44","6271844"
"chr3","8383387","8383677","chr14","45563708","45563990","51","37180321"
"chr3","8394444","8394684","chr9","61704066","61704306","45","53309622"
"chr3","8533493","8533805","chr11","46876076","46876381","35","38342583"
"chr3","8604645","8604946","chr22","44456572","44456869","32","35851927"
"chr3","8755584","8755894","chr16","68508333","68508642","36","59752749"
"chr3","8868188","8868408","chr7","15845768","15845962","57","6977580"
"chr3","8992453","8992750","chr22","44804464","44804759","31","35812011"
"chr3","9121137","9121435","chr9","96732866","96733161","35","87611729"
"chr3","9167280","9167566","chr27","10380206","10380492","36","1212926"
"chr3","9197685","9197997","chr22","45002270","45002579","22","35804585"
"chr3","9236313","9236613","chr6","31618186","31618483","41","22381873"
"chr3","9327409","9327709","chr5","15359258","15359558","33","6031849"
"chr3","9436137","9436430","chr22","45235542","45235850","37","35799405"
"chr3","9439388","9439645","chr10","87553092","87553358","38","78113704"
"chr3","9480782","9481079","chr22","45279213","45279518","28","35798431"
"chr3","9481232","9481540","chr22","45279670","45279967","34","35798438"
"chr3","9497542","9497843","chr22","45295283","45295580","24","35797741"
"chr3","9510187","9510484","chr16","18043987","18044281","30","8533800"
"chr3","9542430","9542722","chr14","64264192","64264485","37","54721762"
"chr3","9543760","9544074","chr20","83248310","83248623","39","73704550"
"chr3","9562747","9563039","chr16","53211576","53211865","33","43648829"
"chr3","9573246","9573543","chr22","45367564","45367871","32","35794318"
"chr3","9575764","9576075","chr22","45370069","45370366","34","35794305"
"chr3","9609841","9610106","chr2","13951796","13952048","41","4341955"
"chr3","9617830","9618083","chr20","65588114","65588380","42","55970284"
"chr3","9637494","9637788","chr22","45434872","45435160","19","35797378"
"chr3","9655075","9655277","chr23","41306689","41306886","33","31651614"
"chr3","9685270","9685555","chr7","111567460","111567746","29","101882190"
"chr3","9699491","9699789","chr28","8356903","8357207","44","1342588"
"chr3","9708460","9708752","chr22","45507908","45508187","31","35799448"
"chr3","9718653","9718949","chr25","60748859","60749147","32","51030206"
"chr3","9741446","9741749","chr22","45541051","45541348","35","35799605"
"chr3","9759650","9759926","chr3","15216665","15216941","32","5457015"
"chr3","9770233","9770520","chr22","45569057","45569331","34","35798824"
"chr3","9773713","9774020","chr20","92113585","92113885","38","82339872"
"chr3","9778683","9778994","chr22","45576882","45577192","24","35798199"
"chr3","9788394","9788697","chr8","36757918","36758223","36","26969524"
"chr3","9803434","9803724","chr19","7242978","7243268","42","2560456"
"chr3","9814663","9814941","chr5","102567","102846","44","9712096"
"chr3","9830909","9831226","chr22","45628330","45628643","36","35797421"
"chr3","9839713","9840010","chr22","45637296","45637599","30","35797583"
"chr3","9842233","9842535","chr22","45638844","45639151","26","35796611"
"chr3","9843968","9844234","chr22","45641006","45641259","35","35797038"
"chr3","9844388","9844685","chr22","45641373","45641672","22","35796985"
"chr3","9855234","9855541","chr2","75918080","75918386","38","66062846"
"chr3","9869547","9869848","chr15","52290986","52291285","31","42421439"
"chr3","9902026","9902307","chr10","87553092","87553358","44","77651066"
"chr3","9917743","9918051","chr20","110792876","110793177","44","100875133"
"chr3","9927127","9927428","chr4","66467531","66467837","65","56540404"
"chr3","9963941","9964236","chr12","26084664","26084963","40","16120723"
"chr3","9975713","9975911","chr14","32874778","32874976","38","22899065"
"chr3","10006518","10006806","chr22","45801511","45801804","28","35794993"
"chr3","10025883","10026219","chr27","21581463","21581790","56","11555580"
"chr3","10026528","10026692","chr20","121868207","121868371","20","111841679"
"chr3","10037152","10037459","chr8","10801167","10801476","32","764015"
"chr3","10038871","10039169","chr22","45833611","45833915","31","35794740"
"chr3","10040283","10040583","chr22","45835036","45835330","33","35794753"
"chr3","10042268","10042562","chr22","45837330","45837625","25","35795062"
"chr3","10059239","10059538","chr1","84660831","84661133","44","74601592"
"chr3","10064561","10064878","chr22","51706545","51706862","39","41641984"
"chr3","10072381","10072675","chr22","45894507","45894810","34","35822126"
"chr3","10073975","10074276","chr22","45896060","45896361","30","35822085"
"chr3","10074282","10074595","chr22","45896367","45896685","25","35822085"
"chr3","10101112","10101287","chr5","68817004","68817178","25","58715892"
"chr3","10102126","10102416","chr22","45923245","45923530","28","35821119"
"chr3","10183283","10183585","chr1","10321027","10321328","41","137744"
"chr3","10199266","10199596","chr7","85378550","85378870","61","75179284"
"chr3","10206745","10207062","chr2","39182421","39182732","47","28975676"
"chr3","10213158","10213469","chrX","17167864","17168173","34","6954706"
"chr3","10226809","10227094","chr13","14617984","14618268","33","4391175"
"chr3","10235898","10236186","chr11","118168788","118169077","27","107932890"
"chr3","10260518","10260819","chr22","46107976","46108275","18","35847458"
"chr3","10264906","10265207","chr22","46114704","46115006","22","35849798"
"chr3","10267964","10268267","chr1","9967077","9967375","39","300887"
"chr3","10272419","10272725","chr22","46126643","46126914","52","35854224"
"chr3","10272997","10273285","chr6","21153281","21153569","38","10880284"
"chr3","10285879","10286140","chr9","34088434","34088698","36","23802555"
"chr3","10296232","10296523","chr22","46142137","46142426","26","35845905"
"chr3","10302424","10302710","chr22","46147842","46148124","20","35845418"
"chr3","10306071","10306367","chr22","46152766","46153066","30","35846695"
"chr3","10321661","10321962","chr20","7645196","7645499","30","2676465"
"chr3","10325943","10326225","chr22","46171189","46171475","35","35845246"
"chr3","10332597","10332689","chr10","82920675","82920779","28","72588078"
"chr3","10333273","10333481","chr17","38823537","38823742","40","28490264"
"chr3","10345799","10346093","chr22","46192317","46192616","24","35846518"
"chr3","10377767","10378063","chr22","46215238","46215543","36","35837471"
"chr3","10380251","10380561","chr11","4422956","4423267","30","5957295"
"chr3","10384083","10384269","chr16","53708419","53708589","38","43324336"
"chr3","10388455","10388631","chr5","68817004","68817178","25","58428549"
"chr3","10402707","10402971","chr22","46241954","46242224","29","35839247"
"chr3","10405058","10405272","chr20","117701770","117701990","32","107296712"
"chr3","10456167","10456449","chr22","46292359","46292630","34","35836192"
"chr3","10471922","10472240","chr22","46312487","46312802","41","35840565"
"chr3","10474805","10475076","chr12","7902931","7903207","39","2571874"
"chr3","10482659","10482946","chr22","46323009","46323288","55","35840350"
"chr3","10503238","10503536","chr19","11839046","11839338","41","1335808"
"chr3","10564075","10564399","chr22","46400835","46401145","35","35836760"
"chr3","10581502","10581810","chr22","46420099","46420407","22","35838597"
"chr3","10684153","10684460","chr22","46523579","46523885","27","35839426"
"chr3","10749034","10749345","chr22","46588110","46588420","34","35839076"
"chr3","10759693","10759985","chr22","46598998","46599300","25","35839305"
"chr3","10783777","10784087","chr22","46622596","46622900","31","35838819"
"chr3","10922643","10922932","chr16","3178099","3178363","66","7744544"
"chr3","10933469","10933634","chr9","110057473","110057639","18","99124004"
"chr3","11019341","11019646","chr22","46855248","46855537","32","35835907"
"chr3","11043858","11044144","chr5","58586147","58586432","37","47542289"
"chr3","11117310","11117614","chr15","6323633","6323933","42","4793677"
"chr3","11250868","11251178","chr22","47079552","47079855","31","35828684"
"chr3","11257250","11257534","chr24","12070889","12071174","30","813639"
"chr3","11264948","11265253","chr6","10201242","10201547","31","1063706"
"chr3","11270084","11270332","chr4","62913885","62914148","52","51643801"
"chr3","11312469","11312772","chr25","77882685","77882988","33","66570216"
"chr3","11341109","11341407","chr11","6429844","6430143","33","4911265"
"chr3","11345689","11345828","chr11","88935231","88935364","37","77589542"
"chr3","11347740","11348042","chr20","8606088","8606389","54","2741652"
"chr3","11351572","11351788","chr17","35304405","35304617","38","23952833"
"chr3","11351938","11352008","chr18","14486053","14486126","14","3134115"
"chr3","11397009","11397308","chr20","7591156","7591453","36","3805853"
"chr3","11414476","11414790","chr22","47236506","47236817","34","35822030"
"chr3","11429620","11429915","chr22","47251970","47252265","20","35822350"
"chr3","11439338","11439632","chr11","126860470","126860762","34","115421132"
"chr3","11440014","11440312","chr11","96978397","96978692","35","85538383"
"chr3","11448908","11449191","chr22","47272929","47273224","39","35824021"
"chr3","11455184","11455492","chr14","21510047","21510355","36","10054863"
"chr3","11469738","11470035","chr12","15199772","15200072","33","3730034"
"chr3","11546687","11546969","chr22","47361170","47361455","18","35814483"
"chr3","11547100","11547394","chr22","47361589","47361886","26","35814489"
"chr3","11590361","11590667","chr13","78926316","78926620","37","67335955"
"chr3","11609350","11609609","chr22","47421616","47421873","21","35812266"
"chr3","11615136","11615440","chr22","47425730","47426034","21","35810594"
"chr3","11640916","11641223","chr1","14106229","14106537","41","2465313"
"chr3","11652964","11653165","chr5","4271859","4272053","46","7381105"
"chr3","11655149","11655461","chr22","47467681","47467996","25","35812532"
"chr3","11660671","11660972","chr6","19000365","19000666","34","7339694"
"chr3","11681681","11681981","chr22","47493646","47493940","32","35811965"
"chr3","11709689","11709997","chr10","88760771","88761072","46","77051082"
"chr3","11768232","11768538","chr25","78856788","78857085","31","67088556"
"chr3","11777668","11777968","chr22","47578125","47578413","29","35800457"
"chr3","11789191","11789473","chr8","11403434","11403717","33","385757"
"chr3","11846115","11846401","chr10","123662385","123662671","53","111816270"
"chr3","11856226","11856526","chr2","12955772","12956078","35","1099546"
"chr3","11867380","11867650","chr5","17723365","17723640","45","5855985"
"chr3","11880677","11880988","chr22","47676909","47677213","38","35796232"
"chr3","11892610","11892925","chr25","25629089","25629399","39","13736479"
"chr3","11899603","11899908","chr6","30393310","30393612","29","18493707"
"chr3","11900423","11900698","chr20","115958084","115958364","40","104057661"
"chr3","11906209","11906502","chr8","114765574","114765863","37","102859365"
"chr3","11920237","11920550","chr22","47715919","47716227","30","35795682"
"chr3","11926665","11926953","chr22","47722659","47722956","33","35795994"
"chr3","11933203","11933502","chr5","71206043","71206343","31","59272840"
"chr3","11942584","11942914","chr22","47737998","47738336","42","35795414"
"chr3","11951740","11952042","chr22","47744159","47744466","28","35792419"
"chr3","11962490","11962787","chr22","47756428","47756728","20","35793938"
"chr3","11963220","11963522","chr22","47757160","47757463","27","35793940"
"chr3","11964215","11964509","chr22","47758030","47758331","30","35793815"
"chr3","11979858","11980170","chr6","29308571","29308882","37","17328713"
"chr3","11981230","11981539","chr22","47760777","47761086","33","35779547"
"chr3","12004602","12004785","chr22","47792835","47793019","25","35788233"
"chr3","12069270","12069562","chr25","24419635","24419923","41","12350365"
"chr3","12089326","12089618","chr22","47877268","47877563","21","35787942"
"chr3","12099752","12100065","chr22","47887056","47887367","24","35787304"
"chr3","12103872","12104173","chr22","47891188","47891490","20","35787316"
"chr3","12109112","12109417","chr9","119963544","119963848","42","107854432"
"chr3","12157122","12157418","chr22","47932849","47933134","38","35775727"
"chr3","12193812","12194115","chrX","115812831","115813125","47","103619019"
"chr3","12194260","12194540","chr22","47969149","47969433","22","35774889"
"chr3","12232704","12232996","chr22","48006814","48007107","28","35774110"
"chr3","12260867","12261098","chr9","61704066","61704306","47","49443199"
"chr3","12317168","12317471","chr22","48085009","48085318","36","35767841"
"chr3","12415562","12415857","chr8","7114217","7114516","32","5301345"
"chr3","12455102","12455403","chr2","16817283","16817584","36","4362181"
"chr3","12484081","12484388","chr12","7117943","7118250","36","5366138"
"chr3","12488590","12488885","chr22","48248308","48248596","36","35759718"
"chr3","12528441","12528724","chr22","18335813","18336096","36","5807372"
"chr3","12574606","12574911","chr22","48331882","48332191","26","35757276"
"chr3","12611763","12612073","chr9","112383120","112383432","39","99771357"
"chr3","12683997","12684177","chr6","540211","540390","23","12143786"
"chr3","12698130","12698432","chr22","48456975","48457277","16","35758845"
"chr3","12733451","12733745","chr22","48495192","48495486","22","35761741"
"chr3","12737651","12737956","chr22","48499098","48499400","35","35761447"
"chr3","12753997","12754297","chr22","48515177","48515485","29","35761180"
"chr3","12777208","12777512","chr19","8619042","8619348","28","4158166"
"chr3","12778415","12778718","chr22","48540090","48540395","22","35761675"
"chr3","12779813","12780100","chr22","48541224","48541522","32","35761411"
"chr3","12786994","12787285","chr22","48547919","48548217","23","35760925"
"chr3","12788463","12788758","chr2","56472287","56472582","38","43683824"
"chr3","12796342","12796630","chr22","48557183","48557463","26","35760841"
"chr3","12853043","12853342","chr22","48610523","48610818","21","35757480"
"chr3","12869993","12870287","chr1","9967077","9967375","33","2902916"
"chr3","12876908","12877184","chr22","48638477","48638755","24","35761569"
"chr3","12890221","12890465","chr9","61704066","61704306","60","48813845"
"chr3","12894387","12894693","chr20_KE148049v1_random","745327","745636","38","12149060"
"chr3","12906607","12906866","chr22","48659480","48659740","22","35752873"
"chr3","12911807","12912038","chr26","19753085","19753324","54","6841278"
"chr3","12919337","12919633","chr2","65566388","65566688","29","52647051"
"chr3","12933185","12933441","chr9","112152192","112152457","45","99219007"
"chr3","12936582","12936862","chr2","78677074","78677364","45","65740492"
"chr3","12947769","12948085","chr14","73206571","73206893","66","60258802"
"chr3","12949818","12950116","chr16","1500260","1500560","27","11449558"
"chr3","12963998","12964308","chr22","48717563","48717871","29","35753565"
"chr3","12965733","12966029","chr22","48719956","48720252","20","35754223"
"chr3","12971526","12971739","chr13","95707671","95707878","36","82736145"
"chr3","12983122","12983410","chr22","48743357","48743658","35","35760235"
"chr3","12998935","12999230","chr9","101078483","101078778","32","88079548"
"chr3","13000268","13000562","chr22","48757163","48757456","22","35756895"
"chr3","13005393","13005691","chr7","129959960","129960258","33","116954567"
"chr3","13008805","13009098","chr22","48765935","48766234","28","35757130"
"chr3","13018699","13019000","chr29","11337836","11338138","39","1680863"
"chr3","13038418","13038716","chr12","63962265","63962564","25","50923847"
"chr3","13044125","13044430","chr5","22530212","22530512","37","9486087"
"chr3","13099453","13099753","chr22","48858517","48858808","33","35759064"
"chr3","13158243","13158551","chr22","16974195","16974505","30","3815952"
"chr3","13195157","13195415","chr22","48948804","48949043","36","35753647"
"chr3","13201781","13202095","chrX","13946834","13947139","47","745053"
"chr3","13211165","13211475","chr2","14523205","14523513","38","1312040"
"chr3","13280348","13280654","chr22","49036223","49036528","29","35755875"
"chr3","13337318","13337623","chr22","49089566","49089861","29","35752248"
"chr3","13447311","13447612","chr28","19188684","19188984","31","5741373"
"chr3","13448530","13448841","chr22","49206943","49207254","28","35758413"
"chr3","13516258","13516550","chr22","49278108","49278389","37","35761850"
"chr3","13535847","13536126","chr11","105903355","105903639","34","92367508"
"chr3","13536170","13536452","chr12","87457694","87457977","32","73921524"
"chr3","13627532","13627829","chr22","49390433","49390728","21","35762901"
"chr3","13639560","13639857","chr22","49401649","49401948","32","35762089"
"chr3","13654851","13655160","chr16","35202629","35202935","40","21547778"
"chr3","13663011","13663317","chr16","2349240","2349537","49","11313771"
"chr3","13669679","13669977","chr7","24357565","24357863","33","10687886"
"chr3","13680391","13680713","chr14","33000390","33000699","45","19319999"
"chr3","13693509","13693820","chr5","59805239","59805547","38","46111730"
"chr3","13694770","13695081","chr5","14824425","14824736","38","1129655"
"chr3","13710893","13711188","chr6","41738554","41738850","36","28027661"
"chr3","13714325","13714622","chr1","55962069","55962367","37","42247744"
"chr3","13716871","13717167","chrX","43907476","43907773","40","30190605"
"chr3","13734284","13734593","chr16","25344377","25344680","37","11610093"
"chr3","13756441","13756751","chr22","49522826","49523124","33","35766385"
"chr3","13817792","13818087","chr22","49583626","49583913","25","35765834"
"chr3","13905802","13906114","chr22","49670094","49670405","32","35764292"
"chr3","14056498","14056795","chr19","13323929","13324228","36","732569"
"chr3","14100439","14100758","chr13","11913732","11914049","52","2186707"
"chr3","14144874","14145135","chr3","54735899","54736168","31","40591025"
"chr3","14145570","14145795","chr2","86997944","86998162","41","72852374"
"chr3","14160541","14160838","chrX_KE148108v1_random","5157110","5157414","46","9003431"
"chr3","14188651","14188940","chr5","57816765","57817061","39","43628114"
"chr3","14273104","14273398","chr22","50017773","50018065","26","35744669"
"chr3","14298448","14298749","chr2","58013475","58013779","37","43715027"
"chr3","14361355","14361661","chr12","11603703","11604010","31","2757652"
"chr3","14361736","14362037","chr5","75166104","75166405","41","60804368"
"chr3","14376029","14376262","chr13","64715078","64715302","32","50339049"
"chr3","14384397","14384653","chr22","50114444","50114700","15","35730047"
"chr3","14389654","14389941","chr22","50119761","50120044","31","35730107"
"chr3","14397603","14397905","chr12","106749153","106749457","36","92351550"
"chr3","14496764","14497066","chr28","8356903","8357207","39","6139861"
"chr3","14587129","14587425","chr22","50318554","50318850","25","35731425"
"chr3","14591263","14591555","chr15","57594128","57594422","35","43002865"
"chr3","14599584","14599889","chr9","59057939","59058250","33","44458355"
"chr3","14682205","14682506","chr22","50408501","50408805","26","35726296"
"chr3","14745234","14745545","chr22","50470135","50470441","34","35724901"
"chr3","14797689","14797992","chr22","50520757","50521057","25","35723068"
"chr3","14806673","14806949","chr12","9000701","9000964","42","5805972"
"chr3","14886683","14886977","chr24","11721376","11721667","31","3165307"
"chr3","14955117","14955414","chr22","50676628","50676928","25","35721511"
"chr3","15048433","15048706","chr22","50764342","50764613","26","35715909"
"chr3","15099390","15099678","chr14","45134818","45135105","42","30035428"
"chr3","15103232","15103531","chr22","50816756","50817059","25","35713524"
"chr3","15114825","15115139","chr22","50828397","50828708","24","35713572"
"chr3","15154283","15154565","chr8","19528824","19529107","30","4374541"
"chr3","15193757","15194059","chr22","50904823","50905130","30","35711066"
"chr3","15241997","15242296","chr20","105702635","105702931","35","90460638"
"chr3","15254042","15254333","chr8","7114217","7114516","39","8139825"
"chr3","15262144","15262439","chr22","50969994","50970291","34","35707850"
"chr3","15307058","15307288","chr22","51010654","51010882","23","35703596"
"chr3","15352792","15353095","chr14","78721427","78721729","36","63368635"
"chr3","15370953","15371260","chr2","35984887","35985192","34","20613934"
"chr3","15434066","15434287","chr11","124263168","124263380","39","108829102"
"chr3","15451918","15452227","chr6","49410992","49411297","35","33959074"
"chr3","15459319","15459618","chr15","60070427","60070719","24","44611108"
"chr3","15499423","15499702","chr15","60109122","60109404","25","44609699"
"chr3","15504926","15505211","chr20","88109749","88110038","36","72604823"
"chr3","15508064","15508376","chr7","35356866","35357172","43","19848802"
"chr3","15509940","15510239","chr26","18548828","18549133","37","3038888"
"chr3","15537044","15537360","chr15","60144899","60145214","28","44607855"
"chr3","15539196","15539384","chrX","12457311","12457503","22","3081885"
"chr3","15556915","15557202","chr21","101163739","101164032","30","85606824"
"chr3","15572370","15572675","chr15","60179987","60180286","37","44607617"
"chr3","15584565","15584874","chr15","60191699","60191999","32","44607134"
"chr3","15593593","15593873","chr7","53553010","53553298","46","37959417"
"chr3","15599880","15600151","chr15","60206946","60207213","23","44607066"
"chr3","15606870","15607176","chr15","60213952","60214271","31","44607082"
"chr3","15647400","15647695","chr28","3322690","3322980","36","12324710"
"chr3","15650856","15651159","chr15","60248241","60248538","36","44597385"
"chr3","15681913","15682209","chr15","60279615","60279898","33","44597702"
"chr3","15699126","15699443","chr15","60296231","60296541","30","44597105"
"chr3","15741613","15741922","chr15","60336953","60337267","32","44595340"
"chr3","15770695","15770995","chr15","60366258","60366558","23","44595563"
"chr3","15791881","15792177","chr15","60387475","60387774","29","44595594"
"chr3","15809567","15809878","chr6","15813882","15814194","32","4315"
"chr3","15827171","15827467","chr2","87753173","87753470","34","71926002"
"chr3","15828217","15828509","chr6","29336391","29336683","31","13508174"
"chr3","15895666","15895814","chr15","60479240","60479379","17","44583574"
"chr3","15896868","15897178","chr2","18120742","18121050","31","2223874"
"chr3","15916116","15916403","chr1","109702096","109702383","35","93785980"
"chr3","15921345","15921630","chr7","111567460","111567746","27","95646115"
"chr3","15946819","15947129","chr15","60531788","60532092","36","44584969"
"chr3","15973946","15974248","chr15","60558310","60558618","28","44584364"
"chr3","16010448","16010748","chr12","260610","260910","32","15749838"
"chr3","16014204","16014494","chr15","60600636","60600924","30","44586432"
"chr3","16033131","16033417","chr15","60615201","60615486","28","44582070"
"chr3","16120599","16120903","chr15","60698779","60699079","25","44578180"
"chr3","16175072","16175365","chr1","12213355","12213648","42","3961717"
"chr3","16225019","16225313","chr6","17663144","17663439","34","1438125"
"chr3","16383113","16383407","chrX","22852905","22853198","29","6469792"
"chr3","16475625","16475931","chr6","28223428","28223739","32","11747803"
"chr3","16481344","16481647","chr15","61087042","61087337","31","44605698"
"chr3","16532803","16533102","chr13","62251265","62251555","37","45718462"
"chr3","16555870","16556174","chr2","5914047","5914349","32","10641823"
"chr3","16598114","16598424","chr15","61208694","61209004","22","44610580"
"chr3","16651398","16651695","chr12","9103629","9103925","32","7547769"
"chr3","16742065","16742355","chr15","61352912","61353202","39","44610847"
"chr3","16746152","16746449","chr19","11625929","11626227","25","5120223"
"chr3","16847664","16847978","chr5","39292419","39292718","51","22444755"
"chr3","16919417","16919584","chr4","20928301","20928477","38","4008884"
"chr3","17194234","17194527","chr6","41220512","41220808","35","24026278"
"chr3","17205204","17205499","chr19","25983756","25984050","24","8778552"
"chr3","17239267","17239502","chr9","61704066","61704306","46","44464799"
"chr3","17264917","17265214","chr15","61858587","61858884","36","44593670"
"chr3","17327150","17327450","chr1","7223848","7224142","32","10103302"
"chr3","17335222","17335513","chr19","30057411","30057704","26","12722189"
"chr3","17388150","17388455","chr6","241778","242082","39","17146372"
"chr3","17447186","17447489","chr15","62041735","62042042","36","44594549"
"chr3","17465770","17466069","chrX","80468072","80468375","29","63002302"
"chr3","17503567","17503866","chr5","22530212","22530512","35","5026645"
"chr3","17579570","17579874","chr15","62177749","62178056","29","44598179"
"chr3","17623851","17624148","chr15","62224567","62224862","27","44600716"
"chr3","17708621","17708782","chr15","62309279","62309442","19","44600658"
"chr3","17893619","17893908","chr12","34036470","34036756","43","16142851"
"chr3","17950336","17950632","chr15","62522375","62522669","33","44572039"
"chr3","17987745","17988044","chr15","62557133","62557429","38","44569388"
"chr3","17995739","17996055","chr15","62566086","62566405","36","44570347"
"chr3","18007767","18008058","chr15","62578180","62578482","28","44570413"
"chr3","18060788","18061094","chr7","87014110","87014421","33","68953322"
"chr3","18069759","18070059","chr15","62641219","62641507","50","44571460"
"chr3","18098725","18099040","chr6","34028273","34028585","44","15929548"
"chr3","18137920","18138218","chr15","62707093","62707393","43","44569173"
"chr3","18285544","18285853","chr15","62849508","62849815","26","44563964"
"chr3","18309446","18309730","chr20","100464623","100464907","41","82155177"
"chr3","18462655","18462950","chr11","96978397","96978692","30","78515742"
"chr3","18474646","18474952","chr15","63031930","63032229","28","44557284"
"chr3","18519365","18519525","chr8","38899876","38900033","22","20380511"
"chr3","18580655","18580967","chr25","27616854","27617166","51","9036199"
"chr3","19101400","19101723","chr15","63652220","63652536","30","44550820"
"chr3","19178265","19178555","chr15","63729085","63729353","41","44550820"
"chr3","19210024","19210313","chr15","63772571","63772860","24","44562547"
"chr3","19211354","19211612","chr10","87553092","87553358","41","68341738"
"chr3","19378064","19378368","chr27","10654073","10654367","44","8723991"
"chr3","19471285","19471594","chr15","64007739","64008054","24","44536454"
"chr3","19662010","19662307","chr15","64192093","64192360","44","44530083"
"chr3","19748386","19748540","chr15","1464172","1464329","24","18284214"
"chr3","19903923","19904217","chr19","26852137","26852431","37","6948214"
"chr3","20077545","20077836","chr15","64530393","64530689","26","44452848"
"chr3","20136282","20136561","chr15","64580504","64580760","56","44444222"
"chr3","20207839","20208140","chr7","129741972","129742271","27","109534133"
"chr3","20214422","20214703","chrX","1052","1331","36","20213370"
"chr3","20225345","20225660","chr15","64648427","64648738","27","44423082"
"chr3","20234610","20234900","chr12","34036470","34036756","39","13801860"
"chr3","20241580","20241878","chr15","64667307","64667611","28","44425727"
"chr3","20245046","20245342","chr15","64665661","64665962","28","44420615"
"chr3","20248008","20248309","chr15","64673730","64674029","29","44425722"
"chr3","20273389","20273684","chr15","64698348","64698641","23","44424959"
"chr3","20305409","20305730","chr15","64728092","64728396","39","44422683"
"chr3","20312834","20313199","chr12","44303194","44303540","90","23990360"
"chr3","20317545","20317847","chr3","6594377","6594679","33","13723168"
"chr3","20320476","20320764","chr6","2294070","2294363","35","18026406"
"chr3","20323100","20323406","chr1","21629879","21630184","34","1306779"
"chr3","20332717","20333016","chr15","64787542","64787841","37","44454825"
"chr3","20335229","20335508","chr15","64759694","64759986","42","44424465"
"chr3","20335949","20336244","chr11","46698163","46698459","37","26362214"
"chr3","20336333","20336642","chr29","21940583","21940891","39","1604250"
"chr3","20337270","20337581","chr15","64760936","64761247","29","44423666"
"chr3","20362555","20362855","chr15","64787542","64787841","32","44424987"
"chr3","20374254","20374552","chr9","8470176","8470462","42","11904078"
"chr3","20385022","20385315","chr4","52351346","52351638","34","31966324"
"chr3","20387861","20388154","chr9","21610624","21610913","38","1222763"
"chr3","20414130","20414424","chr12","80083509","80083803","35","59669379"
"chr3","20414552","20414862","chr15","64838826","64839132","41","44424274"
"chr3","20426979","20427287","chr15","64851747","64852051","26","44424768"
"chr3","20506083","20506368","chr15","64919202","64919483","28","44413119"
"chr3","20521416","20521706","chr26","55348271","55348564","33","34826855"
"chr3","20567035","20567335","chr15","64979046","64979341","29","44412011"
"chr3","20626626","20626936","chr15","979025","979333","41","19647601"
"chr3","20627499","20627765","chrX","37131877","37132141","32","16504378"
"chr3","20634406","20634707","chr15","65034104","65034405","26","44399698"
"chr3","20730588","20730901","chr15","65106484","65106789","36","44375896"
"chr3","20735361","20735674","chr15","65106484","65106789","36","44371123"
"chr3","21060878","21061177","chr13","66568192","66568498","37","45507314"
"chr3","21118336","21118619","chr15","65498161","65498449","37","44379825"
"chr3","21148153","21148435","chr15","65529141","65529412","41","44380988"
"chr3","21276231","21276533","chr9","21222890","21223190","32","53341"
"chr3","21395021","21395295","chr2","20076332","20076604","41","1318689"
"chr3","21509060","21509359","chr3","91583441","91583739","36","70074381"
"chr3","21714616","21714906","chr7","111567460","111567746","35","89852844"
"chr3","21847584","21847882","chr15","66173322","66173624","33","44325738"
"chr3","21905047","21905359","chr9","57393329","57393624","43","35488282"
"chr3","21915574","21915875","chrUn_KE147541v1","90633","90938","38","21824941"
"chr3","21933611","21933901","chr15","66256662","66256948","31","44323051"
"chr3","22157298","22157575","chr15","66485518","66485795","20","44328220"
"chr3","22203163","22203457","chr16","72650947","72651238","42","50447784"
"chr3","22272989","22273296","chr13","38298539","38298847","29","16025550"
"chr3","22347798","22348102","chr6","29948351","29948654","31","7600553"
"chr3","22380793","22381102","chr15","66698052","66698353","32","44317259"
"chr3","22485789","22486085","chr15","66798549","66798846","31","44312760"
"chr3","22504362","22504667","chr15","66815180","66815483","31","44310818"
"chr3","22532728","22533007","chr15","66839211","66839471","39","44306483"
"chr3","22908165","22908378","chr15","67213593","67213809","25","44305428"
"chr3","23008319","23008561","chr9","61704066","61704306","42","38695747"
"chr3","23122171","23122353","chr15","67419966","67420147","16","44297795"
"chr3","23195049","23195374","chr15","67492124","67492446","36","44297075"
"chr3","23200429","23200720","chr7","38167351","38167646","40","14966922"
"chr3","23256393","23256697","chr6","29397714","29398019","37","6141321"
"chr3","23269142","23269445","chr15","67571934","67572235","38","44302792"
"chr3","23291291","23291594","chr25","9570712","9571015","32","13720579"
"chr3","23317693","23317985","chr15","67636428","67636732","31","44318735"
"chr3","23487244","23487548","chr15","67789640","67789940","32","44302396"
"chr3","23507102","23507373","chr15","67809228","67809512","31","44302126"
"chr3","23548194","23548495","chr15","67843032","67843327","37","44294838"
"chr3","23549125","23549372","chr10","69226039","69226292","40","45676914"
"chr3","23565908","23566202","chr15","67860939","67861229","23","44295031"
"chr3","23570765","23571055","chr15","67865842","67866149","42","44295077"
"chr3","23575055","23575336","chr14","104427877","104428156","35","80852822"
"chr3","23587133","23587435","chr15","67882098","67882387","38","44294965"
"chr3","23636482","23636776","chr15","67931648","67931932","39","44295166"
"chr3","23676774","23677054","chr15","67965131","67965414","28","44288357"
"chr3","23710982","23711292","chr12","6938340","6938644","44","16772642"
"chr3","23717536","23717839","chr21","124655752","124656055","38","100938216"
"chr3","23720142","23720439","chr26","26624296","26624592","35","2904154"
"chr3","23763354","23763655","chr15","68037973","68038276","21","44274619"
"chr3","23789616","23789919","chr5","72944814","72945114","34","49155198"
"chr3","23878867","23879170","chr16","33539673","33539976","44","9660806"
"chr3","23888489","23888809","chr15","68172474","68172800","33","44283985"
"chr3","23926527","23926827","chr20","7591156","7591453","32","16335371"
"chr3","23944481","23944778","chr15","68226970","68227267","31","44282489"
"chr3","24011309","24011473","chr17","1665650","1665813","19","22345659"
"chr3","24012301","24012612","chr15","68289488","68289805","26","44277187"
"chr3","24025219","24025529","chr15","68309943","68310251","22","44284724"
"chr3","24032714","24033019","chr15","68316756","68317065","36","44284042"
"chr3","24072279","24072580","chr15","68354189","68354486","29","44281910"
"chr3","24074473","24074768","chr9","90033936","90034233","36","65959463"
"chr3","24148747","24148916","chr15","68424343","68424513","15","44275596"
"chr3","24156550","24156841","chr15","68434241","68434541","30","44277691"
"chr3","24158278","24158577","chr19","30057411","30057704","33","5899133"
"chr3","24170699","24170995","chr5","59165629","59165923","44","34994930"
"chr3","24178748","24179053","chr15","68455790","68456090","23","44277042"
"chr3","24179346","24179641","chr15","68456336","68456631","19","44276990"
"chr3","24201030","24201331","chr19","11937544","11937848","32","12263486"
"chr3","24231572","24231886","chr15","68510141","68510453","35","44278569"
"chr3","24232244","24232478","chr9","61704066","61704306","31","37471822"
"chr3","24300678","24300988","chr15","68578160","68578475","29","44277482"
"chr3","24309411","24309702","chr15","68586842","68587138","29","44277431"
"chr3","24311019","24311323","chr15","68588442","68588742","31","44277423"
"chr3","24325982","24326255","chr1","121584304","121584572","35","97258322"
"chr3","24328971","24329244","chr12","92369556","92369827","42","68040585"
"chr3","24349563","24349862","chr15","68635962","68636258","32","44286399"
"chr3","24352907","24353218","chr20","110792876","110793177","46","86439969"
"chr3","24362645","24362869","chr11","124263168","124263380","38","99900523"
"chr3","24363628","24363935","chr11","4422956","4423267","42","19940672"
"chr3","24373410","24373673","chr1","8123994","8124260","38","16249416"
"chr3","24376942","24377242","chr15","68662671","68662967","23","44285729"
"chr3","24386577","24386888","chr2","20411746","20412057","37","3974831"
"chr3","24389792","24390090","chr15","68677979","68678270","24","44288187"
"chr3","24399583","24399888","chr15","68688012","68688319","31","44288429"
"chr3","24400204","24400515","chr15","68688678","68688981","34","44288474"
"chr3","24407071","24407369","chr20","80161229","80161525","37","55754158"
"chr3","24411567","24411862","chr10","37429927","37430224","37","13018360"
"chr3","24418579","24418801","chr1","101596900","101597124","36","77178321"
"chr3","24466589","24466888","chr17","69535700","69536006","36","45069111"
"chr3","24608323","24608617","chr17","37878069","37878366","36","13269746"
"chr3","24724886","24725188","chr2","65566388","65566688","36","40841502"
"chr3","25000806","25001070","chr9","7331539","7331805","37","17669267"
"chr3","25047283","25047592","chr15","69304508","69304815","35","44257225"
"chr3","25057268","25057566","chr15","69314560","69314851","29","44257292"
"chr3","25149431","25149736","chr15","3560912","3561222","41","21588519"
"chr3","25186501","25186810","chr15","69450942","69451255","32","44264441"
"chr3","25309419","25309732","chr16","43529260","43529565","41","18219841"
"chr3","25321433","25321737","chr9","101078483","101078778","43","75757050"
"chr3","25410456","25410734","chr20","92772645","92772923","38","67362189"
"chr3","25556428","25556723","chr11","126860470","126860762","34","101304042"
"chr3","25596141","25596445","chr11","59487334","59487636","46","33891193"
"chr3","25729718","25730019","chr15","69992419","69992720","38","44262701"
"chr3","25734195","25734496","chr15","69992419","69992720","37","44258224"
"chr3","25815940","25816235","chr2","32484780","32485079","38","6668840"
"chr3","25918920","25919207","chr15","70172293","70172556","46","44253373"
"chr3","26037020","26037316","chr4","17013256","17013552","43","9023764"
"chr3","26065799","26066094","chr15","70319342","70319632","21","44253543"
"chr3","26080650","26080950","chr15","70334147","70334451","35","44253497"
"chr3","26086178","26086450","chr15","70339868","70340151","29","44253690"
"chr3","26089245","26089533","chr6","33908236","33908526","39","7818991"
"chr3","26153935","26154248","chr15","70403855","70404161","34","44249920"
"chr3","26178235","26178537","chr1","68742662","68742962","37","42564427"
"chr3","26180910","26181203","chr11","120526163","120526460","39","94345253"
"chr3","26211621","26211913","chr15","70463591","70463890","38","44251970"
"chr3","26315899","26316058","chr12","83252251","83252396","22","56936352"
"chr3","26442135","26442443","chr22","9212240","9212547","35","17229895"
"chr3","26728813","26729116","chr17","1769259","1769563","35","24959554"
"chr3","26793101","26793413","chr15","71005586","71005898","28","44212485"
"chr3","26956960","26957248","chr1","9922951","9923243","33","17034009"
"chr3","26985330","26985632","chr10","93621317","93621620","45","66635987"
"chr3","26990407","26990709","chr15","71206498","71206791","23","44216091"
"chr3","27060159","27060374","chr9","7821781","7821998","44","19238378"
"chr3","27152509","27152789","chr15","71366107","71366386","28","44213598"
"chr3","27197320","27197630","chr2","14360159","14360473","41","12837161"
"chr3","27197631","27197777","chr15","71402199","71402354","25","44204568"
"chr3","27204770","27205082","chr15","71407492","71407799","37","44202722"
"chr3","27277767","27278063","chr8","111217263","111217558","49","83939496"
"chr3","27469406","27469707","chr15","71629253","71629560","31","44159847"
"chr3","27537698","27538013","chr15","71697110","71697417","40","44159412"
"chr3","27579272","27579565","chr7","56604872","56605162","34","29025600"
"chr3","27580420","27580679","chr15","71731383","71731630","31","44150963"
"chr3","27585332","27585637","chr20","111352130","111352435","40","83766798"
"chr3","27589128","27589404","chr15","71739989","71740271","30","44150861"
"chr3","27639245","27639547","chr15","71794715","71795023","38","44155470"
"chr3","27702698","27702992","chr15","71850762","71851072","36","44148064"
"chr3","27704965","27705265","chr4","74779751","74780055","43","47074786"
"chr3","27732320","27732611","chr19","19085807","19086099","33","8646513"
"chr3","27749533","27749844","chr5","43308878","43309187","33","15559345"
"chr3","27753636","27753943","chr23","22864793","22865102","33","4888843"
"chr3","27804094","27804372","chr15","71954406","71954675","22","44150312"
"chr3","27857879","27858156","chr15","72007025","72007314","24","44149146"
"chr3","27858188","27858470","chr7","111567460","111567746","30","83709272"
"chr3","27865616","27865937","chr15","72014132","72014456","38","44148516"
"chr3","27874120","27874414","chr15","72023124","72023419","25","44149004"
"chr3","27884345","27884621","chrX","13724283","13724559","41","14160062"
"chr3","27906446","27906748","chr15","72050164","72050464","30","44143718"
"chr3","27907450","27907743","chr19","7242978","7243268","36","20664472"
"chr3","27915689","27915999","chr15","72056172","72056492","36","44140483"
"chr3","27918847","27919143","chr15","72060785","72061066","46","44141938"
"chr3","27919734","27920051","chr15","72061646","72061955","33","44141912"
"chr3","27922835","27923149","chr15","72064662","72064972","34","44141827"
"chr3","27926236","27926547","chr20","109420728","109421036","33","81494492"
"chr3","27927253","27927525","chr15","72069046","72069322","28","44141793"
"chr3","27929690","27929993","chr15","72071546","72071845","37","44141856"
"chr3","27934258","27934550","chr7","14303673","14303958","34","13630585"
"chr3","27935218","27935470","chrX","55466742","55467005","57","27531524"
"chr3","27941444","27941747","chr8","7114217","7114516","33","20827227"
"chr3","27945060","27945371","chr7","105940615","105940921","42","77995555"
"chr3","27947629","27947912","chr15","72089748","72090028","32","44142119"
"chr3","27950424","27950734","chr18","19871745","19872056","33","8078679"
"chr3","27951077","27951384","chr16","61063438","61063741","36","33112361"
"chr3","27962183","27962501","chrX","63446464","63446777","43","35484281"
"chr3","27980915","27981205","chr7","131958105","131958400","53","103977190"
"chr3","27983016","27983287","chr2","27924142","27924419","37","58874"
"chr3","27988447","27988759","chr23","75121731","75122042","34","47133284"
"chr3","27990452","27990751","chr15","72131453","72131757","30","44141001"
"chr3","27995327","27995630","chr15","72136700","72137011","35","44141373"
"chr3","27999381","27999678","chr20","121949465","121949756","42","93950084"
"chr3","28004770","28005059","chr15","72146240","72146526","25","44141470"
"chr3","28006565","28006774","chr15","72147979","72148197","22","44141414"
"chr3","28007769","28008058","chr6","40877220","40877511","41","12869451"
"chr3","28038909","28039209","chr17","29834840","29835134","39","1795931"
"chr3","28066074","28066372","chr11","104475593","104475890","32","76409519"
"chr3","28085839","28086146","chr15","72217518","72217820","32","44131679"
"chr3","28095361","28095651","chr15","72226724","72227020","39","44131363"
"chr3","28098879","28099194","chr15","72230254","72230573","36","44131375"
"chr3","28102678","28102925","chr8","29077367","29077630","48","974689"
"chr3","28120797","28121102","chr21","76479700","76480005","38","48358903"
"chr3","28123616","28123924","chr15","72245294","72245599","35","44121678"
"chr3","28128376","28128679","chr7","131889095","131889389","41","103760719"
"chr3","28162903","28163218","chr15","72283497","72283807","47","44120594"
"chr3","28164182","28164479","chr15","72284820","72285107","40","44120638"
"chr3","28185063","28185370","chr28","8303040","8303349","35","19882023"
"chr3","28193862","28194173","chr5","73188003","73188312","35","44994141"
"chr3","28210995","28211277","chr25","42774885","42775167","44","14563890"
"chr3","28213929","28214238","chr15","72334097","72334395","38","44120168"
"chr3","28317249","28317558","chr15","72436842","72437154","38","44119593"
"chr3","28334618","28334906","chr15","72460730","72461034","37","44126112"
"chr3","28336810","28337104","chr15","72462922","72463208","23","44126112"
"chr3","28398433","28398727","chr15","72519666","72519964","28","44121233"
"chr3","28427941","28428246","chr11","71524539","71524844","41","43096598"
"chr3","28561847","28562164","chr3","77437711","77438031","42","48875864"
"chr3","28569052","28569362","chr15","72673915","72674224","23","44104863"
"chr3","28583200","28583496","chr15","72688999","72689299","27","44105799"
"chr3","28679956","28680255","chr14","15712042","15712344","38","12967914"
"chr3","28730447","28730741","chr15","72830516","72830806","30","44100069"
"chr3","28743506","28743816","chr2","12066207","12066515","34","16677299"
"chr3","28750346","28750639","chr9","96732866","96733161","37","67982520"
"chr3","28825232","28825544","chr5","28367381","28367689","28","457851"
"chr3","28871579","28871881","chr2","39182421","39182732","43","10310842"
"chr3","28919859","28920142","chr9","62534396","62534678","34","33614537"
"chr3","29045222","29045450","chr11","122624723","122624940","50","93579501"
"chr3","29143362","29143655","chr15","73213274","73213566","36","44069912"
"chr3","29159034","29159346","chr6","1626740","1627055","45","27532294"
"chr3","29225340","29225647","chr15","73296850","73297157","38","44071510"
"chr3","29317827","29318104","chr9","12602918","12603195","38","16714909"
"chr3","29384337","29384620","chr3","15378665","15378944","29","14005672"
"chr3","29443430","29443727","chr2","14523205","14523513","42","14920225"
"chr3","29536324","29536612","chr14","46309257","46309544","42","16772933"
"chr3","29566050","29566354","chr29","8505951","8506255","52","21060099"
"chr3","29630242","29630530","chr2","14224880","14225169","43","15405362"
"chr3","29686378","29686680","chr12","7886220","7886520","32","21800158"
"chr3","29704629","29704939","chr1","17699624","17699919","52","12005005"
"chr3","29730206","29730503","chr15","73797987","73798289","24","44067781"
"chr3","29799832","29800129","chr10","44028544","44028854","42","14228712"
"chr3","29926277","29926542","chr6","4020111","4020373","43","25906166"
"chr3","29980832","29981133","chr15","74033596","74033899","26","44052764"
"chr3","29986713","29987011","chr11","96978397","96978692","35","66991684"
"chr3","30000923","30001226","chr15","74052832","74053130","37","44051909"
"chr3","30007947","30008241","chr15","74061205","74061500","29","44053258"
"chr3","30031635","30031932","chr15","74085900","74086202","29","44054265"
"chr3","30076370","30076686","chr15","74129471","74129792","33","44053101"
"chr3","30151110","30151447","chr6","78687","79026","50","30072423"
"chr3","30215110","30215395","chr20","108632233","108632522","41","78417123"
"chr3","30265212","30265515","chr15","74319590","74319885","33","44054378"
"chr3","30281455","30281783","chr15","74336250","74336554","49","44054795"
"chr3","30534270","30534567","chr8","17924799","17925093","38","12609471"
"chr3","30616077","30616386","chr21","124655752","124656055","35","94039675"
"chr3","30896116","30896425","chr15","74915828","74916133","35","44019712"
"chr3","31022926","31023218","chr1","67937430","67937722","41","36914504"
"chr3","31046255","31046561","chr15","75055872","75056177","23","44009617"
"chr3","31057718","31058027","chr5","14824425","14824736","38","16233293"
"chr3","31095015","31095325","chr15","75102016","75102316","31","44007001"
"chr3","31123184","31123489","chr29","19796485","19796789","31","11326699"
"chr3","31145160","31145469","chr15","75151692","75151989","33","44006532"
"chr3","31155734","31156030","chr13","79168479","79168776","33","48012745"
"chr3","31280062","31280344","chr15","75287451","75287716","48","44007389"
"chr3","31398106","31398410","chr10","117957958","117958259","35","86559852"
"chr3","31525401","31525699","chr15","75532909","75533213","31","44007508"
"chr3","31595987","31596293","chr15","75604259","75604569","32","44008272"
"chr3","31630653","31630868","chr13","64715078","64715302","38","33084425"
"chr3","31973652","31973914","chr5","60403345","60403611","31","28429693"
"chr3","32039379","32039671","chr24","52241668","52241960","29","20202289"
"chr3","32057059","32057347","chr16","1360448","1360740","46","30696611"
"chr3","32154532","32154800","chr26","2289540","2289807","68","29864992"
"chr3","32154957","32155237","chr9","14000349","14000629","40","18154608"
"chr3","32209888","32210153","chr19","11489984","11490251","34","20719904"
"chr3","32213948","32214126","chr8","7488432","7488611","23","24725516"
"chr3","32237380","32237667","chr15","76245584","76245877","43","44008204"
"chr3","32259761","32260060","chr6","31618186","31618483","39","641575"
"chr3","32263805","32264079","chr21","7526844","7527121","31","24736961"
"chr3","32266288","32266592","chr19","13705893","13706204","42","18560395"
"chr3","32266647","32266949","chr15","76276031","76276334","35","44009384"
"chr3","32300643","32300945","chr2","63213955","63214255","34","30913312"
"chr3","32301981","32302259","chr15","76311029","76311317","34","44009048"
"chr3","32304411","32304706","chr13","66725191","66725490","36","34420780"
"chr3","32312519","32312829","chrX","46054412","46054721","34","13741893"
"chr3","32374097","32374379","chr15","76383464","76383746","23","44009367"
"chr3","32378158","32378488","chr12","95244415","95244734","74","62866257"
"chr3","32401206","32401494","chr11","44051599","44051891","43","11650393"
"chr3","32420804","32421107","chr3","9026672","9026974","35","23394132"
"chr3","32425892","32426185","chr2","58338718","58339014","37","25912826"
"chr3","32430659","32430955","chr15","76435823","76436118","29","44005164"
"chr3","32432457","32432768","chr15","76437596","76437899","32","44005139"
"chr3","32444073","32444382","chr15","76449810","76450119","36","44005737"
"chr3","32452976","32453237","chr15","76460442","76460699","23","44007466"
"chr3","32461457","32461777","chr11","3442698","3443002","60","29018759"
"chr3","32481674","32481979","chr15","76488437","76488743","26","44006763"
"chr3","32488863","32489223","chr15","76495726","76496084","39","44006863"
"chr3","32491458","32491755","chr15","76499042","76499333","30","44007584"
"chr3","32532095","32532376","chr1","7550154","7550431","45","24981941"
"chr3","32546438","32546722","chr15","76544901","76545189","22","43998463"
"chr3","32554752","32555061","chr9","92559992","92560298","40","60005240"
"chr3","32582647","32582941","chr15","76578453","76578753","21","43995806"
"chr3","32614512","32614812","chr15","76604436","76604744","29","43989924"
"chr3","32693284","32693588","chr2","47505197","47505502","35","14811913"
"chr3","32729966","32730275","chr15","76720431","76720740","19","43990465"
"chr3","32732589","32732913","chr5","74508784","74509109","44","41776195"
"chr3","32743504","32743823","chr15","76733613","76733930","28","43990109"
"chr3","32752382","32752651","chr12","57823631","57823895","46","25071249"
"chr3","32765651","32765950","chr15","76755207","76755507","36","43989556"
"chr3","32767199","32767492","chr18","34938378","34938668","36","2171179"
"chr3","32772797","32773113","chr15","76761633","76761950","26","43988836"
"chr3","32817278","32817550","chr15","76799585","76799861","23","43982307"
"chr3","32851331","32851617","chr15","76830325","76830620","29","43978994"
"chr3","32887212","32887526","chr15","76865687","76865999","32","43978475"
"chr3","32890625","32890936","chr15","76869079","76869387","32","43978454"
"chr3","32902536","32902834","chr15","76881351","76881646","28","43978815"
"chr3","32921432","32921735","chr15","76901280","76901585","21","43979848"
"chr3","33029378","33029655","chr23","57014963","57015252","42","23985585"
"chr3","33037641","33037677","chr25","27802723","27802760","10","5234918"
"chr3","33037816","33038099","chr4","75531798","75532081","44","42493982"
"chr3","33048727","33049024","chr15","77027274","77027571","29","43978547"
"chr3","33053064","33053370","chr15","77032220","77032534","31","43979156"
"chr3","33062837","33063130","chr8","7114217","7114516","41","25948620"
"chr3","33083905","33084198","chr15","77065994","77066291","23","43982089"
"chr3","33093963","33094274","chr15","77076396","77076706","22","43982433"
"chr3","33103984","33104274","chrX","17410952","17411237","33","15693032"
"chr3","33133005","33133314","chr4","38199684","38199991","40","5066679"
"chr3","33145828","33146128","chr2","39182421","39182732","34","6036593"
"chr3","33149658","33149882","chr6","7663026","7663281","52","25486632"
"chr3","33170412","33170704","chr15","77147869","77148154","34","43977457"
"chr3","33174936","33175225","chr11","118168788","118169077","33","84993852"
"chr3","33181605","33181904","chr4","71397848","71398149","42","38216243"
"chr3","33189488","33189754","chr4","33230603","33230871","32","41115"
"chr3","33196311","33196589","chr2","33529156","33529434","43","332845"
"chr3","33219022","33219332","chr14","105114118","105114427","36","71895096"
"chr3","33223977","33224251","chr23","75091729","75091997","49","41867752"
"chr3","33258232","33258530","chr15","77237187","77237482","23","43978955"
"chr3","33270663","33270815","chr24","44838410","44838559","20","11567747"
"chr3","33283962","33284260","chr15","77263880","77264165","29","43979918"
"chr3","33285024","33285336","chr21","107399222","107399530","60","74114198"
"chr3","33294527","33294823","chr11","15370671","15370966","40","17923856"
"chr3","33302275","33302573","chr15","77281844","77282142","27","43979569"
"chr3","33307669","33307958","chr15","77289093","77289399","35","43981424"
"chr3","33309868","33310112","chr20","117276840","117277088","41","83966972"
"chr3","33334101","33334395","chr10","36804532","36804826","32","3470431"
"chr3","33355501","33355738","chrX","16958483","16958741","53","16397018"
"chr3","33370443","33370693","chr15","77345423","77345670","30","43974980"
"chr3","33376475","33376783","chr15","77350996","77351303","29","43974521"
"chr3","33382702","33382983","chr15","77356698","77356978","34","43973996"
"chr3","33388661","33388964","chr15","77362670","77362977","25","43974009"
"chr3","33390758","33391054","chr15","77364291","77364593","46","43973533"
"chr3","33391173","33391460","chr2_AQIB01158182v1_random","6914","7216","60","33384259"
"chr3","33399462","33399727","chr16","6368150","6368417","34","27031312"
"chr3","33399750","33400052","chr26","2668803","2669103","35","30730947"
"chr3","33401205","33401508","chr29","19796485","19796789","36","13604720"
"chr3","33402031","33402305","chr5","70385096","70385371","39","36983065"
"chr3","33406342","33406642","chr13","84603677","84603975","34","51197335"
"chr3","33414956","33415226","chr15","77387844","77388118","26","43972888"
"chr3","33427307","33427615","chr9","101078483","101078778","35","67651176"
"chr3","33433280","33433584","chr16","61063438","61063741","30","27630158"
"chr3","33447129","33447432","chr14","46007317","46007617","36","12560188"
"chr3","33483056","33483368","chr16","2561443","2561752","34","30921613"
"chr3","33485801","33486082","chr14","45404891","45405174","41","11919090"
"chr3","33522325","33522623","chr1","17699624","17699919","32","15822701"
"chr3","33523868","33524054","chr21","107578728","107578919","29","74054860"
"chr3","33529959","33530247","chr10","106636139","106636428","38","73106180"
"chr3","33545081","33545391","chr16","47697157","47697462","41","14152076"
"chr3","33559347","33559638","chr15","77499101","77499391","21","43939754"
"chr3","33610828","33611099","chr9","44980829","44981096","40","11370001"
"chr3","33617591","33617887","chrX","46730842","46731144","46","13113251"
"chr3","33623937","33624234","chr11","51761417","51761717","86","18137480"
"chr3","33645990","33646288","chr11","47789740","47790038","32","14143750"
"chr3","33649845","33650124","chr15","77593676","77593955","17","43943831"
"chr3","33652952","33653253","chr12","408481","408778","31","33244471"
"chr3","33745708","33745995","chr7","13612176","13612457","37","20133532"
"chr3","33764648","33764983","chr14","38782769","38783102","49","5018121"
"chr3","33773165","33773478","chr15","77727054","77727369","45","43953889"
"chr3","33774873","33775172","chr11","96978397","96978692","33","63203524"
"chr3","33794013","33794329","chr15","77746163","77746471","31","43952150"
"chr3","33815574","33815886","chr11","4422956","4423267","40","29392618"
"chr3","33879749","33880056","chr15","77832411","77832726","31","43952662"
"chr3","33883152","33883456","chr15","77835817","77836110","34","43952665"
"chr3","33895249","33895542","chr1","67937430","67937722","30","34042181"
"chr3","33916536","33916837","chr15","77868622","77868928","24","43952086"
"chr3","33917382","33917693","chr15","77869474","77869788","22","43952092"
"chr3","33925287","33925578","chrX","21614638","21614927","39","12310649"
"chr3","33959236","33959544","chr15","77910533","77910845","24","43951297"
"chr3","34002980","34003280","chr1","11277601","11277899","40","22725379"
"chr3","34014048","34014338","chr6","33908236","33908526","28","105812"
"chr3","34017380","34017688","chrUn_KE147541v1","114130","114436","40","33903250"
"chr3","34028987","34029302","chr18","23939459","23939773","43","10089528"
"chr3","34033420","34033722","chr2","5600079","5600383","30","28433341"
"chr3","34049427","34049737","chr15","77976299","77976606","27","43926872"
"chr3","34054354","34054644","chr1","125256913","125257202","41","91202559"
"chr3","34060907","34061204","chr15","77987727","77988035","34","43926820"
"chr3","34066936","34067222","chr26","9906430","9906725","41","24160506"
"chr3","34097572","34097871","chr15","78027871","78028174","34","43930299"
"chr3","34099572","34099872","chr28","19188684","19188984","34","14910888"
"chr3","34103904","34104200","chrX","1965536","1965833","41","32138368"
"chr3","34104439","34104741","chr15","78034708","78035010","20","43930269"
"chr3","34107709","34108011","chr15","78038014","78038315","29","43930305"
"chr3","34127400","34127684","chrX","58156466","58156747","35","24029066"
"chr3","34153372","34153652","chr15","78083619","78083898","26","43930247"
"chr3","34162409","34162714","chr15","78092625","78092934","36","43930216"
"chr3","34166138","34166452","chr15","78096264","78096591","36","43930126"
"chr3","34179808","34180112","chr1","14106229","14106537","39","20073579"
"chr3","34186510","34186820","chr15","78116467","78116760","41","43929957"
"chr3","34278098","34278419","chr15","78196377","78196691","35","43918279"
"chr3","34290551","34290801","chr14","3253581","3253835","32","31036970"
"chr3","34311057","34311349","chr4","89161744","89162038","39","54850687"
"chr3","34312282","34312573","chr16","17279990","17280279","36","17032292"
"chr3","34335074","34335375","chr15","78249689","78249984","33","43914615"
"chr3","34339528","34339828","chr15","78254422","78254730","33","43914894"
"chr3","34341926","34342219","chr15","78256831","78257124","32","43914905"
"chr3","34392230","34392526","chr15","78303817","78304110","33","43911587"
"chr3","34395651","34395949","chr15","78306237","78306537","25","43910586"
"chr3","34458692","34459014","chr4","9873301","9873628","44","24585391"
"chr3","34464756","34465059","chr15","78377918","78378224","24","43913162"
"chr3","34478004","34478316","chr15","78391276","78391582","31","43913272"
"chr3","34589737","34590044","chr15","78503241","78503551","21","43913504"
"chr3","34760266","34760569","chr20","77903993","77904291","34","43143727"
"chr3","34799094","34799390","chr4","51527198","51527493","35","16728104"
"chr3","34847074","34847369","chr15","78739020","78739312","37","43891946"
"chr3","34887983","34888280","chr15","78779015","78779321","30","43891032"
"chr3","34901873","34902164","chr15","78792551","78792844","27","43890678"
"chr3","35227306","35227603","chrX","44046753","44047049","45","8819447"
"chr3","35276651","35276920","chr1","9275729","9275995","52","26000922"
"chr3","35296861","35297161","chr15","79164558","79164858","16","43867697"
"chr3","35401957","35402255","chr14","46007317","46007617","34","10605360"
"chr3","35579131","35579452","chr2","20411746","20412057","44","15167385"
"chr3","35619070","35619269","chr1","84910482","84910685","37","49291412"
"chr3","35648513","35648808","chr15","79521997","79522297","32","43873484"
"chr3","35768556","35768871","chr15","79634867","79635180","44","43866311"
"chr3","35792238","35792534","chr3","90779911","90780208","36","54987673"
"chr3","35854741","35855043","chr15","79713181","79713475","43","43858440"
"chr3","36123611","36123911","chr15","79972129","79972436","22","43848518"
"chr3","36145267","36145339","chrX","116311180","116311249","20","80165913"
"chr3","36145886","36146101","chr11","124263168","124263380","48","88117282"
"chr3","36314683","36314996","chr15","80157173","80157495","34","43842490"
"chr3","36339024","36339315","chr6","31888813","31889108","32","4450211"
"chr3","36492905","36493193","chr18","34938378","34938668","41","1554527"
"chr3","36509717","36510012","chr28","19157298","19157596","33","17352419"
"chr3","36803058","36803377","chr14","2950836","2951149","39","33852222"
"chr3","36938774","36939080","chr23","80870593","80870901","33","43931819"
"chr3","37015986","37016262","chr6","50024461","50024738","32","13008475"
"chr3","37094844","37095147","chr2","5914047","5914349","33","31180797"
"chr3","37122146","37122443","chr5","59338845","59339137","35","22216699"
"chr3","37235421","37235717","chr15","2736552","2736846","25","34498869"
"chr3","37241510","37241814","chr3","79132786","79133084","31","41891276"
"chr3","37299300","37299590","chr15","2678437","2678732","31","34620863"
"chr3","37375175","37375449","chr10","2015623","2015904","35","35359552"
"chr3","37381557","37381870","chr15","2599990","2600296","38","34781567"
"chr3","37402421","37402696","chr10","89929233","89929510","36","52526812"
"chr3","37426212","37426521","chr14","68724163","68724467","37","31297951"
"chr3","37463846","37464143","chr15","2519056","2519353","31","34944790"
"chr3","37465344","37465644","chr15","2517527","2517838","43","34947817"
"chr3","37509320","37509640","chr2","14360159","14360473","45","23149161"
"chr3","37518134","37518339","chr7","15845768","15845962","37","21672366"
"chr3","37519607","37519906","chr15","2461630","2461932","28","35057977"
"chr3","37525387","37525545","chr8","98834721","98834879","27","61309334"
"chr3","37535715","37536019","chr15","2447302","2447595","29","35088413"
"chr3","37540580","37540890","chr15","2442455","2442760","38","35098125"
"chr3","37554101","37554397","chr15","2430270","2430575","26","35123831"
"chr3","37608587","37608874","chr6","14238940","14239225","44","23369647"
"chr3","37615430","37615719","chr15","2371876","2372155","30","35243554"
"chr3","37620591","37620888","chr16","23943088","23943388","42","13677503"
"chr3","37623902","37624204","chr8","137860796","137861094","38","100236894"
"chr3","37624821","37625124","chr15","2363145","2363438","27","35261676"
"chr3","37631264","37631559","chr19","18477827","18478119","40","19153437"
"chr3","37634268","37634515","chr11","97920584","97920848","54","60286316"
"chr3","37637492","37637794","chr15","2350638","2350939","31","35286854"
"chr3","37661400","37661711","chr5","63307767","63308078","39","25646367"
"chr3","37664037","37664347","chr15","2325695","2326005","18","35338342"
"chr3","37672206","37672519","chr15","2317610","2317926","29","35354596"
"chr3","37679740","37680026","chr15","2309342","2309628","25","35370398"
"chr3","37700236","37700518","chr15","2291757","2292041","22","35408479"
"chr3","37703105","37703400","chr1","125148379","125148673","33","87445274"
"chr3","37743534","37743832","chr20","105543972","105544267","40","67800438"
"chr3","37775104","37775314","chr15","2211564","2211774","15","35563540"
"chr3","37783190","37783502","chr5","17412271","17412570","41","20370919"
"chr3","37789940","37790233","chr15","2195980","2196273","24","35593960"
"chr3","37804016","37804314","chr26","43663051","43663349","31","5859035"
"chr3","37834965","37835253","chr15","2150552","2150841","30","35684413"
"chr3","37850771","37851073","chr19","30010706","30011008","33","7840065"
"chr3","37851083","37851402","chr5","14824425","14824736","48","23026658"
"chr3","37864966","37865265","chr8","138973046","138973346","27","101108080"
"chr3","37872311","37872611","chr15","2116744","2117032","34","35755567"
"chr3","37971097","37971391","chr15","2014747","2015041","33","35956350"
"chr3","37978080","37978368","chr12","14360098","14360391","38","23617982"
"chr3","37981536","37981826","chr15","2004261","2004550","26","35977275"
"chr3","37992494","37992790","chr2","13355109","13355411","38","24637385"
"chr3","38043339","38043611","chr15","1943938","1944218","30","36099401"
"chr3","38068375","38068647","chr15","1913096","1913380","34","36155279"
"chr3","38126916","38127210","chr15","1854382","1854686","31","36272534"
"chr3","38241425","38241723","chr15","57594128","57594422","43","19352703"
"chr3","38319619","38319916","chr26","26624296","26624592","35","11695323"
"chr3","38334002","38334308","chr15","1656477","1656777","35","36677525"
"chr3","38344842","38345154","chr15","1645624","1645930","20","36699218"
"chr3","38345171","38345515","chr9","71121124","71121473","68","32775953"
"chr3","38363549","38363845","chr15","1626716","1627008","26","36736833"
"chr3","38364302","38364612","chr15","1625960","1626265","42","36738342"
"chr3","38371600","38371839","chr6","8943890","8944140","46","29427710"
"chr3","38395030","38395325","chr15","1596249","1596549","30","36798781"
"chr3","38415583","38415811","chr9","61704066","61704306","44","23288483"
"chr3","38417333","38417639","chr1","101882714","101883021","31","63465381"
"chr3","38421955","38422248","chr15","1560593","1560888","22","36861362"
"chr3","38468696","38468996","chr1","6871378","6871678","33","31597318"
"chr3","38499313","38499573","chr9","44980829","44981096","43","6481516"
"chr3","38523138","38523439","chr15","1468622","1468925","30","37054516"
"chr3","38531647","38531920","chr15","1461006","1461286","33","37070641"
"chr3","38562130","38562407","chr15","1430817","1431099","29","37131313"
"chr3","38616015","38616324","chr15","1376307","1376628","40","37239708"
"chr3","38653969","38654285","chr15","1344674","1344983","35","37309295"
"chr3","38738764","38739053","chr15","1263995","1264284","28","37474769"
"chr3","38745551","38745850","chr15","1258947","1259237","31","37486604"
"chr3","38747222","38747491","chr9","114710316","114710584","45","75963094"
"chr3","38752358","38752648","chr24","65021397","65021688","32","26269039"
"chr3","38906061","38906300","chr6","38494239","38494470","35","411822"
"chr3","38919275","38919594","chr24","40396858","40397185","45","1477583"
"chr3","38996284","38996587","chr21","124655752","124656055","26","85659468"
"chr3","39002221","39002527","chr2","39276692","39276997","41","274471"
"chr3","39011952","39012253","chr15","990823","991120","26","38021129"
"chr3","39046282","39046606","chrUn_KE147541v1","563683","563994","34","38482599"
"chr3","39086863","39087170","chr7","115282515","115282825","37","76195652"
"chr3","39099686","39099981","chr23","81934510","81934806","38","42834824"
"chr3","39108272","39108570","chr15","893912","894204","25","38214360"
"chr3","39132342","39132649","chr15","870641","870940","29","38261701"
"chr3","39228220","39228507","chr15","4481960","4482238","38","34746260"
"chr3","39243648","39243949","chr26","2668803","2669103","32","36574845"
"chr3","39248888","39249203","chr15","757007","757315","38","38491881"
"chr3","39264405","39264564","chr9","21352404","21352550","29","17912001"
"chr3","39500880","39501168","chr11","120526163","120526460","43","81025283"
"chr3","39571959","39572272","chr15","435496","435813","28","39136463"
"chr3","39617420","39617716","chr22","18141424","18141720","27","21475996"
"chr3","39626647","39626959","chr15","386015","386327","19","39240632"
"chr3","39636540","39636828","chr6","33908236","33908526","40","5728304"
"chr3","39721600","39721908","chr15","293412","293711","32","39428188"
"chr3","39774802","39775101","chr15","241293","241600","29","39533509"
"chr3","39804594","39804801","chr29","3680945","3681142","30","36123649"
"chr3","39810818","39811124","chr8","10801167","10801476","38","29009651"
"chr3","39885077","39885291","chr17","38823537","38823742","39","1061540"
"chr3","39921305","39921609","chr15","94380","94677","25","39826925"
"chr3","39978128","39978440","chr20","105607435","105607747","33","65629307"
"chr3","40016333","40016513","chr8","104041701","104041878","34","64025368"
"chr3","40054585","40054808","chr15","16344","16572","21","40038241"
"chr3","40073098","40073399","chr28","19188684","19188984","32","20884414"
"chr3","40075993","40076292","chr22","1017274","1017571","36","39058719"
"chr3","40099603","40099905","chr22","1040281","1040585","28","39059322"
"chr3","40218597","40218908","chr4","35644646","35644957","37","4573951"
"chr3","40334896","40335192","chr22","1268592","1268901","35","39066304"
"chr3","40381194","40381474","chr22","1310830","1311104","27","39070364"
"chr3","40391202","40391492","chr22","1321281","1321559","31","39069921"
"chr3","40454477","40454781","chr22","1383101","1383405","35","39071376"
"chr3","40528141","40528442","chr22","1447768","1448064","26","39080373"
"chr3","40532776","40533069","chr22","1452445","1452732","30","39080331"
"chr3","40716568","40716860","chr5","14339910","14340202","35","26376658"
"chr3","40743996","40744293","chr9","33958924","33959219","39","6785072"
"chr3","40760010","40760315","chr22","1645223","1645524","29","39114787"
"chr3","40866961","40867258","chr22","1740221","1740518","26","39126740"
"chr3","40893867","40894167","chr22","1766328","1766628","28","39127539"
"chr3","40975412","40975709","chr22","1840832","1841126","19","39134580"
"chr3","40986031","40986345","chr24","68745181","68745488","36","27759150"
"chr3","41006844","41007149","chr22","1869711","1870020","23","39137133"
"chr3","41010216","41010480","chr23","10708794","10709063","45","30301422"
"chr3","41027504","41027821","chr2","36704617","36704931","49","4322887"
"chr3","41029587","41029907","chr11","397201","397515","51","40632386"
"chr3","41037536","41037846","chr19","21126537","21126847","26","19910999"
"chr3","41040659","41040949","chr22","1901104","1901400","26","39139555"
"chr3","41072879","41073193","chr22","1930289","1930601","26","39142590"
"chr3","41078665","41078968","chr22","1935177","1935488","33","39143488"
"chr3","41083610","41083922","chr20_KE148049v1_random","745327","745636","39","40338283"
"chr3","41097398","41097679","chr22","1952864","1953137","35","39144534"
"chr3","41106219","41106504","chr11","99968464","99968750","32","58862245"
"chr3","41108741","41109026","chr12","37814722","37815005","44","3294019"
"chr3","41121024","41121318","chr22","1974774","1975059","37","39146250"
"chr3","41122398","41122684","chr22","1976129","1976422","40","39146269"
"chr3","41128966","41129243","chr16","3593347","3593628","47","37535619"
"chr3","41131290","41131534","chr9","61704066","61704306","35","20572776"
"chr3","41135532","41135796","chr9","44980829","44981096","29","3845297"
"chr3","41138872","41139042","chr10","33376506","33376682","34","7762366"
"chr3","41142485","41142707","chr12","97555085","97555307","31","56412600"
"chr3","41163227","41163531","chr8","48698345","48698653","36","7535118"
"chr3","41167648","41167959","chr5","59743438","59743749","43","18575790"
"chr3","41184320","41184636","chr22","2040431","2040741","39","39143889"
"chr3","41189222","41189526","chr22","2045719","2046032","37","39143503"
"chr3","41230879","41231181","chr1","32350047","32350343","35","8880832"
"chr3","41234626","41234920","chr22","2083103","2083396","27","39151523"
"chr3","41279733","41280048","chr22","2124480","2124781","37","39155253"
"chr3","41333622","41333928","chr22","2179446","2179757","26","39154176"
"chr3","41388367","41388677","chrX","111488159","111488465","35","70099792"
"chr3","41494896","41495206","chr22","2348823","2349131","25","39146073"
"chr3","41554017","41554328","chr22","2400314","2400625","30","39153703"
"chr3","41626896","41627180","chr22","2467216","2467502","25","39159680"
"chr3","41671274","41671556","chr14","97267344","97267623","45","55596070"
"chr3","41799827","41800118","chr22","2637117","2637410","29","39162710"
"chr3","41852112","41852376","chr1","108635202","108635464","48","66783090"
"chr3","41903291","41903605","chr5","74946041","74946348","40","33042750"
"chr3","41920134","41920437","chr22","2755594","2755897","29","39164540"
"chr3","41939918","41940165","chr22","2776362","2776619","32","39163556"
"chr3","41972976","41973275","chr20","77903993","77904291","35","35931017"
"chr3","42017028","42017333","chr22","49594481","49594784","32","7577453"
"chr3","42032654","42032950","chr24","14660668","14660955","40","27371986"
"chr3","42083724","42084047","chr2","58189233","58189553","43","16105509"
"chr3","42102334","42102643","chrX","46241325","46241636","36","4138991"
"chr3","42103980","42104275","chr22","2930022","2930300","38","39173958"
"chr3","42106829","42107119","chr17","35227737","35228029","39","6879092"
"chr3","42172425","42172731","chr22","2995626","2995937","32","39176799"
"chr3","42207924","42208234","chr25","64215175","64215485","41","22007251"
"chr3","42315948","42316247","chr11","96978397","96978692","23","54662449"
"chr3","42387417","42387716","chr8","119089488","119089787","33","76702071"
"chr3","42404433","42404694","chr4","65539199","65539471","44","23134766"
"chr3","42506127","42506431","chr22","3302009","3302310","25","39204118"
"chr3","42540341","42540637","chr1","19453527","19453824","36","23086814"
"chr3","42544678","42544974","chr9","61066490","61066788","36","18521812"
"chr3","42556345","42556646","chr15","64630867","64631162","40","22074522"
"chr3","42563574","42563871","chr1","11398779","11399075","32","31164795"
"chr3","42565627","42565933","chr22","3348872","3349183","35","39216755"
"chr3","42574690","42574987","chr19","26535020","26535316","39","16039670"
"chr3","42576414","42576696","chrX","625090","625369","41","41951324"
"chr3","42588120","42588420","chr22","3370034","3370325","31","39218086"
"chr3","42604365","42604646","chr22","3386241","3386534","34","39218124"
"chr3","42623494","42623800","chr3","3191920","3192229","39","39431574"
"chr3","42623936","42624216","chr1","10468650","10468936","43","32155286"
"chr3","42627864","42628171","chrX","113675371","113675678","36","71047507"
"chr3","42635470","42635726","chr22","3417491","3417752","24","39217979"
"chr3","42636796","42637102","chr1","32350047","32350343","42","10286749"
"chr3","42645237","42645549","chr22","3425290","3425604","31","39219947"
"chr3","42659028","42659299","chr11","59964710","59964985","36","17305682"
"chr3","42662692","42662983","chr1","68469032","68469335","53","25806340"
"chr3","42663460","42663760","chrX","58604391","58604686","43","15940931"
"chr3","42676848","42677153","chr22","3448486","3448797","25","39228362"
"chr3","42677292","42677599","chr22","3448927","3449228","29","39228365"
"chr3","42684862","42685173","chr8","10801167","10801476","42","31883695"
"chr3","42700095","42700381","chr21","21952892","21953180","30","20747203"
"chr3","42729795","42730084","chr22","3513181","3513477","35","39216614"
"chr3","42731772","42732062","chr15","90536879","90537170","37","47805107"
"chr3","42737848","42738114","chr26","2297622","2297885","43","40440226"
"chr3","42741462","42741773","chr22","3524643","3524949","35","39216819"
"chr3","42748284","42748605","chr22","3531588","3531910","30","39216696"
"chr3","42752392","42752697","chr1","21807781","21808091","40","20944611"
"chr3","42780563","42780859","chr22","3560185","3560489","30","39220378"
"chr3","42816335","42816646","chr11","109623820","109624131","43","66807485"
"chr3","42819059","42819358","chr22","3599709","3600015","26","39219350"
"chr3","42836311","42836610","chr22","3617252","3617551","19","39219059"
"chr3","42837545","42837666","chr10","115414497","115414652","52","72576952"
"chr3","42852969","42853264","chr20","2574327","2574624","34","40278642"
"chr3","42894197","42894507","chr2","18098488","18098797","37","24795709"
"chr3","42951164","42951472","chr22","3723872","3724180","36","39227292"
"chr3","42992807","42993111","chr6","47863392","47863685","33","4870585"
"chr3","43016860","43017156","chr22","3805668","3805957","36","39211192"
"chr3","43163668","43163980","chr22","3954025","3954337","30","39209643"
"chr3","43174830","43175106","chr22","3965150","3965428","27","39209680"
"chr3","43178894","43179182","chr1","5539399","5539680","38","37639495"
"chr3","43236528","43236830","chr22","4024938","4025242","33","39211590"
"chr3","43243126","43243415","chr22","4031790","4032079","13","39211336"
"chr3","43258623","43258916","chr5","75000048","75000340","37","31741425"
"chr3","43276970","43277276","chr20","102069946","102070249","39","58792976"
"chr3","43369923","43370226","chr28","19188684","19188984","38","24181239"
"chr3","43395491","43395786","chrX","22428011","22428306","34","20967480"
"chr3","43402831","43403070","chr9","61704066","61704306","41","18301235"
"chr3","43426000","43426306","chr16","1283822","1284122","36","42142178"
"chr3","43427945","43428224","chr22","4229215","4229492","27","39198730"
"chr3","43442406","43442706","chr28","19188684","19188984","39","24253722"
"chr3","43462219","43462495","chr12","60459844","60460120","44","16997625"
"chr3","43467897","43468189","chr22","4269455","4269751","23","39198442"
"chr3","43479318","43479623","chr22","4281346","4281649","24","39197972"
"chr3","43494231","43494533","chr25","17273745","17274042","36","26220486"
"chr3","43500733","43501030","chr9","57801534","57801827","52","14300801"
"chr3","43542961","43543241","chr14","46622731","46623023","38","3079770"
"chr3","43550083","43550387","chr17","40169247","40169553","44","3380836"
"chr3","43571390","43571684","chr22","4370505","4370796","35","39200885"
"chr3","43577939","43578232","chr1","19453527","19453824","34","24124412"
"chr3","43580077","43580380","chr21","124655752","124656055","28","81075675"
"chr3","43600335","43600640","chr22","4400162","4400465","30","39200173"
"chr3","43605444","43605726","chr2","25324840","25325124","31","18280604"
"chr3","43617127","43617408","chr10","18752927","18753204","58","24864200"
"chr3","43637876","43638176","chr9","21222890","21223190","32","22414986"
"chr3","43653283","43653581","chr8","7114217","7114516","35","36539066"
"chr3","43687196","43687503","chr22","4488679","4488989","27","39198517"
"chr3","43752837","43753052","chr22","4555452","4555660","21","39197385"
"chr3","43835726","43835997","chr22","4635799","4636080","30","39199927"
"chr3","44016906","44017212","chr22","4816120","4816420","28","39200786"
"chr3","44076989","44077298","chr22","4874392","4874703","27","39202597"
"chr3","44090669","44090979","chr22","4887090","4887402","30","39203579"
"chr3","44107829","44108028","chr11","105456932","105457131","33","61349103"
"chr3","44133466","44133765","chr22","4935272","4935569","30","39198194"
"chr3","44197713","44198021","chr22","4995556","4995864","21","39202157"
"chr3","44263475","44263769","chr23","65517898","65518189","38","21254423"
"chr3","44274833","44275126","chr19","11620203","11620494","40","32654630"
"chr3","44289460","44289738","chr22","5073400","5073685","30","39216060"
"chr3","44331177","44331481","chr22","5107335","5107644","37","39223842"
"chr3","44343246","44343542","chr22","5119162","5119459","26","39224084"
"chr3","44346698","44347008","chr16","70267268","70267576","35","25920570"
"chr3","44454321","44454620","chr12","964980","965277","38","43489341"
"chr3","44526111","44526375","chr22","5310304","5310573","26","39215807"
"chr3","44612646","44612951","chr22","5389735","5390040","36","39222911"
"chr3","44621807","44622102","chr22","5398614","5398914","37","39223193"
"chr3","44679384","44679609","chr22","5451393","5451627","27","39227991"
"chr3","44826683","44826982","chr22","5600957","5601256","34","39225726"
"chr3","44838947","44839184","chr9","61704066","61704306","43","16865119"
"chr3","44848101","44848399","chr15","83404162","83404463","33","38556061"
"chr3","44921564","44921861","chr22","5698151","5698448","40","39223413"
"chr3","44958347","44958645","chr23","77125538","77125834","31","32167191"
"chr3","44965572","44965874","chr22","5742957","5743259","36","39222615"
"chr3","44967054","44967346","chrX","111740906","111741198","37","66773852"
"chr3","44976621","44976927","chr22","5753422","5753721","30","39223199"
"chr3","44991767","44992066","chr22","5769358","5769661","28","39222409"
"chr3","44999304","44999631","chr7","85378550","85378870","41","40379246"
"chr3","45049465","45049756","chr22","5827566","5827839","40","39221899"
"chr3","45081556","45081840","chr6","38655711","38655995","51","6425845"
"chr3","45112517","45112834","chr11","104878804","104879113","45","59766287"
"chr3","45125295","45125523","chr9","61704066","61704306","41","16578771"
"chr3","45131181","45131489","chr25","25629089","25629399","33","19502092"
"chr3","45155944","45156255","chr22","5979055","5979356","39","39176889"
"chr3","45156656","45156955","chr22","5979749","5980042","27","39176907"
"chr3","45218760","45219055","chr22","6046945","6047214","37","39171815"
"chr3","45219936","45220231","chr22","6046945","6047214","37","39172991"
"chr3","45245594","45245894","chr21","124775257","124775558","36","79529663"
"chr3","45246199","45246516","chr22","6073722","6074036","33","39172477"
"chr3","45249388","45249688","chr11","120526163","120526460","35","75276775"
"chr3","45255808","45256125","chr22","6073722","6074036","33","39182086"
"chr3","45313133","45313440","chr17","59119110","59119421","39","13805977"
"chr3","45366926","45367232","chr11","10016656","10016969","33","35350270"
"chr3","45386197","45386502","chr10","93621317","93621620","34","48235120"
"chr3","45396079","45396379","chr16","62764099","62764400","35","17368020"
"chr3","45404425","45404728","chr22","6213940","6214248","24","39190485"
"chr3","45423513","45423809","chr1","32350047","32350343","41","13073466"
"chr3","45431873","45432170","chr6","43919788","43920086","38","1512085"
"chr3","45466001","45466295","chr22","6267960","6268252","30","39198041"
"chr3","45470164","45470452","chr22","6272427","6272719","24","39197737"
"chr3","45775174","45775500","chr23","12213828","12214149","64","33561346"
"chr3","45775883","45776173","chr22","6569624","6569918","22","39206259"
"chr3","45777957","45778289","chr9","86795917","86796252","48","41017960"
"chr3","45783039","45783341","chr22","6576713","6577016","30","39206326"
"chr3","45789024","45789336","chr22","6582493","6582792","34","39206531"
"chr3","45798596","45798815","chr16","54188278","54188500","31","8389682"
"chr3","45820180","45820495","chr22","6612019","6612319","47","39208161"
"chr3","45830264","45830568","chr22","6621893","6622196","27","39208371"
"chr3","45843620","45843915","chr22","6633584","6633875","32","39210036"
"chr3","45848470","45848761","chr1","67937430","67937722","35","22088960"
"chr3","45855147","45855455","chr24","10629028","10629331","38","35226119"
"chr3","45872734","45873031","chr15","64630867","64631162","35","18758133"
"chr3","45903118","45903421","chr16","53777816","53778123","41","7874698"
"chr3","45913973","45914261","chr14","51601653","51601943","36","5687680"
"chr3","46132721","46133048","chr22","6910370","6910686","39","39222351"
"chr3","46150184","46150480","chr9","114952603","114952897","33","68802419"
"chr3","46160604","46160807","chr22","6937696","6937899","10","39222908"
"chr3","46193035","46193346","chr22","6970327","6970636","23","39222708"
"chr3","46193848","46194159","chr22","6971146","6971454","27","39222702"
"chr3","46196405","46196574","chr4","20928301","20928477","31","25268104"
"chr3","46223756","46224063","chr19","9514256","9514567","40","36709500"
"chr3","46236753","46237033","chr20","125555832","125556109","38","79319079"
"chr3","46283041","46283342","chr1","67026506","67026811","37","20743465"
"chr3","46318377","46318664","chr15","90536879","90537170","32","44218502"
"chr3","46361683","46361963","chr15","64630867","64631162","35","18269184"
"chr3","46500001","46500168","chr9","57624793","57624958","27","11124792"
"chr3","46510603","46510942","chr22","7279774","7280081","55","39230829"
"chr3","46551594","46551887","chr7","37298478","37298772","32","9253116"
"chr3","46559549","46559791","chrX","22571826","22572066","30","23987723"
"chr3","46578051","46578357","chrX","111914347","111914651","34","65336296"
"chr3","46626816","46627118","chr22","7395572","7395872","27","39231244"
"chr3","46713163","46713417","chr16","59192843","59193097","34","12479680"
"chr3","46736564","46736860","chr20","3467120","3467419","38","43269444"
"chr3","46741280","46741486","chr4","20928301","20928477","79","25812979"
"chr3","46856351","46856672","chr9","99446394","99446714","61","52590043"
"chr3","46882978","46883269","chr6","47103233","47103523","33","220255"
"chr3","46885866","46886171","chr5","43308878","43309187","39","3576988"
"chr3","46979887","46980182","chr15","90519589","90519883","37","43539702"
"chr3","46996733","46997037","chr22","7729475","7729762","31","39267258"
"chr3","47004369","47004653","chr7","14586299","14586584","30","32418070"
"chr3","47020422","47020739","chr22","7753117","7753429","37","39267305"
"chr3","47077988","47078256","chr14","14193462","14193727","36","32884526"
"chr3","47101365","47101665","chr20","77903993","77904291","34","30802628"
"chr3","47110458","47110776","chr22","7851682","7852003","31","39258776"
"chr3","47121890","47122202","chr20","100396609","100396917","38","53274719"
"chr3","47178366","47178407","chr22","27162227","27162269","9","20016139"
"chr3","47178550","47178766","chr17","35304405","35304617","31","11874145"
"chr3","47209520","47209831","chr22","7937138","7937443","29","39272382"
"chr3","47213272","47213590","chr14","51850819","51851139","38","4637547"
"chr3","47217005","47217241","chr20","118777080","118777313","38","71560075"
"chr3","47237721","47237876","chr12","852993","853156","20","46384728"
"chr3","47258376","47258681","chr10","44028544","44028854","40","3229832"
"chr3","47299493","47299714","chr24","70620494","70620709","31","23321001"
"chr3","47305405","47305680","chr11","47097187","47097462","30","208218"
"chr3","47322615","47322921","chr10","44028544","44028854","43","3294071"
"chr3","47334971","47335280","chrX","726290","726593","35","46608681"
"chr3","47346969","47347257","chr25","77033047","77033337","39","29686078"
"chr3","47364941","47365259","chr22","8095875","8096181","41","39269066"
"chr3","47381438","47381682","chr23","70771283","70771541","46","23389845"
"chr3","47486608","47486909","chr3","74119688","74119985","32","26633080"
"chr3","47553144","47553452","chr22","8261460","8261769","28","39291684"
"chr3","47629576","47629887","chrX","22662373","22662681","35","24967203"
"chr3","47657949","47658253","chr26","18344490","18344794","36","29313459"
"chr3","47675294","47675601","chr1","4114686","4114997","45","43560608"
"chr3","47730662","47730959","chr22","8431483","8431784","26","39299179"
"chr3","47733414","47733711","chr22","8435124","8435419","34","39298290"
"chr3","47741610","47741905","chr22","8442070","8442368","28","39299540"
"chr3","47754361","47754665","chr22","16974195","16974505","34","30780166"
"chr3","47765164","47765459","chr22","8466348","8466643","21","39298816"
"chr3","47789149","47789462","chr22","8490964","8491269","34","39298185"
"chr3","47791432","47791742","chr22","8493235","8493527","45","39298197"
"chr3","47792945","47793253","chr22","8494715","8495026","21","39298230"
"chr3","47794753","47795053","chr22","8496535","8496829","32","39298218"
"chr3","47807084","47807365","chr22","8509276","8509556","28","39297808"
"chr3","47830979","47831281","chr22","8533514","8533802","36","39297465"
"chr3","47838049","47838337","chr22","8540833","8541127","29","39297216"
"chr3","47839064","47839338","chr29","3550539","3550809","42","44288525"
"chr3","47848215","47848509","chr20","77903993","77904291","38","30055778"
"chr3","47848879","47849168","chr16","16474975","16475266","38","31373904"
"chr3","47881115","47881417","chr22","8577699","8578003","24","39303416"
"chr3","47893735","47894011","chr9","94218785","94219064","41","46325050"
"chr3","47899382","47899681","chr22","8594887","8595186","23","39304495"
"chr3","47901759","47902071","chr22","8597600","8597910","31","39304159"
"chr3","47913235","47913525","chr22","8607537","8607825","26","39305698"
"chr3","47919913","47920200","chr22","8614969","8615259","16","39304944"
"chr3","47921727","47922007","chr10","8969793","8970073","33","38951934"
"chr3","47924334","47924643","chr22","8619545","8619848","31","39304789"
"chr3","47926604","47926899","chr1","10426741","10427030","50","37499863"
"chr3","47928505","47928751","chr11","19142231","19142474","49","28786274"
"chr3","47939463","47939769","chr22","8637560","8637858","21","39301903"
"chr3","47969311","47969615","chr22","8664988","8665297","29","39304323"
"chr3","47986527","47986848","chr10","57804652","57804971","47","9818125"
"chr3","47987017","47987325","chr20","41459509","41459812","48","6527508"
"chr3","48034631","48034793","chr16","59371388","59371549","21","11336757"
"chr3","48039975","48040279","chr17","37904522","37904815","45","10135453"
"chr3","48047507","48047801","chr22","8736842","8737139","22","39310665"
"chr3","48061402","48061711","chr8","7114217","7114516","39","40947185"
"chr3","48062002","48062305","chr20","7785906","7786210","35","40276096"
"chr3","48073831","48074133","chr13","97741812","97742110","34","49667981"
"chr3","48075994","48076279","chr1","12403657","12403947","46","35672337"
"chr3","48085726","48086004","chr22","8783711","8783970","31","39302015"
"chr3","48098541","48098838","chr16","5899471","5899766","38","42199070"
"chr3","48107846","48108192","chr26","18155934","18156268","68","29951912"
"chr3","48165127","48165455","chr22","8865386","8865686","48","39299741"
"chr3","48172430","48172719","chr16","54028351","54028637","43","5855921"
"chr3","48174677","48174988","chr28","9287245","9287554","36","38887432"
"chr3","48196458","48196728","chr16","7193790","7194053","40","41002668"
"chr3","48238576","48238870","chr10","19921830","19922123","33","28316746"
"chr3","48240528","48240765","chr9","61704066","61704306","48","13463538"
"chr3","48244279","48244567","chr22","8938839","8939143","42","39305440"
"chr3","48246008","48246313","chr22","8943254","8943559","25","39302754"
"chr3","48249095","48249314","chr5","69818222","69818446","40","21569127"
"chr3","48255170","48255461","chr6","17721519","17721809","42","30533651"
"chr3","48255523","48255808","chr1","12186968","12187258","81","36068555"
"chr3","48257908","48258194","chr22","8954887","8955194","51","39303021"
"chr3","48259482","48259752","chr22","8955641","8955895","33","39303841"
"chr3","48260998","48261232","chr9","61704066","61704306","34","13443068"
"chr3","48272193","48272482","chr11","47438728","47439024","37","833465"
"chr3","48273367","48273665","chr16","4612111","4612397","52","43661256"
"chr3","48282124","48282435","chr5","38892397","38892709","36","9389727"
"chr3","48289715","48290019","chr3","78247333","78247635","31","29957618"
"chr3","48305029","48305324","chr4","17013256","17013552","43","31291773"
"chr3","48327436","48327711","chr22","9015506","9015782","25","39311930"
"chr3","48340201","48340504","chr1","66050440","66050743","40","17710239"
"chr3","48347559","48347874","chr22","9036222","9036521","56","39311337"
"chr3","48348642","48348892","chr24","54837277","54837522","35","6488635"
"chr3","48360081","48360381","chr6","37744092","37744389","39","10615989"
"chr3","48392968","48393259","chr7","66206623","66206910","39","17813655"
"chr3","48410788","48411076","chr22","9093241","9093534","30","39317547"
"chr3","48411386","48411693","chr20","51916057","51916364","43","3504671"
"chr3","48417073","48417376","chr22","9098477","9098780","26","39318596"
"chr3","48425999","48426287","chr22","9107907","9108192","20","39318092"
"chr3","48436020","48436308","chr11","30393890","30394178","40","18042130"
"chr3","48437271","48437570","chr25","48396811","48397113","42","40460"
"chr3","48443001","48443268","chr25","26748824","26749094","46","21694177"
"chr3","48447140","48447438","chr22","9115255","9115556","25","39331885"
"chr3","48461409","48461703","chr22","9131704","9131993","24","39329705"
"chr3","48462059","48462265","chr2","56939147","56939360","42","8477088"
"chr3","48462862","48463146","chr8","89181411","89181703","51","40718549"
"chr3","48465716","48466017","chr22","9136356","9136650","30","39329360"
"chr3","48472638","48472942","chr11","100271972","100272274","44","51799334"
"chr3","48483979","48484275","chr16","823334","823630","26","47660645"
"chr3","48486884","48487189","chr19","21336034","21336340","35","27150850"
"chr3","48488872","48489164","chr4","60600244","60600531","45","12111372"
"chr3","48504230","48504531","chr22","9174917","9175208","24","39329313"
"chr3","48514299","48514609","chr28","13019917","13020227","32","35494382"
"chr3","48519430","48519723","chr22","5955596","5955889","39","42563834"
"chr3","48520692","48521005","chrX","111488159","111488465","45","62967467"
"chr3","48529201","48529504","chr6","49410992","49411297","37","881791"
"chr3","48530176","48530481","chr25","78856788","78857085","44","30326612"
"chr3","48531050","48531354","chr6","8015506","8015808","40","40515544"
"chr3","48537528","48537835","chr16","29304886","29305188","35","19232642"
"chr3","48543382","48543681","chr12","96961950","96962253","39","48418568"
"chr3","48554700","48554983","chr22","9208958","9209241","16","39345742"
"chr3","48563085","48563380","chr22","9220553","9220841","25","39342532"
"chr3","48570367","48570679","chr22","9225794","9226101","27","39344573"
"chr3","48573936","48574199","chr9","57159440","57159702","41","8585504"
"chr3","48579405","48579703","chr25","3576598","3576897","36","45002807"
"chr3","48597359","48597631","chrX","1052","1331","38","48596307"
"chr3","48610895","48611195","chr10","88760771","88761072","30","40149876"
"chr3","48634746","48634993","chr2","86597084","86597321","36","37962338"
"chr3","48636284","48636470","chr28","20091858","20092040","41","28544426"
"chr3","48651308","48651599","chr22","9302259","9302562","29","39349049"
"chr3","48654336","48654643","chr22","9305174","9305485","30","39349162"
"chr3","48655050","48655317","chr22","9305881","9306150","20","39349169"
"chr3","48657163","48657448","chr7","36787206","36787489","32","11869957"
"chr3","48659114","48659424","chr22","9309649","9309972","31","39349465"
"chr3","48663380","48663682","chr22","9317373","9317670","32","39346007"
"chr3","48673615","48673914","chr6","19000365","19000666","45","29673250"
"chr3","48684971","48685269","chr1","6871378","6871678","45","41813593"
"chr3","48704793","48705091","chr22","9348800","9349092","27","39355993"
"chr3","48737325","48737639","chr22","9379140","9379460","34","39358185"
"chr3","48746479","48746787","chr1","101882714","101883021","34","53136235"
"chr3","48767788","48768093","chr22","9409397","9409691","38","39358391"
"chr3","48771707","48772017","chr22","9416862","9417153","39","39354845"
"chr3","48778443","48778603","chr20","93139448","93139605","21","44361005"
"chr3","48788682","48788992","chr19","25919593","25919894","39","22869089"
"chr3","48807691","48808003","chr10","104383991","104384302","31","55576300"
"chr3","48817655","48817790","chr22","9457933","9458068","8","39359722"
"chr3","48818183","48818358","chr22","9458404","9458581","14","39359779"
"chr3","48833413","48833710","chr22","9473731","9474028","16","39359682"
"chr3","48836387","48836698","chr22","9476128","9476439","29","39360259"
"chr3","48838178","48838463","chr22","9478002","9478287","27","39360176"
"chr3","48842244","48842536","chr22","9483831","9484140","37","39358413"
"chr3","48866571","48866867","chr22","9506893","9507196","25","39359678"
"chr3","48880405","48880708","chr22","9521435","9521736","42","39358970"
"chr3","48886678","48886880","chr22","9526768","9526968","16","39359910"
"chr3","48887190","48887469","chr22","9527284","9527564","25","39359906"
"chr3","48897678","48897917","chr20","118777080","118777313","26","69879402"
"chr3","48907000","48907298","chr22","9545565","9545874","30","39361435"
"chr3","48908354","48908637","chr22","9546953","9547240","23","39361401"
"chr3","48932387","48932670","chr6","13473280","13473574","48","35459107"
"chr3","48969902","48970191","chr1","32350047","32350343","33","16619855"
"chr3","48972278","48972573","chr22","9617076","9617375","33","39355202"
"chr3","48976405","48976711","chr8","133210906","133211206","41","84234501"
"chr3","48986782","48987076","chr26","9906430","9906725","33","39080352"
"chr3","48990968","48991261","chr22","9642835","9643132","31","39348133"
"chr3","48996577","48996867","chr15","17120092","17120391","52","31876485"
"chr3","49006681","49006988","chr22","20429603","20429906","35","28577078"
"chr3","49023694","49023992","chr26","27669732","27670034","29","21353962"
"chr3","49037598","49037756","chr22","9687149","9687307","13","39350449"
"chr3","49046398","49046685","chr12","41477460","41477744","33","7568938"
"chr3","49054974","49055270","chr22","9710777","9711077","25","39344197"
"chr3","49071023","49071316","chr1","46403635","46403935","38","2667388"
"chr3","49089291","49089597","chr22","9744406","9744711","33","39344885"
"chr3","49093187","49093496","chr14","1330899","1331208","28","47762288"
"chr3","49098263","49098557","chr22","9753356","9753663","27","39344907"
"chr3","49115929","49116227","chr11","118910440","118910739","31","69794511"
"chr3","49148740","49149037","chr6","13403176","13403479","32","35745564"
"chr3","49191634","49191921","chr20","87795581","87795856","48","38603947"
"chr3","49195436","49195751","chr22","9850892","9851209","41","39344544"
"chr3","49205351","49205508","chr9","110057473","110057639","19","60852122"
"chr3","49224497","49224721","chr11","124263168","124263380","45","75038671"
"chr3","49243885","49244199","chr12","46549426","46549730","49","2694459"
"chr3","49244383","49244693","chr22","9900017","9900321","33","39344366"
"chr3","49247012","49247315","chr22","9903081","9903380","25","39343931"
"chr3","49258308","49258486","chr16","39692631","39692802","32","9565677"
"chr3","49268243","49268529","chr25","3895268","3895556","35","45372975"
"chr3","49279963","49280260","chr11","6429844","6430143","35","42850119"
"chr3","49296360","49296672","chr6","15813882","15814194","33","33482478"
"chr3","49349394","49349625","chr8","36259880","36260106","37","13089514"
"chr3","49350008","49350053","chr14","59976736","59976775","14","10626728"
"chr3","49371314","49371593","chrX","46135134","46135412","33","3236180"
"chr3","49372623","49372855","chr22","10034543","10034748","56","39338080"
"chr3","49415806","49416037","chr9","61704066","61704306","44","12288260"
"chr3","49421379","49421680","chrX","99406811","99407106","49","49985432"
"chr3","49426151","49426423","chr22","10086270","10086542","16","39339881"
"chr3","49440304","49440613","chr22","10100231","10100541","24","39340073"
"chr3","49451589","49451721","chr20","23516840","23516974","15","25934749"
"chr3","49452114","49452418","chr25","72665741","72666043","38","23213627"
"chr3","49452574","49452744","chr9","34839721","34839891","21","14612853"
"chr3","49463675","49463968","chr2","78677074","78677364","45","29213399"
"chr3","49493951","49494250","chr14","12505287","12505584","34","36988664"
"chr3","49520428","49520729","chr22","10171196","10171496","22","39349232"
"chr3","49525510","49525764","chr22","10173471","10173729","19","39352039"
"chr3","49528400","49528704","chr28","19188684","19188984","31","30339716"
"chr3","49529064","49529372","chr26","8899316","8899617","32","40629748"
"chr3","49532754","49533070","chr4","77982561","77982875","45","28449807"
"chr3","49547944","49548152","chr11","124263168","124263380","31","74715224"
"chr3","49571429","49571740","chr23","70490845","70491154","41","20919416"
"chr3","49584839","49585140","chr22","10237840","10238145","34","39346999"
"chr3","49604257","49604564","chr22","10249789","10250093","24","39354468"
"chr3","49611578","49611870","chr4","64271045","64271339","38","14659467"
"chr3","49612495","49612779","chr13","68788394","68788684","38","19175899"
"chr3","49621032","49621335","chr22","10267779","10268093","37","39353253"
"chr3","49622183","49622493","chr2","65319575","65319883","32","15697392"
"chr3","49635849","49636025","chr11","46321024","46321197","26","3314825"
"chr3","49639696","49639916","chr11","124263168","124263380","53","74623472"
"chr3","49641620","49641919","chr26","37535316","37535615","38","12106304"
"chr3","49641960","49642270","chr25","55087412","55087723","42","5445452"
"chr3","49643373","49643675","chr22","10280811","10281117","33","39362562"
"chr3","49647119","49647416","chr22","10284424","10284725","25","39362695"
"chr3","49651417","49651724","chr22","10289013","10289312","24","39362404"
"chr3","49659333","49659635","chr11","6429844","6430143","41","43229489"
"chr3","49659959","49660279","chrX_KE148108v1_random","1639618","1639931","41","48020341"
"chr3","49663486","49663737","chr9","61704066","61704306","53","12040580"
"chr3","49665756","49666035","chr10","109727805","109728074","56","60062049"
"chr3","49666060","49666248","chr6","523320","523506","31","49142740"
"chr3","49670380","49670688","chr22","10303768","10304078","32","39366612"
"chr3","49702263","49702545","chr24","70855702","70855982","34","21153439"
"chr3","49705307","49705605","chr11","6429844","6430143","38","43275463"
"chr3","49719814","49720108","chr9","33958924","33959219","30","15760890"
"chr3","49720363","49720676","chr22","10356361","10356666","35","39364002"
"chr3","49726513","49726703","chr22","10362964","10363147","17","39363549"
"chr3","49739042","49739351","chr16","3917468","3917778","40","45821574"
"chr3","49739401","49739700","chr9","31521875","31522174","43","18217526"
"chr3","49750872","49751175","chr13","40244700","40245004","37","9506172"
"chr3","49752190","49752498","chr14","1231012","1231318","39","48521178"
"chr3","49757823","49758116","chrX","49846721","49847019","32","88898"
"chr3","49759822","49760121","chr6","41738554","41738850","33","8021268"
"chr3","49773775","49774093","chr22","10409176","10409481","28","39364599"
"chr3","49788387","49788545","chr22","10423842","10423998","18","39364545"
"chr3","49802344","49802633","chr22","10438021","10438315","31","39364323"
"chr3","49814247","49814531","chr12","17538171","17538452","37","32276076"
"chr3","49814575","49814861","chr22","10450990","10451278","24","39363585"
"chr3","49828648","49828964","chr20","120241442","120241755","56","70412794"
"chr3","49837294","49837584","chr14","4661072","4661369","44","45176222"
"chr3","49842712","49843001","chr22","10480355","10480640","33","39362357"
"chr3","49843764","49844058","chrX","8693862","8694157","34","41149902"
"chr3","49849241","49849544","chr22","10485296","10485598","31","39363945"
"chr3","49849553","49849772","chr22","10485607","10485827","18","39363946"
"chr3","49854037","49854346","chr22","10491343","10491653","34","39362694"
"chr3","49899426","49899725","chr22","10536757","10537053","30","39362669"
"chr3","49921914","49922210","chr22","10550154","10550443","32","39371760"
"chr3","49935176","49935484","chr21","107301732","107302041","32","57366556"
"chr3","49948244","49948540","chr6","30393310","30393612","39","19554934"
"chr3","49957867","49958028","chr22","10592132","10592298","20","39365735"
"chr3","49974062","49974374","chr22","10608556","10608853","36","39365506"
"chr3","49977727","49978020","chr9","88831612","88831911","35","38853885"
"chr3","49983648","49983852","chr17","38823537","38823742","38","11160111"
"chr3","49994101","49994409","chr2","57787969","57788279","35","7793868"
"chr3","50004577","50004883","chr6","50562964","50563269","42","558387"
"chr3","50007209","50007279","chr13","53079733","53079797","24","3072524"
"chr3","50007952","50008191","chr9","61704066","61704306","42","11696114"
"chr3","50010539","50010830","chr19","26852137","26852431","28","23158402"
"chr3","50015272","50015551","chr22","10641271","10641551","27","39374001"
"chr3","50016619","50016900","chr9","8470176","8470462","59","41546443"
"chr3","50017856","50018157","chr22","10642804","10643101","24","39375052"
"chr3","50023840","50024150","chr22","10649242","10649545","34","39374598"
"chr3","50028172","50028449","chr7","131337333","131337610","33","81309161"
"chr3","50031888","50032186","chr6","49596731","49597027","38","435157"
"chr3","50043633","50043943","chr21","99873116","99873423","32","49829483"
"chr3","50058682","50058906","chr14","4267909","4268136","46","45790773"
"chr3","50063263","50063569","chr22","10688172","10688475","30","39375091"
"chr3","50083795","50084102","chr2","11884586","11884863","73","38199209"
"chr3","50084494","50084681","chr9","86689093","86689275","49","36604599"
"chr3","50084783","50084890","chr5","59620271","59620382","24","9535488"
"chr3","50093741","50093937","chr7","94074486","94074684","36","43980745"
"chr3","50099256","50099547","chr1","44577431","44577721","30","5521825"
"chr3","50101040","50101375","chr22","10728832","10729164","39","39372208"
"chr3","50103469","50103785","chr5","57958477","57958787","42","7855008"
"chr3","50107349","50107647","chr1","109009227","109009529","34","58901878"
"chr3","50115247","50115546","chr22","10738326","10738630","26","39376921"
"chr3","50118770","50119072","chr22","10748242","10748540","29","39370528"
"chr3","50126328","50126627","chr16","54167128","54167424","49","4040800"
"chr3","50128053","50128328","chr22","10753595","10753870","20","39374458"
"chr3","50135161","50135464","chr22","10760758","10761064","32","39374403"
"chr3","50146761","50147071","chr22","10769345","10769656","34","39377416"
"chr3","50154932","50155106","chr11","49893912","49894083","29","261020"
"chr3","50158311","50158606","chr22","10780297","10780588","25","39378014"
"chr3","50158756","50159061","chr12","7117943","7118250","41","43040813"
"chr3","50169879","50170185","chr22","10790257","10790562","29","39379622"
"chr3","50178133","50178437","chr8","35984503","35984804","48","14193630"
"chr3","50182337","50182633","chr21","23772230","23772525","49","26410107"
"chr3","50183162","50183367","chr23","41306689","41306886","68","8876473"
"chr3","50183893","50184081","chr23","37539377","37539563","32","12644516"
"chr3","50184645","50184723","chr5","53258362","53258444","13","3073717"
"chr3","50195266","50195561","chr26","53553125","53553420","38","3357859"
"chr3","50206492","50206796","chr22","10825498","10825817","51","39380994"
"chr3","50219147","50219413","chr22","10835417","10835695","36","39383730"
"chr3","50219783","50220070","chrUn_KE147541v1","121663","121948","34","50098120"
"chr3","50221682","50222006","chr8","10801167","10801476","43","39420515"
"chr3","50225041","50225343","chr13","66725191","66725490","39","16500150"
"chr3","50225484","50225797","chr22","10842314","10842625","24","39383170"
"chr3","50226270","50226498","chr16","2411652","2411878","24","47814618"
"chr3","50228614","50228906","chr22","10845825","10846117","45","39382789"
"chr3","50235449","50235758","chr22","10852707","10853017","18","39382742"
"chr3","50241407","50241543","chr4","52458910","52459043","12","2217503"
"chr3","50241926","50242102","chr6","3529031","3529207","25","46712895"
"chr3","50246199","50246503","chr22","10863892","10864196","29","39382307"
"chr3","50251691","50251991","chr12","102439590","102439883","38","52187899"
"chr3","50275791","50276102","chr22","10892965","10893267","35","39382826"
"chr3","50280131","50280433","chr20","40348843","40349144","33","9931288"
"chr3","50287494","50287781","chr6","50066742","50067036","38","220752"
"chr3","50290058","50290354","chr22","10907911","10908206","34","39382147"
"chr3","50310560","50310856","chr19","32389884","32390180","34","17920676"
"chr3","50320733","50321016","chr22","10938112","10938397","33","39382621"
"chr3","50327377","50327666","chr22","10944172","10944475","36","39383205"
"chr3","50334819","50335127","chr1","108225668","108225977","35","57890849"
"chr3","50341113","50341420","chrX","45255215","45255519","27","5085898"
"chr3","50358052","50358343","chr20","117601465","117601750","43","67243413"
"chr3","50359378","50359690","chr8","81213863","81214170","37","30854485"
"chr3","50362380","50362694","chr16","16236362","16236678","47","34126018"
"chr3","50370854","50371166","chr23","52056209","52056517","36","1685355"
"chr3","50390421","50390579","chr9","51694194","51694351","23","1303773"
"chr3","50416145","50416423","chr22","11027129","11027407","24","39389016"
"chr3","50416649","50416955","chr22","11027632","11027940","34","39389017"
"chr3","50501869","50502169","chr20","55245859","55246159","32","4743990"
"chr3","50512178","50512485","chr22","11125020","11125335","34","39387158"
"chr3","50523390","50523685","chr22","11137860","11138152","27","39385530"
"chr3","50525493","50525790","chr2","35984887","35985192","48","14540606"
"chr3","50541819","50542124","chr1","121427181","121427486","36","70885362"
"chr3","50543742","50544031","chr18","57161788","57162071","44","6618046"
"chr3","50550387","50550688","chr16","62764099","62764400","33","12213712"
"chr3","50561103","50561345","chr22","48948804","48949043","43","1612299"
"chr3","50570956","50571253","chr21","96387875","96388178","35","45816919"
"chr3","50601568","50601861","chr22","11228604","11228893","27","39372964"
"chr3","50604819","50605109","chr22","11222552","11222834","28","39382267"
"chr3","50605874","50606036","chr22","11223781","11223941","9","39382093"
"chr3","50623758","50624054","chr22","11244536","11244833","31","39379222"
"chr3","50666402","50666668","chr22","11285601","11285867","18","39380801"
"chr3","50679740","50680050","chr22","11298976","11299278","37","39380764"
"chr3","50680687","50680984","chr2","32946560","32946853","37","17734127"
"chr3","50681927","50682224","chr16","16352697","16352989","37","34329230"
"chr3","50693909","50694222","chr6","50066742","50067036","51","627167"
"chr3","50707739","50708040","chr22","11323659","11323962","20","39384080"
"chr3","50708811","50709111","chr22","11324744","11325041","31","39384067"
"chr3","50713485","50713788","chr22","11328239","11328530","37","39385246"
"chr3","50724108","50724406","chr19","32839948","32840247","35","17884160"
"chr3","50726464","50726766","chr23","76905252","76905552","40","26178788"
"chr3","50727714","50727883","chr12","5883425","5883589","23","44844289"
"chr3","50728843","50728901","chr18","14486053","14486126","28","36242790"
"chr3","50735899","50736202","chr22","11348383","11348690","36","39387516"
"chr3","50745084","50745294","chr17","37710593","37710800","45","13034491"
"chr3","50749625","50749923","chr3","7359572","7359872","31","43390053"
"chr3","50751142","50751399","chr10","63854932","63855189","39","13103790"
"chr3","50770264","50770569","chr22","11381496","11381805","41","39388768"
"chr3","50770744","50771046","chr22","11381980","11382279","32","39388764"
"chr3","50772977","50773260","chr24","40950761","40951050","37","9822216"
"chr3","50776135","50776429","chr22","11387399","11387697","25","39388736"
"chr3","50778148","50778450","chrX","45255215","45255519","40","5522933"
"chr3","50778463","50778771","chr2","18120742","18121050","45","32657721"
"chr3","50781069","50781377","chr12","60217296","60217597","42","9436227"
"chr3","50793624","50793927","chr5","23895081","23895380","32","26898543"
"chr3","50806433","50806741","chr26","21447220","21447524","39","29359213"
"chr3","50814001","50814291","chr22","11410257","11410548","21","39403744"
"chr3","50815484","50815778","chr28","14468580","14468875","33","36346904"
"chr3","50816417","50816723","chr22","11412733","11413041","26","39403684"
"chr3","50853662","50853958","chr22","11450295","11450595","22","39403367"
"chr3","50863148","50863375","chr10","11848845","11849060","34","39014303"
"chr3","50871439","50871745","chr22","11466917","11467223","33","39404522"
"chr3","50881487","50881793","chr20","9686342","9686653","48","41195145"
"chr3","50888626","50888920","chr22","11484980","11485273","33","39403646"
"chr3","50895362","50895568","chr9","38773083","38773296","36","12122279"
"chr3","50904621","50904914","chr22","11501169","11501464","30","39403452"
"chr3","50933373","50933682","chr20","9169732","9170041","40","41763641"
"chr3","50962972","50963147","chr22","11559322","11559489","20","39403650"
"chr3","50967440","50967736","chr22","11563753","11564051","22","39403687"
"chr3","50970050","50970369","chr22","11565982","11566288","40","39404068"
"chr3","50970699","50971002","chr22","11566615","11566922","25","39404084"
"chr3","50971540","50971843","chr22","11567452","11567745","33","39404088"
"chr3","50988857","50989145","chr2","63061898","63062188","37","12073041"
"chr3","50999354","50999669","chr19","22715429","22715737","36","28283925"
"chr3","51027121","51027420","chr22","11622547","11622851","24","39404574"
"chr3","51053861","51054157","chr11","6502518","6502815","27","44551343"
"chr3","51133147","51133462","chr9","52123142","52123450","38","989995"
"chr3","51146307","51146489","chr28","18453182","18453362","28","32693125"
"chr3","51196847","51197163","chr5","25945423","25945733","51","25251424"
"chr3","51227284","51227595","chr22","11819195","11819505","25","39408089"
"chr3","51374664","51374965","chr22","11963079","11963368","32","39411585"
"chr3","51419235","51419535","chrX","97934688","97934989","44","46515453"
"chr3","51473457","51473767","chr28","19188684","19188984","46","32284773"
"chr3","51492022","51492324","chr14","83466769","83467068","30","31974747"
"chr3","51498580","51498888","chr22","12098993","12099290","31","39399587"
"chr3","51498931","51499231","chr22","12099441","12099755","50","39399490"
"chr3","51500646","51500960","chr22","12099441","12099755","25","39401205"
"chr3","51518847","51519146","chr5","57816765","57817061","38","6297918"
"chr3","51535272","51535545","chr28","11178465","11178737","37","40356807"
"chr3","51536853","51537057","chr26","26207897","26208104","44","25328956"
"chr3","51537179","51537474","chr11","49523007","49523297","37","2014172"
"chr3","51577314","51577621","chr22","12136830","12137129","28","39440484"
"chr3","51591394","51591687","chr22","12150870","12151165","24","39440524"
"chr3","51620141","51620417","chr22","12177262","12177536","26","39442879"
"chr3","51626196","51626489","chr9","112420914","112421211","31","60794718"
"chr3","51637584","51637889","chr21","100149995","100150299","33","48512411"
"chr3","51691340","51691624","chr16","59525991","59526277","39","7834651"
"chr3","51829162","51829463","chr22","12358487","12358775","28","39470675"
"chr3","51850311","51850596","chr3","63963447","63963733","34","12113136"
"chr3","51883635","51883932","chr16","18043987","18044281","46","33839648"
"chr3","51900801","51901105","chr22","12429828","12430130","34","39470973"
"chr3","51995536","51995824","chr10","88958225","88958515","40","36962689"
"chr3","52014328","52014612","chr15","90879535","90879814","41","38865207"
"chr3","52033423","52033728","chr22","12562390","12562699","28","39471033"
"chr3","52035965","52036259","chr22","12564943","12565228","26","39471022"
"chr3","52060864","52061176","chr28","17778510","17778821","82","34282354"
"chr3","52086239","52086481","chr2","62520314","62520555","35","10434075"
"chr3","52100258","52100550","chr7","31246739","31247031","38","20853519"
"chr3","52111868","52112176","chr22","12639198","12639491","35","39472670"
"chr3","52133152","52133439","chr22","12659456","12659744","21","39473696"
"chr3","52168366","52168662","chr22","12694490","12694788","31","39473876"
"chr3","52201435","52201734","chr22","12728193","12728488","36","39473242"
"chr3","52221979","52222287","chr14","82794681","82794991","38","30572702"
"chr3","52235579","52235885","chr22","12766239","12766543","24","39469340"
"chr3","52237538","52237856","chr22","12768488","12768802","37","39469050"
"chr3","52237863","52238171","chr22","12768809","12769112","38","39469054"
"chr3","52246913","52247211","chr22","12777005","12777300","30","39469908"
"chr3","52248251","52248551","chr22","12778365","12778670","28","39469886"
"chr3","52254171","52254349","chr22","12784671","12784837","24","39469500"
"chr3","52254449","52254751","chr22","12784936","12785238","21","39469513"
"chr3","52267482","52267783","chr9","31123504","31123802","37","21143978"
"chr3","52277245","52277542","chr22","12801725","12802019","36","39475520"
"chr3","52280775","52281080","chr22","12805155","12805455","38","39475620"
"chr3","52283028","52283324","chr22","12807103","12807389","35","39475925"
"chr3","52290996","52291288","chr22","12815092","12815390","15","39475904"
"chr3","52291752","52291967","chr16","70926296","70926511","37","18634544"
"chr3","52295207","52295506","chr17","37904522","37904815","30","14390685"
"chr3","52296588","52296892","chr22","12820929","12821234","23","39475659"
"chr3","52299037","52299331","chr15","64630867","64631162","26","12331830"
"chr3","52299520","52299752","chr22","12824190","12824428","21","39475330"
"chr3","52305464","52305769","chr7","31719994","31720293","40","20585470"
"chr3","52319087","52319389","chr22","12842412","12842710","21","39476675"
"chr3","52326847","52327146","chr3","9026672","9026974","41","43300175"
"chr3","52341034","52341345","chr21","73499256","73499565","38","21158222"
"chr3","52361633","52361925","chr22","12884114","12884405","21","39477519"
"chr3","52362430","52362732","chr22","12884893","12885194","37","39477537"
"chr3","52382834","52383142","chr11","89474543","89474853","38","37091709"
"chr3","52385616","52385922","chr22","12908461","12908748","42","39477155"
"chr3","52397020","52397315","chr22","12922089","12922390","30","39474931"
"chr3","52418771","52419054","chr22","12951765","12952048","25","39467006"
"chr3","52420253","52420557","chr22","12960092","12960422","44","39460161"
"chr3","52422018","52422325","chr22","12955695","12955991","32","39466323"
"chr3","52423592","52423911","chr8","10801167","10801476","51","41622425"
"chr3","52425764","52426036","chr14","51772675","51772943","39","653089"
"chr3","52433529","52433838","chr22","12943882","12944190","22","39489647"
"chr3","52443412","52443713","chr22","12969247","12969548","27","39474165"
"chr3","52451641","52451935","chr22","12976965","12977266","31","39474676"
"chr3","52514677","52514985","chr16","61063438","61063741","36","8548761"
"chr3","52515349","52515620","chr24","74498606","74498875","38","21983257"
"chr3","52547015","52547257","chr10","124346545","124346800","38","71799530"
"chr3","52621073","52621365","chr22","13147369","13147661","28","39473704"
"chr3","52655522","52655805","chr8","134238849","134239130","35","81583327"
"chr3","52694381","52694679","chr22","13221526","13221804","33","39472855"
"chr3","52713214","52713524","chr18","17039455","17039764","40","35673759"
"chr3","52726583","52726886","chr8","7114217","7114516","37","45612366"
"chr3","52737617","52737929","chr22","13271341","13271636","36","39466276"
"chr3","52745502","52745727","chr9","61704066","61704306","46","8958564"
"chr3","52745792","52746058","chr7","25117555","25117826","48","27628237"
"chr3","52757865","52758159","chr5","57816765","57817061","38","5058900"
"chr3","52815005","52815317","chr22","13347892","13348202","33","39467113"
"chr3","52824891","52825172","chr22","13357969","13358250","17","39466922"
"chr3","52939510","52939801","chr22","13466629","13466915","32","39472881"
"chr3","52944080","52944385","chr22","13470598","13470899","24","39473482"
"chr3","52976609","52976914","chr25","31428065","31428359","36","21548544"
"chr3","52992943","52993218","chr15","77961316","77961592","35","24968373"
"chr3","52998275","52998572","chr6","11126020","11126316","35","41872255"
"chr3","53030367","53030587","chr6","5423024","5423244","36","47607343"
"chr3","53086510","53086546","chr16","46093289","46093325","11","6993221"
"chr3","53086595","53086886","chr6","17498493","17498784","32","35588102"
"chr3","53110140","53110426","chr22","13626891","13627174","35","39483249"
"chr3","53117713","53118013","chr22","13633951","13634231","40","39483762"
"chr3","53120255","53120565","chr22","13636418","13636724","41","39483837"
"chr3","53162642","53162934","chr22","13678998","13679295","30","39483644"
"chr3","53182902","53183200","chr22","13702861","13703147","31","39480041"
"chr3","53183524","53183824","chr12","2161484","2161785","32","51022040"
"chr3","53195619","53195919","chr22","13715717","13716018","28","39479902"
"chr3","53259370","53259656","chr22","13778273","13778568","25","39481097"
"chr3","53261018","53261237","chr22","13779973","13780191","16","39481045"
"chr3","53269983","53270282","chr5","145738","146035","41","53124245"
"chr3","53294874","53295168","chr22","13814993","13815289","25","39479881"
"chr3","53333500","53333690","chr22","13853777","13853966","20","39479723"
"chr3","53344618","53344899","chr1","12403657","12403947","41","40940961"
"chr3","53354617","53354915","chr11","6429844","6430143","31","46924773"
"chr3","53397180","53397474","chr8","7114217","7114516","32","46282963"
"chr3","53397773","53398067","chr22","13917678","13917987","30","39480095"
"chr3","53402412","53402714","chr8","52693668","52693972","28","708744"
"chr3","53416740","53417035","chrX","22852905","22853198","40","30563835"
"chr3","53418724","53419037","chr22","13939099","13939400","34","39479625"
"chr3","53431149","53431367","chr7","31647707","31647939","49","21783442"
"chr3","53438899","53439202","chr22","13960121","13960422","20","39478778"
"chr3","53481324","53481637","chr4","75429726","75430027","54","21948402"
"chr3","53491414","53491706","chr22","14017466","14017743","33","39473948"
"chr3","53498640","53498954","chr22","14024967","14025275","33","39473673"
"chr3","53507852","53508145","chr22","14033834","14034127","20","39474018"
"chr3","53508578","53508865","chr22","14034543","14034839","33","39474035"
"chr3","53513108","53513412","chr2","35978737","35979042","29","17534371"
"chr3","53514907","53515209","chr25","24115272","24115584","39","29399635"
"chr3","53516139","53516437","chr22","14041829","14042128","21","39474310"
"chr3","53576661","53576938","chr22","14101144","14101425","22","39475517"
"chr3","53578594","53578891","chr22","14103061","14103352","21","39475533"
"chr3","53589665","53589964","chr26","18344490","18344794","44","35245175"
"chr3","53596320","53596613","chr22","14129399","14129687","33","39466921"
"chr3","53636950","53637240","chr11","119032798","119033094","36","65395848"
"chr3","53670112","53670410","chr12","260610","260910","46","53409502"
"chr3","53705821","53706117","chr22","14233846","14234139","28","39471975"
"chr3","53764063","53764346","chr19","24923643","24923933","35","28840420"
"chr3","53779830","53780118","chr10","127130018","127130310","41","73350188"
"chr3","53780420","53780714","chr22","14310653","14310952","23","39469767"
"chr3","53788037","53788325","chr22","14318478","14318773","29","39469559"
"chr3","53796732","53797029","chr20","38180612","38180912","32","15616120"
"chr3","53805733","53806030","chr22","14333652","14333948","25","39472081"
"chr3","53845126","53845434","chr22","14374592","14374896","25","39470534"
"chr3","53845748","53846051","chr2","20386017","20386311","43","33459731"
"chr3","53873056","53873359","chr20","105213353","105213657","29","51340297"
"chr3","53928924","53929197","chr22","14461791","14462070","26","39467133"
"chr3","53938924","53939198","chr22","14470770","14471044","19","39468154"
"chr3","53942410","53942716","chr22","14474226","14474538","26","39468184"
"chr3","53945799","53946111","chr22","14477602","14477915","22","39468197"
"chr3","53968537","53968849","chr27","39578174","39578495","49","14390363"
"chr3","53968888","53969182","chr22","14500073","14500354","44","39468815"
"chr3","53988543","53988839","chr22","13176753","13177050","37","40811790"
"chr3","54035258","54035566","chr1","6966962","6967274","39","47068296"
"chr3","54049312","54049618","chr12","94087159","94087460","29","40037847"
"chr3","54058885","54059195","chr22","14597596","14597895","30","39461289"
"chr3","54059196","54059492","chr22","14597896","14598192","19","39461300"
"chr3","54060808","54061104","chr10","124429912","124430208","37","70369104"
"chr3","54062969","54063259","chr22","14601679","14601969","19","39461290"
"chr3","54070327","54070519","chr18","20131034","20131229","28","33939293"
"chr3","54070954","54071260","chr22","14604204","14604516","36","39466750"
"chr3","54072013","54072316","chr20","119570035","119570339","29","65498022"
"chr3","54122805","54123111","chr2","39182421","39182732","42","14940384"
"chr3","54125997","54126336","chr22","14659062","14659400","34","39466935"
"chr3","54136606","54136910","chr22","14668348","14668653","26","39468258"
"chr3","54155146","54155416","chr11","62856629","62856892","41","8701483"
"chr3","54168396","54168699","chr22","14697554","14697860","38","39470842"
"chr3","54202321","54202627","chr16","61063438","61063741","36","6861117"
"chr3","54204241","54204549","chr10","61332357","61332666","34","7128116"
"chr3","54210798","54211070","chr22","14729520","14729788","29","39481278"
"chr3","54217591","54217758","chr28","12116747","12116911","22","42100844"
"chr3","54217759","54218025","chr2","13951796","13952048","43","40265963"
"chr3","54227865","54228173","chr22","14746533","14746830","28","39481332"
"chr3","54249101","54249401","chr16","2349240","2349537","30","51899861"
"chr3","54250171","54250461","chr22","14768665","14768956","20","39481506"
"chr3","54265555","54265835","chr18","31974337","31974617","32","22291218"
"chr3","54290011","54290310","chrX_KE148109v1_random","2263653","2263954","34","52026358"
"chr3","54295374","54295678","chr22","14815755","14816064","26","39479619"
"chr3","54297027","54297337","chr22","14815755","14816064","26","39481272"
"chr3","54317198","54317499","chr22","14829455","14829760","26","39487743"
"chr3","54384486","54384780","chr22","14896030","14896323","32","39488456"
"chr3","54427796","54428105","chr22","14938820","14939107","39","39488976"
"chr3","54467857","54468169","chr22","14977531","14977826","39","39490326"
"chr3","54493887","54494211","chr22","15004385","15004700","35","39489502"
"chr3","54536775","54537083","chr8","10801167","10801476","36","43735608"
"chr3","54592661","54592954","chr22","15107855","15108153","30","39484806"
"chr3","54635012","54635322","chr11","75095735","75096041","39","20460723"
"chr3","54703678","54703977","chr9","17540070","17540370","35","37163608"
"chr3","54717548","54717849","chr22","15229997","15230298","22","39487551"
"chr3","54790928","54791220","chr22","15311517","15311798","40","39479411"
"chr3","54838389","54838681","chr22","15351425","15351727","26","39486964"
"chr3","54839191","54839478","chr7","97611968","97612255","36","42772777"
"chr3","54878083","54878366","chr1","18723223","18723503","44","36154860"
"chr3","54940708","54940914","chr11","124263168","124263380","74","69322460"
"chr3","54954734","54955059","chr11","80261420","80261728","51","25306686"
"chr3","54975235","54975539","chr15","52290986","52291285","42","2684249"
"chr3","54990937","54991232","chr22","15502699","15503005","23","39488238"
"chr3","55020995","55021295","chr22","15532349","15532655","31","39488646"
"chr3","55030831","55031140","chr2","14523205","14523513","33","40507626"
"chr3","55042064","55042361","chr11","96978397","96978692","37","41936333"
"chr3","55116505","55116818","chr8","10801167","10801476","43","44315338"
"chr3","55152328","55152632","chr11","6429844","6430143","39","48722484"
"chr3","55198422","55198717","chr22","15701168","15701465","26","39497254"
"chr3","55228382","55228677","chrX","22185102","22185404","42","33043280"
"chr3","55398775","55399084","chr10","93639641","93639946","44","38240866"
"chr3","55431372","55431674","chr14","14997912","14998214","41","40433460"
"chr3","55474232","55474542","chr22","15973063","15973362","31","39501169"
"chr3","55502565","55502846","chr1","94388401","94388679","34","38885836"
"chr3","55669866","55670164","chr22","16172261","16172560","31","39497605"
"chr3","55698770","55699098","chr22","16196155","16196451","59","39502615"
"chr3","55710875","55711213","chr5","14932678","14933008","52","40778197"
"chr3","55711293","55711570","chr19","21551462","21551741","38","34159831"
"chr3","55767481","55767749","chr22","16263701","16263968","28","39503780"
"chr3","55800390","55800689","chr22","16296256","16296556","20","39504134"
"chr3","55821771","55822063","chr22","16317786","16318071","33","39503985"
"chr3","55839479","55839788","chr22","16336362","16336661","33","39503117"
"chr3","55892148","55892441","chr22","16385444","16385741","24","39506704"
"chr3","55945824","55946122","chr18","68084917","68085217","29","12139093"
"chr3","56002843","56003135","chrUn_KE147541v1","121663","121948","36","55881180"
"chr3","56061747","56062026","chr22","16550287","16550573","25","39511460"
"chr3","56177782","56178039","chr22","16662097","16662353","23","39515685"
"chr3","56251122","56251419","chr6","17287222","17287521","39","38963900"
"chr3","56304889","56305196","chr11","4422956","4423267","32","51881933"
"chr3","56313448","56313740","chr22","16789512","16789791","34","39523936"
"chr3","56315437","56315713","chr22","16791476","16791737","48","39523961"
"chr3","56387585","56387895","chrX","17556505","17556807","41","38831080"
"chr3","56390593","56390874","chr17","36295018","36295301","44","20095575"
"chr3","56487236","56487551","chr6","50606783","50607094","42","5880453"
"chr3","56501176","56501484","chr22","16974195","16974505","31","39526981"
"chr3","56524902","56525221","chr22","17001679","17002006","44","39523223"
"chr3","56526653","56526944","chr16","18203350","18203641","47","38323303"
"chr3","56580357","56580693","chr22","17057712","17058023","47","39522645"
"chr3","56729734","56730031","chr22","17196785","17197081","28","39532949"
"chr3","56745756","56746048","chr9","53624318","53624611","30","3121438"
"chr3","56807415","56807721","chr22","17271975","17272274","37","39535440"
"chr3","56998211","56998510","chr22","17472011","17472312","30","39526200"
"chr3","57044638","57044815","chr2","57417608","57417786","22","372970"
"chr3","57104367","57104664","chr22","17574832","17575131","35","39529535"
"chr3","57112565","57112824","chr9","61704066","61704306","58","4591501"
"chr3","57216576","57216857","chr22","17681883","17682164","29","39534693"
"chr3","57288433","57288721","chr18","22082657","22082940","45","35205776"
"chr3","57332231","57332527","chr22","17796222","17796511","29","39536009"
"chr3","57350320","57350626","chr20","71875277","71875582","35","14524957"
"chr3","57391680","57391983","chr28","19188684","19188984","34","38202996"
"chr3","57417793","57418095","chr22","17882359","17882655","29","39535434"
"chr3","57447913","57448202","chr5","21479776","21480065","38","35968137"
"chr3","57461077","57461381","chrX","111488159","111488465","36","54027082"
"chr3","57509620","57509902","chr22","17973078","17973354","15","39536542"
"chr3","57530628","57530926","chr10","53661553","53661856","36","3869075"
"chr3","57536395","57536702","chrX_KE148109v1_random","2263653","2263954","37","55272742"
"chr3","57539140","57539400","chr16","3178099","3178363","41","54361041"
"chr3","57541306","57541607","chr15","64630867","64631162","36","7089561"
"chr3","57562923","57563256","chr3","12309911","12310239","46","45253012"
"chr3","57584388","57584678","chr22","18043382","18043668","27","39541006"
"chr3","57585139","57585448","chr6","40061617","40061925","30","17523522"
"chr3","57589205","57589515","chr2","9435379","9435682","43","48153826"
"chr3","57592450","57592756","chrX","8066863","8067161","94","49525587"
"chr3","57611138","57611467","chr6","78687","79026","48","57532451"
"chr3","57634528","57634835","chr9","119963544","119963848","37","62329016"
"chr3","57647066","57647399","chr11","1521132","1521470","50","56125934"
"chr3","57684844","57685143","chr22","18141424","18141720","16","39543420"
"chr3","57699593","57699880","chr5","60349828","60350122","47","2650235"
"chr3","57783018","57783246","chr11","124263168","124263380","47","66480150"
"chr3","57820495","57820788","chr5","27859731","27860022","34","29960764"
"chr3","57820792","57821061","chr22","18278025","18278301","25","39542767"
"chr3","57837503","57837800","chr26","26624296","26624592","34","31213207"
"chr3","57853506","57853809","chr8","7114217","7114516","34","50739289"
"chr3","57862575","57862864","chr22","18308972","18309260","25","39553603"
"chr3","57889772","57890055","chr22","18335813","18336096","24","39553959"
"chr3","57910369","57910672","chr22","18353545","18353847","19","39556824"
"chr3","57928460","57928751","chr11","431036","431329","32","57497424"
"chr3","57929079","57929373","chr22","18371533","18371827","20","39557546"
"chr3","57943428","57943731","chr22","18385446","18385752","27","39557982"
"chr3","58008118","58008409","chrX","45614968","45615259","32","12393150"
"chr3","58008843","58009143","chr22","18447083","18447367","33","39561760"
"chr3","58028234","58028547","chr22","18465783","18466076","46","39562451"
"chr3","58041311","58041604","chr15","90536879","90537170","37","32495568"
"chr3","58059979","58060251","chr9","62534396","62534678","39","4474417"
"chr3","58072501","58072767","chr22","18507852","18508120","24","39564649"
"chr3","58075091","58075386","chr22","18510833","18511131","33","39564258"
"chr3","58093969","58094266","chr22","18528816","18529112","27","39565153"
"chr3","58096082","58096380","chr1","32350047","32350343","39","25746035"
"chr3","58097927","58098235","chr22","18539076","18539393","30","39558851"
"chr3","58104581","58104882","chr22","18534202","18534486","41","39570379"
"chr3","58124786","58125062","chr10","88097750","88098024","46","29972964"
"chr3","58131557","58131856","chr22","18571265","18571565","22","39560292"
"chr3","58165082","58165374","chr1","17699624","17699919","34","40465458"
"chr3","58168840","58169145","chr8","7114217","7114516","33","51054623"
"chr3","58183460","58183629","chr16","4948568","4948735","22","53234892"
"chr3","58228058","58228369","chr5","9724482","9724788","46","48503576"
"chr3","58237908","58238216","chr22","18667749","18668049","33","39570159"
"chr3","58239965","58240257","chr22","18669803","18670106","25","39570162"
"chr3","58260971","58261263","chr1","9922951","9923243","32","48338020"
"chr3","58261870","58262151","chr22","18691468","18691746","28","39570402"
"chr3","58263653","58263876","chr22","18692816","18693039","26","39570837"
"chr3","58277780","58277856","chr18","14486053","14486126","14","43791727"
"chr3","58278158","58278312","chr11","104719080","104719236","27","46440922"
"chr3","58278556","58278789","chr22","18706735","18706973","23","39571821"
"chr3","58299627","58299897","chr14","58717350","58717620","34","417723"
"chr3","58337768","58338053","chr22","18759664","18759955","36","39578104"
"chr3","58358778","58359087","chr2","5914047","5914349","33","52444731"
"chr3","58389315","58389585","chr7","128923268","128923536","36","70533953"
"chr3","58393120","58393425","chr4","70066768","70067070","33","11673648"
"chr3","58397646","58397956","chr23","37753252","37753563","28","20644394"
"chr3","58405132","58405419","chrX","128228462","128228750","35","69823330"
"chr3","58410356","58410597","chr22","18832451","18832703","26","39577905"
"chr3","58423744","58424035","chr22","18847715","18848015","37","39576029"
"chr3","58424752","58425044","chr22","18848775","18849082","31","39575977"
"chr3","58427470","58427759","chr22","18851506","18851803","25","39575964"
"chr3","58437726","58437877","chr12","905253","905412","27","57532473"
"chr3","58465002","58465264","chr19","27008157","27008419","36","31456845"
"chr3","58470596","58470875","chrX","1052","1331","35","58469544"
"chr3","58475268","58475576","chr14","10400670","10400981","34","48074598"
"chr3","58477649","58477932","chr22","18899010","18899294","30","39578639"
"chr3","58499138","58499420","chr19","21211544","21211829","43","37287594"
"chr3","58501313","58501453","chr1","6777069","6777184","42","51724244"
"chr3","58508089","58508406","chr22","18922385","18922701","18","39585704"
"chr3","58526144","58526448","chr22","18940004","18940311","33","39586140"
"chr3","58526454","58526725","chr22","18940319","18940602","30","39586135"
"chr3","58540659","58540952","chr6","41636335","41636630","28","16904324"
"chr3","58554140","58554432","chr22","18966018","18966314","23","39588122"
"chr3","58556304","58556613","chr22","18967964","18968272","31","39588340"
"chr3","58603737","58604043","chr22","19019219","19019525","16","39584518"
"chr3","58612932","58613218","chr4","60600244","60600531","44","1987312"
"chr3","58616378","58616668","chr22","19026135","19026435","28","39590243"
"chr3","58621603","58621892","chr17","28764095","28764380","35","29857508"
"chr3","58628497","58628796","chr6","8015506","8015808","43","50612991"
"chr3","58654884","58655197","chr22","19063667","19063964","39","39591217"
"chr3","58679046","58679346","chr11","88262074","88262377","27","29583028"
"chr3","58689380","58689670","chr16","59525991","59526277","31","836611"
"chr3","58733868","58734116","chr22","19143748","19143994","18","39590120"
"chr3","58739780","58740092","chr22","19149832","19150141","22","39589948"
"chr3","58751294","58751473","chr22","19162113","19162286","17","39589181"
"chr3","58761438","58761748","chr29","19796485","19796789","37","38964953"
"chr3","58766922","58767237","chr11","96537250","96537560","35","37770328"
"chr3","58774934","58775218","chr1","37727362","37727648","32","21047572"
"chr3","58775596","58775886","chr1","17894693","17894992","34","40880903"
"chr3","58811355","58811586","chr9","61704066","61704306","53","2892711"
"chr3","58841829","58842053","chr9","61704066","61704306","43","2862237"
"chr3","58845109","58845417","chr22","19255878","19256186","24","39589231"
"chr3","58846286","58846592","chrX","18551381","18551686","46","40294905"
"chr3","58851862","58852171","chr1","32350047","32350343","39","26501815"
"chr3","58852638","58852942","chr15","90519589","90519883","37","31666951"
"chr3","58854657","58854886","chr9","61704066","61704306","40","2849409"
"chr3","58858313","58858624","chr22","19268983","19269296","17","39589330"
"chr3","58861229","58861537","chr22","19270684","19270981","33","39590545"
"chr3","58862419","58862705","chr22","19271850","19272145","34","39590569"
"chr3","58862706","58862865","chr27","46144011","46144170","19","12718695"
"chr3","58865354","58865665","chr22","19274853","19275165","35","39590501"
"chr3","58866371","58866678","chr22","19275857","19276162","32","39590514"
"chr3","58890920","58891216","chr22","19294025","19294321","32","39596895"
"chr3","58891503","58891794","chr12","80083509","80083803","48","21192006"
"chr3","58895237","58895537","chr22","19298521","19298818","29","39596716"
"chr3","58897634","58897940","chr15","17155979","17156283","35","41741655"
"chr3","58898644","58898957","chr4","36021032","36021342","42","22877612"
"chr3","58900347","58900649","chr4","87532581","87532881","37","28632234"
"chr3","58927821","58928125","chr22","19330636","19330932","32","39597185"
"chr3","58955765","58956062","chr22","19358708","19359008","25","39597057"
"chr3","58963189","58963500","chr22","19366053","19366357","35","39597136"
"chr3","58964000","58964318","chr22","19366854","19367149","44","39597146"
"chr3","58974785","58975087","chr22","19376891","19377195","26","39597894"
"chr3","58976483","58976789","chr22","19378594","19378893","29","39597889"
"chr3","58977359","58977601","chr2","81563441","81563690","39","22586082"
"chr3","58990299","58990590","chr14","21330039","21330329","48","37660260"
"chr3","59030589","59030863","chr22","19433532","19433797","23","39597057"
"chr3","59034444","59034739","chr26","46232611","46232904","35","12801833"
"chr3","59042137","59042408","chr22","19443853","19444122","22","39598284"
"chr3","59071716","59072011","chr22","19472940","19473229","29","39598776"
"chr3","59077313","59077601","chr8","7114217","7114516","39","51963096"
"chr3","59106503","59106809","chr8","26705613","26705923","35","32400890"
"chr3","59128007","59128188","chr5","57663679","57663861","29","1464328"
"chr3","59139414","59139715","chr2","56917707","56918005","34","2221707"
"chr3","59145294","59145594","chr22","19543520","19543820","23","39601774"
"chr3","59184982","59185271","chr4","36036902","36037194","39","23148080"
"chr3","59204749","59204939","chr2","57638630","57638817","31","1566119"
"chr3","59211487","59211770","chr22","19602907","19603186","35","39608580"
"chr3","59221468","59221754","chr22","19617818","19618108","28","39603650"
"chr3","59231730","59232027","chr8","7114217","7114516","35","52117513"
"chr3","59232267","59232577","chr22","19625425","19625733","33","39606842"
"chr3","59235193","59235469","chr5","17723365","17723640","31","41511828"
"chr3","59242842","59243140","chr22","19640254","19640549","25","39602588"
"chr3","59251251","59251581","chr6","5523848","5524157","53","53727403"
"chr3","59264325","59264634","chr22","19661282","19661588","34","39603043"
"chr3","59267794","59268105","chr22","19664335","19664650","24","39603459"
"chr3","59272572","59272854","chr22","19668649","19668929","24","39603923"
"chr3","59299626","59299925","chr22","19696197","19696487","28","39603429"
"chr3","59329763","59330052","chr22","19726324","19726617","25","39603439"
"chr3","59332126","59332428","chr16","36240926","36241225","35","23091200"
"chr3","59347402","59347707","chr2","5914047","5914349","39","53433355"
"chr3","59365071","59365353","chr9","92649646","92649936","40","33284575"
"chr3","59404934","59405114","chrX","49751673","49751842","44","9653261"
"chr3","59405192","59405491","chr3","15233383","15233685","37","44171809"
"chr3","59412098","59412399","chr22","19817359","19817664","26","39594739"
"chr3","59431281","59431589","chr8","137848828","137849136","41","78417547"
"chr3","59451386","59451693","chr26","18344490","18344794","33","41106896"
"chr3","59453197","59453507","chrX","111488159","111488465","36","52034962"
"chr3","59457080","59457389","chr14","82794681","82794991","33","23337601"
"chr3","59480039","59480339","chr22","19878159","19878468","32","39601880"
"chr3","59491544","59491845","chr22","19892121","19892427","22","39599423"
"chr3","59501225","59501530","chr9","89871771","89872071","35","30370546"
"chr3","59561879","59562169","chr11","125973989","125974282","33","66412110"
"chr3","59725244","59725512","chr22","20107085","20107345","30","39618159"
"chr3","59819253","59819565","chr22","20198235","20198544","30","39621018"
"chr3","59859799","59860085","chr22","20235794","20236085","26","39624005"
"chr3","60041038","60041335","chr9","82908160","82908459","35","22867122"
"chr3","60050729","60051033","chr6","40061617","40061925","36","19989112"
"chr3","60084848","60085143","chr5","35843820","35844117","32","24241028"
"chr3","60103444","60103740","chr22","20491280","20491576","28","39612164"
"chr3","60103741","60103911","chr16","46110548","46110717","20","13993193"
"chr3","60153209","60153501","chr5","44636935","44637227","39","15516274"
"chr3","60240724","60241040","chr27","2686187","2686497","47","57554537"
"chr3","60369716","60370027","chr22","20740310","20740619","28","39629406"
"chr3","60487464","60487594","chr16","46094331","46094464","31","14393133"
"chr3","60487819","60487982","chr9","57624793","57624958","27","2863026"
"chr3","60503501","60503772","chr8","7999730","8000000","39","52503771"
"chr3","60568619","60568917","chr3","74119688","74119985","34","13551069"
"chr3","60603752","60604062","chr2","39182421","39182732","45","21421331"
"chr3","60665600","60665900","chr9","59081819","59082114","41","1583781"
"chr3","60695871","60696159","chr22","21051347","21051634","17","39644524"
"chr3","60697952","60698248","chr13","79595987","79596282","39","18898035"
"chr3","60801519","60801827","chr14","74043201","74043508","40","13241682"
"chr3","61013218","61013462","chr25","3753665","3753901","37","57259553"
"chr3","61031812","61032022","chr24","77199551","77199731","64","16167739"
"chr3","61032539","61032842","chr22","21376565","21376868","17","39655974"
"chr3","61071172","61071468","chr15","4736743","4737042","42","56334429"
"chr3","61273296","61273666","chr22","21618646","21618952","83","39654650"
"chr3","61298769","61299066","chr11","96978397","96978692","31","35679628"
"chr3","61412261","61412516","chr6","42849804","42850061","37","18562457"
"chr3","61441826","61442126","chr22","21779110","21779417","39","39662716"
"chr3","61463689","61463986","chr22","21799054","21799337","32","39664635"
"chr3","61525598","61525909","chr7","115282515","115282825","38","53756917"
"chr3","61615787","61616091","chrX","21765768","21766071","42","39850019"
"chr3","61716230","61716535","chr11","91522024","91522324","39","29805794"
"chr3","61746117","61746405","chr11","96978397","96978692","41","35232280"
"chr3","61747076","61747345","chr22","22072609","22072876","27","39674467"
"chr3","61764214","61764523","chr1","65093877","65094186","34","3329663"
"chr3","61864289","61864507","chr4","19401185","19401400","33","42463104"
"chr3","61867704","61867962","chr22","22188220","22188459","40","39679484"
"chr3","61949395","61949691","chr22","22260521","22260818","20","39688874"
"chr3","61964882","61965178","chr22","22275035","22275325","32","39689847"
"chr3","62056155","62056439","chr22","22373987","22374273","30","39682168"
"chr3","62066175","62066479","chr22","22384032","22384330","26","39682143"
"chr3","62195781","62196058","chr22","22494144","22494424","26","39701637"
"chr3","62202077","62202377","chr20","102069946","102070249","39","39867869"
"chr3","62210911","62211127","chrX_AQIB01158161v1_random","2942","3158","66","62207969"
"chr3","62355351","62355663","chr23","40998580","40998892","33","21356771"
"chr3","62383423","62383703","chr12","32763230","32763511","33","29620193"
"chr3","62396392","62396673","chr22","22554793","22555092","39","39841599"
"chr3","62412388","62412682","chrX","43907476","43907773","38","18504912"
"chr3","62414561","62414866","chr19","12364834","12365135","39","50049727"
"chr3","62419123","62419436","chr4","9817044","9817355","54","52602079"
"chr3","62422800","62423110","chr22","22581611","22581919","29","39841189"
"chr3","62428973","62429271","chr22","22593939","22594237","18","39835034"
"chr3","62470957","62471259","chrX","22837588","22837894","43","39633369"
"chr3","62511903","62512208","chr22","22675801","22676102","45","39836102"
"chr3","62532806","62533091","chr22","22697103","22697389","12","39835703"
"chr3","62533996","62534299","chr22","22698251","22698546","31","39835745"
"chr3","62540635","62540936","chr9","92878452","92878745","36","30337817"
"chr3","62575279","62575580","chr28","14299127","14299421","50","48276152"
"chr3","62583429","62583740","chr14","1392930","1393232","36","61190499"
"chr3","62601325","62601503","chr22","22746959","22747138","21","39854366"
"chr3","62620716","62621018","chr14","9384227","9384530","38","53236489"
"chr3","62644852","62645160","chr13","34886200","34886513","41","27758652"
"chr3","62650911","62651197","chr22","22796322","22796613","30","39854589"
"chr3","62654184","62654428","chr6","2928463","2928709","66","59725721"
"chr3","62658771","62659078","chr8","48698345","48698653","46","13960426"
"chr3","62689976","62690280","chr22","22833050","22833344","27","39856926"
"chr3","62691025","62691298","chr2","74999713","74999986","37","12308688"
"chr3","62700478","62700781","chr22","22843993","22844298","29","39856485"
"chr3","62724028","62724332","chr28","9287245","9287554","36","53436783"
"chr3","62747198","62747498","chr22","22888585","22888893","36","39858613"
"chr3","62764998","62765309","chr9","96711690","96711999","40","33946692"
"chr3","62768702","62769002","chr22","22908400","22908696","29","39860302"
"chr3","62772535","62772833","chr22","22911334","22911634","27","39861201"
"chr3","62781894","62782199","chr22","22919678","22919991","40","39862216"
"chr3","62834957","62835262","chr22","22972182","22972487","35","39862775"
"chr3","62873493","62873784","chr22","23011382","23011678","38","39862111"
"chr3","62904689","62904905","chr22","23043061","23043299","39","39861628"
"chr3","62907185","62907505","chr22","23045585","23045889","40","39861600"
"chr3","62907954","62908208","chr1","63074464","63074714","39","166510"
"chr3","62910327","62910616","chr22","23048704","23048994","32","39861623"
"chr3","62911603","62911791","chr7","15845768","15845962","36","47065835"
"chr3","62932447","62932758","chr6","11359520","11359832","48","51572927"
"chr3","62966947","62967238","chr22","23106211","23106498","35","39860736"
"chr3","62986787","62987091","chr22","23126002","23126301","28","39860785"
"chr3","63007235","63007531","chr15","64630867","64631162","40","1623632"
"chr3","63011455","63011749","chr22","23152494","23152788","27","39858961"
"chr3","63025844","63026149","chr22","23166585","23166896","30","39859259"
"chr3","63067284","63067593","chr22","23206970","23207270","34","39860314"
"chr3","63071552","63071826","chrX","1052","1331","41","63070500"
"chr3","63115610","63115914","chr28","19188684","19188984","37","43926926"
"chr3","63128111","63128393","chr22","23266009","23266315","43","39862102"
"chr3","63129360","63129595","chr1","117999753","117999991","40","54870393"
"chr3","63222997","63223288","chr1","103023081","103023373","31","39800084"
"chr3","63281140","63281435","chr15","90879535","90879814","59","27598395"
"chr3","63282230","63282517","chr22","23420452","23420738","20","39861778"
"chr3","63319082","63319411","chr22","23456259","23456586","27","39862823"
"chr3","63321911","63322143","chr22","23459738","23459976","25","39862173"
"chr3","63327129","63327437","chr22","23464615","23464921","21","39862514"
"chr3","63384352","63384630","chr9","122599019","122599299","31","59214667"
"chr3","63395606","63395882","chr22","23533882","23534158","19","39861724"
"chr3","63437221","63437537","chr7","131947263","131947571","43","68510042"
"chr3","63522009","63522315","chr22","23658220","23658525","20","39863789"
"chr3","63533877","63534173","chr22","23670068","23670360","20","39863809"
"chr3","63548830","63549133","chr22","23683559","23683863","30","39865271"
"chr3","63648359","63648664","chr22","23782988","23783301","31","39865371"
"chr3","63694157","63694426","chr22","23825831","23826094","27","39868326"
"chr3","63698723","63699047","chr22","23830494","23830817","41","39868229"
"chr3","63724784","63725086","chr14","14997912","14998214","34","48726872"
"chr3","63789230","63789543","chr1","103157364","103157673","53","39368134"
"chr3","63832080","63832381","chr13","14571678","14571983","42","49260402"
"chr3","63992981","63993291","chr23","62508235","62508543","51","1484746"
"chr3","64141123","64141414","chr16","41984645","41984934","28","22156478"
"chr3","64193465","64193765","chr22","24326399","24326695","30","39867066"
"chr3","64366124","64366423","chr22","24490796","24491095","21","39875328"
"chr3","64419943","64420245","chr22","24549202","24549484","43","39870741"
"chr3","64568286","64568585","chr1","103620650","103620948","48","39052364"
"chr3","64610040","64610333","chr14","58891106","58891401","40","5718934"
"chr3","64615560","64615857","chr22","24733100","24733397","26","39882460"
"chr3","64632912","64633232","chr22","24743760","24744071","32","39889152"
"chr3","64757934","64758236","chr22","24864917","24865216","24","39893017"
"chr3","64776581","64776891","chr17","28541132","28541438","41","36235449"
"chr3","64842667","64842951","chrX","1052","1331","35","64841615"
"chr3","64875146","64875449","chr6","7942419","7942718","35","56932727"
"chr3","64879418","64879715","chr28","19188684","19188984","37","45690734"
"chr3","64959358","64959646","chr1","110954986","110955272","45","45995628"
"chr3","65204908","65205217","chr11","64954115","64954414","42","250793"
"chr3","65268081","65268384","chr22","25370136","25370438","20","39897945"
"chr3","65271751","65272044","chr6","48217964","48218263","36","17053787"
"chr3","65332679","65332989","chr22","25435897","25436210","37","39896782"
"chr3","65433394","65433685","chr22","25528908","25529210","35","39904486"
"chr3","65529117","65529426","chr12","13024483","13024791","38","52504634"
"chr3","65653558","65653873","chr8","10801167","10801476","42","54852391"
"chr3","65847677","65847974","chr22","25937239","25937533","32","39910438"
"chr3","65900259","65900563","chr22","26002014","26002327","26","39898245"
"chr3","65900722","65900949","chr22","26002480","26002701","32","39898242"
"chr3","65914553","65914833","chr22","26017806","26018087","31","39896747"
"chr3","65980237","65980522","chr22","26074717","26075005","26","39905520"
"chr3","65983129","65983440","chr22","26077612","26077918","27","39905517"
"chr3","66007340","66007654","chr17","59119110","59119421","37","6888230"
"chr3","66046293","66046589","chr5","36779668","36779960","34","29266625"
"chr3","66079879","66080188","chr2","80509435","80509746","39","14429556"
"chr3","66159761","66160069","chr22","26234852","26235148","33","39924909"
"chr3","66255030","66255364","chr18","57795719","57796037","63","8459311"
"chr3","66359431","66359736","chr10","88760771","88761072","31","22401340"
"chr3","66428231","66428536","chr22","26504562","26504870","36","39923669"
"chr3","66557724","66558036","chr22","26629991","26630301","35","39927733"
"chr3","66576047","66576360","chr22","26645789","26646091","36","39930258"
"chr3","66578369","66578661","chr9","94097659","94097950","41","27519290"
"chr3","66585204","66585511","chr19","15854547","15854860","43","50730657"
"chr3","66736962","66737254","chr22","26801160","26801461","31","39935802"
"chr3","66739052","66739350","chr8","50329111","50329409","40","16409941"
"chr3","66794434","66794753","chr10","105520615","105520926","60","38726181"
"chr3","66803813","66804102","chrX","111740906","111741198","36","44937093"
"chr3","66831177","66831275","chr24","22286122","22286189","42","44545055"
"chr3","66831769","66832067","chr22","26895537","26895846","31","39936232"
"chr3","66860214","66860510","chr22","26924354","26924653","20","39935860"
"chr3","66887399","66887703","chr22","26949903","26950209","37","39937496"
"chr3","66894788","66895091","chr22","26957347","26957647","25","39937441"
"chr3","66938864","66939151","chr22","27001617","27001909","33","39937247"
"chr3","66944412","66944720","chr22","27007202","27007521","33","39937210"
"chr3","66948877","66949173","chr15","64630867","64631162","34","2318010"
"chr3","66957495","66957801","chr22","27021525","27021831","24","39935970"
"chr3","66964764","66965081","chr1","69333459","69333768","51","2368695"
"chr3","67001675","67001876","chr7","15845768","15845962","37","51155907"
"chr3","67006320","67006593","chrUn_AQIB01158739v1","282","557","40","67006038"
"chr3","67007000","67007212","chr17","38823537","38823742","41","28183463"
"chr3","67024060","67024360","chr8","7114217","7114516","38","59909843"
"chr3","67028957","67029250","chr20","97514180","97514477","48","30485223"
"chr3","67031800","67032082","chr22","27090962","27091245","19","39940838"
"chr3","67039634","67039940","chr22","27098860","27099162","26","39940774"
"chr3","67044507","67044798","chr24","11721376","11721667","30","55323131"
"chr3","67045843","67046155","chr20","70975478","70975787","46","3929635"
"chr3","67054723","67055017","chr19","27610384","27610678","40","39444339"
"chr3","67056331","67056614","chr12","80083509","80083803","44","13027178"
"chr3","67066800","67067094","chr22","27127480","27127775","20","39939320"
"chr3","67075392","67075685","chr8","7609747","7610042","47","59465645"
"chr3","67100805","67101105","chr1","19453527","19453824","35","47647278"
"chr3","67105378","67105667","chr8","90128674","90128960","32","23023296"
"chr3","67471591","67471878","chr4","32226963","32227256","52","35244628"
"chr3","67493304","67493608","chr22","27297271","27297564","38","40196033"
"chr3","67570402","67570708","chr22","27384262","27384585","32","40186140"
"chr3","67672299","67672606","chr22","27492658","27492963","24","40179641"
"chr3","67696642","67696951","chr22","27515295","27515572","47","40181347"
"chr3","67833434","67833722","chr20","108632233","108632522","38","40798799"
"chr3","68093763","68094060","chr1","67937430","67937722","37","156333"
"chr3","68221832","68222080","chr22","28026042","28026289","18","40195790"
"chr3","68223482","68223780","chr22","28027985","28028284","22","40195497"
"chr3","68315817","68316105","chr14","82553198","82553485","42","14237381"
"chr3","68408973","68409279","chr16","29380786","29381090","35","39028187"
"chr3","68456759","68457035","chr18","29652512","29652794","44","38804247"
"chr3","68484639","68484913","chr1","117352443","117352719","38","48867804"
"chr3","68496111","68496186","chr24","67120222","67120280","28","1375889"
"chr3","68501721","68502028","chr5","26410686","26410992","35","42091035"
"chr3","68717860","68718163","chr22","28505302","28505600","36","40212558"
"chr3","68733813","68734145","chr22","28531075","28531393","37","40202738"
"chr3","68759014","68759183","chr22","28555952","28556125","18","40203062"
"chr3","68797631","68797937","chr22","28598286","28598599","37","40199345"
"chr3","68884043","68884268","chr11","124263168","124263380","45","55379125"
"chr3","68894750","68895060","chr22","28695278","28695588","19","40199472"
"chr3","69016197","69016490","chr1","8238607","8238892","59","60777590"
"chr3","69031784","69032070","chr22","28823796","28824090","32","40207988"
"chr3","69036744","69037058","chr8","10801167","10801476","44","58235577"
"chr3","69074011","69074314","chr22","28871706","28872016","31","40202305"
"chr3","69275094","69275381","chr9","79428511","79428800","37","10153417"
"chr3","69316914","69317217","chr20","7645196","7645499","35","61671718"
"chr3","69332550","69332807","chr22","29122547","29122803","24","40210003"
"chr3","69351018","69351250","chr22","29135570","29135791","29","40215448"
"chr3","69460213","69460515","chr22","29242809","29243121","29","40217404"
"chr3","69501241","69501519","chr22","29284346","29284647","45","40216895"
"chr3","69644428","69644723","chr21","117541596","117541891","36","47897168"
"chr3","69692952","69693265","chr18","17039455","17039764","38","52653497"
"chr3","69824090","69824142","chr14","59976736","59976775","18","9847354"
"chr3","69824288","69824507","chr9","95602782","95603005","38","25778494"
"chr3","69903516","69903825","chrX","113675371","113675678","40","43771855"
"chr3","69947366","69947672","chr19","19138000","19138296","51","50809366"
"chr3","69950373","69950768","chr12","4655234","4655615","90","65295139"
"chr3","70134155","70134442","chr22","29902309","29902597","22","40231846"
"chr3","70152102","70152377","chrX","61126607","61126879","36","9025495"
"chr3","70187225","70187526","chr25","84342478","84342780","38","14155253"
"chr3","70207260","70207557","chr10","9225222","9225520","50","60982038"
"chr3","70211185","70211485","chr22","29975402","29975691","27","40235783"
"chr3","70257874","70258167","chr6","47913178","47913472","40","22344696"
"chr3","70290378","70290655","chr22","30055210","30055503","37","40235168"
"chr3","70301962","70302254","chr22","30066920","30067218","32","40235042"
"chr3","70312514","70312782","chr22","30077486","30077753","19","40235028"
"chr3","70329824","70330116","chr21","11384164","11384453","46","58945660"
"chr3","70368797","70369100","chr22","30133556","30133861","32","40235241"
"chr3","70393820","70394110","chr6","29336391","29336683","34","41057429"
"chr3","70397892","70398197","chr22","30160549","30160852","34","40237343"
"chr3","70421936","70422236","chr6","4037544","4037841","36","66384392"
"chr3","70448471","70448767","chr23","76782243","76782540","41","6333772"
"chr3","70470467","70470775","chr22","30233485","30233796","32","40236982"
"chr3","70474508","70474820","chr22","30237367","30237678","28","40237141"
"chr3","70481287","70481581","chr22","30244232","30244532","31","40237055"
"chr3","70486028","70486326","chr14","386365","386662","46","70099663"
"chr3","70493248","70493547","chr22","30255451","30255748","36","40237797"
"chr3","70498144","70498455","chr22","30260360","30260673","32","40237784"
"chr3","70498997","70499295","chr22","30261226","30261530","33","40237771"
"chr3","70516942","70517242","chr22","30278789","30279089","31","40238153"
"chr3","70524800","70525093","chr22","30286331","30286624","21","40238469"
"chr3","70525812","70526135","chr21","108234483","108234796","42","37708671"
"chr3","70529156","70529435","chr22","30290154","30290442","31","40239002"
"chr3","70534660","70534948","chr16","72650947","72651238","31","2116287"
"chr3","70546119","70546263","chr25","50480389","50480528","24","20065730"
"chr3","70553258","70553575","chr22","30312167","30312481","28","40241091"
"chr3","70564471","70564777","chr22","30323722","30324029","27","40240749"
"chr3","70568477","70568796","chr22","30328995","30329299","40","40239482"
"chr3","70576897","70577175","chr22","30336700","30336997","36","40240197"
"chr3","70593619","70593895","chr22","30353845","30354125","30","40239774"
"chr3","70620512","70620813","chr16","4797485","4797784","39","65823027"
"chr3","70684782","70685078","chr25","73503436","73503730","34","2818654"
"chr3","70784040","70784331","chr7","58149931","58150230","45","12634109"
"chr3","70849696","70849994","chr22","30586790","30587088","35","40262906"
"chr3","70870634","70870944","chr22","30609857","30610158","30","40260777"
"chr3","70939620","70939868","chr22","30678763","30679028","37","40260857"
"chr3","70946378","70946678","chr22","30685544","30685854","32","40260834"
"chr3","70955180","70955485","chr22","30692831","30693141","27","40262349"
"chr3","70980056","70980365","chr22","30717854","30718160","21","40262202"
"chr3","70986467","70986778","chr5","26410686","26410992","40","44575781"
"chr3","70987596","70987901","chr26","20971404","20971706","35","50016192"
"chr3","71000879","71001197","chr10","57804652","57804971","39","13196227"
"chr3","71076479","71076783","chr22","30814828","30815137","24","40261651"
"chr3","71311699","71311999","chr26","53553125","53553420","32","17758574"
"chr3","71410865","71411183","chr25","74800633","74800951","46","3389768"
"chr3","71503991","71504289","chr17","40268751","40269048","33","31235240"
"chr3","71549439","71549743","chr4","52676067","52676368","42","18873372"
"chr3","71628341","71628634","chr22","31339034","31339334","34","40289307"
"chr3","71890448","71890732","chr12","37814722","37815005","37","34075726"
"chr3","71922505","71922801","chr17","54294503","54294797","39","17628002"
"chr3","71970110","71970395","chr22","46855248","46855537","41","25114862"
"chr3","72027143","72027416","chr15","6704775","6705047","38","65322368"
"chr3","72093623","72093903","chr9","120569450","120569733","36","48475827"
"chr3","72112381","72112688","chr22","31788686","31788981","35","40323695"
"chr3","72129767","72129936","chr22","31807983","31808151","19","40321784"
"chr3","72194612","72194926","chr16","19382171","19382482","44","52812441"
"chr3","72195480","72195766","chr22","31866668","31866956","26","40328812"
"chr3","72200210","72200509","chr22","31871457","31871751","27","40328753"
"chr3","72223731","72224025","chr22","31895283","31895582","22","40328448"
"chr3","72243904","72244207","chr22","31914158","31914448","32","40329746"
"chr3","72301979","72302264","chr19","21308868","21309154","40","50993111"
"chr3","72356752","72357037","chr22","32028328","32028612","30","40328424"
"chr3","72398891","72399182","chr22","32070736","32071009","41","40328155"
"chr3","72431173","72431475","chr22","32103016","32103316","27","40328157"
"chr3","72462075","72462392","chr22","32133062","32133374","28","40329013"
"chr3","72464420","72464682","chr1","110084772","110085038","48","37620352"
"chr3","72470681","72470973","chrX","104338492","104338785","34","31867811"
"chr3","72484846","72485155","chr20","9169732","9170041","45","63315114"
"chr3","72485192","72485506","chr22","32155530","32155861","43","40329662"
"chr3","72508274","72508545","chr22","32178869","32179129","29","40329405"
"chr3","72554908","72555224","chr14","68751363","68751666","40","3803545"
"chr3","72556413","72556710","chr22","32224829","32225140","34","40331584"
"chr3","72569027","72569331","chr22","32237667","32237965","27","40331360"
"chr3","72570526","72570810","chr22","32239137","32239427","22","40331389"
"chr3","72576213","72576517","chr22","32245187","32245491","25","40331026"
"chr3","72586315","72586619","chr25","78856788","78857085","36","6270473"
"chr3","72648161","72648469","chr22","32314476","32314780","34","40333685"
"chr3","72707470","72707767","chr3","78270252","78270545","43","5562782"
"chr3","72779449","72779755","chr15","9694878","9695179","41","63084571"
"chr3","72789349","72789641","chr22","32455560","32455851","34","40333789"
"chr3","72799513","72799816","chr14","51409536","51409838","33","21389977"
"chr3","72806185","72806487","chr25","78856788","78857085","32","6050603"
"chr3","72810879","72811167","chr22","32475907","32476206","28","40334972"
"chr3","72815458","72815767","chr6","5416935","5417236","42","67398523"
"chr3","72900244","72900540","chrX_KE148108v1_random","1085636","1085929","33","71814608"
"chr3","72907882","72908178","chr22","32572524","32572807","29","40335358"
"chr3","72923549","72923854","chr5","69369907","69370211","45","3553642"
"chr3","72927178","72927480","chrX","80468072","80468375","28","7540894"
"chr3","72990967","72991173","chr26","3461820","3462028","27","69529147"
"chr3","72998455","72998733","chr10","116657738","116658019","37","43659283"
"chr3","73083362","73083660","chr24","40758560","40758856","38","32324802"
"chr3","73086126","73086429","chr22","32750314","32750624","28","40335812"
"chr3","73093101","73093369","chr22","32757331","32757607","25","40335770"
"chr3","73117962","73118265","chr20","108815662","108815960","35","35697700"
"chr3","73146176","73146473","chr22","32808803","32809100","26","40337373"
"chr3","73195188","73195470","chr14","45404891","45405174","46","27790297"
"chr3","73220923","73221230","chr29","19796485","19796789","38","53424438"
"chr3","73268309","73268611","chr10","105140458","105140764","34","31872149"
"chr3","73276307","73276606","chr22","32946160","32946463","33","40330147"
"chr3","73284485","73284784","chr22","32954725","32955032","38","40329760"
"chr3","73304746","73305050","chr17","1769259","1769563","34","71535487"
"chr3","73311218","73311504","chr8","125448207","125448498","42","52136989"
"chr3","73480263","73480566","chr20","110792876","110793177","39","37312613"
"chr3","73502870","73503177","chr8","95509570","95509879","35","22006700"
"chr3","73530345","73530646","chr22","33187492","33187793","23","40342853"
"chr3","73566454","73566616","chr18","30643323","30643494","34","42923131"
"chr3","73666711","73666987","chr22","33318523","33318798","29","40348188"
"chr3","73681654","73681941","chr22","33333320","33333611","32","40348334"
"chr3","73712560","73712868","chr22","33363836","33364131","37","40348724"
"chr3","73733491","73733802","chr20","89939770","89940076","35","16206279"
"chr3","73752310","73752624","chr8","10801167","10801476","34","62951143"
"chr3","73766695","73766991","chr22","33414550","33414846","19","40352145"
"chr3","73775880","73776032","chrX","89352443","89352598","25","15576563"
"chr3","73850897","73851196","chr25","78856788","78857085","29","5005891"
"chr3","73855913","73856214","chr1","67551527","67551828","36","6304386"
"chr3","73857316","73857626","chr22","33502687","33503000","27","40354629"
"chr3","73858632","73858944","chr22","33504006","33504310","28","40354626"
"chr3","73892193","73892479","chr22","33538772","33539058","24","40353421"
"chr3","73911698","73911974","chr9","62534396","62534678","51","11377302"
"chr3","73916100","73916408","chr22","33562461","33562766","37","40353639"
"chr3","73947885","73948179","chr9","101078483","101078778","35","27130598"
"chr3","73952690","73952977","chr21","121034333","121034623","34","47081643"
"chr3","73977145","73977433","chr26","26878534","26878831","43","47098611"
"chr3","73978384","73978683","chr22","33624232","33624531","23","40354152"
"chr3","73980369","73980670","chr1","19081361","19081659","38","54899008"
"chr3","73982131","73982436","chr11","53584291","53584588","55","20397840"
"chr3","74026891","74027179","chr16","10052529","10052819","39","63974362"
"chr3","74031053","74031350","chr22","33668231","33668534","24","40362822"
"chr3","74042082","74042383","chr22","33678717","33679018","33","40363365"
"chr3","74046870","74047167","chr20","101763696","101763994","30","27716826"
"chr3","74051395","74051696","chr22","33688053","33688349","23","40363342"
"chr3","74056660","74056963","chr22","33693490","33693790","25","40363170"
"chr3","74069177","74069477","chr22","33701583","33701897","39","40367594"
"chr3","74084649","74084953","chr22","33722756","33723053","34","40361893"
"chr3","74090701","74090792","chr22","18990534","18990602","42","55100167"
"chr3","74104891","74105204","chr22","33743815","33744120","35","40361076"
"chr3","74121111","74121405","chr22","33760339","33760632","29","40360772"
"chr3","74151826","74152036","chr22","33790633","33790840","16","40361193"
"chr3","74152050","74152357","chr2","36373197","36373506","53","37778853"
"chr3","74177160","74177457","chr19","14661681","14661977","35","59515479"
"chr3","74180785","74180979","chr2","18890227","18890415","29","55290558"
"chr3","74181027","74181155","chr12","8474879","8475005","21","65706148"
"chr3","74185112","74185418","chr8","21577936","21578242","32","52607176"
"chr3","74191928","74192234","chr22","33827391","33827703","28","40364537"
"chr3","74209391","74209704","chrX","46054412","46054721","37","28154979"
"chr3","74213861","74214160","chr22","33848556","33848858","30","40365305"
"chr3","74232475","74232770","chr1","17699624","17699919","38","56532851"
"chr3","74233836","74234136","chr9","114952603","114952897","33","40718767"
"chr3","74270964","74271259","chr22","33898738","33899035","27","40372226"
"chr3","74272079","74272382","chr10","88760771","88761072","30","14488692"
"chr3","74278918","74279225","chr22","33906691","33906999","11","40372227"
"chr3","74288264","74288511","chr15","90465838","90466081","37","16177574"
"chr3","74302831","74303141","chr10","86669751","86670059","56","12366920"
"chr3","74311610","74311945","chr14","82458719","82459050","53","8147109"
"chr3","74327052","74327353","chr23","22864793","22865102","34","51462259"
"chr3","74327715","74328022","chr22","33951273","33951575","31","40376442"
"chr3","74334280","74334492","chr22","33956734","33956949","24","40377546"
"chr3","74338413","74338701","chr22","33960557","33960847","48","40377856"
"chr3","74357163","74357478","chr22","33979630","33979930","41","40377533"
"chr3","74392840","74393146","chr22","34015964","34016275","35","40376876"
"chr3","74395677","74395978","chr7","58149931","58150230","39","16245746"
"chr3","74399958","74400269","chr6","15813882","15814194","34","58586076"
"chr3","74407178","74407479","chr21","77083601","77083904","39","2676423"
"chr3","74412248","74412527","chr1","47735250","47735532","52","26676998"
"chr3","74419397","74419565","chr6","3480379","3480542","24","70939018"
"chr3","74420192","74420490","chr22","34040085","34040385","31","40380107"
"chr3","74422410","74422679","chr22","34042235","34042519","38","40380175"
"chr3","74423590","74423904","chr22","34043440","34043751","36","40380150"
"chr3","74427729","74428021","chr22","34047141","34047430","20","40380588"
"chr3","74436227","74436513","chr16","72650947","72651238","28","1785280"
"chr3","74464153","74464445","chr22","34083160","34083456","21","40380993"
"chr3","74483590","74483895","chr22","34115997","34116302","28","40367593"
"chr3","74491997","74492298","chr19","27996740","27997048","50","46495257"
"chr3","74539884","74540179","chr15","64630867","64631162","40","9909017"
"chr3","74568147","74568459","chr14","69499486","69499793","34","5068661"
"chr3","74632908","74633211","chrX","54129280","54129571","46","20503628"
"chr3","74668026","74668205","chr5","68817004","68817178","23","5851022"
"chr3","74682101","74682390","chr22","34314054","34314355","43","40368047"
"chr3","74773878","74774166","chr13","62251265","62251555","23","12522613"
"chr3","74806786","74807091","chr22","34432208","34432519","29","40374578"
"chr3","74895005","74895250","chr22","34516571","34516818","19","40378434"
"chr3","74910474","74910781","chr22","34531664","34531971","34","40378810"
"chr3","74982362","74982647","chr22","34603625","34603911","26","40378737"
"chr3","74989071","74989379","chr22","34610681","34610979","37","40378390"
"chr3","75030485","75030799","chr3","28077010","28077318","42","46953475"
"chr3","75054439","75054750","chr22","34677755","34678058","35","40376684"
"chr3","75181889","75182159","chr22","34802985","34803263","39","40378904"
"chr3","75182655","75182965","chr6","33661589","33661898","42","41521066"
"chr3","75244532","75244830","chr22","34873448","34873757","37","40371084"
"chr3","75276960","75277279","chr22","34873448","34873757","33","40403512"
"chr3","75294368","75294662","chr22","34887941","34888235","29","40406427"
"chr3","75604288","75604585","chr11","692875","693183","45","74911413"
"chr3","75636020","75636329","chr21","125050945","125051253","34","49414925"
"chr3","75727990","75728237","chr22","35320698","35320940","24","40407292"
"chr3","75767496","75767793","chr22","35359632","35359939","39","40407864"
"chr3","75794217","75794495","chr14","45404891","45405174","44","30389326"
"chr3","75978986","75979280","chr22","35557592","35557866","53","40421394"
"chr3","76044288","76044586","chr22","35621589","35621873","40","40422699"
"chr3","76073916","76074226","chr22","35643753","35644061","28","40430163"
"chr3","76089939","76090243","chr4","31876349","31876651","44","44213590"
"chr3","76294895","76295208","chr22","35856799","35857122","51","40438096"
"chr3","76299585","76299877","chr22","35861543","35861835","36","40438042"
"chr3","76314451","76314740","chr22","35875981","35876275","27","40438470"
"chr3","76351218","76351529","chr10","57370589","57370898","47","18980629"
"chr3","76468021","76468320","chr18","61702909","61703208","35","14765112"
"chr3","76574810","76575117","chr2","80261510","80261816","43","3686700"
"chr3","76591915","76592225","chr16","53777816","53778123","42","22814099"
"chr3","76600647","76600953","chr5","41453200","41453511","45","35147447"
"chr3","76702838","76703055","chr11","124263168","124263380","54","47560330"
"chr3","76747845","76748126","chr2","59679816","59680069","51","17068029"
"chr3","76755827","76756125","chr16","3231040","3231340","34","73524787"
"chr3","76760617","76760919","chr5","14267334","14267638","37","62493283"
"chr3","76763248","76763547","chr2","59694681","59694981","42","17068567"
"chr3","76768365","76768673","chr2","59699668","59699975","32","17068697"
"chr3","76771059","76771344","chr18","43512783","43513075","49","33258276"
"chr3","76796076","76796384","chr28","19188684","19188984","41","57607392"
"chr3","76808864","76809165","chr9","21222890","21223190","34","55585974"
"chr3","76817856","76818160","chr5","4792497","4792808","40","72025359"
"chr3","76845100","76845403","chr5","4811741","4812042","33","72033359"
"chr3","76849748","76850052","chr8","38466685","38466989","39","38383063"
"chr3","76852646","76852898","chr18","64781425","64781678","36","12071221"
"chr3","76863181","76863488","chr7","131887649","131887956","46","55024468"
"chr3","76868049","76868349","chr5","4827582","4827884","30","72040467"
"chr3","76886286","76886596","chr5","4938805","4939106","38","71947481"
"chr3","76898773","76899083","chr12","7117943","7118250","39","69780830"
"chr3","76931550","76931852","chr14","78721427","78721729","36","1789877"
"chr3","76941403","76941708","chr5","39045605","39045909","46","37895798"
"chr3","76958253","76958470","chr11","124263168","124263380","58","47304915"
"chr3","76970420","76970698","chr12","37814722","37815005","40","39155698"
"chr3","77079197","77079505","chr7","135753467","135753773","32","58674270"
"chr3","77147736","77148052","chr9","88559313","88559622","43","11411577"
"chr3","77149461","77149791","chr7","18983108","18983415","63","58166353"
"chr3","77258048","77258334","chr10","110720648","110720937","42","33462600"
"chr3","77425724","77426013","chr28","15680756","15681046","32","61744968"
"chr3","77468137","77468407","chr16","3995961","3996228","36","73472176"
"chr3","77480387","77480654","chr22","100911645","100911885","47","23431258"
"chr3","77614303","77614598","chr9","12277347","12277641","40","65336956"
"chr3","77624691","77624995","chr4","13743937","13744235","46","63880754"
"chr3","77681154","77681469","chr23","81704135","81704446","39","4022981"
"chr3","77869702","77870013","chr8","10801167","10801476","39","67068535"
"chr3","77904968","77905271","chr22","100498983","100499285","31","22594015"
"chr3","77914724","77915013","chr6","43598093","43598381","30","34316631"
"chr3","77950985","77951308","chrX","108980422","108980725","59","31029437"
"chr3","77959103","77959375","chr22","100444835","100445118","32","22485732"
"chr3","78118022","78118319","chr8","9993389","9993689","24","68124633"
"chr3","78259303","78259605","chr22","100132270","100132572","31","21872967"
"chr3","78276349","78276639","chr5","21479776","21480065","43","56796573"
"chr3","78308601","78308884","chr22","100079439","100079723","23","21770838"
"chr3","78331952","78332247","chr5","51467123","51467419","34","26864829"
"chr3","78346698","78347026","chr10","105103743","105104065","47","26757045"
"chr3","78356121","78356229","chr28","9173213","9173351","41","69182908"
"chr3","78362354","78362657","chr22","100027999","100028282","42","21665645"
"chr3","78375475","78375752","chr22","100014787","100015070","30","21639312"
"chr3","78403794","78404084","chrX","115015905","115016203","48","36612111"
"chr3","78409903","78410181","chr9","67944674","67944946","48","10465229"
"chr3","78502228","78502520","chr9","86001069","86001362","38","7498841"
"chr3","78515329","78515518","chr7","15845768","15845962","33","62669561"
"chr3","78523925","78524209","chr22","99860381","99860667","26","21336456"
"chr3","78627404","78627716","chr21","100772519","100772827","43","22145115"
"chr3","78638291","78638569","chr22","99759253","99759526","30","21120962"
"chr3","78640018","78640313","chr26","20936428","20936720","46","57703590"
"chr3","78710101","78710343","chr9","61704066","61704306","47","17006035"
"chr3","78789734","78790042","chr17","29579999","29580305","40","49209735"
"chr3","78909880","78910179","chr9","101078483","101078778","36","22168603"
"chr3","79136558","79136816","chr26","8525729","8525977","33","70610829"
"chr3","79365026","79365339","chr22","99021463","99021762","38","19656437"
"chr3","79377935","79378253","chr11","4422956","4423267","42","74954979"
"chr3","79473802","79474113","chr22","98916952","98917263","32","19443150"
"chr3","79538210","79538494","chr8","124490204","124490490","37","44951994"
"chr3","79637040","79637347","chr6","28223428","28223739","39","51413612"
"chr3","79716934","79717145","chr10","116764761","116764990","61","37047827"
"chr3","79788878","79789187","chr22","98592707","98593008","24","18803829"
"chr3","79824701","79825004","chr29","7854435","7854738","33","71970266"
"chr3","79880534","79880839","chr22","98503668","98503981","39","18623134"
"chr3","79965772","79966069","chr22","98419120","98419425","40","18453348"
"chr3","80027821","80028135","chr18","17039455","17039764","40","62988366"
"chr3","80053584","80053872","chr18","32833508","32833792","46","47220076"
"chr3","80093587","80093892","chr9","16797425","16797729","37","63296162"
"chr3","80132826","80133141","chr13","85422731","85423026","57","5289905"
"chr3","80216110","80216415","chr23","62651223","62651532","41","17564887"
"chr3","80353252","80353546","chr22","98045189","98045476","25","17691937"
"chr3","80362830","80363120","chr6","47913178","47913472","39","32449652"
"chr3","80409230","80409527","chr22","97993282","97993579","22","17584052"
"chr3","80452263","80452564","chr22","97949980","97950281","25","17497717"
"chr3","80557186","80557488","chr22","97855531","97855825","38","17298345"
"chr3","80649033","80649357","chr22","97760668","97760976","40","17111635"
"chr3","80715893","80716178","chrX","109889143","109889429","46","29173250"
"chr3","80861608","80861918","chr9","21222890","21223190","49","59638718"
"chr3","80881057","80881349","chr11","106899139","106899434","39","26018082"
"chr3","80954731","80954958","chr11","124263168","124263380","45","43308437"
"chr3","81034613","81034932","chr11","19388413","19388722","55","61646200"
"chr3","81309429","81309693","chr22","97109677","97109944","37","15800248"
"chr3","81342050","81342366","chr10","91843960","91844268","48","10501910"
"chr3","81395361","81395669","chr22","97026849","97027149","39","15631488"
"chr3","81463369","81463612","chr5","37062122","37062385","62","44401247"
"chr3","81485574","81485881","chr9","21222890","21223190","46","60262684"
"chr3","81505298","81505632","chr9","89899220","89899553","59","8393922"
"chr3","81562589","81562871","chr17","30791980","30792265","41","50770609"
"chr3","81596173","81596468","chr20","107228158","107228463","34","25631985"
"chr3","81605329","81605511","chr7","15845768","15845962","38","65759561"
"chr3","81703470","81703744","chr5","17723365","17723640","36","63980105"
"chr3","81746645","81746934","chr6","24279451","24279738","40","57467194"
"chr3","81862839","81863146","chr10","110661024","110661327","45","28798185"
"chr3","81963474","81963765","chr22","96493982","96494273","22","14530508"
"chr3","81991352","81991644","chr15","64630867","64631162","30","17360485"
"chr3","82040978","82041165","chr25","72060311","72060505","26","9980667"
"chr3","82042108","82042371","chr9","32809944","32810197","46","49232164"
"chr3","82126426","82126729","chr9","97406559","97406856","36","15280133"
"chr3","82190202","82190510","chr14","82794681","82794991","34","604479"
"chr3","82197585","82197891","chr25","27069351","27069659","38","55128234"
"chr3","82320477","82320841","chr8","114229897","114230238","72","31909420"
"chr3","82331453","82331688","chr9","61704066","61704306","60","20627387"
"chr3","82350367","82350667","chr22","96146942","96147232","38","13796575"
"chr3","82381469","82381774","chr22","96125952","96126250","25","13744483"
"chr3","82449835","82450130","chr22","96058062","96058347","33","13608227"
"chr3","82639412","82639711","chr25","22686459","22686758","39","59952953"
"chr3","82708005","82708308","chr2","60965258","60965557","45","21742747"
"chr3","82780582","82780889","chr28","8356903","8357207","42","74423679"
"chr3","82804458","82804744","chr22","95695996","95696283","17","12891538"
"chr3","82806892","82807202","chr22","95693600","95693908","35","12886708"
"chr3","82812994","82813148","chr5","52723136","52723287","25","30089858"
"chr3","82889388","82889629","chr9","61704066","61704306","41","21185322"
"chr3","82920741","82921047","chr11","102809304","102809608","42","19888563"
"chr3","82924510","82924815","chr8","52693668","52693972","41","30230842"
"chr3","83060884","83061189","chr22","95440491","95440785","39","12379607"
"chr3","83104437","83104722","chr22","95398725","95399011","26","12294288"
"chr3","83114848","83115142","chr22","95387922","95388212","27","12273074"
"chr3","83168535","83168824","chr22","95331165","95331460","42","12162630"
"chr3","83291719","83292020","chr22","95211057","95211360","29","11919338"
"chr3","83305596","83305908","chr8","10801167","10801476","34","72504429"
"chr3","83314159","83314469","chr22","95193069","95193378","37","11878910"
"chr3","83438008","83438314","chr2","8100719","8101022","39","75337289"
"chr3","83593930","83594207","chr16","35453934","35454218","53","48139996"
"chr3","83692087","83692378","chr8","90128674","90128960","40","6436587"
"chr3","83726930","83727238","chr22","94782707","94783019","24","11055777"
"chr3","83763311","83763596","chr22","94741007","94741293","39","10977696"
"chr3","83779843","83780164","chr1","26956271","26956593","48","56823572"
"chr3","83901172","83901469","chr16","1283822","1284122","36","82617350"
"chr3","83969727","83970036","chr1","67026506","67026811","40","16943221"
"chr3","83991127","83991409","chr7","130657463","130657742","38","46666336"
"chr3","84011092","84011284","chr28","20091858","20092040","43","63919234"
"chr3","84109801","84110087","chr22","94405634","94405920","24","10295833"
"chr3","84179531","84179838","chr8","24780321","24780632","45","59399210"
"chr3","84220879","84221145","chr22","94283659","94283926","30","10062780"
"chr3","84305715","84306049","chr22","94200360","94200670","57","9894645"
"chr3","84389350","84389668","chr22","94117391","94117720","35","9728041"
"chr3","84611012","84611213","chr6","40923012","40923240","61","43688000"
"chr3","84807997","84808290","chr15","76322017","76322315","32","8485980"
"chr3","84881826","84882134","chr29","7754326","7754631","41","77127500"
"chr3","84978793","84979048","chr22","93515345","93515592","32","8536552"
"chr3","84985633","84985908","chr22","93505701","93505960","52","8520068"
"chr3","84989107","84989402","chr22","93502315","93502608","31","8513208"
"chr3","85034117","85034326","chr22","93451619","93451824","21","8417502"
"chr3","85100149","85100438","chr20","129521522","129521808","37","44421373"
"chr3","85169723","85169967","chr9","61704066","61704306","63","23465657"
"chr3","85201177","85201497","chr20","12110439","12110748","52","73090738"
"chr3","85246582","85246862","chr25","81765078","81765358","43","3481504"
"chr3","85315405","85315711","chr23","37753252","37753563","39","47562153"
"chr3","85359540","85359724","chr10","33376506","33376682","34","51983034"
"chr3","85412876","85413154","chr22","93086697","93086968","35","7673821"
"chr3","85425585","85425879","chr1","62642176","62642473","37","22783409"
"chr3","85604976","85605195","chr11","124263168","124263380","47","38658192"
"chr3","85631939","85632240","chr22","92859705","92860010","30","7227766"
"chr3","85729676","85729839","chr9","110057473","110057639","26","24327797"
"chr3","85833347","85833644","chr10","57400710","57401006","35","28432637"
"chr3","85867086","85867390","chr1","5710739","5711040","42","80156347"
"chr3","85919194","85919461","chr22","92567694","92567973","39","6648500"
"chr3","86009200","86009473","chr10","88097750","88098024","46","2088550"
"chr3","86179301","86179586","chr22","59213631","59213916","37","26965670"
"chr3","86361784","86362105","chrX","128269841","128270156","47","41908057"
"chr3","86477091","86477396","chr17","1636949","1637252","23","84840142"
"chr3","86498630","86498905","chr6","47083709","47083984","36","39414921"
"chr3","86576573","86576816","chr9","58936396","58936624","50","27640177"
"chr3","86597742","86597935","chrX","116310649","116310799","66","29712907"
"chr3","86618888","86619156","chr24","38771357","38771629","40","47847531"
"chr3","86729444","86729716","chr1","6137236","6137522","58","80592208"
"chr3","86932568","86932732","chr8","38899876","38900033","32","48032692"
"chr3","87004564","87004839","chr22","91527379","91527652","59","4522815"
"chr3","87137363","87137658","chr13","55198141","55198440","51","31939222"
"chr3","87184294","87184447","chr26","18447187","18447341","22","68737107"
"chr3","87285463","87285664","chr23","77341998","77342195","32","9943465"
"chr3","87337276","87337605","chr12","27322155","27322485","48","60015121"
"chr3","87579496","87579804","chr18","17039455","17039764","36","70540041"
"chr3","87598136","87598451","chr11","1437245","1437551","40","86160891"
"chr3","88000634","88000935","chr22","90529471","90529772","25","2528837"
"chr3","88174621","88174914","chr22","90344322","90344615","29","2169701"
"chr3","88409358","88409662","chr20","105213353","105213657","41","16803995"
"chr3","88410376","88410687","chr23","79864199","79864509","43","8546177"
"chr3","88417955","88418230","chr22","90084309","90084595","36","1666354"
"chr3","88558061","88558368","chr11","27872325","27872626","39","60685736"
"chr3","88576659","88576966","chr3","16445887","16446196","37","72130772"
"chr3","88793306","88793624","chr16","66064871","66065182","50","22728435"
"chr3","88853229","88853510","chr14","38988754","38989036","54","49864475"
"chr3","88873470","88873778","chrX","44809149","44809458","37","44064321"
"chr3","88882376","88882658","chr10","56544381","56544655","49","32337995"
"chr3","88947039","88947344","chr6","5642081","5642385","43","83304958"
"chr3","88993175","88993476","chr22","89510754","89511052","18","517579"
"chr3","89050053","89050361","chr18","48815029","48815336","39","40235024"
"chr3","89129146","89129429","chr22","89389574","89389858","26","260428"
"chr3","89225257","89225556","chr10","8456154","8456454","42","80769103"
"chr3","89344530","89344824","chr9","10020449","10020750","41","79324081"
"chr3","89456478","89456772","chr19","28004321","28004615","32","61452157"
"chr3","89477854","89478160","chr22","89061938","89062248","35","415916"
"chr3","89488381","89488684","chrUn_KE147540v1","943484","943791","37","88544897"
"chr3","89504067","89504365","chr20","95037372","95037673","32","5533305"
"chr3","89549000","89549290","chr22","88988391","88988678","32","560609"
"chr3","89595768","89596059","chr22","88943897","88944159","44","651871"
"chr3","89616084","89616378","chr7","42000470","42000764","32","47615614"
"chr3","89623767","89624078","chr11","87838989","87839299","46","1784778"
"chr3","89689497","89689792","chr10","63626079","63626375","36","26063418"
"chr3","89703926","89704205","chrX","38213995","38214273","31","51489931"
"chr3","89719376","89719673","chr22","88819718","88820008","43","899658"
"chr3","89738626","89738939","chr25","84056552","84056857","43","5682074"
"chr3","89765171","89765467","chr6","11893852","11894141","42","77871319"
"chr3","89786528","89786836","chr22","88756941","88757248","29","1029587"
"chr3","89788319","89788638","chr2","17068240","17068542","44","72720079"
"chr3","90044180","90044480","chr3","78716236","78716532","38","11327944"
"chr3","90092981","90093287","chr18","32003045","32003344","40","58089936"
"chr3","90409766","90410044","chr9","102851101","102851375","38","12441335"
"chr3","90458425","90458791","chr22","88127565","88127892","79","2330860"
"chr3","90486026","90486326","chr7","129741972","129742271","36","39255946"
"chr3","90487917","90488219","chr22","88096600","88096894","32","2391317"
"chr3","90530522","90530780","chr10","87553092","87553358","47","2977430"
"chr3","90567083","90567385","chr8","52693668","52693972","36","37873415"
"chr3","90610925","90611207","chr22","87974852","87975121","39","2636073"
"chr3","90617972","90618260","chr1","6789004","6789293","51","83828968"
"chr3","90671617","90671918","chr22","87907498","87907800","33","2764119"
"chr3","90921595","90921899","chr22","87662091","87662394","30","3259504"
"chr3","90988474","90988784","chr12","7117943","7118250","31","83870531"
"chr3","91016620","91016789","chr22","87574316","87574486","13","3442304"
"chr3","91018565","91018875","chr15","5992222","5992526","45","85026343"
"chr3","91070618","91070951","chr11","54943156","54943489","56","36127462"
"chr3","91087030","91087304","chr22","87504961","87505247","34","3582069"
"chr3","91128277","91128564","chr15","39573719","39574007","42","51554558"
"chr3","91182447","91182739","chr14","543320","543610","35","90639127"
"chr3","91260764","91261072","chr14","64034054","64034362","41","27226710"
"chr3","91276071","91276295","chr22","87320882","87321109","30","3955189"
"chr3","91297939","91298250","chr25","25629089","25629399","34","65668850"
"chr3","91345820","91346120","chr10","58408825","58409126","38","32936995"
"chr3","91392849","91393148","chr22","87220825","87221128","37","4172024"
"chr3","91436983","91437293","chr11","96978397","96978692","52","5541414"
"chr3","91626535","91626819","chr22","87031433","87031717","34","4595102"
"chr3","91654632","91654950","chr11","4422956","4423267","44","87231676"
"chr3","91787844","91788156","chr11","4422956","4423267","39","87364888"
"chr3","91852864","91853172","chr7","20905717","20906021","32","70947147"
"chr3","91867932","91868224","chr14","97964006","97964293","41","6096074"
"chr3","91879328","91879608","chr22","86820857","86821123","36","5058471"
"chr3","96817488","96817800","chr26","15570665","15570976","39","81246823"
"chr3","96873263","96873566","chr8","115157225","115157532","37","18283962"
"chr3","96888561","96888852","chr16","24344862","24345154","41","72543699"
"chr3","96894052","96894329","chr22","86820857","86821123","41","10073195"
"chr3","96975986","96976296","chr15","64728092","64728396","48","32247894"
"chr3","96977897","96978196","chr22","15229997","15230298","33","81747900"
"chr3","96990094","96990389","chr22","86715151","86715433","30","10274943"
"chr3","97024684","97024976","chr22","86680933","86681217","25","10343751"
"chr3","97067813","97068064","chr2","32589024","32589284","45","64478789"
"chr3","97090566","97090851","chr16","73886056","73886343","38","23204510"
"chr3","97101072","97101379","chr22","86607623","86607931","40","10493449"
"chr3","97107461","97107766","chr26","18344490","18344794","38","78762971"
"chr3","97113251","97113556","chr22","86593745","86594055","31","10519506"
"chr3","97132864","97133153","chr14","83453212","83453508","34","13679652"
"chr3","97141800","97142100","chr22","86568022","86568321","30","10573778"
"chr3","97162666","97162850","chr9","120734317","120734501","37","23571651"
"chr3","97182646","97182981","chr22","86527501","86527799","55","10655145"
"chr3","97198004","97198286","chrX","109889143","109889429","43","12691139"
"chr3","97233211","97233504","chr24","35834333","35834629","44","61398878"
"chr3","97236603","97236881","chr22","86471211","86471489","28","10765392"
"chr3","97276167","97276449","chr22","86431877","86432160","31","10844290"
"chr3","97283209","97283501","chr22","86424385","86424688","40","10858824"
"chr3","97322055","97322392","chr23","71945857","71946189","47","25376198"
"chr3","97646942","97647242","chr11","120526163","120526460","38","22879221"
"chr3","97680070","97680380","chr1","3418195","3418502","42","94261875"
"chr3","97688912","97689215","chr22","86025649","86025952","27","11663263"
"chr3","97692208","97692512","chr1","67026506","67026811","41","30665702"
"chr3","97709238","97709534","chr16","2349240","2349537","35","95359998"
"chr3","97906172","97906476","chr2","85035176","85035478","46","12870996"
"chr3","98051708","98052021","chr3","24412863","24413176","50","73638845"
"chr3","98187524","98187797","chr11","47097187","47097462","45","51090337"
"chr3","98293155","98293433","chr16","1272492","1272775","59","97020663"
"chr3","98348389","98348700","chr16","3338657","3338965","42","95009732"
"chr3","98380572","98380876","chr20","7785906","7786210","42","90594666"
"chr3","98477057","98477366","chr4","66467531","66467837","38","32009526"
"chr3","98477369","98477669","chr1","103586917","103587220","35","5109548"
"chr3","98548626","98548940","chr22","85173164","85173464","38","13375462"
"chr3","98563704","98564017","chr9","112716232","112716540","40","14152528"
"chr3","98586889","98587169","chr27","32678760","32679050","43","65908129"
"chr3","98590632","98590935","chr22","85135056","85135351","31","13455576"
"chr3","98876376","98876664","chr6","17368913","17369206","47","81507463"
"chr3","98994123","98994373","chr12","10086226","10086481","50","88907897"
"chr3","99086974","99087264","chr16","10052529","10052819","34","89034445"
"chr3","99138469","99138785","chr22","84586795","84587110","37","14551674"
"chr3","99156688","99156989","chr22","84567578","84567889","43","14589110"
"chr3","99159032","99159343","chr20","20579967","20580275","39","78579065"
"chr3","99176147","99176432","chr22","84541832","84542118","22","14634315"
"chr3","99185145","99185441","chr22","84536331","84536618","30","14648814"
"chr3","99207373","99207678","chr1","19453527","19453824","50","79753846"
"chr3","99307848","99308012","chr22","84423210","84423374","14","14884638"
"chr3","99384905","99385206","chr1","67026506","67026811","35","32358399"
"chr3","99454745","99455035","chr22","84265995","84266273","36","15188750"
"chr3","99554276","99554563","chr22","84166456","84166753","25","15387820"
"chr3","99673196","99673479","chr16","4612111","4612397","46","95061085"
"chr3","99811521","99811810","chr22","83981186","83981472","27","15830335"
"chr3","99832501","99832812","chrX","111914347","111914651","32","12081846"
"chr3","99949957","99950252","chr22","83841239","83841528","40","16108718"
"chr3","99958714","99959019","chr22","83830349","83830655","23","16128365"
"chr3","99984129","99984430","chr24","80990034","80990331","41","18994095"
"chr3","100166918","100167134","chr16","22564373","22564587","41","77602545"
"chr3","100247307","100247604","chr9","114952603","114952897","41","14705296"
"chr3","100274322","100274603","chr8","116276327","116276616","47","16002005"
"chr3","100289296","100289581","chr22","83520925","83521212","38","16768371"
"chr3","100300865","100301146","chr21","71653094","71653374","38","28647771"
"chr3","100308568","100308876","chr13","62257471","62257778","41","38051097"
"chr3","100468171","100468475","chr22","83339301","83339600","35","17128870"
"chr3","100513011","100513294","chr24","65497106","65497386","33","35015905"
"chr3","100585838","100586154","chr6","15813882","15814194","39","84771956"
"chr3","100679552","100679850","chr22","83124750","83125054","42","17554802"
"chr3","100769267","100769573","chr22","83038282","83038574","38","17730985"
"chr3","100913782","100914040","chr29","2457697","2457953","40","98456085"
"chr3","100978018","100978296","chr22","82818259","82818541","18","18159759"
"chr3","101092335","101092648","chr1","120905885","120906190","44","19813550"
"chr3","101112815","101113093","chrX","17136070","17136352","40","83976745"
"chr3","101132471","101132765","chr8","66546850","66547146","34","34585621"
"chr3","101176751","101176902","chr10","90966240","90966393","26","10210511"
"chr3","101185462","101185767","chr2","12145665","12145966","32","89039797"
"chr3","101216737","101217044","chr1","74922853","74923163","48","26293884"
"chr3","101258642","101258940","chrX","43907476","43907773","46","57351166"
"chr3","101263176","101263493","chr20","101346497","101346803","48","83321"
"chr3","101334387","101334679","chr22","82596756","82597055","43","18737631"
"chr3","101340656","101340979","chr5","14579777","14580095","58","86760879"
"chr3","101410515","101410819","chr25","25617025","25617332","40","75793490"
"chr3","101519310","101519608","chr22","82428347","82428658","43","19090963"
"chr3","101610141","101610450","chr5","44729277","44729578","36","56880864"
"chr3","101700934","101701238","chr2","86634126","86634435","36","15066808"
"chr3","101731920","101732228","chr22","82231345","82231635","44","19500575"
"chr3","101759750","101760054","chr22","67055105","67055409","41","34704645"
"chr3","101766775","101767077","chr28","8592323","8592627","42","93174452"
"chr3","101771038","101771345","chr16","64557374","64557683","43","37213664"
"chr3","101779831","101780131","chrX_KE148121v1_random","21503","21801","35","101758328"
"chr3","101781395","101781674","chr6","3163279","3163554","36","98618116"
"chr3","101788961","101789247","chr21","124655752","124656055","48","22866791"
"chr3","101798152","101798430","chrX","1052","1331","41","101797100"
"chr3","101829977","101830263","chr6","11893852","11894141","37","89936125"
"chr3","101843012","101843314","chr22","82149759","82150060","33","19693253"
"chr3","101859977","101860286","chr22","82131171","82131475","26","19728806"
"chr3","101876945","101877256","chr15","3993056","3993366","37","97883889"
"chr3","101880381","101880691","chrX","46054412","46054721","35","55825969"
"chr3","101884701","101885006","chr22","82112963","82113264","29","19771738"
"chr3","101927777","101928083","chr22","82069254","82069562","33","19858523"
"chr3","101929686","101929994","chr22","82069254","82069562","41","19860432"
"chr3","102168604","102168909","chr6","671786","672089","38","101496818"
"chr3","102376156","102376433","chr22","81639971","81640239","34","20736185"
"chr3","102390503","102390807","chr26","18344490","18344794","30","84046013"
"chr3","102434733","102435010","chr22","81596686","81596975","41","20838047"
"chr3","102460018","102460321","chr12","7886220","7886520","51","94573798"
"chr3","102485014","102485315","chr11","12599158","12599456","35","89885856"
"chr3","102602152","102602419","chr22","81415171","81415440","29","21186981"
"chr3","102695969","102696264","chr15","64630867","64631162","29","38065102"
"chr3","102837438","102837738","chr6","12862248","12862555","40","89975190"
"chr3","102894775","102895058","chr22","81139520","81139815","23","21755255"
"chr3","102917325","102917636","chr23","37753252","37753563","36","65164073"
"chr3","102963837","102964131","chr14","46622731","46623023","34","56341106"
"chr3","102965423","102965704","chr22","81070998","81071289","25","21894425"
"chr3","102984778","102985078","chr1","111728462","111728758","37","8743684"
"chr3","103031101","103031413","chr22","81004901","81005215","27","22026200"
"chr3","103042982","103043281","chr22","80992921","80993216","31","22050061"
"chr3","103087221","103087512","chr8","97865649","97865940","30","5221572"
"chr3","103091578","103091836","chr2","13951796","13952048","36","89139782"
"chr3","103101031","103101321","chr22","80932325","80932587","47","22168706"
"chr3","103120820","103121049","chr1","50477242","50477476","35","52643578"
"chr3","103128709","103129055","chr23","8975199","8975538","65","94153510"
"chr3","103131253","103131493","chr9","61704066","61704306","47","41427187"
"chr3","103184337","103184647","chr22","80847842","80848159","33","22336495"
"chr3","103215154","103215378","chr22","80817880","80818105","24","22397274"
"chr3","103225188","103225487","chr3","78952130","78952425","40","24273058"
"chr3","103234403","103234707","chr22","80794480","80794779","28","22439923"
"chr3","103291704","103292007","chr22","80738013","80738314","34","22553691"
"chr3","103300391","103300693","chr12","10472183","10472481","39","92828208"
"chr3","103332710","103333018","chr16","60545204","60545511","35","42787506"
"chr3","103375955","103376205","chr22","80652232","80652480","16","22723723"
"chr3","103378162","103378464","chr22","80649781","80650083","27","22728381"
"chr3","103398532","103398822","chr16","4678489","4678782","39","98720043"
"chr3","103427333","103427627","chr22","80599153","80599447","33","22828180"
"chr3","103428486","103428780","chr22","80597991","80598283","27","22830495"
"chr3","103455446","103455699","chr11","19142231","19142474","51","84313215"
"chr3","103475447","103475739","chr3","30894413","30894707","31","72581034"
"chr3","103484722","103485028","chr21","124655752","124656055","28","21171030"
"chr3","103495157","103495451","chr4","60667016","60667311","37","42828141"
"chr3","103537131","103537423","chr16","823334","823630","32","102713797"
"chr3","103562056","103562350","chr22","80467978","80468273","19","23094078"
"chr3","103565831","103566135","chr7","129741972","129742271","51","26176141"
"chr3","103589384","103589691","chr22","80439989","80440298","26","23149395"
"chr3","103592718","103593001","chr22","80436670","80436958","26","23156048"
"chr3","103607402","103607712","chr23","80870593","80870901","35","22736809"
"chr3","103701725","103702026","chr22","80323038","80323342","24","23378687"
"chr3","103932030","103932339","chr25","82161116","82161423","42","21770914"
"chr3","103996610","103996922","chr8","35854442","35854754","41","68142168"
"chr3","104013522","104013792","chr19","13787735","13787997","60","90225787"
"chr3","104128088","104128379","chr22","79923536","79923842","41","24204552"
"chr3","104147348","104147616","chr22","79903646","79903925","31","24243702"
"chr3","104175110","104175423","chr8","31712341","31712652","42","72462769"
"chr3","104221658","104221961","chr22","79838801","79839116","43","24382857"
"chr3","104261572","104261871","chr22","79798942","79799250","28","24462630"
"chr3","104267942","104268236","chr22","79793048","79793345","35","24474894"
"chr3","104272617","104272918","chr20","102069946","102070249","37","2202671"
"chr3","104405030","104405320","chr26","9143286","9143570","37","95261744"
"chr3","104510487","104510807","chr22","79550688","79551018","50","24959799"
"chr3","104520311","104520568","chr22","79540624","79540882","29","24979687"
"chr3","104572630","104572934","chr22","79490356","79490664","29","25082274"
"chr3","104583948","104584258","chr22","79478749","79479044","34","25105199"
"chr3","104611162","104611460","chr9","88831612","88831911","38","15779550"
"chr3","104660295","104660610","chr6","33162057","33162362","40","71498238"
"chr3","104666463","104666759","chr22","79404982","79405277","30","25261481"
"chr3","104705288","104705580","chr15","52290986","52291285","39","52414302"
"chr3","104759422","104759718","chr22","79308876","79309176","28","25450546"
"chr3","104770378","104770674","chr22","79289398","79289705","32","25480980"
"chr3","104787839","104787994","chr19","15583400","15583558","18","89204439"
"chr3","104794003","104794314","chr2","25647077","25647385","36","79146926"
"chr3","104801181","104801491","chrX","60242230","60242541","36","44558951"
"chr3","104816358","104816655","chr18","20921432","20921730","39","83894926"
"chr3","104823245","104823539","chr20","102069946","102070249","33","2753299"
"chr3","104828241","104828553","chr22","79234384","79234688","33","25593857"
"chr3","104844908","104845201","chr4","36036902","36037194","33","68808006"
"chr3","104855101","104855414","chr22","79205346","79205651","36","25649755"
"chr3","104859343","104859641","chr1","103586917","103587220","35","1272426"
"chr3","104873316","104873561","chr1","86429583","86429834","33","18443733"
"chr3","104873652","104873938","chr26","31289975","31290253","49","73583677"
"chr3","104893435","104893743","chr22","79181023","79181327","35","25712412"
"chr3","104944411","104944717","chr22","79134908","79135216","23","25809503"
"chr3","104951950","104952160","chr23","41306689","41306886","39","63645261"
"chr3","104965282","104965572","chr22","79116405","79116694","26","25848877"
"chr3","104968044","104968332","chr1","32350047","32350343","42","72617997"
"chr3","104971876","104972169","chr22","79109651","79109952","39","25862225"
"chr3","104994559","104994860","chr1","85020414","85020718","40","19974145"
"chr3","105010190","105010463","chr8","118990808","118991086","34","13980618"
"chr3","105048851","105049152","chr25","73296177","73296486","37","31752674"
"chr3","105112603","105112895","chrX","22852905","22853198","32","82259698"
"chr3","105125019","105125326","chr16","544031","544326","41","104580988"
"chr3","105136838","105137135","chr10","93639641","93639946","45","11497197"
"chr3","105341738","105342042","chr22","78739198","78739504","30","26602540"
"chr3","105445712","105445995","chr5","25397276","25397570","38","80048436"
"chr3","105501582","105501872","chr22","78574087","78574383","42","26927495"
"chr3","105724061","105724373","chr11","2853447","2853759","41","102870614"
"chr3","105768716","105769026","chr22","78301160","78301464","35","27467556"
"chr3","105889510","105889809","chr22","78175259","78175558","23","27714251"
"chr3","105948008","105948299","chr6","7506115","7506404","33","98441893"
"chr3","105973387","105973676","chr22","78077961","78078265","41","27895426"
"chr3","106140686","106141006","chr11","8467915","8468234","64","97672771"
"chr3","106150446","106150625","chr22","77897588","77897773","26","28252858"
"chr3","106153826","106154088","chr21","100282656","100282920","40","5871170"
"chr3","106225480","106225793","chr24","78129981","78130292","36","28095499"
"chr3","106407405","106407685","chr22","77651737","77652021","32","28755668"
"chr3","106503520","106503825","chr28","4525040","4525344","40","101978480"
"chr3","106597686","106597990","chr22","77460542","77460843","34","29137144"
"chr3","106684474","106684785","chr22","77368774","77369074","44","29315700"
"chr3","106788425","106788593","chr9","15207579","15207751","23","91580846"
"chr3","106789020","106789310","chr22","77274836","77275130","39","29514184"
"chr3","106879204","106879498","chr3","4740500","4740792","40","102138704"
"chr3","106960909","106961185","chr22","77116964","77117240","29","29843945"
"chr3","107113882","107114185","chr22","76959495","76959797","34","30154387"
"chr3","107209196","107209497","chr22","76864546","76864843","34","30344650"
"chr3","107313477","107313779","chr1","78238708","78239012","38","29074769"
"chr3","107346799","107347108","chr10","55185448","55185758","47","52161351"
"chr3","107376726","107377028","chr5","26410686","26410992","42","80966040"
"chr3","107401847","107402160","chr22","76667067","76667369","43","30734780"
"chr3","107439183","107439483","chr11","119032798","119033094","46","11593615"
"chr3","107508971","107509239","chr22","76561122","76561391","29","30947849"
"chr3","107511582","107511908","chr2","25643910","25644227","52","81867672"
"chr3","107713493","107713802","chr22","76351333","76351634","37","31362160"
"chr3","107738061","107738360","chr11","6429844","6430143","35","101308217"
"chr3","107743648","107743948","chr20","9470146","9470444","37","98273502"
"chr3","107905835","107906141","chr11","128341401","128341698","34","20435566"
"chr3","108122490","108122788","chr14","82636143","82636439","32","25486347"
"chr3","108687599","108687910","chr11","3827344","3827653","48","104860255"
"chr3","108838563","108838857","chr22","75229710","75229999","28","33608853"
"chr3","108913400","108913699","chr16","14612378","14612678","27","94301022"
"chr3","108930300","108930599","chr23","54057968","54058265","29","54872332"
"chr3","108944591","108944874","chr22","75120425","75120710","27","33824166"
"chr3","108954707","108955016","chr22","75110033","75110327","37","33844674"
"chr3","108964541","108964830","chr22","18936712","18937005","38","90027829"
"chr3","109085210","109085516","chr3","390926","391232","31","108694284"
"chr3","109163048","109163341","chr1","125148379","125148673","39","15985331"
"chr3","109180003","109180311","chr22","74878506","74878815","38","34301497"
"chr3","109190323","109190592","chrX","5858418","5858691","37","103331905"
"chr3","109219567","109219864","chr11","118703762","118704063","40","9484195"
"chr3","109269763","109270066","chr22","74793136","74793437","28","34476627"
"chr3","109427479","109427789","chr16","50554155","50554465","33","58873324"
"chr3","109428941","109429209","chr13","772284","772559","42","108656657"
"chr3","109476402","109476712","chr22","74579563","74579869","30","34896839"
"chr3","109482233","109482532","chr11","119032798","119033094","36","9550565"
"chr3","109593393","109593668","chr22","74456328","74456604","24","35137065"
"chr3","109707306","109707592","chr22","74333956","74334240","32","35373350"
"chr3","109737351","109737654","chr6","13009193","13009498","41","96728158"
"chr3","109834113","109834379","chr22","74201658","74201920","27","35632455"
"chr3","109873870","109874158","chr22","74160545","74160830","29","35713325"
"chr3","109934135","109934348","chr26","26207897","26208104","45","83726238"
"chr3","109945199","109945496","chr8","645124","645420","32","109300075"
"chr3","109953130","109953443","chr22","74098399","74098713","29","35854731"
"chr3","109976856","109977145","chr22","74071829","74072105","36","35905027"
"chr3","109989941","109990074","chrX","38188802","38188937","18","71801139"
"chr3","109990079","109990151","chr22","18990534","18990602","22","90999545"
"chr3","109991688","109991789","chr9","84870486","84870599","25","25121202"
"chr3","110039776","110040073","chr17","56616110","56616407","37","53423666"
"chr3","110188324","110188633","chr22","73865064","73865365","30","36323260"
"chr3","110301768","110302077","chr22","73752925","73753236","30","36548843"
"chr3","110332087","110332388","chr29","3203585","3203883","37","107128502"
"chr3","110415806","110416102","chr22","73645897","73646198","29","36769909"
"chr3","110473680","110473954","chr26","56559226","56559498","37","53914454"
"chr3","110477055","110477342","chr7","24873220","24873510","32","85603835"
"chr3","110477951","110478260","chr12","81464993","81465297","36","29012958"
"chr3","110491367","110491675","chr22","73574188","73574489","34","36917179"
"chr3","110528364","110528660","chr1","17699624","17699919","43","92828740"
"chr3","110589328","110589624","chr22","73478673","73478977","29","37110655"
"chr3","110591874","110592182","chr11","75700753","75701064","43","34891121"
"chr3","110643602","110643934","chr9","15085335","15085658","58","95558267"
"chr3","110727457","110727769","chr22","73345333","73345634","33","37382124"
"chr3","110810176","110810474","chr1","68742662","68742962","43","42067514"
"chr3","110810520","110810857","chr9","97258342","97258668","48","13552178"
"chr3","110820759","110821061","chr22","73252088","73252395","27","37568671"
"chr3","110898485","110898779","chr12","45247582","45247870","49","65650903"
"chr3","110916129","110916430","chr22","73160954","73161252","23","37755175"
"chr3","110918195","110918498","chr22","73158874","73159168","38","37759321"
"chr3","110927276","110927572","chr14","83466769","83467068","41","27460507"
"chr3","110932245","110932527","chr22","73144183","73144467","27","37788062"
"chr3","111003040","111003347","chr22","73079704","73080009","31","37923336"
"chr3","111053122","111053408","chr7","111567460","111567746","29","514338"
"chr3","111119514","111119824","chr9","113480967","113481277","33","2361453"
"chr3","111162826","111163084","chr9","26767183","26767435","42","84395643"
"chr3","111195318","111195618","chr11","47789740","47790038","34","63405578"
"chr3","111511349","111511642","chr15","88306404","88306697","28","23204945"
"chr3","111528559","111528857","chr22","72539644","72539943","11","38988915"
"chr3","111586598","111586843","chr6","38726815","38727053","32","72859783"
"chr3","111607625","111607919","chr22","72459831","72460121","30","39147794"
"chr3","111621414","111621725","chr22","72446793","72447104","27","39174621"
"chr3","111781937","111782243","chr22","72298388","72298685","40","39483549"
"chr3","111846107","111846381","chr22","72228645","72228918","21","39617462"
"chr3","112064456","112064761","chr13","45171921","45172226","30","66892535"
"chr3","112065978","112066289","chr12","74055080","74055392","42","38010898"
"chr3","112097901","112098181","chr22","71990015","71990284","29","40107886"
"chr3","112154731","112155042","chr1","57381049","57381356","41","54773682"
"chr3","112161201","112161497","chr22","71925065","71925362","22","40236136"
"chr3","112190120","112190376","chr16","57489566","57489836","56","54700554"
"chr3","112205027","112205306","chr11","24737261","24737543","33","87467766"
"chr3","112210948","112211243","chr17","37904522","37904815","30","74306426"
"chr3","112221074","112221372","chr22","71861895","71862188","26","40359179"
"chr3","112222429","112222727","chr22","71861895","71862188","26","40360534"
"chr3","112239859","112240162","chr11","9417198","9417513","36","102822661"
"chr3","112249358","112249648","chrX","112002670","112002961","38","246688"
"chr3","112315312","112315601","chr22","71777583","71777880","32","40537729"
"chr3","112317001","112317314","chr20","70784506","70784815","35","41532495"
"chr3","112344960","112345261","chr22","71743915","71744219","19","40601045"
"chr3","112481467","112481772","chr14","35397971","35398282","37","77083496"
"chr3","112488024","112488320","chr22","71594403","71594696","30","40893621"
"chr3","112490821","112491129","chr11","4422956","4423267","38","108067865"
"chr3","112502455","112502734","chr22","71575032","71575306","20","40927423"
"chr3","112502843","112503115","chr22","71574651","71574924","9","40928192"
"chr3","112517140","112517439","chr20","115245212","115245514","35","2728072"
"chr3","112523781","112524022","chr22","71553531","71553776","21","40970250"
"chr3","112524364","112524669","chr7","11855475","11855776","43","100668889"
"chr3","112534459","112534771","chr24","73923447","73923756","38","38611012"
"chr3","112538254","112538535","chr22","71538677","71538972","43","40999577"
"chr3","112549525","112549830","chr9","61972286","61972595","46","50577239"
"chr3","112559510","112559800","chr22","71515329","71515616","38","41044181"
"chr3","112566017","112566317","chr22","71507336","71507630","23","41058681"
"chr3","112567233","112567526","chr22","71506096","71506398","36","41061137"
"chr3","112582413","112582714","chrUn_KE147541v1","90","391","38","112582323"
"chr3","112588090","112588373","chrX","1052","1331","34","112587038"
"chr3","112615054","112615362","chr23","75121731","75122042","26","37493323"
"chr3","112623562","112623843","chr5","43669343","43669624","43","68954219"
"chr3","112627491","112627744","chr7","31647707","31647939","57","80979784"
"chr3","112631587","112631882","chr5","287795","288091","38","112343792"
"chr3","112647906","112647946","chr14","59976736","59976775","10","52671170"
"chr3","112648467","112648629","chr14","98096893","98097053","19","14551574"
"chr3","112649993","112650280","chr27","10380206","10380492","33","102269787"
"chr3","112664303","112664603","chr22","71406314","71406616","29","41257989"
"chr3","112665974","112666221","chr17","61004609","61004856","36","51661365"
"chr3","112667400","112667673","chr5","11587475","11587752","46","101079925"
"chr3","112673668","112674002","chr9","28617628","28617945","75","84056040"
"chr3","112678214","112678422","chr9","38773083","38773296","27","73905131"
"chr3","112683594","112683867","chr1","92312270","92312543","39","20371324"
"chr3","112698827","112699126","chr22","71370293","71370587","33","41328534"
"chr3","112704800","112705091","chr15","4942661","4942952","38","107762139"
"chr3","112708054","112708354","chr14","58891106","58891401","44","53816948"
"chr3","112711673","112711971","chr20","16920856","16921156","36","95790817"
"chr3","112727295","112727594","chr22","71341491","71341791","20","41385804"
"chr3","112731413","112731699","chrUn_KE147541v1","121663","121948","32","112609750"
"chr3","112735548","112735846","chr14","83645783","83646082","32","29089765"
"chr3","112750061","112750372","chr22","71317140","71317450","29","41432921"
"chr3","112753823","112754125","chr22","71313323","71313623","31","41440500"
"chr3","112788979","112789286","chr22","71308468","71308777","33","41480511"
"chr3","112839586","112839881","chr22","71261136","71261432","31","41578450"
"chr3","112939672","112939968","chr16","64451532","64451827","27","48488140"
"chr3","112956986","112957289","chr22","71146412","71146709","26","41810574"
"chr3","113067863","113068160","chr29","9500534","9500831","38","103567329"
"chr3","113088429","113088735","chr22","71005189","71005468","46","42083240"
"chr3","113269631","113269952","chr7","85378550","85378870","38","27891081"
"chr3","113299428","113299738","chr22","70821068","70821379","40","42478360"
"chr3","113439227","113439514","chr20","14117721","14118011","34","99321506"
"chr3","113464528","113464837","chr17","25713580","25713887","35","87750948"
"chr3","113835476","113835785","chr11","49731361","49731668","40","64104115"
"chr3","114039508","114039770","chr22","70072466","70072747","40","43967042"
"chr3","114142073","114142370","chr15","64630867","64631162","34","49511206"
"chr3","114395311","114395613","chr22","69714154","69714457","34","44681157"
"chr3","114407462","114407774","chr10","118979950","118980261","42","4572488"
"chr3","114445356","114445665","chr22","69670142","69670441","28","44775214"
"chr3","114595747","114596052","chr22","69516129","69516416","33","45079618"
"chr3","114612870","114613163","chr4","36036902","36037194","29","78575968"
"chr3","114742379","114742649","chr15","9729262","9729532","29","105013117"
"chr3","114772006","114772331","chr13","39385222","39385533","54","75386784"
"chr3","115000281","115000579","chr22","69110266","69110564","28","45890015"
"chr3","115112583","115112886","chr22","69002072","69002382","34","46110511"
"chr3","115176896","115177150","chr5","9853392","9853658","47","105323504"
"chr3","115211566","115211870","chr11","106720696","106720997","42","8490870"
"chr3","115213400","115213674","chr2","39392901","39393166","45","75820499"
"chr3","115219205","115219511","chr22","68897469","68897775","25","46321736"
"chr3","115223553","115223852","chr22","68893853","68894149","26","46329700"
"chr3","115240852","115241150","chr22","68874282","68874587","37","46366570"
"chr3","115262140","115262427","chr3","6993947","6994232","30","108268193"
"chr3","115280479","115280762","chr22","68833567","68833844","37","46446912"
"chr3","115336463","115336774","chr22","68776541","68776855","25","46559922"
"chr3","115361230","115361526","chr22","46244347","46244641","29","69116883"
"chr3","115426088","115426398","chr25","25629089","25629399","37","89796999"
"chr3","115503113","115503438","chr22","68613904","68614224","27","46889209"
"chr3","115615700","115615997","chr22","68507570","68507858","32","47108130"
"chr3","115655555","115655832","chr10","116657738","116658019","32","1002183"
"chr3","115686182","115686417","chr6","14841583","14841810","33","100844599"
"chr3","115686537","115686615","chr4","73545380","73545465","15","42141157"
"chr3","115787628","115787939","chr22","68315863","68316174","28","47471765"
"chr3","115812958","115813208","chr16","31906139","31906391","42","83906819"
"chr3","115866180","115866473","chr22","68238814","68239094","33","47627366"
"chr3","115879463","115879744","chr16","4947081","4947364","31","110932382"
"chr3","115920184","115920461","chr22","68185483","68185771","38","47734701"
"chr3","115943497","115943812","chr2","19131321","19131631","45","96812176"
"chr3","115973360","115973659","chr9","69172048","69172348","32","46801312"
"chr3","116000395","116000671","chr22","68151433","68151710","28","47848962"
"chr3","116033468","116033767","chr14","33388740","33389040","33","82644728"
"chr3","116053134","116053442","chr16","61063438","61063741","33","54989696"
"chr3","116060939","116061237","chr22","68097403","68097709","31","47963536"
"chr3","116066768","116067073","chr21","71318513","71318816","39","44748255"
"chr3","116124218","116124432","chr22","68029090","68029300","22","48095128"
"chr3","116187412","116187707","chr19","25983756","25984050","33","90203656"
"chr3","116208156","116208462","chr22","67943794","67944101","31","48264362"
"chr3","116218490","116218786","chr13","62251265","62251555","42","53967225"
"chr3","116281186","116281345","chr22","67880708","67880865","14","48400478"
"chr3","116395554","116395846","chr22","67768698","67768988","17","48626856"
"chr3","116398641","116398950","chr21","23102646","23102955","39","93295995"
"chr3","116438325","116438624","chr25","57436416","57436717","33","59001909"
"chr3","116460247","116460544","chr28","12741213","12741510","34","103719034"
"chr3","116528900","116529209","chr8","117871113","117871419","38","1342213"
"chr3","116623762","116624073","chr11","120526163","120526460","54","3902401"
"chr3","116637840","116638141","chr4","31876349","31876651","35","84761491"
"chr3","116792628","116792941","chr22","67385702","67386004","42","49406926"
"chr3","116831633","116831934","chr22","67358591","67358887","27","49473042"
"chr3","116866247","116866547","chr17","45038260","45038559","39","71827987"
"chr3","116869640","116869940","chr27","25166790","25167092","49","91702850"
"chr3","116885230","116885520","chr22","67305756","67306055","29","49579474"
"chr3","116899384","116899686","chr22","67293902","67294203","34","49605482"
"chr3","116954867","116955148","chr8","36499116","36499396","34","80455751"
"chr3","116968258","116968449","chr16","2372018","2372211","34","114596240"
"chr3","116975687","116975831","chr14","105988468","105988623","40","10987219"
"chr3","117109781","117110079","chr22","67079194","67079493","31","50030587"
"chr3","117119050","117119349","chr1","10295389","10295686","30","106823661"
"chr3","117122076","117122386","chr13","38298539","38298847","39","78823537"
"chr3","117126280","117126578","chr11","96978397","96978692","36","20147883"
"chr3","117135750","117136051","chr11","100271972","100272274","31","16863778"
"chr3","117138286","117138584","chr20","106309923","106310214","34","10828363"
"chr3","117149710","117150007","chr22","67039619","67039906","29","50110091"
"chr3","117150020","117150318","chr22","67039308","67039607","22","50110712"
"chr3","117160831","117161139","chr22","67027792","67028088","40","50133039"
"chr3","117162990","117163274","chr22","67025605","67025889","23","50137385"
"chr3","117164774","117165085","chr22","67023698","67024006","23","50141076"
"chr3","117201301","117201606","chr22","66989745","66990056","29","50211556"
"chr3","117202151","117202433","chr22","66988901","66989195","35","50213250"
"chr3","117223286","117223577","chr20","93750602","93750891","28","23472684"
"chr3","117231653","117231955","chr22","66962339","66962644","39","50269314"
"chr3","117273991","117274302","chr22","66920440","66920754","24","50353551"
"chr3","117298502","117298812","chr18","17039455","17039764","28","100259047"
"chr3","117378511","117378681","chr9","11888351","11888523","21","105490160"
"chr3","117468315","117468628","chr22","66730566","66730867","36","50737749"
"chr3","117479675","117479965","chr2","13484887","13485183","48","103994788"
"chr3","117481957","117482254","chr16","57812277","57812574","36","59669680"
"chr3","117490589","117490896","chr22","66706198","66706506","29","50784391"
"chr3","117497456","117497741","chr18","43512783","43513075","41","73984673"
"chr3","117499480","117499773","chr11","59646896","59647194","33","57852584"
"chr3","117670210","117670502","chr11","42647625","42647917","33","75022585"
"chr3","117921010","117921320","chr22","66266923","66267219","38","51654087"
"chr3","117937718","117938025","chr22","66250402","66250709","11","51687316"
"chr3","118091387","118091695","chr22","66094798","66095105","29","51996589"
"chr3","118123349","118123662","chr22","66066262","66066567","33","52057087"
"chr3","118174449","118174739","chr5","2684530","2684813","35","115489919"
"chr3","118180611","118180918","chr3","27684728","27685033","33","90495883"
"chr3","118182961","118183283","chrX","63446464","63446777","44","54736497"
"chr3","118222167","118222460","chr16","45767552","45767846","31","72454615"
"chr3","118251653","118251944","chr22","65938920","65939204","30","52312733"
"chr3","118293418","118293722","chr25","22686459","22686758","38","95606959"
"chr3","118297137","118297436","chr22","65894066","65894361","32","52403071"
"chr3","118373700","118374037","chr14","51850819","51851139","52","66522881"
"chr3","118388806","118389078","chr22","65808550","65808827","23","52580256"
"chr3","118409783","118410035","chrX","80169508","80169752","42","38240275"
"chr3","118717146","118717331","chr16","57848140","57848324","29","60869006"
"chr3","118760973","118761281","chr19","13805333","13805644","33","104955640"
"chr3","118796478","118796733","chr14","68859367","68859631","45","49937111"
"chr3","118800785","118801040","chr14","68859367","68859631","45","49941418"
"chr3","118873685","118874011","chr10","24331092","24331413","54","94542593"
"chr3","119036191","119036472","chr1","109702096","109702383","37","9334095"
"chr3","119077204","119077393","chr22","65141444","65141619","37","53935760"
"chr3","119237883","119238187","chr9","96770139","96770437","47","22467744"
"chr3","119290570","119290878","chr22","64941068","64941367","30","54349502"
"chr3","119330380","119330642","chr22","64893723","64893985","26","54436657"
"chr3","119420490","119420765","chr10","118125489","118125782","46","1295001"
"chr3","119566713","119567014","chr25","55482585","55482891","33","64084128"
"chr3","119673207","119673510","chr10","88760771","88761072","31","30912436"
"chr3","119768933","119769244","chr11","4422956","4423267","42","115345977"
"chr3","119850962","119851259","chr4","68915144","68915440","34","50935818"
"chr3","119985461","119985768","chr23","80870593","80870901","34","39114868"
"chr3","119989821","119990082","chr26","52323448","52323712","48","67666373"
"chr3","120060045","120060322","chr22","64164119","64164386","34","55895926"
"chr3","120088007","120088316","chr1","115972304","115972611","36","4115703"
"chr3","120091375","120091685","chr9","96563098","96563408","36","23528277"
"chr3","120167351","120167654","chr28","8356903","8357207","30","111810448"
"chr3","120226510","120226800","chr22","64000833","64001126","28","56225677"
"chr3","120235684","120235988","chr8","101592110","101592406","43","18643574"
"chr3","120248056","120248365","chr22","63979254","63979565","31","56268802"
"chr3","120292200","120292501","chr22","63932205","63932515","35","56359995"
"chr3","120349004","120349244","chr22","63868794","63869012","39","56480210"
"chr3","120392670","120392983","chr26","11581654","11581963","44","108811016"
"chr3","120433376","120433684","chr22","63777951","63778280","41","56655425"
"chr3","120512528","120512817","chr13","62251265","62251555","36","58261263"
"chr3","120518694","120519012","chr2","78836222","78836533","45","41682472"
"chr3","120684987","120685291","chr22","63513526","63513815","47","57171461"
"chr3","120812591","120812863","chr11","47097187","47097462","40","73715404"
"chr3","120827495","120827803","chr22","63366894","63367202","25","57460601"
"chr3","120846502","120846679","chr7","6313731","6313901","31","114532771"
"chr3","120967599","120967900","chr22","63221347","63221645","39","57746252"
"chr3","121005094","121005371","chr15","85775438","85775714","37","35229656"
"chr3","121025754","121025951","chr16","24224315","24224522","35","96801439"
"chr3","121570127","121570434","chr22","62634148","62634453","37","58935979"
"chr3","121686869","121687164","chr16","5899471","5899766","45","115787398"
"chr3","121865470","121865717","chr22","62336893","62337137","29","59528577"
"chr3","121929131","121929434","chr10","108626297","108626598","32","13302834"
"chr3","122160924","122161224","chrX","54129280","54129571","49","68031644"
"chr3","122255749","122256065","chr22","61937901","61938221","33","60317848"
"chr3","122307360","122307661","chr23","55040587","55040888","35","67266773"
"chr3","122387019","122387329","chr11","4422956","4423267","35","117964063"
"chr3","122493430","122493722","chr7","35783015","35783309","48","86710415"
"chr3","122548807","122549107","chr20","111352130","111352435","38","11196677"
"chr3","122568523","122568817","chr7","105406733","105407028","37","17161790"
"chr3","122626391","122626681","chr5","15208618","15208908","41","107417773"
"chr3","122665455","122665768","chr22","61537181","61537492","38","61128274"
"chr3","122726829","122727131","chr5","3326227","3326523","36","119400602"
"chr3","122730258","122730557","chr22","61470590","61470894","31","61259668"
"chr3","122738927","122739236","chr1","57381049","57381356","30","65357878"
"chr3","122750388","122750689","chr22","61451124","61451425","15","61299264"
"chr3","122754352","122754658","chr22","61448129","61448440","22","61306223"
"chr3","122766373","122766674","chr3","78247333","78247635","31","44519040"
"chr3","122772555","122772866","chr22","61429476","61429779","38","61343079"
"chr3","122817622","122817932","chr22","61384460","61384767","31","61433162"
"chr3","122825683","122825993","chr1","115972304","115972611","31","6853379"
"chr3","122843677","122843958","chr12","18982850","18983127","35","103860827"
"chr3","122848943","122849244","chr22","61352250","61352558","29","61496693"
"chr3","122869434","122869736","chr22","61330790","61331089","31","61538644"
"chr3","122902265","122902559","chr6","15813882","15814194","52","107088383"
"chr3","122904944","122905238","chr1","19453527","19453824","38","103451417"
"chr3","122908169","122908474","chr22","61281269","61281574","25","61626900"
"chr3","122918892","122919202","chr22","61270705","61271014","30","61648187"
"chr3","122948786","122949088","chr20","55245859","55246159","28","67702927"
"chr3","122994138","122994448","chr2","87981787","87982090","38","35012351"
"chr3","122995961","122996256","chr9","92878452","92878745","32","30117509"
"chr3","123020198","123020478","chr7","131337333","131337610","38","8317135"
"chr3","123023591","123023915","chr11","120526163","120526460","54","2497428"
"chr3","123030447","123030741","chr22","61158688","61158973","37","61871759"
"chr3","123048997","123049278","chr22","61139760","61140041","25","61909237"
"chr3","123064254","123064562","chr2","14523205","14523513","93","108541049"
"chr3","123067168","123067481","chr22","61122296","61122610","24","61944872"
"chr3","123081848","123082156","chr11","2853447","2853759","41","120228401"
"chr3","123087589","123087869","chr22","61100421","61100693","28","61987168"
"chr3","123143823","123144133","chr22","61047049","61047360","28","62096774"
"chr3","123168054","123168342","chr3","9026672","9026974","47","114141382"
"chr3","123174143","123174477","chr10","34452257","34452571","60","88721886"
"chr3","123211438","123211735","chr11","131206","131506","32","123080232"
"chr3","123220897","123221199","chr22","60969475","60969778","36","62251422"
"chr3","123229780","123230094","chr22","60962442","60962752","23","62267338"
"chr3","123237113","123237315","chr7","94074486","94074684","27","29162627"
"chr3","123302335","123302620","chr7","124528100","124528387","40","1225765"
"chr3","123324321","123324631","chr22","60866702","60867014","24","62457619"
"chr3","123336095","123336415","chr11","96537250","96537560","42","26798845"
"chr3","123359293","123359605","chr22","60836764","60837070","43","62522529"
"chr3","123372148","123372459","chr22","7218812","7219123","41","116153336"
"chr3","123404683","123404978","chr22","60792890","60793197","34","62611793"
"chr3","123406389","123406687","chr4","31876349","31876651","31","91530040"
"chr3","123434347","123434654","chr5","43308878","43309187","28","80125469"
"chr3","123449938","123450230","chr22","60747458","60747750","33","62702480"
"chr3","123451104","123451404","chr22","60746336","60746631","26","62704768"
"chr3","123482323","123482608","chr9","85529394","85529680","31","37952929"
"chr3","123493810","123494087","chrX","22727032","22727309","35","100766778"
"chr3","123501751","123502059","chr22","60688968","60689272","30","62812783"
"chr3","123530834","123531145","chr22","60660458","60660768","21","62870376"
"chr3","123543723","123544030","chr5","19183692","19183995","44","104360031"
"chr3","123547717","123548012","chr22","60643498","60643799","33","62904219"
"chr3","123560820","123561110","chr22","60629640","60629932","30","62931180"
"chr3","123566124","123566430","chr2","80261510","80261816","34","43304614"
"chr3","123566481","123566739","chr22","60623936","60624206","23","62942545"
"chr3","123620552","123620859","chr22","60560733","60561035","27","63059819"
"chr3","123639453","123639747","chr22","60541431","60541725","28","63098022"
"chr3","123645892","123646185","chrX","61960439","61960734","35","61685453"
"chr3","123664085","123664295","chr22","60516770","60516973","24","63147315"
"chr3","123670100","123670413","chr22","60510752","60511061","24","63159348"
"chr3","123709690","123709998","chr15","76322017","76322315","37","47387673"
"chr3","123711706","123712015","chr22","60472082","60472381","32","63239624"
"chr3","123712452","123712765","chr22","60471323","60471628","35","63241129"
"chr3","123715609","123715927","chr22","60468172","60468479","39","63247437"
"chr3","123745597","123745919","chr7","85378550","85378870","49","38367047"
"chr3","123795824","123796113","chr22","60391017","60391296","34","63404807"
"chr3","123799778","123800083","chr23","80870593","80870901","34","42929185"
"chr3","123807321","123807634","chr22","60379285","60379596","31","63428036"
"chr3","123818333","123818644","chr22","60368245","60368532","36","63450088"
"chr3","123846962","123847266","chr17","1769259","1769563","34","122077703"
"chr3","123847641","123847938","chr6","31286980","31287277","36","92560661"
"chr3","123887563","123887874","chr24","11613449","11613765","34","112274114"
"chr3","123888639","123888949","chr22","60291791","60292096","30","63596848"
"chr3","123892736","123893045","chr22","60287726","60288025","31","63605010"
"chr3","123902315","123902595","chr19","33115979","33116262","36","90786336"
"chr3","123914418","123914724","chr22","60263054","60263355","33","63651364"
"chr3","123930318","123930616","chr22","60247882","60248168","36","63682436"
"chr3","123938346","123938643","chr16","70499264","70499563","37","53439082"
"chr3","123949609","123949904","chr9","33958924","33959219","35","89990685"
"chr3","124023021","124023278","chr16","7193790","7194053","38","116829231"
"chr3","124411958","124412253","chr11","1372540","1372838","40","123039418"
"chr3","124521961","124522271","chr22","59725752","59726069","28","64796209"
"chr3","124552826","124553140","chr22","59693268","59693576","38","64859558"
"chr3","124700910","124701186","chr5","20998727","20999005","40","103702183"
"chr3","124736753","124737043","chr4","36036902","36037194","33","88699851"
"chr3","124812739","124813035","chr6","36259861","36260162","45","88552878"
"chr3","124834613","124834838","chr20","95688606","95688828","34","29146007"
"chr3","124856542","124856830","chr22","59393422","59393700","31","65463120"
"chr3","124886644","124886916","chr17","19620173","19620446","28","105266471"
"chr3","124894210","124894420","chr19","18670114","18670324","38","106224096"
"chr3","124894754","124895051","chr20","66241978","66242273","43","58652776"
"chr3","124899119","124899335","chr11","124263168","124263380","44","635951"
"chr3","124906724","124907039","chr22","59341708","59342016","33","65565016"
"chr3","124908610","124908908","chr22","59339532","59339824","29","65569078"
"chr3","124912042","124912343","chr28","19188684","19188984","36","105723358"
"chr3","124924175","124924461","chr21","85654296","85654580","39","39269879"
"chr3","124934445","124934636","chr7","15845768","15845962","34","109088677"
"chr3","124942231","124942535","chr22","59311546","59311848","27","65630685"
"chr3","124967395","124967697","chr22","59290208","59290505","33","65677187"
"chr3","125026065","125026393","chr2","32492089","32492413","48","92533976"
"chr3","125043251","125043555","chr1","67026506","67026811","33","58016745"
"chr3","125143701","125143991","chrX","61196348","61196639","30","63947353"
"chr3","125221556","125221868","chr22","45779775","45780082","40","79441781"
"chr3","125269854","125270148","chr22","58962597","58962894","24","66307257"
"chr3","125282475","125282779","chr16","57720877","57721180","30","67561598"
"chr3","125319245","125319491","chrX","22571826","22572066","32","102747419"
"chr3","125326942","125327235","chr22","58901980","58902287","34","66424962"
"chr3","125368104","125368415","chr12","81464993","81465297","36","43903111"
"chr3","125380114","125380423","chr22","58848251","58848563","31","66531863"
"chr3","125452102","125452395","chr22","58777103","58777393","25","66674999"
"chr3","125463285","125463581","chrX","110056283","110056581","37","15407002"
"chr3","125482633","125482923","chr22","46855248","46855537","35","78627385"
"chr3","125501674","125501967","chrX","104338492","104338785","40","21163182"
"chr3","125586489","125586777","chr22","58642161","58642446","25","66944328"
"chr3","125624354","125624666","chrX","22662373","22662681","39","102961981"
"chr3","125667850","125668169","chr22","58565991","58566307","49","67101859"
"chr3","125671721","125672021","chr16","61567103","61567410","37","64104618"
"chr3","125695903","125696205","chr17","36383022","36383329","32","89312881"
"chr3","125696380","125696633","chr19","16571761","16572011","42","109124619"
"chr3","125701168","125701475","chr22","58527609","58527917","29","67173559"
"chr3","125724283","125724596","chr22","58504491","58504805","32","67219792"
"chr3","125749539","125749842","chr7","12624075","12624378","46","113125464"
"chr3","125799500","125799741","chr9","61704066","61704306","68","64095434"
"chr3","125801414","125801711","chr20","40348843","40349144","39","85452571"
"chr3","125809050","125809352","chr22","58425921","58426222","24","67383129"
"chr3","125824575","125824753","chr22","58410061","58410232","24","67414514"
"chr3","125832475","125832785","chr22","58401847","58402151","30","67430628"
"chr3","125851757","125852051","chr22","58383048","58383346","25","67468709"
"chr3","125856644","125856918","chr14","51772675","51772943","40","74083969"
"chr3","125872973","125873278","chr20_KE148049v1_random","803204","803511","39","125069769"
"chr3","125880955","125881261","chr6","40344969","40345279","37","85535986"
"chr3","125882763","125883071","chr24","40962089","40962398","39","84920674"
"chr3","125895173","125895472","chr24","40758560","40758856","34","85136613"
"chr3","125916925","125917188","chr19","27008157","27008419","30","98908768"
"chr3","125967330","125967614","chr22","58267678","58267967","25","67699652"
"chr3","125974482","125974790","chr22","58260113","58260422","26","67714369"
"chr3","125977616","125977923","chr22","58257004","58257309","27","67720612"
"chr3","125990094","125990409","chr22","58244390","58244708","33","67745704"
"chr3","126007763","126008066","chr22","58227190","58227494","24","67780573"
"chr3","126009926","126010232","chr22","58225045","58225353","19","67784881"
"chr3","126014670","126014970","chr22","58220128","58220428","20","67794542"
"chr3","126104359","126104663","chr1","68808776","68809077","39","57295583"
"chr3","126148860","126149162","chr22","58105670","58105949","45","68043190"
"chr3","126193418","126193724","chr23","32363927","32364238","40","93829491"
"chr3","126234831","126235134","chr22","58020812","58021114","33","68214019"
"chr3","126280736","126281046","chr22","57978016","57978327","31","68302720"
"chr3","126285253","126285525","chr22","57973581","57973850","27","68311672"
"chr3","126315741","126316037","chr11","59887552","59887845","29","66428189"
"chr3","126318457","126318730","chr22","57941334","57941619","35","68377123"
"chr3","126400044","126400351","chr22","50352391","50352695","35","76047653"
"chr3","126452219","126452524","chr14","14997912","14998214","31","111454307"
"chr3","126495836","126496149","chr22","57759806","57760115","39","68736030"
"chr3","126548824","126549131","chrX","23108417","23108726","36","103440407"
"chr3","126550043","126550332","chr7","14303673","14303958","36","112246370"
"chr3","126555506","126555793","chrX","46068844","46069132","42","80486662"
"chr3","126557047","126557338","chr8","10275927","10276225","48","116281120"
"chr3","126583149","126583460","chr9","34925909","34926219","38","91657240"
"chr3","126589527","126589827","chr12","104607806","104608102","41","21981721"
"chr3","126593718","126594031","chr22","57670675","57670978","41","68923043"
"chr3","126599021","126599320","chr22","57665387","57665666","38","68933634"
"chr3","126606578","126606903","chr18","69691996","69692332","49","56914582"
"chr3","126651012","126651303","chr20","108632233","108632522","35","18018779"
"chr3","126660222","126660551","chr10","24331092","24331413","55","102329130"
"chr3","126714258","126714575","chr9","14184697","14185008","45","112529561"
"chr3","126715879","126716189","chr18","17039455","17039764","34","109676424"
"chr3","126763000","126763328","chr22","57510095","57510413","40","69252905"
"chr3","126792357","126792641","chr22","57481033","57481339","40","69311324"
"chr3","126807593","126807894","chr22","57467215","57467516","17","69340378"
"chr3","126852215","126852510","chr1","32350047","32350343","30","94502168"
"chr3","126865739","126866037","chr22","57409625","57409931","31","69456114"
"chr3","126869961","126870253","chr22","57405151","57405436","25","69464810"
"chr3","126872952","126873256","chr22","57401866","57402189","43","69471086"
"chr3","126909638","126909930","chr22","57363279","57363560","27","69546359"
"chr3","126931747","126932047","chr15","5228906","5229201","37","121702841"
"chr3","126952877","126953186","chr22","57320723","57321032","31","69632154"
"chr3","126963511","126963802","chr22","57309180","57309470","28","69654331"
"chr3","127010037","127010335","chr22","57263006","57263308","24","69747031"
"chr3","127087255","127087538","chr1","102781388","102781671","45","24305867"
"chr3","127149952","127150265","chr22","57121339","57121644","29","70028613"
"chr3","127211305","127211604","chr22","57056593","57056874","32","70154712"
"chr3","127218951","127219256","chr22","57048391","57048702","28","70170560"
"chr3","127282741","127283044","chr8","50034452","50034757","33","77248289"
"chr3","127302778","127303104","chr1","44549363","44549688","67","82753415"
"chr3","127332169","127332460","chrX_KE148108v1_random","1085636","1085929","35","126246533"
"chr3","127339527","127339838","chr22","56920751","56921059","25","70418776"
"chr3","127596098","127596405","chr22","56662867","56663172","38","70933231"
"chr3","127647053","127647349","chr15","64630867","64631162","36","63016186"
"chr3","127674969","127675264","chr11","117005682","117005978","31","10669287"
"chr3","127697441","127697735","chr12","2749119","2749414","36","124948322"
"chr3","127704334","127704491","chr8","138016006","138016164","18","10311672"
"chr3","127760068","127760358","chr6","33908236","33908526","33","93851832"
"chr3","127801365","127801646","chr11","112643509","112643791","34","15157856"
"chr3","127822237","127822528","chr22","56429663","56429952","21","71392574"
"chr3","127840556","127840856","chr22","56409981","56410281","23","71430575"
"chr3","127845076","127845383","chr6","30393310","30393612","37","97451766"
"chr3","127903068","127903363","chr22","56341370","56341667","39","71561698"
"chr3","127952243","127952533","chr8","7114217","7114516","39","120838026"
"chr3","128077775","128078052","chr22","56160068","56160348","27","71917707"
"chr3","128115595","128115905","chr19","21126537","21126847","33","106989058"
"chr3","128123746","128124041","chr19","25983756","25984050","30","102139990"
"chr3","128189625","128189924","chr22","56049565","56049867","24","72140060"
"chr3","128201402","128201715","chr12","71771334","71771641","41","56430068"
"chr3","128202124","128202419","chr5","25397276","25397570","32","102804848"
"chr3","128205363","128205651","chr13","14617984","14618268","45","113587379"
"chr3","128251132","128251422","chr16","72650947","72651238","29","55600185"
"chr3","128253504","128253795","chr4","60600244","60600531","31","67653260"
"chr3","128255624","128255933","chr22","55983361","55983670","26","72272263"
"chr3","128328720","128329016","chr22","55913556","55913858","30","72415164"
"chr3","128339132","128339359","chr9","99339340","99339577","48","28999792"
"chr3","128341824","128342092","chr22","55900172","55900452","33","72441652"
"chr3","128344363","128344660","chr22","55897605","55897901","28","72446758"
"chr3","128358279","128358588","chr5","19268341","19268645","43","109089938"
"chr3","128364957","128365262","chr1","66050440","66050743","31","62314517"
"chr3","128399508","128399790","chr22","55850201","55850480","28","72549307"
"chr3","128430500","128430811","chr16","48494508","48494818","36","79935992"
"chr3","128434301","128434567","chr22","55812954","55813219","17","72621347"
"chr3","128493512","128493788","chr22","55751904","55752184","28","72741608"
"chr3","128515165","128515407","chr9","61704066","61704306","38","66811099"
"chr3","128533741","128534052","chr22","55706170","55706479","31","72827571"
"chr3","128612054","128612361","chr22","55634571","55634883","27","72977483"
"chr3","128625403","128625682","chr11","30393890","30394178","43","98231513"
"chr3","128626412","128626662","chr6","8943890","8944140","36","119682522"
"chr3","128666495","128666803","chr11","1437245","1437551","34","127229250"
"chr3","128710079","128710383","chr20","88200334","88200641","38","40509745"
"chr3","128711899","128712201","chr8","7114217","7114516","36","121597682"
"chr3","128735598","128735902","chr22","55516599","55516900","30","73218999"
"chr3","128768312","128768617","chr22","55484916","55485218","30","73283396"
"chr3","128791892","128792186","chr22","55456040","55456328","25","73335852"
"chr3","128797694","128797969","chr22","55450357","55450625","29","73347337"
"chr3","128798666","128798978","chr22","55449334","55449640","32","73349332"
"chr3","128830517","128830813","chr25","22156325","22156622","40","106674192"
"chr3","128847962","128848268","chr22","55397313","55397610","31","73450649"
"chr3","128853140","128853458","chr7","36509749","36510048","52","92343391"
"chr3","128868974","128869266","chr12","25234898","25235188","37","103634076"
"chr3","128869441","128869755","chrX","111488159","111488465","40","17381282"
"chr3","128870486","128870801","chr22","55374048","55374355","33","73496438"
"chr3","128884941","128885236","chr22","55358933","55359225","23","73526008"
"chr3","128894411","128894674","chr23","62386021","62386289","38","66508390"
"chr3","128897772","128898080","chr14","5352895","5353203","43","123544877"
"chr3","128916792","128917099","chr1","103586917","103587220","50","25329875"
"chr3","128919354","128919656","chr22","55322270","55322571","22","73597084"
"chr3","128931259","128931545","chr22","55310400","55310696","27","73620859"
"chr3","128949953","128950264","chr22","55294235","55294561","35","73655718"
"chr3","128959142","128959309","chr12","13337067","13337241","35","115622075"
"chr3","128964558","128964876","chr22","55280909","55281219","32","73683649"
"chr3","128977742","128978039","chr11","120526163","120526460","30","8451579"
"chr3","128979177","128979464","chr16","72650947","72651238","31","56328230"
"chr3","128990764","128991074","chr11","64954115","64954414","41","64036649"
"chr3","128994442","128994712","chr16","6368150","6368417","43","122626292"
"chr3","129001796","129002099","chr22","55243095","55243391","36","73758701"
"chr3","129017294","129017600","chr8","10801167","10801476","34","118216127"
"chr3","129037545","129037837","chr17","33701634","33701931","37","95335911"
"chr3","129038007","129038319","chr4","31876349","31876651","41","97161658"
"chr3","129041909","129042214","chr22","55201359","55201661","30","73840550"
"chr3","129043351","129043555","chr22","55200018","55200228","23","73843333"
"chr3","129065012","129065324","chr22","55176397","55176706","35","73888615"
"chr3","129069694","129069973","chr22","55171635","55171920","25","73898059"
"chr3","129070872","129071191","chr3","59199474","59199808","53","69871398"
"chr3","129078016","129078309","chr22","55150300","55150592","35","73927716"
"chr3","129100255","129100474","chr11","124263168","124263380","56","4837087"
"chr3","129121443","129121663","chr11","124263168","124263380","59","4858275"
"chr3","129143676","129143896","chr11","124263168","124263380","60","4880508"
"chr3","129161358","129161666","chr5","39045605","39045909","39","90115753"
"chr3","129170819","129171122","chr20","105213353","105213657","35","23957466"
"chr3","129208833","129209131","chr5","4938805","4939106","31","124270028"
"chr3","129228738","129229035","chr24","40758560","40758856","37","88470178"
"chr3","129233611","129233907","chr10","65784202","65784495","45","63449409"
"chr3","129243674","129243974","chr1","68742662","68742962","46","60501012"
"chr3","129244800","129245105","chr20","79090871","79091176","38","50153929"
"chr3","129249825","129250135","chr5","4811741","4812042","39","124438084"
"chr3","129276323","129276632","chr5","4792497","4792808","36","124483826"
"chr3","129285351","129285647","chr13","96086369","96086667","36","33198982"
"chr3","129297401","129297688","chr5","4774710","4774992","28","124522691"
"chr3","129297980","129298296","chrX","45894077","45894385","43","83403903"
"chr3","129303234","129303531","chr5","4767007","4767315","37","124536227"
"chr3","129319021","129319316","chr9","100159810","100160104","27","29159211"
"chr3","129323656","129323938","chrX","50195890","50196181","49","79127766"
"chr3","129325897","129326184","chr5","4746370","4746663","38","124579527"
"chr3","129433787","129434098","chr22","54988809","54989120","19","74444978"
"chr3","129442273","129442572","chr5","58738679","58738981","31","70703594"
"chr3","129510492","129510791","chr10","56103917","56104213","31","73406575"
"chr3","129661493","129661804","chr10","44028544","44028854","28","85632949"
"chr3","129769999","129770308","chr5","73188003","73188312","36","56581996"
"chr3","129790480","129790771","chr22","54606878","54607173","31","75183602"
"chr3","129946468","129946770","chr22","54453170","54453477","32","75493298"
"chr3","130047630","130047905","chr22","54322877","54323148","38","75724753"
"chr3","130128157","130128467","chr16","38129713","38130024","40","91998444"
"chr3","130273397","130273731","chr10","101808717","101809047","60","28464680"
"chr3","130310292","130310584","chr16","64557743","64558040","29","65752549"
"chr3","130452132","130452447","chr22","53925235","53925534","33","76526897"
"chr3","130493519","130493810","chr9","110912661","110912949","36","19580858"
"chr3","130520246","130520559","chr20","68876032","68876333","35","61644214"
"chr3","130640371","130640682","chr7","87014110","87014421","39","43626261"
"chr3","130736527","130736789","chr19","17457143","17457411","50","113279384"
"chr3","130838181","130838481","chr1","62642176","62642473","30","68196005"
"chr3","130886527","130886822","chr22","53544334","53544629","25","77342193"
"chr3","130915188","130915499","chr22","53515784","53516094","37","77399404"
"chr3","130993062","130993342","chr25","36559822","36560098","40","94433240"
"chr3","131032900","131033203","chr22","53403745","53404049","15","77629155"
"chr3","131036497","131036797","chr22","53400156","53400451","29","77636341"
"chr3","131044146","131044436","chr10","104045761","104046051","35","26998385"
"chr3","131046064","131046362","chr2","90257641","90257939","37","40788423"
"chr3","131050296","131050455","chr5","26836208","26836373","28","104214088"
"chr3","131082358","131082668","chr4","74024443","74024752","40","57057915"
"chr3","131093006","131093295","chr2","429322","429614","35","130663684"
"chr3","131094451","131094774","chr22","53347717","53348034","46","77746734"
"chr3","131095404","131095722","chr26","41397837","41398149","40","89697567"
"chr3","131141700","131142003","chr22","53301180","53301481","27","77840520"
"chr3","131142409","131142680","chr22","53300678","53300949","21","77841731"
"chr3","131178820","131179134","chr22","53264151","53264462","32","77914669"
"chr3","131191516","131191813","chr22","53251489","53251782","31","77940027"
"chr3","131217814","131218107","chr22","53223237","53223535","29","77994577"
"chr3","131224680","131224966","chr22","53216321","53216601","32","78008359"
"chr3","131241612","131241755","chr4","1567338","1567476","20","129674274"
"chr3","131243688","131243994","chr17","1769259","1769563","29","129474429"
"chr3","131259940","131260190","chr7","127919522","127919779","41","3340418"
"chr3","131271928","131272219","chr24","15904465","15904756","34","115367463"
"chr3","131277261","131277571","chr8","10801167","10801476","35","120476094"
"chr3","131297381","131297677","chr2","33790814","33791111","33","97506567"
"chr3","131344430","131344746","chr22","53109956","53110266","28","78234474"
"chr3","131408230","131408508","chr5","35513153","35513433","34","95895077"
"chr3","131417744","131418033","chr13","62251265","62251555","32","69166479"
"chr3","131423007","131423324","chr22","53026496","53026806","32","78396511"
"chr3","131431631","131431924","chr6","17650071","17650364","32","113781560"
"chr3","131449026","131449321","chrX","22852905","22853198","32","108596121"
"chr3","131531247","131531542","chr7","38806411","38806706","34","92724836"
"chr3","131545186","131545499","chr22","52908946","52909256","32","78636240"
"chr3","131553853","131554160","chr22","52900633","52900938","33","78653220"
"chr3","131583155","131583372","chr22","52871484","52871734","42","78711671"
"chr3","131748098","131748328","chr22","52708430","52708660","12","79039668"
"chr3","131974070","131974283","chr7","15845768","15845962","73","116128302"
"chr3","132002267","132002561","chr6","17721519","17721809","45","114280748"
"chr3","132012062","132012355","chr1","111673494","111673780","54","20338568"
"chr3","132030929","132031249","chr17","3627347","3627658","40","128403582"
"chr3","132044996","132045238","chr9","61704066","61704306","44","70340930"
"chr3","132053019","132053330","chr22","52399864","52400172","35","79653155"
"chr3","132055867","132056096","chr1","8514483","8514712","27","123541384"
"chr3","132058327","132058626","chr22","61473574","61473872","39","70584753"
"chr3","132062644","132062943","chr24","40758560","40758856","31","91304084"
"chr3","132073139","132073443","chr10","123801741","123802047","34","8271398"
"chr3","132073452","132073762","chr22","52385947","52386250","30","79687505"
"chr3","132082636","132082934","chr2","39182421","39182732","53","92900215"
"chr3","132083637","132083941","chr3","9026672","9026974","42","123056965"
"chr3","132089275","132089586","chr5","43308878","43309187","43","88780397"
"chr3","132095994","132096202","chr19","18670114","18670324","34","113425880"
"chr3","132112606","132112761","chr26","14831303","14831455","23","117281303"
"chr3","132113294","132113585","chr1","24146456","24146749","42","107966838"
"chr3","132114299","132114599","chr10","53758195","53758499","34","78356104"
"chr3","132117744","132118053","chr22","50816756","50817059","38","81300988"
"chr3","132141054","132141359","chrX","17556505","17556807","33","114584549"
"chr3","132149538","132149840","chr21","107766566","107766870","40","24382972"
"chr3","132189193","132189489","chr22","52273343","52273645","19","79915850"
"chr3","132213277","132213571","chr5","71206043","71206343","38","61007234"
"chr3","132237605","132237905","chr22","52243689","52243994","31","79993916"
"chr3","132242859","132243169","chr2","39182421","39182732","40","93060438"
"chr3","132285151","132285448","chrX","111740906","111741198","31","20544245"
"chr3","132304502","132304761","chr11","115789930","115790196","39","16514572"
"chr3","132339253","132339544","chrX","23171829","23172120","42","109167424"
"chr3","132357348","132357650","chr22","52116664","52116964","30","80240684"
"chr3","132362237","132362462","chr22","52111803","52112023","30","80250434"
"chr3","132370621","132370785","chr6","6489870","6490038","20","125880751"
"chr3","132392384","132392684","chr22","52088985","52089283","23","80303399"
"chr3","132399155","132399447","chr11","96978397","96978692","32","35420758"
"chr3","132417365","132417675","chr19","18170790","18171089","32","114246575"
"chr3","132446842","132447150","chr22","52036156","52036447","44","80410686"
"chr3","132447248","132447558","chr22","52035756","52036064","33","80411492"
"chr3","132469550","132469867","chr8","120261886","120262182","48","12207664"
"chr3","132495218","132495518","chr22","51993637","51993944","31","80501581"
"chr3","132500850","132501146","chr15","52216098","52216398","35","80284752"
"chr3","132529356","132529640","chrX","1052","1331","38","132528304"
"chr3","132535606","132535905","chr22","51951886","51952190","31","80583720"
"chr3","132563806","132564099","chrX","22852905","22853198","32","109710901"
"chr3","132571867","132572152","chr22","51916436","51916730","27","80655431"
"chr3","132578925","132579172","chr9","62510671","62510933","46","70068254"
"chr3","132585249","132585412","chr28","8714791","8714956","24","123870458"
"chr3","132586019","132586175","chr22","51895659","51895824","20","80690360"
"chr3","132586786","132587070","chr22","51894919","51895216","40","80691867"
"chr3","132587459","132587740","chr22","51894250","51894540","30","80693209"
"chr3","132589370","132589622","chr22","51892430","51892678","34","80696940"
"chr3","132607773","132608036","chr22","51875413","51875678","24","80732360"
"chr3","132609402","132609652","chr9","111903561","111903812","42","20705841"
"chr3","132611438","132611760","chr13","21963076","21963400","62","110648362"
"chr3","132620732","132620907","chr22","51866119","51866299","16","80754613"
"chr3","132620908","132621205","chr22","51865810","51866118","32","80755098"
"chr3","132631990","132632296","chr10","88760771","88761072","32","43871219"
"chr3","132633218","132633518","chr2","17246925","17247219","34","115386293"
"chr3","132642410","132642567","chr20","1678128","1678289","26","130964282"
"chr3","132643322","132643455","chrX","66812806","66812940","17","65830516"
"chr3","132663549","132663862","chr27","44653474","44653783","37","88010075"
"chr3","132672921","132673212","chr22","51814020","51814303","33","80858901"
"chr3","132690486","132690783","chr5","22726786","22727081","33","109963700"
"chr3","132704094","132704395","chr22","51787643","51787934","25","80916451"
"chr3","132709020","132709326","chr22","51783022","51783329","27","80925998"
"chr3","132735153","132735454","chr22","51759312","51759607","28","80975841"
"chr3","132737217","132737538","chr1","8986887","8987200","45","123750330"
"chr3","132766904","132767217","chr22","51706545","51706862","37","81060359"
"chr3","132825943","132826246","chr14","63097293","63097594","38","69728650"
"chr3","132872531","132872840","chr22","51611435","51611740","25","81261096"
"chr3","132876176","132876486","chr22","51607852","51608153","35","81268324"
"chr3","132892868","132893200","chr22","51583184","51583486","55","81309684"
"chr3","133146748","133147051","chr22","51334383","51334676","26","81812365"
"chr3","133172380","133172683","chr22","51308961","51309266","29","81863419"
"chr3","133173849","133174162","chr22","51307489","51307801","34","81866360"
"chr3","133184119","133184391","chr16","9245258","9245543","37","123938861"
"chr3","133188972","133189113","chr28","9972037","9972179","19","123216935"
"chr3","133191246","133191534","chr6","11893852","11894141","25","121297394"
"chr3","133192273","133192578","chr22","51288315","51288626","33","81903958"
"chr3","133203577","133203875","chr22","51278782","51279088","34","81924795"
"chr3","133246674","133246976","chr2","58338718","58339014","52","74907956"
"chr3","133270389","133270684","chr22","51216967","51217270","21","82053422"
"chr3","133312833","133313118","chr22","51172664","51172943","25","82140169"
"chr3","133315131","133315441","chr22","51162879","51163181","37","82152252"
"chr3","133325269","133325513","chr14","32449639","32449875","32","100875630"
"chr3","133351365","133351674","chr22","51139760","51140070","26","82211605"
"chr3","133364806","133365110","chr7","12055602","12055906","32","121309204"
"chr3","133366859","133367160","chr2","80473175","80473477","41","52893684"
"chr3","133384247","133384550","chr22","51111722","51112011","32","82272525"
"chr3","133405233","133405513","chr20","92730551","92730834","29","40674682"
"chr3","133453291","133453593","chr5","4868180","4868480","40","128585111"
"chr3","133468318","133468536","chr11","124263168","124263380","57","9205150"
"chr3","133518017","133518290","chr16","23669173","23669444","43","109848844"
"chr3","133525959","133526256","chr7","57201109","57201408","37","76324850"
"chr3","133530765","133531060","chr2","59692103","59692389","33","73838662"
"chr3","133533387","133533690","chr16","62764099","62764400","41","70769288"
"chr3","133538498","133538806","chr2","59699668","59699975","31","73838830"
"chr3","133541168","133541463","chr5","4746370","4746663","25","128794798"
"chr3","133548080","133548363","chr17","29647918","29648201","30","103900162"
"chr3","133566256","133566551","chr6","33908236","33908526","37","99658020"
"chr3","133566843","133567140","chr5","4774710","4774992","35","128792133"
"chr3","133580345","133580632","chr10","19359428","19359718","40","114220917"
"chr3","133626129","133626440","chr5","4811741","4812042","46","128814388"
"chr3","133633477","133633758","chr11","36736529","36736806","35","96896948"
"chr3","133644035","133644339","chr9","119963544","119963848","41","13680491"
"chr3","133648908","133649202","chr5","4827582","4827884","37","128821326"
"chr3","133667284","133667583","chr5","4938805","4939106","26","128728479"
"chr3","133687059","133687347","chr15","59941052","59941342","33","73746007"
"chr3","133730560","133730866","chr19","9514256","9514567","37","124216304"
"chr3","133743647","133743946","chr15","59888626","59888921","30","73855021"
"chr3","133752998","133753244","chr16","72481053","72481317","49","61271945"
"chr3","133966833","133967138","chr15","59691951","59692256","34","74274882"
"chr3","134018572","134018861","chr11","26603738","26604031","40","107414834"
"chr3","134057765","134057996","chr10","3768069","3768304","40","130289696"
"chr3","134138196","134138412","chr24","26821301","26821521","31","107316895"
"chr3","134188696","134189023","chr6","46544192","46544516","49","87644504"
"chr3","134219801","134220115","chr15","59437271","59437576","25","74782530"
"chr3","134235980","134236276","chr23","43922102","43922399","36","90313878"
"chr3","134263843","134264138","chr15","59394583","59394895","34","74869260"
"chr3","134347580","134347881","chr24","11896635","11896923","54","122450945"
"chr3","134348053","134348357","chr21","108279551","108279861","42","26068502"
"chr3","134378846","134379145","chr15","59293371","59293678","38","75085475"
"chr3","134384818","134385128","chr15","59287665","59287969","36","75097153"
"chr3","134388112","134388312","chr25","73869128","73869331","39","60518984"
"chr3","134407622","134407922","chr15","59263315","59263621","29","75144307"
"chr3","134449697","134449980","chr2","19372681","19372965","35","115077016"
"chr3","134476581","134476889","chr15","59193238","59193541","28","75283343"
"chr3","134596627","134596913","chr15","59088697","59088983","23","75507930"
"chr3","134728473","134728772","chr11","115187323","115187622","35","19541150"
"chr3","134821257","134821549","chr4","65539199","65539471","53","69282058"
"chr3","134838319","134838621","chr15","58875796","58876108","32","75962523"
"chr3","134925186","134925486","chr28","19188684","19188984","38","115736502"
"chr3","135005365","135005672","chr6","42719956","42720258","28","92285409"
"chr3","135015097","135015410","chr15","58699675","58699974","37","76315422"
"chr3","135018034","135018344","chr15","58699675","58699974","34","76318359"
"chr3","135022429","135022727","chr3","29298995","29299289","30","105723434"
"chr3","135092228","135092525","chr27","47174935","47175234","29","87917293"
"chr3","135197790","135198072","chr14","62854217","62854506","40","72343573"
"chr3","135217386","135217607","chr9","85651798","85652026","30","49565588"
"chr3","135339518","135339820","chr15","58383411","58383691","44","76956107"
"chr3","135431812","135432062","chr15","58297623","58297866","29","77134189"
"chr3","135507600","135507905","chr15","58221254","58221560","20","77286346"
"chr3","135592329","135592625","chr18","59136444","59136742","49","76455885"
"chr3","135651393","135651686","chr5","17893522","17893814","36","117757871"
"chr3","135789998","135790296","chr20","77903993","77904291","27","57886005"
"chr3","135814767","135815065","chr28","14468580","14468875","36","121346187"
"chr3","135826936","135827202","chr4","65539199","65539471","42","70287737"
"chr3","135867206","135867519","chr1","14106229","14106537","45","121760977"
"chr3","135934013","135934332","chr2","14384032","14384346","42","121549981"
"chr3","135944976","135945260","chr15","57820478","57820765","28","78124498"
"chr3","136054248","136054557","chr5","26410686","26410992","33","109643562"
"chr3","136056281","136056578","chr3","59059643","59059942","29","76996638"
"chr3","136114790","136115094","chr25","25366335","25366637","41","110748455"
"chr3","136157787","136158089","chr1","4389880","4390182","36","131767907"
"chr3","136179907","136180217","chr27","10456830","10457141","28","125723077"
"chr3","136222557","136222742","chr24","82603310","82603496","16","53619247"
"chr3","136250959","136251260","chr15","57523577","57523887","26","78727382"
"chr3","136288700","136288905","chr15","57491245","57491447","27","78797455"
"chr3","136312710","136313021","chr15","57471153","57471466","24","78841557"
"chr3","136628263","136628572","chr2","5163706","5164024","46","131464557"
"chr3","136689316","136689593","chr15","57109431","57109709","39","79579885"
"chr3","136895411","136895714","chr15","56928554","56928851","23","79966857"
"chr3","136912001","136912305","chr5","43031974","43032287","42","93880027"
"chr3","136967677","136967974","chr10","93621317","93621620","41","43346360"
"chr3","136995764","136996070","chr15","56835262","56835568","24","80160502"
"chr3","137028249","137028571","chr16","31457702","31458030","44","105570547"
"chr3","137033647","137033930","chr2","13896413","13896695","26","123137234"
"chr3","137041525","137041832","chrX","46054412","46054721","33","90987113"
"chr3","137067770","137068056","chr15","56784366","56784660","31","80283404"
"chr3","137094725","137095026","chr15","56749730","56750031","23","80344995"
"chr3","137100368","137100678","chr15","56756477","56756793","32","80343891"
"chr3","137103114","137103412","chr5","50489073","50489372","33","86614041"
"chr3","137129971","137130269","chr15","56720764","56721062","31","80409207"
"chr3","137141125","137141431","chr15","56709341","56709646","30","80431784"
"chr3","137164698","137164998","chr15","56686046","56686350","29","80478652"
"chr3","137167944","137168258","chr15","56682802","56683106","36","80485142"
"chr3","137178760","137179063","chr26","18344490","18344794","36","118834270"
"chr3","137184768","137185068","chr28","19188684","19188984","36","117996084"
"chr3","137225948","137226257","chr6","48846530","48846838","36","88379418"
"chr3","137313281","137313583","chr6","786444","786745","35","136526837"
"chr3","137314269","137314564","chr20","92391112","92391404","26","44923157"
"chr3","137319702","137320009","chr15","56551397","56551697","31","80768305"
"chr3","137351391","137351695","chr15","56518834","56519137","22","80832557"
"chr3","137414711","137415023","chr9","87345833","87346141","40","50068878"
"chr3","137428498","137428793","chr12","13941411","13941710","42","123487087"
"chr3","137445731","137446026","chr15","56421589","56421890","29","81024142"
"chr3","137447745","137448053","chr15","56419575","56419882","22","81028170"
"chr3","137497364","137497675","chrX","113675371","113675678","40","23821993"
"chr3","137539937","137540263","chr3","12309911","12310239","47","125230026"
"chr3","137542396","137542708","chr17","64495594","64495907","41","73046802"
"chr3","137550617","137550906","chr5","21479776","21480065","35","116070841"
"chr3","137579655","137579969","chr5","56215675","56215986","46","81363980"
"chr3","137600533","137600837","chr20","71875277","71875582","34","65725256"
"chr3","137624924","137625188","chr6","3110169","3110438","32","134514755"
"chr3","137710890","137711156","chr9","62510671","62510933","37","75200219"
"chr3","137723221","137723521","chr8","48698345","48698653","43","89024876"
"chr3","137738358","137738631","chr15","56147615","56147887","24","81590743"
"chr3","137759581","137759904","chr2","57422945","57423249","49","80336636"
"chr3","137771064","137771367","chr15","56114735","56115031","24","81656329"
"chr3","137773192","137773497","chr20","7645196","7645499","35","130127996"
"chr3","137777285","137777580","chr19","28685204","28685498","40","109092081"
"chr3","137803097","137803397","chr12","30716468","30716768","34","107086629"
"chr3","137888411","137888714","chr15","55999507","55999821","41","81888904"
"chr3","137890301","137890606","chr29","19796485","19796789","35","118093816"
"chr3","137910182","137910467","chr15","55977864","55978148","23","81932318"
"chr3","137972269","137972562","chr24","10629028","10629331","37","127343241"
"chr3","137985518","137985840","chr15","55903946","55904256","40","82081572"
"chr3","138092077","138092368","chr8","114765574","114765863","34","23326503"
"chr3","138147228","138147523","chr15","55746234","55746529","21","82400994"
"chr3","138202707","138203012","chr20","74277242","74277548","29","63925465"
"chr3","138870888","138871192","chr15","55061234","55061545","32","83809654"
"chr3","138911756","138912059","chr10","88760771","88761072","36","50150985"
"chr3","138913518","138913831","chr15","55019690","55020007","31","83893828"
"chr3","138918221","138918503","chr15","55015547","55015827","23","83902674"
"chr3","139106538","139106841","chr15","54834938","54835256","32","84271600"
"chr3","139123496","139123776","chr15","54822313","54822592","37","84301183"
"chr3","139158874","139159168","chrX","22852905","22853198","34","116305969"
"chr3","139311547","139311841","chr15","54648016","54648308","29","84663531"
"chr3","139340945","139341215","chr15","54619623","54619898","22","84721322"
"chr3","139359692","139359997","chr15","54607338","54607650","30","84752354"
"chr3","139390173","139390478","chr15","54577259","54577560","37","84812914"
"chr3","139433694","139433993","chr2","84636821","84637085","73","54796873"
"chr3","139488722","139489039","chr15","54483507","54483805","48","85005215"
"chr3","139567047","139567340","chr15","54402813","54403113","18","85164234"
"chr3","139628085","139628388","chr15","54345408","54345707","40","85282677"
"chr3","139630042","139630342","chr15","54343437","54343743","26","85286605"
"chr3","139684917","139685216","chr15","54284069","54284364","30","85400848"
"chr3","139690730","139690946","chr24","75628397","75628610","36","64062333"
"chr3","139693789","139694079","chr15","54275433","54275728","32","85418356"
"chr3","139697477","139697743","chr18","32066046","32066321","46","107631431"
"chr3","139706255","139706555","chr15","54262612","54262905","28","85443643"
"chr3","139707494","139707800","chr15","54261315","54261622","26","85446179"
"chr3","139709374","139709701","chr15","54259588","54259898","44","85449786"
"chr3","139711604","139711911","chr15","54256980","54257279","39","85454624"
"chr3","139714965","139715270","chr15","54253886","54254187","34","85461079"
"chr3","139719710","139719991","chr15","54249462","54249744","23","85470248"
"chr3","139726215","139726511","chr20","89155172","89155473","45","50571043"
"chr3","139731294","139731615","chr15","4590205","4590519","48","135141089"
"chr3","139742152","139742445","chr19","27473166","27473455","38","112268986"
"chr3","139761363","139761674","chr6","48846530","48846838","33","90914833"
"chr3","139843457","139843765","chr15","54125545","54125852","21","85717912"
"chr3","139852855","139853160","chr15","54114559","54114850","28","85738296"
"chr3","139862322","139862603","chr15","54104858","54105139","22","85757464"
"chr3","139868520","139868808","chr26","13986634","13986921","29","125881886"
"chr3","139872230","139872520","chr2","429322","429614","33","139442908"
"chr3","139872715","139872989","chr15","54094607","54094885","25","85778108"
"chr3","139874719","139875028","chr15","54092295","54092606","23","85782424"
"chr3","139903473","139903757","chr16","14170215","14170502","37","125733258"
"chr3","139908903","139909218","chr15","54061240","54061553","37","85847663"
"chr3","139921485","139921661","chr15","54048824","54049010","17","85872661"
"chr3","139922781","139923068","chr15","54047453","54047745","32","85875328"
"chr3","139939047","139939342","chr15","54031725","54032020","19","85907322"
"chr3","139945939","139946239","chr21","74663054","74663347","40","65282885"
"chr3","139950935","139951250","chr15","54019435","54019772","41","85931500"
"chr3","139969734","139970043","chr15","53998670","53998980","17","85971064"
"chr3","139975134","139975440","chr15","53992972","53993280","31","85982162"
"chr3","139980168","139980467","chr15","53987861","53988167","33","85992307"
"chr3","139981481","139981729","chr15","53986224","53986493","33","85995257"
"chr3","139982789","139983068","chr15","53984907","53985191","30","85997882"
"chr3","139986847","139987150","chr15","53980890","53981187","35","86005957"
"chr3","139993941","139994238","chr15","53972657","53972954","37","86021284"
"chr3","140003868","140004170","chr15","53965362","53965662","37","86038506"
"chr3","140033302","140033580","chrUn_KE147549v1","113158","113434","46","139920144"
"chr3","140081558","140081862","chr15","53891800","53892104","38","86189758"
"chr3","140128813","140129103","chr7","86001473","86001767","46","54127340"
"chr3","140130357","140130651","chr16","5899471","5899766","43","134230886"
"chr3","140145936","140146232","chr16","13640662","13640957","45","126505274"
"chr3","140157346","140157649","chr15","53814853","53815161","30","86342493"
"chr3","140157782","140158098","chr15","53814429","53814732","39","86343353"
"chr3","140164247","140164542","chr8","137860796","137861094","28","2303451"
"chr3","140164545","140164843","chr15","53805870","53806168","30","86358675"
"chr3","140186436","140186742","chr17","19797186","19797495","35","120389250"
"chr3","140187066","140187365","chr15","64630867","64631162","42","75556199"
"chr3","140190782","140191091","chr17","1769259","1769563","35","138421523"
"chr3","140207083","140207366","chr15","53767017","53767289","33","86440066"
"chr3","140212655","140212948","chr15","53763333","53763631","28","86449322"
"chr3","140216950","140217247","chr13","78571339","78571635","34","61645611"
"chr3","140217261","140217555","chr15","53757879","53758176","25","86459382"
"chr3","140227266","140227537","chr3","23220259","23220529","38","117007007"
"chr3","140229225","140229518","chr28","8179642","8179934","37","132049583"
"chr3","140238972","140239279","chr3","9026672","9026974","45","131212300"
"chr3","140241707","140242019","chr11","26631722","26632025","47","113609985"
"chr3","140244176","140244472","chrX","38341389","38341678","41","101902787"
"chr3","140245959","140246201","chr21","20323380","20323612","36","119922579"
"chr3","140282688","140282971","chr5","102567","102846","40","140180121"
"chr3","140293764","140294077","chr14","5294568","5294871","43","134999196"
"chr3","140298606","140298912","chr15","53689901","53690208","23","86608705"
"chr3","140300595","140300787","chr2","14065755","14065943","29","126234840"
"chr3","140306073","140306368","chr15","53676007","53676307","27","86630066"
"chr3","140310445","140310745","chr15","53671886","53672169","48","86638559"
"chr3","140321593","140321890","chr8","90128674","90128960","44","50192919"
"chr3","140325818","140326121","chr15","53655417","53655720","30","86670401"
"chr3","140331230","140331502","chr15","53649456","53649736","32","86681774"
"chr3","140335369","140335663","chr6","41738554","41738850","36","98596815"
"chr3","140337582","140337885","chr15","53643506","53643815","22","86694076"
"chr3","140370033","140370352","chr5","56215675","56215986","45","84154358"
"chr3","140375274","140375576","chr16","52287422","52287724","34","88087852"
"chr3","140391011","140391307","chr15","53589029","53589311","36","86801982"
"chr3","140396863","140397174","chr2","63213955","63214255","41","77182908"
"chr3","140401323","140401622","chr15","53576261","53576559","21","86825062"
"chr3","140407978","140408275","chr2","55926792","55927088","37","84481186"
"chr3","140421788","140421944","chr10","1986677","1986833","31","138435111"
"chr3","140428560","140428880","chr15","53549110","53549421","39","86879450"
"chr3","140455382","140455685","chr1","57381049","57381356","35","83074333"
"chr3","140457836","140458137","chr15","64630867","64631162","35","75826969"
"chr3","140464097","140464388","chr15","53510812","53511105","24","86953285"
"chr3","140508855","140509160","chr20","92192486","92192788","31","48316369"
"chr3","140532235","140532540","chr28","19188684","19188984","33","121343551"
"chr3","140532856","140533159","chr10","93621317","93621620","30","46911539"
"chr3","140533287","140533583","chr15","53441477","53441773","20","87091810"
"chr3","140541490","140541800","chr15","53435455","53435764","27","87106035"
"chr3","140565281","140565475","chr2","18890227","18890415","25","121675054"
"chr3","140575470","140575772","chr15","53399337","53399638","31","87176133"
"chr3","140616399","140616687","chr17","59055987","59056272","37","81560412"
"chr3","140679722","140680034","chr11","117273009","117273320","32","23406713"
"chr3","140904687","140904973","chr6","43353155","43353448","55","97551532"
"chr3","140968199","140968487","chr15","53050249","53050543","34","87917950"
"chr3","141011903","141012193","chr15","53000025","53000321","28","88011878"
"chr3","141324626","141324920","chr15","52709408","52709706","32","88615218"
"chr3","141451573","141451850","chr13","46434144","46434420","41","95017429"
"chr3","141534739","141535036","chr11","106720696","106720997","32","34814043"
"chr3","141602782","141603054","chr15","52452030","52452298","17","89150752"
"chr3","141607418","141607718","chr1","32350047","32350343","31","109257371"
"chr3","141649425","141649720","chr1","17699624","17699919","35","123949801"
"chr3","141655577","141655882","chr2","35984887","35985192","33","105670690"
"chr3","141671660","141671951","chr18","65996835","65997125","42","75674825"
"chr3","141682699","141682997","chr15","52371898","52372197","32","89310801"
"chr3","141718701","141718842","chr15","52339068","52339195","22","89379633"
"chr3","141729232","141729508","chr15","52328465","52328752","28","89400767"
"chr3","141755373","141755597","chr15","52302644","52302875","30","89452729"
"chr3","141796885","141797191","chrX","104024831","104025133","34","37772054"
"chr3","141828260","141828570","chr1","117503018","117503329","37","24325242"
"chr3","141841452","141841753","chr15","52216098","52216398","21","89625354"
"chr3","141943228","141943523","chr2","38617276","38617573","38","103325952"
"chr3","141948158","141948465","chr15","52107142","52107449","30","89841016"
"chr3","142011384","142011674","chr15","52045718","52046008","20","89965666"
"chr3","142062563","142062877","chr15","52001695","52001997","35","90060868"
"chr3","142071395","142071698","chr20","1445477","1445787","42","140625918"
"chr3","142139226","142139524","chr20","111352130","111352435","39","30787096"
"chr3","142142621","142142914","chr15","51914751","51915037","22","90227870"
"chr3","142169994","142170291","chr15","51889872","51890179","26","90280122"
"chr3","142190317","142190632","chr6","14786220","14786531","39","127404097"
"chr3","142192463","142192768","chr15","51864872","51865178","34","90327591"
"chr3","142211098","142211390","chr24","23710028","23710316","32","118501070"
"chr3","142234866","142235162","chr15","51823615","51823911","24","90411251"
"chr3","142251303","142251598","chr15","51801687","51801989","33","90449616"
"chr3","142263798","142264095","chr15","51793719","51794013","33","90470079"
"chr3","142266366","142266659","chr1","12403657","12403947","31","129862709"
"chr3","142282679","142282987","chr15","51772148","51772450","36","90510531"
"chr3","142292764","142293043","chr15","51762279","51762570","33","90530485"
"chr3","142293097","142293382","chr15","64630867","64631162","43","77662230"
"chr3","142301413","142301712","chr9","112420914","112421211","30","29880499"
"chr3","142307564","142307729","chr16","46110548","46110717","19","96197016"
"chr3","142314066","142314368","chr26","2668803","2669103","31","139645263"
"chr3","142321365","142321669","chr15","51734021","51734346","40","90587344"
"chr3","142334332","142334625","chrX","112002670","112002961","41","30331662"
"chr3","142341630","142341935","chr15","51715948","51716246","32","90625682"
"chr3","142353583","142353886","chr6","786444","786745","39","141567139"
"chr3","142357008","142357164","chr15","51703688","51703845","12","90653320"
"chr3","142357899","142358189","chr14","46309257","46309544","38","96048642"
"chr3","142359389","142359686","chr15","51701037","51701334","20","90658352"
"chr3","142359934","142360219","chr16","2939874","2940161","37","139420060"
"chr3","142364993","142365290","chr15","51695843","51696128","39","90669150"
"chr3","142373982","142374267","chr6","49405207","49405489","41","92968775"
"chr3","142374541","142374824","chr8","36141934","36142236","41","106232607"
"chr3","142375391","142375636","chr19","27008157","27008419","50","115367234"
"chr3","142379016","142379313","chr15","51678903","51679213","39","90700113"
"chr3","142384737","142385015","chr15","51657372","51657640","32","90727365"
"chr3","142404480","142404789","chr18","48815029","48815336","37","93589451"
"chr3","142415972","142416250","chr15","51644980","51645258","28","90770992"
"chr3","142417268","142417574","chr11","100271972","100272274","44","42145296"
"chr3","142417875","142418146","chr15","51644980","51645258","36","90772895"
"chr3","142426511","142426807","chr11","47438728","47439024","29","94987783"
"chr3","142434747","142435045","chr15","51628212","51628511","28","90806535"
"chr3","142447639","142447944","chr15","51617906","51618207","28","90829733"
"chr3","142458041","142458350","chr16","8476344","8476649","43","133981697"
"chr3","142483364","142483540","chr5","54571338","54571510","20","87912026"
"chr3","142537476","142537776","chr15","51527475","51527765","33","91010001"
"chr3","142582449","142582751","chr17","1769259","1769563","33","140813190"
"chr3","142587518","142587809","chrX","54129280","54129571","38","88458238"
"chr3","142650184","142650387","chr23","27956824","27957036","55","114693360"
"chr3","142662462","142662769","chr15","51393442","51393747","30","91269020"
"chr3","142696904","142697209","chr9","94738803","94739106","39","47958101"
"chr3","142871721","142871979","chr26","24662044","24662311","49","118209677"
"chr3","142895572","142895869","chr23","81344370","81344667","40","61551202"
"chr3","142916749","142916931","chrUn_KE147549v1","65439","65622","23","142851310"
"chr3","142918587","142918876","chr15","51164177","51164467","20","91754410"
"chr3","142957249","142957503","chr15","51125700","51125954","25","91831549"
"chr3","142992287","142992573","chr15","51090126","51090414","26","91902161"
"chr3","143068531","143068818","chr15","51011078","51011360","21","92057453"
"chr3","143111469","143111777","chr26","33663236","33663533","33","109448233"
"chr3","143428200","143428515","chr15","48458331","48458646","39","94969869"
"chr3","143480884","143481049","chr15","50609188","50609353","10","92871696"
"chr3","143683695","143683996","chr15","50415113","50415419","30","93268582"
"chr3","143782335","143782623","chr8","40178442","40178723","33","103603893"
"chr3","143799577","143799859","chr14","63248592","63248871","33","80550985"
"chr3","144116929","144117241","chr15","49994019","49994319","40","94122910"
"chr3","144137459","144137763","chr24","69001891","69002187","38","75135568"
"chr3","144333851","144334153","chr21","72380831","72381128","45","71953020"
"chr3","144334266","144334563","chr12","45453278","45453578","35","98880988"
"chr3","144437150","144437439","chr15","49697067","49697354","32","94740083"
"chr3","144456191","144456499","chr15","49678705","49679015","26","94777486"
"chr3","144464228","144464519","chr26","20988621","20988910","35","123475607"
"chr3","144539218","144539518","chr28","19188684","19188984","28","125350534"
"chr3","144588537","144588839","chr20","95037372","95037673","30","49551165"
"chr3","144722602","144722878","chr3","78490607","78490881","40","66231995"
"chr3","144801490","144801819","chr15","49356327","49356627","53","95445163"
"chr3","144804460","144804777","chr22","49400948","49401268","49","95403512"
"chr3","144914061","144914325","chr15","49250690","49250957","29","95663371"
"chr3","144966014","144966303","chr6","7506115","7506404","24","137459899"
"chr3","145007492","145007762","chr15","49156281","49156545","32","95851211"
"chr3","145020775","145021059","chr8","95633451","95633738","36","49387324"
"chr3","145129389","145129688","chr14","52464014","52464302","45","92665375"
"chr3","145138954","145139236","chr15","49031861","49032146","26","96107093"
"chr3","145177784","145178084","chr15","48993719","48994021","27","96184065"
"chr3","145196352","145196652","chr12","63962265","63962564","26","81234087"
"chr3","145199119","145199423","chr15","48972635","48972938","19","96226484"
"chr3","145200675","145200978","chr15","48971066","48971367","27","96229609"
"chr3","145215788","145216103","chr6","4275791","4276095","43","140939997"
"chr3","145220617","145220859","chr16","31906139","31906391","47","113314478"
"chr3","145260411","145260711","chr15","48905726","48906026","31","96354685"
"chr3","145275904","145276121","chr2","86997944","86998162","36","58277960"
"chr3","145319524","145319822","chr7","128930663","128930949","49","16388861"
"chr3","145321810","145322076","chr15","48845899","48846150","40","96475911"
"chr3","145323568","145323867","chr8","7114217","7114516","30","138209351"
"chr3","145326675","145326935","chr8","117825876","117826139","44","27500799"
"chr3","145326965","145327262","chr23","65517898","65518189","61","79809067"
"chr3","145332859","145333170","chr22","7218812","7219123","33","138114047"
"chr3","145337075","145337372","chr15","48832205","48832503","25","96504870"
"chr3","145338936","145339233","chrX_KE148108v1_random","20888","21183","32","145318048"
"chr3","145342163","145342459","chr15","48827151","48827453","25","96515012"
"chr3","145343322","145343618","chr1","62642176","62642473","32","82701146"
"chr3","145350921","145351211","chrX","41952962","41953255","34","103397959"
"chr3","145358276","145358580","chr15","48811783","48812077","31","96546493"
"chr3","145362553","145362763","chr15","48807356","48807562","15","96555197"
"chr3","145377269","145377589","chr2","80447235","80447562","52","64930034"
"chr3","145384876","145385176","chr16","14612378","14612678","36","130772498"
"chr3","145387236","145387529","chr9","21222890","21223190","38","124164346"
"chr3","145395826","145396132","chr15","48776115","48776417","21","96619711"
"chr3","145399249","145399438","chr16","57848140","57848324","27","87551109"
"chr3","145414197","145414515","chr15","48755577","48755889","27","96658620"
"chr3","145417229","145417522","chr10","36804532","36804826","35","108612697"
"chr3","145419803","145420093","chr11","909139","909432","37","144510664"
"chr3","145432089","145432396","chr21","124655752","124656055","42","20776337"
"chr3","145441481","145441777","chr15","48727752","48728053","27","96713729"
"chr3","145446355","145446666","chr17","29276096","29276402","37","116170259"
"chr3","145475627","145475924","chr15","48696266","48696560","24","96779361"
"chr3","145483649","145483945","chr16","64440140","64440434","34","81043509"
"chr3","145509021","145509279","chr4","68033200","68033461","34","77475821"
"chr3","145509762","145510043","chr15","48660727","48661008","20","96849035"
"chr3","145529859","145530145","chr11","90794358","90794645","35","54735501"
"chr3","145534689","145534989","chr15","48640714","48641004","26","96893975"
"chr3","145541831","145542157","chr10","24331092","24331413","42","121210739"
"chr3","145544485","145544720","chr19","1394342","1394586","51","144150143"
"chr3","145551776","145552074","chr15","48621922","48622232","34","96929854"
"chr3","145556199","145556507","chrX","22286766","22287069","34","123269433"
"chr3","145561117","145561416","chr15","48612716","48613015","33","96948401"
"chr3","145570101","145570399","chr25","78856788","78857085","33","66713313"
"chr3","145571745","145572069","chr3","76710051","76710371","47","68861694"
"chr3","145578990","145579295","chr27","25166790","25167092","36","120412200"
"chr3","145587438","145587724","chr21","66097731","66098017","34","79489707"
"chr3","145604375","145604663","chr15","48571646","48571935","22","97032729"
"chr3","145613948","145614248","chr15","48562611","48562907","29","97051337"
"chr3","145629126","145629424","chrX","22428011","22428306","30","123201115"
"chr3","145633661","145633877","chr15","48553107","48553316","25","97080554"
"chr3","145643448","145643743","chr8","101592110","101592406","34","44051338"
"chr3","145645166","145645477","chr15","48541154","48541461","25","97104012"
"chr3","145662849","145663160","chr15","48523951","48524252","29","97138898"
"chr3","145664875","145665175","chr3","79132786","79133084","27","66532089"
"chr3","145673560","145673853","chr14","46622731","46623023","44","99050829"
"chr3","145725312","145725626","chr15","48464068","48464379","37","97261244"
"chr3","145739925","145740235","chr16","69681885","69682195","34","76058040"
"chr3","145748997","145749311","chr20","88200334","88200641","35","57548663"
"chr3","145758247","145758543","chr3","29221658","29221956","33","116536589"
"chr3","145759491","145759799","chr15","48438922","48439232","28","97320569"
"chr3","145789630","145789927","chr5","39097121","39097418","32","106692509"
"chr3","145793753","145794036","chr15","48401026","48401319","31","97392727"
"chr3","145794102","145794380","chr1","77995122","77995407","58","67798980"
"chr3","145805619","145805887","chr1","28859322","28859591","47","116946297"
"chr3","145807923","145808228","chr15","48382154","48382456","32","97425769"
"chr3","145834716","145835004","chr15","48341596","48341871","32","97493120"
"chr3","145940220","145940502","chr9","62371793","62372072","28","83568427"
"chr3","145941419","145941725","chr29","12158374","12158672","38","133783045"
"chr3","145945772","145946075","chr15","48243718","48244024","28","97702054"
"chr3","145951060","145951359","chr24","39016183","39016488","48","106934877"
"chr3","145961546","145961822","chr15","48227196","48227473","17","97734350"
"chr3","145976542","145976699","chr6","18025685","18025834","41","127950857"
"chr3","145998337","145998645","chr1","15533514","15533821","37","130464823"
"chr3","146131281","146131574","chr15","48076389","48076688","34","98054892"
"chr3","146132865","146133166","chr15","48074757","48075068","33","98058108"
"chr3","146153663","146153970","chr15","48054246","48054556","33","98099417"
"chr3","146162769","146163070","chr15","48045375","48045677","16","98117394"
"chr3","146174930","146175230","chr15","48032834","48033138","33","98142096"
"chr3","146196805","146197083","chr15","48010309","48010586","29","98186496"
"chr3","146200524","146200826","chr15","48006641","48006943","23","98193883"
"chr3","146201137","146201440","chr25","44372267","44372570","40","101828870"
"chr3","146210506","146210809","chr15","47996721","47997016","39","98213785"
"chr3","146238551","146238859","chr2","13355109","13355411","39","132883442"
"chr3","146248989","146249278","chr15","47963705","47964005","37","98285284"
"chr3","146255093","146255402","chr11","115440829","115441134","31","30814264"
"chr3","146287519","146287820","chr1","15711914","15712215","32","130575605"
"chr3","146320114","146320413","chr15","47900308","47900610","31","98419806"
"chr3","146349308","146349607","chr16","48376572","48376877","32","97972736"
"chr3","146366668","146366948","chr3","28012169","28012451","39","118354499"
"chr3","146387408","146387711","chr11","105910489","105910792","44","40476919"
"chr3","146445731","146446035","chr4","63048739","63049041","34","83396992"
"chr3","146465720","146465976","chr15","47753896","47754155","37","98711824"
"chr3","146479245","146479537","chr15","47740357","47740635","35","98738888"
"chr3","146480809","146481103","chr15","47738771","47739064","28","98742038"
"chr3","146504319","146504612","chr15","47715156","47715441","27","98789163"
"chr3","146508718","146509019","chr15","47710751","47711060","34","98797967"
"chr3","146523820","146524122","chr15","47695576","47695885","24","98828244"
"chr3","146557434","146557561","chr25","50480389","50480528","30","96077045"
"chr3","146686464","146686745","chr15","47530983","47531264","10","99155481"
"chr3","146693173","146693470","chr11","59887552","59887845","32","86805621"
"chr3","146695221","146695518","chr15","47521813","47522119","22","99173408"
"chr3","146740359","146740676","chr15","47478695","47479006","32","99261664"
"chr3","146801851","146802154","chr15","47407623","47407932","23","99394228"
"chr3","146842783","146843076","chr21","33872059","33872352","39","112970724"
"chr3","146991757","146992030","chr5","16939137","16939401","38","130052620"
"chr3","147029958","147030257","chr15","47181997","47182297","24","99847961"
"chr3","147194811","147195087","chr15","47018111","47018399","31","100176700"
"chr3","147246655","147246962","chr15","46971157","46971463","22","100275498"
"chr3","147431964","147432241","chr28","17356817","17357091","43","130075147"
"chr3","147450737","147451036","chr15","46769121","46769429","37","100681616"
"chr3","147466001","147466240","chr9","61704066","61704306","38","85761935"
"chr3","147470993","147471297","chr27","40845363","40845670","35","106625630"
"chr3","147571182","147571459","chr1","124681130","124681407","35","22890052"
"chr3","147584104","147584404","chr6","33583179","33583478","39","114000925"
"chr3","147595684","147595984","chr15","46604266","46604559","26","100991418"
"chr3","147638336","147638637","chr15","46560715","46561020","30","101077621"
"chr3","147646130","147646430","chr27","24858553","24858850","34","122787577"
"chr3","147712637","147712943","chr1","67026506","67026811","32","80686131"
"chr3","147814348","147814601","chr15","46385798","46386077","38","101428550"
"chr3","147863430","147863770","chr15","46332435","46332764","59","101530995"
"chr3","147982778","147983109","chr14","51850819","51851139","45","96131959"
"chr3","148040677","148040993","chr20","105692436","105692747","34","42348241"
"chr3","148332130","148332443","chr9","112383120","112383432","48","35949010"
"chr3","148383723","148384006","chr11","89396871","89397162","46","58986852"
"chr3","148762341","148762652","chr15","45508577","45508879","37","103253764"
"chr3","148938703","148938996","chr15","45304348","45304653","41","103634355"
"chr3","149068805","149069106","chr2","10184169","10184470","40","138884636"
"chr3","149113265","149113556","chr5","26160251","26160539","39","122953014"
"chr3","149273683","149273928","chr9","61704066","61704306","47","87569617"
"chr3","149295909","149296212","chr15","44956637","44956935","28","104339272"
"chr3","149346801","149347064","chr15","44913000","44913274","39","104433801"
"chr3","149395260","149395559","chr15","44860851","44861157","33","104534409"
"chr3","149403662","149403963","chr15","16738396","16738699","44","132665266"
"chr3","149629324","149629624","chr15","90947919","90948222","38","58681405"
"chr3","149719789","149720103","chr15","44554975","44555285","25","105164814"
"chr3","149787913","149788156","chr11","47440786","47441034","39","102347127"
"chr3","149827497","149827786","chr2","56717939","56718221","50","93109558"
"chr3","150082566","150082875","chr15","44216324","44216629","36","105866242"
"chr3","150268384","150268695","chr15","44064433","44064743","32","106203951"
"chr3","150284503","150284797","chr19","30057411","30057704","35","120227092"
"chr3","150340371","150340672","chr10","88760771","88761072","46","61579600"
"chr3","150460540","150460843","chr15","43880458","43880761","34","106580082"
"chr3","150509740","150510040","chr15","43825023","43825322","28","106684717"
"chr3","150632855","150633068","chr11","124263168","124263380","45","26369687"
"chr3","150646764","150647053","chr14","76870194","76870480","38","73776570"
"chr3","150770752","150771020","chr13","23530221","23530481","59","127240531"
"chr3","150818517","150818822","chr16","64222154","64222465","34","86596363"
"chr3","150833693","150833994","chr20","120483502","120483799","35","30350191"
"chr3","150977446","150977727","chr15","43348647","43348926","32","107628799"
"chr3","151031677","151031975","chr8","7114217","7114516","35","143917460"
"chr3","151110667","151110971","chr15","43206449","43206748","33","107904218"
"chr3","151165495","151165790","chr15","43150794","43151086","40","108014701"
"chr3","151204715","151205048","chr13","55164051","55164385","55","96040664"
"chr3","151211632","151211940","chr15","43113078","43113376","36","108098554"
"chr3","151251193","151251373","chr10","33376506","33376682","49","117874687"
"chr3","151267141","151267412","chr24","38771357","38771629","43","112495784"
"chr3","151297267","151297557","chr15","43017722","43018015","38","108279545"
"chr3","151389360","151389657","chr17","50389408","50389705","36","100999952"
"chr3","151419948","151420242","chr15","42900170","42900472","24","108519778"
"chr3","151538114","151538433","chr1","18228314","18228624","51","133309800"
"chr3","151562157","151562451","chr15","42770260","42770557","25","108791897"
"chr3","151562482","151562660","chr12","20897980","20898158","22","130664502"
"chr3","151563028","151563073","chr22","27162227","27162269","9","124400801"
"chr3","151568093","151568388","chr15","42765645","42765940","21","108802448"
"chr3","151600586","151600884","chr15","42733159","42733468","38","108867427"
"chr3","151896449","151896742","chr15","42431373","42431665","31","109465076"
"chr3","152012652","152012955","chr26","20248626","20248937","37","131764026"
"chr3","152148564","152148866","chr15","42184092","42184392","30","109964472"
"chr3","152185496","152185806","chr1","114954501","114954814","42","37230995"
"chr3","152313625","152313941","chr15","42025124","42025434","34","110288501"
"chr3","152367494","152367763","chr4","41934872","41935134","38","110432622"
"chr3","152455999","152456304","chr20","7645196","7645499","30","144810803"
"chr3","152507230","152507411","chr10","33376506","33376682","30","119130724"
"chr3","152509384","152509637","chr9","44980829","44981096","44","107528555"
"chr3","152518984","152519276","chr15","41828385","41828683","18","110690599"
"chr3","152535292","152535587","chr15","41812156","41812444","25","110723136"
"chr3","152556966","152557272","chr15","41790279","41790578","34","110766687"
"chr3","152563504","152563807","chr15","41783673","41783984","31","110779831"
"chr3","152590963","152591267","chr15","41754732","41755032","27","110836231"
"chr3","152617572","152617847","chr15","41728562","41728849","32","110889010"
"chr3","152625337","152625632","chr15","41720918","41721227","29","110904419"
"chr3","152713098","152713338","chr1","73723280","73723538","52","78989818"
"chr3","152724432","152724740","chr15","41631938","41632240","40","111092494"
"chr3","152728822","152729134","chr15","41631938","41632240","43","111096884"
"chr3","152741090","152741401","chr20","1445477","1445787","28","151295613"
"chr3","152752734","152753027","chr13","13837619","13837920","48","138915115"
"chr3","152795247","152795547","chr15","41560987","41561288","26","111234260"
"chr3","152988451","152988754","chr15","41378907","41379211","25","111609544"
"chr3","153067070","153067346","chr16","15258476","15258757","36","137808594"
"chr3","153087707","153087998","chr15","3836779","3837069","34","149250928"
"chr3","153159662","153159985","chr15","41205789","41206104","39","111953873"
"chr3","153161180","153161467","chr3","24558214","24558499","34","128602966"
"chr3","153193360","153193655","chr15","41170883","41171173","20","112022477"
"chr3","153212473","153212785","chr1","62642176","62642473","46","90570297"
"chr3","153220294","153220614","chr15","41146218","41146534","29","112074076"
"chr3","153223525","153223819","chr15","41142967","41143258","29","112080558"
"chr3","153292169","153292347","chr12","13337067","13337241","28","139955102"
"chr3","153310931","153311233","chr6","14647912","14648212","31","138663019"
"chr3","153318834","153319115","chr1","9127301","9127582","41","144191533"
"chr3","153324144","153324439","chr16","16474975","16475266","42","136849169"
"chr3","153333659","153333899","chr4","74392298","74392537","59","78941361"
"chr3","153336087","153336406","chr20","119699062","119699372","40","33637025"
"chr3","153351289","153351590","chr20","71875277","71875582","35","81476012"
"chr3","153369475","153369776","chr10","124515532","124515831","30","28853943"
"chr3","153375274","153375586","chr15","40985362","40985666","26","112389912"
"chr3","153409512","153409823","chr16","5146243","5146547","33","148263269"
"chr3","153489820","153490038","chr16","62209380","62209598","29","91280440"
"chr3","153498230","153498545","chrX","80468072","80468375","47","73030158"
"chr3","153506787","153507085","chr15","40848661","40848954","25","112658126"
"chr3","153518838","153519127","chr29","9512216","9512513","35","144006622"
"chr3","153540603","153540897","chr15","40817705","40818000","29","112722898"
"chr3","153570395","153570703","chr15","40778012","40778311","28","112792383"
"chr3","153593068","153593379","chr15","40754896","40755207","25","112838172"
"chr3","153648140","153648419","chr15","40705601","40705889","32","112942539"
"chr3","153685345","153685713","chr26","48879629","48879969","80","104805716"
"chr3","153791680","153791967","chr15","40576759","40577040","32","113214921"
"chr3","153886018","153886328","chr12","81464993","81465297","41","72421025"
"chr3","153970434","153970732","chr15","40394312","40394609","20","113576122"
"chr3","154006220","154006525","chr15","40359245","40359556","38","113646975"
"chr3","154054945","154055268","chr19","21095827","21096137","47","132959118"
"chr3","154074762","154075040","chr15","40290255","40290522","25","113784507"
"chr3","154108429","154108737","chr15","40257004","40257303","32","113851425"
"chr3","154148693","154148986","chr15","40216994","40217279","32","113931699"
"chr3","154166328","154166612","chr26","23825871","23826147","50","130340457"
"chr3","154174286","154174576","chr15","40193882","40194174","22","113980404"
"chr3","154198134","154198416","chr16","3030948","3031228","27","151167186"
"chr3","154198910","154199202","chr1","2890071","2890363","38","151308839"
"chr3","154236534","154236798","chr3","204755","205019","37","154031779"
"chr3","154248523","154248812","chr16","72650947","72651238","28","81597576"
"chr3","154254685","154254975","chr21","25441904","25442200","39","128812781"
"chr3","154270643","154270853","chr18","58406164","58406373","27","95864479"
"chr3","154287011","154287304","chr15","40077610","40077904","33","114209401"
"chr3","154342103","154342398","chr3","30894413","30894707","38","123447690"
"chr3","154353859","154354150","chr15","40013172","40013472","31","114340687"
"chr3","154405146","154405441","chr7","37298478","37298772","30","117106668"
"chr3","154409768","154410062","chr8","120057984","120058279","35","34351784"
"chr3","154445585","154445892","chr1","57381049","57381356","35","97064536"
"chr3","154577685","154577982","chrX","49846721","49847019","32","104730964"
"chr3","154638184","154638471","chr5","39598329","39598615","36","115039855"
"chr3","154646479","154646773","chr15","39730437","39730731","35","114916042"
"chr3","154687119","154687434","chr21","25091847","25092163","45","129595272"
"chr3","154715696","154716011","chr10","118537744","118538052","56","36177952"
"chr3","154730382","154730667","chr15","39649861","39650144","33","115080521"
"chr3","154731811","154732119","chr15","39648396","39648700","20","115083415"
"chr3","154734945","154735257","chr14","82794681","82794991","42","71940264"
"chr3","154747312","154747559","chr14","56505348","56505598","37","98241964"
"chr3","154755407","154755717","chr11","4422956","4423267","33","150332451"
"chr3","154758103","154758409","chr20","88763467","88763766","39","65994636"
"chr3","154760199","154760369","chr14","74170965","74171131","28","80589234"
"chr3","154761104","154761402","chr15","39618299","39618606","37","115142805"
"chr3","154778959","154779271","chr15","39601067","39601377","25","115177892"
"chr3","154803559","154803865","chr9","87345833","87346141","35","67457726"
"chr3","154803995","154804307","chr15","39575719","39576021","40","115228276"
"chr3","154806027","154806327","chr17","1769259","1769563","28","153036768"
"chr3","154806932","154807205","chr15","39572863","39573135","20","115234069"
"chr3","154808158","154808479","chr1","5699115","5699436","49","149109043"
"chr3","154823243","154823533","chr15","39556324","39556612","31","115266919"
"chr3","154842337","154842648","chr22","16974195","16974505","35","137868142"
"chr3","154858205","154858517","chr15","39525037","39525341","29","115333168"
"chr3","154891769","154892044","chr8","63134676","63134951","31","91757093"
"chr3","154897782","154898073","chr3","31191121","31191421","43","123706661"
"chr3","154925602","154925913","chr24","44840967","44841275","28","110084635"
"chr3","154926404","154926715","chr15","39457222","39457531","32","115469182"
"chr3","154949913","154950228","chrX_KE148108v1_random","5879619","5879927","53","149070294"
"chr3","155001386","155001537","chr10","113328543","113328693","21","41672843"
"chr3","155022038","155022343","chr15","3904633","3904938","40","151117405"
"chr3","155102084","155102356","chr10","109727805","109728074","43","45374279"
"chr3","155105699","155105982","chr14","45881987","45882274","47","109223712"
"chr3","155111254","155111410","chr28","14738213","14738368","20","140373041"
"chr3","155130662","155130970","chr15","39259175","39259479","33","115871487"
"chr3","155142311","155142622","chr7","131947263","131947571","34","23195048"
"chr3","155154884","155155198","chr17","59119110","59119421","42","96035774"
"chr3","155286239","155286527","chr3","91421515","91421806","34","63864724"
"chr3","155339603","155339912","chr6","15761245","15761546","44","139578358"
"chr3","155508728","155509020","chr21","73650536","73650828","38","81858192"
"chr3","155513744","155514038","chr15","38860915","38861192","35","116652829"
"chr3","155526142","155526438","chr5","22726786","22727081","38","132799356"
"chr3","155544375","155544675","chr15","38829799","38830099","24","116714576"
"chr3","155672702","155673008","chr6","15813882","15814194","37","139858820"
"chr3","155729905","155730212","chr16","1717813","1718121","31","154012092"
"chr3","155763270","155763579","chr15","38600736","38601043","32","117162534"
"chr3","155806295","155806597","chr8","7114217","7114516","38","148692078"
"chr3","155848716","155849022","chr15","38508289","38508586","36","117340427"
"chr3","155929712","155930010","chr15","38429119","38429419","20","117500593"
"chr3","155930839","155931145","chr15","38427958","38428269","31","117502881"
"chr3","156019556","156019827","chr15","38341084","38341359","25","117678472"
"chr3","156131798","156132092","chr15","38232307","38232603","28","117899491"
"chr3","156166276","156166576","chr15","38198747","38199040","32","117967529"
"chr3","156203610","156203840","chr13","64715078","64715302","38","91488532"
"chr3","156220371","156220680","chr17","51745130","51745437","42","104475241"
"chr3","156232483","156232764","chr8","39548897","39549189","54","116683586"
"chr3","156424489","156424784","chrX","22852905","22853198","37","133571584"
"chr3","156634631","156634936","chr15","37727474","37727777","33","118907157"
"chr3","156659030","156659312","chr15","37701884","37702166","30","118957146"
"chr3","156691084","156691402","chr20","96087671","96087985","42","60603413"
"chr3","156700644","156700941","chr4","50329029","50329329","33","106371615"
"chr3","156727413","156727705","chrX","128228462","128228750","29","28498951"
"chr3","156741350","156741531","chr14","52481743","52481927","25","104259607"
"chr3","156741586","156741883","chrX_KE148108v1_random","97088","97384","34","156644498"
"chr3","156748679","156748977","chr24","81534444","81534741","29","75214235"
"chr3","156756041","156756312","chr14","45404891","45405174","45","111351150"
"chr3","156808233","156808522","chr8","66695730","66696028","39","90112503"
"chr3","156810471","156810761","chr25","3895268","3895556","37","152915203"
"chr3","156811276","156811569","chr5","38258697","38258990","32","118552579"
"chr3","156813252","156813414","chr26","14812264","14812426","19","142000988"
"chr3","156815752","156816032","chr14","21771895","21772176","60","135043857"
"chr3","156816468","156816770","chr15","37566226","37566529","28","119250242"
"chr3","156843690","156843985","chr16","62764099","62764400","29","94079591"
"chr3","156844971","156845276","chr16","5899471","5899766","39","150945500"
"chr3","156882737","156883040","chr15","37488989","37489293","29","119393748"
"chr3","156887675","156887983","chr15","37484170","37484478","23","119403505"
"chr3","156897421","156897729","chr15","37474954","37475256","23","119422467"
"chr3","156911450","156911781","chr16","33365491","33365822","42","123545959"
"chr3","156927609","156927890","chr21","73860536","73860817","42","83067073"
"chr3","156928860","156929154","chr8","119165031","119165328","43","37763829"
"chr3","156955405","156955709","chr5","27969102","27969404","39","128986303"
"chr3","156960020","156960325","chr14","82794681","82794991","40","74165339"
"chr3","156968164","156968468","chr9","29774917","29775219","36","127193247"
"chr3","156975843","156976151","chr5","26410686","26410992","28","130565157"
"chr3","157029755","157030065","chr15","37351131","37351430","33","119678624"
"chr3","157069399","157069706","chr19","9514256","9514567","33","147555143"
"chr3","157207843","157208145","chr5","26410686","26410992","36","130797157"
"chr3","157211670","157211975","chr15","37175405","37175708","31","120036265"
"chr3","157492291","157492604","chrUn_KE147541v1","563683","563994","41","156928608"
"chr3","157508462","157508750","chr15","36905141","36905432","37","120603321"
"chr3","157576685","157576976","chr15","36847644","36847942","23","120729041"
"chr3","157654073","157654367","chr5","18721314","18721610","38","138932759"
"chr3","157937242","157937547","chr16","788948","789251","37","157148294"
"chr3","157944829","157945126","chr15","36493746","36494042","27","121451083"
"chr3","158011188","158011485","chr15","36428991","36429288","33","121582197"
"chr3","158014778","158015059","chr5","58610912","58611188","45","99403866"
"chr3","158053553","158053850","chr15","36388381","36388684","26","121665172"
"chr3","158062386","158062689","chr7","105130895","105131189","37","52931491"
"chr3","158191496","158191796","chr15","36265359","36265653","34","121926137"
"chr3","158230840","158231130","chrX_KE148108v1_random","4865365","4865656","36","153365475"
"chr3","158241351","158241653","chr15","36214725","36215032","49","122026626"
"chr3","158436825","158437119","chr20","101310860","101311152","38","57125965"
"chr3","158498657","158498953","chr3","15643392","15643688","36","142855265"
"chr3","158586215","158586505","chr15","35877139","35877429","28","122709076"
"chr3","158596787","158597100","chr15","35869567","35869877","27","122727220"
"chr3","158606175","158606477","chr22","26234852","26235148","44","132371323"
"chr3","158606691","158606977","chr15","35859656","35859943","17","122747035"
"chr3","158699795","158700102","chr15","35776682","35776987","38","122923113"
"chr3","158725669","158725979","chr15","35757185","35757490","24","122968484"
"chr3","158737552","158737842","chr5","60349828","60350122","46","98387724"
"chr3","158752714","158753018","chr9","29774917","29775219","40","128977797"
"chr3","158760030","158760289","chr14","81385490","81385752","36","77374540"
"chr3","158760326","158760587","chr3","7740351","7740602","35","151019975"
"chr3","158799568","158799856","chr2","429322","429614","36","158370246"
"chr3","158820772","158821082","chr13","65764759","65765069","32","93056013"
"chr3","158849157","158849420","chr15","35634909","35635174","30","123214248"
"chr3","158893573","158893882","chr15","35598950","35599256","29","123294623"
"chr3","159060068","159060347","chr7","75946509","75946789","31","83113559"
"chr3","159136493","159136772","chr15","35343029","35343300","35","123793464"
"chr3","159250265","159250567","chr14","46007317","46007617","35","113242948"
"chr3","159250573","159250881","chr15","35229383","35229683","39","124021190"
"chr3","159298016","159298322","chr15","35187665","35187973","31","124110351"
"chr3","159305263","159305574","chr15","35180517","35180826","29","124124746"
"chr3","159320747","159321030","chr15","35168429","35168714","31","124152318"
"chr3","159337609","159337906","chr15","35151771","35152076","27","124185838"
"chr3","159354221","159354515","chr18","31386596","31386890","37","127967625"
"chr3","159374334","159374640","chr17","37907082","37907392","37","121467252"
"chr3","159375712","159376023","chr5","20249798","20250106","46","139125914"
"chr3","159382676","159382935","chr15","35111711","35111970","25","124270965"
"chr3","159391325","159391630","chr8","97695682","97695989","38","61695643"
"chr3","159394490","159394791","chr15","35099579","35099883","25","124294911"
"chr3","159462500","159462771","chr26","9943039","9943312","41","149519461"
"chr3","159473026","159473327","chr21","108580144","108580449","34","50892882"
"chr3","159476155","159476460","chr28","19188684","19188984","30","140287471"
"chr3","159483828","159484134","chr12","7117943","7118250","31","152365885"
"chr3","159488465","159488765","chr15","35008664","35008962","31","124479801"
"chr3","159488787","159489088","chr15","35008325","35008629","28","124480462"
"chr3","159489608","159489907","chr15","35007473","35007770","22","124482135"
"chr3","159491283","159491581","chr15","35005837","35006125","32","124485446"
"chr3","159498661","159498974","chr15","34998458","34998768","24","124500203"
"chr3","159514912","159515064","chr9","59039101","59039243","48","100475811"
"chr3","159519440","159519744","chr6","9903924","9904225","34","149615516"
"chr3","159530231","159530522","chr15","34966975","34967270","15","124563256"
"chr3","159534356","159534630","chr12","18982850","18983127","42","140551506"
"chr3","159552831","159553135","chr16","25344377","25344680","34","134208454"
"chr3","159554970","159555276","chr20","121317604","121317910","43","38237366"
"chr3","159595451","159595753","chr15","34898092","34898400","33","124697359"
"chr3","159600861","159601168","chr15","34892529","34892838","34","124708332"
"chr3","159615710","159615878","chr6","13404877","13405046","20","146210833"
"chr3","159658146","159658350","chr7","94074486","94074684","34","65583660"
"chr3","159672931","159673246","chr15","34819804","34820125","36","124853127"
"chr3","159723226","159723525","chr15","34770489","34770789","27","124952737"
"chr3","159735238","159735528","chr2","25387692","25387986","40","134347546"
"chr3","159785247","159785565","chr9","53419832","53420134","49","106365415"
"chr3","159786567","159786881","chr4","74470631","74470942","38","85315936"
"chr3","159831727","159832057","chr15","34662558","34662887","34","125169169"
"chr3","159875396","159875704","chr15","34619519","34619837","38","125255877"
"chr3","159877955","159878255","chr15","34616945","34617259","43","125261010"
"chr3","159924412","159924720","chr20","105692436","105692747","40","54231976"
"chr3","160034342","160034651","chr15","34466077","34466383","27","125568265"
"chr3","160077861","160078141","chr2","12870568","12870851","35","147207293"
"chr3","160282174","160282381","chr16","24224315","24224522","34","136057859"
"chr3","160333052","160333316","chr21","110406003","110406267","37","49927049"
"chr3","160352143","160352425","chr23","68987067","68987349","37","91365076"
"chr3","160380885","160381201","chr15","34107620","34107931","30","126273265"
"chr3","160447280","160447596","chr12","77818334","77818645","39","82628946"
"chr3","160489437","160489732","chr6","15610642","15610939","32","144878795"
"chr3","160535961","160536243","chr15","33955135","33955436","35","126580826"
"chr3","160560842","160561146","chr20","102069946","102070249","29","58490896"
"chr3","160597879","160598176","chr15","33896626","33896922","29","126701253"
"chr3","160637881","160638178","chr15","33862689","33862978","28","126775192"
"chr3","160728108","160728409","chr21","117833441","117833743","32","42894667"
"chr3","160874723","160875048","chr6","27908470","27908794","50","132966253"
"chr3","160878266","160878558","chr2","23642928","23643221","36","137235338"
"chr3","160932370","160932676","chr5","43454472","43454773","49","117477898"
"chr3","160983236","160983540","chr2","47130150","47130450","35","113853086"
"chr3","161023861","161024174","chr10","117759701","117760018","52","43264160"
"chr3","161028713","161029002","chr15","33461931","33462204","32","127566782"
"chr3","161098524","161098830","chr15","33402124","33402413","34","127696400"
"chr3","161331217","161331452","chr26","19753085","19753324","50","141578132"
"chr3","161395090","161395397","chr12","106749153","106749457","40","54645937"
"chr3","161419105","161419400","chr20","101763696","101763994","42","59655409"
"chr3","161516317","161516612","chr1","117421479","117421771","38","44094838"
"chr3","161592138","161592394","chr15","32925032","32925288","22","128667106"
"chr3","161731346","161731658","chr15","32810557","32810869","37","128920789"
"chr3","161733941","161734237","chr15","32808053","32808363","35","128925888"
"chr3","161882621","161882932","chr12","9855924","9856236","40","152026697"
"chr3","161892466","161892763","chr15","32651028","32651326","27","129241438"
"chr3","162053124","162053432","chr15","32501310","32501615","33","129551814"
"chr3","162056452","162056765","chr15","32498118","32498429","36","129558334"
"chr3","162068610","162068848","chr9","24698558","24698780","45","137370052"
"chr3","162098511","162098828","chr1","18228314","18228624","43","143870197"
"chr3","162131961","162132268","chr20","119699062","119699372","40","42432899"
"chr3","162307839","162308105","chr12","8918270","8918541","33","153389569"
"chr3","162365608","162365904","chr15","32223843","32224157","40","130141765"
"chr3","162369984","162370279","chr5","22530212","22530512","40","139839772"
"chr3","162389241","162389535","chr3","78533305","78533598","34","83855936"
"chr3","162429945","162430252","chr25","78856788","78857085","30","83573157"
"chr3","162470912","162471211","chr6","671786","672089","32","161799126"
"chr3","162494042","162494334","chr15","32101974","32102267","27","130392068"
"chr3","162498308","162498617","chr15","53643506","53643815","34","108854802"
"chr3","162566839","162567144","chr15","32030700","32031003","30","130536139"
"chr3","162633857","162634151","chr15","31964731","31965032","38","130669126"
"chr3","162672331","162672623","chr1","121094988","121095279","29","41577343"
"chr3","162722573","162722855","chr15","31884538","31884803","34","130838035"
"chr3","162767540","162767843","chr15","31844753","31845055","25","130922787"
"chr3","162901381","162901692","chr15","31714832","31715136","35","131186549"
"chr3","162913820","162914117","chr15","31702462","31702766","36","131211358"
"chr3","163002882","163003180","chr26","2310598","2310893","25","160692284"
"chr3","163022186","163022482","chr15","31602439","31602735","31","131419747"
"chr3","163096082","163096384","chr15","31528723","31529023","36","131567359"
"chr3","163156788","163157111","chr7","85378550","85378870","44","77778238"
"chr3","163376227","163376527","chrX_KE148108v1_random","1049178","1049478","26","162327049"
"chr3","163449898","163450186","chr11","100482858","100483146","32","62967040"
"chr3","163487708","163488011","chr12","13941411","13941710","41","149546297"
"chr3","163494322","163494632","chr15","31157835","31158146","29","132336487"
"chr3","163508963","163509267","chr15","31142147","31142440","29","132366816"
"chr3","163515687","163515975","chr6","17650071","17650364","39","145865616"
"chr3","163516420","163516750","chr27","21581463","21581790","43","141934957"
"chr3","163546416","163546695","chr15","31105383","31105672","24","132441033"
"chr3","163546989","163547293","chr17","11351073","11351379","34","152195916"
"chr3","163579951","163580250","chr15","31071501","31071798","25","132508450"
"chr3","163617421","163617716","chr11","15370671","15370966","36","148246750"
"chr3","163619813","163620117","chr15","31031641","31031939","36","132588172"
"chr3","163624710","163625008","chr25","5925843","5926137","47","157698867"
"chr3","163653193","163653505","chr15","30998979","30999283","28","132654214"
"chr3","163690028","163690325","chr8","82121390","82121692","44","81568638"
"chr3","163741980","163742309","chr15","30913802","30914109","38","132828178"
"chr3","163765096","163765393","chr15","30893820","30894111","22","132871276"
"chr3","163773102","163773403","chr7","129741972","129742271","31","34031130"
"chr3","163774942","163775102","chr9","57624793","57624958","35","106150149"
"chr3","163811142","163811458","chr15","30850715","30851027","44","132960427"
"chr3","163814117","163814434","chr15","30850715","30851027","44","132963402"
"chr3","163818912","163819202","chr11","47789740","47790038","39","116029172"
"chr3","163825055","163825266","chr12","7989457","7989667","26","155835598"
"chr3","163852332","163852643","chr15","30809303","30809614","35","133043029"
"chr3","163854100","163854402","chr11","100271972","100272274","32","63582128"
"chr3","163886377","163886672","chr15","30735349","30735639","31","133151028"
"chr3","163911067","163911379","chr2","20225176","20225485","48","143685891"
"chr3","163918432","163918736","chr15","30692548","30692851","33","133225884"
"chr3","163985539","163985824","chr15","30629520","30629800","31","133356019"
"chr3","164013968","164014253","chr12","96936128","96936414","44","67077840"
"chr3","164030030","164030334","chr14","60517861","60518169","40","103512169"
"chr3","164037109","164037428","chr15","30577658","30577955","46","133459451"
"chr3","164050568","164050857","chr15","30560464","30560762","27","133490104"
"chr3","164118892","164119191","chr15","30505782","30506072","24","133613110"
"chr3","164129087","164129377","chr24","70855702","70855982","46","93273385"
"chr3","164132826","164133123","chr15","30495685","30495983","29","133637141"
"chr3","164133791","164134092","chr6","30393310","30393612","36","133740481"
"chr3","164167625","164167928","chr14","64622470","64622768","32","99545155"
"chr3","164178262","164178431","chr6","13476822","13476990","19","150701440"
"chr3","164228862","164229154","chr2","20386017","20386311","35","143842845"
"chr3","164233949","164234203","chr16","31906139","31906391","42","132327810"
"chr3","164239013","164239267","chr16","31906139","31906391","42","132332874"
"chr3","164270263","164270574","chr15","30355875","30356182","29","133914388"
"chr3","164271072","164271308","chr6","11557988","11558218","38","152713084"
"chr3","164275184","164275482","chr21","124655752","124656055","32","39619432"
"chr3","164296796","164297100","chr15","30330012","30330311","34","133966784"
"chr3","164361660","164361948","chr15","30266457","30266744","24","134095203"
"chr3","164516896","164517206","chr14","1231012","1231318","34","163285884"
"chr3","164525739","164526049","chr26","18344490","18344794","33","146181249"
"chr3","164553943","164554242","chr5","21152034","21152335","41","143401909"
"chr3","164569028","164569332","chr15","30071496","30071800","28","134497532"
"chr3","164595167","164595469","chr19","11625929","11626227","37","152969238"
"chr3","164647353","164647619","chr16","3178099","3178363","40","161469254"
"chr3","164784244","164784545","chr15","29860413","29860716","33","134923831"
"chr3","164815592","164815891","chr15","29841197","29841499","23","134974395"
"chr3","164908441","164908742","chr16","35202629","35202935","42","129705812"
"chr3","164914401","164914701","chr15","29735359","29735663","33","135179042"
"chr3","164957507","164957816","chr15","29670860","29671165","40","135286647"
"chr3","165043287","165043592","chr15","29585688","29585981","36","135457599"
"chr3","165055996","165056300","chr6","30393310","30393612","34","134662686"
"chr3","165209726","165209978","chr27","47121813","47122061","40","118087913"
"chr3","165214958","165215256","chr28","9677227","9677526","33","155537731"
"chr3","165316469","165316753","chr15","29284008","29284291","26","136032461"
"chr3","165371231","165371438","chr23","41306689","41306886","36","124064542"
"chr3","165381816","165382034","chr15","29217728","29217944","20","136164088"
"chr3","165578305","165578620","chr13","45171921","45172226","39","120406384"
"chr3","165701844","165702143","chr15","28911477","28911780","30","136790367"
"chr3","165845582","165845877","chr7","31246739","31247031","41","134598843"
"chr3","165895166","165895453","chr15","28708947","28709234","22","137186219"
"chr3","166076698","166076994","chr15","28533429","28533724","33","137543269"
"chr3","166091705","166092016","chr15","28515009","28515321","21","137576696"
"chr3","166180493","166180824","chrX","59936969","59937296","54","106243524"
"chr3","166195350","166195626","chr14","12937978","12938261","44","153257372"
"chr3","166243587","166243891","chr21","103180782","103181084","49","63062805"
"chr3","166398610","166398917","chr14","68432214","68432517","44","97966396"
"chr3","166516584","166516852","chr15","28116796","28117063","34","138399788"
"chr3","166525716","166525981","chr15","28107567","28107830","30","138418149"
"chr3","166541660","166541944","chr15","28098497","28098782","38","138443163"
"chr3","166775792","166776101","chr15","27836621","27836914","40","138939171"
"chr3","166855262","166855570","chr2","39182421","39182732","40","127672841"
"chr3","166920905","166921210","chr15","27707893","27708202","35","139213012"
"chr3","166977608","166977926","chr2","19131321","19131631","52","147846287"
"chr3","166979353","166979650","chr17","61431404","61431712","65","105547949"
"chr3","167118968","167119264","chr16","48605023","48605318","42","118513945"
"chr3","167128813","167129104","chr15","26259669","26259964","30","140869144"
"chr3","167140447","167140737","chr27","2579911","2580196","42","164560536"
"chr3","167252781","167253077","chr1","34311214","34311511","36","132941567"
"chr3","167308934","167309229","chr11","96978397","96978692","32","70330537"
"chr3","167323512","167323702","chr7","15845768","15845962","38","151477744"
"chr3","167514113","167514423","chr11","10699362","10699671","43","156814751"
"chr3","167727377","167727685","chr15","25632629","25632918","66","142094748"
"chr3","167789866","167790163","chr15","25581539","25581837","42","142208327"
"chr3","167828825","167829142","chr15","25542149","25542461","43","142286676"
"chr3","168079659","168079964","chr1","1606452","1606753","46","166473207"
"chr3","168215495","168215806","chr9","52123142","52123450","50","116092353"
"chr3","168241517","168241774","chr2","32589024","32589284","49","135652493"
"chr3","168364612","168364925","chr11","2853447","2853759","42","165511165"
"chr3","168406291","168406596","chr20","111352130","111352435","42","57054161"
"chr3","168425733","168426031","chr21","41953134","41953434","46","126472599"
"chr3","168478262","168478571","chr18","32657487","32657794","35","135820775"
"chr3","168719496","168719798","chr29","19796485","19796789","40","148923011"
"chr3","168739393","168739681","chr15","24623624","24623886","48","144115769"
"chr3","168777308","168777432","chr9","31457956","31458116","53","137319352"
"chr3","168794722","168794956","chr20","40465924","40466168","41","128328798"
"chr3","168852410","168852686","chr4","65539199","65539471","50","103313211"
"chr3","168855199","168855503","chr15","24511598","24511908","38","144343601"
"chr3","168906199","168906505","chr15","24459961","24460265","30","144446238"
"chr3","169089325","169089635","chr21","73499256","73499565","42","95590069"
"chr3","169142084","169142350","chrX","28963101","28963370","31","140178983"
"chr3","169157270","169157543","chr15","8279347","8279621","29","160877923"
"chr3","169363847","169364139","chr4","73403865","73404158","44","95959982"
"chr3","169411239","169411539","chr15","23958315","23958619","49","145452924"
"chr3","169423023","169423307","chr15","23946573","23946861","25","145476450"
"chr3","169474415","169474724","chr15","23891658","23891962","32","145582757"
"chr3","169518484","169518792","chr15","23832717","23833024","23","145685767"
"chr3","169644892","169645186","chr15","23704937","23705235","29","145939955"
"chr3","169696285","169696601","chr15","23658145","23658459","25","146038140"
"chr3","169723479","169723682","chr8","31606430","31606631","26","138117049"
"chr3","169726020","169726313","chr11","15370671","15370966","44","154355349"
"chr3","169743264","169743449","chrX","109104261","109104448","30","60639003"
"chr3","169844917","169845195","chr12","7902931","7903207","43","161941986"
"chr3","169935597","169935816","chr11","124263168","124263380","54","45672429"
"chr3","169947804","169948137","chr15","23408235","23408563","40","146539569"
"chr3","169964503","169964800","chr14","14473037","14473328","56","155491466"
"chr3","170096900","170097191","chrX","23963143","23963438","34","146133757"
"chr3","170410434","170410750","chr15","22866796","22867101","44","147543638"
"chr3","170585462","170585758","chr1","34311214","34311511","36","136274248"
"chr3","170592208","170592506","chr26","3436991","3437289","49","167155217"
"chr3","170651791","170652095","chr15","22638977","22639269","43","148012814"
"chr3","170788160","170788475","chr15","22470816","22471133","43","148317344"
"chr3","170885388","170885705","chr15","22360876","22361184","38","148524512"
"chr3","171237335","171237543","chr15","22013516","22013716","18","149223819"
"chr3","171258696","171259008","chr25","79993525","79993831","39","91265171"
"chr3","171272833","171273152","chr9","112689996","112690313","50","58582837"
"chr3","171288780","171289104","chr21","2661836","2662145","55","168626944"
"chr3","171424083","171424356","chr15","21819223","21819511","46","149604860"
"chr3","171461340","171461625","chr17","29647918","29648201","42","141813422"
"chr3","171471745","171472017","chr5","60403345","60403611","33","111068400"
"chr3","171540761","171541034","chr17","19620173","19620446","36","151920588"
"chr3","171542546","171542834","chr16","7145964","7146258","41","164396582"
"chr3","171592663","171592844","chr15","21657381","21657565","15","149935282"
"chr3","171603586","171603894","chr14","14997912","14998214","27","156605674"
"chr3","171687782","171687905","chr23","29623990","29624123","35","142063792"
"chr3","171695873","171696190","chr15","21556918","21557230","41","150138955"
"chr3","171750282","171750595","chr15","21502187","21502494","24","150248095"
"chr3","171846149","171846458","chr15","21411341","21411647","32","150434808"
"chr3","171860676","171860978","chr8","7114217","7114516","33","164746459"
"chr3","172111352","172111653","chr15","21135898","21136197","33","150975454"
"chr3","172176142","172176444","chr15","21069736","21070033","30","151106406"
"chr3","172196049","172196337","chr13","55071561","55071857","38","117124488"
"chr3","172203396","172203704","chr23","75121731","75122042","32","97081665"
"chr3","172320161","172320460","chr15","20919981","20920283","34","151400180"
"chr3","172458015","172458320","chr15","20784767","20785067","37","151673248"
"chr3","172656646","172656952","chr8","10801167","10801476","37","161855479"
"chr3","172849344","172849629","chr15","20374531","20374820","27","152474813"
"chr3","173029330","173029629","chr14","898286","898584","36","172131044"
"chr3","173043334","173043621","chr4","74759333","74759622","37","98284001"
"chr3","173125494","173125790","chr8","26524594","26524886","38","146600900"
"chr3","173142374","173142667","chr22","34399104","34399398","29","138743270"
"chr3","173235172","173235483","chr12","9855924","9856236","37","163379248"
"chr3","173320016","173320339","chr15","19907972","19908284","34","153412044"
"chr3","173438662","173438957","chr15","19779735","19780044","44","153658927"
"chr3","173563725","173563975","chr15","19656371","19656623","19","153907354"
"chr3","173574560","173574896","chr8","119946331","119946656","44","53628229"
"chr3","173589171","173589468","chrX","22852905","22853198","35","150736266"
"chr3","173600404","173600686","chr2","39175459","39175740","40","134424945"
"chr3","173623559","173623839","chr9","91200882","91201162","30","82422677"
"chr3","173627261","173627537","chr15","19596553","19596849","39","154030708"
"chr3","173632164","173632463","chr15","19590975","19591276","32","154041189"
"chr3","173638603","173638923","chr26","32611339","32611661","45","141027264"
"chr3","173649130","173649440","chr17","30116027","30116341","37","143533103"
"chr3","173652374","173652672","chr15","19571069","19571361","32","154081305"
"chr3","173656280","173656580","chr14","64622470","64622768","31","109033810"
"chr3","173666788","173667056","chr20","121758833","121759099","67","51907955"
"chr3","173667328","173667640","chr17","30116027","30116341","35","143551301"
"chr3","173685026","173685336","chr15","19539191","19539501","23","154145835"
"chr3","173687650","173687964","chr15","19536665","19536966","29","154150985"
"chr3","173697363","173697671","chr15","19526553","19526861","33","154170810"
"chr3","173720182","173720496","chr20","109420728","109421036","46","64299454"
"chr3","173798650","173798938","chr1","32350047","32350343","45","141448603"
"chr3","173800256","173800556","chr14","45207838","45208137","32","128592418"
"chr3","173810563","173810857","chr15","19411340","19411619","32","154399223"
"chr3","173829005","173829311","chr2","13853232","13853536","31","159975773"
"chr3","173840110","173840403","chr15","19382637","19382930","22","154457473"
"chr3","173847006","173847179","chr10","33376506","33376682","37","140470500"
"chr3","173859270","173859584","chr22","30814828","30815137","44","143044442"
"chr3","173877978","173878267","chr15","19349166","19349443","31","154528812"
"chr3","173882934","173883237","chr15","19340441","19340747","32","154542493"
"chr3","173889118","173889426","chr15","19333937","19334235","31","154555181"
"chr3","173900176","173900487","chr15","19322375","19322677","34","154577801"
"chr3","173904039","173904355","chr1","7019855","7020163","43","166884184"
"chr3","173917138","173917447","chr11","4422956","4423267","36","169494182"
"chr3","173933211","173933485","chr12","80534383","80534662","31","93398828"
"chr3","173953814","173954115","chr15","19269092","19269395","19","154684722"
"chr3","173956978","173957274","chr15","19265891","19266190","31","154691087"
"chr3","173961496","173961792","chr22","61283861","61284153","35","112677635"
"chr3","173968249","173968563","chr15","19254939","19255242","27","154713310"
"chr3","173983906","173984194","chr15","19239202","19239491","34","154744704"
"chr3","173988256","173988556","chr15","19235160","19235452","29","154753096"
"chr3","173991220","173991526","chr1","115972304","115972611","32","58018916"
"chr3","173993108","173993416","chr15","19230305","19230603","26","154762803"
"chr3","174011038","174011328","chr15","19208939","19209225","28","154802099"
"chr3","174011707","174012003","chr10","2560117","2560413","33","171451590"
"chr3","174016975","174017233","chr20","104611199","104611456","43","69405776"
"chr3","174025798","174026109","chr20","111352130","111352435","41","62673668"
"chr3","174032595","174032898","chr16","18043987","18044281","37","155988608"
"chr3","174037607","174037919","chr12","7117943","7118250","40","166919664"
"chr3","174055409","174055718","chr5","62633285","62633593","38","111422124"
"chr3","174063958","174064250","chr9","114952603","114952897","43","59111355"
"chr3","174065039","174065296","chr15","19169497","19169758","21","154895542"
"chr3","174068313","174068607","chr15","19165781","19166072","35","154902532"
"chr3","174072229","174072514","chr1","109702096","109702383","29","64370133"
"chr3","174083788","174084088","chr17","29965952","29966256","36","144117836"
"chr3","174093660","174093967","chr15","19137286","19137591","22","154956374"
"chr3","174100768","174101079","chr5","26410686","26410992","44","147690082"
"chr3","174114294","174114593","chr15","19121569","19121866","30","154992725"
"chr3","174126828","174127122","chr15","19110695","19111002","37","155016133"
"chr3","174129349","174129660","chr6","48846530","48846838","44","125282819"
"chr3","174148171","174148497","chr14","52223648","52223964","50","121924523"
"chr3","174164513","174164814","chr8","7114217","7114516","39","167050296"
"chr3","174168285","174168516","chr9","61704066","61704306","50","112464219"
"chr3","174170361","174170671","chr6","3906534","3906842","40","170263827"
"chr3","174198538","174198832","chr5","38258697","38258990","35","135939841"
"chr3","174213137","174213420","chr15","19038112","19038399","43","155175025"
"chr3","174214830","174215137","chr10","88760771","88761072","35","85454059"
"chr3","174216740","174217043","chr21","117833441","117833743","47","56383299"
"chr3","174217054","174217356","chr16","67395590","67395894","28","106821464"
"chr3","174238274","174238587","chr15","87465766","87466076","40","86772508"
"chr3","174238920","174239221","chr2","89856106","89856409","30","84382814"
"chr3","174242602","174242886","chr9","86219326","86219609","37","88023276"
"chr3","174242912","174243137","chr11","124263168","124263380","46","49979744"
"chr3","174246958","174247239","chr11","112643509","112643791","32","61603449"
"chr3","174265973","174266271","chrX","111141495","111141787","39","63124478"
"chr3","174282623","174282929","chr8","48698345","48698653","34","125584278"
"chr3","174286318","174286628","chr20_KE148049v1_random","803204","803511","34","173483114"
"chr3","174307467","174307762","chr11","96978397","96978692","25","77329070"
"chr3","174311072","174311368","chr6","33554432","33554729","29","140756640"
"chr3","174313447","174313734","chr1","31801449","31801735","44","142511998"
"chr3","174341127","174341425","chr19","26852137","26852431","38","147488990"
"chr3","174345055","174345266","chr11","124263168","124263380","45","50081887"
"chr3","174345634","174345936","chr4","76613038","76613348","39","97732596"
"chr3","174354721","174355027","chr15","18906276","18906582","34","155448445"
"chr3","174361363","174361674","chr15","18899637","18899952","28","155461726"
"chr3","174399227","174399533","chr11","120823381","120823688","32","53575846"
"chr3","174460260","174460437","chr15","18809349","18809525","17","155650911"
"chr3","174471963","174472270","chr2","20411746","20412057","40","154060217"
"chr3","174555350","174555620","chr15","18720613","18720881","18","155834737"
"chr3","174590402","174590709","chr15","18676306","18676612","25","155914096"
"chr3","174650947","174651226","chr15","18614651","18614925","38","156036296"
"chr3","174672275","174672578","chr25","25366335","25366637","35","149305940"
"chr3","174690149","174690449","chr15","18577094","18577402","34","156113055"
"chr3","174721780","174721973","chr15","90668363","90668553","28","84053417"
"chr3","174737017","174737172","chr6","49793263","49793414","28","124943754"
"chr3","174835225","174835508","chr15","18445079","18445349","39","156390146"
"chr3","175012073","175012345","chr21","21609396","21609678","44","153402677"
"chr3","175029386","175029698","chr20","102069946","102070249","38","72959440"
"chr3","175055832","175056149","chr15","18232505","18232836","39","156823327"
"chr3","175115085","175115396","chr1","48044641","48044945","34","127070444"
"chr3","175155006","175155309","chr15","18136275","18136581","31","157018731"
"chr3","175216010","175216318","chr15","18076965","18077274","33","157139045"
"chr3","175249150","175249457","chr15","18045469","18045768","33","157203681"
"chr3","175270465","175270772","chr15","18024365","18024663","31","157246100"
"chr3","175273348","175273606","chr15","18021511","18021784","32","157251837"
"chr3","175295412","175295586","chrX_KE148111v1_random","128290","128466","38","175167122"
"chr3","175309790","175310061","chr13","62158214","62158479","44","113151576"
"chr3","175386649","175386952","chr15","17921920","17922224","27","157464729"
"chr3","175407364","175407682","chr12","44671414","44671713","56","130735950"
"chr3","175442466","175442752","chr26","40457816","40458103","53","134984650"
"chr3","175492573","175492844","chr6","33025044","33025319","40","142467529"
"chr3","175514805","175515100","chr23","77125538","77125834","37","98389267"
"chr3","175552600","175552909","chr15","17763471","17763781","24","157789129"
"chr3","175570085","175570391","chr14","82794681","82794991","38","92775404"
"chr3","175618335","175618655","chr20","7785906","7786210","41","167832429"
"chr3","175652202","175652503","chr15","17665346","17665630","42","157986856"
"chr3","175763409","175763696","chr15","17545154","17545448","30","158218255"
"chr3","175774786","175775036","chr4","68033200","68033461","37","107741586"
"chr3","175800845","175801150","chr15","17504441","17504759","36","158296404"
"chr3","175812053","175812320","chr15","17493233","17493515","29","158318820"
"chr3","175838548","175838845","chr7","131848095","131848393","31","43990453"
"chr3","175843057","175843357","chr12","260610","260910","32","175582447"
"chr3","175866292","175866607","chr20","119699062","119699372","35","56167230"
"chr3","175868208","175868516","chr1","74922853","74923163","44","100945355"
"chr3","175870401","175870705","chr15","17438636","17438940","29","158431765"
"chr3","175874948","175875249","chr15","17433776","17434076","29","158441172"
"chr3","175883856","175884139","chr15","17424669","17424953","25","158459187"
"chr3","175895888","175896200","chr21","124655752","124656055","35","51240136"
"chr3","175920427","175920712","chr5","38451976","38452268","41","137468451"
"chr3","175966062","175966356","chr15","17344507","17344801","25","158621555"
"chr3","175969639","175969924","chr15","17340957","17341255","33","158628682"
"chr3","175974369","175974646","chr15","17336567","17336827","39","158637802"
"chr3","175983522","175983831","chr26","34202503","34202800","42","141781019"
"chr3","176010614","176010917","chr16","62764099","62764400","34","113246515"
"chr3","176057998","176058258","chr9","62510671","62510933","34","113547327"
"chr3","176093643","176093932","chr15","17217625","17217924","27","158876018"
"chr3","176099763","176100042","chr11","113630480","113630744","43","62469283"
"chr3","176147765","176148061","chr9","61066490","61066788","38","115081275"
"chr3","176158270","176158564","chr11","124110805","124111099","34","52047465"
"chr3","176168970","176169271","chr5","50489073","50489372","34","125679897"
"chr3","176179763","176180073","chr8","68803271","68803569","36","107376492"
"chr3","176183434","176183732","chr15","17120092","17120391","32","159063342"
"chr3","176192803","176193111","chr14","82794681","82794991","35","93398122"
"chr3","176211848","176212141","chr15","17091577","17091872","28","159120271"
"chr3","176230108","176230395","chr4","36036902","36037194","37","140193206"
"chr3","176248186","176248477","chr15","17055593","17055888","33","159192593"
"chr3","176278602","176278887","chr15","17022020","17022305","29","159256582"
"chr3","176283861","176284069","chr15","17016763","17016970","22","159267098"
"chr3","176312775","176313090","chr15","16986187","16986508","45","159326588"
"chr3","176364970","176365286","chr15","16932139","16932452","24","159432831"
"chr3","176367895","176368196","chr28","19188684","19188984","33","157179211"
"chr3","176371378","176371617","chr9","61704066","61704306","42","114667312"
"chr3","176386557","176386859","chr15","16906670","16906964","32","159479887"
"chr3","176394161","176394453","chr11","52407170","52407465","38","123986991"
"chr3","176456133","176456306","chr3","6526274","6526443","29","169929859"
"chr3","176456406","176456597","chr7","15845768","15845962","27","160610638"
"chr3","176476401","176476702","chr8","7114217","7114516","28","169362184"
"chr3","176491459","176491762","chr15","16788275","16788567","29","159703184"
"chr3","176506917","176507111","chr11","22053510","22053701","24","154453407"
"chr3","176508134","176508419","chr16","64451532","64451827","38","112056602"
"chr3","176520078","176520395","chr14","46171032","46171348","54","130349046"
"chr3","176537326","176537633","chr15","16738396","16738699","23","159798930"
"chr3","176542608","176542908","chr19","14691013","14691314","36","161851595"
"chr3","176547066","176547382","chr19","9514256","9514567","42","167032810"
"chr3","176570367","176570664","chr15","16706841","16707138","30","159863526"
"chr3","176578158","176578465","chr15","16699424","16699730","31","159878734"
"chr3","176609053","176609369","chr1","99507792","99508105","42","77101261"
"chr3","176635103","176635411","chr15","16641421","16641724","29","159993682"
"chr3","176705042","176705330","chr15","16569033","16569327","28","160136009"
"chr3","176718677","176718983","chr15","16555046","16555354","27","160163631"
"chr3","176772505","176772814","chr16","751426","751728","34","176021079"
"chr3","176805917","176806206","chr15","16466367","16466668","37","160339550"
"chr3","176903455","176903757","chr15","16372865","16373146","45","160530590"
"chr3","176906802","176907108","chr15","16369224","16369526","37","160537578"
"chr3","176964386","176964685","chr11","120526163","120526460","28","56438223"
"chr3","177206085","177206394","chr17","61431404","61431712","38","115774681"
"chr3","177317692","177318021","chr3","12309911","12310239","40","165007781"
"chr3","177375211","177375442","chr9","61704066","61704306","43","115671145"
"chr3","177433054","177433351","chr15","15859375","15859673","37","161573679"
"chr3","177632258","177632566","chr1","31497960","31498264","33","146134298"
"chr3","177649862","177650144","chr15","15639025","15639299","25","162010837"
"chr3","177713546","177713802","chr26","11247703","11247961","39","166465843"
"chr3","177845053","177845353","chr15","15442136","15442433","39","162402917"
"chr3","177858184","177858442","chr22","91933565","91933806","45","85924619"
"chr3","177868515","177868807","chrX","22852905","22853198","40","155015610"
"chr3","177873158","177873457","chr15","15413439","15413735","33","162459719"
"chr3","177910920","177911176","chr15","15376256","15376507","24","162534664"
"chr3","177952551","177952852","chr15","15328739","15329040","18","162623812"
"chr3","178098049","178098344","chr2","49014935","49015230","33","129083114"
"chr3","178118828","178119121","chr15","15173442","15173736","27","162945386"
"chr3","178307124","178307406","chr15","14973473","14973755","32","163333651"
"chr3","178314938","178315230","chr15","14965553","14965839","28","163349385"
"chr3","178339707","178340013","chr15","3539805","3540106","35","174799902"
"chr3","178357303","178357600","chr15","14914991","14915297","37","163442312"
"chr3","178357680","178357982","chr26","2668803","2669103","33","175688877"
"chr3","178389207","178389366","chr21","109488914","109489073","26","68900293"
"chr3","178394233","178394531","chr12","26084664","26084963","37","152309569"
"chr3","178688735","178688956","chr9","38773083","38773296","39","139915652"
"chr3","178815376","178815684","chr15","14424314","14424617","33","164391062"
"chr3","178880847","178881005","chr23","79838641","79838798","27","99042206"
"chr3","179005740","179006046","chr2","60500472","60500783","35","118505268"
"chr3","179055903","179056201","chr11","6429844","6430143","27","172626059"
"chr3","179076371","179076707","chr3","12309911","12310239","61","166766460"
"chr3","179127282","179127571","chr14","45404891","45405174","50","133722391"
"chr3","179194493","179194648","chr22","19770405","19770559","27","159424088"
"chr3","179280434","179280742","chr15","13987724","13988031","33","165292710"
"chr3","179343135","179343433","chr4","51442924","51443221","40","127900211"
"chr3","179381043","179381276","chr11","124263168","124263380","58","55117875"
"chr3","179500200","179500501","chr16","2349240","2349537","42","177150960"
"chr3","179556406","179556714","chr11","35682164","35682469","41","143874242"
"chr3","179627519","179627827","chr15","13638853","13639164","30","165988666"
"chr3","179642515","179642706","chr11","112651206","112651396","32","66991309"
"chr3","179780961","179781295","chr2","12483301","12483632","67","167297660"
"chr3","179911412","179911717","chr10","126526635","126526939","40","53384777"
"chr3","179986090","179986422","chr9","81426371","81426702","43","98559719"
"chr3","180097556","180097872","chr15","13198439","13198756","26","166899117"
"chr3","180175809","180176097","chr15","13114076","13114364","29","167061733"
"chr3","180348317","180348589","chr1","84046472","84046742","40","96301845"
"chr3","180359057","180359356","chr20","55245859","55246159","33","125113198"
"chr3","180624029","180624319","chr6","2602546","2602839","32","178021483"
"chr3","180714382","180714673","chr16","56938543","56938835","50","123775839"
"chr3","180775594","180775883","chr16","72619095","72619389","33","108156499"
"chr3","180841747","180842040","chr24","81524686","81524980","37","99317061"
"chr3","180929277","180929574","chr12","648597","648898","30","180280680"
"chr3","180930527","180930830","chr1","46403635","46403935","37","134526892"
"chr3","180937292","180937600","chr15","12446920","12447221","28","168490372"
"chr3","180944085","180944391","chr15","12442005","12442295","42","168502080"
"chr3","180987824","180988107","chr15","12392648","12392916","47","168595176"
"chr3","181005230","181005507","chr11","50631114","50631393","34","130374116"
"chr3","181023588","181023882","chr28","13771957","13772254","33","167251631"
"chr3","181052181","181052480","chr11","47438728","47439024","35","133613453"
"chr3","181056969","181057257","chr9","78245856","78246138","42","102811113"
"chr3","181066191","181066495","chr3","9026672","9026974","45","172039519"
"chr3","181111285","181111570","chrX","22428011","22428306","37","158683274"
"chr3","181116559","181116855","chr15","64630867","64631162","33","116485692"
"chr3","181138951","181139194","chr15","12246621","12246863","21","168892330"
"chr3","181142252","181142332","chr2","74847633","74847714","16","106294619"
"chr3","181142627","181142860","chr20","94688536","94688769","35","86454091"
"chr3","181145668","181145964","chr15","12231390","12231680","38","168914278"
"chr3","181167317","181167595","chr16","58402495","58402776","32","122764822"
"chr3","181176915","181177211","chr15","12204069","12204363","29","168972846"
"chr3","181188437","181188716","chr12","92705717","92706002","40","88482720"
"chr3","181191852","181192137","chr5","11459298","11459593","44","169732554"
"chr3","181194321","181194630","chr7","115282515","115282825","35","65911806"
"chr3","181197721","181198005","chr15","12187676","12187960","29","169010045"
"chr3","181203257","181203474","chr11","124263168","124263380","42","56940089"
"chr3","181204049","181204263","chr11","124263168","124263380","38","56940881"
"chr3","181235042","181235346","chr15","12151300","12151604","26","169083742"
"chr3","181246274","181246579","chr15","12142311","12142616","28","169103963"
"chr3","181273625","181273929","chr15","3904633","3904938","34","177368992"
"chr3","181289805","181290112","chr10","57370589","57370898","43","123919216"
"chr3","181290696","181291000","chr15","12100850","12101151","29","169189846"
"chr3","181292071","181292317","chr15","12099536","12099781","18","169192535"
"chr3","181308841","181309123","chr6","15677208","15677493","34","165631633"
"chr3","181317992","181318292","chr8","44941345","44941645","37","136376647"
"chr3","181328895","181329195","chr20","103936878","103937182","36","77392017"
"chr3","181347819","181348111","chr15","12046935","12047229","31","169300884"
"chr3","181362953","181363266","chr5","26410686","26410992","37","154952267"
"chr3","181370483","181370782","chr15","12023409","12023706","18","169347074"
"chr3","181387268","181387558","chr5","19825961","19826253","32","161561307"
"chr3","181393901","181394185","chr15","11999089","11999373","36","169394812"
"chr3","181416212","181416566","chr18","65968891","65969235","53","115447321"
"chr3","181439994","181440288","chr15","11956408","11956706","36","169483586"
"chr3","181513066","181513378","chr15","11882571","11882879","32","169630495"
"chr3","181520287","181520568","chr15","11875403","11875691","22","169644884"
"chr3","181522753","181523055","chr15","11872615","11872919","25","169650138"
"chr3","181530258","181530590","chr15","11865463","11865796","36","169664795"
"chr3","181545542","181545846","chr9","21222890","21223190","26","160322652"
"chr3","181579457","181579768","chr1","14106229","14106537","39","167473228"
"chr3","181580770","181581066","chr15","11815286","11815574","32","169765484"
"chr3","181638200","181638498","chr23","40264056","40264354","35","141374144"
"chr3","181673231","181673540","chr15","11734601","11734910","31","169938630"
"chr3","181820246","181820531","chr15","11584399","11584684","26","170235847"
"chr3","181841700","181842009","chr6","14044754","14045058","46","167796946"
"chr3","181901862","181902161","chr15","11503754","11504061","31","170398108"
"chr3","181928166","181928465","chr15","11476349","11476646","32","170451817"
"chr3","181943410","181943562","chr26","14831303","14831455","23","167112107"
"chr3","181951339","181951636","chr15","11454183","11454479","26","170497156"
"chr3","182020132","182020434","chr16","34901928","34902228","38","147118204"
"chr3","182119044","182119363","chr15","11285141","11285467","47","170833903"
"chr3","182272260","182272569","chr15","11136346","11136662","34","171135914"
"chr3","182383170","182383472","chr15","11014661","11014971","41","171368509"
"chr3","182399849","182400153","chr5","19268341","19268645","35","163131508"
"chr3","182541158","182541446","chr15","10852636","10852935","35","171688522"
"chr3","182582300","182582544","chr9","61704066","61704306","53","120878234"
"chr3","182625885","182626185","chr15","10769010","10769308","30","171856875"
"chr3","182841310","182841611","chr15","10563524","10563826","21","172277786"
"chr3","182864499","182864542","chr10","94808645","94808689","11","88055854"
"chr3","182864986","182865164","chr8","7488432","7488611","24","175376554"
"chr3","182867049","182867339","chr15","10541838","10542129","26","172325211"
"chr3","182981097","182981407","chr11","4422956","4423267","33","178558141"
"chr3","183021244","183021546","chr15","10386952","10387255","34","172634292"
"chr3","183028483","183028734","chr20","9798018","9798260","41","173230465"
"chr3","183036298","183036596","chr14","105714347","105714640","33","77321951"
"chr3","183047167","183047470","chr15","10366305","10366608","34","172680862"
"chr3","183048463","183048759","chr18","66180056","66180350","42","116868407"
"chr3","183106280","183106588","chr15","10306291","10306599","26","172799989"
"chr3","183135640","183135940","chr17","63924729","63925028","32","119210911"
"chr3","183165513","183165791","chr3","18729841","18730119","40","164435672"
"chr3","183204573","183204875","chr11","6429844","6430143","39","176774729"
"chr3","183208403","183208715","chr13","66568192","66568498","42","116640211"
"chr3","183210750","183211053","chr6","40061617","40061925","49","143149133"
"chr3","183213734","183214023","chr15","10198373","10198669","35","173015361"
"chr3","183222646","183222957","chr15","10190479","10190791","31","173032167"
"chr3","183231953","183232268","chr24","69937575","69937881","44","113294378"
"chr3","183249308","183249600","chr15","10146806","10147097","28","173102502"
"chr3","183250364","183250659","chr7","38167351","38167646","39","145083013"
"chr3","183260243","183260541","chr11","120526163","120526460","29","62734080"
"chr3","183283710","183284048","chr24","38105049","38105381","63","145178661"
"chr3","183301233","183301533","chr15","10094578","10094875","28","173206655"
"chr3","183307648","183307941","chr14","895906","896195","42","182411742"
"chr3","183336923","183337205","chr15","10061074","10061358","31","173275849"
"chr3","183364810","183365115","chr25","25629089","25629399","39","157735721"
"chr3","183399684","183399997","chr15","9990355","9990674","36","173409329"
"chr3","183445927","183446229","chr15","9944075","9944363","37","173501852"
"chr3","183462483","183462793","chr15","9923278","9923588","30","173539205"
"chr3","183510270","183510573","chr25","22686459","22686758","36","160823811"
"chr3","183511116","183511418","chr16","61063438","61063741","34","122447678"
"chr3","183511730","183512029","chr20","8934115","8934419","40","174577615"
"chr3","183530795","183531089","chr1","68742662","68742962","34","114788133"
"chr3","183536334","183536532","chr7","15845768","15845962","30","167690566"
"chr3","183542148","183542435","chr2","20077811","20078111","44","163464337"
"chr3","183552505","183552792","chr17","50434065","50434351","31","133118440"
"chr3","183582285","183582591","chr8","36218045","36218346","42","147364240"
"chr3","183583680","183583974","chr11","4422956","4423267","49","179160724"
"chr3","183591149","183591459","chr5","26410686","26410992","41","157180463"
"chr3","183603871","183604177","chr15","9762906","9763212","27","173840965"
"chr3","183607323","183607613","chr15","9758923","9759217","35","173848400"
"chr3","183613858","183614171","chr15","9752409","9752727","28","173861449"
"chr3","183617186","183617371","chr25","59142395","59142572","42","124474791"
"chr3","183619710","183620014","chr5","50489073","50489372","32","133130637"
"chr3","183624758","183625063","chr15","9741534","9741845","26","173883224"
"chr3","183630600","183630634","chr16","46093289","46093325","12","137537311"
"chr3","183630943","183631194","chr15","9735340","9735610","39","173895603"
"chr3","183636783","183637053","chr15","9729262","9729532","20","173907521"
"chr3","183654159","183654473","chr26","18019404","18019708","42","165634755"
"chr3","183669030","183669333","chr9","21222890","21223190","33","162446140"
"chr3","183671931","183672236","chr15","9694878","9695179","22","173977053"
"chr3","183723629","183723913","chr15","9644845","9645125","27","174078784"
"chr3","183766815","183767109","chr15","9603346","9603639","33","174163469"
"chr3","183771964","183772256","chrX","105749183","105749482","40","78022781"
"chr3","183776932","183777223","chr15","9593884","9594176","22","174183048"
"chr3","183829886","183830198","chr2","14523205","14523513","39","169306681"
"chr3","183944794","183945078","chr16","62431640","62431928","37","121513154"
"chr3","183952154","183952467","chr17","35065552","35065853","49","148886602"
"chr3","184056467","184056753","chr9","21610624","21610913","43","162445843"
"chr3","184087491","184087793","chr15","9288498","9288806","28","174798993"
"chr3","184143935","184144203","chr9","15237743","15238010","29","168906192"
"chr3","184201520","184201825","chr15","9165472","9165785","35","175036048"
"chr3","184378472","184378774","chr22","14588036","14588339","31","169790436"
"chr3","184540890","184541203","chr5","73915732","73916043","42","110625158"
"chr3","184628013","184628279","chr21","28443918","28444185","31","156184095"
"chr3","184629293","184629607","chr10","102223053","102223355","43","82406240"
"chr3","184722535","184722809","chr15","8650938","8651211","26","176071597"
"chr3","184725530","184725827","chr15","8647753","8648048","25","176077777"
"chr3","184731220","184731271","chr22","27162227","27162269","16","157568993"
"chr3","184731752","184731984","chr14","78599961","78600197","34","106131791"
"chr3","184796233","184796465","chr15","8577401","8577626","29","176218832"
"chr3","184797431","184797702","chr8","137229990","137230263","37","47567441"
"chr3","184798139","184798430","chr15","8575434","8575727","30","176222705"
"chr3","184804281","184804514","chr9","61704066","61704306","46","123100215"
"chr3","184816313","184816612","chr15","8556601","8556904","29","176259712"
"chr3","184824743","184825043","chr15","8548296","8548596","15","176276447"
"chr3","184845909","184846215","chr25","55482585","55482891","37","129363324"
"chr3","184846912","184847208","chr1","17699624","17699919","31","167147288"
"chr3","184848658","184848952","chr15","8521438","8521727","37","176327220"
"chr3","184849275","184849574","chr15","8520821","8521116","30","176328454"
"chr3","184852390","184852686","chr15","8517437","8517725","30","176334953"
"chr3","184855291","184855599","chr20","38061604","38061911","37","146793687"
"chr3","184856922","184857236","chr21","73499256","73499565","47","111357666"
"chr3","184859796","184860108","chr8","97695682","97695989","40","87164114"
"chr3","184861429","184861738","chr5","26410686","26410992","38","158450743"
"chr3","184864837","184865151","chr25","25629089","25629399","40","159235748"
"chr3","184875286","184875564","chr6","36089638","36089920","42","148785648"
"chr3","184880297","184880483","chr23","27956824","27957036","52","156923473"
"chr3","184882498","184882819","chr5","24815818","24816124","61","160066680"
"chr3","184891946","184892222","chr5","57862071","57862355","43","127029875"
"chr3","184908587","184908895","chr15","8462355","8462655","39","176446232"
"chr3","184915281","184915581","chr6","48217964","48218263","35","136697317"
"chr3","184915582","184915861","chr15","8456819","8457094","23","176458763"
"chr3","184978018","184978329","chr15","8391657","8391959","30","176586361"
"chr3","184980926","184981207","chr21","13953188","13953463","37","171027738"
"chr3","185081527","185081840","chr22","16974195","16974505","39","168107332"
"chr3","185090782","185091061","chr16","6324850","6325121","37","178765932"
"chr3","185096105","185096394","chrX","38341389","38341678","33","146754716"
"chr3","185101543","185101846","chr27","24858553","24858850","38","160242990"
"chr3","185133163","185133479","chr9","57402078","57402393","69","127731085"
"chr3","185164955","185165243","chr15","8195518","8195802","28","176969437"
"chr3","185241317","185241551","chr28","19627409","19627640","56","165613908"
"chr3","185257186","185257477","chr15","8114327","8114642","40","177142859"
"chr3","185500590","185500884","chr7","119676922","119677217","35","65823668"
"chr3","185636279","185636531","chr9","44980829","44981096","43","140655450"
"chr3","185663030","185663369","chr19","20567682","20568015","56","165095348"
"chr3","185666160","185666456","chr15","7712922","7713207","30","177953238"
"chr3","185671565","185671858","chr1","92470778","92471071","34","93200787"
"chr3","185673714","185674021","chr15","7707289","7707589","22","177966425"
"chr3","185801150","185801442","chr15","7581896","7582189","44","178219254"
"chr3","185803450","185803746","chr15","7579597","7579897","25","178223853"
"chr3","185806465","185806777","chr15","7578586","7578904","34","178227879"
"chr3","185818893","185819187","chr22","5955596","5955889","30","179863297"
"chr3","185819636","185819928","chr11","117734119","117734423","43","68085517"
"chr3","185819991","185820276","chr20","9655355","9655643","43","176164636"
"chr3","185826403","185826687","chr15","7565010","7565300","33","178261393"
"chr3","185849784","185850087","chr14","37319718","37320020","42","148530066"
"chr3","185882719","185882963","chr6","48316385","48316620","44","137566334"
"chr3","185888185","185888484","chrX","41831351","41831650","37","144056834"
"chr3","185890114","185890422","chr15","7503230","7503540","22","178386884"
"chr3","185947065","185947356","chr15","7444306","7444598","22","178502759"
"chr3","185953215","185953501","chr26","13986634","13986921","35","171966581"
"chr3","185959321","185959629","chr11","115460026","115460331","45","70499295"
"chr3","186247949","186248254","chr15","7150255","7150563","30","179097694"
"chr3","186266800","186267087","chr15","7131684","7131966","32","179135116"
"chr3","186287455","186287748","chr15","7111376","7111666","46","179176079"
"chr3","186398337","186398632","chr5","38258697","38258990","29","148139640"
"chr3","186407695","186407993","chr11","120526163","120526460","36","65881532"
"chr3","186591797","186592098","chr15","6810678","6810985","28","179781119"
"chr3","186617486","186617775","chr15","6784968","6785257","29","179832518"
"chr3","186672002","186672313","chr23","81704135","81704446","36","104967867"
"chr3","186710726","186711003","chr2","38966107","38966381","45","147744619"
"chr3","186714408","186714709","chr23","75121731","75122042","36","111592677"
"chr3","186732525","186732835","chr28","19188684","19188984","37","167543841"
"chr3","186741133","186741431","chr12","13941411","13941710","29","172799722"
"chr3","186753259","186753547","chr15","6667668","6667953","34","180085591"
"chr3","186758313","186758615","chr11","125459456","125459759","39","61298857"
"chr3","186781079","186781356","chr21","54333687","54333969","42","132447392"
"chr3","186783750","186784040","chr15","6636982","6637257","31","180146768"
"chr3","186790274","186790569","chr15","6630271","6630550","39","180160003"
"chr3","186802534","186802844","chr15","6620182","6620490","24","180182352"
"chr3","186817091","186817374","chr15","6608347","6608613","28","180208744"
"chr3","186859035","186859341","chrX","115053045","115053352","33","71805990"
"chr3","186907558","186907858","chr9","84316862","84317161","39","102590696"
"chr3","186913574","186913878","chr15","6512174","6512471","25","180401400"
"chr3","186958597","186958897","chr15","6465328","6465627","24","180493269"
"chr3","186987717","186988003","chr15","6436581","6436873","41","180551136"
"chr3","186997048","186997349","chr9","117493392","117493690","40","69503656"
"chr3","186997415","186997718","chr15","6427253","6427564","22","180570162"
"chr3","187020671","187020977","chr20","102069946","102070249","33","84950725"
"chr3","187055292","187055576","chr15","6371593","6371893","42","180683699"
"chr3","187063783","187064089","chr8","52693668","52693972","34","134370115"
"chr3","187064338","187064532","chr7","15845768","15845962","34","171218570"
"chr3","187088383","187088668","chr15","6339848","6340128","28","180748535"
"chr3","187104357","187104665","chr8","10801167","10801476","29","176303190"
"chr3","187116714","187117021","chr3","91403567","91403877","41","95713147"
"chr3","187121822","187122118","chr15","6308551","6308845","29","180813271"
"chr3","187130436","187130732","chr15","6288753","6289048","26","180841683"
"chr3","187147446","187147758","chr19","13805333","13805644","42","173342113"
"chr3","187150098","187150407","chr15","6269723","6270031","28","180880375"
"chr3","187157355","187157560","chr23","41306689","41306886","36","145850666"
"chr3","187164383","187164686","chr21","124655752","124656055","28","62508631"
"chr3","187170913","187171220","chr21","45458189","45458495","31","141712724"
"chr3","187179983","187180292","chr24","69273551","69273855","37","117906432"
"chr3","187185030","187185308","chr2","20195692","20195968","34","166989338"
"chr3","187185768","187186077","chr20","119699062","119699372","37","67486706"
"chr3","187241880","187242176","chr15","6180601","6180894","25","181061279"
"chr3","187297283","187297444","chr21","109488914","109489073","19","77808369"
"chr3","187298368","187298651","chr15","6127141","6127440","34","181171227"
"chr3","187303978","187304279","chr9","51469130","51469430","31","135834848"
"chr3","187304880","187305175","chrX","8693862","8694157","37","178611018"
"chr3","187310032","187310336","chr9","21222890","21223190","35","166087142"
"chr3","187316198","187316434","chr15","6109458","6109693","20","181206740"
"chr3","187321257","187321558","chr15","6104185","6104496","27","181217072"
"chr3","187325002","187325308","chr20","110792876","110793177","42","76532126"
"chr3","187337646","187337957","chr5","59743438","59743749","32","127594208"
"chr3","187357877","187358170","chr15","64630867","64631162","28","122727010"
"chr3","187358566","187358870","chr15","6069062","6069372","25","181289504"
"chr3","187364666","187364960","chr5","11459298","11459593","37","175905368"
"chr3","187390593","187390802","chr22","13779973","13780191","35","173610620"
"chr3","187409754","187410058","chr1","21629879","21630184","32","165779875"
"chr3","187425072","187425370","chr15","5999233","5999533","38","181425839"
"chr3","187431626","187431937","chr15","5992222","5992526","35","181439404"
"chr3","187434381","187434669","chrUn_KE147541v1","121663","121948","32","187312718"
"chr3","187437262","187437557","chr15","5986205","5986501","25","181451057"
"chr3","187453030","187453314","chr5","22443163","22443447","31","165009867"
"chr3","187475227","187475527","chr13","66725191","66725490","31","120750036"
"chr3","187492279","187492485","chr15","5934231","5934435","21","181558048"
"chr3","187493153","187493392","chr15","5933322","5933564","28","181559831"
"chr3","187496913","187497217","chr15","5929799","5930099","37","181567114"
"chr3","187500620","187500928","chrX","111267892","111268202","42","76232728"
"chr3","187507486","187507803","chr8","10801167","10801476","44","176706319"
"chr3","187522546","187522859","chr15","5904513","5904818","27","181618033"
"chr3","187544813","187545110","chrX","22428011","22428306","29","165116802"
"chr3","187546876","187547178","chr15","5879577","5879878","23","181667299"
"chr3","187553959","187554261","chr15","5872220","5872512","32","181681739"
"chr3","187582481","187582792","chr29","21940583","21940891","41","165641898"
"chr3","187587688","187588007","chr15","5835201","5835524","28","181752487"
"chr3","187597735","187598041","chr12","46549426","46549730","37","141048309"
"chr3","187655313","187655609","chr1","117421479","117421771","30","70233834"
"chr3","187660179","187660488","chr15","5777836","5778141","16","181882343"
"chr3","187680689","187680985","chr15","5757376","5757669","24","181923313"
"chr3","187684899","187685163","chr5","60403345","60403611","33","127281554"
"chr3","187733176","187733466","chr15","5709121","5709417","27","182024055"
"chr3","187745435","187745733","chr4","35644646","35644957","40","152100789"
"chr3","187752155","187752440","chr25","81833593","81833877","37","105918562"
"chr3","187767568","187767877","chr15","16738396","16738699","47","171029172"
"chr3","187770755","187771062","chr15","5672970","5673270","30","182097785"
"chr3","187779469","187779774","chr15","5663883","5664182","29","182115586"
"chr3","187806407","187806614","chr11","124263168","124263380","41","63543239"
"chr3","187819600","187819877","chr15","5626520","5626790","28","182193080"
"chr3","187842080","187842358","chr15","5604329","5604607","32","182237751"
"chr3","187863256","187863574","chr2","14523205","14523513","45","173340051"
"chr3","187864071","187864326","chr13","62158214","62158479","43","125705857"
"chr3","187872251","187872508","chr6","8943890","8944140","38","178928361"
"chr3","187884230","187884456","chr15","5565455","5565682","27","182318775"
"chr3","187898385","187898678","chr8","66546850","66547146","38","121351535"
"chr3","187903754","187904016","chr16","3178099","3178363","36","184725655"
"chr3","187904475","187904782","chr28","15638743","15639049","33","172265732"
"chr3","187905379","187905684","chr15","5545143","5545443","38","182360236"
"chr3","187909050","187909369","chr6","36951476","36951790","52","150957574"
"chr3","187912913","187913205","chr7","111567460","111567746","33","76345453"
"chr3","187915465","187915749","chr14","46309257","46309544","32","141606208"
"chr3","187921416","187921720","chr25","78856788","78857085","40","109064628"
"chr3","187950248","187950439","chr15","5505700","5505894","23","182444548"
"chr3","187960635","187960967","chr2","12483301","12483632","45","175477334"
"chr3","187964389","187964695","chr20","102069946","102070249","38","85894443"
"chr3","187968810","187969111","chr15","5488398","5488697","26","182480412"
"chr3","187970866","187971165","chr26","43663051","43663349","38","144307815"
"chr3","187985906","187986211","chr12","260610","260910","28","187725296"
"chr3","187991113","187991413","chr22","19640254","19640549","45","168350859"
"chr3","188024704","188024940","chr15","5433189","5433420","23","182591515"
"chr3","188043635","188043939","chr15","5414330","5414634","30","182629305"
"chr3","188044268","188044558","chrX","86593634","86593924","33","101450634"
"chr3","188049095","188049389","chr1","125148379","125148673","36","62900716"
"chr3","188061449","188061754","chr15","5394011","5394316","36","182667438"
"chr3","188063679","188063989","chr15","5392346","5392656","30","182671333"
"chr3","188065767","188066077","chr13","38092543","38092846","44","149973224"
"chr3","188073914","188074225","chr15","5381403","5381712","20","182692511"
"chr3","188094342","188094648","chr28","9471403","9471706","43","178622939"
"chr3","188095571","188095880","chr12","44931515","44931822","33","143164056"
"chr3","188104580","188104867","chr22","8146738","8147025","35","179957842"
"chr3","188115276","188115582","chr24","41388849","41389156","38","146726427"
"chr3","188121109","188121339","chr11","124263168","124263380","49","63857941"
"chr3","188132066","188132369","chr15","5319671","5319982","30","182812395"
"chr3","188142144","188142480","chr10","91646871","91647182","67","96495273"
"chr3","188144798","188145098","chr15","5309986","5310291","30","182834812"
"chr3","188148813","188149122","chr15","5305990","5306301","34","182842823"
"chr3","188152304","188152610","chr21","28802128","28802436","33","159350176"
"chr3","188154898","188155208","chr15","5298777","5299083","25","182856121"
"chr3","188170444","188170749","chr20","125069794","125070098","37","63100650"
"chr3","188176952","188177231","chr10","60031524","60031800","40","128145428"
"chr3","188182663","188182967","chr11","2853447","2853759","36","185329216"
"chr3","188222918","188223222","chr15","5234103","5234405","40","182988815"
"chr3","188228078","188228377","chr11","47789740","47790038","33","140438338"
"chr3","188231780","188231940","chr4","42236418","42236581","22","145995362"
"chr3","188244786","188245079","chr9","23980081","23980379","38","164264705"
"chr3","188247630","188247926","chr15","5212370","5212668","26","183035260"
"chr3","188255426","188255727","chr15","5203890","5204182","37","183051536"
"chr3","188256691","188256980","chr20","76020646","76020949","47","112236045"
"chr3","188257891","188258209","chr9","90315010","90315316","45","97942881"
"chr3","188279732","188280034","chr15","5177381","5177691","26","183102351"
"chr3","188285509","188285819","chr1","108225668","108225977","38","80059841"
"chr3","188286517","188286817","chr12","45453278","45453578","30","142833239"
"chr3","188299745","188299992","chrX","127485808","127486055","32","60813937"
"chr3","188304964","188305258","chr15","5153093","5153388","24","183151871"
"chr3","188313009","188313320","chr1","4114686","4114997","29","184198323"
"chr3","188314691","188315002","chr15","5143529","5143839","23","183171162"
"chr3","188332464","188332768","chr25","71792921","71793226","40","116539543"
"chr3","188379709","188380021","chr15","5080398","5080708","38","183299311"
"chr3","188403961","188404169","chr4","60377559","60377772","25","128026402"
"chr3","188438215","188438493","chr9","96374924","96375206","43","92063291"
"chr3","188439447","188439753","chr15","5019344","5019645","26","183420103"
"chr3","188455543","188455845","chr9","117230098","117230400","35","71225445"
"chr3","188462438","188462744","chr5","26410686","26410992","34","162051752"
"chr3","188468308","188468605","chr11","6429844","6430143","35","182038464"
"chr3","188481627","188481927","chr10","124515532","124515831","33","63966095"
"chr3","188494111","188494428","chr5","26410686","26410992","38","162083425"
"chr3","188516076","188516366","chr15","4942661","4942952","32","183573415"
"chr3","188518169","188518487","chr6","24285828","24286141","44","164232341"
"chr3","188525130","188525414","chr6","12275964","12276244","39","176249166"
"chr3","188544865","188545166","chr15","4912917","4913227","32","183631948"
"chr3","188561262","188561561","chr26","53553125","53553420","38","135008137"
"chr3","188574363","188574667","chr15","4884197","4884500","25","183690166"
"chr3","188596642","188596946","chr2","87753173","87753470","37","100843469"
"chr3","188601909","188602190","chr15","4860283","4860582","43","183741626"
"chr3","188635197","188635496","chr12","80083509","80083803","41","108551688"
"chr3","188663389","188663673","chr15","4798979","4799265","28","183864410"
"chr3","188664064","188664365","chr15","4798291","4798589","31","183865773"
"chr3","188665266","188665576","chr23","75121731","75122042","38","113543535"
"chr3","188681833","188682126","chr24","67839479","67839776","33","120842354"
"chr3","188697214","188697537","chr15","4766695","4767003","35","183930519"
"chr3","188728392","188728685","chr10","124515532","124515831","29","64212860"
"chr3","188733799","188734052","chr9","61704066","61704306","44","127029733"
"chr3","188761927","188762251","chr3","76910391","76910692","51","111851536"
"chr3","188774842","188775141","chr2","39182421","39182732","52","149592421"
"chr3","188799813","188800095","chr15","4665718","4666018","35","184134095"
"chr3","188801395","188801712","chr22","30814828","30815137","38","157986567"
"chr3","188805781","188805979","chr23","41306689","41306886","30","147499092"
"chr3","188809407","188809650","chr15","4656381","4656630","36","184153026"
"chr3","188811462","188811766","chr10","64003857","64004159","34","124807605"
"chr3","188815532","188815836","chr8","96283938","96284242","40","92531594"
"chr3","188821394","188821700","chr28","19866437","19866742","34","168954957"
"chr3","188829895","188830197","chr18","16191917","16192218","36","172637978"
"chr3","188839941","188840231","chr6","33908236","33908526","41","154931705"
"chr3","188873491","188873806","chr15","4590205","4590519","28","184283286"
"chr3","188885786","188886108","chr10","24331092","24331413","42","164554694"
"chr3","188893166","188893480","chr15","4570901","4571200","29","184322265"
"chr3","188910927","188911221","chr15","4552411","4552709","14","184358516"
"chr3","188966409","188966707","chr12","14360098","14360391","41","174606311"
"chr3","189014635","189014937","chr8","9993389","9993689","37","179021246"
"chr3","189076078","189076383","chr10","110661024","110661327","35","78415054"
"chr3","189110702","189110991","chr20","130320933","130321221","46","58789769"
"chr3","189112665","189112935","chr17","41673953","41674215","53","147438712"
"chr3","189113384","189113659","chr5","17723365","17723640","33","171390019"
"chr3","189137870","189138045","chr16","53256115","53256293","27","135881755"
"chr3","189138175","189138305","chr19","20902979","20903111","12","168235196"
"chr3","189244958","189245271","chr15","4220726","4221036","24","185024232"
"chr3","189265875","189266186","chr23","75121731","75122042","34","114144144"
"chr3","189276162","189276441","chr15","4187468","4187751","23","185088694"
"chr3","189307199","189307489","chr15","4157982","4158283","38","185149217"
"chr3","189313123","189313358","chr9","61704066","61704306","42","127609057"
"chr3","189339203","189339495","chr15","4128839","4129138","33","185210364"
"chr3","189340285","189340586","chr20","102069946","102070249","37","87270339"
"chr3","189347013","189347308","chr11","108971589","108971890","47","80375424"
"chr3","189347320","189347628","chr2","35984887","35985192","35","153362433"
"chr3","189369131","189369428","chr7","94326517","94326814","26","95042614"
"chr3","189376487","189376787","chr1","93289543","93289844","43","96086944"
"chr3","189377227","189377406","chr7","15845768","15845962","36","173531459"
"chr3","189387923","189388209","chr15","4083990","4084275","25","185303933"
"chr3","189435249","189435540","chr15","4041837","4042130","21","185393412"
"chr3","189442485","189442794","chr15","4043347","4043649","35","185399138"
"chr3","189453635","189453939","chr15","4023111","4023404","30","185430524"
"chr3","189459724","189460018","chr13","79168479","79168776","36","110291245"
"chr3","189470567","189470879","chr15","4007646","4007940","37","185462921"
"chr3","189486121","189486411","chr25","73417523","73417816","30","116068598"
"chr3","189491157","189491453","chr15","3987513","3987816","29","185503644"
"chr3","189493468","189493791","chr9","81426371","81426702","41","108067097"
"chr3","189567701","189568012","chr15","3904633","3904938","32","185663068"
"chr3","189578141","189578424","chr20_KE148049v1_random","1182717","1183000","32","188395424"
"chr3","189583544","189583854","chr2","12466777","12467082","34","177116767"
"chr3","189584835","189585132","chr15","3886648","3886939","22","185698187"
"chr3","189587385","189587688","chr2","16817283","16817584","34","172770102"
"chr3","189615399","189615673","chr15","3856857","3857137","33","185758542"
"chr3","189618168","189618491","chr14","75164619","75164925","52","114453549"
"chr3","189620718","189621000","chr12","37814722","37815005","37","151805996"
"chr3","189632654","189632953","chr10","102791067","102791365","26","86841587"
"chr3","189641482","189641787","chr15","3844887","3845192","30","185796595"
"chr3","189663661","189663948","chr15","3812650","3812948","27","185851011"
"chr3","189672539","189672745","chr7","19308428","19308655","91","170364111"
"chr3","189677991","189678299","chr15","3800078","3800379","28","185877913"
"chr3","189682820","189683125","chr17","1769259","1769563","33","187913561"
"chr3","189694419","189694697","chr15","3784037","3784349","46","185910382"
"chr3","189696867","189697167","chr15","3781727","3782026","22","185915140"
"chr3","189701111","189701412","chr8","7114217","7114516","35","182586894"
"chr3","189703097","189703395","chr15","3775515","3775807","37","185927582"
"chr3","189704284","189704577","chr15","3775172","3775468","29","185929112"
"chr3","189725530","189725825","chr21","76115410","76115703","34","113610120"
"chr3","189738927","189739234","chr15","3740631","3740942","31","185998296"
"chr3","189740481","189740637","chr15","3739191","3739352","20","186001290"
"chr3","189752274","189752582","chr15","3726467","3726776","26","186025807"
"chr3","189755545","189755842","chr20","77903993","77904291","29","111851552"
"chr3","189763047","189763343","chr11","15370671","15370966","45","174392376"
"chr3","189768779","189769088","chr23","75121731","75122042","29","114647048"
"chr3","189777039","189777335","chr11","120526163","120526460","33","69250876"
"chr3","189784111","189784408","chr15","3695786","3696078","26","186088325"
"chr3","189786428","189786722","chr16","3355563","3355857","39","186430865"
"chr3","189804132","189804445","chr23","60624074","60624391","47","129180058"
"chr3","189816592","189816910","chr21","103180782","103181084","52","86635810"
"chr3","189829315","189829607","chr12","25234898","25235188","41","164594417"
"chr3","189831582","189831880","chr15","3645230","3645531","35","186186352"
"chr3","189845257","189845557","chr15","3629203","3629505","27","186216054"
"chr3","189852658","189852966","chr21","123174857","123175170","35","66677801"
"chr3","189886452","189886723","chr7","111433137","111433404","45","78453315"
"chr3","189887411","189887443","chr16","46093289","46093325","11","143794122"
"chr3","189887655","189887943","chr15","3584015","3584318","57","186303640"
"chr3","189892600","189892896","chr10","102791067","102791365","29","87101533"
"chr3","189898127","189898408","chr12","7902931","7903207","41","181995196"
"chr3","189898946","189899251","chr15","3572640","3572945","17","186326306"
"chr3","189899555","189899861","chr15","3572028","3572334","29","186327527"
"chr3","189901737","189902045","chr16","48329755","48330064","40","141571982"
"chr3","189909953","189910268","chr14","82794681","82794991","33","107115272"
"chr3","189911392","189911684","chr15","3559802","3560090","21","186351590"
"chr3","189926319","189926616","chr15","3545903","3546206","33","186380416"
"chr3","189930356","189930656","chr27","24858553","24858850","35","165071803"
"chr3","189931523","189931820","chr21","124978000","124978300","39","64953523"
"chr3","189932763","189933039","chr13","46434144","46434420","41","143498619"
"chr3","189936117","189936406","chr15","90536879","90537170","28","99399238"
"chr3","189945337","189945648","chr15","3529105","3529407","36","186416232"
"chr3","189981707","189982003","chr15","3492106","3492395","46","186489601"
"chr3","189984537","189984845","chr15","3489126","3489431","26","186495411"
"chr3","189989368","189989689","chr15","3485304","3485619","33","186504064"
"chr3","189995348","189995655","chr1","99186458","99186762","40","90808890"
"chr3","190006711","190007012","chrX","80468072","80468375","35","109538639"
"chr3","190009400","190009702","chr2","5914047","5914349","33","184095353"
"chr3","190011793","190012068","chr15","3466882","3467158","29","186544911"
"chr3","190017626","190017924","chr15","3461672","3461971","28","186555954"
"chr3","190018909","190019191","chrX","8424378","8424660","31","181594531"
"chr3","190025289","190025589","chr15","3453882","3454184","25","186571407"
"chr3","190030529","190030833","chr25","25629089","25629399","38","164401440"
"chr3","190032668","190032980","chr10","44028544","44028854","41","146004124"
"chr3","190036477","190036780","chr15","3442333","3442627","33","186594144"
"chr3","190046950","190047185","chr9","61704066","61704306","39","128342884"
"chr3","190053845","190054139","chr15","3426898","3427195","22","186626947"
"chr3","190067988","190068246","chr15","3411404","3411671","34","186656584"
"chr3","190068978","190069266","chr15","3410332","3410631","34","186658646"
"chr3","190071886","190072161","chr15","3407513","3407791","28","186664373"
"chr3","190077486","190077783","chr20","12414463","12414757","30","177663023"
"chr3","190082574","190082864","chr2","79940815","79941102","43","110141759"
"chr3","190104257","190104555","chr15","3368893","3369191","20","186735364"
"chr3","190109933","190110223","chr15","3363237","3363528","21","186746696"
"chr3","190123023","190123290","chr15","3350324","3350596","22","186772699"
"chr3","190156520","190156826","chr27","47174935","47175234","38","142981585"
"chr3","190170152","190170446","chr11","123915622","123915916","36","66254530"
"chr3","190204084","190204365","chrUn_KE147541v1","590048","590329","38","189614036"
"chr3","190206648","190206961","chr2","20411746","20412057","42","169794902"
"chr3","190220878","190221186","chr14","81365313","81365621","33","108855565"
"chr3","190224188","190224477","chr15","3251266","3251568","34","186972922"
"chr3","190241753","190242039","chr12","32547739","32548027","31","157694014"
"chr3","190247744","190248034","chr21","36750514","36750804","32","153497230"
"chr3","190249066","190249370","chr17","1769259","1769563","29","188479807"
"chr3","190258343","190258646","chr15","3217498","3217800","22","187040845"
"chr3","190264405","190264715","chr15","3213846","3214150","33","187050559"
"chr3","190270444","190270734","chr15","3207809","3208099","22","187062635"
"chr3","190277975","190278238","chrX","17900269","17900530","43","172377706"
"chr3","190284528","190284823","chrX","21614638","21614927","29","168669890"
"chr3","190295786","190296084","chr15","3182605","3182903","32","187113181"
"chr3","190299666","190299965","chr15","3178714","3179019","31","187120952"
"chr3","190301231","190301527","chr15","64630867","64631162","31","125670364"
"chr3","190305819","190306114","chr16","45636697","45636993","31","144669122"
"chr3","190319512","190319823","chr15","3158851","3159151","38","187160661"
"chr3","190321854","190322152","chr5","57816765","57817061","28","132505089"
"chr3","190337674","190337945","chr15","3140086","3140356","33","187197588"
"chr3","190347679","190347992","chr15","3130119","3130432","26","187217560"
"chr3","190369734","190370037","chr15","3109017","3109324","23","187260717"
"chr3","190383841","190384155","chr15","53643506","53643815","37","136740335"
"chr3","190403335","190403637","chr15","3076477","3076778","25","187326858"
"chr3","190474242","190474547","chr15","3011479","3011777","40","187462763"
"chr3","190475987","190476292","chr15","3011479","3011777","40","187464508"
"chr3","190481913","190482201","chr15","3005971","3006247","36","187475942"
"chr3","190488528","190488828","chr15","3000459","3000763","32","187488069"
"chr3","190512469","190512778","chr15","2978446","2978754","31","187534023"
"chr3","190513337","190513642","chr19","8520882","8521187","37","181992455"
"chr3","190546594","190546899","chr15","2944786","2945101","37","187601808"
"chr3","190555731","190556048","chr15","2932789","2933096","41","187622942"
"chr3","190577759","190578063","chr15","2911131","2911446","34","187666628"
"chr3","190610297","190610599","chr25","44372267","44372570","39","146238030"
"chr3","190626382","190626690","chr10","87560941","87561244","36","103065441"
"chr3","190627554","190627853","chr6","41738554","41738850","32","148889000"
"chr3","190630889","190631211","chr15","2859255","2859566","39","187771634"
"chr3","190655165","190655399","chr9","61704066","61704306","48","128951099"
"chr3","190663904","190664197","chr6","13473280","13473574","34","177190624"
"chr3","190710960","190711271","chr15","2776283","2776588","30","187934677"
"chr3","190719168","190719484","chr15","2768018","2768321","43","187951150"
"chr3","190769942","190770215","chr15","80990517","80990781","32","109779425"
"chr3","190775706","190776011","chr23","36888077","36888376","42","153887629"
"chr3","190781131","190781428","chr19","24579651","24579945","45","166201480"
"chr3","190792590","190792906","chr15","81010726","81011030","44","109781864"
"chr3","190793878","190794183","chr15","81012004","81012309","28","109781874"
"chr3","190794965","190795260","chr2","20386017","20386311","40","170408948"
"chr3","190804400","190804706","chr15","81022295","81022601","47","109782105"
"chr3","190812581","190812894","chr23","22208898","22209200","42","168603683"
"chr3","190813973","190814192","chr11","124263168","124263380","47","66550805"
"chr3","190814234","190814546","chrX","37121756","37122066","31","153692478"
"chr3","190815573","190815883","chr15","81033446","81033758","27","109782127"
"chr3","190833566","190833858","chr10","127445580","127445874","28","63387986"
"chr3","190838662","190838968","chr15","81063194","81063505","33","109775468"
"chr3","190839391","190839694","chr12","25049815","25050117","45","165789576"
"chr3","190841240","190841549","chr12","46549426","46549730","36","144291814"
"chr3","190846171","190846464","chr1","17699624","17699919","37","173146547"
"chr3","190858789","190859079","chr15","81082580","81082859","38","109776209"
"chr3","190871512","190871797","chr7","111567460","111567746","31","79304052"
"chr3","190891407","190891716","chr1","67026506","67026811","42","123864901"
"chr3","190902341","190902645","chr20","51916057","51916364","41","138986284"
"chr3","190904272","190904565","chr15","81122753","81123038","35","109781519"
"chr3","190908524","190908817","chr4","36036902","36037194","35","154871622"
"chr3","190911708","190912016","chr9","95974457","95974762","39","94937251"
"chr3","190916212","190916524","chr8","50034452","50034757","41","140881760"
"chr3","190929515","190929829","chr1","33969956","33970266","38","156959559"
"chr3","190978316","190978616","chr14","1231012","1231318","34","189747304"
"chr3","190979111","190979429","chr10","8890426","8890736","36","182088685"
"chr3","190983564","190983860","chr14","5460529","5460831","34","185523035"
"chr3","190984732","190985027","chr5","2625600","2625892","31","188359132"
"chr3","190997029","190997321","chr15","81211079","81211376","30","109785950"
"chr3","190998151","190998429","chr18","70851403","70851685","37","120146748"
"chr3","191003100","191003257","chr6","36183990","36184138","28","154819110"
"chr3","191020164","191020443","chr2","74999713","74999986","37","116020451"
"chr3","191027315","191027621","chr10","93621317","93621620","33","97405998"
"chr3","191029166","191029477","chr15","81244808","81245120","28","109784358"
"chr3","191055229","191055530","chr15","81268672","81268973","29","109786557"
"chr3","191084937","191085242","chr9","52123142","52123450","30","138961795"
"chr3","191093037","191093334","chr15","81306264","81306559","25","109786773"
"chr3","191095733","191096032","chr15","81309282","81309581","28","109786451"
"chr3","191122298","191122562","chr7","130065006","130065270","33","61057292"
"chr3","191129150","191129456","chr2","80483413","80483720","33","110645737"
"chr3","191193529","191193886","chr20","11552900","11553250","80","179640629"
"chr3","191199864","191200178","chr15","81408089","81408405","42","109791775"
"chr3","191202577","191202841","chr15","81410704","81410972","39","109791873"
"chr3","191211825","191212125","chr14","1392930","1393232","35","189818895"
"chr3","191268939","191269248","chr15","81476193","81476504","26","109792746"
"chr3","191279277","191279579","chr7","91931205","91931510","33","99348072"
"chr3","191284617","191284929","chr1","34397290","34397600","36","156887327"
"chr3","191339194","191339492","chr4","28106180","28106477","37","163233014"
"chr3","191368610","191368875","chr10","128364692","128364947","47","63003918"
"chr3","191375207","191375510","chr9","88713916","88714216","46","102661291"
"chr3","191541142","191541445","chr15","81737422","81737726","26","109803720"
"chr3","191541988","191542290","chr2","65566388","65566688","37","125975600"
"chr3","191687333","191687630","chrX","731639","731937","38","190955694"
"chr3","191688736","191689052","chr22","18539076","18539393","45","173149660"
"chr3","191737320","191737598","chr2","83201691","83201957","48","108535629"
"chr3","191828513","191828810","chr15","82042640","82042933","41","109785873"
"chr3","191869776","191870072","chr16","823334","823630","35","191046442"
"chr3","191886460","191886767","chr15","82102468","82102775","22","109783992"
"chr3","191936793","191937118","chr15","82145655","82145961","43","109791138"
"chr3","192038090","192038380","chr15","82239660","82239963","34","109798430"
"chr3","192115088","192115394","chr9","91603351","91603657","37","100511737"
"chr3","192121793","192122139","chrX","27958562","27958882","58","164163231"
"chr3","192127752","192128026","chr13","69011813","69012098","43","123115939"
"chr3","192135129","192135420","chr11","126860470","126860762","30","65274659"
"chr3","192168808","192169118","chr5","25487082","25487385","46","166681726"
"chr3","192180840","192181111","chr16","30001438","30001705","34","162179402"
"chr3","192194480","192194815","chr27","21581463","21581790","50","170613017"
"chr3","192198105","192198405","chr17","39099892","39100198","36","153098213"
"chr3","192209064","192209370","chr15","82407148","82407439","39","109801916"
"chr3","192216841","192217131","chr2","20386017","20386311","40","171830824"
"chr3","192220648","192220958","chr15","82419009","82419309","36","109801639"
"chr3","192228962","192229266","chr1","117218184","117218485","36","75010778"
"chr3","192240880","192241181","chr15","82438140","82438443","14","109802740"
"chr3","192282312","192282614","chr15","82477573","82477884","37","109804739"
"chr3","192310112","192310414","chr15","82505390","82505677","44","109804722"
"chr3","192377684","192377984","chr15","82573198","82573492","42","109804486"
"chr3","192379408","192379714","chr15","82574469","82574769","31","109804939"
"chr3","192427284","192427557","chr15","82623813","82624083","27","109803471"
"chr3","192454736","192455041","chr15","82645855","82646156","33","109808881"
"chr3","192511940","192512237","chr28","19188684","19188984","34","173323256"
"chr3","192515038","192515337","chr4","58663187","58663485","31","133851851"
"chr3","192528310","192528607","chr19","18477827","18478119","43","174050483"
"chr3","192592033","192592316","chr15","82780245","82780528","25","109811788"
"chr3","192594067","192594376","chr6","15813882","15814194","34","176780185"
"chr3","192595395","192595695","chr15","82783629","82783934","37","109811766"
"chr3","192660941","192661239","chrX","108806636","108806932","43","83854305"
"chr3","192670282","192670565","chr15","82859956","82860237","33","109810326"
"chr3","192682281","192682594","chr2","61286840","61287151","39","131395441"
"chr3","192729301","192729544","chr9","70315414","70315657","33","122413887"
"chr3","192780525","192780853","chr10","112309013","112309326","49","80471512"
"chr3","192804213","192804470","chr15","82988886","82989136","31","109815327"
"chr3","192837484","192837780","chr16","53234586","53234880","35","139602898"
"chr3","192857752","192858059","chr15","83043508","83043818","32","109814244"
"chr3","192862190","192862487","chr24","49352508","49352804","38","143509682"
"chr3","192864844","192865144","chr15","83050558","83050857","33","109814286"
"chr3","192906495","192906782","chr6","7349306","7349578","54","185557189"
"chr3","192917558","192917869","chr6","40344969","40345279","34","152572589"
"chr3","192940418","192940738","chr11","4422956","4423267","39","188517462"
"chr3","192965413","192965645","chr9","61704066","61704306","51","131261347"
"chr3","192965684","192965964","chr10","2015623","2015904","33","190950061"
"chr3","192966388","192966688","chr20","108965294","108965594","36","84001094"
"chr3","193012928","193013236","chr5","16639711","16640019","39","176373217"
"chr3","193021881","193022190","chr21","109728222","109728529","30","83293659"
"chr3","193053865","193054143","chr15","83236787","83237063","28","109817078"
"chr3","193054900","193055211","chr26","18344490","18344794","39","174710410"
"chr3","193101698","193102010","chr19","28701710","28701999","54","164399988"
"chr3","193225408","193225711","chr6","47511750","47512051","29","145713658"
"chr3","193236036","193236345","chr6","48846530","48846838","38","144389506"
"chr3","193241068","193241352","chr15","83418935","83419223","30","109822133"
"chr3","193271491","193271840","chr13","67977277","67977611","62","125294214"
"chr3","193274047","193274345","chr2","63213955","63214255","30","130060092"
"chr3","193300106","193300388","chr16","9245258","9245543","33","184054848"
"chr3","193332252","193332546","chr9","56177458","56177747","43","137154794"
"chr3","193354609","193354871","chr15","83529287","83529549","21","109825322"
"chr3","193380441","193380744","chr6","24847802","24848103","35","168532639"
"chr3","193401528","193401801","chr15","83573350","83573625","23","109828178"
"chr3","193405784","193406074","chr13","62251265","62251555","31","131154519"
"chr3","193465631","193465918","chr8","40258172","40258458","39","153207459"
"chr3","193600926","193601189","chr7","130137086","130137351","39","63463840"
"chr3","193725626","193725925","chr15","83883039","83883342","19","109842587"
"chr3","193747193","193747430","chr9","61704066","61704306","48","132043127"
"chr3","193756333","193756510","chr10","33376506","33376682","37","160379827"
"chr3","193769149","193769408","chr15","83927125","83927384","22","109842024"
"chr3","193859390","193859700","chr15","84006056","84006365","21","109853334"
"chr3","193906472","193906771","chr2","36366559","36366842","37","157539913"
"chr3","193910193","193910494","chr15","84058040","84058343","28","109852153"
"chr3","193930081","193930374","chr15","84077297","84077582","39","109852784"
"chr3","193956796","193957072","chr16","2679156","2679431","31","191277640"
"chr3","194039161","194039465","chr1","67026506","67026811","36","127012655"
"chr3","194049111","194049401","chr23","77125538","77125834","37","116923573"
"chr3","194115229","194115524","chr15","84258629","84258926","31","109856600"
"chr3","194132177","194132460","chr15","84275558","84275837","26","109856619"
"chr3","194175952","194176253","chr15","84319427","84319723","29","109856525"
"chr3","194187732","194188022","chr15","84331333","84331628","30","109856399"
"chr3","194207215","194207526","chr15","84350261","84350570","37","109856954"
"chr3","194238063","194238362","chrUn_KE147541v1","90","391","44","194237973"
"chr3","194262795","194263097","chr15","84398731","84399025","42","109864064"
"chr3","194268515","194268797","chr15","84404404","84404690","32","109864111"
"chr3","194295341","194295631","chr15","84429111","84429394","29","109866230"
"chr3","194404437","194404718","chr7","111567460","111567746","29","82836977"
"chr3","194415244","194415558","chr15","84545641","84545953","39","109869603"
"chr3","194483310","194483619","chr14","79450691","79450994","44","115032619"
"chr3","194506974","194507239","chr10","104907945","104908230","73","89599029"
"chr3","194536860","194537145","chr9","114952603","114952897","37","79584257"
"chr3","194586433","194586721","chr9","63670222","63670511","37","130916211"
"chr3","194588980","194589291","chr14","82794681","82794991","39","111794299"
"chr3","194682080","194682383","chr15","84816449","84816748","27","109865631"
"chr3","194714491","194714783","chr16","72650947","72651238","40","122063544"
"chr3","194741741","194742031","chr4","52351346","52351638","36","142390395"
"chr3","194851442","194851746","chr16","47464034","47464335","41","147387408"
"chr3","194865447","194865761","chr11","4422956","4423267","33","190442491"
"chr3","194980885","194981196","chr15","72907802","72908107","37","122073083"
"chr3","195126348","195126651","chr17","19797186","19797495","44","175329162"
"chr3","195129919","195130211","chr15","85222524","85222810","31","109907395"
"chr3","195170555","195170868","chr7","20905717","20906021","45","174264838"
"chr3","195200882","195201191","chr15","85297142","85297452","29","109903740"
"chr3","195271855","195272148","chr11","49523007","49523297","36","145748848"
"chr3","195282310","195282604","chr11","96978397","96978692","33","98303913"
"chr3","195295085","195295387","chr5","72944814","72945114","36","122350271"
"chr3","195300427","195300661","chr15","85387567","85387802","26","109912860"
"chr3","195316739","195317051","chr25","81329768","81330077","41","113986971"
"chr3","195381964","195382250","chr16","58402495","58402776","42","136979469"
"chr3","195387257","195387547","chr20","92278612","92278904","31","103108645"
"chr3","195400397","195400667","chr15","85479296","85479563","34","109921101"
"chr3","195401088","195401390","chr13","27904567","27904866","39","167496521"
"chr3","195473700","195474007","chr9","52123142","52123450","36","143350558"
"chr3","195504193","195504490","chr15","85580336","85580630","29","109923857"
"chr3","195521668","195521976","chrX","66996947","66997252","55","128524721"
"chr3","195545863","195546143","chr14","41765928","41766216","38","153779935"
"chr3","195568350","195568641","chr15","85633040","85633329","27","109935310"
"chr3","195668197","195668394","chr14","46260151","46260349","27","149408046"
"chr3","195695478","195695770","chr1","125148379","125148673","36","70547099"
"chr3","195696530","195696839","chr25","73296177","73296486","41","122400353"
"chr3","195710850","195711149","chrX","1694586","1694883","36","194016264"
"chr3","195711788","195712104","chr15","85776527","85776830","40","109935261"
"chr3","195775853","195776143","chr24","40950761","40951050","38","154825092"
"chr3","195958549","195958844","chr7","37298478","37298772","32","158660071"
"chr3","196000086","196000371","chr15","86035700","86036004","35","109964386"
"chr3","196048667","196048980","chr15","86080662","86080976","35","109968005"
"chr3","196064482","196064786","chr15","86092953","86093258","29","109971529"
"chr3","196149836","196150138","chr15","86177484","86177781","31","109972352"
"chr3","196194747","196195046","chr15","86217801","86218097","25","109976946"
"chr3","196219238","196219548","chr16","29380786","29381090","38","166838452"
"chr3","196259489","196259765","chr15","86275687","86275956","27","109983802"
"chr3","196265892","196266183","chr15","41560987","41561288","38","154704905"
"chr3","196318559","196318850","chr15","86335904","86336185","33","109982655"
"chr3","196555668","196555971","chr28","7574176","7574488","42","188981492"
"chr3","196565715","196565999","chr15","86579835","86580100","35","109985880"
"chr3","196660065","196660375","chr2","58987877","58988180","38","137672188"
"chr3","196985334","196985631","chr13","63629182","63629480","49","133356152"
"chr3","196990449","196990752","chr25","25629089","25629399","34","171361360"
"chr3","197023782","197024076","chr1","17699624","17699919","40","179324158"
"chr3","197028052","197028349","chr24","81534444","81534741","35","115493608"
"chr3","197036093","197036399","chr15","87037618","87037930","31","109998475"
"chr3","197068838","197069058","chr13","64715078","64715302","39","132353760"
"chr3","197072318","197072611","chr15","87074358","87074651","18","109997960"
"chr3","197111945","197112235","chr1","9508026","9508320","34","187603919"
"chr3","197116365","197116663","chr12","46317345","46317642","33","150799020"
"chr3","197131215","197131493","chr14","32919005","32919284","29","164212210"
"chr3","197134693","197134980","chr8","24234408","24234695","36","172900285"
"chr3","197231381","197231686","chr16","61063438","61063741","33","136167943"
"chr3","197248551","197248801","chr16","31906139","31906391","36","165342412"
"chr3","197258674","197258972","chr6","49568740","49569041","37","147689934"
"chr3","197344806","197345096","chr15","87343121","87343417","25","110001685"
"chr3","197358894","197359182","chr14","46309257","46309544","37","151049637"
"chr3","197362801","197363060","chr15","87360195","87360480","40","110002606"
"chr3","197367328","197367625","chr17","19868883","19869179","31","177498445"
"chr3","197458767","197459073","chr15","87465766","87466076","21","109993001"
"chr3","197469816","197470123","chr15","87472604","87472900","34","109997212"
"chr3","197472337","197472638","chr15","87475084","87475398","34","109997253"
"chr3","197481897","197482193","chrX","28325159","28325458","37","169156738"
"chr3","197533358","197533614","chr15","87538641","87538891","33","109994717"
"chr3","197544538","197544848","chr15","87549838","87550160","36","109994700"
"chr3","197581562","197581882","chr10","93224961","93225287","48","104356601"
"chr3","197604723","197605026","chr12","63962265","63962564","35","133642458"
"chr3","197670341","197670627","chrX","45099535","45099820","30","152570806"
"chr3","197671927","197672238","chr5","73188003","73188312","35","124483924"
"chr3","197686090","197686390","chr18","58480084","58480385","26","139206006"
"chr3","197730747","197731047","chr26","39694046","39694347","35","158036701"
"chr3","197735389","197735697","chr24","51249050","51249354","55","146486339"
"chr3","197762194","197762502","chr4","38199684","38199991","37","159562510"
"chr3","197774090","197774391","chr29","13171064","13171365","26","184603026"
"chr3","197798816","197799081","chr15","87790245","87790509","25","110008571"
"chr3","197871954","197872250","chr15","87867235","87867534","32","110004719"
"chr3","197876657","197876944","chr12","14023733","14024022","39","183852924"
"chr3","197887361","197887662","chr17","1769259","1769563","34","196118102"
"chr3","197888161","197888428","chr15","87882242","87882520","39","110005919"
"chr3","197924729","197925028","chr8","82121390","82121692","37","115803339"
"chr3","197927569","197927872","chr10","88760771","88761072","29","109166798"
"chr3","197978207","197978467","chr15","87967159","87967416","26","110011048"
"chr3","197981645","197981954","chr15","87969915","87970210","34","110011730"
"chr3","198030030","198030336","chr15","88018405","88018705","27","110011625"
"chr3","198108694","198108995","chr1","32350047","32350343","35","165758647"
"chr3","198110506","198110781","chr15","88090288","88090560","27","110020218"
"chr3","198135859","198136168","chr20","105692436","105692747","31","92443423"
"chr3","198138413","198138710","chr9","88831612","88831911","31","109306801"
"chr3","198144985","198145271","chr15","88123179","88123475","36","110021806"
"chr3","198147615","198147917","chr12","260610","260910","39","197887005"
"chr3","198179402","198179671","chr15","88156083","88156349","25","110023319"
"chr3","198215663","198215972","chr15","88191983","88192291","28","110023680"
"chr3","198223378","198223683","chr15","88198143","88198449","33","110025235"
"chr3","198327800","198328086","chr15","88299194","88299479","26","110028606"
"chr3","198329520","198329803","chr15","88300925","88301208","17","110028595"
"chr3","198344591","198344867","chr15","88316796","88317071","29","110027795"
"chr3","198385539","198385840","chr15","88356666","88356956","27","110028873"
"chr3","198391026","198391344","chr15","88360956","88361269","32","110030070"
"chr3","198509669","198509982","chr15","88472191","88472502","23","110037478"
"chr3","198548651","198548859","chr15","88511925","88512169","52","110036726"
"chr3","198595109","198595396","chr15","88559459","88559746","17","110035650"
"chr3","198622849","198623139","chr15","88588888","88589178","35","110033961"
"chr3","198623757","198624047","chr15","88589783","88590081","32","110033974"
"chr3","198624987","198625284","chr19","12081434","12081734","33","186543553"
"chr3","198626486","198626784","chr11","120526163","120526460","33","78100323"
"chr3","198627665","198627962","chr15","88593515","88593813","27","110034150"
"chr3","198628133","198628352","chr15","88593997","88594221","21","110034136"
"chr3","198635093","198635365","chr11","98577794","98578069","45","100057299"
"chr3","198637322","198637635","chr15","88602985","88603302","21","110034337"
"chr3","198641023","198641303","chr10","16273214","16273494","48","182367809"
"chr3","198658193","198658478","chrX","46281708","46281996","50","152376485"
"chr3","198670591","198670898","chr15","88631517","88631825","33","110039074"
"chr3","198675593","198675903","chrX","45255215","45255519","35","153420378"
"chr3","198680231","198680537","chr15","88640762","88641072","22","110039469"
"chr3","198682546","198682841","chr10","8456154","8456454","42","190226392"
"chr3","198684683","198684993","chr15","88645185","88645483","36","110039498"
"chr3","198700669","198700954","chr1","12213355","12213648","44","186487314"
"chr3","198705358","198705666","chr25","71792921","71793226","34","126912437"
"chr3","198707609","198707899","chr25","79262876","79263167","31","119444733"
"chr3","198710658","198710954","chr13","66725191","66725490","31","131985467"
"chr3","198726391","198726693","chr25","27069351","27069659","44","171657040"
"chr3","198731739","198732046","chr18","17039455","17039764","30","181692284"
"chr3","198745168","198745461","chr7","37298478","37298772","35","161446690"
"chr3","198750823","198751119","chr15","88716326","88716624","38","110034497"
"chr3","198758498","198758792","chr11","431036","431329","28","198327462"
"chr3","198764064","198764365","chr26","53553125","53553420","31","145210939"
"chr3","198809409","198809544","chr15","88766526","88766661","10","110042883"
"chr3","198838975","198839285","chr15","88795462","88795766","34","110043513"
"chr3","198841191","198841518","chr27","21581463","21581790","45","177259728"
"chr3","198854855","198855145","chr9","33958924","33959219","31","164895931"
"chr3","198906968","198907279","chr15","88856408","88856717","37","110050560"
"chr3","198950330","198950622","chr15","88900800","88901104","32","110049530"
"chr3","198953438","198953747","chr6","18405720","18406025","34","180547718"
"chr3","198969870","198970175","chr15","88920736","88921028","41","110049134"
"chr3","198989941","198990216","chr15","88940696","88940969","21","110049245"
"chr3","199008197","199008511","chr15","88958880","88959194","23","110049317"
"chr3","199094575","199094882","chr15","89042668","89042969","33","110051907"
"chr3","199100476","199100775","chr15","89048861","89049159","30","110051615"
"chr3","199114543","199114852","chr2","66883894","66884203","40","132230649"
"chr3","199179797","199180093","chr1","62642176","62642473","28","136537621"
"chr3","199194639","199194938","chr11","51761417","51761717","50","147433222"
"chr3","199222322","199222621","chr14","68867958","68868256","47","130354364"
"chr3","199275836","199276143","chr2","18120742","18121050","39","181155094"
"chr3","199344491","199344799","chr15","89272814","89273121","29","110071677"
"chr3","199357202","199357496","chr11","108483553","108483846","36","90873649"
"chr3","199368575","199368876","chr5","35843820","35844117","32","163524755"
"chr3","199378722","199379025","chr7","85982834","85983136","35","113395888"
"chr3","199382925","199383218","chr15","89312229","89312522","21","110070696"
"chr3","199387763","199388057","chr5","22530212","22530512","32","176857551"
"chr3","199399405","199399698","chr15","89329772","89330073","29","110069633"
"chr3","199412008","199412308","chr15","89344102","89344401","27","110067906"
"chr3","199414404","199414705","chr6","8015506","8015808","29","191398898"
"chr3","199426862","199427160","chr15","89359594","89359894","27","110067268"
"chr3","199432449","199432741","chr9","6588576","6588867","42","192843873"
"chr3","199443245","199443544","chr8","19010845","19011141","37","180432400"
"chr3","199472998","199473303","chr10","119359465","119359771","33","80113533"
"chr3","199510646","199510942","chr15","89440920","89441230","35","110069726"
"chr3","199513716","199513997","chr15","89442110","89442391","18","110071606"
"chr3","199547356","199547670","chr15","89476716","89477025","26","110070640"
"chr3","199550054","199550383","chr19","27449077","27449408","61","172100977"
"chr3","199561075","199561374","chr5","35843820","35844117","37","163717255"
"chr3","199562021","199562322","chr15","89496954","89497253","29","110065067"
"chr3","199578559","199578867","chr23","53671095","53671401","32","145907464"
"chr3","199594772","199595064","chr15","89527783","89528088","35","110066989"
"chr3","199597083","199597394","chr15","89529982","89530293","27","110067101"
"chr3","199602137","199602433","chrX","8693862","8694157","29","190908275"
"chr3","199613739","199614043","chr10","119359465","119359771","29","80254274"
"chr3","199614250","199614558","chr11","4422956","4423267","27","195191294"
"chr3","199641163","199641467","chr23","35965557","35965861","40","163675606"
"chr3","199660475","199660776","chr15","89588083","89588380","30","110072392"
"chr3","199686001","199686296","chr15","89610828","89611123","28","110075173"
"chr3","199704935","199705230","chr4","67812117","67812415","36","131892818"
"chr3","199709490","199709810","chr15","89630606","89630913","38","110078884"
"chr3","199800140","199800449","chr15","91300430","91300745","33","108499710"
"chr3","199812366","199812479","chr20","129812276","129812382","31","70000090"
"chr3","199812916","199813012","chr9","84870085","84870205","41","114942831"
"chr3","199814801","199815107","chr15","91286224","91286540","35","108528577"
"chr3","199815823","199816102","chr15","91285265","91285561","39","108530558"
"chr3","199821945","199822244","chr20","121737703","121738004","30","78084242"
"chr3","199846179","199846486","chr20","7645196","7645499","33","192200983"
"chr3","199850379","199850686","chr5","43308878","43309187","41","156541501"
"chr3","199856032","199856344","chr8","10801167","10801476","40","189054865"
"chr3","199857689","199857988","chr11","120526163","120526460","31","79331526"
"chr3","199865377","199865657","chr15","91238235","91238516","31","108627142"
"chr3","199874001","199874293","chr15","91230245","91230541","27","108643756"
"chr3","199905751","199906024","chr15","91202921","91203177","41","108702830"
"chr3","199910394","199910698","chrUn_KE147541v1","563683","563994","31","199346711"
"chr3","199916393","199916648","chr11","58949087","58949360","48","140967306"
"chr3","199932491","199932804","chr16","6770929","6771247","33","193161562"
"chr3","199933951","199934244","chr11","96978397","96978692","33","102955554"
"chr3","199934355","199934657","chr8","10801167","10801476","41","189133188"
"chr3","199942432","199942743","chr15","91167082","91167389","36","108775350"
"chr3","199942768","199943058","chr15","91166796","91167075","31","108775972"
"chr3","199944436","199944718","chr10","120386362","120386645","33","79558074"
"chr3","200042152","200042463","chrX","111488159","111488465","36","88553993"
"chr3","200044523","200044783","chr4","72579050","72579313","37","127465473"
"chr3","200049113","200049425","chr5","43308878","43309187","37","156740235"
"chr3","200052754","200053059","chr15","91140753","91141054","35","108912001"
"chr3","200056682","200056979","chr15","91140195","91140487","40","108916487"
"chr3","200057665","200057929","chr9","34088434","34088698","30","165969231"
"chr3","200061130","200061364","chr4","74392298","74392537","50","125668832"
"chr3","200074204","200074504","chr4","33476627","33476924","32","166597577"
"chr3","200076359","200076636","chr10","104045761","104046051","44","96030598"
"chr3","200081339","200081644","chr15","91116447","91116751","32","108964892"
"chr3","200097945","200098237","chr5","52994847","52995141","36","147103098"
"chr3","200102573","200102883","chr20","111352130","111352435","38","88750443"
"chr3","200108715","200108996","chrX","1052","1331","33","200107663"
"chr3","200111021","200111324","chr14","59411345","59411646","29","140699676"
"chr3","200119935","200120246","chr11","46393329","46393640","33","153726606"
"chr3","200149212","200149508","chr8","7114217","7114516","30","193034995"
"chr3","200153662","200153971","chr16","66998287","66998595","38","133155375"
"chr3","200157432","200157723","chr12","106778264","106778553","36","93379168"
"chr3","200175236","200175544","chr8","35984503","35984804","36","164190733"
"chr3","200180648","200180947","chr15","91022212","91022516","37","109158436"
"chr3","200184654","200184948","chrX","104338492","104338785","37","95846162"
"chr3","200189906","200190239","chr3","12309911","12310239","44","187879995"
"chr3","200195427","200195727","chr15","91007500","91007798","38","109187927"
"chr3","200200258","200200553","chr18","31386596","31386890","36","168813662"
"chr3","200203606","200203915","chr3","91583441","91583739","37","108620165"
"chr3","200214591","200214885","chr3","65777125","65777417","34","134437466"
"chr3","200215985","200216273","chr17","37904522","37904815","32","162311463"
"chr3","200227761","200228079","chr16","72937229","72937539","46","127290532"
"chr3","200233516","200233831","chr16","70267268","70267576","34","129966248"
"chr3","200237056","200237356","chr15","90964347","90964637","29","109272709"
"chr3","200241656","200241955","chrX","38416664","38416967","40","161824992"
"chr3","200252529","200252826","chr9","114952603","114952897","31","85299926"
"chr3","200271339","200271638","chr9","105569111","105569405","40","94702228"
"chr3","200281251","200281558","chr6","12064154","12064463","37","188217097"
"chr3","200282862","200283181","chr15","90923994","90924298","33","109358868"
"chr3","200296807","200297098","chr15","90910296","90910566","43","109386511"
"chr3","200306973","200307269","chrUn_KE147547v1","347189","347486","29","199959784"
"chr3","200309326","200309587","chr2","57252891","57253157","30","143056435"
"chr3","200313225","200313523","chr23","36888077","36888376","33","163425148"
"chr3","200316562","200316870","chr15","90892906","90893208","26","109423656"
"chr3","200320645","200320934","chr15","90889205","90889496","15","109431440"
"chr3","200327571","200327849","chr15","90873393","90873672","32","109454178"
"chr3","200345428","200345749","chr16","6770929","6771247","38","193574499"
"chr3","200357719","200358018","chr2","38956900","38957200","41","161400819"
"chr3","200360847","200361147","chr29","18103442","18103742","33","182257405"
"chr3","200378829","200379132","chr15","90838572","90838873","39","109540257"
"chr3","200382555","200382703","chr8","114633880","114634017","31","85748675"
"chr3","200390202","200390505","chr15","90826405","90826715","36","109563797"
"chr3","200393326","200393634","chr13","85750075","85750383","32","114643251"
"chr3","200432459","200432772","chr29","3028755","3029067","44","197403704"
"chr3","200437065","200437366","chr5","59338845","59339137","41","141098220"
"chr3","200438906","200439161","chr15","90785969","90786232","21","109652937"
"chr3","200439899","200440242","chr11","108806442","108806763","63","91633457"
"chr3","200445169","200445477","chr21","23940004","23940315","36","176505165"
"chr3","200451347","200451637","chr15","90773250","90773535","26","109678097"
"chr3","200458413","200458723","chr25","73608315","73608623","30","126850098"
"chr3","200461330","200461638","chr2","80405192","80405484","56","120056138"
"chr3","200464048","200464337","chr11","15370671","15370966","34","185093377"
"chr3","200465011","200465304","chr15","90759883","90760177","31","109705128"
"chr3","200479448","200479740","chr21","109745800","109746094","33","90733648"
"chr3","200492655","200492960","chr20","102069946","102070249","30","98422709"
"chr3","200500738","200501041","chr9","16797425","16797729","29","183703313"
"chr3","200503889","200504189","chr1","15788723","15789022","35","184715166"
"chr3","200504486","200504769","chr15","90727321","90727613","31","109777165"
"chr3","200517888","200518181","chr6","41738554","41738850","37","158779334"
"chr3","200530572","200530882","chr21","99873116","99873423","37","100657456"
"chr3","200535176","200535369","chr7","15845768","15845962","23","184689408"
"chr3","200554943","200555251","chr8","48698345","48698653","31","151856598"
"chr3","200562011","200562307","chr15","90679378","90679693","37","109882633"
"chr3","200563386","200563675","chr16","73619546","73619837","35","126943840"
"chr3","200571238","200571532","chr11","126860470","126860762","33","73710768"
"chr3","200572695","200572880","chrX","12457311","12457503","24","188115384"
"chr3","200575960","200576259","chr20","90807015","90807312","39","109768945"
"chr3","200576530","200576839","chr15","90664605","90664899","29","109911925"
"chr3","200585265","200585558","chr12","260610","260910","36","200324655"
"chr3","200588602","200588899","chr15","90652567","90652868","28","109936035"
"chr3","200616653","200616938","chr6","11893852","11894141","34","188722801"
"chr3","200619255","200619556","chr1","31250266","31250565","38","169368989"
"chr3","200620126","200620446","chr11","12377767","12378080","41","188242359"
"chr3","200622875","200623182","chr2","65319575","65319883","36","135303300"
"chr3","200630861","200631167","chr14","1231012","1231318","35","199399849"
"chr3","200638405","200638712","chr5","26410686","26410992","37","174227719"
"chr3","200639741","200640029","chr14","81822046","81822334","42","118817695"
"chr3","200641137","200641409","chr3","11713116","11713375","58","188928021"
"chr3","200641843","200641881","chr22","27162227","27162269","11","173479616"
"chr3","200648020","200648319","chr24","40758560","40758856","34","159889460"
"chr3","200653275","200653585","chr21","99844262","99844570","30","100809013"
"chr3","200664758","200665044","chr15","90580708","90580998","28","110084050"
"chr3","200671381","200671677","chr15","90574226","90574542","49","110097155"
"chr3","200674425","200674730","chr10","124515532","124515831","41","76158893"
"chr3","200677318","200677607","chr3","38725603","38725895","37","161951715"
"chr3","200684124","200684424","chr1","17699624","17699919","34","182984500"
"chr3","200690847","200691121","chr2","14463768","14464045","35","186227079"
"chr3","200695161","200695461","chr12","15199772","15200072","33","185495389"
"chr3","200699270","200699562","chr20","23901323","23901613","40","176797947"
"chr3","200702643","200702900","chr10","87553092","87553358","34","113149551"
"chr3","200711407","200711699","chr16","72619095","72619389","37","128092312"
"chr3","200723132","200723435","chr20","102069946","102070249","32","98653186"
"chr3","200730934","200731237","chr8","50034452","50034757","35","150696482"
"chr3","200732169","200732480","chr20_KE148049v1_random","803204","803511","32","199928965"
"chr3","200738667","200738947","chr15","90516066","90516345","15","110222601"
"chr3","200739727","200740007","chr15","90515020","90515299","19","110224707"
"chr3","200742430","200742727","chr9","92649646","92649936","40","108092784"
"chr3","200751956","200752250","chr9","114952603","114952897","43","85799353"
"chr3","200759866","200760162","chr1","62642176","62642473","35","138117690"
"chr3","200760511","200760810","chr20","108815662","108815960","29","91944849"
"chr3","200762038","200762344","chr14","51409536","51409838","42","149352502"
"chr3","200772207","200772546","chr15","90484706","90485032","53","110287501"
"chr3","200773753","200774056","chr1","103652254","103652557","41","97121499"
"chr3","200788881","200789179","chr15","90468213","90468509","33","110320668"
"chr3","200791415","200791712","chr12","102235817","102236112","35","98555598"
"chr3","200822023","200822315","chr15","90433589","90433879","33","110388434"
"chr3","200833411","200833709","chr7","105130895","105131189","43","95702516"
"chr3","200848458","200848738","chr15","90409310","90409589","31","110439148"
"chr3","200857649","200857952","chr5","27172890","27173193","38","173684759"
"chr3","200861369","200861652","chr5","53274178","53274463","43","147587191"
"chr3","200867458","200867742","chr1","125148379","125148673","42","75719079"
"chr3","200874113","200874381","chr16","2679156","2679431","35","198194957"
"chr3","200874753","200875045","chr6","17534533","17534818","26","183340220"
"chr3","200879070","200879354","chr27","32415358","32415641","33","168463712"
"chr3","200879967","200880278","chr28","8356903","8357207","27","192523064"
"chr3","200889455","200889758","chr14","46007317","46007617","42","154882138"
"chr3","200892745","200893050","chr28","19188684","19188984","30","181704061"
"chr3","200908290","200908612","chr27","11410107","11410417","52","189498183"
"chr3","200909707","200910007","chr15","90370259","90370555","30","110539448"
"chr3","200918285","200918579","chr15","57594128","57594422","34","143324157"
"chr3","200935398","200935707","chr15","90344338","90344649","32","110591060"
"chr3","200935824","200936093","chr12","57823631","57823895","50","143112193"
"chr3","200949777","200950086","chr15","90335303","90335608","18","110614474"
"chr3","200970696","200970954","chr9","7331539","7331805","41","193639157"
"chr3","200980889","200981182","chr22","18936712","18937005","37","182044177"
"chr3","200981643","200981936","chr16","26313201","26313493","31","174668442"
"chr3","201004414","201004646","chr20","94688536","94688769","33","106315878"
"chr3","201004728","201005017","chr15","90280767","90281061","32","110723961"
"chr3","201007089","201007399","chr16","61063438","61063741","28","139943651"
"chr3","201012817","201013132","chr14","10400670","10400981","42","190612147"
"chr3","201015587","201015854","chr24","26640556","26640819","38","174375031"
"chr3","201023883","201024192","chr15","90262116","90262426","26","110761767"
"chr3","201071162","201071456","chr11","93685579","93685880","32","107385583"
"chr3","201086939","201087242","chr15","90204267","90204569","31","110882672"
"chr3","201114338","201114633","chr21","109745800","109746094","39","91368538"
"chr3","201256628","201256944","chrX_KE148108v1_random","1028857","1029167","40","200227771"
"chr3","201286119","201286402","chr15","89986621","89986900","29","111299498"
"chr3","201293861","201294155","chr6","37005882","37006178","37","164287979"
"chr3","201314377","201314677","chr16","70641087","70641385","41","130673290"
"chr3","201319157","201319466","chr6","18080765","18081078","37","183238392"
"chr3","201347894","201348177","chr1","30878780","30879063","39","170469114"
"chr3","201348660","201348960","chr15","89928557","89928862","34","111420103"
"chr3","201351423","201351704","chr15","89926559","89926846","37","111424864"
"chr3","201360644","201360918","chr25","5368926","5369204","36","195991718"
"chr3","201368431","201368713","chr15","89910849","89911132","23","111457582"
"chr3","201370276","201370580","chr15","89908876","89909178","33","111461400"
"chr3","201375888","201376190","chr15","89902775","89903069","23","111473113"
"chr3","201410255","201410535","chr11","104062478","104062765","42","97347777"
"chr3","201418435","201418725","chr15","89861295","89861586","29","111557140"
"chr3","201427205","201427506","chr26","52144417","52144718","36","149282788"
"chr3","201427641","201427946","chr19","16755037","16755342","38","184672604"
"chr3","201447556","201447848","chr25","27664129","27664423","30","173783427"
"chr3","201462326","201462578","chr9","62510671","62510933","40","138951655"
"chr3","201491549","201491827","chrX","1052","1331","29","201490497"
"chr3","201492875","201493177","chr11","96978397","96978692","31","104514478"
"chr3","201495366","201495661","chr19","16064888","16065182","33","185430478"
"chr3","201509887","201510184","chr11","120526163","120526460","37","80983724"
"chr3","201514760","201515038","chr5","20998727","20999005","30","180516033"
"chr3","201517228","201517522","chr10","88760771","88761072","33","112756457"
"chr3","201519088","201519385","chrX","75964234","75964533","31","125554854"
"chr3","201542502","201542773","chr23","41503030","41503305","38","160039472"
"chr3","201551302","201551612","chr2","12066207","12066515","42","189485095"
"chr3","201554037","201554314","chr2","78507720","78507991","39","123046317"
"chr3","201558891","201559034","chr8","15595349","15595491","23","185963542"
"chr3","201560998","201561330","chr27","21581463","21581790","51","179979535"
"chr3","201590906","201591220","chrUn_KE147541v1","114130","114436","36","201476776"
"chr3","201606356","201606645","chr15","89687962","89688251","19","111918394"
"chr3","201629177","201629484","chr18","45603895","45604198","36","156025282"
"chr3","201635888","201636198","chr8","10801167","10801476","31","190834721"
"chr3","201646473","201646753","chr16","58402495","58402776","38","143243978"
"chr3","201650366","201650661","chr2","87753173","87753470","37","113897193"
"chr3","201666657","201666827","chr7","1388861","1389024","38","200277796"
"chr3","201669246","201669541","chr2","31905539","31905841","43","169763707"
"chr3","201714881","201715180","chr11","6429844","6430143","41","195285037"
"chr3","201732916","201733180","chr23","51081560","51081822","31","150651356"
"chr3","201763796","201764095","chr7","105406733","105407028","33","96357063"
"chr3","201780448","201780765","chr15","91445745","91446059","27","110334703"
"chr3","201783841","201784110","chr28","11178465","11178737","28","190605376"
"chr3","201784234","201784536","chr15","91449643","91449946","22","110334591"
"chr3","201789034","201789331","chr15","91454740","91455035","29","110334294"
"chr3","201795737","201796033","chr9","62626023","62626318","37","139169714"
"chr3","201796659","201796968","chr8","132366982","132367282","49","69429677"
"chr3","201797019","201797219","chr21","13861293","13861480","42","187935726"
"chr3","201797258","201797553","chr26","27449582","27449880","40","174347676"
"chr3","201803814","201804128","chr20","32441557","32441865","47","169362257"
"chr3","201852752","201853061","chr15","91509316","91509618","27","110343436"
"chr3","201855642","201855946","chr15","91518007","91518308","37","110337635"
"chr3","201863136","201863442","chr9","29774917","29775219","40","172088219"
"chr3","201865721","201866022","chrUn_KE147541v1","563683","563994","36","201302038"
"chr3","201866189","201866485","chr13","62623685","62623979","30","139242504"
"chr3","201886805","201887127","chr7","86205465","86205781","40","115681340"
"chr3","201900766","201901046","chr6","12209664","12209945","33","189691102"
"chr3","201901834","201902143","chr15","91559358","91559683","43","110342476"
"chr3","201909648","201909947","chr1","5710739","5711040","32","196198909"
"chr3","201933728","201933997","chr28","8053938","8054205","42","193879790"
"chr3","201936658","201936957","chr15","91589797","91590097","18","110346861"
"chr3","201950502","201950800","chr15","91602265","91602555","30","110348237"
"chr3","201952951","201953168","chr2","33468575","33468791","30","168484376"
"chr3","201969385","201969674","chr15","91617383","91617675","20","110352002"
"chr3","201981132","201981434","chr28","19188684","19188984","28","182792448"
"chr3","201983270","201983563","chr9","61794607","61794900","29","140188663"
"chr3","201986543","201986854","chr1","7210781","7211092","37","194775762"
"chr3","201995063","201995377","chr15","91639096","91639400","36","110355967"
"chr3","202000682","202000973","chr15","90519589","90519883","36","111481093"
"chr3","202006096","202006406","chr2","37295814","37296116","34","164710282"
"chr3","202011250","202011548","chr16","45636697","45636993","32","156374553"
"chr3","202026932","202027225","chr15","91668031","91668323","18","110358901"
"chr3","202034903","202035188","chr15","91675087","91675372","36","110359816"
"chr3","202042687","202042978","chr15","91682622","91682913","25","110360065"
"chr3","202046460","202046753","chr17","30496135","30496423","37","171550325"
"chr3","202055645","202055924","chr15","4196554","4196835","36","197859091"
"chr3","202088804","202089108","chrX_KE148108v1_random","816623","816926","44","201272181"
"chr3","202104132","202104432","chr4","13836335","13836622","37","188267797"
"chr3","202105938","202106247","chr8","137396029","137396340","43","64709909"
"chr3","202107535","202107821","chr1","107618192","107618482","42","94489343"
"chr3","202145864","202146169","chr13","48579094","48579399","38","153566770"
"chr3","202147317","202147614","chr11","120526163","120526460","27","81621154"
"chr3","202194256","202194535","chr12","23937","24215","20","202170319"
"chr3","202247905","202248197","chr4","57014109","57014410","38","145233796"
"chr3","202252014","202252326","chrX","60957021","60957332","40","141294993"
"chr3","202263638","202263949","chr1","67026506","67026811","43","135237132"
"chr3","202271147","202271447","chr21","3026315","3026608","34","199244832"
"chr3","202273597","202273877","chr24","11586518","11586800","36","190687079"
"chr3","202274624","202274928","chr21","3046951","3047246","34","199227673"
"chr4","4849642","4849968","chr10","2402697","2403040","71","2446945"
"chr4","35520358","35520646","chr27","42004032","42004322","42","6483674"
"chr4","54132593","54132892","chr19","18477827","18478119","39","35654766"
"chr4","67239811","67239985","chr7","6141242","6141423","22","61098569"
"chr4","140115932","140116227","chr7","84430406","84430720","40","55685526"
"chr4","141688759","141689042","chr12","18982850","18983127","42","122705909"
"chr4","142213120","142213399","chr7","86449844","86450125","23","55763276"
"chr4","154009452","154009745","chr7","97585522","97585818","23","56423930"
"chr4","168689526","168689829","chr24","40758560","40758856","42","127930966"
"chr4","56169","56449","chr21","54333687","54333969","30","54277518"
"chr4","70130","70421","chr20","105208435","105208713","58","105138305"
"chr4","135697","135999","chr27_KE148091v1_random","2042","2346","36","133655"
"chr4","162871","163177","chr1","50723472","50723775","43","50560601"
"chr4","178817","179110","chr6","27785757","27786047","35","27606940"
"chr4","195715","196018","chr20","92192486","92192788","47","91996771"
"chr4","231784","232085","chr27_KE148091v1_random","12416","12717","16","219368"
"chr4","232873","233174","chr3","9026672","9026974","30","8793799"
"chr4","239146","239448","chr26","18344490","18344794","32","18105344"
"chr4","258943","259154","chr9","61704066","61704306","55","61445123"
"chr4","261482","261782","chr1","66050440","66050743","38","65788958"
"chr4","361533","361841","chr27","48441885","48442189","39","48080352"
"chr4","368293","368617","chr5","33907796","33908114","49","33539503"
"chr4","379811","380107","chr10","93621317","93621620","51","93241506"
"chr4","437635","437926","chr16","72650947","72651238","35","72213312"
"chr4","476908","477216","chr11","104878804","104879113","35","104401896"
"chr4","491535","491833","chr1","55076876","55077172","33","54585341"
"chr4","496021","496325","chr27","48309819","48310124","29","47813798"
"chr4","529232","529540","chr6","1995907","1996212","34","1466675"
"chr4","537392","537670","chr20","8908265","8908538","46","8370873"
"chr4","553885","554183","chr6","11892773","11893065","32","11338888"
"chr4","569087","569389","chr6","4927385","4927686","29","4358298"
"chr4","570566","570867","chr11","6429844","6430143","33","5859278"
"chr4","583401","583694","chr9","42822920","42823211","30","42239519"
"chr4","602508","602817","chr20","102069946","102070249","32","101467438"
"chr4","619849","620146","chr27","48176744","48177046","34","47556895"
"chr4","632281","632579","chr27","48164803","48165095","42","47532522"
"chr4","652706","653001","chr21","96671427","96671726","38","96018721"
"chr4","679684","679940","chr27","48123312","48123579","35","47443628"
"chr4","683742","684052","chr5","26410686","26410992","37","25726944"
"chr4","684726","685009","chr27","48116870","48117160","25","47432144"
"chr4","706391","706686","chr2","87753173","87753470","27","87046782"
"chr4","706948","707259","chr27","48091979","48092284","31","47385031"
"chr4","712419","712728","chr14","59464027","59464336","31","58751608"
"chr4","714738","715029","chr19","24556447","24556743","37","23841709"
"chr4","726064","726240","chr6","540211","540390","31","185853"
"chr4","741420","741721","chr6","786444","786745","39","45024"
"chr4","748778","748956","chr15","56749285","56749459","24","56000507"
"chr4","752477","752795","chrX","27958562","27958882","45","27206085"
"chr4","782438","782747","chr14","59464027","59464336","45","58681589"
"chr4","787042","787327","chr17","37304684","37304965","49","36517642"
"chr4","805776","805926","chr21","60842127","60842278","27","60036351"
"chr4","808905","809037","chr5","59403511","59403645","14","58594606"
"chr4","809131","809300","chr21","18645552","18645719","29","17836421"
"chr4","820362","820659","chr27","47974484","47974787","35","47154122"
"chr4","821269","821573","chr9","87345833","87346141","36","86524564"
"chr4","822504","822797","chr27","47972116","47972412","31","47149612"
"chr4","823415","823720","chr20","92192486","92192788","30","91369071"
"chr4","825570","825872","chr4","69084","69380","41","756486"
"chr4","848956","849246","chrX","22852905","22853198","33","22003949"
"chr4","914182","914475","chr12","102982553","102982846","31","102068371"
"chr4","924590","924817","chr11","124263168","124263380","41","123338578"
"chr4","944648","944952","chr17","11351073","11351379","34","10406425"
"chr4","956720","956992","chr27","47851433","47851705","15","46894713"
"chr4","961705","962005","chr8","9993389","9993689","33","9031684"
"chr4","967689","967978","chr2","19317781","19318069","38","18350092"
"chr4","983819","984055","chr9","61704066","61704306","43","60720247"
"chr4","1035902","1036130","chr9","61704066","61704306","49","60668164"
"chr4","1122049","1122343","chr27","47681197","47681486","32","46559148"
"chr4","1133294","1133593","chr13","82541109","82541406","37","81407815"
"chr4","1143039","1143336","chr27","47660087","47660384","31","46517048"
"chr4","1171363","1171681","chr10","24331092","24331413","44","23159729"
"chr4","1186568","1186868","chr28","19188684","19188984","34","18002116"
"chr4","1213281","1213589","chr20","16767488","16767795","44","15554207"
"chr4","1322280","1322529","chr27","47470348","47470592","23","46148068"
"chr4","1336473","1336694","chr13","83988588","83988810","50","82652115"
"chr4","1342567","1342858","chrX","22852905","22853198","36","21510338"
"chr4","1377018","1377322","chr20","102069946","102070249","30","100692928"
"chr4","1451874","1452160","chr3","89481375","89481668","39","88029501"
"chr4","1457744","1458052","chrX","24362534","24362843","47","22904790"
"chr4","1460267","1460579","chr20","106535555","106535863","40","105075288"
"chr4","1556849","1557152","chr20","105213353","105213657","34","103656504"
"chr4","1633113","1633407","chr23","81934510","81934806","35","80301397"
"chr4","1691174","1691464","chr6","3330914","3331207","35","1639740"
"chr4","1701508","1701727","chr27","47096205","47096430","24","45394697"
"chr4","1703543","1703813","chr1","8123994","8124260","43","6420451"
"chr4","1718536","1718834","chrX","49965193","49965492","33","48246657"
"chr4","1720802","1721106","chr24","54753093","54753395","39","53032291"
"chr4","1721368","1721671","chr1","66050440","66050743","38","64329072"
"chr4","1731375","1731640","chr27","47059131","47059406","34","45327756"
"chr4","1751575","1751884","chr27","47039213","47039525","36","45287638"
"chr4","1856680","1856987","chr27","46949782","46950090","22","45093102"
"chr4","1860710","1861002","chr27","46945671","46945969","33","45084961"
"chr4","1889961","1890203","chr16","31906139","31906391","57","30016178"
"chr4","1893461","1893766","chr27","46914202","46914512","34","45020741"
"chr4","1908697","1909002","chr27","46898672","46898982","31","44989975"
"chr4","1916674","1916970","chr13","14032045","14032343","41","12115371"
"chr4","1927919","1928218","chr27","46879662","46879961","27","44951743"
"chr4","1928676","1928967","chr6","17534533","17534818","34","15605857"
"chr4","1951090","1951401","chr14","33153165","33153473","37","31202075"
"chr4","1962404","1962698","chr27","46846137","46846430","32","44883733"
"chr4","1997515","1997824","chr6","42657838","42658150","33","40660323"
"chr4","2012869","2013158","chr27","46796627","46796918","23","44783758"
"chr4","2017857","2018151","chr27","46791353","46791649","29","44773496"
"chr4","2057403","2057687","chr4","58940690","58940972","38","56883287"
"chr4","2080868","2081173","chr27","46733025","46733325","30","44652157"
"chr4","2094898","2095182","chrX","59090534","59090814","42","56995636"
"chr4","2103881","2104187","chr16","69662714","69663016","35","67558833"
"chr4","2125853","2126157","chr27","46679823","46680128","24","44553970"
"chr4","2138005","2138330","chr27","46667351","46667659","46","44529346"
"chr4","2164804","2165100","chr11","96978397","96978692","36","94813593"
"chr4","2165458","2165759","chr9","21222890","21223190","35","19057432"
"chr4","2220020","2220318","chr27","46592824","46593123","34","44372804"
"chr4","2223804","2224102","chr27","46589063","46589364","31","44365259"
"chr4","2226321","2226633","chr27","46586208","46586515","26","44359887"
"chr4","2256818","2257095","chr27","46555357","46555641","31","44298539"
"chr4","2259797","2260090","chr24","67726643","67726935","33","65466846"
"chr4","2271037","2271304","chr15","34146112","34146374","36","31875075"
"chr4","2343403","2343710","chr27","46469207","46469505","33","44125804"
"chr4","2367871","2368183","chr12","5270241","5270552","41","2902370"
"chr4","2405550","2405856","chr12","8362268","8362558","54","5956718"
"chr4","2435598","2435891","chr6","33908236","33908526","39","31472638"
"chr4","2455748","2456038","chr6","33908236","33908526","35","31452488"
"chr4","2472488","2472785","chr29","7750836","7751141","29","5278348"
"chr4","2485774","2486087","chr22","16974195","16974505","37","14488421"
"chr4","2520347","2520595","chr9","61704066","61704306","47","59183719"
"chr4","2526269","2526530","chr18","60569123","60569371","51","58042854"
"chr4","2533156","2533447","chr27","46279210","46279505","26","43746054"
"chr4","2545203","2545485","chr27","46268281","46268568","37","43723078"
"chr4","2550349","2550635","chr8","118865236","118865522","38","116314887"
"chr4","2552069","2552373","chr27","46261625","46261928","29","43709556"
"chr4","2552802","2553103","chr5","50489073","50489372","57","47936271"
"chr4","2575442","2575616","chr10","33376506","33376682","30","30801064"
"chr4","2576978","2577267","chr12","8362268","8362558","28","5785290"
"chr4","2578449","2578731","chr14","45404891","45405174","39","42826442"
"chr4","2580802","2581113","chr20","9169732","9170041","31","6588930"
"chr4","2587236","2587473","chr9","61704066","61704306","38","59116830"
"chr4","2603731","2604032","chr27","46212117","46212426","30","43608386"
"chr4","2613507","2613809","chr20","92113585","92113885","38","89500078"
"chr4","2628058","2628364","chr18","48815029","48815336","35","46186971"
"chr4","2630009","2630318","chr27","46186808","46187108","29","43556799"
"chr4","2638307","2638601","chr27","46178218","46178510","31","43539911"
"chr4","2671248","2671558","chr25","70225218","70225524","37","67553970"
"chr4","2686948","2687245","chr3","37035767","37036072","47","34348819"
"chr4","2692932","2693244","chr14","105114118","105114427","27","102421186"
"chr4","2706080","2706390","chr8","31712341","31712652","38","29006261"
"chr4","2717096","2717393","chr27","46106371","46106667","24","43389275"
"chr4","2718956","2719257","chr16","42465734","42466031","37","39746778"
"chr4","2740870","2741175","chr2","8100719","8101022","36","5359849"
"chr4","2743528","2743830","chr23","69575953","69576254","33","66832425"
"chr4","2768035","2768320","chr27","46056224","46056527","41","43288189"
"chr4","2778307","2778617","chr27","46045848","46046153","28","43267541"
"chr4","2778620","2778857","chr27","46045619","46045845","25","43266999"
"chr4","2818443","2818611","chr10","33376506","33376682","37","30558063"
"chr4","2819460","2819748","chr7","111567460","111567746","33","108748000"
"chr4","2821095","2821397","chr8","7114217","7114516","34","4293122"
"chr4","2833752","2834044","chr27","45989757","45990056","23","43156005"
"chr4","2841415","2841632","chr11","124263168","124263380","38","121421753"
"chr4","2891843","2892138","chr27","45923862","45924155","27","43032019"
"chr4","2897092","2897400","chr8","10801167","10801476","34","7904075"
"chr4","2898522","2898801","chrX","38981239","38981525","48","36082717"
"chr4","2909394","2909689","chr23","77125538","77125834","32","74216144"
"chr4","2943432","2943741","chr7","87014110","87014421","31","84070678"
"chr4","2950835","2951116","chr27","45855935","45856221","27","42905100"
"chr4","2969481","2969766","chr27","45840421","45840697","36","42870940"
"chr4","2979802","2980116","chr27","45828319","45828622","31","42848517"
"chr4","3016162","3016452","chr27","45793335","45793621","30","42777173"
"chr4","3019514","3019812","chr27","45789919","45790219","28","42770405"
"chr4","3064630","3064926","chr15","90519589","90519883","33","87454959"
"chr4","3066436","3066735","chr10","124515532","124515831","34","121449096"
"chr4","3082801","3083025","chr2","86997944","86998162","31","83915143"
"chr4","3085050","3085349","chr27","45712833","45713129","23","42627783"
"chr4","3086483","3086770","chr27","45711412","45711696","25","42624929"
"chr4","3095698","3095995","chr27","45702945","45703241","25","42607247"
"chr4","3104572","3104884","chr23","22864793","22865102","37","19760221"
"chr4","3116101","3116400","chr27","45683024","45683329","38","42566923"
"chr4","3126245","3126547","chr27","45674318","45674613","31","42548073"
"chr4","3136316","3136617","chr27","45663573","45663877","25","42527257"
"chr4","3138147","3138451","chr27","45663573","45663877","26","42525426"
"chr4","3138649","3138955","chr27","45663075","45663374","27","42524426"
"chr4","3139792","3140082","chr27","45661645","45661945","26","42521853"
"chr4","3155510","3155802","chr27","45645153","45645445","34","42489643"
"chr4","3175150","3175446","chr27","45627848","45628152","30","42452698"
"chr4","3196856","3197169","chr27","45605681","45606002","35","42408825"
"chr4","3213977","3214275","chr16","1283822","1284122","34","1930155"
"chr4","3274651","3274951","chr27","45536080","45536385","24","42261429"
"chr4","3345716","3346028","chr2","32484780","32485079","46","29139064"
"chr4","3353057","3353349","chr27","45458741","45459041","22","42105684"
"chr4","3354869","3355171","chr10","97500192","97500489","36","94145323"
"chr4","3357815","3358092","chr27","45453969","45454251","29","42096154"
"chr4","3460930","3461225","chr27","45351636","45351931","29","41890706"
"chr4","3469617","3469911","chr16","18156130","18156427","37","14686513"
"chr4","3529851","3530161","chr18","48815029","48815336","40","45285178"
"chr4","3553723","3554016","chr15","90536879","90537170","35","86983156"
"chr4","3560875","3561185","chrX","45255215","45255519","40","41694340"
"chr4","3585897","3586208","chr24","7204590","7204900","38","3618693"
"chr4","3594109","3594385","chr16","2679156","2679431","40","914953"
"chr4","3868698","3868984","chr27","10380206","10380492","34","6511508"
"chr4","3890772","3891056","chr16","16474975","16475266","40","12584203"
"chr4","3987719","3988012","chr5","4746370","4746663","49","758651"
"chr4","3988892","3989176","chrX","84917559","84917847","51","80928667"
"chr4","4007725","4008023","chr6","47863392","47863685","32","43855667"
"chr4","4012910","4013219","chrX","45894077","45894385","35","41881167"
"chr4","4013511","4013805","chr5","4774710","4774992","32","761199"
"chr4","4074512","4074825","chr5","4811741","4812042","51","737229"
"chr4","4079210","4079508","chr11","100297173","100297471","39","96217963"
"chr4","4082101","4082375","chr6","40809613","40809887","37","36727512"
"chr4","4096862","4097171","chr1","68199547","68199865","43","64102685"
"chr4","4108402","4108648","chr23","81661256","81661516","42","77552854"
"chr4","4126108","4126411","chr5","4938805","4939106","38","812697"
"chr4","4130089","4130399","chr14","59464027","59464336","37","55333938"
"chr4","4139410","4139719","chr12","7117943","7118250","41","2978533"
"chr4","4164117","4164419","chr13","78926316","78926620","37","74762199"
"chr4","4184837","4185133","chr18","66530699","66530999","41","62345862"
"chr4","4261047","4261342","chr2","16226565","16226865","34","11965518"
"chr4","4261584","4261877","chr19","30057411","30057704","37","25795827"
"chr4","4286529","4286840","chr27","40347452","40347763","28","36060923"
"chr4","4310669","4310958","chr1","9377724","9378021","45","5067055"
"chr4","4319986","4320281","chr1","121094988","121095279","32","116775002"
"chr4","4320470","4320754","chr25","72210430","72210717","36","67889960"
"chr4","4324741","4324935","chr4","73756689","73756882","35","69431948"
"chr4","4327102","4327384","chrX","42990471","42990752","33","38663369"
"chr4","4340947","4341256","chr27","40440837","40441141","36","36099890"
"chr4","4363691","4363931","chr28","12483857","12484089","45","8120166"
"chr4","4368926","4369217","chr27","40469358","40469657","34","36100432"
"chr4","4376915","4377200","chr1","9922951","9923243","45","5546036"
"chr4","4379985","4380178","chr7","15845768","15845962","37","11465783"
"chr4","4400064","4400374","chr27","40515534","40515843","28","36115470"
"chr4","4426279","4426583","chr27","40538218","40538532","32","36111939"
"chr4","4668345","4668616","chr1","21204188","21204457","37","16535843"
"chr4","4684216","4684527","chr21","108279551","108279861","29","103595335"
"chr4","4706224","4706517","chr6","33908236","33908526","38","29202012"
"chr4","4731571","4731819","chr4","62913885","62914148","45","58182314"
"chr4","4739173","4739486","chr7","131947263","131947571","38","127208090"
"chr4","4763195","4763484","chr27","40879273","40879564","30","36116078"
"chr4","4821610","4821917","chr6","31286980","31287277","40","26465370"
"chr4","4890119","4890389","chr27","41011091","41011348","33","36120972"
"chr4","4933990","4934275","chr27","41055004","41055291","25","36121014"
"chr4","4983852","4984137","chr20","20974729","20975004","42","15990877"
"chr4","4990679","4990981","chr27","41120501","41120808","41","36129822"
"chr4","5099141","5099441","chr16","62764099","62764400","33","57664958"
"chr4","5126410","5126677","chr19","11805188","11805454","35","6678778"
"chr4","5146551","5146850","chr27","41257889","41258203","43","36111338"
"chr4","5155352","5155665","chr11","4422956","4423267","30","732396"
"chr4","5247928","5248233","chr27","41353320","41353621","27","36105392"
"chr4","5261154","5261439","chr17","33444182","33444469","39","28183028"
"chr4","5295910","5296212","chr11","26631722","26632025","33","21335812"
"chr4","5306138","5306433","chr26","37721679","37721981","45","32415541"
"chr4","5343104","5343412","chr27","41437999","41438309","34","36094895"
"chr4","5372359","5372659","chr26","27734821","27735117","27","22362462"
"chr4","5513817","5514113","chr10","53661553","53661856","53","48147736"
"chr4","5516280","5516573","chr27","41590277","41590570","36","36073997"
"chr4","5522729","5523021","chr10","53661553","53661856","53","48138824"
"chr4","5525504","5525797","chr27","41590277","41590570","38","36064773"
"chr4","5611597","5611891","chr6","33382667","33382968","38","27771070"
"chr4","5650204","5650480","chr6","40809613","40809887","30","35159409"
"chr4","5700952","5701263","chr27","41754029","41754339","21","36053077"
"chr4","5722374","5722633","chr5","16939137","16939401","39","11216763"
"chr4","5725430","5725732","chr27","41778432","41778734","25","36053002"
"chr4","5742071","5742364","chrX","41952962","41953255","27","36210891"
"chr4","5751981","5752287","chr27","41804325","41804627","26","36052344"
"chr4","5766756","5767041","chr27","41821262","41821553","22","36054506"
"chr4","5788718","5789026","chr22","16974195","16974505","33","11185477"
"chr4","5802099","5802402","chr7","129057998","129058302","31","123255899"
"chr4","5857309","5857609","chr20","92192486","92192788","34","86335177"
"chr4","5879469","5879770","chr16","5899471","5899766","39","20002"
"chr4","5883006","5883307","chr27","41927437","41927748","39","36044431"
"chr4","5883967","5884273","chr27","41928602","41928913","26","36044635"
"chr4","5935974","5936284","chr27","41978582","41978886","41","36042608"
"chr4","5942282","5942583","chr12","18049190","18049491","44","12106908"
"chr4","5961583","5961872","chr27","42004032","42004322","28","36042449"
"chr4","5972455","5972744","chr12","18982850","18983127","38","13010395"
"chr4","5990647","5990941","chr12","18049190","18049491","47","12058543"
"chr4","6010422","6010711","chr27","42004032","42004322","27","35993610"
"chr4","6108768","6109070","chr2","5914047","5914349","34","194721"
"chr4","6110474","6110780","chr5","33734355","33734660","40","27623881"
"chr4","6129961","6130266","chr27","42117133","42117445","28","35987172"
"chr4","6138271","6138574","chr2","17209095","17209392","39","11070824"
"chr4","6160802","6161113","chr27","42147191","42147502","34","35986389"
"chr4","6181023","6181317","chr19","16064888","16065182","37","9883865"
"chr4","6208652","6208945","chr27","42189582","42189880","22","35980930"
"chr4","6230358","6230654","chr16","45636697","45636993","30","39406339"
"chr4","6248350","6248672","chr25","66671688","66672008","49","60423338"
"chr4","6283162","6283437","chr27","42265092","42265367","19","35981930"
"chr4","6331321","6331633","chr27","42312860","42313171","35","35981539"
"chr4","6405598","6405895","chr27","42391300","42391598","35","35985702"
"chr4","6407982","6408274","chr27","42393626","42393912","29","35985644"
"chr4","6462468","6462756","chr27","42445824","42446109","22","35983356"
"chr4","6463680","6463994","chr27","42447021","42447319","34","35983341"
"chr4","6490945","6491236","chr9","6588576","6588867","36","97631"
"chr4","6505521","6505819","chr14","104170748","104171048","36","97665227"
"chr4","6534270","6534576","chr1","103586917","103587220","37","97052647"
"chr4","6542405","6542708","chr2","13824542","13824843","37","7282137"
"chr4","6560730","6561000","chr16","32763882","32764149","31","26203152"
"chr4","6564513","6564818","chr14","15712042","15712344","38","9147529"
"chr4","6622151","6622398","chr17","61004609","61004856","40","54382458"
"chr4","6686752","6686984","chr17","38823537","38823742","58","32136785"
"chr4","6698124","6698424","chr13","66725191","66725490","32","60027067"
"chr4","6702737","6703027","chr15","91625832","91626129","44","84923095"
"chr4","6703611","6703930","chr28","8304757","8305066","44","1601146"
"chr4","6709135","6709442","chr27","42676044","42676350","32","35966909"
"chr4","6748595","6748887","chr27","42716444","42716749","46","35967849"
"chr4","6749393","6749699","chr27","42717257","42717571","33","35967864"
"chr4","6776155","6776449","chr7","26854071","26854366","33","20077916"
"chr4","6793333","6793633","chr14","59411345","59411646","40","52618012"
"chr4","6806987","6807288","chr3","9026672","9026974","42","2219685"
"chr4","6816093","6816397","chr27","42780446","42780740","38","35964353"
"chr4","6838067","6838363","chr27","45661645","45661945","34","38823578"
"chr4","6857270","6857564","chr6","14154517","14154807","45","7297247"
"chr4","6858679","6858971","chr8","27210528","27210820","35","20351849"
"chr4","6894880","6895187","chr27","42859763","42860078","32","35964883"
"chr4","6896178","6896481","chr6","48846530","48846838","36","41950352"
"chr4","6901500","6901797","chr12","80083509","80083803","42","73182009"
"chr4","6957709","6957991","chr27","42915506","42915786","29","35957797"
"chr4","6991098","6991392","chr7","36552610","36552903","31","29561512"
"chr4","7003465","7003773","chr6","28223428","28223739","45","21219963"
"chr4","7014132","7014444","chr14","1231012","1231318","35","5783120"
"chr4","7023517","7023827","chr27","42982582","42982886","27","35959065"
"chr4","7046141","7046430","chr27","43004670","43004958","27","35958529"
"chr4","7057567","7057877","chr18","17039455","17039764","35","9981888"
"chr4","7074191","7074497","chr25","71792921","71793226","35","64718730"
"chr4","7090428","7090722","chr6","47103233","47103523","34","40012805"
"chr4","7101153","7101451","chr5","17328346","17328645","39","10227193"
"chr4","7109364","7109661","chr11","120526163","120526460","35","113416799"
"chr4","7110972","7111278","chr27","43068998","43069300","30","35958026"
"chr4","7112813","7112985","chr27","43071150","43071322","25","35958337"
"chr4","7135489","7135789","chr15","60698779","60699079","34","53563290"
"chr4","7151762","7152049","chr27","43110707","43110995","24","35958945"
"chr4","7156126","7156415","chr9","79428511","79428800","38","72272385"
"chr4","7156574","7156880","chr9","86346823","86347126","36","79190249"
"chr4","7194091","7194394","chr26","2668803","2669103","30","4525288"
"chr4","7223020","7223284","chr12","14680692","14680957","59","7457672"
"chr4","7228703","7229026","chr10","24331092","24331413","43","17102389"
"chr4","7233538","7233808","chr21","36340595","36340864","50","29107057"
"chr4","7241159","7241441","chr25","42774885","42775167","33","35533726"
"chr4","7252276","7252621","chr17","30396991","30397301","68","23144715"
"chr4","7258940","7259248","chr20","109420728","109421036","34","102161788"
"chr4","7265592","7265887","chr1","17709882","17710187","43","10444290"
"chr4","7274525","7274722","chr17","1805314","1805509","31","5469211"
"chr4","7284954","7285261","chr27","40845363","40845670","35","33560409"
"chr4","7287472","7287761","chr6","33908236","33908526","31","26620764"
"chr4","7333246","7333553","chr14","68724163","68724467","38","61390917"
"chr4","7372498","7372777","chr27","43315211","43315505","35","35942713"
"chr4","7430198","7430490","chr20","41472529","41472819","36","34042331"
"chr4","7432788","7433081","chr26","23735028","23735321","38","16302240"
"chr4","7493420","7493735","chr9","51488213","51488531","37","43994793"
"chr4","7540839","7541145","chr6","30393310","30393612","33","22852471"
"chr4","7577328","7577623","chr27","43521377","43521676","35","35944049"
"chr4","7670000","7670280","chr10","124515532","124515831","43","116845532"
"chr4","7800272","7800567","chr10","124515532","124515831","33","116715260"
"chr4","7838136","7838421","chrX","31847456","31847745","35","24009320"
"chr4","7885870","7886169","chr15","64630867","64631162","43","56744997"
"chr4","7949475","7949765","chr23","38961968","38962263","32","31012493"
"chr4","8049058","8049362","chr19","29925919","29926227","30","21876861"
"chr4","8057617","8057912","chr27","43842460","43842766","32","35784843"
"chr4","8082700","8083005","chr3","9026672","9026974","30","943972"
"chr4","8090731","8091036","chr10","93621317","93621620","30","85530586"
"chr4","8096162","8096435","chr8","34423260","34423537","39","26327098"
"chr4","8106937","8107237","chr11","7969420","7969719","22","137517"
"chr4","8117882","8118201","chr27","43897081","43897402","42","35779199"
"chr4","8122487","8122798","chr27","43903733","43904043","31","35781246"
"chr4","8149980","8150282","chr27","43932118","43932420","25","35782138"
"chr4","8152399","8152681","chr9","119622102","119622388","34","111469703"
"chr4","8156367","8156662","chr27","43938124","43938419","30","35781757"
"chr4","8159907","8160174","chr20","17738077","17738346","48","9578170"
"chr4","8172057","8172364","chr11","47405582","47405890","32","39233525"
"chr4","8181719","8182029","chr11","36438386","36438692","34","28256667"
"chr4","8183411","8183718","chr2","8100719","8101022","41","82692"
"chr4","8209197","8209505","chr2","87940783","87941094","35","79731586"
"chr4","8224657","8224962","chr1","12743297","12743599","34","4518640"
"chr4","8234510","8234815","chr27","44015775","44016081","34","35781265"
"chr4","8260994","8261280","chr27","44041052","44041342","20","35780058"
"chr4","8261843","8262107","chr11","115247602","115247877","39","106985759"
"chr4","8341953","8342251","chr5","15359258","15359558","34","7017305"
"chr4","8357466","8357769","chr7","131848095","131848393","36","123490629"
"chr4","8362727","8363060","chr3","12309911","12310239","45","3947184"
"chr4","8417105","8417406","chr27_AQIB01158171v1_random","1144","1442","34","8415961"
"chr4","8475902","8476195","chr2","30923711","30924002","30","22447809"
"chr4","8798211","8798525","chr27","44548415","44548716","38","35750204"
"chr4","8799191","8799505","chr9","58541812","58542119","56","49742621"
"chr4","9134860","9135170","chr7","131947263","131947571","43","122812403"
"chr4","9164139","9164420","chr8","7114217","7114516","37","2049922"
"chr4","9194764","9194970","chr11","124263168","124263380","54","115068404"
"chr4","9209679","9209984","chr5","39045605","39045909","41","29835926"
"chr4","9219594","9219896","chr14","5837812","5838119","39","3381782"
"chr4","9247663","9247975","chr8","10801167","10801476","38","1553504"
"chr4","9261347","9261576","chr14","4267909","4268136","44","4993438"
"chr4","9280254","9280553","chr5","4827582","4827884","40","4452672"
"chr4","9285134","9285443","chr1","32353976","32354288","45","23068842"
"chr4","9293548","9293829","chr18","2606757","2607038","39","6686791"
"chr4","9300819","9301112","chr5","4811741","4812042","38","4489078"
"chr4","9364806","9365101","chr5","4774710","4774992","33","4590096"
"chr4","9365393","9365706","chr20","96087671","96087985","37","86722278"
"chr4","9370584","9370882","chr6","47863392","47863685","34","38492808"
"chr4","9385471","9385743","chr15","77961316","77961592","41","68575845"
"chr4","9389995","9390277","chrX","21614638","21614927","50","12224643"
"chr4","9392171","9392464","chr5","4746370","4746663","26","4645801"
"chr4","9395087","9395395","chr2","59699668","59699975","29","50304581"
"chr4","9398999","9399299","chr5","4746370","4746663","32","4652629"
"chr4","9401596","9401904","chr2","59699668","59699975","29","50298072"
"chr4","9406691","9406997","chr2","60535667","60535972","36","51128976"
"chr4","9409539","9409826","chr2","59692103","59692389","29","50282564"
"chr4","9414131","9414448","chr2","36704617","36704931","51","27290486"
"chr4","9466735","9467042","chr1","15533514","15533821","39","6066779"
"chr4","9498469","9498764","chr6","43119585","43119870","61","33621116"
"chr4","9522168","9522355","chr5","4271859","4272053","39","5250309"
"chr4","9608456","9608757","chr27","40147644","40147945","33","30539188"
"chr4","9622340","9622647","chr27","40136470","40136776","28","30514130"
"chr4","9652788","9653089","chr3","8459152","8459413","79","1193636"
"chr4","9660035","9660329","chr5","57651774","57652070","44","47991739"
"chr4","9726943","9727248","chr27","40019920","40020228","31","30292977"
"chr4","9738401","9738697","chr18","58511206","58511502","34","48772805"
"chr4","10024427","10024675","chr27","39718426","39718683","44","29693999"
"chr4","10121632","10121928","chr27","39644156","39644454","38","29522524"
"chr4","10176870","10177182","chr1","77129298","77129607","52","66952428"
"chr4","10181737","10182042","chr27","39585026","39585331","31","29403289"
"chr4","10186904","10187212","chr2","19370827","19371131","40","9183923"
"chr4","10203049","10203359","chr2","35984887","35985192","40","25781838"
"chr4","10208513","10208805","chr27","39557858","39558150","18","29349345"
"chr4","10298445","10298770","chr27","39473421","39473734","37","29174976"
"chr4","10364269","10364571","chr27","39413913","39414221","36","29049644"
"chr4","10410812","10411108","chr27","39372544","39372845","30","28961732"
"chr4","10498854","10499125","chr27","39287275","39287542","28","28788421"
"chr4","10637451","10637733","chr20","65928871","65929150","38","55291420"
"chr4","10676590","10676883","chr27","39118773","39119070","28","28442183"
"chr4","10715205","10715515","chr27","39078008","39078315","37","28362803"
"chr4","10775279","10775547","chr9","107126503","107126780","56","96351224"
"chr4","10843871","10844174","chr23","37753252","37753563","55","26909381"
"chr4","11026931","11027201","chr12","11854690","11854958","43","827759"
"chr4","11197159","11197456","chr27","38621202","38621505","39","27424043"
"chr4","11198844","11199103","chr16","31906139","31906391","49","20707295"
"chr4","11235644","11235949","chr27","38583808","38584112","33","27348164"
"chr4","11410764","11411068","chr27","38417155","38417455","28","27006391"
"chr4","11608572","11608879","chr27","38250308","38250619","27","26641736"
"chr4","11908130","11908426","chr8","7254380","7254685","39","4653750"
"chr4","11990078","11990386","chr14","1330899","1331208","32","10659179"
"chr4","12143163","12143480","chr27","37761383","37761697","35","25618220"
"chr4","12217816","12218111","chr10","126526635","126526939","44","114308819"
"chr4","12248169","12248459","chr11","112915127","112915418","42","100666958"
"chr4","12460442","12460763","chr20","7785906","7786210","57","4674536"
"chr4","12475732","12476044","chrX","58369155","58369458","42","45893423"
"chr4","12576802","12577103","chr27","37344409","37344680","48","24767607"
"chr4","12619692","12620003","chr19","13805333","13805644","37","1185641"
"chr4","12708465","12708766","chr11","52553248","52553547","34","39844783"
"chr4","12753924","12754227","chr9","93960812","93961114","44","81206888"
"chr4","12953052","12953352","chr27","36989415","36989718","25","24036363"
"chr4","13048459","13048768","chr8","10801167","10801476","34","2247292"
"chr4","13085034","13085349","chr18","17039455","17039764","33","3954421"
"chr4","13153094","13153395","chr27","36803763","36804068","29","23650669"
"chr4","13193768","13193951","chr10","33376506","33376682","34","20182738"
"chr4","13199463","13199764","chr27","36758346","36758647","22","23558883"
"chr4","13205268","13205577","chr27","36753608","36753917","26","23548340"
"chr4","13264197","13264510","chr27","36694499","36694809","29","23430302"
"chr4","13274006","13274309","chr27","36684956","36685264","27","23410950"
"chr4","13284011","13284321","chr27","36674734","36675045","31","23390723"
"chr4","13346452","13346733","chr5","734897","735179","36","12611555"
"chr4","13350822","13351116","chr27","36609664","36609959","30","23258842"
"chr4","13773389","13773693","chr27","36233595","36233901","27","22460206"
"chr4","13800588","13800881","chr27","36206097","36206395","30","22405509"
"chr4","13801661","13801962","chr20","119468832","119469130","41","105667171"
"chr4","13966252","13966588","chr27","36049177","36049486","61","22082925"
"chr4","14204372","14204665","chrX","22428011","22428306","43","8223639"
"chr4","14232531","14232844","chr9","59057939","59058250","44","44825408"
"chr4","14274514","14274836","chr17","27253940","27254259","48","12979426"
"chr4","14511979","14512315","chr11","54943156","54943489","64","40431177"
"chr4","14621408","14621699","chrX","109889143","109889429","36","95267735"
"chr4","14741222","14741512","chr27","35290036","35290315","42","20548814"
"chr4","14810147","14810448","chr1","9135590","9135897","41","5674557"
"chr4","14860827","14861127","chr18","5623280","5623580","41","9237547"
"chr4","14955957","14956269","chr7","131947263","131947571","42","116991306"
"chr4","15081222","15081529","chr2","82356924","82357227","38","67275702"
"chr4","15096658","15096948","chr21","16399000","16399279","48","1302342"
"chr4","15156404","15156733","chr27","34914089","34914415","57","19757685"
"chr4","15216631","15216938","chr27","34851234","34851540","23","19634603"
"chr4","15300758","15301071","chr27","34766862","34767178","34","19466104"
"chr4","15360266","15360553","chr27","34713533","34713821","28","19353267"
"chr4","15396826","15397096","chr2","78507720","78507991","37","63110894"
"chr4","15487786","15488096","chr8","31712341","31712652","25","16224555"
"chr4","15488475","15488768","chr17","4731758","4732054","36","10756717"
"chr4","15495180","15495482","chr6","30393310","30393612","39","14898130"
"chr4","15495680","15495969","chr6","47863392","47863685","47","32367712"
"chr4","15525053","15525350","chr27","34563424","34563722","33","19038371"
"chr4","15534529","15534832","chr27","34554035","34554327","41","19019506"
"chr4","15602737","15602957","chr11","124263168","124263380","47","108660431"
"chr4","15706489","15706786","chr17","39289590","39289887","34","23583101"
"chr4","15721419","15721723","chr17","1769259","1769563","34","13952160"
"chr4","15770474","15770763","chr27","34283588","34283882","21","18513114"
"chr4","15785491","15785786","chr20","122087977","122088274","37","106302486"
"chr4","15791280","15791583","chr27","34263188","34263494","27","18471908"
"chr4","15797910","15798200","chr24","23710028","23710316","39","7912118"
"chr4","15805068","15805359","chr26","4822879","4823176","41","10982189"
"chr4","15810466","15810777","chr27","34241362","34241671","24","18430896"
"chr4","15833734","15834046","chr16","49511562","49511872","39","33677828"
"chr4","15854858","15855149","chr27","34195164","34195461","26","18340306"
"chr4","15963243","15963554","chr27","34079747","34080049","33","18116504"
"chr4","16094773","16095077","chr20","103936878","103937182","42","87842105"
"chr4","16131978","16132303","chr7","119789649","119789968","41","103657671"
"chr4","16138981","16139286","chr27","33907700","33908002","34","17768719"
"chr4","16139634","16139927","chr20","55245859","55246159","38","39106225"
"chr4","16236012","16236297","chr7","111567460","111567746","40","95331448"
"chr4","16277498","16277803","chr12","44942998","44943296","33","28665500"
"chr4","16287125","16287413","chr10","127520952","127521243","44","111233827"
"chr4","16382222","16382532","chr27","33648164","33648472","32","17265942"
"chr4","16577153","16577452","chr27","33464036","33464327","31","16886883"
"chr4","16589793","16590096","chr7","131848095","131848393","43","115258302"
"chr4","16595490","16595832","chr18","69700539","69700858","73","53105049"
"chr4","16600113","16600397","chr6","48065741","48066029","33","31465628"
"chr4","16614576","16614882","chr27","33428109","33428421","35","16813533"
"chr4","16650943","16651238","chrX","22852905","22853198","31","6201962"
"chr4","16651415","16651727","chr11","31129110","31129418","40","14477695"
"chr4","16686390","16686578","chr27","33351238","33351430","11","16664848"
"chr4","16705593","16705906","chr2","20411746","20412057","35","3706153"
"chr4","16706591","16706900","chr2","14523205","14523513","32","2183386"
"chr4","16736411","16736565","chr7","38652036","38652186","22","21915625"
"chr4","16738504","16738801","chr9","23980081","23980379","37","7241577"
"chr4","16904156","16904459","chr27","33131054","33131355","35","16226898"
"chr4","16936346","16936606","chr20","92367582","92367827","47","75431236"
"chr4","17066664","17066965","chr27","32976540","32976834","31","15909876"
"chr4","17136285","17136582","chr27","32911853","32912160","32","15775568"
"chr4","17164033","17164344","chrX","101444725","101445035","37","84280692"
"chr4","17181678","17181971","chr6","26728738","26729036","41","9547060"
"chr4","17279164","17279472","chr6","31011261","31011569","30","13732097"
"chr4","17309577","17309881","chr8","48698345","48698653","29","31388768"
"chr4","17318067","17318387","chr27","32724917","32725224","36","15406850"
"chr4","17330211","17330500","chr27","32713127","32713416","22","15382916"
"chr4","17337206","17337495","chr27","32706104","32706384","28","15368898"
"chr4","17354311","17354598","chr8","91253791","91254086","52","73899480"
"chr4","17359846","17360145","chr2","16226565","16226865","33","1133281"
"chr4","17364545","17364849","chr9","29774917","29775219","34","12410372"
"chr4","17381500","17381651","chr27","32668173","32668324","13","15286673"
"chr4","17392126","17392431","chr20","112312918","112313218","49","94920792"
"chr4","17403216","17403518","chr14","32810985","32811289","38","15407769"
"chr4","17410988","17411282","chrX_KE148109v1_random","2263653","2263954","39","15147335"
"chr4","17440468","17440761","chr27","32620278","32620570","38","15179810"
"chr4","17449841","17450128","chr27","32611175","32611474","37","15161334"
"chr4","17466540","17466772","chr12","4686120","4686357","39","12780420"
"chr4","17471858","17472150","chr27","32590151","32590444","23","15118293"
"chr4","17473648","17473943","chr11","909139","909432","35","16564509"
"chr4","17492571","17492843","chr25","81420258","81420531","77","63927687"
"chr4","17492851","17493022","chr9","94981167","94981347","52","77488316"
"chr4","17493535","17493650","chr5","22372955","22373071","20","4879420"
"chr4","17496822","17497129","chr27","32570150","32570460","26","15073328"
"chr4","17498663","17498959","chrX","20403447","20403743","25","2904784"
"chr4","17547411","17547711","chr27","32517057","32517338","41","14969646"
"chr4","17550243","17550549","chr4","90514804","90515112","45","72964561"
"chr4","17578970","17579274","chr27","32489722","32490030","31","14910752"
"chr4","17585336","17585630","chr2","87753173","87753470","35","70167837"
"chr4","17590085","17590376","chrX","22852905","22853198","37","5262820"
"chr4","17598507","17598814","chr14","32810985","32811289","37","15212478"
"chr4","17625042","17625329","chrX","63893827","63894117","43","46268785"
"chr4","17663809","17664109","chr27","32402534","32402821","33","14738725"
"chr4","17705469","17705762","chr24","52241668","52241960","29","34536199"
"chr4","17761263","17761559","chr11","1437245","1437551","39","16324018"
"chr4","17767427","17767702","chr27","32301650","32301930","23","14534223"
"chr4","17812167","17812473","chr27","32257106","32257410","32","14444939"
"chr4","17854982","17855266","chr27","32214173","32214457","29","14359191"
"chr4","17863889","17864115","chr27","32205271","32205507","28","14341382"
"chr4","17992323","17992615","chr16","64451532","64451827","35","46459209"
"chr4","17997675","17997968","chr4","51200198","51200488","45","33202523"
"chr4","18113116","18113401","chr27","31968936","31969233","37","13855820"
"chr4","18267388","18267686","chr16","823334","823630","32","17444054"
"chr4","18466289","18466572","chr27","31633481","31633763","28","13167192"
"chr4","18490008","18490302","chr9","25763647","25763941","34","7273639"
"chr4","18559231","18559392","chr23","79838641","79838798","25","61279410"
"chr4","18559535","18559844","chr27","31533152","31533447","40","12973617"
"chr4","18694234","18694544","chr20_KE148049v1_random","803204","803511","39","17891030"
"chr4","18729388","18729689","chr27","31362056","31362353","31","12632668"
"chr4","18806601","18806834","chr27","31271759","31271990","28","12465158"
"chr4","18895927","18896231","chr13","39235950","39236252","47","20340023"
"chr4","18957865","18958156","chrX","22852905","22853198","32","3895040"
"chr4","18965775","18966067","chr1","258515","258804","32","18707260"
"chr4","19003491","19003795","chr9","87486235","87486545","46","68482744"
"chr4","19075770","19076053","chr6","15677208","15677493","40","3398562"
"chr4","19129950","19130249","chr25","27069351","27069659","51","7939401"
"chr4","19169466","19169799","chr5","42377679","42377985","59","23208213"
"chr4","19213959","19214264","chr27","30858720","30859009","47","11644761"
"chr4","19238109","19238421","chr23","32363927","32364238","41","13125818"
"chr4","19259063","19259353","chr9","62114784","62115076","41","42855721"
"chr4","19283973","19284280","chr3","92098202","92098513","44","72814229"
"chr4","19291959","19292273","chr9","84030839","84031143","46","64738880"
"chr4","19410138","19410431","chr3","9026672","9026974","46","10383466"
"chr4","19449281","19449586","chr27","30635464","30635761","29","11186183"
"chr4","19607394","19607692","chr1","68742662","68742962","42","49135268"
"chr4","19963504","19963790","chr10","116630837","116631126","38","96667333"
"chr4","19982402","19982660","chr11","99604767","99605026","48","79622365"
"chr4","20265160","20265479","chr17","59119110","59119421","35","38853950"
"chr4","20314856","20315158","chr27","29811556","29811854","32","9496700"
"chr4","20325265","20325573","chr27","29801295","29801598","21","9476030"
"chr4","20326135","20326417","chr27","29800508","29800788","34","9474373"
"chr4","20395499","20395803","chr21","75910335","75910637","46","55514836"
"chr4","20653334","20653630","chr17","38076408","38076713","42","17423074"
"chr4","20756892","20757146","chr1","73723280","73723538","50","52966388"
"chr4","20796056","20796361","chr27","29338037","29338339","42","8541981"
"chr4","20816415","20816711","chr27","29318794","29319076","32","8502379"
"chr4","20855742","20856046","chr27","29279800","29280105","30","8424058"
"chr4","21025340","21025642","chr27","9542497","9542797","35","11482843"
"chr4","21036231","21036544","chr24","10338834","10339146","72","10697397"
"chr4","21093369","21093653","chrX_KE148108v1_random","5035462","5035749","40","16057907"
"chr4","21144987","21145281","chrX_KE148108v1_random","4865365","4865656","43","16279622"
"chr4","21258534","21258836","chr15","395252","395560","31","20863282"
"chr4","21262994","21263242","chr4","20046994","20047251","43","1216000"
"chr4","21284040","21284343","chr12","13941411","13941710","40","7342629"
"chr4","21371113","21371391","chr27","28799258","28799544","24","7428145"
"chr4","21376056","21376381","chr27","28791519","28791822","43","7415463"
"chr4","21422834","21423144","chr18","58243518","58243825","39","36820684"
"chr4","21462251","21462569","chr20","119575633","119575947","39","98113382"
"chr4","21479639","21479928","chr12","1494678","1494967","28","19984961"
"chr4","21576482","21576786","chr27","28595664","28595965","34","7019182"
"chr4","21631621","21631930","chr27","28540920","28541223","26","6909299"
"chr4","21651475","21651776","chr27","28521053","28521359","27","6869578"
"chr4","21826310","21826622","chr27","28356689","28356992","36","6530379"
"chr4","21962805","21963098","chr27","28226142","28226441","25","6263337"
"chr4","22002405","22002703","chr27","28185859","28186156","27","6183454"
"chr4","22274698","22275004","chr2","89038227","89038524","41","66763529"
"chr4","22405508","22405799","chr27","27796276","27796563","39","5390768"
"chr4","22430301","22430601","chr27","27770701","27770993","35","5340400"
"chr4","22440788","22441080","chr25","27664129","27664423","35","5223341"
"chr4","22462030","22462293","chr27","27731227","27731484","18","5269197"
"chr4","22472696","22472989","chr11","909139","909432","42","21563557"
"chr4","22477391","22477696","chr20","17824253","17824556","37","4653138"
"chr4","22559448","22559742","chr16","70818655","70818945","21","48259207"
"chr4","22592764","22593035","chr27","27645187","27645444","34","5052423"
"chr4","22603520","22603836","chr8","35854442","35854754","42","13250922"
"chr4","22717716","22717989","chr20","81601552","81601827","39","58883836"
"chr4","22718158","22718452","chr27","27523014","27523312","19","4804856"
"chr4","22860853","22861143","chr16","44862579","44862869","36","22001726"
"chr4","22862959","22863262","chrX","45255215","45255519","40","22392256"
"chr4","22966770","22967075","chr27","27290979","27291285","30","4324209"
"chr4","22970409","22970714","chr27","27290979","27291285","29","4320570"
"chr4","22985882","22986152","chr27","27275827","27276098","47","4289945"
"chr4","23047151","23047463","chr5","26410686","26410992","34","3363535"
"chr4","23117802","23118103","chr14","1392930","1393232","37","21724872"
"chr4","23122477","23122775","chr27","27141543","27141821","39","4019066"
"chr4","23186893","23187190","chr16","5899471","5899766","37","17287422"
"chr4","23290728","23291035","chr5","26410686","26410992","32","3119958"
"chr4","23293603","23293886","chr27","26970963","26971248","25","3677360"
"chr4","23400400","23400667","chr14","45404891","45405174","41","22004491"
"chr4","23470599","23470901","chr10","8456154","8456454","38","15014445"
"chr4","23643654","23643954","chr27","26625571","26625873","29","2981917"
"chr4","23843214","23843516","chr27","26431858","26432151","43","2588644"
"chr4","23976714","23976928","chr14","68940217","68940412","40","44963503"
"chr4","24072022","24072322","chr27","26209071","26209366","26","2137049"
"chr4","24100014","24100275","chr27","26180619","26180864","38","2080605"
"chr4","24133411","24133621","chr17","38823537","38823742","38","14690126"
"chr4","24134847","24135160","chr27","26145136","26145448","31","2010289"
"chr4","24153142","24153446","chr27","26126671","26126974","34","1973529"
"chr4","24213882","24214221","chr27","26065448","26065770","40","1851566"
"chr4","24263947","24264240","chr27","26021090","26021388","32","1757143"
"chr4","24359278","24359574","chr20","9470146","9470444","31","14889132"
"chr4","24360704","24361020","chr27","25923850","25924170","34","1563146"
"chr4","24365749","24366051","chr27","25924740","25925042","31","1558991"
"chr4","24367173","24367487","chr27","25923850","25924170","39","1556677"
"chr4","24382845","24383157","chr6","9458125","9458436","36","14924720"
"chr4","24414930","24415244","chr27","25876023","25876341","32","1461093"
"chr4","24421508","24421806","chrX","8693862","8694157","47","15727646"
"chr4","24429980","24430254","chr27","25858820","25859093","33","1428840"
"chr4","24448047","24448349","chr17","39099892","39100198","35","14651845"
"chr4","24454752","24455043","chr27","25840540","25840841","28","1385788"
"chr4","24456626","24456934","chr27","25838667","25838964","34","1382041"
"chr4","24466183","24466471","chr12","52765485","52765776","41","28299302"
"chr4","24489439","24489722","chr27","25805513","25805793","25","1316074"
"chr4","24521852","24522159","chr27","25773543","25773845","30","1251691"
"chr4","24532915","24533201","chr27","25762429","25762731","37","1229514"
"chr4","24568992","24569289","chr2","465342","465642","37","24103650"
"chr4","24580601","24580896","chrX","61960439","61960734","30","37379838"
"chr4","24583857","24584171","chr11","45542524","45542835","40","20958667"
"chr4","24584856","24585153","chr27","25705244","25705551","32","1120388"
"chr4","24588276","24588586","chr27","25701813","25702122","30","1113537"
"chr4","24589419","24589684","chr10","82959509","82959773","44","58370090"
"chr4","24655532","24655812","chr27","25632287","25632572","28","976755"
"chr4","24661704","24662005","chr27","25626100","25626406","28","964396"
"chr4","24760302","24760621","chr17","60733670","60733976","68","35973368"
"chr4","24808727","24809032","chr16","4654754","4655057","41","20153973"
"chr4","24816729","24816892","chr4","42236418","42236581","17","17419689"
"chr4","24830956","24831245","chr27","25463775","25464066","21","632819"
"chr4","24884046","24884342","chr27","25418240","25418526","33","534194"
"chr4","24889176","24889489","chr27","25411598","25411900","39","522422"
"chr4","24920128","24920430","chr4","31876349","31876651","27","6956221"
"chr4","24982527","24982804","chr27","25319129","25319408","26","336602"
"chr4","25038897","25039206","chr6","48846530","48846838","46","23807633"
"chr4","25096670","25096973","chr14","14997912","14998214","37","10098758"
"chr4","25104948","25105143","chr11","50423234","50423428","28","25318286"
"chr4","25107807","25108098","chr19","30057411","30057704","42","4949604"
"chr4","25115168","25115461","chr27","25177019","25177321","36","61851"
"chr4","25128780","25128967","chr25","49483517","49483706","32","24354737"
"chr4","25131586","25131886","chr27","25162217","25162511","36","30631"
"chr4","25137263","25137566","chr27","25156672","25156984","31","19409"
"chr4","25157214","25157512","chr16","45636697","45636993","41","20479483"
"chr4","25184096","25184399","chr21","37529812","37530112","36","12345716"
"chr4","25253647","25253954","chr27","25058385","25058687","38","195262"
"chr4","25254686","25254974","chr19","7242978","7243268","36","18011708"
"chr4","25268902","25269201","chr29","3679597","3679897","33","21589305"
"chr4","25275453","25275747","chr27","25037182","25037479","24","238271"
"chr4","25356388","25356570","chr27","24958369","24958548","14","398019"
"chr4","25373353","25373561","chr27","24939879","24940088","17","433474"
"chr4","25382456","25382749","chr27","24930616","24930908","24","451840"
"chr4","25383812","25384123","chr5","39045605","39045909","35","13661793"
"chr4","25388852","25389152","chr27","24923442","24923742","43","465410"
"chr4","25397098","25397399","chr27","24918297","24918606","28","478801"
"chr4","25400210","25400486","chr20","99909114","99909396","35","74508904"
"chr4","25414730","25415019","chr27","24901222","24901522","39","513508"
"chr4","25417904","25418102","chr23","41306689","41306886","34","15888785"
"chr4","25427504","25427709","chr27","24887913","24888118","11","539591"
"chr4","25432072","25432249","chr27","24883103","24883284","16","548969"
"chr4","25451173","25451479","chr27","24870646","24870943","33","580527"
"chr4","25455570","25455865","chr27","24859161","24859452","18","596409"
"chr4","25456175","25456471","chr27","24858553","24858850","15","597622"
"chr4","25460614","25460823","chr9","44678427","44678629","75","19217813"
"chr4","25461287","25461600","chr27","24852892","24853206","28","608395"
"chr4","25469361","25469650","chr7","111567460","111567746","41","86098099"
"chr4","25474390","25474660","chrUn_KE147549v1","2702","2971","40","25471688"
"chr4","25474913","25475139","chr5","61109014","61109246","54","35634101"
"chr4","25484284","25484590","chr27","24830796","24831096","45","653488"
"chr4","25485702","25485999","chr27","24829390","24829681","32","656312"
"chr4","25491687","25491984","chr27","24824366","24824665","25","667321"
"chr4","25512689","25512980","chr8","26252890","26253186","35","740201"
"chr4","25521633","25521936","chr16","64451532","64451827","41","38929899"
"chr4","25524726","25525029","chr27","24796139","24796444","47","728587"
"chr4","25526834","25527117","chr27","24793997","24794279","19","732837"
"chr4","25536381","25536686","chr27","24784761","24785067","28","751620"
"chr4","25543472","25543767","chr27","24778643","24778944","31","764829"
"chr4","25553796","25554091","chr11","96978397","96978692","38","71424601"
"chr4","25555394","25555693","chr8","40178073","40178373","36","14622679"
"chr4","25562219","25562530","chr27","24761223","24761527","38","800996"
"chr4","25578374","25578683","chr27","24748669","24748974","26","829705"
"chr4","25582589","25582882","chr20","92391112","92391404","38","66808523"
"chr4","25588802","25589109","chr27","24740621","24740930","28","848181"
"chr4","25596621","25596910","chr2","49844671","49844962","33","24248050"
"chr4","25596934","25597245","chr27","24714161","24714467","33","882773"
"chr4","25599184","25599422","chr27","24711400","24711646","32","887784"
"chr4","25614593","25614880","chr2","60066499","60066784","42","34451906"
"chr4","25617422","25617709","chr2","60066499","60066784","44","34449077"
"chr4","25624040","25624327","chr3","59059643","59059942","38","33435603"
"chr4","25640975","25641264","chr27","24670213","24670521","49","970762"
"chr4","25644617","25644916","chr27","24666608","24666910","29","978009"
"chr4","25661878","25662163","chr27","24642213","24642500","26","1019665"
"chr4","25664279","25664603","chr8","89753632","89753941","43","64089353"
"chr4","25668331","25668642","chr6","15813882","15814194","47","9854449"
"chr4","25670950","25671261","chr6","15813882","15814194","44","9857068"
"chr4","25674720","25675012","chr6","29336391","29336683","31","3661671"
"chr4","25690666","25690968","chr27","24620629","24620935","40","1070037"
"chr4","25696871","25697180","chr21","126625473","126625781","39","100928602"
"chr4","25707851","25708151","chr8","97234945","97235241","37","71527094"
"chr4","25727322","25727620","chr27","24581982","24582281","33","1145340"
"chr4","25730772","25731083","chr11","36438386","36438692","31","10707614"
"chr4","25734906","25735175","chr27","24574521","24574806","32","1160385"
"chr4","25787760","25788045","chr27","24521763","24522077","40","1265997"
"chr4","25807683","25807989","chr10","88760771","88761072","32","62953088"
"chr4","25811545","25811854","chr9","92446514","92446821","27","66634969"
"chr4","25816793","25817093","chr27","24487445","24487746","30","1329348"
"chr4","25848842","25849150","chr27","24455857","24456168","27","1392985"
"chr4","25860122","25860418","chr27","24444484","24444789","23","1415638"
"chr4","25877885","25878177","chr27","24426371","24426662","24","1451514"
"chr4","25886277","25886592","chr18","48815029","48815336","40","22928752"
"chr4","25897289","25897595","chr4","31876349","31876651","39","5979060"
"chr4","25901980","25902265","chr27","24403103","24403376","31","1498877"
"chr4","25947612","25947917","chr27","24360152","24360454","28","1587460"
"chr4","25960651","25960954","chr27","24351760","24352054","31","1608891"
"chr4","25964918","25965215","chr24","40758560","40758856","31","14793642"
"chr4","25984979","25985276","chr27","24322952","24323266","44","1662027"
"chr4","25996993","25997291","chr27","24311678","24311971","27","1685315"
"chr4","26023692","26023995","chr27","24286009","24286312","35","1737683"
"chr4","26029416","26029709","chr27","24277138","24277433","29","1752278"
"chr4","26034279","26034579","chr15","37668743","37669048","39","11634464"
"chr4","26040127","26040438","chr27","24267897","24268210","32","1772230"
"chr4","26124727","26125068","chr25","73551575","73551899","60","47426848"
"chr4","26152442","26152609","chr14","74170965","74171131","20","48018523"
"chr4","26153272","26153573","chr27","24159693","24159990","26","1993579"
"chr4","26191339","26191646","chr1","67026506","67026811","33","40835167"
"chr4","26194969","26195281","chr27","24118121","24118423","34","2076848"
"chr4","26218150","26218429","chr27","24094781","24095060","30","2123369"
"chr4","26220427","26220646","chr20","124415167","124415386","27","98194740"
"chr4","26233762","26234056","chr27","24079256","24079550","35","2154506"
"chr4","26238539","26238834","chr8","135358667","135358960","45","109120128"
"chr4","26248611","26248914","chr27","24064157","24064451","37","2184454"
"chr4","26251713","26252000","chr1","2170422","2170709","49","24081291"
"chr4","26257838","26258137","chr27","24054621","24054913","35","2203217"
"chr4","26261135","26261425","chr16","59525991","59526277","31","33264856"
"chr4","26279315","26279617","chr3","9026672","9026974","33","17252643"
"chr4","26279905","26280202","chr18","31386596","31386890","38","5106691"
"chr4","26283519","26283822","chr16","61063438","61063741","39","34779919"
"chr4","26303432","26303729","chr27","24009931","24010211","37","2293501"
"chr4","26306355","26306662","chr27","24007266","24007565","36","2299089"
"chr4","26309395","26309686","chr27","24004580","24004881","33","2304815"
"chr4","26309776","26310060","chr27","24004205","24004494","22","2305571"
"chr4","26323993","26324299","chr27","23990508","23990816","36","2333485"
"chr4","26324848","26325156","chr27","7663721","7664031","43","18661127"
"chr4","26333903","26334198","chr22","45835036","45835330","35","19501133"
"chr4","26344534","26344865","chr27","23969993","23970301","50","2374541"
"chr4","26349322","26349629","chr27","23964044","23964351","27","2385278"
"chr4","26363966","26364177","chr14","4267909","4268136","43","22096057"
"chr4","26392329","26392627","chr27","23924401","23924697","22","2467928"
"chr4","26469670","26469979","chr4","71397848","71398149","43","44928178"
"chr4","26470392","26470546","chr7","38652036","38652186","23","12181644"
"chr4","26476865","26476945","chr24","67120222","67120280","37","40643357"
"chr4","26476981","26477255","chr27","23842345","23842597","40","2634636"
"chr4","26490191","26490490","chr27","23828609","23828903","35","2661582"
"chr4","26502675","26502979","chr4","63048739","63049041","41","36546064"
"chr4","26587450","26587750","chr27","23735833","23736144","31","2851617"
"chr4","26723069","26723364","chr27","23610775","23611084","29","3112294"
"chr4","26776047","26776353","chr27","23559417","23559734","39","3216630"
"chr4","26813850","26814073","chr20","73033926","73034164","71","46220076"
"chr4","26816322","26816582","chr27","23519054","23519321","34","3297268"
"chr4","26848735","26849036","chr27","23485988","23486283","26","3362747"
"chr4","26886194","26886494","chr24","78742507","78742812","35","51856313"
"chr4","27008584","27008897","chr27","23320569","23320873","32","3688015"
"chr4","27036379","27036689","chr27","23293212","23293513","28","3743167"
"chr4","27094446","27094637","chr27","23236882","23237061","23","3857564"
"chr4","27111682","27111989","chr27","23219887","23220195","25","3891795"
"chr4","27116345","27116680","chr20","103593370","103593683","62","76477025"
"chr4","27126589","27126907","chr6","33162057","33162362","41","6035468"
"chr4","27180603","27180908","chr27","23151397","23151716","43","4029206"
"chr4","27188829","27189119","chr21","11384164","11384453","32","15804665"
"chr4","27266651","27266956","chr20","106535555","106535863","40","79268904"
"chr4","27363478","27363755","chr27","22975239","22975522","35","4388239"
"chr4","27367936","27368245","chr19","9514256","9514567","31","17853680"
"chr4","27458232","27458531","chr27","22882623","22882918","24","4575609"
"chr4","27478263","27478581","chrX","115759869","115760178","36","88281606"
"chr4","27776194","27776493","chr22","10845825","10846117","55","16930369"
"chr4","27779243","27779558","chr27","22562327","22562629","45","5216916"
"chr4","27808881","27809179","chr1","19453527","19453824","45","8355354"
"chr4","27919408","27919718","chr7","20905717","20906021","43","7013691"
"chr4","28349508","28349805","chr27","22003354","22003649","26","6346154"
"chr4","28464512","28464821","chr27","21871318","21871626","28","6593194"
"chr4","28671010","28671306","chr6","33908236","33908526","33","5237226"
"chr4","28689696","28690020","chr27","21635149","21635458","39","7054547"
"chr4","28734729","28735030","chr27","21590673","21590975","28","7144056"
"chr4","28796959","28797286","chrX","30775628","30775939","58","1978669"
"chr4","28827514","28827825","chr11","4422956","4423267","31","24404558"
"chr4","28857281","28857578","chr4","38864971","38865258","81","10007690"
"chr4","28859066","28859395","chr27","21479153","21479489","47","7379913"
"chr4","28960221","28960433","chr27","21381011","21381231","35","7579210"
"chr4","29122682","29122977","chr20","77903993","77904291","32","48781311"
"chr4","29216960","29217259","chr8","119975330","119975634","51","90758370"
"chr4","29263484","29263787","chr27","21079173","21079474","33","8184311"
"chr4","29333282","29333594","chr5","17328346","17328645","53","12004936"
"chr4","29424405","29424710","chr22","49594481","49594784","40","20170076"
"chr4","29426356","29426662","chr27","20919009","20919320","37","8507347"
"chr4","29480667","29480952","chr27","20859871","20860168","41","8620796"
"chr4","29601228","29601513","chr14","60420397","60420678","40","30819169"
"chr4","29663044","29663259","chr12","10407166","10407379","28","19255878"
"chr4","29681879","29682149","chr27","20663303","20663583","39","9018576"
"chr4","29697614","29697892","chr27","20648094","20648368","45","9049520"
"chr4","29817243","29817541","chr11","603615","603907","43","29213628"
"chr4","29835761","29836070","chr27","20502661","20502971","37","9333100"
"chr4","29858194","29858504","chr1","17709882","17710187","44","12148312"
"chr4","29896659","29896954","chr27","20440575","20440875","35","9456084"
"chr4","30017812","30018123","chr10","99414336","99414644","38","69396524"
"chr4","30062585","30062891","chr27","20269754","20270052","37","9792831"
"chr4","30127679","30127963","chr13","85666865","85667148","31","55539186"
"chr4","30159678","30159982","chr8","10801167","10801476","43","19358511"
"chr4","30194795","30195075","chr27","40797453","40797734","38","10602658"
"chr4","30313675","30313969","chr26","22372480","22372776","47","7941195"
"chr4","30322235","30322517","chr27","20009422","20009711","51","10312813"
"chr4","30450712","30450995","chr16","7051402","7051682","47","23399310"
"chr4","30497177","30497488","chr1","57381049","57381356","39","26883872"
"chr4","30514532","30514818","chr16","3030948","3031228","35","27483584"
"chr4","30515909","30516214","chr7","58149931","58150230","33","27634022"
"chr4","30520666","30520976","chr27","19813381","19813699","30","10707285"
"chr4","30562155","30562456","chr1","93758090","93758391","46","63195935"
"chr4","30657664","30657959","chr27","19668253","19668554","30","10989411"
"chr4","30667619","30667936","chr23","75121731","75122042","39","44454112"
"chr4","30707564","30707872","chr6","7583070","7583380","38","23124494"
"chr4","30725614","30725845","chr27","19599640","19599870","19","11125974"
"chr4","30732633","30732928","chr7","131958105","131958400","36","101225472"
"chr4","30745560","30745864","chr27","19579723","19580017","35","11165837"
"chr4","30752671","30752989","chr19","32687429","32687741","51","1934758"
"chr4","30785049","30785349","chr6","43048757","43049057","36","12263708"
"chr4","30834602","30834910","chr2","65319575","65319883","38","34484973"
"chr4","30880277","30880577","chr24","40758560","40758856","35","9878283"
"chr4","30921482","30921764","chr25","42774885","42775167","38","11853403"
"chr4","30959083","30959352","chr9","94218785","94219064","36","63259702"
"chr4","30966902","30967202","chr9","117230098","117230400","29","86263196"
"chr4","30993919","30994201","chr27","19328321","19328607","31","11665598"
"chr4","31030063","31030372","chr16","5146243","5146547","40","25883820"
"chr4","31089051","31089320","chr16","3178099","3178363","41","27910952"
"chr4","31091609","31091920","chr11","4422956","4423267","44","26668653"
"chr4","31144194","31144499","chr27","19180733","19181046","38","11963461"
"chr4","31150295","31150587","chr6","13187082","13187376","41","17963213"
"chr4","31248435","31248718","chr9","113942633","113942919","40","82694198"
"chr4","31254930","31255201","chr12","18982850","18983127","49","12272080"
"chr4","31409871","31410163","chr11","71843992","71844280","41","40434121"
"chr4","31422498","31422801","chr6","8918236","8918539","34","22504262"
"chr4","31433645","31433957","chr8","26185267","26185573","47","5248378"
"chr4","31514688","31514959","chr27","18830279","18830548","37","12684409"
"chr4","31554144","31554408","chr27","18792636","18792909","44","12761508"
"chr4","31588639","31588978","chr27","18758454","18758807","48","12830185"
"chr4","31595385","31595668","chr2","56395522","56395806","38","24800137"
"chr4","31643794","31644090","chr9","28424052","28424350","36","3219742"
"chr4","31748808","31749102","chr1","9922951","9923243","34","21825857"
"chr4","31839146","31839448","chr6","9361574","9361879","43","22477572"
"chr4","31851112","31851407","chr27","18475441","18475731","35","13375671"
"chr4","31892842","31893125","chr16","4612111","4612397","42","27280731"
"chr4","32055895","32056179","chr22","8146738","8147025","33","23909157"
"chr4","32142791","32143062","chr4","16460480","16460752","35","15682311"
"chr4","32148073","32148370","chr27","18185424","18185726","31","13962649"
"chr4","32174227","32174527","chr29","14664678","14664974","39","17509549"
"chr4","32196585","32196885","chr12","964980","965277","36","31231605"
"chr4","32241688","32241969","chr11","24719272","24719552","39","7522416"
"chr4","32246839","32246991","chr3","85308027","85308183","27","53061188"
"chr4","32250960","32251256","chr9","112424856","112425153","37","80173896"
"chr4","32286124","32286434","chr9","12892593","12892900","42","19393531"
"chr4","32374843","32375137","chr27","17907806","17908100","29","14467037"
"chr4","32472779","32473114","chr27","17805535","17805857","45","14667244"
"chr4","32538245","32538541","chr6","9472259","9472556","40","23065986"
"chr4","32637908","32638206","chr20","120483502","120483799","36","87845594"
"chr4","32648945","32649240","chr27","17604247","17604534","35","15044698"
"chr4","32714672","32714974","chr11","26824297","26824589","51","5890375"
"chr4","32738212","32738544","chr14","82458719","82459050","58","49720507"
"chr4","32775818","32775993","chr27","17474151","17474327","19","15301667"
"chr4","32778732","32779051","chr27","17471919","17472241","36","15306813"
"chr4","32904451","32904737","chr1","37727362","37727648","39","4822911"
"chr4","32979504","32979806","chr27","17262260","17262555","34","15717244"
"chr4","33109016","33109296","chr27","17134584","17134871","32","15974432"
"chr4","33111277","33111460","chr28","10012210","10012393","25","23099067"
"chr4","33115429","33115750","chr27","17126574","17126896","40","15988855"
"chr4","33152448","33152742","chr12","18563142","18563439","48","14589306"
"chr4","33175918","33176224","chr27","17070461","17070773","31","16105457"
"chr4","33432532","33432816","chr18","65387485","65387765","39","31954953"
"chr4","33542567","33542863","chr27","16721944","16722247","42","16820623"
"chr4","33692703","33692858","chr9","28458461","28458624","28","5234242"
"chr4","33749959","33750228","chr27","16493548","16493837","40","17256411"
"chr4","33761078","33761387","chr27","16485193","16485503","28","17275885"
"chr4","33797886","33798195","chr27","16450910","16451216","29","17346976"
"chr4","33899764","33900039","chr6","21644842","21645117","34","12254922"
"chr4","33908563","33908849","chr20","127989896","127990174","49","94081333"
"chr4","34002421","34002708","chr23","43922102","43922399","39","9919681"
"chr4","34039268","34039557","chr1","18723223","18723503","43","15316045"
"chr4","34205289","34205596","chr10","43785606","43785909","47","9580317"
"chr4","34278705","34279011","chr24","44840967","44841275","38","10562262"
"chr4","34303185","34303492","chr25","27069351","27069659","34","7233834"
"chr4","34726283","34726591","chrX_KE148108v1_random","5929441","5929743","44","28796842"
"chr4","34849899","34850183","chr6","12217341","12217632","50","22632558"
"chr4","34876236","34876538","chrX","17556505","17556807","45","17319731"
"chr4","35213795","35214109","chr11","47405582","47405890","48","12191787"
"chr4","35233031","35233333","chr27","15003248","15003545","35","20229783"
"chr4","35255180","35255463","chr27","14984618","14984907","36","20270562"
"chr4","35285769","35286068","chr9","51469130","51469430","43","16183361"
"chr4","35345187","35345483","chr11","96978397","96978692","36","61633210"
"chr4","35346960","35347266","chrUn_KE147541v1","90633","90938","39","35256327"
"chr4","35493466","35493740","chr24","9388249","9388525","43","26105217"
"chr4","35533092","35533394","chr28","19188684","19188984","34","16344408"
"chr4","35629547","35629829","chr12","7902931","7903207","33","27726616"
"chr4","35788053","35788365","chr24","7204590","7204900","46","28583463"
"chr4","35829862","35830195","chr1","2961603","2961921","68","32868259"
"chr4","35855946","35856255","chr8","50034452","50034757","38","14178506"
"chr4","35943637","35943952","chr5","73064304","73064612","42","37120667"
"chr4","35955407","35955706","chr27","14289399","14289711","45","21666008"
"chr4","35968323","35968616","chr27","14276922","14277208","43","21691401"
"chr4","35996848","35997150","chr26","18344490","18344794","28","17652358"
"chr4","36008009","36008312","chr2","80261510","80261816","39","44253501"
"chr4","36016785","36017053","chr8","137568398","137568670","41","101551613"
"chr4","36122219","36122491","chr12","12363435","12363707","37","23758784"
"chr4","36232713","36233026","chr27","14018178","14018494","40","22214535"
"chr4","36259359","36259670","chr27","13993043","13993337","47","22266316"
"chr4","36280396","36280653","chrX","125111693","125111985","60","88831297"
"chr4","36298145","36298456","chr3","30508817","30509125","37","5789328"
"chr4","36329413","36329701","chr17","43430201","43430490","37","7100788"
"chr4","36620694","36621003","chr10","126526635","126526939","45","89905941"
"chr4","36714954","36715257","chr27","13546762","13547076","33","23168192"
"chr4","36763192","36763356","chr6","49269758","49269925","22","12506566"
"chr4","36970060","36970399","chr6","18071018","18071362","64","18899042"
"chr4","36977842","36978146","chr27","13283772","13284076","38","23694070"
"chr4","37000864","37001159","chr27","13262391","13262684","26","23738473"
"chr4","37228890","37229187","chr24","67839479","67839776","29","30610589"
"chr4","37232271","37232562","chr27","13021352","13021649","29","24210919"
"chr4","37292562","37292872","chr6","40061617","40061925","41","2769055"
"chr4","37324174","37324468","chr4","36036902","36037194","36","1287272"
"chr4","37369944","37370202","chr27","12889351","12889612","30","24480593"
"chr4","37372072","37372373","chr27","12886822","12887129","29","24485250"
"chr4","37456161","37456444","chr1","21758401","21758689","34","15697760"
"chr4","37520224","37520539","chr27","12744122","12744435","36","24776102"
"chr4","37554332","37554643","chr27","12718333","12718637","29","24835999"
"chr4","37576873","37577182","chr27","12696735","12697042","31","24880138"
"chr4","37579887","37580168","chr27","12693733","12694015","15","24886154"
"chr4","37612509","37612817","chr18","48815029","48815336","33","11202520"
"chr4","37622889","37623190","chr5","22530212","22530512","30","15092677"
"chr4","37665492","37665791","chr27","12610898","12611196","23","25054594"
"chr4","37671262","37671573","chrUn_KE147541v1","563683","563994","45","37107579"
"chr4","37685602","37685897","chr27","12589799","12590097","39","25095803"
"chr4","37713476","37713780","chr27","12566257","12566560","25","25147219"
"chr4","37754493","37754792","chr6","17650071","17650364","39","20104422"
"chr4","37868409","37868707","chr5","50489073","50489372","35","12620664"
"chr4","37891887","37892162","chr10","91998387","91998668","33","54106500"
"chr4","37900285","37900571","chr27","12379711","12380005","39","25520574"
"chr4","37923731","37924002","chr26","19020591","19020870","43","18903140"
"chr4","37925383","37925684","chr27","12355084","12355387","23","25570299"
"chr4","37980346","37980636","chr14","68867958","68868256","43","30887612"
"chr4","37987486","37987787","chr2","24996281","24996582","33","12991205"
"chr4","37992858","37993168","chr27","12295795","12296105","42","25697063"
"chr4","38001119","38001426","chrX","45693814","45694119","37","7692695"
"chr4","38065527","38065841","chr27","12231560","12231876","45","25833967"
"chr4","38066242","38066553","chr26","2688780","2689091","38","35377462"
"chr4","38150952","38151253","chr5","38258697","38258990","34","107745"
"chr4","38162929","38163239","chr17","30116027","30116341","35","8046902"
"chr4","38212371","38212677","chr27","12090125","12090427","33","26122246"
"chr4","38217184","38217489","chr27","12085019","12085325","33","26132165"
"chr4","38218895","38219204","chr11","36438386","36438692","36","1780509"
"chr4","38230435","38230723","chr10","127193238","127193529","36","88962803"
"chr4","38268499","38268810","chr2","63121771","63122074","42","24853272"
"chr4","38366682","38366990","chr27","11929157","11929466","32","26437525"
"chr4","38381827","38382149","chr2","13355109","13355411","53","25026718"
"chr4","38465015","38465309","chr1","19453527","19453824","33","19011488"
"chr4","38529641","38529933","chr8","119940020","119940314","38","81410379"
"chr4","38536158","38536461","chr27","11769815","11770123","29","26766343"
"chr4","38546389","38546675","chr1","4553757","4554039","38","33992632"
"chr4","38576851","38577157","chr24","43741875","43742179","35","5165024"
"chr4","38582918","38583193","chr27","11723572","11723837","31","26859346"
"chr4","38602120","38602420","chr12","103558740","103559039","34","64956620"
"chr4","38628286","38628581","chr8","35930769","35931065","30","2697517"
"chr4","38631690","38631994","chr27","11680436","11680732","35","26951254"
"chr4","38636749","38637048","chr27","11675728","11676021","37","26961021"
"chr4","38693659","38693944","chr27","11621765","11622056","28","27071894"
"chr4","38724076","38724370","chr9","60897608","60897902","33","22173532"
"chr4","38794826","38795031","chr27","11506229","11506429","16","27288597"
"chr4","38815426","38815733","chr27","11484894","11485197","32","27330532"
"chr4","38850526","38850831","chr27","11451625","11451929","25","27398901"
"chr4","38860339","38860637","chr27","11444762","11445042","41","27415577"
"chr4","38873008","38873312","chr27","11438149","11438455","37","27434859"
"chr4","38875199","38875428","chr14","33243555","33243779","35","5631644"
"chr4","38900202","38900510","chr27","11411804","11412103","31","27488398"
"chr4","38902273","38902573","chr20","92192486","92192788","31","53290213"
"chr4","38909512","38909820","chr5","26410686","26410992","37","12498826"
"chr4","38916925","38917220","chr27","11395438","11395744","39","27521487"
"chr4","38925567","38925888","chr16","7800971","7801290","46","31124596"
"chr4","38956502","38956813","chrX","96519022","96519333","41","57562520"
"chr4","38973703","38974011","chr27","11338015","11338324","35","27635688"
"chr4","39004823","39005115","chr6","41738554","41738850","36","2733731"
"chr4","39016446","39016733","chr18","66439049","66439335","33","27422603"
"chr4","39021738","39022025","chr27","11289669","11289973","34","27732069"
"chr4","39028489","39028798","chr27","11282788","11283092","32","27745701"
"chr4","39035634","39035931","chr1","62642176","62642473","30","23606542"
"chr4","39040406","39040645","chr9","61704066","61704306","56","22663660"
"chr4","39041549","39041850","chr3","9026672","9026974","35","30014877"
"chr4","39058057","39058351","chr27","11252453","11252748","18","27805604"
"chr4","39074065","39074319","chr3","20266508","20266782","56","18807557"
"chr4","39117592","39117873","chr27","11194714","11194993","23","27922878"
"chr4","39125831","39126142","chr29","3194030","3194334","41","35931801"
"chr4","39128426","39128750","chr27","11183538","11183809","69","27944888"
"chr4","39197595","39197889","chr7","134094765","134095057","34","94897170"
"chr4","39207671","39207970","chr27","11109712","11110004","28","28097959"
"chr4","39213961","39214231","chr8","34659921","34660202","40","4554040"
"chr4","39221724","39222040","chr27","11098902","11099202","26","28122822"
"chr4","39267501","39267727","chr27","11057703","11057924","28","28209798"
"chr4","39288461","39288725","chr10","62608000","62608267","54","23319539"
"chr4","39325866","39326044","chr6","260656","260833","25","39065210"
"chr4","39327191","39327497","chr11","52638776","52639087","43","13311585"
"chr4","39337250","39337544","chr27","10993109","10993393","33","28344141"
"chr4","39352361","39352635","chr20","110857281","110857546","46","71504920"
"chr4","39371320","39371621","chr1","48234255","48234556","33","8862935"
"chr4","39379129","39379435","chr27","10951392","10951697","30","28427737"
"chr4","39404490","39404795","chr6","7177296","7177603","36","32227194"
"chr4","39406290","39406589","chr20","105607435","105607747","54","66201145"
"chr4","39409023","39409324","chr5","17175469","17175766","34","22233554"
"chr4","39429771","39430075","chr21","124655752","124656055","29","85225981"
"chr4","39456090","39456392","chr16","2349240","2349537","30","37106850"
"chr4","39463692","39463987","chr27","10875351","10875641","25","28588341"
"chr4","39468322","39468631","chr27","10869736","10870045","20","28598586"
"chr4","39469053","39469338","chr27","10868698","10868987","20","28600355"
"chr4","39477227","39477530","chr7","12624075","12624378","46","26853152"
"chr4","39477832","39478140","chr27","10859406","10859715","26","28618426"
"chr4","39506389","39506677","chr27","10831540","10831833","24","28674849"
"chr4","39520086","39520379","chr11","6429844","6430143","38","33090242"
"chr4","39520587","39520759","chr27","10816683","10816860","17","28703904"
"chr4","39521961","39522279","chr27","10815174","10815485","35","28706787"
"chr4","39523689","39523854","chr6","3480379","3480542","29","36043310"
"chr4","39549220","39549526","chr8","124069052","124069363","39","84519832"
"chr4","39553197","39553512","chr27","10784003","10784313","36","28769194"
"chr4","39553895","39554197","chr15","27707893","27708202","33","11846002"
"chr4","39557849","39558157","chr27","10779673","10779984","33","28778176"
"chr4","39563972","39564274","chr27","10773867","10774158","33","28790105"
"chr4","39602357","39602593","chr9","61704066","61704306","42","22101709"
"chr4","39605897","39606199","chr11","120526163","120526460","36","80920266"
"chr4","39618276","39618570","chr27","10722954","10723252","30","28895322"
"chr4","39619717","39620019","chr27","10721512","10721808","34","28898205"
"chr4","39620772","39621070","chr27","10720471","10720765","23","28900301"
"chr4","39626241","39626458","chr27","10714098","10714313","23","28912143"
"chr4","39631129","39631432","chr27","10719384","10719685","20","28911745"
"chr4","39640375","39640670","chr9","21610624","21610913","35","18029751"
"chr4","39660837","39661111","chr27","10695234","10695510","21","28965603"
"chr4","39686761","39687060","chr27","10659561","10659866","29","29027200"
"chr4","39693028","39693338","chr14","78717598","78717904","40","39024570"
"chr4","39693897","39694220","chr27","10653193","10653512","40","29040704"
"chr4","39726903","39727212","chr6","29308571","29308882","36","10418332"
"chr4","39729122","39729381","chr27","10619565","10619819","26","29109557"
"chr4","39733997","39734311","chr27","10614631","10614939","30","29119366"
"chr4","39735226","39735435","chr27","10613506","10613714","22","29121720"
"chr4","39764643","39764928","chr27","10589815","10590088","39","29174828"
"chr4","39765506","39765771","chr27","10587936","10588196","27","29177570"
"chr4","39767431","39767729","chr27","10585943","10586244","15","29181488"
"chr4","39776886","39777192","chr27","10576054","10576364","29","29200832"
"chr4","39783568","39783865","chr11","96978397","96978692","29","57194829"
"chr4","39795758","39796069","chr5","74385170","74385481","32","34589412"
"chr4","39804197","39804504","chr3","24412863","24413176","51","15391334"
"chr4","39808735","39808896","chr9","95494159","95494320","25","55685424"
"chr4","39822849","39823144","chr26","43663051","43663349","34","3840202"
"chr4","39840736","39841025","chr27","10515587","10515894","40","29325149"
"chr4","39843950","39844258","chr16","45162094","45162404","37","5318144"
"chr4","39844722","39845015","chrX","44445185","44445485","35","4600463"
"chr4","39873715","39873999","chr6","33908236","33908526","34","5965479"
"chr4","39874077","39874266","chr12","98448077","98448264","30","58574000"
"chr4","39889088","39889418","chr9","81426371","81426702","35","41537283"
"chr4","39904906","39905191","chr27","10447317","10447589","28","29457589"
"chr4","39943408","39943542","chr6","18129681","18129816","23","21813727"
"chr4","39943941","39944107","chr27","10404667","10404828","18","29539274"
"chr4","39945781","39946073","chr24","10629028","10629331","48","29316753"
"chr4","39950271","39950570","chr19","16064888","16065182","37","23885383"
"chr4","39955757","39956071","chr27","10392866","10393175","33","29562891"
"chr4","39964595","39964901","chr27","10385349","10385641","40","29579246"
"chr4","39970960","39971244","chr27","10380206","10380492","24","29590754"
"chr4","39978595","39978906","chr2","39182421","39182732","40","796174"
"chr4","39979302","39979609","chr27","10370186","10370493","22","29609116"
"chr4","39987980","39988285","chr27","10355739","10356044","28","29632241"
"chr4","39994918","39995189","chr4","76391823","76392096","51","36396905"
"chr4","40001428","40001695","chr6","49659388","49659650","43","9657960"
"chr4","40008465","40008764","chr27","10336637","10336932","33","29671828"
"chr4","40013744","40014035","chr27","10331659","10331966","34","29682085"
"chr4","40018917","40019189","chr1","66554119","66554398","37","26535202"
"chr4","40020709","40021012","chr6","41738554","41738850","40","1717845"
"chr4","40022443","40022752","chr27","10322178","10322489","37","29700265"
"chr4","40032798","40032975","chr16","53256115","53256293","23","13223317"
"chr4","40032977","40033271","chr9","33958924","33959219","30","6074053"
"chr4","40034345","40034639","chr27","10298266","10298557","27","29736079"
"chr4","40035288","40035585","chr24","81534444","81534741","43","41499156"
"chr4","40041289","40041594","chr27","45661645","45661945","44","5620356"
"chr4","40046993","40047255","chr5","2196061","2196318","44","37850932"
"chr4","40056885","40057193","chr29","9492557","9492859","38","30564328"
"chr4","40059226","40059387","chr23","79838641","79838798","27","39779415"
"chr4","40080175","40080349","chr27","10240668","10240835","21","29839507"
"chr4","40086117","40086419","chr11","12599158","12599456","36","27486959"
"chr4","40089747","40090018","chr9","7331539","7331805","52","32758208"
"chr4","40096638","40096814","chr27","10245368","10245537","25","29851270"
"chr4","40104340","40104650","chr27","10230469","10230777","30","29873871"
"chr4","40106471","40106693","chr27","10228335","10228549","25","29878136"
"chr4","40112179","40112467","chr3","13979299","13979588","42","26132880"
"chr4","40142098","40142317","chr27","10198687","10198913","14","29943411"
"chr4","40162385","40162685","chr8","7114217","7114516","22","33048168"
"chr4","40166004","40166315","chr27","10173371","10173680","22","29992633"
"chr4","40195729","40195968","chr27","10145738","10145987","28","30049991"
"chr4","40205531","40205796","chr9","7331539","7331805","38","32873992"
"chr4","40211447","40211742","chr20","87014982","87015270","58","46803535"
"chr4","40213265","40213575","chrX","111488159","111488465","36","71274894"
"chr4","40218643","40218924","chr27","10122596","10122864","26","30096047"
"chr4","40225556","40225843","chr27","10115986","10116268","32","30109570"
"chr4","40225852","40226124","chrX","62290731","62291003","35","22064879"
"chr4","40258325","40258635","chr27","10089239","10089554","37","30169086"
"chr4","40279780","40280083","chr16","823334","823630","41","39456446"
"chr4","40291989","40292259","chr11","52180411","52180692","47","11888422"
"chr4","40293282","40293515","chr20","94688536","94688769","31","54395254"
"chr4","40299640","40299943","chr11","27872325","27872626","34","12427315"
"chr4","40301024","40301318","chr12","26084664","26084963","33","14216360"
"chr4","40304178","40304395","chr11","124263168","124263380","43","83958990"
"chr4","40320413","40320714","chr7","20905717","20906021","27","19414696"
"chr4","40329208","40329515","chr21","124655752","124656055","42","84326544"
"chr4","40346773","40347058","chr1","18723223","18723503","47","21623550"
"chr4","40348886","40349160","chr21","97261728","97261999","34","56912842"
"chr4","40355768","40356049","chr27","9999652","9999952","41","30356116"
"chr4","40373019","40373221","chr23","41306689","41306886","46","933670"
"chr4","40387737","40388041","chr27","9963086","9963393","25","30424651"
"chr4","40396750","40397043","chr6","12817354","12817649","33","27579396"
"chr4","40407867","40408155","chr27","9942835","9943121","33","30465032"
"chr4","40412485","40412807","chr3","84612471","84612792","38","44199986"
"chr4","40418427","40418745","chr1","11459248","11459559","47","28959179"
"chr4","40426785","40427091","chr27","9924244","9924554","26","30502541"
"chr4","40433837","40434050","chr15","91604652","91604870","25","51170815"
"chr4","40440284","40440578","chr27","9913104","9913413","38","30527180"
"chr4","40491360","40491655","chr10","84922779","84923072","37","44431419"
"chr4","40504848","40505081","chr12","1305004","1305238","41","39199844"
"chr4","40508279","40508541","chr27","9850293","9850548","27","30657986"
"chr4","40514905","40515207","chr10","88760771","88761072","38","48245866"
"chr4","40515622","40515934","chr6","48846530","48846838","42","8330908"
"chr4","40522936","40523185","chr9","68311870","68312114","41","27788934"
"chr4","40539417","40539710","chr27","9817218","9817514","31","30722199"
"chr4","40550232","40550541","chr12","32139690","32139997","42","8410542"
"chr4","40557620","40557910","chr12","7293653","7293947","49","33263967"
"chr4","40558094","40558390","chr11","96978397","96978692","31","56420303"
"chr4","40558391","40558701","chr11","36438386","36438692","30","4120005"
"chr4","40562196","40562506","chr27","9795236","9795541","23","30766960"
"chr4","40566906","40567219","chr29","7854435","7854738","35","32712471"
"chr4","40567944","40568253","chr16","1717813","1718121","37","38850131"
"chr4","40573081","40573383","chr8","10316858","10317162","55","30256223"
"chr4","40581198","40581495","chr27","9772533","9772837","39","30808665"
"chr4","40585111","40585417","chr3","390926","391232","32","40194185"
"chr4","40605931","40606233","chr2","16217369","16217670","35","24388562"
"chr4","40620282","40620580","chr20","70647545","70647842","47","30027263"
"chr4","40640004","40640293","chr27","9724521","9724807","20","30915483"
"chr4","40644822","40645045","chr9","61704066","61704306","54","21059244"
"chr4","40645343","40645400","chr1","69638390","69638453","21","28993047"
"chr4","40651855","40652166","chrX_KE148109v1_random","2263653","2263954","44","38388202"
"chr4","40659277","40659587","chr27","9705970","9706281","29","30953307"
"chr4","40666820","40667128","chr16","8476344","8476649","25","32190476"
"chr4","40683730","40684023","chr5","287795","288091","40","40395935"
"chr4","40692422","40692726","chr27","9674548","9674849","28","31017874"
"chr4","40693415","40693689","chr20","97080026","97080303","34","56386611"
"chr4","40694210","40694498","chr7","31417444","31417732","44","9276766"
"chr4","40698198","40698473","chr24","80229987","80230257","36","39531789"
"chr4","40702151","40702456","chr27","9667071","9667375","36","31035080"
"chr4","40709967","40710179","chr27","9660556","9660775","28","31049411"
"chr4","40715433","40715734","chr27","9656104","9656409","23","31059329"
"chr4","40728550","40728852","chr27","9643071","9643376","45","31085479"
"chr4","40729056","40729350","chr6","3511679","3511974","27","37217377"
"chr4","40729573","40729871","chr27","9641722","9642029","31","31087851"
"chr4","40731091","40731381","chr7","37298478","37298772","34","3432613"
"chr4","40736600","40736931","chr27","9635321","9635644","33","31101279"
"chr4","40749180","40749474","chr22","49448140","49448433","36","8698960"
"chr4","40750058","40750372","chr5","56215675","56215986","41","15465617"
"chr4","40751993","40752304","chr7","11860302","11860609","43","28891691"
"chr4","40760263","40760549","chr1","67937430","67937722","35","27177167"
"chr4","40769307","40769619","chr27","9628493","9628805","28","31140814"
"chr4","40770071","40770363","chr6","17721519","17721809","38","23048552"
"chr4","40775996","40776301","chr17","11351073","11351379","35","29424923"
"chr4","40780454","40780638","chr7","130144305","130144486","25","89363851"
"chr4","40804608","40804893","chr28","20932102","20932385","35","19872506"
"chr4","40809509","40809816","chr28","1373348","1373653","43","39436161"
"chr4","40859452","40859747","chr11","96978397","96978692","27","56118945"
"chr4","40861106","40861258","chr27","9540986","9541138","9","31320120"
"chr4","40900207","40900501","chr6","30660837","30661129","41","10239370"
"chr4","40915985","40916289","chr27","9488172","9488476","23","31427813"
"chr4","40927936","40928092","chr26","18447187","18447341","25","22480749"
"chr4","40953777","40954099","chr27","9450776","9451085","45","31503001"
"chr4","40961612","40961925","chr27","9442584","9442884","30","31519028"
"chr4","40963292","40963594","chr6","10719654","10719956","33","30243638"
"chr4","40972358","40972661","chr27","9431892","9432191","26","31540466"
"chr4","41008172","41008468","chr27","9396251","9396544","35","31611921"
"chr4","41011627","41011910","chr27","9392513","9392797","39","31619114"
"chr4","41047949","41048249","chr1","54930135","54930430","34","13882186"
"chr4","41062978","41063268","chr27","9340009","9340295","30","31722969"
"chr4","41070698","41070985","chr27","9332326","9332618","22","31738372"
"chr4","41084902","41085234","chr27","9318193","9318533","45","31766709"
"chr4","41112540","41112845","chr2","61286840","61287151","41","20174300"
"chr4","41131182","41131494","chr27","9275248","9275559","24","31855934"
"chr4","41167047","41167340","chr3","25954684","25954976","48","15212363"
"chr4","41170365","41170664","chr28","19188684","19188984","30","21981681"
"chr4","41187851","41188159","chr27","9218112","9218414","32","31969739"
"chr4","41211005","41211277","chr27","9194649","9194919","27","32016356"
"chr4","41228929","41229062","chr27","9177142","9177267","11","32051787"
"chr4","41232357","41232660","chrX","58369155","58369458","46","17136798"
"chr4","41266738","41267030","chr27","9138267","9138552","28","32128471"
"chr4","41270767","41271049","chr27","9134243","9134530","27","32136524"
"chr4","41287224","41287525","chr16","62764099","62764400","37","21476875"
"chr4","41302844","41303140","chr27","9100399","9100695","26","32202445"
"chr4","41308818","41309109","chr27","9093766","9094070","30","32215052"
"chr4","41335096","41335412","chr26","56369086","56369403","45","15033990"
"chr4","41373383","41373688","chr16","30376150","30376453","32","10997233"
"chr4","41389854","41390193","chr3","226621","226957","46","41163233"
"chr4","41416389","41416715","chr2","80447235","80447562","53","39030846"
"chr4","41417237","41417539","chrX","38416664","38416967","32","3000573"
"chr4","41457466","41457767","chr27","8958213","8958527","33","32499253"
"chr4","41465350","41465641","chr27","8951955","8952247","18","32513395"
"chr4","41472538","41472846","chrX","97860329","97860640","39","56387791"
"chr4","41477246","41477553","chr27","8938472","8938774","29","32538774"
"chr4","41494955","41495246","chr27","8921030","8921321","25","32573925"
"chr4","41605133","41605390","chr19","27008157","27008419","37","14596976"
"chr4","41672526","41672818","chr27","8746430","8746730","35","32926096"
"chr4","41700959","41701244","chr27","8717921","8718208","21","32983038"
"chr4","41737814","41738108","chr1","19453527","19453824","37","22284287"
"chr4","41801234","41801533","chr5","61003110","61003410","49","19201876"
"chr4","41869050","41869349","chr27","8545426","8545734","34","33323624"
"chr4","41904466","41904753","chr17","56872363","56872654","44","14967897"
"chr4","41908499","41908677","chr5","27109469","27109640","21","14799030"
"chr4","41909434","41909741","chrX","42060720","42061024","39","151286"
"chr4","41912730","41913047","chr28","10549737","10550046","40","31362993"
"chr4","41953663","41953960","chr25","50652679","50652977","34","8699016"
"chr4","41984558","41984865","chr27","8440865","8441174","30","33543693"
"chr4","41985267","41985555","chr26","7321068","7321360","38","34664199"
"chr4","42062626","42062926","chr20","77903993","77904291","28","35841367"
"chr4","42063935","42064061","chr10","82920239","82920369","26","40856304"
"chr4","42088565","42088840","chr27","8336681","8336941","26","33751884"
"chr4","42106384","42106670","chr27","8314334","8314613","21","33792050"
"chr4","42147850","42148156","chr27","8270527","8270822","31","33877323"
"chr4","42151110","42151405","chr16","823334","823630","32","41327776"
"chr4","42161973","42162264","chr1","7223848","7224142","30","34938125"
"chr4","42166638","42166933","chr11","59887552","59887845","34","17720914"
"chr4","42210920","42211233","chr15","63652220","63652536","44","21441300"
"chr4","42280679","42280973","chr6","41767085","41767376","36","513594"
"chr4","42290679","42290990","chr27","8120070","8120376","31","34170609"
"chr4","42304510","42304787","chr27","8107020","8107310","35","34197490"
"chr4","42317628","42317922","chr20","95037372","95037673","39","52719744"
"chr4","42319853","42320152","chr6","41738554","41738850","39","581299"
"chr4","42320461","42320756","chr14","80171740","80172037","35","37851279"
"chr4","42335251","42335558","chr3","26811208","26811511","39","15524043"
"chr4","42338070","42338387","chr27","8074521","8074830","38","34263549"
"chr4","42347589","42347888","chr6","12968877","12969181","44","29378712"
"chr4","42378520","42378829","chr27","8038446","8038749","36","34340074"
"chr4","42384303","42384607","chr19","3784554","3784852","42","38599749"
"chr4","42411818","42412127","chr1","65093877","65094186","31","22682059"
"chr4","42456328","42456626","chr16","5424762","5425060","31","37031566"
"chr4","42460004","42460301","chr27","7958951","7959244","28","34501053"
"chr4","42484222","42484386","chr27","7934929","7935089","15","34549293"
"chr4","42542832","42543110","chr27","7877370","7877641","28","34665462"
"chr4","42554495","42554788","chr14","14541681","14541973","34","28012814"
"chr4","42555062","42555358","chr27","7864318","7864615","26","34690744"
"chr4","42572919","42573203","chr27","7841141","7841420","34","34731778"
"chr4","42611431","42611722","chr6","42512806","42513098","46","98625"
"chr4","42631956","42632260","chr27","7779350","7779655","51","34852606"
"chr4","42634694","42634977","chr16","15258476","15258757","34","27376218"
"chr4","42675700","42676007","chr12","9070428","9070738","35","33605272"
"chr4","42692864","42693181","chr27","7718088","7718402","39","34974776"
"chr4","42701382","42701703","chr10","24331092","24331413","44","18370290"
"chr4","42739935","42740238","chr27","7663721","7664031","28","35076214"
"chr4","42746604","42746873","chr27","7656798","7657071","26","35089806"
"chr4","42773369","42773652","chr6","6677593","6677876","43","36095776"
"chr4","42774434","42774702","chr27","7630028","7630299","23","35144406"
"chr4","42813379","42813673","chr20","101069011","101069309","37","58255632"
"chr4","42845997","42846304","chr20","108965294","108965594","44","66119297"
"chr4","42939577","42939879","chr14","64622470","64622768","42","21682893"
"chr4","43064839","43065146","chr27","7344496","7344807","25","35720343"
"chr4","43081694","43081910","chr27","7327297","7327516","23","35754397"
"chr4","43182591","43182758","chr9","57624793","57624958","30","14442202"
"chr4","43183281","43183432","chr25","21306979","21307125","41","21876302"
"chr4","43214297","43214562","chr2","86671775","86672041","46","43457478"
"chr4","43257830","43258127","chr20","109477150","109477446","37","66219320"
"chr4","43402772","43403079","chr27","7003173","7003480","26","36399599"
"chr4","43428497","43428735","chr9","61704066","61704306","44","18275569"
"chr4","43582678","43582983","chr27","6796407","6796711","26","36786271"
"chr4","43850929","43851223","chr27","6524176","6524474","37","37326753"
"chr4","43859003","43859312","chrX","111914347","111914651","37","68055344"
"chr4","43866091","43866383","chr11","96978397","96978692","46","53112306"
"chr4","43926504","43926747","chr3","7177643","7177890","41","36748861"
"chr4","43938946","43939251","chr5","59743438","59743749","36","15804492"
"chr4","44008305","44008561","chr10","87553092","87553358","39","43544787"
"chr4","44058708","44058997","chr27","6319110","6319406","36","37739598"
"chr4","44172290","44172505","chr27","6205032","6205245","20","37967258"
"chr4","44178844","44179129","chr9","96031746","96032034","42","51852902"
"chr4","44418840","44419142","chr7","12055602","12055906","35","32363238"
"chr4","44546133","44546412","chr16","67570039","67570317","30","23023906"
"chr4","44548486","44548781","chr11","120526163","120526460","31","75977677"
"chr4","44644272","44644558","chr7","14586299","14586584","45","30057973"
"chr4","44645583","44645695","chr26","28061212","28061297","53","16584371"
"chr4","44819014","44819310","chr27","5575591","5575884","25","39243423"
"chr4","44957145","44957456","chr2","2639520","2639830","41","42317625"
"chr4","44987321","44987609","chr7","33337452","33337750","35","11649869"
"chr4","45248145","45248446","chrX","21765768","21766071","43","23482377"
"chr4","45250866","45251165","chr7","33070899","33071194","33","12179967"
"chr4","45258698","45258865","chr7","33063532","33063703","15","12195166"
"chr4","45273480","45273777","chr16","30211499","30211800","37","15061981"
"chr4","45280719","45281003","chr8","98646476","98646766","39","53365757"
"chr4","45325943","45326255","chr7","33000062","33000372","28","12325881"
"chr4","45341954","45342241","chrX","8424378","8424660","35","36917576"
"chr4","45419537","45419809","chr12","7902931","7903207","35","37516606"
"chr4","45648263","45648550","chr20","130320933","130321221","41","84672670"
"chr4","46116022","46116274","chr7","32242969","32243229","30","13873053"
"chr4","46183263","46183564","chr7","32179449","32179749","26","14003814"
"chr4","46230862","46231116","chr7","32132187","32132440","23","14098675"
"chr4","46319253","46319524","chr7","32060168","32060438","29","14259085"
"chr4","46322874","46323169","chr17","29236373","29236669","33","17086501"
"chr4","46334151","46334442","chr7","32044308","32044592","39","14289843"
"chr4","46367564","46367799","chr7","32009507","32009742","31","14358057"
"chr4","46400702","46400997","chr7","31976906","31977197","29","14423796"
"chr4","46420215","46420530","chr2","377209","377518","47","46043006"
"chr4","46421583","46421883","chr23","80440056","80440350","46","34018473"
"chr4","46428242","46428530","chr7","31948857","31949140","22","14479385"
"chr4","46465868","46466073","chr7","15845768","15845962","40","30620100"
"chr4","46468458","46468754","chr1","70443301","70443595","34","23974843"
"chr4","46472660","46472960","chr10","124515532","124515831","40","78042872"
"chr4","46482142","46482448","chr20","111352130","111352435","39","64869988"
"chr4","46500001","46500229","chr2","36873610","36873852","56","9626391"
"chr4","46501651","46501928","chr7","31884297","31884576","20","14617354"
"chr4","46502260","46502570","chr7","31883560","31883868","30","14618700"
"chr4","46516922","46517224","chr26","24577418","24577720","37","21939504"
"chr4","46524468","46524629","chr7","31862686","31862856","23","14661782"
"chr4","46531022","46531332","chr16","5645410","5645718","44","40885612"
"chr4","46532890","46533197","chr7","31854165","31854470","26","14678725"
"chr4","46563903","46564204","chrX","22428011","22428306","38","24135892"
"chr4","46572992","46573273","chr15","90879535","90879814","40","44306543"
"chr4","46605818","46606122","chr7","31794252","31794557","24","14811566"
"chr4","46611625","46611822","chr17","38823537","38823742","46","7788088"
"chr4","46625931","46626232","chr7","31774584","31774884","25","14851347"
"chr4","46630116","46630417","chr7","31770584","31770885","24","14859532"
"chr4","46640045","46640332","chr8","57261930","57262224","39","10621885"
"chr4","46679542","46679834","chr7","31719994","31720293","24","14959548"
"chr4","46687782","46688091","chr7","31711742","31712053","35","14976040"
"chr4","46730477","46730722","chr2","32589024","32589284","53","14141453"
"chr4","46738379","46738626","chr7","31658819","31659069","28","15079560"
"chr4","46804617","46804870","chr2","62900490","62900729","47","16095873"
"chr4","46828297","46828596","chr8","9389586","9389883","40","37438711"
"chr4","46828752","46829078","chr7","31572187","31572501","48","15256565"
"chr4","46843124","46843447","chr7","31584627","31584930","43","15258497"
"chr4","46854061","46854363","chr7","31536066","31536375","30","15317995"
"chr4","46860712","46861008","chr21","104425546","104425839","45","57564834"
"chr4","46861482","46861793","chr23","59358083","59358392","42","12496601"
"chr4","46871618","46871907","chr7","31516582","31516874","31","15355036"
"chr4","46884873","46884932","chr1","46347727","46347767","26","537146"
"chr4","46906177","46906483","chr7","31485155","31485463","21","15421022"
"chr4","46931763","46932070","chr25","77882685","77882988","36","30950922"
"chr4","46942501","46942802","chr7","31459478","31459777","19","15483023"
"chr4","46978526","46978827","chr7","31424733","31425030","39","15553793"
"chr4","47004335","47004644","chr7","31400152","31400459","35","15604183"
"chr4","47006767","47007064","chr7","31397869","31398175","29","15608898"
"chr4","47027134","47027417","chr7","111567460","111567746","29","64540326"
"chr4","47056966","47057243","chr7","31356184","31356462","24","15700782"
"chr4","47077603","47077886","chr7","31333498","31333782","25","15744105"
"chr4","47078795","47079040","chrX","12106738","12106974","52","34972057"
"chr4","47123422","47123691","chr19","12269179","12269447","37","34854243"
"chr4","47147050","47147348","chr7","31263543","31263838","31","15883507"
"chr4","47158823","47158995","chr21","81750758","81750927","28","34591935"
"chr4","47159523","47159735","chr19","1266372","1266586","31","45893151"
"chr4","47329553","47329862","chr7","31074746","31075056","21","16254807"
"chr4","47362384","47362649","chr7","31045401","31045663","26","16316983"
"chr4","47380111","47380381","chr7","31026270","31026529","31","16353841"
"chr4","47385435","47385751","chr1","67026506","67026811","40","19641071"
"chr4","47408579","47408883","chr3","27684728","27685033","37","19723851"
"chr4","47410042","47410338","chr7","30998237","30998531","28","16411805"
"chr4","47455622","47455932","chr7","30952763","30953069","27","16502859"
"chr4","47459367","47459683","chr7","30949164","30949482","40","16510203"
"chr4","47480580","47480881","chr7","30933117","30933422","26","16547463"
"chr4","47495510","47495778","chr13","6612493","6612757","47","40883017"
"chr4","47501157","47501458","chr11","101859416","101859717","37","54358259"
"chr4","47510713","47511005","chr21","109745800","109746094","34","62235087"
"chr4","47548896","47549176","chr7","30846179","30846476","37","16702717"
"chr4","47561048","47561342","chr7","30832153","30832458","30","16728895"
"chr4","47564396","47564689","chr4","65410971","65411261","34","17846575"
"chr4","47564762","47565045","chr11","113605647","113605927","42","66040885"
"chr4","47565996","47566291","chrX","22428011","22428306","28","25137985"
"chr4","47566516","47566835","chr7","30826578","30826901","23","16739938"
"chr4","47578818","47579118","chr7","30815061","30815362","27","16763757"
"chr4","47604513","47604805","chr6","2294070","2294363","38","45310443"
"chr4","47605135","47605435","chr9","86062785","86063095","47","38457650"
"chr4","47608533","47608827","chr7","30784977","30785272","20","16823556"
"chr4","47609240","47609517","chr7","30784255","30784566","53","16824985"
"chr4","47623551","47623737","chr12","44151477","44151654","25","3472074"
"chr4","47632384","47632690","chr8","35854442","35854754","38","11777942"
"chr4","47667866","47668172","chr23","74217020","74217331","31","26549154"
"chr4","47672453","47672758","chr22","61473574","61473872","35","13801121"
"chr4","47690598","47690916","chr7","30704382","30704695","37","16986216"
"chr4","47699881","47700183","chr7","30695685","30695973","37","17004196"
"chr4","47722010","47722211","chr21","120460150","120460355","37","72738140"
"chr4","47751752","47752063","chr7","30651824","30652137","25","17099928"
"chr4","47778316","47778617","chr2","9435379","9435682","38","38342937"
"chr4","47795773","47796069","chrX","43907476","43907773","29","3888297"
"chr4","47817289","47817586","chr7","30584164","30584463","26","17233125"
"chr4","47871509","47871841","chr7","30538796","30539129","40","17332713"
"chr4","47974175","47974369","chr7","94074486","94074684","30","46100311"
"chr4","48110721","48111023","chr7","30325325","30325621","29","17785396"
"chr4","48182756","48183053","chr7","30252137","30252431","26","17930619"
"chr4","48189882","48190183","chr6","14647912","14648212","33","33541970"
"chr4","48256525","48256827","chr7","30177130","30177429","31","18079395"
"chr4","48526593","48526883","chr14","46622731","46623023","36","1903862"
"chr4","48529921","48530231","chr7","29909281","29909589","26","18620640"
"chr4","48535558","48535844","chr6","33908236","33908526","30","14627322"
"chr4","48620750","48621076","chr5","27269945","27270275","49","21350805"
"chr4","48701024","48701320","chr22","5955596","5955889","31","42745428"
"chr4","48728797","48729084","chr7","29713510","29713793","20","19015287"
"chr4","48752110","48752421","chr19","9514256","9514567","35","39237854"
"chr4","48922502","48922805","chr7","29530023","29530326","20","19392479"
"chr4","48926671","48926959","chr2","14083405","14083694","41","34843266"
"chr4","49179671","49179985","chr2","65319575","65319883","41","16139904"
"chr4","49482239","49482582","chr21","124672413","124672730","88","75190174"
"chr4","49528330","49528632","chr15","64630867","64631162","34","15102537"
"chr4","49617088","49617396","chr3","24412863","24413176","40","25204225"
"chr4","49873307","49873616","chr6","15813882","15814194","29","34059425"
"chr4","49897096","49897396","chr16","44075160","44075459","34","5821936"
"chr4","49922941","49923197","chr23","11920077","11920331","36","38002864"
"chr4","50090727","50091004","chr7","28385700","28385994","34","21705027"
"chr4","50141072","50141383","chr16","70267268","70267576","39","20126196"
"chr4","50155995","50156297","chr7","28328044","28328340","31","21827951"
"chr4","50299680","50299975","chr10","124515532","124515831","36","74215852"
"chr4","50375257","50375565","chr7","28107661","28107970","38","22267596"
"chr4","50555773","50556050","chr7","27931461","27931717","39","22624312"
"chr4","50563482","50563790","chr11","115440829","115441134","48","64877347"
"chr4","50628134","50628439","chr7","27860243","27860547","38","22767891"
"chr4","50657413","50657722","chr7","27829956","27830260","42","22827457"
"chr4","50667219","50667530","chrX","38176967","38177275","45","12490252"
"chr4","50955406","50955711","chr7","27541315","27541620","29","23414091"
"chr4","51000873","51001168","chrX","43907476","43907773","28","7093397"
"chr4","51100486","51100765","chr10","86486586","86486866","39","35386100"
"chr4","51217186","51217493","chr7","27270159","27270457","34","23947027"
"chr4","51238306","51238618","chr2","15193410","15193717","42","36044896"
"chr4","51244394","51244705","chr7","27247743","27248051","29","23996651"
"chr4","51262109","51262390","chrX","42990471","42990752","34","8271638"
"chr4","51306716","51307008","chr1","103620650","103620948","41","52313934"
"chr4","51315000","51315295","chr7","27178591","27178894","33","24136409"
"chr4","51318012","51318321","chr1","66050440","66050743","44","14732428"
"chr4","51323691","51324005","chr7","27170218","27170537","37","24153473"
"chr4","51343178","51343471","chr7","27154237","27154538","29","24188941"
"chr4","51389460","51389736","chrX","1052","1331","36","51388408"
"chr4","51398062","51398320","chr7","130137086","130137351","30","78739024"
"chr4","51481328","51481612","chrX","43907476","43907773","45","7573852"
"chr4","51491979","51492284","chr6","30461144","30461450","34","21030835"
"chr4","51633869","51634172","chr7","26854071","26854366","28","24779798"
"chr4","51659706","51660002","chr7","26827762","26828050","28","24831944"
"chr4","51668597","51668883","chr7","26818805","26819088","26","24849792"
"chr4","51750180","51750390","chr11","124263168","124263380","40","72512988"
"chr4","51755524","51755815","chr9","86142754","86143045","41","34387230"
"chr4","51792159","51792455","chr8","50034452","50034757","43","1757707"
"chr4","51883651","51883948","chr26","43663051","43663349","39","8220600"
"chr4","52052322","52052621","chr7","26483286","26483595","30","25569036"
"chr4","52069044","52069336","chr7","26466450","26466746","29","25602594"
"chr4","52076584","52076874","chr7","26459144","26459439","29","25617440"
"chr4","52092938","52093233","chr7","26442248","26442542","20","25650690"
"chr4","52108396","52108697","chr12","13941411","13941710","36","38166985"
"chr4","52197465","52197779","chr22","1901104","1901400","47","50296361"
"chr4","52223389","52223671","chr24","81534444","81534741","45","29311055"
"chr4","52242870","52243170","chr11","99543131","99543428","39","47300261"
"chr4","52253137","52253436","chr9","61304146","61304443","38","9051009"
"chr4","52256354","52256639","chr1","37727362","37727648","34","14528992"
"chr4","52257327","52257625","chr14","12505287","12505584","41","39752040"
"chr4","52275828","52276127","chr7","26260325","26260626","31","26015503"
"chr4","52276734","52277044","chr7","26259412","26259719","31","26017322"
"chr4","52285839","52286107","chr7","26253217","26253502","40","26032622"
"chr4","52396810","52397117","chr13","82484690","82485003","53","30087880"
"chr4","52446818","52447106","chr16","32038305","32038589","39","20408513"
"chr4","52576758","52577045","chr7","25981123","25981410","30","26595635"
"chr4","52609258","52609558","chr21","21092435","21092735","33","31516823"
"chr4","52859938","52860247","chr7","25691523","25691815","37","27168415"
"chr4","52877676","52878014","chrX","59045060","59045395","37","6167384"
"chr4","52881250","52881514","chr7","25671540","25671805","26","27209710"
"chr4","52911164","52911475","chr19","21336034","21336340","39","31575130"
"chr4","52924817","52925097","chr7","25627783","25628054","35","27297034"
"chr4","52929970","52930267","chr7","25622769","25623054","36","27307201"
"chr4","52936757","52937065","chr12","10582461","10582770","40","42354296"
"chr4","52944970","52945277","chr7","25603296","25603585","36","27341674"
"chr4","52946695","52946996","chrX_KE148108v1_random","5929441","5929743","36","47017254"
"chr4","52952378","52952678","chr7","25599873","25600175","26","27352505"
"chr4","52967590","52967750","chr6","50220337","50220496","36","2747253"
"chr4","52991628","52991931","chr6","49410992","49411297","33","3580636"
"chr4","53003110","53003411","chr7","25556195","25556495","28","27446915"
"chr4","53031517","53031810","chr7","25527563","25527848","29","27503954"
"chr4","53057413","53057710","chr6","13473280","13473574","28","39584133"
"chr4","53079266","53079501","chr9","61704066","61704306","48","8624800"
"chr4","53114358","53114664","chr7","25444796","25445106","29","27669562"
"chr4","53137745","53138063","chr7","25427475","25427784","30","27710270"
"chr4","53164038","53164289","chr9","61704066","61704306","54","8540028"
"chr4","53198262","53198580","chr7","25360789","25361092","38","27837473"
"chr4","53206553","53206867","chr1","18042715","18043019","37","35163838"
"chr4","53217677","53217975","chr28","8932655","8932953","32","44285022"
"chr4","53261172","53261468","chr7","25299997","25300292","20","27961175"
"chr4","53285456","53285755","chr20","7785906","7786210","32","45499550"
"chr4","53290065","53290354","chr7","25269281","25269564","34","28020784"
"chr4","53398902","53399191","chr7","25158439","25158727","27","28240463"
"chr4","53429655","53429966","chr7","25129929","25130244","36","28299726"
"chr4","53439294","53439567","chr7","25120570","25120838","35","28318724"
"chr4","53441302","53441621","chr15","395252","395560","45","53046050"
"chr4","53442256","53442515","chr7","25117555","25117826","29","28324701"
"chr4","53456460","53456659","chr18","58406164","58406373","41","4949704"
"chr4","53526922","53527207","chr7","25035385","25035667","19","28491537"
"chr4","53537654","53537956","chr7","25025870","25026172","21","28511784"
"chr4","53549639","53549934","chr20","44689321","44689613","34","8860318"
"chr4","53551266","53551546","chr7","25012378","25012666","29","28538888"
"chr4","53567008","53567319","chr20","105213353","105213657","31","51646345"
"chr4","53596890","53597199","chr10","88760771","88761072","34","35163881"
"chr4","53694549","53694848","chr19","18170790","18171089","26","35523759"
"chr4","53908765","53909050","chr7","24664362","24664649","23","29244403"
"chr4","53974462","53974712","chr7","24600372","24600625","29","29374090"
"chr4","53977711","53978003","chr7","24597100","24597393","15","29380611"
"chr4","54001815","54002133","chr7","24573380","24573700","31","29428435"
"chr4","54008047","54008328","chr7","24567357","24567631","27","29440690"
"chr4","54108228","54108528","chr7","24472367","24472670","25","29635861"
"chr4","54118154","54118451","chr7","91654814","91655114","39","37536660"
"chr4","54134381","54134684","chr16","57720877","57721180","44","3586496"
"chr4","54136875","54137172","chr7","24447701","24448003","34","29689174"
"chr4","54150068","54150366","chr7","24435976","24436271","29","29714092"
"chr4","54162370","54162669","chr7","24423770","24424070","39","29738600"
"chr4","54181307","54181597","chr5","17405278","17405570","33","36776029"
"chr4","54183567","54183833","chr9","34088434","34088698","35","20095133"
"chr4","54228893","54229168","chr2","13577593","13577872","52","40651300"
"chr4","54236017","54236321","chr7","24352806","24353110","26","29883211"
"chr4","54239284","54239576","chr11","84875331","84875623","45","30636047"
"chr4","54245421","54245715","chr15","90519589","90519883","34","36274168"
"chr4","54261140","54261445","chr7","24327361","24327663","36","29933779"
"chr4","54271686","54271985","chr5","3723391","3723687","36","50548295"
"chr4","54286156","54286460","chr26","42043897","42044193","38","12242259"
"chr4","54289160","54289438","chr12","7902931","7903207","40","46386229"
"chr4","54316862","54317155","chr3","4179888","4180183","35","50136974"
"chr4","54333831","54334116","chr5","22899970","22900255","36","31433861"
"chr4","54336913","54337200","chr20","96392400","96392699","41","42055487"
"chr4","54347601","54347898","chr26","43663051","43663349","30","10684550"
"chr4","54368011","54368307","chr7","24218095","24218388","28","30149916"
"chr4","54410730","54410963","chr9","61704066","61704306","43","7293336"
"chr4","54416255","54416552","chr7","24170813","24171102","35","30245442"
"chr4","54419586","54419875","chr12","8205568","8205855","44","46214018"
"chr4","54428350","54428653","chr7","24159196","24159500","23","30269154"
"chr4","54448308","54448611","chr7","25556195","25556495","36","28892113"
"chr4","54448770","54448953","chr7","15845768","15845962","38","38603002"
"chr4","54469816","54470116","chr11","6429844","6430143","36","48039972"
"chr4","54486776","54487072","chr7","24105455","24105742","34","30381321"
"chr4","54520650","54520930","chr8","63134676","63134951","38","8614026"
"chr4","54523504","54523818","chr7","24066299","24066611","30","30457205"
"chr4","54541523","54541821","chr2","58338718","58339014","35","3797195"
"chr4","54607173","54607464","chr1","103023081","103023373","34","48415908"
"chr4","54609174","54609461","chr1","120923387","120923676","42","66314213"
"chr4","54872541","54872851","chr14","59464027","59464336","36","4591486"
"chr4","55023943","55024244","chr7","23591611","23591914","35","31432332"
"chr4","55226166","55226477","chr7","23395318","23395631","31","31830848"
"chr4","55301601","55301908","chr7","23322209","23322507","30","31979392"
"chr4","55311971","55312267","chr21","12657060","12657357","35","42654911"
"chr4","55337775","55338141","chr1","105236599","105236955","73","49898824"
"chr4","55355386","55355681","chr25","27664129","27664423","35","27691257"
"chr4","55437610","55437923","chrX","8209081","8209373","55","47228529"
"chr4","55631654","55631946","chr7","22976555","22976845","27","32655099"
"chr4","55659469","55659713","chr9","61704066","61704306","59","6044597"
"chr4","55671917","55672229","chr7","22935479","22935781","28","32736438"
"chr4","55842738","55843048","chr7","22771085","22771395","23","33071653"
"chr4","55882167","55882483","chr7","22729660","22729945","53","33152507"
"chr4","55928641","55928943","chr2","58338718","58339014","31","2410077"
"chr4","55985737","55986041","chr17","58812507","58812811","36","2826770"
"chr4","56077632","56077829","chr27","11506229","11506429","34","44571403"
"chr4","56171342","56171641","chr7","22369050","22369366","35","33802292"
"chr4","56276907","56277201","chrX","22428011","22428306","34","33848896"
"chr4","56295923","56296215","chr7","22240869","22241162","23","34055054"
"chr4","56300099","56300420","chr26","51835804","51836111","47","4464295"
"chr4","56349704","56350014","chr7","22191748","22192051","29","34157956"
"chr4","56368198","56368504","chr8","7114217","7114516","42","49253981"
"chr4","56379763","56380058","chr7","22161480","22161777","28","34218283"
"chr4","56399930","56400217","chr7","22139273","22139572","40","34260657"
"chr4","56418919","56419258","chr20","101578237","101578575","55","45159318"
"chr4","56486046","56486337","chrX","22428011","22428306","31","34058035"
"chr4","56506370","56506666","chr7","22038526","22038830","30","34467844"
"chr4","56693967","56694293","chr7","21855163","21855475","38","34838804"
"chr4","56780101","56780410","chr6","5523848","5524157","35","51256253"
"chr4","56797146","56797405","chr4","89726264","89726525","41","32929118"
"chr4","56860389","56860679","chr7","21687263","21687553","25","35173126"
"chr4","56862544","56862850","chr28","3297308","3297604","36","53565236"
"chr4","56892331","56892627","chr7","21656139","21656448","31","35236192"
"chr4","56956662","56956875","chr11","124263168","124263380","37","67306506"
"chr4","56962953","56963128","chr7","21587864","21588041","21","35375089"
"chr4","57027633","57027949","chr7","21525218","21525530","29","35502415"
"chr4","57137032","57137341","chr2","47273858","47274164","47","9863174"
"chr4","57248178","57248452","chr23","70341228","70341515","54","13093050"
"chr4","57284681","57284978","chr7","21300420","21300725","36","35984261"
"chr4","57379996","57380329","chr6","27908470","27908794","61","29471526"
"chr4","57593128","57593429","chr6","7942419","7942718","43","49650709"
"chr4","57718495","57718806","chr19","32964693","32965003","33","24753802"
"chr4","57722263","57722537","chr20","116121310","116121584","39","58399047"
"chr4","57750020","57750331","chr7","20880097","20880407","24","36869923"
"chr4","57801854","57802123","chr7","20833365","20833648","37","36968489"
"chr4","57843875","57844189","chr20","10059201","10059508","44","47784674"
"chr4","57860998","57861263","chr5","60403345","60403611","43","2542347"
"chr4","57867834","57868140","chr7","20769966","20770268","30","37097868"
"chr4","58154641","58154933","chr6","26179417","26179714","31","31975224"
"chr4","58173730","58174005","chr1","62631311","62631583","36","4457581"
"chr4","58316507","58316803","chr2","32946560","32946853","38","25369947"
"chr4","58368673","58368978","chr11","71524539","71524844","41","13155866"
"chr4","58373258","58373569","chr25","71792921","71793226","38","13419663"
"chr4","58403119","58403416","chr21","125168514","125168811","33","66765395"
"chr4","58541101","58541398","chr8","10801167","10801476","38","47739934"
"chr4","58707720","58707998","chr12","7902931","7903207","32","50804789"
"chr4","58780232","58780537","chr1","67026506","67026811","38","8246274"
"chr4","58801264","58801426","chr5","20119805","20119970","24","38681459"
"chr4","58872200","58872507","chr7","19751426","19751728","24","39120774"
"chr4","58956217","58956516","chr5","52463470","52463766","40","6492747"
"chr4","59072635","59072931","chrX","22852905","22853198","33","36219730"
"chr4","59088355","59088528","chr16","39692631","39692802","32","19395724"
"chr4","59108474","59108772","chr21","96671427","96671726","32","37562953"
"chr4","59140900","59141186","chr17","1665366","1665649","34","57475534"
"chr4","59148076","59148380","chr7","19509044","19509349","25","39639032"
"chr4","59182721","59183018","chr7","19667372","19667669","37","39515349"
"chr4","59189600","59189908","chr7","19468291","19468593","36","39721309"
"chr4","59194796","59195096","chr7","19463877","19464171","30","39730919"
"chr4","59197584","59197878","chr7","19461438","19461728","25","39736146"
"chr4","59210820","59211128","chr7","19452425","19452747","33","39758395"
"chr4","59212966","59213265","chr11","47789740","47790038","36","11423226"
"chr4","59213870","59214165","chr1","17699624","17699919","32","41514246"
"chr4","59235802","59236096","chr7","19428456","19428759","30","39807346"
"chr4","59236184","59236486","chr7","19428075","19428365","30","39808109"
"chr4","59238325","59238642","chr20","77903993","77904291","49","18665668"
"chr4","59239308","59239575","chr7","19425028","19425293","30","39814280"
"chr4","59241973","59242265","chr7","19422627","19422932","30","39819346"
"chr4","59250006","59250311","chr7","19414198","19414490","34","39835808"
"chr4","59274687","59274996","chr12","44289896","44290207","34","14984791"
"chr4","59278111","59278405","chr22","47251970","47252265","43","12026141"
"chr4","59282484","59282798","chr7","19376826","19377139","31","39905658"
"chr4","59292349","59292454","chr20","9497136","9497247","25","49795213"
"chr4","59292789","59292954","chr9","110057473","110057639","26","50764684"
"chr4","59297196","59297366","chr15","1065075","1065252","34","58232121"
"chr4","59308935","59309237","chr7","129728832","129729127","33","70419897"
"chr4","59317883","59318183","chr7","19343618","19343922","33","39974265"
"chr4","59324884","59325174","chr16","63950035","63950331","39","4625151"
"chr4","59327096","59327361","chr7","19334650","19334915","25","39992446"
"chr4","59328370","59328671","chr2","14463280","14463571","46","44865090"
"chr4","59335081","59335386","chr18","17039455","17039764","41","42295626"
"chr4","59341236","59341508","chr11","47202465","47202742","41","12138771"
"chr4","59347531","59347842","chr26","27449582","27449880","48","31897949"
"chr4","59352400","59352705","chr15","53643506","53643815","38","5708894"
"chr4","59353659","59353967","chrX","25464849","25465156","33","33888810"
"chr4","59356941","59357229","chr7","19303568","19303857","19","40053373"
"chr4","59363968","59364277","chr19","28668650","28668956","38","30695318"
"chr4","59396915","59397208","chr5","22530212","22530512","54","36866703"
"chr4","59405596","59405758","chr7","19258132","19258304","18","40147464"
"chr4","59405762","59406058","chr6","49596731","49597027","37","9809031"
"chr4","59422373","59422636","chr20","125621828","125622089","44","66199455"
"chr4","59423008","59423301","chr20","80384504","80384794","37","20961496"
"chr4","59452857","59453152","chr5","25397276","25397570","32","34055581"
"chr4","59466162","59466469","chr7","19195964","19196267","33","40270198"
"chr4","59467750","59467965","chr7","15845768","15845962","49","43621982"
"chr4","59505054","59505365","chr2","87940783","87941094","31","28435729"
"chr4","59518421","59518722","chr7","19148079","19148374","24","40370342"
"chr4","59555889","59556200","chr20_KE148049v1_random","803204","803511","34","58752685"
"chr4","59557152","59557462","chr7","19113684","19113992","27","40443468"
"chr4","59562329","59562621","chr1","125148379","125148673","29","65586050"
"chr4","59567512","59567743","chr9","61704066","61704306","49","2136554"
"chr4","59578369","59578631","chr2","56265685","56265949","33","3312684"
"chr4","59582261","59582579","chr7","19090367","19090686","25","40491894"
"chr4","59598316","59598607","chr17","35227737","35228029","31","24370579"
"chr4","59680192","59680495","chr6","30393310","30393612","30","29286882"
"chr4","59862103","59862389","chr7","18786745","18787028","31","41075358"
"chr4","59865441","59865746","chr1","109465549","109465852","44","49600108"
"chr4","59911210","59911513","chr3","3191920","3192229","38","56719290"
"chr4","60077694","60078010","chr7","18567125","18567439","33","41510569"
"chr4","60268487","60268794","chr2","465342","465642","42","59803145"
"chr4","60307314","60307581","chr16","3178099","3178363","29","57129215"
"chr4","60461230","60461523","chr12","102982553","102982846","36","42521323"
"chr4","60475895","60476140","chr14","18803520","18803760","35","41672375"
"chr4","60732039","60732305","chr14","4468300","4468565","42","56263739"
"chr4","61013237","61013485","chr2","60888116","60888373","51","125121"
"chr4","61127540","61127838","chr26","29376959","29377253","51","31750581"
"chr4","61292398","61292698","chr26","2668803","2669103","33","58623595"
"chr4","61293443","61293681","chr9","61704066","61704306","52","410623"
"chr4","61310534","61310828","chr7","424734","425026","37","60885800"
"chr4","61360146","61360444","chr5","71206043","71206343","34","9845897"
"chr4","61361197","61361438","chr26","19753085","19753324","52","41608112"
"chr4","61385049","61385350","chr7","424734","425026","39","60960315"
"chr4","61439728","61440031","chr7","497709","498009","24","60942019"
"chr4","61446718","61446996","chr20","7575370","7575665","51","53871348"
"chr4","61512728","61513012","chr5","57628461","57628748","38","3884267"
"chr4","61549922","61550230","chr5","21911716","21912023","43","39638206"
"chr4","61576533","61576762","chr7","639511","639743","26","60937022"
"chr4","61576802","61577108","chr7","639780","640079","24","60937022"
"chr4","61608437","61608716","chr26","38043531","38043810","44","23564906"
"chr4","61611271","61611568","chr5","22726786","22727081","37","38884485"
"chr4","61714725","61715031","chr7","770851","771158","30","60943874"
"chr4","61722793","61723091","chr1","48085160","48085453","39","13637633"
"chr4","61819219","61819517","chr7","862138","862447","42","60957081"
"chr4","61821617","61821913","chr19","3784554","3784852","35","58037063"
"chr4","61975944","61976231","chr7","1013098","1013385","30","60962846"
"chr4","61987577","61987881","chr11","120526163","120526460","34","58538586"
"chr4","61992180","61992418","chr7","1029931","1030175","25","60962249"
"chr4","62065834","62066129","chr6","41220512","41220808","33","20845322"
"chr4","62068233","62068549","chr7","1116030","1116332","36","60952203"
"chr4","62119755","62120072","chr6","39618092","39618404","46","22501663"
"chr4","62120509","62120779","chr7","1171060","1171334","40","60949449"
"chr4","62130411","62130655","chr16","31906139","31906391","50","30224272"
"chr4","62189378","62189683","chr2","47217589","47217900","46","14971789"
"chr4","62240434","62240704","chr7","1266747","1267006","35","60973687"
"chr4","62292518","62292827","chr7","1315547","1315858","18","60976971"
"chr4","62301736","62302039","chr14","21510047","21510355","36","40791689"
"chr4","62348359","62348664","chr7","1372261","1372565","43","60976098"
"chr4","62376811","62377094","chr1","56515963","56516244","40","5860848"
"chr4","62391273","62391569","chr22","8056230","8056525","45","54335043"
"chr4","62396759","62397042","chr7","1417850","1418137","32","60978909"
"chr4","62399522","62399823","chr8","7114217","7114516","29","55285305"
"chr4","62424414","62424564","chr7","38652036","38652186","23","23772378"
"chr4","62446932","62447226","chr9","21222890","21223190","40","41224042"
"chr4","62450222","62450501","chr15","4196554","4196835","39","58253668"
"chr4","62482486","62482793","chr7","1516722","1517030","30","60965764"
"chr4","62489803","62490096","chr16","72650947","72651238","30","10161144"
"chr4","62660935","62661241","chr7","1664741","1665040","27","60996194"
"chr4","62815128","62815433","chr7","58149931","58150230","40","4665197"
"chr4","62819639","62819805","chr3","1527734","1527902","39","61291905"
"chr4","63099460","63099757","chr7","2094548","2094849","31","61004912"
"chr4","63255650","63255954","chr7","2247774","2248079","34","61007876"
"chr4","63339760","63340068","chr8","134181250","134181559","38","70841490"
"chr4","63520142","63520454","chr7","2517520","2517834","36","61002622"
"chr4","63562871","63563162","chr8","95677395","95677687","37","32114524"
"chr4","63596926","63597243","chr16","47697157","47697462","48","15899769"
"chr4","63615948","63616256","chr20","129483160","129483465","41","65867212"
"chr4","63764952","63765247","chr1","17699624","17699919","29","46065328"
"chr4","63807761","63807891","chr6","44824195","44824320","36","18983566"
"chr4","63909536","63909846","chr10","88760771","88761072","46","24851235"
"chr4","63998203","63998499","chr14","100844474","100844765","46","36846271"
"chr4","64074176","64074457","chr28","21110735","21111019","48","42963441"
"chr4","64132105","64132314","chr11","124263168","124263380","45","60131063"
"chr4","64146815","64147127","chr6","2526617","2526929","56","61620198"
"chr4","64148609","64148913","chr3","9026672","9026974","42","55121937"
"chr4","64183174","64183471","chr1","7161045","7161340","43","57022129"
"chr4","64254569","64254851","chr14","98119959","98120246","50","33865390"
"chr4","64271288","64271590","chr2","31905539","31905841","45","32365749"
"chr4","64329022","64329315","chr15","5228906","5229201","39","59100116"
"chr4","64372806","64373113","chr20","109682486","109682790","54","45309680"
"chr4","64414843","64415151","chr7","3355739","3356047","33","61059104"
"chr4","64456255","64456540","chr10","104484773","104485060","44","40028518"
"chr4","64514838","64515132","chr8","1863766","1864042","58","62651072"
"chr4","64580215","64580514","chr12","82795515","82795814","41","18215300"
"chr4","64651716","64652013","chr7","107614887","107615178","33","42963171"
"chr4","64667482","64667785","chr7","3596115","3596428","47","61071367"
"chr4","64701580","64701885","chrX","13946834","13947139","43","50754746"
"chr4","64774087","64774392","chr10","88760771","88761072","40","23986684"
"chr4","64794210","64794497","chr16","18203350","18203641","39","46590860"
"chr4","64841821","64842116","chr7","3763389","3763683","31","61078432"
"chr4","65097493","65097794","chr16","62764099","62764400","43","2333394"
"chr4","65127251","65127558","chr7","4046120","4046426","35","61081131"
"chr4","65274001","65274290","chr2","21053598","21053888","57","44220403"
"chr4","65315562","65315849","chr23","76823156","76823439","39","11507594"
"chr4","65335697","65336006","chr20","7645196","7645499","37","57690501"
"chr4","65342225","65342519","chr7","4246149","4246451","41","61096076"
"chr4","65352154","65352472","chrX","27958562","27958882","48","37393592"
"chr4","65386986","65387276","chr12","11955131","11955421","44","53431855"
"chr4","65483788","65484102","chr8","10801167","10801476","44","54682621"
"chr4","65537955","65538263","chr7","4423229","4423532","42","61114726"
"chr4","65695124","65695411","chr7","4580207","4580494","28","61114917"
"chr4","65747121","65747366","chr7","4635604","4635851","27","61111517"
"chr4","65764959","65765268","chr18","17039455","17039764","38","48725504"
"chr4","65820689","65821020","chr7","4706469","4706804","41","61114220"
"chr4","66126476","66126771","chr7","5008527","5008838","44","61117949"
"chr4","66170071","66170397","chr8","24780321","24780632","63","41389750"
"chr4","66343708","66344010","chr7","5216128","5216430","29","61127580"
"chr4","66348539","66348834","chr12","964980","965277","34","65383559"
"chr4","66650909","66651198","chr11","115213732","115214022","35","48562823"
"chr4","66658936","66659097","chrX","116310649","116310799","60","49651713"
"chr4","66724916","66725117","chr14","68940217","68940412","41","2215301"
"chr4","66726702","66727002","chr3","29019823","29020125","39","37706879"
"chr4","66730335","66730586","chr9","62510671","62510933","60","4219664"
"chr4","66875461","66875758","chr2","85375417","85375713","38","18499956"
"chr4","66876931","66877204","chr7","130657463","130657742","51","63780532"
"chr4","66914609","66914908","chr17","28764095","28764380","51","38150514"
"chr4","66921784","66922019","chrX","22571826","22572066","56","44349958"
"chr4","67379094","67379398","chr7","6269254","6269562","35","61109840"
"chr4","67423903","67424073","chr7","6313731","6313901","12","61110172"
"chr4","67460572","67460806","chr7","6347722","6347964","22","61112850"
"chr4","67469872","67470120","chr7","6357307","6357541","38","61112565"
"chr4","67510515","67510794","chr23","40777256","40777537","31","26733259"
"chr4","67550053","67550352","chr7","6440375","6440666","38","61109678"
"chr4","67569508","67569809","chr22","4036481","4036784","35","63533027"
"chr4","67658982","67659292","chr5","41453200","41453511","41","26205782"
"chr4","67665851","67666155","chr15","16738396","16738699","44","50927455"
"chr4","67713137","67713441","chr6","786444","786745","34","66926693"
"chr4","67777734","67778044","chr7","6656819","6657124","30","61120915"
"chr4","67816134","67816441","chr8","48698345","48698653","52","19117789"
"chr4","68018655","68018943","chr23","79299755","79300045","42","11281100"
"chr4","68025702","68026031","chr1","101768327","101768648","50","33742625"
"chr4","68029839","68030151","chr11","46876076","46876381","43","21153763"
"chr4","68066884","68067176","chr16","823334","823630","31","67243550"
"chr4","68071050","68071341","chr2","80952241","80952533","42","12881191"
"chr4","68080618","68080926","chr7","6964353","6964658","34","61116265"
"chr4","68133467","68133742","chr7","7018768","7019057","41","61114699"
"chr4","68134041","68134332","chr2","30923711","30924002","35","37210330"
"chr4","68174569","68174877","chr11","100271972","100272274","41","32097403"
"chr4","68191272","68191580","chr7","7059909","7060210","31","61131363"
"chr4","68282351","68282663","chr7","7152792","7153107","26","61129559"
"chr4","68309065","68309351","chr7","7176401","7176685","27","61132664"
"chr4","68343047","68343351","chr11","27872325","27872626","36","40470722"
"chr4","68397565","68397869","chr4","13836335","13836622","61","54561230"
"chr4","68428332","68428617","chr17","36165612","36165899","59","32262720"
"chr4","68448006","68448286","chr12","89559121","89559401","32","21111115"
"chr4","68452898","68453188","chr16","73886056","73886343","52","5433158"
"chr4","68671281","68671589","chr4","70734906","70735211","37","2063625"
"chr4","68717917","68718213","chr12","10472183","10472481","28","58245734"
"chr4","68733992","68734293","chr20","92192486","92192788","23","23458494"
"chr4","68748786","68749096","chr7","7616166","7616461","41","61132620"
"chr4","68979253","68979538","chr4","11434482","11434762","36","57544771"
"chr4","69030265","69030574","chr13","65764759","65765069","36","3265506"
"chr4","69070353","69070656","chrX","22837588","22837894","40","46232765"
"chr4","69119911","69120230","chr7","7962623","7962927","39","61157288"
"chr4","69219342","69219647","chr16","87388","87693","37","69131954"
"chr4","69254176","69254486","chr7","8085556","8085865","40","61168620"
"chr4","69531046","69531344","chr2","80483413","80483720","45","10952367"
"chr4","69601037","69601344","chr7","8421705","8422006","40","61179332"
"chr4","69630350","69630671","chr5","10476215","10476537","48","59154135"
"chr4","69712143","69712345","chr7","94074486","94074684","31","24362343"
"chr4","69733190","69733495","chr11","88262074","88262377","41","18528884"
"chr4","69763421","69763716","chr7","8580734","8581034","39","61182687"
"chr4","69923533","69923820","chr21","54481369","54481656","43","15442164"
"chr4","70015502","70015801","chr7","8824265","8824575","32","61191237"
"chr4","70128914","70129198","chr7","8929780","8930062","25","61199134"
"chr4","70187442","70187758","chr17","19797186","19797495","43","50390256"
"chr4","70359343","70359663","chr26","15570665","15570976","48","54788678"
"chr4","70413514","70413812","chr9","34915186","34915485","41","35498328"
"chr4","70467136","70467440","chr7","9270980","9271267","61","61196156"
"chr4","70560284","70560569","chr26","24341752","24342040","39","46218532"
"chr4","70569680","70569973","chrX","24812218","24812514","43","45757462"
"chr4","70725563","70725864","chr9","90869412","90869719","50","20143849"
"chr4","70962226","70962538","chr10","103061453","103061763","41","32099227"
"chr4","70995321","70995559","chr9","61704066","61704306","52","9291255"
"chr4","71035735","71036021","chr6","34115764","34116051","44","36919971"
"chr4","71190270","71190453","chr7","9951665","9951846","25","61238605"
"chr4","71195621","71195804","chr7","9951665","9951846","25","61243956"
"chr4","71223916","71224223","chr7","9978922","9979232","33","61244994"
"chr4","71413070","71413376","chr7","10188632","10188942","37","61224438"
"chr4","71472337","71472629","chr7","10253007","10253310","33","61219330"
"chr4","71548554","71548867","chr4","35644646","35644957","38","35903908"
"chr4","71682216","71682514","chr7","10465089","10465385","26","61217127"
"chr4","71701292","71701604","chr7","10489578","10489889","44","61211714"
"chr4","71720743","71721056","chr9","92878452","92878745","47","21157709"
"chr4","71760840","71761139","chr24","81534444","81534741","37","9773604"
"chr4","71761674","71761951","chrX","5858418","5858691","44","65903256"
"chr4","71971979","71972256","chr7","10764541","10764809","41","61207438"
"chr4","72288590","72288867","chr14","14976275","14976550","38","57312315"
"chr4","72308679","72308989","chr7","11085808","11086119","28","61222871"
"chr4","72376019","72376300","chr14","16261627","16261912","38","56114392"
"chr4","72441684","72441992","chr7","11198589","11198876","47","61243095"
"chr4","72464517","72464830","chr11","51690965","51691273","59","20773552"
"chr4","72477605","72477885","chr17","38676273","38676553","39","33801332"
"chr4","72508926","72509216","chrX","22852905","22853198","30","49656021"
"chr4","72651039","72651366","chr7","11409158","11409466","39","61241881"
"chr4","72659599","72659898","chr26","27730903","27731203","57","44928696"
"chr4","72759991","72760288","chr7","11525922","11526222","30","61234069"
"chr4","72824614","72824911","chr7","11587933","11588234","49","61236681"
"chr4","72869369","72869681","chr7","11633991","11634302","28","61235378"
"chr4","72873921","72874233","chr23","75121731","75122042","41","2247810"
"chr4","72913552","72913864","chr2","2639520","2639830","41","70274032"
"chr4","72930022","72930255","chr7","11691539","11691766","20","61238483"
"chr4","72950941","72951249","chr7","11712174","11712480","26","61238767"
"chr4","72971808","72972043","chr12","44200186","44200416","37","28771622"
"chr4","72972104","72972416","chr7","11730042","11730349","38","61242062"
"chr4","72972642","72972808","chr9","57624793","57624958","39","15347849"
"chr4","72990926","72991221","chr6","49842626","49842910","48","23148300"
"chr4","73022756","73023047","chr7","11740361","11740653","20","61282395"
"chr4","73025181","73025466","chr7","11741257","11741554","34","61283924"
"chr4","73030846","73031149","chr22","55921134","55921438","47","17109712"
"chr4","73043382","73043681","chr7","11761351","11761653","25","61282031"
"chr4","73063487","73063762","chr16","2679156","2679431","39","70384331"
"chr4","73067894","73068190","chr3","74119688","74119985","42","1051794"
"chr4","73073827","73074128","chr9","92649646","92649936","46","19575819"
"chr4","73096072","73096377","chr10","117349837","117350134","43","44253765"
"chr4","73098959","73099260","chr9","112387947","112388241","38","39288988"
"chr4","73107276","73107560","chr7","11798657","11798932","39","61308619"
"chr4","73121108","73121304","chr5","46402112","46402295","35","26718996"
"chr4","73124306","73124624","chr7","11826901","11827219","30","61297405"
"chr4","73127001","73127321","chr7","11829611","11829930","20","61297390"
"chr4","73131820","73132133","chr7","11835612","11835916","36","61296208"
"chr4","73143378","73143675","chr12","103558740","103559039","38","30415362"
"chr4","73159675","73159967","chr16","16474975","16475266","36","56684700"
"chr4","73164355","73164664","chr7","11860302","11860609","33","61304053"
"chr4","73170416","73170714","chr11","6429844","6430143","39","66740572"
"chr4","73178221","73178518","chr2","13268787","13269099","47","59909434"
"chr4","73180331","73180646","chr7","11876484","11876790","37","61303847"
"chr4","73197561","73197768","chr24","82603310","82603496","49","9405749"
"chr4","73204072","73204384","chr7_AQIB01159043v1_random","5040","5352","29","73199032"
"chr4","73210988","73211244","chrX","127485808","127486055","46","54274820"
"chr4","73221917","73222235","chr14","46171032","46171348","52","27050885"
"chr4","73304663","73304964","chr4","30881834","30882137","36","42422829"
"chr4","73305687","73305992","chr7","11940179","11940480","30","61365508"
"chr4","73314728","73314973","chr7","11949328","11949572","28","61365400"
"chr4","73316166","73316452","chr7","11950763","11951049","30","61365403"
"chr4","73368574","73368885","chr7","12004434","12004745","42","61364140"
"chr4","73395017","73395315","chr9","17540070","17540370","32","55854947"
"chr4","73423549","73423849","chr7","12055602","12055906","31","61367947"
"chr4","73476407","73476669","chr21","18649113","18649374","33","54827294"
"chr4","73493417","73493599","chr28","20091858","20092040","34","53401559"
"chr4","73526111","73526409","chr7","12169547","12169845","17","61356564"
"chr4","73571102","73571391","chr4","76426438","76426732","36","2855336"
"chr4","73609763","73610065","chr7","12257716","12258023","27","61352047"
"chr4","73617214","73617489","chr1","8672208","8672488","52","64945006"
"chr4","73631387","73631691","chr5","75087901","75088195","47","1456514"
"chr4","73640778","73641063","chr8","92715435","92715716","41","19074657"
"chr4","73664521","73664814","chr7","12296989","12297285","29","61367532"
"chr4","73668503","73668795","chr7","12301023","12301333","44","61367480"
"chr4","73671381","73671657","chr7","12303932","12304228","43","61367449"
"chr4","73695954","73696281","chr7","12326954","12327263","47","61369000"
"chr4","73708445","73708755","chrX","50380378","50380688","34","23328067"
"chr4","73731543","73731841","chr7","12361727","12362025","23","61369816"
"chr4","73735795","73736096","chr5","57811123","57811421","35","15924672"
"chr4","73760094","73760393","chr7","12389634","12389921","41","61370460"
"chr4","73789861","73790149","chr7","12419372","12419662","21","61370489"
"chr4","73812459","73812758","chr7","12440367","12440663","37","61372092"
"chr4","73831270","73831574","chr7","12459524","12459826","23","61371746"
"chr4","73869903","73870194","chr19","24390039","24390332","29","49479864"
"chr4","73876082","73876379","chr7","12503281","12503582","26","61372801"
"chr4","73883348","73883642","chr7","12510432","12510732","31","61372916"
"chr4","73892490","73892794","chr7","12518776","12519077","18","61373714"
"chr4","73905265","73905560","chr7","12531671","12531979","38","61373594"
"chr4","73906976","73907277","chr7","12533365","12533665","35","61373611"
"chr4","73977903","73978213","chr7","12600774","12601065","49","61377129"
"chr4","74001223","74001524","chr16","8476344","8476649","32","65524879"
"chr4","74030413","74030697","chr17","43430201","43430490","34","30600212"
"chr4","74049625","74049924","chr20","77903993","77904291","25","3854368"
"chr4","74105874","74106174","chr7","12719937","12720239","22","61385937"
"chr4","74194257","74194548","chrX","21614638","21614927","30","52579619"
"chr4","74211140","74211437","chr7","12829346","12829643","27","61381794"
"chr4","74224357","74224575","chr11","124263168","124263380","49","50038811"
"chr4","74236394","74236710","chr7","12851011","12851322","29","61385383"
"chr4","74287245","74287536","chr7","12900242","12900526","22","61387003"
"chr4","74318998","74319314","chr11","4422956","4423267","48","69896042"
"chr4","74320570","74320880","chr7_KE147969v1_random","17135","17429","39","74303435"
"chr4","74340464","74340772","chr20","99960514","99960821","41","25620050"
"chr4","74354163","74354483","chr7_KE147969v1_random","48700","49008","45","74305463"
"chr4","74362264","74362579","chr7","12919380","12919694","35","61442884"
"chr4","74404244","74404518","chr11","59964710","59964985","35","14439534"
"chr4","74414149","74414449","chr2","16817283","16817584","37","57596866"
"chr4","74420048","74420358","chr7","12973427","12973717","41","61446621"
"chr4","74422375","74422646","chr7","12975699","12975987","33","61446676"
"chr4","74423341","74423642","chr7","12976681","12976989","32","61446660"
"chr4","74426984","74427271","chr20","101069011","101069309","47","26642027"
"chr4","74446734","74447050","chr6","15813882","15814194","45","58632852"
"chr4","74452159","74452477","chr20","7785906","7786210","48","66666253"
"chr4","74467928","74468226","chr7","37298478","37298772","34","37169450"
"chr4","74470001","74470300","chr28","19188684","19188984","28","55281317"
"chr4","74503437","74503729","chr7","13054663","13054965","36","61448774"
"chr4","74514040","74514352","chr7","13065315","13065625","29","61448725"
"chr4","74553690","74553909","chr11","124263168","124263380","43","49709478"
"chr4","74559519","74559812","chr25","27664129","27664423","39","46895390"
"chr4","74582450","74582724","chr12","92369556","92369827","37","17787106"
"chr4","74589986","74590150","chr7","13142423","13142586","12","61447563"
"chr4","74617114","74617419","chr7","13170701","13171006","18","61446413"
"chr4","74629745","74630040","chr20","108815662","108815960","42","34185917"
"chr4","74651008","74651310","chr23","79777308","79777608","46","5126300"
"chr4","74682659","74682973","chr7","13237016","13237316","40","61445643"
"chr4","74684892","74685174","chr7","13239277","13239552","31","61445615"
"chr4","74702799","74703101","chr11","105910489","105910792","34","31207690"
"chr4","74742203","74742502","chr5","57762403","57762695","41","16979800"
"chr4","74766607","74766900","chr7","13313303","13313591","21","61453304"
"chr4","74842998","74843274","chr8","9956528","9956807","37","64886470"
"chr4","74873018","74873320","chr5","59178950","59179249","36","15694068"
"chr4","74920622","74920942","chr7","13466469","13466796","39","61454153"
"chr4","75083464","75083746","chr21","103835760","103836040","38","28752296"
"chr4","75086501","75086808","chr2","16817283","16817584","44","58269218"
"chr4","75107865","75108177","chr7","13629628","13629927","32","61478237"
"chr4","75111444","75111752","chr7","13629628","13629927","28","61481816"
"chr4","75135511","75135784","chr7","13654292","13654564","34","61481219"
"chr4","75308077","75308357","chr9","12602918","12603195","30","62705159"
"chr4","75315046","75315334","chr7","13830326","13830635","40","61484720"
"chr4","75321472","75321785","chr28","19188684","19188984","42","56132788"
"chr4","75369784","75370083","chr9","33958924","33959219","32","41410860"
"chr4","75380233","75380532","chr7","13896464","13896759","36","61483769"
"chr4","75382770","75383059","chr7","13899111","13899409","36","61483659"
"chr4","75384507","75384806","chr7","13902397","13902706","33","61482110"
"chr4","75451395","75451696","chr7","13967008","13967313","25","61484387"
"chr4","75528546","75528857","chr15","3904633","3904938","39","71623913"
"chr4","75561102","75561412","chr7","14071934","14072244","14","61489168"
"chr4","75634746","75635036","chr23","79299755","79300045","38","3665009"
"chr4","75640469","75640776","chr20","109420728","109421036","38","33780259"
"chr4","75654315","75654629","chr7","14157000","14157303","41","61497315"
"chr4","75725556","75725857","chr7","14231466","14231774","37","61494090"
"chr4","75795961","75796252","chr7","14299008","14299297","27","61496953"
"chr4","75800368","75800644","chr16","2679156","2679431","26","73121212"
"chr4","75814279","75814590","chr7","14317176","14317480","30","61497103"
"chr4","75833995","75834295","chr21","102649520","102649813","42","26815525"
"chr4","75840913","75841210","chr9","17540070","17540370","35","58300843"
"chr4","75854784","75855063","chr1","94388401","94388679","37","18533617"
"chr4","75859236","75859522","chr7","14360209","14360499","29","61499027"
"chr4","75862211","75862501","chr23","79299755","79300045","38","3437544"
"chr4","75863770","75864078","chr7","14364792","14365100","34","61498978"
"chr4","75864097","75864390","chr6","33908236","33908526","43","41955861"
"chr4","75870943","75871252","chr7","14372571","14372879","36","61498372"
"chr4","75872759","75873059","chr5","11532044","11532345","37","64340715"
"chr4","75893189","75893496","chr7","14399809","14400092","38","61493380"
"chr4","75919374","75919664","chr16","67936029","67936329","42","7983345"
"chr4","75956716","75957030","chr7","14464593","14464898","32","61492123"
"chr4","75960111","75960409","chr7","14467989","14468289","30","61492122"
"chr4","75982653","75982958","chrX","20499085","20499394","35","55483568"
"chr4","76028534","76028796","chr7","14535860","14536131","34","61492674"
"chr4","76036252","76036541","chr7","14543285","14543579","26","61492967"
"chr4","76047480","76047783","chr25","28024918","28025220","37","48022562"
"chr4","76085921","76086224","chr2","42586306","42586608","40","33499615"
"chr4","76091977","76092304","chr10","52346298","52346630","55","23745679"
"chr4","76128785","76129055","chr7","14636620","14636890","23","61492165"
"chr4","76183726","76184030","chr7","14683963","14684272","23","61499763"
"chr4","76207393","76207685","chr5","16915015","16915309","39","59292378"
"chr4","76235385","76235693","chr14","82794681","82794991","33","6559296"
"chr4","76254735","76255046","chr2","47273858","47274164","41","28980877"
"chr4","76313854","76314159","chr23","22864793","22865102","41","53449061"
"chr4","76340993","76341302","chr7","14849219","14849533","38","61491774"
"chr4","76431176","76431379","chr8","17276072","17276283","34","59155104"
"chr4","76431381","76431551","chr11","110865104","110865274","26","34433723"
"chr4","76473366","76473664","chr7","14976940","14977240","21","61496426"
"chr4","76520754","76521040","chr26","20934397","20934682","40","55586357"
"chr4","76531140","76531443","chr1","15711914","15712215","44","60819226"
"chr4","76542443","76542710","chr7","15047750","15048013","36","61494693"
"chr4","76624563","76624855","chr7","15110031","15110329","36","61514532"
"chr4","76657253","76657554","chr7","15137577","15137870","28","61519676"
"chr4","76657995","76658301","chr7","15138308","15138610","31","61519687"
"chr4","76674057","76674351","chr15","64630867","64631162","29","12043190"
"chr4","76690685","76690984","chr7","15172249","15172548","24","61518436"
"chr4","76772230","76772453","chr7","15246076","15246295","22","61526154"
"chr4","76777622","76777932","chr8","52693668","52693972","39","24083954"
"chr4","76784252","76784570","chr16","6770929","6771247","37","70013323"
"chr4","76861870","76862133","chr7","15318088","15318353","32","61543782"
"chr4","76876782","76877086","chr7","15326940","15327237","37","61549842"
"chr4","76889976","76890262","chr7","15345439","15345716","24","61544537"
"chr4","76931385","76931681","chr7","15384124","15384416","18","61547261"
"chr4","76964838","76965131","chr6","13473280","13473574","32","63491558"
"chr4","76990138","76990426","chr7","15441502","15441790","17","61548636"
"chr4","77128699","77129009","chr7","15579960","15580281","37","61548739"
"chr4","77171277","77171588","chr7","15616311","15616610","31","61554966"
"chr4","77233082","77233401","chr7","15677280","15677582","40","61555802"
"chr4","77274028","77274332","chr7","15712037","15712344","28","61561991"
"chr4","77286535","77286842","chrX","111488159","111488465","29","34201624"
"chr4","77316767","77317071","chr7","15748051","15748360","28","61568716"
"chr4","77327332","77327635","chr7","15758746","15759042","24","61568586"
"chr4","77372384","77372683","chr7","15803552","15803853","20","61568832"
"chr4","77377470","77377745","chr7","15807548","15807823","24","61569922"
"chr4","77415330","77415595","chr7","15849048","15849327","46","61566282"
"chr4","77423676","77423983","chr7","15857091","15857404","32","61566585"
"chr4","77429145","77429418","chr7","15862684","15862957","26","61566461"
"chr4","77443377","77443681","chr7","15880940","15881243","28","61562437"
"chr4","77605120","77605381","chr6","4020111","4020373","34","73585009"
"chr4","77637382","77637684","chr20","9169732","9170041","40","68467650"
"chr4","77673662","77673964","chr7","16085302","16085607","32","61588360"
"chr4","77706157","77706442","chr7","33073613","33073895","38","44632544"
"chr4","77742499","77742784","chr7","16149612","16149895","24","61592887"
"chr4","77753297","77753608","chr16","60628346","60628657","33","17124951"
"chr4","77756430","77756741","chr7","16161413","16161716","43","61595017"
"chr4","77791760","77792069","chr5","43308878","43309187","34","34482882"
"chr4","77853695","77854005","chr7","16247822","16248134","19","61605873"
"chr4","77903527","77903837","chr19","30010706","30011008","38","47892821"
"chr4","77922746","77923069","chr21","118373364","118373691","60","40450618"
"chr4","77939368","77939676","chr7","16328276","16328575","36","61611092"
"chr4","78001960","78002221","chr7","128726509","128726777","45","50724549"
"chr4","78037706","78038008","chr6","49568740","49569041","37","28468966"
"chr4","78045601","78045910","chr7","16434526","16434831","26","61611075"
"chr4","78122126","78122289","chr28","12116747","12116911","29","66005379"
"chr4","78122467","78122587","chr5","35906900","35907020","15","42215567"
"chr4","81685340","81685662","chr20","105213353","105213657","64","23528013"
"chr4","81749199","81749489","chr2","66479389","66479678","28","15269810"
"chr4","82052676","82052992","chr11","84731265","84731575","55","2678589"
"chr4","83052251","83052568","chr27","1285612","1285916","36","81766639"
"chr4","83060338","83060659","chr27","1292450","1292754","36","81767888"
"chr4","83103425","83103745","chr27","1341744","1342059","31","81761681"
"chr4","83136853","83137124","chr27","1365070","1365345","25","81771783"
"chr4","83145324","83145614","chr16","3415487","3415779","39","79729837"
"chr4","83202670","83202977","chr9","16797425","16797729","30","66405245"
"chr4","83231745","83232056","chr27","1446268","1446585","39","81785477"
"chr4","83235022","83235327","chr27","1449740","1450044","21","81785282"
"chr4","83240591","83240893","chr1","57381049","57381356","34","25859542"
"chr4","83248988","83249298","chr27","1463957","1464261","24","81785031"
"chr4","83278024","83278316","chr27","1492527","1492838","45","81785497"
"chr4","83305344","83305654","chr2","34526383","34526681","37","48778961"
"chr4","83307574","83307886","chr27","1517148","1517467","30","81790426"
"chr4","83319447","83319730","chr27","1528441","1528722","21","81791006"
"chr4","83334249","83334405","chr3","27917532","27917692","22","55416717"
"chr4","83435719","83436025","chr27","1631343","1631652","35","81804376"
"chr4","83441883","83442194","chr27","1637501","1637820","31","81804382"
"chr4","83488395","83488695","chr12","63962265","63962564","35","19526130"
"chr4","83500313","83500615","chr28","19188684","19188984","36","64311629"
"chr4","83540053","83540353","chr27","1749766","1750074","31","81790287"
"chr4","83568182","83568502","chr27","1778324","1778616","46","81789858"
"chr4","83580389","83580617","chr9","99339340","99339577","53","15758951"
"chr4","83629129","83629414","chr27","1842380","1842670","27","81786749"
"chr4","83664860","83665165","chr4","31876349","31876651","31","51788511"
"chr4","83668335","83668610","chr27","1879303","1879580","25","81789032"
"chr4","83671329","83671648","chr14","1231012","1231318","50","82440317"
"chr4","83673833","83674145","chr27","1886412","1886720","25","81787421"
"chr4","83674233","83674518","chr27","1886809","1887089","42","81787424"
"chr4","83683292","83683589","chr27","1887794","1888087","28","81795498"
"chr4","83689345","83689650","chr9","117230098","117230400","38","33540753"
"chr4","83705442","83705739","chr12","106628779","106629075","34","22923337"
"chr4","83725205","83725500","chr27","1939081","1939391","34","81786124"
"chr4","83810534","83810830","chr27","2021512","2021807","23","81789022"
"chr4","83817354","83817666","chr27","2027000","2027313","31","81790354"
"chr4","83825416","83825710","chr8","101592110","101592406","37","17766694"
"chr4","83869290","83869589","chr27","2080306","2080613","30","81788984"
"chr4","83879668","83879979","chr17","30396991","30397301","36","53482677"
"chr4","83898437","83898719","chr4","36399435","36399731","60","47499002"
"chr4","83919635","83919921","chr27","2134148","2134443","30","81785487"
"chr4","83937720","83938032","chr16","70267268","70267576","34","13670452"
"chr4","83949977","83950282","chr2","80391827","80392129","36","3558150"
"chr4","83967325","83967591","chr9","7331539","7331805","38","76635786"
"chr4","83984573","83984881","chr11","32401867","32402174","35","51582706"
"chr4","83989231","83989522","chr6","12817354","12817649","31","71171877"
"chr4","84065223","84065534","chr27","2271152","2271472","38","81794071"
"chr4","84072858","84073157","chr7","131848095","131848393","28","47775237"
"chr4","84078688","84078970","chr27","2286697","2286982","33","81791991"
"chr4","84079952","84080244","chr20","77903993","77904291","40","6175959"
"chr4","84083095","84083406","chrX","46285407","46285716","37","37797688"
"chr4","84106188","84106482","chr11","118168788","118169077","33","34062600"
"chr4","84135958","84136267","chr27","2345078","2345392","37","81790880"
"chr4","84153086","84153378","chr16","48605023","48605318","34","35548063"
"chr4","84212094","84212395","chr27","2420283","2420580","25","81791811"
"chr4","84258361","84258669","chr21","73499256","73499565","38","10759105"
"chr4","84271025","84271331","chr10","120013","120319","28","84151012"
"chr4","84286892","84287180","chr27","2502951","2503238","31","81783941"
"chr4","84328871","84329158","chr27","2544988","2545299","49","81783883"
"chr4","84364671","84364966","chr27","2579911","2580196","27","81784760"
"chr4","84447952","84448263","chr27","2660609","2660915","31","81787343"
"chr4","84478631","84478940","chr27","2686187","2686497","30","81792444"
"chr4","84485289","84485594","chr8","10801167","10801476","37","73684122"
"chr4","84493424","84493730","chr27","2700539","2700831","36","81792885"
"chr4","84506387","84506676","chr27","2713044","2713341","32","81793343"
"chr4","84533857","84534168","chr9","33958924","33959219","38","50574933"
"chr4","84554595","84554803","chr21","113636618","113636831","56","29082023"
"chr4","84571745","84572028","chrX","49542956","49543243","36","35028789"
"chr4","84598965","84599260","chr27","2803600","2803888","36","81795365"
"chr4","84636015","84636324","chr3","9026672","9026974","35","75609343"
"chr4","84654894","84655196","chr27","2857913","2858214","31","81796981"
"chr4","84683788","84684082","chr27","2884472","2884773","32","81799316"
"chr4","84746016","84746319","chr9","31301894","31302198","35","53444122"
"chr4","84801379","84801682","chr20","120483502","120483799","37","35682123"
"chr4","84901998","84902293","chr27","3081373","3081657","37","81820625"
"chr4","85006439","85006733","chr27","3193816","3194109","20","81812623"
"chr4","85008823","85009020","chr5","3340388","3340587","30","81668435"
"chr4","85046739","85047063","chr5","19896273","19896588","46","65150466"
"chr4","85050185","85050341","chr23","79838641","79838798","31","5211544"
"chr4","85054856","85055169","chr27","3239634","3239937","37","81815222"
"chr4","85297133","85297440","chr27","3479471","3479783","35","81817662"
"chr4","85329263","85329555","chr2","85375417","85375713","34","46154"
"chr4","85379352","85379663","chr27","3552449","3552759","29","81826903"
"chr4","85409085","85409407","chr27","3577419","3577740","54","81831666"
"chr4","85483378","85483683","chr27","3651487","3651810","37","81831891"
"chr4","85504852","85505132","chr3","8459152","8459413","52","77045700"
"chr4","85505586","85505869","chr27","3669453","3669729","37","81836133"
"chr4","85550625","85550935","chr27","3721484","3721778","38","81829141"
"chr4","85914254","85914550","chr12","12756793","12757097","49","73157461"
"chr4","85936878","85937175","chr27","4114742","4115044","32","81822136"
"chr4","86022918","86023234","chr10","113390916","113391227","59","27367998"
"chr4","86053730","86054028","chr9","21610624","21610913","36","64443106"
"chr4","86101108","86101420","chr1","111098831","111099141","38","24997723"
"chr4","86210359","86210648","chr2","39175459","39175740","47","47034900"
"chr4","86285892","86286192","chr20","102069946","102070249","47","15784054"
"chr4","86481296","86481577","chr23","72809226","72809510","36","13672070"
"chr4","86597910","86598215","chr14","45134818","45135105","57","41463092"
"chr4","86707349","86707508","chr23","79838641","79838798","31","6868708"
"chr4","86753305","86753460","chr27","4954149","4954300","23","81799156"
"chr4","86815353","86815636","chr2","36199389","36199661","62","50615964"
"chr4","87144556","87144847","chr16","10052529","10052819","37","77092027"
"chr4","87231005","87231315","chr14","5460529","5460831","44","81770476"
"chr4","87286198","87286493","chr7","33398649","33398942","25","53887549"
"chr4","87398094","87398397","chr7","33527418","33527716","21","53870676"
"chr4","87416298","87416581","chr7","33547154","33547428","30","53869144"
"chr4","87515895","87516190","chr9","60897608","60897902","42","26618287"
"chr4","87516855","87516916","chr19","21679426","21679496","15","65837429"
"chr4","87517016","87517232","chr6","5112704","5112918","35","82404312"
"chr4","87692386","87692692","chr18","28798439","28798734","54","58893947"
"chr4","87703674","87703982","chr7","33846119","33846428","30","53857555"
"chr4","87802976","87803242","chr7","33938308","33938581","35","53864668"
"chr4","87917439","87917735","chr6","1368181","1368463","57","86549258"
"chr4","87959628","87959937","chr8","120192960","120193263","39","32233332"
"chr4","87983770","87984120","chr14","59804388","59804729","81","28179382"
"chr4","87994846","87995069","chr28","12483857","12484089","42","75510989"
"chr4","87996762","87997041","chr7","34126700","34126998","43","53870062"
"chr4","88012300","88012609","chr3","390926","391232","34","87621374"
"chr4","88036857","88037163","chr20","99960514","99960821","32","11923657"
"chr4","88077252","88077564","chr7","34207843","34208154","30","53869409"
"chr4","88132779","88133077","chr7","34262061","34262361","33","53870718"
"chr4","88160374","88160676","chr2","60500472","60500783","39","27659902"
"chr4","88190597","88190787","chr7","15845768","15845962","38","72344829"
"chr4","88196519","88196828","chr7","34320676","34320977","38","53875843"
"chr4","88299630","88299931","chr7","34416192","34416499","22","53883438"
"chr4","88412896","88413209","chr7","34520976","34521280","36","53891920"
"chr4","88525776","88526073","chr7","34629199","34629501","26","53896577"
"chr4","88556104","88556411","chr9","53786275","53786585","35","34769829"
"chr4","88565476","88565774","chr8","7114217","7114516","38","81451259"
"chr4","88587395","88587695","chr16","66263246","66263550","39","22324149"
"chr4","88680662","88680959","chr7","34796535","34796831","32","53884127"
"chr4","88684055","88684356","chr14","78389199","78389498","49","10294856"
"chr4","88803566","88803840","chr7","34926388","34926667","32","53877178"
"chr4","88819362","88819655","chr7","34945628","34945918","31","53873734"
"chr4","88886589","88886882","chr7","35013759","35014066","41","53872830"
"chr4","88900804","88901100","chr25","15057236","15057531","39","73843568"
"chr4","88919332","88919657","chr9","56622449","56622777","44","32296883"
"chr4","88932748","88933058","chr5","73188003","73188312","31","15744745"
"chr4","88937401","88937687","chr7","35057660","35057954","29","53879741"
"chr4","88971935","88972237","chr7","35089816","35090111","27","53882119"
"chr4","89020701","89021002","chr25","9570712","9571015","32","79449989"
"chr4","89069113","89069395","chr7","35192723","35193002","43","53876390"
"chr4","89092844","89093131","chr9","62534396","62534678","35","26558448"
"chr4","89096033","89096342","chr20","7232593","7232901","45","81863440"
"chr4","89109904","89110213","chr7","35233661","35233971","26","53876243"
"chr4","89161075","89161371","chr2","25196474","25196769","30","63964601"
"chr4","89167030","89167203","chr9","57624793","57624958","36","31542237"
"chr4","89186382","89186686","chr19","14006619","14006922","32","75179763"
"chr4","89242143","89242448","chr7","35355326","35355634","30","53886817"
"chr4","89243352","89243647","chr7","35356506","35356813","44","53886846"
"chr4","89251414","89251712","chr6","12959054","12959357","40","76292360"
"chr4","89280554","89280861","chr25","28024918","28025220","38","61255636"
"chr4","89283391","89283682","chr7","35396893","35397185","35","53886498"
"chr4","89296120","89296412","chr7","35410574","35410873","27","53885546"
"chr4","89300548","89300838","chr7","35415349","35415642","30","53885199"
"chr4","89319387","89319687","chr3","13979299","13979588","50","75340088"
"chr4","89331399","89331720","chr21","22954475","22954790","48","66376924"
"chr4","89354597","89354899","chr7","35470907","35471214","28","53883690"
"chr4","89389761","89390062","chr2","37295814","37296116","33","52093947"
"chr4","89450336","89450636","chr13","65628742","65629040","28","23821594"
"chr4","89494264","89494546","chr6","40969791","40970080","47","48524473"
"chr4","89509529","89509830","chr7","35621755","35622060","23","53887774"
"chr4","89520925","89521235","chr10","113901154","113901464","36","24380229"
"chr4","89552126","89552417","chr7","35668009","35668301","23","53884117"
"chr4","89553634","89553919","chr7","35668612","35668899","16","53885022"
"chr4","89558474","89558775","chr7","35675347","35675651","21","53883127"
"chr4","89573970","89574276","chr21","124655752","124656055","37","35081782"
"chr4","89580069","89580366","chr7","35698307","35698590","31","53881762"
"chr4","89587062","89587348","chr3","24558214","24558499","29","65028848"
"chr4","89596836","89597168","chr1","29071160","29071467","61","60525676"
"chr4","89627555","89627846","chr7","35756421","35756718","28","53871134"
"chr4","89631349","89631645","chr4","68915144","68915440","48","20716205"
"chr4","89699711","89700003","chr12","102235817","102236112","29","12536106"
"chr4","89700201","89700504","chr8","7114217","7114516","29","82585984"
"chr4","89709007","89709312","chr7","35833205","35833504","31","53875802"
"chr4","89712848","89713161","chr11","2853447","2853759","36","86859401"
"chr4","89714710","89715024","chr7","35839018","35839325","31","53875692"
"chr4","89753779","89754069","chr7","35876968","35877257","28","53876811"
"chr4","89758487","89758804","chr7","35881692","35882016","27","53876795"
"chr4","89760493","89760788","chr5","17405278","17405570","33","72355215"
"chr4","89779471","89779784","chr7","35904798","35905113","23","53874673"
"chr4","89804481","89804778","chr14","75498298","75498595","28","14306183"
"chr4","89812101","89812401","chr7","35936408","35936711","23","53875693"
"chr4","89863444","89863749","chr7","35985414","35985722","28","53878030"
"chr4","89944307","89944588","chr7","36075286","36075562","25","53869021"
"chr4","89953541","89953834","chrX","97961569","97961870","46","8008028"
"chr4","89959432","89959735","chr7","36086314","36086611","33","53873118"
"chr4","90080127","90080429","chr25","28498026","28498326","43","61582101"
"chr4","90119948","90120260","chr22","9212240","9212547","45","80907708"
"chr4","90271175","90271463","chr7","36379608","36379898","21","53891567"
"chr4","90353942","90354238","chr11","96978397","96978692","33","6624455"
"chr4","90356032","90356340","chr23","80019424","80019728","35","10336608"
"chr4","90360477","90360768","chr7","36473819","36474110","18","53886658"
"chr4","90363976","90364270","chr7","36477300","36477597","35","53886676"
"chr4","90387624","90387932","chr17","39099892","39100198","30","51287732"
"chr4","90400277","90400574","chr7","36509749","36510048","36","53890528"
"chr4","90409837","90410129","chr7","36515317","36515612","28","53894520"
"chr4","90416401","90416696","chr8","120261886","120262182","35","29845485"
"chr4","90424561","90424858","chr7","36530178","36530473","31","53894383"
"chr4","90443565","90443858","chr7","36551905","36552178","41","53891660"
"chr4","90444074","90444377","chr1","12743297","12743599","32","77700777"
"chr4","90449067","90449382","chr23","37753252","37753563","47","52695815"
"chr4","90449383","90449675","chr7","36557990","36558281","26","53891393"
"chr4","90450402","90450707","chrX","41571573","41571872","37","48878829"
"chr4","90455629","90455940","chr7","36563973","36564263","41","53891656"
"chr4","90466037","90466342","chr7","36575693","36575998","41","53890344"
"chr4","90473458","90473749","chr7","36583192","36583487","22","53890266"
"chr4","90515758","90516071","chr3","2061626","2061937","32","88454132"
"chr4","90517005","90517306","chr7","36625269","36625575","23","53891736"
"chr4","90575112","90575295","chr10","33376506","33376682","34","57198606"
"chr4","90575459","90575590","chr6","50220943","50221070","21","40354516"
"chr4","90612287","90612579","chr7","36708743","36709025","22","53903544"
"chr4","90641318","90641624","chr7","36743854","36744160","25","53897464"
"chr4","90646094","90646392","chr7","36748594","36748896","31","53897500"
"chr4","90677440","90677747","chr9","31701559","31701865","37","58975881"
"chr4","90689051","90689361","chr21","107753090","107753422","63","17064039"
"chr4","90705536","90705831","chr7","36807149","36807452","36","53898387"
"chr4","90740532","90740828","chr7","36839788","36840082","21","53900744"
"chr4","90749751","90750063","chrX","46241325","46241636","33","44508426"
"chr4","90751257","90751552","chr7","36850919","36851207","24","53900338"
"chr4","90752095","90752386","chr7","36851756","36852045","21","53900339"
"chr4","90755128","90755429","chr7","36855059","36855356","25","53900069"
"chr4","90841156","90841454","chr7","129959960","129960258","37","39118804"
"chr4","90843103","90843399","chr5","10687090","10687388","47","80156013"
"chr4","90852868","90853169","chrX","44445185","44445485","40","46407683"
"chr4","90857396","90857705","chr7","36947857","36948158","30","53909539"
"chr4","90883363","90883652","chr10","36804532","36804826","31","54078831"
"chr4","90922282","90922576","chr16","26470974","26471269","40","64451308"
"chr4","90967184","90967501","chr7","37064865","37065181","25","53902319"
"chr4","91002099","91002417","chr26","51577664","51577979","42","39424435"
"chr4","91013606","91013899","chr7","37110898","37111192","30","53902708"
"chr4","91063805","91064116","chr10","19597340","19597649","32","71466465"
"chr4","91088257","91088548","chr19","21211544","21211829","36","69876713"
"chr4","91098469","91098760","chr7","37194835","37195128","16","53903634"
"chr4","91101539","91101833","chr7","37197895","37198190","26","53903644"
"chr4","91166156","91166310","chrX","116310649","116310799","48","25144493"
"chr4","91215466","91215764","chr20","95037372","95037673","27","3821906"
"chr4","91225514","91225811","chr7","37308829","37309125","28","53916685"
"chr4","91248366","91248664","chr5","35843820","35844117","32","55404546"
"chr4","91251184","91251474","chr7","37335856","37336136","31","53915328"
"chr4","91273433","91273729","chr8","40178073","40178373","30","51095360"
"chr4","91296929","91297227","chr7","37379775","37380076","21","53917154"
"chr4","91312000","91312162","chr5","69612587","69612750","20","21699413"
"chr4","91313497","91313782","chr21","109716391","109716674","51","18402894"
"chr4","91377526","91377833","chr5","38892397","38892709","42","52485129"
"chr4","91406024","91406312","chr7","37497710","37498013","33","53908314"
"chr4","91574912","91575181","chr16","42157184","42157462","34","49417728"
"chr4","91632628","91632947","chr7","37707130","37707441","32","53925498"
"chr4","91707807","91708117","chr7","37778154","37778450","27","53929653"
"chr4","91837843","91838128","chr14","82553198","82553485","40","9284645"
"chr4","91882898","91883198","chr7","37956872","37957166","30","53926026"
"chr4","91972984","91973275","chr7","38047602","38047891","31","53925382"
"chr4","92057868","92058160","chr7","38126889","38127191","48","53930979"
"chr4","92083996","92084279","chr4","60600244","60600531","35","31483752"
"chr4","92099172","92099470","chr7","38167351","38167646","32","53931821"
"chr4","92130544","92130854","chr5","59743438","59743749","42","32387106"
"chr4","92211090","92211369","chr7","38277844","38278121","28","53933246"
"chr4","92309508","92309806","chr17","69557730","69558026","33","22751778"
"chr4","92314937","92315227","chr7","38376431","38376720","17","53938506"
"chr4","92368672","92368958","chr20","12197329","12197612","35","80171343"
"chr4","92432974","92433283","chr7","38494124","38494416","42","53938850"
"chr4","92474866","92475159","chr6","38505808","38506103","41","53969058"
"chr4","92497534","92497834","chr7","38549082","38549383","30","53948452"
"chr4","92529512","92529813","chr6","49568740","49569041","37","42960772"
"chr4","92534158","92534448","chr1","117421479","117421771","35","24887321"
"chr4","92572157","92572466","chr21","123174857","123175170","37","30602700"
"chr4","92611426","92611730","chr27","25166790","25167092","30","67444636"
"chr4","92649590","92649883","chr28","19188684","19188984","36","73460906"
"chr4","92669681","92669962","chr7","31417444","31417732","41","61252237"
"chr4","92685540","92685835","chr23","69979851","69980146","36","22705689"
"chr4","92785218","92785503","chr8","11403434","11403717","32","81381784"
"chr4","92786462","92786779","chr8","50111525","50111836","43","42674937"
"chr4","92813255","92813558","chr7","38832608","38832911","21","53980647"
"chr4","92833783","92834093","chr7","38857600","38857912","30","53976183"
"chr4","92866551","92866865","chr6","15813882","15814194","44","77052669"
"chr4","92881773","92882065","chr7","38900672","38900965","27","53981101"
"chr4","93046240","93046534","chr7","39062497","39062786","31","53983743"
"chr4","93067673","93067969","chr3","79749884","79750184","35","13317789"
"chr4","93226412","93226711","chr7","39246318","39246612","35","53980094"
"chr4","93240123","93240417","chr7","39260861","39261163","40","53979262"
"chr4","93330653","93330967","chr8","66599307","66599623","53","26731346"
"chr4","93349350","93349648","chr27","24858553","24858850","40","68490797"
"chr4","93383251","93383488","chr16","31906139","31906391","49","61477112"
"chr4","93440759","93441058","chr24","81534444","81534741","35","11906315"
"chr4","93521236","93521534","chr1","108664944","108665249","46","15143708"
"chr4","93647832","93648139","chr7","39657254","39657557","24","53990578"
"chr4","93712589","93712845","chr7","39709293","39709539","29","54003296"
"chr4","93747007","93747305","chr20","7865778","7866074","34","85881229"
"chr4","93787243","93787547","chr26","18344490","18344794","33","75442753"
"chr4","94304524","94304823","chr7","40276082","40276382","16","54028442"
"chr4","94364151","94364458","chr7","40329921","40330232","35","54034230"
"chr4","94461236","94461531","chr6","4522559","4522854","31","89938677"
"chr4","94496613","94496907","chr7","40462998","40463299","33","54033615"
"chr4","94549093","94549376","chr10","110720648","110720937","42","16171555"
"chr4","94821620","94821906","chr7","40786657","40786942","33","54034963"
"chr4","94867334","94867629","chr20","103936878","103937182","42","9069544"
"chr4","95044249","95044545","chr7","41005445","41005745","36","54038804"
"chr4","95066326","95066596","chr7","41026747","41027021","31","54039579"
"chr4","95093025","95093262","chr9","114777526","114777766","44","19684501"
"chr4","95159737","95160049","chr7","41117570","41117876","29","54042167"
"chr4","95171623","95171903","chr5","61605360","61605641","39","33566263"
"chr4","95325697","95325997","chr8","28161038","28161332","43","67164659"
"chr4","95337637","95337936","chr8","35984503","35984804","40","59353134"
"chr4","95347453","95347753","chr7","41294651","41294958","53","54052802"
"chr4","95350659","95350965","chr7","41297820","41298127","32","54052839"
"chr4","95353100","95353406","chr7","41297820","41298127","32","54055280"
"chr4","95610003","95610308","chr10","108637303","108637610","33","13027300"
"chr4","95712092","95712391","chr10","115502051","115502351","35","19789959"
"chr4","95773347","95773658","chr11","75700753","75701064","41","20072594"
"chr4","96034237","96034536","chr11","128341401","128341698","38","32307164"
"chr4","96061339","96061638","chr3","76910391","76910692","37","19150948"
"chr4","96068680","96068872","chr4","77889793","77889990","29","18178887"
"chr4","96096776","96097087","chr7","42029182","42029492","31","54067594"
"chr4","96127145","96127448","chr9","112413452","112413753","32","16286307"
"chr4","96205545","96205841","chr6","12740309","12740605","37","83465236"
"chr4","96225667","96225947","chr16","7051402","7051682","39","89174265"
"chr4","96393530","96393821","chr7","42330391","42330670","39","54063139"
"chr4","96457294","96457613","chr7","42370901","42371197","41","54086393"
"chr4","96479987","96480283","chr18","69021293","69021591","31","27458694"
"chr4","96504531","96504831","chr7","42417000","42417308","40","54087531"
"chr4","96511088","96511403","chr6","29397714","29398019","45","67113374"
"chr4","96532203","96532501","chr16","45057618","45057923","47","51474585"
"chr4","96533193","96533488","chr7","42443284","42443581","24","54089909"
"chr4","96539135","96539344","chr17","38823537","38823742","39","57715598"
"chr4","96543425","96543715","chr26","26878534","26878831","47","69664891"
"chr4","96573399","96573704","chr7","42483735","42484035","34","54089664"
"chr4","96582519","96582827","chr3","4817380","4817682","42","91765139"
"chr4","96609839","96610119","chr1","22167303","22167575","48","74442536"
"chr4","96626035","96626323","chr7","42536132","42536418","23","54089903"
"chr4","96644541","96644819","chr10","115472166","115472447","35","18827625"
"chr4","96692679","96692972","chr3","9026672","9026974","42","87666007"
"chr4","96701831","96702127","chr10","124515532","124515831","35","27813701"
"chr4","96764631","96764932","chr2","80483413","80483720","41","16281218"
"chr4","96837480","96837774","chr7","42728367","42728650","32","54109113"
"chr4","96947940","96948246","chr15","5046053","5046361","45","91901887"
"chr4","97022793","97023090","chr7","42903650","42903946","23","54119143"
"chr4","97066685","97066991","chr7","42951445","42951746","21","54115240"
"chr4","97073807","97074071","chr7","42958389","42958669","32","54115418"
"chr4","97080199","97080497","chr20","101713798","101714099","33","4633599"
"chr4","97091703","97091970","chr1","8123994","8124260","46","88967709"
"chr4","97093061","97093368","chr7","42979299","42979589","42","54113762"
"chr4","97111902","97112205","chr2","9435379","9435682","41","87676523"
"chr4","97174528","97174805","chr7","43054241","43054516","41","54120287"
"chr4","97252624","97252919","chr13","12110083","12110379","35","85142541"
"chr4","97315880","97316166","chr8","68974043","68974327","44","28341837"
"chr4","97453219","97453492","chr7","43326937","43327203","27","54126282"
"chr4","97631420","97631709","chr7","43493542","43493830","37","54137878"
"chr4","97684756","97685066","chr2","14244597","14244911","36","83440159"
"chr4","97831041","97831347","chr26","21447220","21447524","38","76383821"
"chr4","97858146","97858439","chr7","43712413","43712706","34","54145733"
"chr4","98005306","98005594","chr6","49842626","49842910","50","48162680"
"chr4","98410270","98410556","chr12","8362268","8362558","36","90048002"
"chr4","98413680","98413983","chr7","44223833","44224133","36","54189847"
"chr4","98581780","98582083","chr11","128341401","128341698","47","29759621"
"chr4","98601589","98601899","chr9","52123142","52123450","33","46478447"
"chr4","99316774","99317012","chr7","45097737","45097972","42","54219037"
"chr4","99523325","99523632","chr5","39045605","39045909","46","60477720"
"chr4","99566582","99566873","chr9","119158872","119159163","42","19592290"
"chr4","99609532","99609770","chr7","45388227","45388465","22","54221305"
"chr4","99621726","99622032","chr7","45404842","45405142","29","54216884"
"chr4","99673098","99673399","chr11","53385214","53385525","60","46287884"
"chr4","99823621","99823926","chr8","35921122","35921424","38","63902499"
"chr4","100203168","100203480","chr7","45947449","45947753","29","54255719"
"chr4","100226094","100226375","chr7","45965819","45966110","41","54260275"
"chr4","100744664","100744960","chr7","46448127","46448423","22","54296537"
"chr4","100775332","100775655","chr7","46476665","46476965","42","54298667"
"chr4","100826662","100826947","chr10","55089831","55090117","35","45736831"
"chr4","100846380","100846684","chr13","14617984","14618268","56","86228396"
"chr4","100874636","100874937","chr7","46578397","46578691","33","54296239"
"chr4","100981274","100981575","chr7","46682065","46682368","32","54299209"
"chr4","100985614","100985929","chr7","46686426","46686735","24","54299188"
"chr4","100994032","100994333","chr2","16393924","16394229","33","84600108"
"chr4","101017001","101017304","chr7","46713350","46713653","24","54303651"
"chr4","101153362","101153666","chr8","103533515","103533819","40","2380153"
"chr4","101185213","101185505","chr11","96978397","96978692","24","4206816"
"chr4","101239723","101240013","chr7","46934009","46934299","29","54305714"
"chr4","101245246","101245562","chr10","24331092","24331413","43","76914154"
"chr4","101274545","101274839","chr11","96978397","96978692","32","4296148"
"chr4","101290551","101290846","chr7","46973375","46973671","23","54317176"
"chr4","101292087","101292379","chr9","53624318","53624611","46","47667769"
"chr4","101297071","101297370","chr7","46980392","46980692","30","54316679"
"chr4","101354479","101354780","chr7","47038275","47038570","27","54316204"
"chr4","101354862","101355136","chr7","47038652","47038919","26","54316210"
"chr4","101366486","101366792","chr12","7117943","7118250","37","94248543"
"chr4","101400173","101400483","chr7","47082206","47082502","41","54317967"
"chr4","101404837","101405052","chr11","124263168","124263380","60","22858331"
"chr4","101405384","101405447","chr17","38823423","38823499","27","62581961"
"chr4","101420827","101421141","chr7","47098014","47098329","29","54322813"
"chr4","101431842","101432126","chr1","32368269","32368555","37","69063573"
"chr4","101456546","101456849","chr7","47130350","47130647","34","54326196"
"chr4","101490651","101490946","chr26","40612188","40612479","48","60878463"
"chr4","101595105","101595404","chr7","47251439","47251742","24","54343666"
"chr4","101595587","101595881","chr1","67937430","67937722","34","33658157"
"chr4","101617441","101617751","chr2","54481617","54481927","42","47135824"
"chr4","101800153","101800434","chr21","54333687","54333969","39","47466466"
"chr4","102037192","102037488","chr25","73296177","73296486","42","28741015"
"chr4","102108380","102108584","chr7","47773422","47773612","28","54334958"
"chr4","102166415","102166719","chr26","18344490","18344794","33","83821925"
"chr4","102293290","102293562","chr7","47947167","47947446","36","54346123"
"chr4","102312356","102312659","chr12","11347898","11348202","36","90964458"
"chr4","102317117","102317424","chr7","47971418","47971723","42","54345699"
"chr4","102327327","102327624","chr7","47981668","47981968","28","54345659"
"chr4","102343866","102344177","chr7","47998276","47998574","40","54345590"
"chr4","102346763","102347074","chr7","48001174","48001475","37","54345589"
"chr4","102409976","102410284","chr7","48060283","48060577","31","54349693"
"chr4","102414219","102414509","chr7","48065201","48065492","30","54349018"
"chr4","102415429","102415736","chr7","48066425","48066732","36","54349004"
"chr4","102475278","102475578","chr7","48124863","48125140","46","54350415"
"chr4","102630583","102630845","chr7","48273894","48274132","40","54356689"
"chr4","102653445","102653751","chr15","21502187","21502494","43","81151258"
"chr4","102654188","102654500","chr17","29971396","29971707","40","72682792"
"chr4","102989856","102990104","chr24","29770795","29771045","39","73219061"
"chr4","103201610","103201852","chr7","48842021","48842263","35","54359589"
"chr4","103268674","103268971","chr12","7886220","7886520","38","95382454"
"chr4","103527690","103528001","chr7","49140753","49141052","43","54386937"
"chr4","103621089","103621392","chr7","49234920","49235220","29","54386169"
"chr4","103715914","103716210","chr9","5967510","5967809","40","97748404"
"chr4","103728966","103729265","chr11","48108864","48109166","39","55620102"
"chr4","103768955","103769236","chr24","69418675","69418959","39","34350280"
"chr4","103795407","103795711","chr7","49404153","49404446","34","54391254"
"chr4","103875324","103875616","chr7","49484007","49484304","32","54391317"
"chr4","103927078","103927370","chr20","88763467","88763766","48","15163611"
"chr4","104072630","104072942","chr7","49672173","49672484","37","54400457"
"chr4","104413330","104413592","chr7","130137086","130137351","34","25723756"
"chr4","104575295","104575603","chr7","50165315","50165617","37","54409980"
"chr4","104627387","104627693","chr24","43578636","43578939","34","61048751"
"chr4","104649169","104649481","chr14","8568056","8568366","46","96081113"
"chr4","104796165","104796346","chr6","540211","540390","32","104255954"
"chr4","104868553","104868858","chr7","50435110","50435406","27","54433443"
"chr4","104907108","104907393","chr8","95633451","95633738","33","9273657"
"chr4","104967023","104967340","chr11","84731265","84731575","49","20235758"
"chr4","105039954","105040234","chr16","2679156","2679431","34","102360798"
"chr4","105232181","105232468","chr5","18721938","18722228","33","86510243"
"chr4","105263760","105264055","chr14","14997912","14998214","34","90265848"
"chr4","105264056","105264224","chr11","49893912","49894083","13","55370144"
"chr4","105267888","105268172","chr7","50823708","50823993","22","54444180"
"chr4","105365220","105365511","chr1","110366994","110367285","37","5001774"
"chr4","105376122","105376400","chr16","424270","424542","50","104951852"
"chr4","105382606","105382915","chr25","25629089","25629399","33","79753517"
"chr4","105428211","105428500","chr7","50978738","50979016","30","54449473"
"chr4","105441650","105441964","chr1","14106229","14106537","41","91335421"
"chr4","105480423","105480699","chr10","20143360","20143630","44","85337063"
"chr4","105483914","105484069","chr23","79838641","79838798","26","25645273"
"chr4","105521564","105521853","chr7","51079198","51079498","27","54442366"
"chr4","105604694","105605000","chr17","33554756","33555057","31","72049938"
"chr4","105619093","105619402","chr7","51172726","51173037","24","54446367"
"chr4","105629946","105630237","chr28","15680756","15681046","29","89949190"
"chr4","105666862","105667165","chr3","9026672","9026974","43","96640190"
"chr4","105752228","105752533","chr28","20187264","20187562","38","85564964"
"chr4","105759491","105759797","chr10","93621317","93621620","37","12138174"
"chr4","105927871","105928151","chr12","6309978","6310259","33","99617893"
"chr4","106007677","106007976","chr7","51541017","51541316","26","54466660"
"chr4","106159729","106160018","chr1","15703960","15704247","37","90455769"
"chr4","106203104","106203402","chr23","52836409","52836704","37","53366695"
"chr4","106459995","106460301","chr7","51982961","51983265","44","54477034"
"chr4","106469933","106470239","chr6","50540958","50541259","54","55928975"
"chr4","106515126","106515418","chr7","52040675","52040967","24","54474451"
"chr4","106577966","106578265","chr7","52099754","52100059","38","54478212"
"chr4","106726096","106726388","chr7","37298478","37298772","42","69427618"
"chr4","106820204","106820525","chr13","14109277","14109590","46","92710927"
"chr4","106853554","106853869","chr20","120483502","120483799","46","13629948"
"chr4","106910233","106910545","chr7","52412125","52412428","32","54498108"
"chr4","106923032","106923316","chr13","35708639","35708918","48","71214393"
"chr4","107016854","107017169","chr10","105520615","105520926","40","1496239"
"chr4","107081002","107081280","chr7","52573854","52574134","32","54507148"
"chr4","107101376","107101658","chr21","103835760","103836040","36","3265616"
"chr4","107301088","107301369","chr11","89537909","89538199","41","17763179"
"chr4","107323397","107323692","chr7","52802620","52802925","34","54520777"
"chr4","107327321","107327500","chr7","52806541","52806732","25","54520780"
"chr4","107366961","107367270","chr5","26410686","26410992","34","80956275"
"chr4","107367857","107368051","chr25","72060311","72060505","27","35307546"
"chr4","107376508","107376783","chr7","52846214","52846488","33","54530294"
"chr4","107416815","107417129","chr7","52884482","52884793","53","54532333"
"chr4","107419823","107420126","chr4","31876349","31876651","33","75543474"
"chr4","107691471","107691764","chr7","53168888","53169174","32","54522583"
"chr4","107727305","107727612","chr21","98849968","98850274","43","8877337"
"chr4","107734686","107734988","chr7","53212220","53212528","31","54522466"
"chr4","107773787","107774090","chr7","53251732","53252024","32","54522055"
"chr4","107799945","107800242","chr7","53276880","53277188","41","54523065"
"chr4","107803001","107803301","chr20","95037372","95037673","29","12765629"
"chr4","107815900","107816126","chr9","61704066","61704306","53","46111834"
"chr4","107922774","107923067","chr16","62764099","62764400","50","45158675"
"chr4","107967508","107967816","chr7","53434900","53435198","31","54532608"
"chr4","107969203","107969520","chr4","74318262","74318571","48","33650941"
"chr4","107975487","107975744","chr2","36873610","36873852","53","71101877"
"chr4","108025863","108026091","chr4","57088302","57088530","33","50937561"
"chr4","108083206","108083507","chr7","53553010","53553298","41","54530196"
"chr4","108145639","108145947","chr16","29304886","29305188","31","78840753"
"chr4","108285467","108285759","chr7","53752286","53752592","49","54533181"
"chr4","108337062","108337362","chr23","53671095","53671401","46","54665967"
"chr4","108492960","108493256","chr7","53942570","53942878","34","54550390"
"chr4","108502216","108502429","chr7","53952465","53952695","32","54549751"
"chr4","108544817","108545103","chr7","53992449","53992727","26","54552368"
"chr4","108859227","108859486","chr2","81563441","81563690","39","27295786"
"chr4","108864324","108864590","chr17","42958470","42958728","48","65905854"
"chr4","108910231","108910551","chr7","54314393","54314674","60","54595838"
"chr4","109071197","109071477","chr7","24873220","24873510","36","84197977"
"chr4","109123752","109124049","chr7","54510921","54511212","36","54612831"
"chr4","109131715","109132026","chr9","21211119","21211424","42","87920596"
"chr4","109229245","109229507","chr12","6822414","6822696","53","102406831"
"chr4","109290034","109290345","chr7","54656928","54657229","30","54633106"
"chr4","109581148","109581466","chr7","54932525","54932843","38","54648623"
"chr4","109641194","109641513","chr14","56504624","56504939","50","53136570"
"chr4","109651523","109651849","chr2","39182421","39182732","53","70469102"
"chr4","109657718","109658023","chr7","55008004","55008312","40","54649714"
"chr4","109705539","109705830","chr10","110720648","110720937","34","1015109"
"chr4","109732122","109732439","chr7","55079614","55079932","30","54652508"
"chr4","109827105","109827402","chr7","55169676","55169970","29","54657429"
"chr4","109930558","109930858","chr26","40302917","40303216","36","69627641"
"chr4","109992521","109992824","chr15","1006069","1006378","45","108986452"
"chr4","110188074","110188244","chr18","66735905","66736051","45","43452169"
"chr4","110196614","110196907","chr7","55530604","55530898","30","54666010"
"chr4","110414477","110414787","chr7","55739869","55740169","32","54674608"
"chr4","110418548","110418850","chr20","101069011","101069309","32","9349537"
"chr4","110463433","110463727","chr9","95987218","95987509","30","14476215"
"chr4","110471327","110471620","chr7","55795827","55796123","27","54675500"
"chr4","110527766","110528059","chr6","7942419","7942718","32","102585347"
"chr4","110566657","110566963","chr7","55893334","55893631","32","54673323"
"chr4","110572163","110572463","chr12","4604597","4604897","38","105967566"
"chr4","110584305","110584597","chr7","55911127","55911409","34","54673178"
"chr4","110593377","110593660","chr25","72545535","72545825","46","38047842"
"chr4","110679531","110679825","chr7","56003570","56003857","26","54675961"
"chr4","110728830","110729139","chr7","56052641","56052962","34","54676189"
"chr4","110778728","110779038","chr1","7210781","7211092","32","103567947"
"chr4","110811678","110811969","chr7","56135030","56135305","43","54676648"
"chr4","110879573","110879875","chr7","56212229","56212521","30","54667344"
"chr4","110924057","110924361","chr16","7187983","7188284","40","103736074"
"chr4","110940461","110940769","chr2","47505197","47505502","44","63435264"
"chr4","110981751","110982048","chr7","56315807","56316104","22","54665944"
"chr4","111037170","111037329","chr23","79838641","79838798","24","31198529"
"chr4","111056723","111057011","chr7","56377347","56377630","25","54679376"
"chr4","111071418","111071706","chr7","56390969","56391248","29","54680449"
"chr4","111079110","111079396","chr7","56399170","56399454","28","54679940"
"chr4","111087883","111088191","chr25","77577751","77578057","32","33510132"
"chr4","111145292","111145573","chr1","11470421","11470709","39","99674871"
"chr4","111154137","111154427","chr7","56479632","56479929","35","54674505"
"chr4","111175635","111175926","chr7","56495472","56495766","19","54680163"
"chr4","111181978","111182280","chr1","103586917","103587220","37","7595061"
"chr4","111183039","111183338","chr9","21222890","21223190","36","89960149"
"chr4","111188691","111188999","chr7","56508380","56508676","27","54680311"
"chr4","111197542","111197835","chr1","12743297","12743599","48","98454245"
"chr4","111200856","111201147","chr7","56521175","56521471","21","54679681"
"chr4","111211121","111211428","chr7","56530637","56530937","31","54680484"
"chr4","111213455","111213753","chr9","16797425","16797729","29","94416030"
"chr4","111215710","111215997","chr7","56533710","56534012","35","54682000"
"chr4","111216334","111216629","chr7","56534348","56534643","23","54681986"
"chr4","111220105","111220404","chr7","56537441","56537746","21","54682664"
"chr4","111237233","111237524","chr7","56555013","56555281","40","54682220"
"chr4","111239622","111239903","chr7","56557064","56557338","34","54682558"
"chr4","111244557","111244866","chr17","39099892","39100198","35","72144665"
"chr4","111265995","111266286","chr6","33908236","33908526","34","77357759"
"chr4","111285018","111285305","chr7","56604872","56605162","27","54680146"
"chr4","111296518","111296825","chr6","29292579","29292887","35","82003939"
"chr4","111329376","111329559","chr28","19268024","19268197","30","92061352"
"chr4","111338639","111338938","chr2","38697433","38697732","33","72641206"
"chr4","111356173","111356466","chr11","96978397","96978692","39","14377776"
"chr4","111364321","111364634","chr7","56682229","56682544","34","54682092"
"chr4","111365892","111366206","chr7","56683798","56684102","32","54682094"
"chr4","111374784","111375100","chr5","59743438","59743749","49","51631346"
"chr4","111396621","111396876","chr7","56708147","56708404","18","54688474"
"chr4","111400926","111401234","chr7","56712521","56712818","29","54688405"
"chr4","111439977","111440271","chr7","56749638","56749942","31","54690339"
"chr4","111444542","111444826","chr7","56754275","56754547","35","54690267"
"chr4","111492783","111493093","chr1","4114686","4114997","34","107378097"
"chr4","111543162","111543467","chr7","56854481","56854784","41","54688681"
"chr4","111565759","111566063","chr23","72329352","72329657","37","39236407"
"chr4","111584171","111584456","chr7","56895830","56896122","32","54688341"
"chr4","111618735","111619040","chr28","13019917","13020227","34","98598818"
"chr4","111828792","111829085","chr7","57134390","57134685","37","54694402"
"chr4","111886444","111886726","chr16","58402495","58402776","35","53483949"
"chr4","111898110","111898416","chr5","26410686","26410992","35","85487424"
"chr4","111969741","111970041","chr6","19000365","19000666","33","92969376"
"chr4","111992105","111992418","chr7","57294031","57294335","43","54698074"
"chr4","111995615","111995833","chr17","38823537","38823742","37","73172078"
"chr4","112031062","112031354","chr16","16352697","16352989","34","95678365"
"chr4","112040982","112041266","chr7","57347100","57347397","28","54693882"
"chr4","112076623","112076933","chr7","57382067","57382356","39","54694556"
"chr4","112108818","112109128","chr20_KE148049v1_random","803204","803511","38","111305614"
"chr4","112115567","112115830","chr23","35113322","35113587","36","77002245"
"chr4","112118046","112118345","chr7","57419814","57420112","26","54698232"
"chr4","112122616","112122900","chr7","57424329","57424614","31","54698287"
"chr4","112139874","112140052","chr3","77283673","77283847","25","34856201"
"chr4","112148802","112149116","chr23","75121731","75122042","32","37027071"
"chr4","112162480","112162776","chr7","57463189","57463485","24","54699291"
"chr4","112175068","112175305","chr9","61704066","61704306","41","50471002"
"chr4","112190227","112190467","chr8","19048158","19048373","51","93142069"
"chr4","112191197","112191497","chrX","2919306","2919610","32","109271891"
"chr4","112192998","112193293","chr7","57489858","57490161","26","54703140"
"chr4","112219253","112219547","chr7","57514756","57515048","20","54704497"
"chr4","112231852","112232164","chr7","57526052","57526354","33","54705800"
"chr4","112238677","112238977","chr7","57532120","57532406","45","54706557"
"chr4","112241473","112241775","chr22","46598998","46599300","28","65642475"
"chr4","112274593","112274891","chr21","107620690","107620986","37","4653903"
"chr4","112291341","112291653","chrX","60954456","60954763","41","51336885"
"chr4","112306954","112307245","chr4","36036902","36037194","41","76270052"
"chr4","112307912","112308188","chr7","57591125","57591395","23","54716787"
"chr4","112310722","112310993","chr1","22836515","22836787","32","89474207"
"chr4","112314216","112314518","chr12","46549426","46549730","31","65764790"
"chr4","112350354","112350640","chr5","70806404","70806694","43","41543950"
"chr4","112352292","112352578","chr15","88306404","88306697","33","24045888"
"chr4","112370300","112370601","chr20","92192486","92192788","31","20177814"
"chr4","112378407","112378707","chr7","57659081","57659390","29","54719326"
"chr4","112404911","112405159","chr9","61704066","61704306","41","50700845"
"chr4","112413335","112413625","chr7","57692887","57693175","13","54720448"
"chr4","112432456","112432763","chr20","97096137","97096448","29","15336319"
"chr4","112473103","112473387","chr9","97271772","97272055","37","15201331"
"chr4","112525878","112526173","chr7","57796159","57796453","25","54729719"
"chr4","112571069","112571380","chrX","58165400","58165709","39","54405669"
"chr4","112660433","112660717","chr7","57937017","57937318","33","54723416"
"chr4","112744388","112744686","chr5","63673468","63673768","39","49070920"
"chr4","112770364","112770660","chr7","58040610","58040909","25","54729754"
"chr4","112792908","112793204","chr22","18936712","18937005","30","93856196"
"chr4","112815446","112815761","chr5","39045605","39045909","42","73769841"
"chr4","112816654","112816954","chr6","41738554","41738850","33","71078100"
"chr4","112819163","112819469","chr19","30010706","30011008","43","82808457"
"chr4","112821044","112821257","chr11","124263168","124263380","37","11442124"
"chr4","112825515","112825822","chr6","48846530","48846838","35","63978985"
"chr4","112851238","112851544","chr29","19796485","19796789","37","93054753"
"chr4","112854461","112854787","chr7","58125609","58125909","45","54728852"
"chr4","112862361","112862671","chr7","58133068","58133355","37","54729293"
"chr4","112873158","112873455","chr7","58142626","58142930","27","54730532"
"chr4","112880319","112880619","chr6","49568740","49569041","30","63311579"
"chr4","112883965","112884262","chr1","19453527","19453824","31","93430438"
"chr4","112894768","112895005","chr9","61704066","61704306","32","51190702"
"chr4","112913123","112913432","chr7","58188622","58188931","32","54724501"
"chr4","112914634","112914934","chr7","58190133","58190433","28","54724501"
"chr4","112923751","112924028","chr7","58196951","58197224","33","54726800"
"chr4","112938427","112938724","chr7","58215931","58216228","22","54722496"
"chr4","112941990","112942290","chr7","58219560","58219860","27","54722430"
"chr4","112961263","112961549","chr1","109702096","109702383","44","3259167"
"chr4","113062550","113062785","chr9","61704066","61704306","44","51358484"
"chr4","113089479","113089785","chr16","5146243","5146547","38","107943236"
"chr4","113090450","113090692","chr7","58360660","58360906","24","54729790"
"chr4","113110400","113110711","chr5","26410686","26410992","44","86699714"
"chr4","113130449","113130753","chr7","58400047","58400345","26","54730402"
"chr4","113286139","113286471","chr5","74508784","74509109","48","38777355"
"chr4","113316877","113317172","chr1","32350047","32350343","42","80966830"
"chr4","113484257","113484559","chr7","58733909","58734218","31","54750348"
"chr4","114072294","114072468","chr10","33376506","33376682","30","80695788"
"chr4","114115224","114115513","chrX","45759763","45760054","48","68355461"
"chr4","114142356","114142622","chr7","59337415","59337668","42","54804941"
"chr4","114299301","114299615","chr7","59488165","59488472","29","54811136"
"chr4","114311857","114312170","chr2","13548791","13549101","43","100763066"
"chr4","114336792","114337088","chr7","59525289","59525594","33","54811503"
"chr4","114384373","114384656","chr9","51741606","51741887","40","62642767"
"chr4","114407935","114408237","chr7","59596240","59596538","27","54811695"
"chr4","114535944","114536258","chr6","2242771","2243081","48","112293173"
"chr4","114664341","114664628","chr7","59851291","59851573","30","54813050"
"chr4","114692598","114692885","chr7","59879306","59879594","24","54813292"
"chr4","114733982","114734288","chrX","50380378","50380688","41","64353604"
"chr4","114739150","114739460","chr7","59921080","59921383","28","54818070"
"chr4","114740921","114741229","chr26","38302733","38303041","37","76438188"
"chr4","114747890","114748178","chr7","59929549","59929829","29","54818341"
"chr4","114782753","114783032","chr7","59962524","59962802","29","54820229"
"chr4","114803252","114803547","chr15","90519589","90519883","26","24283663"
"chr4","114868043","114868348","chr7","60034193","60034488","38","54833850"
"chr4","114881153","114881439","chr7","60048358","60048643","17","54832795"
"chr4","115043831","115044133","chr7","60205805","60206113","35","54838026"
"chr4","115100359","115100646","chr7","60261751","60262037","23","54838608"
"chr4","115101899","115102207","chr7","60263379","60263692","27","54838520"
"chr4","115117057","115117331","chr7","60269593","60269884","47","54847464"
"chr4","115167862","115168141","chr16","3030948","3031228","30","112136914"
"chr4","115172451","115172753","chr4","81887952","81888253","33","33284499"
"chr4","115172986","115173217","chr9","61704066","61704306","47","53468920"
"chr4","115183228","115183503","chr7","60333764","60334048","31","54849464"
"chr4","115189837","115190139","chr10","8456154","8456454","41","106733683"
"chr4","115202939","115203219","chr7","60352396","60352679","25","54850543"
"chr4","115203455","115203751","chr7","60352923","60353230","34","54850532"
"chr4","115251985","115252290","chr7","91820888","91821192","32","23431097"
"chr4","115262860","115263178","chr7","60396361","60396675","27","54866499"
"chr4","115265810","115266112","chr7","60399606","60399903","14","54866204"
"chr4","115267469","115267769","chr26","52121302","52121596","34","63146167"
"chr4","115277229","115277528","chr7","60411574","60411873","23","54865655"
"chr4","115301347","115301619","chr14","58717350","58717620","32","56583997"
"chr4","115308206","115308427","chr20","43522171","43522389","27","71786035"
"chr4","115320990","115321309","chr7","60457806","60458123","33","54863184"
"chr4","115330004","115330301","chr7","60468435","60468732","27","54861569"
"chr4","115349638","115349936","chr7","60491197","60491495","20","54858441"
"chr4","115350583","115350886","chr11","59487334","59487636","41","55863249"
"chr4","115352128","115352400","chr11","116324912","116325178","40","972784"
"chr4","115360685","115360986","chr7","60503532","60503832","20","54857153"
"chr4","115364681","115364970","chr7","60507244","60507534","26","54857437"
"chr4","115369760","115370036","chrX","1052","1331","28","115368708"
"chr4","115371370","115371675","chr7","60513146","60513457","33","54858224"
"chr4","115377234","115377545","chr11","2853447","2853759","33","112523787"
"chr4","115380641","115380947","chr8","10801167","10801476","36","104579474"
"chr4","115396694","115396876","chrUn_KE147541v1","116708","116887","24","115279986"
"chr4","115403298","115403597","chr7","60542642","60542934","27","54860656"
"chr4","115404470","115404755","chr1","17500539","17500826","44","97903931"
"chr4","115427010","115427183","chr28","20091858","20092040","35","95335152"
"chr4","115431308","115431533","chr11","124263168","124263380","50","8831860"
"chr4","115458091","115458394","chr4","76426438","76426732","30","39031653"
"chr4","115492515","115492826","chr1","115972304","115972611","31","479789"
"chr4","115515465","115515764","chr1","8770809","8771108","34","106744656"
"chr4","115520809","115521118","chr7","60662841","60663146","19","54857968"
"chr4","115589352","115589648","chr7","60730994","60731282","30","54858358"
"chr4","115620119","115620405","chr26","51742814","51743099","39","63877305"
"chr4","115628784","115629080","chr7","60769339","60769630","28","54859445"
"chr4","115726245","115726541","chr7","60864264","60864571","31","54861981"
"chr4","115733170","115733469","chr7","60871244","60871542","25","54861926"
"chr4","115746673","115746955","chr7","60885346","60885635","28","54861327"
"chr4","115832618","115832926","chr20","105213353","105213657","39","10619265"
"chr4","115860897","115861187","chr10","106483108","106483398","34","9377789"
"chr4","115916209","115916354","chr11","8446962","8447112","21","107469247"
"chr4","116025158","116025457","chr7","61133080","61133382","26","54892078"
"chr4","116056648","116056938","chr7","61164595","61164897","33","54892053"
"chr4","116084712","116085002","chr7","61192690","61192979","28","54892022"
"chr4","116132367","116132670","chr7","61230261","61230551","35","54902106"
"chr4","116167044","116167343","chr7","61269131","61269433","24","54897913"
"chr4","116170147","116170441","chr7","61272269","61272566","29","54897878"
"chr4","116256677","116256987","chr7","61353747","61354050","31","54902930"
"chr4","116261113","116261298","chr7","15845768","15845962","36","100415345"
"chr4","116353895","116354179","chr7","61451822","61452108","31","54902073"
"chr4","116459172","116459445","chr7","61564956","61565220","33","54894216"
"chr4","116505881","116506191","chr5","74508784","74509109","56","41997097"
"chr4","116815182","116815491","chrX","67505138","67505437","28","49310044"
"chr4","116895744","116896046","chrX","49959060","49959355","38","66936684"
"chr4","116995594","116995902","chr10","68603658","68603966","40","48391936"
"chr4","117140914","117141225","chr9","96563098","96563408","35","20577816"
"chr4","117204870","117205165","chr7","62286483","62286780","32","54918387"
"chr4","117269682","117269983","chr24","38185600","38185896","35","79084082"
"chr4","117355189","117355450","chr7","62433460","62433742","42","54921729"
"chr4","117392626","117392935","chr5","25945423","25945733","40","91447203"
"chr4","117529612","117529919","chr5","69910275","69910581","34","47619337"
"chr4","117540678","117540980","chr1","18769590","18769890","29","98771088"
"chr4","117666774","117666996","chr17","38823537","38823742","45","78843237"
"chr4","117777140","117777426","chr26","37721679","37721981","57","80055461"
"chr4","117879873","117880159","chr7","62966831","62967125","33","54913042"
"chr4","117915239","117915542","chr7","62997466","62997777","40","54917773"
"chr4","118084852","118085153","chr10","124515532","124515831","41","6430680"
"chr4","118115425","118115721","chr22","33688053","33688349","43","84427372"
"chr4","118281279","118281593","chr10","113390916","113391227","47","4890363"
"chr4","118376976","118377271","chr7","63494083","63494388","53","54882893"
"chr4","118398684","118398988","chr22","51607852","51608153","39","66790832"
"chr4","118424562","118424878","chr12","46549426","46549730","48","71875136"
"chr4","118605041","118605344","chr7","63728185","63728490","39","54876856"
"chr4","118700838","118701140","chr7","63801817","63802134","43","54899021"
"chr4","118746835","118747139","chr20","22428905","22429208","52","96317930"
"chr4","118857102","118857402","chr14","80171740","80172037","37","38685362"
"chr4","118870404","118870695","chr15","64630867","64631162","35","54239537"
"chr4","118909438","118909710","chrX","37770895","37771173","55","81138543"
"chr4","119021846","119022148","chr7","64124370","64124675","32","54897476"
"chr4","119031826","119032124","chr7","64133502","64133807","44","54898324"
"chr4","119088035","119088346","chr7","64181757","64182064","44","54906278"
"chr4","119160185","119160457","chr7","64247468","64247741","24","54912717"
"chr4","119237846","119238139","chr7","37298478","37298772","27","81939368"
"chr4","119297578","119297876","chr7","64404033","64404333","30","54893545"
"chr4","119306022","119306321","chr7","64412575","64412870","34","54893447"
"chr4","119367934","119368173","chr2","89922816","89923050","44","29445118"
"chr4","119386854","119387145","chr7","64487053","64487350","39","54899801"
"chr4","119428957","119429239","chr3","60184930","60185211","36","59244027"
"chr4","119430501","119430792","chr1","64875356","64875647","32","54555145"
"chr4","119577940","119578242","chr7","64666785","64667088","42","54911155"
"chr4","119695256","119695548","chr15","64630867","64631162","33","55064389"
"chr4","119891085","119891377","chr10","104045761","104046051","32","15845324"
"chr4","119938993","119939303","chr9","84121231","84121542","32","35817762"
"chr4","119941989","119942291","chr1","5710739","5711040","39","114231250"
"chr4","119971502","119971792","chr13","85591331","85591615","37","34380171"
"chr4","120165926","120166220","chr7","65298353","65298651","35","54867573"
"chr4","120227515","120227789","chr7","65354647","65354928","32","54872868"
"chr4","120234526","120234684","chr7","38652036","38652186","23","81582490"
"chr4","120368844","120369161","chr14","13953473","13953784","39","106415371"
"chr4","120399320","120399624","chr16","57720877","57721180","39","62678443"
"chr4","120491068","120491376","chr7","65598017","65598325","30","54893051"
"chr4","120645229","120645522","chr20","69793214","69793502","37","50852015"
"chr4","120654740","120655021","chr15","2941772","2942052","44","117712968"
"chr4","120838940","120839242","chr20","92192486","92192788","34","28646454"
"chr4","120898942","120899228","chr16","10052529","10052819","31","110846413"
"chr4","120902615","120902912","chr16","74343421","74343722","34","46559194"
"chr4","120937365","120937560","chr7","66014638","66014833","8","54922727"
"chr4","120966089","120966399","chr18","48815029","48815336","32","72151060"
"chr4","120979103","120979384","chr7","66058596","66058882","25","54920507"
"chr4","121018434","121018743","chr10","93621317","93621620","35","27397117"
"chr4","121036962","121037269","chr7","66114752","66115057","27","54922210"
"chr4","121043205","121043511","chr17","50087146","50087443","49","70956059"
"chr4","121053366","121053679","chr8","97418102","97418405","50","23635264"
"chr4","121083225","121083523","chr11","100297173","100297471","29","20786052"
"chr4","121089543","121089842","chr7","66164645","66164939","31","54924898"
"chr4","121105424","121105690","chr12","7383941","7384197","50","113721483"
"chr4","121109453","121109768","chr13","42633664","42633974","39","78475789"
"chr4","121131764","121132065","chr7","66198482","66198768","41","54933282"
"chr4","121138610","121138900","chr7","66206623","66206910","17","54931987"
"chr4","121186202","121186499","chr21","97907806","97908103","37","23278396"
"chr4","121251455","121251781","chr26","18155934","18156268","61","103095521"
"chr4","121358090","121358390","chr1","3922518","3922802","57","117435572"
"chr4","121376839","121377150","chr20","24392880","24393191","31","96983959"
"chr4","121433127","121433431","chr9","18428140","18428443","37","103004987"
"chr4","121471282","121471577","chr2","20386017","20386311","38","101085265"
"chr4","121524316","121524542","chr11","124263168","124263380","50","2738852"
"chr4","121526113","121526280","chr6","3480379","3480542","17","118045734"
"chr4","121552858","121553155","chr7","66610279","66610580","28","54942579"
"chr4","121564618","121564930","chr7","66621712","66622017","32","54942906"
"chr4","121570711","121571008","chr7","66628605","66628903","28","54942106"
"chr4","121599383","121599679","chr22","32373176","32373482","48","89226207"
"chr4","121600141","121600432","chr12","8362268","8362558","38","113237873"
"chr4","121602462","121602764","chr10","9067815","9068117","38","112534647"
"chr4","121609181","121609476","chr1","54930135","54930430","34","66679046"
"chr4","121616234","121616537","chr7","66671123","66671424","28","54945111"
"chr4","121719503","121719773","chr7","66781296","66781580","33","54938207"
"chr4","121721577","121721885","chr20","106535555","106535863","35","15186022"
"chr4","121785355","121785660","chr7","111614384","111614686","20","10170971"
"chr4","121832319","121832612","chr16","4650249","4650543","41","117182070"
"chr4","121854283","121854506","chr11","124263168","124263380","46","2408885"
"chr4","121859931","121860219","chr21","3036321","3036614","30","118823610"
"chr4","121860963","121861243","chr24","11586518","11586800","34","110274445"
"chr4","121863390","121863684","chr21","3026315","3026608","37","118837075"
"chr4","121870889","121871201","chr1","67026506","67026811","43","54844383"
"chr4","122024267","122024567","chr5","72944814","72945114","31","49079453"
"chr4","122165700","122165991","chr9","95759115","95759402","42","26406585"
"chr4","122232514","122232812","chr7","67125371","67125668","32","55107143"
"chr4","122330443","122330751","chr7","67223820","67224133","29","55106623"
"chr4","122443281","122443595","chr23","22864793","22865102","33","99578488"
"chr4","122467115","122467411","chr10","88760771","88761072","39","33706344"
"chr4","122468211","122468515","chr20","7771702","7771999","40","114696509"
"chr4","122518479","122518786","chr1","112754641","112754946","42","9763838"
"chr4","122541984","122542286","chr14","5294568","5294871","33","117247416"
"chr4","122563186","122563493","chr7","67441753","67442056","34","55121433"
"chr4","122580582","122580870","chrX","31587172","31587457","37","90993410"
"chr4","122619052","122619345","chr1","67937430","67937722","38","54681622"
"chr4","122677555","122677854","chr7","67543358","67543658","31","55134197"
"chr4","122740294","122740604","chr9","84121231","84121542","34","38619063"
"chr4","122751069","122751275","chr8","110739350","110739553","33","12011719"
"chr4","122782637","122782934","chr22","10748242","10748540","33","112034395"
"chr4","122833722","122834030","chr2","19131321","19131631","42","103702401"
"chr4","123141004","123141310","chr7","67994707","67995016","38","55146297"
"chr4","123151461","123151762","chr23","22687902","22688206","43","100463559"
"chr4","123210618","123210927","chr7","68057784","68058087","26","55152834"
"chr4","123220183","123220468","chr5","20998727","20999005","49","102221456"
"chr4","123324625","123324856","chr26","19753085","19753324","44","103571540"
"chr4","123333754","123334023","chr7","68173847","68174124","45","55159907"
"chr4","123358204","123358514","chr17","70588854","70589162","44","52769350"
"chr4","123376568","123376816","chr7","68218932","68219192","34","55157636"
"chr4","123385381","123385680","chr20","120483502","120483799","36","2901879"
"chr4","123398080","123398389","chr23","75121731","75122042","30","48276349"
"chr4","123404425","123404728","chr7","68244775","68245072","35","55159650"
"chr4","123407882","123408191","chr7","68248808","68249104","43","55159074"
"chr4","123567125","123567430","chr21","99873116","99873423","36","23694009"
"chr4","123579580","123579881","chr13","35309757","35310062","36","88269823"
"chr4","123579882","123580055","chr12","13337067","13337241","29","110242815"
"chr4","123626726","123627019","chr7","68460883","68461179","29","55165843"
"chr4","123650794","123651089","chr7","68485066","68485352","31","55165728"
"chr4","123653156","123653459","chr6","49568740","49569041","38","74084416"
"chr4","123680057","123680341","chr7","68513889","68514171","32","55166168"
"chr4","123691356","123691641","chr7","68525184","68525470","13","55166172"
"chr4","123703100","123703355","chr14","21521340","21521594","42","102181760"
"chr4","123751678","123751925","chr5","10608912","10609163","37","113142766"
"chr4","123767094","123767389","chr16","62112415","62112717","40","61654679"
"chr4","123787404","123787685","chr7","68620074","68620359","34","55167330"
"chr4","123827611","123827911","chrX","25112476","25112773","38","98715135"
"chr4","123897287","123897590","chr20","101711974","101712288","49","22185313"
"chr4","124043276","124043581","chr7","68842767","68843068","33","55200509"
"chr4","124059156","124059321","chr9","110057473","110057639","22","14001683"
"chr4","124096908","124097232","chr7","68907579","68907894","44","55189329"
"chr4","124103251","124103551","chr15","72907802","72908107","30","51195449"
"chr4","124119565","124119870","chr7","68929253","68929560","33","55190312"
"chr4","124157796","124158058","chr12","99700078","99700346","41","24457718"
"chr4","124186032","124186339","chr7","69000159","69000477","29","55185873"
"chr4","124197671","124197960","chr7","69011348","69011637","15","55186323"
"chr4","124220091","124220386","chr7","69031995","69032289","17","55188096"
"chr4","124268011","124268318","chr7","69079436","69079759","42","55188575"
"chr4","124303184","124303420","chr7","69118555","69118796","23","55184629"
"chr4","124332698","124332879","chrX_KE148111v1_random","128290","128466","35","124204408"
"chr4","124335850","124336123","chr1","110084772","110085038","48","14251078"
"chr4","124386420","124386721","chr8","7114217","7114516","33","117272203"
"chr4","124421062","124421370","chr7","69236143","69236458","39","55184919"
"chr4","124438048","124438348","chr7","69253545","69253841","23","55184503"
"chr4","124517620","124517920","chr7","69333411","69333711","26","55184209"
"chr4","124637952","124638256","chr8","35984503","35984804","30","88653449"
"chr4","124646289","124646595","chr7","69454315","69454623","39","55191974"
"chr4","124744147","124744438","chr7","69556059","69556353","22","55188088"
"chr4","124761990","124762286","chr7","69573498","69573795","24","55188492"
"chr4","124878490","124878789","chr7","69695891","69696189","15","55182599"
"chr4","124888933","124889229","chr13","35214868","35215166","39","89674065"
"chr4","124897624","124897932","chr7","69715087","69715396","25","55182537"
"chr4","124934513","124934681","chr2","62206897","62207065","29","62727616"
"chr4","124938657","124938971","chr7","69749551","69749874","39","55189106"
"chr4","124939756","124940069","chr7","69750632","69750933","32","55189124"
"chr4","124953640","124953945","chr7","69764456","69764767","25","55189184"
"chr4","124973194","124973477","chr16","67776950","67777238","36","57196244"
"chr4","125021276","125021568","chr16","10052529","10052819","37","114968747"
"chr4","125059915","125060221","chr8","7254380","7254685","30","117805535"
"chr4","125112725","125113019","chr7","69902098","69902394","22","55210627"
"chr4","125115826","125116137","chr7","69905209","69905528","30","55210617"
"chr4","125187586","125187872","chr7","69982762","69983055","36","55204824"
"chr4","125208630","125208915","chr7","70004633","70004920","29","55203997"
"chr4","125263928","125264214","chr16","11284989","11285274","35","113978939"
"chr4","125271965","125272272","chr17","27500107","27500395","53","97771858"
"chr4","125274406","125274703","chr13","46286391","46286686","40","78988015"
"chr4","125281499","125281769","chr7","70083566","70083824","25","55197933"
"chr4","125293236","125293530","chr7","70095358","70095657","30","55197878"
"chr4","125534115","125534324","chr16","60709514","60709743","55","64824601"
"chr4","125614911","125615218","chr7","70394800","70395095","35","55220111"
"chr4","125622244","125622471","chr7","70402153","70402378","19","55220091"
"chr4","125631209","125631504","chr20","126560440","126560735","28","929231"
"chr4","125649543","125649845","chr7","70430703","70431013","27","55218840"
"chr4","125655532","125655829","chr5","20480895","20481190","33","105174637"
"chr4","125661225","125661476","chr11","19142231","19142474","37","106518994"
"chr4","125737178","125737468","chr10","124515532","124515831","34","1221646"
"chr4","125782469","125782778","chr7","70556865","70557171","26","55225604"
"chr4","125814717","125814988","chr7","70590570","70590852","30","55224147"
"chr4","125844964","125845266","chr20","92192486","92192788","39","33652478"
"chr4","125847193","125847489","chr7","24873220","24873510","30","100973973"
"chr4","125850486","125850795","chr15","88640762","88641072","40","37209724"
"chr4","125868832","125869131","chr5","72944814","72945114","37","52924018"
"chr4","125978396","125978703","chr6","14044754","14045058","32","111933642"
"chr4","125990834","125991118","chr7","70757631","70757923","40","55233203"
"chr4","126048305","126048605","chr3","9026672","9026974","33","117021633"
"chr4","126066613","126066906","chr9","114952603","114952897","38","11114010"
"chr4","126088249","126088553","chr8","138388260","138388564","39","12300011"
"chr4","126153988","126154294","chr7","70918312","70918613","34","55235676"
"chr4","126164686","126164988","chr9","51469130","51469430","34","74695556"
"chr4","126197093","126197398","chr7","70955809","70956106","24","55241284"
"chr4","126216233","126216521","chr7","70975008","70975318","39","55241225"
"chr4","126229950","126230242","chr7","70983643","70983927","26","55246307"
"chr4","126264343","126264636","chr12","13262266","13262559","39","113002077"
"chr4","126285409","126285709","chr7","71037876","71038168","34","55247533"
"chr4","126347675","126347967","chr7","71098082","71098381","37","55249593"
"chr4","126364892","126365195","chr17","1769259","1769563","34","124595633"
"chr4","126381226","126381543","chr19","13988974","13989284","39","112392252"
"chr4","126432745","126433045","chr1","17699624","17699919","30","108733121"
"chr4","126495311","126495591","chr7","71252631","71252914","20","55242680"
"chr4","126613101","126613334","chr9","61704066","61704306","57","64909035"
"chr4","126776803","126777100","chr7","71517176","71517475","28","55259627"
"chr4","126781909","126782187","chr7","71522253","71522533","29","55259656"
"chr4","126932165","126932222","chr24","67120222","67120280","18","59811943"
"chr4","127045713","127045935","chr20","124415167","124415386","26","2630546"
"chr4","127211149","127211456","chr10","88760771","88761072","39","38450378"
"chr4","127293765","127294041","chr7","72006260","72006556","45","55287505"
"chr4","127294945","127295278","chr7","72007468","72007785","50","55287477"
"chr4","127350132","127350435","chr7","72061501","72061792","35","55288631"
"chr4","127360421","127360724","chr6","50562964","50563269","37","76797457"
"chr4","127489053","127489370","chr16","72937229","72937539","44","54551824"
"chr4","127525542","127525846","chr7","72223070","72223366","37","55302472"
"chr4","127533597","127533887","chr8","84934795","84935086","39","42598802"
"chr4","127547736","127548015","chr12","18982850","18983127","26","108564886"
"chr4","127594327","127594610","chr7","33073613","33073895","37","94520714"
"chr4","127598047","127598345","chr9","115192422","115192719","30","12405625"
"chr4","127660752","127661063","chr3","54339774","54340086","38","73320978"
"chr4","127679801","127680022","chr11","124263168","124263380","53","3416633"
"chr4","128170434","128170641","chr7","72868236","72868439","30","55302198"
"chr4","128184729","128185033","chr18","31386596","31386890","42","96798133"
"chr4","128209857","128210021","chr14","105988468","105988623","42","22221389"
"chr4","128285636","128285947","chr7","72982379","72982689","25","55303257"
"chr4","128314369","128314662","chr11","96978397","96978692","32","31335972"
"chr4","128339221","128339523","chr7","73029030","73029339","32","55310191"
"chr4","128385440","128385734","chr15","4942661","4942952","40","123442779"
"chr4","128625600","128625899","chr1","103586917","103587220","36","25038683"
"chr4","128853038","128853289","chr6","5549913","5550175","47","123303125"
"chr4","128931663","128931960","chr4","16630980","16631277","31","112300683"
"chr4","128980132","128980343","chr5","73433135","73433348","41","55546997"
"chr4","129031759","129032045","chr14","81822046","81822334","36","47209713"
"chr4","129106425","129106733","chr7","73772344","73772644","39","55334081"
"chr4","129159668","129159982","chr7","73824050","73824364","14","55335618"
"chr4","129282626","129282928","chr12","26084664","26084963","41","103197962"
"chr4","129347842","129348142","chr7","74008336","74008645","37","55339506"
"chr4","129399312","129399622","chr3","9026672","9026974","37","120372640"
"chr4","129417454","129417749","chr7","74070355","74070652","30","55347099"
"chr4","129438724","129439028","chr9","53419832","53420134","49","76018892"
"chr4","129464013","129464279","chr7","74117853","74118130","33","55346160"
"chr4","129484045","129484341","chr14","83453212","83453508","38","46030833"
"chr4","129627740","129628034","chr7","74278907","74279204","19","55348833"
"chr4","129639159","129639429","chr7","74289862","74290127","21","55349297"
"chr4","129642909","129643197","chr9","24485094","24485380","35","105157815"
"chr4","129743630","129743931","chr2","60500472","60500783","36","69243158"
"chr4","130039781","130040078","chr7","74670081","74670381","20","55369700"
"chr4","130042336","130042612","chr7","74672623","74672905","30","55369713"
"chr4","130042763","130043048","chr20","97680063","97680346","39","32362700"
"chr4","130223738","130224057","chr7","74851985","74852298","38","55371753"
"chr4","130226818","130227100","chr7","74855039","74855319","21","55371779"
"chr4","130336737","130337036","chr7","74960213","74960517","33","55376524"
"chr4","130371857","130372128","chr7","74991474","74991754","29","55380383"
"chr4","130416025","130416320","chr19","26723268","26723553","44","103692757"
"chr4","130417497","130417781","chr20","80062524","80062807","45","50354973"
"chr4","130433569","130433857","chr7","75059822","75060128","37","55373747"
"chr4","130438746","130439044","chr7","75064288","75064593","31","55374458"
"chr4","130450164","130450377","chr11","124263168","124263380","43","6186996"
"chr4","130450378","130450646","chr7","75075507","75075785","31","55374871"
"chr4","130455503","130455806","chr15","3904633","3904938","39","126550870"
"chr4","130484211","130484505","chr1","112111115","112111407","40","18373096"
"chr4","130493947","130494237","chr7","75122851","75123147","27","55371096"
"chr4","130494905","130495176","chr7","75123799","75124069","25","55371106"
"chr4","130497972","130498276","chr7","75126874","75127177","35","55371098"
"chr4","130505658","130505937","chr7","75135801","75136078","29","55369857"
"chr4","130505938","130506247","chr5","26410686","26410992","37","104095252"
"chr4","130526405","130526693","chr7","75150787","75151088","43","55375618"
"chr4","130542189","130542349","chr24","26650539","26650695","18","103891650"
"chr4","130542616","130542865","chr5","60403345","60403611","46","70139271"
"chr4","130546550","130546839","chr2","34526383","34526681","42","96020167"
"chr4","130548574","130548876","chr7","75170798","75171095","37","55377776"
"chr4","130551164","130551463","chr11","117005682","117005978","35","13545482"
"chr4","130555000","130555298","chr5","59178950","59179249","40","71376050"
"chr4","130563525","130563798","chr6","262242","262519","36","130301283"
"chr4","130565835","130566136","chr27","9431892","9432191","34","121133943"
"chr4","130569265","130569536","chr8","137229990","137230263","32","6660725"
"chr4","130582982","130583282","chr2","58574225","58574523","28","72008757"
"chr4","130583542","130583865","chr20","119575633","119575947","45","11007909"
"chr4","130599194","130599480","chr12","27096248","27096536","35","103502946"
"chr4","130599609","130599919","chr29","21940583","21940891","46","108659026"
"chr4","130606763","130607054","chr7","75224887","75225180","23","55381876"
"chr4","130610853","130611164","chr15","3993056","3993366","34","126617797"
"chr4","130613727","130614029","chr22","49594481","49594784","31","81019246"
"chr4","130614602","130614912","chr17","39099892","39100198","39","91514710"
"chr4","130621587","130621882","chr5","70028139","70028436","46","60593448"
"chr4","130622360","130622659","chr20","77903993","77904291","33","52718367"
"chr4","130648794","130649075","chr7","75266987","75267272","27","55381807"
"chr4","130665815","130666103","chr7","75282529","75282832","39","55383286"
"chr4","130692256","130692553","chr7","75309948","75310263","36","55382308"
"chr4","130711336","130711634","chr7","75331781","75332078","27","55379555"
"chr4","130714902","130715196","chr7","75335446","75335755","34","55379456"
"chr4","130790284","130790580","chr15","5355918","5356211","36","125434366"
"chr4","130791746","130792044","chr7","75416855","75417153","36","55374891"
"chr4","130847275","130847586","chr20","113215325","113215632","39","17631950"
"chr4","130853494","130853792","chr7","75483510","75483812","26","55369984"
"chr4","131076950","131077250","chr2","53912905","53913206","36","77164045"
"chr4","131128600","131128898","chr7","75744779","75745074","31","55383821"
"chr4","131146320","131146623","chr5","54771474","54771780","43","76374846"
"chr4","131164491","131164752","chr4","62913885","62914148","45","68250606"
"chr4","131199964","131200124","chr18","66735905","66736051","37","64464059"
"chr4","131200221","131200288","chr8","96027154","96027227","16","35173067"
"chr4","131236351","131236648","chr7","75837298","75837586","44","55399053"
"chr4","131262361","131262650","chr11","60200252","60200546","38","71062109"
"chr4","131276194","131276493","chr7","75877323","75877635","42","55398871"
"chr4","131287985","131288288","chr7","75888595","75888897","29","55399390"
"chr4","131309786","131310068","chrX","1052","1331","29","131308734"
"chr4","131312898","131313180","chr7","75911242","75911519","29","55401656"
"chr4","131315157","131315462","chr23","22208898","22209200","35","109106259"
"chr4","131347910","131348188","chr7","75946509","75946789","24","55401401"
"chr4","131359961","131360269","chr7","75958611","75958919","32","55401350"
"chr4","131367673","131367990","chrX","83051870","83052171","60","48315803"
"chr4","131368602","131368888","chr7","75968186","75968483","41","55400416"
"chr4","131401230","131401566","chr14","39609530","39609865","52","91791700"
"chr4","131413052","131413352","chr20","77903993","77904291","33","53509059"
"chr4","131457716","131457984","chr7","76051258","76051530","35","55406458"
"chr4","131502007","131502291","chr7","76095248","76095532","22","55406759"
"chr4","131578878","131579180","chr7","76161501","76161806","27","55417377"
"chr4","131673309","131673611","chr7","76253889","76254196","37","55419420"
"chr4","131719094","131719400","chr7","76294503","76294809","30","55424591"
"chr4","131777266","131777568","chr22","67055105","67055409","41","64722161"
"chr4","131960539","131960836","chr6","8015506","8015808","40","123945033"
"chr4","131985233","131985561","chr22","49400948","49401268","47","82584285"
"chr4","132178162","132178456","chr15","64630867","64631162","28","67547295"
"chr4","132318219","132318524","chr7","76890531","76890837","32","55427688"
"chr4","132347786","132348071","chr7","76920698","76920988","34","55427088"
"chr4","132533802","132534101","chr4","36036902","36037194","38","96496900"
"chr4","132601151","132601458","chr20","84405979","84406286","35","48195172"
"chr4","132844013","132844291","chr14","46309257","46309544","47","86534756"
"chr4","132845351","132845646","chr19","27610384","27610678","32","105234967"
"chr4","132950013","132950271","chr20","97795691","97795956","51","35154322"
"chr4","132984304","132984600","chr5","25397276","25397570","39","107587028"
"chr4","133041929","133042201","chr23","15593702","15593974","41","117448227"
"chr4","133061235","133061520","chr7","77618627","77618912","37","55442608"
"chr4","133064647","133064963","chr20","78166678","78166985","50","54897969"
"chr4","133110064","133110353","chr7","132329592","132329880","42","780472"
"chr4","133158040","133158321","chrX","1052","1331","31","133156988"
"chr4","133160573","133160854","chrX","1052","1331","32","133159521"
"chr4","133182235","133182545","chr10","60303038","60303346","47","72879197"
"chr4","133272252","133272535","chr21","103835760","103836040","43","29436492"
"chr4","133418328","133418608","chr7","77967253","77967535","42","55451075"
"chr4","133476211","133476537","chr7","78024578","78024888","52","55451633"
"chr4","133506806","133507098","chr16","45636697","45636993","34","87870109"
"chr4","133557465","133557770","chr4","63048739","63049041","45","70508726"
"chr4","133735969","133736228","chr7","78303954","78304215","26","55432015"
"chr4","133742273","133742577","chr5","50489073","50489372","43","83253200"
"chr4","133931181","133931476","chr8","137780202","137780497","34","3849021"
"chr4","133999698","133999982","chr7","78533362","78533647","36","55466336"
"chr4","134044870","134045175","chr13","45171921","45172226","43","88872949"
"chr4","134058969","134059264","chr7","78601438","78601735","20","55457531"
"chr4","134090022","134090331","chr3","78802384","78802695","38","55287638"
"chr4","134104841","134105091","chr27","47121813","47122061","39","86983028"
"chr4","134150741","134151051","chr2","18120742","18121050","45","116029999"
"chr4","134159412","134159720","chrX","17548615","17548925","43","116610797"
"chr4","134254814","134255114","chr26","37721679","37721981","47","96533135"
"chr4","134264331","134264640","chr7","78818440","78818748","26","55445891"
"chr4","134372281","134372576","chr21","12657060","12657357","37","121715221"
"chr4","134530700","134531009","chr25","27335574","27335881","44","107195126"
"chr4","134620009","134620321","chr7","79088368","79088675","37","55531641"
"chr4","134655484","134655786","chr10","88760771","88761072","38","45894713"
"chr4","134674992","134675266","chr11","60800868","60801141","42","73874124"
"chr4","134679302","134679601","chr2","8100719","8101022","46","126578583"
"chr4","134796573","134796852","chr5","43822748","43823026","33","90973825"
"chr4","134805843","134806145","chr11","131206","131506","37","134674637"
"chr4","134852534","134852849","chr9","96100777","96101099","70","38751757"
"chr4","134855179","134855474","chr10","83001380","83001665","59","51853799"
"chr4","134888147","134888450","chr10","88760771","88761072","32","46127376"
"chr4","134940024","134940333","chr7","79378875","79379184","26","55561149"
"chr4","134955745","134956043","chr2","36487708","36488004","36","98468037"
"chr4","134992470","134992745","chrX_KE148108v1_random","134333","134592","52","134858137"
"chr4","135097480","135097775","chr7","79520265","79520564","24","55577215"
"chr4","135171141","135171407","chr16","72481053","72481317","44","62690088"
"chr4","135292975","135293280","chr7","79726177","79726495","38","55566798"
"chr4","135330047","135330359","chr27","7663721","7664031","43","127666326"
"chr4","135520493","135520777","chr7","79952388","79952666","33","55568105"
"chr4","135539046","135539322","chr7","80058531","80058798","45","55480515"
"chr4","135586279","135586567","chr8","90128674","90128960","34","45457605"
"chr4","135624898","135625159","chr7","80058531","80058798","32","55566367"
"chr4","135653787","135654080","chr26","51551996","51552285","45","84101791"
"chr4","135852271","135852567","chr9","33958924","33959219","31","101893347"
"chr4","135879414","135879707","chr7","80307642","80307942","29","55571772"
"chr4","136012255","136012553","chr7","110778122","110778421","39","25234133"
"chr4","136231364","136231680","chr7","80671294","80671602","34","55560070"
"chr4","136274075","136274372","chr7","80716114","80716398","34","55557961"
"chr4","136475796","136476078","chr7","80908155","80908451","34","55567641"
"chr4","136507445","136507586","chr9","31457956","31458116","55","105049489"
"chr4","136593518","136593812","chr7","81011522","81011833","38","55581996"
"chr4","136666004","136666301","chr7","81075245","81075541","40","55590759"
"chr4","136781159","136781456","chr1","54930135","54930430","32","81851024"
"chr4","136886757","136887045","chr7","81283888","81284190","46","55602869"
"chr4","137014660","137014945","chr20","7865778","7866074","46","129148882"
"chr4","137154550","137154882","chr15","51681104","51681419","59","85473446"
"chr4","137155983","137156287","chr29","11516939","11517245","40","125639044"
"chr4","137258024","137258324","chr7","81652967","81653248","49","55605057"
"chr4","137453420","137453669","chr7","81835716","81835962","23","55617704"
"chr4","137525906","137526230","chr7","81896402","81896724","28","55629504"
"chr4","137793247","137793553","chr8","31712341","31712652","40","106080906"
"chr4","137793830","137794143","chr20","86230934","86231246","41","51562896"
"chr4","138249744","138250052","chrX","18551381","18551686","34","119698363"
"chr4","138353220","138353514","chr7","91654814","91655114","45","46698406"
"chr4","138530014","138530309","chr7","82814690","82814975","42","55715324"
"chr4","138589735","138589975","chr5","17454583","17454826","34","121135152"
"chr4","138620733","138621017","chr1","8238607","8238892","43","130382126"
"chr4","138745741","138746032","chr7","83028854","83029146","27","55716887"
"chr4","138755589","138755898","chr12","18021871","18022178","43","120733718"
"chr4","138867701","138867980","chr7","83145839","83146117","38","55721862"
"chr4","138902215","138902519","chr23","42078284","42078588","38","96823931"
"chr4","138924117","138924431","chr14","78562948","78563255","38","60361169"
"chr4","139014325","139014643","chr7","83318670","83319002","43","55695655"
"chr4","139068026","139068307","chr9","104099789","104100074","42","34968237"
"chr4","139078017","139078316","chr20","115245212","115245514","38","23832805"
"chr4","139139460","139139763","chr6","12959054","12959357","42","126180406"
"chr4","139260093","139260384","chr8","84934795","84935086","45","54325298"
"chr4","139339896","139340191","chr4","32226963","32227256","40","107112933"
"chr4","139530211","139530503","chr12","102982553","102982846","33","36547658"
"chr4","139532101","139532384","chr1","93458633","93458912","47","46073468"
"chr4","139803824","139804127","chr7","84108979","84109278","41","55694845"
"chr4","139830571","139830866","chr16","57532952","57533246","36","82297619"
"chr4","140067626","140067920","chr2","34526383","34526681","43","105541243"
"chr4","140136761","140137058","chr7","84446617","84446927","39","55690144"
"chr4","140169544","140169839","chr22","72903386","72903680","37","67266158"
"chr4","140180849","140181134","chr8","95633451","95633738","34","44547398"
"chr4","140268036","140268348","chr9","62390189","62390502","45","77877847"
"chr4","140288756","140289059","chrUn_KE147541v1","90","391","38","140288666"
"chr4","140306165","140306470","chr7","84610060","84610364","30","55696105"
"chr4","140469674","140469986","chr7","84768460","84768747","65","55701214"
"chr4","140554956","140555246","chr7","84850211","84850510","42","55704745"
"chr4","140776255","140776545","chr7","85060712","85061005","26","55715543"
"chr4","140833105","140833384","chr15","5495826","5496105","39","135337279"
"chr4","140858600","140858904","chr9","117230098","117230400","32","23628502"
"chr4","140888455","140888748","chr7","85171243","85171536","22","55717212"
"chr4","140938745","140939046","chr7","85220320","85220624","34","55718425"
"chr4","140953138","140953417","chr2","87327882","87328158","59","53625256"
"chr4","140955163","140955460","chr7","85237193","85237500","37","55717970"
"chr4","140991414","140991711","chr5","1658625","1658924","43","139332789"
"chr4","141052379","141052680","chr5","52463470","52463766","43","88588909"
"chr4","141077348","141077653","chr7","85367838","85368151","34","55709510"
"chr4","141109943","141110263","chr10","57804652","57804971","38","83305291"
"chr4","141170544","141170814","chr7","85458993","85459269","31","55711551"
"chr4","141180574","141180845","chr7","85458993","85459269","31","55721581"
"chr4","141202440","141202775","chr7","85481339","85481664","54","55721101"
"chr4","141229346","141229641","chr7","85507543","85507830","31","55721803"
"chr4","141310372","141310665","chr5","35843820","35844117","37","105466552"
"chr4","141462974","141463247","chr6","43735757","43736020","51","97727217"
"chr4","141502028","141502321","chr7","85769453","85769735","29","55732575"
"chr4","141520103","141520361","chr16","3178099","3178363","31","138342004"
"chr4","141542298","141542604","chr11","66608714","66609031","72","74933584"
"chr4","141554172","141554471","chr7","85820041","85820332","39","55734131"
"chr4","141601327","141601596","chr7","85866587","85866855","27","55734740"
"chr4","141602730","141603037","chr7","85868011","85868308","35","55734719"
"chr4","141663178","141663457","chr7","85916202","85916479","34","55746976"
"chr4","141670057","141670370","chr7","85922811","85923122","20","55747246"
"chr4","141691750","141692059","chr7","85943421","85943745","36","55748329"
"chr4","141698641","141698921","chr9","28499450","28499728","37","113199191"
"chr4","141699779","141700080","chr7","85952322","85952625","30","55747457"
"chr4","141724823","141725119","chr1","103586917","103587220","32","38137906"
"chr4","141727661","141727966","chr7","85977638","85977952","38","55750023"
"chr4","141729530","141729822","chr7","85979496","85979786","38","55750034"
"chr4","141732920","141733230","chr12","7117943","7118250","33","134614977"
"chr4","141747576","141747864","chr7","85996721","85997018","40","55750855"
"chr4","141749602","141749899","chr24","51325792","51326088","39","90423810"
"chr4","141752596","141752892","chr7","86001473","86001767","18","55751123"
"chr4","141763502","141763801","chr7","86011891","86012195","30","55751611"
"chr4","141776593","141776834","chr5","17454583","17454826","41","124322010"
"chr4","141788914","141789225","chr7","86036387","86036696","36","55752527"
"chr4","141828264","141828557","chr7","86072490","86072781","30","55755774"
"chr4","141839267","141839583","chr11","692875","693183","43","141146392"
"chr4","141841418","141841711","chr7","86082830","86083113","52","55758588"
"chr4","141869718","141870021","chr7","86110301","86110602","27","55759417"
"chr4","141910758","141911052","chr7","86153766","86154061","23","55756992"
"chr4","141914628","141914931","chr11","2853447","2853759","38","139061181"
"chr4","141930072","141930337","chr16","7193790","7194053","33","134736282"
"chr4","141940133","141940433","chr7","131848095","131848393","33","10092038"
"chr4","141941751","141942057","chr2","26474324","26474631","36","115467427"
"chr4","141946324","141946632","chr9","112383120","112383432","33","29563204"
"chr4","141947074","141947377","chr15","52290986","52291285","34","89656088"
"chr4","141947704","141947985","chr21","18466265","18466550","46","123481439"
"chr4","141949244","141949556","chr6","2517240","2517548","41","139432004"
"chr4","141949733","141950041","chr9","29774917","29775219","35","112174816"
"chr4","141953880","141954179","chr10","44558052","44558347","31","97395828"
"chr4","141963891","141964213","chr7","130973875","130974181","53","10990016"
"chr4","141966864","141967178","chr7","86205465","86205781","37","55761399"
"chr4","141978466","141978759","chr2","20127100","20127389","41","121851366"
"chr4","141984143","141984398","chr7","86222765","86223021","20","55761378"
"chr4","142015608","142015675","chrX","116311180","116311249","22","25704428"
"chr4","142015932","142016168","chr9","61704066","61704306","44","80311866"
"chr4","142016501","142016793","chr11","47438728","47439024","36","94577773"
"chr4","142018800","142019049","chr9","44980829","44981096","68","97037971"
"chr4","142039456","142039753","chr7","86273360","86273663","27","55766096"
"chr4","142044286","142044522","chr9","61704066","61704306","46","80340220"
"chr4","142061787","142062074","chr7","86296532","86296815","26","55765255"
"chr4","142069346","142069637","chr7","86304082","86304380","23","55765264"
"chr4","142088136","142088424","chr7","86322478","86322763","38","55765658"
"chr4","142095465","142095767","chr7","86329598","86329878","40","55765867"
"chr4","142129858","142130122","chr18","58839318","58839558","59","83290540"
"chr4","142134477","142134646","chr6","9509491","9509662","35","132624986"
"chr4","142165643","142165939","chr17","50714205","50714497","35","91451438"
"chr4","142174366","142174656","chr7","86409661","86409949","27","55764705"
"chr4","142198365","142198581","chr17","35304405","35304617","36","106893960"
"chr4","142223833","142224129","chr7","86460512","86460814","29","55763321"
"chr4","142250297","142250605","chr7","86486203","86486507","29","55764094"
"chr4","142258930","142259222","chr7","86494744","86495036","26","55764186"
"chr4","142270822","142271065","chr11","99604767","99605026","50","42666055"
"chr4","142271985","142272022","chr2","33748515","33748552","17","108523470"
"chr4","142304385","142304692","chr9","105304582","105304891","37","36999803"
"chr4","142312270","142312551","chr12","73763059","73763340","35","68549211"
"chr4","142335858","142336148","chr15","39573719","39574007","36","102762139"
"chr4","142342933","142343240","chr8","25291489","25291799","36","117051444"
"chr4","142423782","142424091","chr7","86648096","86648397","33","55775686"
"chr4","142443100","142443400","chr20","77903993","77904291","33","64539107"
"chr4","142488346","142488645","chr11","96978397","96978692","35","45509949"
"chr4","142507525","142507806","chr11","92675329","92675610","31","49832196"
"chr4","142514422","142514623","chr23","41306689","41306886","34","101207733"
"chr4","142594263","142594575","chrX","108249010","108249322","40","34345253"
"chr4","142604803","142605029","chr13","64715078","64715302","25","77889725"
"chr4","142621686","142622004","chr6","12363805","12364116","41","130257881"
"chr4","142675091","142675396","chr7","86882039","86882345","26","55793052"
"chr4","142687585","142687878","chr7","86894392","86894686","25","55793193"
"chr4","142703615","142703907","chr7","86907979","86908272","22","55795636"
"chr4","142737958","142738269","chr8","10801167","10801476","33","131936791"
"chr4","142756668","142756974","chr21","124655752","124656055","36","18100916"
"chr4","142785072","142785366","chr7","86988619","86988912","31","55796453"
"chr4","142795228","142795529","chr7","86998825","86999122","22","55796403"
"chr4","142806622","142806924","chr7","87010566","87010861","36","55796056"
"chr4","142810187","142810498","chr7","87014110","87014421","25","55796077"
"chr4","142823861","142824163","chr6","43919788","43920086","35","98904073"
"chr4","142827582","142827897","chr7","87029339","87029640","40","55798243"
"chr4","142830014","142830303","chr7","87032045","87032338","21","55797969"
"chr4","142858129","142858436","chr5","26410686","26410992","30","116447443"
"chr4","142893542","142893828","chr17","30496135","30496423","28","112397407"
"chr4","143038026","143038336","chr14","82794681","82794991","41","60243345"
"chr4","143109418","143109733","chr7","87304279","87304594","35","55805139"
"chr4","143119455","143119730","chr7","87314587","87314861","24","55804868"
"chr4","143147426","143147662","chr9","61704066","61704306","57","81443360"
"chr4","143150842","143151101","chr7","87351661","87351913","27","55799181"
"chr4","143307285","143307587","chr7","87488219","87488517","23","55819066"
"chr4","143338924","143339218","chr26","52121302","52121596","30","91217622"
"chr4","143345995","143346305","chr11","111918427","111918734","37","31427568"
"chr4","143384969","143385276","chr7","87563965","87564259","35","55821004"
"chr4","143412006","143412285","chr7","87591801","87592080","28","55820205"
"chr4","143429940","143430243","chrX","608380","608683","35","142821560"
"chr4","143450081","143450376","chr6","17650071","17650364","34","125800010"
"chr4","143454422","143454717","chr7","87634318","87634618","32","55820104"
"chr4","143484569","143484882","chr7","87665567","87665874","32","55819002"
"chr4","143612804","143613110","chr7","87780418","87780729","30","55832386"
"chr4","143629999","143630327","chr7","87797479","87797805","25","55832520"
"chr4","143696668","143696969","chr7","87849567","87849850","36","55847101"
"chr4","143711304","143711604","chr4","69040480","69040776","39","74670824"
"chr4","143855035","143855332","chr16","23943088","23943388","36","119911947"
"chr4","143877613","143877899","chr7","88038052","88038338","27","55839561"
"chr4","143999343","143999632","chr7","88153178","88153482","41","55846165"
"chr4","144010871","144011184","chr1","124395426","124395741","51","19615445"
"chr4","144024359","144024654","chr7","88179734","88180027","26","55844625"
"chr4","144041303","144041605","chr2","47505197","47505502","35","96536106"
"chr4","144061534","144061829","chr7","88213679","88213961","39","55847855"
"chr4","144317244","144317564","chr7","88467519","88467837","43","55849725"
"chr4","144533285","144533593","chr7","88676962","88677262","37","55856323"
"chr4","144545959","144546121","chr23","79838641","79838798","34","64707318"
"chr4","144685757","144686041","chr7","88814540","88814826","25","55871217"
"chr4","144716552","144716859","chr7","88843630","88843931","30","55872922"
"chr4","144866155","144866455","chr2","34526383","34526681","36","110339772"
"chr4","144885562","144885865","chr6","47511750","47512051","38","97373812"
"chr4","144988724","144989021","chr7","89106268","89106564","33","55882456"
"chr4","145000071","145000358","chr23","77066309","77066595","35","67933762"
"chr4","145144982","145145290","chr3","6629124","6629426","38","138515858"
"chr4","145157579","145157868","chr4","53640412","53640701","43","91517167"
"chr4","145166566","145166881","chr7","89275277","89275589","33","55891289"
"chr4","145184458","145184764","chr19","27016710","27017020","40","118167748"
"chr4","145292153","145292460","chr7","89409833","89410136","30","55882320"
"chr4","145422742","145423050","chr7","89534128","89534453","45","55888614"
"chr4","145573755","145574066","chr19","9514256","9514567","36","136059499"
"chr4","145580715","145581014","chr8","138973046","138973346","35","6607669"
"chr4","145693889","145694171","chr17","35015237","35015518","36","110678652"
"chr4","145719585","145719891","chr7","89825810","89826117","30","55893775"
"chr4","145955160","145955465","chr11","101944636","101944940","48","44010524"
"chr4","145977809","145978106","chr7","90068661","90068953","35","55909148"
"chr4","145980228","145980521","chr7","90071277","90071570","29","55908951"
"chr4","146029199","146029498","chr1","117218184","117218485","39","28811015"
"chr4","146037532","146037826","chr14","68867958","68868256","33","77169574"
"chr4","146052067","146052371","chr2","16855216","16855519","39","129196851"
"chr4","146052785","146053085","chr7","90146419","90146700","37","55906366"
"chr4","146055272","146055554","chr3","63963447","63963733","36","82091825"
"chr4","146057898","146058204","chr10","2407556","2407863","30","143650342"
"chr4","146063015","146063309","chr10","124515532","124515831","40","21547483"
"chr4","146090301","146090606","chr1","17709882","17710187","47","128380419"
"chr4","146092589","146092884","chr7","90185434","90185734","30","55907155"
"chr4","146101479","146101570","chr24","22286122","22286189","36","123815357"
"chr4","146115379","146115667","chr16","61063438","61063741","44","85051941"
"chr4","146152465","146152741","chr7","90235734","90236010","26","55916731"
"chr4","146191297","146191599","chr7","90274993","90275292","36","55916304"
"chr4","146241327","146241630","chr20","71875277","71875582","35","74366050"
"chr4","146242204","146242514","chr19","5605549","5605855","36","140636655"
"chr4","146278997","146279323","chr7","90350695","90351025","44","55928302"
"chr4","146563374","146563644","chr7","90613644","90613916","18","55949730"
"chr4","147033076","147033380","chr16","47516908","47517218","41","99516168"
"chr4","147035788","147036100","chr8","39370799","39371107","45","107664989"
"chr4","147158630","147158924","chr1","67937430","67937722","42","79221200"
"chr4","147167434","147167741","chr8","48698345","48698653","36","98469089"
"chr4","147289946","147290203","chr21","10701177","10701441","44","136588769"
"chr4","147408507","147408805","chr16","62764099","62764400","40","84644408"
"chr4","147474309","147474604","chr11","120526163","120526460","37","26948146"
"chr4","147527261","147527563","chr7","91112452","91112744","37","56414809"
"chr4","147616844","147617137","chrX","26124189","26124481","38","121492655"
"chr4","147651472","147651766","chr7","91239292","91239590","36","56412180"
"chr4","147656122","147656423","chr1","57381049","57381356","41","90275073"
"chr4","147705248","147705546","chr7","91293269","91293574","29","56411979"
"chr4","147719768","147720064","chr7","91307792","91308083","29","56411976"
"chr4","147725000","147725309","chr7","91313046","91313356","42","56411954"
"chr4","147811637","147811943","chr5","3613015","3613314","38","144198622"
"chr4","147851696","147852000","chr6","2115147","2115449","42","145736549"
"chr4","147884398","147884710","chr7","91468128","91468442","29","56416270"
"chr4","147931905","147932209","chr7","91510854","91511154","33","56421051"
"chr4","148005097","148005411","chr7","91591767","91592081","38","56413330"
"chr4","148068253","148068552","chr7","91654814","91655114","27","56413439"
"chr4","148074281","148074395","chr9","84870486","84870599","23","63203795"
"chr4","148074491","148074684","chr7","15845768","15845962","35","132228723"
"chr4","148114892","148115198","chr7","91700787","91701099","27","56414105"
"chr4","148119625","148119921","chr21","109292960","109293258","34","38826665"
"chr4","148150811","148151096","chr23","68987067","68987349","42","79163744"
"chr4","148174394","148174706","chr7","130859634","130859939","54","17314760"
"chr4","148185005","148185296","chr7","91770101","91770391","30","56414904"
"chr4","148236552","148236862","chr27","44553148","44553457","38","103683404"
"chr4","148251969","148252273","chr7","31774584","31774884","29","116477385"
"chr4","148254259","148254563","chr7","31774584","31774884","29","116479675"
"chr4","148315561","148315871","chr20","105692436","105692747","37","42623125"
"chr4","148351169","148351480","chr7","91931205","91931510","25","56419964"
"chr4","148394849","148394916","chr19","21679426","21679496","21","126715423"
"chr4","148394960","148395192","chr1","8221298","8221533","35","140173662"
"chr4","148403408","148403753","chrX","59045060","59045395","62","89358348"
"chr4","148459250","148459542","chr7","92036555","92036852","31","56422695"
"chr4","148483735","148484040","chr2","43712140","43712451","28","104771595"
"chr4","148600232","148600514","chr7","92172314","92172605","29","56427918"
"chr4","148624448","148624755","chr7","92195966","92196273","27","56428482"
"chr4","148658917","148659211","chr7","92231949","92232240","23","56426968"
"chr4","148702142","148702451","chr7","92266224","92266523","32","56435918"
"chr4","148726541","148726833","chr7","92289428","92289715","32","56437113"
"chr4","148730052","148730365","chr7","92292948","92293251","33","56437104"
"chr4","148730912","148731221","chr11","1655160","1655464","30","147075752"
"chr4","148768448","148768755","chr7","92337611","92337902","36","56430837"
"chr4","148783728","148784038","chr28","15843709","15844015","43","132940019"
"chr4","148849663","148849916","chr5","28302449","28302699","52","120547214"
"chr4","148875621","148875897","chr13","46434144","46434420","44","102441477"
"chr4","148909198","148909489","chr7","92474211","92474518","42","56434987"
"chr4","148944344","148944584","chr7","92508973","92509210","29","56435371"
"chr4","148956885","148957196","chr28","8356903","8357207","42","140599982"
"chr4","148977745","148978033","chr6","37033610","37033897","35","111944135"
"chr4","148988665","148988960","chr9","92878452","92878745","38","56110213"
"chr4","149017214","149017494","chr19","8189209","8189491","44","140828005"
"chr4","149151678","149151996","chr17","27464428","27464746","52","121687250"
"chr4","149171139","149171447","chr7","92730067","92730372","23","56441072"
"chr4","149237607","149237905","chr11","120526163","120526460","37","28711444"
"chr4","149259966","149260275","chr8","10801167","10801476","34","138458799"
"chr4","149289637","149289951","chr1","57381049","57381356","47","91908588"
"chr4","149386294","149386590","chr11","96978397","96978692","32","52407897"
"chr4","149399184","149399478","chr7","92954608","92954905","30","56444576"
"chr4","149403998","149404305","chr12","38917206","38917518","40","110486792"
"chr4","149426262","149426567","chr7","92977466","92977755","34","56448796"
"chr4","149495583","149495893","chr7","93046455","93046755","35","56449128"
"chr4","149575790","149576083","chr5","61118670","61118963","34","88457120"
"chr4","149603445","149603719","chr7","93135243","93135530","40","56468202"
"chr4","149698982","149699266","chr5","34296556","34296842","38","115402426"
"chr4","149706639","149706941","chr12","80083509","80083803","40","69623130"
"chr4","149710484","149710784","chr7","93232958","93233257","34","56477526"
"chr4","150038508","150038816","chr4","31015622","31015935","39","119022886"
"chr4","150093175","150093484","chr18","32657487","32657794","28","117435688"
"chr4","150095042","150095353","chr7","93622961","93623271","30","56472081"
"chr4","150113110","150113382","chr16","7193790","7194053","38","142919320"
"chr4","150139123","150139423","chr15","4916283","4916587","48","145222840"
"chr4","150141295","150141353","chr16","64329830","64329881","20","85811465"
"chr4","150141824","150142041","chr17","38823537","38823742","51","111318287"
"chr4","150189187","150189479","chr7","93712511","93712807","19","56476676"
"chr4","150239634","150239935","chr7","93763311","93763608","31","56476323"
"chr4","150282607","150282877","chr7","93803790","93804050","35","56478817"
"chr4","150462311","150462622","chr7","93969226","93969529","28","56493085"
"chr4","150498087","150498394","chr15","3489126","3489431","33","147008961"
"chr4","150547232","150547536","chr7","94048271","94048576","25","56498961"
"chr4","150564209","150564518","chr6","12064154","12064463","34","138500055"
"chr4","150577445","150577639","chr7","94074486","94074684","24","56502959"
"chr4","150601765","150602059","chr7","94097910","94098202","28","56503855"
"chr4","150605881","150606185","chr1","77129298","77129607","50","73476583"
"chr4","150633930","150634225","chr7","94130543","94130838","23","56503387"
"chr4","150661931","150662110","chr10","33376506","33376682","36","117285425"
"chr4","150683685","150683977","chr18","31347052","31347336","37","119336633"
"chr4","150685723","150686017","chr5","57816765","57817061","33","92868958"
"chr4","150707367","150707659","chr7","94199099","94199388","24","56508268"
"chr4","150709048","150709349","chr1","17699624","17699919","59","133009424"
"chr4","150711016","150711282","chr19","27008157","27008419","47","123702859"
"chr4","150744500","150744811","chr14","1231012","1231318","43","149513488"
"chr4","150765769","150766062","chr7","94262163","94262453","26","56503606"
"chr4","150772835","150773138","chr11","96978397","96978692","41","53794438"
"chr4","150776235","150776514","chr5","3806777","3807050","43","146969458"
"chr4","150796259","150796561","chr14","68867958","68868256","38","81928301"
"chr4","150824586","150824905","chr2","13369777","13370088","48","137454809"
"chr4","150825328","150825631","chr14","83466769","83467068","45","67358559"
"chr4","150834886","150835186","chr7","94331838","94332135","36","56503048"
"chr4","150836743","150837047","chr7","94333693","94333998","34","56503050"
"chr4","150846271","150846554","chr7","94343186","94343465","27","56503085"
"chr4","150892122","150892417","chr7","94388951","94389249","26","56503171"
"chr4","150895073","150895375","chr7","94391900","94392202","25","56503173"
"chr4","150915329","150915589","chr8","117825876","117826139","40","33089453"
"chr4","150972542","150972852","chr5","26410686","26410992","34","124561856"
"chr4","150994113","150994427","chr5","25945423","25945733","46","125048690"
"chr4","151043195","151043417","chr14","4267909","4268136","56","146775286"
"chr4","151127343","151127621","chr12","18770956","18771237","41","132356387"
"chr4","151138033","151138344","chr6","12064154","12064463","40","139073879"
"chr4","151144202","151144472","chr18","2606757","2607038","37","148537445"
"chr4","151156240","151156540","chr6","14786220","14786531","51","136370020"
"chr4","151164207","151164463","chr7","94653949","94654211","31","56510258"
"chr4","151224393","151224699","chr2","14523205","14523513","33","136701188"
"chr4","151282132","151282432","chr5","26308017","26308314","38","124974115"
"chr4","151382944","151383240","chr7","94863309","94863612","36","56519635"
"chr4","151461031","151461328","chr11","6502518","6502815","33","144958513"
"chr4","151564077","151564389","chr8","137564378","137564680","44","13999699"
"chr4","151616584","151616888","chr11","35570300","35570602","46","116046284"
"chr4","151628659","151628929","chr16","6324850","6325121","39","145303809"
"chr4","151665237","151665529","chr7","95151964","95152255","25","56513273"
"chr4","151778612","151778909","chr16","70284377","70284671","30","81494235"
"chr4","151982455","151982753","chr5","25971183","25971483","37","126011272"
"chr4","152201499","152201809","chr7","95665228","95665528","46","56536271"
"chr4","152223257","152223574","chr5","74508784","74509109","44","77714473"
"chr4","152299847","152300131","chr20","100464623","100464907","45","51835224"
"chr4","152376976","152377268","chr7","95836301","95836611","35","56540675"
"chr4","152512543","152512784","chr9","61704066","61704306","43","90808477"
"chr4","152535921","152536226","chr7","95999072","95999379","25","56536849"
"chr4","152547533","152547837","chr7","96012647","96012935","43","56534886"
"chr4","152627561","152627872","chr7","96088955","96089252","39","56538606"
"chr4","152657457","152657744","chr2","18452621","18452914","44","134204836"
"chr4","152734764","152734993","chr7","96194709","96194938","16","56540055"
"chr4","152760188","152760483","chr15","64630867","64631162","28","88129321"
"chr4","152901034","152901327","chr7","96353826","96354132","34","56547208"
"chr4","152937461","152937749","chr7","96382452","96382737","35","56555009"
"chr4","152962911","152963144","chr7","29794171","29794420","57","123168740"
"chr4","153029113","153029408","chr13","66725191","66725490","36","86303922"
"chr4","153061719","153061989","chrX","43745894","43746167","36","109315825"
"chr4","153069986","153070154","chr7","96510350","96510516","18","56559636"
"chr4","153090145","153090454","chr7","96530164","96530479","34","56559981"
"chr4","153107057","153107366","chr19","9514256","9514567","37","143592801"
"chr4","153127461","153127773","chr20","66369449","66369730","64","86758012"
"chr4","153142881","153143178","chr8","95677395","95677687","30","57465486"
"chr4","153160919","153161152","chr9","61704066","61704306","41","91456853"
"chr4","153171617","153171930","chr7","96612222","96612534","28","56559395"
"chr4","153193884","153194164","chr7","96635310","96635598","35","56558574"
"chr4","153205094","153205403","chr7","96646482","96646793","39","56558612"
"chr4","153225179","153225470","chr13","22114803","22115096","38","131110376"
"chr4","153232268","153232590","chr20","96087671","96087985","40","57144597"
"chr4","153271036","153271327","chr20","108632233","108632522","38","44638803"
"chr4","153275181","153275482","chr1","63517707","63518009","32","89757474"
"chr4","153286077","153286382","chr7","96728051","96728355","36","56558026"
"chr4","153355220","153355529","chr27","44653474","44653783","31","108701746"
"chr4","153379058","153379365","chr7","96820426","96820723","35","56558632"
"chr4","153409584","153409854","chr25","9657739","9658012","56","143751845"
"chr4","153424506","153424810","chr14","46007317","46007617","27","107417189"
"chr4","153429656","153429952","chrX","22428011","22428306","35","131001645"
"chr4","153445269","153445584","chr7","96883582","96883893","35","56561687"
"chr4","153517414","153517712","chr26","40302917","40303216","36","113214497"
"chr4","153658328","153658623","chr24","67726643","67726935","38","85931685"
"chr4","153662729","153663039","chr7","97252846","97253139","50","56409883"
"chr4","153663455","153663761","chr7","97253237","97253553","43","56410218"
"chr4","153704715","153705012","chr7","97291305","97291603","28","56413410"
"chr4","153752371","153752571","chr13","23576686","23576886","33","130175685"
"chr4","153753103","153753409","chr7","60666995","60667302","35","93086108"
"chr4","153791996","153792285","chr7","97380311","97380612","38","56411685"
"chr4","153802782","153803066","chr4","65699270","65699561","49","88103512"
"chr4","153804349","153804604","chr7","97392468","97392718","20","56411881"
"chr4","153815610","153815898","chr11","49367128","49367413","35","104448482"
"chr4","153846236","153846545","chr7","97435205","97435509","36","56411031"
"chr4","153879261","153879546","chr10","19359428","19359718","50","134519833"
"chr4","153887426","153887719","chr7","97468611","97468882","46","56418815"
"chr4","153896347","153896643","chr7","97476972","97477278","37","56419375"
"chr4","153901482","153901776","chr7","97482118","97482404","28","56419364"
"chr4","153960181","153960465","chr12","80083509","80083803","40","73876672"
"chr4","153973829","153974115","chr12","97900320","97900608","33","56073509"
"chr4","153986564","153986866","chr12","106749153","106749457","34","47237411"
"chr4","154005477","154005784","chr13","12087298","12087607","32","141918179"
"chr4","154007006","154007303","chr7","97583440","97583732","31","56423566"
"chr4","154009748","154010044","chr7","97585838","97586134","25","56423910"
"chr4","154015460","154015569","chr7","97591513","97591626","14","56423947"
"chr4","154015929","154016123","chr7","97591979","97592159","23","56423950"
"chr4","154028043","154028260","chr9","61704066","61704306","61","92323977"
"chr4","154039521","154039779","chr11","113630480","113630744","43","40409041"
"chr4","154044037","154044329","chr7","97611968","97612255","21","56432069"
"chr4","154048679","154048974","chr7","97616529","97616817","28","56432150"
"chr4","154053101","154053274","chr10","33376506","33376682","36","120676595"
"chr4","154071499","154071767","chr7","97635550","97635819","25","56435949"
"chr4","154073574","154073862","chr1","125148379","125148673","37","28925195"
"chr4","154078413","154078705","chr7","97641386","97641666","36","56437027"
"chr4","154084802","154084956","chr12","83252251","83252396","24","70832551"
"chr4","154085425","154085683","chr24","54645014","54645279","53","99440411"
"chr4","154097723","154098006","chr2","61133608","61133894","32","92964115"
"chr4","154101533","154101837","chr8","7114217","7114516","37","146987316"
"chr4","154104733","154105034","chr14","82794681","82794991","48","71310052"
"chr4","154106093","154106187","chr20","108646822","108646896","41","45459271"
"chr4","154110390","154110692","chr20","105213353","105213657","28","48897037"
"chr4","154112728","154113027","chr7","97662691","97662987","28","56450037"
"chr4","154121134","154121428","chr7","97671462","97671758","28","56449672"
"chr4","154122832","154123130","chr20","77903993","77904291","32","76218839"
"chr4","154128230","154128521","chr28","2837675","2837968","35","151290555"
"chr4","154129761","154129997","chr7","97680161","97680395","20","56449600"
"chr4","154131753","154132037","chr23","72809226","72809510","64","81322527"
"chr4","154135677","154135963","chr8","95633451","95633738","40","58502226"
"chr4","154211709","154212015","chr16","61063438","61063741","34","93148271"
"chr4","154215133","154215405","chr7","97761640","97761935","37","56453493"
"chr4","154223378","154223679","chr7","97768447","97768740","28","56454931"
"chr4","154223870","154224067","chr7","15845768","15845962","32","138378102"
"chr4","154285723","154286026","chr14","15144435","15144735","48","139141288"
"chr4","154313886","154314183","chr7","97863580","97863874","31","56450306"
"chr4","154333663","154333984","chr20","104310028","104310339","44","50023635"
"chr4","154338741","154339060","chr7","97886108","97886444","41","56452633"
"chr4","154393070","154393369","chr7","97939890","97940186","26","56453180"
"chr4","154422099","154422390","chr26","29376959","29377253","39","125045140"
"chr4","154474887","154475183","chr11","6429844","6430143","31","148045043"
"chr4","154559635","154559912","chr7","98112156","98112440","39","56447479"
"chr4","154567960","154568263","chr7","98120600","98120904","28","56447360"
"chr4","154589772","154590072","chr6","4927385","4927686","35","149662387"
"chr4","154710426","154710737","chr7","98260581","98260889","32","56449845"
"chr4","154982349","154982666","chr16","66998287","66998595","51","87984062"
"chr4","155003717","155004028","chr7","98545936","98546245","22","56457781"
"chr4","155008793","155009104","chr26","21447220","21447524","47","133561573"
"chr4","155012657","155012956","chr2","58338718","58339014","42","96673939"
"chr4","155027842","155028153","chr7","98568754","98569057","25","56459088"
"chr4","155029607","155029893","chr24","12070889","12071174","33","142958718"
"chr4","155066315","155066610","chr7","98606789","98607091","28","56459526"
"chr4","155069473","155069768","chr7","98610017","98610337","43","56459456"
"chr4","155085238","155085551","chr7","98625178","98625488","35","56460060"
"chr4","155134860","155135162","chr7","98680600","98680896","33","56454260"
"chr4","155186376","155186663","chr16","18203350","18203641","42","136983026"
"chr4","155204905","155205209","chrX","58360810","58361102","47","96844095"
"chr4","155301810","155302113","chr7","98840799","98841107","31","56461011"
"chr4","155413128","155413448","chr7","98950151","98950466","44","56462977"
"chr4","155474137","155474428","chr19","13635334","13635635","38","141838803"
"chr4","155511225","155511371","chr7","99047467","99047608","18","56463758"
"chr4","155520959","155521255","chr12","260610","260910","36","155260349"
"chr4","155533471","155533776","chr21","73499256","73499565","39","82034215"
"chr4","155601469","155601772","chr7","99135497","99135790","29","56465972"
"chr4","155605006","155605295","chr20","120519440","120519734","32","35085566"
"chr4","155613064","155613226","chr12","46075656","46075822","32","109537408"
"chr4","155658756","155659057","chr7","99191489","99191787","24","56467267"
"chr4","155710648","155710961","chr7","99240863","99241168","36","56469785"
"chr4","155722845","155723139","chr13","65628742","65629040","34","90094103"
"chr4","155729122","155729436","chr8","7114217","7114516","41","148614905"
"chr4","155749354","155749653","chrX","44445185","44445485","34","111304169"
"chr4","155755857","155756167","chr7","99287553","99287862","23","56468304"
"chr4","155769137","155769451","chr7","99301251","99301571","40","56467886"
"chr4","155775227","155775524","chr7","99307062","99307363","20","56468165"
"chr4","155837134","155837432","chr7","99358484","99358777","28","56478650"
"chr4","155904796","155905089","chrX","111740906","111741198","35","44163890"
"chr4","155945555","155945855","chr7","99461384","99461689","30","56484171"
"chr4","155959985","155960291","chr7","131887649","131887956","43","24072336"
"chr4","155994803","155995110","chr7","99508704","99508991","40","56486099"
"chr4","156006982","156007279","chr7","99520805","99521096","31","56486177"
"chr4","156026049","156026347","chrX","105448483","105448781","30","50577566"
"chr4","156035491","156035793","chr16","66954636","66954935","36","89080855"
"chr4","156048292","156048595","chr26","18344490","18344794","40","137703802"
"chr4","156111252","156111564","chr23","37753252","37753563","34","118358000"
"chr4","156134191","156134503","chr16","49511562","49511872","34","106622629"
"chr4","156166814","156167123","chr7","99673523","99673835","32","56493291"
"chr4","156197571","156197876","chr7","99705293","99705604","34","56492278"
"chr4","156214091","156214396","chr5","72944814","72945114","39","83269277"
"chr4","156233111","156233416","chr7","99740106","99740407","24","56493005"
"chr4","156254997","156255301","chr7","99759194","99759498","29","56495803"
"chr4","156293646","156293948","chr16","823334","823630","40","155470312"
"chr4","156330101","156330419","chr1","85120024","85120328","42","71210077"
"chr4","156347084","156347379","chr7","99849651","99849946","22","56497433"
"chr4","156367794","156368097","chr7","99868212","99868519","32","56499582"
"chr4","156373870","156374175","chr7","99875361","99875670","30","56498509"
"chr4","156376724","156377029","chr7","99878205","99878512","25","56498519"
"chr4","156391056","156391336","chr7","99892337","99892615","30","56498719"
"chr4","156404150","156404412","chr9","62510671","62510933","43","93893479"
"chr4","156469505","156469798","chr8","111192036","111192334","38","45277469"
"chr4","156485356","156485665","chr7","99994489","99994806","40","56490867"
"chr4","156498154","156498398","chr21","118001926","118002172","44","38496228"
"chr4","156500132","156500429","chr7","100007890","100008186","22","56492242"
"chr4","156508588","156508883","chr16","72265522","72265822","31","84243066"
"chr4","156562781","156563091","chr14","59464027","59464336","41","97098754"
"chr4","156599374","156599667","chr6","38505808","38506103","45","118093566"
"chr4","156687938","156688240","chr7","100192248","100192544","31","56495690"
"chr4","156712868","156713164","chr7","100220906","100221212","31","56491962"
"chr4","156718392","156718687","chr7","100226304","100226596","27","56492088"
"chr4","156775766","156776063","chr11","13422189","13422493","37","143353577"
"chr4","156788811","156789110","chr7","20905717","20906021","45","135883094"
"chr4","156791654","156791960","chr7","100297338","100297650","29","56494316"
"chr4","156818019","156818330","chr13","45171921","45172226","38","111646098"
"chr4","156820643","156820942","chr26","49654333","49654629","36","107166310"
"chr4","156944659","156944968","chr7","100437792","100438097","27","56506867"
"chr4","156985394","156985584","chrX","37337391","37337577","28","119648003"
"chr4","156998347","156998512","chr5","37706","37871","22","156960641"
"chr4","157081140","157081380","chr6","37074835","37075077","35","120006305"
"chr4","157138910","157139220","chr22","16974195","16974505","44","140164715"
"chr4","157311440","157311741","chr12","44288510","44288811","35","113022930"
"chr4","157319446","157319624","chrX","37337391","37337577","32","119982055"
"chr4","157352407","157352706","chr5","69851221","69851520","37","87501186"
"chr4","157355482","157355792","chr15","54607338","54607650","38","102748144"
"chr4","157392308","157392611","chr14","51235615","51235913","38","106156693"
"chr4","157482184","157482494","chr1","115972304","115972611","41","41509880"
"chr4","157498547","157498830","chr9","85069294","85069577","31","72429253"
"chr4","157669806","157669980","chr7","101135403","101135582","17","56534403"
"chr4","157672345","157672636","chr12","11955131","11955421","36","145717214"
"chr4","157675448","157675752","chr7","101141062","101141371","36","56534386"
"chr4","157792551","157792851","chr7","101267262","101267577","41","56525289"
"chr4","157881539","157881801","chr1","25482668","25482934","39","132398871"
"chr4","158066399","158066711","chr11","89474543","89474853","37","68591856"
"chr4","158083176","158083480","chrX","45255215","45255519","45","112827961"
"chr4","158273387","158273692","chr22","27492658","27492963","33","130780729"
"chr4","158338450","158338695","chr16","45085890","45086119","43","113252560"
"chr4","158387961","158388274","chr7","101862084","101862380","44","56525877"
"chr4","158444055","158444352","chr7","101921848","101922141","20","56522207"
"chr4","158564118","158564429","chrX","50751924","50752233","40","107812194"
"chr4","158635395","158635672","chr7","130657463","130657742","37","27977932"
"chr4","158732390","158732694","chr7","102211186","102211487","36","56521204"
"chr4","158771623","158771911","chr7","102249247","102249533","28","56522376"
"chr4","158786791","158787084","chr1","19453527","19453824","34","139333264"
"chr4","158799388","158799660","chr27","24403103","24403376","36","134396285"
"chr4","158817733","158818042","chr11","692875","693183","47","158124858"
"chr4","158870475","158870741","chr7","102350025","102350292","25","56520450"
"chr4","158891646","158891944","chr7","102366174","102366454","34","56525472"
"chr4","158910438","158910724","chr7","102385234","102385520","26","56525204"
"chr4","158924607","158924908","chr8","35930769","35931065","43","122993838"
"chr4","158928008","158928316","chr7","102400003","102400320","33","56528005"
"chr4","159043690","159044001","chr9","112383120","112383432","36","46660570"
"chr4","159066534","159066824","chr11","118168788","118169077","36","40897746"
"chr4","159092238","159092544","chr22","49594481","49594784","44","109497757"
"chr4","159204053","159204343","chr13","81894612","81894898","39","77309441"
"chr4","159242705","159243004","chr7","102728605","102728915","38","56514100"
"chr4","159340045","159340353","chr3","92098202","92098513","35","67241843"
"chr4","159383844","159384154","chr21","108403974","108404283","49","50979870"
"chr4","159447371","159447673","chr7","102940996","102941301","37","56506375"
"chr4","159760695","159760992","chr7","103257454","103257750","22","56503241"
"chr4","159769251","159769539","chr6","15677208","15677493","44","144092043"
"chr4","159791611","159791894","chr7","103289746","103290029","21","56501865"
"chr4","159871230","159871539","chr7","103369979","103370281","28","56501251"
"chr4","159884375","159884656","chrX","1961027","1961305","37","157923348"
"chr4","160121127","160121422","chr1","109702096","109702383","42","50419031"
"chr4","160151683","160151989","chr2","37295814","37296116","47","122855869"
"chr4","160154079","160154387","chr24","44840967","44841275","37","115313112"
"chr4","160171054","160171347","chr7","103672320","103672618","36","56498734"
"chr4","160242052","160242335","chr7","103740095","103740377","31","56501957"
"chr4","160284417","160284707","chr7","103770668","103770952","18","56513749"
"chr4","160404631","160404879","chr6","8943890","8944140","39","151460741"
"chr4","160476483","160476797","chr12","27156607","27156921","39","133319876"
"chr4","160646638","160646925","chr19","27124331","27124617","45","133522307"
"chr4","160758622","160758929","chr1","67026506","67026811","34","93732116"
"chr4","161168455","161168738","chr21","22136559","22136852","50","139031896"
"chr4","161197733","161198027","chr7","104699473","104699771","28","56498260"
"chr4","161264970","161265183","chr11","124263168","124263380","50","37001802"
"chr4","161296374","161296654","chr7","104795815","104796104","34","56500559"
"chr4","161326549","161326857","chr6","40061617","40061925","36","121264932"
"chr4","161361350","161361653","chr8","97625635","97625937","39","63735715"
"chr4","161463482","161463621","chr7","104964289","104964438","26","56499193"
"chr4","161494300","161494589","chr16","61063438","61063741","42","100430862"
"chr4","161503179","161503473","chr16","62097843","62098143","33","99405336"
"chr4","161527905","161528196","chr7","105020804","105021083","31","56507101"
"chr4","161533244","161533535","chr7","105020804","105021083","31","56512440"
"chr4","161608229","161608532","chr13","42459360","42459660","36","119148869"
"chr4","161664291","161664583","chr7","105130895","105131189","26","56533396"
"chr4","161708331","161708654","chr16","639072","639385","41","161069259"
"chr4","161713027","161713346","chr7","105171822","105172134","34","56541205"
"chr4","161714220","161714514","chr7","105173000","105173299","28","56541220"
"chr4","161753361","161753703","chr19","27660659","27660991","61","134092702"
"chr4","161783671","161783954","chr7","105226766","105227063","36","56556905"
"chr4","161797596","161797905","chr7","105239559","105239866","27","56558037"
"chr4","161831599","161831908","chr7","105274425","105274731","25","56557174"
"chr4","161836063","161836297","chr12","58851184","58851412","96","102984879"
"chr4","161836448","161836704","chr2","61086711","61086969","49","100749737"
"chr4","161865468","161865763","chr9","114952603","114952897","35","46912865"
"chr4","161891193","161891494","chr8","103533515","103533819","31","58357678"
"chr4","161903816","161904124","chr7","105344233","105344543","27","56559583"
"chr4","161909062","161909357","chr7","105349493","105349789","17","56559569"
"chr4","161916401","161916703","chr25","78856788","78857085","33","83059613"
"chr4","161917449","161917747","chr25","78856788","78857085","40","83060661"
"chr4","161923168","161923436","chr7","105363740","105364005","24","56559428"
"chr4","161968107","161968408","chr2","26461977","26462278","28","135506130"
"chr4","161976598","161976918","chrX","27030043","27030357","49","134946555"
"chr4","161986003","161986315","chr7","105424306","105424611","31","56561697"
"chr4","162016844","162017133","chr7","105455095","105455389","22","56561749"
"chr4","162033280","162033584","chr29","2282954","2283256","38","159750326"
"chr4","162041601","162041920","chr16","3917468","3917778","44","158124133"
"chr4","162049715","162049998","chr11","65667877","65668163","36","96381838"
"chr4","162056537","162056828","chr7","105493512","105493806","26","56563025"
"chr4","162067112","162067395","chr9","85529394","85529680","39","76537718"
"chr4","162133761","162134075","chr7","105557489","105557800","38","56576272"
"chr4","162143973","162144276","chr2","25498994","25499296","37","136644979"
"chr4","162170121","162170422","chr16","823334","823630","35","161346787"
"chr4","162174800","162175102","chr7","105595398","105595700","30","56579402"
"chr4","162183725","162184047","chr26","26687830","26688145","51","135495895"
"chr4","162222407","162222724","chr7","105643182","105643497","26","56579225"
"chr4","162244178","162244438","chr7","105662999","105663255","30","56581179"
"chr4","162319685","162319953","chr7","105739354","105739624","14","56580331"
"chr4","162339574","162339860","chr7","105758562","105758846","19","56581012"
"chr4","162461318","162461623","chr7","105880010","105880311","25","56581308"
"chr4","162477604","162477892","chr16","16352697","16352989","29","146124907"
"chr4","162494234","162494534","chr7","105911675","105911981","26","56582559"
"chr4","162549084","162549396","chr7","105962835","105963147","33","56586249"
"chr4","162571929","162572221","chr7","105983255","105983540","26","56588674"
"chr4","162576961","162577244","chr7","105987988","105988251","26","56588973"
"chr4","162582199","162582497","chr1","24146456","24146749","36","138435743"
"chr4","162587110","162587391","chr21","120936640","120936921","42","41650470"
"chr4","162691962","162692270","chr7","106101691","106102005","31","56590271"
"chr4","162762866","162763154","chr6","17534533","17534818","34","145228333"
"chr4","162857017","162857257","chr9","61704066","61704306","32","101152951"
"chr4","162953433","162953740","chr11","4422956","4423267","36","158530477"
"chr4","162988467","162988736","chr7","106363650","106363931","50","56624817"
"chr4","163124423","163124731","chr8","10801167","10801476","37","152323256"
"chr4","163264790","163265101","chr8","48698345","48698653","40","114566445"
"chr4","163328683","163328990","chr7","106746526","106746833","35","56582157"
"chr4","163555272","163555570","chr11","96978397","96978692","37","66576875"
"chr4","163603451","163603768","chr15","3560912","3561222","50","160042539"
"chr4","163730886","163731201","chr1","29071160","29071467","45","134659726"
"chr4","163772086","163772331","chr9","2367992","2368229","54","161404094"
"chr4","163774681","163774926","chr9","2367992","2368229","54","161406689"
"chr4","163795234","163795526","chr9","21610624","21610913","46","142184610"
"chr4","163807718","163807882","chr16","33982196","33982370","31","129825522"
"chr4","163924419","163924725","chr1","17709882","17710187","46","146214537"
"chr4","163956367","163956655","chrX","55428769","55429057","42","108527598"
"chr4","164030904","164031185","chr9","976876","977155","38","163054028"
"chr4","164088768","164089058","chr7","107486724","107487007","35","56602044"
"chr4","164128851","164129029","chr7","107525519","107525701","16","56603332"
"chr4","164196349","164196633","chrX","22127361","22127644","45","142068988"
"chr4","164344983","164345292","chr25","27069351","27069659","40","137275632"
"chr4","164364947","164365264","chr12","53288015","53288328","46","111076932"
"chr4","164415706","164416012","chr7","107813454","107813751","34","56602252"
"chr4","164443975","164444277","chr7","107842607","107842909","33","56601368"
"chr4","164452816","164453138","chr3","2202259","2202577","60","162250557"
"chr4","164493190","164493492","chr7","107889483","107889788","30","56603707"
"chr4","164530069","164530373","chr12","103720529","103720834","33","60809540"
"chr4","164609822","164610121","chr5","6280681","6280965","61","158329141"
"chr4","164667747","164668055","chr7","108050653","108050972","34","56617094"
"chr4","164675155","164675463","chr2","14523205","14523513","41","150151950"
"chr4","164726881","164727166","chr18","34938378","34938668","48","129788503"
"chr4","164853387","164853692","chr7","108232629","108232935","28","56620758"
"chr4","164940903","164941190","chr7","108322416","108322710","34","56618487"
"chr4","164947108","164947351","chr7","108330345","108330590","30","56616763"
"chr4","164963514","164963800","chr24","12950494","12950786","45","152013020"
"chr4","164992447","164992611","chr15","1464172","1464329","32","163528275"
"chr4","164995924","164996196","chr7","108377449","108377714","33","56618475"
"chr4","165014603","165014912","chrX","29297969","29298270","41","135716634"
"chr4","165044812","165045084","chr22","49264300","49264570","47","115780512"
"chr4","165095420","165095739","chr11","120188031","120188345","41","44907389"
"chr4","165288487","165288793","chr12","18021871","18022178","35","147266616"
"chr4","165344163","165344424","chr7","108725911","108726178","25","56618252"
"chr4","165483615","165483909","chr19","30057411","30057704","30","135426204"
"chr4","165494757","165495067","chrX","80468072","80468375","36","85026685"
"chr4","165584929","165585224","chr16","64451532","64451827","40","101133397"
"chr4","165617263","165617545","chr7","108996838","108997116","35","56620425"
"chr4","165635208","165635479","chr7","109017009","109017296","43","56618199"
"chr4","165702227","165702536","chr6","12363805","12364116","42","153338422"
"chr4","165849287","165849580","chr20","88109749","88110038","30","77739538"
"chr4","165857578","165857881","chr10","93621317","93621620","40","72236261"
"chr4","165864986","165865289","chr10","93621317","93621620","39","72243669"
"chr4","165930215","165930496","chr7","109279080","109279350","30","56651135"
"chr4","165990503","165990727","chr17","38823537","38823742","57","127166966"
"chr4","166007950","166008243","chr26","20177551","20177842","36","145830399"
"chr4","166081756","166082045","chr14","83267890","83268178","33","82813866"
"chr4","166161244","166161546","chr7","131848095","131848393","35","34313149"
"chr4","166211038","166211325","chr14","13747062","13747349","34","152463976"
"chr4","166261091","166261401","chrX","29627577","29627888","31","136633514"
"chr4","166352010","166352315","chr7","109695838","109696144","29","56656172"
"chr4","166368719","166369027","chr16","32554349","32554655","31","133814370"
"chr4","166403116","166403413","chr7","109746797","109747093","26","56656319"
"chr4","166537516","166537822","chr7","109875871","109876174","24","56661645"
"chr4","166579497","166579799","chr27","47174935","47175234","34","119404562"
"chr4","166606965","166607192","chr11","124263168","124263380","50","42343797"
"chr4","166663648","166663958","chr11","4422956","4423267","42","162240692"
"chr4","166708342","166708631","chr7","110049307","110049597","22","56659035"
"chr4","166740445","166740740","chr7","110079427","110079725","31","56661018"
"chr4","166779706","166780001","chr7","110112182","110112466","40","56667524"
"chr4","166797816","166798045","chr7","110126544","110126765","24","56671272"
"chr4","166844666","166844943","chr11","114707992","114708270","30","52136674"
"chr4","166896108","166896411","chr7","110215623","110215924","28","56680485"
"chr4","166923582","166923885","chr8","35921122","35921424","31","131002460"
"chr4","166964582","166964884","chr7","110277457","110277756","30","56687125"
"chr4","167010509","167010795","chr25","27664129","27664423","33","139346380"
"chr4","167163901","167164206","chr7","110468807","110469109","22","56695094"
"chr4","167166302","167166609","chr8","10801167","10801476","34","156365135"
"chr4","167168528","167168818","chr15","87765155","87765443","36","79403373"
"chr4","167178820","167179122","chr7","110485326","110485635","30","56693494"
"chr4","167229000","167229298","chr7","110534748","110535047","25","56694252"
"chr4","167238175","167238470","chr1","66542495","66542788","46","100695680"
"chr4","167266999","167267283","chr7","110571754","110572029","27","56695245"
"chr4","167448576","167448862","chrX","45759763","45760054","45","121688813"
"chr4","167481467","167481763","chr7","110778122","110778421","22","56703345"
"chr4","167586549","167586843","chr10","58244987","58245281","39","109341562"
"chr4","167769402","167769696","chr7","111060445","111060747","35","56708957"
"chr4","167804922","167805218","chr22","23148034","23148324","36","144656888"
"chr4","167808178","167808473","chr7","111104314","111104603","26","56703864"
"chr4","167848576","167848888","chr2","20411746","20412057","42","147436830"
"chr4","167863104","167863416","chr7","111157091","111157404","28","56706013"
"chr4","167885626","167885929","chr7","111176554","111176862","34","56709072"
"chr4","167887346","167887653","chr17","65106823","65107133","37","102780523"
"chr4","167897677","167897985","chr7","111188594","111188896","30","56709083"
"chr4","167913578","167913868","chr12","27056019","27056313","37","140857559"
"chr4","167932011","167932300","chr7","111221876","111222165","30","56710135"
"chr4","167942523","167942823","chr1","6871378","6871678","31","161071145"
"chr4","167956953","167957257","chr6","48054040","48054342","42","119902913"
"chr4","167958230","167958530","chr16","11518783","11519084","42","156439447"
"chr4","167960418","167960719","chr7","111250390","111250685","29","56710028"
"chr4","167967729","167968029","chr7","111255908","111256213","30","56711821"
"chr4","167970705","167971015","chr7","111258928","111259229","32","56711777"
"chr4","167971821","167972120","chr7","111260018","111260324","35","56711803"
"chr4","167972121","167972419","chr11","120526163","120526460","34","47445958"
"chr4","167988142","167988437","chr21","21958058","21958350","37","146030084"
"chr4","167998735","167998985","chr19","16571761","16572011","37","151426974"
"chr4","168010241","168010506","chr4","31229307","31229564","37","136780934"
"chr4","168027566","168027891","chr7","111367945","111368251","46","56659621"
"chr4","168041976","168042304","chr1","85842776","85843097","56","82199200"
"chr4","168045990","168046286","chr2","87753173","87753470","41","80292817"
"chr4","168064976","168065274","chr16","47407621","47407917","44","120657355"
"chr4","168077785","168078082","chr5","58648743","58649040","39","109429042"
"chr4","168081324","168081632","chr21","77083601","77083904","41","90997723"
"chr4","168086266","168086561","chr11","47438728","47439024","33","120647538"
"chr4","168105236","168105449","chr26","26207897","26208104","29","141897339"
"chr4","168107800","168108023","chr7","111413745","111413947","33","56694055"
"chr4","168108498","168108811","chr13","85691386","85691696","37","82417112"
"chr4","168122156","168122464","chr7","111432411","111432712","34","56689745"
"chr4","168134633","168134920","chr19","24923643","24923933","28","143210990"
"chr4","168150327","168150643","chr7","111456643","111456966","34","56693684"
"chr4","168152372","168152661","chr10","127193238","127193529","50","40959134"
"chr4","168161566","168161874","chr7","111466387","111466688","30","56695179"
"chr4","168165624","168165918","chr7","111470391","111470693","43","56695233"
"chr4","168170864","168171160","chr26","40302917","40303216","38","127867947"
"chr4","168174775","168175075","chr7","111478037","111478334","35","56696738"
"chr4","168187510","168187807","chr18","22096961","22097259","41","146090549"
"chr4","168194300","168194592","chr7","111497236","111497534","20","56697064"
"chr4","168195208","168195511","chr11","96978397","96978692","47","71216811"
"chr4","168197721","168198035","chr10","44028544","44028854","38","124169177"
"chr4","168206498","168206813","chr7","111508359","111508668","31","56698139"
"chr4","168208973","168209200","chr11","124263168","124263380","44","43945805"
"chr4","168256367","168256662","chr2","30923711","30924002","39","137332656"
"chr4","168261431","168261709","chr7","111567460","111567746","36","56693971"
"chr4","168309007","168309311","chr7","111614384","111614686","20","56694623"
"chr4","168346498","168346717","chr11","124263168","124263380","45","44083330"
"chr4","168356018","168356326","chr7","111661293","111661597","30","56694725"
"chr4","168405162","168405469","chr2","14523205","14523513","34","153881957"
"chr4","168433527","168433839","chr6","29842384","29842692","39","138591143"
"chr4","168473254","168473562","chr6","24285828","24286141","38","144187426"
"chr4","168475678","168475995","chr14","52223648","52223964","42","116252030"
"chr4","168521424","168521720","chr18","69021293","69021591","32","99500131"
"chr4","168567606","168567909","chr28","8340785","8341087","39","160226821"
"chr4","168571212","168571525","chr8","10801167","10801476","37","157770045"
"chr4","168577482","168577765","chr7","111880156","111880438","12","56697326"
"chr4","168583362","168583662","chr7","111886011","111886319","33","56697351"
"chr4","168589670","168589987","chr7","111892708","111893030","27","56696962"
"chr4","168596179","168596485","chr19","21336034","21336340","37","147260145"
"chr4","168646004","168646303","chr7","111942545","111942841","28","56703459"
"chr4","168748694","168748976","chr7","112043699","112043978","36","56704995"
"chr4","168772303","168772662","chr7","112066944","112067288","44","56705359"
"chr4","168829687","168829983","chr7","112125348","112125639","30","56704339"
"chr4","168880278","168880571","chr2","32946560","32946853","32","135933718"
"chr4","168926928","168927213","chrUn_KE147541v1","121663","121948","28","168805265"
"chr4","168954621","168954903","chr7","112244455","112244739","23","56710166"
"chr4","169007611","169007921","chr4","7285555","7285865","48","161722056"
"chr4","169071656","169071955","chrX_KE148108v1_random","1049178","1049478","44","168022478"
"chr4","169091823","169092144","chr7","112373102","112373403","43","56718721"
"chr4","169152645","169152951","chr7","112434407","112434711","35","56718238"
"chr4","169187575","169187865","chr7","112468098","112468401","33","56719477"
"chr4","169294618","169294869","chr16","7193790","7194053","47","162100828"
"chr4","169305965","169306255","chr7","112575871","112576162","29","56730094"
"chr4","169310681","169310957","chr29","3445685","3445965","49","165864996"
"chr4","169589492","169589800","chr26","24577418","24577720","48","145012074"
"chr4","169646661","169646929","chr12","106649674","106649939","41","62996987"
"chr4","169690568","169690870","chr14","95275059","95275360","35","74415509"
"chr4","170061484","170061764","chr23","41856096","41856380","31","128205388"
"chr4","170063793","170064086","chr5","17855633","17855925","39","152208160"
"chr4","170090229","170090519","chr7","113245271","113245579","42","56844958"
"chr4","170103760","170104070","chr7","113258741","113259052","36","56845019"
"chr4","170135799","170136117","chr6","41446259","41446569","52","128689540"
"chr4","170150745","170151039","chr7","113307978","113308263","37","56842767"
"chr4","170187167","170187483","chr7","113345243","113345548","32","56841924"
"chr4","170264534","170264833","chr11","96978397","96978692","33","73286137"
"chr4","170292898","170293186","chr7","113454261","113454565","43","56838637"
"chr4","170386385","170386692","chr7","113543747","113544053","38","56842638"
"chr4","170485165","170485459","chr1","17476199","17476497","41","153008966"
"chr4","170565825","170566101","chr7","113715193","113715463","49","56850632"
"chr4","170736757","170736983","chr20","124415167","124415386","27","46321590"
"chr4","170743150","170743470","chr7","113906088","113906402","29","56837062"
"chr4","170770015","170770296","chr7","113929328","113929609","23","56840687"
"chr4","170777789","170778098","chr7","113937049","113937341","39","56840740"
"chr4","170878219","170878507","chr16","58602653","58602942","51","112275566"
"chr4","170974052","170974322","chr7","114111379","114111649","24","56862673"
"chr4","170997311","170997610","chr5","72944814","72945114","35","98052497"
"chr4","171092170","171092466","chr7","114205602","114205895","25","56886568"
"chr4","171096748","171097047","chr24","81680867","81681163","49","89415881"
"chr4","171193659","171193937","chr1","116367582","116367867","35","54826077"
"chr4","171218723","171218960","chr9","61704066","61704306","39","109514657"
"chr4","171243653","171243929","chr7","114345941","114346220","37","56897712"
"chr4","171350672","171350962","chr5","19189249","19189541","35","152161423"
"chr4","171439176","171439485","chr7","114529605","114529916","21","56909571"
"chr4","171460886","171461189","chr7","114551399","114551696","30","56909487"
"chr4","171485804","171486085","chr7","114576685","114576953","30","56909119"
"chr4","171495529","171495847","chr19","9514256","9514567","42","161981273"
"chr4","171596637","171596943","chr7","114680102","114680412","28","56916535"
"chr4","171600317","171600562","chr9","61704066","61704306","42","109896251"
"chr4","171634237","171634546","chr8","10801167","10801476","39","160833070"
"chr4","171685517","171685820","chr16","45636697","45636993","39","126048820"
"chr4","171760109","171760409","chrX","43907476","43907773","37","127852633"
"chr4","171809333","171809634","chr4","31876349","31876651","40","139932984"
"chr4","171816488","171816785","chr7","114890387","114890689","31","56926101"
"chr4","171821568","171821877","chr18","32657487","32657794","34","139164081"
"chr4","171863488","171863792","chr7","114935971","114936263","42","56927517"
"chr4","171873104","171873400","chr16","64451532","64451827","36","107421572"
"chr4","171896669","171896978","chr20_KE148049v1_random","745327","745636","38","171151342"
"chr4","171947502","171947807","chr7","115015069","115015382","35","56932433"
"chr4","171957408","171957715","chr7","115025243","115025533","30","56932165"
"chr4","171987856","171988160","chr14","15712042","15712344","36","156275814"
"chr4","172008023","172008326","chr2","26474324","26474631","31","145533699"
"chr4","172068078","172068376","chr25","78856788","78857085","33","93211290"
"chr4","172083773","172084051","chr16","10002629","10002907","41","162081144"
"chr4","172098137","172098437","chr7","115164106","115164412","17","56934031"
"chr4","172137369","172137600","chr13","87477536","87477767","30","84659833"
"chr4","172140932","172141222","chr6","33908236","33908526","33","138232696"
"chr4","172231723","172231890","chr16","33632578","33632741","27","138599145"
"chr4","172238574","172238885","chr7","115282515","115282825","23","56956059"
"chr4","172241290","172241592","chr7","115285226","115285534","32","56956064"
"chr4","172247596","172247899","chr7","115291178","115291474","26","56956418"
"chr4","172248100","172248364","chr8","7999730","8000000","31","164248370"
"chr4","172254168","172254433","chr7","115297687","115297968","41","56956481"
"chr4","172262646","172262937","chr7","115305408","115305698","17","56957238"
"chr4","172266808","172267162","chr1","6927410","6927780","66","165339398"
"chr4","172271624","172271932","chr18","17039455","17039764","36","155232169"
"chr4","172279327","172279638","chr7","115321344","115321656","22","56957983"
"chr4","172300048","172300233","chrX","45536768","45536957","30","126763280"
"chr4","172372057","172372354","chr7","115414701","115414994","37","56957356"
"chr4","172377063","172377340","chr7","115419590","115419853","45","56957473"
"chr4","172390966","172391249","chr16","72650947","72651238","43","99740019"
"chr4","172415746","172416033","chr7","115458056","115458342","23","56957690"
"chr4","172426514","172426816","chr7","115466739","115467034","22","56959775"
"chr4","172456522","172456823","chr7","115495931","115496227","37","56960591"
"chr4","172468223","172468527","chr7","115507276","115507581","28","56960947"
"chr4","172484856","172485143","chr12","9103629","9103925","39","163381227"
"chr4","172487036","172487334","chr7","115525769","115526064","22","56961267"
"chr4","172503404","172503698","chr11","96978397","96978692","34","75525007"
"chr4","172505825","172506127","chr7","115547074","115547369","32","56958751"
"chr4","172524620","172524918","chr3","59873792","59874090","42","112650828"
"chr4","172531834","172532141","chr7","115570162","115570467","22","56961672"
"chr4","172547741","172548043","chr7","115586125","115586433","28","56961616"
"chr4","172577899","172578198","chr11","128341401","128341698","37","44236498"
"chr4","172608995","172609284","chr7","115642543","115642831","24","56966452"
"chr4","172628346","172628629","chr11","120526163","120526460","48","52102183"
"chr4","172739040","172739305","chr6","4020111","4020373","41","168718929"
"chr4","172779634","172779921","chr7","115797540","115797825","21","56982094"
"chr4","172821652","172821973","chr13","90969989","90970309","59","81851663"
"chr4","172822816","172823123","chr7","115837443","115837755","36","56985373"
"chr4","172845647","172845957","chr7","115860022","115860331","32","56985625"
"chr4","172929461","172929668","chr20","129587578","129587788","21","43341883"
"chr4","172963827","172964136","chr7","115979390","115979698","25","56984437"
"chr4","172965685","172965977","chr7","115981277","115981560","29","56984408"
"chr4","172970178","172970488","chr16","48902177","48902479","45","124068001"
"chr4","172990199","172990510","chr7","116013353","116013646","32","56976846"
"chr4","172995716","172995990","chr7","116018863","116019149","43","56976853"
"chr4","173042757","173043060","chr7","116050582","116050889","34","56992175"
"chr4","173043427","173043740","chr17","19797186","19797495","43","153246241"
"chr4","173070165","173070469","chrX","23730377","23730681","34","149339788"
"chr4","173075254","173075563","chr3","9026672","9026974","30","164048582"
"chr4","173095775","173096068","chr3","22017071","22017369","54","151078704"
"chr4","173101916","173102207","chr7","116109280","116109578","33","56992636"
"chr4","173121336","173121635","chr18","69021293","69021591","34","104100043"
"chr4","173127397","173127479","chr2","74847633","74847714","25","98279764"
"chr4","173144892","173145170","chrX","1961027","1961305","35","171183865"
"chr4","173164737","173165027","chr7","116171889","116172182","41","56992848"
"chr4","173182567","173182874","chrX","45255215","45255519","32","127927352"
"chr4","173183415","173183723","chr14","77313392","77313701","40","95870023"
"chr4","173185450","173185621","chr7","116189550","116189715","13","56995900"
"chr4","173187605","173187917","chr11","2853447","2853759","32","170334158"
"chr4","173188197","173188357","chr12","852993","853156","28","172335204"
"chr4","173211147","173211440","chr4","32226963","32227256","30","140984184"
"chr4","173249364","173249662","chr7","116252114","116252411","26","56997250"
"chr4","173296877","173297150","chrX","28963101","28963370","46","144333776"
"chr4","173340992","173341301","chr11","116561648","116561954","38","56779344"
"chr4","173569973","173570277","chr7","116540311","116540614","21","57029662"
"chr4","173662212","173662457","chr7","116610675","116610927","24","57051537"
"chr4","173927070","173927365","chr1","9508026","9508320","45","164419044"
"chr4","174185579","174185874","chr5","35843820","35844117","37","138341759"
"chr4","174194026","174194321","chr7","117078239","117078553","46","57115787"
"chr4","174217941","174218189","chr7","117102647","117102901","40","57115294"
"chr4","174294752","174295062","chr13","45171921","45172226","41","129122831"
"chr4","174338799","174339108","chr11","77861122","77861431","40","96477677"
"chr4","174639080","174639384","chr2","12466777","12467082","35","162172303"
"chr4","174646912","174647216","chr7","115282515","115282825","35","59364397"
"chr4","174705291","174705595","chr7","117586324","117586620","40","57118967"
"chr4","174714399","174714703","chr5","58739642","58739943","42","115974757"
"chr4","174751645","174751876","chr9","15702911","15703135","57","159048734"
"chr4","174757264","174757577","chr25","25629089","25629399","37","149128175"
"chr4","174765492","174765762","chrX","1961027","1961305","42","172804465"
"chr4","174768932","174769239","chr7","117654522","117654813","42","57114410"
"chr4","174822251","174822561","chr24","27204114","27204423","40","147618137"
"chr4","174853640","174853926","chr7","117748940","117749226","32","57104700"
"chr4","174885277","174885581","chr8","39370799","39371107","46","135514478"
"chr4","174967505","174967817","chr7","117889916","117890225","34","57077589"
"chr4","174977387","174977674","chr6","42162999","42163288","37","132814388"
"chr4","175073359","175073662","chr7","117997789","117998096","30","57075570"
"chr4","175075872","175076164","chr26","26878534","26878831","51","148197338"
"chr4","175149183","175149471","chr11","118168788","118169077","31","56980395"
"chr4","175298902","175299207","chr9","63043615","63043926","53","112255287"
"chr4","175343939","175344236","chr9","61494954","61495255","44","113848985"
"chr4","175483933","175484227","chr7","118399189","118399470","34","57084744"
"chr4","175509321","175509622","chr20","101069011","101069309","37","74440310"
"chr4","175520300","175520612","chr9","16801326","16801633","41","158718974"
"chr4","175528910","175529223","chr20","105607435","105607747","32","69921475"
"chr4","175977013","175977310","chr7","118874915","118875213","28","57102098"
"chr4","176026532","176026841","chr7","118924869","118925177","32","57101663"
"chr4","176035509","176035813","chr17","56616110","56616407","39","119419399"
"chr4","176046604","176046913","chr12","46549426","46549730","36","129497178"
"chr4","176110763","176111073","chr7","119008611","119008910","36","57102152"
"chr4","176144751","176145058","chr8","48698345","48698653","41","127446406"
"chr4","176200065","176200346","chr5","102567","102846","46","176097498"
"chr4","176243985","176244262","chr25","42774885","42775167","44","133469100"
"chr4","176299769","176300037","chr7","119191744","119192012","21","57108025"
"chr4","176315499","176315791","chr7","119206357","119206652","24","57109142"
"chr4","176334908","176335207","chrX","14259446","14259748","38","162075462"
"chr4","176367408","176367697","chr7","119254059","119254354","23","57113349"
"chr4","176372530","176372823","chr3","6629124","6629426","35","169743406"
"chr4","176378865","176379163","chr7","119265899","119266202","32","57112966"
"chr4","176380122","176380405","chr2","36366559","36366842","35","140013563"
"chr4","176420569","176420866","chr7","119306409","119306705","21","57114160"
"chr4","176446764","176446977","chr24","75628397","75628610","31","100818367"
"chr4","176484063","176484368","chr7","119367994","119368305","32","57116069"
"chr4","176507754","176508042","chr7","119391986","119392276","38","57115768"
"chr4","176536832","176537118","chr7","119421541","119421829","18","57115291"
"chr4","176551947","176552251","chrX","125148829","125149131","35","51403118"
"chr4","176596716","176597013","chr21","90069260","90069557","36","86527456"
"chr4","176631219","176631537","chr2","72792142","72792455","46","103839077"
"chr4","176723288","176723602","chr14","53996336","53996640","36","122726952"
"chr4","176732825","176733136","chr7","119616866","119617175","30","57115959"
"chr4","176736619","176736930","chr11","47438728","47439024","51","129297891"
"chr4","176794587","176794878","chr7","119676922","119677217","27","57117665"
"chr4","176956298","176956585","chr7","119823804","119824106","42","57132494"
"chr4","177244314","177244599","chr7","120099391","120099679","40","57144923"
"chr4","177308984","177309197","chr7","120163469","120163682","12","57145515"
"chr4","177317166","177317479","chr12","99006588","99006898","38","78310578"
"chr4","177393636","177393932","chr29","4391784","4392082","31","173001852"
"chr4","177425042","177425347","chr7","120285482","120285785","31","57139560"
"chr4","177441164","177441488","chr7","120302018","120302339","26","57139146"
"chr4","177523475","177523763","chr7","120393446","120393734","26","57130029"
"chr4","177559742","177560034","chr7","120434152","120434440","28","57125590"
"chr4","177577966","177578228","chr20","101642671","101642937","38","75935295"
"chr4","177579409","177579650","chr20","118777080","118777313","35","58802329"
"chr4","177583665","177583967","chr13","85970810","85971109","31","91612855"
"chr4","177598632","177598926","chr21","109745800","109746094","35","67852832"
"chr4","177607665","177607946","chr7","120485525","120485809","29","57122140"
"chr4","177674518","177674692","chrX","116310649","116310799","45","61363869"
"chr4","177675394","177675692","chr7","120540879","120541177","28","57134515"
"chr4","177701107","177701409","chr7","120566032","120566340","37","57135075"
"chr4","177711517","177711809","chr7","120577520","120577816","26","57133997"
"chr4","177712986","177713289","chr20","9169732","9170041","42","168543254"
"chr4","177813202","177813510","chr7","120672629","120672932","35","57140573"
"chr4","177836477","177836777","chr7","120695149","120695450","35","57141328"
"chr4","177838229","177838510","chr5","35513153","35513433","39","142325076"
"chr4","177850192","177850506","chr14","2455247","2455558","57","175394945"
"chr4","177873636","177873944","chr14","59464027","59464336","38","118409609"
"chr4","177879110","177879422","chr7","120734585","120734893","29","57144525"
"chr4","177887993","177888292","chr7","120743490","120743802","39","57144503"
"chr4","177925632","177925944","chr20","105692436","105692747","50","72233196"
"chr4","177972510","177972814","chr12","6579581","6579881","55","171392929"
"chr4","177998756","177998995","chr3","8269591","8269837","43","169729165"
"chr4","178109026","178109304","chr7","120957396","120957671","27","57151630"
"chr4","178120392","178120715","chr5","19924169","19924491","41","158196223"
"chr4","178122438","178122738","chr5","28367381","28367689","41","149755057"
"chr4","178336811","178337077","chr10","94156257","94156526","37","84180554"
"chr4","178429002","178429294","chr7","121302053","121302341","27","57126949"
"chr4","178482390","178482698","chrX","46241325","46241636","40","132241065"
"chr4","178488526","178488827","chr6","10201242","10201547","44","168287284"
"chr4","178490924","178491240","chr7","121363788","121364106","32","57127136"
"chr4","178518710","178519029","chr8","43678485","43678804","41","134840225"
"chr4","178559869","178560195","chr3","12309911","12310239","42","166249958"
"chr4","178651360","178651640","chr14","45404891","45405174","39","133246469"
"chr4","178831877","178832185","chr15","52290986","52291285","42","126540891"
"chr4","178857094","178857391","chr14","83453212","83453508","41","95403882"
"chr4","178860248","178860534","chr7","121726613","121726902","24","57133635"
"chr4","178874501","178874809","chr5","43308878","43309187","51","135565623"
"chr4","178876688","178876892","chr21","120460150","120460355","30","58416538"
"chr4","178881331","178881627","chr18","22096961","22097259","33","156784370"
"chr4","178886296","178886597","chr28","19188684","19188984","30","159697612"
"chr4","178933249","178933538","chr12","8362268","8362558","35","170570981"
"chr4","178939504","178939792","chrX","45099535","45099820","37","133839969"
"chr4","178981929","178982235","chr7","121848759","121849068","18","57133170"
"chr4","178984094","178984396","chrX","14259446","14259748","37","164724648"
"chr4","178995387","178995686","chr7","121862479","121862776","33","57132908"
"chr4","179070290","179070360","chr22","18990534","18990602","21","160079756"
"chr4","179084020","179084314","chr7","115570162","115570467","50","63513858"
"chr4","179090308","179090614","chr7","121953765","121954059","38","57136543"
"chr4","179104104","179104391","chr7","121964109","121964393","25","57139995"
"chr4","179119539","179119844","chr13","39203354","39203664","43","139916185"
"chr4","179121134","179121434","chr7","121980887","121981198","36","57140247"
"chr4","179134805","179135088","chr7","121994957","121995223","39","57139848"
"chr4","179144061","179144380","chr7","122005401","122005706","35","57138660"
"chr4","179175981","179176292","chr7","122037396","122037706","41","57138585"
"chr4","179192074","179192402","chr5","56215675","56215986","60","122976399"
"chr4","179260227","179260517","chr7","122127966","122128268","39","57132261"
"chr4","179273537","179273823","chr7","16305282","16305574","55","162968255"
"chr4","179370696","179371005","chr9","68306783","68307092","31","111063913"
"chr4","179404232","179404534","chr26","2668803","2669103","36","176735429"
"chr4","179417093","179417391","chr7","122279128","122279435","39","57137965"
"chr4","179427810","179428037","chr6","27447308","27447543","51","151980502"
"chr4","179446115","179446405","chr16","43962748","43963037","38","135483367"
"chr4","179491887","179492036","chr10","82920239","82920369","44","96571648"
"chr4","179539794","179540105","chr21","124655752","124656055","39","54884042"
"chr4","179569996","179570304","chr22","48540090","48540395","39","131029906"
"chr4","179587611","179587898","chr7","111815549","111815836","30","67772062"
"chr4","179602112","179602403","chr3","30894413","30894707","32","148707699"
"chr4","179625735","179626042","chr7","122491365","122491679","32","57134370"
"chr4","179811789","179812062","chr7","122682452","122682736","37","57129337"
"chr4","179849069","179849329","chr7","122717062","122717321","33","57132007"
"chr4","179869039","179869321","chr1","3922518","3922802","38","175946521"
"chr4","179875924","179876218","chr7","122749457","122749750","38","57126467"
"chr4","179926943","179927262","chr19","18593726","18594038","40","161333217"
"chr4","179953920","179954080","chr9","57624793","57624958","30","122329127"
"chr4","180053165","180053478","chr7","122922879","122923191","30","57130286"
"chr4","180057489","180057800","chr6","15813882","15814194","38","164243607"
"chr4","180104694","180104971","chr7","122980119","122980395","24","57124575"
"chr4","180181361","180181668","chr17","29971396","29971707","38","150209965"
"chr4","180241957","180242249","chr7","129715655","129715943","48","50526302"
"chr4","180243960","180244281","chr11","120677479","120677799","34","59566481"
"chr4","180415444","180415740","chr3","78270252","78270545","28","102145192"
"chr4","180456914","180457205","chr7","123314610","123314901","28","57142304"
"chr4","180493678","180493987","chr2","60500472","60500783","39","119993206"
"chr4","180503894","180504102","chr28","2045766","2045978","25","178458128"
"chr4","180532203","180532490","chr7","123385362","123385663","38","57146841"
"chr4","180553056","180553350","chr7","37298478","37298772","33","143254578"
"chr4","180553907","180554161","chr5","60403345","60403611","39","120150562"
"chr4","180576207","180576507","chr7","123430133","123430436","33","57146074"
"chr4","180590797","180591105","chr5","22530212","22530512","37","158060585"
"chr4","180605200","180605502","chr28","19188684","19188984","32","161416516"
"chr4","180613285","180613578","chr28","3665261","3665551","32","176948024"
"chr4","180664688","180664986","chr7","123519460","123519759","31","57145228"
"chr4","180693298","180693609","chr7","123546410","123546701","41","57146888"
"chr4","180714846","180715147","chr16","4654754","4655057","41","176060092"
"chr4","180725913","180726219","chr7","123579440","123579737","33","57146473"
"chr4","180753469","180753778","chr7","123606500","123606807","22","57146969"
"chr4","180794942","180795253","chr18","17039455","17039764","24","163755487"
"chr4","180806338","180806645","chr18","17039455","17039764","26","163766883"
"chr4","180860910","180861213","chr14","35999660","35999965","36","144861250"
"chr4","180888793","180889103","chr20","93559776","93560084","40","87329017"
"chr4","180952080","180952386","chr7","123793244","123793523","47","57158836"
"chr4","180970746","180971031","chr20","42401630","42401916","42","138569116"
"chr4","180971343","180971647","chr11","1437245","1437551","40","179534098"
"chr4","180976106","180976317","chr17","38823537","38823742","39","142152569"
"chr4","180983432","180983740","chr13","45171921","45172226","35","135811511"
"chr4","181046412","181046726","chr11","125459456","125459759","38","55586956"
"chr4","181077616","181077898","chr7","123922647","123922954","41","57154969"
"chr4","181078600","181078892","chr7","123923675","123923964","27","57154925"
"chr4","181079086","181079390","chr7","123924158","123924450","38","57154928"
"chr4","181144551","181144841","chr23","70341228","70341515","27","110803323"
"chr4","181189234","181189445","chr11","107046441","107046654","32","74142793"
"chr4","181230052","181230216","chr7","124062648","124062807","23","57167404"
"chr4","181238789","181239083","chr1","80829540","80829834","33","100409249"
"chr4","181359098","181359323","chr11","124263168","124263380","48","57095930"
"chr4","181426352","181426664","chr8","10801167","10801476","48","170625185"
"chr4","181436305","181436566","chr7","124250338","124250595","27","57185967"
"chr4","181446814","181447099","chrX","63893827","63894117","48","117552987"
"chr4","181491997","181492286","chr23","77066309","77066595","37","104425688"
"chr4","181553647","181553921","chr7","130137086","130137351","51","51416561"
"chr4","181565392","181565674","chr5","18721938","18722228","41","162843454"
"chr4","181633732","181634028","chr7","124292984","124293279","37","57340748"
"chr4","181715868","181716084","chr9","38773083","38773296","29","142942785"
"chr4","181738780","181739049","chr10","126340799","126341073","29","55397981"
"chr4","181744977","181745203","chr13","83988588","83988810","53","97756389"
"chr4","181813228","181813524","chr7","124595012","124595308","21","57218216"
"chr4","181835970","181836265","chr29","2679189","2679482","36","179156781"
"chr4","181862406","181862718","chr6","46305686","46305995","40","135556720"
"chr4","181926056","181926361","chr7","124703492","124703793","32","57222564"
"chr4","181975399","181975681","chr7","124752875","124753157","25","57222524"
"chr4","181981081","181981408","chr9","52123142","52123450","57","129857939"
"chr4","182002073","182002300","chr20","124415167","124415386","40","57586906"
"chr4","182043879","182044185","chr7","124827729","124828009","47","57216150"
"chr4","182057047","182057345","chr11","96978397","96978692","40","85078650"
"chr4","182085456","182085756","chr12","25049815","25050117","36","157035641"
"chr4","182103528","182103832","chr16","1500260","1500560","43","180603268"
"chr4","182114718","182114962","chr7","124900126","124900369","19","57214592"
"chr4","182140888","182141178","chr12","43242785","43243078","52","138898103"
"chr4","182211579","182211732","chr10","113328543","113328693","27","68883036"
"chr4","182215279","182215500","chr20","124415167","124415386","22","57800112"
"chr4","182227276","182227581","chr2","5914047","5914349","34","176313229"
"chr4","182250902","182251166","chr16","24316820","24317082","39","157934082"
"chr4","182287015","182287302","chr16","58827899","58828190","34","123459116"
"chr4","182302055","182302355","chr7","125073713","125074019","36","57228342"
"chr4","182330926","182331214","chr1","8238607","8238892","51","174092319"
"chr4","182337939","182338229","chrX","38341389","38341678","37","143996550"
"chr4","182466706","182466988","chr7","125217533","125217814","34","57249173"
"chr4","182518615","182518922","chr8","35854442","35854754","35","146664173"
"chr4","182622693","182622989","chr2","36216036","36216332","41","146406657"
"chr4","182665904","182666236","chr21","122083415","122083744","44","60582489"
"chr4","182670469","182670776","chr4","73115668","73115971","38","109554801"
"chr4","182775375","182775677","chr7","125510545","125510853","34","57264830"
"chr4","182804680","182804969","chr7","125540233","125540521","34","57264447"
"chr4","182813515","182813818","chr22","46152766","46153066","41","136660749"
"chr4","182861744","182862026","chr7","125594825","125595109","23","57266919"
"chr4","182897190","182897496","chr7","125631151","125631456","31","57266039"
"chr4","182950762","182951058","chr15","35028822","35029119","40","147921940"
"chr4","182956971","182957281","chr6","14786220","14786531","34","168170751"
"chr4","183060941","183061214","chr14","38982785","38983061","40","144078156"
"chr4","183100937","183101245","chr7","20905717","20906021","43","162195220"
"chr4","183149070","183149377","chr16","57720877","57721180","39","125428193"
"chr4","183179204","183179494","chr2","57329121","57329416","38","125850083"
"chr4","183190204","183190516","chr8","48698345","48698653","39","134491859"
"chr4","183214944","183215255","chr8","10801167","10801476","49","172413777"
"chr4","183285460","183285674","chr9","31279771","31279977","36","152005689"
"chr4","183320814","183321131","chr7","126034559","126034858","44","57286255"
"chr4","183369750","183370018","chr14","4468300","4468565","30","178901450"
"chr4","183507625","183507932","chr18","17039455","17039764","41","166468170"
"chr4","183550112","183550401","chr11","96978397","96978692","38","86571715"
"chr4","183555097","183555406","chr17","29971396","29971707","34","153583701"
"chr4","183575307","183575599","chr7","126282464","126282761","39","57292843"
"chr4","183634132","183634437","chr8","7114217","7114516","43","176519915"
"chr4","183695159","183695461","chr1","17699624","17699919","35","165995535"
"chr4","183708028","183708356","chr6","32565475","32565783","66","151142553"
"chr4","183790471","183790787","chr16","6770929","6771247","43","177019542"
"chr4","183802962","183803258","chr7","126512912","126513198","38","57290050"
"chr4","183910065","183910340","chr20","112203077","112203351","32","71706988"
"chr4","183925450","183925746","chr9","33958924","33959219","36","149966526"
"chr4","183934699","183934985","chr7","126646137","126646417","40","57288562"
"chr4","183947523","183947838","chr7","126659122","126659432","32","57288401"
"chr4","183953967","183954255","chr11","100482858","100483146","39","83471109"
"chr4","183984198","183984516","chr7","126695603","126695907","34","57288595"
"chr4","184015536","184015834","chr7","126728182","126728484","30","57287354"
"chr4","184037003","184037307","chr11","126245865","126246169","40","57791138"
"chr4","184115679","184115976","chr12","82795515","82795814","26","101320164"
"chr4","184291883","184292186","chr1","6871378","6871678","38","177420505"
"chr4","184397583","184397837","chr15","19656371","19656623","39","164741212"
"chr4","184404659","184404937","chr7","127112688","127112956","40","57291971"
"chr4","184443193","184443481","chr7","127144749","127145033","29","57298444"
"chr4","184607471","184607791","chr7","127307561","127307864","41","57299910"
"chr4","184672022","184672335","chr7","127372577","127372880","46","57299445"
"chr4","184675988","184676300","chr7","127372577","127372880","40","57303411"
"chr4","184695649","184695914","chr15","34146112","34146374","31","150549537"
"chr4","184705080","184705393","chr7","127401744","127402050","32","57303336"
"chr4","184705616","184705914","chr21","18072448","18072735","36","166633168"
"chr4","184708846","184709151","chr27","2080306","2080613","37","182628540"
"chr4","184737078","184737373","chr7","127432236","127432532","25","57304842"
"chr4","184743077","184743328","chr16","31906139","31906391","39","152836938"
"chr4","184749810","184750125","chrX","59470815","59471127","42","125278995"
"chr4","184774758","184775073","chr7","127464846","127465158","41","57309912"
"chr4","184792549","184792844","chr7","127482346","127482640","47","57310203"
"chr4","184851397","184851676","chr5","24986485","24986779","54","159864912"
"chr4","184908837","184909145","chr5","26410686","26410992","40","158498151"
"chr4","184909621","184909819","chr7","127601188","127601364","35","57308433"
"chr4","184949395","184949707","chr13","14109277","14109590","41","170840118"
"chr4","184992286","184992590","chr28","19188684","19188984","42","165803602"
"chr4","185079667","185079948","chr7","127766742","127767034","37","57312925"
"chr4","185127083","185127379","chr16","72650947","72651238","40","112476136"
"chr4","185214966","185215264","chr7","127900257","127900558","25","57314709"
"chr4","185233753","185234013","chr7","127919522","127919779","37","57314231"
"chr4","185244852","185245159","chr7","127930106","127930397","39","57314746"
"chr4","185347639","185347937","chr7","128025949","128026252","31","57321690"
"chr4","185363699","185363989","chr1","9922951","9923243","28","175440748"
"chr4","185382648","185382937","chr7","128055648","128055937","30","57327000"
"chr4","185436951","185437261","chr17","59119110","59119421","37","126317841"
"chr4","185544718","185545025","chr19","32964693","32965003","30","152580025"
"chr4","185546648","185546950","chr3","9026672","9026974","38","176519976"
"chr4","185547795","185548091","chr16","63342069","63342361","36","122205726"
"chr4","185562192","185562492","chr7","128407440","128407747","29","57154752"
"chr4","185566789","185567087","chr7","128243148","128243437","34","57323641"
"chr4","185622958","185623259","chr20","92192486","92192788","39","93430472"
"chr4","185649179","185649463","chr23","70341228","70341515","38","115307951"
"chr4","185656034","185656339","chr13","45171921","45172226","31","140484113"
"chr4","185660229","185660536","chr5","59743438","59743749","33","125916791"
"chr4","185697417","185697717","chr14","14997912","14998214","42","170699505"
"chr4","185705170","185705472","chr7","128374206","128374504","36","57330964"
"chr4","185706955","185707251","chr10","36804532","36804826","38","148902423"
"chr4","185713160","185713463","chr7","128381552","128381851","38","57331608"
"chr4","185724597","185724894","chr7","128392568","128392860","29","57332029"
"chr4","185725171","185725337","chr25","49431765","49431931","18","136293406"
"chr4","185733936","185734240","chr7","128400897","128401194","35","57333039"
"chr4","185759338","185759649","chr1","93629487","93629798","46","92129851"
"chr4","185761950","185762239","chr2","58338718","58339014","37","127423232"
"chr4","185765096","185765392","chr5","52377560","52377855","37","133387536"
"chr4","185790434","185790685","chr5","26515660","26515916","36","159274774"
"chr4","185792060","185792351","chr7","128459569","128459859","28","57332491"
"chr4","185871992","185872261","chr7","128541992","128542256","22","57330000"
"chr4","185901605","185901891","chr10","120386362","120386645","30","65515243"
"chr4","185911558","185911866","chr7","128578777","128579080","34","57332781"
"chr4","185914742","185915039","chr14","69044524","69044823","35","116870218"
"chr4","185936321","185936627","chr20_KE148049v1_random","803204","803511","30","185133117"
"chr4","185942070","185942378","chr2","5914047","5914349","39","180028023"
"chr4","185976362","185976645","chr7","128645338","128645621","33","57331024"
"chr4","185978183","185978480","chr22","18141424","18141720","42","167836759"
"chr4","186023992","186024259","chrX","32929430","32929696","40","153094562"
"chr4","186056269","186056582","chr7","128724196","128724510","26","57332073"
"chr4","186057850","186058145","chr7","128725773","128726066","32","57332077"
"chr4","186058535","186058830","chrX","62062821","62063125","43","123995714"
"chr4","186071481","186071784","chr7","128739544","128739848","18","57331937"
"chr4","186100349","186100649","chr1","32081424","32081721","40","154018925"
"chr4","186106297","186106595","chr7","128774533","128774838","32","57331764"
"chr4","186148905","186149208","chr20","122358024","122358323","37","63790881"
"chr4","186177591","186177898","chr7","128836062","128836362","36","57341529"
"chr4","186191966","186192276","chr7","128848148","128848452","35","57343818"
"chr4","186241761","186242072","chr20","102069946","102070249","36","84171815"
"chr4","186259558","186259825","chrX_KE148108v1_random","2654798","2655065","45","183604760"
"chr4","186268255","186268564","chr18","48815029","48815336","29","137453226"
"chr4","186276968","186277257","chr6","6466314","6466602","29","179810654"
"chr4","186280294","186280586","chr19","30057411","30057704","39","156222883"
"chr4","186309389","186309697","chr6","33162057","33162362","36","153147332"
"chr4","186311650","186311957","chr3","30508817","30509125","44","155802833"
"chr4","186343931","186344226","chr20","77903993","77904291","34","108439938"
"chr4","186346716","186347014","chr7","129741972","129742271","33","56604744"
"chr4","186348516","186348811","chr7","129004936","129005229","31","57343580"
"chr4","186368475","186368768","chrX","105325385","105325681","35","81043090"
"chr4","186378452","186378755","chr7","129031845","129032151","23","57346607"
"chr4","186402693","186402981","chr1","92470778","92471071","43","93931915"
"chr4","186419376","186419670","chr6","47863392","47863685","29","138555984"
"chr4","186419959","186420280","chr3","2575017","2575334","48","183844942"
"chr4","186422817","186423122","chr7","129071270","129071575","24","57351547"
"chr4","186430407","186430702","chr12","98978576","98978875","42","87451831"
"chr4","186431236","186431450","chr5","59141388","59141599","30","127289848"
"chr4","186444400","186444696","chr1","15544753","15545047","24","170899647"
"chr4","186461366","186461667","chrX_KE148108v1_random","1049178","1049478","31","185412188"
"chr4","186480517","186480823","chr1","66522743","66523049","38","119957774"
"chr4","186504121","186504436","chr7","129150471","129150783","33","57353650"
"chr4","186517068","186517374","chr7","129165058","129165355","32","57352010"
"chr4","186517945","186518259","chr7","129166082","129166385","47","57351863"
"chr4","186552470","186552792","chr25","25629089","25629399","52","160923381"
"chr4","186567802","186568112","chr7","129215158","129215468","31","57352644"
"chr4","186667096","186667379","chr7","129319984","129320254","33","57347112"
"chr4","186678638","186678942","chr7","51350333","51350640","39","135328305"
"chr4","186685610","186685900","chr11","603615","603907","34","186081995"
"chr4","186710157","186710470","chr21","126625473","126625781","40","60084684"
"chr4","186713834","186714142","chr7","129376374","129376678","41","57337460"
"chr4","186725052","186725302","chr9","57317846","57318089","36","129407206"
"chr4","186753602","186753882","chr7","129412363","129412639","29","57341239"
"chr4","186754347","186754647","chr5","22530212","22530512","30","164224135"
"chr4","186764911","186765213","chr15","5470842","5471148","32","181294069"
"chr4","186784148","186784453","chr7","129442857","129443160","29","57341291"
"chr4","186795964","186796272","chrX","46285407","46285716","40","140510557"
"chr4","186811683","186811909","chr7","129469304","129469535","42","57342379"
"chr4","186812009","186812298","chr16","17279990","17280279","32","169532019"
"chr4","186814500","186814790","chr8","14990562","14990852","39","171823938"
"chr4","186815901","186816198","chr7","129473249","129473549","26","57342652"
"chr4","186822840","186823141","chr7","129479915","129480207","34","57342925"
"chr4","186833162","186833445","chr7","129490043","129490325","24","57343119"
"chr4","186849042","186849349","chr27","2080306","2080613","36","184768736"
"chr4","186859323","186859606","chr1","103424329","103424611","38","83434994"
"chr4","186870686","186870996","chr14","68194078","68194386","44","118676608"
"chr4","186882663","186882959","chr22","46244347","46244641","35","140638316"
"chr4","186891923","186892224","chr7","129544264","129544569","31","57347659"
"chr4","186917031","186917330","chr7","129568516","129568799","34","57348515"
"chr4","186928444","186928747","chr2","5914047","5914349","33","181014397"
"chr4","186931728","186932023","chr4","17013256","17013552","35","169918472"
"chr4","186934182","186934485","chr11","35570300","35570602","44","151363882"
"chr4","186937912","186938218","chr5","51927058","51927360","46","135010854"
"chr4","186953553","186953857","chr7","129606577","129606882","33","57346976"
"chr4","186954440","186954739","chr7","129607468","129607765","29","57346972"
"chr4","186955503","186955806","chr7","129608529","129608839","34","57346974"
"chr4","186979381","186979667","chr7","111567460","111567746","31","75411921"
"chr4","187013220","187013513","chr6","50066742","50067036","40","136946478"
"chr4","187050512","187050774","chr24","42488763","42489028","41","144561749"
"chr4","187053189","187053481","chr7","129698205","129698510","44","57354984"
"chr4","187067292","187067604","chr7","129709531","129709843","32","57357761"
"chr4","187075131","187075408","chr7","129715655","129715943","25","57359476"
"chr4","187079396","187079703","chr7","129719313","129719618","33","57360083"
"chr4","187081930","187082229","chr7","129722156","129722451","34","57359774"
"chr4","187088202","187088502","chr7","129728832","129729127","31","57359370"
"chr4","187099622","187099906","chr7","129739562","129739842","35","57360060"
"chr4","187102040","187102354","chr5","41453200","41453511","39","145648840"
"chr4","187106333","187106633","chr18","58480084","58480385","34","128626249"
"chr4","187106941","187107246","chr7","129746878","129747173","41","57360063"
"chr4","187108220","187108551","chr20","105607435","105607747","47","81500785"
"chr4","187129317","187129629","chr9","96563098","96563408","41","90566219"
"chr4","187138780","187139080","chr20","128158078","128158380","35","58980702"
"chr4","187156757","187157056","chr11","100271972","100272274","27","86884785"
"chr4","187174279","187174592","chr6","26818112","26818423","34","160356167"
"chr4","187186901","187187198","chr7","129831313","129831615","25","57355588"
"chr4","187194823","187195115","chr16","72650947","72651238","34","114543876"
"chr4","187200417","187200712","chr7","129846877","129847168","27","57353540"
"chr4","187206586","187206892","chr7","129853077","129853382","25","57353509"
"chr4","187242630","187242931","chr7","129889052","129889359","25","57353578"
"chr4","187256362","187256670","chr11","75095735","75096041","34","112160627"
"chr4","187262227","187262517","chrX","22852905","22853198","36","164409322"
"chr4","187263601","187263892","chr4","36036902","36037194","29","151226699"
"chr4","187286000","187286298","chr7","129932213","129932518","26","57353787"
"chr4","187348853","187349129","chr7","129993884","129994164","31","57354969"
"chr4","187372643","187372925","chr11","24737261","24737543","29","162635382"
"chr4","187389155","187389457","chr27","45661645","45661945","31","141727510"
"chr4","187416009","187416292","chr7","130063000","130063275","33","57353009"
"chr4","187418754","187419037","chr7","130063000","130063275","33","57355754"
"chr4","187434549","187434859","chr20","70784506","70784815","35","116650043"
"chr4","187458782","187459078","chrX","123721603","123721889","43","63737179"
"chr4","187464633","187464927","chr26","52121302","52121596","36","135343331"
"chr4","187496216","187496481","chr7","130137086","130137351","21","57359130"
"chr4","187502006","187502305","chr7","130143094","130143403","42","57358912"
"chr4","187503237","187503417","chr7","130144305","130144486","16","57358932"
"chr4","187532027","187532336","chr6","36951476","36951790","42","150580551"
"chr4","187556930","187557233","chr8","7114217","7114516","44","180442713"
"chr4","187648055","187648356","chrX","92145102","92145407","40","95502953"
"chr4","187652362","187652548","chr12","41299311","41299491","25","146353051"
"chr4","187667414","187667716","chr7","130307092","130307392","27","57360322"
"chr4","187685970","187686278","chr29","14089982","14090290","35","173595988"
"chr4","187708088","187708385","chr7","130344357","130344662","28","57363731"
"chr4","187739814","187740109","chr11","96978397","96978692","30","90761417"
"chr4","187754673","187754999","chrX_KE148108v1_random","5515325","5515649","41","182239348"
"chr4","187823599","187823907","chr3","78655077","78655389","39","109168522"
"chr4","187831866","187832150","chr25","31464312","31464602","41","156367554"
"chr4","187909548","187909850","chr7","130544710","130545009","31","57364838"
"chr4","187951271","187951577","chr7","130583341","130583634","28","57367930"
"chr4","187954230","187954531","chr7","130586287","130586582","27","57367943"
"chr4","187990374","187990672","chr24","40758560","40758856","31","147231814"
"chr4","188002302","188002613","chr7","130631029","130631334","28","57371273"
"chr4","188010312","188010622","chr11","4422956","4423267","32","183587356"
"chr4","188013354","188013672","chr7","130641512","130641825","35","57371842"
"chr4","188022316","188022549","chr1","105307816","105308040","38","82714500"
"chr4","188030332","188030619","chr1","17500539","17500826","31","170529793"
"chr4","188058689","188059009","chr7","130689983","130690305","47","57368706"
"chr4","188101664","188101946","chr7","130724991","130725277","38","57376673"
"chr4","188114476","188114790","chr7","130738521","130738834","26","57375955"
"chr4","188137395","188137676","chr24","82753841","82754117","40","105383554"
"chr4","188152245","188152550","chr7","130775962","130776258","31","57376283"
"chr4","188168063","188168393","chr5","27269945","27270275","47","160898118"
"chr4","188189454","188189758","chr7","130811397","130811701","35","57378057"
"chr4","188195944","188196251","chr20","99960514","99960821","34","88235430"
"chr4","188198838","188199130","chr4","13836335","13836622","43","174362503"
"chr4","188201340","188201640","chr20","115245212","115245514","34","72956128"
"chr4","188208812","188209106","chr20","115280190","115280482","37","72928622"
"chr4","188232683","188232987","chr7","130859946","130860250","40","57372737"
"chr4","188270853","188271039","chr14","43295088","43295269","32","144975765"
"chr4","188276292","188276595","chr4","31876349","31876651","40","156399943"
"chr4","188342409","188342707","chr7","130973875","130974181","29","57368534"
"chr4","188373208","188373515","chr7","130998722","130999029","25","57374486"
"chr4","188382725","188383023","chr7","131008307","131008605","31","57374418"
"chr4","188409322","188409625","chr16","61063438","61063741","34","127345884"
"chr4","188468128","188468439","chr8","10801167","10801476","37","177666961"
"chr4","188477735","188478030","chr7","131093673","131093971","35","57384062"
"chr4","188478573","188478866","chr9","114952603","114952897","37","73525970"
"chr4","188510359","188510670","chr7","131127677","131127981","32","57382682"
"chr4","188520227","188520541","chr18","48815029","48815336","45","139705198"
"chr4","188528162","188528472","chr20_KE148049v1_random","803204","803511","36","187724958"
"chr4","188538780","188539080","chr7","131158718","131159023","27","57380062"
"chr4","188540123","188540433","chr23","80074705","80075014","44","108465418"
"chr4","188541370","188541673","chr1","66522743","66523049","53","122018627"
"chr4","188560000","188560287","chr7","131180066","131180350","30","57379934"
"chr4","188584713","188585005","chr9","33958924","33959219","51","154625789"
"chr4","188586061","188586355","chr22","47695405","47695698","42","140890656"
"chr4","188595839","188596144","chr5","18599299","18599600","35","169996540"
"chr4","188642819","188643123","chr7","131253196","131253502","40","57389623"
"chr4","188674518","188674823","chr6","1475310","1475617","34","187199208"
"chr4","188678063","188678334","chrX","29155099","29155368","39","159522964"
"chr4","188681280","188681590","chr12","26084664","26084963","45","162596616"
"chr4","188686334","188686620","chr12","8825459","8825747","36","179860875"
"chr4","188692201","188692506","chr6","19000365","19000666","46","169691836"
"chr4","188730716","188730998","chr7","131338668","131338943","30","57392048"
"chr4","188751690","188751977","chr9","12805952","12806240","38","175945738"
"chr4","188754684","188754896","chr17","35304405","35304617","22","153450279"
"chr4","188768983","188769286","chr7","131377549","131377841","30","57391434"
"chr4","188775138","188775441","chr7","131383785","131384081","27","57391353"
"chr4","188819761","188820065","chr29","4391784","4392082","34","184427977"
"chr4","188820418","188820542","chr28","9173213","9173351","34","179647205"
"chr4","188821448","188821581","chr11","4367360","4367495","11","184454088"
"chr4","188848464","188848757","chr7","134094765","134095057","31","54753699"
"chr4","188868387","188868569","chr12","98448077","98448264","28","90420310"
"chr4","188872352","188872644","chr7","131464823","131465119","36","57407529"
"chr4","188892162","188892478","chr26","18344490","18344794","42","170547672"
"chr4","188951296","188951599","chr7","31774584","31774884","32","157176712"
"chr4","188956578","188956855","chr7","131543154","131543428","25","57413424"
"chr4","188963501","188963812","chr7","131550611","131550921","33","57412890"
"chr4","188964391","188964685","chr15","90981694","90981990","32","97982697"
"chr4","188967755","188968055","chr1","5710739","5711040","29","183257016"
"chr4","189012005","189012303","chr16","2349240","2349537","29","186662765"
"chr4","189020642","189020939","chr15","64630867","64631162","30","124389775"
"chr4","189033438","189033754","chr7","131619206","131619510","31","57414232"
"chr4","189068602","189068896","chr20_KE148049v1_random","803204","803511","50","188265398"
"chr4","189071728","189072013","chr7","131657998","131658275","35","57413730"
"chr4","189114465","189114761","chr3","4740500","4740792","30","184373965"
"chr4","189143948","189144244","chr28","10441467","10441768","44","178702481"
"chr4","189213917","189214169","chrX","14574721","14574981","46","174639196"
"chr4","189216547","189216850","chr7","131800529","131800840","39","57416018"
"chr4","189229464","189229774","chrX","29627577","29627888","42","159601887"
"chr4","189250080","189250376","chr7","131832716","131833012","27","57417364"
"chr4","189262173","189262354","chr6","15583412","15583586","23","173678761"
"chr4","189301171","189301470","chr7","131887649","131887956","25","57413522"
"chr4","189302629","189302924","chr7","131889095","131889389","33","57413534"
"chr4","189309852","189310161","chr5","73304712","73305017","38","116005140"
"chr4","189319014","189319326","chrUn_KE147541v1","563683","563994","32","188755331"
"chr4","189337805","189337964","chr7","131915363","131915529","21","57422442"
"chr4","189349849","189350149","chr1","19453527","19453824","32","169896322"
"chr4","189364832","189365136","chr22","48540090","48540395","41","140824742"
"chr4","189377368","189377691","chr12","88600565","88600887","53","100776803"
"chr4","189378805","189379129","chr20","82360792","82361122","55","107018013"
"chr4","189387878","189388169","chr5","12144988","12145281","40","177242890"
"chr4","189390758","189391053","chr22","72903386","72903680","33","116487372"
"chr4","189396375","189396677","chrX","109895568","109895867","35","79500807"
"chr4","189406827","189406979","chr10","113328543","113328693","29","76078284"
"chr4","189412444","189412732","chr16","53211576","53211865","34","136200868"
"chr4","189425427","189425741","chrX","23685849","23686160","48","165739578"
"chr4","189434458","189434770","chr5","74385170","74385481","40","115049288"
"chr4","189443597","189443902","chr7","132020491","132020794","22","57423106"
"chr4","189504170","189504406","chr9","61704066","61704306","34","127800104"
"chr4","189568229","189568544","chr7","132126877","132127193","26","57441352"
"chr4","189624686","189624993","chrX","22837588","22837894","36","166787098"
"chr4","189674207","189674518","chrX","80542939","80543251","36","109131268"
"chr4","189691539","189691840","chr7","132020491","132020794","32","57671048"
"chr4","189693411","189693722","chr19","21126537","21126847","33","168566874"
"chr4","189748324","189748630","chrX","18374570","18374871","31","171373754"
"chr4","189752442","189752737","chr6","33908236","33908526","35","155844206"
"chr4","189768239","189768536","chr7","132328377","132328673","19","57439862"
"chr4","189849296","189849584","chr7","132391500","132391792","29","57457796"
"chr4","189913994","189914304","chr5","22509419","22509730","39","167404575"
"chr4","189915758","189916066","chr25","25629089","25629399","36","164286669"
"chr4","189923674","189923983","chr1","6871378","6871678","41","183052296"
"chr4","189925618","189925918","chr28","15088601","15088901","35","174837017"
"chr4","190042362","190042669","chr7","132583004","132583295","28","57459358"
"chr4","190077480","190077773","chr25","23105900","23106191","31","166971580"
"chr4","190084267","190084558","chr7","132625638","132625929","32","57458629"
"chr4","190087174","190087462","chr7","132628562","132628856","31","57458612"
"chr4","190094397","190094691","chr7","132635421","132635723","35","57458976"
"chr4","190099071","190099361","chr12","25234898","25235188","33","164864173"
"chr4","190111813","190112106","chr3","70170466","70170758","38","119941347"
"chr4","190128047","190128335","chrX","128228462","128228750","36","61899585"
"chr4","190139372","190139668","chr12","964980","965277","35","189174392"
"chr4","190151727","190152018","chr20","92391112","92391404","37","97760615"
"chr4","190222269","190222558","chr6","9620361","9620647","35","180601908"
"chr4","190250751","190251048","chr7","132787993","132788305","43","57462758"
"chr4","190251482","190251774","chr7","132788717","132788997","37","57462765"
"chr4","190275196","190275493","chr7","132810959","132811262","26","57464237"
"chr4","190278639","190278932","chr7","132814528","132814823","29","57464111"
"chr4","190360287","190360570","chr7","132894055","132894340","28","57466232"
"chr4","190375297","190375594","chr15","57594128","57594422","34","132781169"
"chr4","190429777","190430070","chr6","37744092","37744389","34","152685685"
"chr4","190505647","190505916","chr5","19203519","19203781","38","171302128"
"chr4","190551254","190551562","chr23","53671095","53671401","40","136880159"
"chr4","190563760","190564058","chr11","6429844","6430143","33","184133916"
"chr4","190604798","190605105","chr7","133132639","133132944","32","57472159"
"chr4","190659435","190659670","chr9","61704066","61704306","41","128955369"
"chr4","190695724","190696035","chr5","26410686","26410992","41","164285038"
"chr4","190704300","190704609","chr26","39971001","39971306","38","150733299"
"chr4","190737611","190737901","chr13","62251265","62251555","35","128486346"
"chr4","190835401","190835687","chr1","5539399","5539680","42","185296002"
"chr4","190867147","190867420","chr18","56325811","56326083","40","134541336"
"chr4","190882157","190882465","chr7","133409265","133409563","38","57472892"
"chr4","190897589","190897886","chr11","96978397","96978692","39","93919192"
"chr4","190911174","190911480","chr7","133438082","133438387","34","57473092"
"chr4","190928962","190929259","chr6","50066742","50067036","31","140862220"
"chr4","191113635","191113932","chr1","18813436","18813736","42","172300199"
"chr4","191243367","191243660","chr7","133768133","133768434","29","57475234"
"chr4","191255429","191255735","chr7","133777842","133778154","38","57477587"
"chr4","191260788","191261091","chr7","133783103","133783408","29","57477685"
"chr4","191265652","191265946","chr1","93656761","93657056","37","97608891"
"chr4","191282760","191282988","chr12","97555085","97555307","31","93727675"
"chr4","191303440","191303728","chr7","133820781","133821059","32","57482659"
"chr4","191317676","191317977","chr8","137564378","137564680","41","53753298"
"chr4","191344164","191344482","chr14","12046319","12046637","51","179297845"
"chr4","191348395","191348700","chr8","68803271","68803569","33","122545124"
"chr4","191388263","191388561","chr22","61473574","61473872","34","129914689"
"chr4","191389512","191389779","chr16","67535285","67535559","33","123854227"
"chr4","191394617","191394951","chrX","13405223","13405558","57","177989394"
"chr4","191416627","191416923","chr26","8664125","8664411","49","182752502"
"chr4","191426063","191426372","chr14","5352895","5353203","38","186073168"
"chr4","191426864","191427161","chr6","17650071","17650364","38","173776793"
"chr4","191441915","191442095","chr9","70721738","70721919","31","120720177"
"chr4","191452436","191452735","chr2","31905539","31905841","35","159546897"
"chr4","191453882","191454173","chr12","964980","965277","34","190488902"
"chr4","191470084","191470400","chr6","40061617","40061925","34","151408467"
"chr4","191473353","191473659","chr2","89856106","89856409","36","101617247"
"chr4","191490379","191490646","chr7","133997667","133997945","42","57492712"
"chr4","191495187","191495491","chr13","82684562","82684865","34","108810625"
"chr4","191515722","191516041","chr7","134029869","134030180","38","57485853"
"chr4","191517748","191518047","chr22","61473574","61473872","26","130044174"
"chr4","191536395","191536707","chr7","134050202","134050512","30","57486193"
"chr4","191537682","191537973","chr7","134051516","134051823","30","57486166"
"chr4","191541672","191541964","chr16","929125","929422","42","190612547"
"chr4","191557384","191557683","chr7","134988869","134989163","47","56568515"
"chr4","191585871","191586178","chr3","20154823","20155134","30","171431048"
"chr4","191599405","191599699","chr7","134110301","134110594","32","57489104"
"chr4","191620850","191621163","chr7","134133271","134133578","41","57487579"
"chr4","191642938","191643244","chr1","67026506","67026811","36","124616432"
"chr4","191646504","191646815","chr28","16913137","16913447","43","174733367"
"chr4","191647658","191647963","chrX","55614482","55614787","32","136033176"
"chr4","191654886","191655191","chr6","17454552","17454857","40","174200334"
"chr4","191672201","191672503","chr9","117230098","117230400","38","74442103"
"chr4","191679608","191679916","chr7","134190332","134190632","26","57489276"
"chr4","191695466","191695769","chr7","53830748","53831039","39","137864718"
"chr4","191726385","191726685","chr7","134233531","134233832","26","57492854"
"chr4","191733382","191733677","chr26","24577418","24577720","36","167155964"
"chr4","191760532","191760839","chr12","24628687","24628992","34","167131845"
"chr4","191790584","191790889","chr23","76845673","76845981","35","114944911"
"chr4","191791546","191791859","chr7","36498838","36499139","42","155292708"
"chr4","191816101","191816337","chr7","134326649","134326894","26","57489452"
"chr4","191847615","191847936","chrX","105254925","105255236","43","86592690"
"chr4","191902711","191903003","chr16","18203350","18203641","48","173699361"
"chr4","191920375","191920689","chr5","38892397","38892709","42","153027978"
"chr4","191939719","191939893","chr6","15583412","15583586","25","176356307"
"chr4","192006375","192006676","chr7","134502821","134503124","28","57503554"
"chr4","192037013","192037292","chr7","111567460","111567746","41","80469553"
"chr4","192048211","192048502","chr6","18902805","18903099","38","173145406"
"chr4","192099088","192099394","chr5","4938805","4939106","38","187160283"
"chr4","192119497","192119788","chr7","134600059","134600353","32","57519438"
"chr4","192143295","192143605","chr23","75121731","75122042","39","117021564"
"chr4","192152733","192153027","chr23","79777308","79777608","43","112375425"
"chr4","192214196","192214491","chr1","110095072","110095367","47","82119124"
"chr4","192314745","192315045","chr24","40758560","40758856","34","151556185"
"chr4","192329909","192330200","chr8","69489522","69489811","48","122840387"
"chr4","192378549","192378845","chr8","7114217","7114516","37","185264332"
"chr4","192414582","192414816","chr8","39279110","39279339","33","153135472"
"chr4","192467678","192467987","chr3","92098202","92098513","36","100369476"
"chr4","192506531","192506824","chr7","134988869","134989163","31","57517662"
"chr4","192593872","192594168","chr7","135062787","135063065","39","57531085"
"chr4","192661357","192661653","chr5","34201913","34202210","38","158459444"
"chr4","192777354","192777656","chr6","17721519","17721809","41","175055835"
"chr4","192782810","192783107","chr16","2419302","2419599","31","190363508"
"chr4","192822481","192822787","chr2","16855216","16855519","47","175967265"
"chr4","192882679","192882985","chr14","14997912","14998214","35","177884767"
"chr4","192885178","192885484","chr14","14997912","14998214","34","177887266"
"chr4","192970816","192971094","chrX","1052","1331","42","192969764"
"chr4","192971564","192971871","chr8","50034452","50034757","36","142937112"
"chr4","193050706","193051001","chr13","84603677","84603975","33","108447029"
"chr4","193062064","193062335","chr7","135485593","135485858","32","57576471"
"chr4","193155281","193155565","chr3","13979299","13979588","37","179175982"
"chr4","193212837","193213130","chr6","4278609","4278899","30","188934228"
"chr4","193237444","193237742","chr5","2624159","2624457","34","190613285"
"chr4","193243082","193243390","chr7","135637535","135637833","42","57605547"
"chr4","193347878","193348179","chr6","2275088","2275388","30","191072790"
"chr4","193370837","193371145","chr7","135753467","135753773","35","57617370"
"chr5","161480572","161480860","chr5","34201913","34202210","41","127278659"
"chr5","16908054","16908347","chr4","16404847","16405145","32","503207"
"chr5","35127082","35127389","chr20","9169732","9170041","40","25957350"
"chr5","41680892","41681198","chr4","68270557","68270856","35","26589665"
"chr5","52953038","52953343","chr4","58535739","58536022","49","5582701"
"chr5","103677726","103678023","chrX","20403447","20403743","33","83274279"
"chr5","133562137","133562447","chr23","35719123","35719429","32","97843014"
"chr5","155713371","155713679","chr23","57303224","57303524","30","98410147"
"chr5","157810444","157810755","chr8","138412825","138413128","49","19397619"
"chr5","171835355","171835664","chr23","73018573","73018884","29","98816782"
"chr5","173276958","173277244","chr21","119737576","119737864","33","53539382"
"chr5","243861","244118","chr6","42849804","42850061","36","42605943"
"chr5","246962","247256","chr16","1989234","1989530","33","1742272"
"chr5","251942","252247","chr10","93621317","93621620","36","93369375"
"chr5","330454","330741","chr4","148888","149181","36","181566"
"chr5","347723","348026","chr8","132366982","132367282","39","132019259"
"chr5","361880","362173","chr4","1400975","1401267","31","1039095"
"chr5","420599","420910","chr13","78926316","78926620","36","78505717"
"chr5","455093","455386","chr4","228101","228386","29","226992"
"chr5","569645","569956","chr4","338090","338397","33","231555"
"chr5","610335","610628","chr4","377874","378167","30","232461"
"chr5","703274","703560","chr17","35227737","35228029","40","34524463"
"chr5","739949","740052","chr5","5966491","5966602","27","5226542"
"chr5","740271","740442","chr14","74170965","74171131","27","73430694"
"chr5","756022","756204","chr24","78163975","78164149","25","77407953"
"chr5","758058","758364","chr4","511227","511522","32","246831"
"chr5","775738","776034","chr2","32484780","32485079","37","31709042"
"chr5","862984","863283","chr13","29323301","29323604","48","28460317"
"chr5","1020537","1020703","chr9","62958107","62958270","20","61937570"
"chr5","1032202","1032509","chr26","40302917","40303216","37","39270715"
"chr5","1098530","1098842","chr11","120048568","120048876","38","118950038"
"chr5","1165813","1166097","chr4","968050","968332","40","197763"
"chr5","1266543","1266853","chrX","59428678","59428979","42","58162135"
"chr5","1270286","1270596","chr4","1066954","1067260","24","203332"
"chr5","1316943","1317251","chr8","10801167","10801476","29","9484224"
"chr5","1321373","1321681","chr8","7996312","7996618","42","6674939"
"chr5","1346716","1346994","chr16","58335941","58336218","42","56989225"
"chr5","1387024","1387335","chr4","1172058","1172370","33","214966"
"chr5","1394375","1394673","chr4","1179770","1180071","26","214605"
"chr5","1404985","1405147","chr23","79838641","79838798","26","78433656"
"chr5","1415438","1415623","chr2","14065755","14065943","32","12650317"
"chr5","1429361","1429670","chr4","1213860","1214168","29","215501"
"chr5","1476350","1476629","chr4","1264185","1264454","29","212165"
"chr5","1525888","1526199","chr4","1307604","1307911","19","218284"
"chr5","1624600","1624896","chr4","180974","181278","37","1443626"
"chr5","1645180","1645466","chr6","24559799","24560090","30","22914619"
"chr5","1686617","1686928","chr4","62323828","62324140","34","60637211"
"chr5","1719417","1719716","chr4","1544413","1544714","22","175004"
"chr5","1719940","1720233","chrX_KE148108v1_random","4279298","4279596","35","2559358"
"chr5","1728685","1728876","chrX","12457311","12457503","27","10728626"
"chr5","1745260","1745567","chr4","1568669","1568979","24","176591"
"chr5","1746038","1746338","chr4","1569427","1569715","33","176611"
"chr5","1782793","1783101","chr4","1601424","1601731","31","181369"
"chr5","1825512","1825842","chr4","1635731","1636045","49","189781"
"chr5","1846342","1846638","chr19","16064888","16065182","28","14218546"
"chr5","1878277","1878579","chr4","1685111","1685404","29","193166"
"chr5","2212127","2212431","chr14","2465563","2465863","36","253436"
"chr5","2340142","2340460","chr4","2107549","2107858","31","232593"
"chr5","2377118","2377428","chrX","113675371","113675678","37","111298253"
"chr5","2382407","2382699","chr23","42377380","42377670","40","39994973"
"chr5","2473602","2473899","chr5","10364624","10364918","41","7891022"
"chr5","2501698","2501993","chr10","113235793","113236092","41","110734095"
"chr5","2509965","2510263","chr4","2287628","2287915","43","222337"
"chr5","2554475","2554768","chr12","82795515","82795814","36","80241040"
"chr5","2603865","2604107","chr4","2381336","2381571","32","222529"
"chr5","2673473","2673789","chrX","44396414","44396724","42","41722941"
"chr5","2692588","2692896","chr20","70980785","70981092","37","68288197"
"chr5","2829338","2829610","chr23","68987067","68987349","46","66157729"
"chr5","2866901","2867208","chr24","68574661","68574971","41","65707760"
"chr5","2884692","2885005","chr4","2656305","2656615","24","228387"
"chr5","2888539","2888844","chr4","2665340","2665645","31","223199"
"chr5","2928107","2928313","chr7","15845768","15845962","31","12917661"
"chr5","2945062","2945371","chr4","2719060","2719374","35","226002"
"chr5","3114503","3114793","chr6","33908236","33908526","33","30793733"
"chr5","3116421","3116713","chr11","431036","431329","33","2685385"
"chr5","3124664","3124968","chr4","2885064","2885357","45","239600"
"chr5","3166876","3167167","chr4","2927552","2927834","36","239324"
"chr5","3212830","3213137","chr4","2978211","2978522","26","234619"
"chr5","3229247","3229571","chr4","2993432","2993748","35","235815"
"chr5","3234550","3234843","chr4","2998395","2998685","24","236155"
"chr5","3322562","3322865","chr3","9026672","9026974","39","5704110"
"chr5","3418736","3419041","chr8","40435802","40436111","38","37017066"
"chr5","3425248","3425547","chr15","52516574","52516868","38","49091326"
"chr5","3560710","3560999","chr7","24873220","24873510","34","21312510"
"chr5","3569898","3570182","chr4","3320315","3320594","22","249583"
"chr5","3681929","3682231","chr4","3429434","3429734","44","252495"
"chr5","3699243","3699534","chr4","3440870","3441153","31","258373"
"chr5","3731546","3731840","chr4","3468562","3468860","36","262984"
"chr5","3749101","3749387","chr10","42725849","42726133","52","38976748"
"chr5","3785462","3785756","chr16","894753","895042","38","2890709"
"chr5","3787458","3787668","chr11","124263168","124263380","45","120475710"
"chr5","3787816","3788110","chr16","894753","895042","40","2893063"
"chr5","3852521","3852831","chr7","131947263","131947571","37","128094742"
"chr5","3898191","3898495","chr20","125039816","125040118","37","121141625"
"chr5","4030090","4030381","chr4","3758531","3758831","32","271559"
"chr5","4035433","4035732","chr4","3758531","3758831","29","276902"
"chr5","4152651","4152976","chr10","109830142","109830471","45","105677491"
"chr5","4186088","4186387","chr4","3909645","3909943","32","276443"
"chr5","4212778","4213074","chr6","50066742","50067036","39","45853964"
"chr5","4273003","4273297","chr14","18262566","18262862","46","13989563"
"chr5","4299626","4299939","chr4","4004668","4004971","32","294958"
"chr5","4328464","4328773","chr13","45171921","45172226","38","40843457"
"chr5","4498788","4499080","chr4","4199832","4200133","36","298956"
"chr5","4538954","4539249","chr4","4242314","4242608","32","296640"
"chr5","4542069","4542364","chr4","4242314","4242608","30","299755"
"chr5","4579055","4579330","chr20","103386716","103386997","66","98807661"
"chr5","4585481","4585744","chr19","27008157","27008419","39","22422676"
"chr5","4754456","4754754","chr9","87616441","87616742","36","82861985"
"chr5","4809733","4810012","chr4","4498329","4498620","46","311404"
"chr5","4821131","4821431","chr15","52290986","52291285","35","47469855"
"chr5","4855890","4856192","chr4","62323828","62324140","38","57467938"
"chr5","5030086","5030410","chr4","62323828","62324140","48","57293742"
"chr5","5078539","5078751","chr4","4747388","4747604","12","331151"
"chr5","5132403","5132708","chr4","4802018","4802324","30","330385"
"chr5","5295410","5295707","chr16","16352697","16352989","32","11057287"
"chr5","5427171","5427462","chr11","117493025","117493320","38","112065854"
"chr5","5440774","5441064","chr4","5093879","5094163","34","346895"
"chr5","5452397","5452709","chr4","5103105","5103395","47","349292"
"chr5","5513120","5513425","chr21","23940004","23940315","44","18426884"
"chr5","5734509","5734819","chr5","26410686","26410992","38","20676177"
"chr5","5788700","5788983","chr4","5429248","5429530","29","359452"
"chr5","5811509","5811813","chr4","5446512","5446821","37","364997"
"chr5","5812784","5813103","chr5","50668154","50668452","57","44855370"
"chr5","5860259","5860567","chr4","5499161","5499469","14","361098"
"chr5","5883727","5883931","chr7","15845768","15845962","39","9962041"
"chr5","5884710","5885003","chr4","5522735","5523037","36","361975"
"chr5","5905863","5906130","chr4","5547838","5548104","28","358025"
"chr5","5943088","5943387","chr5","11270157","11270460","47","5327069"
"chr5","5970182","5970491","chr24","57063069","57063371","44","51092887"
"chr5","6069899","6070199","chr22","10719622","10719919","47","4649723"
"chr5","6096209","6096513","chr3","77278258","77278562","40","71182049"
"chr5","6151191","6151484","chr4","5783082","5783383","27","368109"
"chr5","6193647","6193932","chr27","10380206","10380492","29","4186559"
"chr5","6234719","6235020","chr1","68742662","68742962","43","62507943"
"chr5","6263025","6263334","chr4","5887008","5887316","27","376017"
"chr5","6305614","6305918","chr5","26308017","26308314","42","20002403"
"chr5","6307866","6308157","chrX","111740906","111741198","32","105433040"
"chr5","6316305","6316615","chr6","4927385","4927686","37","1388920"
"chr5","6384158","6384451","chr16","73694925","73695218","44","67310767"
"chr5","6393607","6393878","chr4","5992408","5992676","29","401199"
"chr5","6489623","6489920","chr4","6091852","6092140","28","397771"
"chr5","6515064","6515320","chr4","6115278","6115539","25","399786"
"chr5","6598166","6598430","chr19","27008157","27008419","34","20409991"
"chr5","6631619","6631900","chr16","3178099","3178363","36","3453520"
"chr5","6658907","6659204","chr1","77681947","77682242","33","71023040"
"chr5","6713469","6713756","chr4","65699270","65699561","50","58985801"
"chr5","6748002","6748313","chr23","22864793","22865102","37","16116791"
"chr5","6841874","6842179","chr9","21222890","21223190","40","14381016"
"chr5","6868277","6868578","chr1","55209417","55209719","36","48341140"
"chr5","6883792","6884085","chr4","6480396","6480684","38","403396"
"chr5","7002889","7003193","chr20","71007703","71008003","41","64004814"
"chr5","7119647","7119941","chr7","129715655","129715943","48","122596008"
"chr5","7289479","7289785","chr4","6827882","6828188","29","461597"
"chr5","7394178","7394498","chr4","6913037","6913341","35","481141"
"chr5","7415241","7415561","chr10","64544107","64544431","42","57128866"
"chr5","7700105","7700420","chr1","14106229","14106537","52","6406124"
"chr5","7702484","7702795","chr1","67026506","67026811","33","59324022"
"chr5","7706601","7706911","chr4","7229896","7230205","32","476705"
"chr5","7759029","7759330","chr4","7280493","7280791","28","478536"
"chr5","7764153","7764463","chr4","7285555","7285865","31","478598"
"chr5","7803356","7803657","chr1","32350047","32350343","39","24546691"
"chr5","7803692","7803998","chr4","7320491","7320800","28","483201"
"chr5","7825041","7825349","chr4","7342654","7342957","23","482387"
"chr5","7833206","7833503","chr7","55739869","55740169","34","47906663"
"chr5","7847411","7847701","chr5","21479776","21480065","34","13632365"
"chr5","8061813","8062117","chr18","12439124","12439429","43","4377311"
"chr5","8205303","8205593","chr20","12020826","12021113","37","3815523"
"chr5","8293786","8294097","chr1","3294144","3294455","43","4999642"
"chr5","8352132","8352422","chr4","7871519","7871812","29","480613"
"chr5","8565992","8566304","chr9","99406601","99406908","41","90840609"
"chr5","8635570","8635880","chr4","8150581","8150878","40","484989"
"chr5","8652993","8653292","chr1","55076876","55077172","47","46423883"
"chr5","8752318","8752599","chr4","8278396","8278677","30","473922"
"chr5","8783807","8784085","chr4","8307551","8307824","29","476256"
"chr5","8874094","8874402","chrX","38416664","38416967","48","29542570"
"chr5","9081651","9081962","chr14","13953473","13953784","40","4871822"
"chr5","9158562","9158866","chr24","65509457","65509763","32","56350895"
"chr5","9212603","9212888","chr4","8684296","8684581","15","528307"
"chr5","9234095","9234391","chr1","8950022","8950321","50","284073"
"chr5","9347377","9347582","chr17","38823537","38823742","40","29476160"
"chr5","9510233","9510511","chr1","4553757","4554039","39","4956476"
"chr5","9619473","9619786","chr1","50434922","50435228","45","40815449"
"chr5","9689263","9689564","chr4","9146885","9147193","36","542378"
"chr5","9768335","9768626","chr14","41374340","41374632","44","31606005"
"chr5","9799369","9799670","chr25","25594130","25594429","43","15794761"
"chr5","9890296","9890567","chr4","9332843","9333115","23","557453"
"chr5","9931668","9931980","chr28","11159497","11159808","37","1227829"
"chr5","9971760","9972046","chr17","28764095","28764380","39","18792335"
"chr5","9975730","9976031","chr4","9422044","9422344","32","553686"
"chr5","9988046","9988346","chr3","78247333","78247635","32","68259287"
"chr5","10061786","10062068","chr4","9513715","9513992","26","548071"
"chr5","10227570","10227878","chr4","9654835","9655138","35","572735"
"chr5","10229572","10229862","chr4","9656800","9657101","32","572772"
"chr5","10289336","10289638","chr4","9712432","9712732","25","576904"
"chr5","10322320","10322629","chr18","48815029","48815336","30","38492709"
"chr5","10323642","10323951","chr4","9753689","9753998","26","569953"
"chr5","10339443","10339733","chr16","59525991","59526277","37","49186548"
"chr5","10374279","10374586","chrX","17556505","17556807","38","7182226"
"chr5","10375718","10376013","chr20","7785906","7786210","42","2589812"
"chr5","10381821","10382123","chr21","109292960","109293258","36","98911139"
"chr5","10382485","10382782","chr8","128504968","128505265","36","118122483"
"chr5","10386165","10386457","chr16","16352697","16352989","39","5966532"
"chr5","10387262","10387554","chr22","5955596","5955889","31","4431666"
"chr5","10404003","10404304","chr4","9839565","9839866","26","564438"
"chr5","10407092","10407324","chr6","38455528","38455755","32","28048436"
"chr5","10420961","10421277","chr4","9856321","9856637","34","564640"
"chr5","10441579","10441885","chr4","9875586","9875898","27","565993"
"chr5","10464117","10464408","chr12","8362268","8362558","34","2101849"
"chr5","10488082","10488380","chr4","9917002","9917297","19","571080"
"chr5","10494735","10495037","chr4","9923683","9923989","26","571052"
"chr5","10511460","10511783","chr24","40396858","40397185","48","29885398"
"chr5","10513803","10514081","chr4","9942535","9942820","46","571268"
"chr5","10574122","10574410","chr4","9999212","9999493","35","574910"
"chr5","10594023","10594313","chr6","17721519","17721809","42","7127496"
"chr5","10604262","10604561","chr14","83453212","83453508","37","72848950"
"chr5","10614004","10614299","chr4","10036466","10036770","32","577538"
"chr5","10627181","10627478","chr8","7114217","7114516","43","3512964"
"chr5","10633907","10634215","chr4","10055621","10055922","26","578286"
"chr5","10643249","10643562","chr28","4525040","4525344","48","6118209"
"chr5","10694919","10695186","chr6","13169134","13169399","42","2474215"
"chr5","10700289","10700584","chr19","21211544","21211829","67","10511255"
"chr5","10719286","10719590","chr4","10139961","10140270","31","579325"
"chr5","10720413","10720713","chr4","10141104","10141412","27","579309"
"chr5","10724268","10724563","chr4","10144957","10145253","33","579311"
"chr5","10733776","10734115","chr24","10564048","10564379","51","169728"
"chr5","10742960","10743276","chr11","32401867","32402174","35","21658907"
"chr5","10750358","10750665","chrUn_KE147541v1","563683","563994","33","10186675"
"chr5","10756207","10756508","chr5","52214829","52215125","40","41458622"
"chr5","10878352","10878619","chr4","10277618","10277896","36","600734"
"chr5","10993326","10993615","chr4","10404852","10405154","31","588474"
"chr5","11017871","11018163","chr22","7964359","7964656","47","3053512"
"chr5","11057541","11057849","chr4","10463561","10463875","35","593980"
"chr5","11078071","11078346","chr1","22167303","22167575","39","11089232"
"chr5","11105773","11106096","chr26","42106137","42106462","47","31000364"
"chr5","11158884","11159056","chr4","10566675","10566853","17","592209"
"chr5","11211975","11212272","chr6","9720062","9720361","40","1491913"
"chr5","11357067","11357379","chr4","10754323","10754614","42","602744"
"chr5","11372766","11373065","chr4","10770050","10770345","30","602716"
"chr5","11395592","11395883","chr14","4452849","4453140","33","6942743"
"chr5","11447238","11447558","chr19","13705893","13706204","47","2258655"
"chr5","11511170","11511448","chr4","10905058","10905336","29","606112"
"chr5","11622801","11623059","chr4","11018016","11018274","20","604785"
"chr5","11638600","11638894","chr15","64630867","64631162","31","52992267"
"chr5","11661417","11661717","chr4","11056949","11057245","31","604468"
"chr5","11664983","11665275","chr4","11060541","11060841","31","604442"
"chr5","11669821","11670114","chr4","11064383","11064678","24","605438"
"chr5","11675451","11675750","chr4","11069585","11069889","35","605866"
"chr5","11677108","11677408","chr10","47716248","47716552","40","36039140"
"chr5","11771217","11771490","chr4","11163497","11163771","25","607720"
"chr5","11825039","11825337","chrX","8693862","8694157","42","3131177"
"chr5","11849205","11849401","chr4","11238797","11238971","33","610408"
"chr5","11849833","11850128","chr24","67726643","67726935","39","55876810"
"chr5","11952406","11952668","chr4","11340677","11340955","38","611729"
"chr5","11957190","11957485","chr21","77083601","77083904","39","65126411"
"chr5","11966918","11967224","chr20","102069946","102070249","37","90103028"
"chr5","12046537","12046872","chrX","22581294","22581621","52","10534757"
"chr5","12059241","12059539","chr1","6871378","6871678","32","5187863"
"chr5","12125653","12125962","chr20","119699062","119699372","45","107573409"
"chr5","12133745","12134053","chr4","11528779","11529092","29","604966"
"chr5","12142835","12143125","chr9","115223370","115223658","38","103080535"
"chr5","12159698","12159994","chr5","1658625","1658924","46","10501073"
"chr5","12309287","12309560","chr17","1665366","1665649","46","10643921"
"chr5","12602848","12603170","chr3","24412863","24413176","47","11810015"
"chr5","12829437","12829614","chr5","25517060","25517241","23","12687623"
"chr5","12835446","12835720","chr4","12235965","12236242","19","599481"
"chr5","12876912","12877197","chr12","64162579","64162857","45","51285667"
"chr5","13158093","13158374","chr7","14038937","14039213","43","880844"
"chr5","13446573","13446862","chrX","1826513","1826814","45","11620060"
"chr5","13459424","13459714","chrX","52454957","52455246","42","38995533"
"chr5","13730096","13730394","chr1","19453527","19453824","33","5723431"
"chr5","13732771","13732990","chr6","41425696","41425908","32","27692925"
"chr5","13897476","13897650","chrX","116310649","116310799","38","102413173"
"chr5","14009737","14010026","chr4","13570264","13570561","38","439473"
"chr5","14078227","14078529","chr18","48815029","48815336","33","34736802"
"chr5","14079542","14079843","chr4","13630244","13630540","26","449298"
"chr5","14110084","14110391","chr4","13663291","13663598","28","446793"
"chr5","14164011","14164331","chr4","13715432","13715755","30","448579"
"chr5","14181839","14182133","chr9","17797022","17797318","39","3615183"
"chr5","14183632","14183935","chr4","13732648","13732951","25","450984"
"chr5","14195297","14195587","chr4","13743937","13744235","26","451360"
"chr5","14232470","14232769","chr9","21222890","21223190","33","6990420"
"chr5","14238063","14238354","chr4","13781811","13782107","33","456252"
"chr5","14248416","14248711","chr11","120526163","120526460","36","106277747"
"chr5","14287652","14287954","chr3","78802384","78802695","42","64514732"
"chr5","14293569","14293848","chr4","13836335","13836622","25","457234"
"chr5","14359140","14359396","chr4","13902713","13902979","33","456427"
"chr5","14450631","14450938","chr1","7195988","7196295","39","7254643"
"chr5","14538905","14539219","chr20","105607435","105607747","38","91068530"
"chr5","14581004","14581304","chr4","14127473","14127766","31","453531"
"chr5","14591024","14591347","chr4","14136856","14137164","44","454168"
"chr5","14607310","14607607","chr4","14153140","14153434","28","454170"
"chr5","14619876","14620052","chr4","14164129","14164309","17","455747"
"chr5","14681517","14681817","chr14","59411345","59411646","30","44729828"
"chr5","14684216","14684506","chr4","14227015","14227307","23","457201"
"chr5","14686610","14686922","chr4","14229438","14229742","37","457172"
"chr5","14690588","14690884","chr4","14233406","14233707","30","457182"
"chr5","14719293","14719591","chr4","14262253","14262548","28","457040"
"chr5","14737319","14737627","chr4","14274889","14275202","32","462430"
"chr5","14741848","14742127","chr16","58402495","58402776","35","43660647"
"chr5","14752519","14752801","chr4","14288473","14288752","24","464046"
"chr5","14779585","14779894","chr4","14314126","14314428","34","465459"
"chr5","14794508","14794818","chr4","14328557","14328865","30","465951"
"chr5","14803921","14804229","chr4","14338112","14338422","17","465809"
"chr5","14819527","14819855","chr4","14352043","14352367","35","467484"
"chr5","14877660","14877973","chr8","114402980","114403300","53","99525320"
"chr5","14900799","14901103","chr11","27872325","27872626","36","12971526"
"chr5","14925885","14926153","chr4","14455975","14456245","29","469910"
"chr5","14936536","14936695","chr4","14466845","14467007","22","469691"
"chr5","15019479","15019783","chr4","14545918","14546230","37","473561"
"chr5","15022855","15022899","chr19","20280896","20280929","17","5258041"
"chr5","15022906","15023161","chr4","62913885","62914148","37","47890979"
"chr5","15028169","15028384","chr11","124263168","124263380","34","109234999"
"chr5","15035262","15035426","chr6","6985519","6985688","35","8049743"
"chr5","15041178","15041345","chr22","61533168","61533339","30","46491990"
"chr5","15047612","15047932","chr4","14352043","14352367","46","695569"
"chr5","15055538","15055790","chr4","14581616","14581864","30","473922"
"chr5","15059453","15059753","chr4","14585495","14585784","29","473958"
"chr5","15060249","15060555","chr10","113390916","113391227","50","98330667"
"chr5","15075557","15075843","chr4","14601901","14602188","25","473656"
"chr5","15095042","15095211","chr4","20928301","20928477","33","5833259"
"chr5","15145395","15145653","chr4","14667073","14667329","31","478322"
"chr5","15155739","15155979","chr9","61704066","61704306","54","46548327"
"chr5","15178781","15179083","chr6","37744092","37744389","35","22565311"
"chr5","15205625","15205915","chr4","14725513","14725805","29","480112"
"chr5","15359471","15359771","chr4","14875513","14875801","36","483958"
"chr5","15376419","15376709","chr16","73619546","73619837","32","58243127"
"chr5","15501507","15501805","chr12","964980","965277","38","14536527"
"chr5","15516910","15517195","chr4","15019623","15019909","23","497287"
"chr5","15545583","15545867","chr4","15048254","15048541","26","497329"
"chr5","15583843","15584137","chr11","909139","909432","44","14674704"
"chr5","15721453","15721750","chr13","79168479","79168776","32","63447026"
"chr5","15768432","15768723","chrX","60246095","60246386","39","44477663"
"chr5","15793812","15794107","chr17","36583136","36583424","51","20789324"
"chr5","15810655","15810966","chr25","73296177","73296486","48","57485522"
"chr5","15849328","15849619","chr2","5061496","5061795","46","10787832"
"chr5","15878230","15878537","chr4","15388050","15388342","36","490180"
"chr5","15897716","15898033","chr8","35854442","35854754","39","19956726"
"chr5","16002345","16002656","chr4","15518436","15518745","24","483909"
"chr5","16089966","16090272","chr29","19796485","19796789","33","3706519"
"chr5","16132617","16132914","chr4","15645206","15645502","27","487411"
"chr5","16138547","16138857","chr4","15650595","15650906","30","487952"
"chr5","16146395","16146700","chr4","15658433","15658732","26","487962"
"chr5","16158229","16158470","chr9","70315414","70315657","37","54157185"
"chr5","16219793","16220090","chr4","15729264","15729575","36","490529"
"chr5","16233599","16233902","chrX","23004590","23004894","43","6770991"
"chr5","16268204","16268496","chr12","11955131","11955421","35","4313073"
"chr5","16428443","16428733","chr4","15941164","15941450","34","487279"
"chr5","16500985","16501232","chr12","105551598","105551845","50","89050613"
"chr5","16536119","16536417","chr11","96978397","96978692","30","80442278"
"chr5","16548129","16548442","chrX","45693814","45694119","39","29145685"
"chr5","16619185","16619466","chr11","909139","909432","44","15710046"
"chr5","16730162","16730456","chr4","16237915","16238207","18","492247"
"chr5","16741627","16741930","chr11","6429844","6430143","29","10311783"
"chr5","16781265","16781526","chr4","16288547","16288809","21","492718"
"chr5","16853490","16853799","chr4","16350972","16351271","37","502518"
"chr5","16867606","16867913","chr4","16364810","16365119","21","502796"
"chr5","16875529","16875808","chr14","82917312","82917593","40","66041783"
"chr5","16881006","16881291","chr4","16378509","16378798","32","502497"
"chr5","16917762","16918049","chr1","47943189","47943481","43","31025427"
"chr5","16934132","16934427","chr4","16431540","16431835","23","502592"
"chr5","16939072","16939367","chr16","48037696","48037995","45","31098624"
"chr5","16942368","16942678","chr4","16439614","16439919","35","502754"
"chr5","16962081","16962356","chr4","16459079","16459359","25","503002"
"chr5","16963010","16963277","chr4","16460480","16460752","22","502530"
"chr5","16976334","16976631","chr4","16474201","16474498","34","502133"
"chr5","16979296","16979614","chr6","37971321","37971631","64","20992025"
"chr5","16982371","16982677","chr4","16478170","16478478","23","504201"
"chr5","16983247","16983548","chr13","62251265","62251555","53","45268018"
"chr5","16987972","16988276","chr4","16483794","16484099","27","504178"
"chr5","17004702","17005018","chr4","16498039","16498349","40","506663"
"chr5","17057467","17057749","chr9","107126503","107126780","42","90069036"
"chr5","17058174","17058461","chr4","16549880","16550171","26","508294"
"chr5","17067008","17067291","chr19","1459110","1459393","37","15607898"
"chr5","17070868","17071076","chr1","108606131","108606341","35","91535263"
"chr5","17072661","17072981","chr9","60248215","60248510","64","43175554"
"chr5","17080846","17081124","chr6","49639145","49639426","46","32558299"
"chr5","17081685","17081980","chr6","12688004","12688298","40","4393681"
"chr5","17082702","17082983","chr4","16574634","16574925","30","508068"
"chr5","17101132","17101442","chr4","16592500","16592802","31","508632"
"chr5","17102872","17103186","chr5","440759","441069","39","16662113"
"chr5","17107509","17107753","chr16","31906139","31906391","42","14798630"
"chr5","17128572","17128855","chr1","7550154","7550431","46","9578418"
"chr5","17136490","17136764","chr4","16615059","16615327","32","521431"
"chr5","17144870","17145150","chr11","3085165","3085445","38","14059705"
"chr5","17147033","17147239","chr11","124263168","124263380","47","107116135"
"chr5","17154284","17154506","chr11","124263168","124263380","41","107108884"
"chr5","17156012","17156234","chr11","124263168","124263380","41","107107156"
"chr5","17164932","17165235","chr4","16655577","16655886","37","509355"
"chr5","17167305","17167614","chr20","125076059","125076368","51","107908754"
"chr5","17174677","17174987","chr4","16664376","16664682","34","510301"
"chr5","17175801","17176104","chr22","3438802","3439105","29","13736999"
"chr5","17181814","17182059","chr5","60403345","60403611","48","43221531"
"chr5","17182753","17183011","chrX","60936877","60937131","41","43754124"
"chr5","17183913","17184214","chr4","16673661","16673945","32","510252"
"chr5","17188797","17189031","chr5","10759859","10760111","48","6428938"
"chr5","17193727","17194053","chr15","14130203","14130498","84","3063524"
"chr5","17196790","17197086","chr6","14955206","14955503","34","2241584"
"chr5","17197867","17198171","chr4","16687143","16687450","29","510724"
"chr5","17209175","17209492","chr4","16698069","16698386","29","511106"
"chr5","17226865","17227157","chr4","16708846","16709142","27","518019"
"chr5","17227543","17227825","chr2","80618015","80618295","37","63390472"
"chr5","17233717","17234004","chr15","33610371","33610651","35","16376654"
"chr5","17240726","17241037","chr8","117576596","117576908","45","100335870"
"chr5","17242230","17242537","chr18","48739352","48739657","38","31497122"
"chr5","17247924","17248214","chr4","16726015","16726296","33","521909"
"chr5","17255963","17256179","chr11","115540222","115540445","27","98284259"
"chr5","17266342","17266642","chr4","16742875","16743181","32","523467"
"chr5","17282626","17282917","chrX","22852905","22853198","38","5570279"
"chr5","17286155","17286465","chr17","3627347","3627658","42","13658808"
"chr5","17290155","17290439","chr19","16287346","16287637","40","1002809"
"chr5","17322317","17322622","chr16","8476344","8476649","35","8845973"
"chr5","17331244","17331515","chr4","16801008","16801279","27","530236"
"chr5","17361039","17361331","chr4","16827412","16827722","40","533627"
"chr5","17374623","17374926","chr4","16841398","16841701","25","533225"
"chr5","17386844","17387153","chr16","72650947","72651238","55","55264103"
"chr5","17392105","17392392","chr4","16857868","16858160","31","534237"
"chr5","17392712","17392995","chr4","16858481","16858760","31","534231"
"chr5","17395177","17395487","chr6","15813882","15814194","33","1581295"
"chr5","17428243","17428556","chr4","16894465","16894765","28","533778"
"chr5","17460847","17461159","chr4","16932789","16933099","33","528058"
"chr5","17489877","17490164","chr16","70284377","70284671","43","52794500"
"chr5","17498909","17499206","chr10","102791067","102791365","28","85292158"
"chr5","17555939","17556230","chr4","17013256","17013552","35","542683"
"chr5","17558281","17558567","chr3","30113552","30113838","32","12555271"
"chr5","17560865","17561173","chr4","17018163","17018476","22","542702"
"chr5","17569063","17569343","chr4","17023089","17023370","22","545974"
"chr5","17569713","17570007","chr4","17023726","17024038","32","545987"
"chr5","17851899","17852125","chr11","6821824","6822065","46","11030075"
"chr5","17868244","17868535","chr1","17699624","17699919","38","168620"
"chr5","17967398","17967674","chr5","17723365","17723640","43","244033"
"chr5","18069388","18069691","chr4","17381733","17382041","33","687655"
"chr5","18357276","18357575","chr4","17649846","17650146","28","707430"
"chr5","18475447","18475654","chr16","3947663","3947866","32","14527784"
"chr5","18480047","18480352","chr4","17772946","17773257","31","707101"
"chr5","18484151","18484451","chr4","17777038","17777341","31","707113"
"chr5","18512911","18513221","chr11","19388413","19388722","39","875502"
"chr5","18583241","18583541","chr4","17872420","17872730","39","710821"
"chr5","18697321","18697622","chr10","123801741","123802047","49","105104420"
"chr5","18762172","18762479","chr28","3649580","3649890","38","15112592"
"chr5","18812157","18812449","chr4","90375039","90375329","34","71562882"
"chr5","18827403","18827575","chr4","90359948","90360121","12","71532545"
"chr5","18935895","18936201","chr4","77056785","77057092","35","58120890"
"chr5","18945505","18945812","chr4","90242631","90242937","27","71297126"
"chr5","19038724","19039011","chr20","65928153","65928440","30","46889429"
"chr5","19327318","19327595","chr4","89883574","89883850","23","70556256"
"chr5","19357446","19357760","chr4","89853341","89853651","30","70495895"
"chr5","19460515","19460824","chr4","89750462","89750769","40","70289947"
"chr5","19462428","19462724","chr4","89748509","89748803","21","70286081"
"chr5","19469940","19470228","chr19","13291814","13292101","39","6178126"
"chr5","19477241","19477544","chr21","77083601","77083904","38","57606360"
"chr5","19487669","19487960","chr4","89722141","89722435","33","70234472"
"chr5","19491763","19492050","chr4","89718045","89718338","28","70226282"
"chr5","19532464","19532764","chr1","62642176","62642473","33","43109712"
"chr5","19536138","19536420","chr4","89676941","89677220","28","70140803"
"chr5","19614484","19614603","chr19","5690679","5690760","50","13923805"
"chr5","19616376","19616661","chr4","89597203","89597488","34","69980827"
"chr5","19655615","19655925","chr4","89563149","89563447","37","69907534"
"chr5","19663369","19663676","chr16","49511562","49511872","40","29848193"
"chr5","19688212","19688496","chr4","89531021","89531306","19","69842809"
"chr5","19779452","19779753","chr4","89446868","89447163","21","69667416"
"chr5","19781500","19781797","chr4","89444819","89445118","27","69663319"
"chr5","19784570","19784871","chr16","52287422","52287724","28","32502852"
"chr5","19885411","19885716","chr4","89347983","89348281","31","69462572"
"chr5","20081328","20081626","chr4","89161744","89162038","23","69080416"
"chr5","20169038","20169346","chr4","89087755","89088056","31","68918717"
"chr5","20239952","20240254","chr21","19067087","19067388","37","1172865"
"chr5","20393010","20393211","chrX_KE148109v1_random","2500001","2500203","34","17893009"
"chr5","20417343","20417648","chr12","99006588","99006898","46","78589245"
"chr5","20471582","20471874","chr8","95633451","95633738","42","75161869"
"chr5","20525617","20525927","chr15","91648921","91649232","36","71123304"
"chr5","20579473","20579794","chr4","88669489","88669811","37","68090016"
"chr5","20708999","20709304","chr4","88539913","88540215","30","67830914"
"chr5","20718687","20718951","chr9","44980829","44981096","44","24262142"
"chr5","20735795","20736093","chr26","4822879","4823176","40","15912916"
"chr5","20747095","20747406","chr8","10801167","10801476","30","9945928"
"chr5","20765759","20766070","chr2","58338718","58339014","43","37572959"
"chr5","20768816","20769132","chr4","88486160","88486458","39","67717344"
"chr5","20821916","20822227","chr4","88434616","88434934","33","67612700"
"chr5","20828829","20829137","chr20","104839624","104839933","41","84010795"
"chr5","20850762","20851068","chr20_KE148049v1_random","803204","803511","30","20047558"
"chr5","20853670","20853997","chr10","93224961","93225287","48","72371291"
"chr5","20854611","20854915","chr8","7114217","7114516","33","13740394"
"chr5","20863753","20863980","chr9","61704066","61704306","46","40840313"
"chr5","20891360","20891671","chr4","88363931","88364234","34","67472571"
"chr5","20978775","20979074","chr5","54096159","54096460","31","33117384"
"chr5","21037289","21037584","chr4","88197777","88198074","42","67160488"
"chr5","21070323","21070613","chr4","88163842","88164127","26","67093519"
"chr5","21070685","21070970","chr4","88163483","88163771","29","67092798"
"chr5","21079026","21079323","chr5","71206043","71206343","34","50127017"
"chr5","21127276","21127572","chr4","88105866","88106155","42","66978590"
"chr5","21145497","21145809","chr16","45530594","45530903","39","24385097"
"chr5","21223412","21223690","chr4","88011208","88011495","36","66787796"
"chr5","21339819","21340113","chr4","87906825","87907107","31","66567006"
"chr5","21368401","21368711","chr13","45171921","45172226","47","23803520"
"chr5","21429316","21429592","chr16","23669173","23669444","45","2239857"
"chr5","21451981","21452154","chr9","57624793","57624958","39","36172812"
"chr5","21455826","21456119","chr4","87792233","87792523","30","66336407"
"chr5","21500147","21500440","chr15","57594128","57594422","32","36093981"
"chr5","21594088","21594364","chr12","30217864","30218142","37","8623776"
"chr5","21667320","21667629","chr4","87593623","87593928","27","65926303"
"chr5","21678107","21678404","chr4","87582618","87582926","33","65904511"
"chr5","21696414","21696708","chr26","20177551","20177842","33","1518863"
"chr5","21727075","21727362","chr11","105284057","105284346","43","83556982"
"chr5","21734444","21734741","chr4","87520959","87521260","27","65786515"
"chr5","21874105","21874403","chr4","87381013","87381318","33","65506908"
"chr5","21908783","21909032","chr4","87339504","87339754","29","65430721"
"chr5","21909319","21909625","chr4","87338918","87339224","31","65429599"
"chr5","22189999","22190302","chr16","5899471","5899766","42","16290528"
"chr5","22430898","22431178","chr4","86848634","86848922","49","64417736"
"chr5","22436604","22436836","chr9","61704066","61704306","46","39267462"
"chr5","22477091","22477403","chr4","86803524","86803846","36","64326433"
"chr5","22540270","22540507","chr2","89922816","89923050","41","67382546"
"chr5","22674410","22674710","chr7","57201109","57201408","33","34526699"
"chr5","22873109","22873389","chr16","13188050","13188323","54","9685059"
"chr5","22928556","22928871","chr4","86366534","86366844","35","63437978"
"chr5","22971156","22971478","chr4","86317192","86317510","33","63346036"
"chr5","23156563","23156874","chrX","60957021","60957332","34","37800458"
"chr5","23331620","23331896","chr4","85983344","85983613","36","62651724"
"chr5","23357340","23357538","chr5","14890474","14890677","35","8466866"
"chr5","23520761","23521049","chr4","85796614","85796895","31","62275853"
"chr5","23537098","23537392","chr8","7114217","7114516","39","16422881"
"chr5","23553716","23554007","chr4","85763817","85764119","41","62210101"
"chr5","23869728","23869997","chr4","85449179","85449449","33","61579451"
"chr5","23984812","23985113","chr9","95091342","95091638","35","71106530"
"chr5","23994954","23995258","chr4","85325349","85325659","41","61330395"
"chr5","24009970","24010272","chr4","85309652","85309958","40","61299682"
"chr5","24011103","24011410","chr4","85308523","85308828","34","61297420"
"chr5","24011613","24011920","chr4","85308013","85308325","29","61296400"
"chr5","24037574","24037867","chrX","105448483","105448781","36","81410909"
"chr5","24043275","24043586","chr7","115282515","115282825","38","91239240"
"chr5","24049832","24050139","chr5","4989349","4989653","35","19060483"
"chr5","24057250","24057570","chr4","85264312","85264632","42","61207062"
"chr5","24057767","24058065","chr4","85263810","85264116","28","61206043"
"chr5","24072126","24072443","chr21","25091847","25092163","47","1019721"
"chr5","24077261","24077557","chr6","3943711","3944004","49","20133550"
"chr5","24083707","24083969","chr4","85239937","85240199","16","61156230"
"chr5","24088081","24088369","chr4","85234393","85234681","27","61146312"
"chr5","24107742","24108043","chr4","85215567","85215875","39","61107825"
"chr5","24128996","24129242","chr4","85194310","85194544","26","61065314"
"chr5","24154795","24155091","chr4","85166650","85166946","32","61011855"
"chr5","24170559","24170878","chr4","85150005","85150315","36","60979446"
"chr5","24180230","24180530","chr2","16226565","16226865","28","7953665"
"chr5","24185962","24186252","chr17","35009815","35010098","44","10823853"
"chr5","24198390","24198692","chr19","11625929","11626227","29","12572461"
"chr5","24232846","24233131","chr25","23944997","23945288","45","287849"
"chr5","24279950","24280253","chr4","85036826","85037131","26","60756876"
"chr5","24285200","24285480","chr3","24558214","24558499","39","273014"
"chr5","24286921","24287206","chr10","75826260","75826549","36","51539339"
"chr5","24306637","24306938","chr4","85009747","85010044","34","60703110"
"chr5","24309152","24309456","chr17","19369027","19369337","33","4940125"
"chr5","24329678","24329992","chr4","84989008","84989320","31","60659330"
"chr5","24348929","24349228","chr4","84969713","84969997","37","60620784"
"chr5","24453628","24453925","chr4","84866499","84866799","25","60412871"
"chr5","24574898","24575168","chr4","84759598","84759872","29","60184700"
"chr5","24705869","24706172","chr4","84642109","84642417","30","59936240"
"chr5","24788873","24789171","chr4","84565936","84566239","39","59777063"
"chr5","24850529","24850836","chr4","84507588","84507889","36","59657059"
"chr5","24892495","24892810","chr4","84471023","84471326","30","59578528"
"chr5","24939337","24939645","chr29","19796485","19796789","37","5142852"
"chr5","24942844","24943146","chr4","84419758","84420046","29","59476914"
"chr5","24963414","24963711","chr4","84396715","84397005","25","59433301"
"chr5","24991341","24991659","chr25","57453044","57453353","47","32461703"
"chr5","24998919","24999217","chr4","84365880","84366182","27","59366961"
"chr5","25030687","25030998","chr16","14693485","14693793","36","10337202"
"chr5","25158148","25158449","chr4","84202066","84202362","32","59043918"
"chr5","25211243","25211540","chr4","84152987","84153284","30","58941744"
"chr5","25229272","25229589","chr4","84134225","84134554","48","58904953"
"chr5","25322723","25323020","chr1","32814270","32814571","41","7491547"
"chr5","25373699","25373990","chr4","84005265","84005565","38","58631566"
"chr5","25400668","25400965","chr20","77903993","77904291","39","52503325"
"chr5","25541381","25541528","chr25","36941387","36941537","16","11400006"
"chr5","25559938","25560249","chr4","83824903","83825209","26","58264965"
"chr5","25598894","25599206","chr12","18021871","18022178","41","7577023"
"chr5","25733309","25733618","chr4","39647236","39647543","38","13913927"
"chr5","25740449","25740742","chr4","83652734","83653017","34","57912285"
"chr5","25783918","25784229","chr4","83610574","83610879","26","57826656"
"chr5","26080070","26080375","chr27","32570150","32570460","37","6490080"
"chr5","26111459","26111743","chr8","36499116","36499396","35","10387657"
"chr5","26114002","26114296","chr26","4822879","4823176","39","21291123"
"chr5","26199289","26199590","chr27","28689785","28690093","42","2490496"
"chr5","26371007","26371285","chr16","58402495","58402776","36","32031488"
"chr5","26430926","26431225","chr9","88831612","88831911","45","62400686"
"chr5","26492947","26493234","chr7","129910108","129910396","53","103417161"
"chr5","26526395","26526615","chr4","82897897","82898119","25","56371502"
"chr5","26576423","26576719","chr4","82847655","82847948","35","56271232"
"chr5","26595095","26595403","chr13","68793559","68793866","37","42198464"
"chr5","26661566","26661886","chr4","82763389","82763690","43","56101823"
"chr5","26683801","26684111","chr4","82740890","82741198","21","56057089"
"chr5","26738106","26738408","chr4","82689191","82689488","35","55951085"
"chr5","26787817","26788107","chr26","20177551","20177842","39","6610266"
"chr5","26790851","26791189","chr27","40496692","40497017","70","13705841"
"chr5","26810202","26810486","chr1","9922951","9923243","38","16887251"
"chr5","26825460","26825766","chr4","82598189","82598494","28","55772729"
"chr5","26917671","26917979","chr5","50489073","50489372","38","23571402"
"chr5","26928122","26928388","chr4","82498468","82498733","24","55570346"
"chr5","26975871","26976159","chr18","31386596","31386890","37","4410725"
"chr5","27056663","27056957","chr4","82371142","82371444","32","55314479"
"chr5","27097955","27098263","chr4","82321549","82321845","39","55223594"
"chr5","27107944","27108235","chr16","58402495","58402776","48","31294551"
"chr5","27149321","27149618","chr4","82273074","82273391","43","55123753"
"chr5","27222234","27222525","chr16","64440140","64440434","38","37217906"
"chr5","27231946","27232249","chr4","82194524","82194829","36","54962578"
"chr5","27294039","27294214","chr15","80606045","80606219","24","53312006"
"chr5","27551141","27551434","chr4","81887952","81888253","29","54336811"
"chr5","27797018","27797096","chr5","32437759","32437834","36","4640741"
"chr5","27797285","27797468","chr10","33376506","33376682","36","5579221"
"chr5","27986727","27987038","chr4","81448878","81449189","34","53462151"
"chr5","28031688","28031996","chr12","26410081","26410378","45","1621607"
"chr5","28058898","28059185","chr3","18836023","18836312","37","9222875"
"chr5","28177070","28177372","chr20","102069946","102070249","41","73892876"
"chr5","28185922","28186240","chr4","81252968","81253304","44","53067046"
"chr5","28195897","28196099","chr7","86819288","86819490","34","58623391"
"chr5","28196367","28196597","chr24","67485148","67485397","52","39288781"
"chr5","28211036","28211328","chr4","81231557","81231856","38","53020521"
"chr5","28217512","28217748","chr4","81225525","81225771","24","53008013"
"chr5","28247344","28247644","chr17","34975978","34976280","33","6728634"
"chr5","28263452","28263741","chr15","64630867","64631162","48","36367415"
"chr5","28289260","28289571","chr11","2853447","2853759","32","25435813"
"chr5","28406430","28406727","chr4","81047443","81047733","34","52641013"
"chr5","28416390","28416702","chr24","1586108","1586417","49","26830282"
"chr5","28513057","28513349","chrX","50195890","50196181","34","21682833"
"chr5","28540042","28540288","chr14","40138404","40138653","38","11598362"
"chr5","28575787","28576076","chr6","49341321","49341619","47","20765534"
"chr5","28599988","28600280","chr5","74259773","74260071","44","45659785"
"chr5","28668607","28668907","chr25","78856788","78857085","37","50188181"
"chr5","28697283","28697591","chr19","13805333","13805644","40","14891950"
"chr5","28900742","28901043","chr1","19453527","19453824","35","9447215"
"chr5","29138210","29138501","chr19","21839966","21840262","42","7298244"
"chr5","29443126","29443435","chr20","1445477","1445787","31","27997649"
"chr5","29465883","29466175","chr6","33908236","33908526","41","4442353"
"chr5","29509717","29510023","chr16","45162094","45162404","42","15652377"
"chr5","29628559","29628863","chr1","5710739","5711040","41","23917820"
"chr5","29767814","29768111","chr5","675135","675426","47","29092679"
"chr5","29787166","29787480","chr20","109420728","109421036","47","79633562"
"chr5","29798888","29799170","chr4","79737285","79737568","30","49938397"
"chr5","30072549","30072835","chr19","21211544","21211829","36","8861005"
"chr5","30149639","30149910","chr4","79358570","79358848","26","49208931"
"chr5","30246442","30246746","chr27","9431892","9432191","38","20814550"
"chr5","30388117","30388420","chr4","79138680","79138980","33","48750563"
"chr5","30418526","30418837","chr4","79105774","79106082","31","48687248"
"chr5","30446180","30446461","chr4","79078388","79078668","24","48632208"
"chr5","30455011","30455310","chr1","19453527","19453824","34","11001484"
"chr5","30625869","30626163","chr4","78891199","78891496","21","48265330"
"chr5","30717841","30718150","chr1","115972304","115972611","36","85254463"
"chr5","30784584","30784903","chr24","16014161","16014471","46","14770423"
"chr5","30797237","30797540","chr13","65519675","65519978","43","34722438"
"chr5","30843165","30843442","chr8","68974043","68974327","44","38130878"
"chr5","30894025","30894335","chr4","78608048","78608359","36","47714023"
"chr5","30925886","30926201","chr16","63790716","63791027","36","32864830"
"chr5","31036402","31036689","chr8","26524594","26524886","43","4511808"
"chr5","31227179","31227458","chr23","68987067","68987349","37","37759888"
"chr5","31243806","31244085","chr20","99909114","99909396","34","68665308"
"chr5","31245181","31245515","chr19","6206133","6206461","66","25039048"
"chr5","31267055","31267359","chr4","78234708","78235011","38","46967653"
"chr5","31356617","31356914","chr4","78153027","78153328","36","46796410"
"chr5","31398173","31398490","chr4","78109120","78109421","46","46710947"
"chr5","31408607","31408929","chr14","51850819","51851139","42","20442212"
"chr5","31468171","31468471","chr4","78038269","78038571","35","46570098"
"chr5","31506339","31506661","chr4","78002507","78002821","29","46496168"
"chr5","31526597","31526899","chr4","77982561","77982875","32","46455964"
"chr5","31622659","31622859","chr4","77889793","77889990","18","46267134"
"chr5","31670419","31670702","chr14","59678780","59679066","45","28008361"
"chr5","31691949","31692251","chr4","77821073","77821374","28","46129124"
"chr5","31733250","31733550","chr4","77778417","77778710","33","46045167"
"chr5","31799346","31799624","chr4","77714001","77714280","19","45914655"
"chr5","31803644","31803943","chr13","44587953","44588256","38","12784309"
"chr5","31812484","31812775","chr16","72650947","72651238","28","40838463"
"chr5","31926769","31927072","chr4","77587945","77588250","27","45661176"
"chr5","31965716","31966020","chr1","8707257","8707561","36","23258459"
"chr5","32037570","32037756","chr4","20928301","20928477","38","11109269"
"chr5","32139191","32139381","chr4","77383911","77384095","26","45244720"
"chr5","32220653","32220951","chr4","77297269","77297567","30","45076616"
"chr5","32257031","32257254","chr4","77260170","77260388","23","45003139"
"chr5","32372053","32372346","chr4","77147602","77147895","24","44775549"
"chr5","32407466","32407760","chr4","77111067","77111362","25","44703601"
"chr5","32461521","32461834","chr8","35854442","35854754","34","3392921"
"chr5","32693609","32693920","chr5","43308878","43309187","37","10615269"
"chr5","32703202","32703376","chrX","116310649","116310799","44","83607447"
"chr5","32708904","32709213","chr4","76825346","76825643","39","44116442"
"chr5","32845153","32845455","chr4","76680918","76681211","30","43835765"
"chr5","32902373","32902672","chr4","76613038","76613348","32","43710665"
"chr5","32944255","32944549","chr6","50066742","50067036","33","17122487"
"chr5","32977488","32977775","chr16","44862579","44862869","38","11885091"
"chr5","33009649","33009952","chr4","76526821","76527104","39","43517172"
"chr5","33072198","33072509","chr19","32964693","32965003","40","107505"
"chr5","33114925","33115219","chr4","76426438","76426732","34","43311513"
"chr5","33141056","33141364","chr4","76396948","76397249","40","43255892"
"chr5","33143104","33143395","chr4","76394876","76395175","45","43251772"
"chr5","33193514","33193818","chr4","76350859","76351156","25","43157345"
"chr5","33220061","33220360","chrX","41571573","41571872","38","8351512"
"chr5","33233593","33233876","chrX","14876454","14876725","43","18357139"
"chr5","33250266","33250558","chr16","43962748","43963037","44","10712482"
"chr5","33299443","33299738","chr4","76241851","76242145","30","42942408"
"chr5","33322016","33322317","chr7","129741972","129742271","32","96419956"
"chr5","33356849","33357148","chr4","76193690","76193976","31","42836841"
"chr5","33358941","33359236","chr4","76191970","76192265","22","42833029"
"chr5","33388400","33388685","chr4","76162579","76162870","30","42774179"
"chr5","33419358","33419662","chr18","3111178","3111484","39","30308180"
"chr5","33420802","33421091","chr4","76131690","76131986","28","42710888"
"chr5","33423990","33424289","chr4","76128053","76128354","29","42704063"
"chr5","33447153","33447451","chr4","76107935","76108225","31","42660782"
"chr5","33461914","33462162","chr4","76093240","76093494","28","42631326"
"chr5","33464950","33465261","chr14","68432214","68432517","37","34967264"
"chr5","33465603","33465909","chr26","25786079","25786383","34","7679524"
"chr5","33470656","33470891","chr4","75384887","75385120","39","41914231"
"chr5","33476802","33477107","chr14","59464027","59464336","36","25987225"
"chr5","33478072","33478368","chr4","76072276","76072572","27","42594204"
"chr5","33537048","33537270","chr11","124263168","124263380","43","90726120"
"chr5","33546765","33547040","chr4","76007373","76007651","26","42460608"
"chr5","33694377","33694668","chr4","75862021","75862319","37","42167644"
"chr5","33743863","33744173","chrX_KE148108v1_random","5157110","5157414","35","28586753"
"chr5","33782320","33782631","chr5","59743438","59743749","38","25961118"
"chr5","33792782","33793082","chr4","75758141","75758447","26","41965359"
"chr5","33942571","33942871","chr6","49568740","49569041","40","15626169"
"chr5","33943524","33943831","chr4","75619092","75619401","35","41675568"
"chr5","33957917","33958222","chr20","102069946","102070249","41","68112029"
"chr5","33983704","33984002","chr8","481572","481867","38","33502132"
"chr5","34004080","34004359","chr4","75558958","75559237","16","41554878"
"chr5","34030128","34030421","chr4","75531798","75532081","36","41501670"
"chr5","34037532","34037801","chr4","75524197","75524461","17","41486665"
"chr5","34082273","34082566","chr4","75480528","75480805","32","41398255"
"chr5","34106355","34106648","chr4","75457258","75457551","20","41350903"
"chr5","34135393","34135688","chr4","75429726","75430027","24","41294333"
"chr5","34179769","34179985","chr4","75392713","75392925","19","41212944"
"chr5","34186757","34187032","chr13","44811418","44811697","37","10624661"
"chr5","34201900","34201937","chr10","105223139","105223170","14","71021239"
"chr5","34201939","34202195","chr9","44980829","44981096","43","10778890"
"chr5","34229989","34230301","chr25","27069351","27069659","35","7160638"
"chr5","34250378","34250684","chr8","50034452","50034757","35","15784074"
"chr5","34282256","34282444","chr6","7171591","7171786","49","27110665"
"chr5","34312151","34312452","chr12","964980","965277","39","33347171"
"chr5","34364244","34364534","chr4","75210386","75210684","36","40846142"
"chr5","34413096","34413406","chr4","75171691","75172012","38","40758595"
"chr5","34430669","34430938","chrX","107999441","107999698","40","73568772"
"chr5","34492745","34493048","chr15","52290986","52291285","37","17798241"
"chr5","34493238","34493543","chr4","75096251","75096546","32","40603013"
"chr5","34494508","34494786","chr4","75095107","75095391","28","40600599"
"chr5","34526335","34526611","chr4","75062486","75062764","35","40536151"
"chr5","34638502","34638800","chr4","36036902","36037194","45","1398400"
"chr5","34678582","34678894","chr4","74934562","74934874","27","40255980"
"chr5","34680691","34680942","chr4","74932504","74932749","39","40251813"
"chr5","34683807","34684117","chr4","74929331","74929637","28","40245524"
"chr5","34725716","34726026","chr4","74897597","74897901","34","40171881"
"chr5","34731814","34732096","chr8","62481422","62481703","31","27749608"
"chr5","34732326","34732631","chr4","74890990","74891295","40","40158664"
"chr5","34732635","34732936","chr4","74890699","74890989","32","40158064"
"chr5","34750828","34751110","chr8","62481422","62481703","28","27730594"
"chr5","34751340","34751640","chr4","74890990","74891295","43","40139650"
"chr5","34751649","34751942","chr4","74890699","74890989","23","40139050"
"chr5","34772551","34772853","chr4","74868756","74869056","31","40096205"
"chr5","34777928","34778226","chr4","74863565","74863855","35","40085637"
"chr5","34795845","34796134","chr11","31526275","31526555","47","3269570"
"chr5","34806192","34806489","chr11","120526163","120526460","48","85719971"
"chr5","34829465","34829768","chr4","74813598","74813905","25","39984133"
"chr5","34849993","34850281","chr4","74794361","74794637","27","39944368"
"chr5","34856306","34856579","chr4","74788517","74788794","24","39932211"
"chr5","34863038","34863157","chr9","84870085","84870205","22","50007047"
"chr5","34866365","34866671","chr4","74779751","74780055","32","39913386"
"chr5","34876134","34876435","chr4","74770887","74771174","37","39894753"
"chr5","34902453","34902770","chr4","74749782","74750097","38","39847329"
"chr5","34934870","34935172","chr4","31876349","31876651","32","3058521"
"chr5","34935189","34935440","chr4","74713145","74713384","37","39777956"
"chr5","34949738","34950019","chr5","21381078","21381361","40","13568660"
"chr5","34952098","34952414","chr4","74696238","74696551","37","39744140"
"chr5","34961935","34962239","chr4","74691867","74692164","31","39729932"
"chr5","34976657","34976950","chr6","17650071","17650364","36","17326586"
"chr5","35026689","35026990","chr4","74627502","74627810","43","39600813"
"chr5","35029430","35029711","chrX","111788442","111788727","35","76759012"
"chr5","35036122","35036419","chr4","74618215","74618515","29","39582093"
"chr5","35042376","35042671","chr4","74611869","74612159","25","39569493"
"chr5","35082687","35082994","chr1","103586917","103587220","36","68504230"
"chr5","35091535","35091843","chr25","73296177","73296486","41","38204642"
"chr5","35114552","35114848","chr26","18344490","18344794","43","16770062"
"chr5","35115655","35115969","chr4","74552081","74552395","18","39436426"
"chr5","35122054","35122364","chr4","74545235","74545544","32","39423181"
"chr5","35125537","35125825","chr11","30393890","30394178","30","4731647"
"chr5","35127865","35128173","chr8","9053938","9054249","36","26073927"
"chr5","35141750","35142048","chr19","26852137","26852431","35","8289613"
"chr5","35142387","35142682","chr21","99833502","99833794","31","64691115"
"chr5","35143953","35144256","chr4","74527538","74527832","28","39383585"
"chr5","35145312","35145610","chr4","74526184","74526481","15","39380872"
"chr5","35146758","35147065","chr4","74524723","74525032","29","39377965"
"chr5","35149935","35150237","chr28","20527766","20528066","45","14622169"
"chr5","35160007","35160313","chr4","74511037","74511337","39","39351030"
"chr5","35180164","35180432","chr2","16293094","16293363","34","18887070"
"chr5","35188702","35188976","chr17","14826680","14826951","29","20362022"
"chr5","35188977","35189277","chr2","59301290","59301594","34","24112313"
"chr5","35191623","35191886","chr8","20562684","20562913","74","14628939"
"chr5","35200301","35200590","chr18","34938378","34938668","34","261923"
"chr5","35209580","35209872","chr15","64630867","64631162","41","29421287"
"chr5","35214450","35214760","chr4","74460228","74460528","32","39245778"
"chr5","35217289","35217566","chr6","40544615","40544894","50","5327326"
"chr5","35226722","35226961","chr9","61704066","61704306","35","26477344"
"chr5","35231589","35231868","chr20","92772645","92772923","35","57541056"
"chr5","35237458","35237755","chr24","81534444","81534741","33","46296986"
"chr5","35244634","35244923","chr24","81524686","81524980","57","46280052"
"chr5","35250316","35250611","chr4","74431218","74431519","28","39180902"
"chr5","35262798","35263093","chr4","74419711","74420006","24","39156913"
"chr5","35277461","35277762","chr4","74407973","74408278","30","39130512"
"chr5","35294207","35294252","chr19","20280896","20280929","22","15013311"
"chr5","35294253","35294446","chr7","15845768","15845962","28","19448485"
"chr5","35308920","35309204","chr4","74377484","74377767","32","39068564"
"chr5","35318567","35318866","chr4","74370632","74370930","40","39052065"
"chr5","35343611","35343834","chr11","124263168","124263380","48","88919557"
"chr5","35344055","35344352","chr4","74345498","74345783","32","39001443"
"chr5","35358096","35358402","chr4","74325093","74325404","32","38966997"
"chr5","35365357","35365657","chr4","74318262","74318571","32","38952905"
"chr5","35379925","35380215","chr11","96978397","96978692","34","61598472"
"chr5","35470505","35470809","chr14","90762806","90763107","35","55292301"
"chr5","35485783","35486092","chr6","2517240","2517548","34","32968543"
"chr5","35494185","35494494","chr4","74201638","74201948","32","38707453"
"chr5","35520613","35520916","chr25","28024918","28025220","36","7495695"
"chr5","35534343","35534635","chr6","34071640","34071932","34","1462703"
"chr5","35556661","35556975","chr4","74143189","74143498","29","38586528"
"chr5","35562418","35562688","chr4","74137670","74137947","29","38575252"
"chr5","35649390","35649699","chr4","74064500","74064805","34","38415110"
"chr5","35659735","35660027","chr4","74054142","74054441","34","38394407"
"chr5","35690369","35690688","chr4","74024443","74024752","35","38334074"
"chr5","35693287","35693606","chr4","74024443","74024752","35","38331156"
"chr5","35746555","35746853","chr8","138973046","138973346","32","103226491"
"chr5","35747892","35748196","chr19","32143432","32143738","31","3604460"
"chr5","35833610","35833897","chr4","73889650","73889948","35","38056040"
"chr5","35835788","35836107","chr4","73887452","73887754","47","38051664"
"chr5","35844399","35844715","chr4","73879116","73879428","28","38034717"
"chr5","35889771","35890064","chr6","17650071","17650364","34","18239700"
"chr5","35895907","35896200","chr4","73828913","73829207","32","37933006"
"chr5","35905420","35905700","chr4","73819490","73819764","38","37914070"
"chr5","35909213","35909411","chr7","15845768","15845962","44","20063445"
"chr5","35918718","35919022","chr16","51076400","51076703","32","15157682"
"chr5","35923587","35923889","chr4","73801618","73801927","27","37878031"
"chr5","35928413","35928714","chr4","73798986","73799285","23","37870573"
"chr5","35931181","35931484","chr16","61063438","61063741","38","25132257"
"chr5","35947303","35947591","chr4","73779600","73779888","32","37832297"
"chr5","35963416","35963706","chr20","92391112","92391404","36","56427696"
"chr5","35964030","35964326","chr4","73764112","73764408","21","37800082"
"chr5","35971831","35972118","chr9","8470176","8470462","39","27501655"
"chr5","35981799","35982100","chr4","73746961","73747271","34","37765162"
"chr5","35992259","35992568","chr3","9026672","9026974","34","26965587"
"chr5","36033673","36033959","chr4","73698817","73699112","27","37665144"
"chr5","36038787","36039078","chr20","77903993","77904291","30","41865206"
"chr5","36076373","36076672","chr4","73655432","73655738","39","37579059"
"chr5","36105193","36105476","chr17","28764095","28764380","30","7341098"
"chr5","36131795","36132090","chr8","26841679","26841970","39","9290116"
"chr5","36139519","36139811","chr12","80083509","80083803","53","43943990"
"chr5","36155945","36156253","chr4","73579440","73579752","35","37423495"
"chr5","36157675","36157982","chr4","73579440","73579752","32","37421765"
"chr5","36159880","36160190","chr4","73577180","73577487","28","37417300"
"chr5","36161173","36161476","chr24","14271706","14272008","41","21889467"
"chr5","36166111","36166418","chr4","73570544","73570860","32","37404433"
"chr5","36172761","36173061","chr4","73565720","73566019","35","37392959"
"chr5","36189935","36190233","chr19","26852137","26852431","32","9337798"
"chr5","36205289","36205590","chr4","73529118","73529404","37","37323829"
"chr5","36206683","36206978","chr5","22304513","22304809","36","13902170"
"chr5","36209458","36209744","chr24","61270461","61270747","30","25061003"
"chr5","36237480","36237783","chr4","73501450","73501754","26","37263970"
"chr5","36272067","36272343","chr24","8126608","8126887","42","28145459"
"chr5","36273226","36273544","chr9","13276018","13276326","51","22997208"
"chr5","36280584","36280877","chr6","13473280","13473574","34","22807304"
"chr5","36281554","36281850","chr12","60530800","60531094","41","24249246"
"chr5","36296449","36296750","chr4","73448752","73449043","41","37152303"
"chr5","36305621","36305918","chr4","73440286","73440578","29","37134665"
"chr5","36309737","36310033","chr4","73436172","73436463","35","37126435"
"chr5","36317177","36317474","chr4","73421685","73421980","31","37104508"
"chr5","36337422","36337728","chr4","73408100","73408402","24","37070678"
"chr5","36341534","36341833","chr4","73403865","73404158","31","37062331"
"chr5","36354882","36355177","chr20","92278612","92278904","33","55923730"
"chr5","36364593","36364904","chr20","105607435","105607747","44","69242842"
"chr5","36368469","36368769","chr4","73380153","73380444","29","37011684"
"chr5","36373993","36374295","chr3","9026672","9026974","47","27347321"
"chr5","36381172","36381454","chr4","73369198","73369498","33","36988026"
"chr5","36412895","36413189","chr4","73338590","73338875","34","36925695"
"chr5","36436420","36436727","chr4","73314885","73315196","29","36878465"
"chr5","36441948","36442242","chr11","52407170","52407465","31","15965222"
"chr5","36445683","36445994","chr15","3560912","3561222","42","32884771"
"chr5","36449538","36449825","chr11","107460306","107460586","38","71010768"
"chr5","36451501","36451783","chr4","73300076","73300371","38","36848575"
"chr5","36483441","36483757","chr4","73266790","73267086","47","36783349"
"chr5","36509644","36509932","chr4","73241264","73241549","29","36731620"
"chr5","36530705","36530992","chr4","73218410","73218698","26","36687705"
"chr5","36574068","36574358","chr4","73169177","73169464","30","36595109"
"chr5","36594363","36594645","chr4","73154633","73154915","16","36560270"
"chr5","36599340","36599643","chr4","73149594","73149891","36","36550254"
"chr5","36631406","36631705","chr4","73121408","73121711","33","36490002"
"chr5","36637147","36637456","chr4","73115668","73115971","35","36478521"
"chr5","36646636","36646934","chr2","58574225","58574523","27","21927589"
"chr5","36652038","36652345","chr24","69859681","69859985","39","33207643"
"chr5","36769152","36769479","chr10","24331092","24331413","40","12438060"
"chr5","36776639","36776957","chr20","20614366","20614676","50","16162273"
"chr5","36779907","36780224","chr13","65764759","65765069","42","28984852"
"chr5","36782512","36782822","chr3","92098202","92098513","57","55315690"
"chr5","36804961","36805268","chr11","5833008","5833312","41","30971953"
"chr5","36808881","36809177","chr4","72961360","72961664","30","36152479"
"chr5","36823461","36823743","chr4","72953059","72953341","24","36129598"
"chr5","36827195","36827491","chr4","72949286","72949587","24","36122091"
"chr5","36852790","36853070","chr4","72930283","72930556","31","36077493"
"chr5","36855448","36855728","chr4","72930283","72930556","29","36074835"
"chr5","36874562","36874863","chr14","83453212","83453508","45","46578650"
"chr5","36912542","36912767","chr4","72874348","72874566","30","35961806"
"chr5","36921278","36921574","chr4","72867405","72867699","31","35946127"
"chr5","36932587","36932883","chr11","96978397","96978692","35","60045810"
"chr5","36935058","36935367","chr1","68742662","68742962","35","31807604"
"chr5","36976551","36976758","chr4","72818236","72818446","18","35841685"
"chr5","36988642","36988953","chr4","72809504","72809805","26","35820862"
"chr5","37016575","37016866","chr1","17699624","17699919","47","19316951"
"chr5","37031671","37031981","chr4","72765758","72766067","29","35734087"
"chr5","37097593","37097884","chr1","120913945","120914241","46","83816352"
"chr5","37126203","37126502","chr11","100297173","100297471","31","63170970"
"chr5","37138521","37138825","chr4","72655326","72655628","17","35516805"
"chr5","37205146","37205440","chr4","72588337","72588643","51","35383191"
"chr5","37206331","37206649","chr5","43308878","43309187","53","6102547"
"chr5","37207615","37207923","chr4","72584115","72584407","37","35376500"
"chr5","37282626","37282930","chr4","72487796","72488100","21","35205170"
"chr5","37284699","37285007","chr12","18021871","18022178","35","19262828"
"chr5","37300227","37300530","chr4","72470605","72470904","27","35170378"
"chr5","37301948","37302240","chr4","72468877","72469178","33","35166929"
"chr5","37337435","37337737","chr4","72433150","72433456","37","35095715"
"chr5","37390296","37390463","chr9","57624793","57624958","26","20234497"
"chr5","37407164","37407462","chr4","72355987","72356296","35","34948823"
"chr5","37428432","37428726","chr14","64264192","64264485","32","26835760"
"chr5","37519773","37520069","chr4","72248798","72249093","26","34729025"
"chr5","37533316","37533623","chr4","72234687","72234990","25","34701371"
"chr5","37546739","37547038","chr4","72220969","72221262","23","34674230"
"chr5","37579099","37579406","chr4","72190636","72190943","18","34611537"
"chr5","37579680","37579987","chr28","7574176","7574488","38","30005504"
"chr5","37593817","37594122","chr14","5460529","5460831","38","32133288"
"chr5","37602755","37603061","chrX","42218694","42219002","42","4615939"
"chr5","37612411","37612700","chr4","72161742","72162038","48","34549331"
"chr5","37646868","37647167","chr4","72126194","72126509","42","34479326"
"chr5","37651267","37651570","chr4","72121834","72122130","39","34470567"
"chr5","37656829","37657121","chr4","72116451","72116742","22","34459622"
"chr5","37723817","37724108","chr4","72049211","72049502","28","34325394"
"chr5","37727136","37727429","chr4","72045912","72046214","37","34318776"
"chr5","37764120","37764419","chr4","72010023","72010326","29","34245903"
"chr5","37775769","37776056","chr4","71999189","71999492","34","34223420"
"chr5","37801379","37801682","chr8","103533515","103533819","33","65732136"
"chr5","37807309","37807602","chr4","71965653","71965946","20","34158344"
"chr5","37825485","37825781","chr4","71949905","71950198","29","34124420"
"chr5","37831868","37832164","chr4","71943831","71944128","24","34111963"
"chr5","37846147","37846444","chr4","71929897","71930184","31","34083750"
"chr5","37856190","37856493","chr4","71919653","71919952","31","34063463"
"chr5","37863936","37864235","chr4","71911809","71912107","26","34047873"
"chr5","37866251","37866558","chr12","7103681","7103993","34","30762570"
"chr5","37877190","37877474","chr4","71899684","71899969","18","34022494"
"chr5","37948011","37948317","chr4","71838296","71838594","35","33890285"
"chr5","38006046","38006345","chr8","7114217","7114516","34","30891829"
"chr5","38101900","38102109","chr4","71674745","71674955","35","33572845"
"chr5","38111076","38111362","chr4","71665295","71665575","38","33554219"
"chr5","38137955","38138259","chr1","4389880","4390182","36","33748075"
"chr5","38228018","38228305","chr4","71548560","71548849","25","33320542"
"chr5","38229307","38229615","chr23","37753252","37753563","45","476055"
"chr5","38279506","38279806","chr8","7114217","7114516","35","31165289"
"chr5","38307076","38307353","chr4","71475307","71475596","32","33168231"
"chr5","38333415","38333716","chr6","6673876","6674174","35","31659539"
"chr5","38340190","38340489","chr4","71442498","71442810","38","33102308"
"chr5","38383574","38383872","chr5","35843820","35844117","28","2539754"
"chr5","38450055","38450366","chr4","71335426","71335738","25","32885371"
"chr5","38485039","38485343","chr4","71300955","71301262","25","32815916"
"chr5","38497832","38498139","chr9","119963544","119963848","37","81465712"
"chr5","38507513","38507812","chr4","71278535","71278816","40","32771022"
"chr5","38513845","38514149","chr4","71272200","71272501","33","32758355"
"chr5","38536540","38536772","chr4","71253130","71253367","23","32716590"
"chr5","38538474","38538804","chr26","16641781","16642122","60","21896693"
"chr5","38539178","38539481","chr4","71250443","71250748","24","32711265"
"chr5","38547657","38547950","chr8","26524594","26524886","29","12023063"
"chr5","38549114","38549419","chr12","11603703","11604010","37","26945411"
"chr5","38564818","38565108","chr9","12277347","12277641","35","26287471"
"chr5","38595898","38596195","chr4","71195622","71195922","16","32599724"
"chr5","38597582","38597889","chr4","71193911","71194218","32","32596329"
"chr5","38606191","38606486","chr4","71185794","71186082","22","32579603"
"chr5","38623044","38623350","chr16","60545204","60545511","34","21922160"
"chr5","38626125","38626426","chr2","58338718","58339014","44","19712593"
"chr5","38640048","38640335","chr5","25397276","25397570","30","13242772"
"chr5","38676796","38677087","chr4","71142691","71142982","19","32465895"
"chr5","38678636","38678935","chr4","71139759","71140051","33","32461123"
"chr5","38689278","38689582","chr4","71124481","71124786","28","32435203"
"chr5","38689746","38690044","chr14","14997912","14998214","39","23691834"
"chr5","38692098","38692408","chr8","52693668","52693972","34","14001570"
"chr5","38692430","38692730","chr2","38078342","38078638","38","614088"
"chr5","38708607","38708906","chr2","17068240","17068542","43","21640367"
"chr5","38715089","38715362","chr7","131337333","131337610","37","92622244"
"chr5","38736199","38736489","chr14","52464014","52464302","30","13727815"
"chr5","38742959","38743268","chr4","71073019","71073326","27","32330060"
"chr5","38744283","38744556","chr4","71071414","71071680","20","32327131"
"chr5","38753293","38753595","chr4","71062698","71063012","40","32309405"
"chr5","38756423","38756713","chrX_KE148108v1_random","1378580","1378875","34","37377843"
"chr5","38759541","38759836","chr4","71057405","71057712","38","32297864"
"chr5","38760139","38760447","chr4","71056593","71056902","24","32296454"
"chr5","38764072","38764364","chr10","127130018","127130310","38","88365946"
"chr5","38780802","38781095","chr4","71034446","71034736","30","32253644"
"chr5","38781677","38781986","chr6","30911723","30912031","45","7869954"
"chr5","38782942","38783253","chr8","35854442","35854754","36","2928500"
"chr5","38785390","38785687","chr4","71031471","71031771","23","32246081"
"chr5","38796698","38796986","chr4","71022128","71022409","24","32225430"
"chr5","38875269","38875517","chr11","22899787","22900035","32","15975482"
"chr5","38889669","38889947","chr1","33243264","33243541","39","5646405"
"chr5","38910854","38911156","chr11","100271972","100272274","37","61361118"
"chr5","38920260","38920548","chr4","70896419","70896696","38","31976159"
"chr5","38931327","38931618","chr4","70884875","70885173","32","31953548"
"chr5","38965241","38965543","chr25","27664129","27664423","36","11301112"
"chr5","38987648","38987957","chr4","70827750","70828058","30","31840102"
"chr5","39023587","39023886","chr4","70793017","70793303","32","31769430"
"chr5","39031747","39032034","chr4","70785184","70785470","24","31753437"
"chr5","39035407","39035710","chr4","70781537","70781844","41","31746130"
"chr5","39104022","39104329","chr2","19131321","19131631","38","19972701"
"chr5","39109730","39110024","chr4","70707740","70708032","32","31598010"
"chr5","39129141","39129439","chr20","104680444","104680744","29","65551303"
"chr5","39129782","39130063","chr4","70687007","70687288","27","31557225"
"chr5","39150357","39150660","chr4","70667300","70667585","37","31516943"
"chr5","39161056","39161360","chr29","9500534","9500831","33","29660522"
"chr5","39169889","39170183","chr12","14360098","14360391","40","24809791"
"chr5","39175269","39175578","chr4","70640732","70641039","35","31465463"
"chr5","39184047","39184356","chr5","26410686","26410992","32","12773361"
"chr5","39192360","39192665","chr4","70627648","70627957","30","31435288"
"chr5","39195895","39196197","chr2","65566388","65566688","35","26370493"
"chr5","39209538","39209845","chr12","46549426","46549730","35","7339888"
"chr5","39235551","39235857","chr6","30393310","30393612","41","8842241"
"chr5","39246150","39246456","chr4","70576089","70576387","35","31329939"
"chr5","39265045","39265366","chr2","13494089","13494404","42","25770956"
"chr5","39277032","39277342","chr22","16974195","16974505","46","22302837"
"chr5","39296327","39296629","chr16","70499264","70499563","30","31202937"
"chr5","39310945","39311238","chr9","89036069","89036366","38","49725124"
"chr5","39316724","39317006","chr4","70506233","70506525","29","31189509"
"chr5","39718365","39718669","chr4","70129045","70129355","32","30410680"
"chr5","39723680","39723977","chr4","70123724","70124021","26","30400044"
"chr5","39773523","39773815","chr22","49448140","49448433","30","9674617"
"chr5","39819463","39819737","chr4","70050647","70050929","33","30231184"
"chr5","39835091","39835380","chr4","13836335","13836622","29","25998756"
"chr5","39839002","39839291","chr27","11355270","11355564","33","28483732"
"chr5","39881401","39881708","chr4","69998983","69999293","27","30117582"
"chr5","39912043","39912347","chr22","16974195","16974505","45","22937848"
"chr5","39960137","39960428","chr4","69919954","69920238","27","29959817"
"chr5","40028944","40029251","chr13","85219103","85219406","34","45190159"
"chr5","40041313","40041483","chr16","39692631","39692802","32","348682"
"chr5","40094987","40095283","chr4","69787622","69787922","29","29692635"
"chr5","40126241","40126536","chr6","446526","446812","39","39679715"
"chr5","40206176","40206473","chr4","69674991","69675296","30","29468815"
"chr5","40221273","40221497","chr11","124263168","124263380","48","84041895"
"chr5","40225597","40225853","chr12","57823631","57823895","46","17598034"
"chr5","40230686","40230991","chr8","20691611","20691911","36","19539075"
"chr5","40233254","40233554","chr4","69648397","69648700","26","29415143"
"chr5","40256178","40256472","chr6","11893852","11894141","49","28362326"
"chr5","40280961","40281255","chrX","49432973","49433270","34","9152012"
"chr5","40289311","40289603","chr14","70347328","70347617","43","30058017"
"chr5","40313218","40313522","chr2","8100719","8101022","38","32212499"
"chr5","40328140","40328400","chr20","114033975","114034250","49","73705835"
"chr5","40350191","40350484","chr24","52241668","52241960","43","11891477"
"chr5","40363472","40363784","chr4","69553151","69553462","29","29189679"
"chr5","40420427","40420623","chr4","69501235","69501430","22","29080808"
"chr5","40496498","40496785","chr9","107126503","107126780","37","66630005"
"chr5","40509257","40509565","chr23","22864793","22865102","39","17644464"
"chr5","40526952","40527262","chr4","69404184","69404488","27","28877232"
"chr5","40584187","40584492","chr4","69344710","69345017","27","28760523"
"chr5","40597717","40598011","chr11","96978397","96978692","30","56380680"
"chr5","40630143","40630438","chr4","69288837","69289131","27","28658694"
"chr5","40647602","40647900","chr4","69269580","69269881","22","28621978"
"chr5","40649775","40650074","chr4","69269580","69269881","22","28619805"
"chr5","40673858","40674148","chr4","69248392","69248681","34","28574534"
"chr5","40687646","40687941","chr4","69234568","69234862","29","28546922"
"chr5","40701121","40701416","chr21","11384164","11384453","43","29316957"
"chr5","40702287","40702590","chr4","69225249","69225561","29","28522962"
"chr5","40712267","40712464","chr6","27447308","27447543","70","13264959"
"chr5","40720084","40720369","chr4","69202160","69202444","21","28482076"
"chr5","40746517","40746813","chr4","69175040","69175341","29","28428523"
"chr5","40768691","40768864","chr19","32357376","32357549","23","8411315"
"chr5","40799450","40799744","chr14","13867047","13867343","48","26932403"
"chr5","40800469","40800760","chr4","69124404","69124697","34","28323935"
"chr5","40819604","40819871","chr1","108635202","108635464","48","67815598"
"chr5","40857689","40857954","chr21","109092961","109093235","40","68235272"
"chr5","40858806","40859113","chr6","28083926","28084229","35","12774880"
"chr5","40874949","40875244","chr4","69050786","69051076","33","28175837"
"chr5","40890781","40891083","chr11","58983962","58984263","36","18093181"
"chr5","40919921","40920261","chr21","107171273","107171610","56","66251352"
"chr5","40930121","40930432","chrX_KE148108v1_random","1028857","1029167","39","39901264"
"chr5","40942298","40942591","chr4","68985309","68985604","29","28043011"
"chr5","40971425","40971712","chr4","68958175","68958469","38","27986750"
"chr5","40982342","40982638","chr7","91654814","91655114","39","50672472"
"chr5","40991771","40992002","chr9","61704066","61704306","50","20712295"
"chr5","40996917","40997201","chr4","68933311","68933595","29","27936394"
"chr5","41012664","41012962","chr4","68915144","68915440","29","27902480"
"chr5","41037293","41037598","chr1","14106229","14106537","43","26931064"
"chr5","41079350","41079649","chr1","9967077","9967375","37","31112273"
"chr5","41089041","41089351","chr6","12024641","12024941","49","29064400"
"chr5","41112229","41112477","chr4","68809775","68810024","28","27697546"
"chr5","41197674","41197734","chr2","53745888","53745954","28","12548214"
"chr5","41198443","41198657","chr11","124263168","124263380","44","83064725"
"chr5","41331479","41331772","chr4","68604433","68604728","25","27272954"
"chr5","41373473","41373772","chrX","110161002","110161297","36","68787529"
"chr5","41503373","41503644","chr4","68439522","68439799","40","26936149"
"chr5","41546133","41546404","chr13","78970128","78970403","32","37423995"
"chr5","41575728","41576033","chr9","12133876","12134181","41","29441852"
"chr5","41603677","41603927","chrX","111985892","111986141","35","70382215"
"chr5","41649672","41649927","chrX","16837826","16838070","32","24811846"
"chr5","41667278","41667562","chr14","45404891","45405174","49","3737613"
"chr5","41740803","41741114","chr27","40845363","40845670","39","895440"
"chr5","41755518","41755752","chr6","48316385","48316620","38","6560867"
"chr5","41798128","41798405","chr4","68159716","68159993","19","26361588"
"chr5","41800907","41801217","chr4","68156903","68157205","31","26355996"
"chr5","41846749","41847050","chr4","68113611","68113911","21","26266862"
"chr5","41917540","41917850","chr9","31702559","31702870","41","10214981"
"chr5","41925998","41926262","chr4","68033200","68033461","28","26107202"
"chr5","41985741","41986058","chr16","6770929","6771247","43","35214812"
"chr5","41989091","41989393","chr4","67969850","67970140","32","25980759"
"chr5","41989942","41990250","chr4","67969345","67969646","28","25979403"
"chr5","42000665","42000962","chr1","9967077","9967375","33","32033588"
"chr5","42001487","42001789","chr4","67959376","67959680","25","25957889"
"chr5","42004987","42005223","chr16","31906139","31906391","53","10098848"
"chr5","42026728","42027023","chrX","43907476","43907773","36","1880748"
"chr5","42074846","42075148","chr4","67889616","67889914","25","25814770"
"chr5","42087218","42087515","chr4","52351346","52351638","35","10264128"
"chr5","42103703","42103979","chr4","67860339","67860615","34","25756636"
"chr5","42115095","42115269","chr16","69366804","69366982","22","27251709"
"chr5","42122905","42123184","chr20","86699021","86699299","35","44576116"
"chr5","42168109","42168412","chr4","67779922","67780226","29","25611813"
"chr5","42179214","42179506","chr4","67768738","67769026","26","25589524"
"chr5","42190639","42190891","chr16","31906139","31906391","40","10284500"
"chr5","42226855","42227155","chr4","67716582","67716880","30","25489727"
"chr5","42240185","42240496","chr4","67703079","67703385","32","25462894"
"chr5","42354045","42354350","chr6","33162057","33162362","46","9191988"
"chr5","42421092","42421378","chr12","97900320","97900608","32","55479228"
"chr5","42440015","42440310","chr12","964980","965277","37","41475035"
"chr5","42462101","42462243","chr4","67482886","67483040","15","25020785"
"chr5","42474979","42475263","chr10","119339805","119340079","43","76864826"
"chr5","42518946","42519259","chrX","40158","40471","35","42478788"
"chr5","42555193","42555429","chr9","61704066","61704306","56","19148873"
"chr5","42575776","42576087","chr15","18949493","18949804","37","23626283"
"chr5","42581366","42581673","chr3","2061626","2061937","33","40519740"
"chr5","42590263","42590533","chr4","67344340","67344606","24","24754077"
"chr5","42653786","42654088","chr29","12158374","12158672","37","30495412"
"chr5","42655811","42656111","chr4","69199047","69199342","35","26543236"
"chr5","42659783","42659988","chr17","35070061","35070263","33","7589722"
"chr5","42660524","42660821","chr4","67280808","67281105","25","24620284"
"chr5","42668753","42669044","chr4","67273542","67273824","34","24604789"
"chr5","42684040","42684315","chr4","67269168","67269442","25","24585128"
"chr5","42710963","42711259","chr4","67238738","67239039","26","24527775"
"chr5","42742522","42742814","chr4","67207288","67207586","29","24464766"
"chr5","42751554","42751850","chr4","67197658","67197936","35","24446104"
"chr5","42794524","42794835","chr4","67155214","67155528","30","24360690"
"chr5","42886096","42886381","chr1","5539399","5539680","38","37346697"
"chr5","42931696","42931993","chr21","122421574","122421875","37","79489878"
"chr5","42943473","42943778","chr4","67008744","67009051","32","24065271"
"chr5","42998714","42999020","chr7","115282515","115282825","28","72283801"
"chr5","43102296","43102585","chr4","66839368","66839654","26","23737072"
"chr5","43162166","43162471","chr4","66779270","66779566","29","23617104"
"chr5","43209946","43210168","chr9","99339340","99339577","45","56129394"
"chr5","43267751","43268052","chr11","52553248","52553547","36","9285497"
"chr5","43280045","43280352","chr4","66665272","66665586","41","23385227"
"chr5","43320284","43320589","chr4","66625822","66626128","20","23305538"
"chr5","43393793","43394059","chr4","66555263","66555535","30","23161470"
"chr5","43448869","43449180","chr11","2853447","2853759","34","40595422"
"chr5","43452842","43452981","chr5","60233790","60233929","22","16780948"
"chr5","43454789","43455092","chr8","7114217","7114516","35","36340572"
"chr5","43458117","43458414","chr4","66491295","66491584","34","23033178"
"chr5","43481303","43481599","chr3","22982008","22982305","30","20499295"
"chr5","43520818","43521103","chr4","66427698","66427982","25","22906880"
"chr5","43541889","43542183","chr9","114952603","114952897","32","71410714"
"chr5","43670141","43670430","chr4","66273796","66274081","29","22603655"
"chr5","43911375","43911659","chr5","19906956","19907232","46","24004419"
"chr5","43973900","43974126","chr11","124263168","124263380","47","80289268"
"chr5","44020441","44020738","chr4","65950740","65951032","30","21930299"
"chr5","44055678","44055966","chr1","32368269","32368555","49","11687409"
"chr5","44076850","44077149","chrX_KE148108v1_random","1085636","1085929","34","42991214"
"chr5","44085262","44085573","chr4","65890126","65890436","18","21804864"
"chr5","44086745","44087045","chr19","7189773","7190076","33","36896972"
"chr5","44092612","44092903","chr4","65879365","65879640","39","21786753"
"chr5","44108947","44109241","chr4","65862457","65862748","36","21753510"
"chr5","44136263","44136564","chr28","16975386","16975688","48","27160877"
"chr5","44148790","44149091","chr4","65820775","65821073","32","21671985"
"chr5","44183232","44183543","chr4","21630426","21630741","34","22552806"
"chr5","44267234","44267496","chr11","50370524","50370784","56","6103290"
"chr5","45471990","45472292","chr4","21431069","21431372","35","24040921"
"chr5","45488961","45489254","chr15","90536879","90537170","40","45047918"
"chr5","45490812","45491104","chr15","90536879","90537170","40","45046067"
"chr5","45493997","45494295","chr4","21451544","21451846","28","24042453"
"chr5","45505133","45505424","chr4","65806152","65806443","29","20301019"
"chr5","45509652","45509949","chr16","1283822","1284122","39","44225830"
"chr5","45516119","45516286","chr4","65795523","65795690","12","20279404"
"chr5","45521034","45521338","chr4","65790758","65791062","23","20269724"
"chr5","45528316","45528619","chr10","72371037","72371341","26","26842721"
"chr5","45536453","45536760","chr4","65774963","65775274","24","20238510"
"chr5","45544761","45545037","chr4","65766512","65766789","23","20221751"
"chr5","45548384","45548657","chr4","65762589","65762858","21","20214205"
"chr5","45551957","45552270","chr5","26410686","26410992","37","19141271"
"chr5","45556184","45556489","chr4","65751855","65752158","33","20195671"
"chr5","45561409","45561697","chr18","54197521","54197806","35","8636112"
"chr5","45578607","45578914","chr4","65732333","65732638","27","20153726"
"chr5","45578932","45579230","chr11","126349482","126349781","37","80770550"
"chr5","45582417","45582726","chr11","117734119","117734423","25","72151702"
"chr5","45591539","45591836","chr4","65721796","65722089","24","20130257"
"chr5","45596197","45596498","chr4","65717551","65717849","16","20121354"
"chr5","45605597","45605903","chr4","65707420","65707718","30","20101823"
"chr5","45608652","45608954","chr4","65704423","65704717","33","20095771"
"chr5","45615783","45616079","chr4","65699270","65699561","29","20083487"
"chr5","45634563","45634820","chr4","65683218","65683480","26","20048655"
"chr5","45646751","45646918","chr4","65670757","65670934","22","20024006"
"chr5","45648960","45649274","chr4","65669272","65669572","33","20020312"
"chr5","45665798","45666057","chr9","44980829","44981096","43","684969"
"chr5","45666361","45666669","chr14","2455247","2455558","42","43211114"
"chr5","45666673","45666940","chr4","65648572","65648826","32","19981899"
"chr5","45670607","45670895","chr7","105486711","105486989","51","59816104"
"chr5","45682655","45682961","chr4","65634585","65634894","28","19951930"
"chr5","45684214","45684505","chr4","65633034","65633324","26","19948820"
"chr5","45686439","45686729","chr4","65630634","65630927","22","19944195"
"chr5","45695189","45695476","chr6","11893852","11894141","31","33801337"
"chr5","45700844","45701138","chr4","65614004","65614291","30","19913160"
"chr5","45709621","45709918","chr14","68867958","68868256","41","23158337"
"chr5","45720480","45720773","chr4","65595925","65596214","23","19875445"
"chr5","45728968","45729270","chr14","59411345","59411646","44","13682377"
"chr5","45733193","45733467","chr1","66554119","66554398","38","20820926"
"chr5","45738743","45739048","chr4","65578559","65578865","30","19839816"
"chr5","45739086","45739390","chr8","52693668","52693972","35","6954582"
"chr5","45743003","45743313","chr1","29071160","29071467","37","16671843"
"chr5","45744744","45745013","chr4","65573343","65573617","24","19828599"
"chr5","45765679","45765931","chr9","34088434","34088698","41","11677245"
"chr5","45766638","45766884","chr4","65550778","65551023","33","19784140"
"chr5","45792225","45792514","chrX","45759763","45760054","37","32462"
"chr5","45795820","45796115","chr4","65522499","65522795","26","19726679"
"chr5","45831569","45831874","chr25","44145991","44146298","41","1685578"
"chr5","45866960","45867264","chr4","65447871","65448177","25","19580911"
"chr5","45867267","45867425","chr17","57219584","57219745","22","11352317"
"chr5","45870325","45870627","chr20","102069946","102070249","28","56199621"
"chr5","45881940","45882227","chrX","22852905","22853198","35","23029035"
"chr5","45884269","45884566","chr23","36888077","36888376","33","8996192"
"chr5","45884607","45884897","chr10","110720648","110720937","33","64836041"
"chr5","45887133","45887424","chr15","91394121","91394413","35","45506988"
"chr5","45893421","45893595","chr16","4239898","4240075","32","41653523"
"chr5","45896689","45896952","chr4","65425556","65425819","30","19528867"
"chr5","45897369","45897555","chr7","15845768","15845962","40","30051601"
"chr5","45924646","45924942","chrX","20403447","20403743","39","25521199"
"chr5","45924961","45925259","chr20","120519440","120519734","31","74594479"
"chr5","45926930","45927225","chr5","44066633","44066933","28","1860297"
"chr5","45927616","45927880","chr4","65410313","65410575","24","19482697"
"chr5","45932622","45932906","chr4","65393672","65393963","29","19461050"
"chr5","45938984","45939293","chr2","14523205","14523513","36","31415779"
"chr5","45944774","45945090","chr17","70166834","70167147","38","24222060"
"chr5","45955956","45956254","chr5","38258697","38258990","35","7697259"
"chr5","45964341","45964560","chr7","15845768","15845962","45","30118573"
"chr5","45968176","45968485","chr16","32554349","32554655","29","13413827"
"chr5","45974237","45974535","chr8","82121390","82121692","53","36147153"
"chr5","45999783","46000000","chr24","75628397","75628610","27","29628614"
"chr5","46004556","46004801","chr9","61704066","61704306","41","15699510"
"chr5","46007220","46007493","chr2","81664191","81664459","39","35656971"
"chr5","46012225","46012519","chr4","65314862","65315163","31","19302637"
"chr5","46017230","46017523","chr4","65310609","65310879","32","19293379"
"chr5","46017707","46018021","chr8","10801167","10801476","38","35216540"
"chr5","46018673","46018967","chr11","6429844","6430143","30","39588829"
"chr5","46019507","46019721","chr8","28356133","28356350","31","17663374"
"chr5","46027015","46027292","chr23","27775497","27775777","43","18251518"
"chr5","46035094","46035342","chr25","74231605","74231867","43","28196511"
"chr5","46036703","46036902","chr4","65293219","65293423","23","19256516"
"chr5","46041275","46041578","chrX","60957021","60957332","43","14915746"
"chr5","46044344","46044649","chr9","33958924","33959219","39","12085420"
"chr5","46047379","46047681","chr8","97924595","97924892","29","51877216"
"chr5","46063501","46063812","chr4","65271008","65271311","30","19207507"
"chr5","46075636","46075856","chr11","124263168","124263380","47","78187532"
"chr5","46081067","46081375","chr20","105370550","105370855","38","59289483"
"chr5","46083905","46084205","chr11","100297173","100297471","31","54213268"
"chr5","46088910","46089224","chr12","6938340","6938644","46","39150570"
"chr5","46092067","46092379","chr6","49410992","49411297","37","3318925"
"chr5","46102533","46102827","chr12","57823631","57823895","74","11721098"
"chr5","46109153","46109260","chr29","17729217","17729329","18","28379936"
"chr5","46109718","46109869","chr8","138016006","138016164","24","91906288"
"chr5","46115725","46116026","chr2","36216036","36216332","39","9899689"
"chr5","46117993","46118159","chr4","65217215","65217375","19","19099222"
"chr5","46119067","46119141","chr22","18990534","18990602","25","27128533"
"chr5","46129610","46129915","chr4","65205873","65206184","25","19076263"
"chr5","46134028","46134337","chr4","65201128","65201432","26","19067100"
"chr5","46138217","46138487","chr4","65196432","65196686","40","19058215"
"chr5","46140012","46140226","chr17","38823537","38823742","45","7316475"
"chr5","46153361","46153539","chr4","65181531","65181701","19","19028170"
"chr5","46159528","46159833","chr4","65175665","65175974","27","19016137"
"chr5","46170528","46170838","chr4","65158513","65158818","28","18987985"
"chr5","46183349","46183647","chr1","109009227","109009529","33","62825878"
"chr5","46183773","46184080","chr4","65153403","65153711","20","18969630"
"chr5","46205100","46205409","chr4","65132811","65133119","28","18927711"
"chr5","46249208","46249505","chr4","69084","69380","32","46180124"
"chr5","46266524","46266823","chr4","65070498","65070811","35","18803974"
"chr5","46358820","46359133","chr4","64985517","64985831","27","18626697"
"chr5","46366306","46366594","chr4","64977755","64978046","27","18611449"
"chr5","46430208","46430512","chr4","64909882","64910186","29","18479674"
"chr5","46454581","46454888","chr11","128035462","128035768","42","81580881"
"chr5","46526467","46526761","chr4","64817056","64817359","25","18290589"
"chr5","46667499","46667795","chr9","6588576","6588867","32","40078923"
"chr5","46821429","46821723","chr25","27664129","27664423","34","19157300"
"chr5","46846786","46847089","chr6","31673592","31673892","37","15173194"
"chr5","46876743","46877001","chr8","23317334","23317595","39","23559409"
"chr5","47017529","47017833","chr1","67026506","67026811","40","20008977"
"chr5","47062378","47062665","chr4","67278344","67278631","35","20215966"
"chr5","47065291","47065598","chr4","64305158","64305466","35","17239867"
"chr5","47071661","47071957","chr4","64298626","64298920","24","17226965"
"chr5","47084647","47084902","chr8","121253617","121253882","41","74168970"
"chr5","47097674","47097975","chr13","12228130","12228438","46","34869544"
"chr5","47099506","47099814","chr1","34397290","34397600","32","12702216"
"chr5","47101507","47101811","chr13","56255863","56256166","43","9154356"
"chr5","47103827","47104131","chrX","110012998","110013297","42","62909171"
"chr5","47117516","47117820","chr4","64258630","64258932","30","17141114"
"chr5","47120155","47120439","chr4","64256015","64256305","33","17135860"
"chr5","47122163","47122462","chr6","8918236","8918539","40","38203927"
"chr5","47182213","47182525","chr4","52307241","52307551","50","5125028"
"chr5","47195464","47195772","chr4","64186066","64186372","32","16990602"
"chr5","47250856","47251164","chr4","64137005","64137306","31","16886149"
"chr5","47253036","47253344","chr4","64137005","64137306","30","16883969"
"chr5","47301004","47301293","chr4","64084311","64084590","23","16783307"
"chr5","47384025","47384341","chr4","64007679","64007984","49","16623654"
"chr5","47585337","47585575","chr9","61704066","61704306","54","14118729"
"chr5","47627247","47627557","chr2","39182421","39182732","32","8444826"
"chr5","47647041","47647194","chr5","25695095","25695250","22","21951946"
"chr5","47766302","47766608","chr4","63678410","63678713","23","15912108"
"chr5","48095313","48095604","chr7","134094765","134095057","32","85999452"
"chr5","48279637","48279948","chr4","63174127","63174435","32","14894490"
"chr5","48407131","48407440","chr4","63048739","63049041","23","14641608"
"chr5","48436053","48436238","chr16","53256115","53256293","29","4820062"
"chr5","48436240","48436549","chr4","63023493","63023798","39","14587253"
"chr5","48501526","48501832","chr3","56373314","56373613","34","7871788"
"chr5","48553353","48553617","chr4","62913885","62914148","27","14360532"
"chr5","48575399","48575680","chr8","11403434","11403717","33","37171965"
"chr5","48707185","48707495","chr8","48698345","48698653","36","8840"
"chr5","48729834","48730117","chr4","62736044","62736326","20","14006210"
"chr5","48758199","48758508","chr13","45171921","45172226","40","3586278"
"chr5","48783485","48783770","chr4","62681621","62681910","34","13898136"
"chr5","48791324","48791636","chrX","105798654","105798959","44","57007330"
"chr5","48812401","48812703","chr17","1769259","1769563","33","47043142"
"chr5","48855032","48855318","chr24","60976043","60976327","41","12121011"
"chr5","48902841","48903146","chr4","62565826","62566130","26","13662985"
"chr5","49021879","49022175","chr15","64630867","64631162","41","15608988"
"chr5","49034540","49034832","chr4","62444238","62444542","27","13409698"
"chr5","49043900","49044203","chr4","62434420","62434725","37","13390520"
"chr5","49045103","49045419","chr4","62433031","62433328","40","13387928"
"chr5","49048074","49048343","chr14","81944891","81945154","35","32896817"
"chr5","49150497","49150783","chr23","70341228","70341515","31","21190731"
"chr5","49199738","49200054","chr4","62272928","62273240","32","13073190"
"chr5","49241835","49242128","chr4","62238632","62238931","24","12996797"
"chr5","49252272","49252561","chr3","4740500","4740792","42","44511772"
"chr5","49275180","49275479","chr4","62205067","62205366","24","12929887"
"chr5","49288069","49288370","chr9","26933496","26933799","48","22354573"
"chr5","49306920","49307240","chr4","62174259","62174561","44","12867339"
"chr5","49310281","49310575","chr4","62170946","62171251","36","12860665"
"chr5","49317029","49317317","chr7","111567460","111567746","35","62250431"
"chr5","49330036","49330331","chr4","62148729","62149027","26","12818693"
"chr5","49330583","49330895","chr4","62148199","62148500","37","12817616"
"chr5","49337065","49337372","chr4","62142178","62142483","30","12805113"
"chr5","49368515","49368816","chr4","62112593","62112898","36","12744078"
"chr5","49368844","49369162","chr4","62112239","62112565","28","12743395"
"chr5","49404550","49404861","chr4","62077360","62077664","34","12672810"
"chr5","49429158","49429459","chr11","96978397","96978692","41","47549239"
"chr5","49443477","49443787","chr4","62033880","62034194","37","12590403"
"chr5","49447556","49447858","chr9","119963544","119963848","52","70515988"
"chr5","49458547","49458828","chr4","62018060","62018342","32","12559513"
"chr5","49475912","49476207","chr18","36321854","36322152","29","13154058"
"chr5","49492081","49492379","chr4","61984599","61984898","21","12492518"
"chr5","49493884","49494155","chr21","109016587","109016852","54","59522703"
"chr5","49519075","49519284","chr28","2045766","2045978","25","47473309"
"chr5","49550527","49550833","chr4","61925115","61925442","45","12374588"
"chr5","49551708","49552016","chrX","49910856","49911164","31","359148"
"chr5","49553309","49553609","chr13","14032045","14032343","37","35521264"
"chr5","49594416","49594682","chr4","61887592","61887859","30","12293176"
"chr5","49619978","49620130","chr4","61860793","61860946","19","12240815"
"chr5","49620888","49621071","chr26","28390742","28390922","24","21230146"
"chr5","49647039","49647336","chr8","7114217","7114516","30","42532822"
"chr5","49669305","49669609","chr3","59059643","59059942","40","9390338"
"chr5","49711139","49711443","chr4","61770873","61771179","25","12059734"
"chr5","49743371","49743674","chr16","4654754","4655057","40","45088617"
"chr5","49757695","49758010","chr3","12309911","12310239","55","37447784"
"chr5","49778378","49778679","chr11","120526163","120526460","32","70747785"
"chr5","49785996","49786306","chr20","1445477","1445787","41","48340519"
"chr5","49792195","49792493","chr4","61683889","61684172","34","11891694"
"chr5","49831760","49832066","chrX","23004590","23004894","42","26827170"
"chr5","49850491","49850811","chr4","61619564","61619879","28","11769073"
"chr5","49870611","49870790","chr11","31459088","31459250","30","18411523"
"chr5","49884482","49884769","chr6","33908236","33908526","38","15976246"
"chr5","49895556","49895862","chr10","2407556","2407863","35","47488000"
"chr5","49896905","49897193","chr4","61570143","61570429","21","11673238"
"chr5","49934325","49934622","chr4","61540234","61540533","31","11605909"
"chr5","49973837","49974133","chr16","57812277","57812574","40","7838440"
"chr5","50013800","50014101","chr5","3613015","3613314","32","46400785"
"chr5","50023301","50023603","chr4","61456486","61456783","36","11433185"
"chr5","50066515","50066775","chr1","108635202","108635464","43","58568687"
"chr5","50081767","50082081","chr4","9817044","9817355","41","40264723"
"chr5","50214323","50214617","chr9","93399750","93400044","30","43185427"
"chr5","50218328","50218636","chr4","61258388","61258686","33","11040060"
"chr5","50228727","50229015","chr4","61247028","61247321","15","11018301"
"chr5","50307738","50308036","chr20","102069946","102070249","34","51762208"
"chr5","50325595","50325895","chr6","47863392","47863685","41","2462203"
"chr5","50370305","50370518","chr11","124263168","124263380","38","73892863"
"chr5","50438850","50439144","chr4","61037432","61037738","35","10598582"
"chr5","50529309","50529598","chr4","60947474","60947762","21","10418165"
"chr5","50533996","50534194","chr19","20418921","20419120","29","30115075"
"chr5","50571950","50572246","chr6","41738554","41738850","32","8833396"
"chr5","50631989","50632312","chr16","63013617","63013933","43","12381628"
"chr5","50708663","50708945","chr8","16661841","16662125","34","34046822"
"chr5","50743268","50743572","chr4","60734885","60735188","30","9991617"
"chr5","50883568","50883858","chr4","60600244","60600531","25","9716676"
"chr5","50911489","50911798","chr3","10810055","10810366","40","40101434"
"chr5","50972142","50972431","chr2","57277282","57277567","35","6305140"
"chr5","51107179","51107390","chr4","60377559","60377772","11","9270380"
"chr5","51219549","51219822","chr8","7999730","8000000","45","43219819"
"chr5","51249398","51249735","chr13","31357068","31357375","89","19892330"
"chr5","51329189","51329481","chr2","15417581","15417878","51","35911608"
"chr5","51416235","51416551","chr20","16673218","16673528","45","34743017"
"chr5","51514484","51514785","chr4","59976551","59976861","29","8462067"
"chr5","51621714","51622002","chr9","62114784","62115076","34","10493070"
"chr5","51870027","51870320","chr16","3415487","3415779","40","48454540"
"chr5","51876801","51877030","chr9","61704066","61704306","46","9827265"
"chr5","51917777","51918071","chr4","59595262","59595572","44","7677485"
"chr5","51948134","51948438","chr4","59566607","59566907","37","7618473"
"chr5","52046035","52046318","chr4","59463848","59464123","31","7417813"
"chr5","52117226","52117543","chr2","19131321","19131631","46","32985905"
"chr5","52291367","52291677","chr3","2061626","2061937","31","50229741"
"chr5","52357582","52357883","chr5","72944814","72945114","36","20587232"
"chr5","52381875","52382120","chr2","32589024","32589284","44","19792851"
"chr5","52496159","52496472","chr2","58987877","58988180","44","6491718"
"chr5","52500396","52500680","chr1","1588688","1588972","45","50911708"
"chr5","52558991","52559294","chr28","19188684","19188984","30","33370307"
"chr5","52571804","52572119","chr19","9514256","9514567","45","43057548"
"chr5","52617539","52617830","chr4","58881299","58881584","24","6263760"
"chr5","52619898","52620187","chr10","106483108","106483398","33","53863210"
"chr5","52622014","52622299","chr4","58876560","58876852","39","6254546"
"chr5","52641340","52641633","chr16","10052529","10052819","35","42588811"
"chr5","52651249","52651558","chr2","14523205","14523513","39","38128044"
"chr5","52709476","52709764","chr6","30983397","30983678","47","21726079"
"chr5","52753290","52753470","chr1_KE147936v1_random","33221","33391","26","52720069"
"chr5","52755622","52755898","chr4","58738302","58738579","26","5982680"
"chr5","52808371","52808648","chr4","58687750","58688042","38","5879379"
"chr5","52834737","52835035","chr4","58663187","58663485","22","5828450"
"chr5","52863252","52863530","chr4","58633958","58634243","34","5770706"
"chr5","52867699","52868006","chr7","129741972","129742271","36","76874273"
"chr5","52885726","52886022","chr4","58610965","58611265","16","5725239"
"chr5","52891647","52891957","chr25","17486771","17487080","36","35404876"
"chr5","52897448","52897736","chr6","48065741","48066029","34","4831707"
"chr5","52906856","52907059","chr2","18890227","18890415","39","34016629"
"chr5","52909060","52909362","chr19","14006619","14006922","34","38902441"
"chr5","52911307","52911596","chr4","58576487","58576774","19","5665180"
"chr5","52938753","52938968","chr7","133981713","133981925","32","81042960"
"chr5","52944149","52944442","chr4","58544711","58545013","30","5600562"
"chr5","52947748","52948055","chr4","58541663","58541961","26","5593915"
"chr5","52966183","52966477","chr16","823334","823630","33","52142849"
"chr5","52970593","52970886","chr4","58519366","58519658","23","5548773"
"chr5","52984023","52984327","chr2","65319575","65319883","30","12335552"
"chr5","53006093","53006388","chr2","87753173","87753470","33","34747080"
"chr5","53101702","53102005","chr11","96978397","96978692","40","43876695"
"chr5","53107261","53107548","chr4","58378628","58378921","26","5271367"
"chr5","53216587","53216886","chr4","58267806","58268108","25","5051219"
"chr5","53230578","53230875","chr4","58254954","58255244","31","5024376"
"chr5","53267270","53267561","chr17","4799883","4800177","38","48467387"
"chr5","53303517","53303761","chr9","61704066","61704306","48","8400549"
"chr5","53487871","53488191","chr18","48815029","48815336","46","4672842"
"chr5","53496042","53496258","chr9","7821781","7821998","40","45674261"
"chr5","53657519","53657814","chr4","57826778","57827068","29","4169259"
"chr5","53734310","53734609","chr15","81056208","81056510","37","27321898"
"chr5","53786004","53786313","chr4","57699496","57699792","40","3913492"
"chr5","53856728","53857027","chr4","57627370","57627672","31","3770642"
"chr5","53890984","53891271","chr2","18768386","18768675","40","35122598"
"chr5","53897440","53897726","chr4","57588125","57588420","40","3690685"
"chr5","53908971","53909274","chr7","58149931","58150230","33","4240960"
"chr5","53927717","53928027","chrX","45255215","45255519","50","8672502"
"chr5","53948974","53949265","chr4","57538587","57538884","32","3589613"
"chr5","53967980","53968281","chrX","46132810","46133105","32","7835170"
"chr5","54065980","54066275","chr4","57417594","57417891","23","3351614"
"chr5","54354564","54354732","chr9","110057473","110057639","29","55702909"
"chr5","54366342","54366650","chr4","57134536","57134847","31","2768194"
"chr5","54386329","54386637","chr5","26410686","26410992","32","27975643"
"chr5","54412723","54412949","chr4","57088302","57088530","17","2675579"
"chr5","54413543","54413853","chr20_KE148049v1_random","803204","803511","37","53610339"
"chr5","54433529","54433840","chr26","19297511","19297818","31","35136018"
"chr5","54446547","54446855","chr4","57047219","57047518","40","2600672"
"chr5","54449563","54449887","chr17","70166834","70167147","47","15717271"
"chr5","54471164","54471459","chr4","57034086","57034359","36","2562922"
"chr5","54504071","54504383","chr4","57001259","57001570","30","2497188"
"chr5","54505503","54505799","chr1","17476199","17476497","37","37029304"
"chr5","54535600","54535643","chr16","60962527","60962577","17","6426927"
"chr5","54535664","54535920","chr10","87553092","87553358","35","33017428"
"chr5","54578011","54578211","chr4","56928780","56928956","33","2350769"
"chr5","54586688","54586981","chr17","35227737","35228029","27","19358951"
"chr5","54724108","54724410","chr2","63213955","63214255","32","8489847"
"chr5","54758564","54758851","chr19","30057411","30057704","31","24701153"
"chr5","54815332","54815620","chr16","5899471","5899766","34","48915861"
"chr5","54930292","54930589","chr4","56575213","56575511","30","1644921"
"chr5","54968902","54969205","chr9","92763397","92763697","41","37794495"
"chr5","54994472","54994781","chr4","56512031","56512326","35","1517559"
"chr5","55149323","55149612","chr4","56362736","56363043","34","1213413"
"chr5","55207652","55207919","chr4","56304756","56305035","40","1097104"
"chr5","55410876","55411137","chr4","56112713","56112965","33","701837"
"chr5","55483993","55484320","chr17","53698766","53699086","45","1785227"
"chr5","55541459","55541754","chr25","78856788","78857085","33","23315329"
"chr5","55565270","55565529","chr19","27008157","27008419","35","28557113"
"chr5","55570618","55570935","chr4","55951823","55952136","44","381205"
"chr5","55596107","55596404","chr17","61409428","61409721","48","5813321"
"chr5","55674875","55675167","chr4","55854487","55854779","23","179612"
"chr5","55690091","55690403","chr6","12064154","12064463","40","43625937"
"chr5","55824953","55825253","chr4","55707615","55707915","21","117338"
"chr5","55949981","55950286","chr13","85219103","85219406","38","29269122"
"chr5","56018618","56018920","chr9","95013558","95013865","37","38994940"
"chr5","56143775","56144070","chr4","55381868","55382145","33","761907"
"chr5","56160223","56160529","chr4","55366739","55367042","29","793484"
"chr5","56244491","56244807","chr4","55282384","55282714","41","962107"
"chr5","56282218","56282531","chr15","72907802","72908107","33","16625584"
"chr5","56353249","56353548","chr4","55179309","55179605","25","1173940"
"chr5","56405842","56406131","chr11","8859156","8859447","42","47546686"
"chr5","56481103","56481411","chr5","10362654","10362964","31","46118449"
"chr5","56491144","56491431","chr4","55047584","55047881","30","1443560"
"chr5","56522240","56522542","chr6","30393310","30393612","37","26128930"
"chr5","56624315","56624606","chr4","54908381","54908682","35","1715934"
"chr5","56689956","56690259","chr4","54835752","54836049","32","1854204"
"chr5","56722481","56722771","chrX","60246095","60246386","37","3523614"
"chr5","56722916","56723074","chr4","54802795","54802971","24","1920121"
"chr5","56776470","56776749","chrX","1052","1331","31","56775418"
"chr5","57053687","57053981","chr4","54495678","54495973","31","2558009"
"chr5","57106051","57106339","chr4","54452596","54452888","23","2653455"
"chr5","57159220","57159530","chr4","54406115","54406427","39","2753105"
"chr5","57363757","57364065","chr20","105607435","105607747","39","48243678"
"chr5","57473442","57473749","chr17","39099892","39100198","30","18373550"
"chr5","57559689","57559996","chr4","54047398","54047699","31","3512291"
"chr5","57561080","57561369","chr4","54046030","54046314","26","3515050"
"chr5","57658013","57658297","chrUn_KE147541v1","121663","121948","38","57536350"
"chr5","57699994","57700299","chr19","28386756","28387063","34","29313238"
"chr5","57891359","57891627","chr4","53722643","53722914","22","4168716"
"chr5","57972765","57973053","chr4","53640412","53640701","23","4332353"
"chr5","58046955","58047253","chr5","57811123","57811421","39","235832"
"chr5","58094047","58094341","chr11","96978397","96978692","30","38884350"
"chr5","58094998","58095176","chr7","15845768","15845962","44","42249230"
"chr5","58100110","58100409","chr4","53519868","53520166","27","4580242"
"chr5","58109795","58110091","chr9","21222890","21223190","35","36886905"
"chr5","58115473","58115778","chr4","53503598","53503898","32","4611875"
"chr5","58157055","58157252","chr23","41306689","41306886","36","16850366"
"chr5","58159352","58159658","chr4","53460906","53461214","28","4698446"
"chr5","58161254","58161554","chr4","53459032","53459327","30","4702222"
"chr5","58167856","58168159","chr4","53450861","53451156","32","4716995"
"chr5","58175272","58175570","chr4","53443636","53443935","24","4731636"
"chr5","58179682","58179987","chr13","45171921","45172226","35","13007761"
"chr5","58181951","58182228","chr4","53436600","53436860","39","4745351"
"chr5","58190960","58191263","chr4","53427901","53428197","32","4763059"
"chr5","58199244","58199534","chr2","429322","429614","44","57769922"
"chr5","58199911","58200207","chr5","38258697","38258990","53","19941214"
"chr5","58208217","58208461","chr9","90829508","90829756","37","32621291"
"chr5","58208791","58209085","chr4","53414596","53414888","30","4794195"
"chr5","58210677","58210974","chr3","77766254","77766548","40","19555577"
"chr5","58217127","58217403","chr4","53406225","53406492","35","4810902"
"chr5","58245378","58245670","chr4","53374475","53374762","21","4870903"
"chr5","58266501","58266786","chr16","3619049","3619335","28","54647452"
"chr5","58274277","58274586","chr4","53354845","53355156","32","4919432"
"chr5","58282609","58282889","chr6","43598093","43598381","36","14684516"
"chr5","58283237","58283518","chr4","53338287","53338577","29","4944950"
"chr5","58300590","58300885","chr4","53320737","53321037","24","4979853"
"chr5","58308447","58308743","chr4","53314606","53314906","27","4993841"
"chr5","58315654","58315950","chr20","70647545","70647842","37","12331891"
"chr5","58352703","58352992","chr4","53269895","53270196","38","5082808"
"chr5","58374057","58374345","chr4","53248403","53248702","30","5125654"
"chr5","58397106","58397389","chr6","17663144","17663439","56","40733962"
"chr5","58426424","58426724","chr11","100297173","100297471","39","41870749"
"chr5","58428850","58429151","chr10","88760771","88761072","38","30331921"
"chr5","58451155","58451468","chr4","53173404","53173710","23","5277751"
"chr5","58454378","58454668","chr4","53170171","53170471","29","5284207"
"chr5","58463646","58463928","chr4","53160910","53161189","21","5302736"
"chr5","58497198","58497495","chr4","53126905","53127203","23","5370293"
"chr5","58515718","58516015","chr4","53109532","53109824","26","5406186"
"chr5","58538280","58538571","chr4","53088763","53089058","32","5449517"
"chr5","58552252","58552543","chr4","53074564","53074864","32","5477688"
"chr5","58657858","58658155","chr4","52976117","52976413","29","5681741"
"chr5","58660339","58660641","chrX","22837588","22837894","37","35822751"
"chr5","58807902","58808196","chr1","5990265","5990557","38","52817637"
"chr5","58822762","58822920","chr20","93955067","93955219","31","35132305"
"chr5","59000183","59000453","chr8","7999730","8000000","35","51000453"
"chr5","59018451","59018761","chr4","52676067","52676368","32","6342384"
"chr5","59032906","59033212","chr4","52661348","52661657","36","6371558"
"chr5","59057891","59058196","chr4","52636433","52636744","20","6421458"
"chr5","59122586","59122896","chr4","52575150","52575459","23","6547436"
"chr5","59156933","59157229","chr4","52540384","52540699","36","6616549"
"chr5","59207166","59207462","chr1","67937430","67937722","38","8730264"
"chr5","59221242","59221553","chr12","44289896","44290207","24","14931346"
"chr5","59245063","59245373","chr11","36438386","36438692","39","22806677"
"chr5","59246670","59246960","chr1","109702096","109702383","31","50455426"
"chr5","59257229","59257517","chr7","56604872","56605162","36","2652357"
"chr5","59260606","59260913","chr4","52441906","52442210","26","6818700"
"chr5","59284814","59285070","chr24","11392993","11393250","42","47891821"
"chr5","59297586","59297881","chr4","52405773","52406079","32","6891813"
"chr5","59302632","59302945","chr4","52400335","52400637","33","6902297"
"chr5","59316027","59316320","chr4","52389071","52389365","23","6926956"
"chr5","59316931","59317235","chr4","52387842","52388150","25","6929089"
"chr5","59321272","59321571","chr4","52383472","52383773","36","6937800"
"chr5","59329433","59329737","chr2","80261510","80261816","33","20932077"
"chr5","59340167","59340487","chr4","52361635","52361935","45","6978532"
"chr5","59352569","59352858","chr4","52351346","52351638","19","7001223"
"chr5","59361979","59362281","chr2","87753173","87753470","36","28391194"
"chr5","59366303","59366613","chr4","52336861","52337177","28","7029442"
"chr5","59396774","59397076","chr8","7114217","7114516","33","52282557"
"chr5","59400040","59400280","chr5","17454583","17454826","29","41945457"
"chr5","59401971","59402268","chr6","41738554","41738850","36","17663417"
"chr5","59406133","59406423","chr4","52298513","52298818","40","7107620"
"chr5","59422361","59422663","chr2","16817283","16817584","33","42605078"
"chr5","59436663","59436962","chr4","52270768","52271068","34","7165895"
"chr5","59456669","59456960","chr4","52250644","52250934","25","7206025"
"chr5","59470241","59470530","chr4","52234810","52235107","31","7235431"
"chr5","59487558","59487861","chr17","1769259","1769563","33","57718299"
"chr5","59490309","59490586","chr4","52215838","52216113","30","7274471"
"chr5","59497166","59497388","chr4","52209030","52209258","22","7288136"
"chr5","59500008","59500299","chr4","52206078","52206377","36","7293930"
"chr5","59507124","59507418","chr4","52199075","52199367","39","7308049"
"chr5","59514970","59515273","chr13","34810192","34810491","35","24704778"
"chr5","59577405","59577710","chr4","52132502","52132802","30","7444903"
"chr5","59614695","59615002","chr24","7589706","7590013","36","52024989"
"chr5","59632184","59632473","chr4","52078400","52078700","33","7553784"
"chr5","59681991","59682327","chr4","52040830","52041166","42","7641161"
"chr5","59693145","59693452","chr4","52029223","52029532","31","7663922"
"chr5","59732527","59732834","chr4","51990847","51991158","32","7741680"
"chr5","59738826","59739127","chr4","51984543","51984828","35","7754283"
"chr5","59742049","59742352","chr4","51981424","51981727","26","7760625"
"chr5","59757685","59757982","chr4","51967823","51968121","29","7789862"
"chr5","59764940","59765250","chr14","1231012","1231318","29","58533928"
"chr5","59776172","59776487","chr4","51949746","51950059","28","7826426"
"chr5","59789287","59789587","chr4","51936591","51936892","20","7852696"
"chr5","59810760","59811064","chr4","51916207","51916491","44","7894553"
"chr5","59816514","59816821","chr4","51911232","51911524","31","7905282"
"chr5","59828580","59828866","chr12","88066595","88066885","37","28238015"
"chr5","59835230","59835524","chr4","51891426","51891719","23","7943804"
"chr5","59844953","59845271","chr4","51880874","51881190","30","7964079"
"chr5","59854728","59855023","chr4","51870819","51871120","33","7983909"
"chr5","59864410","59864692","chr3","24558214","24558499","36","35306196"
"chr5","59869585","59869896","chr4","51854332","51854645","25","8015253"
"chr5","59880038","59880345","chr16","61063438","61063741","34","1183400"
"chr5","59910322","59910590","chr4","51815430","51815701","27","8094892"
"chr5","59913424","59913734","chr18","60001417","60001723","33","87993"
"chr5","59927426","59927727","chr4","51796782","51797085","31","8130644"
"chr5","59970720","59970937","chr12","98863752","98863961","31","38893032"
"chr5","59995152","59995269","chr9","84870085","84870205","33","24874933"
"chr5","60006397","60006701","chr4","51720397","51720702","17","8286000"
"chr5","60014465","60014782","chr4","51712346","51712667","33","8302119"
"chr5","60038336","60038646","chrX","46054412","46054721","32","13983924"
"chr5","60069261","60069561","chr4","51649690","51649986","27","8419571"
"chr5","60089272","60089564","chr4","51630093","51630378","24","8459179"
"chr5","60115907","60116204","chr4","51608503","51608801","24","8507404"
"chr5","60122637","60122841","chr17","38823537","38823742","35","21299100"
"chr5","60139491","60139793","chr2","9435379","9435682","40","50704112"
"chr5","60175180","60175479","chr3","78247333","78247635","39","18072153"
"chr5","60195058","60195348","chr4","51527198","51527493","26","8667860"
"chr5","60233455","60233748","chr4","51487744","51488032","27","8745711"
"chr5","60249501","60249797","chr11","18884847","18885140","38","41364654"
"chr5","60270177","60270492","chr26","15650003","15650312","46","44620174"
"chr5","60274554","60274854","chr4","51446162","51446460","24","8828392"
"chr5","60277481","60277781","chr4","51442924","51443221","17","8834557"
"chr5","60329537","60329832","chr1","32350047","32350343","35","27979490"
"chr5","60337225","60337520","chr1","32350047","32350343","34","27987178"
"chr5","60381399","60381713","chr4","51354338","51354649","29","9027061"
"chr5","60433566","60433746","chr8","100470216","100470396","26","40036650"
"chr5","60442914","60443238","chr4","51309044","51309356","34","9133870"
"chr5","60443619","60443930","chr5","10152405","10152713","36","50291214"
"chr5","60504450","60504742","chr4","51246600","51246886","38","9257850"
"chr5","60550289","60550574","chr4","51200198","51200488","16","9350091"
"chr5","60640076","60640296","chr7","120456058","120456279","38","59815982"
"chr5","60749512","60749803","chr4","51005552","51005849","31","9743960"
"chr5","60818835","60819054","chr9","38773083","38773296","33","22045752"
"chr5","60840219","60840527","chr20","68119759","68120061","41","7279540"
"chr5","60882968","60883259","chr4","50875484","50875783","41","10007484"
"chr5","60891801","60892107","chr4","50866487","50866795","29","10025314"
"chr5","60923485","60923810","chr7","85378550","85378870","42","24455065"
"chr5","60948786","60949072","chr23","70341228","70341515","30","9392442"
"chr5","60986811","60986950","chr10","115414497","115414652","37","54427686"
"chr5","60994432","60994720","chr18","68765665","68765954","40","7771233"
"chr5","61004005","61004296","chr16","53074453","53074747","33","7929552"
"chr5","61027161","61027457","chrX","44445185","44445485","29","16581976"
"chr5","61047285","61047594","chr4","50730580","50730903","29","10316705"
"chr5","61048193","61048487","chr5","19189249","19189541","32","41858944"
"chr5","61048907","61049172","chr6","28189668","28189928","42","32859239"
"chr5","61076681","61076984","chr1","67026506","67026811","34","5949825"
"chr5","61079954","61080253","chr4","67812117","67812415","38","6732163"
"chr5","61113107","61113412","chr4","50673167","50673467","36","10439940"
"chr5","61148013","61148317","chr4","50642096","50642404","30","10505917"
"chr5","61176847","61177154","chr4","50614184","50614479","33","10562663"
"chr5","61261835","61262130","chr6","27636242","27636534","39","33625593"
"chr5","61396537","61396844","chr25","28024918","28025220","34","33371619"
"chr5","61414481","61414769","chr9","96357128","96357419","37","34942647"
"chr5","61440358","61440668","chr4","50355490","50355784","47","11084868"
"chr5","61462597","61462885","chr4","50333147","50333430","23","11129450"
"chr5","61466733","61467034","chr4","50329029","50329329","17","11137704"
"chr5","61471455","61471778","chr1","68199547","68199865","43","6728092"
"chr5","61479185","61479492","chr6","2275088","2275388","38","59204097"
"chr5","61523892","61524003","chr20","94837630","94837763","43","33313738"
"chr5","61524452","61524584","chr19","20606581","20606716","24","40917871"
"chr5","61543090","61543384","chr4","50252528","50252825","38","11290562"
"chr5","61554014","61554299","chr4","50241876","50242158","21","11312138"
"chr5","61607710","61608000","chr4","50187024","50187313","35","11420686"
"chr5","61639082","61639384","chr4","50154782","50155087","25","11484300"
"chr5","61713842","61714146","chr4","50087376","50087672","32","11626466"
"chr5","61738644","61738943","chr16","57036339","57036641","32","4702305"
"chr5","61741740","61742026","chr4","50052874","50053158","20","11688866"
"chr5","61877965","61878245","chr24","66181215","66181498","38","4303250"
"chr5","61906178","61906437","chr9","7331539","7331805","38","54574639"
"chr5","61963199","61963496","chr4","49839616","49839901","47","12123583"
"chr5","61980611","61980900","chr26","43663051","43663349","46","18317560"
"chr5","61983394","61983691","chr4","49817603","49817900","16","12165791"
"chr5","62084224","62084531","chr9","112383120","112383432","38","50298896"
"chr5","62102950","62103150","chr5","4271859","4272053","42","57831091"
"chr5","62153844","62154145","chr4","49654528","49654848","40","12499316"
"chr5","62226198","62226507","chrX","6622034","6622345","37","55604164"
"chr5","62379166","62379373","chr7","15845768","15845962","36","46533398"
"chr5","62427733","62428039","chr14","82794681","82794991","38","20366948"
"chr5","62434669","62434965","chr4","49375021","49375325","43","13059648"
"chr5","62491229","62491527","chr4","49320748","49321041","33","13170481"
"chr5","62514914","62515166","chr9","90829508","90829756","38","28314594"
"chr5","62522011","62522310","chr25","72045323","72045606","46","9523312"
"chr5","62582241","62582550","chr16","45530594","45530903","40","17051647"
"chr5","62676137","62676436","chrX","43907476","43907773","43","18768661"
"chr5","62752952","62753176","chr4","49064075","49064295","28","13688877"
"chr5","62819466","62819756","chr4","49003500","49003793","31","13815966"
"chr5","62821757","62822057","chr19","11625929","11626227","36","51195828"
"chr5","62954849","62955138","chr26","20177551","20177842","42","42777298"
"chr5","63116267","63116564","chr4","58663187","58663485","37","4453080"
"chr5","63179393","63179696","chr4","48648721","48649031","45","14530672"
"chr5","63187155","63187457","chr4","48639276","48639585","37","14547879"
"chr5","63191220","63191532","chr24","54753093","54753395","42","8438127"
"chr5","63344668","63344974","chr1","99066176","99066481","47","35721508"
"chr5","63370219","63370468","chr16","45825733","45825989","42","17544486"
"chr5","63706372","63706676","chr7","86001473","86001767","45","22295101"
"chr5","63888090","63888367","chr4","47951684","47951981","38","15936406"
"chr5","64146204","64146493","chr4","47686273","47686561","24","16459931"
"chr5","64179804","64180107","chr4","47652692","47653004","31","16527112"
"chr5","64249342","64249589","chr4","47594592","47594843","25","16654750"
"chr5","64364941","64365243","chrX","111488159","111488465","46","47123218"
"chr5","64367397","64367704","chr8","40842218","40842528","47","23525179"
"chr5","64902513","64902806","chr1","116693597","116693892","34","51791084"
"chr5","64962607","64962902","chr4","46887673","46887982","33","18074934"
"chr5","64963658","64963956","chrX","49965193","49965492","36","14998465"
"chr5","64983160","64983438","chr4","46858907","46859186","19","18124253"
"chr5","65077978","65078281","chr4","46774860","46775166","33","18303118"
"chr5","65133218","65133495","chr4","46715393","46715670","22","18417825"
"chr5","65135070","65135331","chr4","46713577","46713837","19","18421493"
"chr5","65147190","65147497","chr22","98916952","98917263","40","33769762"
"chr5","65174714","65175026","chr4","46661943","46662255","32","18512771"
"chr5","65275986","65276302","chr26","24014919","24015231","46","41261067"
"chr5","69290434","69290719","chr4","44477458","44477753","33","24812976"
"chr5","69294065","69294359","chr4","44473782","44474075","24","24820283"
"chr5","69301117","69301403","chr4","44456479","44456765","23","24844638"
"chr5","69368152","69368420","chr17","14826680","14826951","34","54541472"
"chr5","69381778","69382041","chr6","12568460","12568707","50","56813318"
"chr5","69395600","69395906","chr4","44356901","44357204","26","25038699"
"chr5","69443715","69444028","chr13","65764759","65765069","31","3678956"
"chr5","69472163","69472452","chr26","24341752","24342040","32","45130411"
"chr5","69473347","69473667","chr4","44283889","44284180","45","25189458"
"chr5","69510689","69511002","chr1","57381049","57381356","44","12129640"
"chr5","69618087","69618252","chr4","44154059","44154220","28","25464028"
"chr5","69738245","69738509","chr4","44041556","44041816","27","25696689"
"chr5","69758017","69758315","chr4","44023419","44023731","32","25734598"
"chr5","69829443","69829747","chr4","43974376","43974663","43","25855067"
"chr5","69867868","69868171","chr21","124655752","124656055","30","54787884"
"chr5","69950536","69950833","chr6","10270486","10270785","48","59680050"
"chr5","70057995","70058300","chr4","43728312","43728619","35","26329683"
"chr5","70063168","70063447","chr4","43723146","43723424","26","26340022"
"chr5","70085000","70085345","chr4","43696675","43696999","52","26388325"
"chr5","70090936","70091246","chr16","25796633","25796942","35","44294303"
"chr5","70104629","70104916","chr1","52092856","52093154","45","18011773"
"chr5","70106568","70106844","chr1","22167303","22167575","40","47939265"
"chr5","70174021","70174302","chr4","43609465","43609757","35","26564556"
"chr5","70316960","70317239","chr4","43480151","43480430","21","26836809"
"chr5","70337200","70337504","chr4","43458510","43458820","35","26878690"
"chr5","70563365","70563686","chr7","126618053","126618374","47","56054688"
"chr5","70621932","70622218","chrX","22852905","22853198","48","47769027"
"chr5","70706736","70707030","chr15","57594128","57594422","38","13112608"
"chr5","70767464","70767787","chr2","74729113","74729434","57","3961649"
"chr5","70771347","70771654","chr14","46007317","46007617","40","24764030"
"chr5","71031189","71031487","chr8","7114217","7114516","31","63916972"
"chr5","71112047","71112335","chr4","42688385","42688659","42","28423662"
"chr5","71135206","71135474","chr4","42655029","42655286","26","28480177"
"chr5","71344140","71344437","chr4","42468876","42469172","27","28875264"
"chr5","71351159","71351461","chr7","129057998","129058302","31","57706839"
"chr5","71394719","71395013","chr16","73694925","73695218","38","2300206"
"chr5","71446350","71446655","chr21","107301732","107302041","42","35855382"
"chr5","71447688","71448003","chr4","42370402","42370704","30","29077286"
"chr5","71449364","71449647","chr2","36366559","36366842","46","35082805"
"chr5","71501152","71501448","chr15","64630867","64631162","34","6870285"
"chr5","71525409","71525714","chr4","31876349","31876651","29","39649060"
"chr5","71589928","71590260","chr5","74508784","74509109","43","2918856"
"chr5","71598402","71598696","chr8","7114217","7114516","37","64484185"
"chr5","71606950","71607248","chr4","42217850","42218149","42","29389100"
"chr5","71618661","71618958","chr15","34977340","34977634","77","36641321"
"chr5","71620163","71620470","chr4","42204709","42205014","24","29415454"
"chr5","71624776","71625059","chr16","22332128","22332417","35","49292648"
"chr5","71654926","71655237","chr3","19213986","19214293","35","52440940"
"chr5","71668470","71668781","chr4","42161776","42162081","34","29506694"
"chr5","71676309","71676607","chr4","73698817","73699112","37","2022508"
"chr5","71678602","71678924","chr4","42153029","42153328","50","29525573"
"chr5","71702121","71702404","chr27","40513493","40513781","47","31188628"
"chr5","71745165","71745473","chr25","73296177","73296486","36","1551012"
"chr5","71746723","71747049","chr18","17039455","17039764","45","54707268"
"chr5","71768544","71768769","chr3","462230","462453","32","71306314"
"chr5","71770623","71770921","chr4","42078058","42078358","30","29692565"
"chr5","71785007","71785318","chr4","42062661","42062973","27","29722346"
"chr5","71837940","71838233","chr4","42005698","42005989","22","29832242"
"chr5","71842467","71842766","chr4","42001535","42001824","34","29840932"
"chr5","71844989","71845298","chr22","16974195","16974505","36","54870794"
"chr5","71873199","71873504","chr17","61513912","61514215","32","10359287"
"chr5","71875235","71875531","chr15","64630867","64631162","36","7244368"
"chr5","71879010","71879317","chr4","41963291","41963593","32","29915719"
"chr5","71886944","71887256","chr28","19188684","19188984","41","52698260"
"chr5","71895599","71895893","chr4","41947679","41947974","27","29947920"
"chr5","71906498","71906800","chr4","41937308","41937601","41","29969190"
"chr5","71908965","71909226","chr4","41934872","41935134","19","29974093"
"chr5","71918229","71918529","chr4","41927230","41927523","32","29990999"
"chr5","71928201","71928498","chr4","41917723","41918019","29","30010478"
"chr5","71930123","71930413","chr10","109829391","109829681","43","37899268"
"chr5","71939991","71940293","chr3","9026672","9026974","36","62913319"
"chr5","71942475","71942629","chr8","133205216","133205360","28","61262741"
"chr5","71948597","71948879","chr4","41897803","41898098","34","30050794"
"chr5","71951244","71951512","chr3","90568010","90568278","39","18616766"
"chr5","71966722","71967008","chr11","44285115","44285400","34","27681607"
"chr5","71974303","71974614","chr4","41868761","41869067","34","30105542"
"chr5","72012942","72013255","chr4","41768485","41768789","28","30244457"
"chr5","72051653","72051830","chr4","41734149","41734314","24","30317504"
"chr5","72067409","72067689","chr15","78185908","78186178","47","6118499"
"chr5","72099404","72099710","chr4","41705430","41705736","26","30393974"
"chr5","72106637","72106926","chr4","41699568","41699876","37","30407069"
"chr5","72132838","72133113","chr4","41671283","41671558","30","30461555"
"chr5","72147603","72147926","chr4","41649302","41649624","32","30498301"
"chr5","72273059","72273318","chr6","7663026","7663281","44","64610033"
"chr5","72315557","72315863","chr21","41484267","41484569","42","30831290"
"chr5","72319193","72319506","chr4","41491151","41491453","43","30828042"
"chr5","72353665","72353897","chr4","41456008","41456243","23","30897657"
"chr5","72592082","72592387","chr4","41220291","41220610","39","31371791"
"chr5","72620910","72621178","chr4","41195380","41195655","31","31425530"
"chr5","72756973","72757276","chr4","41067932","41068235","33","31689041"
"chr5","72894369","72894652","chr4","40947573","40947855","33","31946796"
"chr5","72895999","72896294","chr4","40945940","40946230","24","31950059"
"chr5","72939109","72939395","chr4","40898760","40899048","39","32040349"
"chr5","73238600","73238870","chr4","40611565","40611840","36","32627035"
"chr5","73523984","73524291","chr2","16817283","16817584","43","56706701"
"chr5","73626262","73626541","chr14","82593207","82593481","45","8966945"
"chr5","73667816","73668115","chr14","46007317","46007617","28","27660499"
"chr5","73739270","73739556","chr23","77066309","77066595","41","3327039"
"chr5","73760439","73760749","chr12","99006588","99006898","33","25246149"
"chr5","73851295","73851588","chr6","50066742","50067036","37","23784553"
"chr5","73881030","73881327","chrX","22428011","22428306","34","51453019"
"chr5","73912246","73912544","chr16","44361565","44361867","41","29550681"
"chr5","73981819","73982140","chrX","20499085","20499394","47","53482734"
"chr5","74017843","74018143","chr4","39853782","39854081","28","34164061"
"chr5","74045164","74045465","chr16","62764099","62764400","34","11281065"
"chr5","74045700","74045880","chr4","39833589","39833771","22","34212111"
"chr5","74062735","74063014","chr16","58402495","58402776","37","15660240"
"chr5","74087708","74087983","chr4","39791263","39791557","37","34296445"
"chr5","74107293","74107601","chr25","5811907","5812213","35","68295386"
"chr5","74122194","74122493","chr4","39751546","39751847","30","34370648"
"chr5","74180835","74181137","chr2","35984887","35985192","36","38195948"
"chr5","74198597","74198903","chr4","39668191","39668486","37","34530406"
"chr5","74213017","74213321","chrX","50287965","50288275","35","23925052"
"chr5","74219289","74219574","chr4","39648003","39648287","21","34571286"
"chr5","74220033","74220341","chr4","39647236","39647543","32","34572797"
"chr5","74224622","74224929","chr4","39642300","39642614","28","34582322"
"chr5","74231867","74232115","chr4","39635565","39635797","36","34596302"
"chr5","74232615","74232666","chr22","27162227","27162269","17","47070388"
"chr5","74236038","74236344","chr4","39625789","39626084","39","34610249"
"chr5","74247373","74247661","chr12","80083509","80083803","45","5836136"
"chr5","74250056","74250352","chr4","39611549","39611844","18","34638507"
"chr5","74255155","74255462","chr11","3827344","3827653","41","70427811"
"chr5","74256602","74256887","chr23","35755525","35755804","47","38501077"
"chr5","74259584","74259890","chr25","73296177","73296486","27","963407"
"chr5","74281513","74281802","chr14","11343485","11343772","40","62938028"
"chr5","74288064","74288358","chr4","39563389","39563683","13","34724675"
"chr5","74301108","74301405","chr1","62642176","62642473","34","11658932"
"chr5","74308296","74308607","chr4","39551453","39551756","39","34756843"
"chr5","74345558","74345847","chr4","39512559","39512846","31","34832999"
"chr5","74380923","74381229","chrX_KE148108v1_random","5157110","5157414","34","69223813"
"chr5","74501000","74501303","chr4","39362257","39362550","33","35138743"
"chr5","74511763","74512066","chr1","93285406","93285708","39","18773643"
"chr5","74515157","74515370","chr11","124263168","124263380","30","49748011"
"chr5","74630264","74630581","chr5","56215675","56215986","53","18414589"
"chr5","74927791","74928025","chr9","61704066","61704306","44","13223725"
"chr5","74933122","74933423","chr2","5914047","5914349","40","69019075"
"chr5","75055269","75055581","chr8","7114217","7114516","41","67941052"
"chr5","75058762","75059082","chr14","68543693","68544018","39","6515069"
"chr5","75184044","75184347","chr5","25945423","25945733","35","49238621"
"chr5","75216680","75216986","chr4","38695416","38695721","32","36521264"
"chr5","75367821","75368105","chr24","40758560","40758856","44","34609261"
"chr5","75513635","75513936","chr16","62764099","62764400","36","12749536"
"chr5","75514412","75514715","chr4","38413952","38414260","33","37100460"
"chr5","75568747","75569026","chr20","124493198","124493475","43","48924451"
"chr5","75574802","75575096","chr4","38355413","38355705","33","37219389"
"chr5","75576321","75576619","chr4","38353900","38354188","30","37222421"
"chr5","75585015","75585322","chr4","38345375","38345672","39","37239640"
"chr5","75682962","75683261","chr4","38247206","38247504","26","37435756"
"chr5","75686263","75686562","chr4","38247206","38247504","26","37439057"
"chr5","75699287","75699579","chr23","62830754","62831047","37","12868533"
"chr5","75713985","75714296","chr6","35001420","35001717","49","40712565"
"chr5","75731186","75731503","chr26","22121480","22121792","40","53609706"
"chr5","75746217","75746510","chr4","38189078","38189375","30","37557139"
"chr5","75769582","75769876","chr20","96392400","96392699","44","20622818"
"chr5","75972213","75972506","chr4","37974462","37974746","28","37997751"
"chr5","75982232","75982435","chr18","9509841","9510039","28","66472391"
"chr5","75990658","75990971","chr4","37956311","37956620","29","38034347"
"chr5","75992044","75992353","chr3","9026672","9026974","42","66965372"
"chr5","76041267","76041572","chr19","19057898","19058202","36","56983369"
"chr5","76085601","76085911","chr4","37862479","37862781","30","38223122"
"chr5","76132459","76132760","chr4","37821864","37822167","36","38310595"
"chr5","76162612","76162865","chr15","19656371","19656623","26","56506241"
"chr5","76167660","76167959","chr24","81534444","81534741","33","5366784"
"chr5","76213899","76214180","chr4","37743760","37744043","25","38470139"
"chr5","76254537","76254818","chr4","37697392","37697673","19","38557145"
"chr5","76320722","76321013","chrX","89405531","89405821","31","13084809"
"chr5","76324045","76324331","chr7","111567460","111567746","29","35243415"
"chr5","76361016","76361307","chr4","37593517","37593804","26","38767499"
"chr5","76366470","76366775","chr2","8100719","8101022","41","68265751"
"chr5","76387708","76388016","chr4","37566742","37567052","28","38820966"
"chr5","76408644","76408936","chr9","56177458","56177747","32","20231186"
"chr5","76426858","76427132","chr4","37528886","37529160","30","38897972"
"chr5","76445750","76446053","chr14","226065","226366","36","76219685"
"chr5","76510942","76511242","chr8","10801167","10801476","37","65709775"
"chr5","76536008","76536304","chr27","25166790","25167092","35","51369218"
"chr5","76562235","76562541","chr17","68278091","68278385","45","8284144"
"chr5","76569544","76569830","chr4","37399070","37399351","22","39170474"
"chr5","76576034","76576308","chr21","108183261","108183539","38","31607227"
"chr5","76595765","76596064","chr1","103586917","103587220","29","26991152"
"chr5","76633848","76634153","chr20","104310028","104310339","41","27676180"
"chr5","76690020","76690324","chr4","37284518","37284828","29","39405502"
"chr5","76704025","76704323","chr7","19667372","19667669","30","57036653"
"chr5","76726751","76727046","chr4","37247827","37248138","36","39478924"
"chr5","76730032","76730332","chr4","37244548","37244839","35","39485484"
"chr5","76730349","76730646","chr17","58812507","58812811","41","17917842"
"chr5","76766467","76766787","chr16","823334","823630","51","75943133"
"chr5","76789189","76789482","chr16","72650947","72651238","32","4138242"
"chr5","76828668","76828968","chr1","117421479","117421771","42","40592811"
"chr5","76845528","76845821","chr4","37141472","37141758","33","39704056"
"chr5","76897872","76898171","chr4","37091694","37091994","27","39806178"
"chr5","76973857","76974155","chr8","35930769","35931065","37","41043088"
"chr5","77136987","77137264","chr4","36858803","36859080","25","40278184"
"chr5","77164305","77164610","chr4","36832268","36832577","33","40332037"
"chr5","77202026","77202337","chr9","31701559","31701865","36","45500467"
"chr5","77305249","77305546","chr4","36692272","36692572","25","40612977"
"chr5","77357620","77357883","chr4","36642688","36642956","37","40714932"
"chr5","77360126","77360419","chr4","36640131","36640424","22","40719995"
"chr5","77442401","77442699","chr4","36563817","36564120","34","40878584"
"chr5","77512115","77512413","chr29","11860952","11861241","47","65651163"
"chr5","77524002","77524307","chr4","36487234","36487539","28","41036768"
"chr5","77531207","77531470","chr4","36481495","36481764","30","41049712"
"chr5","77547991","77548318","chr4","36466470","36466782","46","41081521"
"chr5","77597697","77598000","chrX","80468072","80468375","38","2870375"
"chr5","77605692","77605981","chr4","36408929","36409226","28","41196763"
"chr5","77615003","77615258","chr3","25780001","25780251","45","51835002"
"chr5","77650913","77651215","chr9","89871771","89872071","34","12220858"
"chr5","77656104","77656390","chr4","36371162","36371443","30","41284942"
"chr5","77663576","77663872","chr4","36351212","36351514","31","41312364"
"chr5","77706855","77707146","chr4","36311329","36311624","21","41395526"
"chr5","77727647","77727938","chr11","96978397","96978692","39","19250750"
"chr5","77728406","77728716","chr4","36292867","36293176","22","41435539"
"chr5","77738182","77738473","chr4","36282839","36283113","40","41455343"
"chr5","77745465","77745784","chr20","119575633","119575947","39","41830168"
"chr5","77762124","77762419","chr4","36256222","36256513","30","41505902"
"chr5","77767538","77767843","chr4","36251172","36251471","34","41516366"
"chr5","77768451","77768748","chr6","41738554","41738850","36","36029897"
"chr5","77791811","77792108","chr4","36230307","36230597","29","41561504"
"chr5","77825574","77825857","chr6","33908236","33908526","38","43917338"
"chr5","77833651","77833932","chr14","63248592","63248871","31","14585059"
"chr5","77845347","77845657","chr4","36176980","36177292","29","41668367"
"chr5","77851367","77851662","chr21","124775257","124775558","42","46923890"
"chr5","77861083","77861384","chr4","36163941","36164250","27","41697142"
"chr5","77863008","77863307","chr4","36161969","36162268","33","41701039"
"chr5","77871871","77872136","chr17","42958470","42958728","48","34913401"
"chr5","77875398","77875704","chr10","19597340","19597649","40","58278058"
"chr5","77879047","77879345","chr4","36148063","36148374","39","41730984"
"chr5","77882237","77882533","chr4","36144898","36145196","31","41737339"
"chr5","77895227","77895531","chr4","36135140","36135451","29","41760087"
"chr5","77917891","77918145","chr1","121584304","121584572","42","43666413"
"chr5","77931701","77932010","chr3","9026672","9026974","37","68905029"
"chr5","77952979","77953288","chr4","36072366","36072675","28","41880613"
"chr5","77956251","77956554","chr4","36067860","36068150","37","41888391"
"chr5","77986932","77987228","chr4","36036902","36037194","26","41950030"
"chr5","77989332","77989633","chr4","36034577","36034887","27","41954755"
"chr5","78000527","78000811","chr4","36021032","36021342","35","41979495"
"chr5","78034593","78034890","chr11","113377899","113378200","34","35343306"
"chr5","78122863","78123164","chr4","35902246","35902560","37","42220617"
"chr5","78123581","78123895","chr8","54664077","54664380","40","23459504"
"chr5","78159773","78160042","chr4","35866188","35866456","16","42293585"
"chr5","78193144","78193455","chr20","105692436","105692747","35","27499292"
"chr5","78228687","78228992","chr4","35790584","35790885","25","42438103"
"chr5","78322071","78322380","chr4","35700234","35700531","29","42621837"
"chr5","78377051","78377332","chr16","58402495","58402776","32","19974556"
"chr5","78493198","78493489","chr4","35529635","35529924","22","42963563"
"chr5","78577510","78577817","chr19","32964693","32965003","33","45612817"
"chr5","78587753","78588048","chr4","35434122","35434416","22","43153631"
"chr5","78588962","78589277","chr4","35432903","35433214","30","43156059"
"chr5","78697771","78698071","chr3","3315938","3316235","34","75381833"
"chr5","78711411","78711709","chr4","35300663","35300957","24","43410748"
"chr5","78757847","78758157","chr9","17540070","17540370","43","61217777"
"chr5","78888276","78888587","chr6","17702830","17703139","31","61185446"
"chr5","78907041","78907347","chr4","35094127","35094431","25","43812914"
"chr5","79079150","79079435","chr6","42512806","42513098","40","36566344"
"chr5","79084016","79084328","chr4","34915878","34916184","31","44168138"
"chr5","79086557","79086852","chr4","34913316","34913598","28","44173241"
"chr5","79122957","79123267","chr25","68381245","68381554","35","10741712"
"chr5","79140049","79140363","chr2","65319575","65319883","43","13820474"
"chr5","79152276","79152557","chr4","34850709","34850979","37","44301567"
"chr5","79157402","79157697","chr2","38529519","38529815","37","40627883"
"chr5","79229760","79230069","chr25","77577751","77578057","40","1652009"
"chr5","79233258","79233568","chr2","39182421","39182732","34","40050837"
"chr5","79258151","79258462","chr4","34746874","34747183","30","44511277"
"chr5","79286518","79286800","chr4","34716870","34717160","31","44569648"
"chr5","79309153","79309444","chr4","34692138","34692428","27","44617015"
"chr5","79360008","79360268","chr16","7193790","7194053","46","72166218"
"chr5","79372394","79372694","chr4","34625736","34626030","36","44746658"
"chr5","79400010","79400312","chr4","34598456","34598766","31","44801554"
"chr5","79448541","79448842","chr10","119283105","119283405","39","39834564"
"chr5","79483142","79483436","chr4","34525983","34526280","23","44957159"
"chr5","79520497","79520806","chr16","14693485","14693793","36","64827012"
"chr5","79548869","79549173","chr4","34458299","34458610","25","45090570"
"chr5","79629101","79629392","chr6","42686969","42687261","49","36942132"
"chr5","79777031","79777243","chr17","38823537","38823742","37","40953494"
"chr5","79790940","79791230","chr4","34237449","34237736","26","45553491"
"chr5","79921729","79922035","chr28","8627979","8628279","40","71293750"
"chr5","79944794","79945095","chr10","108626297","108626598","36","28681503"
"chr5","79979982","79980288","chr4","34068100","34068417","36","45911882"
"chr5","80068753","80069058","chr6","49596731","49597027","42","30472022"
"chr5","80135864","80136162","chr25","78856788","78857085","29","1279076"
"chr5","80159070","80159373","chr26","18344490","18344794","28","61814580"
"chr5","80169371","80169676","chr4","33895609","33895915","24","46273762"
"chr5","80204992","80205294","chr4","33871459","33871759","36","46333533"
"chr5","80230894","80231189","chr4","33846514","33846809","27","46384380"
"chr5","80279811","80280119","chr4","33798722","33799031","24","46481089"
"chr5","80304886","80305168","chr4","33777213","33777513","38","46527673"
"chr5","80314626","80314933","chrX","111488159","111488465","36","31173533"
"chr5","80393955","80394273","chr10","44028544","44028854","42","36365411"
"chr5","80429104","80429382","chr4","33658439","33658708","40","46770665"
"chr5","80433999","80434301","chr4","33653554","33653862","27","46780445"
"chr5","80485867","80486156","chr6","33908236","33908526","33","46577631"
"chr5","80518605","80518779","chrUn_KE147541v1","8751","8932","25","80509854"
"chr5","80521985","80522288","chr4","33570371","33570678","23","46951614"
"chr5","80550424","80550720","chr4","33541995","33542290","27","47008429"
"chr5","80565527","80565828","chr9","92559992","92560298","35","11994465"
"chr5","80570415","80570727","chr4","33523939","33524234","38","47046476"
"chr5","80580619","80580892","chr4","33514277","33514574","47","47066342"
"chr5","80584249","80584554","chr24","54753093","54753395","38","25831156"
"chr5","80584928","80585225","chr4","33509942","33510236","34","47074986"
"chr5","80617854","80618151","chr4","33476627","33476924","20","47141227"
"chr5","80620056","80620350","chr11","41132071","41132370","39","39487985"
"chr5","80629621","80629906","chr1","17699624","17699919","43","62929997"
"chr5","80637486","80637760","chr4","33452786","33453056","36","47184700"
"chr5","80647237","80647517","chr8","126856049","126856334","51","46208812"
"chr5","80665648","80665949","chr4","33421603","33421894","31","47244045"
"chr5","80759510","80759815","chr11","115187323","115187622","44","34427813"
"chr5","80761775","80762072","chr16","5899471","5899766","39","74862304"
"chr5","80777526","80777812","chr4","33316062","33316356","27","47461464"
"chr5","80883857","80884074","chr11","124263168","124263380","48","43379311"
"chr5","81054983","81055261","chr9","61894911","61895191","36","19160072"
"chr5","81069564","81069846","chr7","48124863","48125140","45","32944701"
"chr5","81070466","81070764","chr4","20256176","20256486","34","60814290"
"chr5","81128296","81128446","chr10","113328543","113328693","24","32200247"
"chr5","81161313","81161604","chr4","33256599","33256908","40","47904714"
"chr5","81186641","81186909","chr4","33230603","33230871","16","47956038"
"chr5","81252981","81253289","chr6","50606783","50607094","34","30646198"
"chr5","81333710","81334005","chrX","43907476","43907773","36","37426234"
"chr5","81385176","81385485","chrX","23685849","23686160","36","57699327"
"chr5","81391635","81391934","chr4","33025798","33026091","31","48365837"
"chr5","81404497","81404784","chr4","33010018","33010300","28","48394479"
"chr5","81407697","81407993","chr8","23925682","23925979","32","57482015"
"chr5","81482332","81482613","chr14","63925742","63926022","39","17556590"
"chr5","81518037","81518352","chr9","112383120","112383432","47","30865083"
"chr5","81592682","81592960","chr4","32822161","32822447","36","48770521"
"chr5","81709059","81709359","chr4","32718312","32718622","38","48990747"
"chr5","81975944","81976249","chr4","32472953","32473258","21","49502991"
"chr5","81989661","81989889","chr4","32456085","32456327","37","49533576"
"chr5","82038898","82039209","chr10","109821946","109822252","44","27783048"
"chr5","82065655","82065966","chr4","32377349","32377652","25","49688306"
"chr5","82115337","82115602","chr5","19203519","19203781","33","62911818"
"chr5","82227809","82228108","chr4","32226963","32227256","25","50000846"
"chr5","82315066","82315325","chr4","32144578","32144842","22","50170488"
"chr5","82329165","82329460","chr4","32133916","32134218","33","50195249"
"chr5","82369867","82370161","chr14","46007317","46007617","41","36362550"
"chr5","82402689","82402948","chr4","32060042","32060310","23","50342647"
"chr5","82424341","82424649","chr8","10801167","10801476","34","71623174"
"chr5","82442617","82442895","chr16","35551401","35551674","45","46891216"
"chr5","82535377","82535684","chr4","31930790","31931090","28","50604587"
"chr5","82547158","82547469","chr18","32657487","32657794","31","49889671"
"chr5","82553671","82553994","chr10","57105915","57106234","41","25447756"
"chr5","82590837","82591138","chr4","31876349","31876651","19","50714488"
"chr5","82600741","82601045","chr22","11622547","11622851","35","70978194"
"chr5","82615130","82615468","chrX","15311357","15311697","48","67303773"
"chr5","82623543","82623855","chr4","31843506","31843814","42","50780037"
"chr5","82629860","82630169","chr4","31837304","31837611","27","50792556"
"chr5","82652395","82652711","chr4","31821779","31822098","38","50830616"
"chr5","82658866","82659128","chr4","31815292","31815556","11","50843574"
"chr5","82664550","82664857","chr5","50489073","50489372","33","32175477"
"chr5","82668832","82669082","chr17","4387746","4387986","45","78281086"
"chr5","82695368","82695658","chr24","67839479","67839776","34","14855889"
"chr5","82696511","82696819","chrX_KE148108v1_random","1377527","1377836","47","81318984"
"chr5","82716419","82716720","chr20","96392400","96392699","38","13675981"
"chr5","82718237","82718534","chr16","63669982","63670276","37","19048255"
"chr5","82719402","82719691","chr20","9697206","9697501","37","73022196"
"chr5","82720940","82721230","chr7","111815549","111815836","41","29094609"
"chr5","82731502","82731799","chr4","31754042","31754344","31","50977460"
"chr5","82744041","82744349","chr4","31730888","31731203","30","51013153"
"chr5","82755705","82756007","chr4","31719393","31719696","32","51036312"
"chr5","82771154","82771450","chr4","31703658","31703955","32","51067496"
"chr5","82803933","82804221","chr1","125256913","125257202","44","42452980"
"chr5","82806796","82807087","chr11","30393890","30394178","41","52412906"
"chr5","82818953","82819240","chr16","9245258","9245543","38","73573695"
"chr5","82834943","82835239","chr4","31642417","31642695","40","51192526"
"chr5","82845339","82845626","chr4","31632010","31632304","37","51213329"
"chr5","82856132","82856423","chr1","46304446","46304735","40","36551686"
"chr5","82867274","82867573","chr23","74643854","74644159","33","8223420"
"chr5","82903921","82904225","chr14","46007317","46007617","46","36896604"
"chr5","82931596","82931895","chr4","31557023","31557323","29","51374573"
"chr5","82954063","82954356","chr4","31533865","31534162","26","51420198"
"chr5","82980564","82980871","chr15","72907802","72908107","34","10072762"
"chr5","82988493","82988776","chr18","38992849","38993127","44","43995644"
"chr5","82988965","82989287","chr3","12309911","12310239","50","70679054"
"chr5","82993442","82993742","chrX","9261261","9261558","37","73732181"
"chr5","83000055","83000359","chr1","67026506","67026811","29","15973549"
"chr5","83002143","83002452","chr4","31485055","31485366","36","51517088"
"chr5","83002736","83003043","chr4","31484458","31484771","31","51518278"
"chr5","83034182","83034482","chr4","31452564","31452864","28","51581618"
"chr5","83092670","83092963","chr1","112111115","112111407","32","29018445"
"chr5","83098130","83098410","chr4","31400987","31401270","26","51697143"
"chr5","83115427","83115715","chr4","31382775","31383065","31","51732652"
"chr5","83118064","83118362","chr4","31380505","31380794","27","51737559"
"chr5","83119481","83119780","chr4","31379094","31379377","29","51740387"
"chr5","83119781","83120073","chr7","19463877","19464171","33","63655904"
"chr5","83129719","83130019","chr17","45038260","45038559","32","38091459"
"chr5","83159932","83160219","chr4","31337611","31337898","18","51822321"
"chr5","83191249","83191588","chr4","31309377","31309721","31","51881872"
"chr5","83197894","83198192","chr11","6429844","6430143","30","76768050"
"chr5","83203029","83203333","chr21","107301732","107302041","34","24098703"
"chr5","83218377","83218674","chr11","27478923","27479218","37","55739454"
"chr5","83218860","83219163","chr21","126606604","126606898","48","43387744"
"chr5","83233477","83233774","chr12","15199772","15200072","33","68033705"
"chr5","83238729","83239037","chr4","31261556","31261859","32","51977173"
"chr5","83242312","83242606","chr4","31249438","31249736","49","51992874"
"chr5","83250790","83251062","chr4","31245944","31246199","35","52004846"
"chr5","83254208","83254519","chr4","31242561","31242865","26","52011647"
"chr5","83265344","83265641","chrX","1694586","1694883","35","81570758"
"chr5","83279377","83279685","chr4","31215311","31215611","36","52064066"
"chr5","83284718","83284904","chr28","20091858","20092040","33","63192860"
"chr5","83286802","83287116","chr23","39949761","39950067","42","43337041"
"chr5","83310997","83311314","chr25","25808725","25809036","44","57502272"
"chr5","83317954","83318249","chr15","90536879","90537170","33","7218925"
"chr5","83328973","83329250","chr11","9430371","9430652","44","73898602"
"chr5","83332040","83332326","chr4","31165607","31165893","30","52166433"
"chr5","83346148","83346453","chr6","7199500","7199804","31","76146648"
"chr5","83364409","83364706","chr4","31137015","31137312","21","52227394"
"chr5","83368319","83368616","chr15","76322017","76322315","32","7046302"
"chr5","83373509","83373677","chrX_KE148111v1_random","128290","128466","33","83245219"
"chr5","83379250","83379500","chr6","38100473","38100734","43","45278777"
"chr5","83380548","83380836","chr10","20474693","20474986","45","62905855"
"chr5","83385234","83385524","chr4","31112270","31112561","30","52272964"
"chr5","83400518","83400821","chr4","31095503","31095799","28","52305015"
"chr5","83402290","83402583","chr4","31092833","31093136","35","52309457"
"chr5","83423361","83423681","chr11","4422956","4423267","35","79000405"
"chr5","83435051","83435357","chr14","1231012","1231318","39","82204039"
"chr5","83455363","83455670","chr4","31039951","31040251","25","52415412"
"chr5","83460826","83461125","chr1","103586917","103587220","37","20126091"
"chr5","83470151","83470459","chr6","7583070","7583380","39","75887081"
"chr5","83475523","83475810","chr4","31028444","31028731","17","52447079"
"chr5","83488280","83488564","chr11","100482858","100483146","31","16994578"
"chr5","83500122","83500427","chr4","31004061","31004367","28","52496061"
"chr5","83506290","83506592","chr29","2282954","2283256","34","81223336"
"chr5","83517033","83517326","chr4","30984996","30985281","36","52532037"
"chr5","83525547","83525855","chr16","70267268","70267576","34","13258279"
"chr5","83536271","83536575","chr4","30967464","30967770","24","52568807"
"chr5","83536703","83537018","chr7","13195298","13195591","57","70341405"
"chr5","83545760","83546057","chr4","30957943","30958236","30","52587817"
"chr5","83593604","83593914","chr2","39182421","39182732","43","44411183"
"chr5","83595111","83595402","chr4","30915887","30916182","19","52679224"
"chr5","83617604","83617754","chrX","116310649","116310799","45","32693045"
"chr5","83617770","83617969","chr7","15845768","15845962","28","67772002"
"chr5","83626896","83627195","chr8","7114217","7114516","38","76512679"
"chr5","83633904","83634215","chr21","73499256","73499565","29","10134648"
"chr5","83647611","83647773","chr4","30870303","30870448","31","52777308"
"chr5","83648158","83648409","chr11","30370920","30371167","46","53277238"
"chr5","83677490","83677792","chr4","30840697","30840994","29","52836793"
"chr5","83689632","83689934","chr4","30828874","30829180","29","52860758"
"chr5","83735484","83735781","chr6","49568740","49569041","35","34166744"
"chr5","83738229","83738535","chr9","26175794","26176100","40","57562435"
"chr5","83765971","83766258","chrX","45759763","45760054","40","38006208"
"chr5","83768331","83768630","chr4","30742782","30743089","28","53025549"
"chr5","83801435","83801718","chr4","30708875","30709159","25","53092560"
"chr5","83812311","83812608","chr4","30697926","30698232","32","53114385"
"chr5","83844649","83844955","chr2","5914047","5914349","37","77930602"
"chr5","83905938","83906244","chr4","30607660","30607958","34","53298278"
"chr5","83924293","83924591","chr4","30589502","30589803","32","53334791"
"chr5","83955368","83955649","chr4","30558759","30559049","24","53396609"
"chr5","84021385","84021670","chr8","95633451","95633738","32","11612066"
"chr5","84122750","84123038","chr9","34986757","34987044","46","49135993"
"chr5","84152626","84152937","chr15","47407623","47407932","38","36745003"
"chr5","84216966","84217274","chr4","30292392","30292700","30","53924574"
"chr5","84355331","84355642","chr4","30161974","30162288","29","54193357"
"chr5","84356224","84356538","chr11","108659369","108659680","37","24303145"
"chr5","84373729","84374026","chr4","30144162","30144471","32","54229567"
"chr5","84388218","84388516","chrX","29565939","29566233","42","54822279"
"chr5","84457858","84458164","chr17","61660779","61661066","55","22797079"
"chr5","84628728","84629002","chr19","29231433","29231708","38","55397295"
"chr5","84690304","84690584","chr5","17526656","17526940","37","67163648"
"chr5","84760331","84760634","chr4","29751623","29751927","22","55008708"
"chr5","84926754","84926968","chr4","29582714","29582912","39","55344040"
"chr5","84970111","84970406","chr20","71481138","71481437","50","13488973"
"chr5","85016769","85017051","chr6","33908236","33908526","48","51108533"
"chr5","85043497","85043782","chr4","29463276","29463556","37","55580221"
"chr5","85258579","85258876","chr4","29259681","29259981","31","55998898"
"chr5","85491608","85491896","chrX","86593634","86593924","44","1102026"
"chr5","85522597","85522899","chr4","28972479","28972785","40","56550118"
"chr5","85549889","85550190","chr4","28972479","28972785","39","56577410"
"chr5","85622778","85623077","chr16","16474975","16475266","46","69147803"
"chr5","85657214","85657512","chr15","9832289","9832590","50","75824925"
"chr5","85683055","85683363","chr3","29299304","29299611","36","56383751"
"chr5","85694331","85694654","chr1","7019855","7020163","53","78674476"
"chr5","85808812","85809103","chr20","101310860","101311152","51","15502048"
"chr5","85837978","85838274","chr4","36351212","36351514","34","49486766"
"chr5","85841625","85841936","chr6","25110229","25110534","46","60731396"
"chr5","85847972","85848280","chr21","7520859","7521165","37","78327113"
"chr5","85862103","85862390","chr4","28724885","28725179","34","57137218"
"chr5","85885521","85885810","chr4","28700290","28700598","40","57185231"
"chr5","85943619","85943922","chr4","28637256","28637547","35","57306363"
"chr5","86009702","86010005","chr8","36997476","36997779","32","49012226"
"chr5","86114352","86114657","chr4","28476600","28476893","41","57637752"
"chr5","86119679","86119979","chr14","14997912","14998214","35","71121767"
"chr5","86172628","86172941","chr21","90940351","90940659","39","4767723"
"chr5","86199557","86199848","chr21","112252061","112252363","55","26052504"
"chr5","86383478","86383789","chr2","14523205","14523513","44","71860273"
"chr5","86397512","86397825","chr2","45829056","45829345","46","40568456"
"chr5","86473547","86473843","chr9","25763647","25763941","36","60709900"
"chr5","86540112","86540399","chr4","28046622","28046905","31","58493490"
"chr5","86544576","86544861","chr4","28042186","28042471","29","58502390"
"chr5","86893207","86893489","chr4","27716779","27717069","43","59176428"
"chr5","86942936","86943232","chr15","64630867","64631162","43","22312069"
"chr5","86963154","86963455","chr4","27643132","27643417","44","59320022"
"chr5","87027592","87027896","chr4","27580677","27580972","38","59446915"
"chr5","87343632","87343869","chr7","58360660","58360906","37","28982972"
"chr5","87345695","87345915","chr4","27264612","27264838","31","60081083"
"chr5","87377234","87377455","chr20","124415167","124415386","37","37037933"
"chr5","87467031","87467293","chr8","23317334","23317595","39","64149697"
"chr5","87504230","87504522","chr21","30104896","30105191","32","57399334"
"chr5","87515676","87516017","chr8","10801167","10801476","58","76714509"
"chr5","87525408","87525712","chr4","27100048","27100348","29","60425360"
"chr5","87597894","87598172","chr23","17235998","17236275","26","70361896"
"chr5","87682879","87683184","chrX","85808306","85808614","43","1874573"
"chr5","87741710","87741990","chr4","26914356","26914635","41","60827354"
"chr5","87795597","87795779","chr24","69359971","69360157","23","18435626"
"chr5","87812863","87813118","chr19","16571761","16572011","38","71241102"
"chr5","88096073","88096355","chr4","26578913","26579197","31","61517160"
"chr5","88135362","88135614","chr16","7193790","7194053","46","80941572"
"chr5","88309879","88310198","chr8","35854442","35854754","49","52455437"
"chr5","88325494","88325787","chr4","26353758","26354057","29","61971736"
"chr5","88359885","88360187","chr11","6502518","6502815","40","81857367"
"chr5","88368555","88368838","chr4","26312211","26312492","34","62056344"
"chr5","88381697","88381957","chr4","26299475","26299739","30","62082222"
"chr5","88442614","88442915","chr24","10629028","10629331","27","77813586"
"chr5","88593516","88593784","chr19","33010467","33010729","49","55583049"
"chr5","88631079","88631372","chr4","26047754","26048046","30","62583325"
"chr5","88647815","88648090","chr4","26031479","26031755","34","62616336"
"chr5","88649187","88649490","chr4","26029700","26029997","35","62619487"
"chr5","88675225","88675521","chr17","32380275","32380577","41","56294950"
"chr5","88884891","88885157","chr24","80229987","80230257","41","8654904"
"chr5","88954475","88954775","chr23","77125538","77125834","50","11828937"
"chr5","89099412","89099723","chr4","25587894","25588202","33","63511518"
"chr5","89115324","89115591","chr16","3178099","3178363","44","85937225"
"chr5","89147737","89148032","chr8","120261886","120262182","35","31114149"
"chr5","89155207","89155501","chr6","50066742","50067036","38","39088465"
"chr5","89228985","89229287","chr4","25451023","25451324","36","63777962"
"chr5","89300961","89301261","chr4","25364765","25365067","32","63936196"
"chr5","89323485","89323796","chr4","25342569","25342877","35","63980916"
"chr5","89325911","89326205","chr10","119012338","119012635","43","29686427"
"chr5","89352039","89352348","chr18","69564246","69564548","42","19787793"
"chr5","89438124","89438453","chr4","25222720","25223029","43","64215404"
"chr5","89576438","89576743","chr4","25093106","25093419","47","64483332"
"chr5","89852645","89852817","chr16","39692631","39692802","33","50160014"
"chr5","89908491","89908785","chr9","115192422","115192719","30","25283931"
"chr5","89995799","89996062","chr16","53122044","53122319","50","36873755"
"chr5","90031439","90031741","chr9","31123504","31123802","43","58907935"
"chr5","90078398","90078654","chr13","6612493","6612757","36","83465905"
"chr5","90103451","90103753","chr1","4389880","4390182","43","85713571"
"chr5","90196058","90196356","chr4","24492257","24492557","31","65703801"
"chr5","90199673","90199979","chr4","24488465","24488777","34","65711208"
"chr5","90220144","90220460","chr12","46549426","46549730","52","43670718"
"chr5","90347777","90347977","chrX","79659743","79659932","36","10688034"
"chr5","90365221","90365530","chrX","128144630","128144935","44","37779409"
"chr5","90386272","90386568","chr5","38714753","38715053","37","51671519"
"chr5","90387688","90387970","chr4","24291790","24292073","33","66095898"
"chr5","90392109","90392429","chr4","24287275","24287584","42","66104834"
"chr5","90439192","90439436","chrX","80169508","80169752","40","10269684"
"chr5","90440888","90441196","chr2","80261510","80261816","39","10179378"
"chr5","90468026","90468334","chr5","73188003","73188312","37","17280023"
"chr5","90476036","90476355","chr9","21222890","21223190","58","69253146"
"chr5","90538551","90538844","chr12","89108916","89109214","46","1429635"
"chr5","90617223","90617550","chr4","24073760","24074085","40","66543463"
"chr5","90789193","90789490","chr20","102069946","102070249","42","11280753"
"chr5","90824321","90824633","chr4","23854124","23854445","49","66970197"
"chr5","90878014","90878312","chr17","45038260","45038559","37","45839754"
"chr5","90904292","90904558","chr4","23773230","23773487","39","67131062"
"chr5","90952745","90953026","chr12","73763059","73763340","39","17189686"
"chr5","90998156","90998454","chr16","61790963","61791258","37","29207193"
"chr5","91052375","91052658","chr4","23635335","23635616","33","67417040"
"chr5","91157260","91157540","chr20","92278612","92278904","45","1121352"
"chr5","91368552","91368818","chr4","23304590","23304856","28","68063962"
"chr5","91445169","91445476","chr4","23260358","23260668","44","68184811"
"chr5","91583524","91583766","chr9","61704066","61704306","47","29879458"
"chr5","91586831","91587073","chr9","61704066","61704306","49","29882765"
"chr5","91645399","91645711","chr4","23074086","23074386","33","68571313"
"chr5","91782069","91782371","chr14","63942767","63943071","44","27839302"
"chr5","91813247","91813541","chr4","22905797","22906103","51","68907450"
"chr5","91858785","91859054","chr20","116121310","116121584","48","24262525"
"chr5","91880880","91881189","chr4","22845152","22845453","40","69035728"
"chr5","92001883","92002176","chr11","96978397","96978692","37","4976514"
"chr5","92025944","92026102","chr8","137909440","137909600","24","45883496"
"chr5","92177758","92178077","chr1","109674450","109674768","54","17496692"
"chr5","92191069","92191386","chr4","22556535","22556861","48","69634534"
"chr5","92229369","92229664","chr4","22518667","22518968","32","69710702"
"chr5","92264624","92264906","chr16","8755776","8756060","37","83508848"
"chr5","92381238","92381567","chr3","12309911","12310239","54","80071327"
"chr5","92418842","92419147","chr4","22336347","22336655","25","70082495"
"chr5","92438908","92439211","chr10","88760771","88761072","33","3678137"
"chr5","92457318","92457625","chr4","22297986","22298293","29","70159332"
"chr5","92478116","92478417","chr11","96978397","96978692","37","4500281"
"chr5","92521468","92521780","chr5","37239351","37239662","35","55282117"
"chr5","92594611","92594921","chr4","22167880","22168172","39","70426731"
"chr5","92766258","92766550","chr20","77903993","77904291","43","14862265"
"chr5","92823361","92823619","chr4","21946386","21946631","32","70876975"
"chr5","92837236","92837565","chr4","21932136","21932491","50","70905100"
"chr5","92873537","92873819","chr4","21895956","21896228","43","70977581"
"chr5","92880960","92881131","chr11","49893912","49894083","22","42987048"
"chr5","92896552","92896838","chr4","21870519","21870806","32","71026033"
"chr5","92933704","92934007","chr10","88760771","88761072","39","4172933"
"chr5","92972302","92972607","chrX_KE148108v1_random","1049178","1049478","37","91923124"
"chr5","92980116","92980421","chrX","12207073","12207374","46","80773043"
"chr5","92997592","92997862","chr26","2297622","2297885","42","90699970"
"chr5","93022885","93023162","chr4","21752154","21752440","40","71270731"
"chr5","93030094","93030394","chr4","21745156","21745453","31","71284938"
"chr5","93098885","93099162","chr25","5368926","5369204","36","87729959"
"chr5","93148317","93148624","chr4","21630426","21630741","35","71517891"
"chr5","93252899","93253207","chr15","5046053","5046361","44","88206846"
"chr5","93353291","93353589","chr4","21451544","21451846","26","71901747"
"chr5","93373399","93373692","chr6","4522559","4522854","35","88850840"
"chr5","93523913","93524222","chr8","10801167","10801476","34","82722746"
"chr5","93561049","93561338","chr6","34101075","34101359","42","59459974"
"chr5","93586108","93586372","chr23","81369512","81369776","36","12216596"
"chr5","93593569","93593833","chr23","81369512","81369776","36","12224057"
"chr5","93613911","93614191","chr20","125555832","125556109","37","31941921"
"chr5","93622439","93622750","chr4","21181565","21181864","41","72440874"
"chr5","93628691","93628979","chr4","21175988","21176275","23","72452703"
"chr5","93634613","93634918","chr4","21169597","21169908","34","72465016"
"chr5","93676343","93676638","chr4","21128933","21129235","21","72547410"
"chr5","93756486","93756791","chr4","21083298","21083614","37","72673188"
"chr5","93773057","93773317","chr5","60403345","60403611","41","33369712"
"chr5","93867005","93867310","chr21","7520859","7521165","35","86346146"
"chr5","93909428","93909720","chr4","36311329","36311624","19","57598099"
"chr5","93924399","93924708","chr10","95010302","95010612","43","1085903"
"chr5","93928455","93928742","chr11","96978397","96978692","43","3049942"
"chr5","93934018","93934322","chr4","36261700","36262010","28","57672318"
"chr5","93939220","93939515","chr4","36256222","36256513","34","57682998"
"chr5","93940558","93940786","chr9","61704066","61704306","44","32236492"
"chr5","93944397","93944560","chrX","22259697","22259864","32","71684700"
"chr5","93944567","93944855","chr4","36251485","36251764","36","57693082"
"chr5","93996052","93996361","chr20","108965294","108965594","39","14969242"
"chr5","94006776","94007071","chrX","22852905","22853198","34","71153871"
"chr5","94116594","94116851","chr8","88951764","88952028","57","5164830"
"chr5","94334985","94335262","chr9","18797200","18797480","47","75537785"
"chr5","94371878","94372168","chrX","41952962","41953255","37","52418916"
"chr5","94492135","94492352","chr11","124263168","124263380","43","29771033"
"chr5","94605549","94605847","chr4","20256176","20256486","36","74349373"
"chr5","94606467","94606746","chr7","48124863","48125140","43","46481604"
"chr5","94623313","94623593","chr7","111567460","111567746","34","16944147"
"chr5","94641222","94641536","chr6","10099370","10099656","65","84541852"
"chr5","94674467","94674757","chr12","41746033","41746317","50","52928434"
"chr5","94764094","94764421","chr3","12309911","12310239","42","82454183"
"chr5","94801392","94801696","chr20","88200334","88200641","50","6601058"
"chr5","94814720","94815016","chr1","99368962","99369261","49","4554242"
"chr5","94842435","94842736","chr20","95037372","95037673","31","194937"
"chr5","94843097","94843390","chr4","20015982","20016281","36","74827115"
"chr5","94850028","94850321","chr4","20007889","20008181","38","74842139"
"chr5","94885952","94886254","chr4","19973941","19974251","30","74912011"
"chr5","94909610","94909783","chr6","49269758","49269925","30","45639852"
"chr5","94937414","94937731","chr19","26073054","26073370","62","68864360"
"chr5","94952831","94953097","chr4","19908874","19909146","34","75043957"
"chr5","94968473","94968781","chr9","18202717","18203028","43","76765756"
"chr5","94976582","94976894","chr27","28689785","28690093","41","66286797"
"chr5","94983953","94984256","chr2","65319575","65319883","38","29664378"
"chr5","94998564","94998861","chr4","19866378","19866684","35","75132186"
"chr5","95046952","95047247","chr4","19819440","19819735","34","75227512"
"chr5","95062681","95062991","chr14","105709493","105709801","38","10646812"
"chr5","95113495","95113791","chr11","90708580","90708873","39","4404915"
"chr5","95155682","95155983","chrX","23745196","23745500","48","71410486"
"chr5","95186665","95186975","chr1","12018713","12019023","41","83167952"
"chr5","95238411","95238668","chr4","19624402","19624657","31","75614009"
"chr5","95264257","95264541","chr1","37727362","37727648","44","57536895"
"chr5","95275876","95276205","chr8","11382355","11382683","57","83893521"
"chr5","95298495","95298804","chr11","26631722","26632025","43","68666773"
"chr5","95392892","95393180","chr4","19473318","19473618","37","75919574"
"chr5","95430999","95431293","chr4","19434699","19434989","32","75996300"
"chr5","95434821","95435122","chr9","117230098","117230400","36","21795277"
"chr5","95451250","95451559","chr19","9514256","9514567","47","85936994"
"chr5","95456132","95456427","chr1","17699624","17699919","32","77756508"
"chr5","95464745","95464965","chr4","19401185","19401400","23","76063560"
"chr5","95590415","95590718","chr20","102069946","102070249","34","6479531"
"chr5","95592402","95592739","chr5","74256514","74256838","52","21335888"
"chr5","95634307","95634589","chr10","16273214","16273494","39","79361093"
"chr5","95646454","95646753","chr4","19210668","19210966","31","76435786"
"chr5","95648526","95648811","chrX","16436325","16436607","38","79212201"
"chr5","95878499","95878806","chr29","9486372","9486683","39","86392127"
"chr5","95919193","95919480","chr24","54144323","54144609","38","41774870"
"chr5","95960947","95961115","chr4","18918494","18918670","23","77042453"
"chr5","96154559","96154859","chr4","18712911","18713197","43","77441648"
"chr5","96197645","96197943","chr4","18671743","18672054","38","77525902"
"chr5","96223939","96224245","chr4","18646174","18646491","39","77577765"
"chr5","96361843","96362086","chr4","18512350","18512582","33","77849493"
"chr5","96535979","96536281","chr4","18320393","18320690","37","78215586"
"chr5","96554280","96554556","chr4","18301831","18302097","27","78252449"
"chr5","96683918","96684227","chr17","40169247","40169553","35","56514671"
"chr5","96750435","96750736","chr18","65842123","65842417","47","30908312"
"chr5","96827636","96827927","chr4","18050125","18050391","47","78777511"
"chr5","96871046","96871342","chr20","122358024","122358323","28","25486978"
"chr5","96907791","96908085","chr16","72650947","72651238","33","24256844"
"chr5","97033945","97034223","chr21","109745800","109746094","42","12711855"
"chr5","97108922","97109220","chr5","43507313","43507612","40","53601609"
"chr5","97111103","97111393","chr12","86318549","86318838","49","10792554"
"chr5","97119911","97120205","chr4","90686280","90686573","22","6433631"
"chr5","97120688","97121006","chr4","90687060","90687372","40","6433628"
"chr5","97127111","97127450","chr4","90692370","90692677","57","6434741"
"chr5","97127999","97128292","chr9","89036069","89036366","32","8091930"
"chr5","97139648","97139882","chrX_KE148108v1_random","5426320","5426547","40","91713328"
"chr5","97153638","97153939","chr16","70307153","70307447","57","26846485"
"chr5","97181478","97181787","chr17","39099892","39100198","40","58081586"
"chr5","97196466","97196758","chr4","90773525","90773831","34","6422941"
"chr5","97281824","97282134","chr4","90858313","90858623","27","6423511"
"chr5","97356018","97356310","chr6","6709734","6710032","48","90646284"
"chr5","97392017","97392330","chr20","9784400","9784709","37","87607617"
"chr5","97432822","97433109","chr4","91008256","91008544","17","6424566"
"chr5","97680255","97680478","chr13","64715078","64715302","29","32965177"
"chr5","97740539","97740853","chr2","65319575","65319883","35","32420964"
"chr5","97795874","97796163","chr18","51445337","51445638","43","46350537"
"chr5","98144684","98144974","chr23","1689293","1689577","37","96455391"
"chr5","98308945","98309248","chr26","37647471","37647775","44","60661474"
"chr5","98605281","98605589","chr18","17039455","17039764","36","81565826"
"chr5","98731004","98731296","chr23","2035903","2036198","38","96695101"
"chr5","98736154","98736448","chr11","96978397","96978692","35","1757757"
"chr5","98741198","98741470","chr23","2045840","2046112","22","96695358"
"chr5","98751212","98751520","chr21","52839988","52840301","47","45911224"
"chr5","98797074","98797366","chrX","236505","236793","40","98560569"
"chr5","98904577","98904879","chr23","2207049","2207353","31","96697528"
"chr5","98997681","98997973","chr23","2285190","2285483","37","96712491"
"chr5","99006857","99007166","chr23","2297212","2297517","27","96709645"
"chr5","99028319","99028620","chr9","122751907","122752208","35","23723588"
"chr5","99118110","99118372","chr9","114710316","114710584","47","15592206"
"chr5","99171238","99171514","chr23","2470126","2470407","22","96701112"
"chr5","99175639","99175923","chr7","109605064","109605352","39","10429425"
"chr5","99234194","99234491","chr26","52121302","52121596","38","47112892"
"chr5","99300666","99300972","chr23","2587489","2587789","29","96713177"
"chr5","99302153","99302476","chr23","2588968","2589287","25","96713185"
"chr5","99309790","99310094","chr2","1831328","1831632","50","97478462"
"chr5","99313379","99313663","chr23","2600438","2600723","21","96712941"
"chr5","99333410","99333711","chr2","20077811","20078111","34","79255599"
"chr5","99334215","99334512","chr23","2612793","2613095","36","96721422"
"chr5","99413063","99413323","chr9","34088434","34088698","36","65324629"
"chr5","99525928","99526146","chr5","73433135","73433348","35","26092793"
"chr5","99551587","99551883","chr15","56114735","56115031","37","43436852"
"chr5","99574565","99574869","chr23","2846662","2846966","31","96727903"
"chr5","99666916","99667210","chr5","52378370","52378667","38","47288546"
"chr5","99738371","99738647","chr24","8126608","8126887","48","91611763"
"chr5","99786751","99787049","chr4","36351212","36351514","26","63435539"
"chr5","99792254","99792571","chr2","18120742","18121050","49","81671512"
"chr5","100215460","100215689","chr20","94688536","94688769","33","5526924"
"chr5","100327314","100327631","chr19","32964693","32965003","47","67362621"
"chr5","100332799","100333093","chr4","36351212","36351514","32","63981587"
"chr5","100347923","100348213","chr4","36311329","36311624","26","64036594"
"chr5","100606452","100606707","chr11","71690904","71691165","42","28915548"
"chr5","100677099","100677416","chr13","46086047","46086350","49","54591052"
"chr5","100682617","100682914","chr4","36351212","36351514","31","64331405"
"chr5","100765466","100765767","chr4","65669272","65669572","60","35096194"
"chr5","100886973","100887172","chr23","4103821","4104022","19","96783152"
"chr5","101094330","101094634","chr23","4322638","4322942","33","96771692"
"chr5","101149291","101149610","chr23","4377732","4378053","39","96771559"
"chr5","101230997","101231292","chr2","11618940","11619245","52","89612057"
"chr5","101241669","101241962","chr23","4473805","4474084","36","96767864"
"chr5","101250128","101250421","chr23","4473805","4474084","36","96776323"
"chr5","101321654","101321955","chr5","24316906","24317200","43","77004748"
"chr5","101382387","101382695","chr2","8100719","8101022","43","93281668"
"chr5","101405944","101406232","chr9","92878452","92878745","45","8527492"
"chr5","101423803","101424101","chr1","62642176","62642473","32","38781627"
"chr5","101440922","101441226","chr11","105216193","105216492","47","3775271"
"chr5","101780499","101780783","chr1","71215130","71215409","48","30565369"
"chr5","101797717","101797941","chr2","81236076","81236304","43","20561641"
"chr5","101929334","101929590","chr23","5095471","5095727","22","96833863"
"chr5","101975616","101975909","chr28","16162340","16162637","42","85813276"
"chr5","101990401","101990707","chr23","5155181","5155474","32","96835220"
"chr5","102010556","102010868","chr6","41446259","41446569","40","60564297"
"chr5","102019846","102020154","chr14","35999660","35999965","39","66020186"
"chr5","102250254","102250562","chr9","52459669","52459978","40","49790585"
"chr5","102312368","102312660","chrX_KE148108v1_random","4865365","4865656","46","97447003"
"chr5","102413654","102413952","chr5","3607413","3607712","36","98806241"
"chr5","102507216","102507513","chr23","5615352","5615665","34","96891864"
"chr5","102513103","102513410","chr23","5621041","5621346","40","96892062"
"chr5","102557009","102557292","chr23","5672065","5672350","28","96884944"
"chr5","102593243","102593524","chr23","5707744","5708028","19","96885499"
"chr5","102609057","102609366","chrX_KE148108v1_random","1028857","1029167","33","101580200"
"chr5","102628227","102628532","chr8","10801167","10801476","35","91827060"
"chr5","102662036","102662346","chr24","51076437","51076747","39","51585599"
"chr5","102827110","102827399","chr23","5941249","5941538","19","96885861"
"chr5","102864802","102865115","chr1","57381049","57381356","41","45483753"
"chr5","102895596","102895880","chrX","16778276","16778564","48","86117320"
"chr5","102923671","102923978","chr29","3581025","3581331","55","99342646"
"chr5","103300418","103300684","chr17","14826680","14826951","41","88473738"
"chr5","103317128","103317430","chr1","52193871","52194166","39","51123257"
"chr5","103320207","103320514","chr29","7750836","7751141","39","95569371"
"chr5","103406164","103406469","chr23","6502336","6502653","39","96903828"
"chr5","103455372","103455655","chr23","6545781","6546075","33","96909591"
"chr5","103549417","103549726","chr22","30814828","30815137","32","72734589"
"chr5","103571218","103571511","chr23","6653986","6654278","22","96917232"
"chr5","103633988","103634293","chr20","102069946","102070249","31","1564042"
"chr5","103672214","103672529","chr3","20154823","20155134","40","83517391"
"chr5","103723005","103723311","chr16","8476344","8476649","40","95246661"
"chr5","103841049","103841331","chr12","18982850","18983127","36","84858199"
"chr5","103845166","103845415","chr1","5940701","5940947","30","97904465"
"chr5","103945802","103946115","chr26","22121480","22121792","28","81824322"
"chr5","103967457","103967765","chr17","11351073","11351379","39","92616384"
"chr5","103992999","103993307","chr1","29071160","29071467","34","74921839"
"chr5","104034364","104034671","chr23","7116121","7116428","37","96918243"
"chr5","104041290","104041595","chr8","103533515","103533819","36","507775"
"chr5","104132589","104132897","chr2","18120742","18121050","43","86011847"
"chr5","104139146","104139329","chr5","74634733","74634908","34","29504413"
"chr5","104158706","104158982","chr9","62534396","62534678","39","41624310"
"chr5","104290794","104291091","chr23","7379847","7380141","25","96910947"
"chr5","104469832","104470134","chr23","7539989","7540269","44","96929843"
"chr5","104474255","104474542","chr23","7544756","7545046","24","96929499"
"chr5","104498203","104498493","chr23","7570441","7570728","28","96927762"
"chr5","104498975","104499280","chr26","8773619","8773905","62","95725356"
"chr5","104514823","104515119","chr23","7588072","7588371","27","96926751"
"chr5","104523403","104523678","chr1","97076732","97077011","39","7446671"
"chr5","104554303","104554601","chr26","21323693","21323990","38","83230610"
"chr5","104685803","104686106","chr23","7745324","7745639","34","96940479"
"chr5","104837406","104837700","chr9","25763647","25763941","34","79073759"
"chr5","104845275","104845581","chr23","7899545","7899857","32","96945730"
"chr5","104854235","104854548","chr16","72937229","72937539","45","31917006"
"chr5","104929333","104929633","chr15","64630867","64631162","34","40298466"
"chr5","105025745","105026064","chr8","10801167","10801476","48","94224578"
"chr5","105046592","105046873","chr23","8112514","8112799","37","96934078"
"chr5","105050009","105050301","chr23","8115915","8116209","32","96934094"
"chr5","105054307","105054619","chr23","8120200","8120511","31","96934107"
"chr5","105069773","105070068","chr23","8133587","8133882","23","96936186"
"chr5","105224366","105224668","chr4","13743937","13744235","46","91480429"
"chr5","105248462","105248694","chr11","69361642","69361873","31","35886820"
"chr5","105254497","105254789","chr11","6429844","6430143","30","98824653"
"chr5","105284785","105285049","chr28","8663686","8663950","42","96621099"
"chr5","105302429","105302736","chr2","18120742","18121050","40","87181687"
"chr5","105323188","105323439","chr16","49469176","49469441","49","55854012"
"chr5","105451804","105452129","chr3","12309911","12310239","42","93141893"
"chr5","105511070","105511358","chr13","14617984","14618268","34","90893086"
"chr5","105610482","105610781","chr23","8674007","8674297","34","96936475"
"chr5","105914317","105914633","chr5","73188003","73188312","38","32726314"
"chr5","106024115","106024429","chr2","61286840","61287151","49","44737275"
"chr5","106067149","106067440","chr24","12070889","12071174","40","93996260"
"chr5","106108568","106108864","chr8","35921122","35921424","29","70187446"
"chr5","106152137","106152413","chr12","1494678","1494967","40","104657459"
"chr5","106157881","106158203","chr22","16974195","16974505","46","89183686"
"chr5","106206862","106207169","chr23","9273867","9274171","30","96932995"
"chr5","106307887","106308203","chr23","9364073","9364380","40","96943814"
"chr5","106324787","106325091","chr23","9382013","9382307","31","96942774"
"chr5","106338204","106338518","chr23","9395746","9396083","49","96942458"
"chr5","106366388","106366695","chr27","22562327","22562629","47","83804061"
"chr5","106412116","106412414","chr26","48853411","48853713","41","57558705"
"chr5","106427757","106428068","chr1","117180698","117181007","38","10752941"
"chr5","106494167","106494472","chr23","9558916","9559222","27","96935251"
"chr5","106554755","106555036","chr16","58402495","58402776","33","48152260"
"chr5","106677311","106677602","chr12","98704946","98705235","32","7972365"
"chr5","107098123","107098433","chr23","10143449","10143743","40","96954674"
"chr5","107110273","107110586","chr21","120009586","120009897","47","12899313"
"chr5","107112392","107112694","chr1","67026506","67026811","35","40085886"
"chr5","107158918","107159202","chr8","23847715","23848018","60","83311203"
"chr5","107225306","107225593","chr23","10257765","10258072","42","96967541"
"chr5","107226333","107226560","chr6","11557988","11558218","32","95668345"
"chr5","107441094","107441383","chr8","11403434","11403717","44","96037660"
"chr5","107472047","107472236","chr7","15845768","15845962","37","91626279"
"chr5","107493735","107493927","chr5","8724872","8725060","31","98768863"
"chr5","107497214","107497505","chr7","36498838","36499139","51","70998376"
"chr5","107508952","107509249","chr6","4927385","4927686","29","102581567"
"chr5","107672576","107672853","chr7","97635550","97635819","40","10037026"
"chr5","107696408","107696712","chr23","10732579","10732886","28","96963829"
"chr5","107755183","107755495","chr23","10792517","10792829","27","96962666"
"chr5","107782564","107782856","chr11","60188692","60188985","35","47593872"
"chr5","107905229","107905515","chrX","22852905","22853198","36","85052324"
"chr5","108004312","108004597","chr22","59213631","59213916","37","48790681"
"chr5","108099020","108099328","chr23","11128948","11129254","22","96970072"
"chr5","108464192","108464470","chr5","3806777","3807050","47","104657415"
"chr5","108586665","108586962","chr23","11620106","11620406","31","96966559"
"chr5","108638696","108638988","chr1","121094988","121095279","40","12456292"
"chr5","108650953","108651246","chr24","54687725","54688017","35","53963228"
"chr5","108803874","108804168","chr20","110792876","110793177","41","1989002"
"chr5","108866968","108867211","chr23","11920077","11920331","28","96946891"
"chr5","108999496","108999810","chr7","51350333","51350640","44","57649163"
"chr5","109016547","109016846","chr23","12050114","12050412","28","96966433"
"chr5","109074629","109074934","chr5","22530212","22530512","35","86544417"
"chr5","109096885","109097167","chr23","12136588","12136868","36","96960297"
"chr5","109145069","109145364","chr23","12183886","12184184","24","96961183"
"chr5","109146860","109147169","chr9","51469130","51469430","43","57677730"
"chr5","109149208","109149517","chr23","12186201","12186509","37","96963007"
"chr5","109177126","109177428","chr12","13941411","13941710","39","95235715"
"chr5","109189502","109189809","chr23","12234938","12235234","29","96954564"
"chr5","109235138","109235392","chr23","12277918","12278200","44","96957220"
"chr5","109258484","109258802","chr23","12295505","12295819","26","96962979"
"chr5","109293504","109293788","chr23","12327222","12327507","25","96966282"
"chr5","109326160","109326462","chr9","88831612","88831911","39","20494548"
"chr5","109383431","109383737","chr22","24913593","24913901","39","84469838"
"chr5","109474458","109474776","chr5","26410686","26410992","43","83063772"
"chr5","109605415","109605713","chr23","12616115","12616411","27","96989300"
"chr5","109656554","109656735","chr9","70721738","70721919","24","38934816"
"chr5","109779856","109780152","chr23","12776046","12776334","28","97003810"
"chr5","109785606","109785892","chr14","62563486","62563771","29","47222120"
"chr5","109816244","109816550","chr1","93285406","93285708","45","16530838"
"chr5","109819759","109820025","chr26","20526586","20526855","47","89293173"
"chr5","109964124","109964426","chrX","22979470","22979777","39","86984654"
"chr5","110008894","110009188","chr11","51761417","51761717","47","58247477"
"chr5","110102997","110103261","chr6","275594","275861","53","109827403"
"chr5","110159485","110159811","chr23","13138471","13138776","54","97021014"
"chr5","110188150","110188443","chr22","13843967","13844264","38","96344183"
"chr5","110262849","110263138","chr16","14170215","14170502","41","96092634"
"chr5","110495439","110495735","chr23","13467581","13467880","28","97027858"
"chr5","110710475","110710655","chr23","13668915","13669093","24","97041560"
"chr5","110947454","110947759","chr25","25629089","25629399","36","85318365"
"chr5","111068650","111068946","chr23","14005114","14005424","35","97063536"
"chr5","111125389","111125669","chr16","65675482","65675759","40","45449907"
"chr5","111126679","111126972","chr23","14057024","14057313","39","97069655"
"chr5","111207538","111207802","chr1","31648273","31648531","40","79559265"
"chr5","111332348","111332647","chr23","14256520","14256805","36","97075828"
"chr5","111466549","111466841","chr23","14356769","14357061","25","97109780"
"chr5","111520143","111520426","chr17","57637737","57638018","45","53882406"
"chr5","111610346","111610647","chr23","14493450","14493761","37","97116896"
"chr5","111856086","111856383","chrX","38341389","38341678","33","73514697"
"chr5","111922265","111922586","chr23","14814130","14814443","43","97108135"
"chr5","111970677","111970988","chr23","14860393","14860696","36","97110284"
"chr5","112057655","112057960","chr23","14938678","14938985","35","97118977"
"chr5","112111223","112111522","chr23","14996289","14996584","23","97114934"
"chr5","112347060","112347354","chr10","10274989","10275286","32","102072071"
"chr5","112463081","112463384","chr22","78960982","78961290","55","33502099"
"chr5","112596137","112596444","chr10","123801741","123802047","38","11205604"
"chr5","112640976","112641264","chr22","61018660","61018949","39","51622316"
"chr5","112676175","112676442","chr23","15538578","15538839","24","97137597"
"chr5","112678905","112679194","chr23","15541261","15541550","17","97137644"
"chr5","112701808","112702117","chr15","5046053","5046361","39","107655755"
"chr5","112722635","112722952","chr1","14106229","14106537","35","98616406"
"chr5","112739034","112739322","chr21","109716391","109716674","38","3022643"
"chr5","112739550","112739861","chr23","15599926","15600247","35","97139624"
"chr5","112829106","112829383","chr17","36481914","36482195","36","76347192"
"chr5","112935813","112936112","chr23","15773832","15774142","39","97161981"
"chr5","113049836","113050128","chr23","15878329","15878630","34","97171507"
"chr5","113116308","113116593","chr23","15943057","15943343","24","97173251"
"chr5","113180596","113180900","chr23","15997924","15998219","27","97182672"
"chr5","113181401","113181682","chr16","10052529","10052819","37","103128872"
"chr5","113195846","113196148","chrX","43763510","43763807","35","69432336"
"chr5","113232473","113232703","chr20","124415167","124415386","41","11182694"
"chr5","113237367","113237664","chr23","16058989","16059286","24","97178378"
"chr5","113259898","113260198","chr2","13824542","13824843","37","99435356"
"chr5","113263804","113264103","chr23","16085226","16085522","25","97178578"
"chr5","113300624","113300917","chr14","43032636","43032934","41","70267988"
"chr5","113302392","113302711","chr2","35984887","35985192","51","77317505"
"chr5","113317283","113317558","chrX","43745894","43746167","32","69571389"
"chr5","113338153","113338445","chr22","46855248","46855537","33","66482905"
"chr5","113361908","113362195","chr23","16181625","16181916","32","97180283"
"chr5","113365086","113365397","chr29","7754326","7754631","44","105610760"
"chr5","113370619","113370818","chr1","110325657","110325859","27","3044962"
"chr5","113408792","113409106","chr23","16230838","16231168","43","97177954"
"chr5","113411272","113411549","chr2","14675227","14675502","35","98736045"
"chr5","113424778","113425084","chr23","16247109","16247425","34","97177669"
"chr5","113444786","113445082","chr23","16267361","16267663","35","97177425"
"chr5","113465487","113465784","chr4","17013256","17013552","34","96452231"
"chr5","113498682","113498991","chr23","16319962","16320263","30","97178720"
"chr5","113692197","113692484","chr17","1665366","1665649","53","112026831"
"chr5","113743709","113743878","chr28","12765842","12766011","21","100977867"
"chr5","113769821","113770105","chr23","16588899","16589182","26","97180922"
"chr5","113798049","113798351","chr23","16619915","16620225","32","97178134"
"chr5","113800971","113801272","chr23","16622831","16623127","25","97178140"
"chr5","113867868","113868174","chr28","3649580","3649890","36","110218288"
"chr5","113889435","113889719","chr23","16713454","16713738","24","97175981"
"chr5","113906099","113906413","chr23","16729997","16730305","33","97176102"
"chr5","113987782","113988096","chr12","7117943","7118250","36","106869839"
"chr5","113994099","113994264","chr15","1257945","1258106","24","112736154"
"chr5","114030757","114031061","chr9","117230098","117230400","32","3199341"
"chr5","114036614","114036909","chr23","16857147","16857437","38","97179467"
"chr5","114097875","114098218","chr23","16907119","16907431","59","97190756"
"chr5","114169775","114170086","chr23","16977911","16978221","24","97191864"
"chr5","114208974","114209272","chr23","17008302","17008611","44","97200672"
"chr5","114329769","114330082","chr17","51745130","51745437","42","62584639"
"chr5","114392014","114392323","chr28","19188684","19188984","40","95203330"
"chr5","114454872","114455154","chr23","17235998","17236275","28","97218874"
"chr5","114540327","114540634","chr23","17326920","17327221","31","97213407"
"chr5","114560122","114560428","chr23","17347917","17348216","32","97212205"
"chr5","114902539","114902854","chr6","33129548","33129857","40","81772991"
"chr5","114910587","114910824","chr23","17657559","17657797","25","97253028"
"chr5","115359292","115359601","chr8","125009216","125009527","30","9649924"
"chr5","115473115","115473334","chr11","124263168","124263380","42","8790053"
"chr5","115479717","115480009","chr23","18205538","18205830","18","97274179"
"chr5","115495483","115495774","chr23","18222023","18222314","34","97273460"
"chr5","115511158","115511432","chr23","18243943","18244217","27","97267215"
"chr5","115518217","115518524","chr23","18251126","18251432","23","97267091"
"chr5","115581311","115581581","chr23","18329023","18329301","31","97252288"
"chr5","115708069","115708369","chr18","68392950","68393248","41","47315119"
"chr5","115774196","115774507","chr11","49731361","49731668","40","66042835"
"chr5","116367032","116367337","chr5","27342027","27342337","36","89025005"
"chr5","116736036","116736261","chr23","19548569","19548794","20","97187467"
"chr5","116739745","116740057","chr2","39182421","39182732","37","77557324"
"chr5","116815207","116815511","chr23","19614548","19614856","29","97200659"
"chr5","116870578","116870861","chr23","19660064","19660349","40","97210514"
"chr5","116970321","116970626","chr9","23980081","23980379","39","92990240"
"chr5","116987980","116988282","chr23","19778722","19779018","35","97209258"
"chr5","117095737","117096034","chr23","19887167","19887474","32","97208570"
"chr5","117113266","117113573","chr23","19905428","19905736","29","97207838"
"chr5","117183701","117183975","chr24","78141012","78141290","54","39042689"
"chr5","117194865","117195165","chr17","39289590","39289887","39","77905275"
"chr5","117265274","117265584","chr11","4422956","4423267","32","112842318"
"chr5","117269320","117269637","chr20","119575633","119575947","37","2306313"
"chr5","117287554","117287864","chr23","20073429","20073731","37","97214125"
"chr5","117299751","117300047","chr5","22530212","22530512","39","94769539"
"chr5","117315521","117315793","chr1","66554119","66554398","48","50761402"
"chr5","117328116","117328262","chr25","21306979","21307125","33","96021137"
"chr5","117328675","117328716","chr16","46093289","46093325","10","71235386"
"chr5","117328721","117328846","chr5","24720563","24720686","23","92608158"
"chr5","117332100","117332402","chr2","31905539","31905841","31","85426561"
"chr5","117337752","117338056","chr20","2578975","2579279","32","114758777"
"chr5","117346778","117346828","chr14","59976736","59976775","24","57370042"
"chr5","117349532","117349817","chr2","80405192","80405484","42","36944340"
"chr5","117353159","117353460","chr1","32350047","32350343","29","85003112"
"chr5","117356254","117356559","chr1","1606452","1606753","27","115749802"
"chr5","117391165","117391453","chr2","17758440","17758732","37","99632725"
"chr5","117496060","117496360","chr23","20282347","20282656","45","97213713"
"chr5","117524377","117524662","chr26","8773619","8773905","45","108750758"
"chr5","117536804","117537115","chr2","56273923","56274230","39","61262881"
"chr5","117579794","117580083","chr15","90536879","90537170","43","27042915"
"chr5","117682663","117682967","chr17","59119110","59119421","45","58563553"
"chr5","117800766","117801064","chr4","74318262","74318571","42","43482504"
"chr5","117939468","117939751","chr23","20702155","20702440","28","97237313"
"chr5","118009253","118009540","chr1","115874907","115875200","38","2134346"
"chr5","118082422","118082738","chr5","43308878","43309187","42","74773544"
"chr5","118094745","118095022","chr14","14976275","14976550","41","103118470"
"chr5","118122558","118122863","chr23","20865862","20866160","43","97256696"
"chr5","118124554","118124832","chr2","81245749","81246043","54","36878805"
"chr5","118141137","118141422","chr7","111567460","111567746","31","6573677"
"chr5","118147261","118147571","chr1","7210781","7211092","34","110936480"
"chr5","118157009","118157322","chr19","6190545","6190857","43","111966464"
"chr5","118237450","118237670","chr23","20977565","20977783","18","97259885"
"chr5","118246028","118246332","chr11","6429844","6430143","45","111816184"
"chr5","118305415","118305695","chr12","6309978","6310259","39","111995437"
"chr5","118317053","118317354","chr23","21052099","21052399","33","97264954"
"chr5","118317622","118317792","chr1","109563715","109563886","26","8753907"
"chr5","118318192","118318263","chr18","14486053","14486126","12","103832139"
"chr5","118415171","118415492","chr5","19268341","19268645","46","99146830"
"chr5","118465886","118466180","chr6","17721519","17721809","41","100744367"
"chr5","118496967","118497253","chr18","48759811","48760099","37","69737156"
"chr5","118586367","118586662","chr23","21305770","21306076","34","97280597"
"chr5","118610224","118610521","chr9","51469130","51469430","28","67141094"
"chr5","118618579","118618870","chr16","14508939","14509225","39","104109640"
"chr5","118693380","118693650","chr23","21406742","21407010","28","97286638"
"chr5","118763984","118764298","chr23","21476368","21476683","29","97287616"
"chr5","118891597","118891896","chr6","50066742","50067036","38","68824855"
"chr5","118907189","118907481","chr23","21616229","21616525","37","97290960"
"chr5","119039682","119039992","chr23","21737763","21738074","37","97301919"
"chr5","119146354","119146672","chr8","75793891","75794201","37","43352463"
"chr5","119214240","119214549","chr5","10724763","10725064","40","108489477"
"chr5","119305171","119305478","chr10","117314578","117314873","43","1990593"
"chr5","119447755","119448053","chr19","20813555","20813850","35","98634200"
"chr5","119495606","119495941","chr7","47828910","47829237","50","71666696"
"chr5","119505516","119505814","chr25","28024918","28025220","38","91480598"
"chr5","119536459","119536747","chr16","72650947","72651238","31","46885512"
"chr5","119543580","119543875","chr23","22246575","22246864","26","97297005"
"chr5","119559093","119559402","chr15","88640762","88641072","39","30918331"
"chr5","119565663","119565970","chr13","45171921","45172226","33","74393742"
"chr5","119575377","119575684","chr23","22282817","22283129","27","97292560"
"chr5","119585337","119585650","chr23","22291153","22291465","23","97294184"
"chr5","119587757","119588064","chr23","22293592","22293899","28","97294165"
"chr5","119591590","119591903","chrX","27030043","27030357","34","92561547"
"chr5","119603603","119603897","chr13","82846514","82846817","48","36757089"
"chr5","119618790","119619059","chr11","59964710","59964985","42","59654080"
"chr5","119626493","119626795","chr2","80261510","80261816","34","39364983"
"chr5","119670640","119670941","chr23","22362295","22362608","42","97308345"
"chr5","119676931","119677242","chr23","22368659","22368967","35","97308272"
"chr5","119685314","119685598","chr23","22377237","22377517","23","97308077"
"chr5","119744924","119745223","chr23","22438036","22438335","19","97306888"
"chr5","119754997","119755267","chr23","22442643","22442913","18","97312354"
"chr5","119815036","119815322","chr11","108637237","108637524","42","11177799"
"chr5","119869118","119869258","chr23","22554370","22554512","9","97314748"
"chr5","119877192","119877398","chr22","51834807","51835015","35","68042385"
"chr5","119880798","119881101","chr23","22566998","22567307","28","97313800"
"chr5","119920628","119920943","chr14","82794681","82794991","39","37125947"
"chr5","119924804","119925115","chr23","22611487","22611787","36","97313317"
"chr5","119937514","119937711","chr16","24224315","24224522","35","95713199"
"chr5","119948152","119948416","chr12","29365741","29365996","41","90582411"
"chr5","120020142","120020439","chr23","22687902","22688206","33","97332240"
"chr5","120025852","120026133","chr23","22693500","22693781","24","97332352"
"chr5","120047042","120047353","chr7","20905717","20906021","45","99141325"
"chr5","120072519","120072790","chr23","22734392","22734646","38","97338127"
"chr5","120132658","120132969","chr23","22788969","22789271","38","97343689"
"chr5","120174454","120174760","chr23","22825705","22825998","37","97348749"
"chr5","120214675","120214978","chr23","22872154","22872453","22","97342521"
"chr5","120538283","120538575","chr10","36804532","36804826","31","83733751"
"chr5","120576694","120576990","chr5","25397276","25397570","35","95179418"
"chr5","120627083","120627359","chr13","13932246","13932521","53","106694837"
"chr5","120658263","120658573","chrX","101444725","101445035","42","19213538"
"chr5","120675579","120675879","chr23","23286718","23287020","28","97388861"
"chr5","120688197","120688499","chr11","120823381","120823688","41","135184"
"chr5","120945815","120946115","chr23","23540977","23541289","40","97404838"
"chr5","120959190","120959502","chr23","23556498","23556813","29","97402692"
"chr5","120987356","120987586","chr23","23584366","23584584","27","97402990"
"chr5","121012821","121013011","chr23","23603609","23603796","23","97409212"
"chr5","121023381","121023686","chr6","15813882","15814194","49","105209499"
"chr5","121067312","121067616","chr23","23651442","23651748","38","97415870"
"chr5","121098169","121098450","chr23","23679699","23679976","27","97418470"
"chr5","121222111","121222409","chr23","23801859","23802156","31","97420252"
"chr5","121242967","121243272","chr3","78247333","78247635","42","42995634"
"chr5","121293421","121293726","chr23","23862608","23862915","35","97430813"
"chr5","121322613","121322926","chr12","15227891","15228196","58","106094722"
"chr5","121362964","121363268","chr12","7117943","7118250","39","114245021"
"chr5","121390533","121390835","chr1","11398779","11399075","47","109991754"
"chr5","121433596","121433871","chr2","56395522","56395806","49","65038074"
"chr5","121447113","121447340","chr6","12452157","12452384","44","108994956"
"chr5","121479154","121479291","chr10","82920239","82920369","31","38558915"
"chr5","121479292","121479494","chr23","41306689","41306886","38","80172603"
"chr5","121511460","121511745","chr20","93750602","93750891","37","27760858"
"chr5","121593234","121593530","chr15","64630867","64631162","33","56962367"
"chr5","121694424","121694709","chr10","89929233","89929510","41","31765191"
"chr5","121737666","121737858","chr5","3340388","3340587","37","118397278"
"chr5","121857607","121857867","chr16","45383182","45383438","44","76474425"
"chr5","121893353","121893636","chr16","34115418","34115705","34","87777935"
"chr5","121931971","121932272","chr6","16127048","16127345","35","105804923"
"chr5","121944750","121945050","chr2","23642928","23643221","38","98301822"
"chr5","121967408","121967617","chr3","8998187","8998398","31","112969221"
"chr5","121968132","121968226","chr20","105957551","105957645","15","16010581"
"chr5","122053597","122053890","chr1","62642176","62642473","38","59411421"
"chr5","122127245","122127555","chrX","35521579","35521890","38","86605666"
"chr5","122180498","122180667","chr23","24685355","24685530","21","97495143"
"chr5","122569237","122569540","chr23","25080286","25080587","43","97488951"
"chr5","122614916","122615214","chr13","28208542","28208840","39","94406374"
"chr5","122620299","122620585","chr23","25130170","25130449","34","97490129"
"chr5","122667468","122667806","chr20","110380822","110381129","70","12286646"
"chr5","122681849","122682170","chr6","36247272","36247592","56","86434577"
"chr5","122724774","122725009","chr1","50477242","50477476","31","72247532"
"chr5","122756392","122756688","chr10","117619745","117620042","42","5136647"
"chr5","123078720","123079055","chr23","25567606","25567938","36","97511114"
"chr5","123167968","123168258","chr12","8205568","8205855","33","114962400"
"chr5","123214224","123214519","chr23","25683549","25683845","30","97530675"
"chr5","123285430","123285746","chr23","25748306","25748615","30","97537124"
"chr5","123305705","123306001","chr9","6588576","6588867","42","116717129"
"chr5","123307210","123307530","chr25","71792921","71793226","46","51514289"
"chr5","123329757","123330049","chr23","25792459","25792754","27","97537298"
"chr5","123333235","123333543","chr8","36246664","36246975","40","87086571"
"chr5","123341299","123341609","chr23","25804600","25804910","25","97536699"
"chr5","123371552","123371864","chr20","109420728","109421036","41","13950824"
"chr5","123371867","123372162","chr16","5899471","5899766","34","117472396"
"chr5","123382688","123382978","chr24","54687725","54688017","36","68694963"
"chr5","123392737","123393032","chr23","25848813","25849111","22","97543924"
"chr5","123441700","123442007","chr23","25900484","25900795","29","97541216"
"chr5","123449796","123450089","chr23","25908475","25908757","29","97541321"
"chr5","123484892","123485196","chr23","25944553","25944853","36","97540339"
"chr5","123488184","123488473","chr23","25948826","25949118","38","97539358"
"chr5","123536653","123536966","chr23","25999018","25999324","23","97537635"
"chr5","123549748","123550059","chr23","26011830","26012140","26","97537918"
"chr5","123588220","123588498","chr23","26049702","26049995","33","97538518"
"chr5","123639616","123639936","chr3","390926","391232","45","123248690"
"chr5","123646942","123647209","chr23","26109477","26109739","21","97537465"
"chr5","123655407","123655719","chr23","26117915","26118211","37","97537492"
"chr5","123707541","123707814","chr29","3445685","3445965","52","120261856"
"chr5","123803394","123803610","chr11","124263168","124263380","45","459774"
"chr5","123891898","123892182","chr9","8470176","8470462","46","115421722"
"chr5","123907717","123908027","chr10","113695260","113695564","44","10212457"
"chr5","123934085","123934368","chr23","26384133","26384417","21","97549952"
"chr5","124053341","124053643","chr23","26498455","26498766","32","97554886"
"chr5","124064379","124064681","chr9","60633931","60634223","46","63430448"
"chr5","124081586","124081901","chr23","26523439","26523746","38","97558147"
"chr5","124170621","124170917","chr23","26609800","26610096","19","97560821"
"chr5","124251970","124252249","chr23","26692469","26692747","28","97559501"
"chr5","124277514","124277817","chr23","26718474","26718770","27","97559040"
"chr5","124299487","124299772","chr16","9245258","9245543","33","115054229"
"chr5","124396375","124396680","chr23","26829816","26830120","31","97566559"
"chr5","124481036","124481321","chr23","26917074","26917362","30","97563962"
"chr5","124491400","124491691","chr23","26926776","26927068","19","97564624"
"chr5","124544299","124544610","chr22","16974195","16974505","35","107570104"
"chr5","124568759","124569042","chr26","26336976","26337259","37","98231783"
"chr5","124703351","124703642","chr23","27143249","27143550","29","97560102"
"chr5","124835157","124835440","chr23","27266000","27266283","27","97569157"
"chr5","124966969","124967261","chr16","70284377","70284671","32","54682592"
"chr5","125073636","125073928","chr23","27498184","27498493","52","97575452"
"chr5","125082804","125083099","chr23","27507132","27507442","38","97575672"
"chr5","125086350","125086656","chr12","94087159","94087460","35","30999191"
"chr5","125196269","125196581","chr23","27607567","27607878","30","97588702"
"chr5","125201266","125201557","chr11","96978397","96978692","27","28222869"
"chr5","125204243","125204549","chr6","28083926","28084229","32","97120317"
"chr5","125207242","125207540","chr23","27618164","27618460","29","97589078"
"chr5","125243669","125243967","chr23","27653565","27653870","31","97590104"
"chr5","125282088","125282403","chr5","38892397","38892709","36","86389691"
"chr5","125318111","125318419","chr23","27729587","27729891","34","97588524"
"chr5","125323741","125324049","chr16","66098790","66099092","38","59224951"
"chr5","125325465","125325748","chr23","27735751","27736034","21","97589714"
"chr5","125333623","125333909","chr16","14508939","14509225","37","110824684"
"chr5","125358403","125358708","chr23","27768878","27769189","38","97589525"
"chr5","125365064","125365355","chr1","67937430","67937722","39","57427634"
"chr5","125372220","125372494","chr23","27782124","27782399","18","97590096"
"chr5","125380266","125380554","chr7","115305408","115305698","35","10074858"
"chr5","125387871","125388181","chrX","46285407","46285716","43","79102464"
"chr5","125428996","125429185","chr7","15845768","15845962","44","109583228"
"chr5","125519589","125519885","chr10","127130018","127130310","36","1610429"
"chr5","125527914","125528181","chr23","27935572","27935832","24","97592342"
"chr5","125546222","125546508","chr1","95312785","95313076","37","30233437"
"chr5","125548185","125548349","chrX","116310649","116310799","45","9237536"
"chr5","125562977","125563260","chr23","27970372","27970665","29","97592605"
"chr5","125598218","125598390","chr10","33376506","33376682","33","92221712"
"chr5","125618630","125618940","chr8","10801167","10801476","29","114817463"
"chr5","125637154","125637447","chr11","96978397","96978692","31","28658757"
"chr5","125639214","125639530","chr5","43308878","43309187","52","82330336"
"chr5","125665713","125666017","chr26","18344490","18344794","32","107321223"
"chr5","125700863","125701165","chr23","28105926","28106215","26","97594937"
"chr5","125713135","125713442","chr20","40866119","40866421","43","84847016"
"chr5","126144904","126145207","chr10","88760771","88761072","36","37384133"
"chr5","126176920","126177223","chr23","28585230","28585539","30","97591690"
"chr5","126361368","126361672","chr23","28757869","28758173","22","97603499"
"chr5","126416709","126417014","chr23","28815112","28815422","30","97601597"
"chr5","126493785","126494110","chr23","28885504","28885816","45","97608281"
"chr5","126501169","126501461","chr8","35930769","35931065","40","90570400"
"chr5","126627773","126628096","chr23","29012700","29013035","39","97615073"
"chr5","126659171","126659465","chr12","260610","260910","37","126398561"
"chr5","126659470","126659759","chr6","1710666","1710958","36","124948804"
"chr5","126704531","126704822","chr23","29093570","29093863","19","97610961"
"chr5","126812958","126813242","chr23","29202234","29202516","27","97610724"
"chr5","126867540","126867837","chr23","29244072","29244360","30","97623468"
"chr5","127064226","127064538","chr1","67026506","67026811","34","60037720"
"chr5","127091809","127092106","chr3","74119688","74119985","34","52972121"
"chr5","127114873","127115184","chr3","515812","516116","40","126599061"
"chr5","127120349","127120654","chr16","1717813","1718121","36","125402536"
"chr5","127123509","127123786","chr23","29490987","29491263","25","97632522"
"chr5","127131206","127131491","chr23","29504333","29504618","25","97626873"
"chr5","127142048","127142349","chr10","58408825","58409126","37","68733223"
"chr5","127156674","127156935","chr20","125033323","125033583","88","2123351"
"chr5","127168369","127168656","chr23","29539119","29539410","25","97629250"
"chr5","127175890","127176193","chr26","21323693","21323990","37","105852197"
"chr5","127180802","127181097","chr23","29550298","29550587","34","97630504"
"chr5","127181860","127182170","chr23","29551345","29551650","25","97630515"
"chr5","127195847","127196142","chr23","29570048","29570351","29","97625799"
"chr5","127202939","127203237","chr16","30988261","30988551","40","96214678"
"chr5","127211620","127211898","chr2","26180183","26180457","41","101031437"
"chr5","127228378","127228673","chr6","46784481","46784776","35","80443897"
"chr5","127236749","127237046","chr23","29603517","29603814","42","97633232"
"chr5","127246292","127246593","chr23","29611693","29611999","28","97634599"
"chr5","127258411","127258568","chr28","12116747","12116911","20","115141664"
"chr5","127259678","127259973","chr23","29625223","29625512","30","97634455"
"chr5","127271306","127271618","chr20","103936878","103937182","37","23334428"
"chr5","127288978","127289286","chr20_KE148049v1_random","803204","803511","33","126485774"
"chr5","127306356","127306650","chr23","29668853","29669148","24","97637503"
"chr5","127315419","127315725","chr16","5146243","5146547","31","122169176"
"chr5","127317993","127318212","chr23","29685880","29686090","29","97632113"
"chr5","127323086","127323397","chr23","29691491","29691804","26","97631595"
"chr5","127331158","127331437","chr8","36499116","36499396","35","90832042"
"chr5","127333244","127333537","chr23","29694196","29694493","35","97639048"
"chr5","127343202","127343500","chr23","29705321","29705615","29","97637881"
"chr5","127355661","127355963","chr10","20233604","20233909","36","107122057"
"chr5","127360634","127360942","chr11","4422956","4423267","36","122937678"
"chr5","127362878","127363188","chr23","29725566","29725875","30","97637312"
"chr5","127376164","127376467","chr23","29739227","29739531","38","97636937"
"chr5","127389971","127390267","chr12","44423345","44423647","39","82966626"
"chr5","127393751","127394046","chr23","29755446","29755743","32","97638305"
"chr5","127398725","127399022","chr23","29758224","29758518","27","97640501"
"chr5","127404050","127404308","chr23","29763441","29763699","22","97640609"
"chr5","127408744","127409020","chr23","29767849","29768125","28","97640895"
"chr5","127417081","127417374","chr23","29775817","29776110","18","97641264"
"chr5","127433378","127433672","chr21","97620881","97621177","34","29812497"
"chr5","127442740","127443044","chr4","90716095","90716397","33","36726645"
"chr5","127444990","127445292","chr6","30938900","30939200","41","96506090"
"chr5","127483445","127483751","chr23","29828198","29828505","28","97655247"
"chr5","127486979","127487278","chr23","29831479","29831784","35","97655500"
"chr5","127490582","127490869","chr23","29835072","29835360","13","97655510"
"chr5","127524866","127525172","chr12","7886220","7886520","40","119638646"
"chr5","127564131","127564438","chr23","29895914","29896227","23","97668217"
"chr5","127566702","127566978","chr23","29898509","29898776","26","97668193"
"chr5","127582193","127582508","chr23","29912873","29913165","48","97669320"
"chr5","127630898","127631203","chr23","29960380","29960690","24","97670518"
"chr5","127713565","127713842","chr11","3085165","3085445","35","124628400"
"chr5","127756324","127756638","chr2","65319575","65319883","33","62436749"
"chr5","127838268","127838563","chr9","112420914","112421211","31","15417354"
"chr5","127839348","127839653","chr23","30163304","30163600","27","97676044"
"chr5","127930205","127930517","chr23","30248250","30248563","30","97681955"
"chr5","127944663","127944960","chr23","30262791","30263096","25","97681872"
"chr5","128005353","128005657","chr23","30323072","30323378","24","97682281"
"chr5","128007414","128007726","chr23","30325092","30325402","36","97682322"
"chr5","128049061","128049359","chr23","30365303","30365604","27","97683758"
"chr5","128116625","128116949","chr23","30440305","30440644","38","97676320"
"chr5","128131748","128132042","chr23","30452186","30452476","28","97679562"
"chr5","128150125","128150421","chr7","94326517","94326814","36","33823608"
"chr5","128154595","128154906","chr2","39182421","39182732","38","88972174"
"chr5","128219652","128219963","chr24","32564955","32565266","37","95654697"
"chr5","128290592","128290895","chr23","30604538","30604840","16","97686054"
"chr5","128330227","128330536","chr23","30644593","30644896","26","97685634"
"chr5","128421820","128421988","chr13","95522633","95522794","23","32899187"
"chr5","128474807","128474950","chrX","116310649","116310799","28","12164158"
"chr5","128476275","128476583","chr4","63048739","63049041","44","65427536"
"chr5","128478014","128478296","chr16","58402495","58402776","35","70075519"
"chr5","128489324","128489583","chr6","5549913","5550175","41","122939411"
"chr5","128496518","128496676","chr20","110639234","110639386","47","17857284"
"chr5","128506661","128506958","chr23","30819105","30819402","23","97687556"
"chr5","128514613","128514916","chr14","63097293","63097594","32","65417320"
"chr5","128520133","128520426","chr23","30835277","30835568","26","97684856"
"chr5","128534967","128535276","chr11","106696247","106696559","37","21838720"
"chr5","128551260","128551566","chr8","52693668","52693972","40","75857592"
"chr5","128558725","128559002","chr23","30872716","30872993","24","97686009"
"chr5","128559552","128559842","chr10","55089831","55090117","30","73469721"
"chr5","128605464","128605762","chr1","17894693","17894992","41","110710771"
"chr5","128639613","128639912","chr23","30955677","30955982","36","97683936"
"chr5","128773599","128773909","chr9","87345833","87346141","33","41427766"
"chr5","128775727","128776034","chr23","31084887","31085199","33","97690840"
"chr5","128883884","128884131","chr1","58094843","58095110","55","70789041"
"chr5","128892042","128892338","chr23","31200367","31200665","25","97691675"
"chr5","128908674","128908971","chrX","25540870","25541169","32","103367804"
"chr5","128931859","128932120","chr6","4020111","4020373","32","124911748"
"chr5","128985271","128985444","chr16","39692631","39692802","31","89292640"
"chr5","128988883","128989166","chrX","41952962","41953255","39","87035921"
"chr5","129120105","129120321","chr23","31419808","31420002","45","97700297"
"chr5","129216856","129217164","chr9","92446514","92446821","33","36770342"
"chr5","129363868","129364174","chr8","119975330","119975634","39","9388538"
"chr5","129429644","129429950","chr8","50034452","50034757","33","79395192"
"chr5","129431904","129432189","chr23","31727829","31728116","24","97704075"
"chr5","129510209","129510505","chr3","59059643","59059942","44","70450566"
"chr5","129570716","129571027","chr24","53249266","53249576","40","76321450"
"chr5","129594599","129594885","chr23","31884519","31884805","21","97710080"
"chr5","129618497","129618802","chr10","87560941","87561244","43","42057556"
"chr5","129624615","129624927","chr23","31928318","31928627","37","97696297"
"chr5","129625235","129625546","chr6","14786220","14786531","34","114839015"
"chr5","129652165","129652452","chr23","31955888","31956183","39","97696277"
"chr5","129723550","129723796","chr9","61704066","61704306","53","68019484"
"chr5","129752406","129752716","chr23","32053923","32054232","29","97698483"
"chr5","129763781","129764092","chr27","40845363","40845670","42","88918418"
"chr5","129770166","129770454","chr23","32074180","32074479","34","97695986"
"chr5","129872934","129873251","chr20","9169732","9170041","40","120703202"
"chr5","129921848","129922157","chr8","31712341","31712652","40","98209507"
"chr5","130001065","130001359","chr11","90338950","90339243","35","39662115"
"chr5","130012299","130012624","chr17","70166834","70167147","48","59845465"
"chr5","130111861","130112150","chr3","78270252","78270545","36","51841609"
"chr5","130119316","130119609","chr23","32386462","32386759","29","97732854"
"chr5","130129832","130130156","chr24","40396858","40397185","43","89732974"
"chr5","130147792","130148075","chr24","26828893","26829178","44","103318899"
"chr5","130237557","130237858","chr15","16738396","16738699","42","113499161"
"chr5","130252365","130252673","chr1","62704802","62705111","37","67547563"
"chr5","130282055","130282358","chr23","32542190","32542480","40","97739865"
"chr5","130283729","130284037","chr11","60424159","60424462","42","69859570"
"chr5","130323093","130323389","chr1","62642176","62642473","36","67680917"
"chr5","130367601","130367887","chr1","56213844","56214139","47","74153757"
"chr5","130398687","130398982","chrX","3500980","3501276","40","126897707"
"chr5","130413862","130414170","chr12","89237643","89237952","32","41176219"
"chr5","130482100","130482393","chr23","32734402","32734704","44","97747698"
"chr5","130599697","130599993","chr9","53624318","53624611","32","76975379"
"chr5","130666007","130666312","chr29","19796485","19796789","43","110869522"
"chr5","130669742","130670036","chr23","32917530","32917833","34","97752212"
"chr5","130774185","130774482","chr10","105480657","105480955","45","25293528"
"chr5","131022650","131022960","chr20","20579967","20580275","36","110442683"
"chr5","131042610","131042910","chr23","33274114","33274413","29","97768496"
"chr5","131057596","131057827","chr2","210771","211008","41","130846825"
"chr5","131084184","131084481","chr23","33316387","33316682","28","97767797"
"chr5","131147002","131147299","chr27","47619512","47619803","34","83527490"
"chr5","131256181","131256475","chrX","104338492","104338785","35","26917689"
"chr5","131338676","131338969","chr23","33573778","33574079","21","97764898"
"chr5","131429636","131429930","chr23","33663105","33663409","41","97766531"
"chr5","131464887","131465195","chr19_KE148048v1_random","25634","25941","48","131439253"
"chr5","131733343","131733632","chr23","33933560","33933851","18","97799783"
"chr5","131760527","131760649","chr28","9173213","9173351","51","122587314"
"chr5","131770415","131770707","chr23","33970806","33971102","39","97799609"
"chr5","131782953","131783264","chr23","33983414","33983711","36","97799539"
"chr5","131800493","131800795","chr23","33999346","33999649","28","97801147"
"chr5","131826497","131826784","chr16","64339248","64339541","35","67487249"
"chr5","131830733","131831031","chr23","34032740","34033026","41","97797993"
"chr5","131835141","131835431","chr11","96978397","96978692","39","34856744"
"chr5","131839022","131839312","chr3","5350216","5350506","31","126488806"
"chr5","131854167","131854484","chr23","62546277","62546587","39","69307890"
"chr5","131871406","131871712","chr23","34071171","34071478","28","97800235"
"chr5","131880192","131880477","chr23","34079931","34080206","30","97800261"
"chr5","131913766","131914082","chr23","34113313","34113624","31","97800453"
"chr5","131920616","131920912","chr9","33958924","33959219","33","97961692"
"chr5","131928433","131928732","chr1","68742662","68742962","36","63185771"
"chr5","131932231","131932554","chr23","34131380","34131705","24","97800851"
"chr5","131933381","131933646","chr19","6834068","6834329","39","125099313"
"chr5","131935325","131935618","chr20","105897294","105897587","40","26038031"
"chr5","131950248","131950550","chr23","34144357","34144659","25","97805891"
"chr5","131982894","131983175","chr23","34170247","34170533","35","97812647"
"chr5","132002700","132002980","chr19","18154643","18154928","40","113848057"
"chr5","132006147","132006366","chr17","38823537","38823742","42","93182610"
"chr5","132020961","132021260","chr23","34196256","34196555","24","97824705"
"chr5","132055374","132055661","chr21","99833502","99833794","35","32221872"
"chr5","132083712","132084006","chr23","34259802","34260092","24","97823910"
"chr5","132097108","132097398","chr16","42291634","42291928","34","89805474"
"chr5","132167468","132167776","chr17","1769259","1769563","39","130398209"
"chr5","132170969","132171273","chr24","27995304","27995605","35","104175665"
"chr5","132197291","132197583","chr23","34370013","34370308","25","97827278"
"chr5","132238034","132238335","chr23","34411281","34411570","34","97826753"
"chr5","132281928","132282239","chr23","34453479","34453782","34","97828449"
"chr5","132325417","132325704","chr16","24344862","24345154","49","107980555"
"chr5","132331383","132331689","chr23","34509307","34509607","35","97822076"
"chr5","132345401","132345697","chr23","34524000","34524297","23","97821401"
"chr5","132348425","132348730","chr18","58480084","58480385","44","73868341"
"chr5","132420709","132421008","chr23","34592940","34593244","25","97827769"
"chr5","132441252","132441548","chr23","34616685","34616982","25","97824567"
"chr5","132449964","132450264","chr2","58338718","58339014","34","74111246"
"chr5","132476286","132476540","chr23","34653074","34653332","28","97823212"
"chr5","132587030","132587313","chr23","34754428","34754714","26","97832602"
"chr5","132589802","132590112","chr15","53643506","53643815","33","78946296"
"chr5","132626225","132626478","chr14","2751645","2751894","43","129874580"
"chr5","132630239","132630538","chr23","34800493","34800791","22","97829746"
"chr5","132681427","132681685","chr4","62913885","62914148","47","69767542"
"chr5","132816342","132816646","chr23","34983430","34983727","35","97832912"
"chr5","132830147","132830463","chrX","46054412","46054721","31","86775735"
"chr5","132834762","132835072","chrX","128511992","128512304","35","4322770"
"chr5","132861965","132862274","chr11","4422956","4423267","33","128439009"
"chr5","132905331","132905637","chr5","74857561","74857863","36","58047770"
"chr5","132947868","132948121","chr23","35113322","35113587","48","97834546"
"chr5","132969153","132969448","chr23","35134377","35134670","34","97834776"
"chr5","132983793","132984012","chr10","121714174","121714392","34","11269619"
"chr5","133022271","133022579","chr23","35186199","35186503","23","97836072"
"chr5","133052373","133052681","chr23","35215154","35215461","34","97837219"
"chr5","133100462","133100764","chr23","35258104","35258404","20","97842358"
"chr5","133114551","133114861","chr2","48779889","48780200","29","84334662"
"chr5","133161557","133161857","chr26","2668803","2669103","34","130492754"
"chr5","133174903","133175200","chr21","10635524","10635815","34","122539379"
"chr5","133208356","133208674","chr7","126618053","126618374","43","6590303"
"chr5","133262835","133263092","chr9","34088434","34088698","42","99174401"
"chr5","133287539","133287799","chrX","464161","464437","49","132823378"
"chr5","133292742","133293048","chr23","35447484","35447791","24","97845258"
"chr5","133333087","133333381","chrX","85868298","85868592","33","47464789"
"chr5","133348005","133348311","chr23","35504876","35505168","26","97843129"
"chr5","133358922","133359154","chr6","2928463","2928709","49","130430459"
"chr5","133380543","133380824","chr23","35537617","35537899","20","97842926"
"chr5","133396216","133396512","chr23","35552058","35552356","25","97844158"
"chr5","133444343","133444652","chr25","24115272","24115584","33","109329071"
"chr5","133451482","133451775","chr23","35607218","35607509","25","97844264"
"chr5","133455539","133455849","chr23","35611344","35611650","35","97844195"
"chr5","133493511","133493815","chr3","9026672","9026974","33","124466839"
"chr5","133505131","133505426","chr16","64451532","64451827","41","69053599"
"chr5","133507731","133508027","chr26","43663051","43663349","40","89844680"
"chr5","133508352","133508656","chr23","35664354","35664658","26","97843998"
"chr5","133560335","133560645","chr23","35716840","35717151","28","97843495"
"chr5","133563896","133564201","chr23","35720905","35721211","17","97842991"
"chr5","133579467","133579748","chr23","35738528","35738811","36","97840939"
"chr5","133581122","133581429","chr23","35740201","35740500","30","97840921"
"chr5","133585982","133586292","chr24","8496376","8496688","32","125089606"
"chr5","133591904","133592199","chr11","47789740","47790038","43","85802164"
"chr5","133592750","133593049","chr23","32363927","32364238","50","101228823"
"chr5","133596567","133596852","chr23","35755525","35755804","33","97841042"
"chr5","133601164","133601468","chr11","96978397","96978692","36","36622767"
"chr5","133607251","133607555","chr7","132377970","132378273","38","1229281"
"chr5","133612171","133612476","chr22","20908236","20908541","29","112703935"
"chr5","133612878","133613187","chr23","35776533","35776845","30","97836345"
"chr5","133624100","133624303","chr23","35789025","35789232","23","97835075"
"chr5","133628485","133628780","chr23","35793204","35793501","36","97835281"
"chr5","133633175","133633471","chr18","48611594","48611889","37","85021581"
"chr5","133645887","133646116","chr13","64715078","64715302","32","68930809"
"chr5","133647540","133647848","chr20","104839624","104839933","33","28807916"
"chr5","133650427","133650738","chr10","88760771","88761072","34","44889656"
"chr5","133658538","133658834","chr23","35815141","35815444","33","97843397"
"chr5","133661803","133662064","chr20","107140656","107140921","41","26521147"
"chr5","133667681","133667998","chr2","39182421","39182732","54","94485260"
"chr5","133677631","133677926","chr23","35835629","35835925","16","97842002"
"chr5","133680446","133680743","chr23","35838450","35838733","32","97841996"
"chr5","133684200","133684493","chrX","8693862","8694157","39","124990338"
"chr5","133696720","133697031","chr23","35852814","35853117","36","97843906"
"chr5","133699183","133699482","chr11","96978397","96978692","38","36720786"
"chr5","133711587","133711868","chr23","35866561","35866841","24","97845026"
"chr5","133734162","133734459","chr23","35889273","35889558","32","97844889"
"chr5","133738661","133738963","chr10","88760771","88761072","25","44977890"
"chr5","133748633","133748946","chr9","53419832","53420134","49","80328801"
"chr5","133750858","133751141","chr23","35906120","35906408","33","97844738"
"chr5","133754951","133755242","chr23","35910550","35910856","32","97844401"
"chr5","133769232","133769522","chr23","35923077","35923366","22","97846155"
"chr5","133782476","133782779","chr23","35936229","35936531","24","97846247"
"chr5","133795482","133795779","chr23","35947611","35947918","40","97847871"
"chr5","133812092","133812392","chr23","35965557","35965861","28","97846535"
"chr5","133813706","133813988","chr5","26532415","26532703","46","107281291"
"chr5","133816495","133816783","chr23","35973864","35974155","29","97842631"
"chr5","133831383","133831692","chr23","35988737","35989043","22","97842646"
"chr5","133875899","133876218","chr16","72487271","72487584","50","61388628"
"chr5","133894799","133895128","chr23","36048356","36048680","42","97846443"
"chr5","134016584","134016843","chr23","36170785","36171047","31","97845799"
"chr5","134035099","134035365","chr23","36189189","36189452","29","97845910"
"chr5","134096005","134096310","chr23","36254682","36254985","42","97841323"
"chr5","134104791","134105082","chr6","41738554","41738850","40","92366237"
"chr5","134106175","134106486","chr23","36264773","36265082","23","97841402"
"chr5","134146917","134147204","chr26","7321068","7321360","37","126825849"
"chr5","134176215","134176510","chr5","24986485","24986779","39","109189730"
"chr5","134260159","134260453","chr23","36414668","36414956","34","97845491"
"chr5","134357306","134357615","chr23","36514323","36514633","24","97842983"
"chr5","134496018","134496302","chr11","30393890","30394178","38","104102128"
"chr5","134560218","134560526","chr23","36713379","36713683","27","97846839"
"chr5","134581499","134581803","chr20","111352130","111352435","42","23229369"
"chr5","134603403","134603705","chr1","100120317","100120618","37","34483086"
"chr5","134612304","134612620","chr23","36764118","36764433","25","97848186"
"chr5","134632685","134632995","chr29","21940583","21940891","36","112692102"
"chr5","134634794","134635098","chr23","36788526","36788826","28","97846268"
"chr5","134645913","134646220","chr23","36798627","36798932","25","97847286"
"chr5","134657268","134657437","chr3","6526274","6526443","25","128130994"
"chr5","134671074","134671373","chr7","115586125","115586433","35","19084949"
"chr5","134673100","134673380","chrUn_KE147541v1","555790","556072","23","134117310"
"chr5","134683954","134684260","chr23","36836510","36836814","17","97847444"
"chr5","134690139","134690456","chr27","47174935","47175234","44","87515204"
"chr5","134691213","134691522","chrX","113675371","113675678","34","21015842"
"chr5","134711710","134712008","chr23","36860811","36861102","30","97850899"
"chr5","134714482","134714793","chr1","14106229","14106537","41","120608253"
"chr5","134717906","134718201","chr23","36867049","36867345","24","97850857"
"chr5","134722629","134722939","chr23","36871475","36871790","29","97851154"
"chr5","134724288","134724605","chr23","36873133","36873438","29","97851155"
"chr5","134730479","134730792","chr23","36877784","36878096","44","97852695"
"chr5","134744274","134744578","chr23","36888077","36888376","27","97856197"
"chr5","134753615","134753790","chr23","36897024","36897195","18","97856591"
"chr5","134759307","134759620","chr23","36902760","36903073","27","97856547"
"chr5","134799073","134799385","chr23","36942135","36942448","28","97856938"
"chr5","134827701","134827968","chr14","42016240","42016515","37","92811461"
"chr5","134828276","134828558","chr20","87861857","87862153","43","46966419"
"chr5","134842208","134842516","chr23","36981694","36982004","25","97860514"
"chr5","134845454","134845748","chr16","1276565","1276860","34","133568889"
"chr5","134847871","134848155","chr9","62534396","62534678","30","72313475"
"chr5","134867986","134868295","chr16","2561443","2561752","34","132306543"
"chr5","134874466","134874749","chr9","96374924","96375206","36","38499542"
"chr5","134884341","134884633","chr23","37024350","37024640","31","97859991"
"chr5","134890705","134891014","chr17","29971396","29971707","33","104919309"
"chr5","134892578","134892876","chr23","37032550","37032853","22","97860028"
"chr5","134894209","134894507","chr23","37033879","37034178","24","97860330"
"chr5","134898343","134898529","chr16","2372018","2372211","30","132526325"
"chr5","134906672","134906977","chr12","6938340","6938644","31","127968332"
"chr5","134922136","134922429","chr23","37063833","37064122","32","97858303"
"chr5","134926944","134927186","chr23","37068892","37069132","28","97858052"
"chr5","134935988","134936301","chr23","37079244","37079563","34","97856744"
"chr5","134943542","134943812","chr15","9729262","9729532","49","125214280"
"chr5","134961891","134962202","chr5","73188003","73188312","42","61773888"
"chr5","134970441","134970762","chr25","25629089","25629399","48","109341352"
"chr5","134986735","134987046","chr23","37128806","37129109","45","97857929"
"chr5","134988704","134989012","chr23","37130455","37130768","37","97858249"
"chr5","135006555","135006862","chr23","37148388","37148689","23","97858167"
"chr5","135024075","135024384","chr24","50311463","50311764","53","84712612"
"chr5","135025039","135025197","chr17","43768332","43768491","20","91256707"
"chr5","135030856","135031024","chr23","37172805","37172974","15","97858051"
"chr5","135046114","135046280","chr23","37186679","37186850","10","97859435"
"chr5","135048987","135049280","chr23","37189388","37189675","26","97859599"
"chr5","135063004","135063288","chr23","37202872","37203150","28","97860132"
"chr5","135084197","135084488","chr6","47103233","47103523","38","87980964"
"chr5","135093256","135093341","chr10","55075936","55076016","39","80017320"
"chr5","135095405","135095699","chr11","96978397","96978692","30","38117008"
"chr5","135102682","135102992","chr23","37238447","37238756","25","97864235"
"chr5","135110648","135110932","chr2","14870988","14871265","47","120239660"
"chr5","135115591","135115908","chr23","37248320","37248637","29","97867271"
"chr5","135127120","135127415","chr20","122358024","122358323","37","12769096"
"chr5","135145070","135145366","chr23","37276567","37276860","31","97868503"
"chr5","135154213","135154492","chr23","37282930","37283211","20","97871283"
"chr5","135159639","135159964","chr7","85378550","85378870","46","49781089"
"chr5","135181612","135181908","chrX","36953243","36953535","34","98228369"
"chr5","135192983","135193274","chr5","7503411","7503698","38","127689572"
"chr5","135194627","135194821","chr7","15845768","15845962","28","119348859"
"chr5","135209977","135210271","chr23","37336444","37336734","21","97873533"
"chr5","135228281","135228577","chr23","37353927","37354222","16","97874354"
"chr5","135239548","135239852","chr23","37365023","37365312","30","97874525"
"chr5","135294427","135294713","chr20","40447594","40447887","40","94846833"
"chr5","135303273","135303546","chr28","17356817","17357091","36","117946456"
"chr5","135313868","135314167","chr9","63670222","63670511","37","71643646"
"chr5","135315146","135315511","chr11","105871959","105872319","78","29443187"
"chr5","135317691","135317999","chr23","37453492","37453793","33","97864199"
"chr5","135325294","135325591","chr23","37458215","37458518","27","97867079"
"chr5","135328090","135328376","chr27","10380206","10380492","30","124947884"
"chr5","135354041","135354347","chr23","37476913","37477219","14","97877128"
"chr5","135358296","135358590","chr23","37481517","37481789","44","97876779"
"chr5","135362196","135362418","chr16","62209380","62209598","29","73152816"
"chr5","135363038","135363328","chr23","37486233","37486523","35","97876805"
"chr5","135368693","135368989","chr22","18141424","18141720","28","117227269"
"chr5","135386268","135386567","chr23","37503734","37504021","31","97882534"
"chr5","135411797","135412088","chr11","95211564","95211855","34","40200233"
"chr5","135430778","135431076","chr2","23642928","23643221","36","111787850"
"chr5","135433784","135434068","chr23","37537374","37537667","27","97896410"
"chr5","135456143","135456451","chr16","25344377","25344680","45","110111766"
"chr5","135460462","135460735","chr23","37563702","37563991","39","97896760"
"chr5","135464199","135464519","chr10","123801741","123802047","42","11662458"
"chr5","135464846","135465140","chr25","27664129","27664423","35","107800717"
"chr5","135465957","135466233","chr23","37574653","37574933","25","97891304"
"chr5","135473662","135473961","chr4","65717551","65717849","29","69756111"
"chr5","135478661","135478956","chr23","37581779","37582073","28","97896882"
"chr5","135479733","135480017","chr23","37582612","37582899","34","97897121"
"chr5","135498504","135498815","chr13","84766589","84766899","35","50731915"
"chr5","135499839","135500000","chr27","10404667","10404828","25","125095172"
"chr5","135500439","135500712","chr6","17428631","17428906","33","118071808"
"chr5","135518156","135518432","chr23","37618099","37618365","35","97900057"
"chr5","135521323","135521655","chr17","51121570","51121900","64","84399753"
"chr5","135526880","135527148","chr23","37626499","37626767","30","97900381"
"chr5","135536218","135536515","chr1","109009227","109009529","55","26526991"
"chr5","135544876","135545184","chr2","36318000","36318310","40","99226876"
"chr5","135548514","135548743","chr6","11557988","11558218","38","123990526"
"chr5","135552301","135552597","chr5","11663075","11663373","24","123889226"
"chr5","135563936","135564238","chr23","37662277","37662583","28","97901659"
"chr5","135568713","135569015","chr2","33583336","33583638","37","101985377"
"chr5","135570187","135570489","chr10","88760771","88761072","37","46809416"
"chr5","135570490","135570789","chr11","120526163","120526460","32","15044327"
"chr5","135573724","135574030","chr23","37672043","37672349","16","97901681"
"chr5","135584259","135584552","chr12","80083509","80083803","47","55500750"
"chr5","135604721","135605028","chr23","37699471","37699764","33","97905250"
"chr5","135607156","135607452","chr23","37701919","37702209","34","97905237"
"chr5","135663500","135663717","chr11","124263168","124263380","48","11400332"
"chr5","135674418","135674723","chr17","32380275","32380577","37","103294143"
"chr5","135675819","135676116","chr23","37773368","37773673","28","97902451"
"chr5","135745180","135745487","chr14","5352895","5353203","39","130392285"
"chr5","135810789","135811084","chr23","37898537","37898832","19","97912252"
"chr5","135873667","135873975","chr23","37960281","37960571","31","97913386"
"chr5","135960312","135960642","chrX","59936969","59937296","44","76023343"
"chr5","136124862","136125140","chr23","38210797","38211074","27","97914065"
"chr5","136145368","136145679","chr23","38231278","38231590","33","97914090"
"chr5","136197073","136197378","chr23","38285323","38285631","29","97911750"
"chr5","136210766","136211073","chr9","87345833","87346141","31","48864933"
"chr5","136244003","136244279","chr12","14308331","14308609","33","121935672"
"chr5","136247756","136248059","chr22","34399104","34399398","41","101848652"
"chr5","136248117","136248420","chr23","38339367","38339676","28","97908750"
"chr5","136282519","136282814","chr1","11012488","11012778","38","125270031"
"chr5","136323588","136323891","chr23","38417755","38418055","22","97905833"
"chr5","136415778","136416072","chr16","70284377","70284671","32","66131401"
"chr5","136422537","136422839","chr13","56404039","56404340","40","80018498"
"chr5","136435770","136436026","chr8","121253617","121253882","42","15182153"
"chr5","136437626","136437900","chr23","38537760","38538029","27","97899866"
"chr5","136441191","136441419","chr26","19753085","19753324","52","116688106"
"chr5","136677212","136677530","chr5","56215675","56215986","43","80461537"
"chr5","136748973","136749273","chr6","7942419","7942718","37","128806554"
"chr5","136750072","136750388","chr23","38796328","38796609","49","97953744"
"chr5","136791556","136791837","chr23","38836786","38837067","18","97954770"
"chr5","136799294","136799554","chr23","38844464","38844727","26","97954830"
"chr5","136816099","136816403","chr23","38862146","38862450","17","97953953"
"chr5","136836044","136836251","chr23","38880587","38880797","28","97955457"
"chr5","136836554","136836839","chr23","38881101","38881386","25","97955453"
"chr5","136863919","136864234","chr23","38907543","38907850","28","97956376"
"chr5","136867517","136867798","chrX","8424378","8424660","39","128443139"
"chr5","136897834","136898132","chr23","38941038","38941341","28","97956796"
"chr5","136984664","136984948","chr9","39307433","39307699","46","97677231"
"chr5","137022813","137023109","chr11","118910440","118910739","38","18112373"
"chr5","137045933","137046237","chr28","15540047","15540344","38","121505886"
"chr5","137077772","137078082","chr23","39109560","39109854","40","97968212"
"chr5","137194391","137194702","chr23","39227492","39227784","38","97966899"
"chr5","137209893","137210190","chr23","39242530","39242828","34","97967363"
"chr5","137254858","137255160","chr23","39280641","39280940","30","97974217"
"chr5","137362997","137363303","chr23","39389369","39389674","28","97973628"
"chr5","137388649","137388928","chr23","39415140","39415421","25","97973509"
"chr5","137423335","137423633","chr23","39450944","39451241","28","97972391"
"chr5","137589558","137589864","chr10","111914215","111914514","54","25675343"
"chr5","137696872","137697145","chr23","39702320","39702583","36","97994552"
"chr5","137756763","137757064","chr23","39762184","39762495","42","97994579"
"chr5","137793620","137793907","chr23","39800230","39800524","29","97993390"
"chr5","137943157","137943454","chr9","33958924","33959219","34","103984233"
"chr5","138181811","138182103","chr23","40169828","40170134","33","98011983"
"chr5","138268082","138268379","chr24","40758560","40758856","33","97509522"
"chr5","138275167","138275453","chr23","70341228","70341515","35","67933939"
"chr5","138277445","138277731","chr5","42817413","42817694","36","95460032"
"chr5","138286286","138286597","chr20","9169732","9170041","36","129116554"
"chr5","138350156","138350458","chr23","40327869","40328173","29","98022287"
"chr5","138376811","138377125","chrX","46301091","46301409","41","92075720"
"chr5","138383272","138383572","chr15","41560987","41561288","34","96822285"
"chr5","138402396","138402696","chr23","40380005","40380311","32","98022391"
"chr5","138416975","138417243","chr23","40394553","40394831","29","98022422"
"chr5","138475759","138476065","chr23","40452187","40452493","22","98023572"
"chr5","138566990","138567295","chr23","40541912","40542226","31","98025078"
"chr5","138579765","138580074","chr23","40554833","40555142","20","98024932"
"chr5","138598658","138598910","chr23","40572969","40573225","19","98025689"
"chr5","138661950","138662258","chr23","40631508","40631806","27","98030442"
"chr5","138708706","138709006","chr23","40667562","40667867","20","98041144"
"chr5","138720159","138720455","chr10","119436875","119437172","40","19283284"
"chr5","138737689","138737989","chr23","40701641","40701949","34","98036048"
"chr5","138738349","138738643","chr23","40702311","40702615","27","98036038"
"chr5","138769188","138769483","chr23","40732204","40732506","25","98036984"
"chr5","138770364","138770673","chr23","40733063","40733376","23","98037301"
"chr5","138771829","138772044","chr17","38823537","38823742","38","99948292"
"chr5","138775898","138776206","chr23","40737851","40738160","23","98038047"
"chr5","138782354","138782639","chr23","40744869","40745162","33","98037485"
"chr5","138789166","138789471","chr5","19268341","19268645","35","119520825"
"chr5","138804254","138804545","chr23","40765920","40766214","21","98038334"
"chr5","138837106","138837417","chr6","43919788","43920086","40","94917318"
"chr5","138839612","138839913","chr23","40803802","40804103","22","98035810"
"chr5","138858087","138858381","chr22","5955596","5955889","30","132902491"
"chr5","138873251","138873565","chr1","101768327","101768648","47","37104924"
"chr5","138880554","138880850","chr15","17091577","17091872","34","121788977"
"chr5","138886548","138886847","chr8","7114217","7114516","36","131772331"
"chr5","138896367","138896636","chr4","65539199","65539471","39","73357168"
"chr5","138901944","138902238","chr25","5616603","5616896","33","133285341"
"chr5","138903699","138903992","chr25","5616603","5616896","32","133287096"
"chr5","138908762","138909077","chr21","109728222","109728529","44","29180540"
"chr5","138910125","138910423","chr9","112420914","112421211","35","26489211"
"chr5","138914457","138914747","chr23","40887009","40887295","26","98027448"
"chr5","138944066","138944360","chr8","7114217","7114516","39","131829849"
"chr5","138945514","138945815","chr8","7114217","7114516","35","131831297"
"chr5","138955944","138956240","chr23","40924346","40924644","32","98031598"
"chr5","138962395","138962692","chr16","70284377","70284671","34","68678018"
"chr5","138969428","138969740","chr22","16974195","16974505","32","121995233"
"chr5","138973137","138973440","chr23","40942344","40942648","25","98030793"
"chr5","138975023","138975316","chr6","17721519","17721809","41","121253504"
"chr5","138991351","138991637","chr23","40958277","40958563","22","98033074"
"chr5","138995889","138996227","chr6","17454552","17454857","81","121541337"
"chr5","139006764","139007067","chr9","87345833","87346141","31","51660931"
"chr5","139018306","139018594","chr23","40984886","40985180","22","98033420"
"chr5","139022561","139022844","chr22","14461791","14462070","42","124560770"
"chr5","139022880","139023181","chr23","40989166","40989475","28","98033714"
"chr5","139023516","139023815","chr9","79428511","79428800","53","59595005"
"chr5","139032567","139032877","chr9","87345833","87346141","41","51686734"
"chr5","139034448","139034744","chr4","32226963","32227256","31","106807485"
"chr5","139038300","139038626","chr1","14106229","14106537","58","124932071"
"chr5","139040690","139040994","chr23","41004957","41005246","26","98035733"
"chr5","139044903","139045200","chrX_KE148109v1_random","2263653","2263954","34","136781250"
"chr5","139054205","139054517","chr23","41018135","41018441","30","98036070"
"chr5","139071540","139071857","chr23","41034971","41035287","36","98036569"
"chr5","139074862","139075177","chr1","6966962","6967274","47","132107900"
"chr5","139094168","139094479","chrX","64199285","64199589","39","74894883"
"chr5","139111629","139111836","chr15","48553107","48553316","27","90558522"
"chr5","139124729","139124939","chr18","20712050","20712260","34","118412679"
"chr5","139137303","139137603","chr23","41098922","41099231","36","98038381"
"chr5","139139403","139139680","chr20","122199193","122199466","48","16940210"
"chr5","139140977","139141300","chr16","63790716","63791027","47","75350261"
"chr5","139164270","139164441","chr23","41125813","41125984","21","98038457"
"chr5","139185394","139185703","chr11","58287927","58288240","34","80897467"
"chr5","139191747","139192056","chr23","41153712","41154021","33","98038035"
"chr5","139195654","139195972","chr23","41155264","41155566","40","98040390"
"chr5","139214379","139214687","chr23","41174264","41174574","27","98040115"
"chr5","139219121","139219410","chr6","28774236","28774534","45","110444885"
"chr5","139232744","139233059","chr23","41192802","41193099","48","98039942"
"chr5","139245023","139245316","chr23","41205574","41205867","32","98039449"
"chr5","139250181","139250479","chr5","57978741","57979039","34","81271440"
"chr5","139268030","139268329","chr23","41228548","41228849","33","98039482"
"chr5","139279214","139279525","chr8","52065514","52065823","38","87213700"
"chr5","139285640","139285921","chr6","17534533","17534818","39","121751107"
"chr5","139293851","139294167","chr23","41253911","41254222","48","98039940"
"chr5","139306564","139306854","chr16","73619546","73619837","36","65687018"
"chr5","139307670","139307965","chr5","43507313","43507612","33","95800357"
"chr5","139309095","139309405","chr23","41268509","41268821","40","98040586"
"chr5","139345728","139346022","chr9","89036069","89036366","28","50309659"
"chr5","139350126","139350410","chr23","41311142","41311415","29","98038984"
"chr5","139357919","139358212","chr11","120526163","120526460","40","18831756"
"chr5","139380185","139380471","chr23","41339742","41340029","27","98040443"
"chr5","139383444","139383729","chr23","41342990","41343264","31","98040454"
"chr5","139427662","139427968","chr28","8627979","8628279","36","130799683"
"chr5","139428033","139428228","chr23","41306689","41306886","57","98121344"
"chr5","139434725","139435001","chr1","22167303","22167575","46","117267422"
"chr5","139444924","139445220","chr23","41399030","41399326","23","98045894"
"chr5","139446035","139446263","chr20","124415167","124415386","35","15030868"
"chr5","139447970","139448280","chr23","41401917","41402209","45","98046053"
"chr5","139452372","139452685","chr23","41405942","41406255","29","98046430"
"chr5","139462380","139462679","chr23","41416074","41416371","30","98046306"
"chr5","139482156","139482455","chr23","81515770","81516064","28","57966386"
"chr5","139494099","139494390","chr23","41444988","41445285","23","98049111"
"chr5","139509139","139509437","chr8","7114217","7114516","29","132394922"
"chr5","139522163","139522457","chr23","41472199","41472479","31","98049964"
"chr5","139554168","139554454","chr23","41503030","41503305","36","98051138"
"chr5","139560896","139561192","chr23","41510337","41510637","27","98050559"
"chr5","139573590","139573902","chr23","41523105","41523423","32","98050485"
"chr5","139603050","139603349","chr23","41553330","41553625","33","98049720"
"chr5","139605988","139606281","chr11","96978397","96978692","39","42627591"
"chr5","139606846","139607159","chr2","39182421","39182732","45","100424425"
"chr5","139608442","139608736","chr5","25397276","25397570","32","114211166"
"chr5","139622385","139622667","chr2","81664191","81664459","46","57958194"
"chr5","139647460","139647598","chr10","102506365","102506506","25","37141095"
"chr5","139670904","139671198","chr9","33958924","33959219","31","105711980"
"chr5","139705747","139706023","chr23","41654748","41655042","42","98050999"
"chr5","139761380","139761684","chr23","41705027","41705323","30","98056353"
"chr5","139764632","139764907","chr23","41708270","41708548","23","98056362"
"chr5","139809808","139810110","chr23","41751453","41751761","31","98058355"
"chr5","139812154","139812457","chr23","41751453","41751761","30","98060701"
"chr5","139853907","139854206","chr5","145738","146035","30","139708169"
"chr5","139858458","139858751","chr23","41802991","41803294","30","98055467"
"chr5","139866206","139866500","chr23","41810719","41811022","39","98055487"
"chr5","139878226","139878541","chr23","41822717","41823029","39","98055509"
"chr5","139903948","139904241","chr20","103936878","103937182","44","35967070"
"chr5","139914323","139914622","chr23","41858589","41858887","25","98055734"
"chr5","139935526","139935819","chr4","51446162","51446460","36","88489364"
"chr5","139940123","139940424","chr5","71206043","71206343","38","68734080"
"chr5","139950248","139950546","chr23","41895730","41896030","23","98054518"
"chr5","139969602","139969913","chr6","7583070","7583380","34","132386532"
"chr5","139975373","139975667","chr23","41922766","41923062","22","98052607"
"chr5","139976117","139976423","chr9","21222890","21223190","40","118753227"
"chr5","140008471","140008748","chr23","41958702","41958955","42","98049769"
"chr5","140030299","140030602","chr14","14997912","14998214","36","125032387"
"chr5","140036440","140036740","chr23","41985840","41986140","28","98050600"
"chr5","140040852","140041155","chr23","41990241","41990536","33","98050611"
"chr5","140046884","140047170","chr1","30878780","30879063","41","109168104"
"chr5","140061804","140062103","chr23","42007684","42007983","22","98054120"
"chr5","140070158","140070418","chr23","42016756","42017029","30","98053402"
"chr5","140070421","140070694","chr5","43655335","43655608","41","96415086"
"chr5","140081038","140081207","chr5","27296314","27296487","23","112784724"
"chr5","140086058","140086284","chr22","48913371","48913596","37","91172687"
"chr5","140086354","140086641","chr9","15471751","15472038","36","124614603"
"chr5","140092411","140092718","chr20","108673280","108673586","44","31419131"
"chr5","140103178","140103468","chr23","42059676","42059969","32","98043502"
"chr5","140113631","140113933","chr23","42070028","42070341","27","98043603"
"chr5","140121397","140121698","chr23","42077456","42077752","25","98043941"
"chr5","140122208","140122520","chr23","42078284","42078588","39","98043924"
"chr5","140125315","140125613","chr7","37197895","37198190","37","102927420"
"chr5","140141509","140141807","chr23","42098808","42099103","30","98042701"
"chr5","140183620","140183853","chr9","61704066","61704306","43","78479554"
"chr5","140196878","140197174","chr23","42157255","42157549","27","98039623"
"chr5","140197184","140197472","chr1","39605819","39606113","52","100591365"
"chr5","140197726","140198012","chr28","8096798","8097084","40","132100928"
"chr5","140209206","140209405","chr4","65549976","65550178","28","74659230"
"chr5","140237461","140237747","chr5","1315698","1315971","43","138921763"
"chr5","140248126","140248302","chr20","104315694","104315866","25","35932432"
"chr5","140265764","140266072","chr23","42205802","42206106","27","98059962"
"chr5","140276902","140277198","chr5","25161376","25161671","38","115115526"
"chr5","140278468","140278768","chr23","42224209","42224500","36","98054259"
"chr5","140287352","140287650","chr23","42233301","42233601","33","98054051"
"chr5","140297967","140298261","chr27","9542497","9542797","34","130755470"
"chr5","140304700","140304926","chr23","42249129","42249361","22","98055571"
"chr5","140306359","140306674","chr8","52693668","52693972","42","87612691"
"chr5","140316756","140317064","chr23","42257249","42257555","30","98059507"
"chr5","140328583","140328859","chr2","12092285","12092570","46","128236298"
"chr5","140330608","140330909","chr9","101078483","101078778","33","39252125"
"chr5","140420108","140420418","chr23","42354785","42355085","36","98065323"
"chr5","140433155","140433449","chr23","42374637","42374938","29","98058518"
"chr5","140436443","140436752","chr9","68306783","68307092","37","72129660"
"chr5","140443484","140443781","chr23","42372744","42373046","19","98070740"
"chr5","140447471","140447772","chr2","16817283","16817584","29","123630188"
"chr5","140454389","140454702","chr17","50649522","50649831","39","89804867"
"chr5","140488211","140488488","chr17","54036360","54036629","49","86451851"
"chr5","140518802","140519100","chr23","42452909","42453208","18","98065893"
"chr5","140533613","140533915","chrX","45255215","45255519","31","95278398"
"chr5","140704819","140705121","chr13","2519171","2519481","53","138185648"
"chr5","140727788","140728086","chr23","42660000","42660299","26","98067788"
"chr5","140735289","140735529","chr9","61704066","61704306","48","79031223"
"chr5","140766593","140766873","chr1","8238607","8238892","45","132527986"
"chr5","140770452","140770748","chr23","42700157","42700436","43","98070295"
"chr5","140804029","140804325","chr23","42734868","42735167","26","98069161"
"chr5","140855518","140855745","chr23","42786733","42786974","30","98068785"
"chr5","140955995","140956300","chr20","120519440","120519734","41","20436555"
"chr5","140996072","140996361","chr23","42923937","42924220","32","98072135"
"chr5","141007604","141007914","chr25","50107218","50107531","38","90900386"
"chr5","141008086","141008364","chr23","42935800","42936105","43","98072286"
"chr5","141010148","141010435","chr12","25234898","25235188","39","115775250"
"chr5","141025850","141026146","chr23","42954838","42955142","28","98071012"
"chr5","141051809","141052103","chr2","32946560","32946853","33","108105249"
"chr5","141060021","141060330","chr23","42985317","42985623","32","98074704"
"chr5","141063500","141063812","chr23","42988790","42989100","18","98074710"
"chr5","141074407","141074705","chr8","66695730","66696028","40","74378677"
"chr5","141093381","141093691","chr23","43019308","43019614","29","98074073"
"chr5","141109707","141109990","chr23","43036941","43037239","32","98072766"
"chr5","141112392","141112711","chr3","20154823","20155134","42","120957569"
"chr5","141114171","141114465","chr23","43044635","43044926","35","98069536"
"chr5","141120264","141120440","chr12","44151477","44151654","17","96968787"
"chr5","141128925","141129231","chr23","43055728","43056031","33","98073197"
"chr5","141130199","141130478","chr15","9666120","9666400","41","131464079"
"chr5","141132597","141132900","chr23","43064169","43064472","23","98068428"
"chr5","141136216","141136539","chr23","43068105","43068420","35","98068111"
"chr5","141142918","141143218","chr23","43074651","43074946","33","98068267"
"chr5","141158349","141158647","chr9","12277347","12277641","47","128881002"
"chr5","141168226","141168514","chr23","43099548","43099828","31","98068678"
"chr5","141172377","141172667","chr1","100050679","100050973","30","41121698"
"chr5","141223362","141223668","chr23","43148003","43148299","29","98075359"
"chr5","141256160","141256443","chr23","43175942","43176232","32","98080218"
"chr5","141259442","141259714","chr23","43179234","43179516","29","98080208"
"chr5","141268458","141268753","chr12","964980","965277","37","140303478"
"chr5","141298141","141298447","chr23","43219769","43220088","31","98078372"
"chr5","141301009","141301308","chr23","43222654","43222940","41","98078355"
"chr5","141308786","141309078","chr23","43230215","43230509","22","98078571"
"chr5","141311755","141312062","chr5","19268341","19268645","33","122043414"
"chr5","141323735","141324037","chr23","43243058","43243371","31","98080677"
"chr5","141328460","141328766","chr23","43247780","43248085","31","98080680"
"chr5","141353594","141353761","chr6","35657583","35657748","18","105696011"
"chr5","141360959","141361254","chr23","43267347","43267637","27","98093612"
"chr5","141372934","141373241","chr23","43279119","43279428","26","98093815"
"chr5","141378122","141378405","chr23","43284236","43284534","32","98093886"
"chr5","141385297","141385609","chr23","43291347","43291659","35","98093950"
"chr5","141411788","141411947","chr8","38899876","38900033","23","102511912"
"chr5","141418389","141418687","chr16","823334","823630","36","140595055"
"chr5","141436275","141436568","chr4","69040480","69040776","43","72395795"
"chr5","141442294","141442598","chr23","43346985","43347287","26","98095309"
"chr5","141444813","141445102","chr23","70341228","70341515","38","71103585"
"chr5","141449897","141450197","chr7","129741972","129742271","33","11707925"
"chr5","141451713","141452001","chr6","15677208","15677493","39","125774505"
"chr5","141460770","141461118","chr26","24002595","24002941","74","117458175"
"chr5","141521536","141521837","chr23","43425335","43425633","22","98096201"
"chr5","141530220","141530536","chrX","27030043","27030357","46","114500177"
"chr5","141570295","141570587","chr25","42855330","42855627","59","98714965"
"chr5","141670015","141670310","chr2","83426553","83426851","37","58243462"
"chr5","141677093","141677383","chrX","50195890","50196181","33","91481203"
"chr5","141710823","141711131","chrX","110185329","110185637","42","31525494"
"chr5","141715933","141716233","chr12","80083509","80083803","34","61632424"
"chr5","141721568","141721876","chr15","6951036","6951345","31","134770532"
"chr5","141805698","141805987","chr27","46901016","46901306","36","94904682"
"chr5","141815007","141815308","chr23","43708823","43709119","28","98106184"
"chr5","141817779","141818080","chr6","29978588","29978885","36","111839191"
"chr5","141898022","141898323","chr21","104376284","104376586","38","37521738"
"chr5","141901554","141901849","chr23","43789720","43790013","21","98111834"
"chr5","141927333","141927636","chr23","43805841","43806149","18","98121492"
"chr5","141949103","141949409","chr6","19000365","19000666","38","122948738"
"chr5","141951290","141951583","chr23","43823685","43823967","32","98127605"
"chr5","142002851","142003131","chr23","43877943","43878231","31","98124908"
"chr5","142009964","142010261","chr3","29221658","29221956","32","112788306"
"chr5","142043559","142043861","chr11","100271972","100272274","33","41771587"
"chr5","142049569","142049868","chr23","43922102","43922399","23","98127467"
"chr5","142060232","142060531","chr23","43931772","43932070","17","98128460"
"chr5","142060858","142061168","chr23","43932690","43932987","35","98128168"
"chr5","142063507","142063800","chr4","52351346","52351638","38","89712161"
"chr5","142094914","142095218","chr4","31876349","31876651","36","110218565"
"chr5","142096499","142096762","chr23","43968051","43968314","21","98128448"
"chr5","142185843","142186129","chr15","88698260","88698541","37","53487583"
"chr5","142186221","142186367","chr14","68531411","68531557","25","73654810"
"chr5","142198196","142198458","chr5","60403345","60403611","34","81794851"
"chr5","142207578","142207730","chr23","44083927","44084079","6","98123651"
"chr5","142219105","142219404","chr6","49596731","49597027","33","92622374"
"chr5","142230848","142231139","chr23","44107256","44107552","30","98123592"
"chr5","142245282","142245521","chr9","61704066","61704306","37","80541216"
"chr5","142253331","142253546","chr23","44129411","44129625","21","98123920"
"chr5","142287829","142288052","chr11","124263168","124263380","41","18024661"
"chr5","142319073","142319382","chr7","30651824","30652137","36","111667249"
"chr5","142324340","142324647","chr17","1769259","1769563","32","140555081"
"chr5","142348530","142348637","chr21","15495836","15495932","37","126852694"
"chr5","142382437","142382729","chr23","44259815","44260109","26","98122622"
"chr5","142411716","142412004","chr8","40178073","40178373","44","102233643"
"chr5","142414165","142414467","chr19","30057411","30057704","34","112356754"
"chr5","142426891","142427192","chr23","44303971","44304279","33","98122920"
"chr5","142427502","142427722","chr9","61704066","61704306","52","80723436"
"chr5","142442998","142443222","chr9","99339340","99339577","45","43103658"
"chr5","142444389","142444699","chr23","44314292","44314602","31","98130097"
"chr5","142551130","142551436","chr14","44836714","44837021","41","97714416"
"chr5","142569888","142570198","chr23","44442592","44442902","25","98127296"
"chr5","142596478","142596789","chr5","26410686","26410992","31","116185792"
"chr5","142655356","142655664","chr23","44527283","44527594","30","98128073"
"chr5","142661215","142661526","chr23","44533814","44534118","27","98127401"
"chr5","142662916","142663206","chr6","36632590","36632879","33","106030326"
"chr5","142680328","142680621","chr23","44553228","44553521","18","98127100"
"chr5","142691097","142691408","chr27","44653474","44653783","36","98037623"
"chr5","142722926","142723254","chr25","47248558","47248884","46","95474368"
"chr5","142736889","142737196","chr23","44610150","44610452","23","98126739"
"chr5","142739327","142739632","chrX","85867679","85867992","36","56871648"
"chr5","142744187","142744478","chr23","44617435","44617730","17","98126752"
"chr5","142752070","142752383","chr23","44625445","44625760","38","98126625"
"chr5","142762570","142762879","chr23","44636273","44636584","36","98126297"
"chr5","142771014","142771306","chr23","44644006","44644306","34","98127008"
"chr5","142775519","142775818","chr2","63213955","63214255","34","79561564"
"chr5","142820120","142820306","chr7","15845768","15845962","36","126974352"
"chr5","142824363","142824648","chr23","44693344","44693624","31","98131019"
"chr5","142836218","142836503","chr23","44706399","44706689","30","98129819"
"chr5","142836561","142836869","chr23","44706747","44707052","30","98129814"
"chr5","142854885","142855177","chr4","67812117","67812415","38","75042768"
"chr5","142859216","142859523","chr10","2049948","2050257","44","140809268"
"chr5","142875194","142875475","chr3","18836023","18836312","47","124039171"
"chr5","142941326","142941624","chr23","44811383","44811679","25","98129943"
"chr5","142948307","142948614","chr2","9435379","9435682","46","133512928"
"chr5","142954467","142954773","chr12","17758415","17758719","40","125196052"
"chr5","142978457","142978743","chr23","44845816","44846103","24","98132641"
"chr5","142984354","142984661","chr5","14267334","14267638","34","128717020"
"chr5","142987423","142987641","chr13","64715078","64715302","32","78272345"
"chr5","143010207","143010500","chr23","44876302","44876600","31","98133905"
"chr5","143012287","143012600","chr22","7218812","7219123","31","135793475"
"chr5","143033342","143033652","chr5","59743438","59743749","38","83289904"
"chr5","143043453","143043755","chr23","81934510","81934806","43","61108943"
"chr5","143051322","143051620","chr10","104584961","104585258","32","38466361"
"chr5","143056327","143056664","chr20","103846859","103847192","54","39209468"
"chr5","143076665","143076983","chr23","44939702","44940012","28","98136963"
"chr5","143096574","143096875","chr2","8100719","8101022","30","134995855"
"chr5","143107068","143107369","chr23","44970153","44970454","29","98136915"
"chr5","143110570","143110855","chr23","44971758","44972043","16","98138812"
"chr5","143112874","143113194","chr10","76698951","76699262","48","66413923"
"chr5","143129672","143129982","chr23","44990211","44990520","25","98139461"
"chr5","143142698","143142987","chr23","45003088","45003382","25","98139610"
"chr5","143143327","143143617","chr23","45003719","45004005","39","98139608"
"chr5","143144377","143144678","chr23","45004807","45005121","42","98139570"
"chr5","143148905","143149153","chr5","60403345","60403611","47","82745560"
"chr5","143158473","143158761","chr23","45019172","45019472","31","98139301"
"chr5","143189308","143189615","chr19","8619042","8619348","38","134570266"
"chr5","143194230","143194522","chr23","45056165","45056452","26","98138065"
"chr5","143211866","143212153","chr23","70341228","70341515","37","72870638"
"chr5","143242171","143242488","chr23","45108656","45108972","27","98133515"
"chr5","143254420","143254733","chr3","78247333","78247635","52","65007087"
"chr5","143258235","143258548","chr11","46449138","46449448","32","96809097"
"chr5","143301222","143301534","chr8","40842218","40842528","41","102459004"
"chr5","143450782","143451099","chr23","45321216","45321526","37","98129566"
"chr5","143454851","143455169","chr23","45325620","45325929","30","98129231"
"chr5","143459606","143459902","chr20","101069011","101069309","39","42390595"
"chr5","143466641","143466973","chr19","4638463","4638777","61","138828178"
"chr5","143486979","143487289","chr4","31303315","31303625","38","112183664"
"chr5","143512148","143512453","chr23","45380807","45381118","29","98131341"
"chr5","143521119","143521390","chr23","45389785","45390059","47","98131334"
"chr5","143597838","143598135","chr23","45467359","45467658","30","98130479"
"chr5","143603914","143604206","chr28","14468580","14468875","36","129135334"
"chr5","143604441","143604739","chr2","60500472","60500783","47","83103969"
"chr5","143679573","143679877","chr23","45546060","45546367","25","98133513"
"chr5","143708676","143708978","chr6","32812787","32813087","38","110895889"
"chr5","143740290","143740600","chr23","45609598","45609904","47","98130692"
"chr5","143752913","143753219","chr2","42586306","42586608","35","101166607"
"chr5","143781836","143782102","chrX","67724306","67724571","33","76057530"
"chr5","143786895","143787209","chr23","45653865","45654167","41","98133030"
"chr5","143795386","143795692","chr23","45662691","45663000","28","98132695"
"chr5","143798925","143799230","chr11","80261420","80261728","44","63537505"
"chr5","143830823","143831132","chr6","48846530","48846838","41","94984293"
"chr5","143855828","143856090","chr9","44980829","44981096","40","98874999"
"chr5","143939117","143939408","chr23","45804969","45805261","33","98134148"
"chr5","143970017","143970312","chr12","102235817","102236112","31","41734200"
"chr5","144104573","144104856","chr25","81418147","81418420","37","62686426"
"chr5","144189163","144189476","chr14","80293469","80293780","34","63895694"
"chr5","144197740","144198045","chr23","46063332","46063631","33","98134408"
"chr5","144215559","144215862","chr20","7785906","7786210","32","136429653"
"chr5","144239553","144239820","chr23","46104338","46104620","35","98135215"
"chr5","144255706","144255998","chr23","46120660","46120957","31","98135046"
"chr5","144350851","144351156","chr9","85385445","85385751","40","58965406"
"chr5","144385366","144385540","chr23","46252780","46252953","20","98132586"
"chr5","144401045","144401331","chr11","30393890","30394178","35","114007155"
"chr5","144517315","144517621","chr16","23553944","23554248","38","120963371"
"chr5","144520169","144520471","chr17","1769259","1769563","37","142750910"
"chr5","144540250","144540541","chr23","46400538","46400832","31","98139712"
"chr5","144802246","144802573","chr10","24331092","24331413","50","120471154"
"chr5","144888996","144889294","chr20","54992113","54992415","37","89896883"
"chr5","144977472","144977779","chr23","46829295","46829605","37","98148177"
"chr5","144980101","144980409","chr6","33661589","33661898","45","111318512"
"chr5","144980410","144980724","chr13","68793559","68793866","43","76186851"
"chr5","145124224","145124496","chr23","46968080","46968352","22","98156144"
"chr5","145234920","145235230","chr19","23041554","23041865","48","122193366"
"chr5","145374526","145374786","chr21","108183261","108183539","51","37191265"
"chr5","145427673","145427993","chr22","6634808","6635124","46","138792865"
"chr5","145437507","145437820","chr23","47240826","47241127","43","98196681"
"chr5","145476365","145476665","chr23","47278726","47279033","41","98197639"
"chr5","145479750","145480050","chr23","47278726","47279033","41","98201024"
"chr5","145480513","145480824","chr1","8966045","8966342","44","136514468"
"chr5","145619378","145619664","chr15","19208939","19209225","37","126410439"
"chr5","145647253","145647551","chr17","53965623","53965918","48","91681630"
"chr5","145825920","145826214","chr29","13171064","13171365","44","132654856"
"chr5","145893190","145893457","chrX","17609730","17609995","37","128283460"
"chr5","145974903","145975213","chr6","5224728","5225035","35","140750175"
"chr5","146088489","146088785","chr23","47875997","47876302","40","98212492"
"chr5","146088788","146088955","chr16","39692631","39692802","32","106396157"
"chr5","146125259","146125594","chr11","108806442","108806763","55","37318817"
"chr5","146411685","146411984","chr9","101078483","101078778","35","45333202"
"chr5","146443336","146443629","chr23","48220766","48221069","34","98222570"
"chr5","146597065","146597335","chr21","54528693","54528968","38","92068372"
"chr5","146718757","146719062","chr23","48473423","48473729","30","98245334"
"chr5","146737760","146738053","chr25","4280183","4280476","41","142457577"
"chr5","146765460","146765756","chr18","31046708","31047011","50","115718752"
"chr5","146884849","146885079","chr9","61704066","61704306","46","85180783"
"chr5","146926595","146926904","chr23","48666104","48666402","36","98260491"
"chr5","146943125","146943432","chr23","48683407","48683718","22","98259718"
"chr5","146951299","146951605","chr9","31517472","31517778","42","115433827"
"chr5","146975268","146975581","chr19","9514256","9514567","43","137461012"
"chr5","146980938","146981244","chr9","61066490","61066788","33","85914448"
"chr5","146987657","146987848","chr12","12694582","12694765","36","134293075"
"chr5","147000643","147000942","chr25","44372267","44372570","36","102628376"
"chr5","147007411","147007704","chr13","30566680","30566971","43","116440731"
"chr5","147014875","147015163","chr23","48756075","48756362","19","98258800"
"chr5","147024246","147024560","chr11","4422956","4423267","37","142601290"
"chr5","147053446","147053739","chr4","36036902","36037194","29","111016544"
"chr5","147062331","147062624","chr14","77440199","77440492","52","69622132"
"chr5","147086259","147086565","chr2","18120742","18121050","38","128965517"
"chr5","147100373","147100684","chr23","48838984","48839287","34","98261389"
"chr5","147113532","147113856","chr10","24331092","24331413","41","122782440"
"chr5","147116885","147117176","chr23","48856163","48856439","39","98260722"
"chr5","147131243","147131521","chr6","15265783","15266059","38","131865460"
"chr5","147135820","147136123","chr6","49568740","49569041","29","97567080"
"chr5","147148934","147149242","chr23","48886389","48886691","32","98262545"
"chr5","147150344","147150654","chr6","41986995","41987302","33","105163349"
"chr5","147153056","147153305","chr23","48894109","48894366","30","98258947"
"chr5","147154381","147154674","chr23","48895421","48895719","30","98258960"
"chr5","147160187","147160481","chr23","48901154","48901450","31","98259033"
"chr5","147185339","147185649","chr9","112383120","112383432","38","34802219"
"chr5","147189047","147189197","chr8","137853358","137853511","31","9335689"
"chr5","147191544","147191822","chr23","48932451","48932736","30","98259093"
"chr5","147216163","147216451","chr23","48957861","48958149","18","98258302"
"chr5","147256884","147257180","chr10","8442246","8442540","31","138814638"
"chr5","147260596","147260898","chr7","21213152","21213447","56","126047444"
"chr5","147283414","147283719","chr23","49024425","49024723","34","98258989"
"chr5","147296037","147296346","chr23","49036699","49037014","31","98259338"
"chr5","147296352","147296677","chr5","74508784","74509109","44","72787568"
"chr5","147296680","147296975","chr23","49037332","49037623","22","98259348"
"chr5","147335575","147335878","chr23","49075472","49075769","38","98260103"
"chr5","147335883","147336158","chr15","2364050","2364323","60","144971833"
"chr5","147358734","147358995","chr23","49099193","49099456","32","98259541"
"chr5","147371319","147371615","chr6","32143923","32144220","39","115227396"
"chr5","147452656","147452899","chr23","49187787","49188051","64","98264869"
"chr5","147482686","147482995","chrX_KE148109v1_random","2263653","2263954","45","145219033"
"chr5","147655958","147656246","chr6","40877220","40877511","42","106778738"
"chr5","147662445","147662745","chr23","49394734","49395027","31","98267711"
"chr5","147669516","147669803","chr15","10442627","10442910","42","137226889"
"chr5","147729268","147729573","chr1","20547849","20548153","34","127181419"
"chr5","147804005","147804310","chrX","80468072","80468375","33","67335933"
"chr5","147884878","147885051","chr5","75251691","75251862","23","72633187"
"chr5","147941053","147941352","chr23","49669745","49670036","30","98271308"
"chr5","147942050","147942349","chr23","49670741","49671040","28","98271309"
"chr5","147989072","147989384","chr16","70267268","70267576","32","77721804"
"chr5","148092378","148092666","chr23","49800223","49800509","38","98292155"
"chr5","148193319","148193634","chr23","49901885","49902202","22","98291434"
"chr5","148273265","148273590","chr23","49982270","49982586","36","98290995"
"chr5","148309012","148309302","chr6","13788883","13789172","37","134520129"
"chr5","148338980","148339199","chr11","124263168","124263380","40","24075812"
"chr5","148349064","148349361","chr9","6588576","6588867","33","141760488"
"chr5","148358472","148358766","chr11","120526163","120526460","32","27832309"
"chr5","148383168","148383451","chr23","50089385","50089672","26","98293783"
"chr5","148397799","148398109","chr6","15813882","15814194","39","132583917"
"chr5","148420301","148420589","chr23","50128058","50128345","34","98292243"
"chr5","148482294","148482572","chr23","50189542","50189813","32","98292752"
"chr5","148507581","148507888","chr17","45038260","45038559","37","103469321"
"chr5","148654281","148654590","chrX","89624590","89624897","42","59029691"
"chr5","148672958","148673230","chr11","99166438","99166704","43","49506520"
"chr5","148779915","148780207","chr4","13836335","13836622","28","134943580"
"chr5","148858084","148858350","chr23","50547275","50547546","24","98310809"
"chr5","148956972","148957269","chr8","7114217","7114516","34","141842755"
"chr5","149034482","149034786","chr15","3904633","3904938","30","145129849"
"chr5","149039949","149040193","chr9","61704066","61704306","44","87335883"
"chr5","149206923","149207166","chr23","51007987","51008218","37","98198936"
"chr5","149266807","149266955","chr5","13903948","13904096","21","135362859"
"chr5","149266956","149267257","chr14","14997912","14998214","28","134269044"
"chr5","149311085","149311380","chr23","51106734","51107028","15","98204351"
"chr5","149397363","149397674","chr20","24392880","24393191","34","125004483"
"chr5","149646575","149646875","chr23","51418531","51418827","27","98228044"
"chr5","149700138","149700443","chrX","45693814","45694119","35","104006324"
"chr5","149769423","149769718","chr23","51540529","51540834","43","98228894"
"chr5","149865477","149865740","chr23","51638144","51638411","19","98227333"
"chr5","149955879","149955987","chr2","56000968","56001099","40","93954911"
"chr5","150113623","150113927","chr25","78856788","78857085","35","71256835"
"chr5","150151805","150152095","chr25","15095829","15096117","34","135055976"
"chr5","150166252","150166550","chr22","30261226","30261530","46","119905026"
"chr5","150173328","150173631","chr1","32350047","32350343","32","117823281"
"chr5","150194545","150194838","chr23","51968302","51968597","29","98226243"
"chr5","150235801","150236101","chr23","52009510","52009821","41","98226291"
"chr5","150242017","150242321","chr23","52015963","52016271","32","98226054"
"chr5","150242785","150243070","chr23","52017428","52017724","31","98225357"
"chr5","150260884","150261182","chr23","52035638","52035946","38","98225246"
"chr5","150270811","150271108","chr1","17699624","17699919","34","132571187"
"chr5","150280876","150281184","chr23","52056209","52056517","22","98224667"
"chr5","150299505","150299811","chr23","52074362","52074672","31","98225143"
"chr5","150306811","150307111","chr29","2282954","2283256","35","148023857"
"chr5","150313386","150313691","chr8","118865236","118865522","54","31448150"
"chr5","150319858","150320145","chr23","70341228","70341515","37","79978630"
"chr5","150321926","150322234","chr23","52093517","52093831","28","98228409"
"chr5","150324328","150324636","chr23","52095921","52096229","40","98228407"
"chr5","150327144","150327439","chr23","52098882","52099183","21","98228262"
"chr5","150329627","150329934","chr21","124655752","124656055","42","25673875"
"chr5","150337758","150338038","chr23","52110283","52110563","32","98227475"
"chr5","150366154","150366448","chr13","84603677","84603975","43","65762477"
"chr5","150367591","150367885","chr19","30057411","30057704","39","120310180"
"chr5","150371681","150371976","chr15","64630867","64631162","31","85740814"
"chr5","150375234","150375537","chr17","11351073","11351379","35","139024161"
"chr5","150376123","150376400","chr23","52148993","52149285","44","98227130"
"chr5","150381631","150381933","chr23","52153993","52154296","24","98227638"
"chr5","150385942","150386241","chr23","52158368","52158680","32","98227574"
"chr5","150402808","150403117","chr23","52174946","52175248","39","98227862"
"chr5","150411101","150411385","chr23","52183845","52184126","25","98227256"
"chr5","150424775","150425062","chr16","31821980","31822264","40","118602795"
"chr5","150437990","150438301","chr23","52210009","52210318","31","98227981"
"chr5","150442483","150442764","chr11","115301597","115301875","33","35140886"
"chr5","150448174","150448469","chr11","96978397","96978692","25","53469777"
"chr5","150450178","150450489","chr23","52222294","52222601","23","98227884"
"chr5","150452146","150452460","chr20","96087671","96087985","42","54364475"
"chr5","150485454","150485741","chrUn_KE147541v1","121663","121948","36","150363791"
"chr5","150514850","150515154","chr7","115507276","115507581","44","35007574"
"chr5","150539060","150539358","chr23","52299994","52300301","35","98239066"
"chr5","150550122","150550424","chrX","49433870","49434170","39","101116252"
"chr5","150563627","150563923","chr23","52324390","52324692","34","98239237"
"chr5","150591005","150591308","chr23","52350027","52350326","33","98240978"
"chr5","150592529","150592829","chrX","89325492","89325792","32","61267037"
"chr5","150601889","150602170","chr23","52360984","52361264","29","98240905"
"chr5","150603730","150604019","chr12","98704946","98705235","35","51898784"
"chr5","150606172","150606464","chr5","59338845","59339137","45","91267327"
"chr5","150618678","150618871","chr7","15845768","15845962","26","134772910"
"chr5","150630904","150631211","chr6","7583070","7583380","33","143047834"
"chr5","150680741","150681038","chr23","52437350","52437639","28","98243391"
"chr5","150706832","150707135","chr5","73064304","73064612","37","77642528"
"chr5","150730148","150730477","chr13","87173400","87173729","48","63556748"
"chr5","150731914","150732189","chr23","52488546","52488819","33","98243368"
"chr5","150733882","150734190","chr24","43578636","43578939","39","107155246"
"chr5","150752087","150752383","chr9","105569111","105569405","39","45182976"
"chr5","150759372","150759682","chr20","51916057","51916364","36","98843315"
"chr5","150771851","150772144","chr23","52526217","52526510","26","98245634"
"chr5","150845769","150846026","chr23","52602601","52602862","33","98243168"
"chr5","150940861","150941163","chr23","52694823","52695114","35","98246038"
"chr5","150949763","150950062","chr23","52704012","52704313","32","98245751"
"chr5","150958294","150958591","chr23","52712359","52712654","28","98245935"
"chr5","150960705","150960898","chr23","16347047","16347236","26","134613658"
"chr5","150961885","150962015","chr10","118385299","118385434","20","32576586"
"chr5","151058827","151059129","chr16","67904592","67904892","31","83154235"
"chr5","151065853","151066125","chr23","52816973","52817247","28","98248880"
"chr5","151085169","151085450","chr16","59525991","59526277","33","91559178"
"chr5","151085497","151085775","chr12","545434","545713","43","150540063"
"chr5","151096862","151097174","chr23","52848135","52848445","31","98248727"
"chr5","151120133","151120444","chr3","9026672","9026974","38","142093461"
"chr5","151126315","151126618","chr23","52875104","52875404","25","98251211"
"chr5","151174448","151174763","chr23","52921644","52921973","43","98252804"
"chr5","151178556","151178834","chr23","52925574","52925870","42","98252982"
"chr5","151242281","151242586","chr6","41220512","41220808","38","110021769"
"chr5","151250214","151250494","chr23","52996144","52996427","26","98254070"
"chr5","151256209","151256507","chr11","6429844","6430143","36","144826365"
"chr5","151267291","151267601","chr14","82794681","82794991","38","68472610"
"chr5","151270762","151271060","chr23","53019301","53019595","30","98251461"
"chr5","151282344","151282656","chr2","25643910","25644227","44","125638434"
"chr5","151288317","151288619","chr23","53028149","53028442","27","98260168"
"chr5","151295709","151296028","chr10","24331092","24331413","39","126964617"
"chr5","151296989","151297280","chr6","50066742","50067036","30","101230247"
"chr5","151315830","151316116","chr7","111567460","111567746","30","39748370"
"chr5","151324877","151325130","chr21","72216844","72217111","41","79108033"
"chr5","151327595","151327898","chr29","17158429","17158735","44","134169166"
"chr5","151329958","151330255","chr17","19868883","19869179","30","131461075"
"chr5","151345991","151346293","chr20","110792876","110793177","47","40553115"
"chr5","151357840","151358133","chr23","53094917","53095210","27","98262923"
"chr5","151377412","151377688","chr29","22930150","22930420","51","128447262"
"chr5","151379081","151379256","chr14","97728797","97728971","24","53650284"
"chr5","151381351","151381634","chr23","53118318","53118601","26","98263033"
"chr5","151481365","151481665","chr23","53219995","53220289","29","98261370"
"chr5","151484954","151485255","chr6","28083926","28084229","41","123401028"
"chr5","151553185","151553480","chr23","53289396","53289691","22","98263789"
"chr5","151585759","151586048","chr11","6502518","6502815","35","145083241"
"chr5","151607072","151607360","chr23","53349543","53349836","30","98257529"
"chr5","151645302","151645606","chr23","53377533","53377840","33","98267769"
"chr5","151667065","151667366","chr6","29558867","29559170","50","122108198"
"chr5","151668776","151669073","chr7","99978444","99978742","48","51690332"
"chr5","151674938","151675110","chr23","53402510","53402678","17","98272428"
"chr5","151867838","151868139","chr23","53561062","53561373","27","98306776"
"chr5","151937348","151937646","chr10","88760771","88761072","36","63176577"
"chr5","151979582","151979886","chr9","27236809","27237109","35","124742773"
"chr5","152008379","152008684","chr23","53698625","53698926","32","98309754"
"chr5","152026688","152026986","chr23","53717567","53717862","24","98309121"
"chr5","152030228","152030528","chr1","54975905","54976210","31","97054323"
"chr5","152057489","152057787","chr23","53747684","53747983","26","98309805"
"chr5","152062549","152062813","chrX","29155099","29155368","33","122907450"
"chr5","152108226","152108430","chr1","110325657","110325859","38","41782569"
"chr5","152112918","152113217","chr20","38180612","38180912","39","113932306"
"chr5","152113486","152113772","chr21","98776162","98776450","46","53337324"
"chr5","152129540","152129838","chr23","53819146","53819452","40","98310394"
"chr5","152148263","152148561","chr23","53837783","53838087","26","98310480"
"chr5","152156892","152157167","chr23","53846527","53846804","24","98310365"
"chr5","152159943","152160264","chr5","57887608","57887933","35","94272335"
"chr5","152175034","152175334","chr11","119032798","119033094","37","33142236"
"chr5","152183326","152183631","chr29","19796485","19796789","33","132386841"
"chr5","152185151","152185459","chr23","53872757","53873066","30","98312394"
"chr5","152238344","152238646","chr14","1392930","1393232","41","150845414"
"chr5","152248920","152249223","chr20","102069946","102070249","32","50178974"
"chr5","152279146","152279458","chr18","58480084","58480385","40","93799062"
"chr5","152317355","152317650","chr23","54010304","54010601","26","98307051"
"chr5","152368301","152368592","chr23","54061505","54061805","34","98306796"
"chr5","152369042","152369334","chr28","14631768","14632065","31","137737274"
"chr5","152422639","152422942","chrX","22433475","22433778","35","129989164"
"chr5","152432261","152432559","chr23","54125981","54126279","34","98306280"
"chr5","152484385","152484530","chr10","28945781","28945929","26","123538604"
"chr5","152491851","152492139","chr23","54186392","54186682","32","98305459"
"chr5","152515915","152516232","chr23","54209529","54209846","32","98306386"
"chr5","152521743","152522055","chr23","54215278","54215588","36","98306465"
"chr5","152566610","152566911","chr23","54260100","54260401","27","98306510"
"chr5","152574093","152574404","chr6","42021913","42022224","37","110552180"
"chr5","152578962","152579234","chr15","34146112","34146374","40","118432850"
"chr5","152589587","152589882","chr23","54284136","54284431","35","98305451"
"chr5","152592302","152592596","chr23","54286866","54287164","52","98305436"
"chr5","152620781","152620996","chr11","124263168","124263380","45","28357613"
"chr5","152629091","152629228","chr25","50480389","50480528","18","102148702"
"chr5","152654286","152654587","chr23","54351390","54351699","42","98302896"
"chr5","152669209","152669519","chr23","54366454","54366756","41","98302755"
"chr5","152736587","152736819","chr2","86597084","86597321","37","66139503"
"chr5","152737352","152737659","chr1","7210781","7211092","44","145526571"
"chr5","152835046","152835356","chr2","80509435","80509746","39","72325611"
"chr5","152859273","152859505","chr20","118777080","118777313","32","34082193"
"chr5","152905277","152905568","chr23","54578771","54579061","25","98326506"
"chr5","152909578","152909891","chr8","10801167","10801476","35","142108411"
"chr5","152983653","152983945","chr23","54660655","54660953","36","98322998"
"chr5","153172516","153172825","chr23","54851410","54851717","33","98321106"
"chr5","153364658","153364964","chr23","55040587","55040888","30","98324071"
"chr5","153374368","153374669","chr23","55050766","55051074","29","98323602"
"chr5","153376379","153376684","chr23","55052911","55053210","34","98323468"
"chr5","153414685","153414980","chr6","33908236","33908526","37","119506449"
"chr5","153442585","153442895","chr23","55118676","55118986","34","98323909"
"chr5","153534490","153534769","chr11","47097187","47097462","37","106437303"
"chr5","153541539","153541820","chr14","3442082","3442357","50","150099457"
"chr5","153727679","153727975","chr20","39383550","39383853","43","114344129"
"chr5","153967172","153967471","chr1","32350047","32350343","39","121617125"
"chr5","154038733","154039028","chrX","49433870","49434170","47","104604863"
"chr5","154047285","154047609","chr10","24331092","24331413","55","129716193"
"chr5","154061470","154061795","chr21","118373364","118373691","54","35688106"
"chr5","154077356","154077666","chr10","123801741","123802047","40","30275615"
"chr5","154101184","154101493","chr6","40061617","40061925","35","114039567"
"chr5","154294256","154294558","chr25","53678163","53678468","47","100616093"
"chr5","154296833","154297121","chrX","22428011","22428306","48","131868822"
"chr5","154392472","154392767","chr22","3312635","3312932","33","151079837"
"chr5","154423747","154424055","chr23","56038671","56038982","34","98385076"
"chr5","154543283","154543611","chr23","56163191","56163525","39","98380092"
"chr5","154748665","154748971","chr7","60549264","60549573","30","94199401"
"chr5","154785127","154785418","chr15","88711733","88712021","47","66073394"
"chr5","154814264","154814566","chr11","6429844","6430143","34","148384420"
"chr5","154911094","154911382","chr18","1199155","1199445","37","153711939"
"chr5","154914860","154915165","chr1","55209417","55209719","44","99705443"
"chr5","154921822","154922114","chr23","27970372","27970665","31","126951450"
"chr5","154937354","154937531","chr23","56547511","56547675","24","98389843"
"chr5","154950654","154950958","chr23","56560837","56561102","55","98389817"
"chr5","154993543","154993856","chr23","56602162","56602472","34","98391381"
"chr5","154995746","154996035","chr23","56604352","56604647","29","98391394"
"chr5","155157110","155157345","chr9","61704066","61704306","47","93453044"
"chr5","155234719","155235017","chr23","56845055","56845362","40","98389664"
"chr5","155243737","155244028","chrX","22852905","22853198","33","132390832"
"chr5","155272549","155272850","chr12","26084664","26084963","32","129187885"
"chr5","155279911","155280218","chr23","56887321","56887635","22","98392590"
"chr5","155287141","155287441","chrX","18551381","18551686","36","136735760"
"chr5","155302093","155302388","chr23","56909775","56910071","30","98392318"
"chr5","155339265","155339565","chr16","16474975","16475266","43","138864290"
"chr5","155378561","155378860","chr23","56983774","56984071","30","98394787"
"chr5","155383119","155383455","chrX","58793890","58794218","50","96589229"
"chr5","155384577","155384888","chr23","56988995","56989307","40","98395582"
"chr5","155409596","155409899","chr23","57014963","57015252","31","98394633"
"chr5","155416829","155417076","chr9","57317846","57318089","47","98098983"
"chr5","155428448","155428775","chrX","63518693","63519006","54","91909755"
"chr5","155434961","155435264","chr3","9026672","9026974","44","146408289"
"chr5","155449381","155449690","chr9","62473010","62473320","42","92976371"
"chr5","155453305","155453587","chr23","57060469","57060765","31","98392836"
"chr5","155497458","155497755","chr19","13323929","13324228","32","142173529"
"chr5","155504332","155504636","chr20","20998986","20999295","29","134505346"
"chr5","155505030","155505338","chr23","57098863","57099174","42","98406167"
"chr5","155506498","155506810","chr23","57100336","57100647","30","98406162"
"chr5","155510823","155511148","chr23","57105003","57105325","36","98405820"
"chr5","155516719","155517014","chr23","57110988","57111278","22","98405731"
"chr5","155538975","155539267","chr23","57132692","57132997","29","98406283"
"chr5","155554514","155554811","chr23","57148598","57148905","29","98405916"
"chr5","155556473","155556754","chr16","58402495","58402776","33","97153978"
"chr5","155565357","155565650","chr6","47863392","47863685","31","107701965"
"chr5","155566587","155566885","chr23","57161862","57162167","37","98404725"
"chr5","155576325","155576631","chr23","57172891","57173196","32","98403434"
"chr5","155584024","155584335","chr23","57181195","57181501","28","98402829"
"chr5","155594749","155595051","chr21","119248930","119249227","41","36345819"
"chr5","155603421","155603707","chr23","57200463","57200751","19","98402958"
"chr5","155631127","155631439","chr23","57225765","57226063","40","98405362"
"chr5","155643475","155643775","chr23","57237238","57237541","29","98406237"
"chr5","155645490","155645761","chr8","62481422","62481703","37","93164068"
"chr5","155681576","155681883","chr25","27069351","27069659","31","128612225"
"chr5","155691178","155691484","chr23","57282909","57283206","41","98408269"
"chr5","155691935","155692265","chr2","14219921","14220239","60","141472014"
"chr5","155697169","155697473","chr23","57287958","57288269","25","98409211"
"chr5","155700354","155700651","chr23","34370013","34370308","30","121330341"
"chr5","155705413","155705716","chr23","57295484","57295789","32","98409929"
"chr5","155709187","155709496","chr13","36643201","36643505","64","119065986"
"chr5","155710707","155711009","chr23","57300754","57301057","29","98409953"
"chr5","155723360","155723666","chr23","57312921","57313226","26","98410439"
"chr5","155728072","155728368","chr9","95921867","95922162","28","59806205"
"chr5","155729537","155729853","chr20","115070056","115070365","38","40659481"
"chr5","155810474","155810701","chr23","57396338","57396566","24","98414136"
"chr5","155824348","155824641","chr23","57409648","57409941","26","98414700"
"chr5","155836080","155836371","chr23","57421524","57421818","22","98414556"
"chr5","155853330","155853609","chr6","12209664","12209945","27","143643666"
"chr5","155853931","155854235","chr23","57439426","57439737","20","98414505"
"chr5","155859916","155860223","chr18","69564246","69564548","36","86295670"
"chr5","155890304","155890609","chr23","57478310","57478617","34","98411994"
"chr5","155891666","155891981","chr18","19870599","19870911","42","136021067"
"chr5","155913636","155913938","chr15","90519589","90519883","36","65394047"
"chr5","155961388","155961687","chr8","52062734","52063031","35","103898654"
"chr5","155965078","155965341","chr23","57556987","57557260","29","98408091"
"chr5","156009839","156010148","chr23","57599910","57600221","27","98409929"
"chr5","156218959","156219268","chr17","30116027","30116341","40","126102932"
"chr5","156259415","156259729","chr28","10558100","10558409","40","145701315"
"chr5","156435629","156435967","chr9","15675536","15675870","59","140760093"
"chr5","156569313","156569622","chr23","58142085","58142401","37","98427228"
"chr5","156641156","156641466","chr2","18120742","18121050","40","138520414"
"chr5","156684830","156685116","chr8","95633451","95633738","33","61051379"
"chr5","156694026","156694324","chr23","58256049","58256344","26","98437977"
"chr5","156696156","156696463","chr23","58258180","58258480","35","98437976"
"chr5","156785005","156785313","chr7","133891033","133891338","43","22893972"
"chr5","156806565","156806863","chr23","58379327","58379631","37","98427238"
"chr5","156833371","156833646","chr23","58405036","58405299","34","98428335"
"chr5","156989283","156989567","chr1","111657824","111658106","38","45331459"
"chr5","157042722","157043021","chr23","58613536","58613830","35","98429186"
"chr5","157079989","157080299","chr9","92446514","92446821","37","64633475"
"chr5","157103655","157103955","chr3","9026672","9026974","31","148076983"
"chr5","157207628","157207920","chr23","58773145","58773437","27","98434483"
"chr5","157378205","157378497","chr23","58946220","58946505","26","98431985"
"chr5","157496461","157496754","chr23","59044366","59044671","31","98452095"
"chr5","157556737","157557039","chr20","105213353","105213657","32","52343384"
"chr5","157609913","157610213","chr12","964980","965277","36","156644933"
"chr5","157619234","157619535","chr3","78270252","78270545","40","79348982"
"chr5","157660197","157660472","chr23","59194176","59194451","30","98466021"
"chr5","157710333","157710620","chr15","3156468","3156756","42","154553865"
"chr5","157753985","157754296","chr26","18344490","18344794","34","139409495"
"chr5","157765152","157765462","chr19","21336034","21336340","38","136429118"
"chr5","157779274","157779571","chr23","59306042","59306342","26","98473232"
"chr5","157780475","157780788","chr19","32418463","32418774","39","125362012"
"chr5","157789055","157789365","chr23","59316062","59316360","33","98472993"
"chr5","157806546","157806851","chr23","59333956","59334264","32","98472590"
"chr5","157823748","157824035","chr23","59349730","59350017","34","98474018"
"chr5","157831172","157831482","chr23","59357326","59357636","24","98473846"
"chr5","157831930","157832247","chr23","59358083","59358392","49","98473847"
"chr5","157833674","157833965","chr22","67768698","67768988","39","90064976"
"chr5","157843432","157843720","chr23","59369525","59369809","29","98473907"
"chr5","157876039","157876323","chr23","59401252","59401539","26","98474787"
"chr5","157885183","157885485","chr23","59410127","59410416","44","98475056"
"chr5","157889557","157889870","chr14","33153165","33153473","38","124736392"
"chr5","157912414","157912682","chr2","65532573","65532840","35","92379841"
"chr5","157937289","157937600","chr23","59459858","59460170","24","98477431"
"chr5","157949775","157950059","chrX","125492653","125492938","37","32457122"
"chr5","157992413","157992711","chr23","59511446","59511751","31","98480967"
"chr5","157999389","157999687","chr14","69135565","69135866","39","88863824"
"chr5","158026222","158026506","chr23","59543891","59544173","30","98482331"
"chr5","158083951","158084250","chr28","8356903","8357207","39","149727048"
"chr5","158100828","158101117","chr23","59619094","59619382","28","98481734"
"chr5","158112425","158112724","chr23","59631092","59631403","36","98481333"
"chr5","158170898","158171181","chr17","37153275","37153557","38","121017623"
"chr5","158205587","158205879","chr5","70535137","70535431","30","87670450"
"chr5","158238734","158239036","chr23","59753208","59753521","29","98485526"
"chr5","158262135","158262276","chr5","53254175","53254310","16","105007960"
"chr5","158262571","158262745","chr9","15207579","15207751","24","143054992"
"chr5","158265855","158266159","chr16","61016975","61017282","30","97248880"
"chr5","158295254","158295554","chr23","59813182","59813488","34","98482072"
"chr5","158334418","158334698","chr23","59847530","59847812","37","98486888"
"chr5","158353408","158353596","chr12","98448077","98448264","26","59905331"
"chr5","158360926","158361232","chr9","16797425","16797729","32","141563501"
"chr5","158373128","158373427","chr23","59886798","59887105","25","98486330"
"chr5","158400693","158400989","chr3","30894413","30894707","36","127506280"
"chr5","158412362","158412659","chr23","59925182","59925487","51","98487180"
"chr5","158443255","158443544","chr12","72231839","72232132","36","86211416"
"chr5","158486830","158487131","chr23","59996573","59996862","36","98490257"
"chr5","158495443","158495654","chr6","42208145","42208362","38","116287298"
"chr5","158507234","158507532","chr23","60016289","60016591","27","98490945"
"chr5","158513742","158514047","chr22","79490356","79490664","32","79023386"
"chr5","158545833","158546121","chr23","60084320","60084619","35","98461513"
"chr5","158551430","158551740","chr23","60090007","60090315","26","98461423"
"chr5","158558341","158558618","chr1","105024457","105024739","43","53533884"
"chr5","158561126","158561376","chr9","61704066","61704306","51","96857060"
"chr5","158579070","158579370","chr16","8472422","8472725","45","150106648"
"chr5","158587645","158587935","chr23","60115066","60115365","32","98472579"
"chr5","158607834","158608130","chr23","60136844","60137141","31","98470990"
"chr5","158641333","158641630","chrX","22852905","22853198","38","135788428"
"chr5","158685745","158685948","chr17","38823537","38823742","37","119862208"
"chr5","158686093","158686387","chrX","22852905","22853198","36","135833188"
"chr5","158722475","158722776","chr23_AQIB01158983v1_random","5086","5390","29","158717389"
"chr5","158733073","158733374","chr26","41399208","41399508","47","117333865"
"chr5","158733967","158734249","chr23_AQIB01158983v1_random","13528","13816","41","158720439"
"chr5","158734529","158734815","chr16","9245258","9245543","38","149489271"
"chr5","158755036","158755329","chr23","60278768","60279058","34","98476268"
"chr5","158755999","158756285","chr23","60279731","60280034","38","98476268"
"chr5","158763480","158763790","chr23","36764118","36764433","51","121999362"
"chr5","158782703","158783005","chr23","60296118","60296417","26","98486585"
"chr5","158785130","158785451","chr15","3130119","3130432","48","155655011"
"chr5","158793476","158793770","chr11","6429844","6430143","40","152363632"
"chr5","158809108","158809419","chr10","44028544","44028854","38","114780564"
"chr5","158819343","158819519","chr8","36178015","36178199","30","122641328"
"chr5","158819972","158820106","chr13","80106963","80107097","14","78713009"
"chr5","158829051","158829348","chr11","120526163","120526460","33","38302888"
"chr5","158838759","158839049","chr4","13836335","13836622","50","145002424"
"chr5","158842143","158842352","chr6","16358470","16358685","46","142483673"
"chr5","158842785","158843096","chr13","22901453","22901766","31","135941332"
"chr5","158851071","158851369","chr23","60362287","60362587","32","98488784"
"chr5","158852481","158852788","chr11","47405582","47405890","32","111446899"
"chr5","158852965","158853274","chr14","82794681","82794991","40","76058284"
"chr5","158858758","158859066","chr23","60371717","60372022","24","98487041"
"chr5","158887057","158887347","chr23","60399417","60399706","29","98487640"
"chr5","158889229","158889535","chr23","60401578","60401889","29","98487651"
"chr5","158890273","158890575","chr9","29774917","29775219","32","129115356"
"chr5","158900260","158900552","chr6","33554432","33554729","40","125345828"
"chr5","158914817","158914987","chr8","75837032","75837200","16","83077785"
"chr5","158937946","158938257","chr1","5699115","5699436","57","153238831"
"chr5","158944139","158944440","chr10","88760771","88761072","36","70183368"
"chr5","158987495","158987782","chr8","35832005","35832297","29","123155490"
"chr5","159007677","159007976","chr23","60507201","60507502","19","98500476"
"chr5","159027407","159027712","chr8","10801167","10801476","40","148226240"
"chr5","159079391","159079679","chr23","60584583","60584868","26","98494808"
"chr5","159123356","159123664","chr23","60624074","60624391","34","98499282"
"chr5","159169487","159169789","chr4","87532581","87532881","42","71636906"
"chr5","159235576","159235824","chr3","3807793","3808047","38","155427783"
"chr5","159286747","159287020","chr23","60773765","60774041","31","98512982"
"chr5","159379191","159379507","chr23","60858837","60859146","34","98520354"
"chr5","159381642","159381937","chr23","60861263","60861565","31","98520379"
"chr5","159452665","159452986","chr23","60930972","60931266","39","98521693"
"chr5","159758361","159758643","chr9","104099789","104100074","44","55658572"
"chr5","159909793","159910098","chr1","77146081","77146385","37","82763712"
"chr5","160026181","160026466","chr23","61523540","61523837","42","98502641"
"chr5","160042448","160042738","chr16","72650947","72651238","29","87391501"
"chr5","160043064","160043380","chr23","61540902","61541200","44","98502162"
"chr5","160099027","160099201","chrX_KE148111v1_random","128290","128466","33","159970737"
"chr5","160121438","160121732","chr23","61616261","61616550","41","98505177"
"chr5","160125618","160125925","chr23","61620460","61620768","26","98505158"
"chr5","160129643","160129944","chr23","61624502","61624803","18","98505141"
"chr5","160170163","160170340","chr16","39692631","39692802","30","120477532"
"chr5","160309384","160309686","chr23","61789328","61789624","22","98520056"
"chr5","160364755","160365066","chr23","61845564","61845873","22","98519191"
"chr5","160500584","160500886","chr23","61975448","61975758","28","98525136"
"chr5","160568408","160568716","chr28","19188684","19188984","37","141379724"
"chr5","160609950","160610296","chr1","86628139","86628468","63","73981811"
"chr5","160629154","160629454","chr23","62092541","62092849","31","98536613"
"chr5","160663244","160663540","chr1","78368766","78369064","38","82294478"
"chr5","160685441","160685714","chr20","33292491","33292768","38","127392950"
"chr5","160774582","160774887","chr14","59464027","59464336","36","101310555"
"chr5","160791219","160791532","chrX","35524101","35524410","44","125267118"
"chr5","160837973","160838259","chrUn_KE147541v1","121663","121948","33","160716310"
"chr5","160845884","160846182","chr23","62300011","62300330","40","98545873"
"chr5","160858373","160858679","chr23","62312271","62312582","28","98546102"
"chr5","160901632","160901939","chr8","10801167","10801476","35","150100465"
"chr5","160905562","160905864","chr23","62358951","62359247","24","98546611"
"chr5","160908315","160908607","chr23","62361663","62361949","33","98546652"
"chr5","160909071","160909365","chr23","62362428","62362722","29","98546643"
"chr5","160932362","160932634","chr23","62386021","62386289","32","98546341"
"chr5","160932811","160932861","chr22","27162227","27162269","14","133770584"
"chr5","160937471","160937779","chr23","62390702","62391012","28","98546769"
"chr5","160954334","160954631","chr23","62407114","62407404","33","98547220"
"chr5","160980668","160980951","chr23","62433806","62434089","30","98546862"
"chr5","160997381","160997580","chr14","68940217","68940412","24","92057164"
"chr5","160997615","160997656","chr14","59976736","59976775","9","101020879"
"chr5","160998184","160998485","chr23","62453395","62453688","38","98544789"
"chr5","161014532","161014821","chr14","51235615","51235913","40","109778917"
"chr5","161016925","161017234","chr3","20151076","20151376","35","140865849"
"chr5","161027820","161028124","chrX","36521580","36521880","33","124506240"
"chr5","161037230","161037529","chr23","62495592","62495890","15","98541638"
"chr5","161037561","161037865","chr23","62495926","62496234","33","98541635"
"chr5","161038253","161038564","chr20","84405979","84406286","34","76632274"
"chr5","161043677","161043893","chr11","124263168","124263380","42","36780509"
"chr5","161049000","161049301","chrX","89325492","89325792","32","71723508"
"chr5","161049359","161049653","chr11","96978397","96978692","34","64070962"
"chr5","161049819","161050125","chr5","74946041","74946348","35","86103778"
"chr5","161052601","161052907","chr23","62508235","62508543","25","98544366"
"chr5","161059275","161059574","chr1","103586917","103587220","38","57472358"
"chr5","161071742","161072056","chr23","62529776","62530090","30","98541966"
"chr5","161074251","161074538","chr10","59187645","59187932","33","101886606"
"chr5","161075261","161075551","chr6","41220512","41220808","40","119854749"
"chr5","161081609","161081919","chr23","62534623","62534936","32","98546986"
"chr5","161083975","161084274","chr21","107720537","107720836","41","53363438"
"chr5","161095443","161095727","chr15","4351144","4351428","31","156744299"
"chr5","161096681","161096987","chr1","115972304","115972611","34","45124377"
"chr5","161107881","161108182","chr14","95275059","95275360","30","65832822"
"chr5","161131402","161131609","chr17","35304405","35304617","28","125826997"
"chr5","161133719","161134017","chr20","70647545","70647842","36","90486174"
"chr5","161135243","161135553","chr23","62584069","62584377","25","98551174"
"chr5","161138766","161139059","chr23","62585627","62585907","40","98553139"
"chr5","161140137","161140420","chr23","81346640","81346923","46","79793497"
"chr5","161144266","161144547","chr23","62591294","62591579","34","98552972"
"chr5","161148872","161149167","chr5","52768713","52769008","31","108380159"
"chr5","161183307","161183601","chr10","37429927","37430224","38","123753380"
"chr5","161186796","161187100","chr23","62634784","62635091","26","98552012"
"chr5","161203359","161203670","chr23","62651223","62651532","35","98552136"
"chr5","161254072","161254372","chr23","62701329","62701633","23","98552743"
"chr5","161256683","161256976","chr9","94097659","94097950","34","67159024"
"chr5","161257963","161258272","chr1","108134928","108135237","44","53123035"
"chr5","161259138","161259438","chr23","62706705","62707003","33","98552433"
"chr5","161261102","161261398","chr19","33095322","33095619","42","128165780"
"chr5","161306859","161307167","chr23","62750076","62750386","32","98556783"
"chr5","161328095","161328363","chr9","114710316","114710584","47","46617779"
"chr5","161332727","161333025","chr16","61063438","61063741","43","100269289"
"chr5","161363018","161363328","chr16","60545204","60545511","42","100817814"
"chr5","161374858","161375118","chr29","16577540","16577802","38","144797318"
"chr5","161378666","161378977","chr23","62827035","62827342","22","98551631"
"chr5","161382337","161382627","chr23","62830754","62831047","25","98551583"
"chr5","161397304","161397600","chr23","62843821","62844115","22","98553483"
"chr5","161406848","161407136","chr23","62859209","62859491","26","98547639"
"chr5","161408638","161408939","chr23","62860993","62861290","29","98547645"
"chr5","161447977","161448271","chr11","120526163","120526460","27","40921814"
"chr5","161596500","161596789","chr2","57987385","57987675","50","103609115"
"chr5","161598866","161599169","chr20","103936878","103937182","29","57661988"
"chr5","161622976","161623270","chr23","63062193","63062495","29","98560783"
"chr5","161633801","161634112","chr20","24392880","24393191","37","137240921"
"chr5","161667946","161668256","chr17","49941889","49942201","34","111726057"
"chr5","161839065","161839362","chr7","131848095","131848393","29","29990970"
"chr5","161910038","161910337","chr23","75121731","75122042","40","86788307"
"chr5","161945770","161946083","chr10","91221570","91221880","47","70724200"
"chr5","162035065","162035358","chr23","63461735","63462028","29","98573330"
"chr5","162035615","162035900","chr23","63462302","63462594","36","98573313"
"chr5","162046823","162047124","chr23","63474692","63474996","26","98572131"
"chr5","162049174","162049471","chr23","63477024","63477332","37","98572150"
"chr5","162119204","162119507","chr16","71584697","71584996","32","90534507"
"chr5","162135761","162136046","chr23","63556920","63557201","28","98578841"
"chr5","162179309","162179608","chr23","63593378","63593673","32","98585931"
"chr5","162247970","162248259","chr23","63659794","63660079","24","98588176"
"chr5","162254423","162254716","chr10","18923835","18924129","38","143330588"
"chr5","162297739","162298043","chr2","5914047","5914349","40","156383692"
"chr5","162522370","162522672","chr22","16974195","16974505","36","145548175"
"chr5","162554794","162555109","chrX","46241325","46241636","44","116313469"
"chr5","162582269","162582543","chr13","21973474","21973751","40","140608795"
"chr5","162650294","162650599","chr12","1058389","1058707","57","161591905"
"chr5","162658826","162659123","chr23","64066487","64066788","27","98592339"
"chr5","162669740","162670036","chr23","64066487","64066788","28","98603253"
"chr5","162731784","162732143","chr23","64141034","64141353","69","98590750"
"chr5","162859281","162859588","chr23","64268810","64269115","25","98590471"
"chr5","162906292","162906569","chr16","9245258","9245543","45","153661034"
"chr5","162997605","162997895","chr3","29298995","29299289","43","133698610"
"chr5","163121195","163121499","chr23","64529365","64529653","44","98591830"
"chr5","163282422","163282699","chr20","81806223","81806507","45","81476199"
"chr5","163338420","163338722","chr23","64756933","64757225","36","98581487"
"chr5","163344450","163344752","chr21","124655752","124656055","39","38688698"
"chr5","163347858","163348166","chr23","37773368","37773673","37","125574490"
"chr5","163387817","163388148","chr24","40396858","40397185","44","122990959"
"chr5","163388660","163388956","chr9","55394406","55394705","45","107994254"
"chr5","163422333","163422623","chr23","64833581","64833873","35","98588752"
"chr5","163443255","163443551","chr16","3445917","3446219","35","159997338"
"chr5","163481685","163481990","chr11","46603458","46603764","35","116878227"
"chr5","163507724","163508034","chr6","16360711","16361024","45","147147013"
"chr5","163522281","163522590","chr6","15813882","15814194","36","147708399"
"chr5","163645151","163645423","chr23","65029035","65029305","23","98616116"
"chr5","163700466","163700798","chr23","65067072","65067373","50","98633394"
"chr5","163764366","163764663","chr18","58480084","58480385","42","105284282"
"chr5","163850833","163851072","chr2","210771","211008","43","163640062"
"chr5","163868342","163868645","chr23","65215488","65215785","38","98652854"
"chr5","164019072","164019370","chr23","65369238","65369532","38","98649834"
"chr5","164060649","164060952","chr23","65401634","65401937","31","98659015"
"chr5","164094981","164095313","chr17","41653556","41653884","51","122441425"
"chr5","164193973","164194294","chr24","3026778","3027104","41","161167195"
"chr5","164249315","164249606","chr12","80083509","80083803","35","84165806"
"chr5","164258047","164258348","chr23","65575593","65575894","20","98682454"
"chr5","164265860","164266172","chr23","65583423","65583727","41","98682437"
"chr5","164320488","164320766","chr23","65631825","65632103","35","98688663"
"chr5","164375345","164375647","chr23","65685294","65685594","28","98690051"
"chr5","164431388","164431685","chr12","964980","965277","33","163466408"
"chr5","164476882","164477177","chr23","65782020","65782292","39","98694862"
"chr5","164497247","164497539","chr19","19331312","19331608","32","145165935"
"chr5","164515296","164515584","chr14","42321041","42321325","37","122194255"
"chr5","164521834","164522139","chr23","65827856","65828160","24","98693978"
"chr5","164527776","164528078","chr1","68742662","68742962","37","95785114"
"chr5","164541565","164541852","chr5","8281719","8282010","40","156259846"
"chr5","164545449","164545664","chr23","65851741","65851971","33","98693708"
"chr5","164559049","164559340","chr9","57690887","57691181","38","106868162"
"chr5","164601233","164601526","chr23","65902665","65902957","20","98698568"
"chr5","164667224","164667531","chr13","64726471","64726773","40","99940753"
"chr5","164717550","164717843","chr23","66012144","66012440","21","98705406"
"chr5","164717850","164718148","chr23","66012448","66012754","29","98705402"
"chr5","164752410","164752694","chr4","13836335","13836622","39","150916075"
"chr5","164836372","164836667","chr4","32226963","32227256","34","132609409"
"chr5","164916012","164916313","chr20","95037372","95037673","36","69878640"
"chr5","164981800","164982081","chr23","66274075","66274356","19","98707725"
"chr5","165010383","165010687","chr1","67026506","67026811","34","97983877"
"chr5","165074139","165074443","chr23","66371965","66372260","27","98702174"
"chr5","165136695","165137004","chrX","20499085","20499394","36","144637610"
"chr5","165230889","165231175","chrX","105650573","105650856","37","59580316"
"chr5","165283856","165284141","chr23","66583378","66583664","25","98700478"
"chr5","165324271","165324569","chr15","35661912","35662210","35","129662359"
"chr5","165350046","165350350","chr23","66643900","66644202","39","98706146"
"chr5","165415459","165415712","chr17","57636111","57636361","40","107779348"
"chr5","165483921","165484214","chr23","66772220","66772516","41","98711701"
"chr5","165508330","165508618","chr23","66797730","66798014","23","98710600"
"chr5","165514764","165515075","chrX","50380378","50380688","42","115134386"
"chr5","165575362","165575674","chr5","41453200","41453511","37","124122162"
"chr5","165582300","165582606","chr23","66862272","66862579","23","98720028"
"chr5","165620144","165620442","chr15","64630867","64631162","43","100989277"
"chr5","165628568","165628839","chr23","66911072","66911341","26","98717496"
"chr5","165664362","165664657","chr23","66948627","66948927","44","98715735"
"chr5","165672047","165672349","chr8","66546850","66547146","34","99125197"
"chr5","165725267","165725549","chr23","67010246","67010542","31","98715021"
"chr5","165732255","165732550","chr12","2749119","2749414","37","162983136"
"chr5","165743425","165743721","chr23","67029521","67029817","30","98713904"
"chr5","165763545","165763848","chr23","67049313","67049623","39","98714232"
"chr5","165768554","165768847","chr23","67054356","67054651","33","98714198"
"chr5","165789786","165790068","chr23","67072504","67072799","40","98717282"
"chr5","165801268","165801579","chr23","67078846","67079153","39","98722422"
"chr5","165803567","165803886","chr15","3904633","3904938","59","161898934"
"chr5","165817974","165818279","chr23","22864793","22865102","36","142953181"
"chr5","165976018","165976326","chr6","30911723","30912031","37","135064295"
"chr5","165982967","165983251","chr23","67249549","67249829","29","98733418"
"chr5","165985601","165985903","chr23","67252880","67253179","26","98732721"
"chr5","166004511","166004729","chr6","45740941","45741159","33","120263570"
"chr5","166036043","166036334","chr22","65181786","65182089","56","100854257"
"chr5","166077764","166078066","chr23","67340279","67340580","30","98737485"
"chr5","166086449","166086729","chr23","67348186","67348459","34","98738263"
"chr5","166123352","166123658","chr1","103586917","103587220","44","62536435"
"chr5","166144000","166144299","chr12","964980","965277","35","165179020"
"chr5","166146703","166147009","chr23","67410213","67410516","44","98736490"
"chr5","166199408","166199693","chr23","68987067","68987349","39","97212341"
"chr5","166309197","166309481","chr6","11893852","11894141","40","154415345"
"chr5","166331569","166331883","chr1","58130201","58130511","44","108201368"
"chr5","166374526","166374832","chr12","2402045","2402348","32","163972481"
"chr5","166420739","166421050","chr20","105692436","105692747","42","60728303"
"chr5","166483579","166483884","chr6","15813882","15814194","34","150669697"
"chr5","166509735","166509931","chrX","12457311","12457503","33","154052424"
"chr5","166582514","166582824","chr9","28699979","28700282","38","137882535"
"chr5","166603228","166603537","chr14","105114118","105114427","37","61489110"
"chr5","166659352","166659655","chr23","67919146","67919439","29","98740206"
"chr5","166727092","166727394","chr23","67987061","67987371","42","98740031"
"chr5","166728262","166728591","chr11","116767715","116768036","44","49960547"
"chr5","166782131","166782429","chr23","68039430","68039725","31","98742701"
"chr5","166783817","166784108","chr23","68041101","68041399","31","98742716"
"chr5","166804625","166804871","chr1","186120","186366","42","166618505"
"chr5","166805526","166805711","chr10","33376506","33376682","40","133429020"
"chr5","166914053","166914334","chr23","68172728","68173025","49","98741325"
"chr5","166949909","166950208","chr26","2668803","2669103","44","164281106"
"chr5","167012597","167012906","chr15","3993056","3993366","40","163019541"
"chr5","167019249","167019554","chr9","42270116","42270423","44","124749133"
"chr5","167036786","167037086","chr5","17175469","17175766","42","149861317"
"chr5","167096160","167096439","chr7","14586299","14586584","36","152509861"
"chr5","167109546","167109859","chr23","68351329","68351636","32","98758217"
"chr5","167147714","167148052","chrX","80631335","80631671","42","86516379"
"chr5","167197028","167197328","chr8","35921122","35921424","40","131275906"
"chr5","167209820","167210122","chr20","101044179","101044483","42","66165641"
"chr5","167231376","167231680","chr2","65566388","65566688","45","101664988"
"chr5","167288730","167288904","chr23","68532882","68533042","22","98755848"
"chr5","167313128","167313438","chr2","20411746","20412057","40","146901382"
"chr5","167380884","167381166","chr23","68629131","68629415","25","98751753"
"chr5","167385762","167386081","chr8","10801167","10801476","38","156584595"
"chr5","167395311","167395618","chr23","68644031","68644327","40","98751280"
"chr5","167400081","167400380","chr23","68648866","68649163","36","98751215"
"chr5","167430196","167430521","chr11","20929183","20929505","60","146501013"
"chr5","167446120","167446422","chr23","68694069","68694366","39","98752051"
"chr5","167446747","167447045","chr6","48217964","48218263","40","119228783"
"chr5","167465863","167466165","chr23","68712988","68713294","18","98752875"
"chr5","167508659","167508981","chr16","22231031","22231355","45","145277628"
"chr5","167527704","167527997","chr23","68774001","68774297","40","98753703"
"chr5","167533060","167533229","chr17","57219584","57219745","24","110313476"
"chr5","167584153","167584485","chr2","25643910","25644227","55","141940243"
"chr5","167613742","167614040","chr23","68860520","68860824","30","98753222"
"chr5","167622607","167622913","chr17","38076408","38076713","41","129546199"
"chr5","167665218","167665505","chr23","68908969","68909261","28","98756249"
"chr5","167675680","167675978","chr23","68919765","68920056","31","98755915"
"chr5","167715417","167715707","chr23","68961027","68961314","25","98754390"
"chr5","167742565","167742868","chr14","81579429","81579733","38","86163136"
"chr5","167809647","167809967","chr13","11913732","11914049","36","155895915"
"chr5","167828450","167828749","chr8","7114217","7114516","29","160714233"
"chr5","167859499","167859789","chr23","69093147","69093431","23","98766352"
"chr5","167873650","167873957","chr23","69106666","69106977","40","98766984"
"chr5","167879231","167879541","chr23","69112869","69113177","30","98766362"
"chr5","167879552","167879850","chr6","29296512","29296812","38","138583040"
"chr5","167895864","167896166","chr23","69129766","69130058","28","98766098"
"chr5","167901932","167902233","chrX","112552613","112552923","48","55349319"
"chr5","167915072","167915389","chrX","23685849","23686160","44","144229223"
"chr5","167922398","167922705","chr23","69156547","69156849","42","98765851"
"chr5","167930566","167930846","chr23","69162702","69162976","23","98767864"
"chr5","167989580","167989831","chr11","116941025","116941272","29","51048555"
"chr5","168014843","168015140","chr23","69247604","69247913","31","98767239"
"chr5","168029453","168029755","chr23","69262457","69262761","33","98766996"
"chr5","168076337","168076638","chr20","81736328","81736627","54","86340009"
"chr5","168082389","168082700","chrX","112552613","112552923","47","55529776"
"chr5","168116641","168116974","chr23","69349040","69349354","46","98767601"
"chr5","168206889","168207177","chr14","13214851","13215139","34","154992038"
"chr5","168218129","168218423","chr23","69447921","69448227","35","98770208"
"chr5","168311762","168312055","chr13","81931577","81931875","40","86380185"
"chr5","168353527","168353847","chr14","78717598","78717904","35","89635929"
"chr5","168427713","168427997","chr24","69418675","69418959","40","99009038"
"chr5","168434043","168434327","chrX_KE148108v1_random","3388865","3389154","49","165045178"
"chr5","168473504","168473805","chr23","69693219","69693517","30","98780285"
"chr5","168513791","168514093","chr23","69733307","69733605","34","98780484"
"chr5","168535838","168536136","chr23","69754992","69755298","34","98780846"
"chr5","168599213","168599512","chr23","69818327","69818632","31","98780886"
"chr5","168626999","168627305","chr2","65319575","65319883","37","103307424"
"chr5","168647972","168648267","chrX","22852905","22853198","34","145795067"
"chr5","168753671","168753993","chr23","69971264","69971570","34","98782407"
"chr5","168762241","168762523","chr3","24558214","24558499","32","144204027"
"chr5","168841839","168842130","chr5","14339910","14340202","37","154501929"
"chr5","169007279","169007592","chr6","15813882","15814194","34","153193397"
"chr5","169034422","169034711","chrUn_KE147541v1","121663","121948","36","168912759"
"chr5","169115977","169116270","chr19","26852137","26852431","28","142263840"
"chr5","169155131","169155450","chr23","70377359","70377673","41","98777772"
"chr5","169158834","169159083","chr16","11809278","11809528","38","157349556"
"chr5","169179627","169179962","chr20","20614366","20614676","62","148565261"
"chr5","169202336","169202644","chr12","34456192","34456494","38","134746144"
"chr5","169255818","169256128","chr10","77074253","77074557","36","92181565"
"chr5","169258204","169258497","chr16","16352697","16352989","34","152905507"
"chr5","169259480","169259668","chr7","15845768","15845962","40","153413712"
"chr5","169268807","169269035","chr9","61704066","61704306","42","107564741"
"chr5","169271951","169272247","chr23","70494030","70494327","31","98777921"
"chr5","169275856","169276159","chr23","70498581","70498888","35","98777275"
"chr5","169277223","169277495","chr16","53122044","53122319","36","116155179"
"chr5","169278746","169279036","chr23","70501483","70501777","28","98777263"
"chr5","169286661","169286971","chr23","70506708","70507010","40","98779953"
"chr5","169290039","169290300","chr2","10119213","10119465","43","159170826"
"chr5","169316792","169317102","chr23","70532324","70532637","31","98784468"
"chr5","169318133","169318289","chr23","79838641","79838798","27","89479492"
"chr5","169318388","169318694","chr23","70533878","70534176","35","98784510"
"chr5","169324251","169324550","chr23","70539774","70540077","34","98784477"
"chr5","169325147","169325448","chr23","70540998","70541291","28","98784149"
"chr5","169334964","169335264","chr19","30057411","30057704","34","139277553"
"chr5","169341438","169341744","chr8","10801167","10801476","33","158540271"
"chr5","169357950","169358246","chr23","70567885","70568178","18","98790065"
"chr5","169359411","169359722","chr14","82794681","82794991","36","86564730"
"chr5","169368649","169368939","chr4","65717551","65717849","36","103651098"
"chr5","169372192","169372477","chr23","70582163","70582450","26","98790029"
"chr5","169375291","169375593","chr17","61378726","61379025","40","107996565"
"chr5","169382337","169382645","chr9","95974457","95974762","36","73407880"
"chr5","169389374","169389686","chr23","70598713","70599023","28","98790661"
"chr5","169391603","169391903","chr1","19453527","19453824","37","149938076"
"chr5","169403126","169403423","chr23","70609675","70609975","28","98793451"
"chr5","169405824","169406124","chr23","70612380","70612680","35","98793444"
"chr5","169431603","169431894","chr16","45767552","45767846","33","123664051"
"chr5","169442264","169442552","chr15","5546817","5547111","44","163895447"
"chr5","169451263","169451574","chr23","70658257","70658572","30","98793006"
"chr5","169454129","169454430","chr11","101859416","101859717","31","67594713"
"chr5","169460608","169460904","chr28","14631768","14632065","33","154828840"
"chr5","169486430","169486724","chr9","51469130","51469430","37","118017300"
"chr5","169530209","169530513","chr1","9967077","9967375","39","159563132"
"chr5","169543261","169543525","chr13","35708639","35708918","57","133834622"
"chr5","169545422","169545728","chr23","70763449","70763751","32","98781973"
"chr5","169553905","169554171","chr23","70771283","70771541","23","98782622"
"chr5","169576926","169577210","chrX_AQIB01158451v1_random","1111","1392","34","169575815"
"chr5","169595652","169595870","chr11","124263168","124263380","52","45332484"
"chr5","169614913","169615214","chr23","70836279","70836581","29","98778634"
"chr5","169621471","169621649","chr7","15845768","15845962","43","153775703"
"chr5","169636685","169636995","chr23","70858321","70858626","25","98778364"
"chr5","169650668","169650881","chr23","70865739","70865940","24","98784929"
"chr5","169676892","169677079","chr23","70892874","70893061","6","98784018"
"chr5","169685563","169685868","chr23","70902322","70902632","17","98783241"
"chr5","169702760","169703060","chr1","32350047","32350343","34","137352713"
"chr5","169746742","169747043","chr6","7583070","7583380","43","162163672"
"chr5","169757911","169758208","chr23","70975574","70975883","32","98782337"
"chr5","169834349","169834648","chr23","71049886","71050184","29","98784463"
"chr5","169843964","169844261","chr23","71058818","71059111","28","98785146"
"chr5","169898560","169898852","chr23","71113134","71113431","38","98785426"
"chr5","169962432","169962730","chr18","56826053","56826355","37","113136379"
"chr5","170006126","170006419","chr23","71217829","71218126","31","98788297"
"chr5","170032880","170033190","chr20","102069946","102070249","30","67962934"
"chr5","170141719","170142011","chr23","71352016","71352315","35","98789703"
"chr5","170147542","170147850","chr23","71357841","71358150","27","98789701"
"chr5","170270809","170271124","chr26","17090275","17090584","44","153180534"
"chr5","170324197","170324505","chr23","71532693","71532995","31","98791504"
"chr5","170366279","170366576","chr3","74119688","74119985","34","96246591"
"chr5","170367606","170367896","chr13","95801104","95801403","44","74566502"
"chr5","170505173","170505477","chr15","87465766","87466076","39","83039407"
"chr5","170589183","170589485","chr7","129889052","129889359","38","40700131"
"chr5","170677539","170677853","chr9","64475965","64476273","34","106201574"
"chr5","170686671","170686981","chr20","105692436","105692747","32","64994235"
"chr5","170723442","170723752","chr13","34886200","34886513","34","135837242"
"chr5","170762001","170762306","chr16","26169365","26169670","35","144592636"
"chr5","170807942","170808289","chr6","14845357","14845695","68","155962585"
"chr5","170863566","170863858","chr16","65011768","65012061","36","105851798"
"chr5","170883341","170883645","chr23","72090232","72090531","28","98793109"
"chr5","170913108","170913413","chr3","9026672","9026974","34","161886436"
"chr5","170918006","170918168","chr6","49269758","49269925","27","121648248"
"chr5","170927963","170928248","chr23","72135429","72135712","30","98792534"
"chr5","170970314","170970619","chr9","51469130","51469430","28","119501184"
"chr5","170977823","170978129","chr23","72185954","72186260","26","98791869"
"chr5","171128206","171128504","chr25","3736683","3736987","38","167391523"
"chr5","171159092","171159344","chr23","72360475","72360723","26","98798617"
"chr5","171212225","171212512","chr23","72413556","72413846","42","98798669"
"chr5","171287494","171287790","chr1","11398779","11399075","33","159888715"
"chr5","171303934","171304250","chr14","13904517","13904822","54","157399417"
"chr5","171343473","171343770","chr24","40758560","40758856","31","130584913"
"chr5","171395127","171395429","chrX","90940181","90940488","45","80454946"
"chr5","171436939","171437249","chr23","72634090","72634397","26","98802849"
"chr5","171508023","171508328","chr8","7114217","7114516","34","164393806"
"chr5","171531306","171531607","chr5","18599299","18599600","35","152932007"
"chr5","171572482","171572810","chrX","15311357","15311697","55","156261125"
"chr5","171574950","171575258","chr23","72768256","72768573","38","98806694"
"chr5","171593556","171593858","chr23","72787059","72787356","28","98806497"
"chr5","171600885","171601186","chr8","9993389","9993689","33","161607496"
"chr5","171616210","171616495","chr23","72809226","72809510","27","98806984"
"chr5","171622645","171622954","chr23","72815085","72815394","28","98807560"
"chr5","171643978","171644287","chr23","72835328","72835637","32","98808650"
"chr5","171758023","171758335","chr14","105114118","105114427","42","66643905"
"chr5","171783657","171783748","chr8","40387158","40387250","17","131396499"
"chr5","171784218","171784437","chr1","74640704","74640925","33","97143514"
"chr5","171822819","171823128","chr25","73296177","73296486","35","98526642"
"chr5","171831542","171831850","chr23","73014764","73015064","40","98816778"
"chr5","171837116","171837424","chr20","105692436","105692747","37","66144680"
"chr5","171846004","171846316","chr23","73029425","73029743","31","98816579"
"chr5","171863079","171863370","chr15","17607171","17607468","44","154255908"
"chr5","171880420","171880712","chr16","70818655","70818945","30","101061765"
"chr5","171906027","171906324","chr9","114952603","114952897","36","56953424"
"chr5","171971420","171971595","chr10","33376506","33376682","30","138594914"
"chr5","172078104","172078404","chr20","71007703","71008003","42","101070401"
"chr5","172090363","172090694","chr23","73258248","73258606","60","98832115"
"chr5","172131176","172131481","chr20","92192486","92192788","36","79938690"
"chr5","172160624","172160924","chrX","49846721","49847019","33","122313903"
"chr5","172240638","172240936","chr8","34850224","34850528","32","137390414"
"chr5","172241719","172242013","chr17","61357230","61357525","30","110884489"
"chr5","172271237","172271547","chr23","73434043","73434349","24","98837194"
"chr5","172271551","172271851","chr5","22530212","22530512","29","149741339"
"chr5","172310054","172310351","chr6","47913178","47913472","35","124396876"
"chr5","172331795","172332104","chr23","73495750","73496060","29","98836045"
"chr5","172345619","172345916","chr8","101592110","101592406","30","70753509"
"chr5","172356242","172356530","chr12","17538171","17538452","38","154818071"
"chr5","172373279","172373579","chr8","52062734","52063031","35","120310545"
"chr5","172377897","172378195","chrX","128106652","128106950","36","44271245"
"chr5","172381573","172381902","chr17","51121570","51121900","63","121260003"
"chr5","172385201","172385524","chr7","11829611","11829930","68","160555590"
"chr5","172393282","172393586","chr23","73546212","73546512","34","98847070"
"chr5","172395672","172395968","chr21","72307896","72308190","38","100087776"
"chr5","172397132","172397449","chr21","52839988","52840301","35","119557144"
"chr5","172398381","172398675","chr21","72307896","72308190","50","100090485"
"chr5","172412194","172412478","chr23","73565192","73565480","45","98847002"
"chr5","172413184","172413471","chr23","73566281","73566570","34","98846903"
"chr5","172449102","172449418","chr18","48815029","48815336","34","123634073"
"chr5","172479050","172479346","chr15","5355918","5356211","38","167123132"
"chr5","172479703","172480044","chr6","78687","79026","52","172401016"
"chr5","172483902","172484180","chr24","68547796","68548077","48","103936106"
"chr5","172501977","172502279","chr23","73652845","73653146","20","98849132"
"chr5","172508171","172508472","chr6","50562964","50563269","39","121945207"
"chr5","172512003","172512328","chr19","14006619","14006922","59","158505384"
"chr5","172512680","172512871","chr2","18890227","18890415","23","153622453"
"chr5","172554568","172554873","chr23","73712847","73713144","22","98841721"
"chr5","172561159","172561475","chr16","53777816","53778123","41","118783343"
"chr5","172564420","172564728","chr23","73720713","73721023","32","98843707"
"chr5","172569749","172570046","chr5","561924","562220","35","172007825"
"chr5","172596140","172596463","chr8","35854442","35854754","47","136741698"
"chr5","172617852","172618151","chr5","50489073","50489372","35","122128779"
"chr5","172637573","172637841","chr23","73794129","73794395","24","98843444"
"chr5","172655344","172655671","chr23","73811121","73811463","45","98844223"
"chr5","172690733","172691043","chr19","9514256","9514567","32","163176477"
"chr5","172749952","172750230","chr23","73901733","73902005","24","98848219"
"chr5","172750754","172751049","chr23","73902539","73902840","31","98848215"
"chr5","172778686","172779009","chr1","5699115","5699436","45","167079571"
"chr5","172785746","172786041","chr23","73934519","73934815","28","98851227"
"chr5","172796478","172796762","chr23","73945040","73945325","28","98851438"
"chr5","172816959","172817263","chr23","73963117","73963420","26","98853842"
"chr5","172848062","172848371","chr22","16974195","16974505","42","155873867"
"chr5","172852297","172852532","chr23","73999003","73999238","28","98853294"
"chr5","172888583","172888870","chr23","74034676","74034971","30","98853907"
"chr5","172894615","172894927","chr23","74038763","74039074","19","98855852"
"chr5","172895537","172895836","chr23","74039695","74039999","23","98855842"
"chr5","172920502","172920797","chrX","38341389","38341678","37","134579113"
"chr5","172943288","172943594","chr23","74083196","74083504","26","98860092"
"chr5","172956018","172956317","chr2","89856106","89856409","28","83099912"
"chr5","172962096","172962404","chr22","16974195","16974505","32","155987901"
"chr5","172971342","172971638","chr14","23229661","23229960","34","149741681"
"chr5","172982210","172982505","chr11","96978397","96978692","22","76003813"
"chr5","172997122","172997428","chr23","74135224","74135532","31","98861898"
"chr5","172998243","172998533","chr23","74136329","74136622","24","98861914"
"chr5","173034796","173035069","chr5","46468269","46468548","53","126566527"
"chr5","173050833","173051132","chr20","89155172","89155473","33","83895661"
"chr5","173055487","173055766","chr23","74191275","74191553","22","98864212"
"chr5","173062284","173062584","chr12","72863198","72863495","37","100199086"
"chr5","173068346","173068451","chr21","1342533","1342650","35","171725813"
"chr5","173081415","173081715","chr11","118910440","118910739","28","54170975"
"chr5","173119219","173119525","chr23","74251991","74252284","37","98867228"
"chr5","173135562","173135863","chr23","74269395","74269690","29","98866167"
"chr5","173142027","173142329","chr23","74278032","74278325","28","98863995"
"chr5","173142948","173143263","chr9","15085335","15085658","54","158057613"
"chr5","173146967","173147269","chr11","47789740","47790038","36","125357227"
"chr5","173153487","173153793","chr19","20568816","20569115","32","152584671"
"chr5","173176079","173176345","chr20","101664766","101665036","32","71511313"
"chr5","173179755","173180066","chr5","56215675","56215986","45","116964080"
"chr5","173198411","173198703","chr1","116091335","116091629","35","57107076"
"chr5","173199705","173199964","chr23","74336528","74336781","26","98863177"
"chr5","173212861","173213155","chr23","74360782","74361079","29","98852079"
"chr5","173231106","173231415","chr23","74378507","74378814","29","98852599"
"chr5","173235575","173235887","chr9","117230098","117230400","46","56005477"
"chr5","173244392","173244567","chr23","48728978","48729145","30","124515414"
"chr5","173279462","173279753","chr20","92278612","92278904","34","81000850"
"chr5","173299853","173300161","chr23","74443676","74443986","28","98856177"
"chr5","173310560","173310862","chr23","74455544","74455849","29","98855016"
"chr5","173331586","173331890","chr1","67026506","67026811","27","106305080"
"chr5","173332505","173332802","chr20","3467120","3467419","32","169865385"
"chr5","173333197","173333502","chr23","74478196","74478495","39","98855001"
"chr5","173345640","173345935","chr28","3665261","3665551","34","169680379"
"chr5","173352461","173352756","chrX","38743689","38743987","32","134608772"
"chr5","173363283","173363584","chr1","92728943","92729240","37","80634340"
"chr5","173364074","173364374","chr23","74510085","74510390","25","98853989"
"chr5","173394805","173395115","chr23","74539796","74540108","20","98855009"
"chr5","173395756","173396053","chr21","96671427","96671726","36","76724329"
"chr5","173412216","173412547","chr14","82458719","82459050","44","90953497"
"chr5","173450848","173451155","chr23","74590179","74590475","23","98860669"
"chr5","173451873","173452189","chr12","106749153","106749457","54","66702720"
"chr5","173478249","173478544","chr23","74616245","74616544","38","98862004"
"chr5","173483971","173484267","chr29","4391784","4392082","34","169092187"
"chr5","173488100","173488401","chr21","117198562","117198855","37","56289538"
"chr5","173496740","173496977","chr6","38726815","38727053","33","134769925"
"chr5","173497898","173498193","chr16","72898778","72899078","37","100599120"
"chr5","173505714","173506011","chr23","74643854","74644159","32","98861860"
"chr5","173516853","173517169","chr23","74657447","74657764","30","98859406"
"chr5","173530347","173530649","chr23","74670882","74671191","30","98859465"
"chr5","173555117","173555431","chr2","12066207","12066515","41","161488910"
"chr5","173585093","173585446","chr23","74723767","74724120","36","98861326"
"chr5","173627342","173627641","chr23","74765228","74765539","39","98862114"
"chr5","173639927","173640236","chr19","20345183","20345490","43","153294744"
"chr5","173643736","173644036","chr23","74782820","74783131","29","98860916"
"chr5","173650838","173651118","chr26","38043531","38043810","34","135607307"
"chr5","173657364","173657664","chr23","74795999","74796297","23","98861365"
"chr5","173661492","173661790","chr27","40567204","40567501","44","133094288"
"chr5","173665060","173665368","chr23","74803664","74803960","35","98861396"
"chr5","173674890","173675183","chr6","50066742","50067036","33","123608148"
"chr5","173686687","173686985","chr9","51469130","51469430","40","122217557"
"chr5","173689529","173689831","chr1","6871378","6871678","29","166818151"
"chr5","173700970","173701273","chr16","56895771","56896068","36","116805199"
"chr5","173701998","173702281","chr23","74838474","74838745","35","98863524"
"chr5","173725324","173725617","chr23","74862335","74862636","33","98862989"
"chr5","173729403","173729722","chr9","87486235","87486545","40","86243168"
"chr5","173762939","173763240","chr11","47789740","47790038","39","125973199"
"chr5","173785695","173785999","chr11","1437245","1437551","42","172348450"
"chr5","173786039","173786339","chr23","74921068","74921366","28","98864971"
"chr5","173790305","173790607","chr23","74925268","74925571","25","98865037"
"chr5","173806790","173807096","chr23","74940721","74941028","32","98866069"
"chr5","173809782","173810083","chr23","74944043","74944344","28","98865739"
"chr5","173810798","173811107","chr23","74945686","74946006","31","98865112"
"chr5","173893645","173893954","chr29","8589116","8589420","34","165304529"
"chr5","173909015","173909278","chr17","61004609","61004856","46","112904406"
"chr5","173920445","173920738","chr23","75058786","75059089","30","98861659"
"chr5","173925438","173925728","chr23","75063651","75063952","30","98861787"
"chr5","173926524","173926834","chr16","45162094","45162404","37","128764430"
"chr5","173942849","173943160","chr23","75079792","75080093","36","98863057"
"chr5","173944043","173944348","chr23","75080930","75081239","35","98863113"
"chr5","173954871","173955180","chr16","70267268","70267576","38","103687603"
"chr5","173957511","173957763","chr17","61004609","61004856","28","112952902"
"chr5","173961884","173962190","chr3","390926","391232","30","173570958"
"chr5","173967139","173967425","chr12","41746033","41746317","44","132221106"
"chr5","173967880","173968191","chr5","26410686","26410992","37","147557194"
"chr5","173975075","173975384","chr23","75113268","75113577","21","98861807"
"chr5","173982545","173982857","chr23","75121731","75122042","24","98860814"
"chr5","174010887","174011200","chr2","58886950","58887261","47","115123937"
"chr5","174017054","174017353","chr12","26084664","26084963","35","147932390"
"chr5","174044017","174044338","chr23","75172804","75173115","48","98871213"
"chr5","174096464","174096760","chr23","75227979","75228281","32","98868485"
"chr5","174109195","174109494","chr23","75238126","75238426","32","98871069"
"chr5","174119387","174119655","chr15","2364050","2364323","44","171755337"
"chr5","174129839","174130132","chr23","75265394","75265687","24","98864445"
"chr5","174133051","174133352","chr23","75268520","75268821","34","98864531"
"chr5","174154008","174154311","chr10","93621317","93621620","42","80532691"
"chr5","174157585","174157889","chr23","75291908","75292204","27","98865677"
"chr5","174158403","174158663","chr23","75292880","75293127","31","98865523"
"chr5","174187345","174187642","chr9","13356228","13356528","40","160831117"
"chr5","174219045","174219351","chr10","88760771","88761072","32","85458274"
"chr5","174230185","174230485","chr23","75358591","75358886","29","98871594"
"chr5","174247039","174247321","chr2","78499534","78499821","36","95747505"
"chr5","174300476","174300783","chr8","10801167","10801476","36","163499309"
"chr5","174306546","174306848","chr23","75431861","75432169","35","98874685"
"chr5","174330407","174330706","chr12","260610","260910","32","174069797"
"chr5","174413907","174414206","chr23","75534537","75534835","20","98879370"
"chr5","174512541","174512853","chr23","75632309","75632631","31","98880232"
"chr5","174562393","174562693","chr1","32350047","32350343","32","142212346"
"chr5","174579098","174579381","chr23","75700940","75701224","30","98878158"
"chr5","174636559","174636853","chr23","75756710","75757009","30","98879849"
"chr5","174683550","174683836","chr11","118126752","118127036","39","56556798"
"chr5","174693351","174693651","chr16","2349240","2349537","38","172344111"
"chr5","174890531","174890814","chr23","76006081","76006355","40","98884450"
"chr5","174898308","174898606","chr28","19188684","19188984","35","155709624"
"chr5","174905593","174905899","chr6","4927385","4927686","43","169978208"
"chr5","174929783","174930086","chr23","76045086","76045384","25","98884697"
"chr5","174945158","174945452","chr23","76060359","76060661","32","98884799"
"chr5","174948624","174948920","chr1","92470778","92471071","33","82477846"
"chr5","174962280","174962582","chr23","76077254","76077558","30","98885026"
"chr5","174972429","174972765","chr5","59743438","59743749","59","115228991"
"chr5","175015212","175015502","chr23","76128104","76128402","27","98887108"
"chr5","175028082","175028396","chr19","2266898","2267209","45","172761184"
"chr5","175077552","175077862","chr23","76189152","76189457","29","98888400"
"chr5","175138162","175138461","chr27","45720304","45720601","41","129417858"
"chr5","175139341","175139678","chr23","76249212","76249531","43","98890129"
"chr5","175164153","175164446","chr6","32999434","32999729","36","142164719"
"chr5","175230696","175231005","chr23","76329881","76330192","37","98900815"
"chr5","175278709","175279019","chr23","76384954","76385268","27","98893755"
"chr5","175293733","175293989","chr15","77345423","77345670","31","97948310"
"chr5","175373507","175373812","chr23","76480722","76481032","27","98892785"
"chr5","175416002","175416288","chr1","55076876","55077172","41","120339126"
"chr5","175442329","175442484","chr17","52299877","52300031","26","123142452"
"chr5","175449692","175450004","chr14","5352895","5353203","43","170096797"
"chr5","175476121","175476437","chr23","76584585","76584887","41","98891536"
"chr5","175504649","175504957","chr23","76613203","76613512","26","98891446"
"chr5","175510872","175511167","chr23","76618882","76619176","37","98891990"
"chr5","175520905","175521179","chr25","24284764","24285041","36","151236141"
"chr5","175521916","175522231","chr5","59743438","59743749","36","115778478"
"chr5","175554739","175555031","chr22","17882359","17882655","34","157672380"
"chr5","175567053","175567355","chr20","12243757","12244053","39","163323296"
"chr5","175596057","175596373","chr23","76697923","76698234","37","98898134"
"chr5","175599151","175599453","chr23","76700989","76701289","38","98898162"
"chr5","175623886","175624067","chr12","13337067","13337241","21","162286819"
"chr5","175625873","175626182","chr8","10801167","10801476","37","164824706"
"chr5","175630395","175630682","chr10","88097750","88098024","40","87532645"
"chr5","175637669","175637968","chr19","11625929","11626227","29","164011740"
"chr5","175658869","175659153","chr20","100464623","100464907","38","75194246"
"chr5","175667566","175667865","chr23","76766793","76767071","37","98900773"
"chr5","175684747","175685042","chr23","76782243","76782540","35","98902504"
"chr5","175701347","175701658","chr23","76798440","76798750","31","98902907"
"chr5","175716612","175716914","chr23","76814071","76814377","24","98902541"
"chr5","175728578","175728868","chr23","76825882","76826178","33","98902696"
"chr5","175737316","175737597","chr28","1820679","1820962","40","173916637"
"chr5","175765940","175766239","chr23","76860175","76860483","36","98905765"
"chr5","175813910","175814189","chr16","2679156","2679431","38","173134754"
"chr5","175814936","175815236","chr23","76905252","76905552","27","98909684"
"chr5","175815441","175815729","chr23","76905754","76906051","33","98909687"
"chr5","175925346","175925423","chr19","21716674","21716744","16","154208672"
"chr5","175925925","175926166","chr24","49563481","49563719","33","126362444"
"chr5","175968366","175968675","chr23","77067617","77067927","36","98900749"
"chr5","175969793","175970093","chr8","64319608","64319908","29","111650185"
"chr5","176022710","176023010","chr18","9394497","9394796","26","166628213"
"chr5","176074313","176074620","chr23","77177534","77177840","34","98896779"
"chr5","176125544","176125842","chr1","7161045","7161340","34","168964499"
"chr5","176135003","176135289","chr7","94326517","94326814","38","81808486"
"chr5","176142918","176143226","chr23","77237634","77237944","29","98905284"
"chr5","176248950","176249264","chr23","77332096","77332406","27","98916854"
"chr5","176258805","176259098","chr14","12581295","12581593","33","163677510"
"chr5","176327845","176328168","chr14","818563","818879","41","175509282"
"chr5","176440410","176440723","chr6","37248214","37248526","36","139192196"
"chr5","176500318","176500613","chr23","77577598","77577889","45","98922720"
"chr5","176516302","176516596","chr6","1529371","1529661","38","174986931"
"chr5","176568992","176569284","chr23","77643849","77644138","34","98925143"
"chr5","176618421","176618718","chr23","77691986","77692276","31","98926435"
"chr5","176639484","176639652","chr26","20561787","20561947","25","156077697"
"chr5","176663938","176664232","chr24","67839479","67839776","50","108824459"
"chr5","176668966","176669270","chr8","7114217","7114516","37","169554749"
"chr5","176675050","176675337","chr7","37298478","37298772","34","139376572"
"chr5","176678158","176678442","chr7","111567460","111567746","32","65110698"
"chr5","176693472","176693773","chr9","34915186","34915485","35","141778286"
"chr5","176712846","176713150","chr1","66050440","66050743","33","110662406"
"chr5","176754755","176755060","chr23","77824061","77824373","35","98930694"
"chr5","176800047","176800355","chr23","77869617","77869928","27","98930430"
"chr5","176878086","176878394","chr20","7785906","7786210","38","169092180"
"chr5","176888926","176889238","chr6","15813882","15814194","42","161075044"
"chr5","177001433","177001707","chr9","61760336","61760602","40","115241097"
"chr5","177009222","177009507","chr20","44722798","44723082","35","132286424"
"chr5","177010785","177011081","chr23","78072839","78073141","28","98937946"
"chr5","177022994","177023277","chr12","87457694","87457977","40","89565300"
"chr5","177061834","177062126","chr7","14303673","14303958","36","162758161"
"chr5","177066761","177067064","chr5","72944814","72945114","38","104121947"
"chr5","177067680","177067979","chr9","92975358","92975660","36","84092322"
"chr5","177085942","177086243","chr6","1149751","1150046","36","175936191"
"chr5","177087790","177087924","chr4","51318689","51318828","30","125769101"
"chr5","177088117","177088418","chr6","7942419","7942718","32","169145698"
"chr5","177100475","177100696","chr20","124415167","124415386","32","52685308"
"chr5","177115435","177115613","chr23","78199371","78199556","23","98916064"
"chr5","177142733","177142911","chr12","3641499","3641677","41","173501234"
"chr5","177158507","177158685","chr12","3641499","3641677","40","173517008"
"chr5","177195932","177196130","chr17","38823537","38823742","42","138372395"
"chr5","177275139","177275423","chr8","19528824","19529107","33","157746315"
"chr5","177301845","177302133","chr23","78254235","78254521","20","99047610"
"chr5","177322475","177322737","chr23","78270427","78270686","18","99052048"
"chr5","177334641","177334926","chr23","78288476","78288769","21","99046165"
"chr5","177355651","177355952","chr16","2349240","2349537","38","175006411"
"chr5","177372627","177372925","chr23","78314779","78315073","25","99057848"
"chr5","177391729","177391927","chr7","15845768","15845962","32","161545961"
"chr5","177392012","177392202","chr6","7342134","7342326","72","170049878"
"chr5","177392484","177392751","chr11","115789930","115790196","33","61602554"
"chr5","177392823","177393123","chr27","40567204","40567501","35","136825619"
"chr5","177395694","177395899","chr7","15845768","15845962","42","161549926"
"chr5","177401580","177401879","chr23","78340269","78340563","31","99061311"
"chr5","177407888","177408191","chr26","18344490","18344794","36","159063398"
"chr5","177419110","177419398","chr23","78359833","78360125","36","99059277"
"chr5","177421585","177421886","chr23","78361613","78361914","24","99059972"
"chr5","177424064","177424333","chr11","60024170","60024439","47","117399894"
"chr5","177428038","177428332","chr23","78371124","78371423","33","99056914"
"chr5","177462485","177462790","chr23","78403879","78404184","36","99058606"
"chr5","177463510","177463815","chr8","10801167","10801476","29","166662343"
"chr5","177467782","177468069","chr23","78411493","78411796","34","99056289"
"chr5","177490569","177490872","chr14","37509080","37509375","37","139981489"
"chr5","177495663","177495955","chr1","9967077","9967375","38","167528586"
"chr5","177503225","177503497","chr25","19735871","19736145","37","157767354"
"chr5","177505764","177506047","chr23","78446934","78447234","42","99058830"
"chr5","177516911","177517211","chr11","120526163","120526460","34","56990748"
"chr5","177520310","177520541","chr9","61704066","61704306","39","115816244"
"chr5","177527524","177527822","chr23","73635095","73635391","40","103892429"
"chr5","177528639","177528925","chr6","47863392","47863685","43","129665247"
"chr5","177547740","177548028","chr23","78490101","78490403","40","99057639"
"chr5","177553774","177554075","chr23","78495593","78495898","21","99058181"
"chr5","177567693","177567990","chr12","39025810","39026105","40","138541883"
"chr5","177584887","177585162","chr26","41832764","41833038","25","135752123"
"chr5","177586823","177587123","chr12","63962265","63962564","29","113624558"
"chr5","177601898","177602106","chr10","52993822","52994027","34","124608076"
"chr5","177634273","177634575","chr23","78569221","78569519","20","99065052"
"chr5","177635397","177635695","chr11","96978397","96978692","32","80657000"
"chr5","177644949","177645251","chr26","43663051","43663349","40","133981898"
"chr5","177727447","177727773","chr1","77129298","77129607","51","100598149"
"chr5","177736531","177736836","chr1","46667200","46667505","45","131069331"
"chr5","177767762","177768073","chr26","18344490","18344794","37","159423272"
"chr5","177812383","177812746","chr23","78755715","78756070","33","99056668"
"chr5","177842224","177842528","chr23","78786362","78786662","33","99055862"
"chr5","177857380","177857411","chr16","46093289","46093325","12","131764091"
"chr5","177857424","177857657","chr10","59820509","59820750","48","118036915"
"chr5","177905360","177905573","chr11","124263168","124263380","41","53642192"
"chr5","177976589","177976893","chr28","19188684","19188984","32","158787905"
"chr5","177988238","177988538","chr10","8456154","8456454","32","169532084"
"chr5","178014894","178015147","chr9","7331539","7331805","41","170683355"
"chr5","178031939","178032245","chr17","1769259","1769563","33","176262680"
"chr5","178035967","178036270","chr20","89155172","89155473","34","88880795"
"chr5","178036429","178036723","chr11","52407170","52407465","30","125629259"
"chr5","178041136","178041445","chr15","3904633","3904938","40","174136503"
"chr5","178076699","178077008","chr8","10801167","10801476","48","167275532"
"chr5","178081670","178081979","chr8","10801167","10801476","39","167280503"
"chr5","178085325","178085627","chr23","79024770","79025069","27","99060555"
"chr5","178089864","178090165","chr23","79028937","79029239","21","99060927"
"chr5","178092728","178093017","chrX","22428011","22428306","35","155664717"
"chr5","178107493","178107791","chr23","79048523","79048825","19","99058970"
"chr5","178115044","178115341","chr23","79055720","79056006","39","99059324"
"chr5","178122716","178123020","chrX","23730377","23730681","35","154392339"
"chr5","178136977","178137281","chr10","88760771","88761072","33","89376206"
"chr5","178142942","178143247","chrX","22837588","22837894","43","155305354"
"chr5","178144582","178144886","chr13","45171921","45172226","34","132972661"
"chr5","178145687","178145985","chr7","94326517","94326814","29","83819170"
"chr5","178150920","178151232","chr25","17173156","17173459","53","160977764"
"chr5","178170282","178170579","chr23","79109560","79109851","33","99060722"
"chr5","178179024","178179331","chr20","12719001","12719305","37","165460023"
"chr5","178209941","178210238","chr23","79148388","79148680","29","99061553"
"chr5","178210438","178210743","chr23","79148880","79149185","12","99061558"
"chr5","178219623","178219932","chr23","79156799","79157103","42","99062824"
"chr5","178220600","178220783","chr7","15845768","15845962","42","162374832"
"chr5","178224327","178224636","chr23","79162908","79163216","35","99061419"
"chr5","178225309","178225648","chr23","79163607","79163935","45","99061702"
"chr5","178228799","178229107","chr23","79166749","79167060","27","99062050"
"chr5","178229533","178229687","chr23","79168987","79169141","9","99060546"
"chr5","178234619","178234892","chr20","110504200","110504473","35","67730419"
"chr5","178244645","178244957","chr23","79176159","79176467","26","99068486"
"chr5","178246693","178246884","chr7","15845768","15845962","36","162400925"
"chr5","178248274","178248465","chr28","14904294","14904488","41","163343980"
"chr5","178255382","178255687","chr23","79187756","79188059","33","99067626"
"chr5","178263907","178264197","chr15","57594128","57594422","42","120669779"
"chr5","178281084","178281352","chr23","79217697","79217954","38","99063387"
"chr5","178281605","178281917","chr2","14523205","14523513","36","163758400"
"chr5","178296222","178296516","chr6","17650071","17650364","39","160646151"
"chr5","178307341","178307646","chr23","79242598","79242901","30","99064743"
"chr5","178328038","178328316","chr23","79262886","79263165","28","99065152"
"chr5","178328573","178328852","chrX","35324221","35324497","52","143004352"
"chr5","178331890","178332182","chr23","79266607","79266905","20","99065283"
"chr5","178333369","178333674","chr2","35403678","35403983","37","142929691"
"chr5","178334107","178334398","chr23","79268830","79269128","42","99065277"
"chr5","178335620","178335819","chr23","41306689","41306886","34","137028931"
"chr5","178348600","178348848","chr4","65550778","65551023","39","112797822"
"chr5","178357652","178357952","chr23","79292600","79292899","31","99065052"
"chr5","178360604","178360860","chr23","79295204","79295472","28","99065400"
"chr5","178362058","178362364","chr23","79296672","79296982","30","99065386"
"chr5","178365092","178365257","chrX","121489133","121489298","27","56875959"
"chr5","178365552","178365668","chr5","5966491","5966602","13","172399061"
"chr5","178383675","178383979","chr3","19213986","19214293","38","159169689"
"chr5","178389041","178389340","chr23","79323798","79324089","25","99065243"
"chr5","178420297","178420493","chr7","15845768","15845962","30","162574529"
"chr5","178421044","178421095","chr16","64329830","64329881","14","114091214"
"chr5","178421915","178422229","chr10","120013","120319","38","178301902"
"chr5","178429039","178429350","chr15","19539191","19539501","44","158889848"
"chr5","178453610","178453945","chr23","79389178","79389521","27","99064432"
"chr5","178495355","178495666","chr3","30508817","30509125","38","147986538"
"chr5","178496616","178496905","chr6","46654588","46654877","42","131842028"
"chr5","178513867","178514178","chr16","8476344","8476649","35","170037523"
"chr5","178542076","178542286","chr11","124263168","124263380","28","54278908"
"chr5","178556011","178556304","chr23","79490031","79490327","23","99065980"
"chr5","178566628","178566926","chr8","7114217","7114516","33","171452411"
"chr5","178585006","178585096","chr11","124263693","124263774","29","54321313"
"chr5","178585397","178585613","chr11","124263168","124263380","37","54322229"
"chr5","178601395","178601696","chr4","13836335","13836622","45","164765060"
"chr5","178623742","178624038","chr16","652826","653121","35","177970916"
"chr5","178642232","178642526","chr7","38806411","38806706","31","139835821"
"chr5","178645493","178645801","chr17","1769259","1769563","33","176876234"
"chr5","178653406","178653713","chr23","79587852","79588161","24","99065554"
"chr5","178662604","178662916","chr13","45171921","45172226","42","133490683"
"chr5","178673221","178673529","chr18","17039455","17039764","36","161633766"
"chr5","178716519","178716816","chr12","8362268","8362558","39","170354251"
"chr5","178728957","178729242","chr23","78288476","78288769","24","100440481"
"chr5","178747233","178747496","chr23","78270427","78270686","20","100476806"
"chr5","178763594","178763884","chr23","78254235","78254521","29","100509359"
"chr5","179075964","179076260","chr6","1149751","1150046","37","177926213"
"chr5","179081865","179082163","chr5","22530212","22530512","34","156551653"
"chr5","179092647","179092958","chr23","74217020","74217331","36","104875627"
"chr5","179133013","179133191","chr14","21702881","21703060","40","157430132"
"chr5","179171456","179171681","chr23","79752874","79753110","26","99418582"
"chr5","179173586","179173887","chr26","20044834","20045131","44","159128752"
"chr5","179177668","179177963","chr10","117583448","117583742","34","61594220"
"chr5","179178561","179178855","chr22","18851506","18851803","32","160327055"
"chr5","179199972","179200250","chr23","79790375","79790653","22","99409597"
"chr5","179200752","179201040","chr7","111567460","111567746","37","67633292"
"chr5","179230688","179231007","chr2","60500472","60500783","43","118730216"
"chr5","179232616","179232928","chr14","1330899","1331208","44","177901717"
"chr5","179235125","179235426","chr5","18134645","18134936","36","161100480"
"chr5","179241952","179242185","chr23","79831752","79831995","30","99410200"
"chr5","179259608","179259894","chr23","79849767","79850048","36","99409841"
"chr5","179270908","179271217","chr1","78238708","78239012","36","101032200"
"chr5","179278259","179278570","chr11","52638776","52639087","34","126639483"
"chr5","179283117","179283403","chr23","79872881","79873171","26","99410236"
"chr5","179284704","179285005","chr23","79862624","79862928","24","99422080"
"chr5","179285049","179285347","chr20","109477150","109477446","37","69807899"
"chr5","179290817","179291128","chr23","79874130","79874453","40","99416687"
"chr5","179297733","179298044","chr11","4422956","4423267","30","174874777"
"chr5","179306093","179306402","chr23","79888350","79888659","33","99417743"
"chr5","179339768","179340053","chr2","18768386","18768675","39","160571382"
"chr5","179342790","179343086","chr23","79922369","79922669","35","99420421"
"chr5","179377983","179378282","chr23","79952138","79952438","32","99425845"
"chr5","179410494","179410797","chr23","79983241","79983545","26","99427253"
"chr5","179417560","179417856","chr23","79990056","79990357","29","99427504"
"chr5","179440423","179440729","chr1","4114686","4114997","40","175325737"
"chr5","179468120","179468456","chr6","30727546","30727879","53","148740574"
"chr5","179495449","179495754","chr12","6938340","6938644","37","172557109"
"chr5","179497739","179497988","chrX","16837826","16838070","31","162659913"
"chr5","179520838","179521125","chr23","80091892","80092178","25","99428946"
"chr5","179564128","179564439","chr1","57381049","57381356","39","122183079"
"chr5","179572035","179572332","chr23","80144664","80144961","27","99427371"
"chr5","179577863","179578167","chr23","80151012","80151322","28","99426851"
"chr5","179613083","179613371","chr5","18721938","18722228","31","160891145"
"chr5","179623036","179623331","chr13","85219103","85219406","41","94403933"
"chr5","179683376","179683543","chr24","81715306","81715471","24","97968070"
"chr5","179692429","179692736","chr23","80258842","80259150","28","99433587"
"chr5","179695233","179695533","chr23","80261680","80261980","30","99433553"
"chr5","179721421","179721733","chrX","46241325","46241636","34","133480096"
"chr5","179723967","179724263","chr9","112420914","112421211","29","67303053"
"chr5","179731796","179732098","chr24","81534444","81534741","29","98197352"
"chr5","179737505","179737802","chr20","44574120","44574420","46","135163385"
"chr5","179778530","179778830","chr15","52290986","52291285","31","127487544"
"chr5","179783177","179783486","chr11","4422956","4423267","35","175360221"
"chr5","179795908","179796209","chr8","7114217","7114516","37","172681691"
"chr5","179805144","179805424","chr23","80371720","80372011","32","99433424"
"chr5","179814786","179815085","chr23","80386770","80387075","30","99428016"
"chr5","179835050","179835335","chr14","14541681","14541973","29","165293369"
"chr5","179838006","179838329","chr7","85378550","85378870","46","94459456"
"chr5","179850376","179850677","chr23","80424035","80424325","27","99426341"
"chr5","179864275","179864573","chr23","30163304","30163600","28","149700971"
"chr5","179865353","179865648","chr4","69040480","69040776","38","110824873"
"chr5","179872757","179873053","chr25","22944452","22944767","51","156928305"
"chr5","179882636","179882932","chr16","70416779","70417071","32","109465857"
"chr5","179919446","179919736","chr23","80528196","80528493","36","99391250"
"chr5","179925922","179926134","chr11","124263168","124263380","30","55662754"
"chr5","179931584","179931878","chr23","80556449","80556744","27","99375135"
"chr5","179988546","179988826","chr16","7639206","7639488","40","172349340"
"chr5","179989135","179989425","chr24","81534444","81534741","37","98454691"
"chr5","179991748","179992052","chr11","128341401","128341698","42","51650347"
"chr5","180012766","180013066","chr8","119975330","119975634","37","60037436"
"chr5","180014986","180015284","chr1","46403635","46403935","40","133611351"
"chr5","180028231","180028509","chr8","63134676","63134951","50","116893555"
"chr5","180033575","180033868","chr23","80651957","80652245","23","99381618"
"chr5","180064228","180064536","chr23","80683892","80684202","20","99380336"
"chr5","180076446","180076750","chr23","80695455","80695749","30","99380991"
"chr5","180083640","180083953","chr23","80702480","80702774","33","99381160"
"chr5","180114883","180115193","chr9","119963544","119963848","31","60151339"
"chr5","180116068","180116369","chr21","112264342","112264643","38","67851726"
"chr5","180121525","180121830","chr16","4654754","4655057","34","175466771"
"chr5","180213308","180213600","chr11","120526163","120526460","43","59687145"
"chr5","180228855","180229161","chr23","80841539","80841843","35","99387316"
"chr5","180237945","180238258","chr13","14109277","14109590","36","166128668"
"chr5","180262835","180263126","chr15","90536879","90537170","30","89725956"
"chr5","180265984","180266301","chr6","15813882","15814194","35","164452102"
"chr5","180272330","180272637","chr23","57237238","57237541","43","123035092"
"chr5","180288613","180288907","chr20","98057423","98057710","39","82231190"
"chr5","180303010","180303319","chr1","7019855","7020163","38","173283155"
"chr5","180313038","180313345","chr28","8304757","8305066","35","172008281"
"chr5","180358329","180358634","chr23","80967308","80967620","43","99391021"
"chr5","180362628","180362914","chr11","49523007","49523297","34","130839621"
"chr5","180421083","180421391","chrUn_KE147547v1","12310","12615","39","180408773"
"chr5","180461149","180461460","chr23","81061439","81061743","33","99399710"
"chr5","180526532","180526768","chr9","61704066","61704306","41","118822466"
"chr5","180536834","180537070","chr9","61704066","61704306","39","118832768"
"chr5","180629394","180629696","chr5","4276906","4277207","31","176352488"
"chr5","180660158","180660456","chr1","19807009","19807308","37","160853149"
"chr5","180664174","180664419","chr9","61704066","61704306","43","118960108"
"chr5","180676185","180676496","chr20","108773562","108773873","33","71902623"
"chr5","180681442","180681738","chr23","81258993","81259291","27","99422449"
"chr5","180681798","180682079","chr16","10052529","10052819","45","170629269"
"chr5","180683589","180683887","chr2","24964078","24964383","52","155719511"
"chr5","180690905","180691197","chr14","59678780","59679066","37","121012125"
"chr5","180705383","180705676","chrX","128228462","128228750","41","52476921"
"chr5","180714559","180714865","chr10","78118433","78118740","27","102596126"
"chr5","180715995","180716303","chr6","786444","786745","38","179929551"
"chr5","180720937","180721223","chr16","72650947","72651238","36","108069990"
"chr5","180738989","180739302","chr8","10801167","10801476","35","169937822"
"chr5","180742523","180742829","chr23","81321540","81321849","27","99420983"
"chr5","180751590","180751869","chr23","80055082","80055363","58","100696508"
"chr5","180766095","180766374","chr23","81345064","81345347","33","99421031"
"chr5","180808997","180809305","chr9","84121231","84121542","36","96687766"
"chr5","180813225","180813523","chr21","3005580","3005882","37","177807645"
"chr5","180814294","180814593","chr23","81401491","81401768","33","99412803"
"chr5","180821237","180821532","chr15","64630867","64631162","34","116190370"
"chr5","180827304","180827609","chr12","49285272","49285578","73","131542032"
"chr5","180829345","180829647","chr23","81412262","81412569","28","99417083"
"chr5","180835637","180835917","chr23","81421387","81421664","22","99414250"
"chr5","180839712","180840007","chr14","9384227","9384530","42","171455485"
"chr5","180842530","180842832","chr23","81428618","81428918","26","99413912"
"chr5","180849745","180850043","chr5","21152034","21152335","32","159697711"
"chr5","180850056","180850353","chr23","81435733","81436016","41","99414323"
"chr5","180874653","180874962","chr23","81458918","81459223","34","99415735"
"chr5","180883881","180884178","chr23","81468815","81469107","23","99415066"
"chr5","180885759","180886047","chr14","59678780","59679066","36","121206979"
"chr5","180893169","180893470","chr2","39131303","39131606","29","141761866"
"chr5","180926224","180926525","chr10","88760771","88761072","33","92165453"
"chr5","180933762","180934051","chr4","30957943","30958236","45","149975819"
"chr5","180953372","180953602","chr24","26821643","26821870","33","154131729"
"chr5","180964147","180964451","chr14","46007317","46007617","36","134956830"
"chr5","180973155","180973456","chr7","87488219","87488517","36","93484936"
"chr5","181001465","181001624","chr17","1773964","1774109","28","179227501"
"chr5","181007505","181007771","chr23","81591584","81591844","21","99415921"
"chr5","181032831","181033129","chr23","81618126","81618419","35","99414705"
"chr5","181056462","181056757","chr23","81636211","81636511","31","99420251"
"chr5","181073430","181073726","chr23","81652893","81653195","41","99420537"
"chr5","181075273","181075586","chr23","81654873","81655187","29","99420400"
"chr5","181089138","181089454","chr12","6416137","6416466","49","174673001"
"chr5","181097350","181097661","chr27","24858553","24858850","38","156238797"
"chr5","181106099","181106406","chr23","81684965","81685272","23","99421134"
"chr5","181117034","181117343","chr23","81704135","81704446","32","99412899"
"chr5","181148590","181148893","chr2","20225176","20225485","45","160923414"
"chr5","181154561","181154848","chr6","43598093","43598381","36","137556468"
"chr5","181167680","181167990","chrX","44809149","44809458","36","136358531"
"chr5","181189987","181190256","chr23","81763197","81763459","33","99426790"
"chr5","181195815","181196108","chr17","37904522","37904815","33","143291293"
"chr5","181207166","181207469","chr21","98760851","98761148","41","82446315"
"chr5","181238629","181238948","chr25","73296177","73296486","39","107942452"
"chr5","181318886","181319103","chr3","76508247","76508462","41","104810639"
"chr5","181372012","181372312","chr23","81934510","81934806","22","99437502"
"chr5","181380443","181380755","chr6","39078743","39079054","47","142301700"
"chr5","181435000","181435309","chr6","19000365","19000666","34","162434635"
"chr5","181470673","181470963","chr23","82027042","82027351","42","99443631"
"chr5","181490055","181490352","chr15","64630867","64631162","31","116859188"
"chr5","181492812","181493130","chrX","63446464","63446777","36","118046348"
"chr5","181513297","181513609","chr12","106749153","106749457","39","74764144"
"chr5","181542210","181542521","chr2","65319575","65319883","42","116222635"
"chr5","181578333","181578643","chr11","2853447","2853759","39","178724886"
"chr5","181595266","181595567","chr23","82146132","82146430","34","99449134"
"chr5","181596078","181596387","chrUn_KE147541v1","114130","114436","31","181481948"
"chr5","181605146","181605304","chr4","42236418","42236581","24","139368728"
"chr5","181605634","181605943","chr25","64215175","64215485","37","117390459"
"chr5","181609032","181609313","chr2","19372681","19372965","42","162236351"
"chr5","181636627","181636924","chr23","82181273","82181570","22","99455354"
"chr5","181656446","181656730","chr23","82197353","82197657","38","99459093"
"chr5","181665102","181665385","chr5","26464915","26465208","39","155200187"
"chr5","181667788","181668032","chrX","834661","834912","40","180833127"
"chr5","181682093","181682379","chr17","1665366","1665649","44","180016727"
"chr5","181694039","181694330","chr12","2749119","2749414","36","178944920"
"chr5","181704048","181704349","chr10","9067815","9068117","49","172636233"
"chr5","181732205","181732477","chr23","37030723","37030999","36","144701482"
"chr5","181739594","181739892","chr23","82278927","82279225","35","99460667"
"chr5","181744563","181744847","chr11","113483991","113484279","40","68260572"
"chr5","181851773","181852073","chr2","39403345","39403644","44","142448428"
"chr5","181852942","181853256","chr15","41105242","41105554","39","140747700"
"chr5","181861611","181861838","chr11","124263168","124263380","45","57598443"
"chr5","181872652","181872963","chr14","105114118","105114427","49","76758534"
"chr5","181904840","181905126","chr12","8205568","8205855","35","173699272"
"chr5","181910829","181911086","chr9","44980829","44981096","57","136930000"
"chr5","181965858","181966160","chr14","74621883","74622177","36","107343975"
"chr5","181992872","181993164","chr23","82538565","82538861","27","99454307"
"chr5","182013512","182013815","chr18","22691463","22691762","28","159322049"
"chr5","182015381","182015686","chr18","22691463","22691762","29","159323918"
"chr5","182104710","182105003","chr17","45038260","45038559","34","137066450"
"chr5","182138101","182138406","chr23_KE148073v1_random","30449","30763","34","182107652"
"chr5","182142053","182142349","chr24","50923619","50923917","34","131218434"
"chr5","182151030","182151321","chr16","53211576","53211865","27","128939454"
"chr5","182229255","182229551","chr23_KE148080v1_random","11334","11623","38","182217921"
"chr5","182277860","182278158","chr23_KE148074v1_random","37348","37655","40","182240512"
"chr5","182336071","182336335","chr16","13065883","13066148","51","169270188"
"chr5","182362860","182363136","chr5","35513153","35513433","40","146849707"
"chr5","182378976","182379278","chr23","82789808","82790104","26","99589168"
"chr5","182381534","182381832","chr15","76322017","76322315","36","106059517"
"chr5","182391892","182392199","chr6","17665950","17666264","40","164725942"
"chr5","182395963","182396250","chr23","82804276","82804571","38","99591687"
"chr5","182397886","182398181","chrX","85012251","85012537","47","97385635"
"chr5","182425959","182426266","chr12","7117943","7118250","36","175308016"
"chr6","34602830","34603155","chr17","37914344","37914649","51","3311514"
"chr6","57671426","57671718","chr17","14726757","14727057","30","42944669"
"chr6","15073108","15073417","chr10","44028544","44028854","35","28955436"
"chr6","24641449","24641745","chr17","47834663","47834946","41","23193214"
"chr6","28835597","28835890","chr6","17650071","17650364","39","11185526"
"chr6","53739265","53739566","chr11","120823381","120823688","33","67084116"
"chr6","114687791","114688081","chr13","60262142","60262432","21","54425649"
"chr6","130547421","130547731","chr13","44340706","44341016","32","86206715"
"chr6","136052607","136052927","chr13","38723709","38724005","41","97328898"
"chr6","163053451","163053672","chr8","9142884","9143100","33","153910567"
"chr6","132269","132562","chrX","50195890","50196181","30","50063621"
"chr6","161420","161615","chr1","58122523","58122714","41","57961103"
"chr6","170790","171090","chr12","64221523","64221820","34","64050733"
"chr6","192154","192446","chr26","20177551","20177842","25","19985397"
"chr6","230348","230650","chr25","56481034","56481333","31","56250686"
"chr6","346681","346958","chr17","71759767","71760061","40","71413086"
"chr6","509401","509686","chr17","71607550","71607844","41","71098149"
"chr6","571861","571986","chr16","45753683","45753815","30","45181822"
"chr6","582536","582829","chr16","57172101","57172395","32","56589565"
"chr6","607255","607567","chr14","5476565","5476877","55","4869310"
"chr6","697128","697352","chr14","59813591","59813821","46","59116463"
"chr6","725380","725670","chr14","81822046","81822334","34","81096666"
"chr6","851137","851441","chr3","6594377","6594679","40","5743240"
"chr6","945999","946294","chr11","115937445","115937745","32","114991446"
"chr6","969019","969243","chr17","71137508","71137734","19","70168489"
"chr6","1024414","1024724","chr17","71078155","71078472","28","70053741"
"chr6","1035052","1035353","chr17","71064438","71064744","36","70029386"
"chr6","1046803","1047100","chr17","71052649","71052946","31","70005846"
"chr6","1053024","1053327","chr17","71046569","71046866","26","69993545"
"chr6","1141752","1141972","chr17","70959448","70959671","26","69817696"
"chr6","1221702","1222001","chr24","40758560","40758856","43","39536858"
"chr6","1367493","1367695","chr7","15845768","15845962","33","14478275"
"chr6","1367996","1368049","chr17","52300065","52300107","22","50932069"
"chr6","1379726","1380035","chr15","4912917","4913227","40","3533191"
"chr6","1404436","1404720","chr17","70707854","70708152","38","69303418"
"chr6","1405250","1405559","chr5","25945423","25945733","38","24540173"
"chr6","1425656","1425953","chrX","61893613","61893910","35","60467957"
"chr6","1430420","1430711","chr2","58892703","58892993","55","57462283"
"chr6","1468733","1469038","chr17","70646393","70646692","32","69177660"
"chr6","1503298","1503610","chr20","105213353","105213657","37","103710055"
"chr6","1508182","1508492","chr20","105213353","105213657","33","103705171"
"chr6","1550733","1551038","chrX_KE148108v1_random","5157110","5157414","27","3606377"
"chr6","1624060","1624342","chr18","55421631","55421905","38","53797571"
"chr6","1637733","1638043","chr17","41632944","41633246","35","39995211"
"chr6","1756077","1756306","chr6","29571079","29571306","30","27815002"
"chr6","1791882","1792185","chr17","70316770","70317070","23","68524888"
"chr6","1867536","1867839","chr10","76386540","76386847","40","74519004"
"chr6","1874572","1874875","chr11","2853447","2853759","39","978875"
"chr6","1892402","1892691","chr6","33908236","33908526","33","32015834"
"chr6","1938035","1938319","chr16","3051844","3052132","39","1113809"
"chr6","1955976","1956288","chr9","52123142","52123450","34","50167166"
"chr6","1963245","1963473","chr11","124263168","124263380","43","122299923"
"chr6","2001667","2001918","chr21","104889002","104889271","46","102887335"
"chr6","2038454","2038758","chr18","32527541","32527847","42","30489087"
"chr6","2078957","2079243","chrX","60609592","60609876","42","58530635"
"chr6","2087452","2087751","chr1","19453527","19453824","35","17366075"
"chr6","2129499","2129819","chr1","32353976","32354288","40","30224477"
"chr6","2137178","2137334","chr17","69988828","69988980","11","67851650"
"chr6","2153552","2153860","chr17","69972189","69972509","47","67818637"
"chr6","2218386","2218696","chr17","69911182","69911495","41","67692796"
"chr6","2222353","2222649","chr17","69907236","69907533","28","67684883"
"chr6","2236287","2236572","chr17","69892998","69893284","25","67656711"
"chr6","2262357","2262658","chr14","68867958","68868256","36","66605601"
"chr6","2351954","2352263","chr8","10801167","10801476","32","8449213"
"chr6","2391073","2391372","chr17","69744563","69744867","29","67353490"
"chr6","2393670","2393966","chr17","69741968","69742262","30","67348298"
"chr6","2435782","2436074","chr17","69703206","69703497","27","67267424"
"chr6","2448220","2448491","chr12","18982850","18983127","41","16534630"
"chr6","2512999","2513304","chr11","46603458","46603764","44","44090459"
"chr6","2525233","2525464","chr21","104518895","104519129","33","101993662"
"chr6","2532921","2533229","chr16","32554349","32554655","38","30021428"
"chr6","2543803","2544094","chr16","58402495","58402776","46","55858692"
"chr6","2582183","2582476","chr17","69561176","69561466","21","66978993"
"chr6","2585670","2585970","chr17","31321731","31322024","36","28736061"
"chr6","2590343","2590649","chr17","69553099","69553394","30","66962756"
"chr6","2604075","2604382","chr17","69535700","69536006","24","66931625"
"chr6","2638533","2638840","chr17","69503051","69503359","31","66864518"
"chr6","2658821","2659133","chr17","69483065","69483375","20","66824244"
"chr6","2781278","2781574","chr17","69359882","69360178","23","66578604"
"chr6","2839891","2840204","chr20","111352130","111352435","43","108512239"
"chr6","2845110","2845422","chr8","10801167","10801476","32","7956057"
"chr6","2897064","2897366","chr27","47174935","47175234","32","44277871"
"chr6","2920259","2920565","chr17","69231685","69231983","35","66311426"
"chr6","2980345","2980508","chr4","42236418","42236581","19","39256073"
"chr6","2981319","2981620","chr2","65566388","65566688","29","62585069"
"chr6","2996661","2996889","chr17","69167224","69167458","28","66170563"
"chr6","3011598","3011907","chr5","37239351","37239662","35","34227753"
"chr6","3013682","3013990","chr1","57381049","57381356","38","54367367"
"chr6","3050868","3051159","chr17","69116303","69116590","18","66065435"
"chr6","3071951","3072253","chr17","69106370","69106672","21","66034419"
"chr6","3112656","3112952","chr2","16817283","16817584","27","13704627"
"chr6","3122604","3122910","chr13","55071561","55071857","51","51948957"
"chr6","3165652","3165940","chr1","12403657","12403947","34","9238005"
"chr6","3176278","3176577","chr10","53661553","53661856","36","50485275"
"chr6","3205395","3205694","chr11","96978397","96978692","32","93773002"
"chr6","3238823","3239134","chr17","68937868","68938172","30","65699045"
"chr6","3281392","3281686","chr24","11509111","11509408","43","8227719"
"chr6","3303627","3303899","chr2","31840422","31840702","48","28536795"
"chr6","3398952","3399236","chr25","78856788","78857085","44","75457836"
"chr6","3431542","3431819","chr4","56735936","56736215","35","53304394"
"chr6","3441133","3441413","chr6","24015319","24015596","39","20574186"
"chr6","3443801","3444100","chr17","68735940","68736243","26","65292139"
"chr6","3537495","3537796","chr17","68641763","68642069","29","65104268"
"chr6","3631498","3631798","chr17","68535960","68536260","24","64904462"
"chr6","3648634","3648942","chr17","68519190","68519500","29","64870556"
"chr6","3757094","3757388","chr10","117583448","117583742","39","113826354"
"chr6","3762834","3763056","chr17","68419930","68420136","35","64657096"
"chr6","3764353","3764612","chr17","68419313","68419584","38","64654960"
"chr6","3770007","3770308","chr18","69637906","69638208","34","65867899"
"chr6","3787646","3787898","chrX","14574721","14574981","41","10787075"
"chr6","3810988","3811299","chr17","68372185","68372492","37","64561197"
"chr6","3821452","3821753","chr17","68361469","68361777","39","64540017"
"chr6","3849056","3849349","chr1","17699624","17699919","33","13850568"
"chr6","3857572","3857866","chr17","68324785","68325079","29","64467213"
"chr6","3902869","3903174","chr11","117269621","117269929","30","113366752"
"chr6","3938479","3938780","chr28","19188684","19188984","38","15250205"
"chr6","3966600","3966886","chr2","61133608","61133894","42","57167008"
"chr6","3972430","3972737","chr2","65319575","65319883","34","61347145"
"chr6","3976037","3976351","chr5","73698141","73698452","39","69722104"
"chr6","3994928","3995219","chr17","68179956","68180235","31","64185028"
"chr6","3995530","3995829","chr14","46007317","46007617","35","42011787"
"chr6","4007479","4007761","chr17","68167588","68167861","27","64160109"
"chr6","4026129","4026436","chr17","68148617","68148925","30","64122488"
"chr6","4029392","4029703","chr17","68148617","68148925","30","64119225"
"chr6","4041106","4041393","chr14","18122188","18122476","53","14081082"
"chr6","4049478","4049780","chr17","68128930","68129227","28","64079452"
"chr6","4078556","4078869","chr17","68098700","68099005","39","64020144"
"chr6","4083996","4084313","chr17","68093577","68093894","29","64009581"
"chr6","4091753","4091929","chr7","15845768","15845962","40","11754015"
"chr6","4096901","4097198","chr17","68083055","68083361","37","63986154"
"chr6","4098885","4099118","chr9","61704066","61704306","53","57605181"
"chr6","4109831","4110129","chr8","18030926","18031226","35","13921095"
"chr6","4121334","4121631","chr17","68053775","68054081","33","63932441"
"chr6","4122922","4123215","chr17","68052183","68052475","26","63929261"
"chr6","4128061","4128331","chr17","68046985","68047259","25","63918924"
"chr6","4136430","4136740","chr17","68038596","68038902","30","63902166"
"chr6","4170773","4171076","chr17","68004064","68004374","29","63833291"
"chr6","4180225","4180536","chr12","77818334","77818645","34","73638109"
"chr6","4247626","4247934","chr14","5352895","5353203","35","1105269"
"chr6","4262402","4262696","chr17","67921882","67922171","34","63659480"
"chr6","4280669","4280970","chr2","63213955","63214255","24","58933286"
"chr6","4445334","4445645","chr9","59057939","59058250","37","54612605"
"chr6","4568698","4568981","chr7","35198880","35199162","41","30630182"
"chr6","4570010","4570310","chr17","67618837","67619147","36","63048827"
"chr6","4595402","4595692","chr17","67596694","67596983","25","63001292"
"chr6","4643657","4643971","chrX","92145102","92145407","42","87501445"
"chr6","4648259","4648548","chr7","18983108","18983415","49","14334849"
"chr6","4654611","4654914","chr20","92192486","92192788","39","87537875"
"chr6","4662700","4662982","chr17","67529794","67530071","36","62867094"
"chr6","4722464","4722760","chr11","120526163","120526460","33","115803699"
"chr6","4764867","4765161","chr17","67425160","67425456","28","62660293"
"chr6","4782888","4783196","chr8","81213863","81214170","39","76430975"
"chr6","4842903","4843195","chr17","67346362","67346649","35","62503459"
"chr6","4886987","4887292","chr17","67307860","67308156","33","62420873"
"chr6","4999670","4999968","chr18","43649832","43650135","28","38650162"
"chr6","5035811","5036107","chr26","32843062","32843353","43","27807251"
"chr6","5041151","5041459","chr22","74793136","74793437","44","69751985"
"chr6","5046061","5046249","chr26","56138955","56139143","22","51092894"
"chr6","5046578","5046704","chr17","67163562","67163691","12","62116984"
"chr6","5143884","5144120","chr9","61704066","61704306","39","56560182"
"chr6","5231840","5232133","chr17","66972572","66972867","24","61740732"
"chr6","5247708","5248012","chr26","21447220","21447524","37","16199512"
"chr6","5253747","5253920","chr10","33376506","33376682","33","28122759"
"chr6","5258937","5259241","chr20","104921716","104922019","34","99662779"
"chr6","5367337","5367646","chr17","66830206","66830514","31","61462869"
"chr6","5372745","5373046","chr17","66824793","66825086","34","61452048"
"chr6","5459324","5459610","chr17","66740986","66741277","27","61281662"
"chr6","5609784","5610091","chr17","66598575","66598867","31","60988791"
"chr6","5673179","5673463","chr17","66537748","66538049","34","60864569"
"chr6","5746736","5747038","chr17","66470306","66470606","33","60723570"
"chr6","5799959","5800253","chr17","66417641","66417931","28","60617682"
"chr6","5833232","5833535","chr17","66383339","66383642","20","60550107"
"chr6","5834306","5834528","chr11","124263168","124263380","40","118428862"
"chr6","5869181","5869492","chr17","66348585","66348883","33","60479404"
"chr6","5894720","5895020","chr17","66326332","66326641","34","60431612"
"chr6","6047113","6047404","chr17","66183709","66184015","39","60136596"
"chr6","6134743","6135047","chr12","46549426","46549730","42","40414683"
"chr6","6197711","6198022","chr9","84121231","84121542","27","77923520"
"chr6","6210258","6210575","chr17","66011461","66011771","20","59801203"
"chr6","6211231","6211513","chr12","18982850","18983127","35","12771619"
"chr6","6323275","6323505","chr28","2045766","2045978","36","4277509"
"chr6","6346826","6347123","chr3","215799","216095","46","6131027"
"chr6","6398488","6398790","chr17","65852956","65853267","41","59454468"
"chr6","6433320","6433622","chr1","68742662","68742962","35","62309342"
"chr6","6558288","6558587","chr17","65686663","65686976","31","59128375"
"chr6","6645432","6645737","chr17","65598027","65598334","43","58952595"
"chr6","6652728","6653034","chr17","65592277","65592581","17","58939549"
"chr6","6662939","6663265","chr6","49541452","49541777","45","42878513"
"chr6","6720595","6720877","chr17","65523451","65523734","24","58802856"
"chr6","6778900","6779157","chr20","107287844","107288106","38","100508944"
"chr6","6805749","6806061","chr11","2853447","2853759","36","3952302"
"chr6","6844498","6844807","chr17","65402892","65403200","28","58558394"
"chr6","6857612","6857903","chr8","90128674","90128960","43","83271062"
"chr6","6883366","6883665","chr20","108965294","108965594","32","102081928"
"chr6","6888977","6889313","chr16","74218654","74218991","57","67329677"
"chr6","6897139","6897469","chrX_KE148108v1_random","1251279","1251600","50","5645860"
"chr6","6910558","6910860","chr17","65338853","65339155","35","58428295"
"chr6","6928989","6929278","chr17","65320858","65321147","20","58391869"
"chr6","6942870","6943164","chr17","65304769","65305074","37","58361899"
"chr6","6986754","6987050","chr16","16352697","16352989","46","9365943"
"chr6","7012670","7012977","chrX","80468072","80468375","37","73455402"
"chr6","7018297","7018591","chr17","65226798","65227090","14","58208501"
"chr6","7023976","7024274","chr2","39403345","39403644","31","32379369"
"chr6","7038248","7038556","chr17","51849010","51849312","53","44810762"
"chr6","7073644","7073949","chr3","11248912","11249214","34","4175268"
"chr6","7085258","7085550","chr13","79105796","79106090","34","72020538"
"chr6","7093610","7093915","chr17","65146462","65146766","36","58052852"
"chr6","7094687","7094987","chr17","65145034","65145334","18","58050347"
"chr6","7113194","7113492","chr17","65129863","65130164","25","58016669"
"chr6","7132655","7132958","chr26","21447220","21447524","37","14314565"
"chr6","7133252","7133530","chr17","65110729","65111009","27","57977477"
"chr6","7134289","7134596","chr17","65109662","65109969","18","57975373"
"chr6","7135125","7135437","chr2","39182421","39182732","37","32047296"
"chr6","7136841","7137134","chr27","33415095","33415391","25","26278254"
"chr6","7138003","7138292","chr15","90519589","90519883","35","83381586"
"chr6","7147267","7147580","chr28","19188684","19188984","33","12041417"
"chr6","7155383","7155612","chr17","65089269","65089492","21","57933886"
"chr6","7155644","7155939","chr2","34268790","34269101","43","27113146"
"chr6","7157382","7157666","chr17","1665366","1665649","45","5492016"
"chr6","7172516","7172769","chr16","61269999","61270258","49","54097483"
"chr6","7174217","7174524","chr17","65071487","65071793","23","57897270"
"chr6","7182194","7182482","chr15","90536879","90537170","35","83354685"
"chr6","7184133","7184428","chr5","27172890","27173193","38","19988757"
"chr6","7242347","7242532","chr16","7129094","7129286","32","113253"
"chr6","7320493","7320797","chr17","64925360","64925662","28","57604867"
"chr6","7331661","7331959","chr16","53234586","53234880","34","45902925"
"chr6","7341923","7342228","chr17","64905754","64906050","33","57563831"
"chr6","7355912","7356208","chr17","64891759","64892052","23","57535847"
"chr6","7373732","7374036","chr12","15199772","15200072","39","7826040"
"chr6","7389752","7390059","chr6","49410992","49411297","37","42021240"
"chr6","7399784","7400011","chr19","8037726","8037949","30","637942"
"chr6","7419753","7420057","chr8","24339863","24340159","48","16920110"
"chr6","7423391","7423687","chr9","97186492","97186791","35","89763101"
"chr6","7426473","7426783","chr1","8986887","8987200","38","1560414"
"chr6","7439787","7439989","chr7","97591979","97592159","55","90152192"
"chr6","7444985","7445174","chr17","64807957","64808146","13","57362972"
"chr6","7452495","7452797","chr7","25556195","25556495","31","18103700"
"chr6","7466427","7466721","chr17","64785511","64785805","25","57319084"
"chr6","7470741","7471038","chr17","64781337","64781637","25","57310596"
"chr6","7478326","7478632","chr17","64773743","64774053","30","57295417"
"chr6","7482142","7482440","chr5","73188003","73188312","40","65705861"
"chr6","7516994","7517291","chr11","96978397","96978692","32","89461403"
"chr6","7538656","7538939","chr11","104652207","104652491","56","97113551"
"chr6","7540901","7541183","chr11","104652207","104652491","36","97111306"
"chr6","7553675","7554007","chr16","57720877","57721180","64","50167202"
"chr6","7557600","7557902","chr1","111098831","111099141","39","103541231"
"chr6","7581180","7581480","chr17","64666731","64667026","31","57085551"
"chr6","7587764","7588056","chr6","33908236","33908526","26","26320472"
"chr6","7589652","7589944","chr6","33908236","33908526","24","26318584"
"chr6","7595384","7595689","chr17","64658449","64658754","26","57063065"
"chr6","7654669","7654967","chr8","52062734","52063031","35","44408065"
"chr6","7675254","7675543","chr5","19189249","19189541","34","11513995"
"chr6","7723929","7724198","chr11","62856629","62856892","42","55132700"
"chr6","7726516","7726867","chr11","105871959","105872319","59","98145443"
"chr6","7793104","7793409","chr17","64429291","64429606","39","56636187"
"chr6","7804299","7804577","chrX","129863750","129864029","46","122059451"
"chr6","7819734","7820042","chr6","7583070","7583380","35","236664"
"chr6","7820518","7820822","chr17","64402080","64402389","28","56581562"
"chr6","7821951","7822253","chr17","64400666","64400977","28","56578715"
"chr6","7831790","7832097","chr1","57381049","57381356","29","49549259"
"chr6","7833743","7834041","chr17","64385688","64385984","22","56551945"
"chr6","7839751","7840059","chr1","32350047","32350343","37","24510296"
"chr6","7957720","7958008","chr15","90519589","90519883","37","82561869"
"chr6","7976941","7977241","chr11","96755070","96755370","42","88778129"
"chr6","8016509","8016824","chr9","59419442","59419749","36","51402933"
"chr6","8017507","8017795","chr17","64208385","64208664","29","56190878"
"chr6","8024938","8025222","chr17","64201573","64201852","26","56176635"
"chr6","8041243","8041535","chr2","58224332","58224623","37","50183089"
"chr6","8042303","8042608","chr17","64179839","64180144","35","56137536"
"chr6","8053935","8054239","chr17","64167369","64167661","35","56113434"
"chr6","8082127","8082418","chr17","64139051","64139354","34","56056924"
"chr6","8126879","8127185","chr17","64091900","64092216","29","55965021"
"chr6","8160042","8160345","chrX","23730377","23730681","41","15570335"
"chr6","8251787","8252065","chr16","58402495","58402776","36","50150708"
"chr6","8272083","8272344","chr1","15482707","15482966","44","7210624"
"chr6","8283513","8283795","chr19","13606476","13606760","34","5322963"
"chr6","8294250","8294553","chr20","100879240","100879542","31","92584990"
"chr6","8322786","8323069","chr16","41984645","41984934","37","33661859"
"chr6","8340468","8340785","chr17","63879456","63879778","45","55538988"
"chr6","8346888","8347200","chr8","40842218","40842528","40","32495330"
"chr6","8429401","8429716","chr9","87345833","87346141","39","78916432"
"chr6","8458719","8459017","chr17","63762102","63762400","33","55303383"
"chr6","8501623","8501905","chr17","63717254","63717535","18","55215631"
"chr6","8503145","8503426","chr17","63714015","63714300","42","55210870"
"chr6","8505144","8505438","chr6","47863392","47863685","31","39358248"
"chr6","8523703","8524006","chr17","63695043","63695339","39","55171340"
"chr6","8530666","8530954","chr11","99968464","99968750","37","91437798"
"chr6","8553664","8553986","chr25","27069351","27069659","44","18515687"
"chr6","8555213","8555498","chr16","58602653","58602942","36","50047440"
"chr6","8565485","8565792","chr20","84405979","84406286","39","75840494"
"chr6","8692380","8692687","chr13","14215256","14215563","38","5522876"
"chr6","8748339","8748620","chr17","63479476","63479763","26","54731137"
"chr6","8771184","8771496","chr20","9169732","9170041","34","398548"
"chr6","8779189","8779455","chr10","62608000","62608267","30","53828811"
"chr6","9017694","9017993","chr17","63204210","63204514","31","54186516"
"chr6","9099713","9100012","chr17","63113265","63113560","22","54013552"
"chr6","9130193","9130458","chr17","63086791","63087055","20","53956598"
"chr6","9285241","9285547","chr5","26410686","26410992","32","17125445"
"chr6","9375827","9375991","chr12","77197243","77197405","27","67821416"
"chr6","9454825","9455048","chr6","12691132","12691351","41","3236307"
"chr6","9572908","9573215","chr10","93650363","93650669","35","84077455"
"chr6","9650040","9650306","chr12","14830147","14830415","38","5180107"
"chr6","9695456","9695764","chr2","8100719","8101022","33","1594737"
"chr6","9696265","9696578","chr10","24331092","24331413","33","14634827"
"chr6","9719533","9719843","chr18","35191749","35192045","49","25472216"
"chr6","9728798","9728945","chr17","62498556","62498704","18","52769758"
"chr6","9765802","9766097","chr25","74718595","74718886","41","64952793"
"chr6","9884021","9884327","chr17","62354412","62354710","35","52470391"
"chr6","9983477","9983790","chr17","62270262","62270578","35","52286785"
"chr6","10013165","10013471","chrX","80468072","80468375","34","70454907"
"chr6","10017954","10018235","chr17","62239341","62239623","28","52221387"
"chr6","10052160","10052463","chr21","30104896","30105191","45","20052736"
"chr6","10069845","10070101","chr17","62189129","62189378","35","52119284"
"chr6","10181948","10182270","chr17","62077718","62078028","35","51895770"
"chr6","10196741","10196971","chr3","6517513","6517738","32","3679228"
"chr6","10221395","10221701","chr17","62031923","62032229","37","51810528"
"chr6","10227756","10228039","chr17","62025461","62025764","37","51797705"
"chr6","10240753","10241091","chr17","62012308","62012648","35","51771555"
"chr6","10284850","10285132","chr7","105130895","105131189","41","94846045"
"chr6","10317578","10317875","chr17","61934232","61934516","35","51616654"
"chr6","10378704","10379009","chr17","61871698","61872004","29","51492994"
"chr6","10426591","10426900","chr17","61825641","61825952","26","51399050"
"chr6","10432561","10432832","chr2","21961717","21961980","47","11529156"
"chr6","10438710","10439018","chr8","52693668","52693972","37","42254958"
"chr6","10465150","10465451","chr25","55457624","55457928","35","44992474"
"chr6","10539322","10539633","chr17","61709496","61709804","22","51170174"
"chr6","10567445","10567738","chr17","61674646","61674941","34","51107201"
"chr6","10581952","10582263","chr6","10201242","10201547","36","380710"
"chr6","10586814","10587120","chr17","61655263","61655569","29","51068449"
"chr6","10601687","10601995","chr8","10801167","10801476","40","199480"
"chr6","10602345","10602649","chr17","61643727","61644011","39","51041382"
"chr6","10619963","10620174","chr9","38773083","38773296","28","28153120"
"chr6","10627581","10627896","chr20","111352130","111352435","43","100724549"
"chr6","10629297","10629605","chr22","24913593","24913901","33","14284296"
"chr6","10630277","10630583","chr17","61616875","61617184","27","50986598"
"chr6","10644047","10644342","chr17","61602349","61602644","28","50958302"
"chr6","10663926","10664245","chr19","21734694","21735016","44","11070768"
"chr6","10717971","10718195","chr11","124263168","124263380","45","113545197"
"chr6","10723223","10723536","chr17","61517042","61517357","34","50793819"
"chr6","10723971","10724257","chr7","14586299","14586584","32","3862328"
"chr6","10725777","10726082","chr17","61513912","61514215","25","50788135"
"chr6","10733805","10734123","chr9","88777317","88777627","48","78043512"
"chr6","10744266","10744556","chr3","30894413","30894707","31","20150147"
"chr6","10761959","10762014","chr22","27162227","27162269","18","16400268"
"chr6","10762530","10762787","chr22","18832451","18832703","44","8069921"
"chr6","10775253","10775440","chr17","61455198","61455393","19","50679945"
"chr6","10783118","10783305","chr7","15845768","15845962","39","5062650"
"chr6","10786627","10786902","chr17","61443425","61443707","34","50656798"
"chr6","10800456","10800765","chr6","12786852","12787164","39","1986396"
"chr6","10813751","10813975","chr17","61420243","61420468","33","50606492"
"chr6","10813975","10814237","chr17","61419976","61420242","38","50606001"
"chr6","10817008","10817320","chr17","61418056","61418353","40","50601048"
"chr6","10825730","10826023","chr17","61410720","61411018","41","50584990"
"chr6","10827017","10827321","chrX","41571573","41571872","39","30744556"
"chr6","10830186","10830486","chr25","77882685","77882988","34","67052499"
"chr6","10841681","10841993","chr17","61391402","61391698","50","50549721"
"chr6","10870621","10870922","chr16","60973884","60974185","32","50103263"
"chr6","10871125","10871404","chr16","3030948","3031228","35","7840177"
"chr6","10871767","10872074","chr17","61357230","61357525","33","50485463"
"chr6","10878044","10878337","chr16","823334","823630","35","10054710"
"chr6","10884921","10885224","chr17","61344000","61344311","32","50459079"
"chr6","10888161","10888475","chr1","4114686","4114997","31","6773475"
"chr6","10893682","10893968","chr18","69021293","69021591","41","58127611"
"chr6","10901487","10901787","chr17","61327353","61327646","26","50425866"
"chr6","10936346","10936651","chr1","67026506","67026811","38","56090160"
"chr6","10936652","10936941","chr17","61291686","61291985","44","50355034"
"chr6","10937472","10937782","chr17","61290868","61291169","24","50353396"
"chr6","10950360","10950648","chr13","74452894","74453183","35","63502534"
"chr6","10951806","10952115","chr19","27258698","27259004","36","16306892"
"chr6","10995450","10995745","chr8","7114217","7114516","39","3881233"
"chr6","11002303","11002617","chr14","5460529","5460831","37","5541774"
"chr6","11020372","11020674","chr10","121212552","121212853","37","110192180"
"chr6","11023838","11024132","chr19","21336034","21336340","39","10312196"
"chr6","11053397","11053704","chr26","18344490","18344794","38","7291093"
"chr6","11091787","11092085","chrX","58369155","58369458","33","47277368"
"chr6","11092876","11093187","chr8","35854442","35854754","40","24761566"
"chr6","11142335","11142641","chr17","61088642","61088939","37","49946307"
"chr6","11143945","11144243","chr12","82795515","82795814","30","71651570"
"chr6","11159666","11159974","chr25","60833932","60834234","40","49674266"
"chr6","11168110","11168404","chr8","7114217","7114516","44","4053893"
"chr6","11226631","11226872","chr17","61004609","61004856","18","49777978"
"chr6","11260552","11260849","chrX","104843137","104843434","38","93582585"
"chr6","11263146","11263460","chr5","59743438","59743749","33","48480292"
"chr6","11264888","11265197","chr2","18120742","18121050","32","6855854"
"chr6","11313689","11313989","chr17","60915371","60915671","24","49601682"
"chr6","11373695","11373996","chr1","93758090","93758391","41","82384395"
"chr6","11411430","11411737","chr17","60817136","60817436","32","49405706"
"chr6","11465602","11465879","chr17","60762511","60762786","19","49296909"
"chr6","11496458","11496764","chr17","60734841","60735143","36","49238383"
"chr6","11497632","11497931","chr17","60733670","60733976","28","49236038"
"chr6","11573382","11573660","chr17","60668300","60668580","41","49094918"
"chr6","11612634","11612936","chr3","20151076","20151376","36","8538442"
"chr6","11617810","11618118","chr7","75122851","75123147","47","63505041"
"chr6","11640064","11640358","chr13","22114803","22115096","35","10474739"
"chr6","11676582","11676870","chr5","54096159","54096460","42","42419577"
"chr6","11691536","11691847","chr17","60549500","60549810","37","48857964"
"chr6","11757593","11757767","chr17","60482405","60482576","15","48724812"
"chr6","11778326","11778656","chr17","60463096","60463418","47","48684770"
"chr6","11887228","11887508","chr1","39428136","39428419","36","27540908"
"chr6","11951575","11951842","chr12","9604365","9604633","36","2347210"
"chr6","11958575","11958864","chr9","85529394","85529680","33","73570819"
"chr6","11982089","11982387","chr17","60264412","60264706","28","48282323"
"chr6","12004564","12004832","chr17","60243236","60243495","27","48238672"
"chr6","12024670","12024957","chr6","33908236","33908526","39","21883566"
"chr6","12029604","12029908","chr17","60218528","60218836","34","48188924"
"chr6","12030692","12030936","chr6","35082688","35082943","37","23051996"
"chr6","12047108","12047406","chr5","25397276","25397570","33","13350168"
"chr6","12062750","12062922","chr8","118738094","118738266","27","106675344"
"chr6","12062933","12063145","chr11","124263168","124263380","39","112200235"
"chr6","12115766","12116071","chr17","60131413","60131718","37","48015647"
"chr6","12137968","12138268","chr6","49568740","49569041","35","37430772"
"chr6","12221680","12221979","chr19","30057411","30057704","42","17835731"
"chr6","12228525","12228816","chr17","60018641","60018922","42","47790116"
"chr6","12246706","12247006","chr7","129715655","129715943","39","117468949"
"chr6","12248676","12248902","chr11","124263168","124263380","45","112014492"
"chr6","12295456","12295760","chr17","59957304","59957612","25","47661848"
"chr6","12304737","12305036","chr17","59946759","59947054","26","47642022"
"chr6","12307097","12307403","chr6","48846530","48846838","38","36539433"
"chr6","12310946","12311103","chr17","59941198","59941334","27","47630252"
"chr6","12323430","12323615","chr14","9415352","9415528","30","2908078"
"chr6","12329868","12330172","chr17","34975978","34976280","39","22646110"
"chr6","12340950","12341251","chr16","14612378","14612678","38","2271428"
"chr6","12432669","12432947","chr16","2679156","2679431","32","9753513"
"chr6","12433347","12433641","chr17","59821510","59821805","34","47388163"
"chr6","12483316","12483627","chr16","57720877","57721180","43","45237561"
"chr6","12531724","12532022","chr17","59723209","59723509","30","47191485"
"chr6","12552324","12552616","chr17","59702176","59702459","33","47149852"
"chr6","12691873","12692176","chr9","27848767","27849071","21","15156894"
"chr6","12719915","12720231","chr20","33719119","33719432","39","20999204"
"chr6","12732307","12732611","chr17","59524265","59524562","35","46791958"
"chr6","12762582","12762880","chr17","59491879","59492171","24","46729297"
"chr6","12764304","12764605","chr17","59490194","59490489","30","46725890"
"chr6","12812684","12813011","chr11","108151302","108151631","42","95338618"
"chr6","12821748","12822053","chr17","59433318","59433619","32","46611570"
"chr6","12873309","12873612","chr10","91843960","91844268","30","78970651"
"chr6","12901525","12901835","chr13","38369034","38369344","39","25467509"
"chr6","12925560","12925869","chr17","59322245","59322563","37","46396685"
"chr6","12929143","12929453","chr11","4422956","4423267","26","8506187"
"chr6","12979152","12979419","chr1","84046472","84046742","64","71067320"
"chr6","12979765","12980068","chr17","59267427","59267738","39","46287662"
"chr6","12982267","12982571","chr17","59265004","59265313","31","46282737"
"chr6","12984240","12984547","chr17","59263011","59263327","38","46278771"
"chr6","12997944","12998186","chr5","17454583","17454826","33","4456639"
"chr6","13031321","13031626","chr6","30393310","30393612","35","17361989"
"chr6","13041741","13042041","chr17","59205052","59205342","37","46163311"
"chr6","13049098","13049406","chr17","59197050","59197343","40","46147952"
"chr6","13073064","13073353","chr7","85973004","85973295","45","72899940"
"chr6","13188523","13188814","chr15","88306404","88306697","34","75117881"
"chr6","13252704","13252998","chr1","115874907","115875200","39","102622203"
"chr6","13256275","13256583","chr6","40061617","40061925","32","26805342"
"chr6","13349794","13350087","chr15","64630867","64631162","27","51281073"
"chr6","13373183","13373496","chr6","2526617","2526929","33","10846566"
"chr6","13412124","13412433","chr17","58834446","58834755","23","45422322"
"chr6","13434941","13435249","chr14","105114118","105114427","28","91679177"
"chr6","13444165","13444462","chr9","58119376","58119673","35","44675211"
"chr6","13463241","13463531","chr16","72650947","72651238","30","59187706"
"chr6","13487696","13487930","chr21","20323380","20323612","31","6835684"
"chr6","13543729","13544041","chrX","6536754","6537060","38","7006975"
"chr6","13597444","13597741","chr7","37298478","37298772","39","23701034"
"chr6","13622817","13622986","chr17","58624035","58624202","15","45001218"
"chr6","13623497","13623783","chr17","58623233","58623521","27","44999736"
"chr6","13641088","13641373","chr24","11586518","11586800","62","2054570"
"chr6","13651112","13651344","chr17","58598595","58598822","30","44947483"
"chr6","13669230","13669511","chr6","12209664","12209945","44","1459566"
"chr6","13669555","13669855","chr17","58577428","58577735","34","44907873"
"chr6","13697534","13697834","chr2","64700174","64700471","36","51002640"
"chr6","13795996","13796307","chr6","15813882","15814194","33","2017886"
"chr6","13804408","13804618","chr11","124263168","124263380","36","110458760"
"chr6","13807369","13807681","chr17","58438520","58438819","40","44631151"
"chr6","13808955","13809252","chr17","58437214","58437508","26","44628259"
"chr6","13827350","13827659","chr17","58420845","58421156","35","44593495"
"chr6","13833297","13833515","chr17","58415602","58415827","29","44582305"
"chr6","13841138","13841442","chr17","58407606","58407912","31","44566468"
"chr6","13842433","13842725","chr17","58406267","58406565","29","44563834"
"chr6","13872075","13872385","chr17","58378753","58379060","25","44506678"
"chr6","13886392","13886702","chr6","29842384","29842692","31","15955992"
"chr6","13892469","13892755","chr12","964980","965277","40","12927489"
"chr6","13925510","13925816","chr19","13705893","13706204","39","219617"
"chr6","13933852","13934155","chr17","58316895","58317203","40","44383043"
"chr6","13940689","13940985","chr26","8899316","8899617","47","5041373"
"chr6","13945850","13946143","chr2","89605361","89605646","41","75659511"
"chr6","13947513","13947816","chr17","58303579","58303885","22","44356066"
"chr6","13953466","13953775","chr17","58299225","58299535","31","44345759"
"chr6","13960103","13960408","chr17","58294758","58295063","30","44334655"
"chr6","13965955","13966261","chr17","58293306","58293619","45","44327351"
"chr6","13979696","13979952","chr17","58280986","58281245","27","44301290"
"chr6","13988402","13988687","chr17","58272587","58272882","35","44284185"
"chr6","13998794","13999072","chr17","58263809","58264091","40","44265015"
"chr6","14004527","14004832","chr28","8592323","8592627","35","5412204"
"chr6","14011487","14011784","chr17","58251784","58252090","30","44240297"
"chr6","14017555","14017855","chr17","58245680","58245985","27","44228125"
"chr6","14097344","14097637","chr2","85375417","85375713","36","71278073"
"chr6","14129402","14129696","chr17","58136148","58136448","31","44006746"
"chr6","14146344","14146634","chr17","58119930","58120228","25","43973586"
"chr6","14174866","14175171","chr7","18983108","18983415","33","4808242"
"chr6","14207434","14207749","chr17","58062165","58062477","37","43854731"
"chr6","14216638","14216965","chr18","56809549","56809880","57","42592911"
"chr6","14236433","14236735","chr9","61304146","61304443","35","47067713"
"chr6","14385507","14385808","chr17","57906171","57906474","17","43520664"
"chr6","14467990","14468315","chr2","25643910","25644227","45","11175920"
"chr6","14472251","14472574","chr17","57823534","57823854","30","43351283"
"chr6","14626933","14627241","chr23","75121731","75122042","35","60494798"
"chr6","14628878","14629041","chr2","16157884","16158044","21","1529006"
"chr6","14667858","14668130","chr13","46434144","46434420","38","31766286"
"chr6","14783125","14783398","chr6","49405207","49405489","41","34622082"
"chr6","14831631","14831942","chr17","57468730","57469037","31","42637099"
"chr6","14849376","14849653","chr28","11178465","11178737","36","3670911"
"chr6","14896451","14896757","chr8","10801167","10801476","40","4095284"
"chr6","14905133","14905428","chrX","22852905","22853198","35","7947772"
"chr6","14986820","14987123","chr17","57317535","57317838","34","42330715"
"chr6","14990187","14990495","chr17","57314173","57314476","30","42323986"
"chr6","14993913","14994208","chr17","57310634","57310929","28","42316721"
"chr6","14998490","14998765","chr17","57306081","57306364","47","42307591"
"chr6","15028554","15028856","chr7","129057998","129058302","36","114029444"
"chr6","15031507","15031754","chr17","57274850","57275106","23","42243343"
"chr6","15035832","15036140","chr6","40061617","40061925","37","25025785"
"chr6","15045745","15046046","chr9","82908160","82908459","36","67862415"
"chr6","15054812","15055109","chr17","57251755","57252054","32","42196943"
"chr6","15077851","15078145","chr17","29719352","29719647","31","14641501"
"chr6","15079969","15080276","chr1","7210781","7211092","41","7869188"
"chr6","15095133","15095431","chr17","57213016","57213313","54","42117883"
"chr6","15095506","15095804","chr17","57213016","57213313","27","42117510"
"chr6","15157614","15157920","chr17","57148235","57148528","35","41990621"
"chr6","15161529","15161838","chr5","28367381","28367689","29","13205852"
"chr6","15168321","15168610","chr17","57138413","57138708","35","41970092"
"chr6","15181265","15181576","chr17","57134793","57135093","35","41953528"
"chr6","15183713","15183959","chr24","11392993","11393250","45","3790720"
"chr6","15184680","15184971","chr10","127130018","127130310","35","111945338"
"chr6","15205833","15206151","chr9","117230098","117230400","43","102024265"
"chr6","15210180","15210479","chr17","57100067","57100373","32","41889887"
"chr6","15211669","15211980","chr2","5914047","5914349","39","9297622"
"chr6","15216637","15216947","chr17","57105461","57105772","29","41888824"
"chr6","15217554","15217864","chr6","14786220","14786531","30","431334"
"chr6","15232268","15232567","chr17","57084990","57085290","26","41852722"
"chr6","15235378","15235680","chr17","57081671","57081981","34","41846293"
"chr6","15235684","15235858","chr17","57081490","57081670","17","41845806"
"chr6","15243502","15243806","chr17","57073405","57073709","41","41829903"
"chr6","15257466","15257769","chr17","69535700","69536006","36","54278234"
"chr6","15263341","15263637","chr17","57055415","57055709","34","41792074"
"chr6","15268410","15268704","chr6","35001420","35001717","35","19733010"
"chr6","15279740","15279879","chr17","29482272","29482406","38","14202532"
"chr6","15280609","15280779","chr16","39692631","39692802","30","24412022"
"chr6","15282253","15282539","chr17","57039419","57039713","33","41757166"
"chr6","15285633","15285924","chr1","125148379","125148673","41","109862746"
"chr6","15287751","15288052","chr19","20813555","20813850","38","5525804"
"chr6","15314559","15314855","chr5","25397276","25397570","39","10082717"
"chr6","15316710","15317023","chr16","4737449","4737757","47","10579261"
"chr6","15345328","15345616","chr13","79168479","79168776","40","63823151"
"chr6","15347034","15347318","chr17","56985860","56986148","39","41638826"
"chr6","15350158","15350336","chr1","68436291","68436465","28","53086133"
"chr6","15351354","15351658","chr14","53996336","53996640","24","38644982"
"chr6","15356003","15356173","chr17","56976185","56976356","15","41620182"
"chr6","15356485","15356782","chrX","15196021","15196320","33","160464"
"chr6","15357292","15357595","chr17","56975058","56975369","32","41617766"
"chr6","15367225","15367506","chr16","70587272","70587551","43","55220047"
"chr6","15376330","15376619","chr26","8664125","8664411","49","6712205"
"chr6","15376789","15377101","chr1","108134928","108135237","44","92758139"
"chr6","15378684","15378974","chr9","96732866","96733161","37","81354182"
"chr6","15381155","15381458","chr11","117734119","117734423","29","102352964"
"chr6","15386083","15386376","chr17","56946782","56947079","34","41560699"
"chr6","15389801","15390085","chr17","56943373","56943660","37","41553572"
"chr6","15397229","15397523","chrX_KE148108v1_random","4279298","4279596","38","11117931"
"chr6","15413148","15413453","chr17","56922807","56923106","39","41509659"
"chr6","15417192","15417423","chr9","61704066","61704306","42","46286874"
"chr6","15426103","15426404","chr16","62764099","62764400","30","47337996"
"chr6","15437212","15437509","chr22","13843967","13844264","32","1593245"
"chr6","15455377","15455543","chr28","16863949","16864112","26","1408572"
"chr6","15464813","15465104","chr17","56872363","56872654","24","41407550"
"chr6","15478488","15478745","chr17","56857981","56858252","37","41379493"
"chr6","15521627","15521911","chr23","42745540","42745826","56","27223913"
"chr6","15598736","15599040","chr22","49594481","49594784","43","33995745"
"chr6","15622839","15623120","chr16","54028351","54028637","37","38405512"
"chr6","15685741","15686034","chr12","88532115","88532408","39","72846374"
"chr6","15702240","15702541","chr20","92192486","92192788","24","76490246"
"chr6","15734288","15734583","chr17","56608290","56608578","38","40874002"
"chr6","15738495","15738784","chr7","37298478","37298772","32","21559983"
"chr6","15751723","15752026","chr17","56591314","56591624","35","40839591"
"chr6","15762094","15762391","chr17","56580951","56581246","25","40818857"
"chr6","15765885","15766198","chr5","41453200","41453511","36","25687315"
"chr6","15766962","15767265","chr17","56575300","56575597","30","40808338"
"chr6","15778716","15779003","chr17","56563901","56564191","26","40785185"
"chr6","15805989","15806291","chr9","69172048","69172348","39","53366059"
"chr6","15838105","15838406","chr17","56496995","56497293","21","40658890"
"chr6","15851302","15851600","chr17","56484563","56484854","34","40633261"
"chr6","15853416","15853709","chr9","95359955","95360252","36","79506539"
"chr6","15860960","15861252","chr7","37298478","37298772","36","21437518"
"chr6","15891749","15891930","chr17","56442854","56443026","24","40551105"
"chr6","15931072","15931390","chr23","49901885","49902202","45","33970813"
"chr6","15938954","15939258","chr6","15626071","15626376","50","312883"
"chr6","15985265","15985564","chr17","56355928","56356211","36","40370663"
"chr6","15987083","15987387","chr17","56354102","56354406","24","40367019"
"chr6","15995232","15995541","chr24","33830310","33830610","37","17835078"
"chr6","16011805","16012111","chr20","40348843","40349144","42","24337038"
"chr6","16081920","16082226","chr17","56256322","56256624","38","40174402"
"chr6","16085316","16085602","chr17","56252756","56253048","40","40167440"
"chr6","16113348","16113645","chr15","80723730","80724025","42","64610382"
"chr6","16149603","16149908","chr9","92559992","92560298","41","76410389"
"chr6","16236390","16236679","chr2","23642928","23643221","31","7406538"
"chr6","16241245","16241558","chr17","56098666","56098980","29","39857421"
"chr6","16286078","16286378","chr17","56051999","56052305","29","39765921"
"chr6","16287102","16287373","chr9","44980829","44981096","35","28693727"
"chr6","16331940","16332226","chr20","42401630","42401916","39","26069690"
"chr6","16344396","16344688","chr13","55071561","55071857","32","38727165"
"chr6","16374615","16374904","chr8","111381137","111381430","36","95006522"
"chr6","16385953","16386258","chr17","55920499","55920811","29","39534546"
"chr6","16386593","16386902","chr17","55919881","55920169","37","39533288"
"chr6","16427172","16427451","chr18","2606757","2607038","33","13820415"
"chr6","16428232","16428537","chr17","55876948","55877253","28","39448716"
"chr6","16429160","16429459","chr7","91654814","91655114","34","75225654"
"chr6","16462268","16462573","chr20","7607264","7607573","40","8855004"
"chr6","16478438","16478747","chr6","12064154","12064463","37","4414284"
"chr6","16484725","16485026","chr17","55824938","55825238","24","39340213"
"chr6","16487633","16487943","chr16","48270503","48270809","36","31782870"
"chr6","16488493","16488796","chr17","55821300","55821597","35","39332807"
"chr6","16496238","16496544","chr2","8512006","8512315","51","7984232"
"chr6","16502928","16503217","chr17","35227737","35228029","30","18724809"
"chr6","16513818","16514121","chr11","52089989","52090297","42","35576171"
"chr6","16518045","16518317","chr8","121253617","121253882","58","104735572"
"chr6","16529221","16529507","chr23","70341228","70341515","31","53812007"
"chr6","16538471","16538781","chr17","55774424","55774732","30","39235953"
"chr6","16564414","16564708","chr12","13262266","13262559","41","3302148"
"chr6","16569145","16569416","chr17","55746229","55746495","32","39177084"
"chr6","16587136","16587447","chr17","55723594","55723909","31","39136458"
"chr6","16607974","16608277","chr24","81534444","81534741","31","64926470"
"chr6","16619530","16619818","chr17","55692982","55693271","27","39073452"
"chr6","16667993","16668295","chrX","14259446","14259748","39","2408547"
"chr6","16710194","16710403","chr11","124263168","124263380","36","107552974"
"chr6","16729387","16729694","chr17","55583576","55583893","48","38854189"
"chr6","16815264","16815545","chr18","22082657","22082940","45","5267393"
"chr6","16844814","16845125","chr19","19300756","19301060","53","2455942"
"chr6","16846447","16846761","chrX","27030043","27030357","47","10183596"
"chr6","16905099","16905396","chr17","55408980","55409277","38","38503881"
"chr6","16923726","16924033","chr8","10801167","10801476","32","6122559"
"chr6","16949710","16949995","chr17","55364408","55364692","28","38414698"
"chr6","16980374","16980709","chr9","81426371","81426702","60","64445997"
"chr6","17083702","17083994","chr17","55234008","55234310","33","38150306"
"chr6","17088335","17088642","chr17","55229037","55229333","38","38140702"
"chr6","17097591","17097869","chr2","84019516","84019792","48","66921925"
"chr6","17123854","17124145","chr12","80083509","80083803","40","62959655"
"chr6","17144732","17145027","chrX","22852905","22853198","36","5708173"
"chr6","17154941","17155235","chr6","3546638","3546933","30","13608303"
"chr6","17182545","17182854","chr13","45171921","45172226","30","27989376"
"chr6","17203309","17203622","chr17","55116498","55116812","28","37913189"
"chr6","17227501","17227804","chr17","55092646","55092944","31","37865145"
"chr6","17274445","17274738","chr17","55043725","55044017","20","37769280"
"chr6","17292094","17292392","chr17","55026906","55027209","33","37734812"
"chr6","17347006","17347314","chr17","54974673","54974981","30","37627667"
"chr6","17350073","17350383","chr3","6024894","6025204","34","11325179"
"chr6","17376029","17376343","chr17","54947665","54947978","35","37571636"
"chr6","17395287","17395588","chrX","14259446","14259748","33","3135841"
"chr6","17434865","17435155","chr22","51787643","51787934","49","34352778"
"chr6","17439647","17439942","chr26","46232611","46232904","19","28792964"
"chr6","17473757","17474068","chr11","1437245","1437551","36","16036512"
"chr6","17490248","17490557","chr17","54836702","54837001","31","37346454"
"chr6","17512153","17512439","chr10","19921830","19922123","46","2409677"
"chr6","17514085","17514379","chr17","54814746","54815043","23","37300661"
"chr6","17534485","17534769","chr17","54791799","54792094","37","37257314"
"chr6","17542286","17542579","chr13","55071561","55071857","29","37529275"
"chr6","17564214","17564513","chr17","54748092","54748392","23","37183878"
"chr6","17582428","17582712","chr17","54728938","54729223","28","37146510"
"chr6","17586394","17586685","chr9","114952603","114952897","33","97366209"
"chr6","17591073","17591371","chr17","54719568","54719874","30","37128495"
"chr6","17596985","17597156","chr17","54713732","54713909","20","37116747"
"chr6","17603996","17604300","chr17","54707036","54707332","32","37103040"
"chr6","17625039","17625330","chr12","106804194","106804486","35","89179155"
"chr6","17626302","17626594","chrX","22852905","22853198","35","5226603"
"chr6","17629050","17629347","chr12","40562571","40562869","36","22933521"
"chr6","17686693","17686972","chr17","54627916","54628197","33","36941223"
"chr6","17690091","17690379","chr11","909139","909432","31","16780952"
"chr6","17729109","17729414","chr2","47273858","47274164","30","29544749"
"chr6","17729809","17730119","chr8","7472835","7473134","49","10256974"
"chr6","17764789","17765044","chr6","15179317","15179571","48","2585472"
"chr6","17809998","17810267","chr15","6636982","6637257","39","11173016"
"chr6","17819517","17819816","chr17","54502002","54502300","26","36682485"
"chr6","17828266","17828531","chr17","54493352","54493617","18","36665086"
"chr6","17840584","17840879","chr6","13473280","13473574","32","4367304"
"chr6","17900554","17900726","chr6","44431896","44432069","31","26531342"
"chr6","17909901","17910191","chr10","88760771","88761072","35","70850870"
"chr6","17919639","17919921","chr20","124979624","124979905","44","107059985"
"chr6","17929057","17929360","chr3","78247333","78247635","35","60318276"
"chr6","17939625","17939934","chr6","48846530","48846838","34","30906905"
"chr6","17968742","17969050","chr17","54362109","54362416","31","36393367"
"chr6","17982990","17983285","chr5","20480895","20481190","31","2497905"
"chr6","18009477","18009636","chr17","54322310","54322466","16","36312833"
"chr6","18016243","18016546","chr17","54315262","54315556","32","36299019"
"chr6","18020317","18020608","chr20","93820241","93820534","38","75799924"
"chr6","18021447","18021755","chr6","49568740","49569041","37","31547293"
"chr6","18028692","18028886","chr5","4271859","4272053","34","13756833"
"chr6","18036750","18037032","chr17","54294503","54294797","23","36257753"
"chr6","18037142","18037443","chr8","6254821","6255128","40","11782321"
"chr6","18042863","18043160","chr18","69021293","69021591","34","50978430"
"chr6","18055269","18055557","chr17","54275911","54276193","26","36220642"
"chr6","18133116","18133423","chr2","16817283","16817584","42","1315833"
"chr6","18141456","18141746","chr17","54186466","54186762","33","36045010"
"chr6","18149358","18149667","chrX","113675371","113675678","45","95526013"
"chr6","18159534","18159777","chr9","61704066","61704306","60","43544532"
"chr6","18181788","18182092","chr17","54146260","54146557","34","35964472"
"chr6","18188783","18189079","chr17","54139439","54139737","33","35950656"
"chr6","18197009","18197321","chr20","106535555","106535863","39","88338546"
"chr6","18202281","18202583","chr17","54129071","54129372","31","35926790"
"chr6","18228065","18228375","chr15","18949493","18949804","39","721428"
"chr6","18230687","18230987","chr17","54098223","54098520","37","35867536"
"chr6","18240497","18240814","chr9","103375631","103375942","41","85135134"
"chr6","18266262","18266550","chr17","54063085","54063387","36","35796823"
"chr6","18268609","18268916","chr17","54060729","54061033","21","35792120"
"chr6","18279511","18279824","chr8","114648434","114648744","44","96368923"
"chr6","18283317","18283600","chr17","54045284","54045572","40","35761967"
"chr6","18288903","18289160","chr17","54036360","54036629","25","35747457"
"chr6","18293457","18293758","chr6","786444","786745","45","17507013"
"chr6","18296267","18296563","chr17","54028957","54029250","32","35732690"
"chr6","18300265","18300551","chr17","54024338","54024626","22","35724073"
"chr6","18302380","18302677","chr17","54022198","54022504","35","35719818"
"chr6","18307756","18308055","chr20","102069946","102070249","45","83762190"
"chr6","18328084","18328372","chr20","100464623","100464907","36","82136539"
"chr6","18345691","18345988","chrX","3500980","3501276","35","14844711"
"chr6","18349181","18349495","chr8","103533515","103533819","46","85184334"
"chr6","18361793","18362087","chr17","53965623","53965918","22","35603830"
"chr6","18364267","18364561","chr17","53963148","53963436","30","35598881"
"chr6","18368984","18369299","chr17","53958193","53958493","48","35589209"
"chr6","18379148","18379459","chr7","115282515","115282825","35","96903367"
"chr6","18395704","18396003","chr12","260610","260910","26","18135094"
"chr6","18398386","18398700","chr5","14449993","14450306","35","3948393"
"chr6","18404043","18404333","chr16","823334","823630","39","17580709"
"chr6","18422532","18422832","chr9","57393329","57393624","33","38970797"
"chr6","18458017","18458312","chr17","53870715","53871006","36","35412698"
"chr6","18473694","18473982","chr1","32350047","32350343","41","13876353"
"chr6","18476176","18476471","chr17","53852798","53853086","29","35376622"
"chr6","18483098","18483406","chr10","18789054","18789357","33","305956"
"chr6","18486663","18486957","chr19","7242978","7243268","35","11243685"
"chr6","18496230","18496542","chr17","53834994","53835302","28","35338764"
"chr6","18523965","18524264","chr14","33388740","33389040","35","14864775"
"chr6","18528608","18528899","chr17","53803739","53804030","26","35275131"
"chr6","18532109","18532418","chr17","53800345","53800654","25","35268236"
"chr6","18557122","18557357","chr9","61704066","61704306","38","43146944"
"chr6","18580082","18580391","chr4","71031471","71031771","43","52451389"
"chr6","18593719","18594030","chr29","8317059","8317366","37","10276660"
"chr6","18596488","18596799","chr29","8317059","8317366","38","10279429"
"chr6","18631843","18632150","chr17","53708907","53709214","28","35077064"
"chr6","18641740","18642037","chr3","79749884","79750184","29","61108144"
"chr6","18669467","18669769","chr17","53671474","53671777","27","35002007"
"chr6","18691027","18691318","chr9","114359666","114359958","30","95668639"
"chr6","18697397","18697695","chr17","53641854","53642166","42","34944457"
"chr6","18701025","18701336","chr6","14786220","14786531","36","3914805"
"chr6","18783779","18784088","chr9","87486235","87486545","33","68702456"
"chr6","18931752","18932051","chr17","53404773","53405076","28","34473021"
"chr6","18953950","18954233","chr17","53389743","53390027","27","34435793"
"chr6","18954416","18954711","chr15","89799513","89799810","34","70845097"
"chr6","18971396","18971711","chrX","20499085","20499394","38","1527689"
"chr6","19127872","19128174","chr17","53216976","53217279","28","34089104"
"chr6","19192140","19192440","chr11","96978397","96978692","34","77786257"
"chr6","19217636","19217951","chr17","53127366","53127678","29","33909730"
"chr6","19772886","19773164","chr17","52598580","52598860","42","32825694"
"chr6","19839149","19839443","chr15","89851974","89852267","29","70012825"
"chr6","19874727","19874947","chr2","61988267","61988490","31","42113540"
"chr6","19875049","19875348","chr5","71206043","71206343","33","51330994"
"chr6","19895581","19895891","chr1","14106229","14106537","47","5789352"
"chr6","19897257","19897536","chr17","52478525","52478828","45","32581268"
"chr6","19919886","19920189","chr7","131848095","131848393","36","111928209"
"chr6","19949847","19950121","chr26","9943039","9943312","32","10006808"
"chr6","19950625","19950960","chr5","57887608","57887933","53","37936983"
"chr6","19966139","19966448","chr14","82794681","82794991","38","62828542"
"chr6","20033472","20033785","chr17","11351073","11351379","36","8682399"
"chr6","20058445","20058751","chr8","138973046","138973346","39","118914601"
"chr6","20079519","20079762","chr6","47282210","47282418","69","27202691"
"chr6","20111172","20111343","chr1","109563715","109563886","23","89452543"
"chr6","20139501","20139792","chr17","52238999","52239299","37","32099498"
"chr6","20151259","20151562","chr20","109114733","109115041","43","88963474"
"chr6","20186860","20187174","chr17","52187235","52187542","33","32000375"
"chr6","20284248","20284557","chr17","52098855","52099163","35","31814607"
"chr6","20303593","20303902","chr17","52079096","52079395","39","31775503"
"chr6","20305052","20305360","chr21","126625473","126625781","35","106320421"
"chr6","20331906","20332200","chr14","12581295","12581593","35","7750611"
"chr6","20337597","20337886","chr17","52045312","52045599","28","31707715"
"chr6","20343665","20343972","chr3","91403567","91403877","39","71059902"
"chr6","20363089","20363394","chr12","26084664","26084963","40","5721575"
"chr6","20379669","20379981","chr17","52007999","52008309","26","31628330"
"chr6","20387202","20387514","chr17","52001217","52001524","32","31614015"
"chr6","20407912","20408197","chr17","51979243","51979526","28","31571331"
"chr6","20408413","20408589","chr17","51978852","51979027","17","31570439"
"chr6","20409101","20409185","chr2","74847633","74847714","27","54438532"
"chr6","20411357","20411653","chr14","68724163","68724467","36","48312806"
"chr6","20445490","20445694","chr16","24224315","24224522","32","3778825"
"chr6","20462623","20462934","chr17","51930170","51930481","24","31467547"
"chr6","20496301","20496602","chr17","51899291","51899586","31","31402990"
"chr6","20518353","20518667","chr17","51880019","51880326","26","31361666"
"chr6","20523668","20523842","chr17","51874732","51874910","16","31351064"
"chr6","20542196","20542486","chr17","51856974","51857259","28","31314778"
"chr6","20550402","20550681","chr11","93767777","93768053","43","73217375"
"chr6","20586209","20586496","chr12","87457694","87457977","28","66871485"
"chr6","20650381","20650686","chr17","51748468","51748768","34","31098087"
"chr6","20653810","20654116","chr17","51745130","51745437","24","31091320"
"chr6","20685668","20685977","chr14","60517861","60518169","39","39832193"
"chr6","20688009","20688249","chr14","96450375","96450622","39","75762366"
"chr6","20688293","20688598","chr6","24285828","24286141","50","3597535"
"chr6","20712309","20712605","chr17","51687366","51687669","31","30975057"
"chr6","20716408","20716717","chr12","47459272","47459575","44","26742864"
"chr6","20718901","20719216","chr25","27069351","27069659","35","6350450"
"chr6","20723319","20723623","chr6","7617808","7618108","41","13105511"
"chr6","20756632","20756919","chr17","51645876","51646160","27","30889244"
"chr6","20764957","20765232","chr17","51637817","51638110","40","30872860"
"chr6","20799054","20799239","chr4","17198924","17199108","25","3600130"
"chr6","20823823","20824132","chr17","51579953","51580265","38","30756130"
"chr6","20831270","20831569","chr17","51571533","51571831","28","30740263"
"chr6","20872291","20872568","chr17","51529575","51529866","38","30657284"
"chr6","20950081","20950390","chr21","123174857","123175170","33","102224776"
"chr6","20980568","20980878","chr17","51420891","51421201","29","30440323"
"chr6","21014717","21014885","chr9","57624793","57624958","38","36610076"
"chr6","21060403","21060625","chr15","91604652","91604870","31","70544249"
"chr6","21075108","21075308","chr22","57706222","57706415","39","36631114"
"chr6","21079310","21079611","chr17","51323350","51323657","29","30244040"
"chr6","21162740","21163039","chr2","58338718","58339014","35","37175978"
"chr6","21196474","21196776","chr21","37529812","37530112","36","16333338"
"chr6","21199294","21199596","chr17","51210394","51210694","22","30011100"
"chr6","21224288","21224435","chr7","38652036","38652186","22","17427748"
"chr6","21268615","21268924","chr3","9026672","9026974","32","12241943"
"chr6","21288620","21288932","chr6","12064154","12064463","34","9224466"
"chr6","21295700","21296001","chr17","51114491","51114787","24","29818791"
"chr6","21314375","21314689","chr20","86321010","86321324","42","65006635"
"chr6","21334074","21334356","chrX","37770895","37771173","37","16436821"
"chr6","21391074","21391368","chr10","88760771","88761072","36","67369697"
"chr6","21436601","21436887","chr17","50972666","50972949","40","29536065"
"chr6","21462284","21462523","chr24","71573861","71574119","51","50111577"
"chr6","21482634","21482939","chr17","50925848","50926151","27","29443214"
"chr6","21488868","21489176","chr1","66050440","66050743","41","44561572"
"chr6","21523264","21523537","chr17","50884709","50885005","43","29361445"
"chr6","21529674","21529969","chr9","12277347","12277641","29","9252327"
"chr6","21535790","21536094","chr16","25344377","25344680","34","3808587"
"chr6","21561315","21561632","chr17","50845834","50846143","35","29284519"
"chr6","21607870","21608153","chr17","50805622","50805905","34","29197752"
"chr6","21619428","21619699","chr17","50794316","50794587","28","29174888"
"chr6","21639912","21640219","chr9","89871771","89872071","41","68231859"
"chr6","21642080","21642260","chr5","4271859","4272053","41","17370221"
"chr6","21665500","21665791","chr16","2349240","2349537","35","19316260"
"chr6","21667328","21667631","chr17","50746179","50746474","38","29078851"
"chr6","21672007","21672302","chr14","14997912","14998214","44","6674095"
"chr6","21683187","21683469","chr17","50729989","50730270","25","29046802"
"chr6","21690861","21691161","chr20","7645196","7645499","33","14045665"
"chr6","21691467","21691770","chr18","60074159","60074462","42","38382692"
"chr6","21697003","21697190","chr6","46537065","46537244","28","24840062"
"chr6","21699670","21699962","chr17","50714205","50714497","28","29014535"
"chr6","21710381","21710675","chr24","53701491","53701787","34","31991110"
"chr6","21718328","21718625","chr17","50694223","50694520","21","28975895"
"chr6","21720382","21720699","chr15","16932139","16932452","46","4788243"
"chr6","21723529","21723825","chr1","67937430","67937722","42","46213901"
"chr6","21753576","21753881","chr28","19866437","19866742","35","1887139"
"chr6","21762595","21762791","chr7","15845768","15845962","26","5916827"
"chr6","21762842","21763144","chr26","43663051","43663349","39","21900209"
"chr6","21763743","21763982","chr6","11557988","11558218","39","10205755"
"chr6","21780553","21780855","chr17","50633373","50633674","26","28852820"
"chr6","21782341","21782655","chr17","50631567","50631871","37","28849226"
"chr6","21783982","21784274","chr17","50630286","50630587","25","28846304"
"chr6","21787727","21788019","chr17","50626521","50626816","33","28838794"
"chr6","21789734","21790049","chr7","119789649","119789968","51","97999915"
"chr6","21790153","21790449","chr17","50624041","50624332","25","28833888"
"chr6","21794014","21794320","chr17","50619856","50620159","32","28825842"
"chr6","21825264","21825584","chr27","7663721","7664031","43","14161543"
"chr6","21834156","21834453","chr1","9967077","9967375","34","11867079"
"chr6","21882459","21882758","chr17","50534786","50535081","37","28652327"
"chr6","21888155","21888454","chr1","5710739","5711040","28","16177416"
"chr6","21906354","21906641","chr17","50513544","50513833","28","28607190"
"chr6","21914149","21914426","chr17","50507501","50507782","30","28593352"
"chr6","21918039","21918307","chr17","50503356","50503633","26","28585317"
"chr6","21928439","21928738","chr2","16817283","16817584","32","5111156"
"chr6","21936901","21937185","chrX","1052","1331","31","21935849"
"chr6","21943823","21944115","chrX","22852905","22853198","30","909082"
"chr6","21961251","21961545","chr16","64440140","64440434","33","42478889"
"chr6","21967419","21967701","chr27","42669015","42669295","31","20701596"
"chr6","21973255","21973555","chr17","50446729","50447027","24","28473474"
"chr6","21985439","21985711","chr17","50434065","50434351","32","28448626"
"chr6","22000543","22000845","chr17","50418827","50419126","30","28418284"
"chr6","22005672","22006004","chr17","50414479","50414817","36","28408807"
"chr6","22010141","22010439","chr14","96159735","96160031","38","74149594"
"chr6","22017035","22017331","chr17","50403171","50403459","30","28386136"
"chr6","22022131","22022433","chr8","35921122","35921424","39","13898991"
"chr6","22026514","22026825","chr17","50393754","50394083","47","28367240"
"chr6","22036956","22037264","chr17","50384654","50384959","32","28347698"
"chr6","22040859","22041169","chr17","50380440","50380749","29","28339581"
"chr6","22042302","22042598","chr17","50379019","50379315","21","28336717"
"chr6","22060012","22060307","chr1","32350047","32350343","25","10290035"
"chr6","22066099","22066389","chr17","50354363","50354653","24","28288264"
"chr6","22071654","22071959","chr26","18344490","18344794","32","3727164"
"chr6","22085550","22085847","chr16","47407621","47407917","42","25322071"
"chr6","22101440","22101753","chr17","50321084","50321394","29","28219644"
"chr6","22103561","22103817","chr11","116941025","116941272","41","94837464"
"chr6","22108073","22108228","chr5","25695095","25695250","25","3587022"
"chr6","22133927","22134164","chr17","50285489","50285726","19","28151562"
"chr6","22134173","22134467","chr1","46249215","46249511","35","24115042"
"chr6","22138682","22138985","chr17","50280761","50281064","23","28142079"
"chr6","22147746","22148038","chr16","2582202","2582502","52","19565544"
"chr6","22148098","22148410","chr17","50271101","50271413","35","28123003"
"chr6","22225791","22226068","chr21","34777956","34778231","43","12552165"
"chr6","22259500","22259802","chr7","129442857","129443160","32","107183357"
"chr6","22321137","22321438","chrX","726290","726593","36","21594847"
"chr6","22324161","22324454","chr17","50102410","50102694","28","27778249"
"chr6","22339406","22339713","chr17","50087146","50087443","33","27747740"
"chr6","22483736","22483984","chrX","14574721","14574981","41","7909015"
"chr6","22502301","22502603","chr16","3231040","3231340","34","19271261"
"chr6","22661152","22661456","chr14","105114118","105114427","49","82452966"
"chr6","22730151","22730452","chrX","23730377","23730681","29","1000226"
"chr6","22764550","22764845","chr1","17699624","17699919","38","5064926"
"chr6","22832562","22832855","chr1","20699062","20699352","41","2133500"
"chr6","22846457","22846755","chr17","49602955","49603251","31","26756498"
"chr6","22909506","22909795","chr1","125148379","125148673","38","102238873"
"chr6","23079768","23080077","chr20","129483160","129483465","43","106403392"
"chr6","23087978","23088280","chr3","91583441","91583739","41","68495463"
"chr6","23241592","23241885","chr17","49204582","49204887","31","25962990"
"chr6","23391578","23391889","chr14","5476565","5476877","34","17915013"
"chr6","23436037","23436333","chr20","39604857","39605150","34","16168820"
"chr6","23446451","23446764","chr17","29971396","29971707","37","6524945"
"chr6","23484142","23484438","chr8","81213863","81214170","42","57729721"
"chr6","23591119","23591397","chr17","48849153","48849435","32","25258034"
"chr6","23628829","23629138","chr17","48812836","48813123","47","25184007"
"chr6","23634501","23634765","chr9","44980829","44981096","41","21346328"
"chr6","23727542","23727816","chr17","48719097","48719369","31","24991555"
"chr6","23817150","23817460","chr6","7177296","7177603","39","16639854"
"chr6","23834249","23834549","chr17","48613058","48613352","27","24778809"
"chr6","23886593","23886763","chr9","57624793","57624958","30","33738200"
"chr6","23887665","23887930","chr9","44980829","44981096","44","21093164"
"chr6","23998518","23998813","chr5","25397276","25397570","39","1398758"
"chr6","24096107","24096400","chr17","48376892","48377187","28","24280785"
"chr6","24107136","24107457","chr17","48365770","48366091","38","24258634"
"chr6","24154957","24155272","chr10","116702690","116703007","53","92547733"
"chr6","24182278","24182555","chr17","48274988","48275270","33","24092710"
"chr6","24208992","24209285","chr17","48248911","48249206","21","24039919"
"chr6","24214099","24214403","chr1","54624812","54625114","32","30410713"
"chr6","24315079","24315378","chr26","2668803","2669103","30","21646276"
"chr6","24329840","24330152","chr17","48145726","48146039","31","23815886"
"chr6","24351733","24352035","chr17","48125305","48125611","28","23773572"
"chr6","24353964","24354270","chr20","24317152","24317460","40","36812"
"chr6","24390887","24391188","chr9","12277347","12277641","39","12113540"
"chr6","24397109","24397423","chr4","61619564","61619879","49","37222455"
"chr6","24408938","24409221","chr1","5990265","5990557","39","18418673"
"chr6","24432823","24433117","chr17","48043429","48043721","20","23610606"
"chr6","24484469","24484780","chr7","121848759","121849068","32","97364290"
"chr6","24520091","24520390","chr14","42323074","42323376","38","17802983"
"chr6","24559676","24559957","chr26","44867442","44867724","37","20307766"
"chr6","24586486","24586792","chr5","26410686","26410992","37","1824200"
"chr6","24629939","24630240","chr10","82797542","82797843","35","58167603"
"chr6","24630778","24631086","chr9","16797425","16797729","40","7833353"
"chr6","24636852","24637167","chr17","47839411","47839724","24","23202559"
"chr6","24644725","24645004","chr17","47832683","47832972","55","23187958"
"chr6","24645017","24645063","chr22","27162227","27162269","17","2517210"
"chr6","24661629","24661920","chr4","36036902","36037194","32","11375273"
"chr6","24676905","24677212","chr20","71875277","71875582","36","47198372"
"chr6","24698812","24699048","chr26","19753085","19753324","47","4945727"
"chr6","24703114","24703406","chr17","47780722","47781019","26","23077608"
"chr6","24726084","24726393","chr14","105114118","105114427","36","80388034"
"chr6","24736299","24736594","chr17","47754426","47754736","42","23018127"
"chr6","24750407","24750721","chr6","15813882","15814194","35","8936525"
"chr6","24775987","24776281","chr22","9570012","9570305","39","15205975"
"chr6","24780298","24780595","chrX","22428011","22428306","37","2352287"
"chr6","24781592","24781905","chr17","47717871","47718179","31","22936279"
"chr6","24793781","24794066","chr9","119622102","119622388","36","94828321"
"chr6","24801306","24801601","chr17","47698350","47698659","39","22897044"
"chr6","24813955","24814245","chr7","37298478","37298772","33","12484523"
"chr6","24814802","24815110","chr24","40469169","40469470","51","15654367"
"chr6","24825063","24825335","chr17","47675909","47676181","18","22850846"
"chr6","24838374","24838671","chr17","47661476","47661779","24","22823102"
"chr6","24852025","24852331","chr15","3993056","3993366","37","20858969"
"chr6","24859362","24859660","chr6","12817354","12817649","39","12042008"
"chr6","24864638","24864944","chrX","17556505","17556807","41","7308133"
"chr6","24876265","24876561","chr3","3101309","3101608","43","21774956"
"chr6","24896906","24897191","chr17","47606805","47607083","29","22709899"
"chr6","24929309","24929594","chr22","14461791","14462070","47","10467518"
"chr6","24938196","24938484","chr1","5990265","5990557","40","18947931"
"chr6","24955137","24955446","chr20","9169732","9170041","36","15785405"
"chr6","24977095","24977403","chr14","59464027","59464336","35","34486932"
"chr6","24978345","24978642","chr17","47530691","47530971","37","22552346"
"chr6","24989381","24989653","chr17","47520310","47520573","26","22530929"
"chr6","25011655","25011960","chr17","47497337","47497632","30","22485682"
"chr6","25016967","25017258","chr24","54687725","54688017","34","29670758"
"chr6","25022447","25022730","chr17","47479700","47479982","29","22457253"
"chr6","25025998","25026176","chr9","51233080","51233257","35","26207082"
"chr6","25026696","25026996","chr4","65699270","65699561","39","40672574"
"chr6","25030219","25030392","chr14","78421768","78421943","31","53391549"
"chr6","25072037","25072324","chr13","95801104","95801403","38","70729067"
"chr6","25074955","25075259","chr17","47427257","47427574","33","22352302"
"chr6","25092581","25092875","chr1","12403657","12403947","27","12688924"
"chr6","25108826","25109132","chr10","120013","120319","35","24988813"
"chr6","25110561","25110857","chr17","47389940","47390236","16","22279379"
"chr6","25117041","25117348","chr8","48698345","48698653","40","23581304"
"chr6","25133152","25133449","chr17","47367465","47367777","38","22234313"
"chr6","25168122","25168390","chr16","38286212","38286478","39","13118090"
"chr6","25188817","25189131","chr17","47309888","47310189","38","22121071"
"chr6","25209471","25209773","chr7","114889653","114889953","35","89680182"
"chr6","25215385","25215676","chr6","12817354","12817649","33","12398031"
"chr6","25237386","25237680","chr7","24435976","24436271","32","801410"
"chr6","25274893","25275204","chr17","47219246","47219558","19","21944353"
"chr6","25333807","25334106","chr24","81534444","81534741","36","56200637"
"chr6","25338148","25338457","chr17","47153810","47154107","34","21815662"
"chr6","25345400","25345702","chr17","47146218","47146526","24","21800818"
"chr6","25353646","25353936","chrX","22748360","22748652","36","2605286"
"chr6","25398413","25398717","chr17","47096041","47096349","20","21697628"
"chr6","25509227","25509520","chr8","137860796","137861094","38","112351569"
"chr6","25519850","25520139","chr9","110912661","110912949","39","85392811"
"chr6","25558036","25558269","chr6","11557988","11558218","49","14000048"
"chr6","25569229","25569463","chr6","38494239","38494470","35","12925010"
"chr6","25645018","25645279","chr17","46869674","46869943","21","21224656"
"chr6","25645584","25645880","chr17","46869087","46869369","38","21223503"
"chr6","25772936","25773249","chr17","46743866","46744172","33","20970930"
"chr6","25790301","25790573","chr17","46725930","46726203","29","20935629"
"chr6","25800123","25800425","chr17","46715735","46716037","18","20915612"
"chr6","25805221","25805514","chr17","46710572","46710864","25","20905351"
"chr6","25882437","25882694","chr17","46635829","46636091","23","20753392"
"chr6","25960350","25960646","chr17","46556272","46556570","27","20595922"
"chr6","25969796","25970075","chr17","46547158","46547438","34","20577362"
"chr6","25984967","25985261","chr17","46529450","46529745","23","20544483"
"chr6","26001119","26001430","chr14","5460529","5460831","41","20540590"
"chr6","26032522","26032765","chr6","12568460","12568707","54","13464062"
"chr6","26161816","26162127","chr17","59119110","59119421","36","32957294"
"chr6","26167398","26167593","chr5","43999810","44000000","28","17832412"
"chr6","26170486","26170785","chr8","7114217","7114516","38","19056269"
"chr6","26180151","26180444","chr5","27859731","27860022","36","1679580"
"chr6","26197901","26198180","chr16","15258476","15258757","35","10939425"
"chr6","26202645","26202940","chr17","46315712","46316017","30","20113067"
"chr6","26221728","26222024","chr27","9440933","9441230","42","16780795"
"chr6","26272865","26273165","chr17","46246617","46246923","22","19973752"
"chr6","26278573","26278865","chr17","46240851","46241159","33","19962278"
"chr6","26285074","26285363","chr17","46234386","46234675","39","19949312"
"chr6","26319617","26319912","chr17","46201788","46202084","36","19882171"
"chr6","26349998","26350288","chr17","46170544","46170844","35","19820546"
"chr6","26412882","26413185","chr17","46107638","46107929","33","19694756"
"chr6","26470910","26471212","chr17","46044694","46044991","37","19573784"
"chr6","26481779","26482086","chr17","46033123","46033419","37","19551344"
"chr6","26485194","26485508","chr17","46029748","46030056","25","19544554"
"chr6","26491516","26491716","chr17","46023223","46023427","17","19531707"
"chr6","26507815","26508114","chr17","46009850","46010158","40","19502035"
"chr6","26515167","26515389","chr17","46008178","46008402","17","19493011"
"chr6","26530094","26530398","chr2","89856106","89856409","38","63326012"
"chr6","26531268","26531567","chr17","45992592","45992889","31","19461324"
"chr6","26564433","26564718","chr1","99252258","99252542","36","72687825"
"chr6","26581328","26581600","chr5","69946387","69946664","42","43365059"
"chr6","26613623","26613927","chr2","13355109","13355411","33","13258514"
"chr6","26622159","26622442","chr17","45894601","45894887","35","19272442"
"chr6","26667478","26667782","chr17","45851914","45852206","33","19184436"
"chr6","26738077","26738361","chr17","45742618","45742903","25","19004541"
"chr6","26760988","26761284","chrX","37085676","37085973","36","10324688"
"chr6","26775430","26775718","chr17","45707960","45708254","25","18932530"
"chr6","26799963","26800268","chr17","45683745","45684045","33","18883782"
"chr6","26800891","26801194","chr17","45682818","45683123","31","18881927"
"chr6","26815168","26815471","chr17","45666817","45667136","34","18851649"
"chr6","26829309","26829528","chr24","2625667","2625899","65","24203642"
"chr6","26835422","26835736","chr17","45641445","45641758","40","18806023"
"chr6","26838058","26838345","chr17","45638877","45639173","31","18800819"
"chr6","26841339","26841634","chr8","7114217","7114516","41","19727122"
"chr6","26854662","26854996","chr14","8235330","8235640","68","18619332"
"chr6","26857125","26857307","chr10","33376506","33376682","43","6519381"
"chr6","26861827","26862133","chr2","87753173","87753470","47","60891346"
"chr6","26869103","26869343","chr9","61704066","61704306","39","34834963"
"chr6","26878127","26878436","chr17","45605250","45605557","32","18727123"
"chr6","26944057","26944356","chr17","45038260","45038559","38","18094203"
"chr6","26953194","26953487","chr2","58341146","58341445","38","31387952"
"chr6","27083091","27083369","chr7","111567460","111567746","38","84484369"
"chr6","27101661","27101975","chr6","10099370","10099656","66","17002291"
"chr6","27125643","27125952","chr21","7520859","7521165","38","19604784"
"chr6","27131241","27131552","chr29","7704930","7705237","44","19426311"
"chr6","27135728","27136028","chr4","36351212","36351514","30","9215484"
"chr6","27266060","27266337","chr15","36368131","36368406","42","9102071"
"chr6","27287205","27287498","chr17","35784999","35785287","40","8497794"
"chr6","27288085","27288377","chr16","10052529","10052819","35","17235556"
"chr6","27311864","27312167","chr16","55827796","55828100","37","28515932"
"chr6","27315228","27315540","chr21","124655752","124656055","38","97340524"
"chr6","27365397","27365647","chr8","75622434","75622685","50","48257037"
"chr6","27389393","27389707","chr17","45380279","45380589","44","17990886"
"chr6","27403018","27403286","chr21","28443918","28444185","35","1040900"
"chr6","27404100","27404380","chr17","45365389","45365669","35","17961289"
"chr6","27412006","27412199","chr23","37539377","37539563","35","10127371"
"chr6","27412759","27413043","chr6","15677208","15677493","42","11735551"
"chr6","27463343","27463632","chr25","25596404","25596692","40","1866939"
"chr6","27476630","27476808","chr17","45305748","45305930","19","17829118"
"chr6","27476809","27477061","chr9","34088434","34088698","42","6611625"
"chr6","27477682","27477807","chr17","45305255","45305379","12","17827573"
"chr6","27480738","27481014","chr17","45302002","45302277","28","17821264"
"chr6","27481469","27481771","chr2","58338718","58339014","31","30857249"
"chr6","27482710","27483023","chr17","45300016","45300335","36","17817306"
"chr6","27489070","27489332","chr2","86000001","86000258","40","58510931"
"chr6","27492305","27492607","chr5","68650212","68650516","43","41157907"
"chr6","27527417","27527699","chr1","111657824","111658106","33","84130407"
"chr6","27537249","27537558","chr17","45244748","45245056","32","17707499"
"chr6","27560876","27561091","chr9","99339340","99339577","61","71778464"
"chr6","27588884","27589044","chr17","45192797","45192966","30","17603913"
"chr6","27626513","27626819","chr15","37526343","37526630","48","9899830"
"chr6","27744888","27745187","chr17","45038260","45038559","23","17293372"
"chr6","27751193","27751503","chr17","45032897","45033198","33","17281704"
"chr6","27783052","27783361","chr5","26410686","26410992","41","1372366"
"chr6","27839839","27840145","chrX","38416664","38416967","45","10576825"
"chr6","27843083","27843387","chr17","44953159","44953447","38","17110076"
"chr6","27855727","27856034","chr17","39099892","39100198","37","11244165"
"chr6","27864618","27864937","chr2","25643910","25644227","44","2220708"
"chr6","27871236","27871547","chr1","57381049","57381356","49","29509813"
"chr6","27876483","27876744","chr14","51772675","51772943","38","23896192"
"chr6","27882903","27883228","chr16","53251638","53251946","54","25368735"
"chr6","27896697","27896995","chr17","44897939","44898239","35","17001242"
"chr6","27907920","27908232","chr17","44886314","44886616","28","16978394"
"chr6","27927819","27928120","chr17","44867473","44867779","26","16939654"
"chr6","27928350","27928632","chr17","44866954","44867247","35","16938604"
"chr6","27929474","27929776","chr17","44866128","44866427","32","16936654"
"chr6","27931359","27931650","chr17","44864585","44864880","25","16933226"
"chr6","27932235","27932533","chr17","44863989","44864288","26","16931754"
"chr6","27935473","27935778","chr20","101713798","101714099","44","73778325"
"chr6","27936332","27936641","chr17","44860209","44860512","39","16923877"
"chr6","27953151","27953453","chr10","64003857","64004159","40","36050706"
"chr6","27954355","27954656","chr3","24433378","24433676","49","3520977"
"chr6","27962515","27962823","chr5","73304712","73305017","44","45342197"
"chr6","27980361","27980655","chr24","40758560","40758856","38","12778199"
"chr6","28021421","28021720","chr20","102069946","102070249","34","74048525"
"chr6","28059778","28060076","chr17","44744643","44744930","37","16684865"
"chr6","28090595","28090881","chr14","12937978","12938261","32","15152617"
"chr6","28124695","28124986","chr16","72650947","72651238","30","44526252"
"chr6","28129433","28129734","chr17","44672303","44672614","35","16542870"
"chr6","28208655","28208968","chr17","44586107","44586433","36","16377452"
"chr6","28235963","28236243","chr17","44555802","44556101","35","16319839"
"chr6","28268775","28269083","chr5","16561474","16561778","36","11707301"
"chr6","28270237","28270533","chr15","56798718","56799009","41","28528481"
"chr6","28317612","28317835","chr17","44513403","44513631","21","16195791"
"chr6","28431846","28432143","chr12","27056019","27056313","47","1375827"
"chr6","28435286","28435577","chr17","44397228","44397519","24","15961942"
"chr6","28517277","28517572","chr26","43663051","43663349","41","15145774"
"chr6","28600236","28600538","chr17","44219203","44219510","32","15618967"
"chr6","28621944","28622208","chr17","44201432","44201699","26","15579488"
"chr6","28633799","28634106","chr26","2668803","2669103","33","25964996"
"chr6","28652160","28652456","chr21","108401183","108401477","32","79749023"
"chr6","28662571","28662882","chr17","44161505","44161812","31","15498934"
"chr6","28695739","28696045","chr17","44125123","44125430","21","15429384"
"chr6","28722769","28723107","chr27","21581463","21581790","56","7141306"
"chr6","28759608","28759903","chr17","44064456","44064748","35","15304848"
"chr6","28820554","28820840","chr20","90278096","90278375","42","61457542"
"chr6","28867044","28867338","chr17","43960164","43960460","18","15093120"
"chr6","28874796","28875006","chr11","124263168","124263380","50","95388372"
"chr6","28896511","28896812","chr17","43928730","43929036","19","15032219"
"chr6","28905530","28905840","chr6","15813882","15814194","32","13091648"
"chr6","28915141","28915445","chr17","43907903","43908200","27","14992762"
"chr6","28918613","28918931","chr4","75758141","75758447","45","46839528"
"chr6","28966526","28966836","chr17","43868388","43868694","32","14901862"
"chr6","28982342","28982636","chr17","43850462","43850766","27","14868120"
"chr6","28984644","28984923","chr19","21211544","21211829","39","7773100"
"chr6","28996388","28996681","chr15","91625832","91626129","43","62629444"
"chr6","29005491","29005786","chr22","5955596","5955889","36","23049895"
"chr6","29008141","29008415","chr17","43824905","43825169","33","14816764"
"chr6","29008443","29008751","chr17","43824566","43824859","32","14816123"
"chr6","29029147","29029433","chr17","43800426","43800709","31","14771279"
"chr6","29031452","29031762","chr10","44028544","44028854","48","14997092"
"chr6","29060408","29060716","chr2","57787969","57788279","37","28727561"
"chr6","29081917","29082226","chrX","46285407","46285716","43","17203490"
"chr6","29096101","29096274","chr17","43734432","43734604","10","14638331"
"chr6","29101321","29101483","chr17","43729560","43729720","11","14628239"
"chr6","29115785","29116091","chr17","43724134","43724437","27","14608349"
"chr6","29138024","29138322","chr17","43701109","43701408","29","14563085"
"chr6","29156594","29156905","chr12","31872250","31872558","33","2715656"
"chr6","29206326","29206598","chr17","43633359","43633622","36","14427033"
"chr6","29213932","29214227","chr5","59178950","59179249","31","29965018"
"chr6","29248324","29248634","chr20","24392880","24393191","30","4855444"
"chr6","29428454","29428746","chr17","43430201","43430490","23","14001747"
"chr6","29549010","29549320","chr12","30291065","30291376","34","742055"
"chr6","29573976","29574122","chr10","113328543","113328693","26","83754567"
"chr6","29575414","29575697","chr11","106778773","106779055","40","77203359"
"chr6","29671865","29672161","chr16","4797485","4797784","45","24874380"
"chr6","29838005","29838301","chr17","43032151","43032450","27","13194146"
"chr6","29846496","29846699","chr17","43023417","43023624","21","13176921"
"chr6","29849932","29850233","chr9","29774917","29775219","35","75015"
"chr6","29869812","29870121","chr16","66998287","66998595","43","37128475"
"chr6","29893157","29893495","chr17","42979360","42979687","33","13086203"
"chr6","29896385","29896685","chr17","42976467","42976772","50","13080082"
"chr6","29913200","29913497","chr12","30739008","30739302","41","825808"
"chr6","29951794","29952095","chr12","78583826","78584124","42","48632032"
"chr6","30012445","30012743","chr19","27573183","27573475","36","2439262"
"chr6","30058172","30058476","chr2","47273858","47274164","33","17215686"
"chr6","30101773","30102071","chr11","12599158","12599456","33","17502615"
"chr6","30197824","30198142","chr10","115507070","115507392","54","85309246"
"chr6","30471669","30471971","chr16","68946986","68947287","46","38475317"
"chr6","30486282","30486572","chr17","42396331","42396627","48","11910049"
"chr6","30525627","30525935","chrX_KE148108v1_random","5157110","5157414","35","25368517"
"chr6","30549621","30549925","chr17","42333879","42334179","30","11784258"
"chr6","30549928","30550209","chr5","13083683","13083979","49","17466245"
"chr6","30596751","30597050","chr19","32507255","32507550","40","1910504"
"chr6","30622015","30622190","chr17","42256657","42256837","16","11634642"
"chr6","30720861","30721165","chr17","42144677","42144988","30","11423816"
"chr6","30727807","30728045","chr9","61704066","61704306","52","30976259"
"chr6","30803601","30803841","chr2","42007606","42007844","33","11204005"
"chr6","30822278","30822578","chr17","41989851","41990151","26","11167573"
"chr6","30852724","30853040","chr20","111352130","111352435","42","80499406"
"chr6","30853260","30853570","chr11","4422956","4423267","38","26430304"
"chr6","30862795","30863129","chr14","68543693","68544018","67","37680898"
"chr6","30877550","30877842","chr11","49523007","49523297","31","18645457"
"chr6","30879746","30880061","chr2","47505197","47505502","49","16625451"
"chr6","30881652","30881950","chr28","14299127","14299421","36","16582525"
"chr6","30906617","30906912","chr21","117541596","117541891","30","86634979"
"chr6","30912318","30912617","chr17","41889935","41890227","38","10977617"
"chr6","30912894","30913099","chr17","38823537","38823742","30","7910643"
"chr6","30922407","30922698","chr2","80400544","80400835","36","49478137"
"chr6","30966500","30966805","chr23","22864793","22865102","32","8101707"
"chr6","30967046","30967345","chr17","41835210","41835503","35","10868164"
"chr6","30975760","30976055","chr9","111942921","111943215","35","80967161"
"chr6","30977431","30977693","chr17","41824405","41824659","22","10846974"
"chr6","30982213","30982510","chr17","41819621","41819903","40","10837408"
"chr6","30996577","30996877","chr16","1283822","1284122","32","29712755"
"chr6","30997965","30998264","chr17","41804216","41804511","31","10806251"
"chr6","31006005","31006308","chr17","41795856","41796151","33","10789851"
"chr6","31025708","31026010","chr17","41775878","41776176","17","10750170"
"chr6","31040693","31040986","chr15","91394121","91394413","33","60353428"
"chr6","31045339","31045651","chr17","41756598","41756912","28","10711259"
"chr6","31057386","31057689","chr17","41744516","41744814","22","10687130"
"chr6","31058390","31058653","chr17","41743578","41743842","23","10685188"
"chr6","31062645","31062939","chr12","102235817","102236112","40","71173172"
"chr6","31063529","31063827","chr17","41737008","41737295","35","10673479"
"chr6","31073966","31074261","chr17","41726674","41726970","46","10652708"
"chr6","31078788","31079072","chr6","49842626","49842910","46","18763838"
"chr6","31088389","31088623","chr9","61704066","61704306","47","30615677"
"chr6","31119155","31119458","chr2","16817283","16817584","30","14301872"
"chr6","31127125","31127428","chr17","41678932","41679241","34","10551807"
"chr6","31136142","31136451","chr13","84766589","84766899","37","53630447"
"chr6","31149880","31150182","chr1","17394855","17395157","42","13755025"
"chr6","31151056","31151351","chr18","31386596","31386890","44","235540"
"chr6","31152440","31152752","chr17","41653556","41653884","32","10501116"
"chr6","31161193","31161479","chr6","7506115","7506404","42","23655078"
"chr6","31166383","31166674","chr5","19189249","19189541","34","11977134"
"chr6","31171326","31171629","chr17","41635203","41635506","30","10463877"
"chr6","31172518","31172693","chr17","41634059","41634241","22","10461541"
"chr6","31173467","31173751","chr17","41632944","41633246","35","10459477"
"chr6","31184237","31184531","chr17","41621953","41622244","18","10437716"
"chr6","31193908","31194174","chr17","41611586","41611850","34","10417678"
"chr6","31198957","31199270","chr20","38061604","38061911","48","6862647"
"chr6","31219226","31219520","chr17","41590731","41591029","21","10371505"
"chr6","31253714","31254018","chr17","41559587","41559889","28","10305873"
"chr6","31260289","31260601","chr17","54719568","54719874","37","23459279"
"chr6","31277365","31277671","chr17","41536761","41537080","40","10259396"
"chr6","31283651","31283911","chr17","41530631","41530898","28","10246980"
"chr6","31291597","31291908","chr17","41522741","41523049","27","10231144"
"chr6","31294447","31294734","chr5","19825961","19826253","41","11468486"
"chr6","31329906","31330184","chr19","21550338","21550619","36","9779568"
"chr6","31330187","31330496","chr14","1330899","1331208","37","29999288"
"chr6","31353405","31353706","chr17","41462447","41462757","34","10109042"
"chr6","31356116","31356410","chr5","63673468","63673768","51","32317352"
"chr6","31385715","31386026","chr17","41435648","41435967","45","10049933"
"chr6","31423691","31423938","chr17","41398344","41398617","44","9974653"
"chr6","31425751","31426051","chr17","41396305","41396600","36","9970554"
"chr6","31429601","31429902","chr6","12401547","12401851","34","19028054"
"chr6","31440183","31440463","chr16","58402495","58402776","30","26962312"
"chr6","31443880","31444178","chrX","2734828","2735127","38","28709052"
"chr6","31452614","31452930","chr17","41370637","41370953","35","9918023"
"chr6","31454171","31454469","chr17","41369097","41369396","25","9914926"
"chr6","31471311","31471623","chr17","41354257","41354570","37","9882946"
"chr6","31476383","31476674","chr6","38663675","38663968","36","7187292"
"chr6","31485655","31485958","chr5","27172890","27173193","37","4312765"
"chr6","31496909","31497201","chr6","43598093","43598381","44","12101184"
"chr6","31500391","31500699","chr14","39640700","39640995","41","8140309"
"chr6","31503153","31503461","chr6","12373515","12373813","42","19129638"
"chr6","31505593","31505868","chr17","41324071","41324359","28","9818478"
"chr6","31520524","31520748","chr7","96194709","96194938","51","64674185"
"chr6","31535999","31536305","chrX","46009294","46009593","44","14473295"
"chr6","31549685","31549978","chr17","41285592","41285882","34","9735907"
"chr6","31556832","31557130","chr14","14997912","14998214","35","16558920"
"chr6","31558051","31558355","chr2","23642928","23643221","47","7915123"
"chr6","31570332","31570556","chr6","5423024","5423244","34","26147308"
"chr6","31579112","31579414","chr2","5914047","5914349","33","25665065"
"chr6","31599646","31599877","chr6","11557988","11558218","30","20041658"
"chr6","31604781","31605088","chr12","103720529","103720834","42","72115748"
"chr6","31766481","31766743","chr17","40484257","40484519","21","8717776"
"chr6","31796565","31796841","chr28","17356817","17357091","38","14439748"
"chr6","31803851","31804165","chr6","7583070","7583380","37","24220781"
"chr6","31805185","31805465","chr17","40460660","40460936","27","8655475"
"chr6","31821315","31821591","chrX","48419187","48419464","42","16597872"
"chr6","31830662","31830966","chr20","89948602","89948908","34","58117940"
"chr6","31832008","31832304","chr3","74119688","74119985","45","42287680"
"chr6","31870141","31870392","chr1","65698617","65698874","50","33828476"
"chr6","31874849","31875160","chr25","25629089","25629399","43","6245760"
"chr6","31879508","31879820","chr15","53643506","53643815","35","21763998"
"chr6","31885513","31885807","chr16","5899471","5899766","35","25986042"
"chr6","31886795","31887094","chr5","26955585","26955886","35","4931210"
"chr6","31892684","31892991","chr11","1437245","1437551","36","30455439"
"chr6","31948798","31949101","chr17","40357133","40357442","28","8408335"
"chr6","31981633","31981939","chr17","40324121","40324430","20","8342488"
"chr6","31990271","31990461","chr5","4271859","4272053","41","27718412"
"chr6","32000342","32000603","chr5","60403345","60403611","28","28403003"
"chr6","32011670","32011961","chr16","70416779","70417071","34","38405109"
"chr6","32012911","32013090","chr14","43295088","43295269","26","11282177"
"chr6","32022761","32023072","chr17","40280471","40280782","31","8257710"
"chr6","32028718","32029012","chr26","4822879","4823176","36","27205839"
"chr6","32035272","32035568","chr17","40268751","40269048","23","8233479"
"chr6","32035682","32035995","chr2","80483413","80483720","39","48447731"
"chr6","32050247","32050550","chr4","69040480","69040776","42","36990233"
"chr6","32075682","32075984","chr10","77017713","77018021","52","44942031"
"chr6","32078601","32078758","chr1","2937494","2937654","21","29141107"
"chr6","32090042","32090346","chrX","42061337","42061644","42","9971295"
"chr6","32116057","32116373","chr17","29240533","29240843","42","2875524"
"chr6","32122043","32122332","chr11","96978397","96978692","33","64856354"
"chr6","32132683","32132977","chr28","8179642","8179934","37","23953041"
"chr6","32144800","32145112","chr17","40157100","40157418","38","8012300"
"chr6","32148573","32148872","chr11","106610754","106611056","37","74462181"
"chr6","32172279","32172574","chr17","40129726","40130006","37","7957447"
"chr6","32184141","32184437","chr17","40117958","40118265","25","7933817"
"chr6","32189157","32189462","chr10","113695260","113695564","38","81506103"
"chr6","32191799","32192117","chr17","40110668","40110978","34","7918869"
"chr6","32198306","32198612","chr5","11844779","11845087","34","20353527"
"chr6","32199029","32199328","chr17","40102861","40103160","29","7903832"
"chr6","32214587","32214858","chr17","40087219","40087505","37","7872632"
"chr6","32216034","32216324","chr7","110778122","110778421","36","78562088"
"chr6","32216829","32217137","chr26","18344490","18344794","38","13872339"
"chr6","32223486","32223784","chr28","3867420","3867719","32","28356066"
"chr6","32336642","32336927","chr23","45480165","45480445","48","13143523"
"chr6","32341762","32342073","chrX","42218694","42219002","33","9876932"
"chr6","32364334","32364622","chr17","39929809","39930099","33","7565475"
"chr6","32365195","32365502","chr17","39928882","39929179","27","7563687"
"chr6","32368249","32368561","chr17","39925789","39926085","31","7557540"
"chr6","32368843","32369146","chr9","93595761","93596063","33","61226918"
"chr6","32387728","32388039","chr17","39908794","39909105","21","7521066"
"chr6","32398575","32398625","chr22","27162227","27162269","23","5236348"
"chr6","32398671","32398927","chr24","80707884","80708133","36","48309213"
"chr6","32399913","32400217","chr16","68946986","68947287","39","36547073"
"chr6","32401804","32402102","chr15","64630867","64631162","29","32229063"
"chr6","32429900","32430211","chr17","39869784","39870096","32","7439884"
"chr6","32432949","32433262","chr10","66348995","66349305","37","33916046"
"chr6","32473461","32473764","chr10","9225222","9225520","38","23248239"
"chr6","32494162","32494446","chr24","8126608","8126887","37","24367554"
"chr6","32502447","32502746","chr10","106960692","106960996","35","74458245"
"chr6","32604441","32604723","chr17","39709884","39710171","24","7105443"
"chr6","32680052","32680352","chr8","66339769","66340079","43","33659717"
"chr6","32815664","32815930","chr17","39524386","39524652","20","6708722"
"chr6","33028287","33028597","chr1","111098831","111099141","37","78070544"
"chr6","33158906","33159195","chr10","36804532","36804826","37","3645626"
"chr6","33182273","33182586","chr6","1626740","1627055","42","31555533"
"chr6","33231593","33231893","chr14","59411345","59411646","32","26179752"
"chr6","33250392","33250612","chr16","62209380","62209598","32","28958988"
"chr6","33266084","33266382","chr17","39248729","39249036","36","5982645"
"chr6","33341746","33342020","chr17","39168303","39168576","20","5826557"
"chr6","33403761","33404078","chr17","39105326","39105636","32","5701565"
"chr6","33409651","33409946","chrX","22852905","22853198","27","10556746"
"chr6","33417487","33417797","chr17","39092035","39092342","25","5674548"
"chr6","33503421","33503732","chr16","63669982","63670276","56","30166561"
"chr6","33557272","33557563","chr17","38937427","38937720","22","5380155"
"chr6","33574916","33575221","chr6","33583179","33583478","50","8263"
"chr6","33619945","33620131","chr17","38876208","38876390","10","5256263"
"chr6","33651343","33651634","chr17","38844857","38845148","22","5193514"
"chr6","33657337","33657650","chr17","38838758","38839053","39","5181421"
"chr6","33658850","33659151","chr1","52092856","52093154","31","18434006"
"chr6","33663104","33663415","chr20","9169732","9170041","31","24493372"
"chr6","33665812","33666110","chr8","18395460","18395758","38","15270352"
"chr6","33673803","33674105","chr12","45519713","45520016","25","11845910"
"chr6","33683173","33683473","chr17","38815575","38815876","24","5132402"
"chr6","33697252","33697545","chr16","45636697","45636993","45","11939445"
"chr6","33708267","33708570","chr17","38791324","38791633","36","5083057"
"chr6","33708571","33708855","chr17","38791031","38791323","30","5082460"
"chr6","33725624","33725927","chr17","38774410","38774712","26","5048786"
"chr6","33729494","33729803","chr10","87379500","87379805","38","53650006"
"chr6","33729880","33730187","chr18","48815029","48815336","38","15085149"
"chr6","33732699","33733001","chr17","38766778","38767079","28","5034079"
"chr6","33749704","33749998","chr17","38750185","38750481","32","5000481"
"chr6","33750001","33750299","chr17","38749889","38750182","32","4999888"
"chr6","33751349","33751664","chr10","44028544","44028854","51","10277195"
"chr6","33760276","33760575","chr6","30393310","30393612","35","3366966"
"chr6","33764853","33765163","chr19","32418463","32418774","35","1346390"
"chr6","33767306","33767579","chrX","80486335","80486608","39","46719029"
"chr6","33776165","33776489","chrX","23415638","23415958","41","10360527"
"chr6","33779697","33780003","chr11","96978397","96978692","39","63198700"
"chr6","33798296","33798594","chr1","68742662","68742962","32","34944366"
"chr6","33800442","33800723","chr17","38685758","38686045","33","4885316"
"chr6","33806499","33806787","chr10","122219389","122219677","37","88412890"
"chr6","33811155","33811450","chr6","12885147","12885441","51","20926008"
"chr6","33816383","33816440","chr22","18990534","18990602","22","14825849"
"chr6","33825337","33825655","chr18","17039455","17039764","41","16785882"
"chr6","33888378","33888682","chr28","19188684","19188984","34","14699694"
"chr6","33890941","33891226","chr9","62047991","62048284","35","28157050"
"chr6","33901449","33901757","chr17","38592511","38592816","24","4691062"
"chr6","33905884","33906174","chr1","4389880","4390182","40","29516004"
"chr6","33912994","33913211","chr11","124263168","124263380","39","90350174"
"chr6","33920511","33920749","chr17","38574884","38575130","19","4654373"
"chr6","33930443","33930739","chr8","119165031","119165328","32","85234588"
"chr6","33932746","33933036","chr20","114792576","114792864","35","80859830"
"chr6","33939513","33939820","chr17","38552736","38553033","31","4613223"
"chr6","33949598","33949899","chr16","3259590","3259889","36","30690008"
"chr6","33954401","33954712","chr17","38539168","38539468","32","4584767"
"chr6","33955896","33956200","chr17","38537640","38537938","20","4581744"
"chr6","33965818","33966120","chr17","38531302","38531615","36","4565484"
"chr6","33969339","33969416","chrX","116311180","116311249","23","82341841"
"chr6","33970100","33970288","chr5","4271859","4272053","55","29698241"
"chr6","33983084","33983373","chr17","38511642","38511930","23","4528558"
"chr6","34026733","34027038","chr25","70225218","70225524","36","36198485"
"chr6","34060415","34060728","chr2","27855955","27856255","43","6204460"
"chr6","34070084","34070286","chr5","53758136","53758337","31","19688052"
"chr6","34086528","34086831","chr3","9026672","9026974","43","25059856"
"chr6","34107220","34107523","chr14","14997912","14998214","24","19109308"
"chr6","34138789","34139087","chr11","120526163","120526460","49","86387374"
"chr6","34163060","34163374","chr17","29971396","29971707","29","4191664"
"chr6","34348725","34349031","chr17","38161768","38162066","29","3813043"
"chr6","34371189","34371495","chr17","38139338","38139639","28","3768149"
"chr6","34400851","34401166","chr17","60680323","60680628","47","26279472"
"chr6","34439729","34440032","chr17","38076408","38076713","31","3636679"
"chr6","34467497","34467797","chr17","38050308","38050595","34","3582811"
"chr6","34479151","34479447","chr23","73595112","73595407","36","39115961"
"chr6","34532437","34532744","chr5","26410686","26410992","35","8121751"
"chr6","34546073","34546375","chr17","37972760","37973060","36","3426687"
"chr6","34587960","34588253","chr17","37928974","37929264","31","3341014"
"chr6","34606733","34606953","chr11","124263168","124263380","38","89656435"
"chr6","34608610","34608901","chr17","37901873","37902176","34","3293263"
"chr6","34616969","34617241","chr19","31431866","31432139","45","3185103"
"chr6","34635054","34635351","chr5","18721938","18722228","39","15913116"
"chr6","34640960","34641255","chr17","37878069","37878366","25","3237109"
"chr6","34681581","34681872","chr6","2294070","2294363","30","32387511"
"chr6","34701531","34701818","chr17","37815770","37816043","38","3114239"
"chr6","34716295","34716443","chr17","37800820","37800973","16","3084525"
"chr6","34719934","34720227","chr17","37797085","37797386","24","3077151"
"chr6","34750940","34751229","chr17","37763083","37763378","29","3012143"
"chr6","34760906","34761172","chr17","37753503","37753784","49","2992597"
"chr6","34779559","34779840","chr24","48835705","48835984","30","14056146"
"chr6","34785419","34785716","chr17","37729342","37729640","19","2943923"
"chr6","34787689","34787881","chr7","15845768","15845962","43","18941921"
"chr6","34788890","34789098","chr17","37725613","37725824","20","2936723"
"chr6","34790284","34790594","chr17","37724437","37724742","20","2934153"
"chr6","34804974","34805259","chr2","89605361","89605646","37","54800387"
"chr6","34823476","34823712","chr6","48316385","48316620","35","13492909"
"chr6","34824193","34824473","chr6","12275964","12276244","35","22548229"
"chr6","34828523","34828822","chr17","37686325","37686628","29","2857802"
"chr6","34830992","34831280","chr17","64391084","64391373","37","29560092"
"chr6","34833507","34833799","chr17","37685250","37685560","37","2851743"
"chr6","34833813","34834104","chr17","37684945","37685224","36","2851132"
"chr6","34841058","34841364","chr9","34526092","34526401","45","314966"
"chr6","34848741","34849020","chr10","104484773","104485060","45","69636032"
"chr6","34852890","34853197","chr19","27996740","27997048","36","6856150"
"chr6","34897989","34898233","chr26","33013086","33013330","29","1884903"
"chr6","34909114","34909425","chr26","8899316","8899617","42","26009798"
"chr6","34925049","34925360","chr17","37598871","37599179","32","2673822"
"chr6","34927619","34927932","chr17","70166834","70167147","41","35239215"
"chr6","34971930","34972223","chr17","37557377","37557660","37","2585447"
"chr6","34974940","34975244","chr8","137564378","137564680","49","102589438"
"chr6","34987753","34988039","chr17","37542331","37542628","33","2554578"
"chr6","34994578","34994881","chr17","37536230","37536546","48","2541652"
"chr6","35038734","35039046","chr17","37494897","37495203","39","2456163"
"chr6","35041506","35041803","chr17","37492092","37492392","39","2450586"
"chr6","35058173","35058470","chr17","37476517","37476823","29","2418344"
"chr6","35069921","35070217","chr17","37464534","37464839","35","2394613"
"chr6","35077331","35077628","chr16","70284377","70284671","34","35207046"
"chr6","35084723","35085060","chrX","23415638","23415958","61","11669085"
"chr6","35087598","35087902","chr17","37447746","37448048","24","2360148"
"chr6","35093199","35093492","chr16","59525991","59526277","34","24432792"
"chr6","35109426","35109739","chr11","117187475","117187785","49","82078049"
"chr6","35112423","35112721","chr18","43649832","43650135","38","8537409"
"chr6","35115504","35115794","chr16","8450535","8450830","33","26664969"
"chr6","35121112","35121425","chr9","94630245","94630537","65","59509133"
"chr6","35128975","35129271","chr8","66546850","66547146","34","31417875"
"chr6","35137812","35138110","chr6","49596731","49597027","40","14458919"
"chr6","35141768","35142053","chr17","37399586","37399871","26","2257818"
"chr6","35153147","35153337","chr7","1388861","1389024","60","33764286"
"chr6","35156098","35156406","chr17","37383586","37383903","27","2227488"
"chr6","35159293","35159584","chr2","36216036","36216332","44","1056743"
"chr6","35162694","35162984","chr17","37378345","37378632","27","2215651"
"chr6","35173291","35173620","chr17","37367226","37367555","27","2193935"
"chr6","35174591","35174894","chr17","37366020","37366331","23","2191429"
"chr6","35175683","35175977","chr17","37364926","37365224","27","2189243"
"chr6","35176147","35176448","chr12","46549426","46549730","32","11373279"
"chr6","35188473","35188734","chr29","16577540","16577802","43","18610933"
"chr6","35194630","35194925","chr17","37349076","37349359","32","2154446"
"chr6","35226727","35227025","chr17","37323902","37324191","31","2097175"
"chr6","35236354","35236656","chr17","37313271","37313573","21","2076917"
"chr6","35239776","35239998","chr9","95634780","95635009","30","60395004"
"chr6","35243946","35244224","chr12","32763230","32763511","37","2480716"
"chr6","35245024","35245304","chr17","37304684","37304965","17","2059660"
"chr6","35249311","35249605","chr17","37302025","37302325","26","2052714"
"chr6","35279372","35279570","chr5","4271859","4272053","35","31007513"
"chr6","35284649","35284925","chr17","37273286","37273560","21","1988637"
"chr6","35286825","35287129","chr1","101882714","101883021","35","66595889"
"chr6","35303139","35303433","chr3","30894413","30894707","38","4408726"
"chr6","35306890","35307200","chr2","14523205","14523513","32","20783685"
"chr6","35308099","35308403","chr17","37249403","37249698","31","1941304"
"chr6","35320124","35320435","chr17","37237053","37237358","31","1916929"
"chr6","35327113","35327406","chr1","112880557","112880846","37","77553444"
"chr6","35330755","35331054","chr17","37228792","37229088","22","1898037"
"chr6","35351233","35351543","chr17","37208106","37208417","27","1856873"
"chr6","35359556","35359863","chr17","37199342","37199649","16","1839786"
"chr6","35373816","35374116","chr20","115245212","115245514","31","79871396"
"chr6","35374845","35375094","chr11","106630762","106631000","47","71255917"
"chr6","35393626","35393932","chr17","37171671","37171980","32","1778045"
"chr6","35398770","35399081","chr18","48815029","48815336","32","13416259"
"chr6","35409094","35409399","chr24","65509457","65509763","34","30100363"
"chr6","35412998","35413318","chr5","67526909","67527232","39","32113911"
"chr6","35443996","35444298","chr5","15359258","15359558","36","20084738"
"chr6","35469577","35469885","chr14","82794681","82794991","34","47325104"
"chr6","35516578","35516876","chr1","6871378","6871678","36","28645200"
"chr6","35517905","35518216","chr8","10801167","10801476","36","24716738"
"chr6","35539141","35539436","chr17","37029648","37029952","30","1490507"
"chr6","35555357","35555663","chr17","37012270","37012592","34","1456913"
"chr6","35586333","35586624","chr17","36982215","36982505","24","1395882"
"chr6","35596132","35596454","chr17","36972024","36972342","30","1375892"
"chr6","35601481","35601755","chr12","32763230","32763511","41","2838251"
"chr6","35601816","35602100","chr17","36966342","36966634","37","1364526"
"chr6","35634976","35635274","chr17","36930501","36930799","27","1295525"
"chr6","35707001","35707303","chr17","36860572","36860864","32","1153571"
"chr6","35712257","35712559","chr17","36855379","36855679","27","1143122"
"chr6","35728018","35728320","chr17","36839468","36839772","27","1111450"
"chr6","35745704","35746005","chr17","36822079","36822383","20","1076375"
"chr6","35752523","35752836","chr17","36815393","36815702","29","1062870"
"chr6","35773029","35773335","chr17","36792469","36792776","26","1019440"
"chr6","35773454","35773764","chr25","25629089","25629399","46","10144365"
"chr6","35780956","35781126","chr17","36784927","36785092","23","1003971"
"chr6","35796812","35797103","chr17","36771000","36771300","38","974188"
"chr6","35814775","35815083","chr17","36749267","36749563","33","934492"
"chr6","35828805","35829113","chr5","18010449","18010755","39","17818356"
"chr6","35841074","35841374","chr17","36724214","36724518","30","883140"
"chr6","35842417","35842718","chr17","36724214","36724518","30","881797"
"chr6","35875430","35875736","chr8","68803271","68803569","37","32927841"
"chr6","35890148","35890441","chr17","36677751","36678043","26","787603"
"chr6","35904738","35905015","chr21","21609396","21609678","37","14295342"
"chr6","35949254","35949555","chr20","3467120","3467419","43","32482134"
"chr6","35964382","35964692","chr17","36606110","36606422","21","641728"
"chr6","35969910","35970206","chr17","36601359","36601653","28","631449"
"chr6","35971837","35972139","chr5","72944814","72945114","31","36972977"
"chr6","35978133","35978438","chr17","36593728","36594032","24","615595"
"chr6","35979496","35979782","chr17","36592099","36592386","36","612603"
"chr6","35983056","35983360","chr17","36588530","36588829","43","605474"
"chr6","35983799","35983997","chr1","113468106","113468306","41","77484307"
"chr6","35988258","35988556","chr24","81534444","81534741","30","45546186"
"chr6","35989222","35989536","chr2","13369777","13370088","32","22619445"
"chr6","35989687","35989987","chr9","97406559","97406856","31","61416872"
"chr6","36026890","36027187","chr11","47789740","47790038","34","11762850"
"chr6","36027599","36027905","chr17","36546063","36546365","23","518464"
"chr6","36038371","36038662","chr22","8146738","8147025","34","27891633"
"chr6","36045345","36045629","chr17","36528245","36528538","31","482900"
"chr6","36056178","36056470","chrX","3500980","3501276","34","32555198"
"chr6","36062421","36062733","chr17","36511396","36511704","31","448975"
"chr6","36091574","36091867","chr12","60427002","60427302","39","24335428"
"chr6","36117304","36117499","chr7","15845768","15845962","23","20271536"
"chr6","36117500","36117683","chr12","98448077","98448264","27","62330577"
"chr6","36120175","36120481","chr17","36451715","36452020","31","331540"
"chr6","36148648","36148968","chr17","36420673","36420973","47","272025"
"chr6","36153839","36153979","chr12","10102711","10102858","30","26051128"
"chr6","36161877","36162168","chrX","22852905","22853198","38","13308972"
"chr6","36164859","36164966","chr9","84870085","84870205","40","48705226"
"chr6","36172321","36172620","chr20","102069946","102070249","32","65897625"
"chr6","36194464","36194766","chr3","9026672","9026974","30","27167792"
"chr6","36201422","36201638","chr17","36375546","36375771","28","174124"
"chr6","36210230","36210536","chr9","92559992","92560298","36","56349762"
"chr6","36217168","36217260","chr4","73545380","73545465","22","37328212"
"chr6","36218126","36218366","chr5","22372374","22372620","42","13845752"
"chr6","36218423","36218706","chr17","36349640","36349929","26","131217"
"chr6","36234861","36235180","chr17","36334022","36334346","34","99161"
"chr6","36247188","36247487","chr15","64630867","64631162","35","28383679"
"chr6","36254537","36254773","chr6","11557988","11558218","30","24696549"
"chr6","36277404","36277706","chr17","36295018","36295301","37","17614"
"chr6","36324593","36324891","chr18","69021293","69021591","29","32696700"
"chr6","36337508","36337805","chr17","36232953","36233251","23","104555"
"chr6","36350020","36350181","chr13","95522633","95522794","27","59172613"
"chr6","36351166","36351478","chr2","39182421","39182732","40","2831255"
"chr6","36369225","36369538","chr17","36201222","36201519","34","168003"
"chr6","36412809","36413095","chr17","36165612","36165899","22","247197"
"chr6","36420767","36421043","chr17","36152053","36152304","42","268714"
"chr6","36427157","36427461","chr11","115440829","115441134","37","79013672"
"chr6","36435275","36435567","chr17","36140110","36140412","30","295165"
"chr6","36442881","36443192","chr13","42633664","42633974","40","6190783"
"chr6","36449084","36449380","chr5","17261025","17261322","34","19188059"
"chr6","36486149","36486443","chr17","36091676","36091967","20","394473"
"chr6","36514111","36514415","chr1","17699624","17699919","35","18814487"
"chr6","36579596","36579888","chr16","23940404","23940696","59","12639192"
"chr6","36609434","36609530","chr14","59814437","59814523","34","23205003"
"chr6","36609772","36609987","chr11","124263168","124263380","35","87653396"
"chr6","36609998","36610296","chr17","35970722","35971025","34","639276"
"chr6","36622803","36623107","chr17","35960295","35960598","27","662508"
"chr6","36633085","36633360","chr17","35949409","35949687","30","683676"
"chr6","36634542","36634842","chr18","16436170","16436464","40","20198372"
"chr6","36647967","36648274","chr17","35934232","35934526","33","713735"
"chr6","36674559","36674853","chr11","91522024","91522324","35","54847465"
"chr6","36705643","36705930","chr7","24873220","24873510","52","11832423"
"chr6","36735091","36735399","chr17","35845533","35845841","23","889558"
"chr6","36764017","36764287","chr17","35817598","35817860","26","946419"
"chr6","36789164","36789465","chr17","35793085","35793387","41","996079"
"chr6","36790387","36790719","chr16","63013617","63013933","45","26223230"
"chr6","36797306","36797617","chr19","21126537","21126847","35","15670769"
"chr6","36804358","36804656","chr17","35778649","35778951","19","1025709"
"chr6","36805731","36806043","chr17","35777330","35777625","43","1028401"
"chr6","36826546","36826847","chr17","35762134","35762439","21","1064412"
"chr6","36831731","36831920","chr12","44151477","44151654","30","7319746"
"chr6","36836147","36836442","chr4","60667016","60667311","33","23830869"
"chr6","36847792","36848085","chr17","35740311","35740604","15","1107481"
"chr6","36870011","36870329","chr6","2526617","2526929","42","34343394"
"chr6","36879396","36879682","chr4","60600244","60600531","26","23720848"
"chr6","36887846","36888153","chr16","14612378","14612678","42","22275468"
"chr6","36896198","36896478","chr6","42141874","42142159","39","5245676"
"chr6","36904358","36904536","chr24","78163975","78164149","24","41259617"
"chr6","36906204","36906498","chrX","22852905","22853198","30","14053299"
"chr6","36911132","36911364","chr9","61704066","61704306","54","24792934"
"chr6","36914017","36914318","chr5","72944814","72945114","28","36030797"
"chr6","36923680","36923987","chr17","35678669","35678981","37","1245011"
"chr6","36924166","36924477","chr2","57787969","57788279","34","20863803"
"chr6","36925340","36925628","chrX","38341389","38341678","34","1416049"
"chr6","36929355","36929647","chr12","8362268","8362558","42","28567087"
"chr6","36942094","36942257","chr14","74170965","74171131","19","37228871"
"chr6","36944504","36944800","chr15","5355918","5356211","31","31588586"
"chr6","36949465","36949765","chr17","35655175","35655471","28","1294290"
"chr6","36959948","36960249","chr17","35645219","35645526","27","1314729"
"chr6","36992721","36993031","chrX","44396414","44396724","34","7403693"
"chr6","36996660","36996794","chr5","1387332","1387469","15","35609328"
"chr6","36997562","36997733","chr12","8350697","8350873","35","28646865"
"chr6","37000666","37000902","chr9","61704066","61704306","50","24703400"
"chr6","37012343","37012656","chr17","35592673","35592993","42","1419670"
"chr6","37013185","37013492","chr17","35591839","35592146","29","1421346"
"chr6","37015527","37015837","chr23","37753252","37753563","32","737725"
"chr6","37034596","37034904","chr13","42633664","42633974","36","5599068"
"chr6","37038837","37039135","chr6","47816655","47816948","39","10777818"
"chr6","37044088","37044393","chr2","80261510","80261816","40","43217422"
"chr6","37050150","37050462","chr11","2853447","2853759","40","34196703"
"chr6","37055228","37055525","chr1","54930135","54930430","33","17874907"
"chr6","37055527","37055817","chr9","26686912","26687200","52","10368615"
"chr6","37059907","37060203","chr7","129741972","129742271","35","92682065"
"chr6","37060205","37060496","chr23","68987067","68987349","45","31926862"
"chr6","37060884","37061182","chr10","34023713","34024011","46","3037171"
"chr6","37061187","37061457","chr4","65539199","65539471","39","28478012"
"chr6","37069094","37069343","chr16","31906139","31906391","41","5162955"
"chr6","37080982","37081276","chr5","26308017","26308314","45","10772965"
"chr6","37087395","37087691","chr6","50499315","50499609","41","13411920"
"chr6","37089691","37089991","chr14","35995855","35996156","28","1093836"
"chr6","37090318","37090614","chr17","35518451","35518754","26","1571867"
"chr6","37109108","37109407","chr28","19188684","19188984","33","17920424"
"chr6","37111728","37111980","chr15","19656371","19656623","36","17455357"
"chr6","37116764","37117052","chr17","35493424","35493713","18","1623340"
"chr6","37120382","37120660","chr17","35489925","35490203","40","1630457"
"chr6","37128636","37128931","chr17","35481331","35481622","29","1647305"
"chr6","37140736","37141037","chr17","35469267","35469570","25","1671469"
"chr6","37142059","37142361","chr5","12951173","12951467","37","24190886"
"chr6","37149377","37149690","chr2","87025099","87025405","46","49875722"
"chr6","37181795","37182049","chr15","34146112","34146374","41","3035683"
"chr6","37182352","37182598","chr9","61704066","61704306","42","24521714"
"chr6","37186487","37186771","chr17","35422955","35423264","36","1763532"
"chr6","37188858","37189123","chr5","60403345","60403611","36","23214487"
"chr6","37189509","37189802","chr17","35420226","35420519","28","1769283"
"chr6","37240632","37240939","chr6","671786","672089","28","36568846"
"chr6","37308308","37308617","chr18","17039455","17039764","29","20268853"
"chr6","37310146","37310354","chr17","35304405","35304617","11","2005741"
"chr6","37314285","37314593","chr17","35300226","35300531","22","2014059"
"chr6","37321624","37321932","chr26","51835804","51836111","31","14514180"
"chr6","37349137","37349441","chrX","14259446","14259748","40","23089691"
"chr6","37362163","37362467","chr17","35251354","35251660","24","2110809"
"chr6","37374312","37374599","chr17","35239077","35239365","18","2135235"
"chr6","37390034","37390338","chr17","35227737","35228029","32","2162297"
"chr6","37405506","37405814","chr6","15813882","15814194","37","21591624"
"chr6","37414265","37414579","chr11","47010548","47010858","46","9596283"
"chr6","37427353","37427657","chr12","18021871","18022178","39","19405482"
"chr6","37432779","37433074","chr2","58338718","58339014","31","20905939"
"chr6","37446678","37446971","chr17","35176821","35177119","35","2269857"
"chr6","37474080","37474351","chr17","35150097","35150369","22","2323983"
"chr6","37474565","37474874","chr17","35149576","35149885","38","2324989"
"chr6","37478900","37479172","chr5","51929064","51929335","33","14450164"
"chr6","37486811","37487060","chr9","62510671","62510933","43","25023860"
"chr6","37491662","37491964","chrX","17556505","17556807","33","19935157"
"chr6","37529732","37530027","chr16","57812277","57812574","37","20282545"
"chr6","37548414","37548616","chr17","35070061","35070263","23","2478353"
"chr6","37550804","37551082","chr17","35078304","35078570","44","2472500"
"chr6","37551083","37551365","chr12","41746033","41746317","43","4194950"
"chr6","37558995","37559306","chr17","35066295","35066596","31","2492700"
"chr6","37559740","37560034","chr17","35065552","35065853","32","2494188"
"chr6","37569906","37570208","chr17","35055136","35055435","26","2514770"
"chr6","37581791","37582065","chr12","92610486","92610761","36","55028695"
"chr6","37588947","37589190","chr16","31906139","31906391","40","5682808"
"chr6","37599585","37599893","chr17","35026599","35026903","38","2572986"
"chr6","37603253","37603552","chr2","80261510","80261816","36","42658257"
"chr6","37613387","37613721","chr24","40396858","40397185","41","2783471"
"chr6","37614894","37615198","chr2","56917707","56918005","34","19302813"
"chr6","37639276","37639582","chr17","34987861","34988174","32","2651415"
"chr6","37643468","37643775","chr18","41494587","41494891","37","3851119"
"chr6","37643844","37644155","chr17","34983849","34984157","29","2659995"
"chr6","37649752","37650068","chr17","34978389","34978693","34","2671363"
"chr6","37650826","37651136","chr17","34977612","34977916","33","2673214"
"chr6","37652813","37653114","chr9","21222890","21223190","34","16429923"
"chr6","37665413","37665706","chr17","34965359","34965651","43","2700054"
"chr6","37666533","37666815","chr14","81331157","81331439","42","43664624"
"chr6","37667477","37667634","chr9","95494159","95494320","18","57826682"
"chr6","37674072","37674365","chr12","7064006","7064302","36","30610066"
"chr6","37678901","37679196","chr15","90519589","90519883","33","52840688"
"chr6","37681833","37682134","chr17","34953682","34953980","35","2728151"
"chr6","37685371","37685682","chr21","108279551","108279861","35","70594180"
"chr6","37697361","37697653","chr17","34933019","34933318","31","2764342"
"chr6","37698415","37698695","chr10","37957787","37958066","49","259372"
"chr6","37702669","37702969","chr8","7114217","7114516","31","30588452"
"chr6","37707156","37707459","chr17","34922040","34922323","37","2785116"
"chr6","37715031","37715307","chr16","22619910","22620183","32","15095121"
"chr6","37759050","37759356","chr17","34871284","34871587","28","2887766"
"chr6","37762475","37762782","chr17","34867387","34867694","27","2895088"
"chr6","37763337","37763648","chr17","34866562","34866868","25","2896775"
"chr6","37792614","37792910","chr17","34839511","34839805","32","2953103"
"chr6","37828746","37829053","chr17","34804404","34804711","23","3024342"
"chr6","37834126","37834414","chr17","34799048","34799342","33","3035078"
"chr6","37860841","37861143","chr17","34775079","34775380","24","3085762"
"chr6","37872439","37872732","chr24","78148463","78148752","41","40276024"
"chr6","37897478","37897779","chr3","42853857","42854158","40","4956379"
"chr6","37904651","37904939","chr11","118126752","118127036","36","80222101"
"chr6","37940176","37940482","chr17","34696383","34696688","19","3243793"
"chr6","37961052","37961224","chr10","33376506","33376682","34","4584546"
"chr6","37964020","37964329","chr17","34672436","34672736","32","3291584"
"chr6","37964939","37965237","chr17","34671534","34671836","31","3293405"
"chr6","37997693","37997977","chr17","34643586","34643877","39","3354107"
"chr6","38004724","38005028","chr17","34635961","34636258","31","3368763"
"chr6","38020762","38021068","chr16","29380786","29381090","35","8639976"
"chr6","38046174","38046469","chr17","34596571","34596875","34","3449603"
"chr6","38049246","38049559","chr28","1878088","1878399","43","36171158"
"chr6","38096690","38096879","chr11","124263168","124263380","85","86166478"
"chr6","38099224","38099530","chr17","34544072","34544377","23","3555152"
"chr6","38129728","38130037","chr17","34512095","34512413","33","3617633"
"chr6","38145266","38145565","chr17","34496593","34496886","41","3648673"
"chr6","38178507","38178817","chr17","34464414","34464723","33","3714093"
"chr6","38186447","38186751","chr17","34456949","34457258","31","3729498"
"chr6","38217870","38218182","chr11_KE148028v1_random","14795","15099","37","38203075"
"chr6","38242272","38242583","chr17","34402279","34402573","36","3839993"
"chr6","38253667","38253978","chr17","34387605","34387915","22","3866062"
"chr6","38270803","38271091","chrX","89405531","89405821","35","51134728"
"chr6","38276950","38277254","chr14","1231012","1231318","34","37045938"
"chr6","38284760","38284925","chr14","87478129","87478296","17","49193369"
"chr6","38285517","38285556","chr14","59976736","59976775","12","21691219"
"chr6","38286253","38286534","chrX","80486335","80486608","46","42200082"
"chr6","38293715","38294018","chr15","55746234","55746529","39","17452519"
"chr6","38302663","38302968","chr1","108547963","108548262","40","70245300"
"chr6","38307510","38307807","chr16","823334","823630","30","37484176"
"chr6","38310584","38310896","chr23","75121731","75122042","34","36811147"
"chr6","38366109","38366429","chr17","34280994","34281310","38","4085115"
"chr6","38371102","38371402","chr17","34276030","34276336","29","4095072"
"chr6","38393014","38393317","chr3","51951505","51951805","33","13558491"
"chr6","38432611","38432909","chr12","82795515","82795814","32","44362904"
"chr6","38465433","38465729","chr5","59178950","59179249","32","20713517"
"chr6","38481403","38481644","chr9","61704066","61704306","51","23222663"
"chr6","38484587","38484900","chr16","64557374","64557683","43","26072787"
"chr6","38485270","38485477","chr26","31077614","31077805","43","7407656"
"chr6","38486048","38486200","chrX","116310649","116310799","40","77824601"
"chr6","38496209","38496517","chr2","20077811","20078111","40","18418398"
"chr6","38498666","38498933","chr6","4020111","4020373","40","34478555"
"chr6","38517687","38517987","chr1","9967077","9967375","30","28550610"
"chr6","38569728","38570012","chr17","34078277","34078569","39","4491451"
"chr6","38596474","38596781","chr11","909139","909432","44","37687335"
"chr6","38608886","38609145","chr17","34039434","34039690","27","4569452"
"chr6","38689203","38689521","chr22","18539076","18539393","43","20150127"
"chr6","38697695","38697998","chr11","6429844","6430143","42","32267851"
"chr6","38764093","38764378","chr7","111567460","111567746","29","72803367"
"chr6","38783377","38783657","chr1","6873765","6874044","43","31909612"
"chr6","38845563","38845861","chr2","87753173","87753470","36","48907610"
"chr6","38877824","38878117","chr28","14897267","14897557","34","23980557"
"chr6","38888661","38888964","chr17","33765367","33765672","28","5123294"
"chr6","38895264","38895561","chr17","33758779","33759071","32","5136485"
"chr6","38920812","38921107","chr17","33733270","33733552","28","5187542"
"chr6","38954028","38954338","chr17","30396991","30397301","36","8557037"
"chr6","38957839","38958138","chr2","83045337","83045637","35","44087498"
"chr6","38978997","38979305","chr8","10801167","10801476","31","28177830"
"chr6","39063078","39063390","chr17","33594831","33595146","37","5468247"
"chr6","39068934","39069174","chr3","91799993","91800246","51","52731059"
"chr6","39073147","39073452","chr17","33584710","33585019","32","5488437"
"chr6","39132777","39133031","chr17","33528525","33528789","36","5604252"
"chr6","39229801","39230105","chr17","33449562","33449859","33","5780239"
"chr6","39233882","39234173","chr17","33444182","33444469","19","5789700"
"chr6","39261875","39262181","chr17","33412863","33413149","37","5849012"
"chr6","39297566","39297857","chr26","5683234","5683525","33","33614332"
"chr6","39314980","39315259","chr2","80618015","80618295","38","41303035"
"chr6","39351271","39351557","chr17","33328063","33328354","25","6023208"
"chr6","39354029","39354330","chr20","101069011","101069309","42","61714982"
"chr6","39418609","39418906","chr17","33261540","33261838","25","6157069"
"chr6","39422194","39422476","chr26","39295648","39295931","38","126546"
"chr6","39435236","39435527","chr21","97926641","97926930","42","58491405"
"chr6","39493685","39493992","chr8","50048160","50048466","37","10554475"
"chr6","39566098","39566407","chr8","10801167","10801476","41","28764931"
"chr6","39670112","39670423","chr17","33007940","33008248","42","6662172"
"chr6","39691016","39691311","chr2","34791309","34791606","37","4899707"
"chr6","39703742","39704034","chr17","32971305","32971595","30","6732437"
"chr6","39732081","39732373","chr17","32943448","32943730","36","6788633"
"chr6","39785634","39785937","chr17","32894166","32894469","23","6891468"
"chr6","39799721","39800016","chr2","20386017","20386311","33","19413704"
"chr6","39800964","39801270","chr8","10801167","10801476","29","28999797"
"chr6","39808515","39808815","chr19","30057411","30057704","38","9751104"
"chr6","39812113","39812423","chr28","8356903","8357207","28","31455210"
"chr6","39816386","39816547","chr23","79838641","79838798","33","40022255"
"chr6","39827192","39827494","chr3","6594377","6594679","37","33232815"
"chr6","39829914","39830228","chr17","32851717","32852019","38","6978197"
"chr6","39879711","39880016","chr17","32380275","32380577","40","7499436"
"chr6","39899735","39900040","chr8","10801167","10801476","31","29098568"
"chr6","39933038","39933349","chr17","32749636","32749951","27","7183402"
"chr6","40057975","40058285","chr14","105114118","105114427","43","65056143"
"chr6","40063786","40064150","chr15","90512953","90513296","67","50449167"
"chr6","40106863","40107175","chr8","134181250","134181559","40","94074387"
"chr6","40159090","40159393","chrX","14259446","14259748","40","25899644"
"chr6","40186005","40186311","chr17","32504618","32504923","30","7681387"
"chr6","40186326","40186646","chr17","32504295","32504603","31","7682031"
"chr6","40257225","40257567","chr9","86795917","86796252","56","46538692"
"chr6","40289292","40289588","chr17","32405903","32406199","28","7883389"
"chr6","40301253","40301560","chr17","32395249","32395558","36","7906004"
"chr6","40459707","40460014","chr17","41632944","41633246","41","1173237"
"chr6","40490712","40491000","chr17","32208727","32209008","38","8281985"
"chr6","40617802","40618088","chr17","32079152","32079449","39","8538650"
"chr6","40646813","40647112","chr17","32045351","32045651","33","8601462"
"chr6","40652573","40652873","chr17","32045351","32045651","33","8607222"
"chr6","40790036","40790331","chr11","100297173","100297471","34","59507137"
"chr6","40810505","40810812","chr17","31914828","31915133","36","8895677"
"chr6","40823062","40823364","chr10","119359465","119359771","28","78536403"
"chr6","40851226","40851531","chr17","31875851","31876161","28","8975375"
"chr6","41125906","41126218","chr11","2853447","2853759","34","38272459"
"chr6","41154290","41154602","chr17","31579289","31579599","34","9575001"
"chr6","41189770","41190061","chr9","21610624","21610913","34","19579146"
"chr6","41235341","41235671","chr24","78129981","78130292","42","36894640"
"chr6","41338578","41338841","chr17","31391862","31392125","24","9946716"
"chr6","41363246","41363546","chr17","31367451","31367747","19","9995795"
"chr6","41410433","41410732","chr10","88760771","88761072","29","47350338"
"chr6","41512199","41512493","chrX","22852905","22853198","35","18659294"
"chr6","41554987","41555279","chr17","31174266","31174560","9","10380721"
"chr6","41605897","41606193","chr17","1496079","1496375","41","40109818"
"chr6","41687460","41687753","chr17","31029843","31030132","31","10657617"
"chr6","41900220","41900517","chr17","30827441","30827735","21","11072779"
"chr6","41910118","41910419","chr17","30816969","30817269","27","11093149"
"chr6","41911223","41911556","chr1","110515099","110515429","41","68603876"
"chr6","41934376","41934672","chr17","30791980","30792265","29","11142396"
"chr6","41940642","41940936","chr6","2294070","2294363","29","39646572"
"chr6","41941311","41941612","chr16","18043987","18044281","49","23897324"
"chr6","41950991","41951286","chr20","99945388","99945684","34","57994397"
"chr6","42030222","42030531","chr16","3338657","3338965","38","38691565"
"chr6","42102863","42103181","chr17","30621006","30621318","37","11481857"
"chr6","42124290","42124592","chr17","30600354","30600660","18","11523936"
"chr6","42134818","42135129","chr17","30589858","30590165","32","11544960"
"chr6","42166229","42166520","chr19","24923643","24923933","40","17242586"
"chr6","42168825","42169098","chr27","9627449","9627719","40","32541376"
"chr6","42179969","42180171","chr7","15845768","15845962","42","26334201"
"chr6","42187326","42187633","chr6","1868018","1868329","34","40319308"
"chr6","42238366","42238667","chr17","30496135","30496423","41","11742231"
"chr6","42323240","42323550","chr17","30411308","30411622","32","11911932"
"chr6","42337624","42337921","chr17","30397786","30398080","27","11939838"
"chr6","42338404","42338713","chr17","30396991","30397301","19","11941413"
"chr6","42346146","42346458","chr6","48846530","48846838","28","6500384"
"chr6","42370801","42371102","chr17","30365093","30365390","18","12005708"
"chr6","42379909","42380201","chr6","47913178","47913472","40","5533269"
"chr6","42381740","42382041","chr17","30353975","30354277","28","12027765"
"chr6","42389970","42390136","chr6","49269758","49269925","22","6879788"
"chr6","42394010","42394262","chr9","34088434","34088698","43","8305576"
"chr6","42436610","42436925","chr17","30299310","30299617","29","12137300"
"chr6","42443064","42443314","chr24","71316198","71316439","45","28873134"
"chr6","42462361","42462643","chrUn_KE147549v1","116525","116804","41","42345836"
"chr6","42472817","42473049","chr2","210771","211008","47","42262046"
"chr6","42485183","42485481","chrX","8693862","8694157","34","33791321"
"chr6","42493061","42493285","chr17","30242113","30242336","24","12250948"
"chr6","42496559","42496869","chr20","7940483","7940787","33","34556076"
"chr6","42548184","42548483","chr17","30177104","30177404","21","12371080"
"chr6","42550954","42551259","chr17","30171163","30171465","27","12379791"
"chr6","42552818","42553122","chr15","3410332","3410631","36","39142486"
"chr6","42553928","42554216","chr17","30168178","30168464","25","12385750"
"chr6","42561812","42562107","chr21","45560336","45560634","44","2998524"
"chr6","42563280","42563590","chr17","30159091","30159397","20","12404189"
"chr6","42584835","42585077","chr11","43398431","43398661","50","813596"
"chr6","42614354","42614663","chr17","30116027","30116341","25","12498327"
"chr6","42625946","42626208","chr19","27008157","27008419","41","15617789"
"chr6","42629190","42629494","chr23","52056209","52056517","44","9427019"
"chr6","42630873","42631187","chr11","4422956","4423267","34","38207917"
"chr6","42638603","42638884","chr17","30093366","30093646","25","12545237"
"chr6","42648820","42649121","chr13","66725191","66725490","39","24076371"
"chr6","42665185","42665485","chr14","15712042","15712344","41","26953143"
"chr6","42668619","42668915","chr17","30062491","30062783","26","12606128"
"chr6","42672054","42672353","chr22","3438802","3439105","38","39233252"
"chr6","42677014","42677311","chr18","58480084","58480385","54","15803070"
"chr6","42679123","42679425","chr7","129741972","129742271","35","87062849"
"chr6","42698071","42698380","chr17","30034864","30035175","20","12663207"
"chr6","42702404","42702705","chr17","30031440","30031744","25","12670964"
"chr6","42703725","42703948","chr6","27447308","27447543","66","15256417"
"chr6","42731576","42731887","chr18","17039455","17039764","36","25692121"
"chr6","42740485","42740782","chr15","77600959","77601255","40","34860474"
"chr6","42747434","42747712","chr6","29939370","29939654","40","12808064"
"chr6","42759270","42759565","chr20","77903993","77904291","34","35144723"
"chr6","42770259","42770562","chr17","29965952","29966256","30","12804307"
"chr6","42798987","42799268","chr2","6822936","6823221","46","35976051"
"chr6","42827748","42828044","chr18","31386596","31386890","37","11441152"
"chr6","42883738","42883936","chr2","35893650","35893844","38","6990088"
"chr6","42886204","42886510","chr16","25344377","25344680","32","17541827"
"chr6","42903195","42903492","chr9","124626156","124626455","35","81722961"
"chr6","42905223","42905522","chr17","29834840","29835134","32","13070383"
"chr6","42905826","42906134","chr17","29834234","29834532","33","13071592"
"chr6","42955135","42955416","chr17","29784995","29785297","35","13170140"
"chr6","42957871","42958170","chr1","103586917","103587220","28","60629046"
"chr6","43022908","43023205","chr17","29719352","29719647","23","13303556"
"chr6","43028226","43028545","chr17","29713773","29714093","37","13314453"
"chr6","43036518","43036828","chr17","29705626","29705938","29","13330892"
"chr6","43038309","43038618","chrX","42218694","42219002","31","819615"
"chr6","43053116","43053367","chr14","91618621","91618863","35","48565505"
"chr6","43056706","43056999","chr15","64630867","64631162","44","21574161"
"chr6","43095782","43096091","chr11","19157960","19158266","34","23937822"
"chr6","43119161","43119455","chr17","29624855","29625142","27","13494306"
"chr6","43123991","43124294","chr17","29620291","29620594","37","13503700"
"chr6","43128992","43129281","chr17","29615142","29615433","31","13513850"
"chr6","43145596","43145854","chr11","106104262","106104528","50","62958666"
"chr6","43147282","43147572","chr17","29597542","29597846","35","13549740"
"chr6","43150076","43150402","chr17","29594736","29595052","42","13555340"
"chr6","43165557","43165869","chr17","29579999","29580305","29","13585558"
"chr6","43218214","43218515","chr17","29530838","29531136","27","13687376"
"chr6","43224661","43224960","chr8","75782088","75782385","35","32557427"
"chr6","43226583","43226878","chr17","29521748","29522051","33","13704835"
"chr6","43230056","43230364","chr17","29517936","29518234","28","13712120"
"chr6","43237065","43237369","chrX","45693814","45694119","33","2456749"
"chr6","43245442","43245700","chr21","11066271","11066532","45","32179171"
"chr6","43255088","43255349","chr4","62913885","62914148","47","19658797"
"chr6","43258381","43258684","chr22","49594481","49594784","32","6336100"
"chr6","43304354","43304655","chr17","29451657","29451967","26","13852697"
"chr6","43317751","43318053","chr15","44956637","44956935","29","1638886"
"chr6","43318446","43318751","chr17","29439634","29439939","28","13878812"
"chr6","43330760","43331078","chr17","29427036","29427362","29","13903724"
"chr6","43336875","43337172","chr17","29421801","29422094","42","13915074"
"chr6","43338260","43338461","chr7","15845768","15845962","36","27492492"
"chr6","43344099","43344390","chr17","29412238","29412534","30","13931861"
"chr6","43349578","43349886","chr17","29407553","29407857","37","13942025"
"chr6","43357545","43357847","chr18","20921432","20921730","40","22436113"
"chr6","43358271","43358568","chr1","32350047","32350343","31","11008224"
"chr6","43360600","43360907","chr20","102069946","102070249","39","58709346"
"chr6","43379509","43379757","chr19","27008157","27008419","45","16371352"
"chr6","43381856","43382153","chr17","29378828","29379125","25","14003028"
"chr6","43382295","43382591","chr3","30894413","30894707","33","12487882"
"chr6","43389520","43389794","chr20","99909114","99909396","30","56519594"
"chr6","43405814","43406072","chr16","49469176","49469441","42","6063362"
"chr6","43408349","43408644","chr17","29354942","29355230","34","14053407"
"chr6","43423863","43424172","chr11","36438386","36438692","40","6985477"
"chr6","43433035","43433305","chr17","29328487","29328757","31","14104548"
"chr6","43434187","43434465","chr15","6636982","6637257","42","36797205"
"chr6","43444463","43444735","chr17","29319227","29319499","18","14125236"
"chr6","43446770","43447074","chr4","23977135","23977435","29","19469635"
"chr6","43447622","43447889","chr9","34088434","34088698","34","9359188"
"chr6","43458768","43459074","chr3","9026672","9026974","38","34432096"
"chr6","43464884","43465172","chr1","2170422","2170709","37","41294462"
"chr6","43466318","43466628","chr29","21940583","21940891","39","21525735"
"chr6","43480082","43480395","chr8","101399901","101400212","47","57919819"
"chr6","43482432","43482741","chr17","29277030","29277333","35","14205402"
"chr6","43483769","43484080","chr17","29276096","29276402","27","14207673"
"chr6","43514290","43514586","chr17","29245611","29245909","33","14268679"
"chr6","43519502","43519811","chr17","29240533","29240843","32","14278969"
"chr6","43524258","43524536","chr15","77593676","77593955","38","34069418"
"chr6","43524657","43524951","chr2","20386017","20386311","37","23138640"
"chr6","43544006","43544312","chr17","29217628","29217916","40","14326378"
"chr6","43548628","43548940","chrX","44809149","44809458","35","1260521"
"chr6","43558026","43558329","chr8","31712341","31712652","36","11845685"
"chr6","43563247","43563438","chr28","14904294","14904488","40","28658953"
"chr6","43567261","43567560","chr20","105213353","105213657","35","61646092"
"chr6","43584026","43584321","chr22","5955596","5955889","33","37628430"
"chr6","43594834","43595131","chr17","29177321","29177610","22","14417513"
"chr6","43613221","43613525","chr17","29158709","29159014","16","14454512"
"chr6","43616761","43617071","chr17","29156475","29156783","20","14460286"
"chr6","43617648","43617946","chr17","29155604","29155897","23","14462044"
"chr6","43618372","43618661","chr6","33162057","33162362","44","10456315"
"chr6","43633528","43633819","chr17","29139686","29140001","46","14493842"
"chr6","43640193","43640504","chr16","71862919","71863220","28","28222726"
"chr6","43644843","43645137","chr17","29136334","29136624","32","14508509"
"chr6","43656471","43656772","chr9","29774917","29775219","33","13881554"
"chr6","43719725","43719985","chr22","30287360","30287609","37","13432365"
"chr6","43724208","43724503","chr17","29061981","29062271","27","14662227"
"chr6","43727728","43727852","chr21","101550204","101550327","13","57822476"
"chr6","43727957","43728253","chr17","29058165","29058466","28","14669792"
"chr6","43728254","43728444","chr17","29057989","29058164","32","14670265"
"chr6","43741536","43741830","chr17","29045751","29046048","28","14695785"
"chr6","43742681","43742996","chr17","29044594","29044893","48","14698087"
"chr6","43744118","43744419","chr7","121850925","121851231","34","78106807"
"chr6","43763498","43763811","chr3","1263651","1263955","37","42499847"
"chr6","43780146","43780422","chr14","45404891","45405174","47","1624745"
"chr6","43788333","43788643","chr11","2853447","2853759","36","40934886"
"chr6","43792802","43793088","chr17","29000760","29001069","44","14792042"
"chr6","43796020","43796332","chr17","28997045","28997353","21","14798975"
"chr6","43816440","43816741","chr17","28974573","28974873","13","14841867"
"chr6","43876220","43876517","chr17","28905966","28906267","26","14970254"
"chr6","43878447","43878752","chr17","28904862","28905157","29","14973585"
"chr6","43909136","43909439","chr4","69040480","69040776","34","25131344"
"chr6","43941634","43941938","chr6","953871","954174","33","42987763"
"chr6","43946014","43946310","chr17","28833503","28833806","31","15112511"
"chr6","43975574","43975860","chrX","45099535","45099820","44","1123961"
"chr6","43978687","43978974","chr3","77894826","77895112","40","33916139"
"chr6","43994458","43994604","chr17","62498556","62498704","20","18504098"
"chr6","44000641","44000947","chr17","28778528","28778834","24","15222113"
"chr6","44001512","44001819","chr17","28776159","28776459","31","15225353"
"chr6","44012623","44012911","chr17","28764095","28764380","33","15248528"
"chr6","44025636","44025951","chr6","36951476","36951790","49","7074160"
"chr6","44029216","44029513","chr17","28738701","28738992","28","15290515"
"chr6","44038178","44038483","chr28","10717800","10718107","33","33320378"
"chr6","44042181","44042484","chr17","28731069","28731369","28","15311112"
"chr6","44058818","44059115","chr17","28726227","28726534","35","15332591"
"chr6","44080209","44080510","chr17","28702510","28702811","25","15377699"
"chr6","44114527","44114809","chr16","58402495","58402776","35","14287968"
"chr6","44116137","44116439","chr12","28763142","28763445","36","15352995"
"chr6","44166688","44166845","chr2","87943016","87943158","25","43776328"
"chr6","44173728","44174051","chr17","28617804","28618122","37","15555924"
"chr6","44174998","44175299","chrX","45864056","45864355","50","1689058"
"chr6","44186198","44186498","chr21","124655752","124656055","33","80469554"
"chr6","44190786","44191076","chr16","45767552","45767846","31","1576766"
"chr6","44201938","44202235","chr24","81534444","81534741","35","37332506"
"chr6","44223023","44223332","chr17","28571313","28571610","33","15651710"
"chr6","44239955","44240255","chr17","28557418","28557718","22","15682537"
"chr6","44242816","44243127","chr17","28553842","28554144","25","15688974"
"chr6","44247751","44248041","chr17","28548910","28549202","25","15698841"
"chr6","44250090","44250374","chr2","59707193","59707482","39","15457103"
"chr6","44255926","44256237","chr17","28541132","28541438","33","15714794"
"chr6","44260914","44261227","chr17","28536133","28536454","32","15724781"
"chr6","44269927","44270099","chr11","46321024","46321197","22","2051097"
"chr6","44283489","44283792","chr20","105213353","105213657","34","60929864"
"chr6","44284370","44284540","chr17","2992762","2992931","23","41291608"
"chr6","44289651","44289938","chr15","90536879","90537170","37","46247228"
"chr6","44293521","44293833","chr14","59464027","59464336","39","15170506"
"chr6","44306974","44307258","chr17","28495241","28495520","25","15811733"
"chr6","44324098","44324395","chr17","28475782","28476082","32","15848316"
"chr6","44326332","44326648","chr23","22864793","22865102","34","21461539"
"chr6","44388864","44389172","chr17","28409813","28410122","30","15979051"
"chr6","44390774","44391085","chr17","28407901","28408213","36","15982873"
"chr6","44399392","44399697","chr17","28399278","28399591","22","16000114"
"chr6","44476351","44476656","chr2","59201091","59201398","44","14724740"
"chr6","44503465","44503752","chr22","47526026","47526321","61","3022561"
"chr6","44681558","44681871","chr14","82794681","82794991","45","38113123"
"chr6","44694658","44694968","chr17","28120048","28120357","19","16574610"
"chr6","44770599","44770899","chr17","28046077","28046371","35","16724522"
"chr6","44809972","44810279","chr17","28007020","28007331","30","16802952"
"chr6","44812382","44812678","chr17","28004638","28004936","31","16807744"
"chr6","44819885","44820177","chr17","27996477","27996782","33","16823408"
"chr6","44824425","44824716","chr17","27991902","27992203","31","16832523"
"chr6","44827247","44827545","chr20","92192486","92192788","35","47365239"
"chr6","44847630","44847920","chr1","18723223","18723503","47","26124407"
"chr6","44848940","44849242","chr17","27970068","27970371","22","16878872"
"chr6","44852000","44852311","chrX","45693814","45694119","36","841814"
"chr6","44868271","44868584","chr13","84766589","84766899","34","39898318"
"chr6","44894357","44894660","chr17","27926749","27927044","33","16967608"
"chr6","44896181","44896475","chr6","41738554","41738850","37","3157627"
"chr6","44946594","44946853","chr6","45046235","45046505","44","99641"
"chr6","44967627","44967936","chr2","80391827","80392129","34","35424200"
"chr6","44979885","44980165","chr17","27849758","27850033","25","17130127"
"chr6","45001928","45002242","chr17","27829972","27830280","39","17171956"
"chr6","45009915","45010184","chr17","27822503","27822764","29","17187412"
"chr6","45030667","45030909","chr11","45699746","45699984","38","669079"
"chr6","45060033","45060324","chr17","27772096","27772403","28","17287937"
"chr6","45079388","45079547","chr17","27755217","27755379","18","17324171"
"chr6","45129050","45129361","chr17","51930170","51930481","34","6801120"
"chr6","45232353","45232524","chr17","27603578","27603753","14","17628775"
"chr6","45306369","45306682","chr2","39182421","39182732","35","6123948"
"chr6","45308833","45309136","chr17","27542201","27542512","27","17766632"
"chr6","45316669","45316941","chr22","11285601","11285867","44","34031068"
"chr6","45350931","45351217","chr17","27500107","27500395","27","17850824"
"chr6","45356692","45356995","chr17","27490333","27490626","29","17866359"
"chr6","45405054","45405370","chr5","26410686","26410992","32","18994368"
"chr6","45466392","45466660","chr17","27394644","27394908","24","18071748"
"chr6","45514067","45514364","chr17","27342258","27342567","37","18171809"
"chr6","45528515","45528817","chr17","27327538","27327846","30","18200977"
"chr6","45529526","45529844","chr17","27326521","27326833","37","18203005"
"chr6","45568280","45568577","chr15","64630867","64631162","34","19062587"
"chr6","45632684","45632930","chr19","16571761","16572011","37","29060923"
"chr6","45634240","45634536","chr17","27231089","27231385","20","18403151"
"chr6","45700164","45700467","chr9","28537345","28537654","54","17162819"
"chr6","45834512","45834828","chr17","27035168","27035479","30","18799344"
"chr6","45886491","45886768","chr16","63431313","63431592","39","17544822"
"chr6","45951167","45951463","chr1","39605819","39606113","56","6345348"
"chr6","46108232","46108532","chr17","26774663","26774969","30","19333569"
"chr6","46277831","46278134","chr21","124655752","124656055","31","78377921"
"chr6","46304833","46305131","chr17","26579697","26579991","31","19725136"
"chr6","46362219","46362514","chr17","26524181","26524471","30","19838038"
"chr6","46374499","46374808","chr6","40061617","40061925","34","6312882"
"chr6","46633816","46634126","chr20","10059201","10059508","38","36574615"
"chr6","46708536","46708847","chr10","112309013","112309326","43","65600477"
"chr6","46766390","46766686","chr11","6429844","6430143","37","40336546"
"chr6","46823185","46823477","chr17","26083760","26084055","30","20739425"
"chr6","46841908","46842075","chr2","17887976","17888142","21","28953932"
"chr6","46842089","46842373","chr17","26064852","26065131","33","20777237"
"chr6","46999023","46999310","chr16","58402495","58402776","31","11403472"
"chr6","47033521","47033876","chrX","22581294","22581621","76","24452227"
"chr6","47080012","47080312","chr16","23943088","23943388","36","23136924"
"chr6","47085351","47085688","chr1","52192917","52193252","46","5107566"
"chr6","47224589","47224889","chr11","1437245","1437551","33","45787344"
"chr6","47226662","47226980","chr2","9435379","9435682","52","37791283"
"chr6","47303132","47303362","chr11","124263168","124263380","58","76960036"
"chr6","47322707","47323014","chr17","25613912","25614220","29","21708795"
"chr6","47389140","47389414","chr28","15207047","15207319","46","32182093"
"chr6","47482313","47482611","chr17","25457001","25457299","22","22025312"
"chr6","47534703","47535021","chr20","69336739","69337065","49","21802036"
"chr6","47579713","47580011","chr17","25357860","25358156","31","22221853"
"chr6","47582678","47582859","chr28","14904294","14904488","45","32678384"
"chr6","47742225","47742527","chr17","25198754","25199057","28","22543471"
"chr6","47762228","47762531","chr3","9026672","9026974","33","38735556"
"chr6","47789608","47789902","chr6","37033610","37033897","45","10755998"
"chr6","47798047","47798340","chr17","25146658","25146951","37","22651389"
"chr6","47819387","47819672","chr13","68788394","68788684","36","20969007"
"chr6","47902432","47902712","chrUn_KE147541v1","590048","590329","37","47312384"
"chr6","48020802","48021076","chr17","24938062","24938323","36","23082740"
"chr6","48025316","48025564","chrX","33744653","33744914","48","14280663"
"chr6","48051873","48052171","chr17","24907214","24907508","33","23144659"
"chr6","48106479","48106791","chr1","103030825","103031119","54","54924346"
"chr6","48142401","48142700","chr4","67812117","67812415","31","19669716"
"chr6","48175871","48176164","chr17","24783162","24783448","28","23392709"
"chr6","48186016","48186307","chr17","24770446","24770737","24","23415570"
"chr6","48243726","48244026","chr17","24715807","24716100","36","23527919"
"chr6","48361802","48362092","chr17","24601039","24601330","29","23760763"
"chr6","48560872","48561166","chr17","24404486","24404781","44","24156386"
"chr6","48639658","48639961","chr17","24331663","24331963","28","24307995"
"chr6","48687864","48688173","chr1","93289543","93289844","48","44601679"
"chr6","48778329","48778637","chr18","48815029","48815336","33","36700"
"chr6","48780776","48780960","chr7","94074486","94074684","38","45293710"
"chr6","48885387","48885503","chr14","91698266","91698395","33","42812879"
"chr6","48926510","48926826","chr11","39128297","39128607","48","9798213"
"chr6","49060481","49060759","chr17","23925028","23925315","39","25135453"
"chr6","49248828","49249138","chr8","10801167","10801476","44","38447661"
"chr6","49334503","49334767","chr5","2323626","2323897","52","47010877"
"chr6","49349606","49349913","chr13","78926316","78926620","49","29576710"
"chr6","49371084","49371332","chr16","31906139","31906391","48","17464945"
"chr6","49421081","49421381","chr17","23590072","23590367","35","25831009"
"chr6","49454559","49454814","chr24","27044755","27045002","45","22409804"
"chr6","49503333","49503659","chr7","42059536","42059860","54","7443797"
"chr6","49505987","49506281","chr17","23513761","23514056","38","25992226"
"chr6","49858626","49858905","chr17","23194998","23195278","24","26663628"
"chr6","49922071","49922348","chr8","28097979","28098261","58","21824092"
"chr6","50048275","50048596","chr13","87173400","87173729","47","37125125"
"chr6","50166178","50166470","chr21","119737576","119737864","39","69571398"
"chr6","50193003","50193302","chr17","22896190","22896473","38","27296813"
"chr6","50206954","50207225","chr5","37062122","37062385","47","13144832"
"chr6","50300029","50300315","chr17","22806217","22806504","27","27493812"
"chr6","50303387","50303697","chr5","69369907","69370211","42","19066520"
"chr6","50679657","50679968","chr6","41618886","41619196","40","9060771"
"chr6","50713625","50713921","chr5","52378370","52378667","33","1664745"
"chr6","51090597","51090735","chr14","105988468","105988623","49","54897871"
"chr6","51101464","51101770","chr24","69273551","69273855","42","18172087"
"chr6","51125028","51125318","chr17","21997695","21997984","25","29127333"
"chr6","51206441","51206720","chr3","19783268","19783546","33","31423173"
"chr6","51300080","51300377","chr20","70647545","70647842","30","19347465"
"chr6","51383250","51383524","chr1","71215130","71215409","54","19831880"
"chr6","51396621","51396734","chr5","5966491","5966602","14","45430130"
"chr6","51397365","51397551","chr5","43999810","44000000","28","7397555"
"chr6","51549321","51549540","chr1","10961649","10961878","45","40587672"
"chr6","51605868","51606161","chr17","21535401","21535697","32","30070467"
"chr6","51676574","51676865","chr17","21474564","21474863","33","30202010"
"chr6","51680457","51680739","chr2","89421181","89421472","42","37740724"
"chr6","51698205","51698485","chr11","47097187","47097462","40","4601018"
"chr6","51987547","51987855","chr17","21201243","21201544","38","30786304"
"chr6","52174183","52174479","chr12","964980","965277","34","51209203"
"chr6","52283108","52283419","chr12","7117943","7118250","43","45165165"
"chr6","52283919","52284214","chr24","24588103","24588402","33","27695816"
"chr6","52345222","52345511","chr8","10386726","10387014","35","41958496"
"chr6","52397581","52397905","chr17","20800356","20800665","52","31597225"
"chr6","52413427","52413722","chr20","92391112","92391404","34","39977685"
"chr6","52498258","52498560","chr17","20699483","20699792","36","31798775"
"chr6","52640840","52641122","chrX_AQIB01158317v1_random","3202","3484","26","52637638"
"chr6","52686593","52686881","chr17","20518695","20518980","31","32167898"
"chr6","52711331","52711628","chr11","27872325","27872626","40","24839006"
"chr6","52859979","52860280","chr17","20359777","20360077","24","32500202"
"chr6","52959864","52960154","chr17","20264853","20265144","19","32695011"
"chr6","52966721","52966895","chr5","4606182","4606356","26","48360539"
"chr6","52975967","52976256","chr12","5599984","5600271","44","47375983"
"chr6","53040036","53040351","chr7","131887649","131887956","48","78847613"
"chr6","53042264","53042567","chr2","19328315","19328617","39","33713949"
"chr6","53061199","53061506","chr17","20162564","20162870","29","32898635"
"chr6","53062116","53062417","chr17","20161647","20161947","28","32900469"
"chr6","53074746","53075054","chr17","20147855","20148163","26","32926891"
"chr6","53097501","53097808","chr3","2061626","2061937","39","51035875"
"chr6","53116807","53117115","chr17","20105310","20105601","37","33011497"
"chr6","53155135","53155435","chr17","20066868","20067175","34","33088267"
"chr6","53174983","53175279","chr17","20046612","20046910","26","33128371"
"chr6","53180954","53181088","chr13","80106963","80107097","16","26926009"
"chr6","53181395","53181566","chr7","19314741","19314914","26","33866654"
"chr6","53247665","53247974","chr17","19976052","19976357","26","33271613"
"chr6","53290826","53291126","chr17","19934175","19934479","35","33356651"
"chr6","53300504","53300781","chr17","19924617","19924893","22","33375887"
"chr6","53358541","53358834","chr17","19868883","19869179","27","33489658"
"chr6","53406511","53406812","chr17","19820891","19821193","41","33585620"
"chr6","53429897","53430188","chr9","56177458","56177747","36","2747561"
"chr6","53492144","53492442","chr25","50384473","50384770","43","3107671"
"chr6","53527341","53527635","chr17","19752735","19753028","26","33774606"
"chr6","53616155","53616454","chr17","19673663","19673959","29","33942492"
"chr6","53627327","53627636","chr8","6616736","6617047","44","47010591"
"chr6","53655350","53655655","chrUn_KE147562v1","113822","114137","53","53541528"
"chr6","53713519","53713809","chr20","113036847","113037141","38","59323328"
"chr6","53764235","53764535","chr18","31386596","31386890","33","22377639"
"chr6","53800750","53801051","chr17","19498782","19499086","32","34301968"
"chr6","53803182","53803342","chr1","89785636","89785796","28","35982454"
"chr6","53803450","53803571","chr15","72287000","72287119","22","18483550"
"chr6","53856285","53856594","chr25","25629089","25629399","40","28227196"
"chr6","53857798","53858109","chr17","19441715","19442026","29","34416083"
"chr6","53884956","53885257","chr17","19414528","19414838","36","34470428"
"chr6","53895684","53895965","chr29","12032145","12032423","36","41863539"
"chr6","53896634","53896943","chr5","59743438","59743749","35","5846804"
"chr6","53898406","53898712","chr17","19400987","19401294","30","34497419"
"chr6","53899779","53900089","chr11","692875","693183","36","53206904"
"chr6","53911302","53911598","chrX","27797679","27797977","29","26113623"
"chr6","53914383","53914663","chr16","35551401","35551674","39","18362982"
"chr6","53914897","53915192","chr11","96978397","96978692","31","43063500"
"chr6","53915536","53915846","chr18","17881385","17881692","42","36034151"
"chr6","53926032","53926339","chr17","19376209","19376512","25","34549823"
"chr6","53933104","53933395","chr24","67726643","67726935","25","13793539"
"chr6","53938126","53938436","chr17","19364232","19364539","25","34573894"
"chr6","53950611","53950908","chr17","19352504","19352810","37","34598107"
"chr6","53959652","53959947","chr17","19344379","19344665","23","34615273"
"chr6","53964007","53964316","chr17","19339418","19339717","29","34624589"
"chr6","53983422","53983731","chr4","31876349","31876651","35","22107073"
"chr6","53990406","53990694","chr17","19312593","19312881","29","34677813"
"chr6","54152502","54152788","chr10","19921830","19922123","35","34230672"
"chr6","54180218","54180516","chr20","70698928","70699225","29","16518710"
"chr6","54274806","54275116","chr2","39182421","39182732","31","15092385"
"chr6","54281897","54282196","chr17","19008185","19008492","27","35273712"
"chr6","54291066","54291375","chr17","18999448","18999764","29","35291618"
"chr6","54300102","54300399","chr17","18989731","18990035","27","35310371"
"chr6","54302156","54302469","chr17","18987667","18987983","34","35314489"
"chr6","54306135","54306442","chr2","10150322","10150632","35","44155813"
"chr6","54312384","54312663","chr1","99252258","99252542","42","44939874"
"chr6","54332412","54332624","chr19","18670114","18670324","28","35662298"
"chr6","54422377","54422680","chr3","20151076","20151376","37","34271301"
"chr6","54481669","54481957","chr17","18803638","18803931","27","35678031"
"chr6","54496016","54496240","chr20","124415167","124415386","31","69919151"
"chr6","54591512","54591808","chr22","5955596","5955889","31","48635916"
"chr6","54643980","54644162","chr17","18647281","18647455","22","35996699"
"chr6","54739524","54739732","chr17","17523646","17523848","26","37215878"
"chr6","54744150","54744458","chr17","17518974","17519272","37","37225176"
"chr6","54783424","54783718","chr17","17476822","17477112","30","37306602"
"chr6","54807456","54807706","chr11","115789930","115790196","46","60982474"
"chr6","54817927","54818239","chr9","84121231","84121542","34","29303304"
"chr6","54895406","54895713","chr17","17368425","17368725","38","37526981"
"chr6","54946987","54947295","chr5","74946041","74946348","40","19999054"
"chr6","54953239","54953525","chr10","88097750","88098024","41","33144511"
"chr6","55079282","55079590","chr8","10801167","10801476","38","44278115"
"chr6","55127771","55128067","chr6","509835","510128","38","54617936"
"chr6","55211145","55211366","chr11","124263168","124263380","50","69052023"
"chr6","55279246","55279549","chr19","28386756","28387063","45","26892490"
"chr6","55428858","55429160","chr11","116110220","116110525","39","60681362"
"chr6","55447657","55447833","chr17","16839875","16840048","18","38607782"
"chr6","55466613","55466911","chr17","16821915","16822227","32","38644698"
"chr6","55467249","55467542","chr2","20386017","20386311","37","35081232"
"chr6","55512864","55513174","chr17","16764797","16765110","31","38748067"
"chr6","55521735","55522043","chr23","80870593","80870901","40","25348858"
"chr6","55530304","55530607","chrX","110056283","110056581","48","54525979"
"chr6","55548620","55548921","chr17","16734895","16735202","38","38813725"
"chr6","55570240","55570534","chr17","16711207","16711513","38","38859033"
"chr6","55611145","55611426","chr16","58402495","58402776","36","2791350"
"chr6","55697196","55697491","chr17","16582183","16582475","28","39115013"
"chr6","55778762","55779031","chr21","125512765","125513037","51","69734003"
"chr6","55801921","55802208","chr17","16482832","16483119","30","39319089"
"chr6","55992448","55992760","chr17","16311092","16311397","38","39681356"
"chr6","56001289","56001588","chr3","59059643","59059942","35","3058354"
"chr6","56099629","56099913","chr25","26542450","26542736","41","29557179"
"chr6","56168852","56169151","chr27","25166790","25167092","38","31002062"
"chr6","56678571","56678865","chr17","15662424","15662714","42","41016147"
"chr6","56824334","56824637","chr20","17066421","17066724","40","39757913"
"chr6","56865821","56866124","chr17","15480796","15481098","18","41385025"
"chr6","56898643","56898946","chr20","115245212","115245514","33","58346569"
"chr6","56936288","56936592","chr11","45609068","45609369","39","11327220"
"chr6","57037820","57038129","chr14","77313392","77313701","37","20275572"
"chr6","57093225","57093521","chr2","14059805","14060099","44","43033420"
"chr6","57095877","57096173","chr2","14059805","14060099","44","43036072"
"chr6","57269409","57269706","chr17","15098765","15099040","46","42170644"
"chr6","57408691","57408992","chr20","104921716","104922019","36","47513025"
"chr6","57418938","57419233","chr17","14958243","14958545","36","42460695"
"chr6","57432526","57432825","chr26","2668803","2669103","37","54763723"
"chr6","57435407","57435714","chr25","44372267","44372570","36","13063140"
"chr6","57453809","57454107","chr17","14923114","14923419","28","42530695"
"chr6","57463767","57464008","chr18","30049663","30049912","51","27414104"
"chr6","57484658","57484970","chr6","17702830","17703139","38","39781828"
"chr6","57570727","57571009","chr17","14812035","14812321","34","42758692"
"chr6","57575724","57576013","chr5","1315698","1315971","46","56260026"
"chr6","57611963","57612264","chr17","14779403","14779680","43","42832560"
"chr6","57693249","57693538","chr17","14706242","14706532","21","42987007"
"chr6","57732971","57733263","chr11","909139","909432","26","56823832"
"chr6","57736978","57737276","chr17","14662710","14663008","26","43074268"
"chr6","57798768","57799070","chr8","7114217","7114516","38","50684551"
"chr6","57825816","57826113","chr14","82887781","82888081","34","25061965"
"chr6","57835768","57836072","chr5","26410686","26410992","33","31425082"
"chr6","57846591","57846889","chr17","14510021","14510314","27","43336570"
"chr6","57861165","57861489","chr22","18539076","18539393","48","39322089"
"chr6","57894450","57894746","chr24","40758560","40758856","48","17135890"
"chr6","57940777","57941077","chr17","14413431","14413730","39","43527346"
"chr6","57950330","57950604","chr17","14404189","14404466","30","43546141"
"chr6","58029022","58029313","chr6","12817354","12817649","41","45211668"
"chr6","58048072","58048376","chr15","81056208","81056510","40","23008136"
"chr6","58054548","58054859","chr17","14314256","14314580","37","43740292"
"chr6","58066591","58066907","chr17","14307202","14307513","29","43759389"
"chr6","58108485","58108792","chr17","14271866","14272165","31","43836619"
"chr6","58164610","58164932","chr17","14222501","14222812","33","43942109"
"chr6","58176712","58177004","chr17","14210364","14210657","22","43966348"
"chr6","58185570","58185886","chr17","70166834","70167147","40","11981264"
"chr6","58194790","58195085","chr17","14194505","14194797","25","44000285"
"chr6","58201796","58201958","chr2","10470746","10470910","23","47731050"
"chr6","58206330","58206617","chr17","14182784","14183080","27","44023546"
"chr6","58227381","58227620","chr9","61704066","61704306","40","3476685"
"chr6","58249023","58249320","chr23","67054356","67054651","36","8805333"
"chr6","58293148","58293460","chr17","14107719","14108031","34","44185429"
"chr6","58297208","58297509","chrX","38416664","38416967","36","19880544"
"chr6","58334676","58334974","chr1","103586917","103587220","28","45252241"
"chr6","59077163","59077461","chr2","58341146","58341445","36","736017"
"chr6","59086254","59086548","chr3","70170466","70170758","37","11084212"
"chr6","59101563","59101840","chr7","111567460","111567746","36","52465897"
"chr6","59119470","59119773","chr6","10099370","10099656","56","49020100"
"chr6","59140379","59140689","chr5","26410686","26410992","40","32729693"
"chr6","59146154","59146449","chr5","3888410","3888700","47","55257744"
"chr6","59149781","59150076","chr4","36351212","36351514","29","22798569"
"chr6","59174511","59174739","chr9","61704066","61704306","47","2529555"
"chr6","59178887","59179050","chr11","31459088","31459250","32","27719799"
"chr6","59179057","59179345","chr4","36251485","36251764","35","22927572"
"chr6","59199232","59199520","chr22","16435908","16436200","44","42763324"
"chr6","59220994","59221303","chr18","17039455","17039764","40","42181539"
"chr6","59229867","59230187","chr9","12574267","12574569","56","46655600"
"chr6","59238098","59238409","chr11","64404561","64404869","35","5166463"
"chr6","59310078","59310358","chr17","13677179","13677458","22","45632899"
"chr6","59333102","59333419","chr17","13655744","13656045","33","45677358"
"chr6","59466805","59467090","chr17","13517911","13518191","37","45948894"
"chr6","59584112","59584395","chr6","30334536","30334818","52","29249576"
"chr6","59612018","59612322","chr3","79749884","79750184","41","20137866"
"chr6","63530057","63530337","chr17","11248317","11248601","23","52281740"
"chr6","63882822","63883132","chr16","63368108","63368413","45","514714"
"chr6","63889360","63889666","chr8","39519746","39520044","42","24369614"
"chr6","63895340","63895647","chr17","10875495","10875802","35","53019845"
"chr6","63903211","63903501","chr17","10867222","10867508","24","53035989"
"chr6","64019367","64019665","chr17","10757271","10757580","45","53262096"
"chr6","64198242","64198522","chrX","8424378","8424660","37","55773864"
"chr6","64209959","64210250","chr3","13979299","13979588","44","50230660"
"chr6","64215847","64216024","chrUn_KE147541v1","116708","116887","23","64099139"
"chr6","64531882","64532180","chr17","10265627","10265914","39","54266255"
"chr6","64550334","64550621","chr23","48792991","48793276","37","15757343"
"chr6","64597580","64597870","chr17","10203563","10203863","49","54394017"
"chr6","64638356","64638649","chr6","47913178","47913472","43","16725178"
"chr6","64664321","64664632","chr17","10141479","10141784","34","54522842"
"chr6","64984088","64984314","chr17","9876805","9877028","34","55107283"
"chr6","65006012","65006311","chr6","5201223","5201511","45","59804789"
"chr6","65019801","65020116","chr17","9845480","9845788","36","55174321"
"chr6","65166414","65166736","chr27","21581463","21581790","51","43584951"
"chr6","65269293","65269625","chr27","21581463","21581790","54","43687830"
"chr6","65401969","65402166","chr11","117160794","117160990","35","51758825"
"chr6","65685644","65685937","chr12","80083509","80083803","41","14397865"
"chr6","65736703","65736995","chr15","90536879","90537170","39","24800176"
"chr6","65739067","65739375","chr17","9289618","9289926","21","56449449"
"chr6","65901840","65902140","chr24","40758560","40758856","42","25143280"
"chr6","65962034","65962338","chr17","9095105","9095405","34","56866929"
"chr6","66274192","66274499","chr17","8779863","8780164","36","57494329"
"chr6","66279198","66279486","chr10","113195197","113195482","34","46915999"
"chr6","66518385","66518588","chr17","8594428","8594625","30","57923957"
"chr6","66564757","66565073","chr21","100331185","100331502","61","33766428"
"chr6","66774421","66774633","chr11","124263168","124263380","46","57488747"
"chr6","66782640","66782937","chr9","23980081","23980379","33","42802559"
"chr6","67040249","67040560","chr12","44289896","44290207","35","22750353"
"chr6","67073744","67074036","chr17","8057451","8057745","42","59016293"
"chr6","67084674","67084847","chr17","8046628","8046810","34","59038046"
"chr6","67110362","67110680","chrUn_KE147546v1","265600","265919","58","66844762"
"chr6","67160008","67160324","chr18","59295210","59295518","46","7864798"
"chr6","67363338","67363634","chr15","35033642","35033936","43","32329696"
"chr6","67611350","67611660","chr3","26018477","26018785","52","41592873"
"chr6","67708179","67708482","chr9","111595979","111596279","21","43887800"
"chr6","67783077","67783268","chr17","7358067","7358273","27","60425010"
"chr6","67923725","67924037","chr21","73499256","73499565","46","5575531"
"chr6","67979273","67979488","chr3","8998187","8998398","52","58981086"
"chr6","68132285","68132534","chr19","16571761","16572011","28","51560524"
"chr6","68337083","68337377","chr11","6429844","6430143","35","61907239"
"chr6","68396397","68396707","chr11","127587244","127587554","44","59190847"
"chr6","68405356","68405666","chr25","25629089","25629399","33","42776267"
"chr6","68408831","68409125","chr17","6771984","6772283","37","61636847"
"chr6","68700209","68700502","chr10","113390916","113391227","60","44690707"
"chr6","68737341","68737623","chr17","6458945","6459228","23","62278396"
"chr6","68745852","68746158","chr13","85750075","85750383","43","17004223"
"chr6","68784931","68785242","chr17","6413437","6413755","37","62371494"
"chr6","68892727","68893015","chr17","6317099","6317389","21","62575628"
"chr6","68970545","68970856","chr8","7114217","7114516","39","61856328"
"chr6","68990977","68991280","chr11","131206","131506","32","68859771"
"chr6","69050405","69050697","chr17","6157548","6157833","31","62892857"
"chr6","69114429","69114610","chrX_KE148111v1_random","128290","128466","39","68986139"
"chr6","69241560","69241863","chr17","5974498","5974805","38","63267062"
"chr6","69575427","69575723","chr17","5650076","5650372","31","63925351"
"chr6","69641568","69641885","chr17","5585625","5585936","31","64055943"
"chr6","69728801","69729110","chrX","35558526","35558832","34","34170275"
"chr6","69857885","69858170","chr12","45859854","45860145","47","23998031"
"chr6","69941460","69941760","chr8","120261886","120262182","40","50320426"
"chr6","69941906","69942211","chr7","91654814","91655114","43","21712908"
"chr6","70040293","70040588","chr25","72545535","72545825","34","2505242"
"chr6","70045067","70045375","chr2","16759843","16760154","45","53285224"
"chr6","70053902","70054209","chr2","39182421","39182732","39","30871481"
"chr6","70099406","70099724","chr17","5158005","5158311","36","64941401"
"chr6","70110539","70110845","chr17","5146056","5146369","32","64964483"
"chr6","70134105","70134396","chr8","7114217","7114516","39","63019888"
"chr6","70160697","70160999","chr20","95037372","95037673","35","24876675"
"chr6","70173872","70174169","chr10","30203679","30203975","31","39970193"
"chr6","70231858","70232160","chr17","5023310","5023619","36","65208548"
"chr6","70328873","70329176","chr17","4935248","4935558","27","65393625"
"chr6","70346648","70346954","chr14","5352895","5353203","41","64993753"
"chr6","70365349","70365656","chr1","14106229","14106537","37","56259120"
"chr6","70439486","70439788","chr1","112242834","112243134","37","41803348"
"chr6","70465158","70465449","chr17","4799883","4800177","29","65665275"
"chr6","70485451","70485634","chr5","57663679","57663861","25","12821772"
"chr6","70499701","70500000","chr17","4771169","4771473","32","65728532"
"chr6","70539109","70539402","chr17","4731758","4732054","23","65807351"
"chr6","70539521","70539823","chr17","4731347","4731643","43","65808174"
"chr6","70589352","70589646","chr17","4681444","4681745","35","65907908"
"chr6","70618834","70619144","chr6","7583070","7583380","42","63035764"
"chr6","70643883","70644180","chr5","25951452","25951750","43","44692431"
"chr6","70663817","70664109","chr17","4616543","4616830","28","66047274"
"chr6","70677474","70677780","chr17","4602997","4603293","23","66074477"
"chr6","70705190","70705473","chr17","4573007","4573302","41","66132183"
"chr6","70724133","70724437","chr23","10818633","10818939","30","59905500"
"chr6","70729200","70729501","chr14","1392930","1393232","41","69336270"
"chr6","70729999","70730298","chr16","2349240","2349537","33","68380759"
"chr6","70764444","70764740","chr17","4528924","4529216","26","66235520"
"chr6","70787832","70788130","chrX","20403447","20403743","33","50384385"
"chr6","70825407","70825569","chr17","4468147","4468315","20","66357260"
"chr6","70850208","70850505","chr2","31905539","31905841","38","38944669"
"chr6","70869184","70869491","chr17","4426282","4426592","26","66442902"
"chr6","70869588","70869897","chr17","4425867","4426177","33","66443721"
"chr6","70879068","70879362","chr17","4416281","4416571","30","66462787"
"chr6","70886141","70886427","chr6","15677208","15677493","43","55208933"
"chr6","70890685","70890956","chr26","18260320","18260589","35","52630365"
"chr6","70894095","70894425","chr17","4402242","4402561","35","66491853"
"chr6","70895073","70895384","chr17","4401355","4401665","35","66493718"
"chr6","70900048","70900351","chr28","19188684","19188984","32","51711364"
"chr6","70901945","70902203","chr8","88951764","88952028","38","18049819"
"chr6","70910756","70911042","chr17","4388171","4388471","32","66522585"
"chr6","70922368","70922677","chr17","4377289","4377596","33","66545079"
"chr6","70931320","70931626","chr17","4369239","4369539","27","66562081"
"chr6","70969132","70969356","chr17","4329923","4330143","36","66639209"
"chr6","70979919","70980223","chr17","4319331","4319630","29","66660588"
"chr6","71000796","71001083","chr17","4297910","4298196","34","66702886"
"chr6","71002965","71003270","chr17","4295722","4296029","30","66707243"
"chr6","71028532","71028779","chr9","22718368","22718612","37","48310164"
"chr6","71028840","71029035","chr7","15845768","15845962","32","55183072"
"chr6","71030553","71030839","chr17","4270269","4270549","32","66760284"
"chr6","71193803","71194097","chr2","23642928","23643221","32","47550875"
"chr6","71199530","71199705","chr17","4116444","4116621","16","67083086"
"chr6","71452511","71452750","chr8","89454154","89454409","47","18001643"
"chr6","71524587","71524885","chr17","3823877","3824156","49","67700710"
"chr6","71587776","71588054","chr17","3766978","3767262","26","67820798"
"chr6","71734747","71735055","chr17","3627347","3627658","30","68107400"
"chr6","71757131","71757433","chr17","3604824","3605128","23","68152307"
"chr6","71824406","71824685","chrX","1052","1331","31","71823354"
"chr6","72037491","72037790","chr15","64630867","64631162","31","7406624"
"chr6","72179832","72180136","chr29","8505951","8506255","35","63673881"
"chr6","72214391","72214675","chrX","80486335","80486608","51","8271944"
"chr6","72262150","72262445","chr17","3109472","3109765","28","69152678"
"chr6","72276806","72277115","chr17","3094961","3095268","29","69181845"
"chr6","72332131","72332438","chr8","10801167","10801476","39","61530964"
"chr6","72387533","72387838","chr25","49305554","49305855","40","23081979"
"chr6","72405948","72406247","chr20","92192486","92192788","35","19786538"
"chr6","72415585","72415892","chrX_KE148108v1_random","5202850","5203152","36","67212735"
"chr6","72526955","72527250","chr15","91394121","91394413","37","18867166"
"chr6","72691833","72692148","chr9","92559992","92560298","46","19868159"
"chr6","72813971","72814248","chr23","81350467","81350745","38","8536496"
"chr6","72847085","72847377","chr12","14360098","14360391","49","58486987"
"chr6","72864335","72864621","chr17","2555028","2555333","38","70309307"
"chr6","72933100","72933412","chr17","2500557","2500855","36","70432543"
"chr6","72950534","72950852","chr21","31423668","31423978","36","41526866"
"chr6","72974231","72974513","chr7","55969154","55969434","31","17005077"
"chr6","73006187","73006421","chr9","61704066","61704306","47","11302121"
"chr6","73053719","73054018","chr17","2384526","2384823","32","70669193"
"chr6","73060869","73061179","chr17","2377203","2377517","26","70683666"
"chr6","73105347","73105494","chr12","10102711","10102858","26","63002636"
"chr6","73236316","73236594","chr17","2200495","2200772","24","71035821"
"chr6","73239092","73239403","chr17","2197682","2197993","26","71041410"
"chr6","73267862","73268177","chr17","2169631","2169941","25","71098231"
"chr6","73343982","73344218","chr9","61704066","61704306","41","11639916"
"chr6","73431878","73432201","chr17","2011489","2011809","28","71420389"
"chr6","73470458","73470763","chrUn_KE147541v1","114130","114436","33","73356328"
"chr6","73475663","73475980","chr2","39241932","39242241","40","34233731"
"chr6","73477870","73478161","chr5","12133786","12134091","43","61344084"
"chr6","73482832","73483130","chr17","1958890","1959193","27","71523942"
"chr6","73515724","73516021","chr17","1926430","1926744","38","71589294"
"chr6","73534387","73534671","chr17","1909030","1909307","60","71625357"
"chr6","73537406","73537556","chr17","1904565","1904705","18","71632841"
"chr6","73551123","73551430","chr17","1887277","1887581","29","71663846"
"chr6","73569337","73569642","chr17","1874787","1875083","30","71694550"
"chr6","73579122","73579359","chr17","1867027","1867262","12","71712095"
"chr6","73581006","73581316","chr17","1865077","1865383","34","71715929"
"chr6","73583398","73583710","chr1","6871378","6871678","40","66712020"
"chr6","73596240","73596542","chr11","6429844","6430143","33","67166396"
"chr6","73606298","73606585","chr6","14119632","14119921","31","59486666"
"chr6","73608865","73609173","chr17","1837678","1837974","27","71771187"
"chr6","73614357","73614658","chr5","50489073","50489372","37","23125284"
"chr6","73615418","73615707","chr17","1826087","1826379","21","71789331"
"chr6","73616129","73616415","chr19","24923643","24923933","29","48692486"
"chr6","73638071","73638367","chr11","105786967","105787262","34","32148896"
"chr6","73640194","73640497","chr19","14414670","14414974","36","59225524"
"chr6","73640720","73641004","chr17","1807704","1807987","27","71833016"
"chr6","73655404","73655694","chr17","1791845","1792144","17","71863559"
"chr6","73658555","73658894","chr12","6416137","6416466","64","67242418"
"chr6","73659440","73659747","chr12","9070428","9070738","45","64589012"
"chr6","73659770","73660079","chr6","15813882","15814194","35","57845888"
"chr6","73660559","73660787","chr20","94688536","94688769","43","21027977"
"chr6","73665408","73665681","chr9","49514966","49515249","50","24150442"
"chr6","73666075","73666345","chr20","17738077","17738346","39","55927998"
"chr6","73676072","73676370","chr5","59338845","59339137","36","14337227"
"chr6","73676749","73676918","chr12","44151477","44151654","25","29525272"
"chr6","73676923","73677235","chr10","57370589","57370898","35","16306334"
"chr6","73698155","73698449","chr17","1748850","1749150","23","71949305"
"chr6","73698596","73698891","chr7","106552638","106552933","32","32854042"
"chr6","73699227","73699530","chr17","1747755","1748070","33","71951472"
"chr6","73733312","73733615","chr17","1716804","1717092","29","72016508"
"chr6","73753028","73753323","chr17","1697036","1697337","30","72055992"
"chr6","73762388","73762681","chr25","72276675","72276969","31","1485713"
"chr6","73764816","73765103","chr17","1684238","1684526","27","72080578"
"chr6","73765304","73765593","chr17","1683723","1684010","23","72081581"
"chr6","73772176","73772479","chr17","1677974","1678270","31","72094202"
"chr6","73774533","73774824","chr17","1675455","1675750","42","72099078"
"chr6","73776525","73776820","chr3","27589948","27590237","43","46186577"
"chr6","73784589","73784750","chr17","1665650","1665813","8","72118939"
"chr6","73788519","73788798","chr24","40768087","40768372","47","33020432"
"chr6","73807211","73807517","chr6","40061617","40061925","38","33745594"
"chr6","73813568","73813873","chr17","1636949","1637252","17","72176619"
"chr6","73816252","73816477","chr9","99339340","99339577","54","25523088"
"chr6","73829878","73830184","chr17","1621436","1621746","23","72208442"
"chr6","73835083","73835385","chr17","1616687","1616991","28","72218396"
"chr6","73838349","73838646","chr17","1613482","1613775","23","72224867"
"chr6","73841102","73841437","chr17","1607715","1608026","34","72233387"
"chr6","73841961","73842271","chr17","1606877","1607189","34","72235084"
"chr6","73845159","73845461","chr17","1602018","1602317","27","72243141"
"chr6","73852302","73852605","chr24","80394823","80395123","33","6542521"
"chr6","73854218","73854512","chr17","1594311","1594608","22","72259907"
"chr6","73859464","73859764","chr17","1592083","1592379","27","72267381"
"chr6","73862765","73862940","chr2","36146845","36147017","21","37715920"
"chr6","73864326","73864627","chr17","1587289","1587584","33","72277037"
"chr6","73866003","73866294","chr6","2294070","2294363","35","71571933"
"chr6","73869795","73870075","chr2","1895552","1895834","49","71974243"
"chr6","73871629","73871915","chr17","1580735","1581018","23","72290894"
"chr6","73903819","73903967","chr8","15595349","15595491","30","58308470"
"chr6","73905312","73905612","chr29","4013925","4014232","47","69891387"
"chr6","73909614","73909931","chr17","1546948","1547253","41","72362666"
"chr6","73923873","73924172","chr17","1532590","1532883","37","72391283"
"chr6","73929325","73929610","chr6","16450497","16450789","36","57478828"
"chr6","73930907","73931200","chr17","1526140","1526433","21","72404767"
"chr6","73931764","73932046","chr10","55089831","55090117","40","18841933"
"chr6","73969125","73969408","chr17","1494686","1494971","25","72474439"
"chr6","73970221","73970398","chrX_KE148111v1_random","128290","128466","30","73841931"
"chr6","73979790","73980088","chr11","127512758","127513054","42","53532968"
"chr6","73993374","73993670","chr10","93646197","93646492","35","19652823"
"chr6","74010612","74010914","chrX_KE148109v1_random","2263653","2263954","31","71746959"
"chr6","74052966","74053267","chr17","1407158","1407463","32","72645808"
"chr6","74069756","74070058","chr17","1390651","1390953","35","72679105"
"chr6","74185356","74185663","chr17","1281191","1281500","18","72904165"
"chr6","74534755","74534975","chr17","991883","992111","30","73542872"
"chr6","74764201","74764500","chr17","790147","790428","47","73974054"
"chr6","74903443","74903677","chr9","99339340","99339577","54","24435897"
"chr6","75023764","75024015","chr8","37965139","37965384","39","37058625"
"chr6","75114187","75114495","chr17","479249","479557","36","74634938"
"chr6","75129523","75129827","chr10","117306283","117306588","41","42176760"
"chr6","75251128","75251409","chr17","355504","355789","29","74895624"
"chr6","75254789","75255095","chr17","351491","351800","32","74903298"
"chr6","75449983","75450283","chr3","79749884","79750184","35","4299901"
"chr6","75489232","75489538","chr26","37721679","37721981","45","37767553"
"chr6","75637461","75637766","chr13","635","936","27","75636826"
"chr6","75655142","75655450","chr13","19118","19426","26","75636024"
"chr6","75659829","75660146","chrX","90940181","90940488","38","15280352"
"chr6","75687743","75688035","chr13","53254","53555","35","75634489"
"chr6","75703601","75703904","chr8","63940060","63940364","42","11763541"
"chr6","75708343","75708634","chr22","16435908","16436200","35","59272435"
"chr6","75744432","75744729","chr13","108507","108803","24","75635925"
"chr6","75827388","75827688","chr4","13743937","13744235","37","62083451"
"chr6","75894586","75894864","chr13","255613","255885","30","75638973"
"chr6","75895537","75895829","chr5","60077430","60077729","44","15818107"
"chr6","75902028","75902320","chrX","22852905","22853198","27","53049123"
"chr6","75929168","75929441","chr13","289634","289898","34","75639534"
"chr6","75930635","75930942","chr13","292758","293062","20","75637877"
"chr6","75938572","75938864","chr2","429322","429614","32","75509250"
"chr6","75949788","75950098","chr13","307972","308283","31","75641816"
"chr6","75981340","75981645","chr13","338979","339285","17","75642361"
"chr6","75984486","75984783","chr13","342303","342589","38","75642183"
"chr6","75990065","75990232","chrX","116310649","116310799","39","40320584"
"chr6","76016425","76016725","chr9","63398157","63398459","38","12618268"
"chr6","76029035","76029336","chr24","81534444","81534741","33","5505409"
"chr6","76037202","76037373","chr13","395551","395718","21","75641651"
"chr6","76046434","76046757","chr11","4422956","4423267","44","71623478"
"chr6","76048889","76049207","chr13","403866","404172","42","75645023"
"chr6","76050639","76050950","chr13","405591","405902","22","75645048"
"chr6","76088709","76088994","chr27","10380206","10380492","30","65708503"
"chr6","76095554","76095856","chr9","117230098","117230400","35","41134544"
"chr6","76109505","76109789","chr13","460208","460481","34","75649297"
"chr6","76111757","76112050","chr13","462647","462951","35","75649110"
"chr6","76113839","76114136","chr28","8982088","8982383","30","67131751"
"chr6","76123475","76123780","chr13","474952","475249","26","75648523"
"chr6","76125763","76126085","chrX","17548615","17548925","45","58577148"
"chr6","76136621","76136913","chr3","15464873","15465166","35","60671748"
"chr6","76143652","76143953","chr13","495478","495781","36","75648174"
"chr6","76151540","76151832","chr1","54930135","54930430","36","21221405"
"chr6","76155742","76156047","chr13","507132","507440","21","75648610"
"chr6","76159872","76160164","chr13","511519","511812","19","75648353"
"chr6","76168463","76168771","chr13","519561","519880","34","75648902"
"chr6","76195745","76196055","chr12","9855924","9856236","33","66339821"
"chr6","76197832","76198140","chr13","548456","548762","34","75649376"
"chr6","76231984","76232274","chr13","583594","583880","33","75648390"
"chr6","76236469","76236765","chr13","587762","588062","31","75648707"
"chr6","76268267","76268578","chr28","10549737","10550046","44","65718530"
"chr6","76307198","76307506","chr13","652444","652752","24","75654754"
"chr6","76326250","76326558","chr20","97809498","97809806","41","21483248"
"chr6","76379721","76380009","chr15","87828275","87828559","40","11448554"
"chr6","76430424","76430724","chr4","71397848","71398149","39","5032576"
"chr6","76436122","76436423","chr13","778332","778629","26","75657790"
"chr6","76494922","76495224","chr8","7114217","7114516","27","69380705"
"chr6","76583224","76583528","chr13","931947","932256","27","75651277"
"chr6","76901072","76901300","chr13","1207747","1207990","29","75693325"
"chr6","77036322","77036631","chr13","1327505","1327814","37","75708817"
"chr6","77096311","77096596","chr13","1393679","1393965","23","75702632"
"chr6","77503907","77504209","chr13","1767442","1767742","33","75736465"
"chr6","77661883","77662160","chr13","1919179","1919463","35","75742704"
"chr6","77763390","77763680","chr17","43430201","43430490","38","34333189"
"chr6","77843600","77843911","chr13","2103819","2104127","32","75739781"
"chr6","77922176","77922313","chr16","6849440","6849562","44","71072736"
"chr6","77928441","77928734","chr2","4660336","4660628","37","73268105"
"chr6","77982197","77982487","chr16","2349240","2349537","49","75632957"
"chr6","78015167","78015511","chr1","121270989","121271329","70","43255822"
"chr6","78071128","78071423","chr13","2361702","2361999","26","75709426"
"chr6","78283246","78283541","chr13","2559001","2559306","36","75724245"
"chr6","78310391","78310700","chr25","73296177","73296486","41","5014214"
"chr6","78311246","78311559","chr6","45816475","45816788","39","32494771"
"chr6","78395704","78396011","chr6","8015506","8015808","40","70380198"
"chr6","78553469","78553773","chr17","56616110","56616407","43","21937359"
"chr6","78716204","78716509","chr29","21790786","21791093","39","56925418"
"chr6","78750839","78751135","chr16","3081803","3082095","30","75669036"
"chr6","78758964","78759268","chrX","111618844","111619154","42","32859880"
"chr6","78765906","78766199","chr13","3058324","3058615","32","75707582"
"chr6","78787177","78787486","chr13","3080940","3081244","27","75706237"
"chr6","78856018","78856342","chr11","811801","812125","52","78044217"
"chr6","78856668","78856971","chr2","31905539","31905841","32","46951129"
"chr6","78880150","78880456","chr13","3170402","3170710","31","75709748"
"chr6","79046303","79046546","chr13","41068620","41068856","37","37977683"
"chr6","79118657","79118952","chr13","3399043","3399337","21","75719614"
"chr6","79155923","79156138","chr4","60377559","60377772","36","18778364"
"chr6","79300896","79301196","chrX","36521580","36521880","28","42779316"
"chr6","79313370","79313669","chr13","3581118","3581426","27","75732252"
"chr6","79372807","79373117","chr13","3641078","3641384","34","75731729"
"chr6","79384343","79384648","chr8","7114217","7114516","34","72270126"
"chr6","79428206","79428453","chr12","32218441","32218703","50","47209765"
"chr6","79473856","79474164","chr13","3736131","3736436","36","75737725"
"chr6","79489521","79489801","chr2","57222759","57223039","42","22266762"
"chr6","79506955","79507255","chr29","4391784","4392082","41","75115171"
"chr6","80033911","80034208","chr13","4263715","4264013","23","75770196"
"chr6","80037266","80037563","chr13","4267166","4267457","32","75770100"
"chr6","80080811","80081185","chr11","105871959","105872319","77","25791148"
"chr6","80091544","80091845","chr13","4318657","4318957","31","75772887"
"chr6","80095263","80095573","chr13","4322860","4323164","29","75772403"
"chr6","80129964","80130269","chr12","80137644","80137947","32","7680"
"chr6","80149741","80150040","chr13","4378455","4378752","24","75771286"
"chr6","80293504","80293798","chr26","22372480","22372776","45","57921024"
"chr6","80375776","80376065","chr10","104045761","104046051","35","23669985"
"chr6","80391803","80392100","chrX","24812218","24812514","41","55579585"
"chr6","80511311","80511616","chr10","126526635","126526939","37","46015324"
"chr6","80554544","80554842","chr13","4798238","4798540","27","75756306"
"chr6","80597570","80597878","chr25","73237345","73237652","41","7360225"
"chr6","80651168","80651471","chr13","4871609","4871902","27","75779559"
"chr6","80680157","80680448","chr26","39493219","39493510","29","41186938"
"chr6","80711919","80712222","chr13","4926262","4926563","31","75785657"
"chr6","80797498","80797823","chr13","5016705","5017018","33","75780793"
"chr6","80827476","80827784","chr6","5642081","5642385","31","75185395"
"chr6","80831774","80832081","chr19","21336034","21336340","28","59495740"
"chr6","80862358","80862664","chr13","5085375","5085678","25","75776983"
"chr6","80895427","80895724","chr8","28377358","28377659","42","52518069"
"chr6","81007779","81008091","chr5","43308878","43309187","36","37698901"
"chr6","81072560","81072870","chr20","118811663","118811971","52","37739103"
"chr6","81091470","81091794","chr13","5275716","5276041","33","75815754"
"chr6","81168453","81168762","chr13","5347582","5347895","38","75820871"
"chr6","81186381","81186608","chr13","5361312","5361562","35","75825069"
"chr6","81237008","81237298","chr4","13836335","13836622","48","67400673"
"chr6","81294879","81295181","chr13","5453003","5453307","33","75841876"
"chr6","81310824","81311135","chr3","37312315","37312619","44","43998509"
"chr6","81314755","81315033","chr24","11586518","11586800","33","69728237"
"chr6","81575775","81576077","chr13","5717569","5717867","30","75858206"
"chr6","81796645","81796955","chr2","12066207","12066515","38","69730438"
"chr6","81848780","81849101","chr17","41388538","41388861","46","40460242"
"chr6","81850983","81851286","chr13","5993674","5993952","65","75857309"
"chr6","82183535","82183845","chr13","6294824","6295145","39","75888711"
"chr6","82282692","82282988","chr12","44304505","44304802","21","37978187"
"chr6","82305766","82305905","chr13","6426264","6426403","14","75879502"
"chr6","82492750","82493005","chr13","6612493","6612757","40","75880257"
"chr6","82495356","82495626","chr13","6612493","6612757","39","75882863"
"chr6","82603028","82603339","chr13","6734520","6734808","47","75868508"
"chr6","82702608","82702896","chr13","6834936","6835234","43","75867672"
"chr6","82722928","82723220","chr13","6855900","6856189","34","75867028"
"chr6","82746105","82746389","chr13","6878960","6879256","38","75867145"
"chr6","82747126","82747429","chr13","6879995","6880290","42","75867131"
"chr6","82749618","82749916","chr6","671786","672089","43","82077832"
"chr6","82755981","82756281","chr13","6889304","6889605","33","75866677"
"chr6","82767815","82768136","chr12","7117943","7118250","60","75649872"
"chr6","82794599","82794909","chr8","10801167","10801476","35","71993432"
"chr6","82807259","82807558","chr13","6944583","6944876","28","75862676"
"chr6","82812947","82813254","chr13","6950587","6950888","41","75862360"
"chr6","82816648","82816958","chr13","6954435","6954734","33","75862213"
"chr6","82834151","82834455","chr17","61431404","61431712","35","21402747"
"chr6","82834489","82834775","chrX","26973506","26973794","40","55860983"
"chr6","82844797","82845096","chr1","109009227","109009529","35","26164430"
"chr6","82858813","82859106","chr13","6997531","6997827","29","75861282"
"chr6","82864872","82865191","chr29","15005894","15006213","43","67858978"
"chr6","82874051","82874391","chr13","7006830","7007153","50","75867221"
"chr6","83001372","83001649","chr13","7132199","7132484","28","75869173"
"chr6","83092779","83093078","chr5","561924","562220","42","82530855"
"chr6","83211539","83211834","chr1","17699624","17699919","34","65511915"
"chr6","83389208","83389508","chr2","24964078","24964383","36","58425130"
"chr6","83399718","83400022","chr11","47405582","47405890","46","35994136"
"chr6","83450152","83450469","chr8","7888852","7889182","57","75561300"
"chr6","83458170","83458474","chr6","33583179","33583478","42","49874991"
"chr6","83460456","83460752","chr13","7564167","7564464","19","75896289"
"chr6","83484140","83484450","chr13","7590251","7590562","23","75893889"
"chr6","83558191","83558494","chr2","35984887","35985192","32","47573304"
"chr6","83561771","83562060","chr4","36036902","36037194","34","47524869"
"chr6","83568378","83568675","chr12","103558740","103559039","34","19990362"
"chr6","83636864","83637150","chr10","106483108","106483398","45","22846244"
"chr6","83649302","83649602","chr11","6429844","6430143","29","77219458"
"chr6","83673245","83673550","chr13","7780438","7780728","40","75892807"
"chr6","83739363","83739607","chr20","118777080","118777313","36","35037717"
"chr6","83758664","83758942","chr4","76391823","76392096","43","7366841"
"chr6","83777826","83777935","chr16","53227862","53227965","28","30549964"
"chr6","83778258","83778313","chr24","22286122","22286189","25","61492136"
"chr6","83792060","83792360","chr13","7901594","7901892","23","75890466"
"chr6","83792591","83792899","chr16","61063438","61063741","29","22729153"
"chr6","83809376","83809690","chr10","47716248","47716552","44","36093128"
"chr6","83829214","83829525","chr19","9514256","9514567","29","74314958"
"chr6","83840303","83840612","chr11","64227761","64228069","30","19612542"
"chr6","83842483","83842779","chr4","73403865","73404158","39","10438618"
"chr6","83848980","83849291","chr6","15813882","15814194","44","68035098"
"chr6","83868470","83868760","chrX","89405531","89405821","32","5537061"
"chr6","83914720","83915013","chr14","51601653","51601943","38","32313067"
"chr6","83937158","83937472","chr13","12228130","12228438","56","71709028"
"chr6","83955492","83955799","chr9","1404199","1404508","37","82551293"
"chr6","83981610","83981906","chr13","8101049","8101348","29","75880561"
"chr6","83999281","83999581","chr13","8119551","8119849","27","75879730"
"chr6","84051117","84051408","chr6","42162999","42163288","39","41888118"
"chr6","84220929","84221217","chr13","8320110","8320401","24","75900819"
"chr6","84245017","84245320","chr13","8344845","8345151","24","75900172"
"chr6","84272902","84273200","chr24","81534444","81534741","29","2738458"
"chr6","84287597","84287915","chr11","128433782","128434091","41","44146185"
"chr6","84308884","84309178","chr13","8401333","8401643","43","75907551"
"chr6","84365136","84365420","chr14","12937978","12938261","40","71427158"
"chr6","84450040","84450340","chr6","33162057","33162362","37","51287983"
"chr6","84513653","84513963","chr13","8605845","8606152","32","75907808"
"chr6","84568198","84568490","chr13","8664121","8664427","37","75904077"
"chr6","84654069","84654374","chr21","32915562","32915868","33","51738507"
"chr6","84756837","84757135","chr6","3920663","3920962","45","80836174"
"chr6","84773656","84773963","chr28","10558100","10558409","35","74215556"
"chr6","84802458","84802761","chr20","95037372","95037673","46","10234914"
"chr6","84807877","84808175","chr13","8910230","8910526","21","75897647"
"chr6","84968965","84969254","chr13","9065270","9065552","26","75903695"
"chr6","84999709","85000000","chr13","9100181","9100477","31","75899528"
"chr6","85019932","85020212","chr1","44423140","44423422","27","40596792"
"chr6","85081055","85081361","chr16","3917468","3917778","43","81163587"
"chr6","85275994","85276304","chr13","9376487","9376809","45","75899507"
"chr6","85637683","85637985","chr13","9741830","9742136","34","75895853"
"chr6","85712196","85712505","chr6","29397714","29398019","32","56314482"
"chr6","85921436","85921739","chr6","10201242","10201547","33","75720194"
"chr6","86019699","86019992","chr1","67026506","67026811","37","18993193"
"chr6","86022216","86022527","chr13","10108235","10108537","22","75913981"
"chr6","86066234","86066558","chr24","40396858","40397185","41","45669376"
"chr6","86096272","86096565","chr17","37878069","37878366","35","48218203"
"chr6","86099949","86100251","chr14","82123294","82123598","38","3976655"
"chr6","86104091","86104395","chr11","96978397","96978692","38","10874306"
"chr6","86109968","86110278","chr12","9855924","9856236","37","76254044"
"chr6","86117279","86117536","chr10","69226039","69226292","44","16891240"
"chr6","86140118","86140421","chr13","10234927","10235224","27","75905191"
"chr6","86206481","86206788","chr13","10299889","10300181","35","75906592"
"chr6","86214968","86215280","chr20","24802295","24802601","48","61412673"
"chr6","86225492","86225803","chr16","16352697","16352989","53","69872795"
"chr6","86225809","86226113","chr1","57381049","57381356","32","28844760"
"chr6","86238816","86239110","chr13","10334293","10334588","35","75904523"
"chr6","86252035","86252286","chr5","17454583","17454826","32","68797452"
"chr6","86252452","86252769","chr13","10348177","10348490","30","75904275"
"chr6","86254105","86254393","chr13","10349812","10350081","41","75904293"
"chr6","86271899","86272184","chr8","9204742","9205027","36","77067157"
"chr6","86288099","86288413","chr13","10375869","10376185","37","75912230"
"chr6","86321305","86321478","chr10","33376506","33376682","32","52944799"
"chr6","86321576","86321765","chr7","24332915","24333099","32","61988661"
"chr6","86365715","86366030","chr2","57787969","57788279","48","28577746"
"chr6","86418274","86418569","chr23","36888077","36888376","33","49530197"
"chr6","86471983","86472298","chr11","106077958","106078275","52","19605975"
"chr6","86501562","86501834","chrX","80486335","80486608","33","6015227"
"chr6","86599774","86600086","chr25","15820384","15820694","49","70779390"
"chr6","86714840","86715164","chr19","11937544","11937848","58","74777296"
"chr6","86748979","86749263","chr13","10678852","10679148","38","76070127"
"chr6","86920561","86920859","chr11","27607100","27607397","30","59313461"
"chr6","87004977","87005289","chr20","119575633","119575947","41","32570656"
"chr6","87148696","87149001","chr2","58987877","58988180","40","28160819"
"chr6","87419702","87419975","chr5","58610912","58611188","33","28808790"
"chr6","87588573","87588882","chr13","11481973","11482282","18","76106600"
"chr6","87651822","87652024","chr2","7551195","7551381","44","80100627"
"chr6","87655974","87656170","chr11","50423234","50423428","31","37232740"
"chr6","87656567","87656838","chr13","11542474","11542764","41","76114093"
"chr6","87666699","87667012","chr13","11546490","11546804","34","76120209"
"chr6","87681751","87682055","chr13","11559464","11559765","22","76122287"
"chr6","87747711","87748020","chr16","53777816","53778123","35","33969895"
"chr6","87748463","87748764","chr13","11646856","11647168","33","76101607"
"chr6","87794971","87795253","chr13","11694225","11694497","42","76100746"
"chr6","87869687","87869981","chr1","67937430","67937722","36","19932257"
"chr6","87882053","87882349","chr29","4391784","4392082","35","83490269"
"chr6","87949631","87949927","chr13","11833260","11833560","38","76116371"
"chr6","87992443","87992742","chr23","78569221","78569519","30","9423222"
"chr6","88022811","88023109","chr6","14647912","14648212","28","73374899"
"chr6","88025097","88025401","chr6","14647912","14648212","28","73377185"
"chr6","88032878","88033167","chr14","69104058","69104349","38","18928820"
"chr6","88079350","88079650","chr13","11961334","11961631","29","76118016"
"chr6","88102886","88103176","chr13","11981121","11981406","34","76121765"
"chr6","88106537","88106762","chr14","45179502","45179717","37","42927035"
"chr6","88181038","88181335","chr16","2349240","2349537","31","85831798"
"chr6","88196127","88196426","chr13","12070417","12070709","21","76125710"
"chr6","88203850","88204021","chr7","1388861","1389024","44","86814989"
"chr6","88212686","88212988","chr13","12087298","12087607","23","76125388"
"chr6","88213342","88213656","chr13","12087961","12088266","39","76125381"
"chr6","88234734","88235023","chr26","20177551","20177842","29","68057183"
"chr6","88235110","88235419","chr13","12110466","12110769","39","76124644"
"chr6","88235812","88236047","chr9","61704066","61704306","41","26531746"
"chr6","88259252","88259544","chr13","12130755","12131043","26","76128497"
"chr6","88271652","88271946","chr16","16352697","16352989","33","71918955"
"chr6","88294406","88294712","chr13","12160605","12160899","35","76133801"
"chr6","88296411","88296712","chr13","12160605","12160899","32","76135806"
"chr6","88300556","88300852","chr13","12164652","12164942","31","76135904"
"chr6","88322227","88322521","chr13","12184046","12184335","19","76138181"
"chr6","88325894","88326196","chr12","26084664","26084963","33","62241230"
"chr6","88353276","88353459","chr5","4271859","4272053","38","84081417"
"chr6","88355221","88355532","chr4","9817044","9817355","40","78538177"
"chr6","88357828","88358109","chr13","12217372","12217654","26","76140456"
"chr6","88360100","88360386","chr22","10938112","10938397","38","77421988"
"chr6","88367883","88367994","chr29","8216666","8216765","40","80151217"
"chr6","88368046","88368198","chr25","21306979","21307125","28","67061067"
"chr6","88369488","88369789","chr14","51409536","51409838","32","36959952"
"chr6","88374864","88375133","chr12","79056309","79056577","37","9318555"
"chr6","88383342","88383647","chr13","12241454","12241758","22","76141888"
"chr6","88384797","88385104","chr8","10801167","10801476","37","77583630"
"chr6","88387604","88387918","chrX","35558526","35558832","40","52829078"
"chr6","88397293","88397587","chr10","127358412","127358705","39","38961119"
"chr6","88435083","88435381","chr8","7114217","7114516","42","81320866"
"chr6","88443887","88444170","chr7","96717213","96717495","31","8273326"
"chr6","88464633","88464938","chr13","12324139","12324451","37","76140494"
"chr6","88509863","88510139","chr13","12375673","12375942","31","76134190"
"chr6","88603196","88603508","chr10","113390916","113391227","50","24787720"
"chr6","88655867","88656175","chr9","51469130","51469430","36","37186737"
"chr6","88718129","88718433","chrX","115053045","115053352","38","26334916"
"chr6","88914517","88914766","chr24","66979821","66980086","48","21934696"
"chr6","88937514","88937823","chr11","1437245","1437551","46","87500269"
"chr6","89000256","89000562","chr13","12843607","12843902","35","76156649"
"chr6","89022316","89022614","chr13","12865331","12865631","18","76156985"
"chr6","89048745","89049062","chr13","12876583","12876892","45","76172162"
"chr6","89111551","89111852","chr1","19453527","19453824","38","69658024"
"chr6","89112365","89112645","chr6","47103233","47103523","46","42009132"
"chr6","89206186","89206478","chr13","13024211","13024501","23","76181975"
"chr6","89317561","89317852","chr6","32078076","32078363","36","57239485"
"chr6","89392189","89392495","chr13","13182851","13183156","27","76209338"
"chr6","89458242","89458541","chr13","13246503","13246806","32","76211739"
"chr6","89559461","89559739","chr1","30878780","30879063","41","58680681"
"chr6","89590508","89590811","chr13","13373391","13373692","37","76217117"
"chr6","89595411","89595711","chr16","68946986","68947287","40","20648425"
"chr6","89596404","89596707","chr13","13379225","13379529","22","76217179"
"chr6","89607965","89608276","chr13","74582414","74582725","36","15025551"
"chr6","89622958","89623243","chr13","13401155","13401442","31","76221803"
"chr6","89683867","89684104","chr9","61704066","61704306","37","27979801"
"chr6","89701085","89701382","chr13","13827835","13828131","13","75873250"
"chr6","89709933","89710222","chr13","13835588","13835895","30","75874345"
"chr6","89711261","89711550","chr13","13837619","13837920","30","75873642"
"chr6","89723117","89723401","chr6","17721519","17721809","42","72001598"
"chr6","89730780","89731069","chr13","13860241","13860539","28","75870539"
"chr6","89752391","89752695","chr2","26461977","26462278","38","63290414"
"chr6","89762923","89763218","chr22","72903386","72903680","40","16859537"
"chr6","89778486","89778802","chr13","13897491","13897806","21","75880995"
"chr6","89795551","89795850","chr13","13914621","13914932","33","75880930"
"chr6","89808694","89808991","chr11","27872325","27872626","31","61936369"
"chr6","89812254","89812569","chr11","65498745","65499059","41","24313509"
"chr6","89821526","89821824","chr13","13941215","13941517","29","75880311"
"chr6","89891105","89891401","chr13","14018489","14018787","28","75872616"
"chr6","89904853","89905149","chr13","14032045","14032343","27","75872808"
"chr6","89936615","89936910","chrX","105749183","105749482","35","15812568"
"chr6","89974777","89975080","chr17","39099892","39100198","36","50874885"
"chr6","90020451","90020739","chr6","47913178","47913472","35","42107273"
"chr6","90031131","90031426","chr13","14156239","14156534","24","75874892"
"chr6","90037401","90037711","chr13","14161696","14162005","22","75875705"
"chr6","90055507","90055819","chr8","118055931","118056242","37","28000424"
"chr6","90068719","90069010","chr13","14193004","14193303","39","75875715"
"chr6","90071225","90071520","chrX","8693862","8694157","34","81377363"
"chr6","90080705","90080984","chr2","6822936","6823221","36","83257769"
"chr6","90091061","90091350","chr16","16474975","16475266","33","73616086"
"chr6","90094210","90094478","chr5","60403345","60403611","34","29690865"
"chr6","90095765","90096059","chr23","74360782","74361079","32","15734983"
"chr6","90101753","90102001","chr13","14225975","14226235","22","75875778"
"chr6","90114887","90115164","chr9","114710316","114710584","43","24595429"
"chr6","90127469","90127697","chr13","14253897","14254140","26","75873572"
"chr6","90158681","90158998","chr3","29299304","29299611","49","60859377"
"chr6","90182577","90182875","chr13","14310228","14310530","32","75872349"
"chr6","90219467","90219776","chr20","97531917","97532226","33","7312450"
"chr6","90252208","90252504","chr1","21289612","21289909","34","68962596"
"chr6","90285020","90285339","chr14","1983949","1984270","43","88301071"
"chr6","90285879","90286175","chr20","111352130","111352435","42","21066251"
"chr6","90320674","90320974","chr2","85035176","85035478","41","5285498"
"chr6","90337470","90337766","chrX","23963143","23963438","38","66374327"
"chr6","90358844","90359138","chr13","14486777","14487071","23","75872067"
"chr6","90363087","90363360","chr13","14491367","14491644","27","75871720"
"chr6","90372226","90372526","chr9","21222890","21223190","30","69149336"
"chr6","90401332","90401633","chr13","14527361","14527652","29","75873971"
"chr6","90422905","90423192","chr16","41984645","41984934","32","48438260"
"chr6","90425215","90425442","chr16","66960577","66960789","49","23464638"
"chr6","90446206","90446516","chr25","63184785","63185087","37","27261421"
"chr6","90447390","90447699","chr13","14568566","14568878","32","75878824"
"chr6","90450503","90450811","chr13","14571678","14571983","23","75878825"
