"chr1","123862979","123863073","chr2","177134769","177134856","24","53271790"
"chr1","802990","803057","chrX","44340578","44340645","5","43537588"
"chr1","1369227","1369529","chr8","137865862","137866161","55","136496635"
"chr1","1404868","1405125","chr19","13197806","13198063","53","11792938"
"chr1","1705752","1705876","chr13","124689968","124690100","22","122984216"
"chr1","1833739","1833912","chr3","173847918","173848093","25","172014179"
"chr1","2093790","2093937","chr1","132703615","132703773","33","130609825"
"chr1","2094373","2094546","chr3","173798808","173798984","52","171704435"
"chr1","4375041","4375116","chr1","123220984","123221062","11","118845943"
"chr1","5228980","5229036","chr12","97237759","97237822","9","92008779"
"chr1","5673361","5673668","chr1","139329061","139329363","37","133655700"
"chr1","6178958","6179094","chr4","41285389","41285523","16","35106431"
"chr1","6386930","6387042","chr7","40155757","40155875","13","33768827"
"chr1","6440286","6440353","chr7","162139256","162139320","14","155698970"
"chr1","6795630","6795919","chr19","46191649","46191946","43","39396019"
"chr1","8107408","8107483","chr16","45195605","45195679","8","37088197"
"chr1","8129288","8129591","chr10","12029576","12029881","32","3900288"
"chr1","8244236","8244331","chr2","13752270","13752370","14","5508034"
"chr1","8922840","8923148","chr1","11749178","11749486","39","2826338"
"chr1","9101491","9101759","chr18","44789799","44790062","42","35688308"
"chr1","9890271","9890590","chr3","129214389","129214693","45","119324118"
"chr1","10451674","10451982","chr4","42862712","42863021","32","32411038"
"chr1","11153808","11153937","chr16","67426560","67426692","15","56272752"
"chr1","11772070","11772230","chr7","149298417","149298577","25","137526347"
"chr1","12157429","12157563","chr4","41285389","41285523","11","29127960"
"chr1","14095136","14095247","chr1","16448668","16448778","6","2353532"
"chr1","14097199","14097310","chr1","16448668","16448778","5","2351469"
"chr1","15677010","15677308","chr12","85161223","85161534","42","69484213"
"chr1","16103870","16103987","chr1","18438493","18438610","9","2334623"
"chr1","16345673","16345802","chr1","18669865","18669997","13","2324192"
"chr1","16552591","16552894","chr15","48399737","48400040","46","31847146"
"chr1","16593126","16593236","chr6","141038903","141039012","38","124445777"
"chr1","17345833","17346144","chr1","19726093","19726401","27","2380260"
"chr1","17506325","17506490","chr1","19885216","19885381","12","2378891"
"chr1","19471912","19472203","chr3","124967069","124967363","27","105495157"
"chr1","20193614","20193908","chr3","153215161","153215452","23","133021547"
"chr1","20780359","20780493","chr3","12682845","12682980","16","8097514"
"chr1","20956106","20956400","chr8","61261927","61262222","29","40305821"
"chr1","21803370","21803493","chr10","83881149","83881272","24","62077779"
"chr1","21967582","21967888","chr4","69351787","69352093","41","47384205"
"chr1","21967892","21968199","chr6","31275366","31275665","44","9307474"
"chr1","21992889","21993191","chr15","48399737","48400040","31","26406848"
"chr1","23029859","23030161","chr1","25220901","25221198","31","2191042"
"chr1","24092370","24092612","chr3","113717774","113718008","44","89625404"
"chr1","24758035","24758340","chr16","6637232","6637531","33","18120803"
"chr1","26007626","26007709","chr6","113019917","113020004","14","87012291"
"chr1","26314086","26314321","chr3","108841534","108841771","36","82527448"
"chr1","26389011","26389086","chr15","68448443","68448519","6","42059432"
"chr1","26656406","26656691","chr19","46613926","46614216","43","19957520"
"chr1","27037623","27037932","chr1","87655801","87656111","28","60618178"
"chr1","27908462","27908590","chr1","4959233","4959364","20","22949229"
"chr1","28225864","28226006","chr18","13079738","13079878","15","15146126"
"chr1","28389934","28390066","chr4","41285389","41285523","11","12895455"
"chr1","28582844","28583019","chr20","65901161","65901338","35","37318317"
"chr1","29066952","29067078","chr13","68415652","68415777","14","39348700"
"chr1","29067282","29067593","chr4","42862712","42863021","31","13795430"
"chr1","29250461","29250521","chr10","81462350","81462407","13","52211889"
"chr1","32240771","32241066","chr1","139329061","139329363","37","107088290"
"chr1","32379917","32380218","chr1","19726093","19726401","29","12653824"
"chr1","32391546","32391686","chr7","78136660","78136788","24","45745114"
"chr1","32869344","32869650","chr10","12029576","12029881","28","20839768"
"chr1","32891097","32891232","chr1","34920135","34920271","10","2029038"
"chr1","35361306","35361612","chr13","46766367","46766677","34","11405061"
"chr1","35506013","35506168","chr6","15157988","15158141","20","20348025"
"chr1","35998490","35998790","chr2","147338443","147338753","39","111339953"
"chr1","36443487","36443622","chr2","90774684","90774818","15","54331197"
"chr1","36486170","36486305","chr1","38550531","38550663","13","2064361"
"chr1","36514126","36514301","chr2","147659890","147660066","20","111145764"
"chr1","37794274","37794394","chr10","61991145","61991265","17","24196871"
"chr1","38222870","38223163","chr13","64112916","64113210","31","25890046"
"chr1","39112548","39112683","chr1","204161368","204161503","10","165048820"
"chr1","39263554","39263726","chr13","125730966","125731138","22","86467412"
"chr1","39281688","39281976","chr4","147069426","147069713","43","107787738"
"chr1","39743080","39743153","chr4","103987339","103987413","9","64244259"
"chr1","40284921","40285225","chr1","42189145","42189439","29","1904224"
"chr1","40884527","40884803","chrX","50217394","50217668","38","9332867"
"chr1","41409271","41409570","chr4","17694487","17694789","38","23714784"
"chr1","42975327","42975446","chr12","69807787","69807905","13","26832460"
"chr1","44430563","44430852","chr6","151368229","151368525","33","106937666"
"chr1","45400516","45400844","chr4","17694487","17694789","60","27706029"
"chr1","45932571","45932619","chr3","34579239","34579286","9","11353332"
"chr1","46265747","46266053","chr11","116311035","116311339","31","70045288"
"chr1","46538836","46539140","chr15","48399737","48400040","29","1860901"
"chr1","46726736","46727031","chr13","88648347","88648642","27","41921611"
"chr1","50657606","50657729","chr2","110019367","110019491","14","59361761"
"chr1","52550079","52550204","chr1","54334097","54334214","13","1784018"
"chr1","53299805","53299976","chr16","26531709","26531878","21","26768096"
"chr1","53387395","53387532","chr1","34920135","34920271","15","18467260"
"chr1","55459962","55460030","chr12","51402578","51402640","12","4057384"
"chr1","57133506","57133546","chr1","34365282","34365319","18","22768224"
"chr1","57133902","57134018","chr14","12617767","12617883","18","44516135"
"chr1","57998880","57999178","chr10","12029576","12029881","35","45969304"
"chr1","62735286","62735426","chr6","144022699","144022839","18","81287413"
"chr1","63187898","63188040","chr11","119148895","119149038","18","55960997"
"chr1","68152546","68152850","chr11","109827659","109827959","36","41675113"
"chr1","70556702","70557004","chr1","139329061","139329363","34","68772359"
"chr1","70837751","70837880","chr3","2748297","2748430","16","68089454"
"chr1","75178269","75178564","chr3","37760729","37761024","33","37417540"
"chr1","75693993","75694286","chr11","93498064","93498359","32","17804071"
"chr1","81882749","81883045","chr13","88648347","88648642","36","6765598"
"chr1","87146907","87147205","chr2","173775768","173776069","28","86628861"
"chr1","87594766","87595077","chr1","87631984","87632296","34","37218"
"chr1","87618068","87618365","chrX","16249727","16250022","22","71368341"
"chr1","89700889","89701084","chr1","89622207","89622401","15","78682"
"chr1","91450237","91450300","chr14","121500407","121500457","19","30050170"
"chr1","93541808","93541884","chrX","20469781","20469856","11","73072027"
"chr1","95941424","95941729","chr10","12029576","12029881","32","83911848"
"chr1","97125865","97126121","chr6","172723066","172723305","63","75597201"
"chr1","97126129","97126203","JH680420","4782","4845","29","97121347"
"chr1","99834837","99834912","chr9","43242145","43242224","31","56592692"
"chr1","100784581","100784657","chr2","167690589","167690666","13","66906008"
"chr1","108902459","108902558","chr7","9607925","9608023","7","99294534"
"chr1","108909326","108909625","chr1","108915176","108915483","37","5850"
"chr1","109904829","109904898","chr2","92723865","92723933","5","17180964"
"chr1","109947440","109947602","chr10","28808573","28808737","25","81138867"
"chr1","110441504","110441797","chr6","46546137","46546432","21","63895367"
"chr1","111685569","111685886","chrX","103540640","103540944","42","8144929"
"chr1","113500002","113500081","chr6","67618862","67618940","8","45881140"
"chr1","118370808","118371107","chr4","49201170","49201471","32","69169638"
"chr1","123078715","123078782","chr1","50861698","50861765","11","72217017"
"chr1","123672359","123672438","chr16","30849148","30849226","10","92823211"
"chr1","123848478","123848611","chr18","49799053","49799184","15","74049425"
"chr1","123949889","123950193","chrX","125183064","125183363","33","1233175"
"chr1","124159308","124159445","chr3","12682845","12682980","18","111476463"
"chr1","127798608","127798729","chr5","35255995","35256112","16","92542613"
"chr1","128121730","128121795","chr19","6941112","6941176","8","121180618"
"chr1","128382641","128382938","chr7","23059270","23059575","36","105323371"
"chr1","128460832","128461140","chr15","48399737","48400040","31","80061095"
"chr1","128652914","128653198","chr1","37545914","37546207","35","91107000"
"chr1","129698900","129698958","chr6","143287471","143287527","16","13588571"
"chr1","129698990","129699264","chr3","34579518","34579784","50","95119472"
"chr1","131917844","131917909","chr1","127457633","127457698","6","4460211"
"chr1","132161180","132161309","chr15","96738276","96738408","15","35422904"
"chr1","132336060","132336132","chr3","39199972","39200046","22","93136088"
"chr1","132782935","132783070","chr1","18650863","18650999","17","114132072"
"chr1","133155903","133156146","chr11","41473533","41473758","48","91682370"
"chr1","133559915","133560114","chr1","129151825","129152025","21","4408090"
"chr1","133814027","133814157","chr2","90774684","90774818","19","43039343"
"chr1","133931639","133931811","chr5","19987310","19987485","24","113944329"
"chr1","133971269","133971347","chr6","67618862","67618940","6","66352407"
"chr1","134029755","134029903","chr9","24662717","24662866","35","109367038"
"chr1","134162980","134163281","chr2","30908732","30909033","33","103254248"
"chr1","134643876","134644182","chr10","12029576","12029881","29","122614300"
"chr1","136355801","136355919","chr15","78938111","78938231","22","57417690"
"chr1","136449841","136450144","chr1","37545914","37546207","42","98903927"
"chr1","137137878","137138032","chr1","132703615","132703773","18","4434263"
"chr1","137361877","137362189","chr3","109584688","109584999","37","27777189"
"chr1","138629156","138629219","chr7","40880457","40880509","15","97748699"
"chr1","139344545","139344622","chr10","44955868","44955945","7","94388677"
"chr1","140037152","140037459","chr2","18624602","18624904","37","121412550"
"chr1","140324008","140324143","chr3","12682845","12682980","7","127641163"
"chr1","140538661","140538941","chr1","136115062","136115345","39","4423599"
"chr1","140739109","140739231","chr1","33630873","33630995","21","107108236"
"chr1","142860093","142860285","chr7","39518852","39519053","62","103341241"
"chr1","146190581","146190878","chr1","190751775","190752070","20","44561194"
"chr1","146208655","146208789","chr1","190766827","190766962","11","44558172"
"chr1","146792396","146792563","chr9","40053193","40053354","29","106739203"
"chr1","150080246","150080361","chr20","66217349","66217466","14","83862897"
"chr1","151788211","151788374","chr9","40053193","40053354","23","111735018"
"chr1","152392067","152392357","chr2","66052928","66053217","33","86339139"
"chr1","152459306","152459364","chr19","8671065","8671125","9","143788241"
"chr1","153795446","153795739","chr2","25547562","25547857","35","128247884"
"chr1","157185553","157185591","chr3","34579239","34579286","14","122606314"
"chr1","157185841","157186040","chr7","39518852","39519053","28","117666989"
"chr1","157705571","157705649","chr10","34572501","34572580","6","123133070"
"chr1","159801468","159801772","chr4","42862712","42863021","32","116938756"
"chr1","160518005","160518305","chr15","48399737","48400040","34","112118268"
"chr1","162160381","162160499","chr7","159668532","159668652","23","2491849"
"chr1","163124894","163125168","chr1","179761803","179762078","24","16636909"
"chr1","168472672","168472980","chr10","12029576","12029881","34","156443096"
"chr1","169780683","169780804","chr10","61990328","61990449","18","107790355"
"chr1","171503257","171503559","chr14","105799989","105800291","26","65703268"
"chr1","176535139","176535444","chr4","17694487","17694789","36","158840652"
"chr1","177978992","177979107","chr3","43656526","43656642","21","134322466"
"chr1","178708992","178709059","chr3","40470741","40470808","22","138238251"
"chr1","178718511","178718634","chr7","78136660","78136788","17","100581851"
"chr1","178851079","178851389","chr4","85104292","85104604","30","93746787"
"chr1","179423257","179423555","chrX","16249727","16250022","26","163173530"
"chr1","180545162","180545412","chr5","163555305","163555563","40","16989857"
"chr1","180639532","180639611","chr6","42726662","42726739","8","137912870"
"chr1","180823484","180823790","chr7","29669049","29669354","34","151154435"
"chr1","180865275","180865420","chr6","156909232","156909372","29","23956043"
"chr1","181646401","181646709","chr9","30888749","30889060","38","150757652"
"chr1","182734794","182735104","chr9","34710329","34710641","34","148024465"
"chr1","183328247","183328483","chr3","108841534","108841771","49","74486713"
"chr1","184485496","184485619","chr5","12241828","12241951","15","172243668"
"chr1","186633372","186633465","chr16","46863827","46863920","18","139769545"
"chr1","189375494","189375796","chr10","12029576","12029881","38","177345918"
"chr1","190700441","190700563","chr1","152478165","152478285","12","38222276"
"chr1","190751602","190751909","chr1","108915176","108915483","38","81836426"
"chr1","190828570","190828879","chr10","12029576","12029881","45","178798994"
"chr1","190873509","190873791","chr6","36696681","36696961","46","154176828"
"chr1","190873797","190873831","chr1","34365282","34365319","6","156508515"
"chr1","190984908","190985071","chr20","9654524","9654685","17","181330384"
"chr1","191372842","191373006","chrX","92980861","92981029","21","98391981"
"chr1","191971237","191971351","chr3","43656526","43656642","32","148314711"
"chr1","191976830","191976969","chr16","59256725","59256863","15","132720105"
"chr1","192027466","192027598","chr19","23779325","23779457","12","168248141"
"chr1","192063560","192063846","chr3","153215161","153215452","45","38848399"
"chr1","192196137","192196298","chr19","42537711","42537875","22","149658426"
"chr1","196057963","196058275","chr1","87655801","87656111","38","108402162"
"chr1","203408165","203408476","chr9","84595675","84595981","33","118812490"
"chr1","203855658","203855833","chr19","4719836","4720013","29","199135822"
"chr1","204365599","204365909","chr1","140141367","140141676","33","64224232"
"chr1","204594476","204594609","chr8","9912129","9912261","16","194682347"
"chr1","205024474","205024562","chr4","31530113","31530199","14","173494361"
"chr1","205180122","205180431","chr6","113014123","113014435","31","92165999"
"chr1","205528215","205528520","chr4","85104292","85104604","39","120423923"
"chr1","205986580","205986714","chr1","138486099","138486233","10","67500481"
"chr1","207578560","207578724","chr10","15364964","15365127","25","192213596"
"chr1","207708467","207708550","chr3","53765546","53765634","15","153942921"
"chr1","210643474","210643585","chr1","29784206","29784314","33","180859268"
"chr1","210693072","210693373","chr1","13040921","13041219","31","197652151"
"chr1","211314334","211314637","chr7","81117981","81118291","43","130196353"
"chr1","211804731","211804960","chr11","41473533","41473758","37","170331198"
"chr1","214213259","214213298","chr1","214046463","214046502","2","166796"
"chr1","214660670","214660745","chr10","10588260","10588333","8","204072410"
"chr1","214697570","214697704","chr15","96738276","96738408","19","117959294"
"chr1","214756574","214756866","chr6","170681731","170682030","34","44074843"
"chr1","215398837","215398901","chr1","212980980","212981044","3","2417857"
"chr1","215742618","215742739","chr10","61990328","61990449","14","153752290"
"chr1","216376812","216377111","chr1","48174039","48174335","33","168202773"
"chr1","217705062","217705359","chr13","88648347","88648642","29","129056715"
"chr1","218395077","218395182","chr1","210027312","210027409","21","8367765"
"chr1","218460174","218460318","chr3","34018193","34018334","18","184441981"
"chr1","219397656","219397955","chr1","209038783","209039080","33","10358873"
"chr1","224352452","224352512","chr11","7995573","7995645","19","216356879"
"chr1","226490602","226490886","chr1","155394585","155394870","30","71096017"
"chr1","227979491","227979803","chr7","23059270","23059575","46","204920221"
"chr3","4568480","4568791","chr10","12029576","12029881","31","7461096"
"chr3","4699698","4700001","chr1","19726093","19726401","63","15026395"
"chr3","7423544","7423843","chr2","52869051","52869354","35","45445507"
"chr3","8970719","8970875","chr2","147130685","147130835","23","138159966"
"chr3","9746477","9746582","chr5","176959981","176960083","18","167213504"
"chr3","9850135","9850440","chr2","50547018","50547318","24","40696883"
"chr3","10623180","10623486","chr1","139329061","139329363","26","128705881"
"chr3","11572112","11572150","chr1","214046463","214046502","8","202474351"
"chr3","11857477","11857774","chr13","88648347","88648642","31","76790870"
"chr3","13694257","13694534","chr7","74134249","74134525","29","60439992"
"chr3","14598151","14598203","chr2","167817667","167817716","10","153219516"
"chr3","15854150","15854445","chrX","40293141","40293434","36","24438991"
"chr3","18309052","18309213","chr10","15364964","15365127","23","2944088"
"chr3","21190945","21191050","chr4","46145266","46145363","28","24954321"
"chr3","21583613","21583916","chr2","161543365","161543674","45","139959752"
"chr3","26611919","26612230","chr3","109584688","109584999","37","82972769"
"chr3","27801217","27801499","chr1","25220901","25221198","55","2580316"
"chr3","27840972","27841050","chr16","30849148","30849226","7","3008176"
"chr3","29010381","29010687","chr2","168795685","168795987","40","139785304"
"chr3","29540395","29540684","chr13","26719279","26719572","41","2821116"
"chr3","32548422","32548706","chr2","172280406","172280680","35","139731984"
"chr3","33111528","33111802","chr2","66052928","66053217","38","32941400"
"chr3","33174800","33174932","chr19","23779325","23779457","14","9395475"
"chr3","34085962","34086261","chr2","173775768","173776069","27","139689806"
"chr3","39227595","39227673","chr6","67618862","67618940","6","28391267"
"chr3","39265307","39265581","chr11","109768074","109768353","47","70502767"
"chr3","39896025","39896334","chr2","147338443","147338753","32","107442418"
"chr3","40773333","40773634","chr7","38307951","38308253","29","2465382"
"chr3","43280143","43280443","chr7","69325231","69325532","27","26045088"
"chr3","44882638","44882773","chr2","91257162","91257295","11","46374524"
"chr3","46397482","46397713","chr2","89682976","89683193","33","43285494"
"chr3","46448214","46448518","chr7","29669049","29669354","27","16779165"
"chr3","47841949","47842104","chr20","29278842","29279004","21","18563107"
"chr3","48149469","48149628","chr15","76228426","76228585","22","28078957"
"chr3","48167578","48167711","chr2","90774684","90774818","9","42607106"
"chr3","48485469","48485533","chr12","51402578","51402640","13","2917109"
"chr3","48485856","48486090","chr3","113717774","113718008","59","65231918"
"chr3","48517235","48517341","chr2","186117298","186117404","14","137600063"
"chr3","48675105","48675414","chr7","29669049","29669354","29","19006056"
"chr3","48972776","48972933","chr20","9654524","9654685","31","39318252"
"chr3","49110645","49110711","chr1","50861698","50861765","5","1751053"
"chr3","49132048","49132177","chr2","86953382","86953510","14","37821334"
"chr3","49240936","49241240","chr2","86839171","86839473","44","37598235"
"chr3","49370608","49370677","chr6","61355959","61356027","9","11985351"
"chr3","49717529","49717822","chr13","64112916","64113210","36","14395387"
"chr3","49935488","49935610","chr16","23774608","23774732","17","26160880"
"chr3","50034565","50034835","chr10","73186780","73187055","44","23152215"
"chr3","50035149","50035192","chr1","34365282","34365319","12","15669867"
"chr3","50242800","50243111","chr10","12029576","12029881","36","38213224"
"chr3","50731365","50731502","chr1","124253893","124254028","21","73522528"
"chr3","52403056","52403158","chr3","160831347","160831448","27","108428291"
"chr3","52809754","52809887","chr17","76567370","76567501","16","23757616"
"chr3","53180207","53180400","chr2","160632834","160633029","24","107452627"
"chr3","54123134","54123271","chr12","58783317","58783451","15","4660183"
"chr3","55123932","55124029","chr12","77205196","77205288","18","22081264"
"chr3","56363161","56363453","chr4","42521478","42521774","41","13841683"
"chr3","57712199","57712511","chr4","42862712","42863021","30","14849487"
"chr3","57736345","57736486","chr2","78437394","78437540","7","20701049"
"chr3","57908316","57908354","chr15","88665463","88665501","14","30757147"
"chr3","58464710","58464910","chr11","45131226","45131440","43","13333484"
"chr3","58528866","58529172","chr16","57802081","57802386","38","726785"
"chr3","58607363","58607497","chr19","23779325","23779457","12","34828038"
"chr3","59093808","59094108","chr4","17694487","17694789","34","41399321"
"chr3","59321585","59321875","chr2","173775768","173776069","50","114454183"
"chr3","60586613","60586740","chr3","14665021","14665151","12","45921592"
"chr3","61107998","61108309","chr2","75091958","75092268","34","13983960"
"chr3","62633461","62633754","chr3","37760729","37761024","33","24872732"
"chr3","62767206","62767274","chr2","92723865","92723933","6","29956659"
"chr3","66183441","66183642","chr11","30982200","30982399","38","35201241"
"chr3","67007213","67007276","chr7","162002227","162002291","11","94995014"
"chr3","70489841","70490147","chr9","34710329","34710641","32","35779512"
"chr3","73382595","73382724","chr1","18878703","18878835","16","54503892"
"chr3","76852568","76852645","chr19","44479524","44479602","6","32373044"
"chr3","91437613","91437913","chr12","51335852","51336153","82","40101761"
"chr3","91495983","91496090","chr2","13752270","13752370","12","77743713"
"chr3","98375363","98375447","chr7","152389156","152389221","28","54013793"
"chr3","98375909","98376152","chr8","105642260","105642481","51","7266351"
"chr3","101393661","101393704","chr20","21180635","21180678","8","80213026"
"chr3","107033790","107034087","chr4","42862712","42863021","40","64171078"
"chr3","111323810","111324117","chr7","23059270","23059575","27","88264540"
"chr3","112590606","112590767","chr20","29278842","29279004","21","83311764"
"chr3","112663643","112663968","chr2","29213701","29214024","43","83449942"
"chr3","112672724","112672802","chr3","81338430","81338509","9","31334294"
"chr3","114331401","114331709","chr7","23059270","23059575","23","91272131"
"chr3","115842475","115842688","chr7","75456338","75456558","44","40386137"
"chr3","117455361","117455493","chr2","33672956","33673090","13","83782405"
"chr3","125314262","125314561","chr2","41390616","41390920","30","83923646"
"chr3","125789794","125790082","chr18","53167966","53168252","29","72621828"
"chr3","126991270","126991564","chr3","153215161","153215452","34","26223891"
"chr3","127598546","127598682","chr2","43689396","43689533","7","83909150"
"chr3","129041052","129041115","chr12","51402578","51402640","8","77638474"
"chr3","131193293","131193590","chr4","81219686","81219980","29","49973607"
"chr3","131461433","131461730","chrX","16249727","16250022","27","115211706"
"chr3","132076310","132076406","chr10","71002616","71002711","20","61073694"
"chr3","132612243","132612375","chr6","151316985","151317116","16","18704742"
"chr3","136964308","136964610","chr2","152396632","152396933","31","15432324"
"chr3","137262902","137263179","chr7","74134249","74134525","35","63128653"
"chr3","140339094","140339159","chr1","128991488","128991551","8","11347606"
"chr3","142219006","142219298","chr1","184502659","184502952","24","42283653"
"chr3","142307921","142308001","chr6","31593348","31593436","18","110714573"
"chr3","142341448","142341524","chr16","66000155","66000231","9","76341293"
"chr3","142546495","142546800","chr4","42862712","42863021","30","99683783"
"chr3","142713258","142713376","chr7","91016654","91016770","18","51696604"
"chr3","143050803","143050847","chr17","16224700","16224749","9","126826103"
"chr3","144656075","144656190","chr5","34451367","34451482","12","110204708"
"chr3","144988166","144988465","chr6","170681731","170682030","30","25693565"
"chr3","145804998","145805073","chr7","81146845","81146920","8","64658153"
"chr3","148467075","148467382","chr9","34710329","34710641","41","113756746"
"chr3","153133831","153134144","chr10","12029576","12029881","45","141104255"
"chr3","153315087","153315399","chr2","136371439","136371754","31","16943648"
"chr3","154520576","154520685","chrX","123208484","123208592","28","31312092"
"chr3","159553597","159553725","chr16","40803161","40803292","24","118750436"
"chr3","161820504","161820733","chr4","28316611","28316829","39","133503893"
"chr3","164399041","164399338","chr3","172574490","172574787","27","8175449"
"chr3","169054240","169054411","chr2","120791859","120792032","21","48262381"
"chr3","169479286","169479401","chr2","120353783","120353874","31","49125503"
"chr3","174158643","174158766","chr6","163079010","163079137","15","11079633"
"chr3","174173517","174173822","chr10","12029576","12029881","36","162143941"
"chr3","174851179","174851337","chr2","172866565","172866725","33","1984614"
"chr3","174852990","174853037","chr1","29238482","29238530","15","145614508"
"chr3","175830047","175830374","chr16","61813109","61813430","39","114016938"
"chr3","175866990","175867066","chr16","30849148","30849226","10","145017842"
"chr3","176545466","176545541","chr6","67618862","67618940","10","108926604"
"chr3","176864700","176864994","chr8","20109811","20110108","37","156754889"
"chr3","178546871","178547076","chr2","69276188","69276384","44","109270683"
"chr3","180895036","180895350","chr4","17694487","17694789","41","163200549"
"chr3","180981948","180982254","chrX","112463814","112464112","38","68518134"
"chr3","181106810","181107067","chr2","108405279","108405563","43","72701531"
"chr3","181222304","181222597","chr2","108347991","108348277","35","72874313"
"chr3","181287385","181287517","chr3","7878143","7878275","17","173409242"
"chr3","181330729","181331034","chr2","108242947","108243258","35","73087782"
"chr3","181337677","181337968","chr4","147069426","147069713","36","34268251"
"chr3","181458200","181458495","chr2","108116597","108116889","34","73341603"
"chr3","182114967","182115063","chr2","13752270","13752370","21","168362697"
"chr3","184790101","184790315","chr4","31983473","31983692","43","152806628"
"chr3","185021883","185022182","chr16","6637232","6637531","36","178384651"
"chr3","185849076","185849291","chr2","103723630","103723858","41","82125446"
"chr3","186976785","186977084","chr3","172574490","172574787","29","14402295"
"chr3","187591811","187592085","chr13","25277770","25278068","51","162314041"
"chr3","187849803","187849941","chr1","18650863","18650999","39","169198940"
"chr3","187910462","187910761","chr1","13040921","13041219","30","174869541"
"chr3","188178278","188178580","chr4","17694487","17694789","29","170483791"
"chr3","188446077","188446120","chr4","103583293","103583336","9","84862784"
"chr3","188446541","188446729","chr5","5264728","5264914","32","183181813"
"chr3","192807112","192807425","chr7","23059270","23059575","31","169747842"
"chr3","192874169","192874467","chr10","62608605","62608901","26","130265564"
"chr3","192906302","192906494","chr20","65901161","65901338","38","127005141"
"chr3","193599681","193599879","chr17","42841516","42841714","31","150758165"
"chr3","196069620","196069740","chr8","4543540","4543675","39","191526080"
"chr3","196069927","196070106","chr2","147659890","147660066","26","48410037"
"chr3","199183615","199183660","chr20","21180635","21180678","9","178002980"
"chr3","199848365","199848677","chr7","23059270","23059575","30","176789095"
"chr3","200067010","200067186","chrX","65553946","65554122","31","134513064"
"chr3","200182612","200182748","chr1","124253893","124254028","13","75928719"
"chr3","200867218","200867324","chr16","4451759","4451867","25","196415459"
"chr3","201588477","201588544","chr14","25579699","25579764","6","176008778"
"chr3","201982121","201982263","chr11","111309452","111309594","10","90672669"
"chr4","1109535","1109635","chr3","63467050","63467149","18","62357515"
"chr4","1668919","1669135","chr7","116760908","116761134","37","115091989"
"chr4","2541629","2541749","chr3","41380549","41380668","31","38838920"
"chr4","2779707","2779884","chr7","99933723","99933898","27","97154016"
"chr4","10422029","10422153","chr5","12241828","12241951","16","1819799"
"chr4","11500516","11500828","chr1","19726093","19726401","34","8225577"
"chr4","12354017","12354303","chr13","25891651","25891940","48","13537634"
"chr4","15496921","15497137","chr5","10356712","10356928","7","5140209"
"chr4","25179822","25179997","chr5","19987310","19987485","7","5192512"
"chr4","25561703","25561778","chr15","68448443","68448519","8","42886740"
"chr4","26569420","26569551","chr5","21364266","21364397","8","5205154"
"chr4","28030631","28030716","chr17","85512200","85512281","14","57481569"
"chr4","37296899","37297214","chr4","85104292","85104604","39","47807393"
"chr4","39500005","39500156","chr1","134107441","134107592","20","94607436"
"chr4","39801620","39801694","chrX","24746859","24746933","9","15054761"
"chr4","39841038","39841130","chr11","111135935","111136030","17","71294897"
"chr4","39872942","39873000","chr1","188811830","188811880","15","148938888"
"chr4","40043371","40043662","chr9","95063040","95063325","28","55019669"
"chr4","40591559","40591674","chr16","71888323","71888441","11","31296764"
"chr4","40875631","40875808","chr2","185728650","185728826","27","144853019"
"chr4","41300723","41300865","chr19","46107759","46107902","20","4807036"
"chr4","41978075","41978159","chr10","34572501","34572580","18","7405574"
"chr4","42011829","42012123","chr13","88648347","88648642","26","46636518"
"chr4","44115306","44115547","chr2","82867012","82867258","50","38751706"
"chr4","44298096","44298400","chr9","28431427","28431737","62","15866669"
"chr4","46427074","46427191","chr16","55358278","55358395","15","8931204"
"chr4","47278780","47279070","chr9","100500451","100500741","30","53221671"
"chr4","47670489","47670786","chr14","99513586","99513875","39","51843097"
"chr4","48299024","48299318","chr14","47710718","47711006","36","588306"
"chr4","51175898","51176133","chr11","94294077","94294312","42","43118179"
"chr4","51224376","51224429","chr17","16224700","16224749","13","34999676"
"chr4","52188782","52189084","chr3","129214389","129214693","32","77025607"
"chr4","52918226","52918536","chr5","51765990","51766297","19","1152236"
"chr4","54226954","54227239","chr2","173775768","173776069","49","119548814"
"chr4","54326449","54326638","chr2","112692333","112692528","44","58365884"
"chr4","55288026","55288335","chr1","108915176","108915483","43","53627150"
"chr4","59300590","59300712","chr5","12241828","12241951","16","47058762"
"chr4","59309241","59309374","chr19","10659953","10660085","11","48649288"
"chr4","59494530","59494830","chr4","42521478","42521774","33","16973052"
"chr4","60479231","60479303","chr11","101499926","101500000","9","41020695"
"chr4","61644842","61644902","chr5","24997895","24997952","25","36646947"
"chr4","63574379","63574530","chr5","62097601","62097747","20","1476778"
"chr4","66281222","66281513","chr1","184502659","184502952","40","118221437"
"chr4","69205222","69205532","chr10","29784307","29784622","36","39420915"
"chr4","70180565","70180870","chr12","51335852","51336153","34","18844713"
"chr4","73053617","73053787","chr13","25177291","25177457","27","47876326"
"chr4","74423860","74423922","chr10","36227586","36227661","19","38196274"
"chr4","104999930","105000000","chrX","62901771","62901840","9","42098159"
"chr4","107949972","107950104","chr11","123001225","123001356","17","15051253"
"chr4","112062196","112062492","chr1","13040921","13041219","35","99021275"
"chr4","112226792","112227096","chr7","23059270","23059575","38","89167522"
"chr4","113726452","113726779","chr10","12029576","12029881","51","101696876"
"chr4","115042779","115043088","chr4","42862712","42863021","34","72180067"
"chr4","115250808","115251110","chr4","69190200","69190501","31","46060608"
"chr4","118125727","118126008","chr6","36696681","36696961","33","81429046"
"chr4","124609467","124609770","chr13","45921217","45921511","37","78688250"
"chr4","125224219","125224505","chr18","53167966","53168252","24","72056253"
"chr4","125253084","125253163","chr5","113495097","113495175","6","11757987"
"chr4","128106343","128106643","chr3","78660329","78660630","33","49446014"
"chr4","128110194","128110488","chr1","184502659","184502952","36","56392465"
"chr4","130061300","130061602","chr13","22868662","22868961","33","107192638"
"chr4","130687393","130687683","chr1","160007878","160008164","33","29320485"
"chr4","131271965","131272043","chr9","117152520","117152602","16","14119445"
"chr4","137814767","137814907","chr5","125460136","125460277","25","12354631"
"chr4","138492644","138492966","chr15","68381117","68381435","45","70111527"
"chr4","141270917","141271221","chr7","23059270","23059575","35","118211647"
"chr4","141817449","141817644","chr2","43368068","43368263","27","98449381"
"chr4","142000293","142000577","chr9","97500794","97501077","31","44499499"
"chr4","145290772","145291069","chr2","66052928","66053217","31","79237844"
"chr4","145781303","145781382","chr10","34572501","34572580","11","111208802"
"chr4","154118646","154118956","chr4","17694487","17694789","42","136424159"
"chr4","154933645","154933953","chr7","94080706","94081005","47","60852939"
"chr4","154999932","155000000","chr5","74436167","74436234","7","80563765"
"chr4","160189994","160190287","chr13","88648347","88648642","37","71541647"
"chr4","160451050","160451348","chr6","153634775","153635073","27","6816275"
"chr4","160874494","160874569","chr5","147285062","147285137","6","13589432"
"chr4","161715408","161715477","chr11","112555865","112555935","10","49159543"
"chr4","166245070","166245342","chr5","152583210","152583483","25","13661860"
"chr4","167364455","167364659","chr5","153671872","153672076","10","13692583"
"chr4","168041250","168041556","chr15","48399737","48400040","34","119641513"
"chr4","168118532","168118624","chr12","77205196","77205288","12","90913336"
"chr4","168510133","168510268","chr3","170808842","170808975","21","2298709"
"chr4","171417292","171417588","chr6","170681731","170682030","34","735561"
"chr4","179070032","179070222","chr2","160632834","160633029","34","18437198"
"chr4","179070597","179070704","chr10","71002616","71002711","34","108067981"
"chr4","184966492","184966799","chr1","139329061","139329363","34","45637431"
"chr4","186561924","186562227","chrX","125183064","125183363","27","61378860"
"chr4","186945586","186945716","chr18","49799053","49799184","12","137146533"
"chr4","187053482","187053618","chr15","5078852","5078987","17","181974630"
"chr4","188181298","188181574","chr18","53167966","53168252","41","135013332"
"chr4","188507811","188507933","chr4","11000002","11000117","26","177507809"
"chr4","188754347","188754519","chr20","50584240","50584412","25","138170107"
"chr4","188754520","188754602","chr17","85512200","85512281","19","103242320"
"chr4","188754601","188754683","chr3","53981205","53981289","18","134773396"
"chr4","191598363","191598658","chr7","53632812","53633110","32","137965551"
"chr4","191640123","191640266","chr16","59256725","59256863","17","132383398"
"chr5","3261074","3261354","chr8","63129820","63130112","44","59868746"
"chr5","4472345","4472636","chr3","179140415","179140718","44","174668070"
"chr5","5015634","5015942","chr2","96423069","96423366","44","91407435"
"chr5","6745679","6745810","chr3","14665021","14665151","18","7919342"
"chr5","9101565","9101866","chr6","170681731","170682030","38","161580166"
"chr5","10540686","10540816","chr19","19186369","19186502","16","8645683"
"chr5","10552045","10552164","chr10","61990328","61990449","25","51438283"
"chr5","14238414","14238454","chr9","94582030","94582066","14","80343616"
"chr5","14677411","14677484","chr8","137500410","137500488","10","122822999"
"chr5","17393295","17393369","chr6","17220629","17220703","4","172666"
"chr5","17691867","17691977","chr1","69533591","69533698","14","51841724"
"chr5","17713016","17713143","chr6","163079010","163079137","20","145365994"
"chr5","17731469","17731596","chr15","103452326","103452452","22","85720857"
"chr5","24827448","24827575","chr16","22658864","22658997","38","2168584"
"chr5","26805587","26805655","chr3","40470741","40470808","8","13665154"
"chr5","28032831","28033136","chr6","81447290","81447588","32","53414459"
"chr5","29487826","29488139","chr1","19726093","19726401","40","9761733"
"chr5","31548196","31548491","chr9","100500451","100500741","29","68952255"
"chr5","34942244","34942308","chr5","47421013","47421078","11","12478769"
"chr5","35113395","35113516","chr5","35728904","35729026","21","615509"
"chr5","36479544","36479846","chr18","9574110","9574421","42","26905434"
"chr5","36716957","36717097","chr3","34018193","34018334","16","2698764"
"chr5","40678892","40679189","chr3","153215161","153215452","36","112536269"
"chr5","41149163","41149248","chr2","177134769","177134856","13","135985606"
"chr5","42064529","42064606","chr6","67618862","67618940","3","25554333"
"chr5","45609108","45609271","chr20","9654524","9654685","25","35954584"
"chr5","45747307","45747405","chr10","71002616","71002711","33","25255309"
"chr5","46000001","46000072","chr7","81091517","81091589","8","35091516"
"chr5","46116083","46116286","chr2","69276188","69276384","34","23160105"
"chr5","47063389","47063526","chr6","63966720","63966858","5","16903331"
"chr5","47081313","47081436","chr19","4619075","4619198","16","42462238"
"chr5","49445695","49445963","chr16","9784161","9784415","38","39661534"
"chr5","49538764","49539050","chr2","96108866","96109158","60","46570102"
"chr5","50204341","50204649","chr4","64240505","64240816","27","14036164"
"chr5","51851352","51851628","chr6","59242262","59242542","33","7390910"
"chr5","52935996","52936101","chr6","58069942","58070048","9","5133946"
"chr5","52949094","52949139","chr3","34579239","34579286","9","18369855"
"chr5","53746262","53746329","chr11","112555865","112555935","11","58809603"
"chr5","56908611","56908709","chr3","156551227","156551335","23","99642616"
"chr5","56908867","56909069","chr1","34867391","34867588","28","22041476"
"chr5","58493366","58493482","chr2","33672956","33673090","37","24820410"
"chr5","62107605","62107903","chr1","13040921","13041219","37","49066684"
"chr5","63142207","63142282","chr13","26059098","26059174","8","37083109"
"chr5","64953970","64954268","chr6","46546137","46546432","22","18407833"
"chr5","71475730","71476033","chr14","105799989","105800291","37","34324259"
"chr5","72294007","72294233","chr6","42273957","42274179","26","30020050"
"chr5","73999888","73999999","chrX","138526435","138526546","13","64526547"
"chr5","75152916","75153198","chr2","66052928","66053217","37","9099988"
"chr5","75426834","75427133","chr6","39129569","39129857","27","36297265"
"chr5","75769095","75769396","chr6","38799739","38800030","33","36969356"
"chr5","77863742","77864000","chr13","25891651","25891940","59","51972091"
"chr5","77923580","77923874","chr8","115081670","115081965","30","37158090"
"chr5","80500001","80500069","chr13","118759336","118759403","5","38259335"
"chr5","83146044","83146309","chr6","31827315","31827596","40","51318729"
"chr5","83286146","83286192","chr1","188811830","188811880","11","105525684"
"chr5","83487242","83487381","chr4","41285389","41285523","12","42201853"
"chr5","83720545","83720851","chr6","31275366","31275665","30","52445179"
"chr5","87213584","87213801","chr4","30978455","30978676","38","56235129"
"chr5","88543866","88543936","chr7","15827504","15827577","7","72716362"
"chr5","90731400","90731708","chrX","125183064","125183363","38","34451664"
"chr5","92877530","92877824","chr14","99513586","99513875","37","6636056"
"chr5","106436889","106437105","chr2","85968701","85968914","32","20468188"
"chr5","111177419","111177730","chr6","104401736","104402046","29","6775683"
"chr5","112001918","112002221","chr7","23059270","23059575","27","88942648"
"chr5","117908493","117908603","chr10","14450299","14450409","37","103458194"
"chr5","119578042","119578352","chr6","113014123","113014435","38","6563919"
"chr5","123094598","123094901","chr1","139329061","139329363","34","16234463"
"chr5","123514455","123514532","chr6","111830054","111830132","13","11684401"
"chr5","125186958","125187254","chr11","97816470","97816768","29","27370488"
"chr5","125531376","125531723","chr6","118719154","118719469","60","6812222"
"chr5","126087133","126087440","chr7","58137844","58138154","32","67949289"
"chr5","127352713","127352834","chr5","12241828","12241951","17","115110885"
"chr5","129559745","129560050","chr6","122656362","122656677","35","6903383"
"chr5","131886667","131886796","chr6","124830587","124830716","8","7056080"
"chr5","132048680","132048989","chr1","87655801","87656111","33","44392879"
"chr5","132144259","132144393","chr4","162253321","162253441","29","30109062"
"chr5","132604950","132605258","chr9","34710329","34710641","32","97894621"
"chr5","132910409","132910559","chr19","49092657","49092807","24","83817752"
"chr5","133469368","133469662","chr6","126385470","126385749","36","7083898"
"chr5","135158261","135158318","chr20","21136396","21136444","25","114021865"
"chr5","135158355","135158412","chr20","21136396","21136444","24","114021959"
"chr5","135159059","135159116","chr20","21136396","21136444","26","114022663"
"chr5","135159153","135159210","chr20","21136396","21136444","24","114022757"
"chr5","135346500","135346701","chr2","112692333","112692528","46","22654167"
"chr5","135455157","135455466","chr4","17694487","17694789","33","117760670"
"chr5","138618540","138618675","chr8","118420918","118421053","15","20197622"
"chr5","138823430","138823502","chrX","16590250","16590320","6","122233180"
"chr5","138915641","138915708","chrX","44340578","44340645","7","94575063"
"chr5","139260349","139260482","chr3","12682845","12682980","15","126577504"
"chr5","139288326","139288458","chr15","96738276","96738408","17","42550050"
"chr5","139654060","139654161","chr9","93873624","93873722","12","45780436"
"chr5","140217994","140218129","chr10","89088577","89088711","14","51129417"
"chr5","141629171","141629459","chr6","135320059","135320346","32","6309112"
"chr5","143102744","143102822","chr8","137500410","137500488","9","5602334"
"chr5","143253088","143253221","chr12","1722126","1722259","16","141530962"
"chr5","143857187","143857253","chr1","48051034","48051102","7","95806153"
"chr5","145108478","145108742","chr3","34579518","34579784","42","110528960"
"chr5","148478550","148478844","chrX","103602998","103603302","40","44875552"
"chr5","150314755","150315060","chr4","42862712","42863021","34","107452043"
"chr5","150454111","150454420","chr4","17694487","17694789","36","132759624"
"chr5","150574313","150574363","chr6","143287471","143287527","10","7286842"
"chr5","151682533","151682832","chr15","48399737","48400040","34","103282796"
"chr5","151905550","151905853","chr9","34710329","34710641","43","117195221"
"chr5","152129842","152129974","chr16","67426560","67426692","11","84703282"
"chr5","152364749","152365051","chr7","23059270","23059575","28","129305479"
"chr5","152608391","152608475","chr15","96732816","96732901","11","55875575"
"chr5","152983946","152984080","chr6","145642768","145642900","10","7341178"
"chr5","155505387","155505683","chrX","112463814","112464112","25","43041573"
"chr5","158470290","158470431","chr10","32001669","32001808","17","126468621"
"chr5","158749507","158749720","chr11","45131226","45131440","35","113618281"
"chr5","158810941","158811240","chr4","17694487","17694789","28","141116454"
"chr5","160807166","160807245","chr6","153322839","153322918","2","7484327"
"chr5","161120614","161120910","chr6","153634775","153635073","26","7485839"
"chr5","164305723","164305842","chr16","51469204","51469333","26","112836519"
"chr5","164659259","164659559","chr16","6637232","6637531","30","158022027"
"chr5","165138918","165139217","chr2","173775768","173776069","31","8636850"
"chr5","171549330","171549461","chr3","14665021","14665151","21","156884309"
"chr5","172365003","172365140","chr5","125460136","125460277","39","46904867"
"chr5","172409697","172409969","chr1","136115062","136115345","55","36294635"
"chr5","172421177","172421279","chr5","176959981","176960083","10","4538804"
"chr5","173265014","173265323","chr4","42862712","42863021","34","130402302"
"chr5","174423699","174424003","chr6","166765770","166766065","30","7657929"
"chr5","176260796","176260942","chr3","34791034","34791203","43","141469762"
"chr5","177097601","177097916","chr6","169373572","169373885","25","7724029"
"chr5","177540985","177541276","chr6","169833567","169833860","38","7707418"
"chr5","177988653","177988947","chr11","37906444","37906742","28","140082209"
"chr5","178393009","178393313","chr6","170681731","170682030","27","7711278"
"chr5","179274558","179274658","chr3","63467050","63467149","13","115807508"
"chr5","179282321","179282625","chr4","17694487","17694789","29","161587834"
"chr5","179993652","179993773","chrX","106765526","106765657","18","73228126"
"chr5","180516092","180516238","chr7","75708640","75708788","16","104807452"
"chr5","180659785","180660091","chr1","139329061","139329363","36","41330724"
"chr5","180703773","180703921","chr10","30508588","30508739","21","150195185"
"chr5","180828621","180828932","chr7","23059270","23059575","29","157769351"
"chr5","180840737","180841036","chr9","100500451","100500741","42","80340286"
"chr5","181397762","181398048","chr16","12989573","12989859","39","168408189"
"chr5","181848338","181848460","chr6","173906996","173907118","12","7941342"
"chr5","181869033","181869123","chr7","91192950","91193034","23","90676083"
"chr6","1790732","1791030","chr6","153634775","153635073","26","151844043"
"chr6","2970676","2970744","chr3","42575585","42575652","11","39604909"
"chr6","3040425","3040541","chr7","40155757","40155875","14","37115332"
"chr6","4707225","4707374","chr1","134107441","134107592","24","129400216"
"chr6","7695566","7695730","chr4","7490870","7491034","18","204696"
"chr6","8181604","8181813","chr11","22108546","22108744","40","13926942"
"chr6","8512883","8513192","chr4","69351787","69352093","30","60838904"
"chr6","10594955","10595026","chr3","127873308","127873378","10","117278353"
"chr6","10802391","10802468","chr11","119953390","119953468","7","109150999"
"chr6","12271072","12271367","chr11","37906444","37906742","33","25635372"
"chr6","14723998","14724293","chr4","14482041","14482330","34","241957"
"chr6","15300604","15300739","chr4","15047166","15047302","8","253438"
"chr6","15447376","15447659","chr1","42743860","42744141","46","27296484"
"chr6","15744330","15744435","chr4","15493189","15493307","22","251141"
"chr6","16796161","16796467","chr4","16575485","16575789","33","220676"
"chr6","21998348","21998649","chr3","43870338","43870642","33","21871990"
"chr6","22735885","22736160","chr4","22423372","22423648","31","312513"
"chr6","23267490","23267800","chr4","23000789","23001100","33","266701"
"chr6","26248695","26248929","chr11","41473533","41473758","37","15224838"
"chr6","26351475","26351769","chr17","34131762","34132058","45","7780287"
"chr6","27401718","27402016","chr14","112725749","112726047","40","85324031"
"chr6","27877023","27877248","chr2","85968701","85968914","66","58091678"
"chr6","27966797","27967092","chr16","6637232","6637531","38","21329565"
"chr6","28916062","28916345","chr4","108463041","108463322","31","79546979"
"chr6","28922958","28923182","chr4","28316611","28316829","26","606347"
"chr6","28934387","28934697","chr5","146860929","146861235","38","117926542"
"chr6","30372701","30372979","chr4","15519318","15519600","39","14853383"
"chr6","31100510","31100805","chr4","30195549","30195838","23","904961"
"chr6","31123632","31123713","chr9","117152520","117152602","9","86028888"
"chr6","31215955","31216085","chr4","30317918","30318049","10","898037"
"chr6","31255018","31255330","chr4","42862712","42863021","35","11607694"
"chr6","31433481","31433642","chr15","76228426","76228585","17","44794945"
"chr6","32027103","32027386","chr9","97500794","97501077","28","65473691"
"chr6","32210818","32210893","chr11","101499926","101500000","10","69289108"
"chr6","32828412","32828721","chr18","9574110","9574421","28","23254302"
"chr6","33290305","33290379","chr10","83199547","83199612","15","49909242"
"chr6","33762029","33762166","chr16","59256725","59256863","19","25494696"
"chr6","34833134","34833205","chr3","172591423","172591494","11","137758289"
"chr6","35278270","35278579","chr4","34107618","34107916","38","1170652"
"chr6","35790127","35790433","chr10","12029576","12029881","31","23760551"
"chr6","35859451","35859749","chr4","34684300","34684586","36","1175151"
"chr6","35864452","35864586","chr16","3566514","3566651","12","32297938"
"chr6","35966599","35966906","chr4","34792296","34792606","25","1174303"
"chr6","37053109","37053255","chr1","117317593","117317738","19","80264484"
"chr6","37779517","37779815","chr8","133818578","133818876","39","96039061"
"chr6","38900248","38900417","chr19","4719836","4720013","32","34180412"
"chr6","41791802","41791876","chr4","40537705","40537780","5","1254097"
"chr6","42382697","42383022","chr7","29669049","29669354","45","12713648"
"chr6","42569676","42569806","chr4","41346572","41346703","5","1223104"
"chr6","42570170","42570449","chr3","113213600","113213892","41","70643430"
"chr6","42730069","42730244","chrX","65553946","65554122","28","22823877"
"chr6","43140421","43140456","chr1","34365282","34365319","6","8775139"
"chr6","43317408","43317524","chr16","55358278","55358395","10","12040870"
"chr6","43629204","43629505","chr4","17694487","17694789","32","25934717"
"chr6","43774474","43774772","chr4","42521478","42521774","23","1252996"
"chr6","44100984","44101115","chr14","113554504","113554634","12","69453520"
"chr6","44113945","44114251","chr4","42862712","42863021","24","1251233"
"chr6","44211020","44211069","chr3","34579239","34579286","6","9631781"
"chr6","44217598","44217905","chr4","42963893","42964202","32","1253705"
"chr6","44243709","44243780","chr2","174914209","174914279","5","130670500"
"chr6","45748470","45748773","chr9","34710329","34710641","35","11038141"
"chr6","45764770","45764938","chr20","29278842","29279004","39","16485928"
"chr6","47519066","47519161","chr4","46145266","46145363","8","1373800"
"chr6","50714123","50714437","chrX","47360212","47360520","39","3353911"
"chr6","51207730","51208026","chr2","66052928","66053217","30","14845198"
"chr6","51468459","51468771","chr7","23059270","23059575","40","28409189"
"chr6","53098448","53098577","chr11","47635787","47635917","13","5462661"
"chr6","53311599","53311714","chr5","34451367","34451482","11","18860232"
"chr6","54058553","54058863","chrX","47360212","47360520","33","6698341"
"chr6","56181041","56181159","chr6","13963446","13963565","13","42217595"
"chr6","69639841","69640028","chr10","15364964","15365127","38","54274877"
"chr6","73787777","73788072","chr1","113972905","113973197","31","40185128"
"chr6","73952334","73952641","chr4","42862712","42863021","28","31089622"
"chr6","74080234","74080374","chr4","41285389","41285523","25","32794845"
"chr6","78768592","78768891","chr4","42862712","42863021","35","35905880"
"chr6","79964483","79964790","chr15","48399737","48400040","30","31564746"
"chr6","83960449","83960489","chr1","214046463","214046502","9","130086014"
"chr6","90192443","90192748","chr5","51765990","51766297","38","38426453"
"chr6","90416064","90416374","chr7","58137844","58138154","36","32278220"
"chr6","90449536","90449609","chr10","10588260","10588333","11","79861276"
"chr6","94215894","94216193","chr3","37760729","37761024","30","56455165"
"chr6","98259161","98259461","chr1","13040921","13041219","38","85218240"
"chr6","104016898","104017023","chr19","11464795","11464893","42","92552103"
"chr6","107635791","107636091","chr8","137865862","137866161","32","30230071"
"chr6","108027668","108027822","chr1","132703615","132703773","26","24675947"
"chr6","108113035","108113330","chr6","124968212","124968506","27","16855177"
"chr6","108238635","108238848","chr4","30978455","30978676","59","77260180"
"chr6","108344415","108344714","chr14","11165452","11165747","28","97178963"
"chr6","109632597","109632888","chr3","153215161","153215452","38","43582564"
"chr6","109856564","109856859","chr4","153416321","153416603","32","43559757"
"chr6","111888335","111888476","chr12","33447561","33447703","24","78440774"
"chr6","112076855","112076943","chr3","78147174","78147253","19","33929681"
"chr6","112231830","112231948","chr7","40155757","40155875","13","72076073"
"chr6","113703016","113703148","chr9","89247843","89247973","18","24455173"
"chr6","117909770","117910071","chr13","64112916","64113210","32","53796854"
"chr6","118422885","118423183","chr1","25220901","25221198","47","93201984"
"chr6","126766343","126766652","chr5","51765990","51766297","33","75000353"
"chr6","130260228","130260548","chr13","46766367","46766677","40","83493861"
"chr6","131197922","131198001","chr6","67618862","67618940","7","63579060"
"chr6","131487727","131488030","chrX","128266588","128266892","37","3221139"
"chr6","136204542","136204701","chr14","30816577","30816743","25","105387965"
"chr6","138455438","138455733","chr17","19690458","19690750","27","118764980"
"chr6","139653495","139653625","chr16","69831817","69831946","14","69821678"
"chr6","139964260","139964332","chr9","87822933","87823007","11","52141327"
"chr6","143709629","143709935","chr1","19726093","19726401","30","123983536"
"chr6","147385889","147385971","chr7","53153358","53153436","22","94232531"
"chr6","148117044","148117370","chr7","23059270","23059575","50","125057774"
"chr6","151080468","151080766","chr11","37906444","37906742","33","113174024"
"chr6","151289572","151289703","chr8","118420918","118421053","16","32868654"
"chr6","151391458","151391537","chr6","67618862","67618940","8","83772596"
"chr6","155572319","155572643","chr1","11024412","11024740","31","144547907"
"chr6","157395033","157395338","chr7","29669049","29669354","35","127725984"
"chr6","159217116","159217199","chr15","96732816","96732901","12","62484300"
"chr6","159945456","159945767","chr7","58956530","58956839","41","100988926"
"chr6","160218103","160218300","chr17","57630440","57630631","67","102587663"
"chr6","161600365","161600489","chr5","12241828","12241951","14","149358537"
"chr6","164308677","164308829","chr1","29574047","29574194","26","134734630"
"chr6","166784829","166784907","chr4","160083802","160083880","6","6701027"
"chr6","168286949","168287176","chr11","41473533","41473758","32","126813416"
"chr6","168364734","168364856","chr4","41285389","41285523","21","127079345"
"chr6","169844442","169844535","chr4","163042881","163042974","5","6801561"
"chr7","787139","787449","chr9","34710329","34710641","35","33923190"
"chr7","953516","953634","chr5","34451367","34451482","12","33497851"
"chr7","2195593","2195867","chr7","131668439","131668714","36","129472846"
"chr7","3267955","3268086","chr16","69831817","69831946","11","66563862"
"chr7","4065656","4065862","chr9","92313500","92313687","55","88247844"
"chr7","4384950","4385089","chr17","24965928","24966071","15","20580978"
"chr7","4704281","4704597","chr3","39095008","39095321","35","34390727"
"chr7","4750664","4750799","chr3","39043070","39043205","12","34292406"
"chr7","4837498","4837577","chr3","38943807","38943886","4","34106309"
"chr7","5524327","5524545","chr4","30978455","30978676","44","25454128"
"chr7","7974377","7974691","chrX","47360212","47360520","36","39385835"
"chr7","19954704","19955016","chr17","33653012","33653324","34","13698308"
"chr7","20043406","20043702","chr3","89485998","89486294","22","69442592"
"chr7","21876183","21876329","chr1","29574047","29574194","20","7697864"
"chr7","22007717","22007785","chr2","92723865","92723933","10","70716148"
"chr7","22052187","22052511","chr1","11024412","11024740","44","11027775"
"chr7","22188544","22188679","chr13","43455508","43455643","14","21266964"
"chr7","24763787","24763945","chr20","53235431","53235591","24","28471644"
"chr7","25666256","25666556","chr3","83858286","83858587","25","58192030"
"chr7","26304145","26304298","chr6","15157988","15158141","30","11146157"
"chr7","29181598","29181901","chr2","172834781","172835092","34","143653183"
"chr7","29950851","29951147","chrX","125183064","125183363","32","95232213"
"chr7","31042671","31042954","chr3","78660329","78660630","41","47617658"
"chr7","33606443","33606731","chr2","66052928","66053217","39","32446485"
"chr7","34349342","34349411","chr6","134568063","134568133","9","100218721"
"chr7","38379282","38379588","chr7","69325231","69325532","40","30945949"
"chr7","40022309","40022455","chr1","29574047","29574194","21","10448262"
"chr7","42235865","42236165","chr15","39493362","39493661","31","2742503"
"chr7","43408215","43408338","chr3","66493448","66493571","8","23085233"
"chr7","43580629","43580811","chr14","30816577","30816743","37","12764052"
"chr7","45577318","45577445","chr3","64374947","64375074","14","18797629"
"chr7","46155735","46156034","chr6","170681731","170682030","33","124525996"
"chr7","48537778","48538087","chr7","23059270","23059575","35","25478508"
"chr7","51038073","51038371","chr10","62608605","62608901","36","11570532"
"chr7","51046612","51046906","chr13","64112916","64113210","33","13066304"
"chr7","54758737","54758854","chr3","55100306","55100419","12","341569"
"chr7","54930027","54930162","chr1","204161368","204161503","16","149231341"
"chr7","55680960","55681028","chr1","125621703","125621769","9","69940743"
"chr7","55703936","55704004","chrX","62901771","62901840","12","7197835"
"chr7","55940108","55940243","chr20","51133799","51133931","14","4806309"
"chr7","56687443","56687739","chrX","122773833","122774130","34","66086390"
"chr7","56789938","56790079","chr10","32001669","32001808","15","24788269"
"chr7","57004689","57004980","chr17","80186349","80186642","31","23181660"
"chr7","57098483","57098774","chr3","153215161","153215452","30","96116678"
"chr7","57107856","57108150","chrX","16249727","16250022","46","40858129"
"chr7","57504566","57504869","chr11","37906444","37906742","33","19598122"
"chr7","57601022","57601315","chr3","153215161","153215452","30","95614139"
"chr7","57610368","57610668","chr6","24407551","24407854","46","33202817"
"chr7","62035486","62035633","chr1","134107441","134107592","24","72071955"
"chr7","62709638","62709934","chrX","122773833","122774130","34","60064195"
"chr7","63350031","63350333","chr15","48399737","48400040","28","14950294"
"chr7","63837254","63837296","chr2","83122925","83122975","14","19285671"
"chr7","63986249","63986555","chr15","48399737","48400040","28","15586512"
"chr7","64419484","64419583","chr3","109863098","109863196","13","45443614"
"chr7","64545836","64545959","chr7","159668532","159668652","18","95122696"
"chr7","64612035","64612167","chr2","90774684","90774818","16","26162649"
"chr7","65151516","65151652","chr1","204161368","204161503","17","139009852"
"chr7","65159861","65159878","chr11","120435550","120435574","12","55275689"
"chr7","65159929","65159981","chr3","51948822","51948873","4","13211107"
"chr7","65160886","65160937","chr3","51948822","51948873","6","13212064"
"chr7","65177105","65177336","chr2","85854060","85854281","33","20676955"
"chr7","65182537","65182672","chrX","125090960","125091094","16","59908423"
"chr7","65734792","65734929","chr8","56634769","56634901","26","9100023"
"chr7","65911778","65911901","chr8","39779937","39780062","16","26131841"
"chr7","68611295","68611518","chr4","28316611","28316829","34","40294684"
"chr7","72529977","72530283","chr14","105799989","105800291","35","33270012"
"chr7","72832848","72833153","chr9","34710329","34710641","33","38122519"
"chr7","77347505","77347814","chrX","125183064","125183363","35","47835559"
"chr7","77613510","77613819","chr4","34792296","34792606","36","42821214"
"chr7","78190722","78190858","chr15","96738276","96738408","16","18547554"
"chr7","80474061","80474373","chr3","122015569","122015879","32","41541508"
"chr7","80610104","80610403","chr3","121890516","121890817","33","41280412"
"chr7","81431343","81431635","chr11","37906444","37906742","30","43524899"
"chr7","84261720","84262020","chr15","48399737","48400040","28","35861983"
"chr7","88399182","88399345","chr20","29278842","29279004","17","59120340"
"chr7","88571096","88571386","chr13","26719279","26719572","35","61851817"
"chr7","92902844","92903154","chr7","23059270","23059575","37","69843574"
"chr7","93679453","93679704","chr3","108841534","108841771","32","15162081"
"chr7","98070699","98070983","chr4","15519318","15519600","33","82551381"
"chr7","101672590","101672739","chr13","26142088","26142250","30","75530502"
"chr7","101949095","101949335","chr3","108841534","108841771","43","6892439"
"chr7","102926116","102926247","chr6","124830587","124830716","22","21904471"
"chr7","104238152","104238480","chr6","80021698","80022015","42","24216454"
"chr7","104638190","104638478","chr1","37545914","37546207","40","67092276"
"chr7","106979223","106979344","chr3","127632407","127632528","7","20653184"
"chr7","108399367","108399685","chr15","68381117","68381435","40","40018250"
"chr7","109850164","109850461","chr3","130526088","130526384","23","20675924"
"chr7","109876083","109876393","chrX","47360212","47360520","28","62515871"
"chr7","110820224","110820504","chr9","97500794","97501077","35","13319430"
"chr7","113947705","113947755","chr8","117760406","117760456","10","3812701"
"chr7","114098755","114098862","chr3","134709104","134709213","7","20610349"
"chr7","116380442","116380649","chr6","150535742","150535960","33","34155300"
"chr7","120115584","120115877","chr3","140613279","140613580","34","20497695"
"chr7","126783189","126783488","chr4","15519318","15519600","41","111263871"
"chr7","130048450","130048557","chr1","29784206","29784314","10","100264244"
"chr7","131092686","131093018","chr7","23059270","23059575","59","108033416"
"chr7","131663529","131663791","chr4","15519318","15519600","44","116144211"
"chr7","132061448","132061527","chr10","34572501","34572580","5","97488947"
"chr7","132907320","132907621","chr4","17694487","17694789","30","115212833"
"chr7","136243207","136243344","chr3","156551089","156551226","12","20307882"
"chr7","136243345","136243465","chr1","134191445","134191566","17","2051900"
"chr7","136951094","136951393","chr1","184502659","184502952","39","47551565"
"chr7","139242501","139242811","chr13","63016467","63016775","31","76226034"
"chr7","139446515","139446842","chr3","159760024","159760335","39","20313509"
"chr7","139696289","139696585","chr3","124967069","124967363","38","14729220"
"chr7","141975316","141975618","chr7","132959844","132960149","29","9015472"
"chr7","142718770","142719077","chr14","61823479","61823782","35","80895291"
"chr7","146058753","146059054","chr2","16752956","16753258","28","129305797"
"chr7","146585956","146586230","chr2","66052928","66053217","41","80533028"
"chr7","146805231","146805541","chr3","167140750","167141059","33","20335519"
"chr7","147119930","147120241","chr1","139329061","139329363","52","7790869"
"chr7","149182716","149183018","chr3","169514215","169514520","21","20331499"
"chr7","150257108","150257257","chr3","170600962","170601109","8","20343854"
"chr7","152362526","152362761","chr3","113717774","113718008","43","38644752"
"chr7","152438184","152438494","chr2","147338443","147338753","34","5099741"
"chr7","152501991","152502120","chr3","14665021","14665151","11","137836970"
"chr7","152821871","152822026","chr2","90774684","90774818","39","62047187"
"chr7","153657124","153657189","JH682236","219157","219222","7","153437967"
"chr7","153749629","153749804","chr3","173847918","173848093","7","20098289"
"chr7","158519741","158519870","chr6","65481042","65481172","13","93038699"
"chr7","160103610","160103726","chr5","34451367","34451482","13","125652243"
"chr7","160237401","160237517","chr5","34451367","34451482","17","125786034"
"chr7","160495156","160495272","chr5","34451367","34451482","13","126043789"
"chr7","160766224","160766340","chr5","34451367","34451482","13","126314857"
"chr7","160900015","160900131","chr5","34451367","34451482","17","126448648"
"chr7","161098791","161098895","chr6","141038903","141039012","21","20059888"
"chr8","1838292","1838608","chr8","1688292","1688608","31","150000"
"chr8","3187644","3187945","chr16","18185853","18186155","35","14998209"
"chr8","3647184","3647456","chr11","14286411","14286684","49","10639227"
"chr8","4625989","4626295","chr4","42862712","42863021","34","38236723"
"chr8","4807229","4807364","chr8","4543540","4543675","14","263689"
"chr8","6801177","6801305","chr6","163079010","163079137","17","156277833"
"chr8","7969773","7969945","chr10","15364964","15365127","35","7395191"
"chr8","8213048","8213204","chr19","49092657","49092807","31","40879609"
"chr8","8382778","8382951","chr20","29278842","29279004","35","20896064"
"chr8","8586926","8587092","chr20","29278842","29279004","32","20691916"
"chr8","8606393","8606588","chr7","39518852","39519053","41","30912459"
"chr8","9073369","9073663","chrX","16249727","16250022","28","7176358"
"chr8","12095475","12095773","chr4","17694487","17694789","35","5599012"
"chr8","15995593","15995657","chr7","148244055","148244117","8","132248462"
"chr8","19045884","19046015","chr15","29885704","29885835","15","10839820"
"chr8","21982993","21983292","chrX","48576921","48577221","28","26593928"
"chr8","22043960","22044263","chr16","57802081","57802386","24","35758121"
"chr8","22834456","22834549","chr8","24575919","24576013","6","1741463"
"chr8","22953300","22953433","chr18","42417603","42417735","16","19464303"
"chr8","22977825","22977992","chr10","15364964","15365127","23","7612861"
"chr8","24748505","24748805","chr7","132959844","132960149","31","108211339"
"chr8","24950728","24950848","chr10","61990328","61990449","20","37039600"
"chr8","31965799","31966108","chr6","113014123","113014435","33","81048324"
"chr8","34746539","34746834","chr8","137865862","137866161","26","103119323"
"chr8","35064956","35065088","chr6","151316985","151317116","11","116252029"
"chr8","35242284","35242624","chr9","9043036","9043382","59","26199248"
"chr8","36446648","36446807","chr20","29278842","29279004","26","7167806"
"chr8","37190666","37190842","chr8","38966395","38966569","27","1775729"
"chr8","37606711","37606783","chr4","40955744","40955809","18","3349033"
"chr8","37984188","37984313","chr8","39779937","39780062","11","1795749"
"chr8","38344858","38345006","chr15","38405432","38405581","22","60574"
"chr8","39017766","39017830","chr1","128991488","128991551","6","89973722"
"chr8","39306784","39307092","chr7","23059270","23059575","34","16247514"
"chr8","39481806","39482120","chr7","103254132","103254443","38","63772326"
"chr8","45407946","45408025","chr6","67618862","67618940","8","22210916"
"chr8","46789219","46789383","chr17","58073149","58073307","51","11283930"
"chr8","47114878","47115172","chr8","45427105","45427401","26","1687773"
"chr8","48995739","48995852","chr3","43656526","43656642","12","5339213"
"chr8","49788465","49788775","chr4","42862712","42863021","31","6925753"
"chr8","50352976","50353280","chr7","29669049","29669354","30","20683927"
"chr8","50446668","50446888","chr4","30978455","30978676","39","19468213"
"chr8","50664866","50665066","chr11","30982200","30982399","37","19682666"
"chr8","51750741","51750874","chr16","67426560","67426692","16","15675819"
"chr8","51815132","51815251","chr5","12241828","12241951","16","39573304"
"chr8","52501747","52502036","chr3","113213600","113213892","41","60711853"
"chr8","52504146","52504438","chr3","113213600","113213892","37","60709454"
"chr8","54471257","54471556","chr6","170681731","170682030","31","116210474"
"chr8","58028736","58028813","chr16","30849148","30849226","9","27179588"
"chr8","58369609","58369676","chr1","89932619","89932687","10","31563010"
"chr8","58393434","58393565","chr8","56634769","56634901","13","1758665"
"chr8","59133208","59133336","chr11","55342040","55342169","17","3791168"
"chr8","60744774","60745068","chr13","64112916","64113210","27","3368142"
"chr8","63135860","63136158","chr8","61261927","61262222","24","1873933"
"chr8","64490341","64490448","chr3","156551227","156551335","15","92060886"
"chr8","64604752","64604986","chr7","75520488","75520718","59","10915736"
"chr8","65034914","65035224","chr2","147338443","147338753","31","82303529"
"chr8","65277171","65277390","chr7","75456338","75456558","41","10179167"
"chr8","67800140","67800184","chr8","65827298","65827349","8","1972842"
"chr8","67806243","67806405","chr20","29278842","29279004","20","38527401"
"chr8","67861674","67861809","chr3","12682845","12682980","15","55178829"
"chr8","68883413","68883737","chr1","11024412","11024740","40","57859001"
"chr8","71896031","71896324","chr20","32060979","32061275","24","39835052"
"chr8","72828575","72828711","chr1","204161368","204161503","19","131332793"
"chr8","72921465","72921574","chr1","212748139","212748249","17","139826674"
"chr8","75042645","75042955","chr13","63016467","63016775","34","12026178"
"chr8","78168681","78168969","chr4","147069426","147069713","25","68900745"
"chr8","78279187","78279494","chrX","78533053","78533364","69","253866"
"chr8","78349257","78349565","chr8","76005584","76005894","27","2343673"
"chr8","81380635","81380677","chr3","34579239","34579286","11","46801396"
"chr8","81946370","81946685","chr9","30888749","30889060","41","51057621"
"chr8","84655719","84656037","chr10","12029576","12029881","44","72626143"
"chr8","89424289","89424438","chr1","11623383","11623517","34","77800906"
"chr8","90874824","90875107","chr4","17694487","17694789","44","73180337"
"chr8","92038779","92039076","chrX","16249727","16250022","25","75789052"
"chr8","92409808","92410106","chr13","12041075","12041372","30","80368733"
"chr8","92780679","92780802","chr5","12241828","12241951","15","80538851"
"chr8","94689518","94689653","chr3","12682845","12682980","10","82006673"
"chr8","95862779","95862899","chr5","12241828","12241951","17","83620951"
"chr8","96015584","96015895","chr7","23059270","23059575","34","72956314"
"chr8","96341308","96341605","chr13","88648347","88648642","31","7692961"
"chr8","96907419","96907531","chr8","93968503","93968612","8","2938916"
"chr8","97055227","97055487","chr5","163555305","163555563","33","66500078"
"chr8","99035897","99035973","chr6","67618862","67618940","9","31417035"
"chr8","101175917","101175950","chr5","45869606","45869646","12","55306311"
"chr8","101185083","101185391","chr4","42862712","42863021","43","58322371"
"chr8","101200183","101200285","chr3","156551227","156551335","15","55351044"
"chr8","101270849","101271140","chr13","60102755","60103049","24","41168094"
"chr8","101285892","101286055","chr13","26142088","26142250","18","75143804"
"chr8","102767047","102767113","chr8","99534835","99534901","3","3232212"
"chr8","104591591","104591907","chrX","47360212","47360520","38","57231379"
"chr8","105513123","105513420","chr2","66052928","66053217","32","39460195"
"chr8","117219259","117219530","chr8","113610292","113610565","22","3608967"
"chr8","117806174","117806467","chr13","26719279","26719572","39","91086895"
"chr8","118731660","118731955","chr8","115081670","115081965","24","3649990"
"chr8","120021198","120021457","chr20","479795","480056","50","119541403"
"chr8","120318030","120318108","chr7","91192950","91193034","27","29125080"
"chr8","121413227","121413277","chr8","117760406","117760456","3","3652821"
"chr8","121761854","121762162","chr8","118110400","118110703","28","3651454"
"chr8","121960169","121960470","chr4","17694487","17694789","26","104265682"
"chr8","122078939","122079074","chr8","118420918","118421053","3","3658021"
"chr8","122222077","122222392","chr15","68381117","68381435","44","53840960"
"chr8","123215580","123215868","chrX","122773833","122774130","36","441747"
"chr8","127124502","127124772","chr16","9784161","9784415","71","117340341"
"chr8","129069092","129069350","chr5","163555305","163555563","79","34486213"
"chr8","130048835","130049138","chrX","125183064","125183363","34","4865771"
"chr8","132211426","132211726","chr2","52869051","52869354","35","79342375"
"chr8","132303740","132303809","chr8","128529682","128529759","12","3774058"
"chr8","132623003","132623312","chr12","85161223","85161534","39","47461780"
"chr8","137734595","137734881","chr11","30591498","30591782","33","107143097"
"chr8","139459354","139459670","chr13","26752958","26753267","36","112706396"
"chr8","139498022","139498320","chr2","66052928","66053217","36","73445094"
"chr8","139619818","139620109","chr2","66052928","66053217","27","73566890"
"chr8","140067730","140067788","chr4","5420877","5420933","8","134646853"
"chr8","141901794","141902096","chr2","30908732","30909033","29","110993062"
"chr8","142016939","142017044","chr1","29784206","29784314","11","112232733"
"chr8","143026084","143026154","chr11","43901926","43901996","7","99124158"
"chr8","143279531","143279665","chr11","111031802","111031931","19","32247729"
"chr8","143496215","143496343","chr16","7320090","7320220","18","136176125"
"chr8","143507139","143507289","chr15","80576404","80576558","45","62930735"
"chr8","143644560","143644624","chr19","6941112","6941176","4","136703448"
"chr8","143695586","143695926","chr14","117763964","117764308","56","25931622"
"chr8","143805592","143805885","chr3","153215161","153215452","34","9409569"
"chr9","251024","251330","chr15","48399737","48400040","28","48148713"
"chr9","356330","356420","chrX","141411524","141411609","13","141055194"
"chr9","2611680","2611750","chr3","172591423","172591494","8","169979743"
"chr9","3424554","3424672","chr1","152478165","152478285","20","149053611"
"chr9","4754207","4754498","chr1","196570093","196570388","31","191815886"
"chr9","9915421","9915727","chr15","65297887","65298185","39","55382466"
"chr9","15007330","15007613","chr1","155394585","155394870","38","140387255"
"chr9","17866205","17866331","chr3","14665021","14665151","25","3201184"
"chr9","18776601","18776645","chr20","21180635","21180678","10","2404034"
"chr9","19332589","19332879","chr15","55989333","55989623","29","36656744"
"chr9","19374651","19374772","chr5","12241828","12241951","19","7132823"
"chr9","19540374","19540682","chr4","42862712","42863021","32","23322338"
"chr9","19583781","19584078","chr4","42521478","42521774","25","22937697"
"chr9","19789980","19790059","chr15","55535383","55535462","1","35745403"
"chr9","21914971","21915275","chr15","53506088","53506385","29","31591117"
"chr9","27196605","27196703","chr3","109863098","109863196","9","82666493"
"chr9","27197014","27197148","chr2","41868293","41868445","35","14671279"
"chr9","27320385","27320684","chr6","170681731","170682030","33","143361346"
"chr9","27742801","27743099","chr11","37906444","37906742","31","10163643"
"chr9","29296303","29296604","chr15","48399737","48400040","33","19103434"
"chr9","33352817","33352990","chr14","30816577","30816743","28","2536240"
"chr9","33408580","33408737","chr13","100916107","100916261","21","67507527"
"chr9","33457309","33457610","chr7","39155043","39155340","33","5697734"
"chr9","33731762","33731897","chr13","102848295","102848430","12","69116533"
"chr9","33903412","33903513","chr5","176959981","176960083","17","143056569"
"chr9","34006099","34006202","chr8","138976445","138976547","18","104970346"
"chr9","34237659","34237787","chr19","49795730","49795865","18","15558071"
"chr9","35543409","35543731","chr15","40926499","40926819","37","5383090"
"chr9","35599763","35599832","chr8","99534835","99534901","7","63935072"
"chr9","36634819","36634947","chr16","73056109","73056236","20","36421290"
"chr9","36789899","36790196","chr7","109983456","109983766","49","73193557"
"chr9","36949774","36949877","chr8","138976445","138976547","17","102026671"
"chr9","37088628","37088824","chr2","112692333","112692528","31","75603705"
"chr9","37088875","37088977","chr5","176959981","176960083","7","139871106"
"chr9","37178302","37178408","chr15","39257916","39258022","8","2079614"
"chr9","38039335","38039618","chr13","64112916","64113210","33","26073581"
"chr9","39043091","39043196","chr3","38241089","38241198","15","802002"
"chr9","67650166","67650280","chr5","34451367","34451482","11","33198799"
"chr9","70134110","70134338","chr15","78379995","78380224","21","8245885"
"chr9","70567560","70567646","chr14","56064828","56064914","9","14502732"
"chr9","71832139","71832338","chr19","4719836","4720013","62","67112303"
"chr9","72327213","72327364","chr15","80576404","80576558","21","8249191"
"chr9","74902438","74902563","chr14","7535205","7535327","17","67367233"
"chr9","74979224","74979357","JH679569","5865","6000","13","74973359"
"chr9","75125800","75125917","chr3","43656526","43656642","9","31469274"
"chr9","75551050","75551117","chr7","65469484","65469550","6","10081566"
"chr9","77522595","77522858","chr3","34579518","34579784","43","42943077"
"chr9","78091543","78091836","chr4","30195549","30195838","28","47895994"
"chr9","80486200","80486331","chr3","14665021","14665151","19","65821179"
"chr9","80615547","80615586","chr15","88665463","88665501","5","8049916"
"chr9","80638895","80638933","chr15","88665463","88665501","4","8026568"
"chr9","80760993","80761304","chr9","30888749","30889060","35","49872244"
"chr9","82413919","82414218","chr15","48399737","48400040","38","34014182"
"chr9","86999015","86999147","chr12","31681409","31681541","24","55317606"
"chr9","87130279","87130565","chr6","135320059","135320346","34","48189780"
"chr9","87335416","87335457","chr3","34579239","34579286","15","52756177"
"chr9","87804655","87804787","chr15","95346654","95346782","14","7541999"
"chr9","87953573","87953858","chr3","153215161","153215452","38","65261588"
"chr9","90100489","90100563","chr15","100669462","100669538","4","10568973"
"chr9","92746820","92746952","chr19","19186369","19186502","11","73560451"
"chr9","92993394","92993525","chr7","38599893","38600027","20","54393501"
"chr9","93184921","93184987","chr10","83199547","83199612","8","9985374"
"chr9","93442767","93442986","chr8","40048516","40048730","62","53394251"
"chr9","94117849","94118160","chr1","108915176","108915483","35","14797327"
"chr9","94993258","94993564","chr15","48399737","48400040","31","46593521"
"chr9","95073269","95073579","chr7","81117981","81118291","38","13955288"
"chr9","95168371","95168494","chr15","105539977","105540100","8","10371606"
"chr9","95217709","95217849","chr11","111309452","111309594","13","16091743"
"chr9","95410651","95410771","chr16","18584454","18584574","23","76826197"
"chr9","95485511","95485824","chr4","42862712","42863021","39","52622799"
"chr9","95942231","95942398","chr1","124810213","124810379","20","28867982"
"chr9","100146983","100147230","chr18","8780031","8780283","37","91366952"
"chr9","108918283","108918531","chr7","75520488","75520718","71","33397795"
"chr9","110532517","110532651","chr3","12682845","12682980","25","97849672"
"chr9","110589038","110589148","chr1","121888872","121888981","10","11299834"
"chr9","115291691","115291953","chr16","9784161","9784415","56","105507530"
"chr9","120675405","120675477","chr16","36564142","36564213","9","84111263"
"chr9","123743451","123743626","chr7","24942645","24942820","24","98800806"
"chr9","123807964","123808057","chrX","141411524","141411609","17","17603560"
"chr9","123932787","123932866","chr10","34572501","34572580","8","89360286"
"chr9","124140017","124140349","chr11","24407540","24407859","58","99732477"
"chr9","125365291","125365401","chr15","98345351","98345461","5","27019940"
"chr9","126434989","126435121","chr3","2748297","2748430","11","123686692"
"chr9","126571466","126571596","chr3","2748297","2748430","13","123823169"
"chr9","126939167","126939333","chr10","15364964","15365127","22","111574203"
"chr9","127151657","127151911","chr20","479795","480056","40","126671862"
"chr9","127342072","127342180","chr9","27827921","27828026","15","99514151"
"chr9","127644789","127645096","chr10","12029576","12029881","31","115615213"
"chr9","128916700","128916783","chr7","133870252","133870335","7","4953552"
"chr9","129116346","129116479","chr3","12682845","12682980","13","116433501"
"chr9","130783664","130783731","chr12","51402578","51402640","14","79381086"
"chr9","130783739","130783999","chr20","479795","480056","48","130303944"
"chr9","130986230","130986304","chr3","55245621","55245698","13","75740609"
"chr9","131974181","131974270","chr2","177134769","177134856","12","45160588"
"chr9","132609124","132609414","chr2","66052928","66053217","26","66556196"
"chr9","132739016","132739077","chr7","15354485","15354548","10","117384531"
"chr9","132898278","132898439","chr15","4795233","4795397","15","128103045"
"chr9","134559902","134560095","chr17","57630440","57630631","49","76929462"
"chr9","136627493","136627546","chr12","44999528","44999582","5","91627965"
"chr9","136874494","136874609","chr14","12617767","12617883","13","124256727"
"chrX","60595","60682","chrX","141411524","141411609","13","141350929"
"chrX","323971","324136","chr13","100916107","100916261","39","100592136"
"chrX","683947","684020","chr11","112555865","112555935","11","111871918"
"chrX","2427452","2427759","chr7","132959844","132960149","44","130532392"
"chrX","2499882","2499991","chr1","29784206","29784314","11","27284324"
"chrX","2893381","2893518","chr11","13029008","13029147","15","10135627"
"chrX","6860536","6860599","chrX","4353080","4353146","5","2507456"
"chrX","7120339","7120474","chr3","12682845","12682980","8","5562506"
"chrX","8516760","8517068","chr1","108915176","108915483","32","100398416"
"chrX","9903837","9903999","chr20","29278842","29279004","15","19375005"
"chrX","10029244","10029285","chr3","34579239","34579286","13","24549995"
"chrX","12341805","12342107","chrX","9727521","9727814","28","2614284"
"chrX","12876960","12877084","chr10","61990328","61990449","11","49113368"
"chrX","13383299","13383374","chr6","67618862","67618940","8","54235563"
"chrX","13544069","13544250","chr20","29278842","29279004","43","15734773"
"chrX","16218699","16218980","chr6","31827315","31827596","31","15608616"
"chrX","21532225","21532328","chr1","29784206","29784314","13","8251981"
"chrX","22069932","22070003","chr6","134568063","134568133","8","112498131"
"chrX","23413266","23413341","chr13","26059098","26059174","4","2645832"
"chrX","23976334","23976455","chr1","11623383","11623517","35","12352951"
"chrX","24051134","24051268","chr4","41285389","41285523","10","17234255"
"chrX","24829650","24829869","chr7","116760908","116761134","38","91931258"
"chrX","27664903","27664977","chrX","24746859","24746933","6","2918044"
"chrX","28611300","28611593","chr9","17436723","17437017","32","11174577"
"chrX","29956483","29956547","chr14","25579699","25579764","9","4376784"
"chrX","32633692","32633759","chrX","29737040","29737107","4","2896652"
"chrX","37442261","37442565","chrX","34348348","34348657","30","3093913"
"chrX","40761967","40762057","chr7","91192950","91193034","22","50430983"
"chrX","41348613","41348715","chr3","63467050","63467149","17","22118437"
"chrX","41645202","41645333","chr3","51687638","51687770","14","10042436"
"chrX","41861084","41861232","chr3","34018193","34018334","20","7842891"
"chrX","41894324","41894401","chr1","144544535","144544614","10","102650211"
"chrX","42544156","42544457","chr7","29669049","29669354","33","12875107"
"chrX","45055746","45055881","chr3","40412634","40412767","15","4643112"
"chrX","45262079","45262379","chr2","16752956","16753258","27","28509123"
"chrX","46714116","46714434","chr7","23059270","23059575","35","23654846"
"chrX","47432894","47432963","chr9","120150258","120150330","12","72717364"
"chrX","47829146","47829212","chrX","44340578","44340645","4","3488568"
"chrX","47943407","47943578","chr7","24942645","24942820","25","23000762"
"chrX","48867999","48868134","chr3","12682845","12682980","9","36185154"
"chrX","49346677","49346800","chr4","8777797","8777921","17","40568880"
"chrX","49352568","49352784","chr11","45131226","45131440","46","4221342"
"chrX","49498282","49498591","chrX","46160028","46160332","21","3338254"
"chrX","49758154","49758370","chrX","46414458","46414662","19","3343696"
"chrX","50252691","50252802","chrX","46996539","46996650","10","3256152"
"chrX","53284453","53284523","chr2","174914209","174914279","8","121629756"
"chrX","53911833","53911957","chr2","39793083","39793208","10","14118750"
"chrX","54092954","54093087","chr16","67426560","67426692","11","13333606"
"chrX","54499821","54500000","chr2","185728650","185728826","20","131228829"
"chrX","54710844","54711156","chr4","42862712","42863021","29","11848132"
"chrX","55019601","55019739","chr2","90774684","90774818","17","35755083"
"chrX","55062175","55062476","chrX","122773833","122774130","31","67711658"
"chrX","55209241","55209548","chrX","125183064","125183363","33","69973823"
"chrX","57163372","57163666","chr16","6637232","6637531","33","50526140"
"chrX","70637971","70638094","chr11","123001225","123001356","27","52363254"
"chrX","70708744","70708806","chr2","43311473","43311537","13","27397271"
"chrX","70899084","70899216","chr6","65481042","65481172","25","5418042"
"chrX","70941232","70941391","chr15","76228426","76228585","22","5287194"
"chrX","71225475","71225775","chr4","69190200","69190501","30","2035275"
"chrX","71955906","71955996","chr9","34686129","34686223","13","37269777"
"chrX","73594315","73594615","chrX","64968965","64969261","34","8625350"
"chrX","73610575","73610883","chr14","105799989","105800291","41","32189414"
"chrX","73752451","73752492","chr3","34579239","34579286","9","39173212"
"chrX","73791181","73791341","chr10","28808573","28808737","22","44982608"
"chrX","74150900","74151034","chr3","12682845","12682980","17","61468055"
"chrX","74212267","74212572","chr4","42862712","42863021","32","31349555"
"chrX","74222547","74222855","chr9","30888749","30889060","38","43333798"
"chrX","74263113","74263191","chr3","7187345","7187423","9","67075768"
"chrX","77520478","77520556","chrX","68192311","68192389","8","9328167"
"chrX","77738410","77738531","chrX","68394815","68394936","4","9343595"
"chrX","82773228","82773292","chr4","103661132","103661187","26","20887904"
"chrX","84926933","84927218","chr1","37545914","37546207","44","47381019"
"chrX","85381172","85381470","chr7","39155043","39155340","29","46226129"
"chrX","88411236","88411543","chrX","78533053","78533364","36","9878183"
"chrX","90473865","90474168","chr5","118748356","118748657","31","28274491"
"chrX","90642905","90643209","chr4","42862712","42863021","32","47780193"
"chrX","90676775","90676993","chr4","30978455","30978676","39","59698320"
"chrX","90677044","90677137","chr11","118149004","118149098","25","27471960"
"chrX","92168681","92168986","chr7","23059270","23059575","30","69109411"
"chrX","93543384","93543684","chrX","83488717","83489011","30","10054667"
"chrX","94162568","94162689","chr16","55358278","55358395","18","38804290"
"chrX","97582740","97583047","chr1","19726093","19726401","27","77856647"
"chrX","97911685","97911999","chrX","87584917","87585229","29","10326768"
"chrX","100167800","100167894","chr10","71002616","71002711","16","29165184"
"chrX","101448870","101448938","chr11","112555865","112555935","8","11106995"
"chrX","104267565","104267875","chr4","17694487","17694789","38","86573078"
"chrX","114164719","114165011","chr8","36878581","36878882","35","77286138"
"chrX","114181684","114181761","chr20","15151925","15152002","7","99029759"
"chrX","115256656","115256967","chr2","147338443","147338753","32","32081787"
"chrX","116037876","116038177","chr1","139329061","139329363","26","23291185"
"chrX","119652857","119652954","chr9","93873624","93873722","13","25779233"
"chrX","120139205","120139380","chr7","24942645","24942820","20","95196560"
"chrX","120302357","120302482","chr6","163079010","163079137","14","42776653"
"chrX","120473095","120473178","chr7","91192950","91193034","19","29280145"
"chrX","128212987","128213293","chr4","42862712","42863021","44","85350275"
"chrX","128644818","128645024","chr7","39518852","39519053","33","89125966"
"chrX","129349711","129349889","chrX","65553946","65554122","22","63795765"
"chrX","131167227","131167355","chr17","76761840","76761965","32","54405387"
"chrX","132341732","132342038","chr7","23059270","23059575","26","109282462"
"chrX","134541205","134541501","chr15","48399737","48400040","31","86141468"
"chrX","135139904","135140057","chr1","132703615","132703773","25","2436289"
"chrX","135146774","135147069","chrX","122773833","122774130","22","12372941"
"chrX","136516266","136516403","chrX","124005965","124006103","18","12510301"
"chrX","136535290","136535428","chrX","124005965","124006103","14","12529325"
"chrX","136558293","136558431","chrX","124005965","124006103","14","12552328"
"chrX","136577316","136577453","chrX","124005965","124006103","18","12571351"
"chrX","136883611","136883744","chr20","51133799","51133931","16","85749812"
"chrX","137524605","137524747","chr11","111309452","111309594","16","26215153"
"chrX","137711819","137712121","chrX","125183064","125183363","24","12528755"
"chrX","138394716","138395024","chr1","19726093","19726401","28","118668623"
"chrX","138411287","138411597","chr3","122015569","122015879","30","16395718"
"chrX","138630970","138631271","chr4","42862712","42863021","43","95768258"
"chrX","139283817","139284111","chr10","62608605","62608901","37","76675212"
"chrX","140652450","140652579","chr15","96738276","96738408","17","43914174"
"chrX","140758591","140758763","chr15","80576404","80576558","53","60182187"
"chrX","140858118","140858252","chr4","41285389","41285523","17","99572729"
"chrX","140858479","140858604","chr2","86953382","86953510","22","53905097"
"chrX","142905611","142905682","chr2","174914209","174914279","9","32008598"
"chrX","144151707","144152012","chrX","47360212","47360520","34","96791495"
"chrX","147780217","147780269","chr14","121500407","121500457","15","26279810"
"chrX","151424966","151425249","chr4","147069426","147069713","32","4355540"
"chrX","153033667","153033968","chr1","139329061","139329363","40","13704606"
"chrX","154561663","154561798","chr3","12682845","12682980","12","141878818"
"chrX","154626038","154626344","chr4","42862712","42863021","25","111763326"
"chrX","155094759","155094907","chr1","117317593","117317738","17","37777166"
"chrX","155976106","155976180","chr11","101499926","101500000","7","54476180"
"chrX","155985317","155985391","chr11","101499926","101500000","7","54485391"
"chrX","156713918","156713986","chr2","92723865","92723933","5","63990053"
"chrY","20315986","20316263","chr14","47710718","47711006","47","27394732"
"chrY","606272","606558","chr7","59624160","59624452","30","59017888"
"chrY","653424","653573","chr7","64753177","64753327","19","64099753"
"chrY","2552352","2552456","chr6","141038903","141039012","16","138486551"
"chrY","2730852","2730956","chr6","141038903","141039012","16","138308051"
"chrY","5014034","5014219","chr4","98486402","98486590","52","93472368"
"chrY","11253504","11253608","chr6","141038903","141039012","16","129785399"
"chrY","15672198","15672302","chr6","141038903","141039012","16","125366705"
"chrY","15834070","15834174","chr6","141038903","141039012","16","125204833"
"chrY","17403198","17403503","chr7","58137844","58138154","41","40734646"
"chrY","18524136","18524418","chr9","100500451","100500741","60","81976315"
"chrY","21228210","21228328","chr3","43656526","43656642","29","22428316"
"chrY","21228332","21228366","chr2","104589453","104589492","15","83361121"
"chrY","22703366","22703676","chr6","44235798","44236106","48","21532432"
"chrY","25065815","25065921","chr3","83888383","83888483","21","58822568"
"chrY","25254479","25254610","chr1","190766827","190766962","15","165512348"
"chrY","25255155","25255251","chr3","53765546","53765634","33","28510391"
"chrY","25676634","25676768","chr19","43700363","43700495","24","18023729"
"chrY","26088435","26088567","chr5","21364266","21364397","33","4724169"
"chr10","95813326","95813639","chr9","88123979","88124288","34","7689347"
"chr10","3805055","3805138","chr7","120496564","120496647","12","116691509"
"chr10","3993628","3993907","chr9","97500794","97501077","31","93507166"
"chr10","5827816","5828094","chr7","131668439","131668714","38","125840623"
"chr10","7148483","7148553","chr1","67173905","67173974","17","60025422"
"chr10","8276114","8276413","chr10","62608605","62608901","39","54332491"
"chr10","11819854","11819977","chr9","11820903","11821024","16","1049"
"chr10","12065708","12066007","chrX","62911717","62912016","34","50846009"
"chr10","12098041","12098353","chr17","33653012","33653324","31","21554971"
"chr10","12186156","12186328","chr3","173847918","173848093","21","161661762"
"chr10","13556696","13556825","chr7","15894128","15894260","18","2337432"
"chr10","13737618","13737916","chr20","32060979","32061275","35","18323361"
"chr10","15180789","15180875","chr19","42928276","42928367","14","27747487"
"chr10","15236774","15236983","chr4","30978455","30978676","50","15741681"
"chr10","16914604","16914901","chr15","48399737","48400040","37","31485133"
"chr10","17017440","17017567","chr9","16676826","16676953","12","340614"
"chr10","17853957","17854243","chr4","22423372","22423648","42","4569415"
"chr10","18361052","18361359","chr9","17540075","17540388","25","820977"
"chr10","18835912","18836215","chr7","69325231","69325532","50","50489319"
"chr10","19158638","19158712","chr2","167690589","167690666","14","148531951"
"chr10","19631595","19631716","chr19","27622708","27622831","23","7991113"
"chr10","20050605","20050833","chr7","116760908","116761134","33","96710303"
"chr10","24868807","24869106","chr10","62608605","62608901","33","37739798"
"chr10","28687933","28688022","chr5","172633870","172633955","23","143945937"
"chr10","28821693","28821799","chr9","27827921","27828026","8","993772"
"chr10","30986827","30986973","chr3","12682845","12682980","18","18303982"
"chr10","31392403","31392692","chr2","102609057","102609349","35","71216654"
"chr10","31888101","31888399","chr13","22868662","22868961","31","9019439"
"chr10","32710571","32710874","chr9","34710329","34710641","39","1999758"
"chr10","34497928","34498059","chr4","41285389","41285523","14","6787461"
"chr10","35680410","35680712","chr12","51335852","51336153","37","15655442"
"chr10","35753965","35754272","chr9","34710329","34710641","25","1043636"
"chr10","35778472","35778777","chr7","81117981","81118291","43","45339509"
"chr10","36652226","36652524","chr2","16752956","16753258","37","19899270"
"chr10","37447590","37447881","chr15","18525838","18526129","47","18921752"
"chr10","38267527","38267826","chr4","42521478","42521774","28","4253951"
"chr10","43244998","43245234","chr11","45131226","45131440","60","1886228"
"chr10","45459583","45459841","chr2","50344696","50344974","56","4885113"
"chr10","49429570","49429880","chr1","140141367","140141676","37","90711797"
"chr10","49613745","49614042","chr20","9988650","9988948","49","39625095"
"chr10","51785017","51785096","chr4","84839062","84839140","11","33054045"
"chr10","55651004","55651082","chr1","49396365","49396443","7","6254639"
"chr10","55797308","55797578","chr6","36696681","36696961","40","19100627"
"chr10","55797586","55797635","chr8","117760406","117760456","9","61962820"
"chr10","60410129","60410256","chr11","55342040","55342169","18","5068089"
"chr10","61622256","61622552","chr14","11657980","11658278","31","49964276"
"chr10","65232226","65232507","chr9","63107327","63107612","34","2124899"
"chr10","66040023","66040306","chr18","53167966","53168252","38","12872057"
"chr10","66536041","66536348","chr7","23059270","23059575","30","43476771"
"chr10","66974912","66975133","chr18","15724505","15724709","51","51250407"
"chr10","66975406","66975481","chrX","20469781","20469856","11","46505625"
"chr10","67004520","67004763","chr13","77217021","77217271","46","10212501"
"chr10","67068077","67068381","chr14","61823479","61823782","33","5244598"
"chr10","67366912","67366990","chr9","72672085","72672163","7","5305173"
"chr10","67494496","67494723","chr8","105642260","105642481","43","38147764"
"chr10","67752124","67752293","chr20","2896764","2896922","27","64855360"
"chr10","68833240","68833356","chr14","12617767","12617883","27","56215473"
"chr10","68875292","68875495","chr15","53094052","53094258","64","15781240"
"chr10","69052183","69052297","chr1","16448668","16448778","21","52603515"
"chr10","70749808","70749975","chr10","15364964","15365127","21","55384844"
"chr10","71246194","71246308","chr5","34451367","34451482","16","36794827"
"chr10","71483888","71483993","chr3","55999893","56000000","16","15483995"
"chr10","72120159","72120427","chr9","56139282","56139566","47","15980877"
"chr10","72471756","72471849","chr4","163042881","163042974","10","90571125"
"chr10","72858899","72859210","chr8","26471923","26472233","32","46386976"
"chr10","73931931","73932238","chr9","54398322","54398626","26","19533609"
"chr10","74773958","74774269","chr9","53569013","53569326","38","21204945"
"chr10","76369189","76369261","chr4","51442428","51442499","10","24926761"
"chr10","77635199","77635498","chr1","37545914","37546207","38","40089285"
"chr10","84026514","84026820","chr2","16752956","16753258","33","67273558"
"chr10","85962191","85962502","chr7","81117981","81118291","36","4844210"
"chr10","86540385","86540463","chr1","25825046","25825122","9","60715339"
"chr10","91177306","91177603","chr11","37906444","37906742","34","53270862"
"chr10","91327936","91328247","chr3","109584688","109584999","29","18256752"
"chr10","91457625","91457901","chr9","83889511","83889788","18","7568114"
"chr10","91746472","91746644","chr3","173847918","173848093","28","82101446"
"chr10","91811962","91812259","chr20","17129527","17129829","30","74682435"
"chr10","92028131","92028207","chr9","84450176","84450252","6","7577955"
"chr10","92134956","92135089","chr9","84554698","84554831","11","7580258"
"chr10","92166553","92166836","chr9","84585964","84586254","35","7580589"
"chr10","92289186","92289280","chrX","21046347","21046443","21","71242839"
"chr10","92337797","92337889","chr9","84760131","84760223","7","7577666"
"chr10","92999932","93000000","chr3","13052400","13052467","11","79947532"
"chr10","93964940","93965212","chr1","21808862","21809139","33","72156078"
"chr10","94286252","94286559","chrX","47360212","47360520","43","46926040"
"chr10","95505196","95505270","chr9","87822933","87823007","4","7682263"
"chr10","96196280","96196391","chr1","29784206","29784314","10","66412074"
"chr10","96679778","96679839","chr9","88950179","88950240","4","7729599"
"chr10","98775898","98776194","chrX","122773833","122774130","32","23997935"
"chr10","100357724","100357789","chr3","13052400","13052467","7","87305324"
"chr10","101234635","101234716","chr7","133870252","133870335","9","32635617"
"chr10","101900994","101901137","chr2","186990556","186990696","36","85089562"
"chr10","102481465","102481756","chr9","95063040","95063325","24","7418425"
"chr10","102622744","102623055","chr7","23059270","23059575","29","79563474"
"chr10","104289515","104289588","chr16","45195605","45195679","7","59093910"
"chr10","105817356","105817418","chr12","97237759","97237822","9","8579597"
"chr10","106271534","106271666","chr15","96738276","96738408","11","9533258"
"chr10","108136936","108137234","chr9","100500451","100500741","31","7636485"
"chr10","109933017","109933118","chr5","176959981","176960083","15","67026964"
"chr10","111409519","111409629","chr16","59443264","59443376","8","51966255"
"chr10","111781206","111781507","chr2","16752956","16753258","35","95028250"
"chr10","114459617","114459927","chr7","23059270","23059575","35","91400347"
"chr10","115619066","115619369","chr4","42862712","42863021","29","72756354"
"chr10","118488342","118488518","chr20","16576811","16576986","28","101911531"
"chr10","119394219","119394316","chr4","46145266","46145363","10","73248953"
"chr10","121761332","121761523","chr2","112692333","112692528","19","9068999"
"chr10","123966471","123966770","chr9","115970122","115970433","31","7996349"
"chr10","124026896","124027030","chr3","12682845","12682980","12","111344051"
"chr10","132073677","132073732","chr12","44999528","44999582","7","87074149"
"chr11","823642","823774","chr3","12682845","12682980","15","11859203"
"chr11","3688579","3688889","chr14","61477204","61477513","29","57788625"
"chr11","3822659","3822955","chr20","32060979","32061275","28","28238320"
"chr11","4451562","4451876","chr4","42862712","42863021","49","38411150"
"chr11","4501292","4501575","chr14","60661260","60661544","33","56159968"
"chr11","7108420","7108718","chr6","153634775","153635073","39","146526355"
"chr11","7693646","7693953","chr2","16752956","16753258","32","9059310"
"chr11","9092771","9092901","chr6","151316985","151317116","16","142224214"
"chr11","9175135","9175269","chrX","125090960","125091094","12","115915825"
"chr11","9524033","9524329","chr4","81219686","81219980","31","71695653"
"chr11","10038837","10039145","chr9","34710329","34710641","36","24671492"
"chr11","10188318","10188434","chr5","34451367","34451482","13","24263049"
"chr11","10615422","10615531","chr9","6773814","6773923","22","3841608"
"chr11","10616054","10616254","chr1","34867391","34867588","34","24251337"
"chr11","12834302","12834564","chr14","51964977","51965232","35","39130675"
"chr11","14251260","14251551","chr2","66052928","66053217","31","51801668"
"chr11","16499892","16500000","chr1","29784206","29784314","9","13284314"
"chr11","16637255","16637333","chr16","30849148","30849226","3","14211893"
"chr11","16901333","16901372","chr11","10045603","10045644","10","6855730"
"chr11","16928099","16928399","chr1","184502659","184502952","32","167574560"
"chr11","17066968","17067264","chr6","153634775","153635073","26","136567807"
"chr11","18166249","18166558","chr13","26752958","26753267","29","8586709"
"chr11","19512673","19512891","chr16","60905123","60905348","74","41392450"
"chr11","20169305","20169435","chr16","67426560","67426692","13","47257255"
"chr11","32946605","32946904","chr14","31868635","31868935","24","1077970"
"chr11","33129694","33129821","chr4","41285389","41285523","15","8155695"
"chr11","34019586","34019893","chrX","128266588","128266892","32","94247002"
"chr11","34031029","34031335","chr14","30802595","30802880","44","3228434"
"chr11","34035768","34035903","chr19","49795730","49795865","17","15759962"
"chr11","36759012","36759314","chr15","48399737","48400040","25","11640725"
"chr11","37384026","37384170","chr19","11464795","11464893","60","25919231"
"chr11","38366577","38366696","chr11","119522787","119522906","20","81156210"
"chr11","40389609","40389904","chr6","46546137","46546432","36","6156528"
"chr11","41606929","41606993","chr7","15354485","15354548","7","26252444"
"chr11","42308209","42308496","chr17","30317125","30317415","35","11991084"
"chr11","43477728","43478053","chr3","28461793","28462106","51","15015935"
"chr11","46382875","46383002","chr14","18922039","18922166","11","27460836"
"chr11","46605312","46605605","chr13","64112916","64113210","29","17507604"
"chr11","46903120","46903199","chr7","91192950","91193034","18","44289830"
"chr11","47378405","47378554","chr9","24662717","24662866","13","22715688"
"chr11","47651327","47651448","chr16","59183048","59183163","19","11531721"
"chr11","48366582","48366858","chr7","131668439","131668714","43","83301857"
"chr11","57573893","57574187","chr13","88648347","88648642","35","31074454"
"chr11","59210890","59211028","chr13","43039812","43039947","17","16171078"
"chr11","59952406","59952706","chr14","11657980","11658278","26","48294426"
"chr11","60226185","60226497","chr2","147338443","147338753","39","87112258"
"chr11","60232764","60232904","chr11","111309452","111309594","19","51076688"
"chr11","60431784","60431915","chr3","2748297","2748430","15","57683487"
"chr11","60489489","60489795","chr4","17694487","17694789","33","42795002"
"chr11","60772192","60772388","chr17","57630440","57630631","46","3141752"
"chr11","61528945","61529065","chr5","12241828","12241951","15","49287117"
"chr11","61732082","61732216","chr14","10296227","10296361","11","51435855"
"chr11","61886641","61886774","chr14","113554504","113554634","20","51667863"
"chr11","62724795","62724930","chr3","12682845","12682980","12","50041950"
"chr11","63033941","63034004","chr19","6941112","6941176","5","56092829"
"chr11","64433675","64433816","chr3","34018193","34018334","17","30415482"
"chr11","64602588","64602880","chr6","124968212","124968506","36","60365624"
"chr11","65097570","65097893","chr14","6953839","6954153","46","58143731"
"chr11","65298063","65298359","chr16","73793952","73794245","30","8495889"
"chr11","65298473","65298521","chr14","6753870","6753919","3","58544603"
"chr11","67982686","67982888","chr2","112692333","112692528","35","44709647"
"chr11","68133478","68133621","chr11","111309452","111309594","16","43175974"
"chr11","69112132","69112267","chr6","144022699","144022839","22","74910567"
"chr11","69922053","69922290","chr6","172723066","172723305","42","102801013"
"chr11","71561697","71561995","chr6","170681731","170682030","26","99120034"
"chr11","71675095","71675166","chr14","63770733","63770804","4","7904362"
"chr11","72896303","72896433","chr14","64976400","64976535","15","7919903"
"chr11","73021677","73021984","chr7","29669049","29669354","36","43352628"
"chr11","74834808","74835112","chr1","139329061","139329363","40","64494253"
"chr11","75404475","75404536","chr4","103661132","103661187","16","28256657"
"chr11","76253530","76253826","chr11","37906444","37906742","26","38347086"
"chr11","83931237","83931540","chr7","23059270","23059575","33","60871967"
"chr11","84099903","84100000","chr11","111135935","111136030","9","27036032"
"chr11","85235576","85235894","chr4","85104292","85104604","33","131284"
"chr11","89325821","89325935","chr7","40155757","40155875","21","49170064"
"chr11","92891060","92891139","chr7","53153358","53153436","21","39737702"
"chr11","96370685","96370815","chr14","88259844","88259966","19","8110841"
"chr11","96512837","96513128","chr2","66052928","66053217","33","30459909"
"chr11","97295323","97295623","chr13","88648347","88648642","34","8646976"
"chr11","99966851","99967158","chr14","91729964","91730265","34","8236887"
"chr11","100119478","100119523","chr14","91878566","91878607","8","8240912"
"chr11","100129336","100129474","chr11","13029008","13029147","12","87100328"
"chr11","102386539","102386846","chr7","23059270","23059575","33","79327269"
"chr11","105427858","105428165","chr7","29669049","29669354","27","75758809"
"chr11","105788136","105788443","chr4","42862712","42863021","24","62925424"
"chr11","106103455","106103528","chr14","97523957","97524030","7","8579498"
"chr11","106252025","106252302","chr14","97657474","97657760","37","8594551"
"chr11","107470051","107470162","chr4","33664109","33664217","38","73805942"
"chr11","108116383","108116679","chr13","25891651","25891940","47","82224732"
"chr11","108177472","108177768","chr14","99513586","99513875","29","8663886"
"chr11","110423252","110423387","chr3","12682845","12682980","12","97740407"
"chr11","110480388","110480439","chr11","14916689","14916750","15","95563699"
"chr11","110481179","110481277","chr5","176959981","176960083","16","66478802"
"chr11","111832549","111832845","chr20","32060979","32061275","28","79771570"
"chr11","114332603","114332905","chr14","105799989","105800291","22","8532614"
"chr11","114523067","114523370","chr4","42862712","42863021","22","71660355"
"chr11","116611672","116611897","chr14","108037260","108037446","46","8574412"
"chr11","116970824","116971134","chr9","115970122","115970433","38","1000702"
"chr11","116974324","116974617","chrX","16249727","16250022","29","100724597"
"chr11","117013505","117013806","chr11","116311035","116311339","27","702470"
"chr11","117057380","117057550","chr3","173847918","173848093","25","56790538"
"chr11","119827179","119827488","chr14","111177610","111177919","31","8649569"
"chr11","120407027","120407338","chr20","17532206","17532521","26","102874821"
"chr11","120678936","120679005","chr2","92723865","92723933","6","27955071"
"chr11","121236536","121236727","chr19","4719836","4720013","39","116516700"
"chr11","124316414","124316589","chr2","85947528","85947702","27","38368886"
"chr11","126811040","126811351","chr7","29669049","29669354","33","97141991"
"chr11","127764506","127764742","chrX","87272619","87272855","37","40491887"
"chr11","130709796","130709846","chr14","121500407","121500457","1","9209389"
"chr12","603599","603876","chr2","128300118","128300402","48","127696519"
"chr12","804313","804382","chr6","134568063","134568133","6","133763750"
"chr12","991119","991424","chr3","43870338","43870642","26","42879219"
"chr12","1168102","1168406","chr2","16752956","16753258","31","15584854"
"chr12","1282666","1282983","chr1","48606698","48607015","35","47324032"
"chr12","1826883","1827185","chr15","48399737","48400040","29","46572854"
"chr12","2063264","2063569","chrX","47360212","47360520","30","45296948"
"chr12","4455121","4455266","chr16","40362327","40362468","15","35907206"
"chr12","6222590","6222883","chr9","100500451","100500741","76","94277861"
"chr12","6303804","6303871","chr3","13052400","13052467","10","6748596"
"chr12","6404590","6404873","chr4","153416321","153416603","31","147011731"
"chr12","6811212","6811355","chr11","44633998","44634144","20","37822786"
"chr12","6903773","6903918","chr1","117317593","117317738","15","110413820"
"chr12","7067609","7067727","chr19","11464795","11464893","50","4397186"
"chr12","7734108","7734409","chr11","37906444","37906742","39","30172336"
"chr12","7915459","7915555","chr3","156551227","156551335","39","148635768"
"chr12","7951084","7951219","chr4","41285389","41285523","12","33334305"
"chr12","7995836","7996141","chr2","16752956","16753258","36","8757120"
"chr12","8019076","8019217","chr11","111309452","111309594","15","103290376"
"chr12","8371158","8371290","chr16","67426560","67426692","15","59055402"
"chr12","8467987","8468131","chr15","38405432","38405581","32","29937445"
"chr12","9117069","9117205","chr1","18878703","18878835","29","9761634"
"chr12","9123736","9123834","chr13","90926470","90926560","14","81802734"
"chr12","9132233","9132334","chr11","118149004","118149098","21","109016771"
"chr12","9132353","9132384","chr7","15733601","15733634","18","6601248"
"chr12","12328146","12328290","chr11","111309452","111309594","16","98981306"
"chr12","12656395","12656467","chr19","46653328","46653399","10","33996933"
"chr12","14589144","14589361","chr7","116760908","116761134","35","102171764"
"chr12","14589365","14589466","chr7","9607925","9608023","16","4981440"
"chr12","14867477","14867769","chr1","139329061","139329363","52","124461584"
"chr12","15513740","15513802","chr11","14916689","14916750","4","597051"
"chr12","17680585","17680670","chr11","17097006","17097092","11","583579"
"chr12","17997264","17997431","chr3","157418795","157418960","29","139421531"
"chr12","20315836","20316145","chr7","29669049","29669354","30","9353213"
"chr12","21955797","21955869","chr11","62675733","62675805","7","40719936"
"chr12","23634279","23634357","chr2","113102672","113102747","18","89468393"
"chr12","23947043","23947109","chr11","60758758","60758824","5","36811715"
"chr12","25543852","25544031","chr2","185728650","185728826","25","160184798"
"chr12","26368150","26368463","chr5","85101669","85101980","45","58733519"
"chr12","26823282","26823592","chr10","12029576","12029881","31","14793706"
"chr12","26832733","26832857","chr13","118354785","118354910","16","91522052"
"chr12","28140102","28140391","chr15","48399737","48400040","43","20259635"
"chr12","30518602","30518886","chr13","22868662","22868961","48","7649940"
"chr12","31871538","31871831","chr11","53054193","53054486","28","21182655"
"chr12","31919449","31919528","chr10","61758074","61758153","14","29838625"
"chr12","31963764","31964070","chr10","12029576","12029881","32","19934188"
"chr12","32640541","32640617","chr10","10588260","10588333","19","22052281"
"chr12","32699512","32699647","chr1","204161368","204161503","11","171461856"
"chr12","34064146","34064278","chr6","151316985","151317116","19","117252839"
"chr12","37448437","37448567","chr11","47635787","47635917","14","10187350"
"chr12","38035485","38035662","chr2","147136960","147137136","21","109101475"
"chr12","38838631","38838763","chr1","190766827","190766962","11","151928196"
"chr12","38986027","38986134","chr17","75961701","75961809","23","36975674"
"chr12","38986162","38986231","chr18","66282982","66283050","8","27296820"
"chr12","38987728","38987785","chr2","171724050","171724106","14","132736322"
"chr12","39006010","39006188","chr7","24942645","24942820","23","14063365"
"chr12","39957269","39957412","chr16","69614497","69614639","23","29657228"
"chr12","40527761","40527841","chr1","123220984","123221062","17","82693223"
"chr12","40535475","40535541","chr10","83199547","83199612","9","42664072"
"chr12","40536255","40536402","chr11","44633998","44634144","10","4097743"
"chr12","41198369","41198444","chr15","100669462","100669538","7","59471093"
"chr12","41981751","41982047","chr16","6637232","6637531","36","35344519"
"chr12","43620825","43621115","chr9","95063040","95063325","35","51442215"
"chr12","45852273","45852390","chr14","111355173","111355289","27","65502900"
"chr12","46943024","46943293","chr1","19726093","19726401","57","27216931"
"chr12","47219471","47219746","chr13","26719279","26719572","56","20500192"
"chr12","47415734","47415802","chr7","83923198","83923263","10","36507464"
"chr12","47507767","47507929","chr15","80576404","80576558","25","33068637"
"chr12","49905999","49906108","chr9","6773814","6773923","22","43132185"
"chr12","50408098","50408389","chr3","153215161","153215452","34","102807063"
"chr12","54324660","54324971","chr9","30888749","30889060","32","23435911"
"chr12","55166251","55166506","chr11","32517809","32518065","24","22648442"
"chr12","55803322","55803626","chr4","17694487","17694789","25","38108835"
"chr12","56650694","56651001","chrX","128266588","128266892","32","71615894"
"chr12","57815124","57815432","chr4","42862712","42863021","35","14952412"
"chr12","60742644","60742938","chr6","118483135","118483429","31","57740491"
"chr12","62637656","62637731","chr6","67618862","67618940","17","4981206"
"chr12","62804223","62804302","chr19","18360695","18360774","8","44443528"
"chr12","63565005","63565290","chr12","36069916","36070184","76","27495089"
"chr12","68312468","68312546","chr11","63940039","63940116","7","4372429"
"chr12","70116922","70117012","chr7","91192950","91193034","24","21076028"
"chr12","72760064","72760184","chr7","106119557","106119680","20","33359493"
"chr12","79968872","79969142","chr10","71573441","71573703","44","8395431"
"chr12","82531553","82531851","chr3","153215161","153215452","25","70683608"
"chr12","84426574","84426896","chr7","103254132","103254443","46","18827558"
"chr12","85080455","85080776","chr11","80312791","80313106","39","4767664"
"chr12","89740951","89741248","chr16","6637232","6637531","28","83103719"
"chr12","89999875","90000000","chr5","35255995","35256112","13","54743880"
"chr12","93559182","93559295","chr11","92750986","92751107","16","808196"
"chr12","93742423","93742501","chr10","34572501","34572580","8","59169922"
"chr12","94028026","94028135","chr4","33664109","33664217","16","60363917"
"chr12","94306153","94306450","chr2","96423069","96423366","32","2116916"
"chr12","94871664","94871960","chr10","59495138","59495435","32","35376526"
"chr12","94902194","94902320","chr11","94081940","94082068","9","820254"
"chr12","95117400","95117619","chr11","94294077","94294312","38","823323"
"chr12","95865776","95865854","chr19","44479524","44479602","7","51386252"
"chr12","95996092","95996391","chr3","37760729","37761024","31","58235363"
"chr12","96331147","96331280","chr3","14665021","14665151","11","81666126"
"chr12","96422111","96422194","chr10","23216620","23216699","12","73205491"
"chr12","97373643","97373954","chr4","85104292","85104604","35","12269351"
"chr12","98598002","98598057","chr4","12591691","12591742","15","86006311"
"chr12","98727687","98727820","chr16","67426560","67426692","17","31301127"
"chr12","98740402","98740699","chr11","97816470","97816768","26","923932"
"chr12","98794755","98795042","chr11","97864344","97864615","36","930411"
"chr12","104282101","104282249","chr9","24662717","24662866","21","79619384"
"chr12","104642511","104642816","chr7","69325231","69325532","30","35317280"
"chr12","108052159","108052192","chrX","118292487","118292517","13","10240328"
"chr12","110317707","110318013","chrX","62911717","62912016","38","47405990"
"chr12","110483008","110483342","chr11","109223665","109223999","53","1259343"
"chr12","110589823","110589969","chr20","69584285","69584434","20","41005538"
"chr12","110668780","110668928","chr19","49092657","49092807","39","61576123"
"chr12","111002881","111003016","chr16","67426560","67426692","16","43576321"
"chr12","111027853","111028165","chr1","87655801","87656111","28","23372052"
"chr12","111029219","111029428","chr6","150535742","150535960","48","39506523"
"chr12","111045299","111045372","chr11","109783441","109783516","6","1261858"
"chr12","111709563","111709693","chr16","67426560","67426692","16","44283003"
"chr12","111783622","111783749","chr11","110503905","110504038","13","1279717"
"chr12","112223290","112223591","chr4","69351787","69352093","31","42871503"
"chr12","112347917","112348048","chr8","4543540","4543675","28","107804377"
"chr12","112592165","112592254","chr10","34572501","34572580","25","78019664"
"chr12","113516813","113516897","chr3","81338430","81338509","14","32178383"
"chr12","114755333","114755385","chr2","83122925","83122975","14","31632408"
"chr12","117136419","117136550","chr3","14665021","14665151","11","102471398"
"chr12","117589667","117589802","chr16","3566514","3566651","10","114023153"
"chr12","117615687","117615996","chr11","116311035","116311339","30","1304652"
"chr12","118659519","118659827","chr4","42862712","42863021","26","75796807"
"chr12","118660566","118660696","chr17","85512200","85512281","64","33148366"
"chr12","118842787","118843089","chr4","42862712","42863021","27","75980075"
"chr12","119466170","119466259","chr7","91192950","91193034","16","28273220"
"chr12","120144662","120144937","chr20","29864128","29864403","29","90280534"
"chr12","120512030","120512361","chrX","125918870","125919173","58","5406840"
"chr12","120757998","120758132","chr1","190766827","190766962","10","70008829"
"chr12","120939262","120939393","chr3","2748297","2748430","16","118190965"
"chr12","121185491","121185795","chr11","97816470","97816768","37","23369021"
"chr12","121280321","121280630","chr13","26752958","26753267","32","94527363"
"chr12","121312181","121312259","chr11","119953390","119953468","4","1358791"
"chr12","121575553","121575748","chr2","160632834","160633029","26","39057281"
"chr12","121941450","121941760","chr9","34710329","34710641","30","87231121"
"chr12","122220298","122220602","chr11","97816470","97816768","30","24403828"
"chr12","122250769","122250874","chr16","66849729","66849833","12","55401040"
"chr12","122274786","122275097","chr6","113014123","113014435","35","9260663"
"chr12","122283122","122283257","chr3","12682845","12682980","15","109600277"
"chr12","122425545","122425579","chr5","108993312","108993347","8","13432233"
"chr12","122455554","122455706","chr4","41285389","41285523","27","81170165"
"chr12","122515625","122515700","chr15","100669462","100669538","7","21846163"
"chr12","122560408","122560591","chr2","147136960","147137136","35","24576552"
"chr12","122565881","122565957","chr1","123220984","123221062","6","655103"
"chr12","123227878","123228183","chr10","12029576","12029881","31","111198302"
"chr12","123269428","123269523","chrX","21046347","21046443","10","102223081"
"chr12","123577648","123577950","chr2","16752956","16753258","25","106824692"
"chr12","123608771","123608834","chr1","42344234","42344297","14","81264537"
"chr12","123655681","123655795","chr11","122118192","122118306","7","1537489"
"chr12","123800682","123800813","chr12","20669313","20669445","13","103131369"
"chr12","124000909","124000991","chr11","122478005","122478087","5","1522904"
"chr12","124332528","124332695","chrX","92980861","92981029","20","31351667"
"chr12","124401671","124401981","chr6","134070376","134070684","38","9668705"
"chr12","124526621","124526759","chr16","59256725","59256863","14","65269896"
"chr12","124749311","124749582","chr6","135320059","135320346","50","10570748"
"chr12","124750153","124750190","chr1","34365282","34365319","5","90384871"
"chr12","125865449","125865525","chr15","68448443","68448519","7","57417006"
"chr12","125957804","125958097","chr1","139329061","139329363","33","13371257"
"chr12","127948059","127948353","chr2","66052928","66053217","32","61895131"
"chr12","128693069","128693205","chr11","127053887","127054026","14","1639182"
"chr12","129391838","129392018","chr2","185728650","185728826","22","56336812"
"chr12","130423615","130423769","chr10","30508588","30508739","28","99915027"
"chr12","133255433","133255508","chr4","84839062","84839140","14","48416371"
"chr12","134030028","134030178","chr20","69584285","69584434","20","64445743"
"chr12","134094762","134095053","chr6","151368229","151368525","39","17273467"
"chr13","18637632","18637932","chr3","153215161","153215452","50","134577529"
"chr13","18647687","18647807","chr5","12241828","12241951","13","6405859"
"chr13","18915254","18915388","chr4","41285389","41285523","13","22370135"
"chr13","19062330","19062628","chr1","139329061","139329363","44","120266731"
"chr13","19170732","19171032","chr11","37906444","37906742","36","18735712"
"chr13","20721390","20721518","chr2","90774684","90774818","19","70053294"
"chr13","22337965","22338143","chr16","64745185","64745362","23","42407220"
"chr13","22639876","22640176","chr17","3122763","3123059","23","19517113"
"chr13","23990829","23990963","chr15","96738276","96738408","13","72747447"
"chr13","25493165","25493463","chr1","190751775","190752070","39","165258610"
"chr13","25631026","25631114","chr12","67994224","67994312","14","42363198"
"chr13","25680402","25680516","chr11","122118192","122118306","15","96437790"
"chr13","26330636","26330929","chr13","64112916","64113210","31","37782280"
"chr13","26645821","26645974","chr13","100916107","100916261","30","74270286"
"chr13","27653525","27653578","chr8","117760406","117760456","8","90106881"
"chr13","27895059","27895156","chrX","65489758","65489855","15","37594699"
"chr13","28997535","28997650","chr3","84738113","84738228","25","55740578"
"chr13","31986326","31986390","chr7","81146845","81146920","14","49160519"
"chr13","32066183","32066244","chr17","11389841","11389902","3","20676342"
"chr13","32769758","32770052","chr3","153215161","153215452","33","120445403"
"chr13","36256290","36256585","chr13","88648347","88648642","25","52392057"
"chr13","36572500","36572811","chr17","15711837","15712141","30","20860663"
"chr13","38265044","38265127","chr17","17312888","17312970","11","20952156"
"chr13","46220752","46221075","chr7","132959844","132960149","58","86739092"
"chr13","46924244","46924546","chr4","17694487","17694789","32","29229757"
"chr13","47852098","47852416","chr17","26442887","26443217","45","21409211"
"chr13","48546669","48546965","chr17","27140386","27140692","34","21406283"
"chr13","48569877","48570179","chr7","39155043","39155340","52","9414834"
"chr13","49179079","49179371","chr2","66052928","66053217","31","16873849"
"chr13","51700711","51701012","chr1","139329061","139329363","31","87628350"
"chr13","51776342","51776649","chr1","19726093","19726401","27","32050249"
"chr13","51797328","51797618","chr2","30908732","30909033","37","20888596"
"chr13","51825701","51825774","chr17","30365776","30365849","5","21459925"
"chr13","52191839","52192137","chr17","30623361","30623662","30","21568478"
"chr13","52516251","52516328","chrX","16590250","16590320","12","35926001"
"chr13","55634212","55634509","chr17","34131762","34132058","26","21502450"
"chr13","61900260","61900556","chr9","100500451","100500741","34","38600191"
"chr13","62575745","62575881","chr17","40987166","40987302","12","21588579"
"chr13","66019084","66019386","chr17","44581964","44582273","36","21437120"
"chr13","69333312","69333633","chr15","48399737","48400040","42","20933575"
"chr13","69928311","69928602","chr13","26719279","26719572","36","43209032"
"chr13","72807161","72807454","chr17","50600067","50600360","28","22207094"
"chr13","73339343","73339413","chr6","48916277","48916345","13","24423066"
"chr13","74310660","74310735","chr12","64541246","64541319","15","9769414"
"chr13","77363455","77363753","chr11","37906444","37906742","29","39457011"
"chr13","80149803","80150108","chr10","12029576","12029881","37","68120227"
"chr13","80622454","80622605","chr17","58073149","58073307","19","22549305"
"chr13","81515373","81515681","chr4","42862712","42863021","36","38652661"
"chr13","84876332","84876473","chr20","21392339","21392482","25","63483993"
"chr13","85076771","85077081","chr2","147338443","147338753","42","62261672"
"chr13","91597749","91598054","chr1","190751775","190752070","35","99154026"
"chr13","91658341","91658639","chr16","6637232","6637531","31","85021109"
"chr13","93838046","93838360","chr1","87655801","87656111","31","6182245"
"chr13","99365472","99365598","chr19","49795730","49795865","21","49569742"
"chr13","99451744","99451877","chr17","76567370","76567501","9","22884374"
"chr13","100308761","100309056","chrX","47360212","47360520","37","52948549"
"chr13","100317071","100317368","chr9","23997055","23997349","38","76320016"
"chr13","100972898","100972995","chr20","9000003","9000099","12","91972895"
"chr13","103162081","103162377","chr13","64112916","64113210","33","39049165"
"chr13","103686774","103686844","chr17","80679844","80679914","5","23006930"
"chr13","115077294","115077404","chr5","34451367","34451482","13","80625927"
"chr13","115091276","115091394","chr16","71888323","71888441","13","43202953"
"chr14","18531066","18531363","chr1","25220901","25221198","37","6689835"
"chr14","20081824","20082123","chr13","88648347","88648642","31","68566523"
"chr14","20193848","20194006","chr4","30041081","30041242","43","9847233"
"chr14","23216081","23216157","chr7","81091517","81091589","8","57875436"
"chr14","23217807","23217883","chr7","81091517","81091589","8","57873710"
"chr14","23245825","23246125","chr13","12041075","12041372","29","11204750"
"chr14","26084366","26084431","chr7","83923198","83923263","5","57838832"
"chr14","26258997","26259139","chr1","29574047","29574194","44","3315050"
"chr14","26924335","26924645","chr7","103254132","103254443","32","76329797"
"chr14","30246916","30246991","chr7","88021456","88021531","4","57774540"
"chr14","31072959","31073090","chr19","19186369","19186502","18","11886590"
"chr14","33609953","33610069","chr5","35255995","35256112","17","1646042"
"chr14","36590194","36590494","chr7","94080706","94081005","25","57490512"
"chr14","39437711","39437914","chr16","46055729","46055939","49","6618018"
"chr14","40442023","40442320","chr13","88648347","88648642","40","48206324"
"chr14","45576640","45576947","chr15","48399737","48400040","34","2823097"
"chr14","47692001","47692070","chr3","13052400","13052467","6","34639601"
"chr14","48006211","48006521","chr7","58137844","58138154","42","10131633"
"chr14","48679655","48679952","chr7","38307951","38308253","32","10371704"
"chr14","49742107","49742177","chr2","92723865","92723933","12","42981758"
"chr14","51630742","51631049","chr7","81117981","81118291","35","29487239"
"chr14","51712076","51712193","chr14","12617767","12617883","24","39094309"
"chr14","52526490","52526795","chr2","147338443","147338753","31","94811953"
"chr14","54079826","54079901","chrX","20469781","20469856","9","33610045"
"chr14","54286476","54286532","chr13","112844608","112844661","11","58558132"
"chr14","54388800","54388850","chr2","83122925","83122975","10","28734125"
"chr14","56430249","56430355","chr5","73869051","73869157","18","17438802"
"chr14","57220777","57221083","chr13","46766367","46766677","39","10454410"
"chr14","57429865","57429955","chr12","77205196","77205288","14","19775331"
"chr14","57785517","57785826","chr7","115168678","115168990","31","57383161"
"chr14","59676196","59676235","chr7","15733601","15733634","10","43942595"
"chr14","61700881","61701078","chr16","64745185","64745362","71","3044304"
"chr14","63432232","63432327","chr3","53765546","53765634","18","9666686"
"chr14","63460040","63460117","chr10","34572501","34572580","5","28887539"
"chr14","63658588","63658887","chr10","62608605","62608901","36","1049983"
"chr14","66822701","66822782","chr9","43242145","43242224","12","23580556"
"chr14","68720162","68720223","chr5","24997895","24997952","13","43722267"
"chr14","68780014","68780156","chr11","111309452","111309594","17","42529438"
"chr14","68996249","68996381","chr9","89247843","89247973","15","20251594"
"chr14","69566084","69566402","chr7","126480373","126480688","24","56914289"
"chr14","69984525","69984820","chrX","16249727","16250022","27","53734798"
"chr14","72272776","72272953","chr2","136131038","136131216","30","63858262"
"chr14","72424121","72424431","chr7","129250699","129251008","39","56826578"
"chr14","72600123","72600428","chr4","17694487","17694789","37","54905636"
"chr14","72680487","72680561","chr6","17220629","17220703","8","55459858"
"chr14","72685710","72685842","chr3","7878143","7878275","14","64807567"
"chr14","72765144","72765287","chr11","111309452","111309594","18","38544308"
"chr14","73975756","73975887","chr16","67426560","67426692","10","6549196"
"chr14","74468841","74468975","chr2","93529841","93529976","16","19061000"
"chr14","74849245","74849555","chr2","161543365","161543674","35","86694120"
"chr14","75859364","75859662","chr1","25220901","25221198","33","50638463"
"chr14","75980880","75981186","chr7","58137844","58138154","32","17843036"
"chr14","76163991","76164312","chr4","17694487","17694789","37","58469504"
"chr14","76256804","76256869","chr14","9545945","9546011","10","66710859"
"chr14","76679877","76680007","chr16","67426560","67426692","11","9253317"
"chr14","80882442","80882745","chr8","103635930","103636238","32","22753488"
"chr14","81895777","81895842","chr7","162139256","162139320","11","80243479"
"chr14","84734566","84734875","chr10","12029576","12029881","41","72704990"
"chr14","88101726","88102006","chr7","144717951","144718237","37","56616225"
"chr14","89017406","89017486","chr6","67618862","67618940","19","21398544"
"chr14","89958399","89958709","chr10","62709654","62709958","32","27248745"
"chr14","90732763","90732910","chr8","56634769","56634901","22","34097994"
"chr14","91591305","91591437","chr9","89247843","89247973","13","2343462"
"chr14","92700959","92701260","chr6","170681731","170682030","37","77980772"
"chr14","92711953","92712160","chr2","43368068","43368263","40","49343885"
"chr14","94295074","94295386","chr9","34710329","34710641","44","59584745"
"chr14","96043712","96043774","chr1","42344234","42344297","11","53699478"
"chr14","99041165","99041476","chr7","58137844","58138154","33","40903321"
"chr14","99978069","99978240","chr3","34791034","34791203","20","65187035"
"chr14","100488931","100489024","chr12","67994224","67994312","17","32494707"
"chr14","100499883","100500000","chr5","34451367","34451482","14","66048516"
"chr14","101648280","101648441","chr15","80576404","80576558","23","21071876"
"chr14","101731516","101731646","chr4","41285389","41285523","14","60446127"
"chr14","101757638","101757929","chr6","170681731","170682030","44","68924093"
"chr14","101837432","101837729","chr9","30888749","30889060","44","70948683"
"chr14","101872017","101872317","chr7","23059270","23059575","30","78812747"
"chr14","102149548","102149674","chr17","1243261","1243387","14","100906287"
"chr14","102437865","102437933","chr1","89932619","89932687","7","12505246"
"chr14","103382526","103382823","chr4","42862712","42863021","44","60519814"
"chr14","103390158","103390325","chr1","37538039","37538211","35","65852119"
"chr14","103496846","103497147","chr6","170681731","170682030","33","67184885"
"chr14","103513227","103513370","chr6","144022699","144022839","11","40509472"
"chr14","103946915","103947049","chr3","12682845","12682980","12","91264070"
"chr14","104676769","104677076","chr1","87655801","87656111","33","17020968"
"chr15","18689060","18689197","chr19","49795730","49795865","15","31106670"
"chr15","18691584","18691721","chr19","49795730","49795865","16","31104146"
"chr15","18693786","18693921","chr2","90774684","90774818","18","72080898"
"chr15","20981622","20981704","chr1","25825046","25825122","12","4843424"
"chr15","29617478","29617561","chr7","7412707","7412790","7","22204771"
"chr15","30325689","30325982","chr9","100500451","100500741","34","70174762"
"chr15","31024664","31024806","chr7","8789112","8789255","8","22235552"
"chr15","31228221","31228295","chr20","16930964","16931039","8","14297257"
"chr15","31677886","31677952","chr1","127457633","127457698","10","95779747"
"chr15","31839043","31839177","chrX","125090960","125091094","16","93251917"
"chr15","35419021","35419119","chr13","90926470","90926560","13","55507449"
"chr15","37564330","37564395","chr14","25579699","25579764","8","11984631"
"chr15","37694989","37695108","chr14","10482127","10482246","16","27212862"
"chr15","37779585","37779724","chr7","15441680","15441819","11","22337905"
"chr15","38038022","38038163","chr19","45570190","45570331","17","7532168"
"chr15","38105949","38106084","chr1","11623383","11623517","22","26482566"
"chr15","38536887","38537197","chr9","34710329","34710641","34","3826558"
"chr15","39405835","39406127","chr17","19690458","19690750","22","19715377"
"chr15","39470909","39471016","chr1","29784206","29784314","18","9686703"
"chr15","39862901","39862973","chr18","66282982","66283050","12","26420081"
"chr15","39954811","39954996","chr2","147136960","147137136","48","107182149"
"chr15","40948131","40948265","chr7","18348296","18348430","17","22599835"
"chr15","41342124","41342433","chr9","84595675","84595981","31","43253551"
"chr15","42074262","42074339","chr10","34572501","34572580","7","7501761"
"chr15","42364526","42364842","chr3","43870338","43870642","50","1505812"
"chr15","42508101","42508158","chr4","12591691","12591742","12","29916410"
"chr15","47693897","47694189","chr2","66052928","66053217","34","18359031"
"chr15","47896592","47896734","chr11","111309452","111309594","15","63412860"
"chr15","47911736","47912044","chr6","113014123","113014435","33","65102387"
"chr15","49162432","49162528","chr7","26153524","26153620","5","23008908"
"chr15","49461932","49462051","chr7","40155757","40155875","11","9306175"
"chr15","49788260","49788570","chr7","26760915","26761210","38","23027345"
"chr15","52721064","52721370","chr7","23059270","23059575","26","29661794"
"chr15","52743632","52743914","chr7","29669049","29669354","44","23074583"
"chr15","53165332","53165403","chrX","46369461","46369534","13","6795871"
"chr15","54566860","54567127","chr6","135320059","135320346","63","80753199"
"chr15","55922962","55923263","chr11","38103952","38104253","29","17819010"
"chr15","56715603","56715910","chr9","84595675","84595981","33","27880072"
"chr15","56759174","56759307","chr16","69831817","69831946","16","13072643"
"chr15","57289327","57289397","chr20","48751237","48751308","6","8538090"
"chr15","59304223","59304313","chr2","177134769","177134856","16","117830546"
"chr15","60498826","60498887","chr11","60758758","60758824","14","259932"
"chr15","60782572","60782685","chr14","1467620","1467732","16","59314952"
"chr15","61169783","61169913","chr6","124830587","124830716","18","63660804"
"chr15","61499616","61499914","chr7","38307951","38308253","24","23191665"
"chr15","61955772","61955883","chrX","21046347","21046443","23","40909425"
"chr15","62306558","62306848","chr4","42521478","42521774","29","19785080"
"chr15","62921588","62921898","chr9","30888749","30889060","36","32032839"
"chr15","64499928","64500000","chr10","10588260","10588333","7","53911668"
"chr15","64665365","64665648","chr4","15519318","15519600","38","49146047"
"chr15","64745308","64745609","chrX","125918870","125919173","34","61173562"
"chr15","65390330","65390624","chr3","153215161","153215452","26","87824831"
"chr15","69586417","69586493","chr16","30849148","30849226","10","38737269"
"chr15","70441058","70441238","chr20","2896764","2896922","37","67544294"
"chr15","71598292","71598363","chr17","30642522","30642592","10","40955770"
"chr15","72954970","72955261","chr13","46438322","46438603","37","26516648"
"chr15","72956839","72957132","chr13","46438322","46438603","40","26518517"
"chr15","73105170","73105304","chr4","41285389","41285523","12","31819781"
"chr15","75085552","75085871","chr9","34710329","34710641","56","40375223"
"chr15","76102804","76102940","chr1","34920135","34920271","14","41182669"
"chr15","76507627","76507728","chr4","59352772","59352858","42","17154855"
"chr15","76601971","76602079","chr1","29784206","29784314","9","46817765"
"chr15","76798744","76799056","chr3","172574490","172574787","42","95775746"
"chr15","76802219","76802439","chr8","105642260","105642481","64","28840041"
"chr15","77651829","77651893","chr1","212980980","212981044","5","135329151"
"chr15","78557581","78557880","chr7","23059270","23059575","30","55498311"
"chr15","80228216","80228347","chr3","40498038","40498170","20","39730178"
"chr15","80301015","80301179","chr20","29278842","29279004","16","51022173"
"chr15","80929310","80929606","chr13","88648347","88648642","30","7719037"
"chr15","81350627","81350807","chr2","147136960","147137136","47","65786333"
"chr15","81750727","81751016","chr7","59624160","59624452","25","22126567"
"chr15","81760839","81761133","chr13","64112916","64113210","28","17647923"
"chr15","81859686","81859844","chr7","59620754","59620909","19","22238932"
"chr15","82508740","82509034","chr13","64112916","64113210","31","18395824"
"chr15","85359905","85360012","chr3","156551227","156551335","23","71191322"
"chr15","87322533","87322681","chr1","134107441","134107592","22","46784908"
"chr15","87934387","87934450","chr12","97237759","97237822","7","9303372"
"chr15","88058929","88059230","chr4","17694487","17694789","37","70364442"
"chr15","89502282","89502574","chr7","66406633","66406938","44","23095649"
"chr15","90156921","90157221","chr9","84595675","84595981","38","5561246"
"chr15","90246117","90246182","chr7","14970821","14970884","6","75275296"
"chr15","90392999","90393310","chr7","103254132","103254443","39","12861133"
"chr15","90770831","90770947","chr16","68242562","68242689","38","22528269"
"chr15","90785804","90785839","chr11","10045603","10045644","10","80740201"
"chr15","91364984","91365191","chr18","15724505","15724709","30","75640479"
"chr15","92468258","92468593","chr1","11024412","11024740","47","81443846"
"chr15","98703179","98703399","chr7","75456338","75456558","15","23246841"
"chr16","240859","241146","chr6","124968212","124968506","37","124727353"
"chr16","455583","455704","chr20","333162","333279","14","122421"
"chr16","1988273","1988403","chr1","3533529","3533661","13","1545256"
"chr16","1990816","1991094","chr6","36696681","36696961","32","34705865"
"chr16","3769993","3770071","chr18","2351437","2351514","16","1418556"
"chr16","4109091","4109392","chr13","88648347","88648642","34","84539256"
"chr16","4291721","4291855","chr3","12682845","12682980","10","8391124"
"chr16","4464257","4464555","chr20","4248548","4248854","36","215709"
"chr16","4536525","4536834","chr9","30888749","30889060","31","26352224"
"chr16","4690890","4691021","chr16","67426560","67426692","11","62735670"
"chr16","4828099","4828175","chr16","30849148","30849226","7","26021049"
"chr16","6424560","6424774","chr20","6211074","6211288","29","213486"
"chr16","6704837","6704901","chr8","50027951","50028016","6","43323114"
"chr16","8273473","8273575","chr9","76463449","76463528","48","68189976"
"chr16","8419394","8419536","chr1","29574047","29574194","24","21154653"
"chr16","8565759","8565858","chr3","63467050","63467149","13","54901291"
"chr16","9170698","9171001","chr20","8862214","8862522","33","308484"
"chr16","9175782","9175923","chr11","111309452","111309594","18","102133670"
"chr16","9383511","9383623","chr2","46697138","46697250","14","37313627"
"chr16","10500001","10500068","chr3","13052400","13052467","4","2552399"
"chr16","10791421","10791717","chr10","62608605","62608901","29","51817184"
"chr16","12785400","12785592","chr7","24640243","24640438","33","11854843"
"chr16","13140789","13140913","chr5","12241828","12241951","12","898961"
"chr16","13357706","13357860","chr9","24662717","24662866","25","11305011"
"chr16","14490459","14490628","chr20","13610777","13610935","22","879682"
"chr16","18522777","18522850","chr7","16297229","16297301","7","2225548"
"chr16","18778026","18778337","chrX","47360212","47360520","32","28582186"
"chr16","18797039","18797166","chr6","163079010","163079137","14","144281971"
"chr16","18952689","18953003","chr5","112834622","112834933","42","93881933"
"chr16","19296943","19297030","chr20","17608079","17608166","5","1688864"
"chr16","19450617","19450684","chr7","80258546","80258614","8","60807929"
"chr16","19703448","19703562","chr4","33664109","33664217","33","13960661"
"chr16","20945197","20945316","chr7","40155757","40155875","13","19210560"
"chr16","21138225","21138519","chr4","42521478","42521774","42","21383253"
"chr16","22377783","22378087","chrX","122773833","122774130","42","100396050"
"chr16","24138400","24138519","chr19","27622708","27622831","20","3484308"
"chr16","24502165","24502242","chrX","120830748","120830824","9","96328583"
"chr16","24971986","24972057","chr19","9661352","9661420","14","15310634"
"chr16","25352366","25352586","chr4","102449099","102449342","61","77096733"
"chr16","25504929","25505134","chr2","69276188","69276384","31","43771259"
"chr16","26630661","26630961","chr2","30908732","30909033","33","4278071"
"chr16","27055402","27055489","chr4","42124310","42124404","16","15068908"
"chr16","28261120","28261290","chr20","25710381","25710517","42","2550739"
"chr16","28754075","28754141","chr7","14970821","14970884","9","13783254"
"chr16","28784907","28785068","chr1","134107441","134107592","35","105322534"
"chr16","28954350","28954555","chr11","38416380","38416590","35","9462030"
"chr16","28960486","28960616","chr4","41285389","41285523","13","12324903"
"chr16","29695106","29695414","chr4","17694487","17694789","37","12000619"
"chr16","29839646","29839941","chr1","47084318","47084608","42","17244672"
"chr16","30033186","30033256","chr15","40870659","40870728","6","10837473"
"chr16","30346121","30346409","chr6","135320059","135320346","31","104973938"
"chr16","30448652","30448828","chr7","24942645","24942820","26","5506007"
"chr16","30460376","30460677","chr4","17694487","17694789","35","12765889"
"chr16","30495349","30495465","chr7","40155757","40155875","15","9660408"
"chr16","30527788","30528086","chr6","125527090","125527386","33","94999302"
"chr16","30643359","30643658","chr7","69325231","69325532","31","38681872"
"chr16","31012515","31012654","chr7","90982468","90982606","19","59969953"
"chr16","31261016","31261148","chr3","2748297","2748430","12","28512719"
"chr16","31326279","31326415","chr13","102848295","102848430","13","71522016"
"chr16","31888932","31889125","chr11","30982200","30982399","31","906732"
"chr16","32260831","32260918","chr2","177134769","177134856","13","144873938"
"chr16","45202199","45202374","chrX","65553946","65554122","28","20351747"
"chr16","45679495","45679663","chr18","51240881","51241050","20","5561386"
"chr16","45779309","45779427","chr1","134191445","134191566","21","88412136"
"chr16","46357899","46358172","chr20","29864128","29864403","21","16493771"
"chr16","46529441","46529744","chr1","139329061","139329363","29","92799620"
"chr16","48854493","48854559","chr20","32318194","32318260","8","16536299"
"chr16","49109730","49109985","chr6","171363846","171364080","51","122254116"
"chr16","52114685","52114977","chr13","64112916","64113210","30","11998231"
"chr16","52273949","52274024","chr20","35745929","35746005","6","16528020"
"chr16","52571973","52572271","chr10","38395087","38395398","47","14176886"
"chr16","63714809","63714967","chr20","46705094","46705252","8","17009715"
"chr16","63715054","63715359","chr10","12029576","12029881","30","51685478"
"chr16","65479467","65479601","chr3","2748297","2748430","15","62731170"
"chr16","66854087","66854393","chr4","42862712","42863021","23","23991375"
"chr16","66855990","66856343","chr20","49789122","49789449","58","17066868"
"chr16","67173002","67173101","chr3","63467050","63467149","12","3705952"
"chr16","67299505","67299810","chr1","19726093","19726401","32","47573412"
"chr16","67447904","67448213","chr7","29669049","29669354","46","37778855"
"chr16","67824910","67825025","chr16","68242562","68242689","22","417652"
"chr16","68193607","68193724","chr20","66217349","66217466","15","1976258"
"chr16","68250651","68250817","chr1","37538039","37538211","26","30712612"
"chr16","68688652","68688828","chr2","147136960","147137136","23","78448308"
"chr16","68745823","68745953","chr6","131695121","131695256","13","62949298"
"chr16","69170998","69171088","chrX","141411524","141411609","17","72240526"
"chr16","69500085","69500221","chr1","34920135","34920271","16","34579950"
"chr16","69508427","69508738","chrX","47360212","47360520","30","22148215"
"chr16","69643859","69644158","chr7","132959844","132960149","32","63315985"
"chr16","70873259","70873345","chr2","177134769","177134856","9","106261510"
"chr16","70902340","70902649","chr9","115970122","115970433","34","45067782"
"chr16","73710809","73710945","chr3","178019126","178019260","16","104308317"
"chr16","74001421","74001722","chr7","23059270","23059575","35","50942151"
"chr16","74906465","74906765","chrX","47360212","47360520","36","27546253"
"chr16","75059811","75060121","chr4","42862712","42863021","28","32197099"
"chr16","75154743","75155057","chr20","57448968","57449283","43","17705775"
"chr16","75805107","75805389","chr9","95063040","95063325","31","19257933"
"chr16","77440894","77441181","chr4","147069426","147069713","36","69628532"
"chr16","77604689","77604824","chr3","12682845","12682980","12","64921844"
"chr16","80065035","80065335","chr13","22868662","22868961","47","57196373"
"chr16","80780761","80780828","chr2","92723865","92723933","7","11943104"
"chr16","80943598","80943728","chr17","76567370","76567501","13","4376228"
"chr16","81366003","81366062","chr10","81462350","81462407","16","96347"
"chr16","83480918","83481221","chr14","105799989","105800291","35","22319071"
"chr16","83552945","83553077","chr15","96738276","96738408","16","13185331"
"chr16","84134735","84134852","chr20","66217349","66217466","9","17917386"
"chr16","84333468","84333603","chr14","88259844","88259966","36","3926376"
"chr16","84333616","84333831","chr4","30978455","30978676","32","53355161"
"chr16","84546839","84547137","chr7","69325231","69325532","31","15221608"
"chr16","85141466","85141601","chr2","90774684","90774818","10","5633218"
"chr16","87471423","87471564","chr3","34018193","34018334","22","53453230"
"chr16","87803554","87803850","chr13","25891651","25891940","43","61911903"
"chr16","88345395","88345520","chr3","14665021","14665151","18","73680374"
"chr16","88780762","88780898","chr20","70779794","70779930","12","18000968"
"chr16","89224985","89225271","chr1","184502659","184502952","53","95277674"
"chr16","89282701","89282788","chr13","69007757","69007841","19","20274944"
"chr16","89484736","89484795","chr12","97237759","97237822","11","7753023"
"chr17","10092418","10092553","chr12","1722126","1722259","19","8370292"
"chr17","553734","554039","chr2","16752956","16753258","27","16199222"
"chr17","1001430","1001559","chr9","89247843","89247973","17","88246413"
"chr17","1040642","1040792","chr1","117317593","117317738","22","116276951"
"chr17","1152161","1152280","chr19","11224662","11224777","14","10072501"
"chr17","1520955","1521081","chr16","73056109","73056236","22","71535154"
"chr17","1621600","1621665","chr8","50027951","50028016","6","48406351"
"chr17","1698204","1698333","chr16","1529687","1529818","15","168517"
"chr17","2294104","2294237","chr2","90774684","90774818","11","88480580"
"chr17","2711909","2712011","chr2","186117298","186117404","12","183405389"
"chr17","2779098","2779127","chr1","214046463","214046502","16","211267365"
"chr17","2779304","2779450","chr19","35091743","35091871","40","32312439"
"chr17","2991255","2991347","chr15","88489123","88489216","14","85497868"
"chr17","3731347","3731478","chr3","12682845","12682980","14","8951498"
"chr17","3980828","3980991","chr16","3622983","3623147","14","357845"
"chr17","4122547","4122619","chr3","13052400","13052467","12","8929853"
"chr17","4381174","4381474","chr1","139329061","139329363","31","134947887"
"chr17","5019074","5019184","chr1","29784206","29784314","13","24765132"
"chr17","5258394","5258709","chr8","26471923","26472233","37","21213529"
"chr17","7430731","7430803","chr14","46208898","46208971","5","38778167"
"chr17","7500001","7500168","chrX","92980861","92981029","22","85480860"
"chr17","7507344","7507476","chr4","41346572","41346703","15","33839228"
"chr17","7514977","7515057","chr19","44479524","44479602","7","36964547"
"chr17","7759361","7759500","chr2","90774684","90774818","19","83015323"
"chr17","7897670","7897745","chr16","7525833","7525908","2","371837"
"chr17","8562777","8562913","chr1","18650863","18650999","10","10088086"
"chr17","8609556","8609625","chr3","13052400","13052467","6","4442844"
"chr17","8613547","8613663","chr16","71888323","71888441","19","63274776"
"chr17","8882735","8883035","chr4","17694487","17694789","46","8811752"
"chr17","9273461","9273766","chr14","105799989","105800291","33","96526528"
"chr17","9928212","9928297","chr17","73014567","73014652","19","63086355"
"chr17","9953707","9954006","chr6","169833567","169833860","38","159879860"
"chr17","11137348","11137646","chr13","45921217","45921511","34","34783869"
"chr17","11762115","11762423","chr4","17694487","17694789","31","5932372"
"chr17","11864640","11864759","chr16","55358278","55358395","22","43493638"
"chr17","12188338","12188384","chr8","53196231","53196271","12","41007893"
"chr17","12212995","12213060","chr1","128991488","128991551","10","116778493"
"chr17","12291479","12291780","chr2","16752956","16753258","27","4461477"
"chr17","12592024","12592152","chr4","41285389","41285523","14","28693365"
"chr17","13248889","13249022","chr16","50769375","50769507","12","37520486"
"chr17","13475336","13475624","chrX","112463814","112464112","42","98988478"
"chr17","13764843","13764945","chr10","59036860","59036962","18","45272017"
"chr17","14073336","14073438","chr19","40703519","40703620","16","26630183"
"chr17","14416681","14416974","chr14","99513586","99513875","27","85096905"
"chr17","15185828","15185927","chr3","63467050","63467149","10","48281222"
"chr17","15195716","15195882","chr7","24942645","24942820","24","9746929"
"chr17","15479134","15479267","chr16","48586998","48587132","5","33107864"
"chr17","15847345","15847401","chr11","14916689","14916750","13","930656"
"chr17","15847594","15847646","chr6","150536188","150536234","13","134688594"
"chr17","17206447","17206545","chr16","46863827","46863920","9","29657380"
"chr17","17427128","17427174","chr3","51948822","51948873","13","34521694"
"chr17","17934791","17935087","chr11","37906444","37906742","30","19971653"
"chr17","17958501","17958574","chr16","46097171","46097245","4","28138670"
"chr17","18401483","18401576","chr4","163042881","163042974","15","144641398"
"chr17","18809235","18809309","chr16","45195605","45195679","3","26386370"
"chr17","18934968","18935064","chr2","50057202","50057297","21","31122234"
"chr17","19125273","19125407","chr12","1722126","1722259","18","17403147"
"chr17","19566404","19566570","chr1","124810213","124810379","20","105243809"
"chr17","19744059","19744170","chr2","77655556","77655665","10","57911497"
"chr17","21346499","21346571","chr20","48751237","48751308","7","27404738"
"chr17","21720797","21720898","chr3","160831347","160831448","19","139110550"
"chr17","23601703","23601874","chr16","26531709","26531878","13","2930006"
"chr17","24789320","24789384","chr1","128991488","128991551","6","104202168"
"chr17","25022854","25022941","chr13","90926470","90926560","12","65903616"
"chr17","25061673","25061977","chrX","103602998","103603302","32","78541325"
"chr17","25395513","25395623","chr1","29784206","29784314","17","4388693"
"chr17","25969258","25969344","chr2","177134769","177134856","6","151165511"
"chr17","26266278","26266410","chr15","96738276","96738408","16","70471998"
"chr17","26295770","26295901","chr16","25053743","25053875","8","1242027"
"chr17","26330056","26330361","chr2","16752956","16753258","35","9577100"
"chr17","26475759","26475874","chr5","34451367","34451482","17","7975608"
"chr17","26532388","26532522","chr1","190766827","190766962","17","164234439"
"chr17","26841481","26841657","chr2","136131038","136131216","24","109289557"
"chr17","27240816","27241129","chr4","42862712","42863021","34","15621896"
"chr17","27271199","27271334","chr3","12682845","12682980","17","14588354"
"chr17","27638095","27638228","chr3","12682845","12682980","11","14955250"
"chr17","28001239","28001541","chr16","22457721","22458027","34","5543518"
"chr17","28389685","28389834","chr12","21028467","21028617","22","7361218"
"chr17","29178298","29178605","chr7","29669049","29669354","32","490751"
"chr17","34650267","34650373","chr11","10045491","10045597","19","24604776"
"chr17","34776968","34777266","chr2","16752956","16753258","34","18024012"
"chr17","34949561","34949853","chr2","66052928","66053217","34","31103367"
"chr17","36939837","36939960","chr1","134191445","134191566","23","97251608"
"chr17","37603091","37603399","chrX","47360212","47360520","33","9757121"
"chr17","37614745","37615057","chr16","17923643","17923948","32","19691102"
"chr17","37707594","37707837","chr18","8780031","8780283","72","28927563"
"chr17","37867444","37867735","chr13","21174707","21174999","33","16692737"
"chr17","38210027","38210165","chr4","111552408","111552543","16","73342381"
"chr17","38347169","38347268","chr7","26153524","26153620","15","12193645"
"chr17","42504790","42504868","chr16","13182286","13182364","5","29322504"
"chr17","43168524","43168816","chr8","61261927","61262222","25","18093403"
"chr17","44725203","44725277","chr7","88021456","88021531","9","43296253"
"chr17","45927354","45927473","chr11","119522787","119522906","9","73595433"
"chr17","45927765","45927867","chr2","13752270","13752370","17","32175495"
"chr17","45962182","45962454","chr16","9784161","9784415","36","36178021"
"chr17","45974224","45974357","chr20","51133799","51133931","12","5159575"
"chr17","45998902","45999199","chr4","42521478","42521774","27","3477424"
"chr17","46521030","46521155","chr16","9252141","9252270","20","37268889"
"chr17","46627993","46628287","chr20","32060979","32061275","32","14567014"
"chr17","47307316","47307393","chr6","67618862","67618940","11","20311546"
"chr17","47379857","47379947","chr13","90926470","90926560","11","43546613"
"chr17","47844688","47844820","chr16","67426560","67426692","10","19581872"
"chr17","50758970","50759099","chr13","43455508","43455643","19","7303462"
"chr17","51443582","51443873","chr16","18185853","18186155","67","33257729"
"chr17","51484677","51484979","chr11","109827659","109827959","40","58342982"
"chr17","53994766","53994886","chr3","21575079","21575195","14","32419687"
"chr17","55805130","55805303","chr2","185728650","185728826","19","129923520"
"chr17","57653991","57654287","chrX","112463814","112464112","29","54809823"
"chr17","57702785","57703020","chr3","108841534","108841771","36","51138749"
"chr17","58178629","58178926","chr14","112725749","112726047","32","54547120"
"chr17","58513772","58514054","chr16","40722608","40722894","21","17791164"
"chr17","58627929","58628150","chr4","28316611","28316829","31","30311318"
"chr17","59426195","59426495","chr2","66052928","66053217","36","6626733"
"chr17","59592479","59592589","chr2","77655556","77655665","15","18063077"
"chr17","60850170","60850483","chr16","41075241","41075549","31","19774929"
"chr17","60955416","60955552","chr12","58783317","58783451","18","2172099"
"chr17","63324099","63324372","chr2","16752956","16753258","58","46571143"
"chr17","64626340","64626629","chr3","153215161","153215452","40","88588821"
"chr17","64760834","64761141","chr2","147338443","147338753","33","82577609"
"chr17","64880294","64880444","chr7","64413150","64413299","21","467144"
"chr17","64914937","64915009","chr7","16297229","16297301","16","48617708"
"chr17","66056516","66056831","chr4","42862712","42863021","38","23193804"
"chr17","66258346","66258451","chr16","59155142","59155247","7","7103204"
"chr17","66286660","66286947","chr3","166927726","166928014","43","100641066"
"chr17","66661604","66661914","chr8","75821983","75822292","32","9160379"
"chr17","66898082","66898176","chr12","77205196","77205288","14","10307114"
"chr17","71332083","71332370","chr11","37906444","37906742","45","33425639"
"chr17","72012023","72012280","chr5","163555305","163555563","46","91543282"
"chr17","72076468","72076699","chr2","85854060","85854281","41","13777592"
"chr17","73662884","73663041","chr16","66123082","66123237","13","7539802"
"chr17","74040823","74041135","chr16","40372830","40373141","38","33667993"
"chr17","75012405","75012454","chr3","34579239","34579286","10","40433166"
"chr17","75025238","75025339","chr3","83888383","83888483","23","8863145"
"chr17","75562071","75562145","chr10","36227586","36227661","17","39334485"
"chr17","77102425","77102557","chr3","12682845","12682980","15","64419580"
"chr17","77489391","77489655","chr10","71573441","71573703","47","5915950"
"chr17","77763608","77763900","chr16","70133557","70133852","40","7630051"
"chr17","78913061","78913167","chr10","16725245","16725350","13","62187816"
"chr17","79172074","79172369","chr8","133818578","133818876","37","54646504"
"chr18","2383584","2383717","chr15","39862617","39862746","15","37479033"
"chr18","3606888","3606953","chrX","44340578","44340645","14","40733690"
"chr18","4376407","4376525","chr3","43656526","43656642","20","39280119"
"chr18","4594778","4595076","chrX","122773833","122774130","26","118179055"
"chr18","6949147","6949436","chr9","100500451","100500741","33","93551304"
"chr18","7058310","7058614","chr18","4004729","4005031","33","3053581"
"chr18","7513925","7514228","chr7","23059270","23059575","27","15545345"
"chr18","7868689","7868982","chr2","66052928","66053217","36","58184239"
"chr18","8955771","8956083","chr4","17694487","17694789","42","8738716"
"chr18","9021662","9021974","chrX","47360212","47360520","28","38338550"
"chr18","9613919","9614210","chr18","6415467","6415767","35","3198452"
"chr18","12916985","12917178","chr2","112692333","112692528","42","99775348"
"chr18","13080573","13080799","chr2","85968701","85968914","31","72888128"
"chr18","13313725","13314027","chr18","9938229","9938530","35","3375496"
"chr18","14033109","14033289","chr2","147659890","147660066","33","133626781"
"chr18","15842446","15842741","chr7","53632812","53633110","32","37790366"
"chr18","16033589","16033721","chr3","40498038","40498170","22","24464449"
"chr18","16668103","16668397","chr6","170681731","170682030","35","154013628"
"chr18","16726443","16726531","chr18","13155074","13155162","7","3571369"
"chr18","18527046","18527190","chr17","24965928","24966071","22","6438882"
"chr18","19132949","19133081","chr15","39862617","39862746","12","20729668"
"chr18","19307620","19307752","chr18","15690544","15690678","12","3617076"
"chr18","19342250","19342458","chr18","15724505","15724709","26","3617745"
"chr18","21481462","21481632","chr3","34791034","34791203","21","13309572"
"chr18","26998450","26998747","chr16","6637232","6637531","30","20361218"
"chr18","27761828","27761936","chr20","66595938","66596042","41","38834110"
"chr18","27793163","27793223","chr4","129744778","129744827","15","101951615"
"chr18","30929120","30929413","chr14","99513586","99513875","33","68584466"
"chr18","31416357","31416658","chr8","20109811","20110108","35","11306546"
"chr18","34949658","34949803","chr11","44633998","44634144","25","9684340"
"chr18","37311552","37311626","chr9","5948328","5948402","9","31363224"
"chr18","39490739","39491045","chr10","12029576","12029881","26","27461163"
"chr18","39581210","39581520","chr9","34710329","34710641","32","4870881"
"chr18","41304261","41304380","chr5","12241828","12241951","19","29062433"
"chr18","42089968","42090109","chr18","13079738","13079878","12","29010230"
"chr18","42872530","42872602","chr18","38966687","38966759","6","3905843"
"chr18","46817313","46817383","chr8","134769423","134769492","11","87952110"
"chr18","46902570","46902882","chrX","47360212","47360520","41","457642"
"chr18","47262191","47262347","chr15","76228426","76228585","23","28966235"
"chr18","48635637","48635916","chr18","44789799","44790062","42","3845838"
"chr18","49711320","49711617","chr13","22868662","22868961","51","26842658"
"chr18","50373673","50373710","chr1","184753899","184753934","4","134380226"
"chr18","51575357","51575670","chr7","81117981","81118291","48","29542624"
"chr18","55256945","55257198","chr13","77217021","77217271","38","21960076"
"chr18","58189012","58189070","chr2","171724050","171724106","24","113535038"
"chr18","58831721","58831836","chr5","34451367","34451482","13","24380354"
"chr18","59281646","59281950","chr13","88648347","88648642","28","29366701"
"chr18","59904408","59904725","chr9","84595675","84595981","42","24691267"
"chr18","59932360","59932669","chr3","43870338","43870642","32","16062022"
"chr18","70094530","70094665","chr1","204161368","204161503","17","134066838"
"chr18","72646907","72647208","chr6","65490762","65491063","33","7156145"
"chr18","72865167","72865473","chrX","47360212","47360520","38","25504955"
"chr18","72964670","72964811","chr1","11623383","11623517","26","61341287"
"chr18","73138327","73138410","chr7","91192950","91193034","18","18054623"
"chr18","73140718","73140824","chr3","156551227","156551335","18","83410509"
"chr18","75276839","75276960","chr5","12241828","12241951","20","63035011"
"chr19","223819","224115","chr16","6637232","6637531","39","6413413"
"chr19","271720","272012","chr2","66052928","66053217","32","65781208"
"chr19","413935","414058","chrX","68394815","68394936","12","67980880"
"chr19","1628023","1628146","chr7","159668532","159668652","25","158040509"
"chr19","1853560","1853642","chr15","7163122","7163205","12","5309562"
"chr19","2467865","2467932","chr19","2238524","2238591","5","229341"
"chr19","2800298","2800401","chr5","176959981","176960083","10","174159683"
"chr19","3200602","3200682","chr19","2982481","2982561","2","218121"
"chr19","3584084","3584158","chr7","15827504","15827577","5","12243420"
"chr19","3884566","3884679","chr1","29784206","29784314","21","25899640"
"chr19","4091689","4091804","chr1","16448668","16448778","21","12356979"
"chr19","4243770","4243842","chrX","50045974","50046044","5","45802204"
"chr19","4359980","4360289","chr4","34792296","34792606","38","30432316"
"chr19","4500001","4500071","chr3","172591423","172591494","7","168091422"
"chr19","4997529","4997602","chr7","15827504","15827577","7","10829975"
"chr19","5228999","5229133","chr2","90774684","90774818","18","85545685"
"chr19","5377530","5377636","chr19","5118197","5118303","8","259333"
"chr19","5506983","5507102","chr11","119522787","119522906","18","114015804"
"chr19","6370940","6371249","chrX","47360212","47360520","32","40989272"
"chr19","6436694","6436827","chr1","204161368","204161503","16","197724674"
"chr19","6966626","6966775","chr6","15157988","15158141","27","8191362"
"chr19","6967397","6967496","chr8","138976445","138976547","20","132009048"
"chr19","6970028","6970152","chr16","18584454","18584574","21","11614426"
"chr19","7204621","7204703","chr11","111135935","111136030","17","103931314"
"chr19","7578671","7578970","chr20","17129527","17129829","34","9550856"
"chr19","7679890","7680198","chr1","139329061","139329363","31","131649171"
"chr19","7957714","7958012","chr1","139329061","139329363","26","131371347"
"chr19","8169504","8169607","chr5","176959981","176960083","12","168790477"
"chr19","8361326","8361627","chr2","16752956","16753258","31","8391630"
"chr19","8759798","8760099","chr8","137865862","137866161","32","129106064"
"chr19","9295204","9295405","chr11","30982200","30982399","37","21686996"
"chr19","9633703","9633838","chr4","41285389","41285523","15","31651686"
"chr19","9939621","9939684","chr19","8671065","8671125","6","1268556"
"chr19","10255898","10256028","chr1","4959233","4959364","18","5296665"
"chr19","10827588","10827694","chr11","10045491","10045597","22","782097"
"chr19","10912298","10912366","chr19","9661352","9661420","5","1250946"
"chr19","10938413","10938722","chr13","26752958","26753267","30","15814545"
"chr19","11323448","11323748","chr6","153634775","153635073","28","142311327"
"chr19","11492168","11492341","chr3","173847918","173848093","26","162355750"
"chr19","11556269","11556438","chr19","10283838","10284004","40","1272431"
"chr19","11925507","11925662","chr13","25177291","25177457","35","13251784"
"chr19","12165753","12165902","chr19","10851943","10852090","16","1313810"
"chr19","12207224","12207371","chr1","117317593","117317738","21","105110369"
"chr19","12483784","12483861","chr6","111830054","111830132","8","99346270"
"chr19","12563821","12564126","chr1","19726093","19726401","30","7162272"
"chr19","12885936","12886010","chr5","141010201","141010264","22","128124265"
"chr19","13089217","13089515","chr3","78660329","78660630","32","65571112"
"chr19","13993814","13993906","chr11","111135935","111136030","29","97142121"
"chr19","14076455","14076545","chr19","42928276","42928367","13","28851821"
"chr19","14628901","14628973","chr1","25825046","25825122","20","11196145"
"chr19","14675967","14676286","chr13","102674757","102675065","49","87998790"
"chr19","14764562","14764718","chr19","13257175","13257331","15","1507387"
"chr19","16604892","16604971","chr19","14970936","14971015","3","1633956"
"chr19","16609453","16609676","chr4","30978455","30978676","66","14369002"
"chr19","16781924","16782238","chr1","19726093","19726401","30","2944169"
"chr19","16821530","16821671","chr11","111309452","111309594","15","94487922"
"chr19","17532640","17532775","chr4","41285389","41285523","12","23752749"
"chr19","17545522","17545630","chr5","34451367","34451482","19","16905845"
"chr19","17812740","17813056","chr7","109983456","109983766","34","92170716"
"chr19","17891938","17891984","chr3","34579239","34579286","12","16687301"
"chr19","18022572","18022715","chr16","40362327","40362468","18","22339755"
"chr19","18026641","18026945","chr18","12688927","12689224","54","5337714"
"chr19","18422064","18422168","chr4","46145266","46145363","20","27723202"
"chr19","18506257","18506326","chr7","15827504","15827577","11","2678753"
"chr19","18874430","18874562","chr19","17122586","17122718","11","1751844"
"chr19","19172256","19172360","chr1","29784206","29784314","13","10611950"
"chr19","19183381","19183447","chrX","44340578","44340645","12","25157197"
"chr19","19392033","19392104","chr2","171724050","171724106","20","152332017"
"chr19","19638242","19638547","chr17","15711837","15712141","37","3926405"
"chr19","19890914","19891130","chr7","24640243","24640438","51","4749329"
"chr19","20099850","20099951","chr4","121000001","121000105","19","100900151"
"chr19","20112649","20112728","chr19","18360695","18360774","7","1751954"
"chr19","20169173","20169467","chrX","16249727","16250022","32","3919446"
"chr19","20281709","20281914","chr15","53094052","53094258","49","32812343"
"chr19","20388076","20388167","chrX","21046347","21046443","17","658271"
"chr19","21502230","21502537","chr7","23059270","23059575","38","1557040"
"chr19","21564090","21564399","chr4","34792296","34792606","31","13228206"
"chr19","21755094","21755379","chr4","15519318","15519600","35","6235776"
"chr19","21818064","21818375","chrX","47360212","47360520","51","25542148"
"chr19","22156164","22156465","chr19","27321251","27321544","34","5165087"
"chr19","22188097","22188396","chr15","68381117","68381435","53","46193020"
"chr19","23209923","23210037","chr3","43656526","43656642","20","20446603"
"chr19","23292266","23292406","chr2","90774684","90774818","28","67482418"
"chr19","23562099","23562169","chr6","134568063","134568133","7","111005964"
"chr19","23689395","23689458","chr7","101173876","101173942","11","77484481"
"chr19","23734656","23734984","chr13","88648347","88648642","61","64913691"
"chr19","34826078","34826187","chr19","24326196","24326302","6","10499882"
"chr19","37852767","37853072","chr13","46766367","46766677","32","8913600"
"chr19","38068697","38068994","chr19","27519696","27519995","28","10549001"
"chr19","38168683","38168820","chr3","12682845","12682980","15","25485838"
"chr19","38170971","38171106","chr1","204161368","204161503","18","165990397"
"chr19","38956768","38957006","chr19","28396204","28396424","31","10560564"
"chr19","39330120","39330208","chr2","177134769","177134856","15","137804649"
"chr19","40291473","40291605","chr16","67426560","67426692","11","27135087"
"chr19","40291606","40291622","chr11","120435550","120435574","18","80143944"
"chr19","40292080","40292229","chr2","41868293","41868445","24","1576213"
"chr19","40462170","40462303","chr3","40498038","40498170","20","35868"
"chr19","40808457","40808542","chr1","28472879","28472960","20","12335578"
"chr19","40808587","40808838","chr12","36069916","36070184","43","4738671"
"chr19","40835792","40836098","chr15","48399737","48400040","31","7563945"
"chr19","41163727","41163858","chr16","67426560","67426692","17","26262833"
"chr19","41425745","41426049","chr4","17694487","17694789","33","23731258"
"chr19","41571485","41571701","chr7","120211772","120211992","45","78640287"
"chr19","42771632","42771709","chr19","31892489","31892566","5","10879143"
"chr19","42777106","42777412","chr7","132959844","132960149","45","90182738"
"chr19","43521930","43521994","chr19","32578549","32578613","4","10943381"
"chr19","43991910","43992220","chr9","115970122","115970433","34","71978212"
"chr19","44629490","44629604","chr3","52547329","52547442","30","7917839"
"chr19","44629775","44629814","chr4","103583293","103583336","12","58953518"
"chr19","44735389","44735686","chr10","62608605","62608901","26","17873216"
"chr19","44738868","44738972","chr1","121888872","121888981","17","77150004"
"chr19","45774843","45775146","chr10","62709654","62709958","34","16934811"
"chr19","45820868","45821000","chr19","34913945","34914075","11","10906923"
"chr19","45859272","45859564","chr19","27321251","27321544","42","18538021"
"chr19","46434952","46435252","chr6","170681731","170682030","31","124246779"
"chr19","46451334","46451632","chrX","16249727","16250022","23","30201607"
"chr19","47101256","47101405","chr9","24662717","24662866","17","22438539"
"chr19","47103926","47104137","chr19","36222185","36222402","25","10881741"
"chr19","47268104","47268415","chr10","12029576","12029881","31","35238528"
"chr19","47917450","47917750","chr2","66052928","66053217","35","18135478"
"chr19","48076428","48076728","chr2","66052928","66053217","35","17976500"
"chr19","48144492","48144796","chr15","48399737","48400040","36","255245"
"chr19","48656083","48656208","chr19","23779325","23779457","26","24876758"
"chr19","48761896","48761961","chr3","13052400","13052467","9","35709496"
"chr19","49951227","49951405","chr4","98486402","98486590","48","48535175"
"chr19","49952240","49952298","chr1","29102751","29102811","12","20849489"
"chr19","50012059","50012180","chr10","61990328","61990449","18","11978269"
"chr19","50974419","50974542","chr5","12241828","12241951","11","38732591"
"chr19","51422575","51422625","chr14","6753870","6753919","7","44668705"
"chr19","51704098","51704196","chr10","71002616","71002711","11","19298518"
"chr19","52174485","52174617","chr3","2748297","2748430","12","49426188"
"chr19","52214755","52215061","chr4","34792296","34792606","31","17422459"
"chr19","52331310","52331406","chr19","40703519","40703620","13","11627791"
"chr19","52586402","52586477","chr15","100669462","100669538","7","48083060"
"chr19","52768080","52768365","chr2","66052928","66053217","31","13284848"
"chr19","52913922","52914023","chr5","176959981","176960083","12","124046059"
"chr19","53113714","53114025","chr4","42862712","42863021","36","10251002"
"chr19","53554841","53555148","chr7","29669049","29669354","30","23885792"
"chr19","53624941","53625041","chr7","9607925","9608023","13","44017016"
"chr19","53768675","53768782","chr2","77655556","77655665","13","23886881"
"chr19","53889557","53889866","chrX","47360212","47360520","32","6529345"
"chr19","54188279","54188361","chr2","177134769","177134856","11","122946490"
"chr19","54363731","54364031","chr8","36878581","36878882","36","17485150"
"chr19","54610065","54610376","chrX","47360212","47360520","33","7249853"
"chr19","54684689","54684818","chr1","18669865","18669997","18","36014824"
"chr19","54698109","54698197","chr2","177134769","177134856","11","122436660"
"chr19","56002591","56002723","chr6","131760031","131760163","16","75757440"
"chr19","56288794","56288868","chr6","17220629","17220703","7","39068165"
"chr19","56968994","56969285","chr14","99513586","99513875","33","42544592"
"chr19","57548595","57548732","chrX","4613327","4613462","19","52935268"
"chr19","57548980","57549280","chr6","153634775","153635073","36","96085795"
"chr19","57600341","57600438","chr9","93873624","93873722","14","36273283"
"chr19","57693103","57693223","chr16","55358278","55358395","13","2334825"
"chr19","57827638","57827924","chrX","112463814","112464112","52","54636176"
"chr19","58097453","58097575","chr3","156551227","156551335","28","98453774"
"chr19","58106140","58106432","chr3","153215161","153215452","30","95109021"
"chr19","58515043","58515185","chr11","111309452","111309594","23","52794409"
"chr19","58577368","58577440","chr19","46653328","46653399","6","11924040"
"chr19","58954613","58954796","chr1","129769254","129769425","36","70814641"
"chr19","59044377","59044443","chrX","4353080","4353146","18","54691297"
"chr19","59625579","59625709","chr4","30317918","30318049","16","29307661"
"chr19","60244240","60244551","chr1","19726093","19726401","35","40518147"
"chr19","60569228","60569304","chr10","34572501","34572580","10","25996727"
"chr19","60669852","60670140","chr6","38799739","38800030","32","21870113"
"chr19","60962519","60962595","chr10","10588260","10588333","8","50374259"
"chr19","61760652","61760747","chrX","21046347","21046443","7","40714305"
"chr19","62216683","62216753","chr6","164474989","164475059","8","102258306"
"chr19","62427478","62427790","chr4","34792296","34792606","35","27635182"
"chr19","62789788","62789985","chr2","160632834","160633029","33","97843046"
"chr19","63020529","63020664","chr16","64744124","64744261","13","1723595"
"chr19","63203260","63203509","chr19","50841036","50841276","27","12362224"
"chr19","63587586","63587621","chr7","15733601","15733634","14","47853985"
"chr20","197693","197986","chr8","63129820","63130112","34","62932127"
"chr20","697715","697977","chr3","168261156","168261430","64","167563441"
"chr20","1287320","1287398","chr6","67618862","67618940","6","66331542"
"chr20","1753350","1753669","chr7","23059270","23059575","36","21305920"
"chr20","2622394","2622583","chr5","5264728","5264914","26","2642334"
"chr20","2625342","2625419","chr6","57258031","57258107","7","54632689"
"chr20","3116539","3116843","chr14","105799989","105800291","29","102683450"
"chr20","3303073","3303159","chr2","177134769","177134856","13","173831696"
"chr20","3953467","3953676","chr2","69276188","69276384","39","65322721"
"chr20","5337114","5337180","chr5","4391125","4391191","16","945989"
"chr20","5486585","5486890","chr17","15711837","15712141","29","10225252"
"chr20","5771619","5771750","chr10","38683179","38683311","9","32911560"
"chr20","6357947","6358253","chr11","103559891","103560198","32","97201944"
"chr20","11490086","11490338","chr11","32517809","32518065","27","21027723"
"chr20","12077055","12077117","chr12","44999528","44999582","15","32922473"
"chr20","12816448","12816501","chr4","5420877","5420933","16","7395571"
"chr20","12816508","12816575","chrX","58388081","58388145","16","45571573"
"chr20","13463872","13464180","chr1","87655801","87656111","37","74191929"
"chr20","13677454","13677527","chr5","73106294","73106363","29","59428840"
"chr20","13677527","13677559","chr9","94582030","94582066","16","80904503"
"chr20","18004098","18004210","chr1","16448668","16448778","18","1555430"
"chr20","18184843","18184907","chr1","212980980","212981044","7","194796137"
"chr20","18335493","18335626","chr12","514389","514519","19","17821104"
"chr20","20418694","20418826","chr3","9918048","9918186","23","10500646"
"chr20","25497083","25497300","chr2","85968701","85968914","83","60471618"
"chr20","29120887","29120941","chr2","18221915","18221970","15","10898972"
"chr20","29121103","29121176","chr6","17220629","17220703","9","11900474"
"chr20","29527097","29527232","chr1","190766827","190766962","12","161239730"
"chr20","29904516","29904600","chr15","7163122","7163205","8","22741394"
"chr20","31245640","31245937","chr4","42521478","42521774","30","11275838"
"chr20","31603670","31603793","chr5","12241828","12241951","13","19361842"
"chr20","31752251","31752388","chr6","144022699","144022839","38","112270448"
"chr20","32031244","32031318","chr7","15827504","15827577","11","16203740"
"chr20","32233419","32233553","chr4","41285389","41285523","14","9051970"
"chr20","32472690","32473000","chr11","103559891","103560198","33","71087201"
"chr20","32519288","32519488","chr7","24640243","24640438","34","7879045"
"chr20","32520215","32520305","chr11","17097006","17097092","21","15423209"
"chr20","33319253","33319358","chr2","77655556","77655665","14","44336303"
"chr20","33374245","33374388","chr18","13079738","13079878","17","20294507"
"chr20","33666795","33666887","chr16","10240988","10241080","14","23425807"
"chr20","33667074","33667275","chr11","30982200","30982399","41","2684874"
"chr20","33668593","33668899","chr5","47195290","47195594","39","13526697"
"chr20","33985049","33985352","chr11","8130813","8131116","29","25854236"
"chr20","36189872","36190180","chr7","38272651","38272960","28","2082779"
"chr20","39780521","39780651","chr4","30317918","30318049","13","9462603"
"chr20","40318871","40319043","chr10","15364964","15365127","38","24953907"
"chr20","41474775","41475036","chr14","52037484","52037767","52","10562709"
"chr20","42376782","42377007","chr8","19677161","19677403","44","22699621"
"chr20","42753477","42753618","chr3","34018193","34018334","12","8735284"
"chr20","44061542","44061596","chr8","117760406","117760456","9","73698864"
"chr20","44482226","44482341","chr16","55358278","55358395","14","10876052"
"chr20","45729258","45729333","chr15","100669462","100669538","9","54940204"
"chr20","45863546","45863709","chr10","15364964","15365127","10","30498582"
"chr20","46173011","46173076","chr14","25579699","25579764","6","20593312"
"chr20","47043950","47044078","chr17","48256639","48256766","13","1212689"
"chr20","47175397","47175701","chrX","46160028","46160332","32","1015369"
"chr20","47851246","47851540","chr17","80186349","80186642","30","32335103"
"chr20","47965111","47965419","chr11","37906444","37906742","40","10058667"
"chr20","48430925","48430982","chr4","5420877","5420933","8","43010048"
"chr20","48933331","48933647","chr10","12029576","12029881","42","36903755"
"chr20","48946841","48946991","chr2","147130685","147130835","19","98183844"
"chr20","49069746","49069839","chr1","54275467","54275557","21","5205721"
"chr20","49278883","49279185","chr11","116311035","116311339","28","67032152"
"chr20","51056491","51056683","chr11","30982200","30982399","40","20074291"
"chr20","51056684","51056880","chr2","160632834","160633029","25","109576150"
"chr20","51607465","51607769","chr4","17694487","17694789","35","33912978"
"chr20","51615170","51615375","chr7","39518852","39519053","33","12096318"
"chr20","51615799","51615957","chr13","100916107","100916261","31","49300308"
"chr20","55655989","55656132","chr11","111309452","111309594","23","55653463"
"chr20","58603320","58603458","chr16","59256725","59256863","10","653405"
"chr20","59200008","59200150","chr8","56634769","56634901","20","2565239"
"chr20","60574434","60574512","chr14","62112737","62112815","12","1538303"
"chr20","61113954","61114256","chr1","30932515","30932822","32","30181439"
"chr21","472220","472353","chr15","7827691","7827825","15","7355471"
"chr21","11036617","11036924","chr7","23059270","23059575","39","12022653"
"chr21","11255226","11255349","chr3","21575079","21575195","20","10319853"
"chr21","11765251","11765544","chr1","190751775","190752070","28","178986524"
"chr21","12174800","12175101","chr6","170681731","170682030","28","158506931"
"chr21","15965808","15965939","chr19","19186369","19186502","20","3220561"
"chr21","17593322","17593379","chr12","44999528","44999582","8","27406206"
"chr21","17820554","17820857","chr1","139329061","139329363","32","121508507"
"chr21","18131363","18131668","chr3","14462394","14462694","35","3668969"
"chr21","18661694","18662000","chr7","23059270","23059575","25","4397576"
"chr21","19947834","19947969","chr3","12682845","12682980","9","7264989"
"chr21","22432195","22432327","chr2","90774684","90774818","18","68342489"
"chr21","22442653","22442959","chr9","34710329","34710641","30","12267676"
"chr21","24776239","24776369","chr3","7878143","7878275","14","16898096"
"chr21","28825613","28825905","chr9","100500451","100500741","36","71674838"
"chr21","29724144","29724277","chr3","178019126","178019260","12","148294982"
"chr21","30107738","30108042","chr6","151368229","151368525","33","121260491"
"chr21","32304450","32304581","chr1","18233806","18233939","14","14070644"
"chr21","32365245","32365544","chr2","30908732","30909033","36","1456513"
"chr22","14705602","14705854","chr16","9784161","9784415","31","4921441"
"chr22","16060227","16060338","chr10","59115445","59115556","9","43055218"
"chr22","16151361","16151481","chr10","59182201","59182329","15","43030840"
"chr22","16200538","16200845","chr5","146860929","146861235","33","130660391"
"chr22","16206399","16206697","chr10","59239422","59239720","33","43033023"
"chr22","16440011","16440349","chr19","36384570","36384902","55","19944559"
"chr22","16471121","16471248","chr19","10675692","10675817","18","5795429"
"chr22","17742782","17742855","chr10","60577583","60577654","8","42834801"
"chr22","18077458","18077755","chrX","122773833","122774130","26","104696375"
"chr22","19877795","19877958","chr7","161982117","161982277","22","142104322"
"chr22","19943586","19943717","chr6","65481042","65481172","16","45537456"
"chr22","20163720","20163808","chr3","39199972","39200046","31","19036252"
"chr22","20226076","20226374","chr10","62608605","62608901","25","42382529"
"chr22","20316597","20316711","chr6","13963446","13963565","21","6353151"
"chr22","20316731","20317030","chr10","62608605","62608901","45","42291874"
"chr22","20432651","20432964","chrX","52808569","52808881","34","32375918"
"chr22","21384333","21384609","chr7","158242645","158242921","46","136858312"
"chr22","21745216","21745320","chr16","66849729","66849833","16","45104513"
"chr22","21997478","21997586","chr1","121888872","121888981","18","99891394"
"chr22","22812943","22813236","chr14","105799989","105800291","36","82987046"
"chr22","27414506","27414809","chr1","139329061","139329363","32","111914555"
"chr22","27719470","27719796","chr1","11024412","11024740","38","16695058"
"chr22","28096494","28096654","chr10","72747639","72747806","26","44651145"
"chr22","28271300","28271432","chr4","41285389","41285523","25","13014089"
"chr22","28610314","28610616","chr10","12029576","12029881","38","16580738"
"chr22","29213366","29213661","chr13","64112916","64113210","24","34899550"
"chr22","29668909","29669172","chr10","71573441","71573703","28","41904532"
"chr22","30229408","30229520","chr1","29784206","29784314","12","445202"
"chr22","30491564","30491850","chr1","155394585","155394870","34","124903021"
"chr22","30840922","30841075","chr10","72747639","72747806","36","41906717"
"chr22","31298159","31298324","chrX","117127370","117127526","31","85829211"
"chr22","34997662","34997797","chr10","76845645","76845780","11","41847983"
"chr22","36655579","36655715","chr16","56633394","56633521","42","19977815"
"chr22","37228766","37228895","chr11","47635787","47635917","16","10407021"
"chr22","37606787","37606897","chr1","29784206","29784314","11","7822581"
"chr22","37788117","37788282","chr10","79333778","79333933","17","41545661"
"chr22","38705040","38705176","chr11","83933275","83933410","17","45228235"
"chr22","39738532","39738694","chr20","9654524","9654685","22","30084008"
"chr22","39758606","39758684","chr1","123220984","123221062","9","83462378"
"chr22","39772496","39772805","chr19","15145951","15146260","39","24626545"
"chr22","40108751","40108856","chr19","40703519","40703620","20","594768"
"chr22","40420904","40421170","chr10","81965928","81966187","35","41545024"
"chr22","40491673","40491756","chr7","133870252","133870335","13","93378579"
"chr22","40572587","40572848","chr15","69081130","69081392","42","28508543"
"chr22","40743667","40743971","chr7","38307951","38308253","27","2435716"
"chr22","40941568","40941678","chr10","82478607","82478718","9","41537039"
"chr22","41132198","41132311","chr19","29631639","29631740","25","11500559"
"chr22","41415363","41415648","chr10","82889703","82889983","30","41474340"
"chr22","42131731","42131877","chr2","147130685","147130835","42","104998954"
"chr22","42980805","42980891","chr3","41662698","41662786","17","1318107"
"chr22","43203258","43203428","chr3","34791034","34791203","21","8412224"
"chr22","43568253","43568333","chr6","67618862","67618940","13","24050609"
"chr22","43615186","43615498","chr4","85104292","85104604","26","41489106"
"chr22","44265649","44265777","chr10","65592242","65592368","17","21326593"
"chr22","45223124","45223269","chr11","44633998","44634144","16","589126"
"chr22","46405313","46405551","chr5","74369614","74369847","36","27964301"
"chr22","46756343","46756452","chr1","16448668","16448778","17","30307675"
"chr22","47083795","47084095","chr6","170681731","170682030","41","123597936"
"chr22","47126235","47126369","chr3","12682845","12682980","13","34443390"
"chr22","48206116","48206248","chr4","41285389","41285523","12","6920727"
"chr22","48511198","48511259","chr7","15354485","15354548","13","33156713"
"chr22","48884350","48884482","chr3","2748297","2748430","14","46136053"
"chr22","48972709","48973009","chr14","11657980","11658278","28","37314729"
"chr22","49046953","49047076","chr16","56633394","56633521","41","7586441"
"chr22","49315707","49316015","chr7","103254132","103254443","31","53938425"
"chr2A","26214176","26214470","chr2","25547562","25547857","34","666614"
"chr2A","3984562","3984866","chr13","3835167","3835469","23","149395"
"chr2A","8666241","8666452","chr16","46055729","46055939","34","37389488"
"chr2A","10591930","10592026","chr3","63467050","63467149","17","52875120"
"chr2A","10827100","10827280","chr2","147136960","147137136","23","136309860"
"chr2A","13515220","13515517","chr13","25277770","25278068","44","11762550"
"chr2A","13599174","13599409","chr6","172723066","172723305","39","159123892"
"chr2A","13603995","13604231","chr7","75520488","75520718","37","61916493"
"chr2A","14590035","14590333","chr7","23059270","23059575","35","8469235"
"chr2A","16185685","16185761","chr6","67618862","67618940","9","51433177"
"chr2A","16341843","16341939","chr3","63467050","63467149","20","47125207"
"chr2A","19990824","19990887","chr13","18784352","18784415","4","1206472"
"chr2A","20447518","20447705","chr7","24942645","24942820","35","4495127"
"chr2A","24167153","24167457","chr7","101388248","101388553","28","77221095"
"chr2A","24500001","24500075","chr14","73161484","73161557","10","48661483"
"chr2A","24691933","24692042","chr1","29784206","29784314","11","5092273"
"chr2A","25161658","25161968","chrX","47360212","47360520","37","22198554"
"chr2A","25302268","25302561","chr13","24008890","24009178","22","1293378"
"chr2A","25551612","25551920","chr13","26752958","26753267","35","1201346"
"chr2A","26056443","26056756","chr7","58137844","58138154","38","32081401"
"chr2A","26407939","26408074","chr1","190766827","190766962","13","164358888"
"chr2A","27253222","27253519","chr10","62608605","62608901","32","35355383"
"chr2A","28083369","28083656","chr1","136115062","136115345","39","108031693"
"chr2A","28873780","28874099","chr9","30888749","30889060","39","2014969"
"chr2A","29272387","29272684","chr13","27899822","27900112","33","1372565"
"chr2A","29615417","29615486","chr9","40026327","40026392","11","10410910"
"chr2A","29707693","29707993","chr3","43870338","43870642","28","14162645"
"chr2A","32484536","32484746","chr1","89622207","89622401","60","57137671"
"chr2A","32709782","32709857","chr16","45195605","45195679","10","12485823"
"chr2A","33158338","33158431","chr16","15943978","15944071","20","17214360"
"chr2A","33353018","33353093","chr15","100669462","100669538","7","67316444"
"chr2A","33353576","33353824","chr18","8780031","8780283","46","24573545"
"chr2A","37438689","37438985","chr14","99513586","99513875","34","62074897"
"chr2A","37602974","37603134","chr20","9654524","9654685","17","27948450"
"chr2A","37666933","37667011","chr10","23216620","23216699","7","14450313"
"chr2A","38920722","38920838","chr3","41380549","41380668","31","2459827"
"chr2A","39274947","39275075","chr16","67426560","67426692","21","28151613"
"chr2A","39403520","39403681","chr1","132703615","132703773","38","93300095"
"chr2A","39499920","39499999","chr3","78147174","78147253","8","38647254"
"chr2A","39678416","39678705","chr3","172574490","172574787","40","132896074"
"chr2A","39815809","39816106","chr16","6637232","6637531","36","33178577"
"chr2A","40493235","40493546","chr2","147338443","147338753","34","106845208"
"chr2A","42589944","42590232","chr4","143490115","143490404","35","100900171"
"chr2A","43145937","43146038","chr13","41447788","41447889","4","1698149"
"chr2A","44338095","44338403","chr4","17694487","17694789","36","26643608"
"chr2A","44690963","44691095","chr4","41285389","41285523","12","3405574"
"chr2A","44739487","44739620","chr13","43023700","43023836","14","1715787"
"chr2A","44794367","44794562","chr13","43081014","43081202","22","1713353"
"chr2A","45040427","45040674","chr8","19677161","19677403","47","25363266"
"chr2A","45299510","45299819","chr8","86945451","86945762","32","41645941"
"chr2A","46515190","46515479","chr10","62608605","62608901","23","16093415"
"chr2A","47551699","47551765","chrX","44340578","44340645","8","3211121"
"chr2A","47669641","47669941","chr3","37760729","37761024","32","9908912"
"chr2A","47676518","47676816","chr20","32060979","32061275","27","15615539"
"chr2A","48073142","48073447","chr13","46306506","46306809","31","1766636"
"chr2A","48132919","48133050","chr13","46363650","46363781","10","1769269"
"chr2A","48444942","48445256","chr13","26752958","26753267","42","21691984"
"chr2A","48548272","48548398","chr2","39793083","39793208","18","8755189"
"chr2A","48721595","48721887","chr16","73793952","73794245","38","25072357"
"chr2A","54853929","54854227","chr8","137865862","137866161","30","83011933"
"chr2A","55330897","55331188","chr13","64112916","64113210","40","8782019"
"chr2A","61047594","61047701","chr1","121888872","121888981","18","60841278"
"chr2A","62015285","62015582","chr3","153215161","153215452","35","91199876"
"chr2A","62113093","62113402","chr1","87655801","87656111","40","25542708"
"chr2A","62178316","62178405","chr19","2982481","2982561","17","59195835"
"chr2A","62513509","62513639","chr13","60617503","60617633","6","1896006"
"chr2A","63981198","63981502","chrX","62911717","62912016","30","1069481"
"chr2A","64940041","64940344","chrX","103602998","103603302","25","38662957"
"chr2A","66004137","66004202","chr2","92723865","92723933","9","26719728"
"chr2A","70284820","70284955","chr4","41285389","41285523","15","28999431"
"chr2A","70338048","70338364","chr13","68313608","68313921","37","2024440"
"chr2A","70411490","70411788","chr16","30682797","30683102","36","39728693"
"chr2A","70443285","70443410","chr13","68415652","68415777","7","2027633"
"chr2A","71038549","71038680","chr20","54717458","54717586","46","16321091"
"chr2A","71039155","71039271","chr3","156551227","156551335","23","85512072"
"chr2A","71097335","71097478","chr1","142334127","142334268","19","71236792"
"chr2A","71149072","71149365","chr10","59495138","59495435","37","11653934"
"chr2A","72156373","72156682","chr7","132959844","132960149","40","60803471"
"chr2A","72368509","72368778","chr18","53167966","53168252","40","19200543"
"chr2A","73863249","73863509","chr13","71841276","71841530","27","2021973"
"chr2A","74371592","74371748","chr13","72348666","72348824","15","2022926"
"chr2A","79488403","79488706","chr4","17694487","17694789","38","61793916"
"chr2A","83748751","83749063","chr1","108915176","108915483","47","25166425"
"chr2A","84258911","84259230","chr1","48606698","48607015","47","35652213"
"chr2A","84289817","84290081","chr3","34579518","34579784","45","49710299"
"chr2A","86147906","86148209","chr17","15711837","15712141","32","70436069"
"chr2A","86201685","86201979","chr13","26719279","26719572","30","59482406"
"chr2A","86867889","86867998","chr1","29784206","29784314","23","57083683"
"chr2A","87605444","87605523","chr3","81338430","81338509","5","6267014"
"chr2A","88726773","88727082","chr13","86398787","86399101","28","2327986"
"chr2A","95463588","95463863","chr20","71649581","71649844","61","23814007"
"chr2A","95529705","95529841","chr13","89761477","89761608","20","5768228"
"chr2A","95898272","95898544","chr13","25111395","25111668","34","70786877"
"chr2A","96618796","96618860","chr13","88386034","88386098","3","8232762"
"chr2A","96969884","96970179","chr13","64112916","64113210","25","32856968"
"chr2A","97044666","97044730","chr19","6941112","6941176","4","90103554"
"chr2A","98596099","98596230","chr13","89761477","89761608","12","8834622"
"chr2A","98835170","98835304","chr2","90774684","90774818","13","8060486"
"chr2A","98914829","98914960","chr13","90082917","90083048","3","8831912"
"chr2A","99788181","99788271","chr13","90926470","90926560","6","8861711"
"chr2A","99830336","99830374","chr11","10045603","10045644","8","89784733"
"chr2A","101555600","101555896","chr13","88648347","88648642","30","12907253"
"chr2A","101655555","101655689","chr13","102848295","102848430","12","1192740"
"chr2A","101790942","101791074","chr16","67426560","67426692","11","34364382"
"chr2A","102224576","102224748","chr20","16576811","16576986","28","85647765"
"chr2A","105231372","105231674","chr1","139329061","139329363","31","34097689"
"chr2A","105628776","105628917","chr11","111309452","111309594","17","5680676"
"chr2A","106890548","106890764","chr2","85968701","85968914","34","20921847"
"chr2A","109078722","109079028","chr6","113014123","113014435","41","3935401"
"chr2A","109145433","109145738","chr9","34710329","34710641","31","74435104"
"chr2A","109530329","109530634","chr10","12029576","12029881","34","97500753"
"chr2A","110023841","110024148","chr13","64112916","64113210","40","45910925"
"chr2A","110351180","110351486","chr2","41390616","41390920","33","68960564"
"chr2A","111988449","111988519","chrX","44340578","44340645","6","67647871"
"chr2A","112030940","112031250","chr12","85161223","85161534","36","26869717"
"chr2A","112119466","112119580","chr5","34451367","34451482","20","77668099"
"chr2A","112358517","112358577","chr13","103025895","103025955","3","9332622"
"chr2A","112725449","112725617","chr3","173847918","173848093","25","61122469"
"chr2A","113121179","113121486","chr13","26752958","26753267","36","86368221"
"chr2A","113374349","113374651","chr13","104079034","104079336","29","9295315"
"chr2B","119132525","119132587","chr1","89932619","89932687","11","29199906"
"chr2B","119437506","119437572","chr13","115967308","115967373","6","3470198"
"chr2B","119866572","119866696","chr1","187988416","187988542","25","68121844"
"chr2B","122328183","122328311","chr16","51469204","51469333","12","70858979"
"chr2B","122341522","122341666","chr11","44633998","44634144","19","77707524"
"chr2B","125142343","125142648","chr13","102674757","102675065","40","22467586"
"chr2B","126833822","126834046","chr2","89682976","89683193","55","37150846"
"chr2B","128498870","128499183","chr4","17694487","17694789","40","110804383"
"chr2B","128624042","128624351","chr4","42862712","42863021","25","85761330"
"chr2B","128858891","128858986","chr13","125335639","125335734","5","3523252"
"chr2B","128989991","128990126","chr3","170808842","170808975","18","41818851"
"chr2B","129255003","129255175","chr13","125730966","125731138","13","3524037"
"chr2B","130663789","130664101","chr9","34710329","34710641","39","95953460"
"chr2B","130870397","130870649","chr5","163555305","163555563","34","32684908"
"chr2B","130952265","130952344","chr6","67618862","67618940","9","63333403"
"chr2B","131808438","131808692","chr5","163555305","163555563","30","31746867"
"chr2B","132155079","132155383","chr13","22868662","22868961","40","109286417"
"chr2B","137916734","137916874","chr3","127016452","127016595","20","10900282"
"chr2B","138998955","138999055","chr11","111135935","111136030","13","27863020"
"chr2B","146498105","146498401","chr1","37545914","37546207","35","108952191"
"chr2B","148402177","148402470","chr2","66052928","66053217","38","82349249"
"chr2B","152902267","152902568","chr1","37545914","37546207","44","115356353"
"chr2B","153546663","153546794","chr12","11669606","11669730","15","141877057"
"chr2B","154375965","154376039","chr9","87822933","87823007","6","66553032"
"chr2B","155583581","155583887","chr4","64240505","64240816","26","91343076"
"chr2B","162240453","162240569","chr14","111355173","111355289","20","50885280"
"chr2B","163560166","163560472","chr1","161141976","161142280","38","2418190"
"chr2B","174901806","174901937","chr1","18233806","18233939","27","156668000"
"chr2B","175095751","175096042","chr9","100500451","100500741","27","74595300"
"chr2B","175126156","175126454","chr3","172574490","172574787","48","2551666"
"chr2B","175474900","175475201","chr12","33003775","33004069","37","142471125"
"chr2B","175568844","175568912","chr18","27916102","27916170","12","147652742"
"chr2B","176272613","176272686","chr14","63770733","63770804","9","112501880"
"chr2B","176574926","176575236","chr4","17694487","17694789","37","158880439"
"chr2B","177778858","177779029","chr1","37538039","37538211","21","140240819"
"chr2B","178888739","178889038","chr12","36330481","36330779","30","142558258"
"chr2B","178974198","178974319","chr4","123649906","123650031","14","55324292"
"chr2B","181791841","181791907","chr9","40026327","40026392","10","141765514"
"chr2B","191557459","191557658","chr2","160632834","160633029","41","30924625"
"chr2B","194104015","194104318","chr14","105799989","105800291","29","88304026"
"chr2B","194168099","194168407","chr7","101388248","101388553","33","92779851"
"chr2B","196126717","196126832","chr3","43656526","43656642","31","152470191"
"chr2B","201854849","201855161","chr10","38395087","38395398","43","163459762"
"chr2B","202412548","202412867","chr1","37545914","37546207","70","164866634"
"chr2B","204657996","204658175","chr12","61595544","61595724","13","143062452"
"chr2B","205211746","205211840","chr4","46145266","46145363","14","159066480"
"chr2B","205609190","205609482","chr14","112725749","112726047","35","92883441"
"chr2B","205755896","205756183","chr4","147069426","147069713","38","58686470"
"chr2B","205918966","205919101","chrX","125090960","125091094","10","80828006"
"chr2B","207164514","207164739","chr2","89682976","89683193","46","117481538"
"chr2B","207333349","207333480","chr3","14665021","14665151","12","192668328"
"chr2B","207335860","207335991","chr3","14665021","14665151","12","192670839"
"chr2B","207359498","207359671","chr14","92553555","92553727","35","114805943"
"chr2B","207367413","207367477","chr12","64487088","64487150","7","142880325"
"chr2B","207426974","207427047","chr1","166943291","166943365","7","40483683"
"chr2B","207654967","207655111","chr3","34018193","34018334","19","173636774"
"chr2B","208203107","208203141","chr1","184753899","184753934","7","23449208"
"chr2B","209899303","209899573","chr16","9784161","9784415","34","200115142"
"chr2B","210912237","210912316","chr10","34572501","34572580","8","176339736"
"chr2B","210962281","210962415","chr2","33672956","33673090","16","177289325"
"chr2B","211065135","211065419","chr3","153215161","153215452","38","57849974"
"chr2B","211075764","211075859","chr8","24575919","24576013","14","186499845"
"chr2B","212838906","212838968","chr12","51402578","51402640","7","161436328"
"chr2B","212839276","212839425","chr9","24662717","24662866","22","188176559"
"chr2B","214567386","214567696","chr13","26752958","26753267","27","187814428"
"chr2B","218762974","218763272","chr1","196570093","196570388","28","22192881"
"chr2B","220602284","220602587","chr11","109827659","109827959","33","110774625"
"chr2B","223494205","223494287","chr15","7163122","7163205","9","216331083"
"chr2B","223585556","223585842","chr14","11657980","11658278","37","211927576"
"chr2B","223919258","223919392","chr1","18650863","18650999","12","205268395"
"chr2B","224061283","224061457","chr9","92313500","92313687","31","131747783"
"chr2B","224340629","224340932","chr4","42862712","42863021","34","181477917"
"chr2B","224358018","224358187","chr13","25177291","25177457","20","199180727"
"chr2B","228377994","228378303","chr4","85104292","85104604","32","143273702"
"chr2B","236489539","236489830","chr7","39155043","39155340","30","197334496"
"chr2B","236843018","236843325","chr13","88648347","88648642","45","148194671"
"chr2B","236929803","236929946","chr10","38934533","38934676","18","197995270"
"chr2B","236957025","236957090","chr12","93535265","93535329","5","143421760"
"chr2B","236957823","236957991","chr7","24942645","24942820","23","212015178"
"chr2B","237840661","237840963","chr17","76573424","76573726","41","161267237"
"chr2B","238946748","238947047","chr13","12041075","12041372","35","226905673"
"chr2B","239595407","239595679","chr12","36069916","36070184","50","203525491"
"chr2B","241271208","241271327","chr5","34451367","34451482","15","206819841"
"chr2B","242684678","242684798","chr8","65799211","65799339","23","176885467"
"chr2B","243230544","243230663","chr7","40155757","40155875","10","203074787"
"chr2B","244110286","244110581","chr3","37760729","37761024","32","206349557"
"chr2B","246409397","246409716","chr2","16752956","16753258","41","229656441"
"chr2B","246980190","246980302","chr12","103431697","103431809","10","143548493"
"chrUn_GL393475","30384","30670","chr7","59624160","59624452","30","59593776"
"chrUn_GL393502","818","869","chr8","117760406","117760456","8","117759588"
"chrUn_GL393505","406513","406753","chr11","41473533","41473758","61","41067020"
"chrUn_GL393505","838855","838971","chr11","119522787","119522906","15","118683932"
"chrUn_GL393519","87467","87605","chr2","86953382","86953510","26","86865915"
"chrUn_GL393543","58112","58244","chr16","67426560","67426692","13","67368448"
"chrUn_GL393548","35082","35332","chr16","9784161","9784415","33","9749079"
"chrUn_GL393548","141986","142275","chr6","170681731","170682030","48","170539745"
"chrUn_GL393549","70045","70118","chr16","45195605","45195679","4","45125560"
"chrUn_GL393554","100039","100220","chr16","64745185","64745362","23","64645146"
"chrUn_GL393754","4735","4823","chr5","172633870","172633955","37","172629135"
"chrUn_GL393928","1518","1717","chr7","39518852","39519053","43","39517334"
"chrUn_GL394532","4201","4335","chr13","90082917","90083048","18","90078716"
"chrUn_GL394834","673","781","chr1","29784206","29784314","16","29783533"
"chrUn_GL394938","1102","1237","chr4","41285389","41285523","16","41284287"
"chrUn_GL395043","8063","8220","chr19","13257175","13257331","37","13249112"
"chrUn_GL395165","343","510","chr16","26531709","26531878","18","26531366"
"chrUn_GL395476","1","157","chr16","49266432","49266593","32","49266431"
"chrUn_GL395599","8600","8772","chr2","147136960","147137136","35","147128360"
"chrUn_GL395619","14188","14322","chr13","90082917","90083048","20","90068729"
