"chr1","23461758","23462082","chr1","22233954","22234245","45","1227804"
"chr1","42204952","42205271","chr1","41239190","41239501","45","965762"
"chr1","71958280","71958584","chr1","71203688","71203989","35","754592"
"chr1","793990","794313","chr3","34851335","34851651","42","34057345"
"chr1","1171412","1171721","chrX","872740","873049","34","298672"
"chr1","1293369","1293676","chr4","71292858","71293156","36","69999489"
"chr1","1316556","1316862","chrX","872740","873049","38","443816"
"chr1","1357952","1358252","chrX","29961696","29962000","43","28603744"
"chr1","1363598","1363760","chr7","129362850","129363013","35","127999252"
"chr1","1383459","1383618","chr11","54926961","54927123","37","53543502"
"chr1","1399473","1399767","chr12","64458271","64458570","56","63058798"
"chr1","1426482","1426645","chr15","6911024","6911192","32","5484542"
"chr1","1461050","1461315","chr5","188993981","188994246","43","187532931"
"chr1","1472649","1472946","chr9","29839402","29839695","38","28366753"
"chr1","1489531","1489859","chr1","18283228","18283557","44","16793697"
"chr1","1498377","1498674","chr1","638759","639044","34","859618"
"chr1","1507026","1507322","chr7","61336293","61336589","36","59829267"
"chr1","1561874","1562171","chr20","30937004","30937299","43","29375130"
"chr1","1606559","1606846","chr1","756384","756669","35","850175"
"chr1","1607126","1607423","chr15","28092029","28092327","37","26484903"
"chr1","1612959","1613268","chrX","130126302","130126612","35","128513343"
"chr1","1645610","1645920","chr6","86782969","86783279","29","85137359"
"chr1","1728654","1728931","chr1","220479140","220479419","37","218750486"
"chr1","1781433","1781728","chr6","173896362","173896661","46","172114929"
"chr1","1801965","1802266","chr8","8325984","8326278","36","6524019"
"chr1","1867794","1868093","chr11","108584077","108584374","27","106716283"
"chr1","1926915","1927209","chrX","82518065","82518358","31","80591150"
"chr1","2038410","2038717","chr2","149644045","149644340","44","147605635"
"chr1","2091881","2092190","chr1","165996033","165996341","33","163904152"
"chr1","2108881","2109165","chr3","85177437","85177728","36","83068556"
"chr1","2137657","2137948","chr19","34956456","34956748","37","32818799"
"chr1","2526235","2526537","chr1","1725200","1725503","34","801035"
"chr1","2543270","2543573","chr16","47849984","47850287","35","45306714"
"chr1","3472368","3472678","chrX","130126302","130126612","35","126653934"
"chr1","3565298","3565619","chr9","105321199","105321510","63","101755901"
"chr1","3905382","3905692","chr9","105321199","105321510","29","101415817"
"chr1","3929579","3929888","chr3","78877261","78877570","42","74947682"
"chr1","3933215","3933521","chr9","41221127","41221428","34","37287912"
"chr1","4033049","4033350","chr2","27655358","27655658","31","23622309"
"chr1","4406043","4406370","chr16","26800160","26800487","41","22394117"
"chr1","5137619","5137944","chr6","111150739","111151045","43","106013120"
"chr1","5222727","5223035","chr13","72779565","72779870","34","67556838"
"chr1","5459242","5459550","chr1","4609065","4609375","31","850177"
"chr1","5635545","5635856","chr5","85045085","85045391","40","79409540"
"chr1","5643802","5644095","chr4","5864759","5865052","31","220957"
"chr1","5894752","5895030","chr1","5036390","5036668","27","858362"
"chr1","5920867","5921163","chrX","23155568","23155864","25","17234701"
"chr1","6013474","6013740","chr3","128496104","128496369","38","122482630"
"chr1","6174955","6175259","chr19","44754788","44755097","36","38579833"
"chr1","6218183","6218496","chr13","87929611","87929914","36","81711428"
"chr1","6324618","6324916","chr1","5472580","5472880","42","852038"
"chr1","6358470","6358642","chr15","88479888","88480061","24","82121418"
"chr1","6362581","6362771","chr16","49440030","49440218","41","43077449"
"chr1","6392701","6393009","chr1","5539735","5540040","31","852966"
"chr1","6426482","6426656","chr15","88479888","88480061","24","82053406"
"chr1","6456394","6456676","chr8","65531215","65531499","29","59074821"
"chr1","6475527","6475828","chr1","5624859","5625166","34","850668"
"chr1","6510002","6510292","chr2","57288005","57288297","35","50778003"
"chr1","6525946","6526245","chr2","47824467","47824767","32","41298521"
"chr1","6536071","6536240","chr16","29014757","29014925","25","22478686"
"chr1","6537534","6537825","chr12","121351661","121351954","34","114814127"
"chr1","6545459","6545752","chr1","39347733","39348026","33","32802274"
"chr1","6549155","6549463","chr1","54184910","54185214","37","47635755"
"chr1","6576388","6576695","chr4","5357211","5357521","41","1219177"
"chr1","6715980","6716238","chr7","9788676","9788936","34","3072696"
"chr1","6805831","6806102","chr14","112579862","112580130","30","105774031"
"chr1","6837759","6837993","chr9","93688855","93689088","27","86851096"
"chr1","6838381","6838473","chr1","12339903","12339996","21","5501522"
"chr1","6973068","6973376","chr9","32178167","32178466","39","25205099"
"chr1","7029203","7029496","chr5","184105008","184105299","32","177075805"
"chr1","7106413","7106734","chr4","5357211","5357521","41","1749202"
"chr1","7270339","7270634","chr1","7247666","7247956","36","22673"
"chr1","7273009","7273307","chrX","872740","873049","36","6400269"
"chr1","7382413","7382624","chr9","82349333","82349540","25","74966920"
"chr1","7412270","7412484","chr3","125944975","125945201","38","118532705"
"chr1","7726776","7727074","chr13","106164334","106164628","27","98437558"
"chr1","7877038","7877347","chrX","130126302","130126612","24","122249264"
"chr1","8121050","8121351","chr7","127065845","127066144","27","118944795"
"chr1","8144015","8144206","chr16","44977902","44978086","41","36833887"
"chr1","8183535","8183833","chr19","41471869","41472170","33","33288334"
"chr1","8210495","8210785","chr16","48583435","48583727","33","40372940"
"chr1","8249876","8250161","chr8","65531215","65531499","36","57281339"
"chr1","8303889","8304175","chr1","221787583","221787868","37","213483694"
"chr1","8320422","8320610","chrX","147147954","147148141","30","138827532"
"chr1","8357185","8357490","chr11","108584077","108584374","34","100226892"
"chr1","8364065","8364368","chr1","54184910","54185214","22","45820845"
"chr1","8509914","8510202","chr12","110042316","110042609","44","101532402"
"chr1","8563223","8563524","chr4","88700124","88700424","35","80136901"
"chr1","8584676","8584968","chr3","48912719","48913013","32","40328043"
"chr1","8622967","8623163","chr6","63630625","63630830","40","55007658"
"chr1","8623340","8623427","chr11","40743980","40744071","17","32120640"
"chr1","8629341","8629640","chr1","7761014","7761319","36","868327"
"chr1","8676863","8677166","chr2","44364597","44364899","35","35687734"
"chr1","8695855","8696186","chr11","115817214","115817536","62","107121359"
"chr1","8702924","8703114","chr1","7836728","7836920","22","866196"
"chr1","8907356","8907664","chr1","2715985","2716290","42","6191371"
"chr1","8919633","8919942","chr3","168251317","168251618","40","159331684"
"chr1","8956015","8956306","chr1","8098644","8098951","38","857371"
"chr1","9019610","9019906","chr19","15122632","15122923","38","6103022"
"chr1","9248737","9248918","chr16","41943604","41943785","41","32694867"
"chr1","9249355","9249393","chr11","38404829","38404868","6","29155474"
"chr1","9254940","9255239","chr4","88700124","88700424","30","79445184"
"chr1","9316319","9316627","chr4","162478404","162478714","34","153162085"
"chr1","9656560","9656862","chr19","15978488","15978799","32","6321928"
"chr1","9667081","9667363","chr1","8738916","8739205","32","928165"
"chr1","9707455","9707768","chr8","105120121","105120431","32","95412666"
"chr1","9837628","9837905","chrX","117589965","117590253","34","107752337"
"chr1","9912974","9913157","chr12","21198542","21198719","39","11285568"
"chr1","10015565","10015824","chr1","9084915","9085177","32","930650"
"chr1","10018197","10018497","chrX","95082495","95082798","27","85064298"
"chr1","10032092","10032272","chrX","59842814","59842986","34","49810722"
"chr1","10043509","10043799","chr15","108330667","108330955","26","98287158"
"chr1","10073329","10073618","chr16","48583435","48583727","41","38510106"
"chr1","10082316","10082598","chr7","145000278","145000562","34","134917962"
"chr1","10084285","10084550","chr10","83240707","83240972","35","73156422"
"chr1","10093687","10093987","chr7","61781005","61781304","32","51687318"
"chr1","10101290","10101588","chr6","177249478","177249776","24","167148188"
"chr1","10103822","10104012","chr1","25647948","25648135","34","15544126"
"chr1","10145362","10145650","chr2","159694664","159694955","33","149549302"
"chr1","10217464","10217763","chr20","24065144","24065443","27","13847680"
"chr1","10261762","10262061","chr2","44364597","44364899","33","34102835"
"chr1","10286428","10286732","chr4","3752022","3752324","35","6534406"
"chr1","10302260","10302572","chr1","9382859","9383171","22","919401"
"chr1","10317289","10317561","chr7","95960109","95960384","37","85642820"
"chr1","10342793","10343092","chr11","96407817","96408112","33","86065024"
"chr1","10380580","10380845","chr1","9474971","9475236","29","905609"
"chr1","10493656","10493845","chr9","69069873","69070058","31","58576217"
"chr1","10514008","10514270","chr13","80255959","80256222","38","69741951"
"chr1","10523928","10524227","chrX","54753778","54754077","32","44229850"
"chr1","10533591","10533887","chr6","177249478","177249776","29","166715887"
"chr1","10538507","10538736","chr16","14612829","14613055","30","4074322"
"chr1","10573025","10573191","chr4","49540998","49541166","26","38967973"
"chr1","10582281","10582576","chr1","61388678","61388976","31","50806397"
"chr1","10588001","10588292","chr8","143767297","143767585","32","133179296"
"chr1","10602836","10603020","chr20","27267477","27267649","30","16664641"
"chr1","10635695","10636001","chr1","9758331","9758640","38","877364"
"chr1","10648943","10649240","chr5","19074410","19074703","33","8425467"
"chr1","10666227","10666535","chr7","113241613","113241916","34","102575386"
"chr1","10877294","10877588","chr1","130574287","130574581","27","119696993"
"chr1","11063704","11063999","chr14","66326782","66327072","32","55263078"
"chr1","11087668","11087977","chr16","1680827","1681137","29","9406841"
"chr1","11121155","11121459","chr4","88700124","88700424","33","77578969"
"chr1","11140583","11140890","chr16","14212456","14212761","35","3071873"
"chr1","11198412","11198720","chrX","872740","873049","31","10325672"
"chr1","11205384","11205679","chr4","88700124","88700424","34","77494740"
"chr1","11258441","11258733","chr7","157656549","157656844","32","146398108"
"chr1","11339090","11339386","chr14","55303254","55303549","33","43964164"
"chr1","11670775","11671081","chr1","10790603","10790909","28","880172"
"chr1","11711119","11711425","chr1","10831245","10831551","31","879874"
"chr1","11809487","11809796","chrX","44760602","44760923","54","32951115"
"chr1","11812056","11812353","chr11","108584077","108584374","25","96772021"
"chr1","11857750","11858052","chr1","25380611","25380914","36","13522861"
"chr1","12002738","12003053","chr19","15978488","15978799","37","3975750"
"chr1","12099620","12099924","chr4","108327631","108327935","32","96228011"
"chr1","12185497","12185803","chr1","11337545","11337851","26","847952"
"chr1","12357129","12357439","chr4","5357211","5357521","29","6999918"
"chr1","12486864","12487168","chr1","54184910","54185214","32","41698046"
"chr1","12651401","12651682","chr9","96531532","96531807","48","83880131"
"chr1","12655286","12655401","chr15","89943987","89944106","14","77288701"
"chr1","12655504","12655646","chr10","82796400","82796530","38","70140896"
"chr1","12680893","12681189","chr8","41718631","41718927","26","29037738"
"chr1","12706874","12707175","chr6","173896362","173896661","32","161189488"
"chr1","12794547","12794850","chr1","199847714","199848008","34","187053167"
"chr1","12839874","12840182","chrX","16154845","16155145","36","3314971"
"chr1","12939587","12939862","chr2","80029263","80029536","49","67089676"
"chr1","12984196","12984476","chr1","8396483","8396764","36","4587713"
"chr1","13446255","13446421","chr3","76215454","76215617","49","62769199"
"chr1","13470888","13471180","chr10","21437144","21437433","38","7966256"
"chr1","13596031","13596322","chr2","97742204","97742501","39","84146173"
"chr1","13600512","13600798","chr3","12332767","12333051","52","1267745"
"chr1","13619346","13619643","chr6","177249478","177249776","25","163630132"
"chr1","13697814","13698099","chr17","78859912","78860191","24","65162098"
"chr1","13721710","13722005","chr20","28697028","28697324","29","14975318"
"chr1","13731050","13731350","chr1","12471447","12471749","26","1259603"
"chr1","13754778","13755077","chr2","109007017","109007313","34","95252239"
"chr1","14162698","14162986","chr7","19039688","19039974","29","4876990"
"chr1","14236239","14236554","chr2","42661896","42662205","40","28425657"
"chr1","14368384","14368691","chr3","163965151","163965458","40","149596767"
"chr1","14391598","14391871","chr2","56486018","56486290","36","42094420"
"chr1","14436244","14436422","chr20","179530","179710","31","14256714"
"chr1","14723887","14724197","chrX","53714392","53714701","32","38990505"
"chr1","14742730","14743036","chr20","54448223","54448522","29","39705493"
"chr1","15199635","15199942","chr2","31108102","31108405","43","15908467"
"chr1","15297326","15297629","chr1","27056894","27057200","40","11759568"
"chr1","15342155","15342466","chr13","39352330","39352639","34","24010175"
"chr1","15529937","15530245","chrX","130126302","130126612","26","114596365"
"chr1","15611155","15611443","chr4","88700124","88700424","34","73088969"
"chr1","15724608","15724791","chr14","11857658","11857836","36","3866950"
"chr1","15782347","15782557","chr9","82349333","82349540","32","66566986"
"chr1","15792763","15793046","chr20","27262721","27263002","39","11469958"
"chr1","15803107","15803277","chr1","14567569","14567741","23","1235538"
"chr1","15936222","15936514","chr1","22411003","22411299","35","6474781"
"chr1","15948985","15949140","chr2","49127094","49127264","39","33178109"
"chr1","15961330","15961621","chr12","46463059","46463348","39","30501729"
"chr1","15961988","15962281","chr1","45194641","45194934","34","29232653"
"chr1","15965436","15965706","chr14","12933847","12934125","36","3031589"
"chr1","15990887","15991172","chr19","5448006","5448295","41","10542881"
"chr1","15993171","15993423","chr8","45011846","45012107","54","29018675"
"chr1","16602865","16603030","chr17","13116329","13116498","26","3486536"
"chr1","16611864","16612166","chr1","2715985","2716290","38","13895879"
"chr1","16755195","16755494","chr7","61781005","61781304","32","45025810"
"chr1","16759652","16759941","chr1","15639677","15639960","40","1119975"
"chr1","16842910","16843181","chr15","44422532","44422812","36","27579622"
"chr1","16848382","16848677","chr5","188648995","188649286","34","171800613"
"chr1","16934183","16934519","chr20","8659416","8659737","52","8274767"
"chr1","16948340","16948630","chr12","88022841","88023127","48","71074501"
"chr1","17171182","17171485","chr12","55214705","55215009","31","38043523"
"chr1","17191017","17191309","chr14","66326782","66327072","29","49135765"
"chr1","17216309","17216602","chr4","21309683","21309973","30","4093374"
"chr1","17348878","17349174","chr4","170001134","170001432","36","152652256"
"chr1","17356398","17356694","chr13","95773591","95773881","41","78417193"
"chr1","17375901","17376092","chrX","147147954","147148141","42","129772053"
"chr1","17379025","17379216","chrX","147147954","147148141","42","129768929"
"chr1","17411680","17411989","chr9","59841601","59841904","47","42429921"
"chr1","17549253","17549554","chr3","61603468","61603773","38","44054215"
"chr1","17641860","17642233","chr19","40608198","40608561","62","22966338"
"chr1","18929275","18929554","chr1","17756482","17756762","31","1172793"
"chr1","18962315","18962611","chr3","48879684","48879984","27","29917369"
"chr1","19171117","19171419","chr14","118913053","118913356","31","99741936"
"chr1","19209938","19210250","chr4","5955341","5955651","37","13254597"
"chr1","19230219","19230531","chr17","16036823","16037127","38","3193396"
"chr1","19531397","19531677","chr13","97520871","97521154","41","77989474"
"chr1","19567672","19567777","chr1","22941685","22941780","30","3374013"
"chr1","19568085","19568216","chr7","68956423","68956553","8","49388338"
"chr1","19588819","19589130","chrX","872740","873049","33","18716079"
"chr1","19829550","19829860","chr1","18638387","18638692","33","1191163"
"chr1","19844952","19845242","chr1","18654259","18654543","31","1190693"
"chr1","19991352","19991622","chr1","49408758","49409030","36","29417406"
"chr1","20429156","20429455","chr9","31201059","31201360","35","10771903"
"chr1","20559542","20559858","chr16","54764613","54764924","50","34205071"
"chr1","20587996","20588273","chr7","1513646","1513928","39","19074350"
"chr1","20677020","20677322","chr1","19509803","19510103","29","1167217"
"chr1","20691213","20691523","chr19","15978488","15978799","32","4712725"
"chr1","20726178","20726483","chr1","221383235","221383539","43","200657057"
"chr1","20735678","20735972","chr1","19563103","19563398","30","1172575"
"chr1","20741075","20741368","chr15","12161880","12162173","31","8579195"
"chr1","20761058","20761364","chr13","25547088","25547394","32","4786030"
"chr1","20781683","20781997","chrX","47430937","47431256","27","26649254"
"chr1","20796630","20796935","chr15","5945391","5945695","28","14851239"
"chr1","20824291","20824579","chr7","19039688","19039974","30","1784603"
"chr1","20868800","20869117","chr1","19689366","19689678","36","1179434"
"chr1","20937614","20937909","chr1","19757805","19758098","29","1179809"
"chr1","20955754","20956046","chr1","19777338","19777630","31","1178416"
"chr1","20971166","20971460","chr8","65214285","65214580","22","44243119"
"chr1","21011998","21012159","chr3","76215454","76215617","17","55203456"
"chr1","21271449","21271762","chrX","52884540","52884848","30","31613091"
"chr1","21494754","21495032","chr3","61219427","61219705","32","39724673"
"chr1","21510849","21511125","chr1","53192216","53192497","37","31681367"
"chr1","21529821","21530131","chr1","165996033","165996341","28","144466212"
"chr1","21779780","21780083","chr6","86782969","86783279","31","65003189"
"chr1","21786027","21786201","chr15","6911024","6911192","27","14875003"
"chr1","22023614","22023905","chr1","20795909","20796210","40","1227705"
"chr1","22070530","22070833","chr1","20845780","20846086","36","1224750"
"chr1","22178077","22178367","chr1","20954150","20954445","30","1223927"
"chr1","22254245","22254551","chr5","111585861","111586163","31","89331616"
"chr1","22434195","22434500","chr19","10607277","10607584","33","11826918"
"chr1","22985882","22986189","chr3","81656161","81656467","32","58670279"
"chr1","23226758","23227036","chr10","49026178","49026438","45","25799420"
"chr1","23279111","23279420","chr4","5357211","5357521","30","17921900"
"chr1","23374694","23374748","chr14","18724456","18724513","12","4650238"
"chr1","23481027","23481314","chr3","40351729","40352027","46","16870702"
"chr1","23523245","23523542","chr1","22297556","22297852","35","1225689"
"chr1","23627311","23627609","chr1","22411003","22411299","22","1216308"
"chr1","23631695","23631989","chr20","28697028","28697324","32","5065333"
"chr1","23651201","23651347","chr7","3648725","3648875","30","20002476"
"chr1","23717663","23717970","chrX","95082495","95082798","33","71364832"
"chr1","23832924","23833223","chr4","88700124","88700424","31","64867200"
"chr1","23834125","23834435","chrX","872740","873049","31","22961385"
"chr1","23859693","23859985","chr11","124283009","124283305","31","100423316"
"chr1","23874780","23875049","chr1","22650900","22651170","32","1223880"
"chr1","23899446","23899748","chr2","50474471","50474769","34","26575025"
"chr1","23961267","23961552","chr14","32498007","32498292","30","8536740"
"chr1","24064633","24064802","chr13","89859967","89860138","25","65795334"
"chr1","24109500","24109807","chr13","39352330","39352639","29","15242830"
"chr1","24450064","24450373","chr8","69900771","69901081","36","45450707"
"chr1","24665048","24665337","chr1","23450977","23451272","32","1214071"
"chr1","24680516","24680824","chr1","23467935","23468236","24","1212581"
"chr1","24726970","24727265","chr11","120760460","120760756","26","96033490"
"chr1","24731923","24731960","chr20","54495305","54495348","15","29763382"
"chr1","24732577","24732738","chr5","18060035","18060193","25","6672542"
"chr1","24888652","24888738","chr1","12339903","12339996","28","12548749"
"chr1","24888895","24888952","chr11","127837568","127837636","21","102948673"
"chr1","25190369","25190650","chr1","23965386","23965675","31","1224983"
"chr1","25295279","25295566","chr8","132168596","132168882","31","106873317"
"chr1","25396046","25396323","chrX","113744652","113744922","42","88348606"
"chr1","25399042","25399342","chr7","10408478","10408778","39","14990564"
"chr1","25409219","25409496","chr2","96876334","96876612","31","71467115"
"chr1","25583536","25583789","chr5","175099779","175100038","38","149516243"
"chr1","25880572","25880878","chr4","108327631","108327935","39","82447059"
"chr1","26058800","26059100","chr3","81656161","81656467","34","55597361"
"chr1","26097610","26097921","chr2","107287918","107288224","38","81190308"
"chr1","26135679","26135921","chr9","66337345","66337595","49","40201666"
"chr1","26224644","26224921","chr13","61154306","61154584","40","34929662"
"chr1","26259559","26259867","chr8","31331410","31331717","31","5071851"
"chr1","26279830","26280133","chrX","23130799","23131097","31","3149031"
"chr1","26282263","26282566","chrX","23130799","23131097","30","3151464"
"chr1","26311721","26312015","chr6","1092742","1093043","42","25218979"
"chr1","26508136","26508449","chr1","165996033","165996341","34","139487897"
"chr1","26525824","26526123","chr6","174905209","174905512","34","148379385"
"chr1","26533885","26534193","chrX","130126302","130126612","31","103592417"
"chr1","26537465","26537815","chr1","25357134","25357481","35","1180331"
"chr1","26538013","26538310","chr1","25357679","25357978","27","1180334"
"chr1","26560803","26561104","chr8","65030667","65030967","31","38469864"
"chr1","26688093","26688423","chrX","113475257","113475588","46","86787164"
"chr1","26697598","26697907","chr16","3245842","3246150","35","23451756"
"chr1","26717879","26718162","chr5","147526333","147526620","48","120808454"
"chr1","26744455","26744744","chr13","9550833","9551123","35","17193622"
"chr1","26820069","26820361","chr2","100586330","100586626","28","73766261"
"chr1","26847609","26847889","chr17","78859912","78860191","31","52012303"
"chr1","26862388","26862690","chr1","54184910","54185214","31","27322522"
"chr1","26898014","26898348","chrX","113475257","113475588","43","86577243"
"chr1","26960534","26960830","chr10","73354021","73354316","35","46393487"
"chr1","26968611","26968906","chr5","19074410","19074703","35","7894201"
"chr1","26975766","26975954","chr19","53087200","53087382","28","26111434"
"chr1","26977563","26977853","chr3","7367921","7368221","33","19609642"
"chr1","27084465","27084766","chr1","25920966","25921261","28","1163499"
"chr1","27236738","27237060","chrX","872740","873049","44","26363998"
"chr1","27251675","27251887","chr6","63630625","63630830","34","36378950"
"chr1","27252073","27252377","chr3","7367921","7368221","36","19884152"
"chr1","27260168","27260464","chr1","61388678","61388976","30","34128510"
"chr1","27275176","27275481","chr1","26138744","26139042","28","1136432"
"chr1","27390509","27390806","chr10","35925060","35925352","38","8534551"
"chr1","27487959","27488188","chr1","201610677","201610899","30","174122718"
"chr1","27502733","27503038","chr1","153294643","153294943","57","125791910"
"chr1","27533218","27533399","chr1","19159458","19159639","25","8373760"
"chr1","27537080","27537249","chr15","6911024","6911192","32","20626056"
"chr1","27636770","27637073","chr15","15837347","15837647","24","11799423"
"chr1","27715620","27715922","chr20","18488386","18488688","31","9227234"
"chr1","27735711","27736004","chr1","26608496","26608785","44","1127215"
"chr1","27741577","27741880","chr1","26614628","26614939","32","1126949"
"chr1","27800189","27800488","chr12","115108242","115108542","26","87308053"
"chr1","27808018","27808284","chr1","26681658","26681923","36","1126360"
"chr1","27826645","27826944","chr1","26700624","26700923","28","1126021"
"chr1","27845790","27846083","chr1","61388678","61388976","29","33542888"
"chr1","27846138","27846434","chr9","98432771","98433070","37","70586633"
"chr1","27885846","27886153","chr17","1826651","1826962","34","26059195"
"chr1","27898516","27898808","chr10","45592833","45593119","42","17694317"
"chr1","27907034","27907345","chr2","195505774","195506079","45","167598740"
"chr1","27910585","27910755","chr2","15318266","15318436","35","12592319"
"chr1","27974752","27975050","chr11","108584077","108584374","34","80609325"
"chr1","27999388","27999687","chr19","45770144","45770438","30","17770756"
"chr1","28020025","28020331","chr2","83597002","83597303","32","55576977"
"chr1","28153401","28153716","chr1","27015504","27015815","36","1137897"
"chr1","28239110","28239425","chr1","7768760","7769067","38","20470350"
"chr1","28247553","28247851","chr1","34922657","34922952","35","6675104"
"chr1","28260921","28261224","chr4","108327631","108327935","31","80066710"
"chr1","28272010","28272310","chr17","82184412","82184713","34","53912402"
"chr1","28281250","28281552","chr1","27149143","27149441","35","1132107"
"chr1","28298348","28298648","chr12","95161451","95161754","35","66863103"
"chr1","28331236","28331388","chr6","54854033","54854182","44","26522797"
"chr1","28332189","28332319","chr7","68956423","68956553","6","40624234"
"chr1","28357288","28357575","chr9","102998871","102999170","41","74641583"
"chr1","28373319","28373613","chr14","67296885","67297179","34","38923566"
"chr1","28388751","28389044","chr10","87136170","87136463","27","58747419"
"chr1","28409623","28409918","chr2","100586330","100586626","27","72176707"
"chr1","28419753","28419930","chr9","62270006","62270180","32","33850253"
"chr1","28453959","28454270","chr3","97673764","97674072","39","69219805"
"chr1","28464056","28464356","chr7","83941543","83941842","37","55477487"
"chr1","28497923","28498227","chr1","27398587","27398889","21","1099336"
"chr1","28516221","28516514","chr2","63419289","63419578","32","34903068"
"chr1","28518613","28518922","chr1","7768760","7769067","39","20749853"
"chr1","28563122","28563353","chr20","34321481","34321710","39","5758359"
"chr1","28596623","28596924","chr2","57288005","57288297","45","28691382"
"chr1","28605640","28605907","chr1","27524483","27524751","28","1081157"
"chr1","28609305","28609358","chr2","83649077","83649125","11","55039772"
"chr1","28610329","28610426","chr11","127837568","127837636","39","99227239"
"chr1","28621278","28621412","chr7","68956423","68956553","14","40335145"
"chr1","28622202","28622363","chr13","89859967","89860138","32","61237765"
"chr1","28633502","28633794","chr3","157300225","157300518","35","128666723"
"chr1","28634253","28634552","chr1","22411003","22411299","30","6223250"
"chr1","28635385","28635552","chr18","12359809","12359972","24","16275576"
"chr1","28692454","28692757","chr2","97742204","97742501","41","69049750"
"chr1","28694122","28694422","chr11","56089370","56089672","34","27395248"
"chr1","28708859","28709027","chr10","79914103","79914267","49","51205244"
"chr1","28747564","28747749","chr5","13274636","13274819","40","15472928"
"chr1","28748212","28748475","chr12","44585601","44585868","43","15837389"
"chr1","28778398","28778672","chrX","117589965","117590253","37","88811567"
"chr1","28778675","28778843","chr11","54926961","54927123","31","26148286"
"chr1","28780561","28780866","chr2","29914298","29914604","41","1133737"
"chr1","28809051","28809363","chr8","105120121","105120431","38","76311070"
"chr1","28822834","28823062","chr7","99437766","99437994","29","70614932"
"chr1","28936584","28936792","chr19","964579","964783","30","27972005"
"chr1","28966123","28966418","chr16","23431615","23431905","37","5534508"
"chr1","28984516","28984817","chr13","92512308","92512602","39","63527792"
"chr1","28999210","28999296","chr1","12339903","12339996","23","16659307"
"chr1","28999309","28999417","chr17","39176643","39176754","13","10177334"
"chr1","29090480","29090782","chr1","28021991","28022290","30","1068489"
"chr1","29235859","29236143","chr3","106101050","106101334","28","76865191"
"chr1","29245444","29245606","chr11","133328099","133328256","28","104082655"
"chr1","29252543","29252707","chr19","32419513","32419677","23","3166970"
"chr1","29302708","29303000","chr1","28231976","28232271","28","1070732"
"chr1","29399786","29400096","chr15","82596670","82596979","26","53196884"
"chr1","29542105","29542422","chr4","5955341","5955651","29","23586764"
"chr1","30989120","30989158","chr20","54495305","54495348","10","23506185"
"chr1","30989245","30989420","chr16","7509806","7509984","35","23479439"
"chr1","31109192","31109500","chr6","176464782","176465093","44","145355590"
"chr1","31152283","31152559","chr1","35099526","35099805","32","3947243"
"chr1","31160395","31160573","chr12","84405516","84405692","35","53245121"
"chr1","31206266","31206565","chr2","47824467","47824767","33","16618201"
"chr1","31249456","31249745","chr1","30209266","30209552","29","1040190"
"chr1","31251047","31251346","chr3","14647021","14647316","36","16604026"
"chr1","31252037","31252336","chr3","14647021","14647316","37","16605016"
"chr1","31279953","31280252","chr1","61388678","61388976","26","30108725"
"chr1","31283540","31283860","chr11","2572656","2572970","50","28710884"
"chr1","31287778","31288046","chr2","32323","32577","51","31255455"
"chr1","31365005","31365315","chr1","30323380","30323688","34","1041625"
"chr1","31930523","31930835","chrX","872740","873049","38","31057783"
"chr1","31968174","31968481","chr1","30891315","30891616","34","1076859"
"chr1","32091932","32092228","chr9","117928495","117928793","32","85836563"
"chr1","32102335","32102639","chr1","31025245","31025550","31","1077090"
"chr1","32152797","32153141","chr1","31072418","31072758","80","1080379"
"chr1","32153457","32153752","chr2","100586330","100586626","31","68432873"
"chr1","32181430","32181737","chr1","31096969","31097274","25","1084461"
"chr1","32203107","32203412","chr3","170399117","170399420","35","138196010"
"chr1","32217086","32217384","chr2","84585817","84586114","38","52368731"
"chr1","32217458","32217576","chr10","63832033","63832158","31","31614575"
"chr1","32368346","32368633","chr7","113437485","113437769","35","81069139"
"chr1","32381785","32382088","chr18","11323123","11323428","44","21058662"
"chr1","32403634","32403937","chr14","118913053","118913356","30","86509419"
"chr1","32415354","32415664","chr16","45426817","45427122","35","13011463"
"chr1","32564429","32564739","chr16","3245842","3246150","29","29318587"
"chr1","32625460","32625758","chr1","19563103","19563398","35","13062357"
"chr1","32641351","32641546","chr1","20817755","20817952","32","11823596"
"chr1","32667350","32667637","chr1","11858253","11858537","38","20809097"
"chr1","32859063","32859235","chrX","59842814","59842986","38","26983751"
"chr1","32870875","32871143","chr7","69097134","69097409","45","36226259"
"chr1","32873516","32873818","chr1","31761877","31762179","21","1111639"
"chr1","32882129","32882431","chr19","40872250","40872551","40","7990121"
"chr1","32964240","32964530","chr6","180011017","180011306","33","147046777"
"chr1","33132710","33133015","chr1","32033535","32033843","33","1099175"
"chr1","33297556","33297862","chr9","98432771","98433070","47","65135215"
"chr1","33361898","33362093","chrX","107228651","107228850","50","73866753"
"chr1","33486317","33486359","chr20","54495305","54495348","15","21008988"
"chr1","34642088","34642393","chr15","50080292","50080598","32","15438204"
"chr1","34693094","34693321","chr9","93688855","93689088","32","58995761"
"chr1","34972047","34972345","chr9","117928495","117928793","30","82956448"
"chr1","35322451","35322612","chr4","140168185","140168346","28","104845734"
"chr1","35347718","35347991","chr18","67602006","67602279","32","32254288"
"chr1","35354650","35354881","chr12","67929783","67930007","46","32575133"
"chr1","35475467","35475753","chr1","34420393","34420681","31","1055074"
"chr1","35478045","35478346","chr3","95674476","95674775","28","60196431"
"chr1","35491974","35492265","chr1","34437740","34438040","34","1054234"
"chr1","35541469","35541786","chr9","105321199","105321510","40","69779730"
"chr1","35723388","35723689","chr1","38218968","38219269","34","2495580"
"chr1","35890698","35891004","chrX","872740","873049","38","35017958"
"chr1","35951217","35951516","chr1","34922657","34922952","40","1028560"
"chr1","35993405","35993706","chr9","26215862","26216159","42","9777543"
"chr1","36001741","36002047","chr4","3752022","3752324","33","32249719"
"chr1","36031625","36031928","chr12","84493501","84493799","32","48461876"
"chr1","36033632","36033787","chr19","10635260","10635411","32","25398372"
"chr1","36221862","36222150","chr2","182299722","182300007","40","146077860"
"chr1","36222311","36222608","chr4","26555905","26556201","40","9666406"
"chr1","36347279","36347579","chr4","170001134","170001432","31","133653855"
"chr1","36373492","36373789","chr7","86454351","86454652","36","50080859"
"chr1","36389487","36389772","chr14","108106190","108106474","34","71716703"
"chr1","36399687","36399820","chr3","33493296","33493438","33","2906391"
"chr1","36422346","36422651","chr14","118913053","118913356","28","82490707"
"chr1","36444068","36444364","chr8","8325984","8326278","31","28118084"
"chr1","36453172","36453490","chr3","169805566","169805870","66","133352394"
"chr1","36492723","36493030","chr1","35483437","35483742","39","1009286"
"chr1","36528114","36528419","chr4","88700124","88700424","35","52172010"
"chr1","36646929","36647225","chr9","26215862","26216159","26","10431067"
"chr1","36669873","36670179","chr1","54184910","54185214","32","17515037"
"chr1","36705694","36705988","chr1","35694490","35694797","37","1011204"
"chr1","36895830","36896053","chr1","35881420","35881640","25","1014410"
"chr1","36967204","36967493","chr2","57288005","57288297","36","20320801"
"chr1","37196442","37196751","chr1","36173389","36173696","37","1023053"
"chr1","37685513","37685810","chr7","61781005","61781304","35","24095492"
"chr1","38010590","38010764","chr4","44154628","44154806","33","6144038"
"chr1","38114469","38114755","chr16","41227858","41228131","51","3113389"
"chr1","38157178","38157336","chr7","88306228","88306392","31","50149050"
"chr1","38163298","38163591","chrX","91745750","91746037","39","53582452"
"chr1","38167280","38167586","chr1","37134164","37134472","18","1033116"
"chr1","38168200","38168490","chr1","37135712","37135999","26","1032488"
"chr1","38189231","38189416","chr11","98412688","98412878","29","60223457"
"chr1","38226704","38226951","chr1","37194138","37194375","30","1032566"
"chr1","38238586","38238880","chr20","28697028","28697324","30","9541558"
"chr1","38416136","38416430","chr3","174792555","174792832","48","136376419"
"chr1","39165932","39166240","chr1","37134164","37134472","27","2031768"
"chr1","39182223","39182519","chr1","38138473","38138772","37","1043750"
"chr1","39237250","39237503","chr16","48875383","48875620","44","9638133"
"chr1","39246200","39246508","chr1","38199127","38199435","34","1047073"
"chr1","39270528","39270830","chr1","38218968","38219269","22","1051560"
"chr1","39299565","39299874","chr14","103953537","103953843","31","64653972"
"chr1","39312800","39313086","chr2","61380094","61380378","32","22067294"
"chr1","39465673","39465956","chr5","41819509","41819795","41","2353836"
"chr1","39473395","39473559","chr1","129407736","129407901","30","89934341"
"chr1","39566179","39566481","chr15","50080292","50080598","35","10514113"
"chr1","39602298","39602470","chr4","49540998","49541166","27","9938700"
"chr1","39647970","39648261","chr1","38654197","38654486","32","993773"
"chr1","39661545","39661835","chr1","128378875","128379172","39","88717330"
"chr1","39742559","39742863","chr1","38750532","38750829","25","992027"
"chr1","39771512","39771806","chr1","48636230","48636529","39","8864718"
"chr1","39849176","39849475","chr1","42018653","42018950","31","2169477"
"chr1","39869011","39869323","chr19","44754788","44755097","35","4885777"
"chr1","39916231","39916540","chr16","3520694","3521001","25","36395537"
"chr1","39980953","39981248","chr11","50593379","50593674","28","10612426"
"chr1","40079812","40080079","chr9","3838531","3838794","45","36241281"
"chr1","40163392","40163692","chr1","38299622","38299931","43","1863770"
"chr1","40297607","40297768","chr5","18060035","18060193","19","22237572"
"chr1","40307785","40308096","chr4","134852861","134853168","40","94545076"
"chr1","40339259","40339554","chr1","39347733","39348026","26","991526"
"chr1","40359814","40360114","chr3","62258871","62259161","42","21899057"
"chr1","40425799","40426112","chr6","163853796","163854109","37","123427997"
"chr1","40509391","40509675","chr9","91863683","91863975","41","51354292"
"chr1","40532228","40532533","chr1","39551920","39552212","39","980308"
"chr1","40550868","40551073","chr6","60203539","60203751","56","19652671"
"chr1","40551217","40551525","chr1","39572676","39572977","30","978541"
"chr1","40637147","40637440","chr11","108584077","108584374","37","67946930"
"chr1","40663608","40663896","chr2","21926577","21926869","29","18737031"
"chr1","40685690","40685864","chr12","15669971","15670141","32","25015719"
"chr1","40732197","40732487","chr1","23507101","23507386","28","17225096"
"chr1","40783636","40783932","chr12","121351661","121351954","39","80568025"
"chr1","40840572","40840863","chrX","117589965","117590253","33","76749393"
"chr1","40870069","40870358","chr1","39872990","39873275","39","997079"
"chr1","40871583","40871846","chr1","39874498","39874760","22","997085"
"chr1","40907259","40907550","chr3","156822441","156822733","35","115915182"
"chr1","40912860","40913153","chr2","63419289","63419578","34","22506429"
"chr1","40921560","40921815","chr1","27524483","27524751","38","13397077"
"chr1","40934268","40934572","chr1","39934355","39934664","38","999913"
"chr1","41008331","41008637","chr7","52277962","52278267","33","11269631"
"chr1","41010083","41010374","chr18","19713239","19713528","37","21296844"
"chr1","41309514","41309819","chr1","54184910","54185214","31","12875396"
"chr1","41370614","41370918","chr1","40372550","40372857","27","998064"
"chr1","41375425","41375728","chr1","40377398","40377699","27","998027"
"chr1","41454970","41455264","chr11","55619571","55619869","34","14164601"
"chr1","42056855","42057155","chr20","57205726","57206029","32","15148871"
"chr1","42168722","42168861","chr7","3648725","3648875","29","38519997"
"chr1","42367431","42367720","chr13","65001120","65001409","32","22633689"
"chr1","42440226","42440558","chr7","63056446","63056768","48","20616220"
"chr1","42660938","42661243","chr1","41685970","41686275","34","974968"
"chr1","42702050","42702218","chr7","88306228","88306392","38","45604178"
"chr1","42733147","42733431","chr7","112695145","112695428","44","69961998"
"chr1","42827596","42827881","chr1","41848336","41848627","30","979260"
"chr1","42968899","42969203","chr1","41988971","41989273","28","979928"
"chr1","42998871","42999169","chr1","42018653","42018950","30","980218"
"chr1","43080421","43080714","chr5","39776458","39776753","37","3303963"
"chr1","43103218","43103520","chr6","174905209","174905512","39","131801991"
"chr1","43239836","43240146","chr9","93872647","93872956","29","50632811"
"chr1","43532389","43532686","chr4","21780067","21780362","27","21752322"
"chr1","43597913","43598079","chr4","140168185","140168346","26","96570272"
"chr1","43723089","43723392","chr7","127065845","127066144","29","83342756"
"chr1","43863710","43863845","chr9","88336693","88336816","45","44472983"
"chr1","43876577","43876872","chr1","43053112","43053413","30","823465"
"chr1","43911479","43911809","chr19","15978488","15978799","47","27932991"
"chr1","43975633","43975934","chr1","43151498","43151795","41","824135"
"chr1","43988216","43988511","chr7","166020953","166021249","33","122032737"
"chr1","44002068","44002356","chr20","58879055","58879342","30","14876987"
"chr1","44058765","44059046","chr20","57729988","57730258","37","13671223"
"chr1","44163999","44164285","chr10","159686","159982","41","44004313"
"chr1","44247741","44248038","chrX","23155568","23155864","34","21092173"
"chr1","44377908","44378209","chr19","50863135","50863438","24","6485227"
"chr1","44435367","44435620","chr20","53854989","53855254","42","9419622"
"chr1","44455138","44455448","chr1","43688537","43688842","37","766601"
"chr1","44498181","44498490","chr3","5664932","5665236","34","38833249"
"chr1","44561966","44562137","chr11","6658602","6658773","21","37903364"
"chr1","44821449","44821739","chr3","174068153","174068451","39","129246704"
"chr1","44840671","44840968","chr1","44063109","44063401","34","777562"
"chr1","44917005","44917304","chr1","165996033","165996341","42","121079028"
"chr1","45038701","45039012","chrX","872740","873049","42","44165961"
"chr1","45040032","45040329","chr11","110456127","110456422","30","65416095"
"chr1","45049668","45049965","chr1","44277050","44277348","31","772618"
"chr1","45074054","45074285","chr19","39649068","39649310","44","5424986"
"chr1","45076178","45076468","chr3","161716772","161717066","35","116640594"
"chr1","45108816","45109001","chr9","69069873","69070058","26","23961057"
"chr1","45155240","45155521","chrX","117589965","117590253","39","72434725"
"chr1","45161520","45161810","chr15","8087432","8087723","31","37074088"
"chr1","45266916","45267097","chr15","88479888","88480061","29","43212972"
"chr1","45268466","45268775","chr5","66770433","66770739","34","21501967"
"chr1","45313940","45314238","chr1","34437740","34438040","34","10876200"
"chr1","45328159","45328463","chr16","57459171","57459466","44","12131012"
"chr1","45389982","45390144","chr13","89859967","89860138","53","44469985"
"chr1","45626042","45626244","chr4","11102991","11103196","51","34523051"
"chr1","45768930","45769224","chr14","68678897","68679192","25","22909967"
"chr1","45772718","45773037","chr1","45001353","45001676","30","771365"
"chr1","45783525","45783793","chr2","56486018","56486290","34","10702493"
"chr1","45825521","45825655","chr14","86213541","86213679","31","40388020"
"chr1","45825952","45826078","chr7","68956423","68956553","18","23130471"
"chr1","45847483","45847775","chr19","34956456","34956748","33","10891027"
"chr1","45860622","45860921","chr7","69090622","69090921","31","23230000"
"chr1","45893451","45893660","chr6","137319772","137319982","32","91426321"
"chr1","45895037","45895310","chr9","26510639","26510906","44","19384398"
"chr1","45915587","45915897","chrX","52884540","52884848","29","6968953"
"chr1","45930657","45930970","chr6","43551570","43551888","39","2379087"
"chr1","45969097","45969395","chr19","50863135","50863438","31","4894038"
"chr1","46067208","46067423","chr10","2341900","2342118","66","43725308"
"chr1","46068296","46068579","chr1","9771853","9772138","50","36296443"
"chr1","46068689","46068975","chr19","48268934","48269229","48","2200245"
"chr1","46093800","46094107","chr5","147006633","147006940","43","100912833"
"chr1","46094143","46094439","chr7","36292247","36292545","32","9801896"
"chr1","46104578","46104871","chr1","45322463","45322762","30","782115"
"chr1","46149668","46149974","chr5","51423127","51423433","31","5273459"
"chr1","46152205","46152531","chrX","47883388","47883714","37","1731183"
"chr1","46176548","46176848","chr1","45410554","45410851","36","765994"
"chr1","46249759","46250057","chr10","74728581","74728883","36","28478822"
"chr1","46342287","46342593","chr4","86562055","86562362","31","40219768"
"chr1","46368905","46369200","chr1","61388678","61388976","33","15019773"
"chr1","46459813","46460123","chr1","54184910","54185214","30","7725097"
"chr1","46545026","46545327","chr7","41707840","41708139","26","4837186"
"chr1","46672327","46672616","chr1","130306885","130307188","40","83634558"
"chr1","46689178","46689467","chr1","9659856","9660151","42","37029322"
"chr1","46936250","46936546","chr10","87136170","87136463","27","40199920"
"chr1","47243830","47244125","chr8","64837557","64837854","37","17593727"
"chr1","47478958","47479247","chr7","19039688","19039974","38","28439270"
"chr1","47539424","47539731","chr1","46424679","46424986","31","1114745"
"chr1","47684409","47684699","chr1","46808519","46808809","29","875890"
"chr1","47719552","47719729","chr1","218502742","218502933","66","170783190"
"chr1","47723307","47723599","chr1","46842925","46843219","19","880382"
"chr1","47759020","47759329","chr2","94627660","94627968","43","46868640"
"chr1","47791018","47791314","chr1","34922657","34922952","34","12868361"
"chr1","48102925","48103111","chr5","740668","740849","28","47362257"
"chr1","48855171","48855468","chr11","108584077","108584374","29","59728906"
"chr1","49050533","49050710","chrX","59842814","59842986","32","10792281"
"chr1","49098493","49098803","chrX","52884540","52884848","32","3786047"
"chr1","49429524","49429815","chr1","48636230","48636529","34","793294"
"chr1","49630795","49631100","chr14","103953537","103953843","32","54322742"
"chr1","49748421","49748701","chr7","23493750","23494033","37","26254671"
"chr1","49748886","49749051","chr18","12359809","12359972","27","37389077"
"chr1","50247947","50248226","chr1","49408758","49409030","28","839189"
"chr1","50371745","50372036","chr15","108424452","108424741","32","58052707"
"chr1","50833494","50833784","chr8","41718631","41718927","31","9114863"
"chr1","50851687","50852002","chr1","50046237","50046555","27","805450"
"chr1","51078131","51078425","chr1","50269499","50269788","25","808632"
"chr1","51208083","51208379","chr20","54448223","54448522","20","3240140"
"chr1","51360535","51360845","chr20","28037149","28037455","30","23323386"
"chr1","51544520","51544811","chr1","199847714","199848008","30","148303194"
"chr1","51593946","51594235","chr1","50780937","50781236","32","813009"
"chr1","51780558","51780889","chr1","45616847","45617163","51","6163711"
"chr1","51926172","51926468","chrX","12237021","12237319","31","39689151"
"chr1","51965281","51965533","chr1","51143419","51143671","26","821862"
"chr1","52112057","52112362","chr1","51281743","51282047","29","830314"
"chr1","52260464","52260767","chr3","83146319","83146617","47","30885855"
"chr1","52287025","52287325","chr8","115461075","115461370","34","63174050"
"chr1","52462393","52462582","chr19","12959091","12959278","35","39503302"
"chr1","52515275","52515585","chrX","872740","873049","26","51642535"
"chr1","52656845","52657145","chr1","38218968","38219269","38","14437877"
"chr1","52678057","52678356","chr1","51851044","51851331","37","827013"
"chr1","52785370","52785668","chr13","106164334","106164628","26","53378964"
"chr1","52786551","52786849","chr1","61388678","61388976","27","8602127"
"chr1","52807316","52807369","chr19","8583367","8583428","13","44223949"
"chr1","52807845","52807990","chr6","879279","879425","27","51928566"
"chr1","53015251","53015550","chr1","52195534","52195827","35","819717"
"chr1","53130350","53130493","chr5","18060035","18060193","33","35070315"
"chr1","53172178","53172473","chr13","43317795","43318094","30","9854383"
"chr1","53173571","53173858","chr1","39347733","39348026","42","13825838"
"chr1","53235389","53235618","chr1","52410307","52410536","15","825082"
"chr1","53251958","53252236","chr1","52429062","52429352","35","822896"
"chr1","53338164","53338471","chr16","47849984","47850287","26","5488180"
"chr1","53390964","53391238","chrX","135474229","135474501","37","82083265"
"chr1","53392700","53393006","chr1","52598711","52599014","23","793989"
"chr1","53478393","53478685","chr1","52672932","52673224","27","805461"
"chr1","53505061","53505364","chr8","8325984","8326278","37","45179077"
"chr1","53505669","53505972","chr1","61388678","61388976","35","7883009"
"chr1","53606188","53606486","chr1","52798890","52799187","23","807298"
"chr1","53656218","53656522","chr1","52849205","52849506","30","807013"
"chr1","53677966","53678183","chr5","147564032","147564245","31","93886066"
"chr1","53727861","53728170","chr1","52921554","52921863","49","806307"
"chr1","53874162","53874438","chr14","12933847","12934125","36","40940315"
"chr1","54009783","54010058","chr1","53192216","53192497","33","817567"
"chr1","54434016","54434307","chr20","58996123","58996414","34","4562107"
"chr1","54646204","54646383","chr12","44446416","44446578","54","10199788"
"chr1","54802808","54803098","chr1","54000523","54000824","46","802285"
"chr1","54990449","54990612","chr3","70814394","70814554","28","15823945"
"chr1","55115668","55115974","chrX","130126302","130126612","35","75010634"
"chr1","55206395","55206694","chr1","50780937","50781236","28","4425458"
"chr1","55712938","55713218","chr1","56620444","56620724","32","907506"
"chr1","56622640","56622948","chr6","111150739","111151045","34","54528099"
"chr1","56878339","56878642","chr1","56044044","56044339","29","834295"
"chr1","56886252","56886568","chr6","178858371","178858680","38","121972119"
"chr1","57090326","57090620","chr20","30937004","30937299","31","26153322"
"chr1","57107146","57107443","chr7","61608289","61608587","35","4501143"
"chr1","57718595","57718902","chr1","56853829","56854134","24","864766"
"chr1","58224739","58225041","chr1","38915724","38916027","31","19309015"
"chr1","59065586","59065895","chr4","88700124","88700424","46","29634538"
"chr1","59472030","59472348","chr11","33432539","33432852","45","26039491"
"chr1","59773504","59773790","chr3","106101050","106101334","35","46327546"
"chr1","59777202","59777510","chr1","58903852","58904160","31","873350"
"chr1","60207062","60207303","chr12","93613615","93613853","36","33406553"
"chr1","60577239","60577546","chr5","24028300","24028608","33","36548939"
"chr1","60622186","60622488","chr4","71292858","71293156","37","10670672"
"chr1","60709048","60709351","chr15","15837347","15837647","33","44871701"
"chr1","60727103","60727402","chr1","34437740","34438040","39","26289363"
"chr1","60905574","60905868","chr11","108584077","108584374","26","47678503"
"chr1","61399180","61399469","chr3","49804678","49804963","34","11594502"
"chr1","61568820","61568989","chrX","51786687","51786849","38","9782133"
"chr1","61678166","61678470","chr14","64362017","64362319","36","2683851"
"chr1","61717416","61717709","chr8","131215418","131215712","28","69498002"
"chr1","61742528","61742817","chr16","62796855","62797156","47","1054327"
"chr1","61879467","61879776","chr5","59746492","59746801","33","2132975"
"chr1","62189431","62189730","chr2","47824467","47824767","29","14364964"
"chr1","62287974","62288210","chr1","61412680","61412916","16","875294"
"chr1","62584687","62584845","chr7","136362895","136363045","34","73778208"
"chr1","62637679","62637988","chrX","52884540","52884848","28","9753139"
"chr1","62692460","62692771","chr7","127065845","127066144","38","64373385"
"chr1","62747111","62747412","chr1","160978135","160978440","36","98231024"
"chr1","62765818","62766082","chr9","26510639","26510906","44","36255179"
"chr1","63217285","63217526","chr1","62335664","62335901","29","881621"
"chr1","63228229","63228542","chr7","43055166","43055471","39","20173063"
"chr1","63293063","63293229","chr19","32419513","32419677","24","30873550"
"chr1","63310632","63310933","chr1","62421157","62421453","31","889475"
"chr1","63812056","63812386","chr4","127759466","127759795","58","63947410"
"chr1","63872458","63872631","chr20","27267477","27267649","26","36604981"
"chr1","63880139","63880416","chr13","63744043","63744310","45","136096"
"chr1","63885094","63885343","chr12","1645361","1645609","32","62239733"
"chr1","63885653","63885695","chr8","38311974","38312019","14","25573679"
"chr1","63989768","63989999","chr2","95044875","95045105","37","31055107"
"chr1","64007590","64007889","chr2","145905786","145906087","26","81898196"
"chr1","64139234","64139525","chr1","21747965","21748260","36","42391269"
"chr1","64915470","64915653","chr9","62270006","62270180","28","2645464"
"chr1","64917714","64918001","chr6","58275049","58275340","27","6642665"
"chr1","65034020","65034330","chr12","19620918","19621225","38","45413102"
"chr1","65049580","65049864","chr1","64137486","64137759","35","912094"
"chr1","65331537","65331833","chr3","166840746","166841039","28","101509209"
"chr1","65700881","65701179","chr7","55734086","55734382","30","9966795"
"chr1","65718877","65719189","chr16","7665162","7665473","43","58053715"
"chr1","65882101","65882396","chrX","63053911","63054208","37","2828190"
"chr1","65898652","65898918","chr20","57729988","57730258","39","8168664"
"chr1","66125623","66125922","chr17","84967578","84967871","40","18841955"
"chr1","66356008","66356303","chr1","61388678","61388976","30","4967330"
"chr1","66394684","66394981","chr1","65542443","65542747","26","852241"
"chr1","67014062","67014361","chr16","68919271","68919568","36","1905209"
"chr1","67282180","67282471","chr4","21309683","21309973","34","45972497"
"chr1","67433046","67433335","chr1","66578973","66579259","20","854073"
"chr1","67588990","67589281","chr15","108424452","108424741","31","40835462"
"chr1","67690454","67690763","chr1","66829889","66830199","25","860565"
"chr1","67777623","67777896","chr1","66934165","66934433","24","843458"
"chr1","67917508","67917757","chr1","139875605","139875857","49","71958097"
"chr1","68129913","68130219","chr13","39352330","39352639","30","28777583"
"chr1","68422553","68422832","chr14","12933847","12934125","33","55488706"
"chr1","68470161","68470489","chr13","90075848","90076160","54","21605687"
"chr1","68543388","68543683","chrX","85895381","85895675","39","17351993"
"chr1","68616659","68616960","chr1","67769856","67770157","30","846803"
"chr1","68627044","68627205","chr16","30221706","30221869","25","38405338"
"chr1","68917976","68918288","chr1","27284247","27284553","34","41633729"
"chr1","69252314","69252563","chr6","80560209","80560447","64","11307895"
"chr1","69293094","69293389","chr8","8325984","8326278","38","60967110"
"chr1","70346405","70346711","chr7","155405368","155405669","41","85058963"
"chr1","70876615","70876907","chr3","157812231","157812533","48","86935616"
"chr1","70877069","70877351","chrX","12237021","12237319","41","58640048"
"chr1","70939586","70939831","chr14","103756238","103756462","49","32816652"
"chr1","70967337","70967650","chrX","130126302","130126612","36","59158965"
"chr1","71131534","71131843","chr1","70314396","70314698","35","817138"
"chr1","71153146","71153457","chr1","160978135","160978440","34","89824989"
"chr1","71172333","71172590","chr13","32416458","32416723","37","38755875"
"chr1","71280885","71281186","chr1","101866711","101867013","31","30585826"
"chr1","71404130","71404447","chrX","130126302","130126612","37","58722172"
"chr1","71475950","71476234","chr1","70714470","70714765","39","761480"
"chr1","71681469","71681774","chrX","85948167","85948472","39","14266698"
"chr1","71969623","71969926","chr4","6021240","6021544","38","65948383"
"chr1","71976214","71976524","chr1","71226997","71227306","37","749217"
"chr1","72086940","72087227","chr7","23493750","23494033","36","48593190"
"chr1","72194835","72195122","chr6","130404322","130404612","37","58209487"
"chr1","72394892","72395191","chrX","80243775","80244076","36","7848883"
"chr1","72435391","72435682","chr5","41819509","41819795","32","30615882"
"chr1","73024254","73024541","chr1","72285782","72286066","34","738472"
"chr1","73067790","73067964","chr5","46476035","46476209","32","26591755"
"chr1","73653696","73653877","chr6","67570862","67571028","49","6082834"
"chr1","73763598","73763894","chrX","47295423","47295720","32","26468175"
"chr1","73909287","73909599","chrX","12875429","12875734","42","61033858"
"chr1","74473792","74474091","chr20","54448223","54448522","28","20025569"
"chr1","74598504","74598803","chr19","45770144","45770438","30","28828360"
"chr1","74722694","74723018","chr8","137306354","137306676","42","62583660"
"chr1","75127413","75127677","chr1","74416681","74416941","27","710732"
"chr1","75128532","75128830","chr1","42018653","42018950","31","33109879"
"chr1","75253696","75253994","chr20","28697028","28697324","27","46556668"
"chr1","75364929","75365240","chr4","132543231","132543546","36","57178302"
"chr1","75777755","75778010","chr20","25116062","25116321","42","50661693"
"chr1","75864480","75864769","chr4","21309683","21309973","31","54554797"
"chr1","76123922","76124235","chr13","31472571","31472878","39","44651351"
"chr1","76353171","76353481","chr1","65262119","65262422","33","11091052"
"chr1","76398908","76399212","chr1","75719860","75720159","28","679048"
"chr1","76477699","76478000","chr1","75794575","75794875","23","683124"
"chr1","77168228","77168527","chr14","118913053","118913356","31","41744825"
"chr1","78144523","78144814","chr1","77535189","77535477","30","609334"
"chr1","78250190","78250493","chr1","77635905","77636216","30","614285"
"chr1","78454580","78454748","chr19","4850434","4850601","28","73604146"
"chr1","78498597","78498763","chr20","27267477","27267649","33","51231120"
"chr1","78604012","78604215","chr13","81318413","81318616","49","2714401"
"chr1","78663115","78663418","chr19","36556554","36556855","38","42106561"
"chr1","78679969","78680148","chr14","65906212","65906384","27","12773757"
"chr1","78785154","78785455","chr1","38218968","38219269","27","40566186"
"chr1","78870710","78871012","chr2","84060483","84060788","37","5189773"
"chr1","80048725","80049014","chr5","727768","728058","33","79320957"
"chr1","81158457","81158766","chr4","5955341","5955651","35","75203116"
"chr1","81389744","81390041","chr15","87598388","87598685","30","6208644"
"chr1","81413272","81413582","chr12","110575162","110575468","38","29161890"
"chr1","81511668","81511950","chr18","42558014","42558296","32","38953654"
"chr1","81596361","81596569","chr1","81038043","81038256","28","558318"
"chr1","81597170","81597346","chr14","65906212","65906384","28","15690958"
"chr1","82073356","82073655","chr4","59329789","59330072","47","22743567"
"chr1","82379138","82379436","chr11","91249259","91249558","29","8870121"
"chr1","82493287","82493577","chr15","108424452","108424741","30","25931165"
"chr1","82943818","82944125","chr1","82370484","82370795","34","573334"
"chr1","83086302","83086476","chr3","127934070","127934247","29","44847768"
"chr1","83213590","83213894","chr13","34022342","34022647","29","49191248"
"chr1","83232353","83232659","chr16","49859671","49859977","38","33372682"
"chr1","83593287","83593586","chr1","83087404","83087687","33","505883"
"chr1","84051762","84052072","chr4","5357211","5357521","36","78694551"
"chr1","84131390","84131556","chr5","139059636","139059807","24","54928246"
"chr1","84163257","84163555","chr19","2910150","2910450","34","81253107"
"chr1","84204474","84204737","chr5","133076217","133076473","40","48871743"
"chr1","84209574","84209869","chr2","111207683","111207982","34","26998109"
"chr1","84586894","84587199","chr8","102066272","102066577","36","17479378"
"chr1","84605062","84605216","chr15","47630117","47630267","33","36974945"
"chr1","84753752","84754063","chr5","147006633","147006940","38","62252881"
"chr1","84862809","84863112","chr6","177249478","177249776","34","92386669"
"chr1","85223525","85223823","chr8","8325984","8326278","38","76897541"
"chr1","85565931","85566220","chr6","68118487","68118775","38","17447444"
"chr1","85771683","85771982","chr2","64819781","64820080","36","20951902"
"chr1","85798435","85798700","chr8","41693255","41693521","38","44105180"
"chr1","85817145","85817463","chr9","99875309","99875645","58","14058164"
"chr1","85842948","85843100","chr1","35561294","35561462","37","50281654"
"chr1","86045498","86045802","chr9","38866048","38866350","41","47179450"
"chr1","86184227","86184534","chrX","872740","873049","37","85311487"
"chr1","86409220","86409441","chr8","103455867","103456083","37","17046647"
"chr1","86434073","86434386","chrX","52884540","52884848","33","33549533"
"chr1","86628323","86628562","chr13","74298541","74298781","30","12329782"
"chr1","86680617","86680920","chr1","34437740","34438040","29","52242877"
"chr1","86743001","86743310","chrX","52884540","52884848","33","33858461"
"chr1","87555708","87555994","chr7","23493750","23494033","27","64061958"
"chr1","87604974","87605298","chr1","87027258","87027590","37","577716"
"chr1","87627136","87627437","chr7","4130383","4130674","38","83496753"
"chr1","87633782","87634071","chr1","52429062","52429352","31","35204720"
"chr1","88111205","88111360","chr15","6911024","6911192","30","81200181"
"chr1","88187305","88187466","chr1","110065444","110065608","36","21878139"
"chr1","88207101","88207407","chr4","5357211","5357521","38","82849890"
"chr1","88489961","88490269","chr1","92307477","92307785","34","3817516"
"chr1","88490714","88491035","chr3","97673764","97674072","33","9183050"
"chr1","88511263","88511569","chrX","130126302","130126612","28","41615039"
"chr1","88739363","88739656","chr7","131629510","131629800","36","42890147"
"chr1","88748614","88748821","chrX","78427195","78427409","40","10321419"
"chr1","88960960","88961260","chr1","88359759","88360060","31","601201"
"chr1","89601843","89602150","chr1","54184910","54185214","35","35416933"
"chr1","89648389","89648676","chr7","19039688","19039974","25","70608701"
"chr1","89770580","89770694","chr19","17707348","17707458","34","72063232"
"chr1","89771385","89771549","chr11","40229761","40229928","21","49541624"
"chr1","90166072","90166369","chr2","68986282","68986581","39","21179790"
"chr1","90378726","90379021","chr3","142446579","142446870","29","52067853"
"chr1","90621042","90621351","chr4","18420552","18420859","35","72200490"
"chr1","90887045","90887277","chr9","64044085","64044308","38","26842960"
"chr1","91459013","91459146","chr14","86213541","86213679","24","5245472"
"chr1","91459592","91459715","chr7","3648918","3649043","30","87810674"
"chr1","91857581","91857862","chr3","49347231","49347511","39","42510350"
"chr1","91971814","91972117","chr14","118913053","118913356","37","26941239"
"chr1","92442983","92443287","chr1","92307477","92307785","25","135506"
"chr1","92618534","92618810","chr9","70994017","70994303","38","21624517"
"chr1","92640717","92641021","chr1","61388678","61388976","37","31252039"
"chr1","92657926","92658226","chr11","56089370","56089672","28","36568556"
"chr1","92749721","92749997","chr18","9429183","9429461","42","83320538"
"chr1","92755477","92755772","chr1","130574287","130574581","23","37818810"
"chr1","92881994","92882296","chr19","50863135","50863438","30","42018859"
"chr1","92954552","92954850","chr2","140670437","140670742","38","47715885"
"chr1","93191875","93192166","chr1","93048437","93048711","36","143438"
"chr1","93413652","93413927","chr5","41819509","41819795","36","51594143"
"chr1","93439037","93439308","chr2","56486018","56486290","29","36953019"
"chr1","93827823","93828115","chr8","19067854","19068150","34","74759969"
"chr1","93839525","93839827","chr5","188648995","188649286","33","94809470"
"chr1","93862908","93863203","chr1","186481096","186481392","31","92618188"
"chr1","93939421","93939715","chr1","23507101","23507386","29","70432320"
"chr1","94100476","94100738","chr12","81755596","81755855","29","12344880"
"chr1","94126006","94126287","chr15","44422532","44422812","43","49703474"
"chr1","94200953","94201109","chr7","3648725","3648875","39","90552228"
"chr1","94282023","94282202","chr1","35561294","35561462","44","58720729"
"chr1","94412746","94413035","chr1","38750532","38750829","34","55662214"
"chr1","94708787","94709073","chr13","63266027","63266304","41","31442760"
"chr1","94754806","94755108","chr2","159662942","159663249","38","64908136"
"chr1","95017357","95017648","chr7","96348171","96348464","35","1330814"
"chr1","95204629","95204904","chr7","160281339","160281619","31","65076710"
"chr1","95526170","95526443","chr16","74193743","74194017","40","21332427"
"chr1","95655729","95656037","chr20","41615482","41615793","40","54040247"
"chr1","95741370","95741691","chr1","95648230","95648547","33","93140"
"chr1","95759338","95759626","chr1","24622085","24622374","27","71137253"
"chr1","95838154","95838464","chr1","127348276","127348585","43","31510122"
"chr1","95873023","95873325","chr2","188958577","188958874","31","93085554"
"chr1","95997296","95997597","chr3","74700651","74700954","34","21296645"
"chr1","96458802","96459100","chr2","175084557","175084856","35","78625755"
"chr1","96680574","96680741","chr7","129362850","129363013","31","32682276"
"chr1","98532814","98533093","chr1","98518001","98518284","37","14813"
"chr1","98549898","98550200","chr3","95674476","95674775","37","2875422"
"chr1","98774945","98775243","chr1","98776850","98777144","29","1905"
"chr1","100097645","100097949","chr12","5553955","5554255","38","94543690"
"chr1","100194120","100194401","chr3","61219427","61219705","37","38974693"
"chr1","100668220","100668407","chrX","147147954","147148141","33","46479734"
"chr1","100843980","100844286","chr1","44043450","44043760","32","56800530"
"chr1","100921915","100922225","chr13","90075848","90076160","38","10846067"
"chr1","100975508","100975784","chr1","101017744","101018041","44","42236"
"chr1","101051881","101051933","chr3","34903811","34903857","18","66148070"
"chr1","101061083","101061252","chr2","49127094","49127264","31","51933989"
"chr1","101233273","101233587","chrX","130126302","130126612","34","28893029"
"chr1","101748809","101749112","chr3","105975983","105976283","36","4227174"
"chr1","101833351","101833646","chr1","101866711","101867013","36","33360"
"chr1","101960250","101960551","chr7","61608289","61608587","34","40351961"
"chr1","101986183","101986467","chr1","19888368","19888653","29","82097815"
"chr1","102011915","102012209","chr2","47824467","47824767","35","54187448"
"chr1","102094995","102095292","chr1","58595645","58595942","35","43499350"
"chr1","102213123","102213433","chr1","102244612","102244915","35","31489"
"chr1","102920516","102920811","chr1","102980312","102980608","32","59796"
"chr1","103416409","103416695","chr13","107738803","107739094","40","4322394"
"chr1","103851663","103851954","chr1","103818209","103818503","35","33454"
"chr1","104082869","104083153","chr1","104037871","104038147","40","44998"
"chr1","104192317","104192584","chr1","104151974","104152242","35","40343"
"chr1","104499828","104500000","chr1","134845532","134845706","29","30345704"
"chr1","104525282","104525592","chr4","5955341","5955651","32","98569941"
"chr1","104757492","104757797","chr1","104565457","104565761","28","192035"
"chr1","105268749","105269034","chr2","141170618","141170902","37","35901869"
"chr1","105308140","105308428","chr2","109381027","109381314","28","4072887"
"chr1","106330815","106331022","chr10","38389892","38390091","30","67940923"
"chr1","106857914","106858109","chr19","12959091","12959278","39","93898823"
"chr1","106961248","106961532","chr12","85283744","85284027","35","21677504"
"chr1","107279154","107279463","chr2","42661896","42662205","36","64617258"
"chr1","107384925","107385213","chr11","108584077","108584374","40","1199152"
"chr1","107662542","107662850","chr12","110575162","110575468","40","2912620"
"chr1","108182322","108182637","chr9","7385309","7385636","43","100797013"
"chr1","108851284","108851588","chr14","118913053","118913356","31","10061769"
"chr1","108863548","108863855","chr7","84199628","84199929","33","24663920"
"chr1","109014003","109014314","chr7","41610323","41610635","39","67403680"
"chr1","109674866","109675035","chr1","35561294","35561462","38","74113572"
"chr1","109687045","109687328","chr6","35829683","35829957","50","73857362"
"chr1","109689206","109689500","chr20","30937004","30937299","25","78752202"
"chr1","109710695","109710865","chr9","62270006","62270180","22","47440689"
"chr1","109796500","109796795","chr10","73354021","73354316","34","36442479"
"chr1","109830148","109830454","chr1","110043643","110043954","23","213495"
"chr1","110020065","110020373","chr1","110290194","110290501","35","270129"
"chr1","110271071","110271353","chr8","45531730","45532018","43","64739341"
"chr1","110341576","110341884","chr3","44749352","44749659","43","65592224"
"chr1","111084834","111085000","chr9","62270006","62270180","38","48814828"
"chr1","111104609","111104911","chr3","7367921","7368221","36","103736688"
"chr1","111386877","111387164","chr1","122709600","122709901","35","11322723"
"chr1","111795101","111795413","chr7","43392881","43393188","42","68402220"
"chr1","111892047","111892351","chr1","54184910","54185214","31","57707137"
"chr1","111923787","111924024","chr3","46312008","46312249","32","65611779"
"chr1","112707996","112708311","chr8","65019239","65019549","31","47688757"
"chr1","112802928","112803240","chr1","130574287","130574581","47","17771359"
"chr1","112809580","112809881","chr14","118913053","118913356","30","6103473"
"chr1","112921813","112922113","chr17","71586124","71586424","30","41335689"
"chr1","112939651","112939950","chr14","2713092","2713395","27","110226559"
"chr1","113008418","113008745","chr3","157788333","157788655","42","44779915"
"chr1","113109653","113109967","chr16","52683881","52684192","36","60425772"
"chr1","113313915","113314193","chrX","30317725","30318004","32","82996190"
"chr1","113380115","113380415","chr1","121362548","121362855","32","7982433"
"chr1","113506308","113506610","chr13","47304187","47304496","45","66202121"
"chr1","113690169","113690476","chr10","72031369","72031681","34","41658800"
"chr1","113706458","113706732","chrX","1084075","1084356","38","112622383"
"chr1","113715775","113716070","chr4","3379423","3379712","29","110336352"
"chr1","116799538","116799840","chr1","54184910","54185214","35","62614628"
"chr1","116820754","116821033","chr2","143894240","143894518","39","27073486"
"chr1","116941231","116941540","chr5","51423127","51423433","37","65518104"
"chr1","117358568","117358857","chr11","108584077","108584374","37","8774491"
"chr1","117468531","117468792","chr5","175099779","175100038","39","57631248"
"chr1","118641404","118641709","chr3","81656161","81656467","34","36985243"
"chr1","118920892","118921186","chr6","147351072","147351371","38","28430180"
"chr1","119114735","119115043","chr10","663232","663537","47","118451503"
"chr1","119467095","119467393","chr6","177249478","177249776","33","57782383"
"chr1","119512176","119512481","chr19","50863135","50863438","31","68649041"
"chr1","119722243","119722413","chr4","38157909","38158081","26","81564334"
"chr1","120171244","120171548","chr2","31102788","31103098","39","89068456"
"chr1","120232042","120232336","chr8","98768063","98768356","31","21463979"
"chr1","120232828","120233027","chr19","53087200","53087382","39","67145628"
"chr1","120492499","120492699","chr6","63630625","63630830","31","56861874"
"chr1","120492726","120493017","chr5","112229810","112230105","36","8262916"
"chr1","120658953","120659263","chr14","103953537","103953843","37","16705416"
"chr1","120792086","120792392","chr3","24845532","24845839","33","95946554"
"chr1","120844041","120844269","chr11","46544888","46545108","24","74299153"
"chr1","121380960","121381254","chr1","116458439","116458738","31","4922521"
"chr1","121945124","121945303","chr5","46476035","46476209","37","75469089"
"chr1","122101084","122101393","chr16","67304548","67304851","33","54796536"
"chr1","122106685","122106828","chrX","113339578","113339718","23","8767107"
"chr1","122124274","122124438","chr7","129362850","129363013","25","7238576"
"chr1","122224442","122224736","chr1","31286549","31286843","31","90937893"
"chr1","122297254","122297558","chr13","10819543","10819845","31","111477711"
"chr1","122388817","122389103","chr2","133188295","133188581","33","10799478"
"chr1","122901241","122901537","chr1","114903722","114904031","35","7997519"
"chr1","123045762","123045936","chr19","41091494","41091668","46","81954268"
"chr1","123077824","123078137","chr1","7768760","7769067","33","115309064"
"chr1","123162838","123163086","chr1","114647836","114648084","25","8515002"
"chr1","123214833","123215012","chr5","46476035","46476209","30","76738798"
"chr1","123344170","123344481","chr19","15978488","15978799","29","107365682"
"chr1","123346286","123346597","chrX","872740","873049","29","122473546"
"chr1","123696622","123696924","chr1","25380611","25380914","39","98316011"
"chr1","123757643","123757941","chr1","61388678","61388976","30","62368965"
"chr1","123800165","123800477","chr1","134515296","134515607","40","10715131"
"chr1","123802309","123802618","chr13","107405157","107405464","41","16397152"
"chr1","123948237","123948536","chr15","9795181","9795478","30","114153056"
"chr1","123970061","123970368","chr13","10819543","10819845","31","113150518"
"chr1","123986274","123986577","chr17","54724383","54724682","44","69261891"
"chr1","123986632","123986941","chr1","113814141","113814444","34","10172491"
"chr1","124021954","124022248","chr2","57288005","57288297","34","66733949"
"chr1","124036694","124037007","chr5","24028300","24028608","39","100008394"
"chr1","124148262","124148556","chr1","42018653","42018950","39","82129609"
"chr1","124149247","124149547","chr1","113656690","113656993","26","10492557"
"chr1","124239937","124240229","chr3","26174329","26174623","33","98065608"
"chr1","124245460","124245759","chr7","61608289","61608587","36","62637171"
"chr1","124342503","124342804","chr4","127927024","127927326","37","3584521"
"chr1","124382908","124383211","chr1","113416703","113417005","29","10966205"
"chr1","124389802","124390137","chr1","113409386","113409735","59","10980416"
"chr1","124392728","124393022","chr5","93079361","93079652","32","31313367"
"chr1","124577337","124577588","chr14","101798310","101798563","30","22779027"
"chr1","125220713","125221020","chr1","54184910","54185214","32","71035803"
"chr1","125263350","125263645","chr10","73354021","73354316","31","51909329"
"chr1","125677457","125677750","chr11","108584077","108584374","34","17093380"
"chr1","125705018","125705189","chr6","137838702","137838878","30","12133684"
"chr1","125745493","125745798","chr1","112098733","112099037","30","13646760"
"chr1","126334472","126334774","chr8","65531215","65531499","42","60803257"
"chr1","126477245","126477544","chr1","38218968","38219269","30","88258277"
"chr1","126566341","126566627","chr8","65531215","65531499","41","61035126"
"chr1","126662713","126663007","chr1","111208330","111208630","39","15454383"
"chr1","126819790","126820106","chr1","111050975","111051283","35","15768815"
"chr1","127155513","127155823","chr7","41475606","41475906","52","85679907"
"chr1","127173985","127174279","chr14","96364285","96364577","38","30809700"
"chr1","127298331","127298633","chr5","51423127","51423433","40","75875204"
"chr1","127529488","127529786","chr20","54448223","54448522","35","73081265"
"chr1","127701161","127701471","chr10","67242450","67242757","38","60458711"
"chr1","127719397","127719675","chr5","40158918","40159194","44","87560479"
"chr1","127741109","127741351","chr1","123279137","123279378","22","4461972"
"chr1","127878124","127878451","chr7","49467772","49468091","48","78410352"
"chr1","127975892","127976198","chr14","2713092","2713395","37","125262800"
"chr1","128200433","128200740","chr4","88700124","88700424","37","39500309"
"chr1","128273118","128273401","chr5","51793555","51793837","34","76479563"
"chr1","128284893","128285200","chr3","81656161","81656467","36","46628732"
"chr1","128351634","128351918","chr1","22411003","22411299","37","105940631"
"chr1","128365310","128365471","chrX","51786687","51786849","25","76578623"
"chr1","128407368","128407496","chr16","75798194","75798317","29","52609174"
"chr1","128408187","128408300","chr17","39176643","39176754","16","89231544"
"chr1","128452573","128452882","chr1","30231088","30231396","31","98221485"
"chr1","128458436","128458735","chr20","54448223","54448522","29","74010213"
"chr1","128460000","128460287","chr13","9550833","9551123","25","118909167"
"chr1","128475102","128475386","chr1","124682197","124682484","30","3792905"
"chr1","128480726","128481033","chr4","108327631","108327935","32","20153095"
"chr1","128493045","128493345","chr11","32404347","32404645","33","96088698"
"chr1","128493711","128494025","chrX","872740","873049","44","127620971"
"chr1","128556632","128556817","chr17","39176135","39176331","43","89380497"
"chr1","128582741","128583049","chr2","173292462","173292764","33","44709721"
"chr1","128593344","128593424","chr11","127837568","127837636","25","755776"
"chr1","128674291","128674591","chr1","124884446","124884756","27","3789845"
"chr1","128722660","128722835","chrX","59842814","59842986","22","68879846"
"chr1","128832645","128832824","chrX","9762842","9763032","41","119069803"
"chr1","128835042","128835215","chr19","53087200","53087382","25","75747842"
"chr1","129002562","129002745","chrX","147147954","147148141","29","18145392"
"chr1","129003204","129003497","chrX","53373397","53373691","30","75629807"
"chr1","129049515","129049808","chr14","67296885","67297179","25","61752630"
"chr1","129106206","129106516","chr4","5955341","5955651","32","123150865"
"chr1","129106839","129107124","chr13","63266027","63266304","48","65840812"
"chr1","129140283","129140590","chr1","125425444","125425738","48","3714839"
"chr1","129163488","129163788","chr3","95674476","95674775","29","33489012"
"chr1","129197590","129197883","chr15","41981020","41981317","31","87216570"
"chr1","129282301","129282610","chr2","84060483","84060788","31","45221818"
"chr1","129336433","129336733","chr1","125641888","125642185","25","3694545"
"chr1","129368904","129369208","chr1","125679192","125679499","30","3689712"
"chr1","129379227","129379537","chr14","2713092","2713395","34","126666135"
"chr1","129404290","129404591","chr1","125715985","125716286","34","3688305"
"chr1","129407665","129407957","chr1","125719714","125720014","23","3687951"
"chr1","129437264","129437299","chr20","54495305","54495348","10","74941959"
"chr1","129437386","129437560","chr16","7509806","7509984","35","121927580"
"chr1","129475081","129475385","chr1","23437690","23437994","32","106037391"
"chr1","129482509","129482806","chr19","20231331","20231629","33","109251178"
"chr1","129544907","129545204","chr4","88700124","88700424","32","40844783"
"chr1","129689586","129689880","chr7","81869648","81869943","32","47819938"
"chr1","129694450","129694744","chr15","49035286","49035581","31","80659164"
"chr1","129725270","129725570","chr1","126045419","126045721","25","3679851"
"chr1","129816240","129816525","chr1","126136078","126136363","28","3680162"
"chr1","129819582","129819801","chr12","3659164","3659381","40","126160418"
"chr1","129887260","129887456","chrX","147147954","147148141","35","17260694"
"chr1","129887503","129887616","chr19","17279274","17279386","14","112608229"
"chr1","129992544","129992841","chr4","88700124","88700424","26","41292420"
"chr1","130034613","130034910","chr1","126359090","126359385","35","3675523"
"chr1","130080314","130080623","chr1","126403327","126403626","31","3676987"
"chr1","130151457","130151764","chr7","52277962","52278267","29","77873495"
"chr1","130251398","130251709","chr1","126617328","126617618","44","3634070"
"chr1","130279408","130279705","chr9","26215862","26216159","27","104063546"
"chr1","130282052","130282351","chr1","126649832","126650136","29","3632220"
"chr1","130326063","130326289","chr1","126693348","126693573","29","3632715"
"chr1","130378658","130378789","chr12","44446201","44446332","7","85932457"
"chr1","130379249","130379336","chr1","12339903","12339996","21","118039346"
"chr1","130803803","130804006","chr1","127140787","127140987","28","3663016"
"chr1","131042127","131042437","chr10","29826988","29827297","37","101215139"
"chr1","131185363","131185671","chr15","9923364","9923678","35","121261999"
"chr1","131312420","131312626","chr2","140771168","140771371","37","9458748"
"chr1","131534426","131534728","chr15","109857905","109858208","34","21676521"
"chr1","131589629","131589947","chr1","127949053","127949359","36","3640576"
"chr1","131720551","131720786","chr6","138283197","138283442","42","6562646"
"chr1","131753335","131753646","chr1","128094642","128094960","39","3658693"
"chr1","131845215","131845520","chr1","74013146","74013450","30","57832069"
"chr1","131878132","131878428","chr10","77075361","77075654","27","54802771"
"chr1","131881700","131881865","chr6","67570862","67571028","18","64310838"
"chr1","131918809","131919106","chr1","216542963","216543268","42","84624154"
"chr1","132033711","132033888","chr9","107100862","107101037","20","24932849"
"chr1","132138730","132139028","chr7","61608289","61608587","34","70530441"
"chr1","132143097","132143392","chr1","128489487","128489777","31","3653610"
"chr1","132143699","132143867","chr16","29014757","29014925","24","103128942"
"chr1","132154952","132155116","chr5","139059636","139059807","23","6904684"
"chr1","132163660","132163849","chr11","46935733","46935910","42","85227927"
"chr1","132176345","132176650","chrX","95082495","95082798","37","37093850"
"chr1","132322447","132322755","chr4","162478404","162478714","30","30155957"
"chr1","132363810","132364089","chr1","19608573","19608851","30","112755237"
"chr1","132614207","132614517","chr1","110290194","110290501","30","22324013"
"chr1","132626385","132626578","chr12","60498589","60498783","23","72127796"
"chr1","132642999","132643190","chr15","12186805","12187003","27","120456194"
"chr1","132743908","132744206","chr20","7935085","7935379","42","124808823"
"chr1","132870822","132871123","chr13","63438725","63439034","31","69432097"
"chr1","132934492","132934778","chr2","69218887","69219173","37","63715605"
"chr1","132951725","132952011","chrX","11640618","11640889","39","121311107"
"chr1","132974601","132974903","chr9","31201059","31201360","37","101773542"
"chr1","132977747","132978047","chr20","17795383","17795686","35","115182364"
"chr1","133288283","133288591","chr3","64175701","64176007","32","69112582"
"chr1","133369342","133369650","chr16","67304548","67304851","37","66064794"
"chr1","133413315","133413623","chr13","37665680","37665990","29","95747635"
"chr1","133478946","133479265","chr16","2402552","2402855","50","131076394"
"chr1","133602972","133603277","chr2","200778640","200778944","40","67175668"
"chr1","133603289","133603595","chr15","11779419","11779725","36","121823870"
"chr1","133653414","133653693","chr5","140049586","140049874","41","6396172"
"chr1","133731505","133731813","chr17","25517924","25518232","28","108213581"
"chr1","133785705","133785760","chr3","34903811","34903857","22","98881894"
"chr1","133812301","133812584","chr1","130250758","130251044","29","3561543"
"chr1","133837200","133837429","chr3","105853573","105853804","41","27983627"
"chr1","133840646","133840955","chr1","155244835","155245140","33","21404189"
"chr1","133914855","133915152","chr10","69419544","69419839","43","64495311"
"chr1","133951291","133951580","chr1","23507101","23507386","36","110444190"
"chr1","133978955","133979247","chr1","130306885","130307188","34","3672070"
"chr1","133980711","133981005","chr12","121351661","121351954","29","12629050"
"chr1","134023294","134023595","chrX","113459109","113459405","31","20564185"
"chr1","134027660","134027942","chr1","130354594","130354883","28","3673066"
"chr1","134062639","134062890","chr8","29256394","29256650","73","104806245"
"chr1","134094398","134094652","chr4","25833313","25833567","42","108261085"
"chr1","134142363","134142662","chr15","15837347","15837647","32","118305016"
"chr1","134241684","134241979","chr1","130574287","130574581","23","3667397"
"chr1","134282152","134282444","chr14","66326782","66327072","35","67955370"
"chr1","134292854","134293078","chr9","64044085","64044308","29","70248769"
"chr1","134308512","134308808","chr11","110456127","110456422","29","23852385"
"chr1","134308880","134309185","chr1","130644923","130645227","33","3663957"
"chr1","134349976","134350289","chr1","130691258","130691570","25","3658718"
"chr1","134426162","134426336","chr2","15318266","15318436","33","119107896"
"chr1","134514717","134515023","chr1","130827429","130827735","26","3687288"
"chr1","134525103","134525409","chr1","130838973","130839279","20","3686130"
"chr1","134586585","134586880","chr14","118913053","118913356","30","15673532"
"chr1","134602703","134602997","chr10","38772882","38773178","37","95829821"
"chr1","134603519","134603829","chr15","104401844","104402147","35","30201675"
"chr1","134613918","134614222","chr4","88700124","88700424","31","45913794"
"chr1","134699566","134699856","chr8","68240085","68240375","26","66459481"
"chr1","134707713","134708020","chr8","105120121","105120431","32","29587592"
"chr1","134770281","134770573","chr19","1147467","1147760","32","133622814"
"chr1","135087421","135087587","chr4","62431007","62431163","27","72656414"
"chr1","135321008","135321313","chr9","69304889","69305190","32","66016119"
"chr1","135871092","135871388","chr12","65164674","65164968","33","70706418"
"chr1","135903073","135903363","chr1","132241379","132241676","23","3661694"
"chr1","136017545","136017829","chr1","132352523","132352806","23","3665022"
"chr1","136161789","136162094","chr1","102244612","102244915","41","33917177"
"chr1","136301903","136302204","chr7","113241613","113241916","35","23060290"
"chr1","136412439","136412742","chr1","54184910","54185214","30","82227529"
"chr1","136649005","136649297","chr5","184105008","184105299","32","47456003"
"chr1","136669568","136669864","chr1","128681611","128681907","30","7987957"
"chr1","136672239","136672536","chr11","55009213","55009513","32","81663026"
"chr1","136842377","136842656","chr1","124490019","124490302","35","12352358"
"chr1","137133225","137133477","chr1","133523108","133523356","32","3610117"
"chr1","137348715","137349014","chr7","127065845","127066144","41","10282870"
"chr1","137355084","137355373","chr9","115259231","115259523","30","22095853"
"chr1","138050083","138050393","chr4","5357211","5357521","31","132692872"
"chr1","138124479","138124780","chr1","134515296","134515607","29","3609183"
"chr1","138125389","138125700","chr13","77166869","77167176","38","60958520"
"chr1","138484371","138484662","chr1","134876414","134876705","30","3607957"
"chr1","138673663","138673967","chr3","7367921","7368221","32","131305742"
"chr1","139102591","139102751","chr7","129362850","129363013","31","9739741"
"chr1","139131764","139132034","chr3","128496104","128496369","49","10635660"
"chr1","139304533","139304784","chrX","139763480","139763729","38","458947"
"chr1","139316795","139317097","chr1","45616847","45617163","54","93699948"
"chr1","139451567","139451876","chr1","135836397","135836693","30","3615170"
"chr1","139488949","139489251","chr1","135871276","135871577","23","3617673"
"chr1","139685407","139685709","chr15","33799492","33799802","33","105885915"
"chr1","139771437","139771741","chr1","54184910","54185214","26","85586527"
"chr1","139880310","139880629","chr4","5955341","5955651","36","133924969"
"chr1","139955987","139956256","chr8","102513127","102513399","37","37442860"
"chr1","140118807","140119104","chr1","136642501","136642799","24","3476306"
"chr1","140661440","140661752","chr1","137189576","137189895","47","3471864"
"chr1","140739895","140740196","chr1","137260556","137260862","37","3479339"
"chr1","140748271","140748570","chr11","55619571","55619869","20","85128700"
"chr1","140784203","140784389","chr5","740668","740849","36","140043535"
"chr1","140810086","140810289","chr10","38146263","38146468","27","102663823"
"chr1","140876379","140876683","chr1","137401738","137402041","27","3474641"
"chr1","141643262","141643424","chr18","12359809","12359972","19","129283453"
"chr1","141806062","141806145","chr16","61274124","61274213","27","80531938"
"chr1","142717506","142717807","chr6","173896362","173896661","32","31178856"
"chr1","142909502","142909667","chr3","183324547","183324710","24","40415045"
"chr1","142992630","142992926","chr3","124912332","124912633","35","18080298"
"chr1","143112334","143112590","chr20","25116062","25116321","45","117996272"
"chr1","143116510","143116793","chr1","22411003","22411299","41","120705507"
"chr1","143572247","143572500","chr2","98285830","98286085","42","45286417"
"chr1","143732191","143732391","chr4","57384832","57385028","64","86347359"
"chr1","143766023","143766350","chr17","7840699","7841017","42","135925324"
"chr1","144076773","144077078","chr7","155405368","155405669","34","11328595"
"chr1","144173212","144173522","chr1","201785752","201786062","30","57612540"
"chr1","144259701","144259993","chr1","201700752","201701050","35","57441051"
"chr1","144329418","144329727","chr1","201630796","201631099","33","57301378"
"chr1","144349785","144350004","chr1","201610677","201610899","32","57260892"
"chr1","144612589","144612873","chr5","51793555","51793837","44","92819034"
"chr1","144802614","144802913","chr20","11774907","11775200","31","133027707"
"chr1","145235978","145236267","chr1","200849286","200849575","29","55613308"
"chr1","145749836","145750139","chr1","200298643","200298950","35","54548807"
"chr1","145840174","145840483","chrX","85355193","85355503","37","60484981"
"chr1","146046194","146046495","chr1","200005770","200006067","31","53959576"
"chr1","146149365","146149581","chr4","4618631","4618854","34","141530734"
"chr1","146208791","146209096","chr5","85045085","85045391","32","61163706"
"chr1","146212420","146212717","chr6","177249478","177249776","35","31037058"
"chr1","146357907","146358183","chr1","199706072","199706361","37","53348165"
"chr1","146386886","146387179","chr1","199847714","199848008","36","53460828"
"chr1","146394813","146395114","chr1","199667973","199668274","29","53273160"
"chr1","146430244","146430447","chr13","81318413","81318616","32","65111831"
"chr1","146448394","146448620","chr9","28957532","28957760","30","117490862"
"chr1","146558895","146559086","chrX","147147954","147148141","35","589059"
"chr1","147554404","147554701","chr6","173896362","173896661","31","26341958"
"chr1","148035292","148035606","chr9","105321199","105321510","41","42714093"
"chr1","148039259","148039576","chrX","872740","873049","41","147166519"
"chr1","148099062","148099354","chr1","197923289","197923582","32","49824227"
"chr1","148309425","148309600","chr20","27267477","27267649","24","121041948"
"chr1","148734321","148734595","chr20","68769503","68769770","39","79964818"
"chr1","149313656","149313967","chr13","39352330","39352639","38","109961326"
"chr1","149487517","149487808","chr13","92512308","92512602","32","56975209"
"chr1","149699547","149699806","chr2","80029263","80029536","46","69670284"
"chr1","149700184","149700337","chr3","76215454","76215617","57","73484730"
"chr1","149846660","149846968","chr4","6021240","6021544","37","143825420"
"chr1","149851310","149851606","chr8","92404472","92404769","30","57446838"
"chr1","149876703","149876971","chr1","196131260","196131528","19","46254557"
"chr1","149922202","149922505","chr3","156134099","156134393","34","6211897"
"chr1","150173454","150173623","chr17","73812101","73812266","23","76361353"
"chr1","150589536","150589816","chr1","195428937","195429211","40","44839401"
"chr1","150626135","150626442","chr6","176790550","176790858","37","26164415"
"chr1","151500003","151500165","chr20","58915972","58916128","26","92584031"
"chr1","151717704","151718009","chr1","34437740","34438040","46","117279964"
"chr1","151974420","151974728","chrX","130126302","130126612","36","21848118"
"chr1","152074355","152074632","chr16","68115412","68115689","47","83958943"
"chr1","152152589","152152902","chr16","51138203","51138510","41","101014386"
"chr1","152212546","152212841","chr8","41718631","41718927","28","110493915"
"chr1","152319290","152319621","chrX","47883388","47883714","49","104435902"
"chr1","152412329","152412504","chr5","46476035","46476209","30","105936294"
"chr1","152439595","152439896","chr8","115461075","115461370","35","36978520"
"chr1","152459365","152459481","chr14","113311902","113312011","33","39147463"
"chr1","152511967","152512262","chr2","192181403","192181698","32","39669436"
"chr1","152663850","152663951","chr14","113311902","113312011","39","39351948"
"chr1","152684436","152684718","chr7","134729414","134729694","43","17955022"
"chr1","152716300","152716601","chr6","132127364","132127664","32","20588936"
"chr1","152778407","152778700","chr11","110456127","110456422","35","42322280"
"chr1","153016931","153017262","chr13","11081854","11082163","72","141935077"
"chr1","153037923","153038048","chr7","3648918","3649043","14","149389005"
"chr1","153038201","153038381","chr5","139059636","139059807","28","13978565"
"chr1","153344645","153344952","chr9","11808612","11808914","30","141536033"
"chr1","153400145","153400425","chr2","80029263","80029536","36","73370882"
"chr1","153482894","153483189","chr7","166020953","166021249","30","12538059"
"chr1","153740859","153741132","chr1","204307037","204307312","38","50566178"
"chr1","153806294","153806591","chr1","192252101","192252401","27","38445807"
"chr1","153826434","153826699","chr12","64337051","64337315","36","89489383"
"chr1","153882284","153882582","chr1","192175113","192175405","32","38292829"
"chr1","153947224","153947520","chr3","123444667","123444969","30","30502557"
"chr1","154316875","154317172","chr1","186481096","186481392","32","32164221"
"chr1","154454703","154455018","chr3","43514952","43515258","41","110939751"
"chr1","154484016","154484284","chr5","47641588","47641868","49","106842428"
"chr1","154696825","154697137","chr9","6051573","6051887","35","148645252"
"chr1","154788813","154789123","chr6","100121414","100121725","38","54667399"
"chr1","154922208","154922418","chr6","60203539","60203751","37","94718669"
"chr1","155281129","155281427","chr9","64106021","64106313","35","91175108"
"chr1","155599132","155599431","chr2","202940544","202940846","34","47341412"
"chr1","155657023","155657332","chr1","190429466","190429772","27","34772443"
"chr1","155668277","155668586","chr6","165097221","165097526","38","9428944"
"chr1","156570362","156570566","chr17","39176135","39176331","41","117394227"
"chr1","156592192","156592500","chr1","189431975","189432284","26","32839783"
"chr1","156598152","156598413","chr15","11403740","11404014","60","145194412"
"chr1","156779126","156779422","chr1","189225554","189225840","26","32446428"
"chr1","156788427","156788548","chr1","12339903","12339996","43","144448524"
"chr1","156788549","156788588","chr6","43604702","43604741","15","113183847"
"chr1","157091379","157091678","chr12","115108242","115108542","33","41983137"
"chr1","157246985","157247296","chr17","25517924","25518232","37","131729061"
"chr1","157417983","157418290","chr2","56202032","56202338","28","101215951"
"chr1","157520632","157520815","chr4","81387997","81388176","35","76132635"
"chr1","157688573","157688902","chr11","108034722","108035047","40","49653851"
"chr1","157717116","157717426","chr1","54184910","54185214","38","103532206"
"chr1","157787186","157787476","chr1","56044044","56044339","40","101743142"
"chr1","157806117","157806373","chr1","188200115","188200372","21","30393998"
"chr1","157832762","157833057","chr5","188582053","188582349","36","30749291"
"chr1","157859548","157859826","chr1","188146111","188146407","42","30286563"
"chr1","157878382","157878662","chr9","63671180","63671467","72","94207202"
"chr1","157908464","157908763","chr18","35061001","35061290","29","122847463"
"chr1","157966288","157966467","chr1","27619548","27619722","30","130346740"
"chr1","158095821","158096119","chr19","28815383","28815684","32","129280438"
"chr1","158166212","158166504","chr3","161716772","161717066","29","3550560"
"chr1","158345612","158345908","chr1","187588776","187589069","29","29243164"
"chr1","158427127","158427421","chr6","90815309","90815607","39","67611818"
"chr1","158653198","158653518","chr12","63233292","63233601","36","95419906"
"chr1","158810191","158810448","chr18","9603041","9603307","41","149207150"
"chr1","158810945","158811194","chr8","63635038","63635288","43","95175907"
"chr1","158864288","158864584","chr6","92500425","92500727","39","66363863"
"chr1","158881919","158882215","chr6","155329774","155330069","30","3552145"
"chr1","159106246","159106553","chr12","110372278","110372588","35","48733968"
"chr1","159127132","159127425","chr10","33062312","33062608","34","126064820"
"chr1","159270457","159270760","chr20","57205726","57206029","34","102064731"
"chr1","159437674","159437861","chrX","147147954","147148141","32","12289720"
"chr1","159453641","159453935","chr1","9659856","9660151","30","149793785"
"chr1","159544057","159544410","chr14","7416834","7417186","54","152127223"
"chr1","160761985","160762278","chr12","121351661","121351954","35","39410324"
"chr1","160798132","160798429","chr6","155329774","155330069","32","5468358"
"chr1","160824865","160825096","chr4","26193166","26193405","50","134631699"
"chr1","160865502","160865683","chr19","12959091","12959278","49","147906411"
"chr1","161327853","161328101","chr5","175086257","175086503","35","13758404"
"chr1","161379018","161379323","chrX","52884540","52884848","33","108494478"
"chr1","161413843","161414134","chr6","148834410","148834701","40","12579433"
"chr1","161475417","161475717","chr3","94063627","94063936","43","67411790"
"chr1","161647750","161648053","chr7","74256869","74257176","27","87390881"
"chr1","161708874","161709203","chr1","184244606","184244899","52","22535732"
"chr1","161742341","161742650","chr15","47419587","47419897","37","114322754"
"chr1","161758437","161758724","chr1","184149821","184150103","31","22391384"
"chr1","161774424","161774720","chr1","184133657","184133949","37","22359233"
"chr1","161857620","161857924","chr7","127065845","127066144","34","34791775"
"chr1","162004663","162004965","chr1","183909572","183909878","22","21904909"
"chr1","162008313","162008615","chr1","183905304","183905603","30","21896991"
"chr1","162137231","162137494","chr1","183769154","183769419","33","21631923"
"chr1","162238561","162238882","chr20","8659416","8659737","29","153579145"
"chr1","162288297","162288595","chr6","1092742","1093043","29","161195555"
"chr1","162314020","162314308","chr2","47824467","47824767","40","114489553"
"chr1","162575206","162575516","chr2","84060483","84060788","38","78514723"
"chr1","162729020","162729294","chr1","204307037","204307312","37","41578017"
"chr1","162816559","162816869","chr1","183052644","183052950","29","20236085"
"chr1","163527318","163527628","chr1","165996033","165996341","32","2468715"
"chr1","163684842","163685141","chr11","945405","945705","33","162739437"
"chr1","163691237","163691522","chr1","182140812","182141099","24","18449575"
"chr1","163694847","163695148","chr3","8024467","8024770","36","155670380"
"chr1","163732196","163732501","chrX","52884540","52884848","29","110847656"
"chr1","163948737","163949021","chr3","3673143","3673422","40","160275594"
"chr1","164017708","164018003","chr10","33062312","33062608","31","130955396"
"chr1","164314541","164314624","chr20","9097903","9097981","21","155216638"
"chr1","164323816","164323977","chr7","129362850","129363013","31","34960966"
"chr1","164564342","164564618","chr1","181290970","181291246","33","16726628"
"chr1","164636250","164636555","chr1","181222764","181223065","24","16586514"
"chr1","164693730","164694033","chrX","49310883","49311183","28","115382847"
"chr1","164802205","164802505","chr12","57397866","57398162","35","107404339"
"chr1","165280387","165280698","chr1","13457585","13457895","35","151822802"
"chr1","165665649","165665947","chr1","56254901","56255200","38","109410748"
"chr1","165718761","165719081","chr12","68409283","68409603","48","97309478"
"chr1","165759320","165759619","chr2","47824467","47824767","34","117934853"
"chr1","165891485","165891799","chr12","85215378","85215688","34","80676107"
"chr1","165989775","165990052","chr13","63266027","63266304","41","102723748"
"chr1","166401159","166401440","chr9","17787705","17787989","38","148613454"
"chr1","166671203","166671495","chr12","121351661","121351954","33","45319542"
"chr1","166721415","166721662","chr7","25415124","25415369","36","141306291"
"chr1","167275181","167275496","chrX","53714392","53714701","35","113560789"
"chr1","167829278","167829587","chrX","130126302","130126612","33","37702976"
"chr1","168272451","168272745","chr7","17914420","17914719","36","150358031"
"chr1","168767092","168767342","chr1","165861904","165862130","68","2905188"
"chr1","169610999","169611300","chr2","84295934","84296234","34","85315065"
"chr1","169824091","169824342","chr1","175810338","175810600","41","5986247"
"chr1","169942101","169942397","chr3","15260287","15260583","32","154681814"
"chr1","170015884","170016183","chr1","175619179","175619475","27","5603295"
"chr1","170331879","170332054","chr10","36085811","36085979","30","134246068"
"chr1","170428069","170428379","chr3","81656161","81656467","29","88771908"
"chr1","171030273","171030601","chr2","107039074","107039388","54","63991199"
"chr1","171121566","171121709","chr3","33493296","33493438","25","137628270"
"chr1","172228981","172229263","chr10","75294477","75294752","42","96934504"
"chr1","172980634","172980948","chr1","171074918","171075225","37","1905716"
"chr1","173538766","173539021","chr19","32741934","32742190","43","140796832"
"chr1","173888721","173889039","chr6","109200183","109200502","50","64688538"
"chr1","174292082","174292391","chrX","872740","873049","29","173419342"
"chr1","176030749","176031015","chr20","23852280","23852553","49","152178469"
"chr1","176034362","176034673","chr10","82665068","82665377","37","93369294"
"chr1","176729168","176729467","chr11","108584077","108584374","22","68145091"
"chr1","177431196","177431496","chr15","87598388","87598685","30","89832808"
"chr1","178010657","178010945","chr9","64106021","64106313","32","113904636"
"chr1","178621713","178621938","chr20","34321481","34321710","24","144300232"
"chr1","178629717","178630019","chr10","77075361","77075654","33","101554356"
"chr1","178679381","178679680","chr1","166807842","166808144","35","11871539"
"chr1","178707243","178707523","chr1","124490019","124490302","30","54217224"
"chr1","178742709","178743007","chr12","84493501","84493799","35","94249208"
"chr1","178819735","178820045","chrX","872740","873049","36","177946995"
"chr1","178832902","178833205","chr12","115108242","115108542","33","63724660"
"chr1","179002349","179002655","chr10","54460554","54460858","29","124541795"
"chr1","179032779","179033089","chr7","52277962","52278267","32","126754817"
"chr1","179041817","179042079","chr1","166459607","166459885","40","12582210"
"chr1","179058420","179058705","chrX","68503027","68503325","37","110555393"
"chr1","179061831","179062125","chr1","183905304","183905603","34","4843473"
"chr1","179143934","179144231","chr7","10757695","10757986","39","168386239"
"chr1","179156902","179157209","chr13","39352330","39352639","38","139804572"
"chr1","179275281","179275585","chr14","118913053","118913356","32","60362228"
"chr1","179311807","179312098","chr1","22411003","22411299","31","156900804"
"chr1","179626262","179626571","chrX","52884540","52884848","36","126741722"
"chr1","179680533","179680702","chr2","15318266","15318436","27","164362267"
"chr1","179821467","179821768","chr1","206153473","206153775","36","26332006"
"chr1","180112049","180112349","chr20","40335976","40336280","31","139776073"
"chr1","180550248","180550549","chr1","92520157","92520464","35","88030091"
"chr1","180569657","180569867","chr2","109496441","109496651","28","71073216"
"chr1","180740846","180741176","chr4","127759466","127759795","40","52981380"
"chr1","180749041","180749236","chr4","57384832","57385028","48","123364209"
"chr1","180786925","180787219","chr1","164745455","164745746","29","16041470"
"chr1","180843698","180843979","chr8","143418784","143419066","37","37424914"
"chr1","180849899","180850080","chr1","164674907","164675082","35","16174992"
"chr1","180850845","180851141","chr11","108584077","108584374","29","72266768"
"chr1","180891370","180891677","chr11","127450686","127450991","33","53440684"
"chr1","180891688","180891961","chr15","26206116","26206391","40","154685572"
"chr1","180917046","180917330","chr1","164603587","164603871","18","16313459"
"chr1","180921275","180921575","chr7","48676026","48676320","39","132245249"
"chr1","180927701","180927995","chr1","164593459","164593764","46","16334242"
"chr1","181036471","181036776","chr1","164489029","164489333","27","16547442"
"chr1","181142523","181142828","chrX","130126302","130126612","31","51016221"
"chr1","181179154","181179419","chr1","164350940","164351206","31","16828214"
"chr1","181189588","181189906","chr1","164340632","164340946","28","16848956"
"chr1","181231415","181231704","chrX","117589965","117590253","39","63641450"
"chr1","181234427","181234721","chr1","164295606","164295903","29","16938821"
"chr1","181558433","181558731","chr1","61388678","61388976","31","120169755"
"chr1","181667346","181667523","chr9","62270006","62270180","32","119397340"
"chr1","182193917","182194222","chr14","118913053","118913356","33","63280864"
"chr1","182195610","182195896","chr1","113227649","113227937","32","68967961"
"chr1","182197487","182197784","chr10","73354021","73354316","29","108843466"
"chr1","182338455","182338763","chrX","872740","873049","34","181465715"
"chr1","182383802","182384112","chr1","163056932","163057242","20","19326870"
"chr1","182397880","182398048","chr6","67570862","67571028","27","114827018"
"chr1","182493049","182493277","chr1","162948192","162948414","23","19544857"
"chr1","182548189","182548454","chr19","29797445","29797716","54","152750744"
"chr1","182553305","182553601","chr1","162892553","162892847","34","19660752"
"chr1","182577605","182577915","chr3","125864891","125865199","39","56712714"
"chr1","182605913","182606202","chr4","3379423","3379712","29","179226490"
"chr1","182656161","182656458","chr1","162795859","162796159","35","19860302"
"chr1","182710191","182710478","chr1","162744700","162744995","48","19965491"
"chr1","182763585","182763879","chr10","73354021","73354316","35","109409564"
"chr1","182852356","182852674","chr16","3520694","3521001","43","179331662"
"chr1","182866028","182866404","chr4","35325351","35325671","113","147540677"
"chr1","182903536","182903828","chr16","4729688","4729979","35","178173848"
"chr1","183249344","183249642","chr20","54448223","54448522","26","128801121"
"chr1","183250285","183250580","chr13","106164334","106164628","37","77085951"
"chr1","183257873","183258169","chr1","141969216","141969513","30","41288657"
"chr1","183323076","183323362","chr7","127065845","127066144","39","56257231"
"chr1","183326275","183326563","chr19","15122632","15122923","36","168203643"
"chr1","183338508","183338802","chr1","162100756","162101034","38","21237752"
"chr1","183351470","183351767","chr7","127065845","127066144","31","56285625"
"chr1","183365807","183365961","chr12","44446416","44446578","28","138919391"
"chr1","183570951","183571242","chr1","113564712","113565007","44","70006239"
"chr1","183651711","183652015","chr6","139609537","139609841","29","44042174"
"chr1","183984990","183985251","chr1","161447100","161447379","39","22537890"
"chr1","184022587","184022869","chr13","39846583","39846874","48","144176004"
"chr1","184049451","184049572","chr11","34301448","34301581","35","149748003"
"chr1","184090455","184090766","chr1","7768760","7769067","26","176321695"
"chr1","184119599","184119771","chr1","27619548","27619722","27","156500051"
"chr1","184152260","184152422","chr3","76215454","76215617","37","107936806"
"chr1","184245135","184245422","chr1","22411003","22411299","46","161834132"
"chr1","184464146","184464444","chr1","160978135","160978440","24","23486011"
"chr1","184706355","184706719","chr12","58918912","58919243","73","125787443"
"chr1","185172648","185172943","chr11","108584077","108584374","34","76588571"
"chr1","185235953","185236258","chr15","104401844","104402147","33","80834109"
"chr1","185546968","185547268","chr1","160160562","160160856","32","25386406"
"chr1","185610630","185610932","chr9","120889297","120889595","39","64721333"
"chr1","186262949","186263219","chr10","75294477","75294752","43","110968472"
"chr1","186337501","186337775","chr7","67586009","67586278","35","118751492"
"chr1","186381481","186381797","chr1","159336483","159336811","35","27044998"
"chr1","186571692","186571994","chr2","109757205","109757501","39","76814487"
"chr1","186633202","186633365","chr19","32998981","32999142","27","153634221"
"chr1","186650280","186650443","chr19","42485341","42485499","29","144164939"
"chr1","186731998","186732293","chr13","106164334","106164628","20","80567664"
"chr1","186820000","186820295","chrX","19203852","19204150","39","167616148"
"chr1","186888032","186888194","chr17","78239742","78239906","26","108648290"
"chr1","187300796","187301106","chrX","872740","873049","39","186428056"
"chr1","187966036","187966223","chr5","13274636","13274819","34","174691400"
"chr1","187990912","187991219","chr15","43831651","43831953","36","144159261"
"chr1","188060620","188060925","chrX","49226498","49226807","52","138834122"
"chr1","188775458","188775718","chr20","51887890","51888159","37","136887568"
"chr1","189064407","189064704","chr1","156547387","156547697","32","32517020"
"chr1","189152237","189152486","chrX","10403803","10404042","48","178748434"
"chr1","189270577","189270742","chr3","76215454","76215617","31","113055123"
"chr1","189459681","189459987","chr4","42419026","42419332","31","147040655"
"chr1","189594301","189594611","chr3","89213419","89213727","36","100380882"
"chr1","189691620","189691922","chr11","130435666","130435972","49","59255954"
"chr1","190068041","190068339","chr3","7367921","7368221","32","182700120"
"chr1","190159819","190160113","chr10","73354021","73354316","31","116805798"
"chr1","190336004","190336317","chr20","27078282","27078593","36","163257722"
"chr1","190350320","190350616","chr6","155329774","155330069","35","35020546"
"chr1","190359348","190359636","chr4","53558030","53558322","34","136801318"
"chr1","190361299","190361601","chr1","155276506","155276803","31","35084793"
"chr1","190367439","190367747","chr18","47321018","47321321","31","143046421"
"chr1","190382411","190382720","chr1","54184910","54185214","30","136197501"
"chr1","190391899","190392199","chr17","82184412","82184713","31","108207487"
"chr1","190440910","190441219","chr15","24246709","24247015","33","166194201"
"chr1","190500755","190501045","chr1","155131312","155131614","35","35369443"
"chr1","190873832","190874142","chr1","7768760","7769067","32","183105072"
"chr1","190878960","190879237","chr16","16909933","16910213","38","173969027"
"chr1","191268557","191268865","chr1","154371588","154371897","28","36896969"
"chr1","191359701","191360023","chr16","48006420","48006729","40","143353281"
"chr1","191494763","191495059","chr4","54062553","54062848","31","137432210"
"chr1","191497762","191498057","chr16","48213842","48214140","35","143283920"
"chr1","191588580","191588890","chr16","54764613","54764924","38","136823967"
"chr1","191659893","191660116","chr16","67211740","67211962","27","124448153"
"chr1","191698977","191699282","chr1","153946635","153946940","35","37752342"
"chr1","191774182","191774410","chr14","25497641","25497872","30","166276541"
"chr1","191925379","191925660","chr1","153737392","153737685","35","38187987"
"chr1","192024935","192025181","chr12","1645361","1645609","33","190379574"
"chr1","192127955","192128262","chr1","9407534","9407833","44","182720421"
"chr1","192159203","192159511","chr11","127450686","127450991","36","64708517"
"chr1","192275358","192275656","chr1","153397949","153398258","34","38877409"
"chr1","192384411","192384708","chr1","153294643","153294943","30","39089768"
"chr1","193374156","193374458","chr7","127065845","127066144","28","66308311"
"chr1","193385047","193385339","chr1","9659856","9660151","29","183725191"
"chr1","193408795","193409094","chr1","152256332","152256640","29","41152463"
"chr1","193429042","193429340","chr1","152236172","152236468","39","41192870"
"chr1","193453258","193453552","chr1","152204251","152204548","31","41249007"
"chr1","193711459","193711752","chr1","151949503","151949801","25","41761956"
"chr1","193754058","193754339","chr8","65531215","65531499","40","128222843"
"chr1","194165828","194166131","chr2","3415558","3415860","33","190750270"
"chr1","194382323","194382632","chr20","54448223","54448522","38","139934100"
"chr1","194684084","194684384","chr12","121351661","121351954","34","73332423"
"chr1","194745988","194746298","chr10","72031369","72031681","29","122714619"
"chr1","194798364","194798674","chr4","107257950","107258256","36","87540414"
"chr1","195023152","195023440","chr5","41819509","41819795","32","153203643"
"chr1","195398554","195398843","chr9","54636841","54637133","41","140761713"
"chr1","196364269","196364393","chr10","82796400","82796530","27","113567869"
"chr1","196838311","196838601","chr13","106164334","106164628","34","90673977"
"chr1","196948742","196949031","chr1","35429449","35429739","39","161519293"
"chr1","196989007","196989305","chr1","148666686","148666988","33","48322321"
"chr1","197277014","197277327","chr4","108327631","108327935","42","88949383"
"chr1","197304565","197304867","chr16","3520694","3521001","36","193783871"
"chr1","197645214","197645513","chr12","98050892","98051201","37","99594322"
"chr1","197694170","197694461","chr7","165702472","165702765","31","31991698"
"chr1","197701137","197701297","chr1","134845532","134845706","34","62855605"
"chr1","197931300","197931602","chr3","123444667","123444969","28","74486633"
"chr1","198146554","198146852","chr6","173896362","173896661","31","24250192"
"chr1","198245716","198245915","chr17","39176135","39176331","31","159069581"
"chr1","198300063","198300255","chrX","147147954","147148141","38","51152109"
"chr1","198302120","198302312","chrX","147147954","147148141","37","51154166"
"chr1","198655887","198656191","chr17","63566017","63566319","29","135089870"
"chr1","198793204","198793506","chr1","146830537","146830834","32","51962667"
"chr1","199131139","199131438","chr5","177620201","177620499","32","21510938"
"chr1","199134019","199134335","chrX","130126302","130126612","40","69007717"
"chr1","199187877","199188175","chr7","26661649","26661959","44","172526228"
"chr1","199220293","199220589","chr1","146338829","146339117","30","52881464"
"chr1","199223418","199223608","chr5","13274636","13274819","37","185948782"
"chr1","199238113","199238419","chrX","126611593","126611894","35","72626520"
"chr1","199279246","199279555","chrX","52884540","52884848","30","146394706"
"chr1","199313369","199313664","chr2","27813797","27814098","34","171499572"
"chr1","199359285","199359569","chr14","13049020","13049304","34","186310265"
"chr1","199457789","199458093","chr4","5357211","5357521","33","194100578"
"chr1","199528631","199528937","chrX","85948167","85948472","34","113580464"
"chr1","199618110","199618341","chr1","145938609","145938850","33","53679501"
"chr1","199807858","199808161","chr1","216542963","216543268","35","16735105"
"chr1","199895935","199896239","chr1","145658579","145658886","28","54237356"
"chr1","200324189","200324512","chr5","13885462","13885777","43","186438727"
"chr1","200477211","200477498","chr1","22411003","22411299","31","178066208"
"chr1","200622001","200622299","chr2","149426177","149426474","36","51195824"
"chr1","201076121","201076424","chr3","181513518","181513820","31","19562603"
"chr1","202107418","202107706","chr9","122669326","122669615","31","79438092"
"chr1","202108321","202108628","chr19","504012","504314","33","201604309"
"chr1","202260049","202260352","chr15","104401844","104402147","28","97858205"
"chr1","202312943","202313233","chr6","155329774","155330069","37","46983169"
"chr1","202521773","202521946","chr10","30764618","30764791","21","171757155"
"chr1","202723832","202724011","chr14","30555496","30555671","36","172168336"
"chr1","203039195","203039427","chr1","142547790","142548033","37","60491405"
"chr1","203303328","203303562","chr7","109821049","109821282","24","93482279"
"chr1","203390989","203391287","chr6","177249478","177249776","27","26141511"
"chr1","203404231","203404409","chr19","12959091","12959278","40","190445140"
"chr1","203432634","203432925","chr1","142165847","142166136","32","61266787"
"chr1","203544197","203544508","chr16","18115261","18115585","45","185428936"
"chr1","203565789","203566070","chr11","44742296","44742576","37","158823493"
"chr1","203586791","203587091","chr1","22411003","22411299","33","181175788"
"chr1","203621623","203621931","chr6","165097221","165097526","29","38524402"
"chr1","203854881","203855117","chr4","11102991","11103196","66","192751890"
"chr1","204029759","204030026","chr3","40500739","40501004","33","163529020"
"chr1","204160426","204160711","chrX","18213365","18213639","42","185947061"
"chr1","204534934","204535186","chr15","15803173","15803418","42","188731761"
"chr1","204707513","204707808","chr18","66895567","66895862","28","137811946"
"chr1","204751629","204751928","chr3","81656161","81656467","34","123095468"
"chr1","204809513","204809812","chr15","104401844","104402147","37","100407669"
"chr1","204813140","204813446","chr1","140653537","140653838","20","64159603"
"chr1","204827135","204827434","chr10","35925060","35925352","41","168902075"
"chr1","204877752","204878062","chr9","93872647","93872956","30","111005105"
"chr1","204905535","204905840","chr15","104401844","104402147","28","100503691"
"chr1","205001886","205002185","chr11","108584077","108584374","29","96417809"
"chr1","205110551","205110851","chr1","140360438","140360727","35","64750113"
"chr1","205257201","205257507","chr8","105120121","105120431","34","100137080"
"chr1","205339027","205339344","chr19","5325439","5325741","50","200013588"
"chr1","205361864","205362170","chr7","74256869","74257176","43","131104995"
"chr1","205582285","205582466","chr17","31241415","31241588","36","174340870"
"chr1","205785380","205785645","chr1","139661180","139661448","28","66124200"
"chr1","205885915","205886214","chr15","43831651","43831953","36","162054264"
"chr1","205986284","205986579","chr1","34922657","34922952","39","171063627"
"chr1","206012538","206012650","chr10","82796400","82796530","31","123216138"
"chr1","206030842","206031142","chr11","108584077","108584374","31","97446765"
"chr1","206034054","206034370","chr4","134852861","134853168","38","71181193"
"chr1","206045876","206046169","chr13","92512308","92512602","32","113533568"
"chr1","206156169","206156403","chr1","137943369","137943599","21","68212800"
"chr1","206158136","206158438","chr12","110042316","110042609","43","96115820"
"chr1","206271416","206271717","chr1","61388678","61388976","31","144882738"
"chr1","206323651","206323958","chr14","103953537","103953843","31","102370114"
"chr1","206391096","206391366","chr1","138196344","138196615","30","68194752"
"chr1","206599777","206600047","chr11","6270545","6270824","46","200329232"
"chr1","206695896","206696189","chr11","108584077","108584374","33","98111819"
"chr1","206964320","206964608","chr1","138851167","138851450","28","68113153"
"chr1","207326001","207326226","chr20","21430185","21430412","32","185895816"
"chr1","207337288","207337615","chr1","139187302","139187639","39","68149986"
"chr1","207637386","207637671","chr1","124044295","124044579","29","83593091"
"chr1","208116045","208116380","chr9","99875309","99875645","48","108240736"
"chr1","208204196","208204506","chr1","205269587","205269898","29","2934609"
"chr1","208268193","208268477","chr1","205334988","205335273","24","2933205"
"chr1","208464387","208464701","chr13","39352330","39352639","37","169112057"
"chr1","208491138","208491425","chr3","52780285","52780573","45","155710853"
"chr1","208605599","208605892","chr3","40594821","40595114","33","168010778"
"chr1","209075936","209076123","chrX","147147954","147148141","41","61927982"
"chr1","209103835","209104123","chr1","61388678","61388976","34","147715157"
"chr1","209171275","209171428","chr3","70814394","70814554","32","138356881"
"chr1","209199176","209199501","chr17","56638115","56638445","45","152561061"
"chr1","209274616","209274909","chr1","206323548","206323856","32","2951068"
"chr1","209475733","209476028","chr4","54062553","54062848","30","155413180"
"chr1","209583609","209583861","chrX","40385708","40385973","46","169197901"
"chr1","209992324","209992629","chrX","130126302","130126612","39","79866022"
"chr1","210185602","210185900","chr16","15610530","15610824","35","194575072"
"chr1","210417612","210417815","chr2","22002316","22002521","29","188415296"
"chr1","210576816","210577108","chr1","130574287","130574581","30","80002529"
"chr1","210599789","210600070","chr1","207701261","207701540","20","2898528"
"chr1","210604668","210604964","chr16","48091476","48091778","34","162513192"
"chr1","210610230","210610531","chr4","110980343","110980649","46","99629887"
"chr1","210705516","210705817","chr1","207804381","207804677","29","2901135"
"chr1","210908553","210908865","chrX","129843953","129844263","31","81064600"
"chr1","211057665","211057982","chr1","95648230","95648547","46","115409435"
"chr1","211085797","211086093","chr4","154039231","154039527","28","57046566"
"chr1","211112623","211112932","chr1","27056894","27057200","34","184055729"
"chr1","211190648","211190959","chr10","72031369","72031681","37","139159279"
"chr1","211315025","211315327","chrX","95082495","95082798","34","116232530"
"chr1","211453622","211453899","chr1","208526576","208526858","30","2927046"
"chr1","211468623","211468894","chr3","10459246","10459518","40","201009377"
"chr1","211518902","211519194","chr8","65531215","65531499","32","145987687"
"chr1","211819252","211819551","chr1","208882537","208882838","31","2936715"
"chr1","212035582","212035877","chr1","209150385","209150674","35","2885197"
"chr1","212239931","212240242","chr1","209349740","209350049","28","2890191"
"chr1","212253497","212253775","chr7","11150468","11150750","37","201103029"
"chr1","212303273","212303578","chr8","23591825","23592134","35","188711448"
"chr1","212395372","212395688","chr1","209499553","209499856","36","2895819"
"chr1","212661187","212661361","chr11","6658602","6658773","26","206002585"
"chr1","212809027","212809322","chr16","15610530","15610824","32","197198497"
"chr1","212857199","212857490","chr4","39371890","39372183","31","173485309"
"chr1","213121145","213121441","chr11","108584077","108584374","29","104537068"
"chr1","213234074","213234368","chr11","120741846","120742138","36","92492228"
"chr1","213238558","213238848","chr20","28697028","28697324","36","184541530"
"chr1","213358081","213358376","chr4","3379423","3379712","31","209978658"
"chr1","213518929","213519227","chr20","52051897","52052195","30","161467032"
"chr1","213539154","213539447","chr6","148347411","148347707","33","65191743"
"chr1","213920310","213920624","chrX","52884540","52884848","32","161035770"
"chr1","214083710","214084005","chr1","211185939","211186237","38","2897771"
"chr1","214111674","214111981","chr3","81656161","81656467","24","132455513"
"chr1","214130522","214130820","chr11","108584077","108584374","35","105546445"
"chr1","214162276","214162471","chr17","39176135","39176331","35","174986141"
"chr1","214170804","214171106","chr1","211273360","211273665","29","2897444"
"chr1","214444413","214444723","chr2","115718113","115718417","38","98726300"
"chr1","214451110","214451404","chr9","35220741","35221029","42","179230369"
"chr1","214459709","214459998","chr6","136087738","136088027","30","78371971"
"chr1","214569888","214570037","chr19","10635260","10635411","43","203934628"
"chr1","214585948","214586212","chr1","211592475","211592746","24","2993473"
"chr1","214625861","214626027","chr11","46935733","46935910","35","167690128"
"chr1","214657182","214657475","chr8","115461075","115461370","38","99196107"
"chr1","214674897","214675185","chr15","108424452","108424741","31","106250445"
"chr1","214726866","214727165","chr6","147351072","147351371","36","67375794"
"chr1","214756157","214756469","chr1","211752468","211752770","32","3003689"
"chr1","214764236","214764541","chr1","211763912","211764212","33","3000324"
"chr1","214765371","214765676","chr1","211765039","211765344","23","3000332"
"chr1","214862607","214862907","chr2","148110502","148110798","30","66752105"
"chr1","214958625","214958942","chr5","752886","753201","35","214205739"
"chr1","214965845","214966140","chr1","211957371","211957663","35","3008474"
"chr1","214986888","214987167","chr15","44422532","44422812","29","170564356"
"chr1","215113150","215113450","chr1","212098270","212098559","32","3014880"
"chr1","215137766","215137992","chr4","11102991","11103196","60","204034775"
"chr1","215162189","215162469","chr1","212145838","212146118","28","3016351"
"chr1","215269346","215269636","chr1","212247669","212247962","34","3021677"
"chr1","215638554","215638717","chr19","36475785","36475953","34","179162769"
"chr1","215764930","215765236","chr1","45159399","45159710","34","170605531"
"chr1","216002843","216003146","chr1","38218968","38219269","40","177783875"
"chr1","216070174","216070477","chr12","115108242","115108542","34","100961932"
"chr1","216362871","216363164","chr1","213422632","213422926","23","2940239"
"chr1","216487006","216487273","chr8","23070358","23070619","46","193416648"
"chr1","216722586","216722869","chr1","124490019","124490302","38","92232567"
"chr1","216880426","216880674","chr13","89963513","89963765","32","126916913"
"chr1","216950919","216951223","chr7","117120148","117120453","37","99830771"
"chr1","216974103","216974273","chr15","6911024","6911192","20","210063079"
"chr1","217240353","217240646","chr1","9367194","9367489","45","207873159"
"chr1","217280391","217280699","chr17","16036823","16037127","39","201243568"
"chr1","217628674","217628975","chr6","177249478","177249776","29","40379196"
"chr1","217695019","217695362","chrX","113475257","113475588","56","104219762"
"chr1","218101027","218101323","chr1","215227861","215228160","33","2873166"
"chr1","218144600","218144897","chr1","215266798","215267099","24","2877802"
"chr1","218320120","218320418","chr1","215430206","215430504","42","2889914"
"chr1","218552987","218553274","chr2","106943668","106943961","41","111609319"
"chr1","218660424","218660661","chr1","215759713","215759951","22","2900711"
"chr1","218669047","218669349","chr1","165996033","165996341","37","52673014"
"chr1","218715440","218715727","chr3","49804678","49804963","30","168910762"
"chr1","218727660","218727927","chr5","107833809","107834078","30","110893851"
"chr1","218739524","218739811","chr1","215840847","215841137","32","2898677"
"chr1","219007449","219007740","chr3","128815519","128815810","27","90191930"
"chr1","219306645","219306848","chr6","63630625","63630830","29","155676020"
"chr1","219776722","219776987","chr1","216888899","216889162","23","2887823"
"chr1","219876058","219876351","chr4","54062553","54062848","31","165813505"
"chr1","220007981","220008291","chr10","12579542","12579852","30","207428439"
"chr1","220426128","220426370","chr14","101798310","101798563","35","118627818"
"chr1","220565580","220565890","chrX","129843953","129844263","40","90721627"
"chr1","220588493","220588783","chr2","5763005","5763294","34","214825488"
"chr1","220611727","220612011","chr14","112579862","112580130","48","108031865"
"chr1","220696269","220696549","chr8","65531215","65531499","42","155165054"
"chr1","221151591","221151900","chr16","3520694","3521001","34","217630897"
"chr1","221239457","221239752","chr11","110456127","110456422","30","110783330"
"chr1","221252008","221252200","chr10","17123065","17123263","47","204128943"
"chr1","221334041","221334271","chr2","95044875","95045105","31","126289166"
"chr1","221383751","221384050","chr16","25062854","25063154","45","196320897"
"chr1","221391552","221391862","chr4","5357211","5357521","35","216034341"
"chr1","221404252","221404536","chr1","218552340","218552623","20","2851912"
"chr1","221425256","221425563","chr3","54644532","54644842","23","166780724"
"chr1","221433515","221433820","chr1","54184910","54185214","31","167248605"
"chr1","221456460","221456764","chr1","218614474","218614778","31","2841986"
"chr1","221644980","221645284","chr1","218798738","218799042","40","2846242"
"chr1","221692117","221692406","chr1","218846516","218846812","32","2845601"
"chr1","221827872","221828044","chr19","12959091","12959278","37","208868781"
"chr1","221845410","221845734","chr4","38693600","38693924","46","183151810"
"chr1","222199186","222199482","chr3","74896182","74896480","37","147303004"
"chr1","222202641","222202940","chr1","206202604","206202903","42","16000037"
"chr1","222268504","222268803","chr6","177249478","177249776","28","45019026"
"chr1","222308909","222309202","chr1","54184910","54185214","35","168123999"
"chr1","222324665","222324926","chr3","144849944","144850206","43","77474721"
"chr1","222325782","222326090","chr3","54644532","54644842","32","167681250"
"chr1","222541392","222541688","chr7","61336293","61336589","25","161205099"
"chr1","222568247","222568548","chr7","113241613","113241916","32","109326634"
"chr1","222751225","222751533","chr4","5357211","5357521","36","217394014"
"chr1","222780018","222780284","chr3","44627487","44627753","36","178152531"
"chr1","222948032","222948342","chr14","113729642","113729950","39","109218390"
"chr1","223115274","223115594","chr1","220205107","220205411","45","2910167"
"chr1","223218710","223219006","chr11","108584077","108584374","31","114634633"
"chr1","223301012","223301299","chr5","184105008","184105299","33","39196004"
"chr1","223400415","223400715","chr10","62753482","62753791","40","160646933"
"chr1","223575268","223575567","chrX","138671409","138671707","37","84903859"
"chr1","223769042","223769344","chr3","49187012","49187319","40","174582030"
"chr1","223856372","223856677","chr1","220927068","220927368","40","2929304"
"chr1","223889160","223889469","chr1","220959792","220960093","34","2929368"
"chr1","223925356","223925664","chr1","220994698","220994998","33","2930658"
"chr1","224166086","224166398","chr1","114866076","114866380","38","109300010"
"chr1","224175398","224175571","chr13","89859967","89860138","28","134315431"
"chr1","224301231","224301514","chr8","115461075","115461370","35","108840156"
"chr1","224301774","224302013","chr7","30076992","30077241","40","194224782"
"chr1","224363472","224363774","chr10","80574937","80575234","30","143788535"
"chr1","224482011","224482216","chr16","44977902","44978086","58","179504109"
"chr1","224571250","224571546","chr7","127065845","127066144","27","97505405"
"chr1","224612929","224613218","chr13","9550833","9551123","32","215062096"
"chr1","224678467","224678678","chr4","11102991","11103196","41","213575476"
"chr1","224683977","224684277","chr6","117442819","117443125","54","107241158"
"chr1","224703355","224703639","chr1","221787583","221787868","26","2915772"
"chr1","224806150","224806455","chr16","3520694","3521001","32","221285456"
"chr1","224920820","224921119","chr4","88700124","88700424","28","136220696"
"chr1","225134980","225135290","chr1","222208842","222209142","35","2926138"
"chr1","225247569","225247862","chr12","121351661","121351954","46","103895908"
"chr1","225497056","225497351","chr18","66895567","66895862","28","158601489"
"chr1","225734962","225735273","chr3","181513518","181513820","44","44221444"
"chr1","225886250","225886541","chr1","223002364","223002668","29","2883886"
"chr1","225912589","225912891","chr4","71292858","71293156","31","154619731"
"chr1","225940854","225941162","chr1","54184910","54185214","38","171755944"
"chr1","225962183","225962326","chr2","81167300","81167452","32","144794883"
"chr1","226041051","226041340","chr4","21309683","21309973","30","204731368"
"chr1","226177503","226177806","chr6","155329774","155330069","41","70847729"
"chr1","226265317","226265589","chr4","43988987","43989260","37","182276330"
"chr1","226398004","226398287","chr1","223547573","223547860","26","2850431"
"chr1","226433105","226433406","chr11","124217934","124218238","44","102215171"
"chr1","226437257","226437555","chr8","115461075","115461370","39","110976182"
"chr1","226486934","226487235","chr7","61608289","61608587","30","164878645"
"chr1","226491841","226492132","chr2","5763005","5763294","28","220728836"
"chr1","226567704","226568009","chr7","113241613","113241916","26","113326091"
"chr1","226635277","226635537","chr3","40500739","40501004","32","186134538"
"chr1","226832669","226832985","chr8","139193433","139193752","35","87639236"
"chr1","226850957","226851249","chr2","149644045","149644340","32","77206912"
"chr1","227046525","227046842","chr1","224187910","224188223","49","2858615"
"chr1","227048771","227049068","chr8","115461075","115461370","26","111587696"
"chr1","227236842","227237138","chr2","73167311","73167607","33","154069531"
"chr1","227417994","227418174","chr1","19159458","19159639","26","208258536"
"chr1","227711601","227711918","chr12","113988811","113989118","44","113722790"
"chr1","227839612","227839881","chr2","56486018","56486290","27","171353594"
"chr3","124256253","124256561","chr2","42078852","42079162","34","82177401"
"chr3","150208446","150208756","chrX","130126302","130126612","28","20082144"
"chr3","159514370","159514668","chr13","106164334","106164628","24","53350036"
"chr3","225431","225629","chr13","81318413","81318616","29","81092982"
"chr3","402198","402468","chr13","105166736","105167017","43","104764538"
"chr3","567295","567592","chr2","66182832","66183133","32","65615537"
"chr3","911566","911862","chr8","68699341","68699632","37","67787775"
"chr3","1322261","1322561","chr14","57090416","57090720","49","55768155"
"chr3","1690175","1690474","chr3","129960633","129960932","35","128270458"
"chr3","1841216","1841516","chr4","3752022","3752324","27","1910806"
"chr3","2019636","2019901","chr16","6226439","6226705","33","4206803"
"chr3","2272955","2273255","chr8","129714385","129714685","33","127441430"
"chr3","2355810","2356115","chr3","124917299","124917606","36","122561489"
"chr3","2527549","2527859","chr4","10919980","10920277","44","8392431"
"chr3","2627917","2628211","chr3","77744436","77744731","32","75116519"
"chr3","2697442","2697765","chr2","63957050","63957379","36","61259608"
"chr3","2791645","2791929","chr2","63868356","63868631","43","61076711"
"chr3","2897175","2897480","chr2","63762357","63762662","29","60865182"
"chr3","3137332","3137627","chr1","23507101","23507386","36","20369769"
"chr3","3147402","3147694","chrX","117654503","117654792","37","114507101"
"chr3","3161460","3161734","chr5","92713009","92713305","43","89551549"
"chr3","3607782","3608019","chr6","176555863","176556114","54","172948081"
"chr3","3927169","3927464","chr1","85807051","85807354","43","81879882"
"chr3","4061924","4062048","chr11","34301448","34301581","31","30239524"
"chr3","4179321","4179539","chr13","86596716","86596934","46","82417395"
"chr3","4344386","4344547","chr3","70814394","70814554","31","66470008"
"chr3","4508056","4508357","chr11","108584077","108584374","29","104076021"
"chr3","5015231","5015535","chr4","155990455","155990766","35","150975224"
"chr3","5196612","5196889","chrX","9025863","9026140","31","3829251"
"chr3","5276283","5276579","chr11","108584077","108584374","25","103307794"
"chr3","5693751","5694059","chr19","50863135","50863438","37","45169384"
"chr3","5718084","5718389","chr6","147351072","147351371","32","141632988"
"chr3","5979551","5979777","chr16","14612829","14613055","33","8633278"
"chr3","6206084","6206393","chr2","60344667","60344972","32","54138583"
"chr3","6738972","6739249","chrX","111706080","111706360","39","104967108"
"chr3","6825966","6826134","chr16","30221706","30221869","25","23395740"
"chr3","7124130","7124416","chr1","124793709","124793992","42","117669579"
"chr3","7168540","7168832","chr1","9659856","9660151","34","2491316"
"chr3","7241460","7241757","chr2","50474471","50474769","26","43233011"
"chr3","7539653","7539971","chr1","161778118","161778429","38","154238465"
"chr3","7597077","7597373","chrX","101200764","101201064","35","93603687"
"chr3","7606260","7606570","chr7","52277962","52278267","43","44671702"
"chr3","7810516","7810819","chr15","104401844","104402147","33","96591328"
"chr3","8062829","8063134","chr1","54184910","54185214","35","46122081"
"chr3","9216533","9216847","chr3","54644532","54644842","38","45427999"
"chr3","9324025","9324293","chr7","43889740","43890007","39","34565715"
"chr3","9497849","9498157","chr7","41575917","41576225","38","32078068"
"chr3","9646392","9646688","chr11","120222067","120222365","39","110575675"
"chr3","9797535","9797762","chr2","56810668","56810896","16","47013133"
"chr3","9837406","9837713","chr4","134852861","134853168","41","125015455"
"chr3","9873395","9873692","chrX","128784604","128784903","30","118911209"
"chr3","10043227","10043529","chr16","4729688","4729979","43","5313539"
"chr3","10094123","10094395","chr2","56486018","56486290","29","46391895"
"chr3","10111278","10111574","chr6","155329774","155330069","32","145218496"
"chr3","10189426","10189718","chr2","56385546","56385833","27","46196120"
"chr3","10202825","10202997","chr7","88306228","88306392","39","78103403"
"chr3","10231441","10231658","chr2","136217935","136218152","47","125986494"
"chr3","10249556","10249738","chrX","59842814","59842986","28","49593258"
"chr3","10326976","10327282","chr1","13457585","13457895","37","3130609"
"chr3","10345453","10345748","chr2","56181501","56181793","30","45836048"
"chr3","10400530","10400824","chr19","6185928","6186226","30","4214602"
"chr3","10782557","10782807","chr2","55729004","55729244","38","44946447"
"chr3","11008603","11008886","chr3","2538496","2538783","44","8470107"
"chr3","11070857","11071154","chr6","39592832","39593132","32","28521975"
"chr3","11213775","11213938","chr11","54926961","54927123","29","43713186"
"chr3","11313433","11313723","chr19","48904606","48904900","31","37591173"
"chr3","11447669","11447965","chr8","92404472","92404769","26","80956803"
"chr3","11510669","11510866","chr4","57384832","57385028","27","45874163"
"chr3","11610267","11610442","chr1","35561294","35561462","42","23951027"
"chr3","11967610","11967767","chr5","18060035","18060193","20","6092425"
"chr3","12043842","12044003","chr3","76215454","76215617","23","64171612"
"chr3","12095367","12095665","chr10","159686","159982","35","11935681"
"chr3","12137365","12137657","chr8","129714385","129714685","36","117577020"
"chr3","12449556","12449860","chr7","52277962","52278267","26","39828406"
"chr3","12471116","12471412","chr17","3305696","3305991","30","9165420"
"chr3","12721870","12722173","chr7","61608289","61608587","31","48886419"
"chr3","12730016","12730319","chr2","203454104","203454390","51","190724088"
"chr3","12948088","12948382","chr1","22411003","22411299","30","9462915"
"chr3","12960048","12960356","chrX","53714392","53714701","35","40754344"
"chr3","13029860","13030164","chr2","53598042","53598348","22","40568182"
"chr3","13042608","13042910","chr14","103953537","103953843","33","90910929"
"chr3","13351386","13351699","chr14","22537411","22537718","37","9186025"
"chr3","13403181","13403487","chr12","115108242","115108542","28","101705061"
"chr3","13519422","13519726","chr14","69622508","69622817","29","56103086"
"chr3","13610076","13610384","chr20","57205726","57206029","30","43595650"
"chr3","13787159","13787448","chrX","43879267","43879554","47","30092108"
"chr3","14393664","14393847","chr10","72538419","72538602","34","58144755"
"chr3","14553473","14553753","chr2","52059400","52059682","24","37505927"
"chr3","15089705","15090014","chr2","51531978","51532288","29","36442273"
"chr3","15146238","15146548","chr4","5955341","5955651","29","9190897"
"chr3","15464753","15465051","chr3","48879684","48879984","28","33414931"
"chr3","15524436","15524738","chr2","171924024","171924320","28","156399588"
"chr3","15785817","15786108","chr15","108424452","108424741","30","92638635"
"chr3","15863739","15864071","chr1","184305081","184305407","40","168441342"
"chr3","15867428","15867508","chr16","61274124","61274213","28","45406696"
"chr3","15891855","15892157","chr15","104401844","104402147","25","88509989"
"chr3","16189626","16189932","chr12","110082565","110082875","30","93892939"
"chr3","16687400","16687624","chr16","14612829","14613055","32","2074571"
"chr3","16888318","16888618","chr1","15988039","15988340","38","900279"
"chr3","16959681","16959988","chr7","113241613","113241916","28","96281932"
"chr3","17253454","17253761","chr2","173640290","173640600","32","156386836"
"chr3","17518739","17518918","chr12","84405516","84405692","36","66886777"
"chr3","17552537","17552832","chr8","115461075","115461370","34","97908538"
"chr3","17806888","17807193","chr13","71257078","71257380","39","53450190"
"chr3","17894729","17895041","chr1","128094642","128094960","32","110199913"
"chr3","17914966","17915266","chr10","83389599","83389899","38","65474633"
"chr3","17985128","17985427","chr12","12899763","12900067","35","5085365"
"chr3","18000050","18000352","chr10","74728581","74728883","24","56728531"
"chr3","18055433","18055711","chr15","44422532","44422812","30","26367099"
"chr3","18721000","18721298","chr2","175084557","175084856","35","156363557"
"chr3","18768065","18768350","chr2","175131651","175131930","38","156363586"
"chr3","19122611","19122920","chr16","3245842","3246150","29","15876769"
"chr3","19141412","19141717","chr3","154073284","154073589","30","134931872"
"chr3","19492057","19492358","chr2","178727558","178727861","39","159235501"
"chr3","19657999","19658299","chr2","178572295","178572602","24","158914296"
"chr3","20000935","20001245","chr2","178287743","178288041","40","158286808"
"chr3","20148087","20148212","chr10","82796400","82796530","24","62648313"
"chr3","20185109","20185390","chr19","31867605","31867887","36","11682496"
"chr3","20376109","20376418","chrX","872740","873049","35","19503369"
"chr3","20599953","20600255","chr16","46991518","46991821","34","26391565"
"chr3","20633709","20634020","chrX","53714392","53714701","33","33080683"
"chr3","20980859","20981168","chrX","130126302","130126612","35","109145443"
"chr3","21079458","21079765","chr2","177215824","177216130","37","156136366"
"chr3","21975149","21975439","chr2","176341422","176341712","32","154366273"
"chr3","22050627","22050894","chr2","176265628","176265898","33","154215001"
"chr3","22061073","22061245","chr10","47192046","47192215","25","25130973"
"chr3","22462587","22462888","chr20","18131015","18131317","36","4331572"
"chr3","22671385","22671692","chr7","39756364","39756671","36","17084979"
"chr3","22708527","22708820","chr2","175597336","175597634","32","152888809"
"chr3","23163476","23163757","chr2","179512920","179513201","26","156349444"
"chr3","23245431","23245733","chr1","130574287","130574581","45","107328856"
"chr3","23541441","23541737","chr3","184218283","184218583","39","160676842"
"chr3","23613221","23613377","chr4","62431007","62431163","26","38817786"
"chr3","23930352","23930659","chr19","44754788","44755097","31","20824436"
"chr3","24002168","24002474","chr11","54658425","54658730","34","30656257"
"chr3","24007480","24007775","chr5","190162325","190162622","29","166154845"
"chr3","24032180","24032471","chr2","180396749","180397053","36","156364569"
"chr3","24114883","24115176","chr6","148347411","148347707","32","124232528"
"chr3","24218757","24219037","chr7","152418207","152418480","36","128199450"
"chr3","24239065","24239355","chr4","3379423","3379712","32","20859642"
"chr3","24271075","24271391","chr10","54460554","54460858","45","30189479"
"chr3","24298765","24299064","chr2","180700797","180701093","30","156402032"
"chr3","24336751","24337051","chr16","14212456","14212761","33","10124295"
"chr3","25069338","25069642","chr4","134852861","134853168","32","109783523"
"chr3","25299138","25299433","chr12","1873342","1873636","33","23425796"
"chr3","25834681","25834982","chr10","86192443","86192755","45","60357762"
"chr3","25847822","25848131","chr4","5357211","5357521","25","20490611"
"chr3","25895640","25895939","chr12","115108242","115108542","24","89212602"
"chr3","25927159","25927462","chr1","13136283","13136593","52","12790876"
"chr3","25993586","25993881","chr11","6462265","6462558","32","19531321"
"chr3","26108475","26108767","chr7","94468123","94468414","35","68359648"
"chr3","26150650","26150948","chr11","108584077","108584374","27","82433427"
"chr3","26249335","26249618","chr18","13204390","13204672","28","13044945"
"chr3","26259906","26260189","chr18","13204390","13204672","28","13055516"
"chr3","26909084","26909374","chr6","136087738","136088027","44","109178654"
"chr3","26978917","26979213","chr2","183356994","183357294","37","156378077"
"chr3","27389894","27390212","chr4","5357211","5357521","47","22032683"
"chr3","27617707","27618016","chr10","74728581","74728883","33","47110874"
"chr3","27890279","27890558","chrX","69661138","69661419","34","41770859"
"chr3","28482578","28482879","chr13","68880545","68880844","28","40397967"
"chr3","28546002","28546280","chr1","22041450","22041729","32","6504552"
"chr3","28602022","28602334","chr2","156441767","156442075","35","127839745"
"chr3","29310063","29310333","chr2","186833314","186833572","33","157523251"
"chr3","29340502","29340799","chr2","186802372","186802665","27","157461870"
"chr3","29460138","29460432","chr2","21926577","21926869","30","7533561"
"chr3","29780127","29780420","chr2","186347455","186347747","27","156567328"
"chr3","29830081","29830359","chr4","160692905","160693183","27","130862824"
"chr3","29878603","29878913","chrX","128557964","128558264","51","98679361"
"chr3","29951124","29951411","chr2","186185852","186186138","34","156234728"
"chr3","29969739","29970025","chr8","64949608","64949898","34","34979869"
"chr3","30249334","30249580","chr2","185891906","185892162","34","155642572"
"chr3","30395518","30395672","chr9","38344102","38344259","22","7948584"
"chr3","30397734","30397888","chr9","38344102","38344259","21","7946368"
"chr3","30443661","30443894","chr9","93688855","93689088","22","63245194"
"chr3","30565703","30565999","chr15","87598388","87598685","32","57032685"
"chr3","30802385","30802691","chr2","84060483","84060788","29","53258098"
"chr3","31009001","31009284","chr2","84500826","84501114","38","53491825"
"chr3","31099668","31099958","chr2","190535414","190535713","40","159435746"
"chr3","31348560","31348868","chr20","52938937","52939246","38","21590377"
"chr3","31489706","31490013","chr5","51852378","51852683","35","20362672"
"chr3","32234883","32235191","chr2","115718113","115718417","33","83483230"
"chr3","32431774","32432095","chr2","189180152","189180462","33","156748378"
"chr3","32529505","32529807","chr6","173896362","173896661","37","141366857"
"chr3","32564093","32564186","chr11","127837568","127837636","34","95273475"
"chr3","32629209","32629425","chr7","122904503","122904733","45","90275294"
"chr3","32637186","32637489","chr19","1120205","1120506","26","31516981"
"chr3","32645397","32645676","chr1","204307037","204307312","27","171661640"
"chr3","32667409","32667710","chr17","82184412","82184713","35","49517003"
"chr3","32807703","32807994","chr3","3735997","3736286","38","29071706"
"chr3","32889411","32889718","chr10","72031369","72031681","31","39141958"
"chr3","32925602","32925905","chr2","188705015","188705318","29","155779413"
"chr3","33040998","33041284","chr2","57288005","57288297","27","24247007"
"chr3","33081950","33082260","chr16","54764613","54764924","33","21682663"
"chr3","33214257","33214553","chr11","15282559","15282855","28","17931698"
"chr3","33254203","33254484","chr7","19039688","19039974","35","14214515"
"chr3","33279050","33279123","chr5","171335331","171335400","31","138056281"
"chr3","33295893","33296181","chr1","26608496","26608785","34","6687397"
"chr3","33338017","33338211","chrX","147147954","147148141","36","113809937"
"chr3","33357168","33357318","chrX","51786687","51786849","42","18429519"
"chr3","33362135","33362430","chr11","108584077","108584374","36","75221942"
"chr3","33378129","33378429","chr3","74896182","74896480","29","41518053"
"chr3","33390002","33390310","chrX","53464436","53464745","37","20074434"
"chr3","33529447","33529763","chr7","36292247","36292545","45","2762800"
"chr3","33761261","33761549","chr2","187830842","187831136","35","154069581"
"chr3","33852846","33853135","chr11","108584077","108584374","30","74731231"
"chr3","33909258","33909538","chr1","51851044","51851331","42","17941786"
"chr3","33945094","33945388","chr20","30937004","30937299","31","3008090"
"chr3","33964243","33964534","chr19","15122632","15122923","31","18841611"
"chr3","34030312","34030617","chr2","187585073","187585374","31","153554761"
"chr3","34059632","34059952","chr2","187556111","187556436","38","153496479"
"chr3","34095756","34096054","chr6","177249478","177249776","30","143153722"
"chr3","34185765","34185945","chr19","41091494","41091668","56","6905729"
"chr3","34253516","34253795","chr2","56486018","56486290","30","22232502"
"chr3","34328845","34329022","chr19","12959091","12959278","42","21369754"
"chr3","34462422","34462707","chr2","187163871","187164154","33","152701449"
"chr3","34532751","34533050","chr11","91249259","91249558","32","56716508"
"chr3","34619968","34620193","chr9","93688855","93689088","34","59068887"
"chr3","35057078","35057349","chr8","52439633","52439901","38","17382555"
"chr3","35582176","35582463","chr11","78834859","78835148","47","43252683"
"chr3","35634355","35634663","chr1","39678068","39678375","36","4043713"
"chr3","35645850","35646146","chr8","41718631","41718927","37","6072781"
"chr3","35751612","35751919","chr1","216542963","216543268","35","180791351"
"chr3","35816664","35816961","chrX","95082495","95082798","29","59265831"
"chr3","35874303","35874603","chr10","32971128","32971426","38","2903175"
"chr3","36484142","36484455","chr2","5763005","5763294","48","30721137"
"chr3","36834653","36834957","chr19","50863135","50863438","36","14028482"
"chr3","37454239","37454404","chr16","42033082","42033247","29","4578843"
"chr3","37459415","37459603","chr2","105920768","105920957","24","68461353"
"chr3","37493712","37493879","chr11","54926961","54927123","17","17433249"
"chr3","37542980","37543269","chr2","105837506","105837789","39","68294526"
"chr3","37644140","37644279","chr5","18060035","18060193","38","19584105"
"chr3","37797555","37797744","chr1","25647948","25648135","41","12149607"
"chr3","37918695","37918942","chr3","4180033","4180284","35","33738662"
"chr3","38158715","38158975","chr1","184127171","184127433","40","145968456"
"chr3","38528930","38529100","chr7","129362850","129363013","31","90833920"
"chr3","38566275","38566573","chr7","52277962","52278267","35","13711687"
"chr3","38731271","38731568","chr2","80931447","80931742","35","42200176"
"chr3","38762936","38763231","chr2","104584681","104584968","32","65821745"
"chr3","38791640","38791946","chr11","56089370","56089672","30","17297730"
"chr3","38842979","38843235","chr2","104499700","104499968","31","65656721"
"chr3","38844707","38844963","chr2","104499700","104499968","31","65654993"
"chr3","38982634","38982795","chr4","62431007","62431163","23","23448373"
"chr3","39279378","39279685","chr4","13094042","13094350","41","26185336"
"chr3","39935930","39936107","chr7","40663207","40663383","24","727277"
"chr3","39956769","39957039","chr20","68769503","68769770","30","28812734"
"chr3","40104183","40104482","chr12","65310502","65310803","34","25206319"
"chr3","40410245","40410558","chr12","124545177","124545485","30","84134932"
"chr3","40642292","40642602","chr1","7768760","7769067","29","32873532"
"chr3","40785152","40785449","chr10","36866778","36867077","34","3918374"
"chr3","41159092","41159380","chr2","102171174","102171467","32","61012082"
"chr3","41297075","41297360","chr2","102040432","102040720","31","60743357"
"chr3","41554938","41555257","chr1","128094642","128094960","36","86539704"
"chr3","41957045","41957341","chr6","173896362","173896661","42","131939317"
"chr3","42205985","42206279","chr3","50468611","50468907","33","8262626"
"chr3","42411615","42411798","chr9","115602163","115602345","21","73190548"
"chr3","42614418","42614713","chr1","213422632","213422926","29","170808214"
"chr3","42655766","42656066","chr6","1092742","1093043","35","41563024"
"chr3","42802526","42802804","chr14","75189997","75190276","32","32387471"
"chr3","43152276","43152571","chr2","107514657","107514953","30","64362381"
"chr3","43245065","43245257","chr1","188127708","188127887","41","144882643"
"chr3","43515961","43516271","chr17","25517924","25518232","38","17998037"
"chr3","43778885","43779180","chr12","110042316","110042609","39","66263431"
"chr3","44111053","44111354","chr2","99166928","99167237","34","55055875"
"chr3","44124180","44124487","chr3","155644928","155645234","32","111520748"
"chr3","44258622","44258928","chr3","64175701","64176007","31","19917079"
"chr3","44373511","44373829","chr3","47683329","47683644","34","3309818"
"chr3","44920004","44920290","chr4","21309683","21309973","38","23610321"
"chr3","44969198","44969507","chr3","7367921","7368221","35","37601277"
"chr3","44971467","44971549","chr15","10139615","10139697","21","34831852"
"chr3","44971588","44971826","chr20","23740387","23740622","55","21231201"
"chr3","45018071","45018323","chr2","98285830","98286085","31","53267759"
"chr3","45162824","45163119","chr11","108584077","108584374","40","63421253"
"chr3","45466826","45467136","chrX","130126302","130126612","38","84659476"
"chr3","45510613","45510926","chr2","97742204","97742501","31","52231591"
"chr3","45567498","45567787","chr10","35385148","35385439","29","10182350"
"chr3","45570651","45570951","chr3","7367921","7368221","31","38202730"
"chr3","45573640","45573951","chrX","52884540","52884848","26","7310900"
"chr3","45621792","45622107","chr2","97623038","97623343","41","52001246"
"chr3","45700261","45700544","chr2","109381027","109381314","32","63680766"
"chr3","45796699","45796880","chr13","89859967","89860138","31","44063268"
"chr3","45921918","45922228","chr19","44754788","44755097","26","1167130"
"chr3","45967054","45967347","chr11","14926334","14926629","28","31040720"
"chr3","45988499","45988810","chr4","5955341","5955651","30","40033158"
"chr3","46022189","46022469","chr2","97235502","97235781","19","51213313"
"chr3","46111270","46111573","chr1","54184910","54185214","29","8073640"
"chr3","46214069","46214367","chr10","34137692","34137993","33","12076377"
"chr3","46269297","46269596","chr3","7367921","7368221","29","38901376"
"chr3","46297354","46297652","chr5","158975124","158975425","31","112677770"
"chr3","46386272","46386555","chrX","117589965","117590253","35","71203693"
"chr3","46532281","46532447","chr6","67570862","67571028","19","21038581"
"chr3","46969752","46970056","chr11","6521362","6521672","42","40448390"
"chr3","47076517","47076818","chr8","115461075","115461370","32","68384558"
"chr3","47154803","47155108","chr2","96097837","96098152","41","48943034"
"chr3","47263026","47263179","chr5","18060035","18060193","31","29202991"
"chr3","47390517","47390818","chr2","95849535","95849839","26","48459018"
"chr3","47515396","47515704","chr2","95736697","95736998","27","48221301"
"chr3","47679266","47679562","chr11","108584077","108584374","27","60904811"
"chr3","47724956","47725267","chr8","23591825","23592134","35","24133131"
"chr3","47749745","47750037","chr1","39347733","39348026","29","8402012"
"chr3","47750354","47750610","chr3","41527642","41527904","34","6222712"
"chr3","47791853","47792156","chr2","95443669","95443966","22","47651816"
"chr3","47833698","47833881","chr16","7509806","7509984","37","40323892"
"chr3","47901107","47901407","chr7","83031386","83031688","35","35130279"
"chr3","47923829","47924129","chr2","95311037","95311337","22","47387208"
"chr3","48019881","48020184","chr10","75257406","75257707","30","27237525"
"chr3","48099433","48099550","chr16","61349881","61349998","21","13250448"
"chr3","48100215","48100404","chr17","39176135","39176331","53","8924080"
"chr3","48173231","48173460","chr2","95044875","95045105","19","46871644"
"chr3","48184384","48184686","chr7","83031386","83031688","27","34847002"
"chr3","48258523","48258732","chr3","174188996","174189201","62","125930473"
"chr3","48309219","48309526","chr16","45426817","45427122","42","2882402"
"chr3","48370490","48370653","chr7","88306228","88306392","39","39935738"
"chr3","48377230","48377396","chr12","44446416","44446578","19","3930814"
"chr3","48480671","48480977","chr16","47849984","47850287","26","630687"
"chr3","48485147","48485440","chr13","92512308","92512602","34","44027161"
"chr3","48494496","48494809","chr13","15627280","15627569","61","32867216"
"chr3","48514631","48514917","chr2","84500826","84501114","30","35986195"
"chr3","48537995","48538141","chr14","86213541","86213679","35","37675546"
"chr3","48598178","48598475","chr14","47057261","47057555","31","1540917"
"chr3","48598777","48599075","chr15","104401844","104402147","27","55803067"
"chr3","48608867","48609175","chr2","94627660","94627968","24","46018793"
"chr3","48612823","48613131","chr7","113241613","113241916","31","64628790"
"chr3","48659943","48660250","chr4","110980343","110980649","33","62320400"
"chr3","48662015","48662309","chr1","34922657","34922952","29","13739358"
"chr3","48740565","48740860","chr2","94504717","94505014","33","45764152"
"chr3","48766991","48767266","chr2","94476598","94476874","23","45709607"
"chr3","48768541","48768846","chr2","94475084","94475387","33","45706543"
"chr3","48817791","48818072","chr2","94424051","94424329","30","45606260"
"chr3","48837842","48838147","chr17","16036823","16037127","28","32801019"
"chr3","48850860","48851017","chr3","76215454","76215617","36","27364594"
"chr3","48961936","48962222","chr14","43580858","43581151","46","5381078"
"chr3","48970795","48971093","chr6","177249478","177249776","37","128278683"
"chr3","48992371","48992471","chr10","82796400","82796530","42","33804029"
"chr3","48993312","48993594","chr8","22404858","22405142","30","26588454"
"chr3","49033788","49034095","chr2","84060483","84060788","28","35026695"
"chr3","49141178","49141482","chr3","39572035","39572342","30","9569143"
"chr3","49196920","49197230","chr6","178858371","178858680","49","129661451"
"chr3","49209698","49209990","chr5","727768","728058","28","48481930"
"chr3","49358814","49359119","chr1","54184910","54185214","30","4826096"
"chr3","49359257","49359565","chr4","134852861","134853168","33","85493604"
"chr3","49359950","49360102","chr5","18060035","18060193","29","31299915"
"chr3","49370992","49371305","chr4","10109086","10109403","47","39261906"
"chr3","49460019","49460332","chr13","37665680","37665990","31","11794339"
"chr3","49481115","49481437","chr2","121997035","121997340","56","72515920"
"chr3","49520875","49521178","chr4","6021240","6021544","22","43499635"
"chr3","49531768","49532076","chr19","15978488","15978799","39","33553280"
"chr3","49569967","49570269","chr15","15837347","15837647","29","33732620"
"chr3","49571942","49572253","chr10","29826988","29827297","38","19744954"
"chr3","49607392","49607679","chr13","30389996","30390285","33","19217396"
"chr3","49664353","49664673","chr2","93537931","93538239","41","43873578"
"chr3","49666559","49666731","chr3","127934070","127934247","25","78267511"
"chr3","49667869","49668170","chr19","2910150","2910450","36","46757719"
"chr3","49687949","49688255","chr2","93510432","93510736","22","43822483"
"chr3","49694547","49694854","chr1","62987171","62987473","39","13292624"
"chr3","49740560","49740741","chr8","80113522","80113697","33","30372962"
"chr3","49806211","49806514","chr2","93336796","93337092","32","43530585"
"chr3","49824992","49825286","chr17","81322280","81322575","29","31497288"
"chr3","49878239","49878546","chr17","16037438","16037745","28","33840801"
"chr3","49914431","49914753","chr11","108034722","108035047","46","58120291"
"chr3","49935824","49936118","chr5","184105008","184105299","41","134169184"
"chr3","49964070","49964371","chr16","51138203","51138510","32","1174133"
"chr3","49978021","49978319","chr11","55619571","55619869","30","5641550"
"chr3","50016901","50017028","chr7","68956423","68956553","12","18939522"
"chr3","50021144","50021299","chrX","85303515","85303667","25","35282371"
"chr3","50056247","50056545","chr2","93083943","93084234","32","43027696"
"chr3","50090244","50090524","chrX","123749101","123749382","36","73658857"
"chr3","50160695","50160996","chr3","75112706","75113002","33","24952011"
"chr3","50164737","50165042","chr2","92965719","92966026","33","42800982"
"chr3","50177469","50177765","chr10","73354021","73354316","30","23176552"
"chr3","50180355","50180644","chr2","92952245","92952538","41","42771890"
"chr3","50211593","50211891","chr6","177249478","177249776","29","127037885"
"chr3","50217160","50217317","chr11","54926961","54927123","30","4709801"
"chr3","50245327","50245630","chr19","13754805","13755106","36","36490522"
"chr3","50252179","50252464","chr7","84893758","84894049","33","34641579"
"chr3","50265822","50266122","chr7","26662562","26662859","37","23603260"
"chr3","50320002","50320166","chr3","76215454","76215617","16","25895452"
"chr3","50323093","50323297","chr19","964579","964783","36","49358514"
"chr3","50372463","50372774","chr16","628664","628975","37","49743799"
"chr3","50422777","50423087","chr4","127363604","127363914","26","76940827"
"chr3","50540556","50540864","chr11","20429137","20429437","39","30111419"
"chr3","50559401","50559709","chr1","54184910","54185214","35","3625509"
"chr3","50638148","50638442","chr7","26662562","26662859","28","23975586"
"chr3","50711687","50711785","chr10","89819103","89819209","40","39107416"
"chr3","50712458","50712561","chr16","75798194","75798317","38","25085736"
"chr3","50712910","50713193","chr8","65531215","65531499","41","14818305"
"chr3","50744152","50744452","chr11","55619571","55619869","24","4875419"
"chr3","50763919","50764224","chr2","92342922","92343219","33","41579003"
"chr3","50809920","50810220","chr7","52277962","52278267","35","1468042"
"chr3","50856471","50856775","chr1","54184910","54185214","29","3328439"
"chr3","50882371","50882673","chr8","27863753","27864051","34","23018618"
"chr3","50887634","50887940","chr14","2713092","2713395","37","48174542"
"chr3","50894601","50894707","chr2","201367432","201367534","16","150472831"
"chr3","50899673","50899969","chr20","28697028","28697324","33","22202645"
"chr3","51072102","51072399","chr1","61388678","61388976","36","10316576"
"chr3","51099397","51099704","chr2","92015260","92015566","40","40915863"
"chr3","51145980","51146301","chr2","91959401","91959719","40","40813421"
"chr3","51462395","51462691","chr19","48904606","48904900","27","2557789"
"chr3","51971302","51971601","chr2","91150171","91150469","36","39178869"
"chr3","51987748","51988051","chr7","6814365","6814666","32","45173383"
"chr3","52132485","52132640","chr2","15019384","15019533","23","37113101"
"chr3","52300717","52301020","chr16","67304548","67304851","47","15003831"
"chr3","52396424","52396730","chr7","135598818","135599125","35","83202394"
"chr3","52434949","52435244","chr2","90703972","90704276","44","38269023"
"chr3","52621624","52621934","chr2","90480384","90480694","34","37858760"
"chr3","52789706","52789880","chr1","27619548","27619722","30","25170158"
"chr3","53113182","53113387","chr12","77287980","77288176","45","24174798"
"chr3","53261992","53262302","chr2","47731483","47731792","34","5530509"
"chr3","53446234","53446271","chr20","54495305","54495348","15","1049071"
"chr3","53484486","53484803","chr2","110155047","110155360","39","56670561"
"chr3","53500650","53500946","chr3","26174329","26174623","37","27326321"
"chr3","53531958","53532255","chr20","36501714","36502014","33","17030244"
"chr3","53591661","53591959","chr1","61388678","61388976","31","7797017"
"chr3","53705172","53705486","chr10","72031369","72031681","38","18326197"
"chr3","53859119","53859420","chr3","26174329","26174623","30","27684790"
"chr3","53877366","53877676","chr6","38298342","38298650","34","15579024"
"chr3","53917230","53917537","chr16","23221929","23222237","33","30695301"
"chr3","53922367","53922631","chrX","11640618","11640889","44","42281749"
"chr3","54099123","54099436","chr2","88926052","88926364","25","34826929"
"chr3","54505564","54505861","chr4","156401625","156401921","30","101896061"
"chr3","54758832","54759131","chr2","47824467","47824767","32","6934365"
"chr3","54801525","54801809","chr2","88223922","88224206","22","33422397"
"chr3","55213125","55213430","chr1","48636230","48636529","40","6576895"
"chr3","55240275","55240563","chr20","27753226","27753511","31","27487049"
"chr3","55458026","55458329","chr2","87576705","87577012","33","32118679"
"chr3","55667131","55667425","chr13","68530211","68530499","36","12863080"
"chr3","55812669","55812970","chr2","87225714","87226016","32","31413045"
"chr3","56217029","56217316","chr11","123112997","123113285","29","66895968"
"chr3","56672357","56672671","chr4","32581276","32581584","40","24091081"
"chr3","57298599","57298912","chr2","85755228","85755539","39","28456629"
"chr3","57516289","57516583","chrX","23155568","23155864","28","34360721"
"chr3","57564243","57564541","chr13","106164334","106164628","39","48600091"
"chr3","57588067","57588236","chr18","58753718","58753894","26","1165651"
"chr3","57916851","57917160","chr1","165996033","165996341","30","108079182"
"chr3","58115249","58115547","chr2","84898793","84899085","30","26783544"
"chr3","58275153","58275457","chrX","872740","873049","35","57402413"
"chr3","58303990","58304252","chr2","84722624","84722886","29","26418634"
"chr3","58328365","58328648","chr1","146329433","146329718","35","88001068"
"chr3","58376742","58377053","chrX","872740","873049","45","57504002"
"chr3","58423296","58423609","chr4","17966498","17966806","30","40456798"
"chr3","58442759","58443037","chr19","44870678","44870961","36","13572081"
"chr3","58443187","58443498","chr19","15978488","15978799","35","42464699"
"chr3","58444511","58444721","chr2","84586664","84586866","27","26142153"
"chr3","58444770","58444998","chrX","58920496","58920716","40","475726"
"chr3","58505757","58506069","chr16","3245842","3246150","42","55259915"
"chr3","58518194","58518492","chr2","84523760","84524055","32","26005566"
"chr3","58539080","58539378","chr6","155329774","155330069","29","96790694"
"chr3","58595921","58596078","chr11","110555963","110556125","25","51960042"
"chr3","58609078","58609379","chr10","73354021","73354316","38","14744943"
"chr3","58741075","58741365","chr11","33868257","33868543","30","24872818"
"chr3","58796534","58796834","chr9","117924833","117925131","27","59128299"
"chr3","58826652","58826952","chr4","88700124","88700424","28","29873472"
"chr3","58837384","58837684","chr15","51030231","51030529","32","7807153"
"chr3","58947424","58947720","chr2","84091667","84091967","23","25144243"
"chr3","58977714","58978007","chr1","130574287","130574581","33","71596573"
"chr3","59321267","59321548","chr14","101069386","101069668","41","41748119"
"chr3","59353713","59354015","chr13","37265364","37265666","42","22088349"
"chr3","59404166","59404467","chr2","83597002","83597303","19","24192836"
"chr3","59511842","59512133","chr4","3379423","3379712","29","56132419"
"chr3","59999411","59999729","chrX","53714392","53714701","46","6285019"
"chr3","60849279","60849603","chr11","108034722","108035047","45","47185443"
"chr3","60953161","60953467","chr2","82049299","82049604","39","21096138"
"chr3","61043244","61043544","chr2","81968460","81968763","41","20925216"
"chr3","61118023","61118229","chr17","39176135","39176331","48","21941888"
"chr3","61373726","61374022","chr1","61388678","61388976","32","14952"
"chr3","61652297","61652616","chr2","81354939","81355262","31","19702642"
"chr3","61879500","61879809","chr4","5357211","5357521","30","56522289"
"chr3","62061572","62061841","chr2","79035135","79035404","30","16973563"
"chr3","62075465","62075763","chr1","61388678","61388976","33","686787"
"chr3","62083810","62084114","chr2","80931447","80931742","30","18847637"
"chr3","62101615","62101921","chr2","80913807","80914116","35","18812192"
"chr3","62446543","62446840","chr18","24919244","24919532","40","37527299"
"chr3","62959790","62960055","chr2","80029263","80029536","32","17069473"
"chr3","62998598","62998896","chr12","82966980","82967276","46","19968382"
"chr3","63359898","63360188","chr4","3379423","3379712","30","59980475"
"chr3","63959720","63959995","chr2","79035135","79035404","34","15075415"
"chr3","64069341","64069650","chrX","130126302","130126612","32","66056961"
"chr3","64273424","64273728","chr19","2910150","2910450","33","61363274"
"chr3","64505784","64506093","chr2","80913807","80914116","35","16408023"
"chr3","64604682","64604983","chr20","54448223","54448522","30","10156459"
"chr3","64683634","64683927","chr12","1873342","1873636","31","62810292"
"chr3","64805824","64806124","chr2","78194236","78194537","31","13388412"
"chr3","65230151","65230450","chr2","77772044","77772348","30","12541893"
"chr3","65321680","65321988","chrX","52884540","52884848","38","12437140"
"chr3","65532724","65532980","chr2","77482055","77482315","31","11949331"
"chr3","65549129","65549427","chr20","54448223","54448522","29","11100906"
"chr3","65923474","65923754","chr6","7095690","7095973","40","58827784"
"chr3","66084439","66084742","chr6","92179358","92179655","41","26094919"
"chr3","66414218","66414484","chr2","76617865","76618127","31","10203647"
"chr3","66443877","66444180","chr14","118913053","118913356","39","52469176"
"chr3","66452657","66452937","chr2","79632180","79632462","40","13179523"
"chr3","66498221","66498525","chr1","7383870","7384165","44","59114351"
"chr3","66639670","66639961","chr10","38772882","38773178","32","27866788"
"chr3","66806319","66806648","chr1","45001353","45001676","52","21804966"
"chr3","66884584","66884879","chr12","85600712","85601003","37","18716128"
"chr3","67744019","67744322","chr3","95674476","95674775","34","27930457"
"chr3","68016725","68017044","chr6","43551570","43551888","33","24465155"
"chr3","68547005","68547253","chr2","74700631","74700879","26","6153626"
"chr3","68711901","68712206","chr6","173896362","173896661","34","105184461"
"chr3","68857867","68858164","chr11","110456127","110456422","33","41598260"
"chr3","69138857","69139142","chr2","107957278","107957570","30","38818421"
"chr3","69721841","69722159","chr2","73457258","73457574","23","3735417"
"chr3","70007627","70007928","chr5","153725856","153726156","34","83718229"
"chr3","70056276","70056576","chr2","73119047","73119349","26","3062771"
"chr3","70484652","70484948","chr6","132127364","132127664","35","61642712"
"chr3","70503003","70503307","chr2","72679628","72679937","44","2176625"
"chr3","70687023","70687326","chr16","40054513","40054819","41","30632510"
"chr3","70809531","70809836","chr19","15978488","15978799","40","54831043"
"chr3","72523380","72523603","chr7","155772303","155772522","26","83248923"
"chr3","72547132","72547440","chr13","39352330","39352639","37","33194802"
"chr3","72605139","72605435","chr9","37704433","37704729","34","34900706"
"chr3","72610084","72610391","chr2","70656733","70657034","34","1953351"
"chr3","72650546","72650854","chr2","70617711","70618007","36","2032835"
"chr3","72652457","72652506","chr3","34903811","34903857","21","37748646"
"chr3","72793874","72794176","chr2","70473070","70473375","30","2320804"
"chr3","72846206","72846501","chr2","70421872","70422171","33","2424334"
"chr3","72848699","72848965","chr5","107833809","107834078","34","34985110"
"chr3","72893302","72893602","chr2","70375140","70375440","32","2518162"
"chr3","73030722","73031031","chr2","70236300","70236597","38","2794422"
"chr3","74151520","74151820","chr4","88700124","88700424","39","14548604"
"chr3","74168838","74168964","chr7","68956423","68956553","12","5212415"
"chr3","74169457","74169587","chr16","67876476","67876591","36","6292981"
"chr3","74249016","74249325","chr1","7768760","7769067","29","66480256"
"chr3","74300572","74300868","chr3","42965994","42966291","33","31334578"
"chr3","74319155","74319464","chr2","68968102","68968412","23","5351053"
"chr3","74343646","74343935","chr8","131215418","131215712","39","56871772"
"chr3","74351938","74352089","chr7","3648725","3648875","26","70703213"
"chr3","74364539","74364844","chr7","43055166","43055471","42","31309373"
"chr3","74370280","74370542","chr5","97193627","97193890","29","22823347"
"chr3","74370567","74370854","chr2","59421984","59422267","66","14948583"
"chr3","74543048","74543344","chr5","85537781","85538079","31","10994733"
"chr3","74601752","74602053","chr3","30248847","30249149","37","44352905"
"chr3","74662009","74662318","chr7","978158","978472","29","73683851"
"chr3","74738441","74738750","chr14","63745128","63745439","65","10993313"
"chr3","74753558","74753856","chr19","48904606","48904900","27","25848952"
"chr3","74844013","74844147","chr10","82796400","82796530","27","7952387"
"chr3","75194835","75195136","chr2","68065424","68065723","35","7129411"
"chr3","75432359","75432653","chrX","114554759","114555048","36","39122400"
"chr3","75898071","75898344","chr2","67327011","67327288","38","8571060"
"chr3","76269697","76269992","chr10","33062312","33062608","28","43207385"
"chr3","76694147","76694448","chr2","27694155","27694456","37","48999992"
"chr3","76716763","76717065","chr16","25803416","25803717","41","50913347"
"chr3","76734544","76734842","chrX","19203852","19204150","41","57530692"
"chr3","76874495","76874780","chr2","69218887","69219173","28","7655608"
"chr3","76876926","76877226","chr10","28255210","28255506","36","48621716"
"chr3","77117603","77117900","chr1","130574287","130574581","35","53456684"
"chr3","77204495","77204802","chr5","85045085","85045391","38","7840590"
"chr3","77775122","77775406","chr13","97520871","97521154","31","19745749"
"chr3","78196838","78197112","chr1","139661180","139661448","33","61464342"
"chr3","78210163","78210450","chr9","6891372","6891655","43","71318791"
"chr3","78241734","78242029","chr10","35925060","35925352","24","42316674"
"chr3","78784156","78784465","chrX","53714392","53714701","34","25069764"
"chr3","78884962","78885248","chr3","74896182","74896480","36","3988780"
"chr3","79315490","79315800","chrX","130126302","130126612","32","50810812"
"chr3","79426641","79426907","chr12","81755596","81755855","38","2328955"
"chr3","79544484","79544788","chr9","98943901","98944206","32","19399417"
"chr3","80128991","80129311","chr3","509096","509403","44","79619895"
"chr3","80302425","80302727","chr2","3415558","3415860","30","76886867"
"chr3","80398652","80398930","chr1","26856251","26856535","41","53542401"
"chr3","80618685","80618984","chr1","34922657","34922952","39","45696028"
"chr3","80688216","80688532","chr8","119831472","119831781","47","39143256"
"chr3","81164414","81164703","chr2","4335308","4335596","24","76829106"
"chr3","81480735","81481034","chr2","4674761","4675048","35","76805974"
"chr3","81499595","81499870","chr2","4694182","4694479","55","76805413"
"chr3","81634898","81635201","chr1","146269539","146269846","46","64634641"
"chr3","81637453","81637756","chrX","69004164","69004471","64","12633289"
"chr3","81874042","81874337","chr2","5022663","5022958","26","76851379"
"chr3","81965920","81966189","chr15","104299035","104299307","44","22333115"
"chr3","82060012","82060318","chrX","52884540","52884848","31","29175472"
"chr3","82100186","82100337","chr7","136362895","136363045","27","54262709"
"chr3","82520898","82521204","chrX","52884540","52884848","39","29636358"
"chr3","82629357","82629648","chr2","5733418","5733708","21","76895939"
"chr3","83210107","83210404","chr1","61388678","61388976","31","21821429"
"chr3","83285834","83286080","chr2","6363074","6363312","30","76922760"
"chr3","83456565","83456842","chr16","75078674","75078974","56","8377891"
"chr3","83471179","83471481","chr2","6543137","6543442","27","76928042"
"chr3","83730918","83731208","chr15","41981020","41981317","34","41749898"
"chr3","84367043","84367333","chr14","118913053","118913356","38","34546010"
"chr3","85335112","85335407","chr11","15282559","15282855","35","70052553"
"chr3","85362695","85362996","chr2","8582219","8582517","37","76780476"
"chr3","85669458","85669765","chr1","54184910","54185214","31","31484548"
"chr3","86225791","86226087","chr7","166020953","166021249","31","79795162"
"chr3","86251490","86251798","chr4","134852861","134853168","42","48601371"
"chr3","86540471","86540779","chr2","9753041","9753353","34","76787430"
"chr3","86874839","86875133","chr20","28697028","28697324","31","58177811"
"chr3","86904900","86905200","chr9","102998871","102999170","39","16093971"
"chr3","87012560","87012840","chr6","163981465","163981745","36","76968905"
"chr3","87028679","87028989","chr19","15978488","15978799","38","71050191"
"chr3","87118028","87118318","chr1","22411003","22411299","40","64707025"
"chr3","87350554","87350842","chr2","10602088","10602375","26","76748466"
"chr3","87478049","87478341","chr2","57288005","57288297","28","30190044"
"chr3","87493691","87493996","chr7","127065845","127066144","30","39572154"
"chr3","88735836","88736124","chr10","15586520","15586810","44","73149316"
"chr3","88765468","88765732","chr8","59006568","59006827","38","29758900"
"chr3","89096815","89097093","chr15","9805729","9805998","52","79291086"
"chr3","89099156","89099433","chr15","9805729","9805998","43","79293427"
"chr3","89317433","89317739","chr1","209349740","209350049","36","120032307"
"chr3","89344837","89345134","chr2","12493845","12494141","27","76850992"
"chr3","89550796","89551105","chr11","93338736","93339038","35","3787940"
"chr3","89559809","89560110","chrX","1721141","1721440","33","87838668"
"chr3","89664189","89664415","chr6","105316255","105316491","53","15652066"
"chr3","89704833","89705131","chr10","9600455","9600746","30","80104378"
"chr3","89740821","89741130","chrX","53714392","53714701","34","36026429"
"chr3","89777920","89778225","chr2","12913261","12913570","32","76864659"
"chr3","89780873","89781172","chr16","16479300","16479598","32","73301573"
"chr3","89916165","89916473","chr9","970839","971147","38","88945326"
"chr3","90184401","90184706","chr1","38299622","38299931","34","51884779"
"chr3","90288060","90288372","chrX","53464436","53464745","33","36823624"
"chr3","90303534","90303841","chr15","50080292","50080598","33","40223242"
"chr3","90653936","90654195","chr2","13760366","13760620","23","76893570"
"chr3","90724718","90724887","chrX","59842814","59842986","26","30881904"
"chr3","91173165","91173473","chr1","165996033","165996341","42","74822868"
"chr3","91244660","91244931","chr2","55080514","55080792","36","36164146"
"chr3","91565139","91565439","chr18","18494231","18494526","39","73070908"
"chr3","91667280","91667578","chr10","159686","159982","42","91507594"
"chr3","91749611","91749898","chr2","14828651","14828940","44","76920960"
"chr3","91833626","91833935","chrX","53714392","53714701","44","38119234"
"chr3","96857640","96857941","chr4","108327631","108327935","39","11469991"
"chr3","96982520","96982823","chr1","216542963","216543268","38","119560443"
"chr3","97009457","97009750","chr1","61388678","61388976","29","35620779"
"chr3","97448682","97448979","chr3","85177437","85177728","36","12271245"
"chr3","97720858","97721166","chr17","25517924","25518232","31","72202934"
"chr3","98277383","98277687","chr7","82874099","82874405","35","15403284"
"chr3","98350931","98351226","chr7","55869555","55869849","28","42481376"
"chr3","99348672","99348984","chr19","15978488","15978799","42","83370184"
"chr3","99436828","99437136","chr9","109727380","109727690","43","10290552"
"chr3","99469422","99469732","chr1","146269539","146269846","41","46800117"
"chr3","100078511","100078677","chr10","47192046","47192215","29","52886465"
"chr3","100091193","100091486","chr2","115581307","115581596","35","15490114"
"chr3","100105637","100105930","chr15","108424452","108424741","35","8318815"
"chr3","100341119","100341429","chr2","18249468","18249769","33","82091651"
"chr3","100643253","100643424","chr3","76215454","76215617","27","24427799"
"chr3","100942665","100942974","chr2","18839414","18839727","27","82103251"
"chr3","101796799","101796857","chr9","13987239","13987300","18","87809560"
"chr3","101821419","101821727","chr1","221383235","221383539","44","119561816"
"chr3","101831969","101832266","chr1","34437740","34438040","29","67394229"
"chr3","101888809","101889115","chr16","47849984","47850287","29","54038825"
"chr3","101974021","101974314","chr4","3379423","3379712","30","98594598"
"chr3","102002611","102002738","chrX","113339578","113339718","37","11336967"
"chr3","102571655","102571932","chr15","26206116","26206391","37","76365539"
"chr3","102620240","102620535","chr12","121351661","121351954","38","18731421"
"chr3","102769971","102770239","chr2","20540201","20540462","30","82229770"
"chr3","102969401","102969708","chr2","20728603","20728903","32","82240798"
"chr3","103002691","103002992","chr1","61388678","61388976","31","41614013"
"chr3","103133966","103134286","chr2","20898255","20898567","42","82235711"
"chr3","103461213","103461496","chr14","58093762","58094037","43","45367451"
"chr3","103510415","103510711","chr5","97214981","97215275","33","6295434"
"chr3","103542326","103542639","chr17","25015356","25015660","39","78526970"
"chr3","103552067","103552368","chr3","150865664","150865969","35","47313597"
"chr3","103820378","103820681","chr1","54184910","54185214","27","49635468"
"chr3","103832873","103833170","chr1","61388678","61388976","24","42444195"
"chr3","104146005","104146312","chr5","51423127","51423433","29","52722878"
"chr3","104228729","104228933","chr2","22002316","22002521","18","82226413"
"chr3","104498909","104499090","chr17","16374424","16374593","39","88124485"
"chr3","104580878","104581166","chr4","14767025","14767311","27","89813853"
"chr3","104680698","104680888","chr13","81318413","81318616","46","23362285"
"chr3","104780800","104781094","chr2","22551556","22551850","21","82229244"
"chr3","104796865","104797140","chrX","142296599","142296878","36","37499734"
"chr3","104800748","104801057","chr3","54644532","54644842","41","50156216"
"chr3","104826273","104826567","chr16","46231906","46232200","42","58594367"
"chr3","104829616","104829909","chr8","41718631","41718927","34","63110985"
"chr3","104849872","104850133","chr2","84722624","84722886","41","20127248"
"chr3","104945745","104946057","chr14","49167339","49167646","35","55778406"
"chr3","105032089","105032382","chr14","68678897","68679192","25","36353192"
"chr3","105283788","105284081","chrX","23155568","23155864","30","82128220"
"chr3","105892360","105892663","chr2","23670538","23670839","38","82221822"
"chr3","105994744","105995027","chr5","51793555","51793837","33","54201189"
"chr3","106368229","106368539","chr13","31472571","31472878","38","74895658"
"chr3","106375688","106375996","chrX","130126302","130126612","33","23750614"
"chr3","106870746","106870986","chr14","95087947","95088187","34","11782799"
"chr3","107239722","107240023","chr2","47824467","47824767","40","59415255"
"chr3","107436277","107436495","chr1","35881420","35881640","29","71554857"
"chr3","107736305","107736588","chr4","141286355","141286632","41","33550050"
"chr3","107902384","107902666","chr10","22501384","22501662","32","85401000"
"chr3","108021036","108021321","chr8","17696068","17696353","37","90324968"
"chr3","108258733","108259039","chr2","21625610","21625920","36","86633123"
"chr3","108479235","108479544","chr6","174900845","174901151","36","66421610"
"chr3","108908337","108908622","chr5","41819509","41819795","38","67088828"
"chr3","108969217","108969518","chr16","3520694","3521001","35","105448523"
"chr3","109125484","109125793","chr12","110082565","110082875","32","957081"
"chr3","109613422","109613700","chr16","16909933","16910213","33","92703489"
"chr3","109693491","109693794","chr7","113241613","113241916","35","3548122"
"chr3","109883469","109883773","chr1","85807051","85807354","31","24076418"
"chr3","109885735","109886046","chr12","61309272","61309577","42","48576463"
"chr3","109947084","109947391","chr2","27694155","27694456","30","82252929"
"chr3","110040095","110040389","chr2","78194236","78194537","41","31845859"
"chr3","110064737","110065034","chr3","77744436","77744731","28","32320301"
"chr3","110084372","110084654","chr7","54556637","54556922","45","55527735"
"chr3","110118800","110119114","chr3","64175701","64176007","43","45943099"
"chr3","110154518","110154822","chr1","160978135","160978440","27","50823617"
"chr3","110391756","110392009","chr16","75432834","75433082","42","34958922"
"chr3","110497406","110497724","chr7","87947189","87947499","45","22550217"
"chr3","111412988","111413287","chr2","84091667","84091967","32","27321321"
"chr3","111872539","111872830","chr10","32379745","32380039","32","79492794"
"chr3","111912736","111913051","chr2","29700261","29700568","26","82212475"
"chr3","112099636","112099930","chr8","92404472","92404769","29","19695164"
"chr3","112128092","112128390","chr2","29914298","29914604","27","82213794"
"chr3","112131519","112131833","chr2","29917706","29918008","30","82213813"
"chr3","112165755","112166052","chr2","29951401","29951693","30","82214354"
"chr3","112183513","112183817","chr2","29968903","29969212","31","82214610"
"chr3","112553231","112553539","chr7","38049507","38049811","35","74503724"
"chr3","112639130","112639437","chr15","104401844","104402147","37","8237286"
"chr3","112690705","112690745","chr20","54495305","54495348","14","58195400"
"chr3","112690828","112690969","chr3","33493296","33493438","29","79197532"
"chr3","112716056","112716361","chr3","24845532","24845839","34","87870524"
"chr3","113015961","113016217","chr20","42915613","42915868","35","70100348"
"chr3","113031208","113031517","chr15","67758987","67759288","41","45272221"
"chr3","113130220","113130514","chr16","11360126","11360421","35","101770094"
"chr3","113287551","113287821","chr2","31083929","31084205","35","82203622"
"chr3","113306134","113306461","chr2","31102788","31103098","40","82203346"
"chr3","113311277","113311570","chr15","9806809","9807106","28","103504468"
"chr3","113549031","113549340","chr17","61786468","61786774","40","51762563"
"chr3","114227472","114227757","chr2","50567732","50568010","40","63659740"
"chr3","114693247","114693540","chr2","32462327","32462620","26","82230920"
"chr3","115216280","115216577","chr2","32963919","32964216","25","82252361"
"chr3","115748846","115749144","chr20","54448223","54448522","31","61300623"
"chr3","115753180","115753476","chr2","33504815","33505114","25","82248365"
"chr3","115828196","115828493","chr10","32971128","32971426","28","82857068"
"chr3","115893052","115893326","chr2","33686870","33687145","37","82206182"
"chr3","115924471","115924762","chr13","10819543","10819845","29","105104928"
"chr3","115927876","115928184","chr2","33720923","33721233","28","82206953"
"chr3","116090518","116090814","chr10","66851964","66852255","41","49238554"
"chr3","116628949","116629254","chr20","30937004","30937299","41","85691945"
"chr3","116965770","116966115","chrX","135271129","135271456","52","18305359"
"chr3","116983491","116983797","chr4","108327631","108327935","33","8655860"
"chr3","117080004","117080297","chr6","169586934","169587216","39","52506930"
"chr3","117215607","117215794","chr6","24911807","24911982","36","92303800"
"chr3","117255151","117255442","chr2","34949994","34950280","32","82305157"
"chr3","117426941","117427200","chr2","89954335","89954590","49","27472606"
"chr3","117567638","117567952","chr3","47683329","47683644","43","69884309"
"chr3","117716622","117716929","chr4","5357211","5357521","31","112359411"
"chr3","117925135","117925404","chr2","35619634","35619899","21","82305501"
"chr3","118056782","118057086","chr4","108327631","108327935","30","9729151"
"chr3","118267748","118268056","chr16","47849984","47850287","42","70417764"
"chr3","118582560","118582773","chr4","11102991","11103196","43","107479569"
"chr3","119398639","119398947","chr16","6373416","6373727","37","113025223"
"chr3","119470204","119470505","chr2","37190712","37190993","45","82279492"
"chr3","119739941","119740119","chr1","9087561","9087734","27","110652380"
"chr3","120328555","120328842","chr1","51960212","51960498","42","68368343"
"chr3","120853297","120853584","chr2","38576054","38576351","36","82277243"
"chr3","120985728","120986028","chr11","108584077","108584374","37","12401651"
"chr3","121037616","121037779","chr7","129362850","129363013","34","8325234"
"chr3","121053944","121054246","chr5","58681709","58682015","54","62372235"
"chr3","121566112","121566406","chr1","22411003","22411299","30","99155109"
"chr3","121613986","121614296","chr7","86454351","86454652","31","35159635"
"chr3","121851446","121851727","chr2","52059400","52059682","42","69792046"
"chr3","122367747","122368066","chrX","47883388","47883714","42","74484359"
"chr3","122584615","122584903","chr8","65531215","65531499","34","57053400"
"chr3","122625328","122625607","chr5","188993981","188994246","39","66368653"
"chr3","122733036","122733334","chr2","40523887","40524189","23","82209149"
"chr3","122879706","122880003","chr7","84633298","84633596","32","38246408"
"chr3","122898706","122898976","chr14","27604291","27604561","34","95294415"
"chr3","122910642","122910876","chr8","102023887","102024121","29","20886755"
"chr3","122957598","122957910","chr2","40750951","40751263","28","82206647"
"chr3","123084362","123084664","chr2","84585817","84586114","31","38498545"
"chr3","123187279","123187576","chr19","34875967","34876267","31","88311312"
"chr3","123297103","123297402","chr13","94954144","94954445","30","28342959"
"chr3","123338906","123339192","chr14","66326782","66327072","35","57012124"
"chr3","123429673","123429925","chr11","46544888","46545108","77","76884785"
"chr3","123483358","123483665","chr1","165996033","165996341","35","42512675"
"chr3","123491574","123491748","chr15","88479888","88480061","30","35011686"
"chr3","123502703","123502985","chr18","13204390","13204672","34","110298313"
"chr3","123661596","123661742","chr3","70814228","70814351","68","52847368"
"chr3","123754978","123755154","chr2","188221169","188221332","24","64466191"
"chr3","124453025","124453300","chr2","41943115","41943391","26","82509910"
"chr3","124576082","124576373","chr19","41051052","41051342","30","83525030"
"chr3","124691991","124692289","chr4","88700124","88700424","29","35991867"
"chr3","124852060","124852347","chr2","42652245","42652530","26","82199815"
"chr3","124917585","124917896","chr3","160893852","160894159","31","35976267"
"chr3","124940869","124941167","chr7","94468123","94468414","36","30472746"
"chr3","124949735","124949933","chr17","39176135","39176331","37","85773600"
"chr3","124957940","124958248","chr2","121546319","121546615","39","3411621"
"chr3","124973943","124974249","chr15","104401844","104402147","34","20572099"
"chr3","124985155","124985441","chr1","128378875","128379172","48","3393720"
"chr3","124987545","124987854","chr10","12520463","12520769","30","112467082"
"chr3","125101201","125101363","chr5","104042412","104042575","35","21058789"
"chr3","126020908","126021212","chr1","208270383","208270682","34","82249475"
"chr3","126306828","126307138","chr3","155644928","155645234","30","29338100"
"chr3","126384533","126384829","chr6","173896362","173896661","36","47511829"
"chr3","126526364","126526662","chr2","149644045","149644340","26","23117681"
"chr3","126651306","126651630","chr2","204541955","204542270","41","77890649"
"chr3","126766653","126766816","chr3","183324547","183324710","27","56557894"
"chr3","126982512","126982779","chr10","25171709","25171985","40","101810803"
"chr3","127296899","127297189","chr2","45126899","45127187","36","82170000"
"chr3","127305040","127305348","chr2","45136276","45136592","26","82168764"
"chr3","127934884","127935181","chr2","45771196","45771492","25","82163688"
"chr3","128297901","128298197","chr1","15179992","15180292","41","113117909"
"chr3","128310564","128310868","chr4","6021240","6021544","35","122289324"
"chr3","128506870","128507181","chr6","100121414","100121725","41","28385456"
"chr3","128745987","128746285","chr4","17640605","17640903","37","111105382"
"chr3","128778201","128778502","chr17","30633052","30633358","40","98145149"
"chr3","128953221","128953414","chr10","17123065","17123263","33","111830156"
"chr3","129055393","129055602","chr13","64575656","64575867","42","64479737"
"chr3","129108918","129109219","chr16","56137848","56138148","43","72971070"
"chr3","129131233","129131526","chr6","149085969","149086260","38","19954736"
"chr3","129218193","129218499","chr4","134852861","134853168","35","5634668"
"chr3","129314298","129314452","chr1","129407736","129407901","29","93438"
"chr3","129559398","129559693","chr2","47252222","47252523","33","82307176"
"chr3","129786598","129786901","chr10","71309971","71310280","38","58476627"
"chr3","130015672","130015980","chr2","47731483","47731792","30","82284189"
"chr3","130036449","130036741","chr9","72780412","72780702","32","57256037"
"chr3","130068360","130068661","chr2","47824467","47824767","28","82243893"
"chr3","130151037","130151349","chr8","39411734","39412044","35","90739303"
"chr3","130252083","130252388","chrX","130126302","130126612","28","125781"
"chr3","130877483","130877781","chr14","12492129","12492436","43","118385354"
"chr3","130924617","130924888","chr2","48636360","48636628","26","82288257"
"chr3","130975659","130975951","chr3","26174329","26174623","32","104801330"
"chr3","130995337","130995648","chr19","4336492","4336799","38","126658845"
"chr3","131223684","131223833","chr1","54174010","54174167","38","77049674"
"chr3","131463059","131463349","chrX","44607769","44608063","36","86855290"
"chr3","131469594","131469899","chr11","56089370","56089672","35","75380224"
"chr3","131707344","131707611","chr1","216888899","216889162","30","85181555"
"chr3","131987089","131987394","chrX","53714392","53714701","33","78272697"
"chr3","132028626","132028919","chr7","55869555","55869849","35","76159071"
"chr3","132040486","132040788","chr1","54184910","54185214","37","77855576"
"chr3","132114941","132115242","chr1","34437740","34438040","40","97677201"
"chr3","132150519","132150801","chrX","129312880","129313161","28","2837639"
"chr3","132223951","132224248","chr13","32770451","32770753","44","99453500"
"chr3","132227152","132227455","chr2","49907280","49907584","29","82319872"
"chr3","132573414","132573714","chr3","161716772","161717066","30","29143358"
"chr3","132574510","132574822","chr4","69409816","69410121","38","63164694"
"chr3","132596006","132596286","chr7","19039688","19039974","42","113556318"
"chr3","132602234","132602410","chr10","30764618","30764791","28","101837616"
"chr3","132614961","132615248","chr4","17893190","17893477","37","114721771"
"chr3","132643714","132644010","chr15","28092029","28092327","31","104551685"
"chr3","132662044","132662340","chr2","50474471","50474769","27","82187573"
"chr3","132720496","132720779","chr1","9659856","9660151","34","123060640"
"chr3","132757416","132757721","chr4","119717737","119718038","38","13039679"
"chr3","132759367","132759670","chr7","74256869","74257176","37","58502498"
"chr3","132839167","132839470","chr2","50659246","50659549","32","82179921"
"chr3","133076198","133076508","chr6","176790550","176790858","28","43714352"
"chr3","133102773","133103077","chr2","50936755","50937053","32","82166018"
"chr3","133145797","133146100","chr1","61626852","61627154","33","71518945"
"chr3","133317533","133317831","chr20","28697028","28697324","34","104620505"
"chr3","133372053","133372367","chr2","51204255","51204562","34","82167798"
"chr3","133480918","133481218","chr1","77714009","77714304","38","55766909"
"chr3","133495230","133495498","chr2","56486018","56486290","43","77009212"
"chr3","133657995","133658288","chr19","48904606","48904900","37","84753389"
"chr3","133809089","133809383","chr1","34922657","34922952","28","98886432"
"chr3","134055095","134055413","chr4","5357211","5357521","37","128697884"
"chr3","134114688","134114982","chr2","171332003","171332296","24","37217315"
"chr3","134213211","134213520","chrX","872740","873049","26","133340471"
"chr3","134579577","134579770","chr17","39176135","39176331","34","95403442"
"chr3","134600218","134600506","chr5","113613008","113613297","33","20987210"
"chr3","134853888","134854186","chr6","177249478","177249776","31","42395590"
"chr3","134925581","134925886","chr1","24590021","24590324","37","110335560"
"chr3","135061385","135061687","chr4","88700124","88700424","32","46361261"
"chr3","135200091","135200385","chr20","54448223","54448522","27","80751868"
"chr3","135315721","135316033","chr2","170118815","170119118","30","34803094"
"chr3","135372051","135372225","chr6","84072722","84072893","31","51299329"
"chr3","135481354","135481585","chr16","53066376","53066602","40","82414978"
"chr3","135642198","135642489","chr2","169819717","169819994","35","34177519"
"chr3","135770247","135770553","chr2","169690483","169690786","36","33920236"
"chr3","135855162","135855501","chr4","127759466","127759795","41","8095696"
"chr3","135857102","135857382","chrX","9025863","9026140","29","126831239"
"chr3","136181498","136181797","chr12","110042316","110042609","33","26139182"
"chr3","136187051","136187340","chr14","65706342","65706637","30","70480709"
"chr3","136394023","136394307","chr2","64634456","64634746","38","71759567"
"chr3","136728063","136728368","chr15","43831651","43831953","36","92896412"
"chr3","137047871","137048179","chr1","26614628","26614939","34","110433243"
"chr3","137617268","137617575","chr10","30715548","30715853","35","106901720"
"chr3","137728629","137728936","chr4","5357211","5357521","33","132371418"
"chr3","137797519","137797571","chr15","21587442","21587502","17","116210077"
"chr3","137833092","137833401","chr13","10819543","10819845","32","127013549"
"chr3","137904895","137905190","chr14","97876486","97876782","27","40028409"
"chr3","138169807","138170116","chr2","167334603","167334913","25","29164796"
"chr3","138374785","138375066","chr20","27262721","27263002","35","111112064"
"chr3","138397087","138397350","chr5","97193627","97193890","30","41203460"
"chr3","138501289","138501610","chr6","43551570","43551888","44","94949719"
"chr3","138614114","138614421","chr16","55691217","55691521","33","82922897"
"chr3","139171144","139171265","chr16","67876476","67876591","38","71294668"
"chr3","139282541","139282845","chr19","2910150","2910450","36","136372391"
"chr3","139479773","139479983","chr7","19868568","19868776","34","119611205"
"chr3","139575211","139575518","chr2","23923636","23923945","36","115651575"
"chr3","139688493","139688777","chr7","23493750","23494033","39","116194743"
"chr3","139711300","139711590","chr2","165850372","165850662","27","26139072"
"chr3","139726559","139726869","chr2","165835181","165835496","41","26108622"
"chr3","139781788","139782094","chr13","31472571","31472878","35","108309217"
"chr3","139869623","139869922","chr3","48879684","48879984","30","90989939"
"chr3","139908408","139908704","chr8","41718631","41718927","32","98189777"
"chr3","139920650","139920956","chr3","24845532","24845839","35","115075118"
"chr3","140007846","140008141","chr8","115461075","115461370","27","24546771"
"chr3","140130911","140131214","chr15","11779419","11779725","41","128351492"
"chr3","140173596","140173891","chr12","121351661","121351954","31","18821935"
"chr3","140237243","140237542","chrX","47295423","47295720","38","92941820"
"chr3","140240902","140241162","chr1","39874498","39874760","31","100366404"
"chr3","140294372","140294658","chr4","137261768","137262054","33","3032604"
"chr3","140299270","140299535","chr2","165235296","165235563","26","24936026"
"chr3","140300131","140300448","chr2","42661896","42662205","41","97638235"
"chr3","140314092","140314361","chr4","137286784","137287046","42","3027308"
"chr3","140337277","140337578","chr3","7367921","7368221","29","132969356"
"chr3","140366572","140366871","chr6","177249478","177249776","27","36882906"
"chr3","140488080","140488365","chrX","117589965","117590253","28","22898115"
"chr3","140490611","140490845","chr16","14612829","14613055","34","125877782"
"chr3","141713076","141713378","chr2","114285796","114286098","38","27427280"
"chr3","141729798","141730107","chr2","163751458","163751763","32","22021660"
"chr3","141885199","141885503","chr1","213809593","213809893","43","71924394"
"chr3","141997102","141997373","chr4","16445570","16445839","25","125551532"
"chr3","141997595","141997866","chr1","208541681","208541958","44","66544086"
"chr3","142043537","142043834","chrX","19203852","19204150","32","122839685"
"chr3","142102507","142102676","chr16","7509806","7509984","31","134592701"
"chr3","142158475","142158780","chr2","163319905","163320201","31","21161430"
"chr3","142287037","142287221","chr11","46935733","46935910","39","95351304"
"chr3","142331553","142331849","chr5","158975124","158975425","35","16643571"
"chr3","142339180","142339470","chr3","7411116","7411406","31","134928064"
"chr3","142402242","142402537","chr11","108584077","108584374","31","33818165"
"chr3","142503122","142503429","chr2","162951507","162951807","34","20448385"
"chr3","142534819","142535117","chr2","162918654","162918959","28","20383835"
"chr3","142537047","142537345","chr19","20231331","20231629","29","122305716"
"chr3","142557542","142557718","chr9","62270006","62270180","29","80287536"
"chr3","142913257","142913550","chr11","108584077","108584374","32","34329180"
"chr3","143319600","143319910","chr2","162157781","162158088","32","18838181"
"chr3","143618546","143618856","chr9","93872647","93872956","34","49745899"
"chr3","143765984","143766291","chr4","18720630","18720934","39","125045354"
"chr3","144198559","144198847","chr10","35925060","35925352","35","108273499"
"chr3","144381111","144381407","chrX","52884540","52884848","43","91496571"
"chr3","144390881","144391181","chr2","161050818","161051119","27","16659937"
"chr3","144479744","144480021","chr2","160968266","160968536","36","16488522"
"chr3","145187079","145187359","chr12","1739418","1739697","38","143447661"
"chr3","145222550","145222742","chr6","63630625","63630830","32","81591925"
"chr3","145338090","145338384","chr2","160079323","160079614","26","14741233"
"chr3","145341599","145341895","chr3","184218283","184218583","37","38876684"
"chr3","145383450","145383618","chr5","139059636","139059807","25","6323814"
"chr3","145392399","145392709","chrX","130126302","130126612","29","15266097"
"chr3","145409163","145409468","chr2","160008410","160008711","25","14599247"
"chr3","145415160","145415474","chr16","45426817","45427122","35","99988343"
"chr3","145471075","145471356","chr13","68530211","68530499","44","76940864"
"chr3","145486325","145486637","chr16","3520694","3521001","39","141965631"
"chr3","145500146","145500325","chr15","10405383","10405560","23","135094763"
"chr3","145544963","145545267","chr16","48091476","48091778","37","97453487"
"chr3","145557211","145557499","chr5","41819509","41819795","31","103737702"
"chr3","145677818","145678116","chr2","83597002","83597303","33","62080816"
"chr3","145687258","145687568","chr9","98432771","98433070","41","47254487"
"chr3","145734213","145734519","chr1","54184910","54185214","26","91549303"
"chr3","145769596","145769901","chr2","159662942","159663249","25","13893346"
"chr3","145804355","145804667","chr2","159600743","159601057","30","13796388"
"chr3","145876635","145876795","chr13","89859967","89860138","36","56016668"
"chr3","145884003","145884046","chr20","54495305","54495348","7","91388698"
"chr3","145884048","145884182","chr3","33493296","33493438","34","112390752"
"chr3","146074752","146075090","chrX","47883388","47883714","43","98191364"
"chr3","146078553","146078844","chr1","56044044","56044339","25","90034509"
"chr3","146151695","146152019","chrX","47883388","47883714","39","98268307"
"chr3","146152576","146152877","chr1","61388678","61388976","31","84763898"
"chr3","146292449","146292757","chr16","3245842","3246150","30","143046607"
"chr3","146294489","146294802","chr16","3245842","3246150","29","143048647"
"chr3","146551843","146552134","chr4","116838280","116838568","40","29713563"
"chr3","146747800","146748012","chr6","63630625","63630830","39","83117175"
"chr3","146841364","146841666","chr14","8036506","8036809","29","138804858"
"chr3","147455261","147455565","chr2","157927626","157927922","32","10472365"
"chr3","148157244","148157551","chr1","54184910","54185214","36","93972334"
"chr3","148893033","148893345","chr2","156441767","156442075","34","7548734"
"chr3","149227557","149227889","chr4","127759466","127759795","44","21468091"
"chr3","150145527","150145828","chr20","15071965","15072269","32","135073562"
"chr3","150442323","150442486","chr7","52840114","52840269","40","97602209"
"chr3","150482135","150482416","chr2","154927260","154927544","29","4445125"
"chr3","150859877","150860159","chr13","97520871","97521154","29","53339006"
"chr3","151091173","151091390","chr7","155772303","155772522","47","4681130"
"chr3","151337225","151337513","chr2","153993835","153994121","30","2656610"
"chr3","151428657","151428971","chr2","153903383","153903689","35","2474726"
"chr3","151702613","151702913","chr7","61608289","61608587","36","90094324"
"chr3","152128344","152128649","chr17","16036823","16037127","35","136091521"
"chr3","152329598","152329904","chr20","57205726","57206029","39","95123872"
"chr3","152624952","152625239","chr15","8087432","8087723","34","144537520"
"chr3","152704707","152705006","chrX","23155568","23155864","33","129549139"
"chr3","152850081","152850392","chr8","105120121","105120431","29","47729960"
"chr3","152881694","152881988","chr11","110456127","110456422","30","42425567"
"chr3","153185501","153185799","chr6","147351072","147351371","29","5834429"
"chr3","153189403","153189632","chr2","136217935","136218152","29","16971468"
"chr3","153397395","153397705","chr2","136489703","136490015","22","16907692"
"chr3","153445979","153446253","chr5","11069208","11069487","50","142376771"
"chr3","153646649","153646960","chr12","37083247","37083560","32","116563402"
"chr3","153999319","153999604","chr2","137086392","137086686","36","16912927"
"chr3","154110975","154111297","chr2","137197031","137197345","31","16913944"
"chr3","154160640","154160936","chr3","74896182","74896480","31","79264458"
"chr3","154316353","154316646","chr1","9659856","9660151","39","144656497"
"chr3","154381737","154382021","chr2","137471694","137471976","23","16910043"
"chr3","154602477","154602770","chr8","41718631","41718927","29","112883846"
"chr3","154704498","154704804","chr1","25380611","25380914","30","129323887"
"chr3","154797264","154797556","chr10","29765824","29766115","39","125031440"
"chr3","154917581","154917751","chr9","62270006","62270180","26","92647575"
"chr3","155529277","155529581","chr2","138692785","138693072","43","16836492"
"chr3","155553088","155553369","chr13","97520871","97521154","37","58032217"
"chr3","155585955","155586246","chr9","28763575","28763866","36","126822380"
"chr3","155624978","155625272","chr2","138791365","138791663","31","16833613"
"chr3","155698228","155698491","chr2","138879086","138879350","34","16819142"
"chr3","156115657","156115946","chr2","139307846","139308129","32","16807811"
"chr3","156184584","156184882","chr4","170001134","170001432","35","13816550"
"chr3","156236694","156236972","chr2","139435262","139435540","33","16801432"
"chr3","156297267","156297584","chr1","54184910","54185214","47","102112357"
"chr3","156305350","156305639","chr16","545181","545471","34","155760169"
"chr3","156593065","156593223","chr1","130615501","130615669","34","25977564"
"chr3","156652350","156652659","chr2","139856862","139857170","32","16795488"
"chr3","156736599","156736924","chrX","128103235","128103551","45","28633364"
"chr3","156828413","156828704","chr2","140029476","140029765","32","16798937"
"chr3","156898135","156898447","chrX","14683994","14684298","34","142214141"
"chr3","156924481","156924778","chr9","87343996","87344292","32","69580485"
"chr3","156950342","156950645","chr4","3752022","3752324","29","153198320"
"chr3","157046536","157046785","chr5","184907633","184907884","32","27861097"
"chr3","157323094","157323405","chr2","140571947","140572257","35","16751147"
"chr3","157425809","157426120","chr7","978158","978472","34","156447651"
"chr3","157536645","157536942","chr1","39347733","39348026","35","118188912"
"chr3","157727759","157727957","chr13","81318413","81318616","42","76409346"
"chr3","157890935","157891252","chr9","31201059","31201360","47","126689876"
"chr3","157918031","157918331","chr9","41205848","41206142","28","116712183"
"chr3","157958374","157958675","chr2","141238543","141238849","39","16719831"
"chr3","158141431","158141717","chr2","141411744","141412047","38","16729687"
"chr3","158365431","158365731","chr2","141625749","141626047","26","16739682"
"chr3","159129366","159129667","chr2","142412647","142412949","28","16716719"
"chr3","159318649","159318956","chr2","142655149","142655450","34","16663500"
"chr3","159471396","159471699","chr1","216542963","216543268","45","57071567"
"chr3","159484382","159484682","chr19","21792106","21792408","28","137692276"
"chr3","159492466","159492659","chr19","12959091","12959278","33","146533375"
"chr3","159514674","159514911","chr2","142846484","142846722","24","16668190"
"chr3","159536578","159536886","chr11","127450686","127450991","31","32085892"
"chr3","159540843","159541146","chr11","15282559","15282855","30","144258284"
"chr3","159584165","159584457","chr3","128815519","128815810","30","30768646"
"chr3","159591971","159592146","chr15","64701277","64701454","27","94890694"
"chr3","160492966","160493247","chr2","143894240","143894518","22","16598726"
"chr3","160515566","160515866","chr2","143917226","143917529","33","16598340"
"chr3","160649126","160649424","chr15","63303028","63303323","40","97346098"
"chr3","160935487","160935793","chr12","113988811","113989118","30","46946676"
"chr3","161050294","161050598","chr1","54184910","54185214","34","106865384"
"chr3","161183384","161183673","chr15","104438166","104438456","35","56745218"
"chr3","161211077","161211369","chr5","41819509","41819795","36","119391568"
"chr3","161363613","161363905","chr15","108330667","108330955","34","53032946"
"chr3","161627134","161627408","chr2","53583540","53583829","38","108043594"
"chr3","161687276","161687570","chr3","17986252","17986550","30","143701024"
"chr3","162040504","162040775","chr15","104299035","104299307","29","57741469"
"chr3","162455641","162455949","chr10","30715548","30715853","28","131740093"
"chr3","162460307","162460590","chr19","31867605","31867887","33","130592702"
"chr3","162469610","162469920","chr2","145915077","145915380","29","16554533"
"chr3","162633445","162633699","chr20","59097591","59097845","45","103535854"
"chr3","163153037","163153334","chr19","1120205","1120506","37","162032832"
"chr3","163425364","163425632","chr1","39874498","39874760","43","123550866"
"chr3","163665707","163665998","chr10","29765824","29766115","35","133899883"
"chr3","164044231","164044534","chr2","134435101","134435406","34","29609130"
"chr3","164092330","164092634","chr2","134393265","134393568","28","29699065"
"chr3","164175054","164175341","chr1","39347733","39348026","35","124827321"
"chr3","164902028","164902327","chr4","20465529","20465832","33","144436499"
"chr3","164970220","164970528","chr2","156441767","156442075","31","8528453"
"chr3","165021738","165022031","chr2","133472123","133472406","43","31549615"
"chr3","165057197","165057495","chr20","15684518","15684811","35","149372679"
"chr3","165236928","165237216","chr8","64949608","64949898","34","100287320"
"chr3","166275489","166275790","chr7","52277962","52278267","36","113997527"
"chr3","166300881","166301042","chr12","44446416","44446578","24","121854465"
"chr3","166428932","166429216","chr16","31041847","31042133","32","135387085"
"chr3","166566992","166567174","chr10","72538419","72538602","35","94028573"
"chr3","167120347","167120650","chr4","5357211","5357521","37","161763136"
"chr3","167143768","167144072","chr1","13475556","13475862","36","153668212"
"chr3","167237650","167237938","chr12","115108242","115108542","46","52129408"
"chr3","167241911","167242188","chr2","95487638","95487915","36","71754273"
"chr3","167494962","167495250","chr4","26508637","26508932","48","140986325"
"chr3","167666942","167667227","chrX","117589965","117590253","38","50076977"
"chr3","168150856","168151159","chrX","95520014","95520318","38","72630842"
"chr3","168372602","168372898","chr11","132192779","132193080","35","36179823"
"chr3","168461687","168462007","chr20","8659416","8659737","49","159802271"
"chr3","168870438","168870689","chr1","51414853","51415104","42","117455585"
"chr3","168951282","168951520","chr3","63906772","63907004","37","105044510"
"chr3","169065642","169065955","chr17","20505240","20505544","38","148560402"
"chr3","169154245","169154533","chr2","129007971","129008256","42","40146274"
"chr3","169784304","169784463","chr12","44446416","44446578","35","125337888"
"chr3","170452569","170452866","chr7","41707840","41708139","37","128744729"
"chr3","170636046","170636380","chr13","16444397","16444724","50","154191649"
"chr3","170658579","170658861","chr5","184105008","184105299","38","13446429"
"chr3","171175286","171175585","chr3","127011765","127012063","31","44163521"
"chr3","171407970","171408279","chr20","57743369","57743678","37","113664601"
"chr3","171894444","171894753","chr3","81656161","81656467","30","90238283"
"chr3","172684641","172684937","chr16","2437247","2437543","40","170247394"
"chr3","173144606","173144893","chr13","11241511","11241801","37","161903095"
"chr3","173251331","173251459","chr11","34301448","34301581","29","138949883"
"chr3","173692028","173692343","chrX","52884540","52884848","38","120807488"
"chr3","173875016","173875340","chrX","113475257","113475588","46","60399759"
"chr3","174000423","174000728","chr15","98226575","98226877","29","75773848"
"chr3","174003150","174003446","chr3","166840746","166841039","29","7162404"
"chr3","174031289","174031609","chrX","97226897","97227218","43","76804392"
"chr3","174032204","174032514","chrX","872740","873049","27","173159464"
"chr3","174150557","174150858","chr20","54448223","54448522","36","119702334"
"chr3","174168672","174168973","chr2","123453993","123454288","27","50714679"
"chr3","174180917","174181205","chr13","71275711","71275994","35","102905206"
"chr3","174182502","174182809","chrX","52884540","52884848","35","121297962"
"chr3","174233990","174234294","chr7","61781005","61781304","27","112452985"
"chr3","174480036","174480344","chr11","120454393","120454701","37","54025643"
"chr3","174532306","174532600","chr3","26174329","26174623","31","148357977"
"chr3","174731490","174731826","chr9","99757077","99757403","51","74974413"
"chr3","174862121","174862421","chr17","95008065","95008362","43","79854056"
"chr3","174938808","174939099","chr10","35925060","35925352","35","139013748"
"chr3","175109667","175109975","chrX","52884540","52884848","32","122225127"
"chr3","175364162","175364433","chrX","11640618","11640889","25","163723544"
"chr3","175377046","175377353","chrX","872740","873049","26","174504306"
"chr3","175671684","175671998","chr16","6373416","6373727","43","169298268"
"chr3","175904727","175905005","chr10","67195222","67195492","51","108709505"
"chr3","175978675","175978973","chr2","121681635","121681944","46","54297040"
"chr3","176035015","176035317","chr6","155329774","155330069","39","20705241"
"chr3","176112451","176112764","chr19","15978488","15978799","35","160133963"
"chr3","176193856","176194025","chr13","89859967","89860138","40","86333889"
"chr3","176283101","176283364","chr2","121374360","121374626","24","54908741"
"chr3","176337751","176338053","chr16","54764613","54764924","40","121573138"
"chr3","176365870","176366168","chr3","42965994","42966291","39","133399876"
"chr3","176370400","176370706","chr11","108584077","108584374","39","67786323"
"chr3","176569570","176569877","chr2","42661896","42662205","31","133907674"
"chr3","176751344","176751565","chr1","35881420","35881640","27","140869924"
"chr3","176901584","176901885","chrX","899237","899539","36","176002347"
"chr3","177128438","177128739","chr6","1092742","1093043","32","176035696"
"chr3","177228256","177228567","chr12","98050892","98051201","37","79177364"
"chr3","177548390","177548698","chrX","52884540","52884848","25","124663850"
"chr3","177681282","177681575","chr2","119822080","119822378","35","57859202"
"chr3","178358190","178358362","chr20","27267477","27267649","24","151090713"
"chr3","178461947","178462123","chr3","127934070","127934247","42","50527877"
"chr3","178847688","178847985","chr2","118596045","118596342","36","60251643"
"chr3","179182706","179183013","chr2","118210299","118210600","33","60972407"
"chr3","179328955","179329253","chr1","193071802","193072106","40","13742847"
"chr3","181127019","181127307","chr2","116243031","116243318","26","64883988"
"chr3","181135371","181135677","chr1","214981520","214981826","34","33846149"
"chr3","181228607","181228907","chr1","54184910","54185214","32","127043697"
"chr3","181235814","181236010","chrX","147147954","147148141","39","34087860"
"chr3","181271856","181272132","chr2","116098713","116098998","32","65173143"
"chr3","181300292","181300574","chr4","137261768","137262054","33","44038524"
"chr3","181327222","181327521","chr1","54184910","54185214","31","127142312"
"chr3","181462371","181462670","chr2","115907179","115907486","53","65555192"
"chr3","181548409","181548704","chr2","61380094","61380378","40","120168315"
"chr3","181661810","181662109","chr15","41981020","41981317","36","139680790"
"chr3","181789592","181789883","chr2","115581307","115581596","21","66208285"
"chr3","182163705","182164026","chr6","176464782","176465093","38","5698923"
"chr3","182265210","182265381","chr15","88479888","88480061","25","93785322"
"chr3","182586378","182586631","chr7","35324031","35324286","56","147262347"
"chr3","182586685","182586989","chr3","140643036","140643337","36","41943649"
"chr3","182703885","182704202","chr20","22528665","22528975","37","160175220"
"chr3","182886946","182887253","chr2","84060483","84060788","40","98826463"
"chr3","182963845","182964143","chr20","54448223","54448522","30","128515622"
"chr3","183062973","183063254","chr3","156152685","156152965","32","26910288"
"chr3","183145586","183145887","chr19","229466","229765","24","182916120"
"chr3","183211770","183212063","chr20","3234359","3234653","30","179977411"
"chr3","183304537","183304842","chr7","83031386","83031688","33","100273151"
"chr3","183345693","183345996","chr7","152987236","152987544","41","30358457"
"chr3","183431163","183431375","chr13","86596716","86596934","37","96834447"
"chr3","183433486","183433785","chrX","12237021","12237319","25","171196465"
"chr3","183435708","183436018","chr2","113783040","113783351","39","69652668"
"chr3","183599243","183599539","chr9","115259231","115259523","25","68340012"
"chr3","183716623","183716923","chr2","113471212","113471511","27","70245411"
"chr3","183741212","183741514","chr2","113448759","113449064","28","70292453"
"chr3","183848443","183848747","chr12","115108242","115108542","31","68740201"
"chr3","184286699","184287014","chr17","1412670","1412979","47","182874029"
"chr3","185484127","185484475","chrX","60028084","60028400","62","125456043"
"chr3","185813209","185813500","chr19","51574417","51574701","41","134238792"
"chr3","185851729","185851890","chr5","18060035","18060193","27","167791694"
"chr3","185852924","185853227","chr2","111207683","111207982","33","74645241"
"chr3","186486415","186486612","chr5","172090157","172090356","35","14396258"
"chr3","186611135","186611433","chr2","110446752","110447048","26","76164383"
"chr3","186678497","186678789","chr3","161716772","161717066","26","24961725"
"chr3","186747065","186747363","chr3","7367921","7368221","36","179379144"
"chr3","186879460","186879715","chr8","23070358","23070619","34","163809102"
"chr3","186909866","186910160","chr2","110181738","110182031","22","76728128"
"chr3","186936940","186937260","chr5","752886","753201","36","186184054"
"chr3","186940641","186940944","chr2","110150253","110150550","36","76790388"
"chr3","187002469","187002771","chr20","57205726","57206029","33","129796743"
"chr3","187005345","187005517","chr19","36475785","36475953","33","150529560"
"chr3","187046710","187047010","chr13","10819543","10819845","36","176227167"
"chr3","187157715","187157992","chr7","147731532","147731809","32","39426183"
"chr3","187323439","187323748","chr2","109764203","109764511","27","77559236"
"chr3","187330763","187331054","chr9","64106021","64106313","26","123224742"
"chr3","187530849","187531171","chr6","93898120","93898438","34","93632729"
"chr3","187570330","187570513","chr4","29348361","29348533","32","158221969"
"chr3","187589180","187589493","chr1","54184910","54185214","34","133404270"
"chr3","187632892","187633079","chr2","26703771","26703943","34","160929121"
"chr3","187635961","187636275","chr6","174905209","174905512","42","12730752"
"chr3","187722646","187722873","chr17","374017","374245","41","187348629"
"chr3","187750802","187751112","chr16","3245842","3246150","33","184504960"
"chr3","187796826","187797034","chr16","50695670","50695872","26","137101156"
"chr3","187816610","187816911","chr1","22411003","22411299","34","165405607"
"chr3","187831741","187832035","chr3","161716772","161717066","30","26114969"
"chr3","188037090","188037389","chr3","181513518","181513820","30","6523572"
"chr3","188076250","188076549","chr1","22411003","22411299","26","165665247"
"chr3","188082121","188082425","chr19","45770144","45770438","35","142311977"
"chr3","188156512","188156755","chr1","165861904","165862130","58","22294608"
"chr3","188246408","188246704","chr2","149644045","149644340","34","38602363"
"chr3","188350733","188351046","chr1","54184910","54185214","45","134165823"
"chr3","188410688","188410949","chr2","108675074","108675342","30","79735614"
"chr3","188502220","188502521","chr2","108579424","108579718","29","79922796"
"chr3","188657123","188657433","chrX","130126302","130126612","36","58530821"
"chr3","189044522","189044686","chr1","129407736","129407901","24","59636786"
"chr3","189070917","189071214","chr12","91512048","91512344","34","97558869"
"chr3","189126050","189126341","chr3","161751570","161751864","34","27374480"
"chr3","189236483","189236784","chr3","81656161","81656467","33","107580322"
"chr3","189298702","189299016","chr7","44953224","44953534","36","144345478"
"chr3","189362367","189362602","chr9","93688855","93689088","34","95673512"
"chr3","189530503","189530793","chr1","125383788","125384077","27","64146715"
"chr3","189551183","189551476","chr1","9659856","9660151","31","179891327"
"chr3","189576829","189577183","chr7","157787156","157787503","57","31789673"
"chr3","189637786","189638092","chr11","47246924","47247222","45","142390862"
"chr3","189683889","189684184","chr13","106164334","106164628","34","83519555"
"chr3","189746952","189747230","chr4","160692905","160693183","29","29054047"
"chr3","189760243","189760542","chr1","38218968","38219269","37","151541275"
"chr3","189782768","189783074","chr2","107287918","107288224","26","82494850"
"chr3","189789761","189790013","chr9","118002402","118002650","32","71787359"
"chr3","189928992","189929287","chr15","63303028","63303323","47","126625964"
"chr3","189963862","189964162","chr2","107020297","107020597","36","82943565"
"chr3","190204933","190205225","chr10","77075361","77075654","29","113129572"
"chr3","190285257","190285564","chr3","61603468","61603773","31","128681789"
"chr3","190402467","190402551","chr15","10139615","10139697","17","180262852"
"chr3","190403028","190403230","chr13","81318413","81318616","31","109084615"
"chr3","190536753","190537043","chr6","132127364","132127664","42","58409389"
"chr3","190665412","190665600","chr19","12959091","12959278","35","177706321"
"chr3","190673261","190673571","chr2","106325254","106325552","34","84348007"
"chr3","190684233","190684535","chr2","84295934","84296234","33","106388299"
"chr3","190818038","190818303","chr1","44142426","44142700","35","146675612"
"chr3","190818309","190818590","chr4","160692905","160693183","23","30125404"
"chr3","190847934","190848255","chr4","16946855","16947177","42","173901079"
"chr3","191030325","191030643","chr7","63056446","63056768","38","127973879"
"chr3","191042721","191043014","chrX","18394346","18394650","46","172648375"
"chr3","191057897","191058190","chr14","38362131","38362424","34","152695766"
"chr3","191087576","191087879","chr4","69409816","69410121","32","121677760"
"chr3","191100791","191101098","chr1","63101952","63102249","42","127998839"
"chr3","191130136","191130435","chrX","101200764","101201064","26","89929372"
"chr3","191347372","191347676","chr2","192357783","192358083","38","1010411"
"chr3","191372016","191372291","chr12","2547182","2547463","37","188824834"
"chr3","191531618","191531912","chr2","192181403","192181698","26","649785"
"chr3","191602097","191602399","chr2","192113274","192113569","38","511177"
"chr3","191848650","191848966","chr9","93872647","93872956","41","97976003"
"chr3","191881090","191881392","chr7","83941543","83941842","28","107939547"
"chr3","191935980","191936242","chr12","81755596","81755855","38","110180384"
"chr3","191947608","191947913","chr19","50863135","50863438","36","141084473"
"chr3","192047399","192047574","chrX","51786687","51786849","35","140260712"
"chr3","192182178","192182483","chr10","12520463","12520769","29","179661715"
"chr3","192522812","192523113","chr2","191192145","191192432","44","1330667"
"chr3","192596871","192596998","chr14","86213541","86213679","33","106383330"
"chr3","192597287","192597447","chr2","191121700","191121855","20","1475587"
"chr3","192618542","192618841","chr20","54448223","54448522","23","138170319"
"chr3","192773114","192773427","chr20","40335976","40336280","36","152437138"
"chr3","192846691","192847002","chr2","84060483","84060788","37","108786208"
"chr3","192853275","192853586","chr19","35826176","35826481","33","157027099"
"chr3","192901437","192901732","chr2","195552885","195553191","31","2651448"
"chr3","193129968","193130279","chr8","105120121","105120431","30","88009847"
"chr3","193276146","193276442","chr10","48763672","48763973","38","144512474"
"chr3","193374436","193374737","chr3","7367921","7368221","30","186006515"
"chr3","193546913","193547090","chr9","62270006","62270180","33","131276907"
"chr3","193829075","193829376","chr14","1559284","1559583","31","192269791"
"chr3","194276769","194277072","chr1","54184910","54185214","36","140091859"
"chr3","194428174","194428495","chr1","14303037","14303352","43","180125137"
"chr3","194762746","194762996","chr16","23416634","23416880","29","171346112"
"chr3","194899636","194899924","chr2","197594580","197594872","27","2694944"
"chr3","194979123","194979456","chrX","113475257","113475588","54","81503866"
"chr3","195215425","195215672","chr2","197895220","197895483","38","2679795"
"chr3","195451576","195451874","chr1","143429650","143429945","37","52021926"
"chr3","195495307","195495606","chrX","14683994","14684298","36","180811313"
"chr3","195721773","195722082","chr10","7856482","7856792","29","187865291"
"chr3","195724309","195724615","chr2","198405960","198406261","44","2681651"
"chr3","195961233","195961538","chr12","62436927","62437213","48","133524306"
"chr3","195999097","195999405","chr13","94954144","94954445","45","101044953"
"chr3","196024510","196024847","chr4","127759466","127759795","46","68265044"
"chr3","196473076","196473369","chr2","199110291","199110587","35","2637215"
"chr3","196547685","196547995","chr2","199187225","199187532","32","2639540"
"chr3","196657357","196657659","chr14","18653571","18653875","31","178003786"
"chr3","196986939","196987104","chr3","76215454","76215617","26","120771485"
"chr3","197029581","197029838","chr5","173801525","173801782","25","23228056"
"chr3","197062940","197063249","chr2","199734483","199734791","29","2671543"
"chr3","197289570","197289880","chr13","39352330","39352639","32","157937240"
"chr3","197616081","197616380","chr14","103953537","103953843","32","93662544"
"chr3","197638105","197638404","chr16","64231242","64231543","35","133406863"
"chr3","197649535","197649842","chr19","6294542","6294848","40","191354993"
"chr3","197706856","197707165","chrX","130126302","130126612","29","67580554"
"chr3","197811212","197811444","chr2","200483253","200483471","38","2672041"
"chr3","197841021","197841332","chr2","200514887","200515198","39","2673866"
"chr3","198121077","198121374","chr13","39352330","39352639","42","158768747"
"chr3","198228664","198228917","chr4","106958936","106959190","50","91269728"
"chr3","198229591","198229904","chr20","56319192","56319508","39","141910399"
"chr3","198306869","198307167","chr11","108584077","108584374","34","89722792"
"chr3","198485893","198486190","chr20","54448223","54448522","36","144037670"
"chr3","198503672","198503972","chr7","83031386","83031688","29","115472286"
"chr3","198504839","198505114","chr2","21321648","21321927","33","177183191"
"chr3","198661479","198661790","chr1","7768760","7769067","34","190892719"
"chr3","198689834","198690139","chr8","26870979","26871283","38","171818855"
"chr3","198712622","198712795","chr13","89859967","89860138","31","108852655"
"chr3","198739058","198739346","chr19","1120205","1120506","44","197618853"
"chr3","198858056","198858325","chr7","117066853","117067122","37","81791203"
"chr3","198891277","198891532","chr8","72286989","72287242","36","126604288"
"chr3","198902448","198902763","chr15","12128980","12129292","43","186773468"
"chr3","198992526","198992828","chr14","118913053","118913356","27","80079473"
"chr3","199025408","199025702","chr15","88070777","88071071","39","110954631"
"chr3","199057245","199057528","chr2","201758876","201759167","40","2701631"
"chr3","199090883","199091174","chr3","155246047","155246338","32","43844836"
"chr3","199135569","199135864","chr3","178732552","178732845","39","20403017"
"chr3","199362743","199363051","chr4","5357211","5357521","35","194005532"
"chr3","199553816","199554107","chr6","155329774","155330069","30","44224042"
"chr3","199635024","199635325","chrX","136494316","136494618","31","63140708"
"chr3","199715340","199715636","chrX","140977303","140977601","32","58738037"
"chr3","199916020","199916297","chr2","202602642","202602924","33","2686622"
"chr3","199962669","199962967","chr10","69419544","69419839","41","130543125"
"chr3","200020699","200020868","chr15","6911024","6911192","22","193109675"
"chr3","200126252","200126559","chr16","628664","628975","34","199497588"
"chr3","200139245","200139551","chr1","1289219","1289524","30","198850026"
"chr3","200151813","200152115","chr14","113353746","113354047","30","86798067"
"chr3","200196962","200197261","chr7","83031386","83031688","28","117165576"
"chr3","200268729","200269018","chr2","202879717","202879999","30","2610988"
"chr3","200272819","200273108","chr8","65531215","65531499","34","134741604"
"chr3","200330824","200331083","chr8","72286989","72287242","33","128043835"
"chr3","200348413","200348709","chr7","1749091","1749386","25","198599322"
"chr3","200363680","200363974","chr11","108584077","108584374","23","91779603"
"chr3","200442742","200443048","chrX","23155568","23155864","46","177287174"
"chr3","200465903","200466232","chr7","96167771","96168084","55","104298132"
"chr3","200477089","200477404","chr8","105120121","105120431","34","95356968"
"chr3","200561160","200561457","chr2","203164096","203164398","33","2602936"
"chr3","200719390","200719491","chr1","12339903","12339996","25","188379487"
"chr3","200719742","200719908","chr16","30221706","30221869","19","170498036"
"chr3","200878780","200879069","chr13","68530211","68530499","33","132348569"
"chr3","200922881","200923169","chr13","68530211","68530499","27","132392670"
"chr3","200975461","200975767","chrX","113301095","113301395","31","87674366"
"chr3","201158590","201158884","chr2","203820083","203820381","35","2661493"
"chr3","201342778","201343086","chr2","80913807","80914116","31","120428971"
"chr3","201469511","201469788","chr2","79035135","79035404","38","122434376"
"chr3","201489198","201489492","chr2","201758876","201759167","41","269678"
"chr3","201520320","201520624","chr5","85045085","85045391","32","116475235"
"chr3","201539102","201539392","chr11","108584077","108584374","33","92955025"
"chr3","201583580","201583742","chr7","129362850","129363013","45","72220730"
"chr3","201758805","201759096","chr12","46463059","46463348","26","155295746"
"chr3","201795419","201795610","chr15","12186805","12187003","34","189608614"
"chr3","201960458","201960777","chr19","51361142","51361461","43","150599316"
"chr3","202156766","202157057","chr1","22411003","22411299","30","179745763"
"chr3","202240532","202240766","chr16","68980533","68980762","34","133259999"
"chr4","101711785","101712097","chr2","90703972","90704276","57","11007813"
"chr4","77201290","77201599","chr5","81915215","81915519","34","4713925"
"chr4","89259808","89260109","chr1","54184910","54185214","26","35074898"
"chr4","313761","314057","chr10","663232","663537","41","349471"
"chr4","334274","334574","chr12","43875311","43875613","25","43541037"
"chr4","337763","338061","chr5","292616","292915","35","45147"
"chr4","360950","361242","chr1","42018653","42018950","36","41657703"
"chr4","364346","364647","chr4","127363604","127363914","44","126999258"
"chr4","369426","369722","chr13","71275711","71275994","46","70906285"
"chr4","477525","477840","chrX","130126302","130126612","41","129648777"
"chr4","502778","503066","chr1","66578973","66579259","40","66076195"
"chr4","711261","711505","chr12","1645361","1645609","36","934100"
"chr4","711624","711919","chr10","73644674","73644975","27","72933050"
"chr4","726679","727008","chr4","16946855","16947177","41","16220176"
"chr4","797269","797587","chrX","52884540","52884848","42","52087271"
"chr4","809305","809608","chr2","90703972","90704276","39","89894667"
"chr4","1021224","1021527","chr6","17517810","17518110","26","16496586"
"chr4","1058835","1059135","chr5","25781526","25781823","33","24722691"
"chr4","1131332","1131630","chr8","129714385","129714685","26","128583053"
"chr4","1215065","1215363","chr7","165990819","165991114","31","164775754"
"chr4","1309744","1310055","chr5","1266008","1266317","29","43736"
"chr4","1332932","1333249","chr5","1307091","1307410","32","25841"
"chr4","1687825","1687990","chr3","76215454","76215617","34","74527629"
"chr4","1697993","1698287","chr5","1773882","1774179","24","75889"
"chr4","1723048","1723242","chr16","70175811","70176005","24","68452763"
"chr4","2246456","2246660","chr8","28319108","28319307","51","26072652"
"chr4","2310956","2311244","chr5","2446580","2446864","29","135624"
"chr4","2366930","2367212","chr3","9912417","9912700","41","7545487"
"chr4","2387200","2387496","chr6","132127364","132127664","52","129740164"
"chr4","2424915","2425209","chr12","100333707","100334000","25","97908792"
"chr4","2461501","2461765","chr19","45114752","45115015","28","42653251"
"chr4","2526532","2526836","chr11","122284883","122285181","35","119758351"
"chr4","2577605","2577902","chr5","2739595","2739892","38","161990"
"chr4","2578732","2579040","chr20","40335976","40336280","31","37757244"
"chr4","2582410","2582737","chrX","44760602","44760923","69","42178192"
"chr4","2585138","2585430","chr3","77744436","77744731","31","75159298"
"chr4","2586429","2586700","chr7","19039688","19039974","72","16453259"
"chr4","2591999","2592202","chr17","39176135","39176331","36","36584136"
"chr4","2608553","2608841","chr12","1873342","1873636","32","735211"
"chr4","2617264","2617548","chr3","84620797","84621082","54","82003533"
"chr4","2643383","2643680","chr5","2814421","2814722","27","171038"
"chr4","2669630","2669917","chr8","65531215","65531499","35","62861585"
"chr4","2695861","2696179","chr5","2860757","2861063","33","164896"
"chr4","2737705","2738007","chr19","13754805","13755106","31","11017100"
"chr4","2738245","2738526","chr5","2903205","2903476","32","164960"
"chr4","2754221","2754491","chr5","2919193","2919462","32","164972"
"chr4","2771356","2771662","chr12","19620918","19621225","33","16849562"
"chr4","2834259","2834567","chrX","872740","873049","30","1961519"
"chr4","2969770","2970085","chr5","3172939","3173253","36","203169"
"chr4","3057269","3057559","chr4","3379423","3379712","30","322154"
"chr4","3124564","3124857","chr7","114172011","114172307","30","111047447"
"chr4","3223462","3223676","chr9","120349866","120350082","25","117126404"
"chr4","3225927","3226249","chr16","54764613","54764924","43","51538686"
"chr4","3260223","3260504","chr7","19039688","19039974","38","15779465"
"chr4","3994500","3994665","chr1","130615501","130615669","35","126621001"
"chr4","4114315","4114615","chr14","2713092","2713395","33","1401223"
"chr4","4116732","4117043","chr14","66237905","66238213","42","62121173"
"chr4","4218417","4218720","chr4","26315671","26315967","43","22097254"
"chr4","4531407","4531707","chr1","22411003","22411299","25","17879596"
"chr4","4663851","4664022","chr13","89859967","89860138","25","85196116"
"chr4","4701499","4701806","chr2","173361133","173361438","30","168659634"
"chr4","5047411","5047710","chr2","81635445","81635747","25","76588034"
"chr4","5783922","5784229","chr15","43831651","43831953","37","38047729"
"chr4","5954552","5954856","chr19","1120205","1120506","32","4834347"
"chr4","6003030","6003334","chr19","1120205","1120506","32","4882825"
"chr4","6089062","6089355","chr5","6167125","6167420","29","78063"
"chr4","6809487","6809763","chr5","6878498","6878777","32","69011"
"chr4","6942588","6942888","chr15","104401844","104402147","39","97459256"
"chr4","6975461","6975762","chr7","127065845","127066144","33","120090384"
"chr4","7044483","7044788","chr3","74896182","74896480","33","67851699"
"chr4","7153544","7153850","chr3","24924052","24924352","32","17770508"
"chr4","7545335","7545633","chr16","3245842","3246150","33","4299493"
"chr4","8000365","8000665","chr6","134850385","134850684","37","126850020"
"chr4","8058111","8058379","chr1","209363276","209363538","41","201305165"
"chr4","8106031","8106331","chr6","132127364","132127664","32","124021333"
"chr4","9151152","9151415","chr20","68769503","68769770","32","59618351"
"chr4","9270640","9270940","chrX","136494316","136494618","38","127223676"
"chr4","9763326","9763632","chr8","65019239","65019549","30","55255913"
"chr4","9769840","9770025","chr17","39176135","39176331","36","29406295"
"chr4","10257669","10257985","chr14","63745128","63745439","44","53487459"
"chr4","10895420","10895728","chr1","13457585","13457895","38","2562165"
"chr4","11236828","11237079","chr9","118002402","118002650","37","106765574"
"chr4","11277729","11278059","chr5","10927791","10928109","36","349938"
"chr4","11416932","11417238","chr3","64175701","64176007","36","52758769"
"chr4","11423024","11423305","chr5","11082083","11082368","28","340941"
"chr4","11496787","11497073","chr9","72780412","72780702","43","61283625"
"chr4","11868894","11869202","chr19","34636045","34636349","36","22767151"
"chr4","11972042","11972349","chrX","85948167","85948472","38","73976125"
"chr4","12520580","12520925","chrX","67274706","67275021","63","54754126"
"chr4","13261488","13261772","chr6","165174499","165174781","38","151913011"
"chr4","13486136","13486447","chrX","130126302","130126612","42","116640166"
"chr4","13761105","13761402","chrX","85895381","85895675","38","72134276"
"chr4","14042367","14042549","chr16","41943604","41943785","32","27901237"
"chr4","14259356","14259691","chr5","13763205","13763529","52","496151"
"chr4","14286936","14287240","chr8","115461075","115461370","48","101174139"
"chr4","14386877","14387186","chr10","67242450","67242757","28","52855573"
"chr4","14848476","14848786","chrX","52884540","52884848","34","38036064"
"chr4","15276859","15277158","chr7","127065845","127066144","36","111788986"
"chr4","15619920","15620213","chr19","34956456","34956748","28","19336536"
"chr4","15728774","15729082","chr8","95891075","95891381","30","80162301"
"chr4","15769713","15770007","chr1","130574287","130574581","32","114804574"
"chr4","15815065","15815361","chr5","15297991","15298279","32","517074"
"chr4","15818743","15819045","chr5","25781526","25781823","35","9962783"
"chr4","15918433","15918737","chr1","7383870","7384165","35","8534563"
"chr4","16004539","16004600","chr14","18724456","18724513","11","2719917"
"chr4","16233771","16234068","chr9","117924833","117925131","36","101691062"
"chr4","16497219","16497529","chr12","98050892","98051201","28","81553673"
"chr4","16616749","16617041","chrX","32876532","32876820","35","16259783"
"chr4","16957193","16957485","chr5","16452573","16452878","28","504620"
"chr4","17002840","17003125","chr1","30209266","30209552","36","13206426"
"chr4","17089616","17089912","chr3","77594965","77595260","30","60505349"
"chr4","17381854","17382133","chr12","2547182","2547463","35","14834672"
"chr4","17406989","17407247","chr8","29256394","29256650","36","11849405"
"chr4","17447378","17447573","chr19","12959091","12959278","41","4488287"
"chr4","17455671","17455960","chr15","108330667","108330955","34","90874996"
"chr4","17614902","17615191","chr3","3735997","3736286","30","13878905"
"chr4","17769661","17769965","chr16","47849984","47850287","29","30080323"
"chr4","17933581","17933865","chr18","66823618","66823900","38","48890037"
"chr4","18125882","18126074","chr10","17123065","17123263","30","1002817"
"chr4","18541744","18542030","chr6","180011017","180011306","34","161469273"
"chr4","19167398","19167686","chr5","18734830","18735120","35","432568"
"chr4","19217967","19218278","chr5","18784055","18784359","29","433912"
"chr4","19300152","19300445","chr11","108584077","108584374","30","89283925"
"chr4","19329991","19330288","chr9","115259231","115259523","29","95929240"
"chr4","19331859","19332142","chr6","78159341","78159619","37","58827482"
"chr4","19377973","19378276","chr2","129265347","129265651","35","109887374"
"chr4","19380176","19380447","chr3","84744756","84745036","44","65364580"
"chr4","19446807","19446876","chr8","96081034","96081104","15","76634227"
"chr4","19446921","19447126","chr12","79179545","79179751","49","59732624"
"chr4","19534219","19534513","chr7","26662562","26662859","32","7128343"
"chr4","19631075","19631372","chr2","47824467","47824767","37","28193392"
"chr4","19669816","19670099","chr5","19198420","19198704","31","471396"
"chr4","19766664","19766970","chrX","130126302","130126612","34","110359638"
"chr4","20082621","20082932","chr8","121754974","121755282","34","101672353"
"chr4","20198639","20198947","chr6","176790550","176790858","31","156591911"
"chr4","20632918","20633220","chr1","38218968","38219269","30","17586050"
"chr4","20724063","20724226","chr3","33493296","33493438","40","12769233"
"chr4","20951633","20951893","chr5","20460693","20460954","19","490940"
"chr4","21172021","21172327","chrX","53714392","53714701","39","32542371"
"chr4","21200140","21200316","chr4","33359965","33360142","31","12159825"
"chr4","21280189","21280364","chr15","88479888","88480061","30","67199699"
"chr4","21347918","21348228","chr1","13457585","13457895","33","7890333"
"chr4","21612607","21612935","chr12","117233105","117233428","48","95620498"
"chr4","21663503","21663802","chr4","88700124","88700424","36","67036621"
"chr4","21676372","21676521","chr12","76143013","76143160","23","54466641"
"chr4","22166377","22166571","chr4","57384832","57385028","43","35218455"
"chr4","22254596","22254901","chr7","42878280","42878588","37","20623684"
"chr4","22689237","22689534","chr15","87598388","87598685","35","64909151"
"chr4","23705189","23705492","chr9","126315465","126315766","40","102610276"
"chr4","24333649","24333974","chrX","47883388","47883714","39","23549739"
"chr4","24564688","24564986","chr5","24028300","24028608","37","536388"
"chr4","24896599","24896866","chr2","56486018","56486290","31","31589419"
"chr4","24927747","24928035","chr2","203568341","203568629","39","178640594"
"chr4","24958628","24958935","chrX","130126302","130126612","29","105167674"
"chr4","25006715","25007021","chr1","54184910","54185214","32","29178195"
"chr4","25179315","25179611","chrX","23155568","23155864","38","2023747"
"chr4","25232937","25233246","chrX","872740","873049","31","24360197"
"chr4","25461711","25461885","chr9","62270006","62270180","30","36808295"
"chr4","25475562","25475870","chr19","44754788","44755097","30","19279226"
"chr4","25497933","25498108","chr1","130446958","130447129","37","104949025"
"chr4","25636048","25636313","chr10","83240707","83240972","35","57604659"
"chr4","25663500","25663668","chr11","54926961","54927123","27","29263461"
"chr4","25763354","25763617","chr15","109075840","109076105","33","83312486"
"chr4","26190215","26190514","chr11","108584077","108584374","28","82393862"
"chr4","26304560","26304867","chr19","35826176","35826481","31","9521616"
"chr4","26336889","26337191","chr2","47824467","47824767","34","21487578"
"chr4","26368661","26368963","chr5","25813416","25813718","30","555245"
"chr4","26610551","26610852","chr5","26046733","26047034","20","563818"
"chr4","26782197","26782502","chr4","127363604","127363914","31","100581407"
"chr4","26805326","26805638","chr7","41858933","41859241","50","15053607"
"chr4","26827916","26828221","chr1","164673789","164674098","26","137845873"
"chr4","26972182","26972480","chr8","124741945","124742244","25","97769763"
"chr4","27143123","27143428","chr4","57963003","57963297","40","30819880"
"chr4","27410913","27411161","chr7","55478229","55478481","41","28067316"
"chr4","27433976","27434270","chr1","22411003","22411299","33","5022973"
"chr4","27774198","27774498","chr7","84633298","84633596","38","56859100"
"chr4","27934294","27934604","chr8","119831472","119831781","33","91897178"
"chr4","28019399","28019711","chr5","27469066","27469381","37","550333"
"chr4","28078824","28079126","chr8","105120121","105120431","38","77041297"
"chr4","28192672","28192982","chr1","160978135","160978440","36","132785463"
"chr4","28558311","28558610","chr11","108584077","108584374","30","80025766"
"chr4","28592394","28592685","chr5","28073878","28074171","41","518516"
"chr4","28731725","28731989","chr12","64337051","64337315","45","35605326"
"chr4","29113617","29113908","chr8","131215418","131215712","36","102101801"
"chr4","29307507","29307829","chr1","95648230","95648547","44","66340723"
"chr4","29333810","29334136","chr1","54184910","54185214","47","24851100"
"chr4","30095665","30095971","chr1","9084605","9084914","43","21011060"
"chr4","30120998","30121289","chr14","71474513","71474814","33","41353515"
"chr4","30211068","30211407","chr3","24845532","24845839","57","5365536"
"chr4","30509161","30509470","chr5","30022100","30022396","34","487061"
"chr4","31154428","31154740","chr1","218582809","218583117","30","187428381"
"chr4","31183397","31183667","chr8","42333220","42333488","38","11149823"
"chr4","31494057","31494346","chr5","31007577","31007862","34","486480"
"chr4","31532793","31533039","chr12","1645361","1645609","36","29887432"
"chr4","31596472","31596761","chr1","22411003","22411299","36","9185469"
"chr4","32723129","32723436","chrX","52884540","52884848","40","20161411"
"chr4","32804699","32804975","chr6","140369863","140370138","41","107565164"
"chr4","33046000","33046233","chr8","101657779","101658017","37","68611779"
"chr4","33170424","33170722","chr11","15282559","15282855","28","17887865"
"chr4","33247214","33247533","chrX","47430937","47431256","37","14183723"
"chr4","33957086","33957366","chr6","105511554","105511837","39","71554468"
"chr4","34036089","34036372","chr1","26856251","26856535","41","7179838"
"chr4","34053873","34054171","chr11","108584077","108584374","32","74530204"
"chr4","34350693","34351002","chr15","14521232","14521536","36","19829461"
"chr4","34957539","34957811","chr2","79035135","79035404","35","44077596"
"chr4","35152202","35152504","chr1","61388678","61388976","40","26236476"
"chr4","35332422","35332740","chr3","157788333","157788655","48","122455911"
"chr4","35727163","35727472","chr5","35400788","35401086","31","326375"
"chr4","35728855","35729157","chr3","24924052","24924352","34","10804803"
"chr4","35730665","35730968","chr4","6021240","6021544","35","29709425"
"chr4","36148402","36148733","chr10","85216108","85216437","49","49067706"
"chr4","36150111","36150435","chr3","54644532","54644842","46","18494421"
"chr4","36402410","36402719","chr9","6051573","6051887","45","30350837"
"chr4","36712248","36712543","chr20","28697028","28697324","29","8015220"
"chr4","36810038","36810350","chr4","5955341","5955651","41","30854697"
"chr4","36898766","36899075","chr16","51138203","51138510","39","14239437"
"chr4","37285080","37285379","chr2","84295934","84296234","39","47010854"
"chr4","37658390","37658688","chr4","22120527","22120820","32","15537863"
"chr4","37722242","37722550","chr1","54184910","54185214","36","16462668"
"chr4","38000365","38000665","chr11","55009213","55009513","24","17008848"
"chr4","38065217","38065522","chrX","85948167","85948472","37","47882950"
"chr4","38199636","38199931","chr1","130574287","130574581","34","92374651"
"chr4","38641383","38641682","chr11","108584077","108584374","29","69942694"
"chr4","38663866","38664163","chr5","38293640","38293945","33","370226"
"chr4","38750201","38750512","chr6","174905209","174905512","38","136155008"
"chr4","38793599","38793902","chr5","38428118","38428419","31","365481"
"chr4","38877530","38877825","chr11","108584077","108584374","24","69706547"
"chr4","39008563","39008855","chr3","48912719","48913013","31","9904156"
"chr4","39091503","39091789","chr2","34779585","34779864","46","4311918"
"chr4","39204713","39205019","chrX","130126302","130126612","28","90921589"
"chr4","39208605","39208912","chrX","52884540","52884848","29","13675935"
"chr4","39257228","39257525","chr11","16362296","16362587","39","22894932"
"chr4","39413056","39413363","chr5","51852378","51852683","34","12439322"
"chr4","39483261","39483474","chr9","120349866","120350082","27","80866605"
"chr4","39499537","39499706","chr17","13116329","13116498","29","26383208"
"chr4","39629540","39629716","chr20","27267477","27267649","21","12362063"
"chr4","39638122","39638427","chrX","23155568","23155864","38","16482554"
"chr4","39685209","39685508","chr1","28231976","28232271","34","11453233"
"chr4","39715704","39715988","chr8","65531215","65531499","34","25815511"
"chr4","39724601","39724911","chr15","47419587","47419897","36","7694986"
"chr4","39809573","39809881","chrX","53714392","53714701","37","13904819"
"chr4","39840330","39840615","chr5","186068050","186068338","37","146227720"
"chr4","39842512","39842815","chr11","49554858","49555163","41","9712346"
"chr4","39962649","39962950","chrX","14683994","14684298","32","25278655"
"chr4","39984278","39984577","chr1","54184910","54185214","29","14200632"
"chr4","39996572","39996733","chr1","110065444","110065608","32","70068872"
"chr4","40008766","40008878","chr10","82796400","82796530","35","42787634"
"chr4","40013565","40013743","chr5","46476035","46476209","32","6462470"
"chr4","40032462","40032630","chr20","27267477","27267649","34","12764985"
"chr4","40036096","40036391","chr13","72263862","72264157","26","32227766"
"chr4","40089413","40089708","chr5","39777480","39777778","21","311933"
"chr4","40097549","40097795","chr5","97647537","97647790","37","57549988"
"chr4","40107574","40107729","chrX","85303515","85303667","22","45195941"
"chr4","40272432","40272617","chr1","35561294","35561462","44","4711138"
"chr4","40295342","40295509","chr7","129362850","129363013","27","89067508"
"chr4","40297312","40297599","chr1","16691372","16691660","38","23605940"
"chr4","40357144","40357440","chr6","177249478","177249776","39","136892334"
"chr4","40427713","40428012","chr3","156749890","156750188","28","116322177"
"chr4","40443554","40443826","chr5","40158918","40159194","25","284636"
"chr4","40476393","40476703","chrX","53714392","53714701","32","13237999"
"chr4","40574590","40574762","chr8","80113522","80113697","27","39538932"
"chr4","40578023","40578333","chr13","90075848","90076160","30","49497825"
"chr4","40578335","40578635","chr12","84493501","84493799","26","43915166"
"chr4","40599132","40599403","chr18","53598285","53598554","34","12999153"
"chr4","40627363","40627663","chr5","40338985","40339282","28","288378"
"chr4","40632343","40632640","chr3","17986252","17986550","27","22646091"
"chr4","40646871","40647161","chr15","12161880","12162173","31","28484991"
"chr4","40733187","40733489","chr5","40444842","40445143","30","288345"
"chr4","40749962","40750057","chr14","113311902","113312011","28","72561940"
"chr4","40810487","40810764","chr15","44422532","44422812","30","3612045"
"chr4","40893552","40893850","chr1","38218968","38219269","29","2674584"
"chr4","40896869","40897161","chr18","66895567","66895862","27","25998698"
"chr4","41024554","41024851","chr5","40732064","40732362","25","292490"
"chr4","41053831","41054138","chr17","29336598","29336906","36","11717233"
"chr4","41064351","41064641","chr5","170134962","170135255","36","129070611"
"chr4","41089113","41089405","chr16","4237255","4237548","30","36851858"
"chr4","41197953","41198199","chr5","173801525","173801782","46","132603572"
"chr4","41248728","41248893","chr13","27708245","27708405","35","13540483"
"chr4","41352908","41353198","chrX","23155568","23155864","44","18197340"
"chr4","41490704","41490996","chr13","63789627","63789914","40","22298923"
"chr4","41899010","41899190","chr7","41852412","41852589","26","46598"
"chr4","42009121","42009415","chr5","41718675","41718970","32","290446"
"chr4","42096721","42097026","chr1","210244521","210244825","35","168147800"
"chr4","42102190","42102478","chr5","41819509","41819795","27","282681"
"chr4","42163654","42163964","chrX","872740","873049","26","41290914"
"chr4","42249978","42250287","chr19","15978488","15978799","28","26271490"
"chr4","42325259","42325433","chr20","27267477","27267649","23","15057782"
"chr4","42417589","42417897","chrX","872740","873049","25","41544849"
"chr4","42443031","42443295","chr5","42170751","42171011","37","272280"
"chr4","42449502","42449795","chrX","63934727","63935015","39","21485225"
"chr4","42922891","42923191","chr20","54448223","54448522","32","11525332"
"chr4","43112425","43112720","chr20","30937004","30937299","28","12175421"
"chr4","43149673","43149967","chr15","43831651","43831953","37","681978"
"chr4","43297391","43297689","chr4","88700124","88700424","40","45402733"
"chr4","43422979","43423297","chr3","97673764","97674072","46","54250785"
"chr4","44000198","44000484","chr5","43783589","43783871","42","216609"
"chr4","44834237","44834527","chr5","44611018","44611309","26","223219"
"chr4","45009435","45009736","chr19","19516794","19517096","37","25492641"
"chr4","45113228","45113535","chr6","174905209","174905512","33","129791981"
"chr4","45118220","45118461","chr5","49412874","49413112","28","4294654"
"chr4","45158385","45158697","chr5","49455194","49455496","32","4296809"
"chr4","45920743","45921034","chr5","50255663","50255952","35","4334920"
"chr4","46500245","46500544","chr2","183297569","183297868","33","136797324"
"chr4","46500559","46500759","chr18","12157369","12157570","37","34343190"
"chr4","46501944","46502242","chr2","183297569","183297868","32","136795625"
"chr4","46659398","46659691","chr5","50970168","50970461","28","4310770"
"chr4","46957589","46957771","chr1","19159458","19159639","27","27798131"
"chr4","46972582","46972895","chr5","51310852","51311158","35","4338270"
"chr4","46990148","46990434","chr5","51327979","51328276","37","4337831"
"chr4","46994478","46994778","chr1","42018653","42018950","32","4975825"
"chr4","47005029","47005211","chr1","27619548","27619722","29","19385481"
"chr4","47016535","47016838","chr9","121927669","121927968","41","74911134"
"chr4","47086036","47086331","chr5","147526333","147526620","29","100440297"
"chr4","47129772","47130009","chr16","53282991","53283224","46","6153219"
"chr4","47224904","47225199","chr5","51572009","51572309","30","4347105"
"chr4","47284854","47285101","chr5","51633623","51633865","35","4348769"
"chr4","47357870","47358108","chr10","14162304","14162543","46","33195566"
"chr4","47444526","47444819","chr13","92512308","92512602","31","45067782"
"chr4","47509178","47509423","chr2","89954335","89954590","32","42445157"
"chr4","47519724","47519924","chr10","43636868","43637081","45","3882856"
"chr4","47524167","47524462","chr4","54062553","54062848","39","6538386"
"chr4","47597949","47598240","chr1","22411003","22411299","30","25186946"
"chr4","47689559","47689820","chr1","44142426","44142700","42","3547133"
"chr4","47694284","47694590","chr5","52082178","52082484","33","4387894"
"chr4","48032008","48032299","chr12","1873342","1873636","34","46158666"
"chr4","48198367","48198677","chrX","130126302","130126612","34","81927935"
"chr4","48476579","48476869","chr10","69419544","69419839","41","20942965"
"chr4","48561077","48561386","chr8","105120121","105120431","38","56559044"
"chr4","48744075","48744373","chr5","53094961","53095260","26","4350886"
"chr4","49923198","49923506","chr8","41718631","41718927","48","8204567"
"chr4","50025318","50025611","chr9","18413803","18414089","32","31611515"
"chr4","50696860","50697161","chr5","55215301","55215607","39","4518441"
"chr4","51013758","51014056","chr5","55552771","55553052","44","4539013"
"chr4","51237244","51237401","chr3","76215454","76215617","25","24978210"
"chr4","51322853","51323151","chr5","55853900","55854203","27","4531047"
"chr4","51344671","51344974","chr5","55872782","55873085","36","4528111"
"chr4","51856905","51857203","chr15","87598388","87598685","31","35741483"
"chr4","52175091","52175387","chr5","56662668","56662966","27","4487577"
"chr4","52178462","52178635","chr1","129407736","129407901","27","77229274"
"chr4","52288304","52288602","chr3","106101050","106101334","45","53812746"
"chr4","52375852","52376137","chr10","38775722","38776018","36","13600130"
"chr4","53061983","53062155","chrX","59842814","59842986","28","6780831"
"chr4","53181141","53181431","chr5","57670358","57670645","29","4489217"
"chr4","53227374","53227672","chr6","173896362","173896661","28","120668988"
"chr4","53295395","53295559","chr10","36085811","36085979","32","17209584"
"chr4","53366044","53366345","chr5","57856970","57857269","25","4490926"
"chr4","53391722","53392030","chr8","105120121","105120431","36","51728399"
"chr4","53459931","53460239","chr5","57952563","57952866","23","4492632"
"chr4","53594400","53594709","chr5","58084431","58084735","29","4490031"
"chr4","53698465","53698790","chrX","47430937","47431256","38","6267528"
"chr4","53815760","53815939","chr15","64701277","64701454","36","10885517"
"chr4","54188173","54188474","chr4","170001134","170001432","31","115812961"
"chr4","54213974","54214287","chr1","128094642","128094960","36","73880668"
"chr4","54305581","54305751","chr7","88306228","88306392","35","34000647"
"chr4","54358809","54359104","chr5","58834975","58835282","37","4476166"
"chr4","54377812","54377824","chr7","164833772","164833782","3","110455960"
"chr4","54378125","54378271","chr20","52217241","52217379","40","2160884"
"chr4","54412872","54413164","chr5","58887865","58888149","37","4474993"
"chr4","54439540","54439844","chr20","28697028","28697324","33","25742512"
"chr4","54510462","54510613","chr3","76215454","76215617","25","21704992"
"chr4","54579770","54580076","chr14","113096030","113096328","37","58516260"
"chr4","54736692","54737002","chr4","5357211","5357521","34","49379481"
"chr4","55260381","55260679","chr5","59746492","59746801","36","4486111"
"chr4","55520670","55520982","chr10","59401400","59401707","37","3880730"
"chr4","55541502","55541792","chr9","57974701","57974994","41","2433199"
"chr4","55554883","55555169","chr5","60056581","60056864","29","4501698"
"chr4","55661805","55662104","chr3","184218283","184218583","33","128556478"
"chr4","55686291","55686579","chrX","23155568","23155864","34","32530723"
"chr4","56079072","56079357","chr11","47632724","47633008","40","8446348"
"chr4","56231347","56231643","chr14","47057261","47057555","36","9174086"
"chr4","56600836","56601135","chr4","54062553","54062848","40","2538283"
"chr4","56663107","56663292","chr15","10405383","10405560","31","46257724"
"chr4","56860973","56861136","chr1","30858562","30858733","33","26002411"
"chr4","56861565","56861856","chr11","108584077","108584374","32","51722512"
"chr4","56905861","56906165","chr4","141731946","141732236","84","84826085"
"chr4","56931823","56932133","chr6","69949741","69950051","34","13017918"
"chr4","57050188","57050499","chr3","17734708","17735011","36","39315480"
"chr4","57110208","57110508","chr6","177249478","177249776","28","120139270"
"chr4","58095976","58096290","chr7","54947966","54948281","44","3148010"
"chr4","58553544","58553804","chr7","137863872","137864121","32","79310328"
"chr4","58649248","58649558","chr2","129265347","129265651","37","70616099"
"chr4","58793458","58793757","chr5","63280259","63280556","29","4486801"
"chr4","59125375","59125650","chrX","18213365","18213639","35","40912010"
"chr4","59264300","59264593","chr20","28697028","28697324","26","30567272"
"chr4","59284332","59284605","chr5","63741027","63741300","24","4456695"
"chr4","59317241","59317539","chr5","63781758","63782057","23","4464517"
"chr4","59329848","59330018","chr14","8947217","8947387","28","50382631"
"chr4","59355307","59355485","chr11","6658602","6658773","28","52696705"
"chr4","59413503","59413803","chr3","7367921","7368221","30","52045582"
"chr4","59437080","59437382","chr3","7367921","7368221","30","52069159"
"chr4","59456785","59457087","chr7","119846734","119847023","38","60389949"
"chr4","59658732","59659033","chrX","130126302","130126612","35","70467570"
"chr4","59810386","59810681","chr20","28697028","28697324","29","31113358"
"chr4","59892376","59892522","chr19","10635260","10635411","47","49257116"
"chr4","59904677","59904987","chrX","872740","873049","30","59031937"
"chr4","59995643","59995939","chr4","15580799","15581099","41","44414844"
"chr4","60040136","60040233","chr1","216487518","216487610","17","156447382"
"chr4","60040305","60040501","chr17","39176135","39176331","24","20864170"
"chr4","60696310","60696615","chr4","57579246","57579545","45","3117064"
"chr4","61491999","61492304","chr2","84060483","84060788","30","22568484"
"chr4","61516281","61516606","chr5","40601550","40601860","58","20914731"
"chr4","61741634","61741805","chr12","90007912","90008084","23","28266278"
"chr4","62069108","62069386","chr20","65756557","65756837","40","3687449"
"chr4","62266031","62266326","chr2","50474471","50474769","26","11791560"
"chr4","62330209","62330504","chr1","28231976","28232271","31","34098233"
"chr4","62495414","62495568","chr6","154636260","154636411","24","92140846"
"chr4","63079142","63079423","chr1","18804845","18805133","46","44274297"
"chr4","63507794","63508080","chr9","6598363","6598651","34","56909431"
"chr4","64397891","64398200","chr3","81656161","81656467","39","17258270"
"chr4","65108513","65108811","chr1","213809593","213809893","43","148701080"
"chr4","65146220","65146523","chr1","206202604","206202903","31","141056384"
"chr4","65243325","65243633","chr10","30715548","30715853","39","34527777"
"chr4","65484749","65485048","chr13","94954144","94954445","37","29469395"
"chr4","65845852","65846146","chr15","51030231","51030529","40","14815621"
"chr4","66248115","66248404","chr1","7247666","7247956","45","59000449"
"chr4","66802166","66802475","chr4","5955341","5955651","33","60846825"
"chr4","67042295","67042590","chr20","65776652","65776952","41","1265643"
"chr4","67045406","67045686","chr7","133936936","133937214","37","66891530"
"chr4","67479110","67479410","chr3","48879684","48879984","42","18599426"
"chr4","68087732","68088019","chr5","72772865","72773157","30","4685133"
"chr4","68106894","68107170","chr5","72793464","72793734","35","4686570"
"chr4","68148500","68148766","chr20","68769503","68769770","38","621003"
"chr4","68308368","68308669","chrX","54753778","54754077","36","13554590"
"chr4","68467371","68467539","chrX","59842814","59842986","25","8624557"
"chr4","68805255","68805554","chr5","73485754","73486062","35","4680499"
"chr4","69540071","69540376","chr1","206153473","206153775","33","136613402"
"chr4","69570004","69570279","chr10","76560209","76560485","41","6990205"
"chr4","69737904","69738213","chr10","92196986","92197296","36","22459082"
"chr4","69806857","69807167","chrX","52884540","52884848","36","16922317"
"chr4","70471631","70471931","chr4","134852861","134853168","38","64381230"
"chr4","71259763","71260047","chr4","137261768","137262054","36","66002005"
"chr4","72207789","72208085","chr12","1873342","1873636","28","70334447"
"chr4","72274338","72274648","chr3","133438310","133438615","34","61163972"
"chr4","72336494","72336782","chr10","35385148","35385439","36","36951346"
"chr4","72654856","72655156","chr19","50863135","50863438","39","21791721"
"chr4","72909438","72909750","chr1","39678068","39678375","42","33231370"
"chr4","73044546","73044844","chr9","115259231","115259523","34","42214685"
"chr4","73128379","73128687","chr3","64175701","64176007","28","8952678"
"chr4","73155511","73155821","chr5","77792861","77793169","32","4637350"
"chr4","73178810","73179098","chr2","63419289","63419578","32","9759521"
"chr4","73200817","73200957","chr7","17629130","17629274","29","55571687"
"chr4","73209257","73209563","chr7","52277962","52278267","28","20931295"
"chr4","73436475","73436781","chr1","165996033","165996341","34","92559558"
"chr4","73649490","73649805","chr10","43005763","43006079","39","30643727"
"chr4","73693035","73693261","chr20","34321481","34321710","29","39371554"
"chr4","74005674","74005927","chr5","78610923","78611180","31","4605249"
"chr4","74095994","74096289","chr11","108584077","108584374","39","34488083"
"chr4","74180334","74180605","chr2","56486018","56486290","31","17694316"
"chr4","74492768","74493052","chr3","12332767","12333051","29","62160001"
"chr4","74494599","74494901","chr7","26662562","26662859","33","47832037"
"chr4","74561561","74561622","chr14","18724456","18724513","16","55837105"
"chr4","74616806","74617109","chr14","18653571","18653875","37","55963235"
"chr4","74690920","74691142","chr5","79317884","79318114","30","4626964"
"chr4","75166592","75166895","chr1","38218968","38219269","32","36947624"
"chr4","75180978","75181160","chr1","27619548","27619722","35","47561430"
"chr4","76603552","76603869","chr15","46282525","46282837","37","30321027"
"chr4","76704516","76704806","chr15","5936061","5936357","40","70768455"
"chr4","76727324","76727599","chr16","34717440","34717721","39","42009884"
"chr4","76841806","76842105","chr4","134287745","134288045","32","57445939"
"chr4","77035104","77035413","chr1","34437740","34438040","35","42597364"
"chr4","77252671","77252741","chr15","21587442","21587502","18","55665229"
"chr4","77311276","77311571","chrX","40234292","40234589","30","37076984"
"chr4","77361034","77361221","chr5","189021655","189021847","30","111660621"
"chr4","77528328","77528622","chr8","65214285","65214580","36","12314043"
"chr4","77636304","77636612","chrX","872740","873049","34","76763564"
"chr4","78175389","78175679","chr5","82877910","82878206","27","4702521"
"chr4","82593062","82593310","chr9","45197732","45197967","51","37395330"
"chr4","83016994","83017282","chr1","136720804","136721098","45","53703810"
"chr4","83194012","83194304","chr20","40629358","40629653","29","42564654"
"chr4","83300685","83300976","chr12","121351661","121351954","43","38050976"
"chr4","83334428","83334729","chr1","125780213","125780512","34","42445785"
"chr4","83527033","83527306","chr1","26673468","26673727","39","56853565"
"chr4","83674796","83675110","chr16","45478295","45478617","43","38196501"
"chr4","83880874","83881037","chr20","52172259","52172431","30","31708615"
"chr4","84070593","84070884","chr5","47983508","47983802","29","36087085"
"chr4","84080401","84080688","chr3","77744436","77744731","34","6335965"
"chr4","84106014","84106185","chr10","12244071","12244234","38","71861943"
"chr4","84524922","84525224","chr16","9472508","9472805","39","75052414"
"chr4","84765202","84765481","chrX","129312880","129313161","28","44547678"
"chr4","85473077","85473387","chr5","46550947","46551254","26","38922130"
"chr4","85543016","85543350","chr13","71785728","71786041","64","13757288"
"chr4","86314324","86314609","chr1","124044295","124044579","39","37729971"
"chr4","86876802","86877116","chr1","156547387","156547697","51","69670585"
"chr4","86893191","86893483","chr6","166489950","166490241","31","79596759"
"chr4","87453826","87454118","chr1","22411003","22411299","44","65042823"
"chr4","88003172","88003458","chrX","119489670","119489963","34","31486498"
"chr4","88272440","88272734","chr5","1773882","1774179","34","86498558"
"chr4","88360954","88361259","chr14","118913053","118913356","35","30552099"
"chr4","88442602","88442909","chr5","84517709","84518014","30","3924893"
"chr4","88610019","88610313","chr1","22411003","22411299","27","66199016"
"chr4","88956339","88956641","chr5","85045085","85045391","28","3911254"
"chr4","88991910","88992201","chr16","18454108","18454402","32","70537802"
"chr4","89131409","89131701","chr5","113613008","113613297","37","24481599"
"chr4","89230046","89230347","chr5","85314585","85314886","30","3915461"
"chr4","89279090","89279416","chrX","132517696","132518010","55","43238606"
"chr4","89295658","89295819","chr12","44446416","44446578","33","44849242"
"chr4","89417573","89417669","chr1","164629502","164629597","16","75211929"
"chr4","89418528","89418636","chr16","67876476","67876591","28","21542052"
"chr4","89449728","89450033","chr7","113241613","113241916","33","23791885"
"chr4","89538176","89538480","chr5","85627705","85628014","33","3910471"
"chr4","89543650","89543932","chr5","85633107","85633391","27","3910543"
"chr4","89598858","89599138","chr5","85683618","85683895","32","3915240"
"chr4","90439892","90440190","chr5","86545292","86545591","31","3894600"
"chr4","90468069","90468372","chr5","86574129","86574420","35","3893940"
"chr4","90470381","90470684","chr5","86576368","86576673","36","3894013"
"chr4","90507424","90507711","chr7","19039688","19039974","29","71467736"
"chr4","90564662","90564955","chr6","155329774","155330069","33","64765112"
"chr4","90691604","90691857","chr5","86840231","86840487","29","3851373"
"chr4","90763542","90763837","chr1","21747965","21748260","26","69015577"
"chr4","90775153","90775365","chr7","7291684","7291896","31","83483469"
"chr4","90810816","90811113","chr1","34922657","34922952","33","55888159"
"chr4","91377970","91378257","chr15","108330667","108330955","28","16952697"
"chr4","91383304","91383564","chr5","87513725","87513979","31","3869579"
"chr4","91707303","91707583","chr14","18340245","18340521","31","73367058"
"chr4","91741511","91741798","chr12","46463059","46463348","33","45278452"
"chr4","92052928","92053220","chr20","18183620","18183918","27","73869308"
"chr4","92214499","92214713","chr19","8000001","8000213","32","84214498"
"chr4","92293179","92293456","chr5","88402342","88402629","38","3890837"
"chr4","92615926","92616217","chr8","132168596","132168882","34","39552670"
"chr4","93138686","93138981","chr8","120468586","120468882","40","27329900"
"chr4","93345897","93346166","chr5","89485558","89485828","30","3860339"
"chr4","93406728","93407006","chr1","49408758","49409030","40","43997970"
"chr4","93472878","93473178","chr5","89609248","89609544","31","3863630"
"chr4","93542497","93542791","chr14","66326782","66327072","37","27215715"
"chr4","93654995","93655271","chr15","44422532","44422812","39","49232463"
"chr4","94052129","94052415","chr14","114063360","114063651","41","20011231"
"chr4","94056586","94056890","chrX","95082495","95082798","32","1025909"
"chr4","94254088","94254390","chr7","113241613","113241916","32","18987525"
"chr4","94872894","94873190","chr5","91054467","91054769","34","3818427"
"chr4","94921933","94922207","chr1","162606866","162607143","43","67684933"
"chr4","95012792","95013084","chr3","4619833","4620124","33","90392959"
"chr4","95318759","95319051","chr2","71480931","71481225","34","23837828"
"chr4","95419535","95419827","chr6","169586934","169587216","40","74167399"
"chr4","96473347","96473635","chr9","98411332","98411624","42","1937985"
"chr4","96536200","96536353","chr19","45157083","45157235","30","51379117"
"chr4","96554000","96554162","chr1","129407736","129407901","31","32853736"
"chr4","96823406","96823699","chr4","21309683","21309973","34","75513723"
"chr4","96925541","96925848","chr1","54184910","54185214","32","42740631"
"chr4","96947137","96947439","chr18","9746356","9746656","31","87200781"
"chr4","96982773","96983090","chr20","7885133","7885440","47","89097640"
"chr4","96984676","96984945","chr2","56486018","56486290","32","40498658"
"chr4","97006631","97006942","chr2","135690097","135690390","41","38683466"
"chr4","97056663","97056966","chr1","160978135","160978440","31","63921472"
"chr4","97067605","97067896","chr11","55619571","55619869","30","41448034"
"chr4","97638303","97638592","chr14","66326782","66327072","37","31311521"
"chr4","98124187","98124485","chr3","48879684","48879984","36","49244503"
"chr4","98803707","98803998","chr12","85600712","85601003","32","13202995"
"chr4","99051420","99051699","chr5","95222436","95222702","34","3828984"
"chr4","99337739","99337909","chr6","67570862","67571028","30","31766877"
"chr4","100012367","100012577","chr4","11102991","11103196","43","88909376"
"chr4","100247250","100247438","chrX","147147954","147148141","32","46900704"
"chr4","100465982","100466294","chr7","112291709","112292012","40","11825727"
"chr4","100516163","100516436","chr5","96702355","96702633","33","3813808"
"chr4","100595572","100595863","chr15","8087432","8087723","28","92508140"
"chr4","100626273","100626604","chr8","3651121","3651451","51","96975152"
"chr4","100684452","100684738","chr5","96875081","96875354","30","3809371"
"chr4","100991727","100992045","chr3","81656161","81656467","37","19335566"
"chr4","101008487","101008751","chr5","97193627","97193890","27","3814860"
"chr4","101030683","101030971","chr7","48798257","48798536","33","52232426"
"chr4","101176772","101177068","chr16","15610530","15610824","30","85566242"
"chr4","101398480","101398806","chr17","83226334","83226647","50","18172146"
"chr4","101443816","101444114","chr4","54062553","54062848","35","47381263"
"chr4","102325429","102325727","chr1","34922657","34922952","32","67402772"
"chr4","102397727","102398024","chr5","98676859","98677161","33","3720868"
"chr4","102490685","102490983","chr3","175664911","175665204","34","73174226"
"chr4","102784788","102785079","chr1","199847714","199848008","31","97062926"
"chr4","102850923","102851216","chr12","65467123","65467418","35","37383800"
"chr4","103206617","103206934","chr4","35325351","35325671","41","67881266"
"chr4","103344143","103344423","chr15","46796966","46797248","39","56547177"
"chr4","103425122","103425441","chr3","47683329","47683644","43","55741793"
"chr4","103441626","103441937","chr4","108327631","108327935","40","4886005"
"chr4","103555977","103556269","chr7","131629510","131629800","31","28073533"
"chr4","103672339","103672647","chr1","164489029","164489333","30","60816690"
"chr4","104070421","104070700","chr4","160692905","160693183","34","56622484"
"chr4","104623005","104623311","chr15","40427017","40427324","39","64195988"
"chr4","104655891","104656191","chr1","50780937","50781236","33","53874954"
"chr4","104729367","104729685","chr9","93872647","93872956","43","10856720"
"chr4","104822029","104822327","chr6","177249478","177249776","28","72427449"
"chr4","105182547","105182849","chr4","71292858","71293156","32","33889689"
"chr4","105246965","105247269","chr5","101542633","101542931","37","3704332"
"chr4","105447390","105447708","chr7","73697750","73698069","50","31749640"
"chr4","105557237","105557544","chr8","105120121","105120431","32","437116"
"chr4","105813641","105813946","chr6","111150739","111151045","36","5337098"
"chr4","106332154","106332457","chr12","101103303","101103605","32","5228851"
"chr4","107229216","107229512","chr10","38772882","38773178","36","68456334"
"chr4","107580908","107581215","chr4","5357211","5357521","37","102223697"
"chr4","108488650","108488945","chr20","15684518","15684811","31","92804132"
"chr4","108541705","108542003","chr8","129580403","129580698","25","21038698"
"chr4","109014121","109014303","chrX","59842814","59842986","31","49171307"
"chr4","109031713","109032031","chr7","26662562","26662859","53","82369151"
"chr4","109166324","109166518","chr10","72538419","72538602","29","36627905"
"chr4","109372790","109373091","chr3","127920807","127921108","36","18548017"
"chr4","109406424","109406608","chr7","41852412","41852589","28","67554012"
"chr4","109550343","109550648","chr13","39352330","39352639","31","70198013"
"chr4","109583477","109583772","chr8","115461075","115461370","35","5877598"
"chr4","109591243","109591538","chr11","108584077","108584374","32","1007166"
"chr4","110625572","110625870","chr7","127065845","127066144","32","16440273"
"chr4","110676986","110677199","chr5","106972601","106972813","17","3704385"
"chr4","110893688","110893988","chr12","121002995","121003297","41","10109307"
"chr4","111027768","111028062","chr15","8087432","8087723","27","102940336"
"chr4","111234212","111234493","chr12","98638575","98638856","36","12595637"
"chr4","111237744","111238035","chr15","108330667","108330955","41","2907077"
"chr4","111267637","111267895","chr8","52280223","52280484","44","58987414"
"chr4","111419348","111419635","chr3","160036030","160036319","37","48616682"
"chr4","111550662","111550956","chr2","64819781","64820080","31","46730881"
"chr4","111563907","111564211","chr1","23437690","23437994","37","88126217"
"chr4","111899841","111900136","chr4","54062553","54062848","29","57837288"
"chr4","112120296","112120595","chr4","3379423","3379712","38","108740873"
"chr4","112186720","112187028","chr5","108488205","108488521","30","3698515"
"chr4","112533658","112533962","chrX","140959241","140959543","33","28425583"
"chr4","112865560","112865860","chr5","109189582","109189879","35","3675978"
"chr4","112940450","112940756","chr1","54184910","54185214","23","58755540"
"chr4","113204541","113204842","chr11","55009213","55009513","36","58195328"
"chr4","114003643","114003936","chr1","22411003","22411299","30","91592640"
"chr4","114636923","114637225","chr4","10919980","10920277","38","103716943"
"chr4","114977567","114977855","chr5","111289645","111289937","32","3687922"
"chr4","115130147","115130448","chr3","184218283","184218583","29","69088136"
"chr4","115296239","115296541","chr5","111585861","111586163","30","3710378"
"chr4","115303119","115303427","chr1","54184910","54185214","33","61118209"
"chr4","115338942","115339124","chr19","53087200","53087382","26","62251742"
"chr4","115339142","115339395","chr2","32323","32577","54","115306819"
"chr4","115409694","115409986","chr10","83237650","83237943","75","32172044"
"chr4","115469669","115469990","chrX","134003404","134003717","37","18533735"
"chr4","115602384","115602693","chr20","22528665","22528975","25","93073719"
"chr4","115738620","115738922","chrX","49226498","49226807","38","66512122"
"chr4","115926375","115926676","chr3","77744436","77744731","32","38181939"
"chr4","115958623","115958922","chr7","61608289","61608587","23","54350334"
"chr4","116750617","116750909","chr5","113023002","113023293","30","3727615"
"chr4","116775675","116775958","chr19","4376213","4376499","35","112399462"
"chr4","116825211","116825524","chr5","113094797","113095107","33","3730414"
"chr4","116832267","116832572","chr5","158975124","158975425","38","42142857"
"chr4","116856545","116856881","chrX","135271129","135271456","50","18414584"
"chr4","117214449","117214731","chr3","51638726","51639014","47","65575723"
"chr4","117255759","117256058","chr5","113656072","113656372","25","3599687"
"chr4","117335326","117335629","chr5","113731549","113731853","34","3603777"
"chr4","117548943","117549236","chr18","66820150","66820460","46","50728793"
"chr4","117560576","117560865","chr1","70513165","70513456","37","47047411"
"chr4","117605515","117605748","chr2","53305063","53305296","41","64300452"
"chr4","117835359","117835677","chr7","42917115","42917430","41","74918244"
"chr4","117934374","117934665","chr4","53558030","53558322","38","64376344"
"chr4","118281847","118282148","chr20","6979220","6979518","51","111302627"
"chr4","118305273","118305403","chr10","82796836","82796969","16","35508437"
"chr4","118306089","118306240","chr5","18060035","18060193","37","100246054"
"chr4","118358615","118358928","chr4","107257950","107258256","45","11100665"
"chr4","118423649","118423955","chr6","108528235","108528546","41","9895414"
"chr4","118666115","118666410","chr6","130404322","130404612","23","11738207"
"chr4","118807479","118807798","chr16","40054513","40054819","40","78752966"
"chr4","119311904","119312210","chrX","872740","873049","36","118439164"
"chr4","119634954","119635264","chr6","145356280","145356591","32","25721326"
"chr4","119655796","119656074","chr1","204307037","204307312","31","84651241"
"chr4","119962573","119962734","chr8","80113522","80113697","35","39849051"
"chr4","120531383","120531707","chr12","19620918","19621225","49","100910465"
"chr4","120660533","120660843","chrX","85948167","85948472","34","34712366"
"chr4","120755268","120755548","chr1","204307037","204307312","33","83551769"
"chr4","120817378","120817665","chrX","117589965","117590253","26","3227413"
"chr4","120826776","120827080","chr15","104401844","104402147","40","16424932"
"chr4","121165255","121165550","chr8","100503478","100503773","34","20661777"
"chr4","121208105","121208406","chrX","19203852","19204150","29","102004253"
"chr4","121417913","121418197","chr8","29637722","29638010","38","91780191"
"chr4","122620177","122620439","chr2","107397664","107397917","37","15222513"
"chr4","123751203","123751513","chr5","59746492","59746801","32","64004711"
"chr4","123836998","123837305","chr2","90703972","90704276","38","33133026"
"chr4","124199484","124199796","chrX","52884540","52884848","31","71314944"
"chr4","124356952","124357252","chr5","120771838","120772129","37","3585114"
"chr4","124423215","124423520","chrX","130126302","130126612","32","5703087"
"chr4","124621164","124621462","chrX","66107761","66108056","27","58513403"
"chr4","125185679","125185973","chr10","18801750","18802043","32","106383929"
"chr4","125189697","125189983","chr5","121708039","121708325","29","3481658"
"chr4","125232882","125233185","chr2","50292284","50292589","27","74940598"
"chr4","125268152","125268436","chrX","91745750","91746037","36","33522402"
"chr4","125538510","125538818","chrX","52884540","52884848","37","72653970"
"chr4","125607710","125607871","chr7","129362850","129363013","34","3755140"
"chr4","125678237","125678529","chr1","188927696","188927997","34","63249459"
"chr4","125769367","125769675","chr12","98050892","98051201","32","27718475"
"chr4","125831232","125831471","chr15","64684664","64684919","46","61146568"
"chr4","125985066","125985374","chr1","54184910","54185214","21","71800156"
"chr4","126069901","126070196","chr7","84893758","84894049","36","41176143"
"chr4","126430425","126430727","chr1","128681611","128681907","41","2251186"
"chr4","126629604","126629871","chr5","123263879","123264144","34","3365725"
"chr4","126934118","126934163","chr20","54495305","54495348","19","72438813"
"chr4","126934164","126934303","chr3","33493296","33493438","34","93440868"
"chr4","127206701","127207002","chr11","110456127","110456422","42","16750574"
"chr4","127210224","127210501","chr7","147731532","147731809","39","20521308"
"chr4","127474626","127474920","chr19","48268934","48269229","40","79205692"
"chr4","127586825","127587127","chr2","29917706","29918008","42","97669119"
"chr4","127749090","127749397","chr3","81656161","81656467","35","46092929"
"chr4","127767141","127767437","chr20","54448223","54448522","37","73318918"
"chr4","127823976","127824297","chr8","102839317","102839637","54","24984659"
"chr4","127849151","127849435","chr2","109381027","109381314","38","18468124"
"chr4","128143311","128143602","chr13","9550833","9551123","38","118592478"
"chr4","128153719","128154004","chr2","84500826","84501114","30","43652893"
"chr4","128164679","128164982","chr5","124922103","124922411","32","3242576"
"chr4","128173903","128174217","chrX","21282420","21282745","57","106891483"
"chr4","128227548","128227844","chr4","53558030","53558322","36","74669518"
"chr4","128231278","128231589","chr14","49049064","49049374","36","79182214"
"chr4","128279860","128280146","chr6","149085969","149086260","35","20806109"
"chr4","128297201","128297507","chrX","53714392","53714701","44","74582809"
"chr4","128302460","128302712","chr16","75432834","75433082","47","52869626"
"chr4","128426684","128426998","chr5","125174476","125174791","36","3252208"
"chr4","128524859","128525168","chr20","227759","228069","40","128297100"
"chr4","128744900","128745207","chr2","47824467","47824767","40","80920433"
"chr4","129222586","129222890","chr5","85045085","85045391","38","44177501"
"chr4","129411764","129412066","chr7","61608289","61608587","37","67803475"
"chr4","130312237","130312536","chr13","106164334","106164628","34","24147903"
"chr4","130353808","130354099","chr15","15837347","15837647","38","114516461"
"chr4","130431242","130431555","chr17","12648291","12648604","35","117782951"
"chr4","130454767","130455060","chr16","15610530","15610824","34","114844237"
"chr4","130458850","130459150","chr20","28037149","28037455","43","102421701"
"chr4","130469726","130470047","chrX","97226897","97227218","37","33242829"
"chr4","130474627","130474928","chr1","54184910","54185214","32","76289717"
"chr4","130626776","130627076","chr5","127445918","127446231","47","3180858"
"chr4","131193966","131194271","chr5","128003941","128004250","28","3190025"
"chr4","131249319","131249629","chr16","3245842","3246150","31","128003477"
"chr4","131313587","131313891","chr5","128121237","128121542","37","3192350"
"chr4","131467780","131468052","chr5","128273949","128274221","26","3193831"
"chr4","132004702","132005017","chr5","128807981","128808288","36","3196721"
"chr4","132006919","132007218","chr8","31331410","31331717","32","100675509"
"chr4","132022209","132022491","chr17","92440616","92440900","28","39581593"
"chr4","132518298","132518587","chr15","108330667","108330955","36","24187631"
"chr4","132571228","132571516","chr3","61219427","61219705","43","71351801"
"chr4","133262951","133263269","chr8","137306354","137306676","44","4043403"
"chr4","133290100","133290389","chrX","23130799","23131097","35","110159301"
"chr4","133722845","133723149","chr1","34437740","34438040","30","99285105"
"chr4","133768189","133768492","chr12","124545177","124545485","40","9223012"
"chr4","133775088","133775339","chr5","133076217","133076473","38","698871"
"chr4","134521619","134521922","chr15","41981020","41981317","40","92540599"
"chr4","134705266","134705567","chr1","34437740","34438040","32","100267526"
"chr4","135100703","135101010","chr2","134325486","134325793","38","775217"
"chr4","135160449","135160770","chr8","85011321","85011643","46","50149128"
"chr4","135367229","135367378","chr6","879279","879425","26","134487950"
"chr4","135519001","135519307","chr16","49859671","49859977","32","85659330"
"chr4","135533387","135533687","chr8","129714385","129714685","33","5819002"
"chr4","135699460","135699749","chr13","29200916","29201211","30","106498544"
"chr4","135777557","135777846","chr5","132744763","132745051","31","3032794"
"chr4","135857401","135857690","chr7","17813154","17813440","32","118044247"
"chr4","136142115","136142413","chr3","7367921","7368221","28","128774194"
"chr4","136432640","136432920","chr13","97520871","97521154","32","38911769"
"chr4","136548319","136548586","chr2","104499700","104499968","44","32048619"
"chr4","136728389","136728533","chr5","18060035","18060193","35","118668354"
"chr4","136867765","136868075","chrX","129843953","129844263","36","7023812"
"chr4","137313072","137313355","chr5","66087878","66088161","43","71225194"
"chr4","138003746","138004051","chr5","135049089","135049398","31","2954657"
"chr4","138010038","138010338","chr9","59841601","59841904","38","78168437"
"chr4","138026440","138026749","chr8","98913485","98913790","41","39112955"
"chr4","138030057","138030265","chr5","135075510","135075718","16","2954547"
"chr4","138085580","138085624","chr20","54495305","54495348","17","83590275"
"chr4","138313314","138313620","chrX","85948167","85948472","29","52365147"
"chr4","138504395","138504711","chr13","39352330","39352639","40","99152065"
"chr4","138741640","138741938","chr7","166020953","166021249","34","27279313"
"chr4","138782809","138783104","chr4","84120569","84120862","39","54662240"
"chr4","139182109","139182423","chr14","106075201","106075508","39","33106908"
"chr4","139303578","139303879","chr1","38218968","38219269","34","101084610"
"chr4","139422299","139422603","chr1","54184910","54185214","34","85237389"
"chr4","139728210","139728505","chr1","2715985","2716290","46","137012225"
"chr4","140005678","140005981","chr5","137226680","137226984","40","2778998"
"chr4","140034130","140034417","chr1","5605714","5606006","40","134428416"
"chr4","140089328","140089621","chr2","40669441","40669738","35","99419887"
"chr4","140565935","140566217","chr5","137769619","137769912","43","2796316"
"chr4","140735021","140735313","chr1","22411003","22411299","29","118324018"
"chr4","140941275","140941579","chr2","81635445","81635747","30","59305830"
"chr4","141655599","141655904","chr1","118287422","118287724","27","23368177"
"chr4","141720679","141720987","chr13","87368524","87368832","29","54352155"
"chr4","141778476","141778775","chr5","139044928","139045222","32","2733548"
"chr4","141792936","141793233","chr7","127065845","127066144","29","14727091"
"chr4","141827938","141828254","chr9","4715393","4715693","51","137112545"
"chr4","141848268","141848579","chr5","139107924","139108234","35","2740344"
"chr4","141888205","141888484","chr12","46463059","46463348","39","95425146"
"chr4","141900434","141900742","chr4","5955341","5955651","31","135945093"
"chr4","141900896","141901178","chr1","44142426","44142700","40","97758470"
"chr4","141914104","141914396","chr10","47212774","47213073","36","94701330"
"chr4","141927720","141928025","chr5","139197381","139197682","32","2730339"
"chr4","141940558","141940864","chr1","216542963","216543268","37","74602405"
"chr4","141944811","141945115","chr5","139224071","139224371","35","2720740"
"chr4","141946718","141947022","chr5","139224071","139224371","35","2722647"
"chr4","141991143","141991313","chr11","6658602","6658773","26","135332541"
"chr4","142014955","142015285","chr16","47170740","47171040","62","94844215"
"chr4","142044535","142044699","chr11","110555963","110556125","36","31488572"
"chr4","142346040","142346342","chr13","71257078","71257380","33","71088962"
"chr4","142388118","142388419","chrX","95082495","95082798","32","47305623"
"chr4","142404514","142404703","chr12","60498589","60498783","41","81905925"
"chr4","142573664","142573957","chrX","19203852","19204150","28","123369812"
"chr4","142694049","142694359","chr4","5357211","5357521","34","137336838"
"chr4","142785610","142785901","chr5","140049586","140049874","32","2736024"
"chr4","142788939","142789240","chr16","19717324","19717617","45","123071615"
"chr4","142792459","142792743","chr13","15627280","15627569","27","127165179"
"chr4","142914771","142915079","chr5","140178509","140178821","40","2736262"
"chr4","142926912","142927219","chr15","109857905","109858208","33","33069007"
"chr4","143119920","143120209","chrX","114554759","114555048","29","28565161"
"chr4","143147677","143147980","chr10","30715548","30715853","38","112432129"
"chr4","143361658","143361976","chr18","60323428","60323740","44","83038230"
"chr4","143384607","143384858","chr5","140683657","140683916","27","2700950"
"chr4","144300692","144300929","chr5","141608379","141608609","26","2692313"
"chr4","144725966","144726268","chr5","142008608","142008911","29","2717358"
"chr4","145172842","145173142","chr17","5170547","5170846","35","140002295"
"chr4","145489973","145490263","chr9","25058148","25058439","31","120431825"
"chr4","146003999","146004310","chr5","143317138","143317450","42","2686861"
"chr4","146036162","146036472","chr4","5955341","5955651","35","140080821"
"chr4","146171475","146171776","chr5","143469080","143469379","28","2702395"
"chr4","146307923","146308189","chr5","143598021","143598284","38","2709902"
"chr4","147664856","147665158","chr14","118913053","118913356","37","28751803"
"chr4","147969716","147970023","chr7","87947189","87947499","39","60022527"
"chr4","148041037","148041303","chr1","44142426","44142700","46","103898611"
"chr4","148115490","148115747","chr19","22735873","22736130","48","125379617"
"chr4","148130874","148131182","chr7","86454351","86454652","37","61676523"
"chr4","148223909","148224193","chr1","115576971","115577261","38","32646938"
"chr4","148239192","148239500","chr5","145110096","145110404","23","3129096"
"chr4","148398455","148398747","chr2","149644045","149644340","32","1245590"
"chr4","148453779","148454023","chr5","145313631","145313878","30","3140148"
"chr4","148858686","148858988","chr2","89436757","89437062","36","59421929"
"chr4","148953867","148954175","chrX","52884540","52884848","31","96069327"
"chr4","149406225","149406522","chr5","146244277","146244584","31","3161948"
"chr4","149412390","149412565","chr1","131127399","131127575","24","18284991"
"chr4","149490207","149490504","chr6","147351072","147351371","39","2139135"
"chr4","149972483","149972792","chr1","199667973","199668274","33","49695490"
"chr4","150160019","150160324","chr5","147006633","147006940","26","3153386"
"chr4","150658539","150658848","chr7","151713820","151714126","33","1055281"
"chr4","150673157","150673452","chr5","147526333","147526620","30","3146824"
"chr4","150705364","150705656","chr16","15610530","15610824","33","135094834"
"chr4","150706598","150706825","chr11","46544888","46545108","33","104161710"
"chr4","150833422","150833724","chr14","8036506","8036809","35","142796916"
"chr4","150882595","150882892","chr3","129960633","129960932","34","20921962"
"chr4","151237172","151237487","chr1","164489029","164489333","43","13251857"
"chr4","151381240","151381547","chr9","115861972","115862277","39","35519268"
"chr4","151505929","151506231","chr2","57288005","57288297","40","94217924"
"chr4","151571204","151571504","chr7","127065845","127066144","33","24505359"
"chr4","151614783","151614929","chrX","117664758","117664911","25","33950025"
"chr4","151901055","151901349","chr4","156190474","156190769","34","4289419"
"chr4","152116014","152116307","chr12","59271060","59271357","32","92844954"
"chr4","152198997","152199306","chr9","117380247","117380557","29","34818750"
"chr4","153200642","153200938","chr1","20186313","20186608","36","133014329"
"chr4","153761646","153761927","chr10","12523437","12523716","34","141238209"
"chr4","153948899","153949073","chr5","150853211","150853386","13","3095688"
"chr4","154002532","154002665","chr3","33493296","33493438","32","120509236"
"chr4","154190565","154190751","chrX","59842814","59842986","37","94347751"
"chr4","154227368","154227653","chr5","151100921","151101206","28","3126447"
"chr4","154231447","154231742","chr2","98935051","98935345","35","55296396"
"chr4","154267739","154268021","chr5","151145857","151146135","30","3121882"
"chr4","154428374","154428676","chr5","151311183","151311481","36","3117191"
"chr4","154546190","154546477","chr1","35950025","35950312","33","118596165"
"chr4","154565695","154566003","chr4","69409816","69410121","26","85155879"
"chr4","154745808","154746116","chr10","92196986","92197296","28","62548822"
"chr4","155598988","155599290","chr5","152477576","152477878","32","3121412"
"chr4","155604901","155605004","chr13","107593399","107593518","35","48011502"
"chr4","155814089","155814386","chr13","106164334","106164628","33","49649755"
"chr4","155988638","155988828","chr5","13274636","13274819","37","142714002"
"chr4","156010197","156010492","chr4","127363604","127363914","42","28646593"
"chr4","156178258","156178493","chr14","56616221","56616461","31","99562037"
"chr4","156315540","156315859","chr20","28037149","28037455","36","128278391"
"chr4","156549202","156549506","chr12","98050892","98051201","37","58498310"
"chr4","156582407","156582712","chr4","108327631","108327935","31","48254776"
"chr4","156863781","156864089","chr1","54184910","54185214","35","102678871"
"chr4","157121053","157121344","chr7","1749091","1749386","30","155371962"
"chr4","157338353","157338636","chr14","13049020","13049304","41","144289333"
"chr4","157465423","157465719","chr11","15282559","15282855","28","142182864"
"chr4","157880321","157880640","chr4","132543231","132543546","40","25337090"
"chr4","158419357","158419633","chr3","61219427","61219705","35","97199930"
"chr4","158511302","158511602","chr1","61388678","61388976","33","97122624"
"chr4","158560337","158560612","chr7","152418207","152418480","39","6142130"
"chr4","158567182","158567480","chr5","177620201","177620499","37","19053019"
"chr4","159259797","159260084","chr5","41819509","41819795","31","117440288"
"chr4","159522111","159522373","chr1","74416681","74416941","50","85105430"
"chr4","159560939","159561243","chr4","88700124","88700424","37","70860815"
"chr4","159913173","159913476","chr6","1092742","1093043","32","158820431"
"chr4","160075868","160076002","chr12","84405068","84405206","28","75670800"
"chr4","160076178","160076259","chr1","12339903","12339996","24","147736275"
"chr4","160143378","160143684","chr5","157054386","157054693","34","3088992"
"chr4","160177776","160178066","chr1","9659856","9660151","34","150517920"
"chr4","160582045","160582160","chr2","201367432","201367534","34","40785387"
"chr4","160775764","160776010","chr5","157673424","157673677","37","3102340"
"chr4","160997359","160997661","chr7","138106","138414","41","160859253"
"chr4","161287147","161287408","chr1","39874498","39874760","34","121412649"
"chr4","161656474","161656781","chr3","11748359","11748665","34","149908115"
"chr4","161660521","161660826","chr5","158532997","158533302","35","3127524"
"chr4","161662752","161663055","chr3","74896182","74896480","39","86766570"
"chr4","161702195","161702456","chr5","158567204","158567465","19","3134991"
"chr4","161742041","161742364","chr6","93898120","93898438","41","67843921"
"chr4","161787303","161787601","chr5","158636538","158636835","24","3150765"
"chr4","162008370","162008667","chr6","177249478","177249776","26","15241108"
"chr4","162016102","162016388","chr20","27753226","27753511","36","134262876"
"chr4","162139363","162139656","chr5","158975124","158975425","25","3164239"
"chr4","162143409","162143575","chr3","127934070","127934247","35","34209339"
"chr4","162149990","162150289","chr5","158986013","158986311","32","3163977"
"chr4","162638037","162638325","chr2","69218887","69219173","30","93419150"
"chr4","162747996","162748166","chr2","137462919","137463082","28","25285077"
"chr4","163188474","163188752","chr16","33472591","33472869","45","129715883"
"chr4","163524604","163524891","chr3","15260287","15260583","45","148264317"
"chr4","163566325","163566609","chr6","170066636","170066927","45","6500311"
"chr4","163587281","163587581","chr5","160532211","160532505","27","3055070"
"chr4","163761973","163762283","chrX","872740","873049","39","162889233"
"chr4","163787222","163787517","chr5","160758072","160758369","33","3029150"
"chr4","164011193","164011484","chr8","129714385","129714685","38","34296808"
"chr4","164175382","164175688","chr4","43702161","43702463","35","120473221"
"chr4","164226528","164226853","chr8","137306354","137306676","48","26920174"
"chr4","164472011","164472310","chr6","120494036","120494339","37","43977975"
"chr4","164619236","164619527","chr2","200297174","200297466","35","35677938"
"chr4","164815845","164816136","chr10","27762235","27762528","34","137053610"
"chr4","164912358","164912654","chr20","15684518","15684811","39","149227840"
"chr4","165126939","165127234","chr3","161716772","161717066","35","3410167"
"chr4","165189705","165189932","chr6","8503256","8503489","34","156686449"
"chr4","165345622","165346031","chr4","43928937","43929286","110","121416685"
"chr4","165377391","165377670","chr4","160692905","160693183","30","4684486"
"chr4","165406391","165406694","chr12","364819","365130","42","165041572"
"chr4","165582259","165582567","chr16","3520694","3521001","36","162061565"
"chr4","165736658","165736968","chr2","42327846","42328157","36","123408812"
"chr4","165914930","165915240","chr5","163097963","163098274","32","2816967"
"chr4","166397529","166397859","chrX","67274706","67275021","57","99122823"
"chr4","166531541","166531832","chr8","120468586","120468882","33","46062955"
"chr4","166560201","166560510","chrX","52884540","52884848","37","113675661"
"chr4","166864283","166864612","chrX","47883388","47883714","31","118980895"
"chr4","166870447","166870765","chr5","24028300","24028608","41","142842147"
"chr4","167128308","167128632","chr6","36638052","36638370","45","130490256"
"chr4","167841014","167841264","chr5","165039781","165040035","38","2801233"
"chr4","167869167","167869466","chr7","165990819","165991114","31","1878348"
"chr4","167874178","167874494","chr5","126210585","126210904","40","41663593"
"chr4","168026758","168027036","chr13","105644490","105644771","31","62382268"
"chr4","168106149","168106441","chr7","55869555","55869849","33","112236594"
"chr4","168411247","168411545","chr4","88700124","88700424","30","79711123"
"chr4","169116835","169117143","chr5","166318380","166318687","29","2798455"
"chr4","169210497","169210800","chr2","84060483","84060788","40","85150014"
"chr4","169282357","169282641","chr3","156152685","156152965","38","13129672"
"chr4","170488045","170488343","chr4","3271842","3272149","35","167216203"
"chr4","170522173","170522479","chr6","17933276","17933574","52","152588897"
"chr4","170792711","170793000","chr5","167910396","167910689","40","2882315"
"chr4","170858419","170858721","chr7","113241613","113241916","34","57616806"
"chr4","171096025","171096321","chr17","81322280","81322575","28","89773745"
"chr4","171215550","171215845","chr4","81163375","81163672","34","90052175"
"chr4","171243466","171243652","chrX","147147954","147148141","38","24095512"
"chr4","171300364","171300665","chr3","120567189","120567486","34","50733175"
"chr4","171347650","171347959","chr12","61309272","61309577","26","110038378"
"chr4","171608959","171609270","chr13","31472571","31472878","32","140136388"
"chr4","171979552","171979855","chr7","113241613","113241916","33","58737939"
"chr4","171986471","171986778","chr8","40326404","40326701","30","131660067"
"chr4","172180546","172180725","chr5","139059636","139059807","31","33120910"
"chr4","172375289","172375595","chrX","52884540","52884848","31","119490749"
"chr4","172548812","172548871","chr19","42485814","42485867","20","130062998"
"chr4","172549706","172549938","chr7","122904503","122904733","29","49645203"
"chr4","172686876","172687174","chr5","169725215","169725513","27","2961661"
"chr4","172873207","172873390","chr19","43184920","43185099","37","129688287"
"chr4","172891956","172892258","chr7","61608289","61608587","38","111283667"
"chr4","173083777","173084076","chr3","7367921","7368221","26","165715856"
"chr4","173126107","173126409","chr12","113988811","113989118","39","59137296"
"chr4","173149633","173149862","chr1","52410307","52410536","33","120739326"
"chr4","173276519","173276804","chr1","9185013","9185302","33","164091506"
"chr4","173438117","173438394","chr20","27262721","27263002","36","146175396"
"chr4","173493707","173494012","chr15","109857905","109858208","33","63635802"
"chr4","173646327","173646632","chr5","170602445","170602747","40","3043882"
"chr4","173786083","173786371","chr4","3379423","3379712","32","170406660"
"chr4","173876661","173876815","chr17","16374424","16374593","45","157502237"
"chr4","173913056","173913363","chrX","52884540","52884848","34","121028516"
"chr4","174440802","174441096","chr19","229466","229765","35","174211336"
"chr4","174681966","174682258","chr10","87136170","87136463","31","87545796"
"chr4","174746290","174746598","chr7","74256869","74257176","35","100489421"
"chr4","174877531","174877831","chr14","118913053","118913356","31","55964478"
"chr4","175118263","175118564","chr2","195505774","195506079","45","20387511"
"chr4","175191714","175191910","chr9","44729151","44729350","42","130462563"
"chr4","175740851","175741123","chr5","172702255","172702527","28","3038596"
"chr4","175752583","175752880","chr4","5357211","5357521","44","170395372"
"chr4","175945254","175945535","chr5","172906927","172907211","33","3038327"
"chr4","175948143","175948441","chr20","65742398","65742694","32","110205745"
"chr4","176174439","176174749","chr9","111114926","111115237","32","65059513"
"chr4","176224745","176225045","chr6","148347411","148347707","32","27877334"
"chr4","176618304","176618596","chr2","63419289","63419578","30","113199015"
"chr4","176785684","176785989","chr4","69409816","69410121","32","107375868"
"chr4","176810755","176811048","chr1","3203962","3204254","38","173606793"
"chr4","176866512","176866768","chr5","173801525","173801782","18","3064987"
"chr4","177454244","177454338","chr19","47641002","47641095","14","129813242"
"chr4","177454457","177454674","chr1","35881420","35881640","34","141573037"
"chr4","177560796","177561103","chr4","5955341","5955651","39","171605455"
"chr4","177839613","177839915","chr7","127065845","127066144","37","50773768"
"chr4","177876978","177877271","chr5","188648995","188649286","31","10772017"
"chr4","178056321","178056575","chr5","175086257","175086503","29","2970064"
"chr4","178373512","178373795","chr5","175493470","175493754","35","2880042"
"chr4","178460719","178460880","chr3","76215454","76215617","17","102245265"
"chr4","178545451","178545628","chr15","10405383","10405560","30","168140068"
"chr4","178947083","178947381","chr7","61608289","61608587","35","117338794"
"chr4","178948339","178948631","chr3","8096044","8096335","38","170852295"
"chr4","178949706","178949969","chr5","176079841","176080104","23","2869865"
"chr4","179202328","179202615","chr3","12332767","12333051","35","166869561"
"chr4","179266403","179266707","chrX","14683994","14684298","34","164582409"
"chr4","179362742","179363050","chr5","176500550","176500854","50","2862192"
"chr4","179391247","179391513","chr4","16445570","16445839","42","162945677"
"chr4","179772103","179772398","chr11","108584077","108584374","27","71188026"
"chr4","180310457","180310758","chr2","98335637","98335937","37","81974820"
"chr4","180460693","180460981","chr20","58879055","58879342","30","121581638"
"chr4","180483476","180483780","chr5","177618486","177618793","28","2864990"
"chr4","180485177","180485486","chrX","872740","873049","26","179612437"
"chr4","180639526","180639693","chr20","15121853","15122007","34","165517673"
"chr4","180770083","180770392","chr3","155246047","155246338","52","25524036"
"chr4","180858417","180858727","chr5","177975620","177975926","36","2882797"
"chr4","180949014","180949153","chr3","33493296","33493438","27","147455718"
"chr4","180996152","180996429","chr2","187089411","187089694","40","6093259"
"chr4","181298216","181298401","chr8","142875829","142876020","31","38422387"
"chr4","181929885","181930201","chr5","179086861","179087172","31","2843024"
"chr4","181975761","181976056","chr4","127875009","127875304","34","54100752"
"chr4","182093873","182093996","chr10","82796400","82796530","42","99297473"
"chr4","182158686","182158989","chrX","80243775","80244076","44","101914911"
"chr4","182340628","182340928","chr7","150626041","150626346","37","31714587"
"chr4","182701665","182701951","chr11","88506613","88506891","44","94195052"
"chr4","182913528","182913841","chr5","81353003","81353308","43","101560525"
"chr4","182997756","182998053","chr3","124912332","124912633","35","58085424"
"chr4","183107872","183108193","chr1","95648230","95648547","48","87459642"
"chr4","183648594","183648777","chr7","40663207","40663383","28","142985387"
"chr4","183707532","183707831","chr5","180788183","180788483","29","2919349"
"chr4","183713358","183713663","chr3","7367921","7368221","30","176345437"
"chr4","183861308","183861617","chrX","95082495","95082798","35","88778813"
"chr4","184097578","184097892","chr14","106075201","106075508","38","78022377"
"chr4","184313771","184314079","chr5","181405658","181405968","32","2908113"
"chr4","184338335","184338516","chr5","139059636","139059807","37","45278699"
"chr4","184389623","184389912","chr20","18183620","18183918","33","166206003"
"chr4","184432869","184433174","chr5","181512183","181512484","38","2920686"
"chr4","184745759","184746054","chr10","45592833","45593119","35","139152926"
"chr4","184932341","184932624","chr19","4746347","4746633","57","180185994"
"chr4","185025542","185025847","chrX","872740","873049","31","184152802"
"chr4","185404655","185404820","chr5","139059636","139059807","24","46345019"
"chr4","185408414","185408721","chrX","52884540","52884848","33","132523874"
"chr4","185421836","185422101","chr5","107833809","107834078","31","77588027"
"chr4","185493396","185493688","chr3","26174329","26174623","32","159319067"
"chr4","185632031","185632323","chr1","22411003","22411299","34","163221028"
"chr4","185649497","185649806","chr1","221383235","221383539","37","35733738"
"chr4","185740491","185740801","chr13","39352330","39352639","30","146388161"
"chr4","185948868","185949159","chr8","96335707","96335998","36","89613161"
"chr4","186266777","186266962","chr5","183360558","183360745","17","2906219"
"chr4","186300221","186300522","chr6","1092742","1093043","33","185207479"
"chr4","186485379","186485678","chr3","48879684","48879984","39","137605695"
"chr4","186802458","186802759","chr5","183902176","183902476","25","2900282"
"chr4","186940304","186940614","chr7","155405368","155405669","35","31534936"
"chr4","187212715","187212986","chr2","50567732","50568010","41","136644983"
"chr4","187622991","187623301","chr4","5357211","5357521","30","182265780"
"chr4","187658623","187658896","chr5","184792784","184793058","26","2865839"
"chr4","187734971","187735273","chr1","54184910","54185214","31","133550061"
"chr4","187840127","187840435","chr1","54184910","54185214","29","133655217"
"chr4","187876323","187876632","chr4","5955341","5955651","27","181920982"
"chr4","187886676","187886983","chr3","81656161","81656467","25","106230515"
"chr4","187891470","187891760","chr5","185017889","185018178","29","2873581"
"chr4","187907941","187908254","chr19","15978488","15978799","39","171929453"
"chr4","187913104","187913411","chr5","185037865","185038176","32","2875239"
"chr4","187999068","187999358","chr5","41819509","41819795","29","146179559"
"chr4","188496610","188496920","chr5","185601978","185602279","32","2894632"
"chr4","188498302","188498593","chr8","15165473","15165768","34","173332829"
"chr4","188515068","188515366","chr1","54184910","54185214","34","134330158"
"chr4","188539389","188539679","chr7","97375402","97375694","37","91163987"
"chr4","188561181","188561492","chr4","76153173","76153480","32","112408008"
"chr4","188562391","188562688","chr6","177249478","177249776","33","11312913"
"chr4","188704518","188704778","chr13","63744043","63744310","37","124960475"
"chr4","188745588","188745893","chr16","3245842","3246150","39","185499746"
"chr4","188774736","188774941","chr13","81318413","81318616","33","107456323"
"chr4","188810316","188810619","chr1","61008605","61008908","33","127801711"
"chr4","188810793","188810957","chrX","51786687","51786849","23","137024106"
"chr4","189009632","189009911","chr6","136087738","136088027","39","52921894"
"chr4","189052484","189052786","chrX","136494316","136494618","34","52558168"
"chr4","189128201","189128491","chr5","186275871","186276152","33","2852330"
"chr4","189170711","189171013","chr3","11860559","11860868","30","177310152"
"chr4","189187133","189187435","chr3","32309944","32310251","42","156877189"
"chr4","189220053","189220360","chr13","39352330","39352639","27","149867723"
"chr4","189238492","189238794","chr7","155405368","155405669","32","33833124"
"chr4","189331396","189331698","chr4","71909940","71910235","43","117421456"
"chr4","189336050","189336331","chr5","186479014","186479295","28","2857036"
"chr4","189417690","189417976","chr7","19039688","19039974","36","170378002"
"chr4","189419525","189419832","chr1","54184910","54185214","29","135234615"
"chr4","189636473","189636774","chr4","3859603","3859903","36","185776870"
"chr4","189642012","189642306","chr2","63419289","63419578","34","126222723"
"chr4","189643241","189643536","chr1","42018653","42018950","33","147624588"
"chr4","189644101","189644315","chr13","64575656","64575867","27","125068445"
"chr4","189670046","189670325","chr7","63363325","63363605","32","126306721"
"chr4","189670909","189671203","chr8","65531215","65531499","37","124139694"
"chr4","189686863","189687051","chr19","12959091","12959278","32","176727772"
"chr4","189725923","189726212","chr20","28697028","28697324","32","161028895"
"chr4","189825558","189825850","chr5","186973076","186973363","40","2852482"
"chr4","189831372","189831673","chr13","32770451","32770753","27","157060921"
"chr4","189919478","189919770","chr1","52429062","52429352","35","137490416"
"chr4","190081219","190081538","chr1","216542963","216543268","43","26461744"
"chr4","190135127","190135420","chr1","22411003","22411299","25","167724124"
"chr4","190258245","190258538","chr5","50970168","50970461","24","139288077"
"chr4","190568559","190568855","chrX","67476646","67476941","29","123091913"
"chr4","190666794","190667097","chr3","17734708","17735011","46","172932086"
"chr4","190679144","190679453","chr9","105321199","105321510","37","85357945"
"chr4","190767141","190767442","chr1","39347733","39348026","44","151419408"
"chr4","190853109","190853387","chr6","140369863","140370138","33","50483246"
"chr4","190920051","190920319","chr5","188071790","188072050","29","2848261"
"chr4","191068232","191068544","chr8","65019239","65019549","38","126048993"
"chr4","191167972","191168265","chr12","110042316","110042609","34","81125656"
"chr4","191239345","191239642","chrX","23385684","23385982","41","167853661"
"chr4","191276831","191277123","chr12","124218850","124219146","34","67057981"
"chr4","191341316","191341637","chrX","872740","873049","47","190468576"
"chr4","191364136","191364436","chr2","40523887","40524189","29","150840249"
"chr4","191374071","191374366","chr7","96374378","96374673","34","94999693"
"chr4","191435223","191435518","chr16","48096579","48096875","27","143338644"
"chr4","191441477","191441770","chr7","72469384","72469677","32","118972093"
"chr4","191480176","191480473","chr7","166020953","166021249","31","25459223"
"chr4","191563101","191563387","chr16","1973713","1974000","33","189589388"
"chr4","191573666","191573960","chr3","80674854","80675143","31","110898812"
"chr4","191661372","191661670","chrX","23385684","23385982","34","168275688"
"chr4","191705910","191706206","chr16","18454108","18454402","39","173251802"
"chr4","191764142","191764432","chr2","63419289","63419578","39","128344853"
"chr4","191807203","191807511","chr1","54184910","54185214","32","137622293"
"chr4","191932566","191932871","chr14","118913053","118913356","28","73019513"
"chr4","191963135","191963442","chr1","12042682","12042991","43","179920453"
"chr4","191973926","191974221","chr15","104401844","104402147","34","87572082"
"chr4","191978039","191978339","chr2","64819781","64820080","39","127158258"
"chr4","192061936","192062231","chr1","61388678","61388976","34","130673258"
"chr4","192163545","192163824","chr2","61380094","61380378","37","130783451"
"chr4","192256258","192256570","chrX","52884540","52884848","39","139371718"
"chr4","192305065","192305359","chr5","17299246","17299538","37","175005819"
"chr4","192695427","192695721","chr12","121351661","121351954","29","71343766"
"chr4","192718459","192718768","chr16","3520694","3521001","34","189197765"
"chr5","46006168","46006474","chrX","130126302","130126612","34","84120134"
"chr5","124124935","124125229","chr6","120944858","120945149","34","3180077"
"chr5","217117","217291","chr20","27267477","27267649","22","27050360"
"chr5","1222894","1223192","chr13","106164334","106164628","39","104941440"
"chr5","1434081","1434417","chr15","11779419","11779725","73","10345338"
"chr5","1462439","1462748","chr6","176790550","176790858","35","175328111"
"chr5","1655867","1656072","chr16","26139167","26139373","39","24483300"
"chr5","1743914","1744067","chrX","51786687","51786849","22","50042773"
"chr5","2119706","2120015","chr16","31018762","31019071","39","28899056"
"chr5","2438152","2438427","chr10","62984965","62985245","40","60546813"
"chr5","3075995","3076284","chr3","24924052","24924352","37","21848057"
"chr5","3400196","3400478","chr19","2811711","2811975","53","588485"
"chr5","3500107","3500371","chr3","41527642","41527904","36","38027535"
"chr5","3500382","3500434","chr8","38311974","38312019","15","34811592"
"chr5","3516100","3516343","chr16","64835335","64835578","42","61319235"
"chr5","3837684","3837985","chr6","147351072","147351371","32","143513388"
"chr5","4080593","4080888","chr4","91169706","91170016","48","87089113"
"chr5","4118470","4118764","chr6","3932424","3932707","44","186046"
"chr5","4148332","4148628","chr6","3958899","3959195","28","189433"
"chr5","4175085","4175392","chr3","155644928","155645234","43","151469843"
"chr5","4473656","4473953","chr6","4277728","4278018","36","195928"
"chr5","4738850","4739147","chr6","4529855","4530158","27","208995"
"chr5","4758987","4759277","chr2","95443669","95443966","30","90684682"
"chr5","4800211","4800507","chr20","30937004","30937299","24","26136793"
"chr5","5102788","5103085","chr6","4899637","4899932","25","203151"
"chr5","5480685","5480908","chr16","53066376","53066602","56","47585691"
"chr5","5928572","5928862","chr6","5715081","5715375","40","213491"
"chr5","6094032","6094332","chr3","184218283","184218583","32","178124251"
"chr5","6385738","6386028","chr3","142446579","142446870","35","136060841"
"chr5","6508495","6508827","chr18","10830565","10830883","48","4322070"
"chr5","6809004","6809312","chr1","210244521","210244825","32","203435517"
"chr5","6819736","6820046","chr6","6593980","6594287","38","225756"
"chr5","7326101","7326374","chr15","104299035","104299307","29","96972934"
"chr5","7425192","7425500","chr6","7187849","7188152","37","237343"
"chr5","7441210","7441478","chr3","130705356","130705622","39","123264146"
"chr5","7475860","7476163","chr20","66607598","66607896","40","59131738"
"chr5","8485604","8485910","chr1","216542963","216543268","40","208057359"
"chr5","8586582","8586886","chr6","8502344","8502644","29","84238"
"chr5","8627894","8628059","chr5","18060035","18060193","36","9432141"
"chr5","9051868","9052139","chr7","63363325","63363605","45","54311457"
"chr5","9313079","9313405","chr15","54983149","54983480","43","45670070"
"chr5","9374313","9374574","chr1","139661180","139661448","34","130286867"
"chr5","9434732","9435038","chr4","134287745","134288045","39","124853013"
"chr5","9627520","9627834","chr14","118913053","118913356","39","109285533"
"chr5","9677543","9677843","chr6","9622305","9622602","23","55238"
"chr5","9911726","9912022","chr4","154039231","154039527","27","144127505"
"chr5","10003631","10003941","chr4","5357211","5357521","40","4646420"
"chr5","10364337","10364618","chr6","10308624","10308903","39","55713"
"chr5","10437707","10438018","chrX","18394346","18394650","43","7956639"
"chr5","10681073","10681379","chr16","3245842","3246150","33","7435231"
"chr5","11308477","11308656","chr13","105525975","105526155","28","94217498"
"chr5","11840524","11840689","chr7","35667652","35667813","29","23827128"
"chr5","12221118","12221432","chrX","130126302","130126612","35","117905184"
"chr5","12512413","12512720","chr4","157523785","157524088","39","145011372"
"chr5","12519202","12519508","chr10","75257406","75257707","38","62738204"
"chr5","12520479","12520789","chr4","54599855","54600165","29","42079376"
"chr5","12697979","12698297","chr6","12624315","12624634","37","73664"
"chr5","12767712","12768020","chr1","155244835","155245140","41","142477123"
"chr5","12849922","12850232","chr1","213696862","213697173","34","200846940"
"chr5","12850613","12850846","chr1","16021185","16021425","32","3170572"
"chr5","13232648","13232941","chr7","1749091","1749386","35","11483557"
"chr5","13646883","13647161","chrX","117589965","117590253","33","103943082"
"chr5","13798473","13798772","chr6","14019216","14019514","30","220743"
"chr5","13986013","13986313","chr6","14199344","14199639","33","213331"
"chr5","14202962","14203273","chr16","51320033","51320343","40","37117071"
"chr5","14660755","14661045","chr10","38597254","38597544","29","23936499"
"chr5","14675244","14675534","chr6","14911817","14912113","31","236573"
"chr5","15048547","15048841","chr11","133444417","133444709","29","118395870"
"chr5","15181586","15181901","chr17","16036823","16037127","45","855237"
"chr5","15242844","15243146","chr20","57205726","57206029","36","41962882"
"chr5","15944246","15944553","chr4","127363604","127363914","30","111419358"
"chr5","15997997","15998314","chr1","128094642","128094960","41","112096645"
"chr5","16197394","16197687","chr12","121351661","121351954","28","105154267"
"chr5","16386194","16386498","chr6","136275703","136276008","32","119889509"
"chr5","16500633","16500940","chr10","82665068","82665377","38","66164435"
"chr5","16661483","16661792","chr1","190429466","190429772","31","173767983"
"chr5","16843179","16843481","chrX","14683994","14684298","34","2159185"
"chr5","16895637","16895954","chr1","39563825","39564136","42","22668188"
"chr5","16922901","16923201","chr20","48622866","48623166","32","31699965"
"chr5","16971050","16971354","chr16","47849984","47850287","39","30878934"
"chr5","17049951","17050244","chr2","149644045","149644340","27","132594094"
"chr5","17088747","17089056","chr6","17392085","17392386","28","303338"
"chr5","17130516","17130828","chr9","117380247","117380557","32","100249731"
"chr5","17161820","17162127","chr10","71224508","71224810","35","54062688"
"chr5","17202319","17202641","chr7","63056446","63056768","43","45854127"
"chr5","17204891","17205185","chr1","3203962","3204254","43","14000929"
"chr5","17216960","17217249","chr11","107152393","107152686","43","89935433"
"chr5","17256602","17256896","chr19","6185928","6186226","32","11070674"
"chr5","17289339","17289641","chr1","61388678","61388976","48","44099339"
"chr5","17398353","17398652","chr8","102066272","102066577","37","84667919"
"chr5","17427096","17427393","chr4","54062553","54062848","24","36635457"
"chr5","17646144","17646453","chr1","54184910","54185214","30","36538766"
"chr5","17709187","17709482","chr16","46081470","46081762","38","28372283"
"chr5","17756464","17756760","chr16","46081470","46081762","38","28325006"
"chr5","17818488","17818782","chr16","46081470","46081762","37","28262982"
"chr5","18306456","18306622","chr1","129407736","129407901","23","111101280"
"chr5","18492550","18492866","chr2","84060483","84060788","44","65567933"
"chr5","18619902","18620202","chr6","18808848","18809152","29","188946"
"chr5","18837773","18838072","chr12","21845751","21846051","34","3007978"
"chr5","19545958","19546268","chr16","3245842","3246150","33","16300116"
"chr5","19737975","19738241","chr6","92595371","92595644","30","72857396"
"chr5","19839526","19839834","chr6","92500425","92500727","37","72660899"
"chr5","20183163","20183466","chr7","127065845","127066144","42","106882682"
"chr5","20187842","20188114","chr20","13238151","13238416","37","6949691"
"chr5","20533735","20533910","chr2","49127094","49127264","20","28593359"
"chr5","20892095","20892378","chr7","157010590","157010871","33","136118495"
"chr5","20991155","20991463","chr6","1092742","1093043","38","19898413"
"chr5","21205322","21205626","chr14","2713092","2713395","27","18492230"
"chr5","21295287","21295582","chr6","91023859","91024155","26","69728572"
"chr5","21322133","21322423","chr7","127065845","127066144","39","105743712"
"chr5","21514685","21514987","chr3","84815801","84816098","36","63301116"
"chr5","21631050","21631357","chr1","7768760","7769067","31","13862290"
"chr5","21845445","21845723","chr2","68591630","68591911","39","46746185"
"chr5","22513815","22514067","chr6","89835984","89836235","22","67322169"
"chr5","22606004","22606312","chr1","7768760","7769067","39","14837244"
"chr5","22625710","22626013","chr6","89729045","89729350","32","67103335"
"chr5","23000134","23000427","chr10","87136170","87136463","30","64136036"
"chr5","23030745","23030916","chr7","1015163","1015334","38","22015582"
"chr5","23403037","23403327","chr6","88983439","88983729","37","65580402"
"chr5","23479445","23479706","chr1","39874498","39874760","38","16395053"
"chr5","24076376","24076702","chr3","1996314","1996638","41","22080062"
"chr5","24102877","24103064","chr19","12959091","12959278","43","11143786"
"chr5","24416513","24416806","chr3","8024467","8024770","42","16392046"
"chr5","24442726","24443022","chr6","176790550","176790858","38","152347824"
"chr5","24551125","24551434","chr6","87759556","87759864","35","63208431"
"chr5","24573021","24573328","chr7","74256869","74257176","40","49683848"
"chr5","24878236","24878544","chr2","80913807","80914116","39","56035571"
"chr5","24940113","24940272","chr18","55433313","55433471","30","30493200"
"chr5","24971928","24972260","chr7","119116727","119117035","68","94144799"
"chr5","25762850","25763158","chr6","86602495","86602801","30","60839645"
"chr5","25964698","25964999","chr19","1427891","1428190","40","24536807"
"chr5","25965880","25966188","chrX","130126302","130126612","37","104160422"
"chr5","26230269","26230581","chrX","130126302","130126612","38","103896033"
"chr5","26524598","26524906","chr2","96568206","96568509","37","70043608"
"chr5","27278769","27279068","chr1","199667973","199668274","37","172389204"
"chr5","27764444","27764744","chr6","1092742","1093043","29","26671702"
"chr5","28059707","28060007","chr6","84297231","84297536","37","56237524"
"chr5","28100010","28100236","chr3","125944975","125945201","30","97844965"
"chr5","28216161","28216464","chr7","61336293","61336589","41","33120132"
"chr5","28397674","28397974","chr7","127065845","127066144","28","98668171"
"chr5","28859401","28859685","chr6","83503858","83504145","37","54644457"
"chr5","28876434","28876749","chrX","18394346","18394650","40","10482088"
"chr5","29157723","29157999","chr1","204307037","204307312","31","175149314"
"chr5","29670759","29671058","chr6","82619442","82619739","33","52948683"
"chr5","30998526","30998830","chr6","81236111","81236404","37","50237585"
"chr5","31085963","31086304","chr7","70633605","70633948","52","39547642"
"chr5","31661209","31661439","chr12","77647110","77647330","36","45985901"
"chr5","31814318","31814627","chr4","5955341","5955651","30","25858977"
"chr5","31967158","31967460","chr7","127065845","127066144","35","95098687"
"chr5","32518276","32518562","chr15","108424452","108424741","31","75906176"
"chr5","32742977","32743282","chr17","94125134","94125439","35","61382157"
"chr5","32870346","32870646","chr6","79339077","79339373","25","46468731"
"chr5","33190434","33190734","chr3","129960633","129960932","28","96770199"
"chr5","33214564","33214866","chr6","174905209","174905512","28","141690645"
"chr5","33883015","33883258","chr3","82964046","82964305","44","49081031"
"chr5","33978236","33978536","chr7","161279482","161279777","32","127301246"
"chr5","34033606","34033895","chr8","132805213","132805507","34","98771607"
"chr5","34261047","34261305","chr5","184907633","184907884","39","150646586"
"chr5","34668591","34668880","chr2","115581307","115581596","35","80912716"
"chr5","35020634","35020681","chr10","73951307","73951341","16","38930673"
"chr5","35114036","35114339","chr13","72779565","72779870","36","37665529"
"chr5","35190219","35190465","chr1","52410307","52410536","43","17220088"
"chr5","35211510","35211675","chr3","76215454","76215617","16","41003944"
"chr5","35250975","35251286","chr1","165996033","165996341","32","130745058"
"chr5","35405924","35406203","chr1","35452683","35452964","42","46759"
"chr5","35688654","35688947","chr7","122703455","122703758","41","87014801"
"chr5","35738667","35738973","chr6","76478692","76478991","37","40740025"
"chr5","35909581","35909876","chr11","108584077","108584374","27","72674496"
"chr5","35919375","35919666","chr10","35385148","35385439","31","534227"
"chr5","35933056","35933366","chr2","49835049","49835353","37","13901993"
"chr5","36125901","36126209","chr8","105120121","105120431","31","68994220"
"chr5","36273908","36274198","chr9","97296561","97296851","34","61022653"
"chr5","36289851","36290164","chr5","127280394","127280703","47","90990543"
"chr5","36321165","36321472","chr11","54658425","54658730","36","18337260"
"chr5","36379467","36379759","chr8","65531215","65531499","35","29151748"
"chr5","36380494","36380762","chrX","129312880","129313161","73","92932386"
"chr5","36805272","36805578","chr2","40523887","40524189","30","3718615"
"chr5","36949927","36950229","chr16","18243591","18243898","34","18706336"
"chr5","37446154","37446434","chr6","74808995","74809277","37","37362841"
"chr5","37614518","37614797","chr14","12933847","12934125","26","24680671"
"chr5","37630716","37631005","chr11","110456127","110456422","37","72825411"
"chr5","37960854","37961150","chr12","18034432","18034730","29","19926422"
"chr5","38026255","38026562","chr6","74181590","74181898","36","36155335"
"chr5","38121902","38122207","chr1","224931643","224931941","46","186809741"
"chr5","38270836","38271137","chr5","158975124","158975425","33","120704288"
"chr5","38745033","38745327","chr13","15627280","15627569","33","23117753"
"chr5","38764781","38765091","chr6","73440768","73441073","26","34675987"
"chr5","38965066","38965240","chr16","44977902","44978086","35","6012836"
"chr5","39085135","39085444","chr6","73118337","73118654","33","34033202"
"chr5","39689715","39690022","chr7","52277962","52278267","25","12588247"
"chr5","39872614","39872918","chr7","978158","978472","41","38894456"
"chr5","39970872","39971179","chr6","72284454","72284762","30","32313582"
"chr5","40159113","40159404","chr7","62723422","62723712","39","22564309"
"chr5","40228315","40228527","chr18","6966067","6966270","37","33262248"
"chr5","40229223","40229328","chr19","17707348","17707458","28","22521875"
"chr5","40265672","40265918","chr2","89954335","89954590","42","49688663"
"chr5","40297102","40297414","chr1","54184910","54185214","39","13887808"
"chr5","40728934","40729242","chr1","54184910","54185214","29","13455976"
"chr5","40729652","40729935","chr11","50591103","50591386","43","9861451"
"chr5","40777884","40778176","chr7","131629510","131629800","36","90851626"
"chr5","40809974","40810026","chr2","83649077","83649125","26","42839103"
"chr5","40810065","40810222","chr4","49540998","49541166","43","8730933"
"chr5","40860715","40861018","chr6","71348103","71348390","30","30487388"
"chr5","40861019","40861190","chr1","130615501","130615669","25","89754482"
"chr5","41239954","41240257","chr8","105120121","105120431","27","63880167"
"chr5","41445218","41445511","chr2","201095571","201095854","43","159650353"
"chr5","41499265","41499418","chr12","96179892","96180046","33","54680627"
"chr5","41517016","41517308","chr6","70713692","70713987","29","29196676"
"chr5","41521811","41522103","chr6","70713692","70713987","31","29191881"
"chr5","41734048","41734190","chr3","33493296","33493438","25","8240752"
"chr5","41766189","41766480","chr14","66326782","66327072","35","24560593"
"chr5","42080703","42081015","chr1","49533836","49534151","33","7453133"
"chr5","42124885","42125193","chr3","124917299","124917606","36","82792414"
"chr5","42210866","42211179","chr16","40054513","40054819","35","2156353"
"chr5","42258222","42258483","chr8","42333220","42333488","45","74998"
"chr5","42344295","42344592","chr1","175215259","175215558","45","132870964"
"chr5","42550278","42550573","chr20","30937004","30937299","28","11613274"
"chr5","42551764","42552064","chr6","69605618","69605914","34","27053854"
"chr5","42619172","42619478","chrX","49226498","49226807","31","6607326"
"chr5","42667014","42667320","chr1","25380611","25380914","33","17286403"
"chr5","42713165","42713454","chr8","64949608","64949898","40","22236443"
"chr5","42782516","42782810","chr12","121351661","121351954","27","78569145"
"chr5","42991221","42991515","chr6","69122187","69122481","35","26130966"
"chr5","43268836","43269012","chrX","59842814","59842986","26","16573978"
"chr5","43333363","43333646","chr6","140367785","140368068","35","97034422"
"chr5","43517621","43517921","chr12","56532550","56532851","38","13014929"
"chr5","43884644","43884970","chr3","47683329","47683644","48","3798685"
"chr5","43993794","43994074","chr5","47973128","47973413","36","3979334"
"chr5","44003023","44003317","chr14","66326782","66327072","31","22323759"
"chr5","44016878","44017169","chr12","121351661","121351954","29","77334783"
"chr5","45601899","45602192","chr6","67850057","67850359","40","22248158"
"chr5","45694275","45694572","chr6","67753853","67754156","36","22059578"
"chr5","45745522","45745809","chr3","7411116","7411406","30","38334406"
"chr5","45751716","45752016","chr3","7367921","7368221","25","38383795"
"chr5","45754609","45754745","chrX","113339578","113339718","38","67584969"
"chr5","45763676","45763968","chr7","19039688","19039974","30","26723988"
"chr5","45791608","45791768","chr5","18060035","18060193","28","27731573"
"chr5","45827178","45827367","chrX","107228651","107228850","36","61401473"
"chr5","45827368","45827422","chr14","18724456","18724513","19","27102912"
"chr5","45891419","45891712","chr6","67500278","67500579","33","21608859"
"chr5","45936477","45936556","chr19","14186443","14186525","23","31750034"
"chr5","45936866","45937079","chr13","81318413","81318616","40","35381547"
"chr5","46007894","46008187","chr15","108424452","108424741","31","62416558"
"chr5","46052914","46053218","chr7","157975400","157975709","47","111922486"
"chr5","46056276","46056573","chr11","108584077","108584374","32","62527801"
"chr5","46112556","46112861","chr19","17158291","17158593","35","28954265"
"chr5","46311105","46311400","chr6","67065901","67066209","37","20754796"
"chr5","46400052","46400201","chrX","85303515","85303667","28","38903463"
"chr5","46665007","46665326","chr4","127363604","127363914","43","80698597"
"chr5","46733664","46733975","chr6","66655769","66656074","35","19922105"
"chr5","46805806","46806071","chr6","66582178","66582439","28","19776372"
"chr5","47171809","47172111","chr12","93019113","93019417","36","45847304"
"chr5","47986945","47987236","chr9","25058148","25058439","31","22928797"
"chr5","48212351","48212637","chr7","20153970","20154259","37","28058381"
"chr5","49009668","49009961","chr11","108584077","108584374","34","59574409"
"chr5","49335832","49336113","chr6","64131546","64131827","27","14795714"
"chr5","49338846","49339017","chr7","88306228","88306392","37","38967382"
"chr5","49352056","49352298","chr15","100001067","100001322","37","50649011"
"chr5","49405336","49405588","chr2","32323","32577","54","49373013"
"chr5","49510699","49510875","chr15","64701277","64701454","31","15190578"
"chr5","49571713","49571875","chr3","183324547","183324710","21","133752834"
"chr5","49576041","49576200","chr19","32998981","32999142","18","16577060"
"chr5","49631928","49632074","chr12","76143013","76143160","20","26511085"
"chr5","49740581","49740862","chr14","27604291","27604561","53","22136290"
"chr5","49766369","49766672","chr8","86037860","86038144","64","36271491"
"chr5","49810291","49810594","chr6","63635667","63635971","31","13825376"
"chr5","49815567","49815782","chr6","63630625","63630830","24","13815058"
"chr5","49837676","49837985","chrX","14683994","14684298","31","35153682"
"chr5","50004766","50005080","chr4","134852861","134853168","33","84848095"
"chr5","50449334","50449638","chr7","92922399","92922703","33","42473065"
"chr5","50466895","50467205","chr4","5357211","5357521","32","45109684"
"chr5","50482529","50482827","chr6","62961566","62961866","29","12479037"
"chr5","50506198","50506502","chr7","113241613","113241916","36","62735415"
"chr5","50528801","50529106","chr2","72664980","72665281","38","22136179"
"chr5","50544355","50544654","chr1","31335188","31335488","36","19209167"
"chr5","50799353","50799650","chr6","62648830","62649126","25","11849477"
"chr5","51242992","51243296","chr4","69409816","69410121","36","18166824"
"chr5","51994768","51995069","chr1","25380611","25380914","33","26614157"
"chr5","52703086","52703259","chr5","48848330","48848504","20","3854756"
"chr5","52791855","52792146","chr2","107957278","107957570","33","55165423"
"chr5","52878268","52878552","chr17","27738389","27738674","32","25139879"
"chr5","53005183","53005463","chr6","60228718","60229000","29","7223535"
"chr5","53036247","53036448","chr6","60203539","60203751","33","7167292"
"chr5","53605686","53605734","chr20","54495305","54495348","12","889619"
"chr5","53606020","53606247","chr1","15330476","15330698","35","38275544"
"chr5","54423754","54424044","chr1","27415045","27415339","37","27008709"
"chr5","54598230","54598446","chr18","2477749","2477968","41","52120481"
"chr5","55046576","55046862","chr1","142003339","142003637","42","86956763"
"chr5","55542365","55542672","chr1","160978135","160978440","31","105435770"
"chr5","55706550","55706848","chr20","54448223","54448522","29","1258327"
"chr5","56209339","56209611","chr13","63744043","63744310","41","7534704"
"chr5","56530903","56531200","chr6","48473245","48473546","26","8057658"
"chr5","56738373","56738670","chr11","108584077","108584374","28","51845704"
"chr5","57064007","57064305","chr7","131629510","131629800","34","74565503"
"chr5","57342716","57342998","chr6","47690060","47690342","24","9652656"
"chr5","57468781","57469090","chr3","81656161","81656467","30","24187380"
"chr5","57529357","57529652","chr3","26174329","26174623","35","31355028"
"chr5","57743347","57743631","chr9","17787705","17787989","45","39955642"
"chr5","57974898","57975190","chr16","57459171","57459466","39","515727"
"chr5","58165224","58165414","chr10","11717821","11718014","32","46447403"
"chr5","58311693","58312007","chr6","58073947","58074261","40","237746"
"chr5","58535213","58535507","chr4","127875009","127875304","35","69339796"
"chr5","58979565","58979814","chr8","72286989","72287242","34","13307424"
"chr5","59109616","59109908","chr6","57332826","57333114","33","1776790"
"chr5","59255763","59255928","chr15","6911024","6911192","28","52344739"
"chr5","59345846","59346149","chr11","127450686","127450991","29","68104840"
"chr5","59358663","59358984","chr3","155246047","155246338","57","95887384"
"chr5","59417529","59417826","chr6","57010742","57011042","29","2406787"
"chr5","59433784","59434091","chr6","56996287","56996594","23","2437497"
"chr5","59493607","59493759","chr12","94507820","94507970","35","35014213"
"chr5","59517486","59517792","chr6","56869496","56869799","26","2647990"
"chr5","59522493","59522763","chr3","44399150","44399425","46","15123343"
"chr5","59684129","59684437","chrX","18394346","18394650","42","41289783"
"chr5","59740386","59740628","chr6","56662415","56662657","21","3077971"
"chr5","59786557","59786846","chr7","49247024","49247315","32","10539533"
"chr5","59833286","59833576","chr6","56571274","56571565","26","3262012"
"chr5","59916367","59916656","chr4","98323665","98323954","28","38407298"
"chr5","59990199","59990486","chr6","56411547","56411845","30","3578652"
"chr5","60006080","60006253","chr3","127934070","127934247","25","67927990"
"chr5","60050420","60050706","chr16","31041847","31042133","38","29008573"
"chr5","60118374","60118667","chr10","72825277","72825575","37","12706903"
"chr5","60788625","60788903","chr13","89493872","89494155","41","28705247"
"chr5","60837752","60838015","chr5","155363143","155363407","27","94525391"
"chr5","61037765","61038072","chr4","100236351","100236638","62","39198586"
"chr5","61133477","61133770","chr6","55308610","55308901","29","5824867"
"chr5","61240300","61240602","chr6","55205350","55205648","32","6034950"
"chr5","61376811","61377116","chr4","5357211","5357521","35","56019600"
"chr5","61382684","61382993","chr6","55058454","55058757","25","6324230"
"chr5","61439234","61439538","chr19","229466","229765","32","61209768"
"chr5","62594520","62594812","chr6","53824254","53824546","27","8770266"
"chr5","63296713","63297023","chr10","56658115","56658425","38","6638598"
"chr5","63376339","63376505","chr15","88479888","88480061","21","25103549"
"chr5","63609385","63609677","chr6","166637368","166637663","32","103027983"
"chr5","63662828","63663137","chr4","18420552","18420859","33","45242276"
"chr5","63722036","63722339","chr7","86454351","86454652","41","22732315"
"chr5","63733214","63733528","chr5","79110741","79111054","37","15377527"
"chr5","64228310","64228582","chr6","52077550","52077813","34","12150760"
"chr5","64520750","64521063","chr19","15978488","15978799","36","48542262"
"chr5","64890620","64890876","chr8","29256394","29256650","35","35634226"
"chr5","65245706","65246001","chr11","108584077","108584374","31","43338371"
"chr5","69092794","69092949","chr7","3648725","3648875","25","65444069"
"chr5","69930043","69930332","chr10","59919325","59919614","30","10010718"
"chr5","70006298","70006588","chr10","35385148","35385439","39","34621150"
"chr5","70499773","70500000","chr20","34321481","34321710","32","36178292"
"chr5","70546219","70546528","chr4","134287745","134288045","42","63741526"
"chr5","70619966","70620244","chr2","50567732","50568010","34","20052234"
"chr5","70690817","70691107","chr6","45295151","45295443","27","25395666"
"chr5","70738092","70738389","chr6","45246909","45247213","37","25491183"
"chr5","71796689","71796970","chr1","38667942","38668212","35","33128747"
"chr5","72117204","72117525","chr2","192665281","192665598","44","120548077"
"chr5","72121607","72121824","chr11","46544888","46545108","39","25576719"
"chr5","72227498","72227812","chr13","31472571","31472878","37","40754927"
"chr5","72336881","72337181","chrX","111903412","111903713","25","39566531"
"chr5","72476273","72476584","chr6","43243450","43243762","31","29232823"
"chr5","73328081","73328405","chr10","72588724","72589047","40","739357"
"chr5","73833848","73834163","chr3","7367921","7368221","46","66465927"
"chr5","74060093","74060401","chr7","43392881","43393188","35","30667212"
"chr5","74190899","74191182","chr4","137261768","137262054","35","63070869"
"chr5","74255463","74255770","chr3","81656161","81656467","30","7400698"
"chr5","74297753","74298041","chrX","14705132","14705416","40","59592621"
"chr5","74299826","74300130","chr16","47849984","47850287","28","26449842"
"chr5","74675772","74675903","chr7","68956423","68956553","10","5719349"
"chr5","74675904","74675920","chr7","147423899","147423913","10","72747995"
"chr5","74677346","74677503","chr19","10635260","10635411","26","64042086"
"chr5","74886075","74886308","chr8","101657779","101658017","45","26771704"
"chr5","75338963","75339272","chr8","119831472","119831781","31","44492509"
"chr5","75679949","75680154","chr6","63630625","63630830","31","12049324"
"chr5","76035500","76035798","chr1","61388678","61388976","29","14646822"
"chr5","76151813","76152081","chr12","116825859","116826142","52","40674046"
"chr5","76623572","76623872","chr11","104092911","104093206","34","27469339"
"chr5","76730679","76730976","chr6","38918127","38918426","28","37812552"
"chr5","77168823","77169123","chr11","55009213","55009513","38","22159610"
"chr5","77183052","77183316","chr6","38480457","38480722","34","38702595"
"chr5","77264211","77264514","chr6","38401680","38401989","29","38862531"
"chr5","77354643","77354941","chr3","181513518","181513820","28","104158875"
"chr5","77373761","77374071","chr6","38298342","38298650","28","39075419"
"chr5","77627298","77627588","chr2","57288005","57288297","37","20339293"
"chr5","77673582","77673880","chr6","37989940","37990227","39","39683642"
"chr5","77714748","77715052","chr2","195505774","195506079","35","117791026"
"chr5","77785707","77786000","chr14","66326782","66327072","38","11458925"
"chr5","77805766","77805926","chr4","140168185","140168346","23","62362419"
"chr5","77869443","77869744","chr6","37681557","37681855","31","40187886"
"chr5","78005184","78005480","chr7","116968133","116968435","39","38962949"
"chr5","78129801","78130064","chr6","37405531","37405809","31","40724270"
"chr5","78530925","78531247","chr11","108034722","108035047","44","29503797"
"chr5","78532275","78532586","chr20","3526049","3526351","44","75006226"
"chr5","78699246","78699550","chr19","10607277","10607584","29","68091969"
"chr5","78893908","78894204","chr8","65531215","65531499","32","13362693"
"chr5","78909636","78909932","chr6","177249478","177249776","31","98339842"
"chr5","79188245","79188539","chr16","4237255","4237548","30","74950990"
"chr5","79445380","79445659","chr4","141286355","141286632","40","61840975"
"chr5","79684569","79684850","chr15","44422532","44422812","37","35262037"
"chr5","79815846","79816150","chr11","15282559","15282855","37","64533287"
"chr5","79861747","79862046","chr1","7768760","7769067","43","72092987"
"chr5","79939136","79939440","chr6","35576624","35576925","36","44362512"
"chr5","80066834","80067119","chr2","22584147","22584429","42","57482687"
"chr5","80375110","80375423","chr6","35165781","35166090","35","45209329"
"chr5","80497885","80498027","chr3","33493296","33493438","36","47004589"
"chr5","80538993","80539299","chrX","14683994","14684298","36","65854999"
"chr5","80718214","80718517","chr3","81656161","81656467","34","937947"
"chr5","80902452","80902753","chr5","25781526","25781823","40","55120926"
"chr5","80953178","80953333","chr7","129362850","129363013","35","48409672"
"chr5","81251839","81252132","chr1","34922657","34922952","37","46329182"
"chr5","81654894","81655054","chr7","3648725","3648875","34","78006169"
"chr5","81944083","81944389","chr3","64175701","64176007","29","17768382"
"chr5","82893878","82894185","chrX","872740","873049","37","82021138"
"chr5","82962696","82962994","chr3","48879684","48879984","32","34083012"
"chr5","82976619","82976943","chr11","108034722","108035047","34","25058103"
"chr5","83047257","83047525","chr11","119653147","119653428","52","36605890"
"chr5","83097090","83097379","chr4","170001134","170001432","38","86904044"
"chr5","83166647","83166947","chr15","88070777","88071071","41","4904130"
"chr5","83176185","83176464","chr15","104299035","104299307","64","21122850"
"chr5","83366367","83366670","chr1","54184910","54185214","33","29181457"
"chr5","83504115","83504418","chr5","51852378","51852683","33","31651737"
"chr5","83574964","83575262","chr6","32293955","32294253","28","51281009"
"chr5","84213234","84213534","chr6","31656137","31656442","34","52557097"
"chr5","84436484","84436792","chr19","40351422","40351732","30","44085062"
"chr5","84867340","84867631","chr15","108424452","108424741","28","23557112"
"chr5","85723678","85723985","chr14","12945336","12945643","41","72778342"
"chr5","85839436","85839735","chr3","7367921","7368221","34","78471515"
"chr5","85880277","85880572","chr19","15978488","15978799","44","69901789"
"chr5","86046298","86046603","chr1","221532692","221532994","38","135486394"
"chr5","86123701","86124006","chr7","113241613","113241916","41","27117912"
"chr5","86128532","86128842","chr1","54184910","54185214","44","31943622"
"chr5","86324666","86324972","chr6","29564940","29565253","36","56759726"
"chr5","86459046","86459341","chr6","29432082","29432382","30","57026964"
"chr5","86535625","86535906","chr2","96876334","96876612","40","10340709"
"chr5","86684238","86684545","chr12","9837114","9837426","38","76847124"
"chr5","86758429","86758736","chrX","136494316","136494618","35","49735887"
"chr5","86806468","86806776","chr14","106075201","106075508","34","19268733"
"chr5","87028305","87028486","chrX","59842814","59842986","41","27185491"
"chr5","87034147","87034473","chr8","137306354","137306676","39","50272207"
"chr5","87524703","87525004","chr14","118913053","118913356","30","31388350"
"chr5","87574236","87574511","chr6","140369863","140370138","37","52795627"
"chr5","87755407","87755712","chr11","4240104","4240413","36","83515303"
"chr5","87898706","87899021","chr20","56319192","56319508","37","31579514"
"chr5","88196217","88196493","chr6","27844188","27844467","33","60352029"
"chr5","88674681","88675015","chrX","97226897","97227218","43","8552216"
"chr5","88698014","88698340","chr20","8659416","8659737","41","80038598"
"chr5","88814266","88814569","chr1","160978135","160978440","36","72163869"
"chr5","89085912","89086090","chr4","33359965","33360142","28","55725947"
"chr5","89323166","89323461","chr11","108584077","108584374","38","19260911"
"chr5","90219103","90219311","chr6","63630625","63630830","26","26588478"
"chr5","90233241","90233533","chr6","25599734","25600026","32","64633507"
"chr5","90302857","90303163","chr4","88700124","88700424","40","1602733"
"chr5","90959000","90959175","chr2","15318266","15318436","36","75640734"
"chr5","90995442","90995739","chr6","24774491","24774781","41","66220951"
"chr5","91096268","91096573","chr3","74700651","74700954","34","16395617"
"chr5","91522506","91522811","chrX","128633392","128633692","34","37110886"
"chr5","91654814","91655088","chr2","56486018","56486290","38","35168796"
"chr5","91882933","91883240","chr7","67968990","67969298","37","23913943"
"chr5","92062838","92063141","chr6","132127364","132127664","33","40064526"
"chr5","92109782","92110086","chr6","1092742","1093043","37","91017040"
"chr5","92371332","92371640","chrX","85948167","85948472","39","6423165"
"chr5","92496913","92497209","chr1","56254901","56255200","48","36242012"
"chr5","92651298","92651588","chrX","23623898","23624189","39","69027400"
"chr5","92783776","92784076","chr6","23029442","23029738","35","69754334"
"chr5","92878547","92878853","chr6","22933434","22933733","35","69945113"
"chr5","93069466","93069760","chr3","42965994","42966291","39","50103472"
"chr5","93081247","93081564","chr6","109200183","109200502","50","16118936"
"chr5","93220404","93220668","chr6","22553315","22553575","34","70667089"
"chr5","93274000","93274306","chrX","53464436","53464745","40","39809564"
"chr5","93606965","93607275","chr16","3245842","3246150","28","90361123"
"chr5","94473476","94473800","chr20","8659416","8659737","45","85814060"
"chr5","94632257","94632564","chr6","147524052","147524362","39","52891795"
"chr5","94694270","94694557","chr2","133188295","133188581","31","38494025"
"chr5","94755955","94756216","chr10","79718452","79718725","45","15037503"
"chr5","95199935","95200197","chr6","20567396","20567657","22","74632539"
"chr5","95372457","95372754","chr11","108584077","108584374","31","13211620"
"chr5","95403204","95403511","chr4","107257950","107258256","40","11854746"
"chr5","95711606","95711910","chr4","85782480","85782782","37","9929126"
"chr5","95744979","95745277","chr1","61388678","61388976","29","34356301"
"chr5","95760655","95760949","chr7","96311334","96311618","42","550679"
"chr5","95785478","95785741","chr2","56486018","56486290","36","39299460"
"chr5","96010140","96010449","chr1","54184910","54185214","36","41825230"
"chr5","96077765","96077938","chr11","6658602","6658773","33","89419163"
"chr5","96272794","96273107","chr6","19498567","19498888","38","76774227"
"chr5","96928573","96928880","chr2","144774862","144775168","35","47846289"
"chr5","96944055","96944361","chr6","93660791","93661100","36","3283264"
"chr5","96962873","96963182","chr10","72031369","72031681","35","24931504"
"chr5","97063366","97063658","chrX","15834033","15834327","30","81229333"
"chr5","97126502","97126798","chr6","93840494","93840792","28","3286008"
"chr5","97182800","97183090","chr8","41718631","41718927","32","55464169"
"chr5","97190094","97190299","chr10","17123065","17123263","47","80067029"
"chr5","97992455","97992764","chr4","127363604","127363914","32","29371149"
"chr5","98536451","98536749","chr6","55058454","55058757","34","43477997"
"chr5","98980036","98980335","chr13","81402840","81403136","36","17577196"
"chr5","99141758","99141986","chr6","95803461","95803694","38","3338297"
"chr5","99216384","99216676","chr6","95877689","95877978","48","3338695"
"chr5","99293215","99293355","chr10","82796400","82796530","34","16496815"
"chr5","99788193","99788497","chr3","123444667","123444969","33","23656474"
"chr5","99869591","99869697","chr14","113311902","113312011","33","13442311"
"chr5","100209341","100209619","chr2","56486018","56486290","36","43723323"
"chr5","100331356","100331658","chrX","47295423","47295720","36","53035933"
"chr5","100450478","100450777","chr1","54184910","54185214","39","46265568"
"chr5","100517954","100518227","chr13","78115421","78115693","41","22402533"
"chr5","100681160","100681469","chr1","13457585","13457895","33","87223575"
"chr5","101935290","101935590","chr20","18183620","18183918","22","83751670"
"chr5","102015704","102015980","chr4","141286355","141286632","34","39270651"
"chr5","102201725","102202029","chr15","109857905","109858208","29","7656180"
"chr5","102266015","102266315","chr3","123444667","123444969","37","21178652"
"chr5","102845362","102845695","chr17","4519391","4519715","51","98325971"
"chr5","102965580","102965880","chr3","80138280","80138578","35","22827300"
"chr5","103194499","103194808","chr1","7768760","7769067","30","95425739"
"chr5","103455217","103455371","chr2","15019384","15019533","32","88435833"
"chr5","103483744","103484040","chr6","100454349","100454649","31","3029395"
"chr5","103733715","103734017","chr2","47987079","47987379","38","55746636"
"chr5","103959469","103959780","chr20","28154048","28154358","34","75805421"
"chr5","104024578","104024844","chr6","100993132","100993394","31","3031446"
"chr5","104051615","104051905","chr19","52035365","52035659","39","52016250"
"chr5","104098164","104098454","chr2","109381027","109381314","36","5282863"
"chr5","104156815","104157124","chr4","5357211","5357521","41","98799604"
"chr5","104295404","104295693","chr9","35532747","35533041","40","68762657"
"chr5","104324679","104324976","chr6","101314089","101314390","41","3010590"
"chr5","104404634","104404930","chr8","127953586","127953884","31","23548952"
"chr5","104451329","104451620","chr13","9550833","9551123","32","94900496"
"chr5","104587076","104587390","chrX","85948167","85948472","37","18638909"
"chr5","104735453","104735739","chr3","17995200","17995486","31","86740253"
"chr5","104959240","104959550","chr4","5955341","5955651","35","99003899"
"chr5","105071839","105072138","chr6","102046235","102046533","33","3025604"
"chr5","105523951","105524228","chr10","29778443","29778721","33","75745508"
"chr5","106028747","106029094","chrX","113475257","113475588","61","7446510"
"chr5","106057637","106057824","chr6","103052868","103053065","28","3004769"
"chr5","106126132","106126413","chr6","103126454","103126735","27","2999678"
"chr5","106524430","106524729","chr5","24413827","24414128","32","82110603"
"chr5","106726784","106727079","chr6","103739413","103739716","40","2987371"
"chr5","107703050","107703337","chr3","49804678","49804963","27","57898372"
"chr5","107858595","107858865","chr10","83240707","83240972","31","24617888"
"chr5","107885761","107886060","chr19","32740719","32741019","30","75145042"
"chr5","108284803","108285071","chr2","160968266","160968536","39","52683463"
"chr5","108473498","108473705","chr16","26139167","26139373","37","82334331"
"chr5","108483439","108483764","chr10","90136038","90136355","42","18347401"
"chr5","108504023","108504308","chr9","21852757","21853045","39","86651266"
"chr5","108599173","108599473","chr20","54448223","54448522","33","54150950"
"chr5","108873357","108873657","chr13","39352330","39352639","30","69521027"
"chr5","108886688","108886994","chr4","5357211","5357521","40","103529477"
"chr5","109148463","109148766","chr6","106259598","106259893","31","2888865"
"chr5","109718556","109718805","chr7","55478229","55478481","34","54240327"
"chr5","110066361","110066670","chr6","107134943","107135252","25","2931418"
"chr5","110254628","110254942","chr1","156547387","156547697","39","46292759"
"chr5","110507064","110507331","chr7","67874983","67875246","38","42632081"
"chr5","111513785","111514094","chrX","52884540","52884848","35","58629245"
"chr5","111543312","111543602","chr3","49804678","49804963","35","61738634"
"chr5","111898968","111899276","chr6","108867051","108867358","24","3031917"
"chr5","111948326","111948476","chr3","70814394","70814554","46","41133932"
"chr5","112238200","112238489","chr4","137261768","137262054","35","25023568"
"chr5","112612364","112612678","chr6","109553628","109553942","35","3058736"
"chr5","112776658","112776956","chr15","8841295","8841593","31","103935363"
"chr5","112777890","112778146","chr3","40500739","40501004","64","72277151"
"chr5","112791352","112791646","chr7","166020953","166021249","41","53229601"
"chr5","113243393","113243686","chr12","121351661","121351954","35","8108268"
"chr5","113255189","113255492","chr6","110215166","110215462","40","3040023"
"chr5","113470704","113471006","chr5","85314585","85314886","48","28156119"
"chr5","113662890","113663162","chr1","70364866","70365136","43","43298024"
"chr5","114204348","114204638","chr4","53558030","53558322","32","60646318"
"chr5","114258046","114258340","chr1","54184910","54185214","36","60073136"
"chr5","114377291","114377592","chr14","71474513","71474814","41","42902778"
"chr5","114548160","114548472","chr6","111500112","111500422","25","3048048"
"chr5","115624770","115625061","chr8","93631919","93632210","34","21992851"
"chr5","115628332","115628625","chr6","112571527","112571827","32","3056805"
"chr5","116474578","116474892","chr4","5955341","5955651","33","110519237"
"chr5","116560461","116560739","chr2","96876334","96876612","33","19684127"
"chr5","117247047","117247357","chr6","114389956","114390274","43","2857091"
"chr5","117275704","117275999","chr12","121351661","121351954","32","4075957"
"chr5","117687887","117688182","chr6","148347411","148347707","33","30659524"
"chr5","117689701","117689889","chr17","39176135","39176331","45","78513566"
"chr5","117742627","117742889","chr4","120922799","120923063","39","3180172"
"chr5","117906255","117906556","chr16","67304548","67304851","37","50601707"
"chr5","118262133","118262439","chr2","84060483","84060788","41","34201650"
"chr5","118376550","118376832","chr6","115546686","115546979","36","2829864"
"chr5","118420057","118420338","chr4","160692905","160693183","32","42272848"
"chr5","118705198","118705498","chr1","54184910","54185214","35","64520288"
"chr5","119280289","119280489","chr13","81318413","81318616","43","37961876"
"chr5","119373890","119374189","chr1","54184910","54185214","27","65188980"
"chr5","119434573","119434871","chr1","188206193","188206492","38","68771620"
"chr5","119589880","119590047","chr13","49343808","49343978","27","70246072"
"chr5","119784134","119784450","chr3","162091581","162091897","37","42307447"
"chr5","119865620","119865917","chr7","61608289","61608587","27","58257331"
"chr5","119964029","119964324","chr11","108584077","108584374","28","11379952"
"chr5","120134402","120134691","chr6","117322540","117322827","35","2811862"
"chr5","120259946","120260247","chr19","12563107","12563395","33","107696839"
"chr5","120410445","120410757","chr8","105120121","105120431","33","15290324"
"chr5","120565392","120565714","chr19","30489378","30489693","44","90076014"
"chr5","121740048","121740347","chrX","148196198","148196501","40","26456150"
"chr5","121746413","121746712","chrX","148196198","148196501","41","26449785"
"chr5","121814770","121815067","chr2","64819781","64820080","37","56994989"
"chr5","121866286","121866590","chrX","130126302","130126612","33","8260016"
"chr5","121870915","121871204","chr8","65531215","65531499","41","56339700"
"chr5","122972978","122973276","chr14","65538885","65539187","42","57434093"
"chr5","123136546","123136699","chr9","120454632","120454793","26","2681914"
"chr5","123314536","123314846","chrX","872740","873049","31","122441796"
"chr5","123624115","123624409","chr10","29765824","29766115","33","93858291"
"chr5","123652201","123652510","chr6","120494036","120494339","27","3158165"
"chr5","123866366","123866675","chr11","33432539","33432852","43","90433827"
"chr5","124016649","124016967","chr4","26909496","26909810","47","97107153"
"chr5","124019720","124019910","chr13","81318413","81318616","34","42701307"
"chr5","124095719","124096011","chr6","120917028","120917328","30","3178691"
"chr5","124177149","124177442","chrX","23155568","23155864","33","101021581"
"chr5","124895512","124895803","chr6","121707287","121707591","51","3188225"
"chr5","125128661","125128993","chr7","78768011","78768336","48","46360650"
"chr5","125195958","125196268","chr4","36639516","36639826","35","88556442"
"chr5","125247049","125247354","chrX","130126302","130126612","31","4879253"
"chr5","125499277","125499573","chr1","22411003","22411299","31","103088274"
"chr5","125651474","125651770","chr1","34922657","34922952","32","90728817"
"chr5","126620288","126620584","chr11","14430900","14431189","39","112189388"
"chr5","127287253","127287556","chr4","88700124","88700424","35","38587129"
"chr5","127340202","127340495","chr16","545181","545471","28","126795021"
"chr5","127346884","127347197","chr4","134852861","134853168","30","7505977"
"chr5","127402790","127403084","chr19","48904606","48904900","29","78498184"
"chr5","128074033","128074340","chr6","125091246","125091555","37","2982787"
"chr5","128254499","128254802","chr2","111182376","111182681","32","17072123"
"chr5","128492784","128493084","chr12","50257938","50258238","34","78234846"
"chr5","129041408","129041696","chr7","32150404","32150693","33","96891004"
"chr5","129238892","129239199","chr2","47824467","47824767","31","81414425"
"chr5","129700437","129700741","chr16","31223636","31223938","39","98476801"
"chr5","129944854","129945163","chr6","145356280","145356591","37","15411426"
"chr5","129986743","129987049","chr3","127011765","127012063","46","2974978"
"chr5","130030785","130031071","chr1","50269499","50269788","32","79761286"
"chr5","130209120","130209311","chr19","12959091","12959278","39","117250029"
"chr5","130308780","130309084","chr11","93338736","93339038","30","36970044"
"chr5","130650513","130650813","chr4","88700124","88700424","54","41950389"
"chr5","130746235","130746484","chr7","137863872","137864121","35","7117637"
"chr5","131105084","131105394","chrX","872740","873049","29","130232344"
"chr5","131148979","131149287","chr11","55009213","55009513","39","76139766"
"chr5","131160312","131160613","chr7","127065845","127066144","27","4094467"
"chr5","131412743","131413067","chr8","126212651","126212969","42","5200092"
"chr5","131436502","131436680","chr6","84072722","84072893","33","47363780"
"chr5","131879514","131879812","chr4","20465529","20465832","39","111413985"
"chr5","131958078","131958370","chr13","58580302","58580594","37","73377776"
"chr5","132039792","132040096","chr11","40272935","40273236","33","91766857"
"chr5","132069040","132069334","chr1","22411003","22411299","37","109658037"
"chr5","132085897","132086154","chr6","129111039","129111287","30","2974858"
"chr5","132300228","132300522","chr5","17150761","17151056","30","115149467"
"chr5","132413373","132413669","chr7","49247024","49247315","31","83166349"
"chr5","132646847","132647132","chr6","129684782","129685059","34","2962065"
"chr5","132750182","132750478","chr5","1773882","1774179","31","130976300"
"chr5","133016855","133017017","chr3","76215454","76215617","31","56801401"
"chr5","133213351","133213589","chr6","130235604","130235846","22","2977747"
"chr5","133291660","133291963","chr8","102704227","102704531","33","30587433"
"chr5","133371389","133371705","chr3","47683329","47683644","34","85688060"
"chr5","133519216","133519524","chr3","170399117","170399420","42","36879901"
"chr5","133555372","133555637","chr1","44142426","44142700","40","89412946"
"chr5","133616612","133616734","chr14","113311902","113312011","44","20304710"
"chr5","133660834","133661121","chr2","29951401","29951693","36","103709433"
"chr5","134436667","134436975","chr6","131472845","131473152","33","2963822"
"chr5","134881307","134881612","chr1","118287422","118287724","36","16593885"
"chr5","134883786","134884066","chr6","131910373","131910647","26","2973413"
"chr5","134912107","134912406","chr4","88700124","88700424","32","46211983"
"chr5","134932612","134932923","chr3","160893852","160894159","35","25961240"
"chr5","134986070","134986352","chr7","63363325","63363605","38","71622745"
"chr5","135017061","135017133","chr14","18724456","18724513","20","116292605"
"chr5","135050643","135050803","chr11","54926961","54927123","32","80123682"
"chr5","135056747","135057052","chr6","132099081","132099381","32","2957666"
"chr5","135102993","135103178","chr16","29014757","29014925","37","106088236"
"chr5","135301184","135301450","chr8","42333220","42333488","30","92967964"
"chr5","135336821","135337117","chr6","132373192","132373480","26","2963629"
"chr5","135395837","135396134","chr6","155329774","155330069","33","19933937"
"chr5","135418105","135418412","chr14","16503370","16503668","37","118914735"
"chr5","135418745","135418905","chr5","18060035","18060193","21","117358710"
"chr5","135427594","135427879","chr14","68491735","68492017","35","66935859"
"chr5","135453562","135453866","chr1","54184910","54185214","29","81268652"
"chr5","135497286","135497599","chr1","38299622","38299931","36","97197664"
"chr5","135497652","135497931","chr3","61219427","61219705","48","74278225"
"chr5","135520635","135520936","chr6","173896362","173896661","30","38375727"
"chr5","135540464","135540748","chr13","97520871","97521154","28","38019593"
"chr5","135795199","135795495","chr1","56044044","56044339","33","79751155"
"chr5","135819750","135820015","chr6","132843364","132843624","30","2976386"
"chr5","135969326","135969616","chrX","117589965","117590253","35","18379361"
"chr5","136385991","136386297","chr1","7768760","7769067","31","128617231"
"chr5","137037768","137038064","chr5","127481373","127481667","38","9556395"
"chr5","137067721","137067892","chr2","82959881","82960057","40","54107840"
"chr5","137416837","137417145","chr13","31472571","31472878","29","105944266"
"chr5","137821937","137822231","chr6","134848835","134849132","33","2973102"
"chr5","137823507","137823802","chr6","134850385","134850684","31","2973122"
"chr5","138513035","138513363","chr6","135510942","135511263","35","3002093"
"chr5","138618991","138619200","chr4","11102991","11103196","33","127516000"
"chr5","138649153","138649385","chr1","52410307","52410536","36","86238846"
"chr5","138754405","138754698","chr20","28697028","28697324","33","110057377"
"chr5","138920402","138920709","chr9","105321199","105321510","33","33599203"
"chr5","138962695","138963004","chr3","122375893","122376202","35","16586802"
"chr5","139030045","139030353","chr7","128527912","128528222","31","10502133"
"chr5","139067613","139067919","chr6","136081507","136081805","27","2986106"
"chr5","139074502","139074798","chr6","136087738","136088027","23","2986764"
"chr5","139102064","139102358","chr12","121351661","121351954","34","17750403"
"chr5","139125699","139125994","chrX","23155568","23155864","34","115970131"
"chr5","139145229","139145485","chr3","73072783","73073043","33","66072446"
"chr5","139241459","139241748","chr1","9659856","9660151","32","129581603"
"chr5","139260017","139260327","chr6","136275703","136276008","29","2984314"
"chr5","139333907","139334217","chr8","65019239","65019549","28","74314668"
"chr5","139415514","139415818","chr12","113988811","113989118","31","25426703"
"chr5","139506488","139506784","chr6","136516741","136517031","31","2989747"
"chr5","139629279","139629588","chr1","54184910","54185214","35","85444369"
"chr5","139788928","139789224","chr11","14926334","14926629","42","124862594"
"chr5","139880522","139880838","chr6","136882765","136883078","39","2997757"
"chr5","139971953","139972249","chr4","98323665","98323954","30","41648288"
"chr5","140050667","140050970","chr3","129960633","129960932","33","10090034"
"chr5","140053691","140054004","chrX","52884540","52884848","37","87169151"
"chr5","140056678","140056947","chr6","137075671","137075940","23","2981007"
"chr5","140202679","140202894","chr12","58289321","58289541","45","81913358"
"chr5","140282826","140282994","chr12","44446416","44446578","32","95836410"
"chr5","140290507","140290602","chr2","201367432","201367534","19","61076925"
"chr5","140294949","140295218","chr6","137350447","137350741","43","2944502"
"chr5","140307040","140307338","chr9","95564625","95564917","31","44742415"
"chr5","140448813","140449095","chr5","31007577","31007862","47","109441236"
"chr5","140660898","140661199","chr4","88700124","88700424","32","51960774"
"chr5","140751813","140752120","chr6","137809197","137809497","30","2942616"
"chr5","140784079","140784278","chr1","159782384","159782596","39","18998305"
"chr5","140806983","140807293","chr12","98050892","98051201","33","42756091"
"chr5","140817100","140817402","chr2","64819781","64820080","31","75997319"
"chr5","140913003","140913313","chr6","137972398","137972690","36","2940605"
"chr5","140998899","140999013","chr14","113311902","113312011","37","27686997"
"chr5","141127930","141128167","chr14","56616221","56616461","35","84511709"
"chr5","141134258","141134558","chr6","138196042","138196343","30","2938216"
"chr5","141224952","141225243","chr12","120816318","120816608","36","20408634"
"chr5","141392399","141392591","chr3","36303286","36303484","35","105089113"
"chr5","141392803","141392916","chr13","105526183","105526304","21","35866620"
"chr5","141414142","141414456","chr3","54644532","54644842","39","86769610"
"chr5","141457422","141457700","chr3","2538496","2538783","49","138918926"
"chr5","141491960","141492250","chr6","138533505","138533794","32","2958455"
"chr5","141578553","141578863","chr2","92965719","92966026","34","48612834"
"chr5","141719586","141719876","chr6","148347411","148347707","30","6627825"
"chr5","142031646","142031946","chrX","47295423","47295720","30","94736223"
"chr5","142220300","142220591","chr3","75112706","75113002","33","67107594"
"chr5","142345046","142345341","chr4","3379423","3379712","32","138965623"
"chr5","142426715","142426890","chr20","27267477","27267649","28","115159238"
"chr5","142436136","142436424","chr1","24622085","24622374","31","117814051"
"chr5","142479659","142479833","chr20","27267477","27267649","32","115212182"
"chr5","142629982","142630279","chr15","11779419","11779725","35","130850563"
"chr5","142683207","142683512","chr3","105975983","105976283","34","36707224"
"chr5","142871373","142871610","chrX","18505138","18505381","33","124366235"
"chr5","142988356","142988662","chr7","145000278","145000562","61","2011922"
"chr5","142992142","142992368","chr9","28957532","28957760","34","114034610"
"chr5","143040696","143041006","chr5","145110096","145110404","32","2069400"
"chr5","143049533","143049805","chr2","56486018","56486290","33","86563515"
"chr5","143061120","143061416","chrX","85948167","85948472","41","57112953"
"chr5","143091575","143091857","chr3","65703179","65703464","40","77388396"
"chr5","143106704","143107016","chr2","135915754","135916056","45","7190950"
"chr5","143113207","143113520","chr12","82259755","82260061","35","60853452"
"chr5","143139558","143139861","chr6","140172023","140172317","34","2967535"
"chr5","143169413","143169704","chr6","140203228","140203519","25","2966185"
"chr5","143286042","143286345","chr13","103024691","103024992","44","40261351"
"chr5","143322529","143322833","chr1","54184910","54185214","26","89137619"
"chr5","143324399","143324694","chr7","1749091","1749386","34","141575308"
"chr5","143339534","143339829","chr9","111675729","111676026","32","31663805"
"chr5","143348377","143348686","chr4","5955341","5955651","33","137393036"
"chr5","143524932","143525234","chr20","54448223","54448522","35","89076709"
"chr5","143541545","143541858","chr5","145110096","145110404","34","1568551"
"chr5","144213914","144214069","chr11","54926961","54927123","35","89286953"
"chr5","144326449","144326761","chr6","141372572","141372877","30","2953877"
"chr5","144683073","144683372","chr6","141720278","141720579","28","2962795"
"chr5","144960487","144960752","chr14","112579862","112580130","41","32380625"
"chr5","145459559","145459868","chr19","15978488","15978799","35","129481071"
"chr5","146296523","146296822","chr10","36695892","36696195","29","109600631"
"chr5","146474439","146474735","chr4","54062553","54062848","43","92411886"
"chr5","146915269","146915562","chr14","65706342","65706637","28","81208927"
"chr5","147020106","147020400","chr14","68678897","68679192","37","78341209"
"chr5","147024561","147024722","chr3","63755577","63755744","31","83268984"
"chr5","147056655","147056960","chr16","628664","628975","33","146427991"
"chr5","147115196","147115500","chr6","144326388","144326693","27","2788808"
"chr5","147209508","147209688","chr19","53087200","53087382","28","94122308"
"chr5","147310946","147311228","chr20","15687563","15687841","33","131623383"
"chr5","147377501","147377805","chr7","38049507","38049811","34","109327994"
"chr5","147637572","147637861","chr15","108424452","108424741","29","39213120"
"chr5","147713372","147713652","chr3","40594821","40595114","39","107118551"
"chr5","148137443","148137753","chr6","145356280","145356591","34","2781163"
"chr5","148596984","148597299","chrX","67274706","67275021","48","81322278"
"chr5","148638509","148638807","chr6","145835976","145836276","24","2802533"
"chr5","148737157","148737444","chr7","163080885","163081176","39","14343728"
"chr5","149257540","149257842","chr6","146556944","146557248","29","2700596"
"chr5","149724553","149724876","chrX","47430937","47431256","41","102293616"
"chr5","150068914","150069207","chr1","9659856","9660151","37","140409058"
"chr5","150133837","150134111","chr9","92751423","92751701","30","57382414"
"chr5","150246876","150247176","chr4","3752022","3752324","28","146494854"
"chr5","150299184","150299499","chr16","45426817","45427122","41","104872367"
"chr5","150329209","150329510","chr2","159662942","159663249","32","9333733"
"chr5","150574005","150574304","chr7","127065845","127066144","37","23508160"
"chr5","150819216","150819516","chrX","136494316","136494618","27","14324900"
"chr5","150838400","150838700","chr6","148117815","148118107","31","2720585"
"chr5","150916269","150916579","chr1","54184910","54185214","32","96731359"
"chr5","150930584","150930769","chr9","62270006","62270180","32","88660578"
"chr5","150960906","150961194","chr6","148240086","148240371","32","2720820"
"chr5","150961225","150961412","chr3","36303286","36303484","63","114657939"
"chr5","151052840","151053129","chr1","39347733","39348026","35","111705107"
"chr5","151071324","151071614","chr6","148347411","148347707","25","2723913"
"chr5","151313865","151314149","chr6","148578938","148579220","34","2734927"
"chr5","151373723","151374009","chr6","148637790","148638062","33","2735933"
"chr5","151442553","151442846","chr10","87136170","87136463","25","64306383"
"chr5","151624266","151624569","chr16","67304548","67304851","32","84319718"
"chr5","151688987","151689278","chr3","142446579","142446870","29","9242408"
"chr5","151827122","151827435","chr16","62796855","62797156","49","89030267"
"chr5","151860159","151860477","chr20","41615482","41615793","51","110244677"
"chr5","152074674","152074932","chr8","29256394","29256650","30","122818280"
"chr5","152285125","152285433","chr6","149534884","149535195","34","2750241"
"chr5","152303618","152303927","chr16","40054513","40054819","37","112249105"
"chr5","152361290","152361592","chr11","122302926","122303239","43","30058364"
"chr5","152582801","152583088","chr6","149838358","149838647","29","2744443"
"chr5","153835829","153836123","chr8","104255315","104255609","32","49580514"
"chr5","153849134","153849420","chr7","19039688","19039974","41","134809446"
"chr5","154305275","154305555","chr4","141286355","141286632","35","13018920"
"chr5","154330323","154330624","chr6","173896362","173896661","32","19566039"
"chr5","154346915","154347215","chr6","151550391","151550689","31","2796524"
"chr5","154349951","154350252","chr7","68336549","68336846","36","86013402"
"chr5","155022239","155022546","chr12","110082565","110082875","32","44939674"
"chr5","155273136","155273431","chr13","106164334","106164628","34","49108802"
"chr5","155364317","155364483","chr17","78239742","78239906","31","77124575"
"chr5","155393131","155393300","chr13","89859967","89860138","27","65533164"
"chr5","155413613","155413920","chr1","216542963","216543268","50","61129350"
"chr5","155437518","155437812","chr11","54769798","54770095","32","100667720"
"chr5","155590168","155590464","chr3","26174329","26174623","31","129415839"
"chr5","155680399","155680691","chr19","16923021","16923312","38","138757378"
"chr5","155718419","155718727","chr6","152969431","152969736","35","2748988"
"chr5","155780803","155781102","chr8","48638161","48638460","29","107142642"
"chr5","155817481","155817788","chr6","153064761","153065067","26","2752720"
"chr5","155836831","155837127","chr1","61388678","61388976","33","94448153"
"chr5","156032525","156032837","chr12","115464784","115465091","37","40567741"
"chr5","156213644","156213946","chr1","54184910","54185214","29","102028734"
"chr5","156386904","156387210","chr2","84060483","84060788","29","72326421"
"chr5","156720634","156720959","chr6","154013559","154013864","49","2707075"
"chr5","157584715","157584756","chr3","34903811","34903857","17","122680904"
"chr5","157743406","157743704","chr8","69585490","69585785","35","88157916"
"chr5","158001416","158001712","chrX","23155568","23155864","35","134845848"
"chr5","158048819","158049115","chr6","155329774","155330069","26","2719045"
"chr5","158080909","158081212","chr3","54644532","54644842","40","103436377"
"chr5","158634874","158635174","chr1","54184910","54185214","29","104449964"
"chr5","158641631","158641809","chr20","27267477","27267649","22","131374154"
"chr5","158649766","158650049","chr6","155937741","155938024","23","2712025"
"chr5","158662698","158663015","chr1","206248300","206248612","46","47585602"
"chr5","158676290","158676576","chr1","124793709","124793992","32","33882581"
"chr5","159492156","159492453","chr20","28697028","28697324","26","130795128"
"chr5","159890408","159890715","chr6","157159283","157159589","33","2731125"
"chr5","160132733","160133041","chr4","5357211","5357521","34","154775522"
"chr5","160544035","160544338","chr3","81656161","81656467","36","78887874"
"chr5","160728101","160728361","chr6","66582178","66582439","36","94145923"
"chr5","161017676","161018001","chr6","36312745","36313052","52","124704931"
"chr5","161050529","161050815","chr6","158340916","158341205","36","2709613"
"chr5","161103675","161103963","chr4","59329789","59330072","51","101773886"
"chr5","161138284","161138573","chr2","84500826","84501114","32","76637458"
"chr5","161208941","161209238","chr8","115461075","115461370","38","45747866"
"chr5","161365131","161365436","chr19","19114814","19115117","41","142250317"
"chr5","161504609","161504878","chr6","158792854","158793129","31","2711755"
"chr5","162487031","162487328","chrX","101200764","101201064","39","61286267"
"chr5","162754843","162755144","chr2","44364597","44364899","41","118390246"
"chr5","162761347","162761650","chr9","87334494","87334786","43","75426853"
"chr5","162855739","162855920","chr9","62270006","62270180","30","100585733"
"chr5","163882564","163882868","chr6","161150005","161150298","27","2732559"
"chr5","163970670","163970977","chr16","1680827","1681137","36","162289843"
"chr5","164033939","164034233","chr11","108584077","108584374","37","55449862"
"chr5","164094003","164094284","chr11","4878247","4878546","40","159215756"
"chr5","164140982","164141170","chr5","740668","740849","32","163400314"
"chr5","164221831","164222116","chr3","144017625","144017903","47","20204206"
"chr5","164299711","164299870","chr15","6911024","6911192","27","157388687"
"chr5","164372935","164373247","chrX","53714392","53714701","44","110658543"
"chr5","164438301","164438606","chr3","48879684","48879984","33","115558617"
"chr5","164613357","164613644","chr3","174792555","174792832","36","10179198"
"chr5","164792424","164792725","chr7","26691320","26691618","33","138101104"
"chr5","165198457","165198730","chr6","162358865","162359126","36","2839592"
"chr5","165584269","165584411","chrX","147920187","147920319","47","17664082"
"chr5","165630962","165631279","chr13","56191658","56191976","36","109439304"
"chr5","166264623","166264933","chr2","135151286","135151596","43","31113337"
"chr5","166296201","166296495","chr6","163425960","163426252","26","2870241"
"chr5","166309560","166309889","chr6","105995518","105995846","54","60314042"
"chr5","166382073","166382375","chr4","88700124","88700424","37","77681949"
"chr5","166488004","166488316","chr2","84060483","84060788","35","82427521"
"chr5","166666560","166666852","chr8","115461075","115461370","35","51205485"
"chr5","166679567","166679862","chr2","149644045","149644340","36","17035522"
"chr5","166808861","166809157","chr16","7733517","7733814","34","159075344"
"chr5","166811935","166812247","chr14","118223082","118223392","38","48588853"
"chr5","167181003","167181293","chr8","65531215","65531499","39","101649788"
"chr5","167184417","167184586","chr7","35667652","35667813","28","131516765"
"chr5","167510153","167510458","chr6","164749899","164750206","30","2760254"
"chr5","167750868","167751174","chr1","165996033","165996341","41","1754835"
"chr5","167786596","167786899","chr6","165022596","165022885","48","2764000"
"chr5","167789631","167789921","chr19","36582362","36582654","33","131207269"
"chr5","167802812","167803120","chrX","12875429","12875734","34","154927383"
"chr5","167885463","167885774","chr6","165115751","165116058","32","2769712"
"chr5","167893877","167894061","chr19","53087200","53087382","28","114806677"
"chr5","167929609","167929931","chr12","364819","365130","38","167564790"
"chr5","168129143","168129458","chr4","54062553","54062848","49","114066590"
"chr5","168155588","168155903","chr5","79110741","79111054","40","89044847"
"chr5","168162457","168162766","chr10","67242450","67242757","39","100920007"
"chr5","168938393","168938648","chr6","166165158","166165416","32","2773235"
"chr5","169201571","169201865","chr1","5605714","5606006","37","163595857"
"chr5","169253548","169253858","chr4","54167214","54167521","31","115086334"
"chr5","169258804","169259100","chr11","108584077","108584374","28","60674727"
"chr5","169287021","169287354","chrX","13655787","13656117","45","155631234"
"chr5","169312787","169313089","chr6","166544594","166544899","31","2768193"
"chr5","169411891","169412184","chr6","166637368","166637663","31","2774523"
"chr5","169512918","169513222","chr15","42512235","42512545","36","127000683"
"chr5","169559911","169560078","chr1","35561294","35561462","48","133998617"
"chr5","169881287","169881599","chr8","105120121","105120431","33","64761166"
"chr5","169944776","169945073","chr3","85249961","85250259","40","84694815"
"chr5","170159681","170159958","chr6","167412492","167412767","26","2747189"
"chr5","170249238","170249544","chrX","130126302","130126612","39","40122936"
"chr5","170357917","170358184","chr2","79035135","79035404","32","91322782"
"chr5","170389472","170389775","chr1","113416703","113417005","36","56972769"
"chr5","170423282","170423590","chr3","81656161","81656467","33","88767121"
"chr5","170697395","170697713","chr4","21917325","21917640","35","148780070"
"chr5","170939319","170939636","chr2","29914298","29914604","37","141025021"
"chr5","170967732","170968004","chr6","168225191","168225463","23","2742541"
"chr5","171211211","171211514","chrX","95082495","95082798","33","76128716"
"chr5","171830421","171830730","chr3","129960633","129960932","29","41869788"
"chr5","171866205","171866421","chr10","35244606","35244821","36","136621599"
"chr5","172000152","172000207","chr3","34903811","34903857","22","137096341"
"chr5","172265488","172265789","chrX","80243775","80244076","30","92021713"
"chr5","172271852","172272013","chr3","76215454","76215617","35","96056398"
"chr5","172352039","172352312","chr7","152418207","152418480","34","19933832"
"chr5","172361091","172361402","chr20","52938937","52939246","38","119422154"
"chr5","172361447","172361753","chr16","3245842","3246150","32","169115605"
"chr5","172380199","172380525","chr6","169612299","169612602","54","2767900"
"chr5","172835315","172835608","chr15","108424452","108424741","27","64410863"
"chr5","173127420","173127488","chr15","21587442","21587502","21","151539978"
"chr5","173311091","173311399","chr10","38772882","38773178","37","134538209"
"chr5","173347865","173348163","chr6","177249478","177249776","26","3901613"
"chr5","173483059","173483348","chr7","61608289","61608587","33","111874770"
"chr5","173520951","173521248","chr11","110456127","110456422","39","63064824"
"chr5","173770960","173771271","chr10","72031369","72031681","36","101739591"
"chr5","174106676","174106954","chr4","160692905","160693183","24","13413771"
"chr5","174159076","174159376","chr7","6814365","6814666","31","167344711"
"chr5","174162644","174162944","chr4","88700124","88700424","24","85462520"
"chr5","174179954","174180248","chr17","81322280","81322575","34","92857674"
"chr5","174183652","174183943","chr10","73354021","73354316","38","100829631"
"chr5","174205334","174205569","chr16","11171665","11171896","34","163033669"
"chr5","174504397","174504632","chr15","109915337","109915571","27","64589060"
"chr5","175093601","175093747","chr7","136362895","136363045","25","38730706"
"chr5","175284903","175285192","chr11","14430900","14431189","38","160854003"
"chr5","175344861","175345141","chr6","172598499","172598778","23","2746362"
"chr5","175450470","175450762","chr1","155194513","155194802","42","20255957"
"chr5","175643459","175643769","chr18","11323123","11323428","34","164320336"
"chr5","175647044","175647346","chr1","206202604","206202903","34","30555560"
"chr5","175649723","175650032","chr2","34844398","34844700","33","140805325"
"chr5","175735418","175735723","chr6","1092742","1093043","32","174642676"
"chr5","175755108","175755406","chrX","19203852","19204150","33","156551256"
"chr5","175887113","175887410","chr16","57459171","57459466","28","118427942"
"chr5","176058401","176058689","chr5","50255663","50255952","43","125802738"
"chr5","176084469","176084760","chr7","99204682","99204986","52","76879787"
"chr5","176277138","176277447","chr6","173563371","173563672","27","2713767"
"chr5","176320468","176320680","chr1","81038043","81038256","35","95282425"
"chr5","176427613","176427911","chr3","9083683","9083979","33","167343930"
"chr5","176506983","176507200","chr6","173802906","173803124","21","2704077"
"chr5","176552502","176552806","chr11","111884751","111885060","39","64667751"
"chr5","176573156","176573456","chr7","127065845","127066144","30","49507311"
"chr5","176605547","176605855","chr13","31472571","31472878","30","145132976"
"chr5","176607015","176607307","chr6","173897793","173898085","24","2709222"
"chr5","176612317","176612618","chr14","71474513","71474814","34","105137804"
"chr5","176631926","176632236","chr7","157975400","157975709","33","18656526"
"chr5","176704220","176704521","chr8","132805213","132805507","49","43899007"
"chr5","176881529","176881837","chr4","5357211","5357521","30","171524318"
"chr5","176920725","176921037","chr8","105120121","105120431","34","71800604"
"chr5","177105489","177105783","chr8","76234748","76235038","32","100870741"
"chr5","177308515","177308812","chr3","62258871","62259161","41","115049644"
"chr5","177436776","177437071","chr14","68678897","68679192","36","108757879"
"chr5","177469450","177469747","chr6","174864710","174865008","32","2604740"
"chr5","177510182","177510480","chr6","174905209","174905512","27","2604973"
"chr5","177515484","177515779","chr6","174911319","174911606","33","2604165"
"chr5","177976398","177976580","chr1","188127708","188127887","34","10151310"
"chr5","177989366","177989666","chr4","5955341","5955651","40","172034025"
"chr5","178044620","178044932","chr10","7856482","7856792","32","170188138"
"chr5","178059907","178060201","chr9","26215862","26216159","36","151844045"
"chr5","178177031","178177323","chrX","95082495","95082798","42","83094536"
"chr5","178214807","178215104","chr6","171325635","171325932","34","6889172"
"chr5","178215324","178215612","chrX","117654503","117654792","37","60560821"
"chr5","178219443","178219618","chr1","134845532","134845706","31","43373911"
"chr5","178287613","178287953","chr10","60848142","60848492","62","117439471"
"chr5","178292131","178292427","chr10","73354021","73354316","33","104938110"
"chr5","178337052","178337256","chr4","11102991","11103196","30","167234061"
"chr5","178353738","178353802","chr14","18724456","18724513","20","159629282"
"chr5","178394997","178395297","chr6","175958198","175958494","34","2436799"
"chr5","178558845","178559149","chr17","94125134","94125439","30","84433711"
"chr5","178563529","178563586","chr9","13987239","13987300","18","164576290"
"chr5","178564218","178564261","chr20","54495305","54495348","12","124068913"
"chr5","178618717","178619023","chr1","54184910","54185214","30","124433807"
"chr5","178659557","178659853","chr7","114172011","114172307","33","64487546"
"chr5","178757033","178757330","chr3","62258871","62259161","43","116498162"
"chr5","179191004","179191225","chr7","155772303","155772522","27","23418701"
"chr5","179229108","179229422","chr8","105120121","105120431","43","74108987"
"chr5","179331695","179331997","chr2","150755800","150756098","36","28575895"
"chr5","179377751","179377981","chr2","136217935","136218152","78","43159816"
"chr5","179465585","179465875","chr13","65001120","65001409","30","114464465"
"chr5","179477399","179477651","chr6","176850706","176850954","41","2626693"
"chr5","179809736","179810029","chr15","28092029","28092327","37","151717707"
"chr5","179827729","179828029","chr20","52290715","52291010","28","127537014"
"chr5","179998637","179998937","chr20","30937004","30937299","36","149061633"
"chr5","180158086","180158403","chr4","1293524","1293840","40","178864562"
"chr5","180172142","180172447","chr16","45426817","45427122","35","134745325"
"chr5","180260583","180260886","chr1","34437740","34438040","34","145822843"
"chr5","180266305","180266609","chr3","129960633","129960932","31","50305672"
"chr5","180435431","180435719","chr9","21852757","21853045","31","158582674"
"chr5","180446458","180446741","chr8","65531215","65531499","37","114915243"
"chr5","180595082","180595249","chr15","6911024","6911192","30","173684058"
"chr5","180674188","180674497","chr19","44754788","44755097","34","135919400"
"chr5","180764502","180764808","chr1","54184910","54185214","37","126579592"
"chr5","180800808","180801076","chr8","765251","765528","44","180035557"
"chr5","180805125","180805423","chr6","178320086","178320377","28","2485039"
"chr5","180810043","180810304","chr12","81755596","81755855","46","99054447"
"chr5","180824802","180825118","chr1","54184910","54185214","42","126639892"
"chr5","180875531","180875803","chr8","765251","765528","38","180110280"
"chr5","180952759","180952954","chr1","26657011","26657208","22","154295748"
"chr5","180962222","180962385","chr4","29348361","29348533","42","151613861"
"chr5","180978864","180979166","chr11","108584077","108584374","33","72394787"
"chr5","181058447","181058742","chr5","51327979","51328276","32","129730468"
"chr5","181213409","181213716","chr14","104583689","104583989","36","76629720"
"chr5","181216832","181217140","chr6","176790550","176790858","29","4426282"
"chr5","181275209","181275513","chr8","92569445","92569743","37","88705764"
"chr5","181298845","181299154","chr19","15978488","15978799","28","165320357"
"chr5","181354060","181354364","chr1","216542963","216543268","38","35188903"
"chr5","181520974","181521282","chr19","10607277","10607584","33","170913697"
"chr5","181531579","181531886","chr7","50204223","50204530","33","131327356"
"chr5","181560946","181561109","chr18","58753718","58753894","30","122807228"
"chr5","181567435","181567690","chr5","133076217","133076473","37","48491218"
"chr5","181568601","181568867","chr4","156313869","156314146","46","25254732"
"chr5","181613370","181613679","chr1","54184910","54185214","45","127428460"
"chr5","181686809","181687112","chr6","179229553","179229858","30","2457256"
"chr5","181691541","181691835","chr2","5763005","5763294","38","175928536"
"chr5","181694558","181694753","chr12","67307362","67307555","34","114387196"
"chr5","181695386","181695675","chr7","20153970","20154259","32","161541416"
"chr5","181783212","181783501","chr1","9185013","9185302","38","172598199"
"chr5","182326632","182326942","chrX","872740","873049","26","181453892"
"chr5","182402050","182402329","chr16","46539596","46539876","30","135862454"
"chr5","182407460","182407762","chr6","132127364","132127664","34","50280096"
"chr5","182413311","182413590","chr7","133936936","133937214","28","48476375"
"chr6","31981471","31981632","chr16","44706725","44706885","29","12725254"
"chr6","401739","401932","chr6","56406190","56406389","37","56004451"
"chr6","412980","413268","chr4","313220","313508","32","99760"
"chr6","656886","657190","chrX","130126302","130126612","35","129469416"
"chr6","847749","848027","chr2","21321648","21321927","34","20473899"
"chr6","874391","874656","chr7","67874983","67875246","29","67000592"
"chr6","1043214","1043517","chr6","177249478","177249776","37","176206264"
"chr6","1102098","1102229","chr5","34470826","34470968","39","33368728"
"chr6","1102639","1102941","chr14","118913053","118913356","24","117810414"
"chr6","1102942","1103076","chr1","110065944","110066077","15","108963002"
"chr6","1170440","1170741","chr4","1085328","1085629","33","85112"
"chr6","1216807","1217101","chr11","108584077","108584374","33","107367270"
"chr6","1372400","1372724","chr10","72588724","72589047","38","71216324"
"chr6","1495575","1495884","chr4","1411271","1411581","32","84304"
"chr6","1502567","1502776","chr6","63630625","63630830","34","62128058"
"chr6","1507456","1507660","chr6","63630625","63630830","29","62123169"
"chr6","1971239","1971543","chr20","36971718","36972021","35","35000479"
"chr6","1978467","1978766","chr3","74896182","74896480","32","72917715"
"chr6","2145244","2145535","chr3","26174329","26174623","32","24029085"
"chr6","2446742","2447036","chr4","54062553","54062848","34","51615811"
"chr6","2459561","2459870","chr4","2399790","2400092","34","59771"
"chr6","2725437","2725595","chr7","88306228","88306392","29","85580791"
"chr6","2810560","2810857","chr1","223055476","223055770","34","220244916"
"chr6","2926317","2926614","chr9","2711445","2711745","36","214872"
"chr6","3109727","3110038","chr5","752886","753201","32","2356841"
"chr6","3129116","3129416","chr4","3038995","3039291","34","90121"
"chr6","3142653","3142947","chr5","151438308","151438599","36","148295655"
"chr6","3206560","3206867","chr16","3245842","3246150","23","39282"
"chr6","3362558","3362868","chr4","3271842","3272149","28","90716"
"chr6","3469478","3469758","chr2","53222168","53222446","26","49752690"
"chr6","3470588","3470884","chr3","175664911","175665204","28","172194323"
"chr6","3649164","3649472","chr7","52277962","52278267","33","48628798"
"chr6","3802911","3803201","chr4","14767025","14767311","28","10964114"
"chr6","3843089","3843397","chr4","3790372","3790677","34","52717"
"chr6","3867491","3867804","chr4","3819734","3820047","36","47757"
"chr6","3879683","3879972","chr2","12875995","12876284","29","8996312"
"chr6","3908754","3909047","chr4","54062553","54062848","23","50153799"
"chr6","3966204","3966498","chr5","40344267","40344565","35","36378063"
"chr6","4153010","4153310","chr3","95674476","95674775","36","91521466"
"chr6","4356086","4356273","chr16","41943604","41943785","29","37587518"
"chr6","4437010","4437321","chr4","4394773","4395088","32","42237"
"chr6","4659749","4659963","chr4","4618631","4618854","25","41118"
"chr6","5264849","5265147","chr4","5309339","5309635","26","44490"
"chr6","5304325","5304633","chr16","628664","628975","34","4675661"
"chr6","5435422","5435718","chr1","22411003","22411299","31","16975581"
"chr6","5479529","5479819","chr1","22233954","22234245","32","16754425"
"chr6","5604406","5604688","chr4","5658182","5658461","26","53776"
"chr6","5826343","5826620","chr15","44422532","44422812","38","38596189"
"chr6","5916114","5916424","chr6","176790550","176790858","32","170874436"
"chr6","5991271","5991573","chrX","18239815","18240110","34","12248544"
"chr6","6012577","6012859","chr5","180793215","180793500","35","174780638"
"chr6","6107973","6108237","chr2","201095571","201095854","57","194987598"
"chr6","6606231","6606466","chr12","16152691","16152920","34","9546460"
"chr6","6774592","6774893","chr5","158975124","158975425","34","152200532"
"chr6","6847290","6847585","chr11","108584077","108584374","23","101736787"
"chr6","6875270","6875484","chr7","99437766","99437994","39","92562496"
"chr6","6877568","6877856","chr2","34779585","34779864","42","27902017"
"chr6","6997984","6998279","chr4","170001134","170001432","28","163003150"
"chr6","7040991","7041293","chr6","173896362","173896661","43","166855371"
"chr6","7042614","7042922","chr13","10819543","10819845","35","3776929"
"chr6","7096559","7096746","chr10","17123065","17123263","36","10026506"
"chr6","7103934","7104239","chr15","15837347","15837647","35","8733413"
"chr6","7120140","7120418","chr4","7137348","7137610","43","17208"
"chr6","7137724","7137989","chr7","67586009","67586278","38","60448285"
"chr6","7146664","7146958","chr17","81322280","81322575","33","74175616"
"chr6","7150694","7150967","chr1","22650900","22651170","43","15500206"
"chr6","7331294","7331472","chr7","41852412","41852589","26","34521118"
"chr6","7433585","7433889","chr2","201692382","201692687","34","194258797"
"chr6","7440750","7440901","chr19","10635260","10635411","28","3194510"
"chr6","7696852","7697156","chr7","113241613","113241916","36","105544761"
"chr6","7834042","7834189","chr16","44706725","44706885","35","36872683"
"chr6","8058046","8058343","chr8","131215418","131215712","29","123157372"
"chr6","8099663","8099969","chrX","44881760","44882069","37","36782097"
"chr6","8189993","8190197","chr4","8224542","8224754","26","34549"
"chr6","8285894","8286173","chr4","8322019","8322309","39","36125"
"chr6","8611821","8612118","chr8","65531215","65531499","43","56919394"
"chr6","8865200","8865502","chr17","30633052","30633358","38","21767852"
"chr6","8935306","8935607","chr2","84585817","84586114","34","75650511"
"chr6","8937280","8937573","chr4","9013005","9013299","29","75725"
"chr6","9026753","9027018","chr13","26484281","26484547","49","17457528"
"chr6","9027729","9027994","chr13","26484281","26484547","49","17456552"
"chr6","9154668","9154963","chr1","34922657","34922952","33","25767989"
"chr6","9673755","9674032","chr4","9769150","9769430","39","95395"
"chr6","10036832","10037127","chr3","77744436","77744731","34","67707604"
"chr6","10210100","10210396","chr14","67296885","67297179","29","57086785"
"chr6","10224205","10224369","chr12","44446416","44446578","22","34222211"
"chr6","10718310","10718603","chr15","87598388","87598685","30","76880078"
"chr6","10785462","10785770","chr4","10887568","10887876","33","102106"
"chr6","10815174","10815352","chr15","10405383","10405560","30","409791"
"chr6","10822493","10822780","chr10","35385148","35385439","35","24562655"
"chr6","10823670","10823911","chr16","48875383","48875620","33","38051713"
"chr6","10872936","10873239","chr14","118913053","118913356","28","108040117"
"chr6","10907744","10908010","chr8","93508964","93509230","31","82601220"
"chr6","10966606","10966905","chr4","11076538","11076835","14","109932"
"chr6","10991742","10991944","chr4","11102991","11103196","29","111249"
"chr6","11026462","11026755","chr6","161150005","161150298","37","150123543"
"chr6","11058722","11059030","chr13","39352330","39352639","33","28293608"
"chr6","11185825","11186135","chr4","11293994","11294291","31","108169"
"chr6","11501956","11502270","chr16","48006420","48006729","47","36504464"
"chr6","11557248","11557550","chr15","28092029","28092327","29","16534781"
"chr6","11992891","11993167","chr4","12125156","12125432","23","132265"
"chr6","12090585","12090897","chr8","105120121","105120431","31","93029536"
"chr6","12136575","12136880","chr4","69409816","69410121","42","57273241"
"chr6","12313682","12313991","chr4","5357211","5357521","29","6956471"
"chr6","12548861","12549163","chr4","108327631","108327935","41","95778770"
"chr6","12596286","12596592","chr4","5357211","5357521","34","7239075"
"chr6","12796349","12796651","chr1","40398360","40398659","29","27602011"
"chr6","12916103","12916412","chr2","145072468","145072772","42","132156365"
"chr6","13186018","13186309","chr4","13320530","13320823","37","134512"
"chr6","13260322","13260615","chr7","96348171","96348464","37","83087849"
"chr6","13420835","13421146","chr10","23034061","23034367","34","9613226"
"chr6","13459133","13459439","chr8","65019239","65019549","35","51560106"
"chr6","13505921","13506227","chr3","169805566","169805870","37","156299645"
"chr6","13856218","13856503","chr12","33350400","33350684","35","19494182"
"chr6","13860787","13860950","chr12","44446416","44446578","21","30585629"
"chr6","13869379","13869704","chr2","102869960","102870273","43","89000581"
"chr6","14112062","14112366","chr2","89151991","89152296","32","75039929"
"chr6","14632780","14633048","chr4","14760499","14760778","31","127719"
"chr6","14639051","14639344","chr14","65706342","65706637","30","51067291"
"chr6","14656297","14656590","chr3","1742809","1743103","46","12913488"
"chr6","14784101","14784399","chr4","88700124","88700424","28","73916023"
"chr6","14943089","14943388","chr15","108517918","108518223","51","93574829"
"chr6","14945257","14945530","chr1","204307037","204307312","35","189361780"
"chr6","14994659","14994965","chr3","81656161","81656467","35","66661502"
"chr6","15093624","15093932","chr15","42512235","42512545","30","27418611"
"chr6","15107531","15107834","chr2","40523887","40524189","43","25416356"
"chr6","15337099","15337266","chr4","49540998","49541166","21","34203899"
"chr6","15364864","15365155","chr10","1150897","1151186","37","14213967"
"chr6","15373223","15373524","chr1","54184910","54185214","35","38811687"
"chr6","15393657","15393952","chr4","15518848","15519143","32","125191"
"chr6","15396009","15396310","chr5","39893678","39893967","45","24497669"
"chr6","15456304","15456592","chr1","220479140","220479419","36","205022836"
"chr6","15469034","15469329","chr2","57288005","57288297","37","41818971"
"chr6","15557274","15557523","chr4","58582415","58582670","50","43025141"
"chr6","15864097","15864397","chr3","42228936","42229238","38","26364839"
"chr6","16310536","16310809","chr4","16445570","16445839","37","135034"
"chr6","16500587","16500860","chr4","16666387","16666645","35","165800"
"chr6","16510132","16510416","chr4","137261768","137262054","31","120751636"
"chr6","16526219","16526499","chr7","106254141","106254424","35","89727922"
"chr6","16625503","16625780","chr3","84553580","84553858","33","67928077"
"chr6","16638421","16638730","chrX","130126302","130126612","35","113487881"
"chr6","16738894","16739176","chr4","105530942","105531223","33","88792048"
"chr6","16778908","16779209","chr4","88700124","88700424","26","71921216"
"chr6","16814381","16814694","chr14","118913053","118913356","43","102098672"
"chr6","17040435","17040734","chrX","47295423","47295720","26","30254988"
"chr6","17173560","17173839","chr8","132168596","132168882","39","114995036"
"chr6","17387006","17387307","chr7","61336293","61336589","40","43949287"
"chr6","17473213","17473508","chr6","77560586","77560868","48","60087373"
"chr6","17479171","17479485","chr19","15978488","15978799","30","1500683"
"chr6","17482098","17482275","chr8","135845405","135845573","32","118363307"
"chr6","17525169","17525462","chrX","23155568","23155864","37","5630399"
"chr6","17536836","17537148","chr7","77139304","77139610","42","59602468"
"chr6","17547105","17547396","chr5","117401080","117401372","27","99853975"
"chr6","17577270","17577556","chr13","97520871","97521154","31","79943601"
"chr6","17599643","17599939","chr11","108584077","108584374","32","90984434"
"chr6","17603372","17603457","chr11","127837568","127837636","25","110234196"
"chr6","17656698","17657006","chr4","108327631","108327935","35","90670933"
"chr6","17733356","17733665","chr4","17958725","17959034","28","225369"
"chr6","17738626","17738931","chr1","160978135","160978440","31","143239509"
"chr6","17749198","17749492","chr4","17976318","17976612","23","227120"
"chr6","17753477","17753773","chr10","72871842","72872141","44","55118365"
"chr6","17789949","17790002","chr14","18724456","18724513","16","934507"
"chr6","17802495","17802740","chr6","130248478","130248718","34","112445983"
"chr6","17807598","17807893","chr1","42018653","42018950","28","24211055"
"chr6","17852894","17853201","chr4","18076460","18076761","37","223566"
"chr6","17859926","17860238","chr4","18083575","18083885","33","223649"
"chr6","17868080","17868384","chr3","17986252","17986550","45","118172"
"chr6","17905395","17905661","chr4","18133060","18133339","30","227665"
"chr6","18078358","18078662","chr2","200778640","200778944","32","182700282"
"chr6","18208774","18209060","chr5","58397058","58397345","32","40188284"
"chr6","18312214","18312421","chr4","11102991","11103196","28","7209223"
"chr6","18332664","18332845","chr7","41852412","41852589","30","23519748"
"chr6","18372282","18372457","chr4","38157909","38158081","28","19785627"
"chr6","18467052","18467342","chr3","166840746","166841039","39","148373694"
"chr6","18488684","18488976","chr1","34922657","34922952","38","16433973"
"chr6","18490142","18490436","chr16","4237255","4237548","28","14252887"
"chr6","18502626","18502918","chr4","18720630","18720934","26","218004"
"chr6","18732848","18733145","chr4","18955510","18955805","32","222662"
"chr6","19445808","19446139","chr3","178644241","178644572","47","159198433"
"chr6","19827042","19827338","chr13","94954144","94954445","32","75127102"
"chr6","20002045","20002352","chr3","24924052","24924352","38","4922007"
"chr6","20152557","20152852","chr6","148347411","148347707","37","128194854"
"chr6","20204752","20205052","chr1","54184910","54185214","29","33980158"
"chr6","20277541","20277843","chr9","69304889","69305190","30","49027348"
"chr6","20338281","20338588","chr4","127363604","127363914","35","107025323"
"chr6","20357774","20357915","chr3","33493296","33493438","18","13135522"
"chr6","20533363","20533663","chr3","161882610","161882912","36","141349247"
"chr6","20546607","20546916","chrX","872740","873049","26","19673867"
"chr6","20704151","20704459","chr4","20879364","20879666","33","175213"
"chr6","20721988","20722281","chrX","82518065","82518358","28","61796077"
"chr6","20725872","20726165","chr3","72384007","72384304","36","51658135"
"chr6","21120105","21120275","chr1","35561294","35561462","44","14441189"
"chr6","21132899","21133191","chr4","21309683","21309973","20","176784"
"chr6","21560794","21561078","chr4","54062553","54062848","39","32501759"
"chr6","21595244","21595539","chr7","74256869","74257176","38","52661625"
"chr6","21613229","21613526","chr1","38218968","38219269","31","16605739"
"chr6","21660618","21660925","chr10","54460554","54460858","35","32799936"
"chr6","21669626","21669892","chr12","107206425","107206688","31","85536799"
"chr6","21751033","21751341","chr4","21917325","21917640","22","166292"
"chr6","21769371","21769546","chr6","179993246","179993418","23","158223875"
"chr6","21785433","21785739","chr4","21994997","21995305","28","209564"
"chr6","21842442","21842615","chr20","27267477","27267649","25","5425035"
"chr6","21884445","21884744","chr13","92512308","92512602","35","70627863"
"chr6","21890594","21890902","chrX","52884540","52884848","23","30993946"
"chr6","21895183","21895361","chr5","740668","740849","29","21154515"
"chr6","21918443","21918737","chr4","22120527","22120820","26","202084"
"chr6","21952093","21952392","chr4","22155405","22155704","33","203312"
"chr6","22029893","22030200","chr5","158975124","158975425","43","136945231"
"chr6","22074944","22075244","chr15","85283447","85283745","35","63208503"
"chr6","22128168","22128472","chr15","27005993","27006289","41","4877825"
"chr6","22261702","22261999","chr15","15837347","15837647","35","6424355"
"chr6","22765938","22766256","chrX","53464436","53464745","42","30698498"
"chr6","23635011","23635341","chr4","23901922","23902245","50","266911"
"chr6","23818924","23819211","chr5","147526333","147526620","33","123707409"
"chr6","24168525","24168807","chr13","97520871","97521154","35","73352346"
"chr6","24195954","24196113","chr3","76215454","76215617","23","52019500"
"chr6","24682784","24683082","chr7","166020953","166021249","29","141338169"
"chr6","24751256","24751556","chr2","171332003","171332296","52","146580747"
"chr6","24901254","24901582","chr3","13648107","13648424","40","11253147"
"chr6","24927258","24927558","chr15","104401844","104402147","34","79474586"
"chr6","25010545","25010835","chr6","149085969","149086260","32","124075424"
"chr6","25051404","25051582","chr3","127934070","127934247","20","102882666"
"chr6","25273525","25273841","chr4","25616303","25616616","40","342778"
"chr6","25357749","25358029","chr2","21321648","21321927","50","4036101"
"chr6","25504939","25505191","chr5","173801525","173801782","22","148296586"
"chr6","25716937","25717125","chr17","39176135","39176331","31","13459198"
"chr6","25736807","25737100","chr4","26059062","26059361","33","322255"
"chr6","25869406","25869700","chr3","161716772","161717066","28","135847366"
"chr6","25918673","25918979","chr3","54644532","54644842","38","28725859"
"chr6","25971493","25971798","chr4","26297129","26297426","25","325636"
"chr6","26189305","26189597","chr4","26508637","26508932","23","319332"
"chr6","26305472","26305768","chr11","108584077","108584374","33","82278605"
"chr6","26436603","26436897","chr4","26756071","26756361","25","319468"
"chr6","26441992","26442152","chr7","14406016","14406163","51","12035976"
"chr6","26479231","26479520","chr6","169586934","169587216","45","143107703"
"chr6","26531833","26532127","chr10","38772882","38773178","27","12241049"
"chr6","26602021","26602324","chr2","78194236","78194537","35","51592215"
"chr6","26721591","26721883","chr2","12493845","12494141","38","14227746"
"chr6","27092624","27092920","chr7","61781005","61781304","34","34688381"
"chr6","27134287","27134588","chr2","3415558","3415860","34","23718729"
"chr6","27199844","27200000","chr7","129362850","129363013","33","102163006"
"chr6","27352087","27352266","chr19","53087200","53087382","27","25735113"
"chr6","27380778","27381069","chr7","19039688","19039974","34","8341090"
"chr6","27410477","27410656","chrX","59842814","59842986","29","32432337"
"chr6","27415875","27416158","chr4","137261768","137262054","34","109845893"
"chr6","27427027","27427280","chr3","4180033","4180284","35","23246994"
"chr6","27446280","27446575","chr13","33324424","33324717","40","5878144"
"chr6","27457812","27458117","chr5","168362255","168362560","43","140904443"
"chr6","27611545","27611846","chr15","104401844","104402147","34","76790299"
"chr6","27750193","27750376","chr3","37719671","37719846","35","9969478"
"chr6","27750976","27751052","chr5","171335331","171335400","30","143584355"
"chr6","27811435","27811742","chr6","174747937","174748244","31","146936502"
"chr6","27881004","27881176","chr1","9087561","9087734","30","18793443"
"chr6","27896282","27896576","chr1","113564712","113565007","27","85668430"
"chr6","27935181","27935420","chr3","105853573","105853804","41","77918392"
"chr6","27945211","27945511","chr11","108584077","108584374","28","80638866"
"chr6","27978849","27979159","chr6","108528235","108528546","32","80549386"
"chr6","27984318","27984518","chrX","147147954","147148141","40","119163636"
"chr6","28061479","28061738","chr8","29256394","29256650","37","1194915"
"chr6","28141164","28141423","chr20","68769503","68769770","40","40628339"
"chr6","28146244","28146543","chr6","155329774","155330069","31","127183530"
"chr6","28246232","28246537","chrX","872740","873049","27","27373492"
"chr6","28318353","28318677","chr4","28401532","28401838","47","83179"
"chr6","28518399","28518587","chr19","12959091","12959278","34","15559308"
"chr6","28624144","28624435","chr1","193841931","193842220","30","165217787"
"chr6","28746180","28746481","chr1","54184910","54185214","41","25438730"
"chr6","28748285","28748428","chr3","33493296","33493438","33","4745011"
"chr6","28795564","28795873","chr1","37134164","37134472","27","8338600"
"chr6","28827364","28827662","chr3","131195624","131195925","42","102368260"
"chr6","28876747","28877054","chr13","39352330","39352639","38","10475583"
"chr6","28896950","28897235","chrX","117589965","117590253","30","88693015"
"chr6","28931082","28931387","chrX","49226498","49226807","34","20295416"
"chr6","28937451","28937552","chr14","113311902","113312011","27","84374451"
"chr6","28986760","28987059","chr4","29142095","29142388","35","155335"
"chr6","29006746","29007067","chr20","8659416","8659737","48","20347330"
"chr6","29015171","29015481","chr2","42661896","42662205","44","13646725"
"chr6","29043013","29043338","chrX","97226897","97227218","46","68183884"
"chr6","29102242","29102499","chr2","50372725","50372997","40","21270483"
"chr6","29144901","29145201","chr5","49455194","49455496","38","20310293"
"chr6","29381579","29381858","chr9","92751423","92751701","26","63369844"
"chr6","29431886","29432053","chr18","12359809","12359972","24","17072077"
"chr6","29556523","29556729","chr4","29815318","29815524","20","258795"
"chr6","29847634","29847940","chr19","13855261","13855560","32","15992373"
"chr6","29903680","29903988","chr4","30110599","30110909","32","206919"
"chr6","29909972","29910290","chr4","30117705","30118010","44","207733"
"chr6","30096053","30096348","chr4","30393831","30394123","37","297778"
"chr6","30579397","30579702","chr4","30910857","30911163","28","331460"
"chr6","30598453","30598755","chr4","30929435","30929736","19","330982"
"chr6","30603264","30603553","chr16","31041847","31042133","31","438583"
"chr6","30614581","30614892","chr4","30943445","30943757","32","328864"
"chr6","30885949","30886260","chr8","105120121","105120431","30","74234172"
"chr6","30927180","30927475","chr2","92858253","92858550","34","61931073"
"chr6","30934158","30934461","chr13","31472571","31472878","28","538413"
"chr6","30953678","30953973","chr11","15282559","15282855","27","15671119"
"chr6","31045709","31046016","chr1","161778118","161778429","31","130732409"
"chr6","31057194","31057360","chr7","88306228","88306392","42","57249034"
"chr6","31081864","31082161","chr2","27813797","27814098","30","3268067"
"chr6","31103535","31103727","chr6","136487607","136487800","44","105384072"
"chr6","31218676","31218811","chr4","49541450","49541582","15","18322774"
"chr6","31219097","31219176","chr12","6325930","6326003","35","24893167"
"chr6","31269101","31269457","chr4","31611903","31612256","32","342802"
"chr6","31295831","31296133","chr4","31638346","31638655","21","342515"
"chr6","31453108","31453412","chr2","47824467","47824767","34","16371359"
"chr6","31536630","31536929","chr4","31870521","31870828","30","333891"
"chr6","31547157","31547468","chrX","52884540","52884848","39","21337383"
"chr6","31580171","31580404","chr20","22298259","22298489","33","9281912"
"chr6","31671583","31671884","chr1","85807051","85807354","36","54135468"
"chr6","31831126","31831320","chr14","11857658","11857836","36","19973468"
"chr6","31831445","31831560","chr7","88306418","88306535","14","56474973"
"chr6","31848308","31848620","chr3","47683329","47683644","43","15835021"
"chr6","31874256","31874560","chr4","32454892","32455198","26","580636"
"chr6","31885027","31885330","chr12","119761952","119762260","39","87876925"
"chr6","31890235","31890545","chr20","28154048","28154358","28","3736187"
"chr6","31995036","31995328","chr1","22411003","22411299","29","9584033"
"chr6","32113487","32113729","chr4","32701603","32701849","33","588116"
"chr6","32118817","32119123","chr3","178434179","178434478","44","146315362"
"chr6","32156054","32156238","chr9","62270006","62270180","32","30113952"
"chr6","32243944","32244253","chr1","37134164","37134472","35","4890220"
"chr6","32317229","32317539","chrX","130126302","130126612","34","97809073"
"chr6","32426977","32427288","chr1","25380611","25380914","39","7046366"
"chr6","32497521","32497819","chr4","33072983","33073276","37","575462"
"chr6","32536043","32536335","chr2","63419289","63419578","29","30883246"
"chr6","32536377","32536505","chr11","34301448","34301581","24","1765071"
"chr6","32764314","32764619","chr6","174905209","174905512","46","142140895"
"chr6","32783147","32783437","chr14","114063360","114063651","39","81280213"
"chr6","32844371","32844665","chr14","114063360","114063651","42","81218989"
"chr6","32869340","32869629","chr10","36866778","36867077","39","3997438"
"chr6","32918560","32918836","chr5","85683618","85683895","32","52765058"
"chr6","32952646","32952941","chr8","41718631","41718927","38","8765985"
"chr6","33002442","33002767","chrX","135271129","135271456","40","102268687"
"chr6","33123957","33124129","chr2","93138382","93138554","25","60014425"
"chr6","33127458","33127762","chrX","130126302","130126612","39","96998844"
"chr6","33281095","33281393","chr14","67296885","67297179","43","34015790"
"chr6","33372118","33372425","chr1","216542963","216543268","35","183170845"
"chr6","33375177","33375491","chr4","33789360","33789671","45","414183"
"chr6","33577347","33577647","chr1","221532692","221532994","31","187955345"
"chr6","33747411","33747714","chr4","34168561","34168869","24","421150"
"chr6","33778888","33779178","chr3","161716772","161717066","27","127937884"
"chr6","33805626","33805801","chrX","59842814","59842986","34","26037188"
"chr6","33806826","33807106","chr10","30167968","30168252","35","3638858"
"chr6","33820649","33820939","chr10","35385148","35385439","29","1564499"
"chr6","33828015","33828320","chr4","88700124","88700424","32","54872109"
"chr6","33884647","33884951","chr4","34313371","34313675","32","428724"
"chr6","33913901","33914235","chr11","94570382","94570710","41","60656481"
"chr6","33922063","33922205","chr7","3648725","3648875","35","30273338"
"chr6","33955385","33955675","chr7","61608289","61608587","30","27652904"
"chr6","34003573","34003865","chr5","50970168","50970461","36","16966595"
"chr6","34260851","34261063","chr10","38146263","38146468","32","3885412"
"chr6","34614335","34614635","chr3","161716772","161717066","31","127102437"
"chr6","34617244","34617566","chr8","137306354","137306676","40","102689110"
"chr6","34678577","34678887","chr4","35112757","35113066","31","434180"
"chr6","34681905","34682199","chr10","73354021","73354316","30","38672116"
"chr6","34693315","34693384","chr15","21587442","21587502","24","13105873"
"chr6","34722417","34722713","chr9","115259231","115259523","30","80536814"
"chr6","34784223","34784530","chr20","28154048","28154358","30","6630175"
"chr6","34878147","34878452","chr4","35324195","35324504","31","446048"
"chr6","34929850","34930160","chr12","98050892","98051201","36","63121042"
"chr6","35165981","35166289","chr4","127363604","127363914","33","92197623"
"chr6","35209602","35209905","chr6","132127364","132127664","27","96917762"
"chr6","35232813","35233116","chr20","18193233","18193536","24","17039580"
"chr6","35300551","35300857","chr16","3245842","3246150","30","32054709"
"chr6","35301007","35301310","chr6","132127364","132127664","34","96826357"
"chr6","35344157","35344479","chr20","41615482","41615793","46","6271325"
"chr6","35364123","35364421","chr3","81660981","81661284","34","46296858"
"chr6","35535610","35535776","chr1","129407736","129407901","24","93872126"
"chr6","35549469","35549770","chr4","36013646","36013942","32","464177"
"chr6","35599513","35599824","chr4","36064448","36064752","30","464935"
"chr6","35700378","35700663","chr13","107738803","107739094","39","72038425"
"chr6","35775560","35775795","chr4","36240858","36241092","16","465298"
"chr6","35807197","35807501","chr1","54184910","54185214","24","18377713"
"chr6","35918206","35918509","chr4","36383530","36383845","32","465324"
"chr6","36081522","36081815","chr4","54062553","54062848","30","17981031"
"chr6","36116328","36116621","chrX","85895381","85895675","39","49779053"
"chr6","36150448","36150627","chr10","30764618","30764791","29","5385830"
"chr6","36174212","36174522","chr4","36639516","36639826","29","465304"
"chr6","36272780","36273074","chr2","5763005","5763294","31","30509775"
"chr6","36275588","36275869","chr10","47062565","47062846","57","10786977"
"chr6","36317369","36317677","chr4","36793071","36793380","34","475702"
"chr6","36368166","36368464","chr7","61608289","61608587","28","25240123"
"chr6","36375635","36375934","chr4","36852599","36852900","24","476964"
"chr6","36402736","36403020","chr4","17893190","17893477","37","18509546"
"chr6","36558992","36559301","chr17","25517924","25518232","32","11041068"
"chr6","36570279","36570580","chr6","178858371","178858680","61","142288092"
"chr6","36808720","36809014","chr1","130574287","130574581","29","93765567"
"chr6","36838164","36838459","chr7","157656549","157656844","32","120818385"
"chr6","36867433","36867651","chr19","6719241","6719460","35","30148192"
"chr6","36890484","36890753","chr4","37354421","37354709","41","463937"
"chr6","36962756","36963062","chr11","127450686","127450991","26","90487930"
"chr6","37013024","37013182","chr19","2058486","2058651","32","34954538"
"chr6","37024940","37025250","chrX","872740","873049","39","36152200"
"chr6","37027927","37028219","chr13","9550833","9551123","34","27477094"
"chr6","37028809","37029106","chr19","6185928","6186226","40","30842881"
"chr6","37062585","37062877","chr14","66326782","66327072","29","29264197"
"chr6","37097990","37098286","chr18","66895567","66895862","30","29797577"
"chr6","37525911","37526213","chr12","121351661","121351954","32","83825750"
"chr6","37585195","37585500","chr5","63881702","63882011","38","26296507"
"chr6","37608085","37608400","chr4","5955341","5955651","43","31652744"
"chr6","37649302","37649594","chr3","48912719","48913013","35","11263417"
"chr6","37664131","37664423","chr7","49247024","49247315","32","11582893"
"chr6","37785939","37786232","chr1","27415045","27415339","26","10370894"
"chr6","37819704","37820005","chr4","38275116","38275417","29","455412"
"chr6","37823096","37823401","chr1","7768760","7769067","36","30054336"
"chr6","37834563","37834862","chr5","9914105","9914403","27","27920458"
"chr6","37880428","37880615","chrX","147147954","147148141","33","109267526"
"chr6","38021893","38022200","chrX","52884540","52884848","29","14862647"
"chr6","38095376","38095690","chr19","4336492","4336799","42","33758884"
"chr6","38194740","38195035","chr7","9899162","9899466","36","28295578"
"chr6","38235504","38235815","chr12","19620918","19621225","36","18614586"
"chr6","38316148","38316448","chr1","38218968","38219269","31","97180"
"chr6","38345324","38345624","chr11","108584077","108584374","27","70238753"
"chr6","38352951","38353246","chr2","100586330","100586626","28","62233379"
"chr6","38423581","38423874","chr7","1749091","1749386","27","36674490"
"chr6","38458607","38458913","chr1","213809593","213809893","44","175350986"
"chr6","38605843","38606137","chrX","82518065","82518358","30","43912222"
"chr6","38726318","38726623","chr7","26662562","26662859","36","12063756"
"chr6","38907527","38907832","chr4","3752022","3752324","28","35155505"
"chr6","38921387","38921704","chr4","5955341","5955651","38","32966046"
"chr6","38987398","38987699","chr1","54184910","54185214","29","15197512"
"chr6","39058201","39058483","chr13","97520871","97521154","32","58462670"
"chr6","39066735","39067045","chr4","5357211","5357521","31","33709524"
"chr6","39203862","39204142","chr4","169448255","169448538","37","130244393"
"chr6","39404846","39405167","chrX","97226897","97227218","43","57822051"
"chr6","39609775","39610085","chrX","872740","873049","34","38737035"
"chr6","39714966","39715230","chr5","107833809","107834078","34","68118843"
"chr6","39972858","39973152","chr8","115461075","115461370","27","75488217"
"chr6","40116759","40117055","chr4","40527631","40527931","34","410872"
"chr6","40171000","40171212","chr1","212828457","212828675","23","172657457"
"chr6","40217092","40217403","chr4","40628812","40629121","31","411720"
"chr6","40345347","40345642","chr2","83597002","83597303","35","43251655"
"chr6","40769508","40769804","chr18","66895567","66895862","38","26126059"
"chr6","40851663","40851954","chr1","51851044","51851331","41","10999381"
"chr6","41386494","41386790","chrX","1027768","1028060","34","40358726"
"chr6","41481333","41481626","chr16","69545727","69546021","33","28064394"
"chr6","41498753","41499037","chr2","173088862","173089152","41","131590109"
"chr6","41690173","41690480","chr4","127363604","127363914","34","85673431"
"chr6","41762416","41762720","chr13","72779565","72779870","31","31017149"
"chr6","41764839","41765143","chr3","64175701","64176007","32","22410862"
"chr6","42018081","42018380","chr6","173896362","173896661","29","131878281"
"chr6","42454875","42455182","chr1","38299622","38299931","31","4155253"
"chr6","42591248","42591553","chr3","181513518","181513820","33","138922270"
"chr6","42650213","42650515","chr1","38218968","38219269","35","4431245"
"chr6","42717069","42717298","chr7","109821049","109821282","26","67103980"
"chr6","42735414","42735594","chr1","35561294","35561462","59","7174120"
"chr6","42771049","42771349","chr1","61388678","61388976","34","18617629"
"chr6","42807057","42807355","chr4","57579246","57579545","43","14772189"
"chr6","42854439","42854694","chr2","107000844","107001103","31","64146405"
"chr6","42974470","42974638","chr1","30858562","30858733","32","12115908"
"chr6","43198380","43198587","chr13","81318413","81318616","46","38120033"
"chr6","43308609","43308913","chr11","98789209","98789510","37","55480600"
"chr6","43406697","43406993","chr4","170001134","170001432","34","126594437"
"chr6","43482131","43482427","chr1","211674361","211674655","31","168192230"
"chr6","43517112","43517393","chr7","10757695","10757986","40","32759417"
"chr6","43525711","43525963","chr4","35600436","35600683","39","7925275"
"chr6","43559004","43559118","chr10","89819103","89819209","33","46260099"
"chr6","43571024","43571249","chrX","58920496","58920716","41","15349472"
"chr6","43586909","43587187","chr4","43988987","43989260","33","402078"
"chr6","43647709","43648059","chr15","8568092","8568472","84","35079617"
"chr6","43653993","43654294","chrX","53714392","53714701","28","10060399"
"chr6","43765866","43766164","chr2","12493845","12494141","33","31272021"
"chr6","43821194","43821503","chr1","37134164","37134472","32","6687030"
"chr6","43845628","43845938","chrX","85948167","85948472","31","42102539"
"chr6","43980215","43980515","chr19","30352310","30352610","26","13627905"
"chr6","44090528","44090829","chrX","18394346","18394650","39","25696182"
"chr6","44133892","44134181","chr14","55303254","55303549","32","11169362"
"chr6","44188906","44189202","chr10","87136170","87136463","28","42947264"
"chr6","44202518","44202822","chrX","49226498","49226807","35","5023980"
"chr6","44210331","44210621","chr9","115259231","115259523","31","71048900"
"chr6","44704240","44704548","chr13","39352330","39352639","33","5351910"
"chr6","44738607","44738783","chr6","67570862","67571028","40","22832255"
"chr6","44958726","44959017","chr4","45426232","45426524","25","467506"
"chr6","44990975","44991272","chr4","45458406","45458701","27","467431"
"chr6","45199541","45199841","chr3","181513518","181513820","32","136313977"
"chr6","45435082","45435380","chr9","2711445","2711745","31","42723637"
"chr6","45577416","45577723","chr4","46022341","46022638","33","444925"
"chr6","45621589","45621878","chr4","46065556","46065850","32","443967"
"chr6","45734595","45734869","chr1","204307037","204307312","36","158572442"
"chr6","45785278","45785573","chr19","11743943","11744241","27","34041335"
"chr6","45882889","45883169","chr11","114867132","114867417","31","68984243"
"chr6","46032287","46032583","chr4","46479316","46479607","25","447029"
"chr6","46046941","46047239","chrX","95082495","95082798","34","49035554"
"chr6","46275997","46276298","chr15","15837347","15837647","33","30438650"
"chr6","46372588","46372888","chr4","46847916","46848217","28","475328"
"chr6","47396964","47397237","chr3","156152685","156152965","50","108755721"
"chr6","47523732","47524020","chr4","47954758","47955036","33","431026"
"chr6","47554039","47554330","chrX","119489670","119489963","32","71935631"
"chr6","47582059","47582249","chr19","12959091","12959278","39","34622968"
"chr6","47594612","47594916","chr1","54184910","54185214","30","6590298"
"chr6","47680007","47680317","chr16","54764613","54764924","34","7084606"
"chr6","47780364","47780671","chr4","127363604","127363914","32","79583240"
"chr6","47985810","47986119","chr1","112098733","112099037","45","64112923"
"chr6","48151567","48151808","chr4","26193166","26193405","44","21958401"
"chr6","48362191","48362489","chr4","48771560","48771861","31","409369"
"chr6","48377167","48377464","chr4","48787557","48787858","36","410390"
"chr6","48421307","48421599","chr10","29765824","29766115","36","18655483"
"chr6","48572973","48573281","chr1","160466820","160467126","32","111893847"
"chr6","49063141","49063380","chr12","1645361","1645609","69","47417780"
"chr6","49269636","49269841","chr13","81318413","81318616","31","32048777"
"chr6","49299700","49299829","chr4","49693492","49693621","22","393792"
"chr6","49398755","49399030","chr1","204307037","204307312","28","154908282"
"chr6","49517178","49517481","chr7","127065845","127066144","35","77548667"
"chr6","49555416","49555711","chr7","114172011","114172307","32","64616595"
"chr6","49560502","49560687","chr1","134845532","134845706","32","85285030"
"chr6","50168190","50168507","chr19","30489378","30489693","46","19678812"
"chr6","50412597","50412903","chr4","6021240","6021544","43","44391357"
"chr6","51039575","51039867","chr7","86432327","86432615","33","35392752"
"chr6","51095451","51095726","chr7","32467053","32467329","56","18628398"
"chr6","51111771","51112067","chr6","136988737","136989027","49","85876966"
"chr6","51203529","51203825","chr4","88700124","88700424","32","37496595"
"chr6","51401650","51401943","chr1","128378875","128379172","49","76977225"
"chr6","51991018","51991259","chr14","56616221","56616461","39","4625203"
"chr6","52027327","52027493","chr7","129362850","129363013","31","77335523"
"chr6","52187019","52187308","chr2","159694664","159694955","34","107507645"
"chr6","52986966","52987208","chr4","58582415","58582670","47","5595449"
"chr6","53028408","53028711","chr14","57090416","57090720","33","4062008"
"chr6","53052902","53053210","chr13","90075848","90076160","26","37022946"
"chr6","53063974","53064252","chr5","92700996","92701277","41","39637022"
"chr6","53068600","53068902","chr3","44070862","44071165","37","8997738"
"chr6","53173720","53174025","chr1","85807051","85807354","33","32633331"
"chr6","53213093","53213294","chr16","26139167","26139373","40","27073926"
"chr6","53249465","53249764","chr4","53558030","53558322","31","308565"
"chr6","53868305","53868577","chr2","143894240","143894518","41","90025935"
"chr6","53971192","53971484","chr1","9659856","9660151","31","44311336"
"chr6","53973264","53973531","chr7","100527457","100527733","32","46554193"
"chr6","54406718","54407026","chr20","65776652","65776952","26","11369934"
"chr6","54478271","54478467","chr10","38389892","38390091","29","16088379"
"chr6","54497324","54497612","chr3","65703179","65703464","27","11205855"
"chr6","54572954","54573232","chr8","65531215","65531499","42","10958261"
"chr6","55020921","55021222","chr4","55315041","55315345","42","294120"
"chr6","55080478","55080786","chr9","90039092","90039400","43","34958614"
"chr6","55139698","55139961","chr10","14646483","14646756","48","40493215"
"chr6","55585895","55586175","chr13","97520871","97521154","27","41934976"
"chr6","56456563","56456875","chr2","100586330","100586626","46","44129767"
"chr6","56624708","56625040","chr1","33593340","33593668","46","23031368"
"chr6","56867933","56868241","chrX","130126302","130126612","26","73258369"
"chr6","56869697","56869982","chrX","117589965","117590253","26","60720268"
"chr6","57060539","57060836","chr3","74896182","74896480","39","17835643"
"chr6","57082984","57083273","chrX","47295423","47295720","37","9787561"
"chr6","57370289","57370583","chr4","57579246","57579545","30","208957"
"chr6","57476992","57477287","chr1","34922657","34922952","29","22554335"
"chr6","57516847","57517136","chr3","15583211","15583499","33","41933636"
"chr6","57761923","57762223","chr19","6185928","6186226","33","51575995"
"chr6","57781123","57781433","chr4","57982916","57983224","36","201793"
"chr6","57985458","57985770","chr4","58234436","58234748","18","248978"
"chr6","58025766","58026051","chr3","51638726","51639014","42","6387040"
"chr6","59110478","59110778","chr4","3752022","3752324","38","55358456"
"chr6","59148348","59148646","chr3","184218283","184218583","34","125069935"
"chr6","59302760","59303064","chr7","166020953","166021249","35","106718193"
"chr6","59593586","59593894","chr8","40652100","40652405","39","18941486"
"chr6","63875509","63875832","chr4","61851542","61851857","41","2023967"
"chr6","63906567","63906869","chr4","61882713","61883011","26","2023854"
"chr6","64256359","64256673","chrX","67274706","67275021","51","3018347"
"chr6","64981901","64982198","chr14","104583689","104583989","38","39601788"
"chr6","65095626","65095936","chr6","176790550","176790858","30","111694924"
"chr6","65504934","65505159","chr16","14612829","14613055","31","50892105"
"chr6","65635645","65635946","chr20","11987278","11987573","41","53648367"
"chr6","65846019","65846321","chr13","39352330","39352639","41","26493689"
"chr6","66132351","66132651","chr1","130574287","130574581","34","64441936"
"chr6","66193874","66194104","chr14","56616221","56616461","38","9577653"
"chr6","66455689","66456001","chr4","5357211","5357521","34","61098478"
"chr6","66465464","66465755","chr10","26329794","26330086","42","40135670"
"chr6","66610608","66610887","chr3","156152685","156152965","37","89542077"
"chr6","66982295","66982605","chr1","54184910","54185214","35","12797385"
"chr6","67273370","67273659","chr11","108584077","108584374","50","41310707"
"chr6","67450892","67451226","chr19","21243287","21243616","50","46207605"
"chr6","67484761","67485059","chr2","100586330","100586626","36","33101569"
"chr6","68189607","68189915","chr4","66010732","66011039","34","2178875"
"chr6","68738076","68738334","chr4","16445570","16445839","41","52292506"
"chr6","68856278","68856573","chr14","16503370","16503668","37","52352908"
"chr6","70220722","70221012","chr15","49321033","49321323","40","20899689"
"chr6","70645975","70646275","chr6","155329774","155330069","31","84683799"
"chr6","70827451","70827759","chr12","120815493","120815798","33","49988042"
"chr6","70932579","70932883","chr1","25380611","25380914","30","45551968"
"chr6","71123647","71123945","chr1","160978135","160978440","40","89854488"
"chr6","71422886","71423178","chr15","44416819","44417110","44","27006067"
"chr6","71437822","71438133","chr4","5357211","5357521","32","66080611"
"chr6","71652877","71653175","chr4","69409816","69410121","22","2243061"
"chr6","72016359","72016671","chrX","49226498","49226807","41","22789861"
"chr6","72089039","72089338","chr6","177249478","177249776","34","105160439"
"chr6","72116795","72117117","chr6","93898120","93898438","42","21781325"
"chr6","73043145","73043440","chr15","8087432","8087723","32","64955713"
"chr6","73628165","73628470","chr12","113988811","113989118","40","40360646"
"chr6","73629856","73630073","chr10","43636868","43637081","36","29992988"
"chr6","73666386","73666700","chr15","46282525","46282837","36","27383861"
"chr6","73715218","73715548","chr9","7385309","7385636","40","66329909"
"chr6","73718382","73718549","chr17","83346487","83346658","27","9628105"
"chr6","73753326","73753626","chr12","12899763","12900067","41","60853563"
"chr6","73756829","73757149","chr7","3814025","3814343","40","69942804"
"chr6","73786755","73787065","chr4","71501887","71502189","32","2284868"
"chr6","73807638","73807942","chr4","71519981","71520286","30","2287657"
"chr6","73816920","73817142","chr4","36240858","36241092","68","37576062"
"chr6","73832575","73832865","chr4","71549071","71549375","37","2283504"
"chr6","73833273","73833434","chr11","54926961","54927123","20","18906312"
"chr6","73842832","73843120","chr17","58476340","58476622","50","15366492"
"chr6","73844735","73845027","chr4","71566382","71566668","28","2278353"
"chr6","73927608","73927801","chr5","740668","740849","36","73186940"
"chr6","73961882","73962178","chrX","32876532","32876820","38","41085350"
"chr6","74007504","74007801","chr6","130682494","130682794","31","56674990"
"chr6","74197237","74197537","chr9","117378182","117378479","43","43180945"
"chr6","74275220","74275314","chr11","127837568","127837636","33","53562348"
"chr6","74383279","74383483","chr10","38389892","38390091","28","35993387"
"chr6","75007045","75007381","chr16","26800160","26800487","50","48206885"
"chr6","75033714","75034010","chr3","174068153","174068451","35","99034439"
"chr6","75188813","75189112","chr20","28697028","28697324","35","46491785"
"chr6","75190073","75190381","chr4","69409816","69410121","31","5780257"
"chr6","75191772","75192080","chr16","51320033","51320343","36","23871739"
"chr6","75291078","75291398","chrX","47430937","47431256","42","27860141"
"chr6","75298935","75299243","chr16","37456039","37456347","39","37842896"
"chr6","75638012","75638310","chr7","150606933","150607229","36","74968921"
"chr6","75789042","75789254","chr4","73554117","73554330","17","2234925"
"chr6","75947501","75947801","chr10","38772882","38773178","31","37174619"
"chr6","76075143","76075297","chr3","70814394","70814554","38","5260749"
"chr6","76127024","76127319","chr4","73886883","73887184","33","2240141"
"chr6","76141350","76141656","chr16","3245842","3246150","37","72895508"
"chr6","76353415","76353705","chr4","74109065","74109364","35","2244350"
"chr6","76946731","76947022","chr10","35925060","35925352","31","41021671"
"chr6","76947259","76947568","chr13","30480525","30480835","29","46466734"
"chr6","77903020","77903300","chr3","80674854","80675143","40","2771834"
"chr6","78329952","78330255","chr13","39352330","39352639","29","38977622"
"chr6","78355425","78355719","chr3","67363610","67363901","42","10991815"
"chr6","78362135","78362430","chr2","100586330","100586626","35","22224195"
"chr6","78452595","78452905","chr4","76153173","76153480","33","2299422"
"chr6","78691100","78691392","chr3","174068153","174068451","38","95377053"
"chr6","78731505","78731802","chr4","76449064","76449370","36","2282441"
"chr6","78757323","78757623","chr20","8128145","8128448","41","70629178"
"chr6","79345978","79346266","chr8","64949608","64949898","27","14396370"
"chr6","79353438","79353734","chr7","61336293","61336589","52","18017145"
"chr6","79357161","79357343","chr20","74070026","74070213","40","5287135"
"chr6","79436946","79437261","chr4","77202400","77202708","41","2234546"
"chr6","79620248","79620427","chr9","115602163","115602345","25","35981915"
"chr6","79668428","79668722","chr4","77436582","77436876","34","2231846"
"chr6","79936661","79936969","chr4","36639516","36639826","37","43297145"
"chr6","79977367","79977675","chr14","106075201","106075508","29","26097834"
"chr6","80069979","80070281","chr3","74896182","74896480","31","5173797"
"chr6","80168307","80168594","chr1","25353232","25353523","40","54815075"
"chr6","80563667","80563960","chr8","76234748","76235038","32","4328919"
"chr6","81701778","81702083","chr1","54184910","54185214","33","27516868"
"chr6","81928617","81928918","chr4","57963003","57963297","41","23965614"
"chr6","82115049","82115351","chr10","69419544","69419839","49","12695505"
"chr6","82437255","82437519","chr8","99852779","99853033","47","17415524"
"chr6","82789670","82789973","chr6","111150739","111151045","34","28361069"
"chr6","82792669","82793001","chr4","80458478","80458823","45","2334191"
"chr6","83339592","83339893","chr5","184105008","184105299","41","100765416"
"chr6","83535606","83535916","chr4","81142630","81142941","25","2392976"
"chr6","83551321","83551631","chr4","5357211","5357521","28","78194110"
"chr6","83684029","83684311","chrX","129312880","129313161","36","45628851"
"chr6","83772244","83772561","chr8","102873637","102873952","44","19101393"
"chr6","83772769","83773076","chrX","18394346","18394650","32","65378423"
"chr6","83905223","83905536","chr19","35701715","35702022","36","48203508"
"chr6","84347571","84347749","chr1","9087561","9087734","33","75260010"
"chr6","84453626","84453912","chr9","6598363","6598651","34","77855263"
"chr6","84459502","84459793","chrX","79663780","79664065","46","4795722"
"chr6","85751406","85751713","chr1","61626852","61627154","36","24124554"
"chr6","86020564","86020796","chr15","107971636","107971861","44","21951072"
"chr6","86086003","86086266","chr5","97193627","97193890","40","11107624"
"chr6","86144090","86144388","chr4","83745206","83745502","27","2398884"
"chr6","86150443","86150746","chr4","83752290","83752594","28","2398153"
"chr6","86256251","86256323","chr19","35709382","35709459","18","50546869"
"chr6","86256495","86256671","chr15","10405383","10405560","27","75851112"
"chr6","86284961","86285267","chr17","16036823","16037127","39","70248138"
"chr6","86362904","86363202","chr2","64819781","64820080","33","21543123"
"chr6","86531434","86531731","chr2","94638020","94638314","40","8106586"
"chr6","86548481","86548760","chr4","84120569","84120862","39","2427912"
"chr6","86565732","86566017","chr5","147526333","147526620","38","60960601"
"chr6","87396120","87396429","chr4","84973520","84973825","38","2422600"
"chr6","87841629","87841950","chr4","5955341","5955651","46","81886288"
"chr6","87865785","87865967","chr2","26703771","26703943","33","61162014"
"chr6","87996039","87996345","chr4","85524587","85524884","33","2471452"
"chr6","88028178","88028477","chr6","173896362","173896661","27","85868184"
"chr6","88103807","88104104","chr4","85617930","85618229","31","2485877"
"chr6","88160520","88160819","chrX","2322004","2322308","34","85838516"
"chr6","88170403","88170708","chr1","30125197","30125500","32","58045206"
"chr6","88254846","88255140","chr20","30937004","30937299","30","57317842"
"chr6","88270598","88270887","chr3","155246047","155246338","31","66975449"
"chr6","88302812","88303106","chr1","34922657","34922952","35","53380155"
"chr6","88812457","88812764","chr19","35701715","35702022","32","53110742"
"chr6","89096577","89096870","chr15","108424452","108424741","30","19327875"
"chr6","89793529","89793706","chr16","29014757","29014925","28","60778772"
"chr6","89828988","89829157","chr20","27267477","27267649","23","62561511"
"chr6","89963195","89963481","chr4","87404868","87405154","33","2558327"
"chr6","90010473","90010773","chr2","68986282","68986581","30","21024191"
"chr6","90176347","90176656","chrX","130126302","130126612","34","39949955"
"chr6","90209688","90209879","chr16","49440030","49440218","37","40769658"
"chr6","90312524","90312785","chr4","87761205","87761454","28","2551319"
"chr6","90318592","90318891","chr4","87767322","87767613","30","2551270"
"chr6","90339134","90339419","chr4","87788256","87788547","30","2550878"
"chr6","90490889","90491194","chr5","166318380","166318687","33","75827491"
"chr6","90681183","90681473","chr4","88174184","88174478","32","2506999"
"chr6","90881485","90881778","chr17","16123214","16123508","27","74758271"
"chr6","90885507","90885702","chr5","13274636","13274819","36","77610871"
"chr6","91212593","91212903","chr1","2715985","2716290","29","88496608"
"chr6","91782132","91782329","chr5","189021655","189021847","29","97239523"
"chr6","92579895","92580207","chr3","54644532","54644842","38","37935363"
"chr6","92697728","92698033","chr3","5664932","5665236","44","87032796"
"chr6","92764516","92764802","chr4","158676243","158676530","39","65911727"
"chr6","92773837","92774133","chr11","108584077","108584374","36","15810240"
"chr6","92890527","92890844","chr11","122444804","122445110","49","29554277"
"chr6","93063682","93063992","chr4","90547156","90547469","36","2516526"
"chr6","93325106","93325384","chrX","36011571","36011849","38","57313535"
"chr6","93343569","93343866","chr6","173896362","173896661","34","80552793"
"chr6","93667137","93667432","chr16","25803416","25803717","31","67863721"
"chr6","93730502","93730796","chr2","100586330","100586626","36","6855828"
"chr6","93779554","93779857","chrX","872740","873049","39","92906814"
"chr6","94025604","94025886","chr13","24771121","24771408","30","69254483"
"chr6","94681984","94682261","chr1","19608573","19608851","32","75073411"
"chr6","94893664","94893956","chr2","107957278","107957570","37","13063614"
"chr6","94911494","94911792","chr16","66965587","66965884","38","27945907"
"chr6","95970809","95971127","chrX","67274706","67275021","42","28696103"
"chr6","96949724","96950035","chr12","110082565","110082875","43","13132841"
"chr6","97478420","97478722","chr2","64819781","64820080","33","32658639"
"chr6","97527716","97528008","chr10","33062312","33062608","32","64465404"
"chr6","97974550","97974861","chr4","5357211","5357521","30","92617339"
"chr6","98153759","98154057","chr7","127065845","127066144","33","28912086"
"chr6","98286179","98286326","chr1","22285839","22286016","43","76000340"
"chr6","98414051","98414349","chr11","108584077","108584374","30","10170026"
"chr6","98427128","98427440","chr13","31472571","31472878","41","66954557"
"chr6","99170708","99170987","chr6","136087738","136088027","43","36917030"
"chr6","100372371","100372653","chr4","97959916","97960199","24","2412455"
"chr6","100425742","100425978","chr9","93688855","93689088","27","6736887"
"chr6","100732453","100732755","chr4","98312157","98312459","28","2420296"
"chr6","100741909","100742196","chr7","19039688","19039974","31","81702221"
"chr6","100747290","100747589","chr11","32404347","32404645","31","68342943"
"chr6","100997236","100997432","chr6","63630625","63630830","38","37366611"
"chr6","101053353","101053642","chr4","98628714","98629003","31","2424639"
"chr6","101066008","101066185","chr4","49540998","49541166","23","51525010"
"chr6","101268849","101269171","chr7","63056446","63056768","45","38212403"
"chr6","101462218","101462520","chr4","99081771","99082070","32","2380447"
"chr6","101693429","101693732","chr1","118287422","118287724","37","16593993"
"chr6","101701136","101701449","chr7","3814025","3814343","37","97887111"
"chr6","102303602","102303900","chr11","55009213","55009513","34","47294389"
"chr6","102560687","102561003","chr16","3245842","3246150","36","99314845"
"chr6","102705961","102706270","chr3","81656161","81656467","30","21049800"
"chr6","102951236","102951546","chr17","25517924","25518232","37","77433312"
"chr6","103768107","103768380","chr1","204307037","204307312","33","100538930"
"chr6","103834992","103835302","chrX","53714392","53714701","33","50120600"
"chr6","104064849","104065172","chr11","108034722","108035047","45","3969873"
"chr6","104140287","104140587","chr1","26700624","26700923","38","77439663"
"chr6","104222654","104222946","chr4","100236351","100236638","44","3986303"
"chr6","104871311","104871611","chr3","7367921","7368221","35","97503390"
"chr6","105239012","105239317","chr4","106056508","106056812","28","817496"
"chr6","105457417","105457722","chr15","109857905","109858208","33","4400488"
"chr6","105548538","105548835","chr11","108584077","108584374","28","3035539"
"chr6","105918968","105919261","chr16","19717324","19717617","35","86201644"
"chr6","105980825","105981117","chr4","105270855","105271155","36","709970"
"chr6","105998252","105998562","chr13","39352330","39352639","31","66645922"
"chr6","106200140","106200423","chr17","9290060","9290344","35","96910080"
"chr6","106426888","106427107","chr11","82609641","82609861","40","23817247"
"chr6","106606672","106606970","chr11","108584077","108584374","29","1977405"
"chr6","106657378","106657686","chr2","84060483","84060788","38","22596895"
"chr6","106980247","106980542","chr4","104289051","104289342","27","2691196"
"chr6","107508754","107509060","chr10","72031369","72031681","40","35477385"
"chr6","107547212","107547509","chr4","103634698","103634995","29","3912514"
"chr6","107796724","107797036","chrX","130126302","130126612","40","22329578"
"chr6","107937120","107937433","chrX","872740","873049","34","107064380"
"chr6","108005889","108006173","chr12","17812545","17812825","39","90193344"
"chr6","108012259","108012550","chr10","35925060","35925352","34","72087199"
"chr6","108027101","108027401","chr1","113406381","113406680","29","5379280"
"chr6","108031162","108031462","chr15","28092029","28092327","31","79939133"
"chr6","108036069","108036361","chr1","9659856","9660151","33","98376213"
"chr6","108037603","108037897","chr1","9659856","9660151","33","98377747"
"chr6","108072996","108073293","chr16","49991163","49991459","39","58081833"
"chr6","108130731","108131008","chr8","129580403","129580698","43","21449672"
"chr6","108156275","108156576","chr3","77744436","77744731","33","30411839"
"chr6","108169546","108169849","chr16","3245842","3246150","32","104923704"
"chr6","108196407","108196688","chr4","103035234","103035518","36","5161173"
"chr6","108197751","108198023","chr4","103034231","103034508","32","5163520"
"chr6","108216313","108216623","chr1","54184910","54185214","32","54031403"
"chr6","108265009","108265301","chr11","108584077","108584374","29","319068"
"chr6","108281444","108281714","chr1","38667942","38668212","47","69613502"
"chr6","108322408","108322713","chr6","173896362","173896661","32","65573954"
"chr6","108371381","108371684","chr1","31096969","31097274","37","77274412"
"chr6","108548379","108548685","chr4","106516822","106517124","36","2031557"
"chr6","108708429","108708739","chr16","37456039","37456347","44","71252390"
"chr6","108864804","108865102","chr1","216542963","216543268","50","107678159"
"chr6","108987085","108987338","chr4","106958936","106959190","18","2028149"
"chr6","109098485","109098795","chr9","105321199","105321510","24","3777286"
"chr6","109100895","109101186","chr1","130574287","130574581","30","21473392"
"chr6","109125584","109125748","chr7","129362850","129363013","39","20237266"
"chr6","109204314","109204626","chr14","118913053","118913356","36","9708739"
"chr6","109352391","109352684","chr2","149644045","149644340","31","40291654"
"chr6","109764589","109764901","chrX","872740","873049","36","108891849"
"chr6","109891089","109891353","chr15","15803173","15803418","40","94087916"
"chr6","110070043","110070335","chr2","64819781","64820080","37","45250262"
"chr6","110193121","110193440","chr1","95648230","95648547","41","14544891"
"chr6","110287721","110288016","chr8","115461075","115461370","29","5173354"
"chr6","110329176","110329470","chr9","64106021","64106313","32","46223155"
"chr6","110338559","110338853","chr4","158666717","158667011","27","48328158"
"chr6","110339273","110339583","chr4","5955341","5955651","38","104383932"
"chr6","110491720","110491872","chr5","18060035","18060193","25","92431685"
"chr6","110646517","110646715","chr19","53087200","53087382","42","57559317"
"chr6","110649154","110649452","chr4","158372432","158372732","27","47723278"
"chr6","110738080","110738315","chr1","16021185","16021425","41","94716895"
"chr6","110838891","110839196","chr4","158203030","158203337","32","47364139"
"chr6","110870800","110871094","chr20","66612597","66612890","25","44258203"
"chr6","111001965","111002265","chr12","84493501","84493799","35","26508464"
"chr6","111126216","111126493","chr4","157934145","157934436","36","46807929"
"chr6","111319171","111319480","chr4","157746613","157746921","29","46427442"
"chr6","111871022","111871321","chr9","98432771","98433070","28","13438251"
"chr6","111880944","111881133","chr5","740668","740849","39","111140276"
"chr6","112007233","112007491","chr1","185550455","185550699","53","73543222"
"chr6","112052998","112053287","chr15","108424452","108424741","23","3628546"
"chr6","112057866","112058171","chr3","43156883","43157191","40","68900983"
"chr6","112092605","112092910","chr7","39756364","39756671","40","72336241"
"chr6","112144181","112144343","chr7","77189237","77189393","34","34954944"
"chr6","112165670","112165894","chr12","58289321","58289541","51","53876349"
"chr6","112298021","112298303","chr4","156738034","156738309","29","44440013"
"chr6","112401313","112401606","chr4","156650415","156650707","25","44249102"
"chr6","112616598","112616871","chr20","68769503","68769770","35","43847095"
"chr6","112636537","112636834","chr2","84585817","84586114","31","28050720"
"chr6","112637382","112637688","chr6","174905209","174905512","34","62267827"
"chr6","112658553","112658857","chr1","54184910","54185214","22","58473643"
"chr6","112750392","112750669","chr4","156313869","156314146","17","43563477"
"chr6","112811820","112812127","chr1","54184910","54185214","37","58626910"
"chr6","112874443","112874739","chr4","156190474","156190769","28","43316031"
"chr6","112886369","112886622","chr4","156179628","156179850","50","43293259"
"chr6","113091789","113092091","chr7","74256869","74257176","42","38834920"
"chr6","113368068","113368368","chr1","34437740","34438040","24","78930328"
"chr6","113383077","113383246","chr7","129362850","129363013","29","15979773"
"chr6","113427062","113427351","chr4","155645680","155645970","32","42218618"
"chr6","113530430","113530723","chr7","133652928","133653225","40","20122498"
"chr6","113801306","113801604","chr4","88700124","88700424","31","25101182"
"chr6","114127445","114127743","chr20","65776652","65776952","35","48350793"
"chr6","114206985","114207120","chr19","4018531","4018683","32","110188454"
"chr6","114290955","114291263","chr3","157027806","157028113","33","42736851"
"chr6","114423029","114423342","chr4","154638028","154638335","33","40214999"
"chr6","114983397","114983692","chr7","131629510","131629800","32","16646113"
"chr6","115249116","115249412","chr4","153757095","153757396","41","38507979"
"chr6","115535098","115535374","chr4","153485677","153485964","30","37950579"
"chr6","116186656","116186963","chr1","54184910","54185214","35","62001746"
"chr6","116529156","116529432","chr2","56486018","56486290","36","60043138"
"chr6","116571554","116571862","chr1","7768760","7769067","36","108802794"
"chr6","117127082","117127385","chr1","34437740","34438040","38","82689342"
"chr6","117138201","117138487","chr4","88700124","88700424","37","28438077"
"chr6","117296098","117296407","chr4","5955341","5955651","37","111340757"
"chr6","118110291","118110460","chr7","129362850","129363013","30","11252559"
"chr6","118336297","118336589","chr4","150657068","150657377","31","32320771"
"chr6","118525477","118525764","chr9","94126582","94126878","36","24398895"
"chr6","118628576","118628862","chr15","108424452","108424741","28","10204124"
"chr6","118738072","118738212","chr3","76215454","76215617","46","42522618"
"chr6","118820259","118820553","chr6","4546854","4547142","40","114273405"
"chr6","119751337","119751633","chr1","128681611","128681907","30","8930274"
"chr6","119864228","119864495","chr2","56486018","56486290","34","63378210"
"chr6","120143823","120144151","chr4","127759466","127759795","37","7615643"
"chr6","120364480","120364789","chr1","31761877","31762179","37","88602603"
"chr6","120456729","120457037","chr8","40652100","40652405","34","79804629"
"chr6","120812269","120812556","chr4","148132170","148132457","28","27319901"
"chr6","120852036","120852318","chr4","148094273","148094555","27","27242237"
"chr6","121457965","121458261","chr4","147485810","147486103","32","26027845"
"chr6","121537481","121537808","chrX","113475257","113475588","46","8062224"
"chr6","122597255","122597561","chr1","54184910","54185214","30","68412345"
"chr6","122657999","122658297","chr17","82184412","82184713","28","40473587"
"chr6","122913651","122913954","chr16","40054513","40054819","34","82859138"
"chr6","123146452","123146759","chrX","872740","873049","34","122273712"
"chr6","123593958","123594253","chr19","48904606","48904900","37","74689352"
"chr6","124003000","124003285","chr13","97520871","97521154","35","26482129"
"chr6","124259392","124259698","chrX","130126302","130126612","33","5866910"
"chr6","124355674","124355969","chr4","144517982","144518282","37","20162308"
"chr6","124514497","124514802","chr16","3520694","3521001","34","120993803"
"chr6","124640759","124641045","chr1","45062075","45062365","30","79578684"
"chr6","124641729","124642019","chr1","45062075","45062365","39","79579654"
"chr6","125353622","125353792","chrX","59842814","59842986","29","65510808"
"chr6","125393794","125394066","chr10","25171709","25171985","36","100222085"
"chr6","125411040","125411330","chr2","106943668","106943961","52","18467372"
"chr6","125882737","125883025","chr2","149644045","149644340","34","23761308"
"chr6","125888516","125888825","chr2","42661896","42662205","38","83226620"
"chr6","125941929","125942224","chr1","130574287","130574581","35","4632358"
"chr6","126320573","126320866","chr2","137086392","137086686","39","10765819"
"chr6","126348992","126349259","chr1","22650900","22651170","37","103698092"
"chr6","126408710","126408976","chr4","142486207","142486480","43","16077497"
"chr6","126487438","126487717","chr4","142407478","142407756","30","15920040"
"chr6","126664629","126664922","chr1","26985826","26986119","30","99678803"
"chr6","126893090","126893366","chr6","165174499","165174781","33","38281409"
"chr6","127017155","127017449","chr3","77744436","77744731","29","49272719"
"chr6","127163963","127164246","chr4","141731946","141732236","31","14567983"
"chr6","127583415","127583693","chr4","141286355","141286632","23","13702940"
"chr6","127870739","127871041","chr7","113241613","113241916","31","14629126"
"chr6","128340651","128340966","chr20","56319192","56319508","41","72021459"
"chr6","128388857","128389152","chr4","140498254","140498547","26","12109397"
"chr6","128540714","128540997","chr4","140353652","140353942","34","11812938"
"chr6","128622532","128622809","chr5","188993981","188994246","41","60371449"
"chr6","128626028","128626344","chr1","95648230","95648547","46","32977798"
"chr6","128630722","128631026","chr17","25517924","25518232","34","103112798"
"chr6","128648701","128648995","chr7","41707840","41708139","35","86940861"
"chr6","128778698","128778989","chr3","142446579","142446870","29","13667881"
"chr6","129008152","129008462","chr6","176464782","176465093","39","47456630"
"chr6","129011045","129011332","chr1","199847714","199848008","41","70836669"
"chr6","129093974","129094276","chr7","127065845","127066144","28","2028129"
"chr6","129715443","129715738","chr6","155329774","155330069","31","25614331"
"chr6","130497622","130497935","chr10","54460554","54460858","43","76037068"
"chr6","130745579","130745858","chr4","160692905","160693183","32","29947326"
"chr6","131360343","131360643","chr1","211460392","211460694","41","80100049"
"chr6","131388388","131388691","chr1","27303217","27303516","38","104085171"
"chr6","131415254","131415556","chr4","108327631","108327935","33","23087623"
"chr6","131492853","131493158","chr3","81656161","81656467","33","49836692"
"chr6","131494570","131494875","chr17","30633052","30633358","33","100861518"
"chr6","131507424","131507718","chr5","31007577","31007862","47","100499847"
"chr6","131518010","131518306","chr4","137275530","137275819","32","5757520"
"chr6","131531923","131532214","chr4","137261768","137262054","32","5729845"
"chr6","131692977","131693274","chr8","41718631","41718927","33","89974346"
"chr6","132313162","132313449","chr9","12351499","12351777","36","119961663"
"chr6","132460666","132460973","chr1","54184910","54185214","34","78275756"
"chr6","132542020","132542341","chr6","132127364","132127664","53","414656"
"chr6","132800012","132800306","chr11","108584077","108584374","29","24215935"
"chr6","132891364","132891682","chrX","130126302","130126612","39","2765062"
"chr6","133131822","133131974","chrX","85303515","85303667","56","47828307"
"chr6","133170581","133170880","chr4","135633152","135633459","38","2462571"
"chr6","133389607","133389824","chr4","135383393","135383611","12","1993786"
"chr6","133769129","133769433","chr9","44151575","44151881","32","89617554"
"chr6","133843296","133843563","chr2","98285830","98286085","46","35557466"
"chr6","133881465","133881772","chrX","130126302","130126612","35","3755163"
"chr6","133931547","133931845","chr4","134852861","134853168","34","921314"
"chr6","133985382","133985691","chr3","98926933","98927240","34","35058449"
"chr6","134064300","134064571","chr20","8556110","8556384","45","125508190"
"chr6","134088916","134089222","chr4","108327631","108327935","33","25761285"
"chr6","134471741","134472034","chr4","134287745","134288045","32","183996"
"chr6","134589345","134589640","chr4","134168977","134169277","36","420368"
"chr6","134643150","134643468","chr10","72152307","72152618","47","62490843"
"chr6","134891972","134892273","chr12","115108242","115108542","32","19783730"
"chr6","135051941","135052235","chr2","149644045","149644340","31","14592104"
"chr6","135444431","135444710","chr1","53192216","53192497","37","82252215"
"chr6","135537948","135538243","chr4","5357211","5357521","43","130180737"
"chr6","135649583","135649749","chr3","76215454","76215617","28","59434129"
"chr6","136120550","136120841","chr6","171364199","171364494","34","35243649"
"chr6","136143248","136143564","chr4","132543231","132543546","32","3600017"
"chr6","136224078","136224354","chrX","28117470","28117748","38","108106608"
"chr6","136551436","136551744","chr4","168734847","168735150","39","32183411"
"chr6","136776220","136776509","chr1","39347733","39348026","32","97428487"
"chr6","136969232","136969542","chr14","103953537","103953843","33","33015695"
"chr6","136970054","136970225","chr6","67570862","67571028","24","69399192"
"chr6","137011090","137011395","chr11","54658425","54658730","41","82352665"
"chr6","137096998","137097154","chr7","3648725","3648875","28","133448273"
"chr6","137737789","137738090","chr1","54184910","54185214","36","83552879"
"chr6","137743959","137744258","chr9","98432771","98433070","24","39311188"
"chr6","138276375","138276494","chrX","147920187","147920319","29","9643812"
"chr6","138305092","138305390","chr4","130327148","130327449","23","7977944"
"chr6","138344648","138344946","chr3","42965994","42966291","30","95378654"
"chr6","138642796","138643107","chr4","130008411","130008715","23","8634385"
"chr6","138757808","138758093","chr12","121351661","121351954","33","17406147"
"chr6","139000879","139001184","chrX","872740","873049","32","138128139"
"chr6","139306737","139307035","chr5","113613008","113613297","32","25693729"
"chr6","139398911","139399177","chr4","162042331","162042600","46","22643420"
"chr6","139878789","139879085","chr7","166020953","166021249","33","26142164"
"chr6","139932235","139932522","chr3","3735997","3736286","32","136196238"
"chr6","139994651","139994948","chr10","38772882","38773178","25","101221769"
"chr6","140120166","140120462","chr3","7367921","7368221","31","132752245"
"chr6","140132249","140132552","chr1","206202604","206202903","29","66070355"
"chr6","140163168","140163460","chr4","128509013","128509303","36","11654155"
"chr6","140390736","140391047","chr4","128268596","128268906","28","12122140"
"chr6","140437720","140438014","chr17","73904233","73904526","28","66533487"
"chr6","140561742","140562041","chr4","128097074","128097372","33","12464668"
"chr6","140575820","140576130","chr20","13980219","13980528","43","126595601"
"chr6","140589897","140590198","chr2","27813797","27814098","37","112776100"
"chr6","140601120","140601426","chr10","663232","663537","39","139937888"
"chr6","140620735","140621046","chrX","130126302","130126612","35","10494433"
"chr6","140662204","140662454","chr3","4180033","4180284","29","136482171"
"chr6","140706647","140706941","chr16","9680856","9681147","29","131025791"
"chr6","140717182","140717478","chr1","61388678","61388976","28","79328504"
"chr6","140729683","140729989","chr10","67242450","67242757","32","73487233"
"chr6","140735300","140735579","chr4","15995327","15995607","32","124739973"
"chr6","140771627","140771940","chr7","74519955","74520261","42","66251672"
"chr6","140773651","140773952","chr6","173896362","173896661","28","33122711"
"chr6","140888411","140888720","chr14","2713092","2713395","32","138175319"
"chr6","140904933","140905240","chr1","54184910","54185214","26","86720023"
"chr6","141116082","141116376","chr4","127534549","127534838","31","13581533"
"chr6","141260393","141260680","chr7","12036288","12036572","35","129224105"
"chr6","141408876","141409177","chr11","109050231","109050539","34","32358645"
"chr6","141890869","141891175","chr6","174905209","174905512","40","33014340"
"chr6","142200063","142200351","chr7","26691320","26691618","43","115508743"
"chr6","142365375","142365548","chr5","139059636","139059807","33","3305739"
"chr6","142659136","142659442","chr7","82874099","82874405","34","59785037"
"chr6","142849789","142850062","chr10","83815314","83815583","33","59034475"
"chr6","143006050","143006343","chr5","30022100","30022396","38","112983950"
"chr6","143100896","143101213","chr19","44754788","44755097","40","98346108"
"chr6","143596191","143596472","chr15","14021712","14021993","32","129574479"
"chr6","144534100","144534400","chr19","44754788","44755097","30","99779312"
"chr6","144553312","144553621","chr16","49859671","49859977","34","94693641"
"chr6","144574992","144575300","chr17","9290060","9290344","55","135284932"
"chr6","144710201","144710458","chr9","39684800","39685061","40","105025401"
"chr6","144979074","144979374","chr9","105321199","105321510","29","39657875"
"chr6","145030562","145030859","chr12","98050892","98051201","41","46979670"
"chr6","145047796","145047984","chr14","30555496","30555671","29","114492300"
"chr6","145094895","145095162","chr10","83815314","83815583","33","61279581"
"chr6","145173265","145173564","chr4","123414672","123414972","32","21758593"
"chr6","145536150","145536449","chrX","111903412","111903713","33","33632738"
"chr6","145606678","145606972","chr4","122946668","122946964","22","22660010"
"chr6","145667912","145668222","chr15","105794236","105794544","31","39873676"
"chr6","145747575","145747868","chr11","108584077","108584374","29","37163498"
"chr6","145833374","145833668","chr16","4237255","4237548","35","141596119"
"chr6","145847647","145847959","chr5","24918558","24918866","39","120929089"
"chr6","146014266","146014567","chr1","34437740","34438040","39","111576526"
"chr6","146080369","146080657","chr2","84500826","84501114","33","61579543"
"chr6","146185260","146185425","chr4","140168185","140168346","22","6017075"
"chr6","146217640","146217934","chr4","3859603","3859903","39","142358037"
"chr6","146297598","146297907","chr2","84060483","84060788","39","62237115"
"chr6","146647970","146648278","chr3","61603468","61603773","35","85044502"
"chr6","146761928","146762221","chr3","26174329","26174623","39","120587599"
"chr6","146899339","146899641","chr4","121582173","121582483","34","25317166"
"chr6","147429926","147430210","chr4","120799710","120799999","31","26630216"
"chr6","147477828","147478117","chr2","57288005","57288297","37","90189823"
"chr6","147784166","147784464","chr4","120456766","120457072","39","27327400"
"chr6","147810298","147810602","chr10","30715548","30715853","31","117094750"
"chr6","148448455","148448750","chr4","119717737","119718038","27","28730718"
"chr6","148558621","148558884","chr1","204307037","204307312","35","55748416"
"chr6","149299787","149299940","chr7","3648725","3648875","19","145651062"
"chr6","149494485","149494784","chr4","118614288","118614603","37","30880197"
"chr6","149687267","149687575","chr1","54184910","54185214","30","95502357"
"chr6","149701016","149701246","chr4","118408088","118408328","36","31292928"
"chr6","149861181","149861487","chr3","11748359","11748665","31","138112822"
"chr6","149863031","149863323","chrX","117589965","117590253","38","32273066"
"chr6","149865794","149865958","chr4","140168185","140168346","19","9697609"
"chr6","149900960","149901260","chr19","13754805","13755106","32","136146155"
"chr6","150061490","150061643","chr2","15019384","15019533","22","135042106"
"chr6","150177448","150177738","chr6","136087738","136088027","28","14089710"
"chr6","150299101","150299405","chr4","108327631","108327935","38","41971470"
"chr6","150661933","150662238","chr14","106075201","106075508","36","44586732"
"chr6","150916947","150917238","chr10","35385148","35385439","30","115531799"
"chr6","150938658","150938956","chr4","117151505","117151804","28","33787153"
"chr6","151002440","151002733","chr4","117085629","117085925","28","33916811"
"chr6","151042713","151043021","chr7","166863523","166863831","36","15820810"
"chr6","151055426","151055719","chr3","8096044","8096335","32","142959382"
"chr6","151119866","151120169","chr16","51138203","51138510","30","99981663"
"chr6","151342542","151342846","chr4","108327631","108327935","37","43014911"
"chr6","151367597","151367894","chr6","177249478","177249776","31","25881881"
"chr6","151403378","151403658","chr10","7710766","7711050","39","143692612"
"chr6","151409506","151409731","chr19","24626324","24626573","49","126783182"
"chr6","151433816","151434121","chr1","54184910","54185214","31","97248906"
"chr6","151586234","151586532","chr4","54062553","54062848","37","97523681"
"chr6","151904098","151904309","chr16","26139167","26139373","34","125764931"
"chr6","151970557","151970825","chr3","66540814","66541094","37","85429743"
"chr6","152162985","152163295","chr4","115738007","115738309","33","36424978"
"chr6","152342046","152342345","chr2","95443669","95443966","29","56898377"
"chr6","152393346","152393521","chr1","9087561","9087734","26","143305785"
"chr6","152393525","152393597","chr3","156112815","156112883","16","3719290"
"chr6","152412086","152412289","chr6","63630625","63630830","34","88781461"
"chr6","152878128","152878431","chr1","128681611","128681907","39","24196517"
"chr6","152933553","152933767","chr19","964579","964783","77","151968974"
"chr6","152961736","152962034","chr1","160978135","160978440","38","8016399"
"chr6","152972531","152972843","chr9","105321199","105321510","35","47651332"
"chr6","152995904","152996184","chr7","90028665","90028945","36","62967239"
"chr6","153044441","153044720","chr7","23493750","23494033","43","129550691"
"chr6","153047245","153047524","chr7","23493750","23494033","42","129553495"
"chr6","153066380","153066680","chr9","4715393","4715693","40","148350987"
"chr6","153163818","153164045","chr13","86596716","86596934","29","66567102"
"chr6","153210285","153210530","chr12","1645361","1645609","30","151564924"
"chr6","153359537","153359842","chr5","147006633","147006940","35","6352904"
"chr6","153451968","153452137","chrX","51786687","51786849","28","101665281"
"chr6","153511065","153511326","chr4","114413177","114413439","25","39097888"
"chr6","153941176","153941465","chr7","14454057","14454346","39","139487119"
"chr6","153962462","153962763","chr4","113969086","113969391","41","39993376"
"chr6","154059085","154059387","chr17","28602515","28602815","38","125456570"
"chr6","154687067","154687373","chr4","3752022","3752324","27","150935045"
"chr6","155104403","155104708","chr15","43831651","43831953","28","111272752"
"chr6","155177787","155178088","chr16","67304548","67304851","36","87873239"
"chr6","155187878","155188137","chr5","133076217","133076473","40","22111661"
"chr6","155191935","155192249","chr9","93872647","93872956","46","61319288"
"chr6","155850092","155850399","chr19","15978488","15978799","34","139871604"
"chr6","155904231","155904534","chr3","24924052","24924352","30","130980179"
"chr6","156007933","156008224","chr1","9659856","9660151","36","146348077"
"chr6","156011593","156011898","chrX","872740","873049","31","155138853"
"chr6","156083055","156083363","chr4","5955341","5955651","41","150127714"
"chr6","156149597","156149904","chr4","111660950","111661255","32","44488647"
"chr6","156188067","156188375","chr1","54184910","54185214","39","102003157"
"chr6","156198322","156198572","chr11","27762573","27762828","34","128435749"
"chr6","156367302","156367599","chr4","111442078","111442376","23","44925224"
"chr6","156382675","156382987","chr10","30803949","30804258","37","125578726"
"chr6","156525641","156525935","chr16","53471796","53472091","32","103053845"
"chr6","156669050","156669325","chr3","143066112","143066381","39","13602938"
"chr6","156692806","156693028","chr4","111125316","111125542","26","45567490"
"chr6","156753630","156753923","chr13","92512308","92512602","31","64241322"
"chr6","156838291","156838579","chr4","110983014","110983309","33","45855277"
"chr6","156871435","156871744","chr4","127363604","127363914","33","29507831"
"chr6","156943845","156944129","chrX","19203852","19204150","36","137739993"
"chr6","157133183","157133460","chr4","110636132","110636411","42","46497051"
"chr6","157148537","157148856","chr1","7768760","7769067","42","149379777"
"chr6","157199457","157199757","chr4","5864759","5865052","33","151334698"
"chr6","157479326","157479624","chr4","110295275","110295562","35","47184051"
"chr6","157662479","157662746","chr4","110114063","110114330","28","47548416"
"chr6","157819152","157819438","chr1","11858253","11858537","38","145960899"
"chr6","158039090","158039276","chr12","84405516","84405692","38","73633574"
"chr6","158460894","158461210","chr4","132543231","132543546","45","25917663"
"chr6","158674483","158674785","chr4","109055706","109056005","34","49618777"
"chr6","158742098","158742406","chrX","68503027","68503325","36","90239071"
"chr6","158872538","158872842","chr4","108855559","108855872","36","50016979"
"chr6","159136076","159136366","chr19","48904606","48904900","31","110231470"
"chr6","159395678","159395989","chr4","108321928","108322231","31","51073750"
"chr6","159507418","159507742","chr3","13648107","13648424","48","145859311"
"chr6","159843597","159843876","chrX","135474229","135474501","34","24369368"
"chr6","159860738","159861031","chr3","90087160","90087468","57","69773578"
"chr6","159887197","159887496","chr3","64175701","64176007","30","95711496"
"chr6","160187116","160187397","chr4","107529695","107529979","27","52657421"
"chr6","160246035","160246332","chr8","96562576","96562873","30","63683459"
"chr6","160297842","160298140","chr4","88700124","88700424","32","71597718"
"chr6","160374725","160375025","chr2","27813797","27814098","35","132560928"
"chr6","160455057","160455352","chr18","66895567","66895862","31","93559490"
"chr6","160475212","160475493","chrX","79663780","79664065","40","80811432"
"chr6","160495398","160495701","chr3","44070862","44071165","36","116424536"
"chr6","160502014","160502190","chr3","127934070","127934247","34","32567944"
"chr6","160556144","160556442","chr3","48879684","48879984","32","111676460"
"chr6","160852469","160852779","chr4","160129818","160130141","35","722651"
"chr6","161032659","161032967","chrX","52884540","52884848","34","108148119"
"chr6","161224893","161225196","chr7","150626041","150626346","36","10598852"
"chr6","161367165","161367447","chr4","160692002","160692288","34","675163"
"chr6","161368030","161368334","chr1","54184910","54185214","32","107183120"
"chr6","161457802","161457864","chr14","18724456","18724513","11","142733346"
"chr6","161479539","161479732","chr10","17123065","17123263","38","144356474"
"chr6","161533548","161533865","chr1","39563825","39564136","45","121969723"
"chr6","161603482","161603778","chr7","52277962","52278267","36","109325520"
"chr6","161733488","161733787","chr6","148347411","148347707","28","13386077"
"chr6","161964301","161964592","chr8","65531215","65531499","35","96433086"
"chr6","161991723","161992029","chr4","170001134","170001432","37","8009411"
"chr6","162695491","162695799","chr6","108528235","108528546","35","54167256"
"chr6","162765107","162765402","chr3","7367921","7368221","37","155397186"
"chr6","163205611","163205901","chr12","107014599","107014888","39","56191012"
"chr6","163234829","163235129","chr5","24413827","24414128","37","138821002"
"chr6","163237880","163238182","chr6","147351072","147351371","30","15886808"
"chr6","163242943","163243240","chr7","155744826","155745124","31","7498117"
"chr6","163302343","163302630","chr8","65531215","65531499","35","97771128"
"chr6","163591419","163591718","chr4","162862875","162863168","30","728544"
"chr6","163625828","163626126","chr13","106164334","106164628","34","57461494"
"chr6","163673947","163674245","chr14","96364285","96364577","37","67309662"
"chr6","163719397","163719690","chr4","163003542","163003834","33","715855"
"chr6","163730489","163730783","chr6","136639700","136639996","32","27090789"
"chr6","164004853","164005151","chr4","163282914","163283212","34","721939"
"chr6","164308830","164309128","chr13","106164334","106164628","30","58144496"
"chr6","164558390","164558676","chr10","21437144","21437433","37","143121246"
"chr6","164559421","164559713","chr3","26174329","26174623","34","138385092"
"chr6","164582893","164583182","chr7","19039688","19039974","34","145543205"
"chr6","165455836","165456130","chr2","110181738","110182031","45","55274098"
"chr6","165744589","165744875","chr16","10599412","10599701","37","155145177"
"chr6","165749048","165749210","chrX","51786687","51786849","24","113962361"
"chr6","166083887","166084157","chr4","165393523","165393793","25","690364"
"chr6","166408878","166409185","chr13","102690739","102691045","32","63718139"
"chr6","166657675","166657969","chr10","87136170","87136463","32","79521505"
"chr6","166703380","166703607","chr16","14612829","14613055","27","152090551"
"chr6","166703979","166704071","chr1","12339903","12339996","28","154364076"
"chr6","166740288","166740598","chr19","15978488","15978799","33","150761800"
"chr6","167328552","167328845","chr8","41718631","41718927","32","125609921"
"chr6","167393808","167394113","chr19","2910150","2910450","37","164483658"
"chr6","167405423","167405718","chr7","166020953","166021249","25","1384470"
"chr6","167590320","167590598","chr4","166944548","166944825","32","645772"
"chr6","168055318","168055624","chr2","94402867","94403158","72","73652451"
"chr6","168272154","168272449","chr2","97742204","97742501","35","70529950"
"chr6","168422945","168423230","chrX","28117470","28117748","43","140305475"
"chr6","169002933","169003242","chr4","168546999","168547302","33","455934"
"chr6","169086121","169086411","chr15","42512235","42512545","48","126573886"
"chr6","169233859","169234162","chr4","168895124","168895422","33","338735"
"chr6","169625466","169625770","chr4","6021240","6021544","35","163604226"
"chr6","170125821","170126150","chr5","79110741","79111054","53","91015080"
"chr6","170127853","170128027","chr7","41852412","41852589","32","128275441"
"chr6","170133689","170134000","chr20","41615482","41615793","41","128518207"
"chr6","170293615","170293912","chr1","9659856","9660151","38","160633759"
"chr6","170350111","170350417","chr4","169989181","169989485","39","360930"
"chr6","170390997","170391315","chr4","170031409","170031737","35","359588"
"chr6","170623850","170624161","chr1","39621321","39621626","44","131002529"
"chr6","170833496","170833674","chr6","84072722","84072893","34","86760774"
"chr6","170940100","170940403","chr14","81506678","81506976","41","89433422"
"chr6","171497948","171498251","chr8","115461075","115461370","30","56036873"
"chr6","171587698","171588016","chr14","106075201","106075508","40","65512497"
"chr6","172055447","172055751","chr4","172428561","172428862","30","373114"
"chr6","172107857","172108184","chr18","3554286","3554599","51","168553571"
"chr6","172151893","172152148","chr12","112476428","112476687","37","59675465"
"chr6","172311682","172311976","chr12","115108242","115108542","35","57203440"
"chr7","67108657","67108960","chr3","47660471","47660774","36","19448186"
"chr7","74973008","74973315","chr5","51423127","51423433","37","23549881"
"chr7","75104255","75104554","chr20","18131015","18131317","32","56973240"
"chr7","93191926","93192235","chr3","117968342","117968651","30","24776416"
"chr7","173385","173666","chr3","34927536","34927822","35","34754151"
"chr7","332537","332801","chr16","26419356","26419607","40","26086819"
"chr7","990321","990481","chr12","44446416","44446578","21","43456095"
"chr7","1022205","1022503","chr10","51728487","51728786","27","50706282"
"chr7","1036665","1036959","chr6","170736206","170736500","31","169699541"
"chr7","1041741","1042017","chr4","43988987","43989260","38","42947246"
"chr7","1044517","1044764","chr12","58289321","58289541","75","57244804"
"chr7","1128526","1128800","chr15","15474542","15474827","42","14346016"
"chr7","1286437","1286741","chr3","64175701","64176007","40","62889264"
"chr7","1391805","1392110","chr1","42018653","42018950","35","40626848"
"chr7","1675484","1675776","chrX","67476646","67476941","33","65801162"
"chr7","1833739","1834029","chr13","106164334","106164628","41","104330595"
"chr7","1985778","1986076","chr3","37335713","37336006","31","35349935"
"chr7","1987928","1988236","chrX","52884540","52884848","35","50896612"
"chr7","2302062","2302372","chrX","15405734","15406041","37","13103672"
"chr7","2442025","2442188","chr4","62431007","62431163","20","59988982"
"chr7","2492884","2493154","chr3","37853883","37854158","32","35360999"
"chr7","2589682","2589971","chr7","163080885","163081176","43","160491203"
"chr7","2619167","2619354","chrX","9762842","9763032","42","7143675"
"chr7","2624816","2625117","chr2","40669441","40669738","37","38044625"
"chr7","2636972","2637280","chr1","54184910","54185214","27","51547938"
"chr7","2759865","2760126","chr3","38131961","38132220","27","35372096"
"chr7","2867976","2868241","chr9","39684800","39685061","35","36816824"
"chr7","2963725","2964035","chr4","5357211","5357521","36","2393486"
"chr7","3099436","3099733","chr7","96374378","96374673","28","93274942"
"chr7","3144001","3144300","chr14","78951424","78951719","35","75807423"
"chr7","3303094","3303396","chr7","26691320","26691618","34","23388226"
"chr7","3349847","3350153","chr3","38733350","38733646","47","35383503"
"chr7","3408749","3408959","chr6","63630625","63630830","31","60221876"
"chr7","3445122","3445419","chr6","56725959","56726259","36","53280837"
"chr7","3508186","3508494","chr3","38892937","38893245","39","35384751"
"chr7","3613270","3613564","chr10","73354021","73354316","35","69740751"
"chr7","3613565","3613869","chr1","39563825","39564136","29","35950260"
"chr7","3623225","3623520","chr3","39047819","39048108","32","35424594"
"chr7","3627424","3627661","chr3","39051570","39051803","24","35424146"
"chr7","3658949","3659248","chr7","17914420","17914719","35","14255471"
"chr7","3710205","3710500","chr3","39118320","39118619","29","35408115"
"chr7","3852192","3852460","chr10","83815314","83815583","32","79963122"
"chr7","3853707","3853998","chr8","131215418","131215712","27","127361711"
"chr7","3896440","3896735","chr11","108584077","108584374","28","104687637"
"chr7","3993251","3993556","chr11","108584077","108584374","31","104590826"
"chr7","4111234","4111536","chr3","39597289","39597596","31","35486055"
"chr7","4134255","4134555","chr4","88700124","88700424","25","84565869"
"chr7","4234395","4234574","chr8","80113522","80113697","21","75879127"
"chr7","4245820","4246125","chr20","53732502","53732805","30","49486682"
"chr7","4297163","4297446","chr5","186275871","186276152","35","181978708"
"chr7","4316059","4316350","chr1","130574287","130574581","32","126258228"
"chr7","4374696","4374968","chr15","63598169","63598442","33","59223473"
"chr7","4457918","4458194","chrX","117589965","117590253","50","113132047"
"chr7","4597501","4597795","chr6","173896362","173896661","31","169298861"
"chr7","4619673","4619977","chr10","78025896","78026196","32","73406223"
"chr7","4659038","4659332","chr3","39118320","39118619","31","34459282"
"chr7","4786831","4787130","chr1","165996033","165996341","38","161209202"
"chr7","4828825","4829148","chr1","54184910","54185214","41","49356085"
"chr7","4869617","4869924","chr20","57205726","57206029","43","52336109"
"chr7","4933262","4933564","chr7","127065845","127066144","33","122132583"
"chr7","4938035","4938345","chrX","49226498","49226807","36","44288463"
"chr7","4949416","4949715","chr3","7367921","7368221","31","2418505"
"chr7","4968612","4968914","chr1","7247666","7247956","35","2279054"
"chr7","5052496","5052703","chr11","52313619","52313839","44","47261123"
"chr7","5150197","5150464","chr3","40500739","40501004","31","35350542"
"chr7","5188478","5188662","chr1","134845532","134845706","30","129657054"
"chr7","5209437","5209746","chrX","130126302","130126612","31","124916865"
"chr7","5241784","5242089","chr3","40594821","40595114","37","35353037"
"chr7","5246327","5246634","chr3","40599703","40600013","29","35353376"
"chr7","5251346","5251652","chr11","56089370","56089672","32","50838024"
"chr7","5284825","5285127","chr6","1092742","1093043","30","4192083"
"chr7","5287255","5287438","chr16","26139167","26139373","44","20851912"
"chr7","5300727","5300915","chrX","147147954","147148141","33","141847227"
"chr7","5329172","5329472","chr19","40870581","40870886","32","35541409"
"chr7","5338475","5338772","chr6","39592832","39593132","36","34254357"
"chr7","5389810","5390113","chr11","56089370","56089672","29","50699560"
"chr7","5413293","5413596","chr11","108584077","108584374","32","103170784"
"chr7","5435316","5435608","chr6","173896362","173896661","30","168461046"
"chr7","5493294","5493596","chr2","27694155","27694456","44","22200861"
"chr7","5535537","5535840","chr15","104401844","104402147","37","98866307"
"chr7","5552873","5553175","chr2","84060483","84060788","43","78507610"
"chr7","5936966","5937259","chr11","14430900","14431189","36","8493934"
"chr7","5994828","5995135","chr19","50863135","50863438","36","44868307"
"chr7","6208670","6208965","chr1","128681611","128681907","32","122472941"
"chr7","6415769","6416075","chr3","100922753","100923061","32","94506984"
"chr7","6675928","6676237","chr17","82184412","82184713","45","75508484"
"chr7","6862787","6863085","chr8","41718631","41718927","30","34855844"
"chr7","7239658","7239934","chr13","97520871","97521154","45","90281213"
"chr7","8092286","8092578","chrX","1027768","1028060","37","7064518"
"chr7","8229522","8229824","chr14","104583689","104583989","35","96354167"
"chr7","8581109","8581412","chrX","112378441","112378743","39","103797332"
"chr7","9545674","9545983","chr3","97673764","97674072","28","88128090"
"chr7","9649563","9649863","chr17","16036823","16037127","30","6387260"
"chr7","9688816","9689100","chr3","97533167","97533460","37","87844351"
"chr7","9981320","9981597","chr3","97232088","97232359","36","87250768"
"chr7","10403740","10404021","chrX","129312880","129313161","36","118909140"
"chr7","10447935","10448185","chr12","3818699","3818950","34","6629236"
"chr7","11024609","11024893","chr12","121351661","121351954","41","110327052"
"chr7","11090655","11090963","chr2","134325486","134325793","40","123234831"
"chr7","11160712","11160752","chr3","34903811","34903857","17","23743099"
"chr7","11170927","11170971","chr20","4094824","4094864","14","7076103"
"chr7","11171280","11171461","chr16","41943604","41943785","30","30772324"
"chr7","11300280","11300513","chr3","120219164","120219385","31","108918884"
"chr7","11340050","11340344","chr13","106164334","106164628","28","94824284"
"chr7","11363283","11363593","chr3","95711424","95711734","33","84348141"
"chr7","11391647","11391936","chrX","117589965","117590253","31","106198318"
"chr7","11393081","11393377","chr2","149644045","149644340","31","138250964"
"chr7","11504367","11504670","chr7","6814365","6814666","37","4690002"
"chr7","11754482","11754787","chr3","95245018","95245328","31","83490536"
"chr7","11798065","11798353","chr14","114063360","114063651","36","102265295"
"chr7","11941712","11942040","chr3","95057387","95057722","62","83115675"
"chr7","12048141","12048445","chr4","170001134","170001432","35","157952993"
"chr7","12428288","12428585","chr2","47824467","47824767","36","35396179"
"chr7","12525800","12526079","chr1","220479140","220479419","34","207953340"
"chr7","12526264","12526565","chr4","3752022","3752324","29","8774242"
"chr7","12606536","12606808","chr3","89844178","89844449","20","77237642"
"chr7","12674786","12675087","chr3","89910463","89910768","40","77235677"
"chr7","12722578","12722862","chr16","1213264","1213551","41","11509314"
"chr7","12762763","12763066","chrX","63934727","63935015","49","51171964"
"chr7","12771618","12771795","chr6","84072722","84072893","35","71301104"
"chr7","12839186","12839494","chr1","54184910","54185214","45","41345724"
"chr7","12968647","12968956","chrX","53714392","53714701","32","40745745"
"chr7","13392543","13392846","chr3","90640440","90640746","35","77247897"
"chr7","14172188","14172462","chr20","68769503","68769770","32","54597315"
"chr7","14252161","14252465","chr7","61608289","61608587","42","47356128"
"chr7","14257770","14258080","chr3","91562961","91563270","33","77305191"
"chr7","14327277","14327577","chr2","27813797","27814098","31","13486520"
"chr7","14465178","14465475","chr6","177249478","177249776","33","162784300"
"chr7","14554194","14554494","chr14","3026474","3026777","31","11527720"
"chr7","14769383","14769680","chr3","92074028","92074327","32","77304645"
"chr7","14826193","14826511","chr4","5357211","5357521","55","9468982"
"chr7","15017147","15017444","chr17","73904233","73904526","28","58887086"
"chr7","15070265","15070559","chr7","157656549","157656844","43","142586284"
"chr7","15830528","15830840","chrX","49226498","49226807","30","33395970"
"chr7","16191090","16191387","chr4","154039231","154039527","35","137848141"
"chr7","16197984","16198283","chr1","192560129","192560427","35","176362145"
"chr7","16517314","16517621","chr4","108327631","108327935","34","91810317"
"chr7","16639025","16639334","chr3","94063627","94063936","29","77424602"
"chr7","16991513","16991808","chr3","94424871","94425164","32","77433358"
"chr7","17560443","17560744","chrX","59924553","59924851","36","42364110"
"chr7","17923953","17924258","chr1","27056894","27057200","31","9132941"
"chr7","17929874","17930116","chr1","165861904","165862130","46","147932030"
"chr7","17973291","17973594","chrX","130126302","130126612","41","112153011"
"chr7","18146746","18147052","chrX","872740","873049","35","17274006"
"chr7","18577680","18578009","chr4","5955341","5955651","57","12622339"
"chr7","18727954","18728120","chr3","127934070","127934247","47","109206116"
"chr7","18984081","18984388","chr3","87853325","87853634","32","68869244"
"chr7","19012452","19012762","chr3","87824501","87824817","55","68812049"
"chr7","19351838","19352157","chrX","128103235","128103551","36","108751397"
"chr7","19611616","19611854","chr14","56616221","56616461","34","37004605"
"chr7","19677039","19677342","chr4","36717241","36717544","31","17040202"
"chr7","19686028","19686319","chr4","21309683","21309973","27","1623655"
"chr7","19758110","19758420","chr1","13457585","13457895","36","6300525"
"chr7","20079101","20079387","chr4","313220","313508","36","19765881"
"chr7","20095094","20095405","chr16","31018762","31019071","31","10923668"
"chr7","20351183","20351475","chr9","98050489","98050783","45","77699306"
"chr7","20522075","20522347","chr3","86325073","86325351","47","65802998"
"chr7","20598397","20598643","chr12","1645361","1645609","33","18953036"
"chr7","20598830","20598862","chr11","38404829","38404868","14","17805999"
"chr7","21006650","21006946","chr10","73354021","73354316","25","52347371"
"chr7","21383884","21384194","chr3","85517862","85518167","27","64133978"
"chr7","21408992","21409312","chr19","15978488","15978799","37","5430504"
"chr7","21433458","21433760","chr3","85471497","85471796","35","64038039"
"chr7","21443569","21443733","chr15","6911024","6911192","33","14532545"
"chr7","21511501","21511805","chr13","19886231","19886532","34","1625270"
"chr7","21638452","21638755","chrX","1721141","1721440","33","19917311"
"chr7","21667072","21667375","chr2","47824467","47824767","37","26157395"
"chr7","21686148","21686438","chrX","67476646","67476941","29","45790498"
"chr7","21735899","21736203","chr19","37090968","37091275","38","15355069"
"chr7","21815117","21815427","chr8","105120121","105120431","35","83305004"
"chr7","21880485","21880780","chrX","23385684","23385982","35","1505199"
"chr7","22035377","22035651","chr8","65531215","65531499","36","43495838"
"chr7","22043181","22043476","chr3","84801057","84801353","32","62757876"
"chr7","22054965","22055264","chr8","33633812","33634105","37","11578847"
"chr7","22058714","22059021","chr3","84785092","84785386","32","62726378"
"chr7","22114806","22115099","chr3","84731153","84731449","27","62616347"
"chr7","22169084","22169390","chr2","165240146","165240455","37","143071062"
"chr7","22171242","22171404","chrX","59842814","59842986","28","37671572"
"chr7","22210916","22211222","chr1","15179992","15180292","27","7030924"
"chr7","22232050","22232352","chr14","111318342","111318642","36","89086292"
"chr7","22259124","22259406","chr3","84553580","84553858","30","62294456"
"chr7","22264853","22265158","chr16","67304548","67304851","32","45039695"
"chr7","22361790","22361964","chr18","58753718","58753894","46","36391928"
"chr7","22858061","22858361","chr4","69409816","69410121","28","46551755"
"chr7","22936788","22937100","chr4","134852861","134853168","42","111916073"
"chr7","23262846","23263111","chr14","112579862","112580130","26","89317016"
"chr7","23269812","23270014","chr1","134845532","134845706","47","111575720"
"chr7","23310748","23311068","chr1","65494279","65494587","48","42183531"
"chr7","23417727","23418008","chr14","18824193","18824484","39","4593534"
"chr7","23661606","23661892","chr2","57288005","57288297","36","33626399"
"chr7","23683552","23683713","chr12","96179892","96180046","34","72496340"
"chr7","23832225","23832485","chr3","82964046","82964305","27","59131821"
"chr7","24044580","24044878","chr7","127065845","127066144","34","103021265"
"chr7","24749221","24749524","chr3","82050541","82050846","33","57301320"
"chr7","24810665","24810961","chr3","2538496","2538783","41","22272169"
"chr7","24839265","24839559","chr11","55619571","55619869","26","30780306"
"chr7","24850700","24851001","chr11","65075521","65075824","31","40224821"
"chr7","24859503","24859690","chr3","127934070","127934247","32","103074567"
"chr7","24881063","24881357","chr3","81899103","81899401","26","57018040"
"chr7","24993431","24993706","chr3","81783066","81783334","34","56789635"
"chr7","25107076","25107376","chr3","81660981","81661284","30","56553905"
"chr7","25111905","25112198","chr3","128815519","128815810","26","103703614"
"chr7","25213807","25214121","chr3","81540243","81540543","38","56326436"
"chr7","25347654","25347939","chrX","117589965","117590253","25","92242311"
"chr7","25393094","25393386","chr3","81362095","81362392","31","55969001"
"chr7","25638363","25638669","chrX","18394346","18394650","37","7244017"
"chr7","25662428","25662732","chr19","50863135","50863438","31","25200707"
"chr7","25669219","25669514","chr3","81091632","81091929","37","55422413"
"chr7","25889069","25889376","chr3","80865114","80865415","38","54976045"
"chr7","26068271","26068569","chr3","80674854","80675143","26","54606583"
"chr7","26319918","26320137","chr13","64575656","64575867","28","38255738"
"chr7","26380480","26380776","chr2","129265347","129265651","34","102884867"
"chr7","26394325","26394621","chr7","166020953","166021249","31","139626628"
"chr7","26399115","26399416","chr3","80339428","80339720","32","53940313"
"chr7","26559652","26559946","chr11","68286673","68286957","29","41727021"
"chr7","26594235","26594535","chr20","57205726","57206029","27","30611491"
"chr7","26771096","26771355","chr3","79961970","79962230","32","53190874"
"chr7","26955588","26955906","chr6","47788274","47788588","45","20832686"
"chr7","27116025","27116318","chr19","48904606","48904900","27","21788581"
"chr7","27481023","27481325","chr3","79258097","79258398","24","51777074"
"chr7","27632224","27632528","chr1","54184910","54185214","26","26552686"
"chr7","27639020","27639324","chr2","68986282","68986581","37","41347262"
"chr7","27715622","27715900","chr14","108106190","108106474","35","80390568"
"chr7","27727836","27728129","chr12","20591308","20591601","33","7136528"
"chr7","27766759","27767060","chr10","29765824","29766115","41","1999065"
"chr7","27806240","27806552","chr1","210345706","210346017","32","182539466"
"chr7","27824844","27825147","chr3","7367921","7368221","29","20456923"
"chr7","27963796","27964095","chr7","84633298","84633596","36","56669502"
"chr7","28264157","28264467","chr20","14687622","14687929","33","13576535"
"chr7","28556364","28556673","chr9","105321199","105321510","21","76764835"
"chr7","28843076","28843379","chr4","5357211","5357521","32","23485865"
"chr7","28925885","28926047","chr15","6911024","6911192","30","22014861"
"chr7","28963233","28963532","chr1","38218968","38219269","28","9255735"
"chr7","29004607","29004875","chr3","77703085","77703350","33","48698478"
"chr7","29115066","29115362","chr3","77594965","77595260","29","48479899"
"chr7","29249953","29250262","chr1","10790603","10790909","34","18459350"
"chr7","29937133","29937436","chr15","24246709","24247015","32","5690424"
"chr7","29944594","29944894","chr1","38218968","38219269","32","8274374"
"chr7","30180224","30180533","chr3","76523539","76523847","24","46343315"
"chr7","30480105","30480424","chr7","138106","138414","40","30341999"
"chr7","30541239","30541535","chr8","115461075","115461370","36","84919836"
"chr7","30779151","30779453","chr15","104401844","104402147","33","73622693"
"chr7","30949923","30950231","chr3","75756688","75756996","28","44806765"
"chr7","31021361","31021688","chr9","99875309","99875645","46","68853948"
"chr7","31086674","31086979","chr16","29383021","29383324","37","1703653"
"chr7","31143419","31143733","chr10","72031369","72031681","32","40887950"
"chr7","31153880","31154176","chr3","75538275","75538575","29","44384395"
"chr7","31181410","31181713","chr10","74728581","74728883","34","43547171"
"chr7","31268107","31268420","chr1","216542963","216543268","33","185274856"
"chr7","31425145","31425443","chr3","75222183","75222487","31","43797038"
"chr7","31522915","31523208","chr3","75112706","75113002","25","43589791"
"chr7","31582283","31582558","chr7","147731532","147731809","35","116149249"
"chr7","31628926","31629119","chr3","36303286","36303484","34","4674360"
"chr7","31816750","31817059","chr3","71405638","71405944","39","39588888"
"chr7","31916393","31916703","chr3","74700651","74700954","28","42784258"
"chr7","31939227","31939530","chr1","85807051","85807354","34","53867824"
"chr7","32352065","32352362","chr3","74258547","74258843","24","41906482"
"chr7","32414880","32415174","chr1","56044044","56044339","32","23629164"
"chr7","33530371","33530658","chr11","108584077","108584374","34","75053706"
"chr7","34140890","34141057","chr10","30764618","30764791","31","3376272"
"chr7","34174133","34174391","chr3","73072783","73073043","32","38898650"
"chr7","34344411","34344696","chr3","72911648","72911931","33","38567237"
"chr7","34390547","34390844","chrX","67476646","67476941","40","33086099"
"chr7","34491309","34491609","chr8","115461075","115461370","28","80969766"
"chr7","34619374","34619673","chr3","181513518","181513820","29","146894144"
"chr7","34620659","34620952","chr1","42018653","42018950","35","7397994"
"chr7","34675454","34675749","chr3","39394751","39395052","37","4719297"
"chr7","34727066","34727377","chrX","47295423","47295720","41","12568357"
"chr7","34788825","34789126","chr3","72523733","72524040","32","37734908"
"chr7","34929542","34929824","chr3","72384007","72384304","34","37454465"
"chr7","34981201","34981503","chr1","85807051","85807354","35","50825850"
"chr7","35044416","35044715","chr16","3245842","3246150","40","31798574"
"chr7","35348537","35348839","chr3","71994520","71994818","31","36645983"
"chr7","35945703","35946003","chr3","71405638","71405944","22","35459935"
"chr7","35988948","35989119","chr11","6658602","6658773","28","29330346"
"chr7","36029175","36029483","chr10","30715548","30715853","31","5313627"
"chr7","36419946","36420231","chr3","70947683","70947970","31","34527737"
"chr7","36471443","36471740","chr17","63566017","63566319","33","27094574"
"chr7","36883120","36883347","chr9","93688855","93689088","32","56805735"
"chr7","37006171","37006516","chr3","70318124","70318455","39","33311953"
"chr7","37225721","37226022","chr1","38218968","38219269","30","993247"
"chr7","37327135","37327453","chr3","69985235","69985559","43","32658100"
"chr7","37450853","37451105","chr3","69861998","69862251","32","32411145"
"chr7","38177499","38177791","chr16","4237255","4237548","33","33940244"
"chr7","38896813","38897103","chr3","65429310","65429603","32","26532497"
"chr7","39166556","39166850","chr1","164986072","164986369","31","125819516"
"chr7","39442339","39442546","chrX","78427195","78427409","38","38984856"
"chr7","39695411","39695710","chr3","66270540","66270849","33","26575129"
"chr7","39880623","39880870","chr10","29976901","29977153","34","9903722"
"chr7","39884728","39885016","chrX","26177600","26177891","46","13707128"
"chr7","39941481","39941779","chr3","66540814","66541094","34","26599333"
"chr7","39999469","39999759","chr19","34956456","34956748","32","5043013"
"chr7","40318972","40319248","chr10","75294477","75294752","38","34975505"
"chr7","40508633","40508936","chr14","2713092","2713395","32","37795541"
"chr7","40753785","40754074","chr3","67363610","67363901","33","26609825"
"chr7","40787061","40787358","chr3","50468611","50468907","30","9681550"
"chr7","40866484","40866666","chr5","13274636","13274819","29","27591848"
"chr7","41059656","41059977","chrX","69004164","69004471","40","27944508"
"chr7","41273654","41273875","chr11","46544888","46545108","28","5271234"
"chr7","41283663","41283841","chr9","62270006","62270180","26","20986343"
"chr7","41284275","41284584","chr6","163853796","163854109","31","122569521"
"chr7","41560505","41560822","chrX","130126302","130126612","43","88565797"
"chr7","41719745","41720043","chr16","67304548","67304851","32","25584803"
"chr7","42017440","42017737","chr8","41718631","41718927","33","298809"
"chr7","42052159","42052467","chr3","68705988","68706298","28","26653829"
"chr7","42096539","42096834","chr13","106164334","106164628","37","64067795"
"chr7","42278533","42278818","chr2","203568341","203568629","33","161289808"
"chr7","42294944","42295243","chr9","117924833","117925131","27","75629889"
"chr7","42301241","42301515","chrX","137020975","137021254","41","94719734"
"chr7","42317970","42318285","chr3","55010226","55010535","34","12692256"
"chr7","42328694","42329022","chr1","184305081","184305407","46","141976387"
"chr7","42368625","42368935","chr3","55063733","55064043","31","12695108"
"chr7","42554591","42554883","chr16","4237255","4237548","30","38317336"
"chr7","43030599","43030884","chr19","45517663","45517948","34","2487064"
"chr7","43279672","43279982","chr3","64175701","64176007","28","20896029"
"chr7","43299805","43300062","chr8","72286989","72287242","35","28987184"
"chr7","43338785","43339085","chr20","28697028","28697324","26","14641757"
"chr7","43344869","43345178","chr6","174905209","174905512","32","131560340"
"chr7","43448931","43449226","chr19","38858875","38859173","41","4590056"
"chr7","43450264","43450580","chrX","872740","873049","41","42577524"
"chr7","43542260","43542561","chr6","74991583","74991879","38","31449323"
"chr7","43652942","43653242","chr3","63776651","63776962","38","20123709"
"chr7","43673225","43673523","chr6","32293955","32294253","39","11379270"
"chr7","43767830","43768144","chr19","4219365","4219676","39","39548465"
"chr7","43817719","43818026","chr1","54184910","54185214","37","10367191"
"chr7","43837380","43837689","chr6","145356280","145356591","38","101518900"
"chr7","44057270","44057564","chr2","45126899","45127187","36","1069629"
"chr7","44422563","44422855","chr1","163989219","163989513","72","119566656"
"chr7","44460133","44460427","chr8","115461075","115461370","26","71000942"
"chr7","44580221","44580394","chr20","27267477","27267649","22","17312744"
"chr7","45457986","45458229","chr2","55729004","55729244","54","10271018"
"chr7","45898871","45899179","chr4","134852861","134853168","30","88953990"
"chr7","46218293","46218599","chr1","54184910","54185214","38","7966617"
"chr7","46275854","46276162","chr10","62224057","62224367","34","15948203"
"chr7","46347731","46348024","chr6","78470627","78470919","40","32122896"
"chr7","46392985","46393292","chr3","61059528","61059838","29","14666543"
"chr7","46425411","46425725","chr7","129469684","129469997","41","83044273"
"chr7","46654179","46654333","chr19","42189213","42189372","26","4464966"
"chr7","48370023","48370151","chr15","7448465","7448573","41","40921558"
"chr7","48706879","48707176","chr3","58644874","58645168","23","9937995"
"chr7","49177455","49177755","chr2","200884826","200885109","48","151707371"
"chr7","49198598","49198878","chr1","53192216","53192497","34","3993618"
"chr7","49920014","49920314","chr7","127065845","127066144","39","77145831"
"chr7","50018759","50019057","chr14","57654140","57654437","26","7635381"
"chr7","50059961","50060175","chr7","155772303","155772522","26","105712342"
"chr7","50344592","50344837","chrX","17580985","17581224","37","32763607"
"chr7","50772508","50772809","chr11","108584077","108584374","32","57811569"
"chr7","51032012","51032309","chrX","23155568","23155864","32","27876444"
"chr7","51061390","51061693","chr1","54184910","54185214","34","3123520"
"chr7","51176970","51177164","chr15","12186805","12187003","36","38990165"
"chr7","51449718","51450014","chr3","55921686","55921988","32","4471968"
"chr7","51579169","51579464","chr4","12225315","12225607","39","39353854"
"chr7","51588893","51589178","chr13","105644490","105644771","38","54055597"
"chr7","51816221","51816521","chr5","139847501","139847800","32","88031280"
"chr7","51833362","51833651","chr6","165133568","165133856","43","113300206"
"chr7","52219784","52220089","chr3","178784627","178784931","43","126564843"
"chr7","52310507","52310826","chr4","155538127","155538451","59","103227620"
"chr7","52338398","52338703","chr20","65776652","65776952","37","13438254"
"chr7","52605208","52605492","chr1","34423601","34423894","45","18181607"
"chr7","52607700","52608004","chr3","53260164","53260473","24","652464"
"chr7","52888232","52888528","chr8","41718631","41718927","38","11169601"
"chr7","53088092","53088390","chr15","41981020","41981317","27","11107072"
"chr7","53935232","53935534","chr8","115461075","115461370","32","61525843"
"chr7","53981832","53982146","chr3","54644532","54644842","24","662700"
"chr7","54046462","54046631","chr5","139059636","139059807","22","85013174"
"chr7","54166378","54166670","chr1","8098644","8098951","41","46067734"
"chr7","54238054","54238259","chr3","54905279","54905485","18","667225"
"chr7","54266759","54266991","chr7","113558743","113558967","30","59291984"
"chr7","54371794","54372100","chr3","123444667","123444969","38","69072873"
"chr7","54375376","54375685","chr7","113241613","113241916","41","58866237"
"chr7","54421185","54421459","chr3","143066112","143066381","37","88644927"
"chr7","54517598","54517893","chr1","22411003","22411299","31","32106595"
"chr7","54529722","54530013","chr2","84500826","84501114","36","29971104"
"chr7","54542842","54543137","chr12","124218850","124219146","33","69676008"
"chr7","54571882","54572183","chr19","2910150","2910450","33","51661732"
"chr7","54578153","54578349","chr16","44977902","44978086","34","9600251"
"chr7","54605230","54605503","chr14","33326133","33326405","34","21279097"
"chr7","54626640","54626952","chr1","113406381","113406680","43","58779741"
"chr7","54688256","54688445","chrX","147147954","147148141","35","92459698"
"chr7","54697646","54697953","chr2","3247986","3248296","37","51449660"
"chr7","54705855","54706152","chr3","124912332","124912633","33","70206477"
"chr7","54766824","54767126","chr16","62796855","62797156","28","8030031"
"chr7","54787735","54787998","chr5","97193627","97193890","40","42405892"
"chr7","54816586","54816881","chr2","149644045","149644340","34","94827459"
"chr7","54846523","54846778","chr1","5957723","5957979","31","48888800"
"chr7","54890660","54890842","chr15","10405383","10405560","36","44485277"
"chr7","54898488","54898791","chr3","89659998","89660298","41","34761510"
"chr7","54899458","54899752","chr15","87598388","87598685","39","32698930"
"chr7","54928986","54929283","chr2","68651364","68651664","34","13722378"
"chr7","54941922","54942219","chr4","98323665","98323954","36","43381743"
"chr7","54952267","54952555","chr3","85177437","85177728","35","30225170"
"chr7","54998434","54998737","chr13","94954144","94954445","28","39955710"
"chr7","55072835","55073108","chr3","40097201","40097477","42","14975634"
"chr7","55089561","55089875","chr3","55010226","55010535","38","79335"
"chr7","55110977","55111260","chr5","41819509","41819795","37","13291468"
"chr7","55137318","55137606","chr5","147526333","147526620","35","92389015"
"chr7","55180601","55180868","chr2","56486018","56486290","33","1305417"
"chr7","55232841","55233134","chr11","108584077","108584374","32","53351236"
"chr7","55293415","55293714","chr10","62419232","62419531","47","7125817"
"chr7","55353986","55354279","chr7","161279482","161279777","43","105925496"
"chr7","55395749","55396060","chrX","130126302","130126612","36","74730553"
"chr7","55473428","55473552","chr10","82796400","82796530","34","27322972"
"chr7","55564100","55564395","chr3","65429310","65429603","50","9865210"
"chr7","55710351","55710656","chr4","3859603","3859903","37","51850748"
"chr7","55932471","55932772","chr3","17734708","17735011","32","38197763"
"chr7","55981651","55981951","chr19","32382782","32383089","37","23598869"
"chr7","56066413","56066717","chr3","81656161","81656467","44","25589748"
"chr7","56135107","56135380","chr9","84838707","84838986","44","28703600"
"chr7","56151807","56152121","chr3","55010226","55010535","41","1141581"
"chr7","56173188","56173471","chr1","125383788","125384077","38","69210600"
"chr7","56199524","56199800","chr5","147526333","147526620","45","91326809"
"chr7","56242829","56243096","chr2","56486018","56486290","31","243189"
"chr7","56295062","56295345","chr13","105644490","105644771","32","49349428"
"chr7","56349410","56349710","chrX","101200764","101201064","48","44851354"
"chr7","56410003","56410296","chr7","161279482","161279777","43","104869479"
"chr7","56451643","56451943","chr15","104401844","104402147","32","47950201"
"chr7","56529185","56529309","chr10","82796400","82796530","35","26267215"
"chr7","56635456","56635764","chr14","118913053","118913356","32","62277597"
"chr7","56697349","56697644","chr3","65429310","65429603","50","8731961"
"chr7","56808976","56809267","chr9","87334494","87334786","37","30525518"
"chr7","56889465","56889756","chr9","87334494","87334786","37","30445029"
"chr7","56994951","56995114","chr7","129362850","129363013","25","72367899"
"chr7","57086900","57087072","chr3","183324547","183324710","31","126237647"
"chr7","57125034","57125331","chrX","12237021","12237319","30","44888013"
"chr7","57361423","57361717","chr5","93159200","93159497","38","35797777"
"chr7","57471274","57471569","chr3","65429310","65429603","51","7958036"
"chr7","57530896","57531196","chr3","7367921","7368221","28","50162975"
"chr7","57589448","57589620","chr19","49520386","49520557","31","8069062"
"chr7","57628594","57628894","chr10","54460554","54460858","29","3168040"
"chr7","61490606","61490900","chr12","110042316","110042609","39","48551710"
"chr7","61679668","61679962","chr12","110042316","110042609","39","48362648"
"chr7","61970469","61970762","chr5","93159200","93159497","37","31188731"
"chr7","62060568","62060876","chrX","130126302","130126612","34","68065734"
"chr7","62102047","62102342","chr19","38858875","38859173","41","23243172"
"chr7","62136776","62137006","chr11","46544888","46545108","37","15591888"
"chr7","62180893","62181176","chr4","115561616","115561910","46","53380723"
"chr7","62222119","62222423","chr1","54184910","54185214","25","8037209"
"chr7","62255760","62255888","chr10","82796400","82796530","22","20540640"
"chr7","62257031","62257332","chrX","12237021","12237319","25","50020010"
"chr7","62353164","62353467","chr6","177249478","177249776","38","114896314"
"chr7","62359309","62359473","chr18","12359809","12359972","26","49999500"
"chr7","62405903","62406194","chr2","203568341","203568629","31","141162438"
"chr7","62556930","62557233","chrX","872740","873049","34","61684190"
"chr7","62605767","62606065","chr3","52002998","52003297","28","10602769"
"chr7","62656119","62656280","chr7","129362850","129363013","29","66706731"
"chr7","62681991","62682261","chr15","13474695","13474956","37","49207296"
"chr7","62705692","62705976","chr1","218552340","218552623","39","155846648"
"chr7","62759045","62759332","chr1","26608496","26608785","32","36150549"
"chr7","62828268","62828587","chr1","22411003","22411299","53","40417265"
"chr7","62907348","62907657","chrX","118893061","118893369","43","55985713"
"chr7","62971847","62972149","chr7","127065845","127066144","31","64093998"
"chr7","62998437","62998724","chr3","51594249","51594540","22","11404188"
"chr7","62999851","63000000","chr5","18060035","18060193","30","44939816"
"chr7","63018735","63018982","chr5","133076217","133076473","37","70057482"
"chr7","63022594","63022881","chr3","65703179","65703464","43","2680585"
"chr7","63031618","63031891","chr3","143066112","143066381","39","80034494"
"chr7","63229628","63229926","chrX","82518065","82518358","32","19288437"
"chr7","63237714","63238011","chrX","111903412","111903713","32","48665698"
"chr7","63256509","63256816","chr14","12945336","12945643","38","50311173"
"chr7","63271492","63271753","chr3","10459246","10459518","44","52812246"
"chr7","63271813","63272127","chr7","90282568","90282871","69","27010755"
"chr7","63296887","63297175","chrX","19203852","19204150","38","44093035"
"chr7","63379189","63379485","chr11","108584077","108584374","31","45204888"
"chr7","63388881","63389188","chr3","123444667","123444969","36","60055786"
"chr7","63422335","63422644","chrX","52884540","52884848","29","10537795"
"chr7","63466066","63466231","chr19","34821693","34821849","36","28644373"
"chr7","63525235","63525544","chr1","54184910","54185214","33","9340325"
"chr7","63589797","63590095","chr17","63566017","63566319","35","23780"
"chr7","63637699","63637939","chr9","93688855","93689088","32","30051156"
"chr7","63831358","63831652","chr1","22411003","22411299","38","41420355"
"chr7","63856410","63856725","chr7","90282568","90282871","70","26426158"
"chr7","63856785","63857046","chr3","10459246","10459518","44","53397539"
"chr7","63871739","63872046","chr1","44043450","44043760","38","19828289"
"chr7","63890546","63890843","chrX","111903412","111903713","33","48012866"
"chr7","63898629","63898927","chrX","82518065","82518358","32","18619436"
"chr7","63957116","63957413","chr1","61388678","61388976","32","2568438"
"chr7","64036678","64036967","chr12","97216896","97217197","39","33180218"
"chr7","64143094","64143397","chr1","160978135","160978440","33","96835041"
"chr7","64186754","64186919","chr19","34821693","34821849","36","29365061"
"chr7","64220404","64220702","chr14","70105499","70105791","30","5885095"
"chr7","64239871","64240171","chr7","61608289","61608587","27","2631582"
"chr7","64257530","64257836","chr17","23800149","23800457","36","40457381"
"chr7","64272241","64272544","chr14","12945336","12945643","41","51326905"
"chr7","64287256","64287517","chr3","10459246","10459518","46","53828010"
"chr7","64287577","64287888","chr12","87921797","87922097","70","23634220"
"chr7","64308843","64309144","chr2","84239378","84239679","41","19930535"
"chr7","64312414","64312721","chrX","53464436","53464745","38","10847978"
"chr7","64389340","64389639","chr1","22411003","22411299","32","41978337"
"chr7","64397571","64397876","chr7","43055166","43055471","36","21342405"
"chr7","64419041","64419350","chr9","88485590","88485898","37","24066549"
"chr7","64492388","64492682","chr3","50181618","50181922","53","14310770"
"chr7","64497919","64498175","chr2","98285830","98286085","32","33787911"
"chr7","64518915","64519207","chr2","159694664","159694955","30","95175749"
"chr7","64558187","64558493","chrX","80243775","80244076","45","15685588"
"chr7","64614277","64614578","chr10","66542506","66542810","41","1928229"
"chr7","64621348","64621504","chr5","18060035","18060193","28","46561313"
"chr7","64629975","64630277","chr1","221383235","221383539","37","156753260"
"chr7","64675365","64675667","chr4","6021240","6021544","32","58654125"
"chr7","64716935","64717244","chrX","872740","873049","32","63844195"
"chr7","64718075","64718374","chr19","10817027","10817337","42","53901048"
"chr7","64748598","64748906","chr5","127280394","127280703","43","62531796"
"chr7","64753459","64753764","chr1","38218968","38219269","33","26534491"
"chr7","64777031","64777202","chr7","88306228","88306392","39","23529197"
"chr7","64910437","64910739","chr5","111585861","111586163","33","46675424"
"chr7","64997903","64998207","chr3","49732835","49733153","33","15265068"
"chr7","64999540","64999870","chr7","79617480","79617805","45","14617940"
"chr7","65027041","65027346","chr2","161050818","161051119","39","96023777"
"chr7","65055112","65055405","chr14","18849483","18849777","38","46205629"
"chr7","65085517","65085807","chr1","45062075","45062365","34","20023442"
"chr7","65099657","65099951","chr2","63419289","63419578","40","1680368"
"chr7","65105168","65105333","chr3","76215454","76215617","18","11110286"
"chr7","65208661","65208948","chr3","155246047","155246338","32","90037386"
"chr7","65231178","65231475","chr8","41718631","41718927","27","23512547"
"chr7","65256356","65256660","chr3","49492747","49493047","28","15763609"
"chr7","65319706","65320010","chr7","52277962","52278267","35","13041744"
"chr7","65489370","65489668","chr8","132805213","132805507","42","67315843"
"chr7","65540366","65540665","chr11","108584077","108584374","30","43043711"
"chr7","65557430","65557750","chr3","49223495","49223818","29","16333935"
"chr7","65579877","65580087","chr13","101622015","101622230","48","36042138"
"chr7","65583728","65584037","chr1","85807051","85807354","34","20223323"
"chr7","65672454","65672762","chrX","49226498","49226807","31","16445956"
"chr7","65685096","65685383","chr3","40915696","40915988","30","24769400"
"chr7","65707546","65707848","chrX","18394346","18394650","36","47313200"
"chr7","65782957","65783219","chr9","61270843","61271116","43","4512114"
"chr7","65853972","65854277","chr2","96568206","96568509","36","30714234"
"chr7","65903157","65903454","chr1","34922657","34922952","24","30980500"
"chr7","65910749","65911053","chr20","54448223","54448522","33","11462526"
"chr7","65981479","65981796","chr13","56191658","56191976","39","9789821"
"chr7","66164372","66164672","chr7","139358509","139358816","36","73194137"
"chr7","66218147","66218440","chr2","84585817","84586114","32","18367670"
"chr7","66292710","66293019","chr9","93872647","93872956","33","27579937"
"chr7","66351426","66351733","chr9","66124158","66124466","34","227268"
"chr7","66380368","66380679","chrX","872740","873049","33","65507628"
"chr7","66466383","66466695","chr3","48314219","48314518","41","18152164"
"chr7","66501628","66501778","chr11","8514227","8514393","38","57987401"
"chr7","66504522","66504682","chr5","18060035","18060193","20","48444487"
"chr7","66552654","66552962","chr14","45632802","45633110","30","20919852"
"chr7","66560275","66560546","chr4","12125156","12125432","52","54435119"
"chr7","66567260","66567565","chr3","48207046","48207345","36","18360214"
"chr7","66569702","66570010","chr8","105120121","105120431","34","38550419"
"chr7","66840015","66840206","chr19","12959091","12959278","38","53880924"
"chr7","66860223","66860553","chrX","130126302","130126612","54","63266079"
"chr7","66978933","66979239","chr11","61136471","61136779","34","5842462"
"chr7","67085408","67085714","chr6","36312745","36313052","35","30772663"
"chr7","67089790","67090084","chr3","47679354","47679648","27","19410436"
"chr7","67209545","67209865","chrX","52884540","52884848","43","14325005"
"chr7","67325410","67325584","chr20","27267477","27267649","29","40057933"
"chr7","67327858","67328165","chr14","44731899","44732208","33","22595959"
"chr7","67366670","67366958","chr3","47384370","47384664","33","19982300"
"chr7","67381007","67381295","chr2","63419289","63419578","33","3961718"
"chr7","67476130","67476422","chr1","210622579","210622870","29","143146449"
"chr7","67610020","67610320","chr15","87598388","87598685","24","19988368"
"chr7","67714402","67714701","chr6","177249478","177249776","28","109535076"
"chr7","67728163","67728471","chr3","47011079","47011386","26","20717084"
"chr7","67844554","67844881","chr19","32518478","32518778","51","35326076"
"chr7","67867032","67867329","chr11","15282559","15282855","29","52584473"
"chr7","67888425","67888722","chr3","77744436","77744731","38","9856011"
"chr7","68405637","68405927","chr2","84500826","84501114","35","16095189"
"chr7","68421577","68421870","chr7","157656549","157656844","39","89234972"
"chr7","68593323","68593637","chr10","74728581","74728883","39","6135258"
"chr7","68610066","68610371","chr4","69409816","69410121","32","799750"
"chr7","68746860","68747175","chr3","509096","509403","43","68237764"
"chr7","69602040","69602328","chr11","15282559","15282855","40","54319481"
"chr7","69667357","69667646","chr1","39347733","39348026","39","30319624"
"chr7","69712374","69712676","chr3","75538275","75538575","35","5825901"
"chr7","69785806","69786080","chr3","44921208","44921485","29","24864598"
"chr7","69810704","69810873","chr16","29014757","29014925","17","40795947"
"chr7","69825538","69825826","chr3","44879621","44879913","31","24945917"
"chr7","69949835","69950149","chr3","44749352","44749659","50","25200483"
"chr7","70066146","70066421","chr8","765251","765528","36","69300895"
"chr7","70092710","70092991","chr2","187089411","187089694","36","116996701"
"chr7","70106937","70107189","chr5","133076217","133076473","34","62969280"
"chr7","70107638","70107942","chr7","26662562","26662859","35","43445076"
"chr7","70149892","70150181","chr3","128815519","128815810","31","58665627"
"chr7","70177275","70177587","chr1","54184910","54185214","49","15992365"
"chr7","70307068","70307330","chr9","61270843","61271116","42","9036225"
"chr7","70379597","70379895","chr7","61781005","61781304","34","8598592"
"chr7","70402032","70402320","chr3","40915696","40915988","31","29486336"
"chr7","70708568","70708863","chr1","61388678","61388976","31","9319890"
"chr7","70763937","70764218","chr1","19888368","19888653","32","50875569"
"chr7","71019682","71019984","chr1","54184910","54185214","28","16834772"
"chr7","71371575","71371873","chr1","38218968","38219269","36","33152607"
"chr7","71401736","71402033","chrX","18394346","18394650","34","53007390"
"chr7","71424185","71424473","chr3","40915696","40915988","32","30508489"
"chr7","71475411","71475708","chr3","39118320","39118619","26","32357091"
"chr7","71475854","71476153","chr20","18131015","18131317","34","53344839"
"chr7","71477974","71478275","chr7","6814365","6814666","38","64663609"
"chr7","71578477","71578781","chr15","5945391","5945695","29","65633086"
"chr7","71869064","71869235","chr20","54482198","54482375","25","17386866"
"chr7","71901268","71901562","chr20","30937004","30937299","34","40964264"
"chr7","71931431","71931728","chrX","18394346","18394650","34","53537085"
"chr7","71953926","71954214","chr3","40915696","40915988","33","31038230"
"chr7","72107715","72108062","chr14","7416834","7417186","74","64690881"
"chr7","72110388","72110668","chr1","204307037","204307312","35","132196649"
"chr7","72259187","72259483","chr5","117401080","117401372","32","45141893"
"chr7","72267143","72267444","chr11","108584077","108584374","34","36316934"
"chr7","72349598","72349892","chr14","68678897","68679192","32","3670701"
"chr7","72439213","72439511","chr7","113241613","113241916","29","40802400"
"chr7","72483650","72483940","chr3","42549802","42550094","27","29933848"
"chr7","72536612","72536905","chr1","223055476","223055770","41","150518864"
"chr7","72567295","72567361","chr15","21587442","21587502","22","50979853"
"chr7","72757555","72757756","chr5","172090157","172090356","39","99332602"
"chr7","72834672","72834980","chrX","872740","873049","31","71961932"
"chr7","72836869","72837171","chr11","108584077","108584374","36","35747208"
"chr7","72837696","72837987","chrX","48762933","48763216","38","24074763"
"chr7","72865139","72865447","chr3","43156883","43157191","20","29708256"
"chr7","72912873","72913161","chr5","184105008","184105299","32","111192135"
"chr7","72951223","72951482","chr12","64337051","64337315","45","8614172"
"chr7","72975831","72976133","chr1","85807051","85807354","36","12831220"
"chr7","73180173","73180467","chr3","142446579","142446870","36","69266406"
"chr7","73181120","73181408","chr3","17765623","17765924","47","55415497"
"chr7","73191455","73191766","chr13","39352330","39352639","32","33839125"
"chr7","73200388","73200697","chr3","174874392","174874697","37","101674004"
"chr7","73254360","73254670","chr1","54184910","54185214","52","19069450"
"chr7","73364989","73365170","chr19","53087200","53087382","22","20277789"
"chr7","73559666","73559967","chr1","44997536","44997835","27","28562130"
"chr7","73687167","73687324","chr5","18060035","18060193","25","55627132"
"chr7","73842118","73842392","chr16","6226439","6226705","36","67615679"
"chr7","73882347","73882651","chr3","39118320","39118619","27","34764027"
"chr7","73900282","73900585","chr1","141969216","141969513","49","68068934"
"chr7","73983936","73984235","chr11","108584077","108584374","31","34600141"
"chr7","74000991","74001310","chr3","49223495","49223818","32","24777496"
"chr7","74041898","74042208","chr15","5945391","5945695","35","68096507"
"chr7","74130414","74130703","chr1","22411003","22411299","29","51719411"
"chr7","74233503","74233806","chr1","54184910","54185214","35","20048593"
"chr7","74240290","74240592","chrX","127913630","127913927","43","53673340"
"chr7","74267007","74267302","chr2","135690097","135690390","32","61423090"
"chr7","74299531","74299831","chr10","74728581","74728883","36","429050"
"chr7","74303254","74303542","chr1","22411003","22411299","37","51892251"
"chr7","74563509","74563805","chr3","43949941","43950235","23","30613568"
"chr7","74568174","74568466","chr8","115461075","115461370","38","40892901"
"chr7","74696008","74696317","chr7","150626041","150626346","36","75930033"
"chr7","75019671","75019954","chr3","44399150","44399425","32","30620521"
"chr7","75056064","75056378","chr7","138808815","138809127","40","63752751"
"chr7","75102131","75102422","chr10","69419544","69419839","35","5682587"
"chr7","75104700","75105006","chr3","39118320","39118619","32","35986380"
"chr7","75155063","75155349","chr3","40915696","40915988","30","34239367"
"chr7","75212332","75212594","chr9","61270843","61271116","41","13941489"
"chr7","75285663","75285953","chr3","40915696","40915988","32","34369967"
"chr7","75316058","75316354","chr1","22297556","22297852","35","53018502"
"chr7","75346590","75346892","chr1","54184910","54185214","37","21161680"
"chr7","75379270","75379441","chr20","54482198","54482375","24","20897072"
"chr7","75616272","75616573","chr7","127065845","127066144","28","51449573"
"chr7","75868854","75869160","chr1","5362625","5362924","35","70506229"
"chr7","75889983","75890178","chr17","39176135","39176331","29","36713848"
"chr7","75925841","75926152","chr1","164673789","164674098","37","88747948"
"chr7","75970948","75971225","chr16","31041847","31042133","46","44929101"
"chr7","76009183","76009493","chr4","5357211","5357521","32","70651972"
"chr7","76136929","76137231","chr2","73119047","73119349","35","3017882"
"chr7","76219262","76219566","chr8","115461075","115461370","36","39241813"
"chr7","76229074","76229374","chr6","134848835","134849132","35","58619761"
"chr7","76248601","76248912","chr1","25380611","25380914","35","50867990"
"chr7","76304628","76304927","chr11","108584077","108584374","32","32279449"
"chr7","76317576","76317758","chr10","72538419","72538602","27","3779157"
"chr7","76437995","76438156","chr2","15318266","15318436","32","61119729"
"chr7","76446035","76446334","chr3","41029255","41029543","26","35416780"
"chr7","76540870","76541191","chr4","5955341","5955651","37","70585529"
"chr7","76562802","76563095","chr3","40915696","40915988","34","35647106"
"chr7","76854263","76854434","chr20","54482198","54482375","25","22372065"
"chr7","76886790","76887092","chr1","54184910","54185214","37","22701880"
"chr7","76917331","76917628","chrX","18394346","18394650","35","58522985"
"chr7","76950169","76950458","chr3","40915696","40915988","31","36034473"
"chr7","77001274","77001581","chr3","39118320","39118619","33","37882954"
"chr7","77003854","77004144","chr10","69419544","69419839","35","7584310"
"chr7","77059823","77059994","chr5","139059636","139059807","27","61999813"
"chr7","77092648","77092949","chr1","54184910","54185214","38","22907738"
"chr7","77123186","77123481","chr1","22297556","22297852","35","54825630"
"chr7","77146214","77146538","chr3","40937563","40937881","36","36208651"
"chr7","77162649","77162935","chr3","40915696","40915988","31","36246953"
"chr7","77164120","77164406","chr3","40915696","40915988","31","36248424"
"chr7","77164813","77165099","chr3","40915696","40915988","31","36249117"
"chr7","77236376","77236638","chr9","61270843","61271116","43","15965533"
"chr7","77317109","77317423","chr3","163965151","163965458","38","86648042"
"chr7","77357886","77358189","chr1","54184910","54185214","32","23172976"
"chr7","77423533","77423704","chr5","139059636","139059807","27","61636103"
"chr7","77456385","77456686","chr1","54184910","54185214","37","23271475"
"chr7","77484922","77485217","chr1","22297556","22297852","34","55187366"
"chr7","77507951","77508272","chr3","40937563","40937881","35","36570388"
"chr7","77524386","77524672","chr3","40915696","40915988","31","36608690"
"chr7","77583108","77583422","chr3","163965151","163965458","38","86382043"
"chr7","77623890","77624193","chr1","54184910","54185214","33","23438980"
"chr7","77932462","77932756","chr7","114172011","114172307","28","36239549"
"chr7","77957540","77957840","chr8","131215418","131215712","43","53257878"
"chr7","77992109","77992405","chr10","38772882","38773178","38","39219227"
"chr7","78136070","78136356","chr10","77590452","77590737","33","545618"
"chr7","78140453","78140735","chr1","54386775","54387062","39","23753678"
"chr7","78155611","78155915","chr1","160978135","160978440","38","82822524"
"chr7","78229712","78229874","chr12","44446416","44446578","24","33783296"
"chr7","78380271","78380560","chr11","120222067","120222365","35","41841796"
"chr7","78399612","78399929","chr1","54184910","54185214","44","24214702"
"chr7","78421490","78421682","chrX","147147954","147148141","32","68726464"
"chr7","78554361","78554660","chr3","116355837","116356138","28","37801476"
"chr7","78614868","78615156","chr3","116294248","116294533","31","37679380"
"chr7","78624784","78625090","chr1","22230888","22231190","37","56393896"
"chr7","78630059","78630359","chr1","11810420","11810720","33","66819639"
"chr7","78757547","78757857","chr6","176790550","176790858","31","98033003"
"chr7","79165585","79165875","chr2","63508843","63509123","52","15656742"
"chr7","79201393","79201701","chr16","3245842","3246150","33","75955551"
"chr7","79314478","79314763","chr2","61380094","61380378","29","17934384"
"chr7","79403373","79403558","chr1","35561294","35561462","40","43842079"
"chr7","80192183","80192474","chr3","114552635","114552945","39","34360452"
"chr7","80371086","80371389","chr2","44364597","44364899","32","36006489"
"chr7","80800556","80800862","chr20","17795383","17795686","30","63005173"
"chr7","80991573","80991879","chr6","120494036","120494339","38","39502463"
"chr7","81103448","81103744","chr9","21852757","21853045","49","59250691"
"chr7","81106236","81106556","chrX","872740","873049","41","80233496"
"chr7","81196987","81197271","chr9","26790930","26791219","34","54406057"
"chr7","81261185","81261505","chr3","113474776","113475084","40","32213591"
"chr7","81315664","81315986","chr8","120455141","120455459","36","39139477"
"chr7","81317064","81317259","chr2","19456206","19456401","26","61860858"
"chr7","81516574","81516878","chr5","51852378","51852683","40","29664196"
"chr7","81538286","81538590","chr4","5955341","5955651","33","75582945"
"chr7","81620214","81620513","chrX","872740","873049","35","80747474"
"chr7","81632492","81632789","chr3","113101632","113101927","28","31469140"
"chr7","81656789","81657099","chr19","15978488","15978799","31","65678301"
"chr7","81691984","81692274","chr3","113029279","113029562","29","31337295"
"chr7","81738295","81738580","chr13","30389996","30390285","39","51348299"
"chr7","81821525","81821847","chr13","37667185","37667501","41","44154340"
"chr7","82179498","82179795","chr10","33539731","33540024","34","48639767"
"chr7","82268801","82269104","chr15","15837347","15837647","32","66431454"
"chr7","82735870","82736161","chr13","106164334","106164628","27","23428464"
"chr7","82936182","82936486","chr6","1092742","1093043","30","81843440"
"chr7","83671010","83671312","chr20","15071965","15072269","46","68599045"
"chr7","83951081","83951366","chr3","110741041","110741329","24","26789960"
"chr7","83973845","83974093","chr1","39874498","39874760","39","44099347"
"chr7","84379597","84379905","chr3","110307669","110307977","39","25928072"
"chr7","84535355","84535663","chr3","110151203","110151516","42","25615848"
"chr7","84537724","84538025","chr14","16503370","16503668","35","68034354"
"chr7","84594428","84594721","chr4","54062553","54062848","31","30531875"
"chr7","84827914","84828211","chr3","109811109","109811396","42","24983195"
"chr7","84971468","84971779","chr8","105120121","105120431","39","20148653"
"chr7","85434959","85435262","chr14","118913053","118913356","32","33478094"
"chr7","85659706","85660006","chr2","40523887","40524189","36","45135819"
"chr7","85921859","85922168","chr16","40054513","40054819","34","45867346"
"chr7","86336481","86336721","chr3","170509286","170509539","38","84172805"
"chr7","87184724","87184882","chr11","133328099","133328256","29","46143375"
"chr7","87199270","87199574","chr3","107444447","107444749","29","20245177"
"chr7","87636577","87636871","chr3","107008567","107008860","29","19371990"
"chr7","87973883","87974147","chr12","81755596","81755855","32","6218287"
"chr7","88242349","88242639","chr3","145417615","145417909","37","57175266"
"chr7","88264504","88264801","chr11","108584077","108584374","30","20319573"
"chr7","88435096","88435375","chr3","106135365","106135642","39","17700269"
"chr7","88464952","88465270","chr4","5357211","5357521","40","83107741"
"chr7","88565512","88565803","chr11","108584077","108584374","26","20018565"
"chr7","88570812","88571088","chr10","71777572","71777845","31","16793240"
"chr7","88612241","88612536","chr3","105975983","105976283","26","17363742"
"chr7","88734982","88735277","chr3","48912719","48913013","33","39822263"
"chr7","88785986","88786163","chr15","64701277","64701454","35","24084709"
"chr7","89054566","89054832","chr3","105537918","105538183","37","16483352"
"chr7","89369135","89369443","chr16","3520694","3521001","35","85848441"
"chr7","89736627","89736912","chr1","124044295","124044579","29","34307668"
"chr7","90209130","90209427","chr3","104343473","104343779","43","14134343"
"chr7","90288655","90288966","chr3","104268805","104269114","29","13980150"
"chr7","91431559","91431794","chr9","59169618","59169855","39","32261941"
"chr7","91825327","91825607","chr17","58476340","58476622","36","33348987"
"chr7","91981874","91982112","chr3","102449702","102449941","32","10467828"
"chr7","92444829","92444996","chr1","130615501","130615669","25","38170672"
"chr7","92535190","92535481","chr2","57288005","57288297","33","35247185"
"chr7","92556765","92557059","chr1","22411003","22411299","32","70145762"
"chr7","92603468","92603763","chr3","101822749","101823050","31","9219281"
"chr7","92627522","92627817","chr1","9659856","9660151","41","82967666"
"chr7","92704635","92704900","chr3","128496104","128496369","36","35791469"
"chr7","92751715","92751999","chr5","50970168","50970461","36","41781547"
"chr7","92882061","92882340","chr2","55080514","55080792","33","37801547"
"chr7","93565610","93565805","chr19","12959091","12959278","46","80606519"
"chr7","94220290","94220463","chr1","35561294","35561462","41","58658996"
"chr7","94432975","94433199","chr1","15330476","15330698","31","79102499"
"chr7","95049642","95049939","chr3","119872181","119872483","25","24822539"
"chr7","95222796","95223064","chr12","81755596","81755855","39","13467200"
"chr7","95399483","95399708","chr3","120219164","120219385","24","24819681"
"chr7","95510973","95511237","chr3","120331133","120331392","32","24820160"
"chr7","95653498","95653806","chr10","72031369","72031681","33","23622129"
"chr7","95747628","95747772","chr5","18060035","18060193","28","77687593"
"chr7","96633412","96633707","chr4","54062553","54062848","36","42570859"
"chr7","96669496","96669794","chr6","173896362","173896661","32","77226866"
"chr7","96719066","96719366","chr2","121546319","121546615","39","24827253"
"chr7","96846755","96846933","chr3","127934070","127934247","30","31087315"
"chr7","96866119","96866429","chr9","54387824","54388123","40","42478295"
"chr7","97462911","97463214","chr1","85807051","85807354","29","11655860"
"chr7","97506408","97506716","chr3","122421019","122421323","25","24914611"
"chr7","97577777","97578064","chr4","17893190","17893477","43","79684587"
"chr7","97635475","97635781","chrX","53714392","53714701","36","43921083"
"chr7","97636619","97636898","chr9","92751423","92751701","31","4885196"
"chr7","97731009","97731300","chr12","106861770","106862066","41","9130761"
"chr7","97762388","97762685","chr3","174068153","174068451","34","76305765"
"chr7","97892578","97892820","chr9","93688855","93689088","34","4203723"
"chr7","97948052","97948374","chr4","5955341","5955651","50","91992711"
"chr7","97995262","97995435","chr11","46935733","46935910","25","51059529"
"chr7","98101817","98102122","chr13","31472571","31472878","29","66629246"
"chr7","98416785","98417089","chr4","134852861","134853168","34","36436076"
"chr7","98425733","98426046","chr14","66237905","66238213","41","32187828"
"chr7","98505437","98505734","chr4","54062553","54062848","36","44442884"
"chr7","98574625","98574933","chr3","11748359","11748665","36","86826266"
"chr7","98601941","98602247","chr1","54184910","54185214","25","44417031"
"chr7","98625686","98625997","chr8","100766445","100766756","37","2140759"
"chr7","98659122","98659424","chr20","65776652","65776952","33","32882470"
"chr7","98672553","98672853","chr16","39803439","39803737","34","58869114"
"chr7","98797867","98798178","chrX","872740","873049","36","97925127"
"chr7","98946414","98946690","chr10","12523437","12523716","39","86422977"
"chr7","98986744","98987043","chr2","150755800","150756098","33","51769056"
"chr7","99058975","99059015","chr10","73951307","73951341","13","25107668"
"chr7","99365106","99365283","chr4","49540998","49541166","32","49824108"
"chr7","99479427","99479599","chr4","49540998","49541166","36","49938429"
"chr7","99595246","99595550","chr1","54184910","54185214","31","45410336"
"chr7","99692395","99692705","chr17","15406923","15407226","35","84285472"
"chr7","99722884","99723156","chr1","162606866","162607143","41","62883982"
"chr7","99742704","99743000","chr8","115461075","115461370","37","15718371"
"chr7","99918935","99919226","chr12","36728269","36728564","33","63190666"
"chr7","99933136","99933287","chr5","18060035","18060193","26","81873101"
"chr7","99947988","99948286","chr7","86454351","86454652","40","13493637"
"chr7","100020505","100020809","chr1","54184910","54185214","33","45835595"
"chr7","100036254","100036510","chr7","92470514","92470770","37","7565740"
"chr7","100046961","100047106","chr3","124943360","124943502","15","24896399"
"chr7","100047645","100047952","chr1","2715985","2716290","34","97331660"
"chr7","100113623","100113912","chr4","3379423","3379712","30","96734200"
"chr7","100167825","100168129","chr15","104401844","104402147","31","4234019"
"chr7","100305294","100305592","chr4","3859603","3859903","28","96445691"
"chr7","100649169","100649464","chr7","26662562","26662859","26","73986607"
"chr7","100671460","100671627","chr7","3648725","3648875","40","97022735"
"chr7","100686905","100687212","chr8","95891075","95891381","35","4795830"
"chr7","100696971","100697278","chr3","125607765","125608074","28","24910794"
"chr7","101052289","101052469","chr15","88479888","88480061","28","12572401"
"chr7","101053697","101053869","chr13","89859967","89860138","27","11193730"
"chr7","101060317","101060627","chr6","179067889","179068197","28","78007572"
"chr7","101065302","101065611","chr3","125864891","125865199","29","24799589"
"chr7","101113155","101113434","chr3","125917456","125917735","24","24804301"
"chr7","101132766","101133059","chr15","9806809","9807106","31","91325957"
"chr7","101136183","101136473","chr2","5763005","5763294","30","95373178"
"chr7","101145344","101145643","chr6","1092742","1093043","36","100052602"
"chr7","101280674","101280952","chr2","21321648","21321927","28","79959026"
"chr7","101284578","101284861","chr3","126098608","126098883","29","24814030"
"chr7","101321044","101321349","chr1","2715985","2716290","33","98605059"
"chr7","101346071","101346376","chr2","64819781","64820080","28","36526290"
"chr7","101380258","101380559","chr11","40272935","40273236","28","61107323"
"chr7","101405923","101406228","chr1","221383235","221383539","26","119977312"
"chr7","101426321","101426510","chr16","76400941","76401122","44","25025380"
"chr7","101539435","101539709","chr1","220479140","220479419","40","118939705"
"chr7","101586823","101587124","chr3","126423106","126423412","35","24836283"
"chr7","101587354","101587663","chr11","6829443","6829750","36","94757911"
"chr7","101676477","101676768","chr3","48912719","48913013","32","52763758"
"chr7","101730345","101730560","chr16","2403367","2403581","48","99326978"
"chr7","101886400","101886700","chr3","126694200","126694502","31","24807800"
"chr7","101904937","101905238","chr5","86921020","86921319","32","14983917"
"chr7","101998578","101998776","chr6","63630625","63630830","38","38367953"
"chr7","102064601","102064925","chr16","18235907","18236224","45","83828694"
"chr7","102130224","102130523","chr7","111618610","111618909","34","9488386"
"chr7","102191027","102191333","chr3","127011765","127012063","41","24820738"
"chr7","102341494","102341796","chr14","18653571","18653875","31","83687923"
"chr7","102483095","102483401","chr15","31759559","31759863","40","70723536"
"chr7","102663313","102663626","chr1","165996033","165996341","33","63332720"
"chr7","102848198","102848358","chrX","51786687","51786849","30","51061511"
"chr7","102868931","102869193","chr9","61270843","61271116","42","41598088"
"chr7","102909471","102909647","chr20","27267477","27267649","30","75641994"
"chr7","102969182","102969482","chr3","39118320","39118619","22","63850862"
"chr7","102969625","102969924","chr20","8128145","8128448","36","94841480"
"chr7","103030307","103030600","chr8","41718631","41718927","34","61311676"
"chr7","103051152","103051451","chr3","127840209","127840507","34","24789057"
"chr7","103302496","103302796","chr15","84506059","84506359","43","18796437"
"chr7","103412109","103412408","chr3","174068153","174068451","35","70656044"
"chr7","103418527","103418787","chr1","34952182","34952442","47","68466345"
"chr7","103744191","103744491","chr3","174068153","174068451","38","70323962"
"chr7","103749543","103749821","chr2","175131651","175131930","32","71382108"
"chr7","103812093","103812393","chr3","174068153","174068451","38","70256060"
"chr7","103817458","103817736","chr2","175131651","175131930","31","71314193"
"chr7","103919657","103919965","chr3","174068153","174068451","42","70148496"
"chr7","103924980","103925287","chr12","116693000","116693308","37","12768020"
"chr7","104072906","104073212","chr2","189180152","189180462","36","85107246"
"chr7","104078253","104078531","chr2","175131651","175131930","32","71053398"
"chr7","104227760","104228057","chr11","15282559","15282855","31","88945201"
"chr7","104268583","104268897","chr3","163965151","163965458","44","59696568"
"chr7","104361498","104361794","chrX","14705132","14705416","36","89656366"
"chr7","104422479","104422779","chr1","61388678","61388976","31","43033801"
"chr7","104591798","104592111","chr3","128346648","128346949","40","23754850"
"chr7","104784793","104785095","chr7","55734086","55734382","42","49050707"
"chr7","104872621","104872932","chr16","3520694","3521001","37","101351927"
"chr7","104882723","104883018","chr12","78285987","78286287","40","26596736"
"chr7","104898850","104899164","chr1","13457585","13457895","43","91441265"
"chr7","104974043","104974373","chr3","128651166","128651473","51","23677123"
"chr7","105082002","105082263","chr1","197311934","197312189","39","92229932"
"chr7","105138474","105138776","chr9","122216692","122216993","33","17078218"
"chr7","105278325","105278629","chr3","128945217","128945517","31","23666892"
"chr7","105367249","105367554","chr1","5362625","5362924","32","100004624"
"chr7","105614153","105614397","chr18","47093258","47093500","39","58520895"
"chr7","105756744","105756986","chr16","11171665","11171896","36","94585079"
"chr7","105944686","105944966","chr1","53192216","53192497","46","52752470"
"chr7","106156812","106157115","chr3","129960633","129960932","26","23803821"
"chr7","106291641","106291948","chr3","130088216","130088520","36","23796575"
"chr7","106308508","106308602","chr11","127837568","127837636","37","21529060"
"chr7","106440815","106441085","chr3","10459246","10459518","31","95981569"
"chr7","106468890","106469081","chr17","39176135","39176331","43","67292755"
"chr7","106668486","106668774","chr5","147526333","147526620","29","40857847"
"chr7","106686510","106686816","chr3","130491083","130491384","35","23804573"
"chr7","106749182","106749476","chr3","130554989","130555288","35","23805807"
"chr7","106853653","106853955","chr2","137307308","137307611","40","30453655"
"chr7","106889424","106889731","chr1","130838973","130839279","48","23949549"
"chr7","106896684","106896944","chr3","130705356","130705622","34","23808672"
"chr7","106970254","106970568","chr3","130779285","130779594","41","23809031"
"chr7","107119620","107119911","chr3","26174329","26174623","27","80945291"
"chr7","107355987","107356286","chr11","108584077","108584374","26","1228090"
"chr7","107360590","107360890","chr6","136639700","136639996","30","29279110"
"chr7","107573585","107573857","chr3","131410722","131411003","33","23837137"
"chr7","107763198","107763491","chr11","108584077","108584374","29","820879"
"chr7","107980392","107980701","chr3","131824363","131824670","34","23843971"
"chr7","108206917","108207221","chr7","113241613","113241916","29","5034696"
"chr7","108279671","108279976","chr16","23221929","23222237","35","85057742"
"chr7","108465623","108465870","chr3","132398106","132398354","28","23932483"
"chr7","108488269","108488558","chr15","108330667","108330955","31","157602"
"chr7","108519051","108519329","chr2","55080514","55080792","37","53438537"
"chr7","108801066","108801373","chr15","34126799","34127091","34","74674267"
"chr7","108804613","108804921","chr3","32309944","32310251","37","76494669"
"chr7","108817442","108817621","chr19","53087200","53087382","22","55730242"
"chr7","108834498","108834799","chr20","57205726","57206029","31","51628772"
"chr7","108907154","108907447","chr2","188406004","188406301","31","79498850"
"chr7","108921259","108921563","chr1","1298165","1298463","36","107623094"
"chr7","109032564","109032732","chr2","49127094","49127264","30","59905470"
"chr7","109101267","109101557","chr3","133035688","133035973","39","23934421"
"chr7","109347484","109347777","chr14","68678897","68679192","31","40668587"
"chr7","109486186","109486479","chr1","22610175","22610468","36","86876011"
"chr7","109508796","109509060","chr9","26510639","26510906","35","82998157"
"chr7","109587688","109587996","chr2","107287918","107288224","36","2299770"
"chr7","110030389","110030688","chr12","115108242","115108542","32","5077853"
"chr7","110038503","110038805","chr6","177249478","177249776","32","67210975"
"chr7","110252189","110252486","chr20","28697028","28697324","32","81555161"
"chr7","111265378","111265666","chrX","117589965","117590253","34","6324587"
"chr7","111467288","111467591","chr14","2713092","2713395","44","108754196"
"chr7","111492099","111492422","chr7","127065845","127066144","52","15573746"
"chr7","111550867","111551168","chr2","84060483","84060788","31","27490384"
"chr7","112235418","112235721","chr13","71257078","71257380","43","40978340"
"chr7","112579187","112579494","chr7","82874099","82874405","39","29705088"
"chr7","112701332","112701639","chr3","136668622","136668920","38","23967290"
"chr7","112992226","112992495","chr2","56486018","56486290","36","56506208"
"chr7","113334657","113334948","chr1","9185013","9185302","27","104149644"
"chr7","113405671","113405962","chr1","52429062","52429352","39","60976609"
"chr7","113443146","113443451","chr2","81635445","81635747","33","31807701"
"chr7","113539193","113539486","chr1","125719714","125720014","29","12180521"
"chr7","113650256","113650479","chr11","52313619","52313839","33","61336637"
"chr7","113853009","113853321","chr1","54184910","54185214","36","59668099"
"chr7","113949586","113949886","chr13","106164334","106164628","28","7785252"
"chr7","114466215","114466514","chr1","38915724","38916027","36","75550491"
"chr7","114624760","114625077","chr16","3520694","3521001","44","111104066"
"chr7","114989803","114990116","chr7","61781005","61781304","41","53208798"
"chr7","115449472","115449738","chr10","19040861","19041126","31","96408611"
"chr7","115641220","115641532","chr3","139683916","139684224","34","24042696"
"chr7","115731813","115732122","chr1","165996033","165996341","38","50264220"
"chr7","115741782","115742097","chr19","4336492","4336799","40","111405290"
"chr7","116197966","116198266","chr8","102066272","102066577","49","14131694"
"chr7","116558438","116558721","chr10","17678277","17678561","34","98880161"
"chr7","116573862","116574170","chr15","105794236","105794544","33","10779626"
"chr7","116663850","116664155","chr3","140733315","140733610","41","24069465"
"chr7","116757181","116757491","chr3","81656161","81656467","38","35101020"
"chr7","117268732","117269030","chr11","108584077","108584374","33","8684655"
"chr7","117369502","117369817","chr1","25380611","25380914","39","91988891"
"chr7","117369818","117369993","chr14","30555496","30555671","26","86814322"
"chr7","117578561","117578870","chr3","141650810","141651114","36","24072249"
"chr7","117875386","117875695","chr10","30715548","30715853","33","87159838"
"chr7","117998477","117998792","chr15","42512235","42512545","39","75486242"
"chr7","118399252","118399542","chr1","54184910","54185214","33","64214342"
"chr7","118436830","118437121","chr8","68240085","68240375","29","50196745"
"chr7","118478373","118478668","chr4","88700124","88700424","33","29778249"
"chr7","118484509","118484807","chr2","92544439","92544741","35","25940070"
"chr7","118537962","118538281","chr20","11905450","11905771","39","106632512"
"chr7","118647506","118647677","chr4","49540998","49541166","25","69106508"
"chr7","118658182","118658461","chr3","142809828","142810108","29","24151646"
"chr7","118914515","118914831","chrX","872740","873049","43","118041775"
"chr7","119264448","119264744","chr4","134287745","134288045","42","15023297"
"chr7","120204650","120204840","chrX","59842814","59842986","42","60361836"
"chr7","120474002","120474100","chr1","164629502","164629597","15","44155500"
"chr7","120474303","120474501","chr10","17123065","17123263","38","103351238"
"chr7","120575348","120575643","chrX","53714392","53714701","41","66860956"
"chr7","120818320","120818642","chr11","108034722","108035047","50","12783598"
"chr7","120873566","120873856","chrX","117784029","117784318","43","3089537"
"chr7","120956371","120956645","chr3","145461995","145462258","48","24505624"
"chr7","121002517","121002812","chr17","25517924","25518232","46","95484593"
"chr7","121188895","121189199","chr13","87929611","87929914","43","33259284"
"chr7","121669470","121669616","chr19","4018531","4018683","30","117650939"
"chr7","121689439","121689723","chr3","146127913","146128195","22","24438474"
"chr7","121721758","121722083","chr8","85011321","85011643","45","36710437"
"chr7","121846400","121846701","chr15","29484254","29484551","36","92362146"
"chr7","122650618","122650913","chr3","147085275","147085571","42","24434657"
"chr7","122902030","122902322","chr3","147331090","147331379","33","24429060"
"chr7","123295461","123295768","chr3","147725892","147726200","22","24430431"
"chr7","123466657","123466990","chr5","130725347","130725673","46","7258690"
"chr7","123514736","123515027","chr3","147962091","147962387","30","24447355"
"chr7","123661030","123661319","chr3","148107249","148107543","32","24446219"
"chr7","124024432","124024753","chr3","148467254","148467577","36","24442822"
"chr7","124034380","124034709","chr3","148483433","148483766","42","24449053"
"chr7","124664498","124664792","chr17","73944199","73944499","46","50720299"
"chr7","124814321","124814601","chr3","149336502","149336784","32","24522181"
"chr7","124891751","124892052","chr3","149412507","149412815","32","24520756"
"chr7","125217188","125217478","chr3","149742878","149743168","32","24525690"
"chr7","125364200","125364484","chr2","187089411","187089694","38","61725211"
"chr7","125525590","125525893","chr13","32770451","32770753","33","92755139"
"chr7","125555825","125556130","chr10","77489907","77490215","32","48065918"
"chr7","125796616","125796918","chr1","93563827","93564129","38","32232789"
"chr7","126301520","126301828","chr3","150865664","150865969","38","24564144"
"chr7","126443745","126444024","chr3","151009341","151009622","24","24565596"
"chr7","126868690","126868870","chr16","7509806","7509984","47","119358884"
"chr7","127485388","127485439","chr14","18724456","18724513","20","108760932"
"chr7","127609666","127609975","chr3","97673764","97674072","29","29935902"
"chr7","127768254","127768554","chr3","174874392","174874697","35","47106138"
"chr7","128164486","128164789","chr5","25813416","25813718","37","102351070"
"chr7","128362027","128362326","chr8","115461075","115461370","33","12900952"
"chr7","128623350","128623660","chr3","153273650","153273959","29","24650300"
"chr7","128757219","128757522","chr3","153401153","153401454","34","24643934"
"chr7","128782364","128782672","chr7","113241613","113241916","32","15540751"
"chr7","128858669","128858953","chr3","153518686","153518978","29","24660017"
"chr7","128964680","128964979","chr6","177249478","177249776","36","48284798"
"chr7","129201834","129202134","chr2","84585817","84586114","40","44616017"
"chr7","129241898","129242187","chr12","46463059","46463348","27","82778839"
"chr7","129311559","129311858","chr4","88700124","88700424","31","40611435"
"chr7","129906352","129906403","chr9","13987239","13987300","14","115919113"
"chr7","130007603","130007877","chr3","10459246","10459518","32","119548357"
"chr7","130096309","130096610","chr1","163989219","163989513","65","33892910"
"chr7","130526759","130527061","chr1","54184910","54185214","29","76341849"
"chr7","130559260","130559555","chr4","156401625","156401921","34","25842365"
"chr7","130568649","130568933","chr10","91254735","91255020","33","39313914"
"chr7","130652578","130652879","chr20","54448223","54448522","31","76204355"
"chr7","130672348","130672632","chr3","155246047","155246338","30","24573699"
"chr7","130696298","130696606","chr3","155269624","155269926","30","24573326"
"chr7","130704983","130705285","chr13","10819543","10819845","24","119885440"
"chr7","130755465","130755762","chr4","54062553","54062848","27","76692912"
"chr7","130848010","130848377","chrX","113475257","113475588","75","17372753"
"chr7","130950331","130950640","chr3","122375893","122376202","35","8574438"
"chr7","130998210","130998502","chr12","121351661","121351954","32","9646549"
"chr7","131002663","131002853","chr16","41943604","41943785","37","89059059"
"chr7","131027094","131027394","chr10","7697174","7697471","38","123329920"
"chr7","131042103","131042391","chr4","98323665","98323954","29","32718438"
"chr7","131044437","131044743","chr3","155644928","155645234","28","24600491"
"chr7","131055890","131056177","chr8","132805213","132805507","32","1749323"
"chr7","131120671","131120981","chr3","54644532","54644842","33","76476139"
"chr7","131160590","131160764","chr2","72885524","72885694","34","58275066"
"chr7","131176266","131176566","chr6","58275049","58275340","33","72901217"
"chr7","131262959","131263292","chr3","155869260","155869594","48","24606301"
"chr7","131283475","131283769","chr4","7124256","7124547","29","124159219"
"chr7","131295339","131295631","chr6","17933276","17933574","37","113362063"
"chr7","131392881","131393188","chr3","181513518","181513820","35","50120637"
"chr7","131412385","131412692","chr1","165996033","165996341","33","34583648"
"chr7","131414324","131414557","chr16","11171665","11171896","26","120242659"
"chr7","131517466","131517772","chr1","7768760","7769067","35","123748706"
"chr7","131534026","131534319","chr20","28697028","28697324","28","102836998"
"chr7","131551375","131551685","chr5","127280394","127280703","39","4270981"
"chr7","131562032","131562331","chr7","61608289","61608587","30","69953743"
"chr7","131654806","131655104","chr3","156283632","156283952","37","24628826"
"chr7","131696580","131696886","chr1","7768760","7769067","41","123927820"
"chr7","131793854","131794166","chr3","156418430","156418739","37","24624576"
"chr7","131868331","131868618","chr8","65531215","65531499","39","66337116"
"chr7","131871940","131872239","chr8","115461075","115461370","33","16410865"
"chr7","131963475","131963518","chr3","34903811","34903857","22","97059664"
"chr7","132132525","132132824","chr1","61388678","61388976","29","70743847"
"chr7","132146336","132146598","chr5","97193627","97193890","38","34952709"
"chr7","132162163","132162441","chr3","156780022","156780307","35","24617859"
"chr7","132183049","132183355","chr15","82596670","82596979","37","49586379"
"chr7","132203626","132203923","chr3","156822441","156822733","30","24618815"
"chr7","132390041","132390329","chr3","161716772","161717066","35","29326731"
"chr7","132604201","132604488","chr7","23493750","23494033","31","109110451"
"chr7","132620353","132620660","chr2","107287918","107288224","32","25332435"
"chr7","132627758","132628065","chr11","108584077","108584374","29","24043681"
"chr7","132667086","132667383","chr11","108584077","108584374","27","24083009"
"chr7","132687517","132687672","chr2","15019384","15019533","34","117668133"
"chr7","132739939","132740244","chr13","73464305","73464609","37","59275634"
"chr7","132836306","132836601","chr8","117339584","117339878","32","15496722"
"chr7","133088553","133088854","chr4","71292858","71293156","31","61795695"
"chr7","133111102","133111402","chr16","11360126","11360421","32","121750976"
"chr7","133127766","133128071","chr1","160978135","160978440","35","27850369"
"chr7","133165826","133166142","chr7","10735377","10735693","38","122430449"
"chr7","133169652","133169945","chr3","157792147","157792444","29","24622495"
"chr7","133188007","133188311","chr15","15837347","15837647","34","117350660"
"chr7","133198816","133199088","chr6","129442766","129443040","35","3756050"
"chr7","133748786","133749070","chr3","158409682","158409963","31","24660896"
"chr7","134183145","134183443","chr3","157812231","157812533","42","23629086"
"chr7","134237818","134238130","chr13","39352330","39352639","38","94885488"
"chr7","134366982","134367132","chr19","10635260","10635411","21","123731722"
"chr7","134516831","134517143","chr16","44440787","44441097","34","90076044"
"chr7","134570994","134571294","chr16","25803416","25803717","34","108767578"
"chr7","134709762","134709948","chr1","35561294","35561462","40","99148468"
"chr7","134961799","134962108","chr3","159619673","159619975","30","24657874"
"chr7","135006809","135007115","chr8","105120121","105120431","36","29886688"
"chr7","135014281","135014592","chrX","130126302","130126612","38","4887979"
"chr7","135138296","135138602","chr10","74728581","74728883","29","60409715"
"chr7","135303470","135303790","chr3","159957560","159957882","36","24654090"
"chr7","135350077","135350321","chr3","124945537","124945788","36","10404540"
"chr7","135378184","135378484","chr3","160036030","160036319","29","24657846"
"chr7","135503085","135503381","chr9","12415028","12415326","29","123088057"
"chr7","135611989","135612291","chr3","160274822","160275134","35","24662833"
"chr7","135631297","135631598","chr3","42965994","42966291","31","92665303"
"chr7","135808377","135808682","chr13","71257078","71257380","36","64551299"
"chr7","135937597","135937899","chr3","160594403","160594710","29","24656806"
"chr7","135978656","135978944","chr1","136720804","136721098","34","742148"
"chr7","136077653","136077815","chr12","44446416","44446578","24","91631237"
"chr7","136091305","136091590","chr2","64819781","64820080","38","71271524"
"chr7","136096326","136096633","chr3","160893852","160894159","27","24797526"
"chr7","136176920","136177231","chr1","165996033","165996341","33","29819113"
"chr7","136452725","136452927","chr17","39176135","39176331","40","97276590"
"chr7","136640804","136641105","chr7","109166954","109167255","36","27473850"
"chr7","136883864","136884159","chr3","161716772","161717066","17","24832908"
"chr7","136919289","136919585","chr3","161751570","161751864","29","24832281"
"chr7","137050710","137051020","chr3","161882610","161882912","25","24831900"
"chr7","137183863","137184143","chrX","9025863","9026140","32","128158000"
"chr7","137257174","137257482","chr1","38218968","38219269","34","99038206"
"chr7","137380830","137381117","chr3","162213790","162214077","21","24832960"
"chr7","137404921","137405225","chrX","140959241","140959543","34","3554320"
"chr7","137423799","137424102","chr20","65776652","65776952","33","71647147"
"chr7","137636896","137637205","chr10","23034061","23034367","35","114602835"
"chr7","137653509","137653823","chr12","110082565","110082875","35","27570944"
"chr7","137681564","137681733","chr13","32593977","32594146","32","105087587"
"chr7","137800997","137801305","chr5","85045085","85045391","31","52755912"
"chr7","138047027","138047330","chr3","162891404","162891704","35","24844377"
"chr7","138512184","138512355","chr4","43928559","43928724","40","94583625"
"chr7","139022695","139022864","chr13","89859967","89860138","26","49162728"
"chr7","139037448","139037753","chr12","61309272","61309577","34","77728176"
"chr7","139079178","139079484","chrX","95520014","95520318","32","43559164"
"chr7","139138535","139138843","chr1","210244521","210244825","31","71105986"
"chr7","139189829","139190129","chr7","61608289","61608587","31","77581540"
"chr7","139206934","139207241","chrX","52884540","52884848","36","86322394"
"chr7","139391806","139391973","chr7","88306228","88306392","29","51085578"
"chr7","139655028","139655194","chr7","129362850","129363013","34","10292178"
"chr7","139734861","139735023","chr11","54926961","54927123","30","84807900"
"chr7","139762420","139762717","chr2","47824467","47824767","40","91937953"
"chr7","139805608","139805909","chr6","177249478","177249776","32","37443870"
"chr7","139854881","139855183","chr14","2713092","2713395","40","137141789"
"chr7","139990278","139990483","chr16","70211115","70211294","53","69779163"
"chr7","139993875","139994182","chr16","45426817","45427122","35","94567058"
"chr7","140048349","140048657","chr3","24845532","24845839","26","115202817"
"chr7","140201019","140201196","chr1","134845532","134845706","27","5355487"
"chr7","140224066","140224357","chr4","3379423","3379712","30","136844643"
"chr7","140393974","140394135","chr20","4095125","4095292","32","136298849"
"chr7","140434000","140434305","chr3","165159138","165159443","22","24725138"
"chr7","140505801","140506070","chr1","54386775","54387062","49","86119026"
"chr7","140553030","140553339","chr3","165036769","165037078","31","24483739"
"chr7","140744774","140745050","chr6","76314318","76314602","38","64430456"
"chr7","140811194","140811401","chr8","8134901","8135109","25","132676293"
"chr7","140828373","140828683","chr5","66770433","66770739","46","74057940"
"chr7","140948912","140949203","chr8","76234748","76235038","37","64714164"
"chr7","140990778","140991073","chr11","15282559","15282855","29","125708219"
"chr7","141613249","141613547","chr2","64819781","64820080","30","76793468"
"chr7","141639989","141640297","chr16","49991163","49991459","41","91648826"
"chr7","141649642","141649930","chr3","12332767","12333051","35","129316875"
"chr7","141658779","141659076","chr3","166573032","166573330","33","24914253"
"chr7","141828464","141828769","chr16","3245842","3246150","39","138582622"
"chr7","141857422","141857713","chr3","166792624","166792924","50","24935202"
"chr7","141889264","141889557","chrX","23929958","23930247","28","117959306"
"chr7","141905820","141906118","chr1","61388678","61388976","31","80517142"
"chr7","141937738","141938020","chr14","24770083","24770360","39","117167655"
"chr7","141948876","141949170","chr3","166871590","166871882","32","24922714"
"chr7","141961947","141962246","chr11","108584077","108584374","31","33377870"
"chr7","141968861","141969168","chr3","81656161","81656467","32","60312700"
"chr7","142121865","142122140","chr11","114867132","114867417","34","27254733"
"chr7","142358858","142359152","chr3","167282226","167282519","23","24923368"
"chr7","142385275","142385577","chr3","167310795","167311094","27","24925520"
"chr7","142451636","142452004","chr9","97759499","97759847","104","44692137"
"chr7","142491169","142491468","chr11","131210328","131210629","28","11280841"
"chr7","142656834","142657106","chr5","107196530","107196806","50","35460304"
"chr7","142829764","142830070","chr4","127363604","127363914","28","15466160"
"chr7","143192636","143192810","chr15","10405383","10405560","25","132787253"
"chr7","143202188","143202486","chr5","139847501","139847800","25","3354687"
"chr7","143509705","143509996","chr3","168377084","168377385","40","24867379"
"chr7","143529478","143529800","chr4","132543231","132543546","41","10986247"
"chr7","143531413","143531713","chr6","173896362","173896661","36","30364949"
"chr7","143558424","143558729","chr1","22411003","22411299","46","121147421"
"chr7","143801053","143801362","chr3","168711747","168712056","34","24910694"
"chr7","144200316","144200627","chr3","169133983","169134293","34","24933667"
"chr7","144329558","144329863","chr13","31472571","31472878","31","112856987"
"chr7","144517039","144517323","chrX","117589965","117590253","37","26927074"
"chr7","144635296","144635595","chr11","122284883","122285181","28","22350413"
"chr7","144840792","144841097","chr3","169888060","169888365","24","25047268"
"chr7","144842519","144842805","chr16","41227858","41228131","46","103614661"
"chr7","144943360","144943668","chr8","105120121","105120431","29","39823239"
"chr7","145064626","145064924","chr3","175489388","175489685","28","30424762"
"chr7","145332602","145332899","chr3","175195485","175195778","30","29862883"
"chr7","145360551","145360852","chr2","50292284","50292589","39","95068267"
"chr7","145629593","145629901","chr3","174874392","174874697","35","29244799"
"chr7","145701223","145701530","chr17","54724383","54724682","37","90976840"
"chr7","145713849","145714107","chrX","91968078","91968336","30","53745771"
"chr7","145888579","145888674","chr1","12339903","12339996","19","133548676"
"chr7","145889138","145889352","chr3","174579463","174579677","21","28690325"
"chr7","145910515","145910695","chr19","12959091","12959278","40","132951424"
"chr7","145990932","145991237","chr3","85517862","85518167","41","60473070"
"chr7","146048961","146049253","chr20","28697028","28697324","41","117351933"
"chr7","146113247","146113558","chr20","40335976","40336280","41","105777271"
"chr7","146249813","146250092","chr18","37139860","37140141","31","109109953"
"chr7","146377604","146377895","chr3","174068153","174068451","27","27690549"
"chr7","146458800","146459105","chr2","80913807","80914116","38","65544993"
"chr7","146526380","146526676","chr3","173928500","173928797","31","27402120"
"chr7","146947366","146947670","chr4","108327631","108327935","29","38619735"
"chr7","146962872","146963168","chr12","98214453","98214745","44","48748419"
"chr7","147054510","147054800","chrX","31792500","31792797","50","115262010"
"chr7","147191112","147191408","chr1","9659856","9660151","33","137531256"
"chr7","147574026","147574341","chr3","172846420","172846728","37","25272394"
"chr7","147622894","147623185","chr3","77744436","77744731","31","69878458"
"chr7","147757158","147757466","chr16","3520694","3521001","34","144236464"
"chr7","147762771","147763036","chr16","58697904","58698166","35","89064867"
"chr7","148082047","148082372","chr11","108034722","108035047","42","40047325"
"chr7","148240585","148240859","chr10","14646483","14646756","51","133594102"
"chr7","148243668","148243963","chr10","70751425","70751729","39","77492243"
"chr7","148427655","148427961","chr10","72031369","72031681","34","76396286"
"chr7","148767459","148767758","chr13","72263862","72264157","34","76503597"
"chr7","148792807","148793096","chr4","3379423","3379712","31","145413384"
"chr7","149220368","149220668","chr3","171176749","171177053","42","21956381"
"chr7","149532755","149533062","chr2","56202032","56202338","32","93330723"
"chr7","149551960","149552257","chr7","68336549","68336846","28","81215411"
"chr7","149700613","149700781","chr1","129407736","129407901","25","20292877"
"chr7","149751242","149751552","chr1","54184910","54185214","28","95566332"
"chr7","149797264","149797528","chr16","41227858","41228131","54","108569406"
"chr7","149895918","149896227","chrX","52884540","52884848","28","97011378"
"chr7","149984045","149984333","chr11","108584077","108584374","28","41399968"
"chr7","150198433","150198736","chr3","170178899","170179195","30","19980466"
"chr7","150315530","150315833","chr20","57205726","57206029","28","93109804"
"chr7","150324604","150324876","chr18","8424","8697","40","150316180"
"chr7","150364673","150364979","chr18","47321018","47321321","35","103043655"
"chr7","150375249","150375526","chr3","175630825","175631115","40","25255576"
"chr7","150387848","150387953","chr19","17707348","17707458","29","132680500"
"chr7","150388273","150388471","chr12","60498589","60498783","29","89889684"
"chr7","150397550","150397849","chr2","47824467","47824767","33","102573083"
"chr7","150403976","150404270","chr19","48904606","48904900","35","101499370"
"chr7","150444169","150444457","chr7","72562059","72562352","45","77882110"
"chr7","150446893","150447187","chr6","90815309","90815607","49","59631584"
"chr7","150467543","150467836","chr3","161716772","161717066","37","11249229"
"chr7","150468024","150468243","chr10","35244606","35244821","31","115223418"
"chr7","150634869","150635180","chr3","175886708","175887013","39","25251839"
"chr7","150887557","150887847","chr10","38772882","38773178","38","112114675"
"chr7","151689022","151689311","chr16","57459171","57459466","41","94229851"
"chr7","151945360","151945659","chr3","177020247","177020546","28","25074887"
"chr7","152492795","152493104","chr6","176790550","176790858","32","24297755"
"chr7","152686723","152687026","chrX","95082495","95082798","38","57604228"
"chr7","152831088","152831373","chr7","41903746","41904029","37","110927342"
"chr7","152910792","152910955","chr3","70814394","70814554","30","82096398"
"chr7","153164600","153164890","chr15","108424452","108424741","30","44740148"
"chr7","153168361","153168654","chr4","46479316","46479607","37","106689045"
"chr7","153374282","153374572","chr3","178434179","178434478","33","25059897"
"chr7","153433463","153433779","chr1","206248300","206248612","43","52814837"
"chr7","153502742","153503029","chrX","91745750","91746037","38","61756992"
"chr7","153556150","153556449","chr9","64107743","64108044","35","89448407"
"chr7","153592833","153593142","chr10","62753482","62753791","45","90839351"
"chr7","153651372","153651673","chr3","178683248","178683555","35","25031876"
"chr7","153665850","153666157","chrX","52884540","52884848","28","100781310"
"chr7","153681295","153681591","chr3","178721595","178721893","26","25040300"
"chr7","153729512","153729813","chr3","137367555","137367857","31","16361957"
"chr7","153741867","153742149","chr12","62436927","62437213","47","91304940"
"chr7","153926591","153926909","chr7","3814025","3814343","41","150112566"
"chr7","154176648","154176940","chr1","9659856","9660151","29","144516792"
"chr7","154221522","154221814","chr4","85782480","85782782","44","68439042"
"chr7","154284923","154285244","chr4","21772415","21772724","50","132512508"
"chr7","154812241","154812543","chr16","67304548","67304851","33","87507693"
"chr7","155483754","155484000","chr13","89963513","89963765","40","65520241"
"chr7","155631165","155631491","chr8","137306354","137306676","46","18324811"
"chr7","155697207","155697466","chr3","41527642","41527904","38","114169565"
"chr7","155871713","155872018","chrX","12237021","12237319","36","143634692"
"chr7","155882352","155882654","chr16","40054513","40054819","30","115827839"
"chr7","155917748","155918031","chr3","1742809","1743103","34","154174939"
"chr7","155963684","155963991","chr3","180956878","180957185","31","24993194"
"chr7","156332080","156332394","chr2","107039074","107039388","40","49293006"
"chr7","156371074","156371382","chr4","23361309","23361621","38","133009765"
"chr7","156409467","156409771","chr1","54184910","54185214","40","102224557"
"chr7","156456000","156456308","chr3","129960633","129960932","56","26495367"
"chr7","156693292","156693596","chr4","6021240","6021544","39","150672052"
"chr7","156740279","156740573","chr10","159686","159982","30","156580593"
"chr7","156948540","156948850","chr3","181897127","181897422","34","24948587"
"chr7","157118818","157119116","chr3","7367921","7368221","33","149750897"
"chr7","157442812","157443122","chr17","25517924","25518232","32","131924888"
"chr7","157600513","157600791","chr15","44422532","44422812","29","113177981"
"chr7","157893757","157894048","chr10","35925060","35925352","31","121968697"
"chr7","157949477","157949784","chr4","69409816","69410121","36","88539661"
"chr7","158083750","158084047","chr1","34922657","34922952","25","123161093"
"chr7","158280646","158280931","chr16","68778606","68778892","32","89502040"
"chr7","158309694","158309985","chr3","175664911","175665204","40","17355217"
"chr7","158328360","158328557","chr15","12186805","12187003","34","146141555"
"chr7","158336563","158336872","chrX","130126302","130126612","29","28210261"
"chr7","158381076","158381340","chr5","107833809","107834078","37","50547267"
"chr7","158556864","158557056","chr1","27619548","27619722","40","130937316"
"chr7","158574460","158574767","chr11","47254897","47255204","28","111319563"
"chr7","158624581","158624867","chr17","29129490","29129772","31","129495091"
"chr7","158675946","158676259","chr3","183742443","183742737","33","25066497"
"chr7","158676620","158676920","chr11","108584077","108584374","34","50092543"
"chr7","158692605","158692773","chr3","63755577","63755744","25","94937028"
"chr7","158952743","158953053","chrX","872740","873049","28","158080003"
"chr7","159008849","159009150","chr4","161326000","161326307","29","2317151"
"chr7","159343387","159343710","chr3","34851335","34851651","42","124492052"
"chr7","159528676","159528977","chr3","77744436","77744731","32","81784240"
"chr7","159727463","159727760","chr2","32963919","32964216","41","126763544"
"chr7","159925936","159926233","chr2","32963919","32964216","41","126962017"
"chr7","160123519","160123816","chr4","11076538","11076835","41","149046981"
"chr7","160215077","160215370","chr3","161716772","161717066","40","1501695"
"chr7","160515056","160515353","chr4","11076538","11076835","41","149438518"
"chr7","160605939","160606232","chr2","109954069","109954363","44","50651870"
"chr7","160786133","160786430","chr4","11076538","11076835","41","149709595"
"chr7","160877691","160877984","chr3","161716772","161717066","40","839081"
"chr7","161118685","161118982","chr4","11076538","11076835","37","150042147"
"chr7","161209882","161210175","chr2","109954069","109954363","44","51255813"
"chr7","161427729","161428022","chr17","16123214","16123508","39","145304515"
"chr7","161519113","161519406","chr3","161716772","161717066","41","197659"
"chr8","289787","290100","chr1","13457585","13457895","38","13167798"
"chr8","291749","292050","chr1","56044044","56044339","40","55752295"
"chr8","359103","359413","chr2","111182376","111182681","32","110823273"
"chr8","454290","454594","chr8","523592","523901","21","69302"
"chr8","588522","588778","chr2","98285830","98286085","30","97697308"
"chr8","616693","616991","chr4","170001134","170001432","36","169384441"
"chr8","617620","617894","chr1","27524483","27524751","37","26906863"
"chr8","672900","673190","chr2","42652245","42652530","43","41979345"
"chr8","688705","688986","chr13","97520871","97521154","30","96832166"
"chr8","694229","694507","chrX","18213365","18213639","33","17519136"
"chr8","1359879","1360176","chr2","202762443","202762740","47","201402564"
"chr8","1428145","1428453","chr5","51423127","51423433","42","49994982"
"chr8","1656433","1656744","chr7","41858933","41859241","32","40202500"
"chr8","1910448","1910760","chr1","85807051","85807354","35","83896603"
"chr8","2120802","2121033","chr1","137943369","137943599","48","135822567"
"chr8","2569122","2569433","chrX","872740","873049","32","1696382"
"chr8","2809214","2809514","chr19","50863135","50863438","36","48053921"
"chr8","3111848","3112157","chrX","52884540","52884848","26","49772692"
"chr8","3493987","3494289","chr19","50863135","50863438","38","47369148"
"chr8","3707334","3707641","chr1","221383235","221383539","43","217675901"
"chr8","4025573","4025874","chr18","39463336","39463641","39","35437763"
"chr8","4612748","4613063","chr16","52683881","52684192","45","48071133"
"chr8","4628925","4629232","chr2","84060483","84060788","51","79431558"
"chr8","4672817","4673088","chr1","204307037","204307312","39","199634220"
"chr8","4837927","4838237","chrX","872740","873049","37","3965187"
"chr8","4951205","4951465","chr6","9295207","9295471","30","4344002"
"chr8","5040997","5041305","chr1","46662392","46662703","40","41621395"
"chr8","5100617","5100782","chr6","67570862","67571028","28","62470245"
"chr8","5119822","5120139","chr4","5357211","5357521","47","237389"
"chr8","5536093","5536384","chr1","16691372","16691660","42","11155279"
"chr8","5623102","5623394","chr8","5833364","5833663","35","210262"
"chr8","5759628","5759929","chr8","5967491","5967798","42","207863"
"chr8","5852460","5852597","chr20","74588210","74588354","42","68735750"
"chr8","6293748","6294040","chr4","95803939","95804230","35","89510191"
"chr8","6295271","6295447","chr8","80113522","80113697","28","73818251"
"chr8","6373854","6374085","chr16","11171665","11171896","30","4797811"
"chr8","6453838","6454144","chr2","84239378","84239679","41","77785540"
"chr8","6512267","6512563","chr20","28697028","28697324","30","22184761"
"chr8","6622037","6622339","chr3","7367921","7368221","31","745884"
"chr8","6647436","6647730","chr8","8325984","8326278","32","1678548"
"chr8","6693164","6693420","chr8","6867686","6867936","24","174522"
"chr8","6826052","6826347","chr16","57459171","57459466","22","50633119"
"chr8","7127310","7127612","chr6","124144972","124145272","38","117017662"
"chr8","7182474","7182780","chr8","78322418","78322723","37","71139944"
"chr8","7503262","7503555","chr16","57459171","57459466","36","49955909"
"chr8","7657390","7657700","chr14","103953537","103953843","44","96296147"
"chr8","7666232","7666566","chr16","26800160","26800487","48","19133928"
"chr8","7815547","7815822","chr8","7635143","7635400","46","180404"
"chr8","7896258","7896520","chr20","68769503","68769770","31","60873245"
"chr8","7948861","7949167","chr5","63881702","63882011","43","55932841"
"chr8","8104392","8104696","chr20","28697028","28697324","41","20592636"
"chr8","8198995","8199298","chr2","27694155","27694456","43","19495160"
"chr8","8318550","8318851","chr8","15165473","15165768","40","6846923"
"chr8","8482198","8482495","chr16","7088601","7088899","35","1393597"
"chr8","8511261","8511572","chr4","21772415","21772724","44","13261154"
"chr8","8599564","8599865","chr14","104583689","104583989","41","95984125"
"chr8","8751560","8751810","chr13","89963513","89963765","34","81211953"
"chr8","8751811","8752105","chr1","92617288","92617583","33","83865477"
"chr8","9577011","9577209","chrX","147147954","147148141","59","137570943"
"chr8","9853803","9854088","chr8","12925615","12925901","34","3071812"
"chr8","10160879","10161157","chr3","12332767","12333051","44","2171888"
"chr8","10480855","10481114","chr8","14078666","14078922","26","3597811"
"chr8","10738331","10738625","chr15","63303028","63303323","38","52564697"
"chr8","10989032","10989312","chr13","37090861","37091141","40","26101829"
"chr8","11010471","11010752","chr17","25636551","25636835","43","14626080"
"chr8","11112782","11113084","chr1","54184910","54185214","38","43072128"
"chr8","11301256","11301557","chr6","177249478","177249776","38","165948222"
"chr8","11445272","11445550","chr5","182498258","182498534","49","171052986"
"chr8","11445898","11446194","chr4","21780067","21780362","32","10334169"
"chr8","11516064","11516365","chr17","82184412","82184713","35","70668348"
"chr8","11527633","11527914","chr8","15175824","15176114","39","3648191"
"chr8","11821547","11821720","chrX","59842814","59842986","24","48021267"
"chr8","11913366","11913654","chr13","9550833","9551123","37","2362533"
"chr8","11954247","11954540","chr7","26662562","26662859","37","14708315"
"chr8","11962180","11962485","chr8","15609035","15609342","36","3646855"
"chr8","12150037","12150320","chr5","51793555","51793837","38","39643518"
"chr8","12824589","12824766","chr11","133328099","133328256","37","120503510"
"chr8","13099351","13099661","chr1","13136283","13136593","48","36932"
"chr8","13216951","13217249","chr19","6185928","6186226","29","7031023"
"chr8","13585201","13585489","chr2","53899028","53899312","34","40313827"
"chr8","13693092","13693381","chr4","27754252","27754548","39","14061160"
"chr8","13789847","13790158","chr5","85045085","85045391","39","71255238"
"chr8","13860804","13861100","chr8","17460871","17461168","33","3600067"
"chr8","13892039","13892330","chr8","17492857","17493148","39","3600818"
"chr8","14087248","14087537","chr15","108330667","108330955","27","94243419"
"chr8","14119525","14119813","chr2","84500826","84501114","29","70381301"
"chr8","14145702","14146001","chr8","17757970","17758266","35","3612268"
"chr8","14411607","14411914","chr6","174747937","174748244","33","160336330"
"chr8","14448511","14448813","chr15","15837347","15837647","43","1388836"
"chr8","14536374","14536644","chr14","112579862","112580130","41","98043488"
"chr8","14572185","14572481","chr11","108584077","108584374","33","94011892"
"chr8","14880050","14880397","chr8","18502821","18503171","44","3622771"
"chr8","15116263","15116566","chr8","105639768","105640066","33","90523505"
"chr8","15174354","15174662","chr10","72031369","72031681","33","56857015"
"chr8","15280355","15280646","chr16","19717324","19717617","32","4436969"
"chr8","15283491","15283798","chr17","25517924","25518232","37","10234433"
"chr8","15391674","15391979","chr3","81656161","81656467","39","66264487"
"chr8","15782311","15782621","chr6","174905209","174905512","43","159122898"
"chr8","15938020","15938322","chrX","14683994","14684298","32","1254026"
"chr8","15965086","15965391","chrX","111903412","111903713","35","95938326"
"chr8","16229286","16229596","chr8","19876598","19876906","32","3647312"
"chr8","16502658","16502953","chr8","20146410","20146705","27","3643752"
"chr8","16899978","16900293","chr8","20581760","20582069","35","3681782"
"chr8","17903164","17903468","chr2","84060483","84060788","35","66157319"
"chr8","18129518","18129829","chr5","85045085","85045391","28","66915567"
"chr8","18480638","18480931","chr9","37704433","37704729","42","19223795"
"chr8","18567860","18568163","chr3","74700651","74700954","30","56132791"
"chr8","18606034","18606332","chr11","56089370","56089672","39","37483336"
"chr8","18631603","18631903","chr2","44364597","44364899","29","25732994"
"chr8","18691554","18691839","chr8","22404858","22405142","21","3713304"
"chr8","18998835","18999133","chr11","110456127","110456422","31","91457292"
"chr8","19031059","19031254","chr3","37719671","37719846","47","18688612"
"chr8","19287020","19287342","chr1","95648230","95648547","39","76361210"
"chr8","19422660","19422833","chr6","67570862","67571028","24","48148202"
"chr8","19463773","19464064","chr6","155329774","155330069","31","135866001"
"chr8","19465710","19466025","chr8","119831472","119831781","30","100365762"
"chr8","19485346","19485629","chr1","8738916","8739205","43","10746430"
"chr8","19490718","19491034","chr6","174905209","174905512","39","155414491"
"chr8","19536210","19536520","chr8","23284987","23285285","47","3748777"
"chr8","19764726","19765004","chr9","27104524","27104814","49","7339798"
"chr8","19810551","19810860","chr1","156547387","156547697","42","136736836"
"chr8","19848801","19849104","chr8","23591825","23592134","28","3743024"
"chr8","19979258","19979574","chr6","174905209","174905512","40","154925951"
"chr8","20030188","20030413","chr9","93688855","93689088","32","73658667"
"chr8","20186968","20187256","chr8","23941491","23941787","36","3754523"
"chr8","20790104","20790322","chr19","6719241","6719460","35","14070863"
"chr8","21061122","21061426","chrX","872740","873049","44","20188382"
"chr8","21598043","21598342","chr6","173896362","173896661","36","152298319"
"chr8","21625098","21625397","chr1","61388678","61388976","33","39763580"
"chr8","21630545","21630861","chr11","63335192","63335490","54","41704647"
"chr8","21634919","21635220","chr8","120468586","120468882","34","98833667"
"chr8","21680386","21680683","chr8","25425586","25425875","30","3745200"
"chr8","21925970","21926271","chr16","67304548","67304851","35","45378578"
"chr8","22537614","22537916","chr4","6021240","6021544","33","16516374"
"chr8","22662900","22663057","chr12","96179892","96180046","21","73516992"
"chr8","22764302","22764598","chr3","160159784","160160076","37","137395482"
"chr8","22816702","22816997","chr12","115108242","115108542","29","92291540"
"chr8","22896562","22896859","chrX","23155568","23155864","31","259006"
"chr8","23011239","23011539","chr1","85807051","85807354","41","62795812"
"chr8","23132263","23132476","chr6","137319772","137319982","32","114187509"
"chr8","24006475","24006757","chr6","7095690","7095973","36","16910785"
"chr8","24150734","24151027","chr1","130574287","130574581","36","106423553"
"chr8","24330102","24330411","chrX","130126302","130126612","33","105796200"
"chr8","24364105","24364407","chr3","24924052","24924352","35","559947"
"chr8","24366616","24366909","chr8","28073962","28074249","31","3707346"
"chr8","24389834","24390127","chr10","73354021","73354316","34","48964187"
"chr8","24471114","24471353","chr6","63630625","63630830","68","39159511"
"chr8","24624399","24624699","chr5","188648995","188649286","55","164024596"
"chr8","24773076","24773251","chr16","41943604","41943785","23","17170528"
"chr8","24773584","24773715","chr7","68956423","68956553","12","44182839"
"chr8","24916916","24917195","chrX","117589965","117590253","37","92673049"
"chr8","24951341","24951660","chr6","174747937","174748244","37","149796596"
"chr8","25079279","25079575","chr2","95443669","95443966","31","70364390"
"chr8","25257746","25258050","chr10","74728581","74728883","29","49470835"
"chr8","25313757","25313916","chr19","45157083","45157235","31","19843326"
"chr8","25445042","25445352","chr9","93872647","93872956","30","68427605"
"chr8","25468492","25468794","chr1","61388678","61388976","31","35920186"
"chr8","25572561","25572817","chr8","29256394","29256650","24","3683833"
"chr8","25969225","25969510","chr8","29637722","29638010","21","3668497"
"chr8","26364309","26364616","chrX","130126302","130126612","30","103761993"
"chr8","26395561","26395869","chrX","95082495","95082798","38","68686934"
"chr8","26439638","26439948","chr13","39352330","39352639","31","12912692"
"chr8","26610870","26611030","chr19","32998981","32999142","23","6388111"
"chr8","26760193","26760491","chr3","81656161","81656467","41","54895968"
"chr8","26801069","26801371","chr8","30468141","30468438","24","3667072"
"chr8","26833252","26833534","chr8","30500022","30500305","25","3666770"
"chr8","26851556","26851856","chr8","30520146","30520448","31","3668590"
"chr8","27021531","27021827","chr5","1773882","1774179","32","25247649"
"chr8","27123489","27123800","chr8","30795051","30795364","37","3671562"
"chr8","27311319","27311617","chr8","30974147","30974448","35","3662828"
"chr8","27361505","27361678","chr11","6658602","6658773","35","20702903"
"chr8","27474891","27475192","chr20","54448223","54448522","30","26973332"
"chr8","27481306","27481581","chrX","18213365","18213639","33","9267941"
"chr8","27680902","27681196","chr11","108584077","108584374","34","80903175"
"chr8","27891030","27891328","chr1","101866711","101867013","60","73975681"
"chr8","28142238","28142539","chr6","177249478","177249776","31","149107240"
"chr8","28248216","28248463","chr5","133076217","133076473","26","104828001"
"chr8","28697981","28698301","chr16","20214396","20214716","44","8483585"
"chr8","29390556","29390849","chr1","165986343","165986631","32","136595787"
"chr8","29912583","29912755","chr1","9087561","9087734","16","20825022"
"chr8","29951463","29951750","chr14","66326782","66327072","35","36375319"
"chr8","29952190","29952491","chr3","7367921","7368221","29","22584269"
"chr8","29977772","29978034","chr5","133076217","133076473","35","103098445"
"chr8","29982066","29982378","chr4","21772415","21772724","41","8209651"
"chr8","30703937","30704231","chr9","37704433","37704729","32","7000496"
"chr8","30931138","30931439","chr19","35826176","35826481","35","4895038"
"chr8","31212294","31212604","chr7","157975400","157975709","42","126763106"
"chr8","31386295","31386588","chr3","15260287","15260583","41","16126008"
"chr8","31417448","31417630","chr19","53087200","53087382","31","21669752"
"chr8","31732790","31733094","chr8","35445096","35445407","35","3712306"
"chr8","31935330","31935629","chrX","23130799","23131097","30","8804531"
"chr8","32255160","32255450","chr8","35973752","35974043","31","3718592"
"chr8","32383203","32383512","chr1","158934421","158934728","44","126551218"
"chr8","32403100","32403399","chr8","36129662","36129965","40","3726562"
"chr8","32470152","32470440","chr8","36201985","36202280","34","3731833"
"chr8","32603808","32604104","chr6","147351072","147351371","39","114747264"
"chr8","32770070","32770378","chr1","165996033","165996341","31","133225963"
"chr8","32840256","32840382","chr10","82796400","82796530","26","49956144"
"chr8","33156751","33157061","chr8","36891523","36891835","26","3734772"
"chr8","33355979","33356274","chr2","149426177","149426474","33","116070198"
"chr8","33660622","33660908","chr7","19039688","19039974","32","14620934"
"chr8","33814221","33814523","chr4","69409816","69410121","35","35595595"
"chr8","34037378","34037683","chr4","3271842","3272149","40","30765536"
"chr8","34157115","34157418","chr8","37895161","37895465","34","3738046"
"chr8","34162790","34163082","chr7","154966593","154966888","30","120803803"
"chr8","34331504","34331813","chr4","127363604","127363914","36","93032100"
"chr8","34467774","34467946","chr7","129362850","129363013","35","94895076"
"chr8","34470851","34471154","chr8","38212604","38212909","44","3741753"
"chr8","34487608","34487769","chr5","139059636","139059807","30","104572028"
"chr8","34499791","34499994","chr19","964579","964783","35","33535212"
"chr8","34544583","34544796","chr18","12157369","12157570","60","22387214"
"chr8","34548517","34548720","chrX","147147954","147148141","58","112599437"
"chr8","34568332","34568626","chr9","48040053","48040344","38","13471721"
"chr8","34638505","34638671","chr3","183324547","183324710","22","148686042"
"chr8","34639000","34639124","chr2","150808102","150808226","15","116169102"
"chr8","34678828","34679141","chr4","5357211","5357521","31","29321617"
"chr8","34681390","34681691","chr2","175084557","175084856","34","140403167"
"chr8","34728146","34728330","chr20","53003463","53003641","29","18275317"
"chr8","34738140","34738437","chr20","30937004","30937299","34","3801136"
"chr8","34780535","34780847","chr8","38516141","38516447","42","3735606"
"chr8","34780852","34781126","chr6","7095690","7095973","47","27685162"
"chr8","34830407","34830638","chr11","122923268","122923491","31","88092861"
"chr8","34870086","34870245","chr9","120454632","120454793","27","85584546"
"chr8","35261669","35261979","chr1","164673789","164674098","30","129412120"
"chr8","35455429","35455739","chr8","39232660","39232965","30","3777231"
"chr8","35551896","35552155","chr13","61488412","61488673","46","25936516"
"chr8","35624835","35625130","chrX","47295423","47295720","28","11670588"
"chr8","36234408","36234698","chr4","54062553","54062848","32","17828145"
"chr8","36316209","36316346","chr3","33493296","33493438","34","2822913"
"chr8","36394236","36394517","chr5","41819509","41819795","31","5425273"
"chr8","36475667","36475956","chr8","40563365","40563650","29","4087698"
"chr8","36528817","36529113","chr2","95443669","95443966","31","58914852"
"chr8","36623377","36623689","chr10","36695892","36696195","39","72515"
"chr8","37027515","37027814","chr8","41109706","41110012","32","4082191"
"chr8","37154793","37155080","chr14","66326782","66327072","36","29171989"
"chr8","37205165","37205356","chr15","12186805","12187003","31","25018360"
"chr8","37275073","37275351","chr8","43968670","43968949","32","6693597"
"chr8","37377627","37377920","chr8","93631919","93632210","35","56254292"
"chr8","37531130","37531422","chr16","53671235","53671530","31","16140105"
"chr8","37534434","37534708","chr8","43713914","43714194","35","6179480"
"chr8","37590058","37590198","chr3","33493296","33493438","24","4096762"
"chr8","37743889","37744134","chr8","43499133","43499370","28","5755244"
"chr8","38005694","38005992","chr5","101125787","101126094","30","63120093"
"chr8","38017388","38017690","chr2","73119047","73119349","26","35101659"
"chr8","38111337","38111623","chr11","78834859","78835148","36","40723522"
"chr8","38395325","38395627","chr19","30352310","30352610","32","8043015"
"chr8","38747956","38748253","chr19","13754805","13755106","36","24993151"
"chr8","38752513","38752819","chr8","42426597","42426897","24","3674084"
"chr8","38808985","38809279","chr1","130574287","130574581","27","91765302"
"chr8","38846104","38846400","chr4","88700124","88700424","38","49854020"
"chr8","38902249","38902541","chr11","108584077","108584374","29","69681828"
"chr8","38921865","38922144","chr8","42258611","42258888","19","3336746"
"chr8","38983540","38983846","chr8","42195158","42195469","34","3211618"
"chr8","39007804","39008099","chr20","28697028","28697324","31","10310776"
"chr8","39020684","39020994","chr6","43551570","43551888","39","4530886"
"chr8","39063138","39063423","chr1","3203962","3204254","34","35859176"
"chr8","39072266","39072568","chr3","64175701","64176007","38","25103435"
"chr8","39156259","39156548","chr4","88700124","88700424","39","49543865"
"chr8","39180385","39180666","chr16","16909933","16910213","31","22270452"
"chr8","39234063","39234345","chr1","52429062","52429352","41","13194999"
"chr8","39285458","39285745","chr4","14767025","14767311","35","24518433"
"chr8","39286040","39286314","chr2","21321648","21321927","36","17964392"
"chr8","39304927","39305057","chr10","82796400","82796530","36","43491473"
"chr8","39318931","39319223","chr2","105019193","105019487","36","65700262"
"chr8","39377110","39377417","chr4","5955341","5955651","38","33421769"
"chr8","39389221","39389513","chr3","161716772","161717066","33","122327551"
"chr8","39405856","39406165","chr8","41768573","41768881","34","2362717"
"chr8","39453688","39453980","chr8","41718631","41718927","22","2264943"
"chr8","39479124","39479406","chr1","124490019","124490302","27","85010895"
"chr8","39551692","39551995","chr10","5919915","5920217","31","33631777"
"chr8","39643649","39643906","chr8","41513981","41514237","23","1870332"
"chr8","39734913","39735091","chr5","139059636","139059807","25","99324723"
"chr8","39826620","39826931","chr9","93872647","93872956","30","54046027"
"chr8","40172508","40172795","chr3","86325073","86325351","51","46152565"
"chr8","44087362","44087650","chr3","50468611","50468907","49","6381249"
"chr8","44212341","44212652","chrX","872740","873049","45","43339601"
"chr8","44444532","44444834","chr1","85807051","85807354","36","41362519"
"chr8","44587997","44588275","chr8","765251","765528","34","43822746"
"chr8","45013045","45013208","chr7","90242733","90242879","45","45229688"
"chr8","45159349","45159642","chr17","31800250","31800541","26","13359099"
"chr8","45172909","45173212","chr8","44975010","44975313","41","197899"
"chr8","45327750","45328049","chr8","45132445","45132740","28","195305"
"chr8","45384928","45385198","chr8","45192885","45193142","30","192043"
"chr8","45399842","45400151","chr8","45234092","45234410","37","165750"
"chr8","45415660","45415954","chrX","872740","873049","43","44542920"
"chr8","45441744","45442028","chr17","58476340","58476622","32","13034596"
"chr8","45653996","45654288","chr8","45531730","45532018","26","122266"
"chr8","45671327","45671624","chr4","98321408","98321701","33","52650081"
"chr8","45678021","45678295","chr8","45552320","45552598","29","125701"
"chr8","45789637","45789943","chr4","5357211","5357521","37","40432426"
"chr8","45906779","45907067","chr8","45800896","45801190","30","105883"
"chr8","46041308","46041606","chr3","75112706","75113002","32","29071398"
"chr8","46193439","46193728","chr10","27762235","27762528","30","18431204"
"chr8","46263831","46264129","chr8","46143387","46143684","33","120444"
"chr8","46319061","46319373","chr3","150128080","150128394","41","103809019"
"chr8","46847676","46848008","chr12","21845751","21846051","72","25001925"
"chr8","47189047","47189337","chr4","137261768","137262054","40","90072721"
"chr8","47762107","47762415","chrX","52884540","52884848","45","5122433"
"chr8","47962850","47963055","chr17","39176135","39176331","40","8786715"
"chr8","48569584","48569885","chr8","50855641","50855935","35","2286057"
"chr8","48759798","48760093","chr1","22411003","22411299","31","26348795"
"chr8","48843726","48844043","chr3","47683329","47683644","41","1160397"
"chr8","49119288","49119589","chr7","9822708","9823006","35","39296580"
"chr8","49227572","49227828","chr4","123492158","123492422","40","74264586"
"chr8","49317948","49318256","chr5","56782544","56782853","36","7464596"
"chr8","49499249","49499545","chr2","84295934","84296234","32","34796685"
"chr8","49509985","49510292","chr3","54644532","54644842","29","5134547"
"chr8","49542995","49543289","chr12","121351661","121351954","33","71808666"
"chr8","50051570","50051868","chr11","124283009","124283305","32","74231439"
"chr8","50322253","50322556","chr2","64819781","64820080","30","14497528"
"chr8","50364075","50364365","chr4","154039231","154039527","31","103675156"
"chr8","50462931","50463205","chr1","8738916","8739205","64","41724015"
"chr8","50834497","50834807","chrX","872740","873049","26","49961757"
"chr8","50911193","50911487","chr13","15627280","15627569","40","35283913"
"chr8","51392012","51392274","chr3","41527642","41527904","35","9864370"
"chr8","51497581","51497901","chr6","43551570","43551888","40","7946011"
"chr8","51594498","51594789","chr8","51765677","51765987","43","171179"
"chr8","51637474","51637732","chr3","145461995","145462258","53","93824521"
"chr8","51702047","51702240","chr6","158452354","158452564","39","106750307"
"chr8","51718574","51718871","chrX","19203852","19204150","34","32514722"
"chr8","51728580","51728874","chr4","3379423","3379712","35","48349157"
"chr8","51736200","51736500","chr1","54184910","54185214","34","2448710"
"chr8","51788348","51788655","chr8","51959331","51959639","31","170983"
"chr8","51887827","51888128","chr2","159694664","159694955","37","107806837"
"chr8","52290502","52290797","chr4","88700124","88700424","43","36409622"
"chr8","52722624","52722910","chr16","45844409","45844695","48","6878215"
"chr8","52728955","52729261","chr14","118913053","118913356","38","66184098"
"chr8","53003340","53003647","chr4","5955341","5955651","30","47047999"
"chr8","53385824","53386088","chr3","86824034","86824296","34","33438210"
"chr8","53575295","53575581","chr5","147526333","147526620","30","93951038"
"chr8","53598061","53598353","chr12","110042316","110042609","50","56444255"
"chr8","53643388","53643660","chr1","49408758","49409030","41","4234630"
"chr8","53848215","53848520","chr7","113241613","113241916","38","59393398"
"chr8","53859445","53859738","chr17","16123214","16123508","28","37736231"
"chr8","53895765","53896073","chr8","54083184","54083492","32","187419"
"chr8","54102169","54102439","chr8","54282378","54282657","30","180209"
"chr8","54216604","54216905","chr3","48879684","48879984","30","5336920"
"chr8","54576132","54576429","chr8","54768305","54768603","29","192173"
"chr8","55430019","55430320","chr6","130682494","130682794","50","75252475"
"chr8","55494959","55495256","chr8","55701178","55701478","30","206219"
"chr8","55529870","55530179","chr19","35701715","35702022","35","19828155"
"chr8","55545043","55545333","chr8","55759168","55759459","30","214125"
"chr8","55648134","55648439","chr8","55877881","55878196","47","229747"
"chr8","56253060","56253370","chr6","108528235","108528546","39","52275175"
"chr8","56332245","56332546","chr8","56610739","56611039","31","278494"
"chr8","56370875","56371186","chr8","56653452","56653761","37","282577"
"chr8","56434729","56435025","chr2","57288005","57288297","27","853276"
"chr8","56790214","56790526","chrX","130126302","130126612","36","73336088"
"chr8","56793299","56793590","chr8","57069782","57070086","42","276483"
"chr8","56917968","56918262","chr11","108584077","108584374","30","51666109"
"chr8","57583138","57583397","chr8","57896985","57897244","19","313847"
"chr8","57960191","57960491","chr7","61608289","61608587","37","3648098"
"chr8","58273345","58273639","chr4","17893190","17893477","35","40380155"
"chr8","58294217","58294521","chr19","1427891","1428190","36","56866326"
"chr8","58346660","58346826","chr4","62431007","62431163","34","4084347"
"chr8","58642897","58643173","chr8","58927077","58927363","39","284180"
"chr8","58727964","58728262","chr20","36501714","36502014","25","22226250"
"chr8","59128182","59128481","chr19","1120205","1120506","48","58007977"
"chr8","59233671","59233955","chr19","1147467","1147760","40","58086204"
"chr8","59279310","59279601","chr16","19717324","19717617","33","39561986"
"chr8","59530746","59531018","chrX","28117470","28117748","43","31413276"
"chr8","59803417","59803733","chr1","139638741","139639054","42","79835324"
"chr8","59838587","59838886","chr8","60043874","60044178","42","205287"
"chr8","60213650","60213947","chr15","87598388","87598685","29","27384738"
"chr8","60934654","60934962","chr7","139352125","139352430","31","78417471"
"chr8","60953744","60954043","chr3","48879684","48879984","36","12074060"
"chr8","61187503","61187672","chr5","139059636","139059807","24","77872133"
"chr8","61995289","61995599","chr8","62234698","62235001","34","239409"
"chr8","62240749","62241009","chr3","41527642","41527904","34","20713107"
"chr8","62586106","62586415","chrX","53464436","53464745","31","9121670"
"chr8","62649404","62649697","chr3","48912719","48913013","29","13736685"
"chr8","62955173","62955461","chr12","121351661","121351954","34","58396488"
"chr8","63159206","63159480","chr8","63460664","63460934","28","301458"
"chr8","63310315","63310617","chr1","54184910","54185214","30","9125405"
"chr8","63338518","63338775","chr8","63635038","63635288","28","296520"
"chr8","63395315","63395616","chr16","25803416","25803717","35","37591899"
"chr8","63442163","63442466","chr14","2713092","2713395","36","60729071"
"chr8","63494494","63494699","chr2","25165865","25166074","34","38328629"
"chr8","63726258","63726537","chr2","97235502","97235781","30","33509244"
"chr8","63868602","63868893","chr1","34922657","34922952","37","28945945"
"chr8","63911457","63911766","chr5","85045085","85045391","37","21133628"
"chr8","64245802","64246110","chr14","2713092","2713395","33","61532710"
"chr8","64460868","64461165","chr8","64763347","64763644","31","302479"
"chr8","64501878","64502154","chr1","204307037","204307312","40","139805159"
"chr8","64521847","64522146","chr8","64827146","64827445","38","305299"
"chr8","64532092","64532392","chr8","64837557","64837854","23","305465"
"chr8","64562553","64562861","chr3","24845532","24845839","34","39717021"
"chr8","64591683","64591861","chr8","80113522","80113697","24","15521839"
"chr8","64649456","64649749","chr5","185671452","185671742","31","121021996"
"chr8","64700267","64700562","chr19","34875967","34876267","37","29824300"
"chr8","64712022","64712173","chr7","3648725","3648875","32","61063297"
"chr8","64718629","64718939","chr8","65019239","65019549","25","300610"
"chr8","64730098","64730396","chr4","88700124","88700424","22","23970026"
"chr8","64854316","64854595","chr8","65148315","65148586","38","293999"
"chr8","64878941","64879238","chr2","204352529","204352829","49","139473588"
"chr8","64921971","64922271","chr8","65214285","65214580","41","292314"
"chr8","64964569","64964834","chr20","53854989","53855254","32","11109580"
"chr8","65006196","65006492","chr8","65295595","65295892","26","289399"
"chr8","65016286","65016577","chr2","21281560","21281855","30","43734726"
"chr8","65124791","65125070","chr3","12332767","12333051","31","52792024"
"chr8","65219495","65219786","chr10","35385148","35385439","38","29834347"
"chr8","65238308","65238593","chr4","137261768","137262054","30","72023460"
"chr8","65259773","65260065","chr13","92512308","92512602","27","27252535"
"chr8","65279607","65279904","chr4","54062553","54062848","34","11217054"
"chr8","66097464","66097769","chrX","14683994","14684298","37","51413470"
"chr8","66187795","66187962","chr12","44446416","44446578","30","21741379"
"chr8","66500616","66500922","chr8","66830624","66830937","40","330008"
"chr8","66543688","66543985","chr12","17633614","17633916","49","48910074"
"chr8","66654517","66654816","chr7","113241613","113241916","27","46587096"
"chr8","66906130","66906277","chr3","33493296","33493438","26","33412834"
"chr8","67235290","67235576","chr8","67540519","67540809","29","305229"
"chr8","67317777","67318054","chr8","67624372","67624649","33","306595"
"chr8","67606203","67606508","chr8","67905419","67905717","33","299216"
"chr8","67828154","67828462","chr6","139609537","139609841","35","71781383"
"chr8","67879262","67879564","chr5","186558290","186558585","49","118679028"
"chr8","67888453","67888739","chr4","3379423","3379712","48","64509030"
"chr8","67944276","67944587","chr2","150813793","150814095","47","82869517"
"chr8","68041904","68042204","chr8","68348816","68349105","24","306912"
"chr8","68127007","68127165","chrX","51786687","51786849","35","16340320"
"chr8","68348346","68348635","chr8","68699341","68699632","28","350995"
"chr8","68399538","68399857","chr8","68745580","68745901","30","346042"
"chr8","69231590","69231893","chr5","51852378","51852683","34","17379212"
"chr8","69346357","69346525","chr3","76215454","76215617","24","6869097"
"chr8","69561931","69562230","chr7","83941543","83941842","31","14379612"
"chr8","69696321","69696631","chr16","6373416","6373727","29","63322905"
"chr8","69977368","69977662","chr8","70360904","70361197","30","383536"
"chr8","70000163","70000466","chr1","54184910","54185214","30","15815253"
"chr8","70086834","70087149","chr4","110570346","110570658","42","40483512"
"chr8","70335941","70336238","chr10","87136170","87136463","38","16800229"
"chr8","70730471","70730771","chr7","155744826","155745124","30","85014355"
"chr8","70742599","70742854","chr2","55729004","55729244","37","15013595"
"chr8","70877033","70877301","chr1","216888899","216889162","36","146011866"
"chr8","70941193","70941338","chr12","94507820","94507970","41","23566627"
"chr8","70947068","70947339","chr8","43235994","43236263","64","27711074"
"chr8","71143925","71144022","chr11","127837568","127837636","33","56693643"
"chr8","71583821","71584109","chr4","17893190","17893477","34","53690631"
"chr8","71659546","71659848","chr1","54184910","54185214","29","17474636"
"chr8","71721000","71721296","chr4","21309683","21309973","32","50411317"
"chr8","71818346","71818629","chrX","117589965","117590253","37","45771619"
"chr8","71924947","71925237","chr8","138027715","138028012","35","66102768"
"chr8","72012531","72012779","chr8","72286989","72287242","35","274458"
"chr8","72391689","72392008","chr19","15978488","15978799","36","56413201"
"chr8","72457503","72457800","chr8","72713201","72713492","28","255698"
"chr8","72520641","72520930","chr8","72767678","72767977","39","247037"
"chr8","72527935","72528227","chr2","100586330","100586626","34","28058395"
"chr8","73290274","73290568","chr12","121351661","121351954","31","48061387"
"chr8","73426232","73426495","chr8","73655232","73655488","38","229000"
"chr8","73459994","73460287","chr19","48904606","48904900","34","24555388"
"chr8","73494632","73494925","chr10","73354021","73354316","30","140611"
"chr8","73519840","73520127","chr2","109381027","109381314","37","35861187"
"chr8","73771692","73772010","chrX","130126302","130126612","48","56354610"
"chr8","74038499","74038792","chr11","108584077","108584374","42","34545578"
"chr8","74247479","74247784","chr3","81656161","81656467","37","7408682"
"chr8","74588629","74588970","chrX","13655787","13656117","49","60932842"
"chr8","74633818","74634068","chr3","124945537","124945788","41","50311719"
"chr8","74995585","74995880","chr11","108584077","108584374","38","33588492"
"chr8","75430031","75430351","chr8","65019239","65019549","38","10410792"
"chr8","75596482","75596638","chr11","54926961","54927123","28","20669521"
"chr8","76400475","76400766","chr15","87598388","87598685","35","11197913"
"chr8","76470584","76470827","chr5","184907633","184907884","35","108437049"
"chr8","76657871","76658158","chr14","66326782","66327072","34","10331089"
"chr8","76738223","76738514","chr1","56044044","56044339","42","20694179"
"chr8","78101339","78101633","chrX","23155568","23155864","24","54945771"
"chr8","78176966","78177270","chr1","54184910","54185214","25","23992056"
"chr8","78290217","78290529","chr16","54764613","54764924","40","23525604"
"chr8","78316919","78317227","chr3","81656161","81656467","30","3339242"
"chr8","78521597","78521889","chr13","92512308","92512602","32","13990711"
"chr8","78555736","78556028","chr8","78743698","78743998","28","187962"
"chr8","78635049","78635357","chrX","53714392","53714701","28","24920657"
"chr8","78811792","78812086","chr3","64175701","64176007","36","14636091"
"chr8","79232853","79233112","chr8","79434104","79434358","22","201251"
"chr8","79688508","79688800","chr6","1092742","1093043","42","78595766"
"chr8","79930305","79930528","chr5","12097779","12098023","53","67832526"
"chr8","80153599","80153910","chr4","5357211","5357521","46","74796388"
"chr8","80260695","80260979","chr14","34067796","34068077","39","46192899"
"chr8","80340937","80341245","chr7","31892187","31892496","45","48448750"
"chr8","80566614","80566900","chr1","23507101","23507386","38","57059513"
"chr8","80734203","80734469","chr20","53854989","53855254","43","26879214"
"chr8","80781916","80782228","chrX","53714392","53714701","40","27067524"
"chr8","80810005","80810307","chr15","6043184","6043487","32","74766821"
"chr8","80868187","80868496","chr3","181513518","181513820","53","100645331"
"chr8","81062201","81062500","chr16","75078674","75078974","36","5983527"
"chr8","81593250","81593546","chr4","54062553","54062848","31","27530697"
"chr8","82602085","82602395","chr16","3245842","3246150","41","79356243"
"chr8","83392334","83392495","chr19","42189213","42189372","25","41203121"
"chr8","83468451","83468745","chr8","83740499","83740794","25","272048"
"chr8","83736891","83737201","chr1","206153473","206153775","40","122416582"
"chr8","84101454","84101742","chr13","106164334","106164628","37","22062880"
"chr8","84497011","84497308","chr1","22411003","22411299","34","62086008"
"chr8","84550671","84550967","chr8","84704298","84704594","27","153627"
"chr8","84854175","84854407","chr19","12959091","12959278","67","71895084"
"chr8","84870976","84871281","chr17","63566017","63566319","35","21304959"
"chr8","85126527","85126839","chr8","85369874","85370186","38","243347"
"chr8","85204000","85204290","chr11","33868257","33868543","32","51335743"
"chr8","85256984","85257284","chr8","85491499","85491818","53","234515"
"chr8","85616952","85617229","chr8","65531215","65531499","39","20085737"
"chr8","85927296","85927593","chr11","108584077","108584374","31","22656781"
"chr8","87229451","87229761","chr8","87510425","87510732","34","280974"
"chr8","87412899","87413214","chr14","49167339","49167646","41","38245560"
"chr8","87564116","87564412","chr1","160160562","160160856","29","72596446"
"chr8","88020765","88021064","chr4","57963003","57963297","46","30057762"
"chr8","88384120","88384404","chr17","8115491","8115775","30","80268629"
"chr8","88780262","88780563","chr3","7367921","7368221","32","81412341"
"chr8","88986685","88986996","chr1","54184910","54185214","36","34801775"
"chr8","89229256","89229352","chr1","12339903","12339996","18","76889353"
"chr8","89230060","89230226","chr16","30221706","30221869","21","59008354"
"chr8","89467267","89467425","chr3","70814394","70814554","23","18652873"
"chr8","89665805","89666100","chr6","173896362","173896661","33","84230557"
"chr8","89780703","89781007","chr8","90190532","90190844","34","409829"
"chr8","90064956","90065259","chr3","153020578","153020876","33","62955622"
"chr8","90146502","90146798","chr8","90562731","90563036","39","416229"
"chr8","90372491","90372794","chr9","123139810","123140113","37","32767319"
"chr8","90718526","90718824","chr3","42228936","42229238","33","48489590"
"chr8","91282585","91282894","chr2","80913807","80914116","35","10368778"
"chr8","91916363","91916673","chr1","15179992","15180292","36","76736371"
"chr8","92129426","92129718","chr8","92494055","92494343","31","364629"
"chr8","92210700","92210901","chr17","39176135","39176331","48","53034565"
"chr8","92214630","92214924","chr7","55734086","55734382","31","36480544"
"chr8","92547858","92548150","chr5","184105008","184105299","25","91557150"
"chr8","92577363","92577549","chrX","147147954","147148141","37","54570591"
"chr8","92607887","92608191","chr1","117079434","117079735","38","24471547"
"chr8","92614814","92615108","chr3","7367921","7368221","29","85246893"
"chr8","92669834","92670131","chr8","93017838","93018135","28","348004"
"chr8","92685902","92686162","chr8","29256394","29256650","34","63429508"
"chr8","92844430","92844713","chr15","44422532","44422812","33","48421898"
"chr8","92864777","92865083","chr5","145110096","145110404","43","52245319"
"chr8","92905414","92905611","chr6","63630625","63630830","33","29274789"
"chr8","92918321","92918607","chr2","187089411","187089694","31","94171090"
"chr8","93062862","93063000","chr7","90242733","90242879","44","2820129"
"chr8","93118072","93118385","chr8","93455762","93456064","35","337690"
"chr8","93118930","93119234","chr14","2713092","2713395","29","90405838"
"chr8","93165647","93165954","chr7","52277962","52278267","27","40887685"
"chr8","93169565","93169864","chr6","177249478","177249776","23","84079913"
"chr8","93179726","93180034","chr1","2715985","2716290","38","90463741"
"chr8","93242495","93242802","chr8","93585778","93586087","28","343283"
"chr8","93289148","93289453","chr10","30715548","30715853","29","62573600"
"chr8","93577578","93577812","chr8","93925142","93925380","27","347564"
"chr8","93637416","93637724","chr20","13943130","13943441","32","79694286"
"chr8","93659457","93659755","chr12","98570676","98570974","33","4911219"
"chr8","93924004","93924291","chr7","19039688","19039974","33","74884316"
"chr8","94173954","94174179","chr16","14612829","14613055","32","79561125"
"chr8","94538257","94538537","chr6","172598499","172598778","32","78060242"
"chr8","94729953","94730254","chrX","95082495","95082798","32","352542"
"chr8","94822504","94822800","chr8","95250203","95250499","35","427699"
"chr8","95020559","95020852","chr2","115581307","115581596","30","20560748"
"chr8","95154630","95154916","chr2","63419289","63419578","31","31735341"
"chr8","95260502","95260800","chr10","36866778","36867077","31","58393724"
"chr8","95490758","95491066","chr8","95891075","95891381","29","400317"
"chr8","95682655","95682953","chr11","108584077","108584374","33","12901422"
"chr8","95711786","95712092","chr8","105120121","105120431","36","9408335"
"chr8","95826699","95826996","chr10","38772882","38773178","25","57053817"
"chr8","95910044","95910335","chr3","175664911","175665204","28","79754867"
"chr8","95927809","95928116","chr8","96289208","96289517","30","361399"
"chr8","95934066","95934374","chr4","5357211","5357521","27","90576855"
"chr8","95948996","95949294","chr11","108584077","108584374","37","12635081"
"chr8","95974090","95974380","chr3","160159784","160160076","32","64185694"
"chr8","96071393","96071580","chr16","7509806","7509984","40","88561587"
"chr8","96077653","96077958","chr14","118913053","118913356","35","22835400"
"chr8","96183062","96183360","chr8","96562576","96562873","22","379514"
"chr8","96364357","96364660","chr8","96741935","96742235","27","377578"
"chr8","96541105","96541276","chr3","76215454","76215617","28","20325651"
"chr8","96996195","96996497","chr11","108584077","108584374","38","11587882"
"chr8","97182092","97182399","chr8","97575187","97575489","28","393095"
"chr8","97573099","97573387","chrX","26177600","26177891","40","71395499"
"chr8","97588618","97588923","chr13","90075848","90076160","31","7512770"
"chr8","97667992","97668299","chr2","84060483","84060788","35","13607509"
"chr8","98053708","98054007","chr17","20015491","20015789","30","78038217"
"chr8","98193807","98194102","chr8","98627818","98628117","34","434011"
"chr8","98322584","98322873","chr2","84500826","84501114","27","13821758"
"chr8","98371873","98372178","chr8","98817243","98817559","39","445370"
"chr8","98464563","98464862","chr8","98913485","98913790","25","448922"
"chr8","98651122","98651429","chr1","54184910","54185214","32","44466212"
"chr8","98856051","98856352","chr6","173896362","173896661","33","75040311"
"chr8","99064178","99064461","chr7","113437485","113437769","39","14373307"
"chr8","99121570","99121871","chr4","88700124","88700424","25","10421446"
"chr8","99123228","99123527","chr4","88700124","88700424","24","10423104"
"chr8","99199364","99199659","chrX","23130799","23131097","43","76068565"
"chr8","99295845","99296155","chr1","165996033","165996341","24","66700188"
"chr8","99304364","99304415","chr14","18724456","18724513","17","80579908"
"chr8","100016076","100016383","chr8","100431812","100432119","24","415736"
"chr8","100080583","100080880","chr3","137500165","137500464","25","37419582"
"chr8","100233142","100233451","chr4","69409816","69410121","32","30823326"
"chr8","100273826","100274124","chr8","100695485","100695783","30","421659"
"chr8","100350927","100351237","chr8","100766445","100766756","28","415518"
"chr8","100554028","100554325","chr15","8841295","8841593","41","91712733"
"chr8","100691252","100691543","chr2","5763005","5763294","44","94928247"
"chr8","100749580","100749743","chr18","12359809","12359972","21","88389771"
"chr8","100946222","100946390","chr10","47192046","47192215","21","53754176"
"chr8","101019097","101019403","chr4","166048991","166049300","33","65029894"
"chr8","101031590","101031897","chrX","872740","873049","31","100158850"
"chr8","101250462","101250732","chr8","101657779","101658017","51","407317"
"chr8","101284913","101285217","chr1","54184910","54185214","31","47100003"
"chr8","101392770","101393093","chr8","101801701","101802019","37","408931"
"chr8","101480185","101480479","chr8","101892097","101892390","30","411912"
"chr8","101619528","101619825","chr20","36501714","36502014","27","65117814"
"chr8","101663837","101664130","chr5","17150761","17151056","30","84513076"
"chr8","101715277","101715573","chr2","149644045","149644340","33","47928768"
"chr8","101720528","101720829","chr1","54184910","54185214","33","47535618"
"chr8","101737842","101738133","chr1","188927696","188927997","40","87189854"
"chr8","101752870","101753168","chr1","42018653","42018950","42","59734217"
"chr8","101920279","101920600","chr7","87947189","87947499","42","13973090"
"chr8","102066049","102066327","chr8","102513127","102513399","24","447078"
"chr8","102252794","102253072","chr19","27566287","27566562","31","74686507"
"chr8","102381457","102381751","chr14","121866583","121866878","32","19485126"
"chr8","102397631","102397940","chr7","39756364","39756671","31","62641267"
"chr8","102431790","102432100","chr4","5955341","5955651","33","96476449"
"chr8","102437423","102437730","chr9","115861972","115862277","35","13424549"
"chr8","103023096","103023311","chr8","103455867","103456083","16","432771"
"chr8","103078853","103079155","chr8","115461075","115461370","40","12382222"
"chr8","103305837","103306100","chr2","56486018","56486290","45","46819819"
"chr8","103503379","103503697","chrX","130126302","130126612","46","26622923"
"chr8","103695583","103695897","chr15","9923364","9923678","29","93772219"
"chr8","103780686","103780995","chrX","130126302","130126612","29","26345616"
"chr8","103791420","103791737","chr8","104266101","104266385","57","474681"
"chr8","103875131","103875406","chr8","104346865","104347138","28","471734"
"chr8","104365439","104365737","chr20","30937004","30937299","26","73428435"
"chr8","104724868","104725178","chr8","105120121","105120431","27","395253"
"chr8","104749706","104750005","chr1","221660581","221660877","35","116910875"
"chr8","104902202","104902485","chr10","17678277","17678561","29","87223925"
"chr8","105676482","105676769","chr8","106126199","106126487","29","449717"
"chr8","105686371","105686681","chr4","5357211","5357521","36","100329160"
"chr8","105821127","105821377","chr16","19460660","19460911","48","86360467"
"chr8","106164084","106164412","chr1","95648230","95648547","43","10515854"
"chr8","106986754","106987066","chr1","46662392","46662703","36","60324362"
"chr8","107332599","107332905","chr8","107733894","107734202","29","401295"
"chr8","107415995","107416284","chr8","35973752","35974043","30","71442243"
"chr8","107493185","107493485","chr3","7367921","7368221","33","100125264"
"chr8","107497507","107497797","chr12","121351661","121351954","33","13854154"
"chr8","107715501","107715794","chr7","55734086","55734382","37","51981415"
"chr8","107759615","107759908","chr3","74896182","74896480","38","32863433"
"chr8","108947019","108947302","chr16","49026129","49026414","37","59920890"
"chr8","109030365","109030629","chr8","109436973","109437225","36","406608"
"chr8","109124253","109124504","chr6","113818338","113818585","37","4694085"
"chr8","109369943","109370151","chr8","109844277","109844482","24","474334"
"chr8","110032159","110032478","chr4","5955341","5955651","39","104076818"
"chr8","110815494","110815816","chr20","56319192","56319508","36","54496302"
"chr8","111026496","111026795","chrX","23155568","23155864","36","87870928"
"chr8","111591211","111591503","chr8","112140590","112140879","31","549379"
"chr8","112212164","112212336","chr3","127934070","127934247","28","15721906"
"chr8","112338254","112338554","chr7","61608289","61608587","35","50729965"
"chr8","112364981","112365285","chr7","35399714","35400013","39","76965267"
"chr8","113468106","113468414","chr1","155244835","155245140","38","41776729"
"chr8","113764387","113764693","chr16","51320033","51320343","41","62444354"
"chr8","113790263","113790558","chr9","64750408","64750698","34","49039855"
"chr8","113930278","113930574","chr14","13049020","13049304","56","100881258"
"chr8","114557226","114557536","chr1","164673789","164674098","33","50116563"
"chr8","114838709","114838990","chr1","220479140","220479419","37","105640431"
"chr8","114846479","114846801","chr8","115468889","115469199","37","622410"
"chr8","114931333","114931625","chr3","105975983","105976283","36","8955350"
"chr8","114959477","114959785","chr4","5357211","5357521","32","109602266"
"chr8","115190274","115190484","chr9","82349333","82349540","37","32840941"
"chr8","115290220","115290510","chr10","35385148","35385439","35","79905072"
"chr8","115520758","115521065","chr5","51423127","51423433","32","64097631"
"chr8","115615900","115616197","chr10","29765824","29766115","41","85850076"
"chr8","116199248","116199529","chr20","68769503","68769770","37","47429745"
"chr8","116310549","116310851","chr4","170001134","170001432","36","53690585"
"chr8","116682327","116682620","chr8","117339584","117339878","23","657257"
"chr8","116758800","116759109","chr1","54184910","54185214","34","62573890"
"chr8","117216037","117216345","chr5","26046733","26047034","38","91169304"
"chr8","117233787","117234093","chr9","105321199","105321510","32","11912588"
"chr8","117237638","117237862","chr11","46544888","46545108","32","70692750"
"chr8","117253648","117253956","chr4","5955341","5955651","33","111298307"
"chr8","117475364","117475647","chr1","137840473","137840762","50","20365109"
"chr8","117509502","117509792","chr7","84633298","84633596","42","32876204"
"chr8","117549163","117549444","chr8","118161393","118161663","36","612230"
"chr8","117690627","117690952","chr8","118292507","118292816","44","601880"
"chr8","117749672","117749985","chr1","7768760","7769067","35","109980912"
"chr8","118152364","118152653","chr10","59919325","59919614","34","58233039"
"chr8","118186555","118186865","chr4","5357211","5357521","32","112829344"
"chr8","118244598","118244892","chr1","162175697","162175990","30","43931099"
"chr8","118369932","118370223","chr2","84500826","84501114","32","33869106"
"chr8","118501103","118501404","chr7","127065845","127066144","27","8564742"
"chr8","118584945","118585081","chr16","75798194","75798317","41","42786751"
"chr8","118585390","118585404","chr2","26006867","26006882","4","92578523"
"chr8","118740393","118740702","chrX","130126302","130126612","37","11385909"
"chr8","118791749","118791904","chr20","15121853","15122007","31","103669896"
"chr8","118857530","118857830","chr2","199346069","199346364","32","80488539"
"chr8","118904214","118904516","chr14","118913053","118913356","34","8839"
"chr8","119092538","119092846","chr8","119692765","119693071","29","600227"
"chr8","119163264","119163499","chr8","119758890","119759109","33","595626"
"chr8","119224018","119224318","chr3","95674476","95674775","31","23549542"
"chr8","119681981","119682260","chr8","120208104","120208381","40","526123"
"chr8","119856087","119856377","chr9","115259231","115259523","33","4596856"
"chr8","119872503","119872789","chr4","15759988","15760269","42","104112515"
"chr8","119933349","119933671","chr8","120455141","120455459","34","521792"
"chr8","119946406","119946702","chr8","120468586","120468882","20","522180"
"chr8","120421992","120422291","chr6","177249478","177249776","33","56827486"
"chr8","120447411","120447715","chr16","76994028","76994336","34","43453383"
"chr8","120556501","120556798","chr2","84585817","84586114","30","35970684"
"chr8","120952390","120952590","chr6","63630625","63630830","45","57321765"
"chr8","121129496","121129795","chr2","202762443","202762740","30","81632947"
"chr8","121182387","121182677","chr5","184105008","184105299","35","62922621"
"chr8","121182678","121182981","chr2","47824467","47824767","31","73358211"
"chr8","121216877","121217176","chr2","41295742","41296044","32","79921135"
"chr8","121739266","121739548","chr8","122280261","122280548","35","540995"
"chr8","121745770","121746077","chr9","44599969","44600276","40","77145801"
"chr8","121891476","121891777","chr1","31096969","31097274","40","90794507"
"chr8","121950333","121950635","chr20","30937004","30937299","33","91013329"
"chr8","121989947","121990111","chr7","88306228","88306392","29","33683719"
"chr8","122154403","122154574","chr1","35561294","35561462","30","86593109"
"chr8","122500512","122500817","chr20","52938937","52939246","38","69561575"
"chr8","122619744","122619938","chr13","24672898","24673092","38","97946846"
"chr8","122634589","122634905","chr3","133265988","133266292","43","10631399"
"chr8","123034053","123034353","chr8","129714385","129714685","33","6680332"
"chr8","123096648","123096953","chr8","123628174","123628485","33","531526"
"chr8","123124907","123125205","chr8","123655862","123656167","28","530955"
"chr8","123165646","123165803","chr12","96179892","96180046","27","26985754"
"chr8","123506337","123506618","chr8","124033603","124033888","39","527266"
"chr8","123583044","123583354","chr10","7856482","7856792","33","115726562"
"chr8","123651111","123651340","chr8","124243477","124243706","25","592366"
"chr8","123937081","123937369","chr8","124522882","124523175","31","585801"
"chr8","124082065","124082279","chr1","212828457","212828675","24","88746392"
"chr8","124151678","124151982","chr11","108584077","108584374","31","15567601"
"chr8","124222770","124223066","chr10","73354021","73354316","34","50868749"
"chr8","124633677","124633978","chr1","39563825","39564136","35","85069852"
"chr8","124870734","124871030","chr8","115461075","115461370","32","9409659"
"chr8","124908081","124908394","chr1","220322720","220323024","46","95414639"
"chr8","125041895","125042205","chr4","5955341","5955651","35","119086554"
"chr8","125099526","125099822","chr6","177249478","177249776","26","52149952"
"chr8","125153324","125153637","chr8","125752280","125752603","31","598956"
"chr8","125546477","125546776","chr8","126167670","126167977","38","621193"
"chr8","125549305","125549513","chr2","22002316","22002521","28","103546989"
"chr8","125593492","125593787","chr16","9680856","9681147","33","115912636"
"chr8","125611415","125611710","chr8","126230422","126230720","26","619007"
"chr8","125612033","125612329","chr16","9680856","9681147","28","115931177"
"chr8","125615397","125615696","chr8","126230422","126230720","33","615025"
"chr8","125616016","125616317","chr13","56604870","56605176","38","69011146"
"chr8","125749419","125749725","chr4","5357211","5357521","41","120392208"
"chr8","125785641","125785938","chr15","87598388","87598685","34","38187253"
"chr8","126056916","126057176","chr3","40500739","40501004","33","85556177"
"chr8","126572280","126572581","chr4","36717241","36717544","32","89855039"
"chr8","126835535","126835834","chr9","32178167","32178466","34","94657368"
"chr8","126861053","126861345","chr16","2437247","2437543","40","124423806"
"chr8","126875415","126875727","chr12","8606516","8606818","45","118268899"
"chr8","126889370","126889682","chr10","72031369","72031681","30","54858001"
"chr8","127297008","127297298","chrX","23623898","23624189","33","103673110"
"chr8","127569386","127569689","chr20","57205726","57206029","32","70363660"
"chr8","127784487","127784750","chr10","49026178","49026438","39","78758309"
"chr8","127866904","127867200","chr2","53583540","53583829","38","74283364"
"chr8","128594220","128594279","chr15","21587442","21587502","17","107006778"
"chr8","128594762","128594957","chr5","740668","740849","42","127854094"
"chr8","128796937","128797200","chr15","45220784","45221053","37","83576153"
"chr8","128955899","128956210","chr8","129580403","129580698","36","624504"
"chr8","129094835","129095117","chr15","44422532","44422812","26","84672303"
"chr8","129219837","129220143","chr10","30006656","30006964","43","99213181"
"chr8","129414100","129414275","chr9","62270006","62270180","35","67144094"
"chr8","129604529","129604839","chr14","125534926","125535237","41","4069603"
"chr8","129818363","129818634","chrX","11640618","11640889","34","118177745"
"chr8","130173241","130173520","chr8","130806224","130806505","35","632983"
"chr8","130589734","130590031","chr8","131215418","131215712","27","625684"
"chr8","132199812","132200116","chr14","118913053","118913356","27","13286759"
"chr8","132222283","132222530","chr4","26193166","26193405","67","106029117"
"chr8","132337099","132337387","chrX","117589965","117590253","36","14747134"
"chr8","132546831","132547127","chr13","106164334","106164628","29","26382497"
"chr8","132687381","132687670","chr9","64106021","64106313","32","68581360"
"chr8","132889527","132889826","chr2","142091758","142092055","33","9202231"
"chr8","132957611","132957900","chr8","133560289","133560575","18","602678"
"chr8","133671537","133671776","chr16","11171665","11171896","49","122499872"
"chr8","133788292","133788597","chr6","36312745","36313052","39","97475547"
"chr8","134230073","134230359","chr8","134802214","134802500","27","572141"
"chr8","135309999","135310300","chr1","45138952","45139252","37","90171047"
"chr8","135357631","135357917","chr2","109381027","109381314","33","25976604"
"chr8","135367339","135367639","chr13","106164334","106164628","43","29203005"
"chr8","135416429","135416718","chr15","108330667","108330955","42","27085762"
"chr8","135586935","135587260","chr6","125570920","125571235","47","10016015"
"chr8","135737437","135737596","chr19","32419513","32419677","26","103317924"
"chr8","135959914","135960192","chr7","90028665","90028945","44","45931249"
"chr8","136093159","136093482","chr14","60335955","60336254","66","75757204"
"chr8","136605712","136606010","chr3","137367555","137367857","34","761843"
"chr8","136757781","136758091","chr12","19620918","19621225","27","117136863"
"chr8","136763512","136763809","chr19","48904606","48904900","32","87858906"
"chr8","136823504","136823745","chr9","93688855","93689088","33","43134649"
"chr8","136832426","136832729","chr8","137376522","137376832","38","544096"
"chr8","136868671","136868961","chr8","137406819","137407109","45","538148"
"chr8","137183866","137184034","chr19","4850434","4850601","32","132333432"
"chr8","137326311","137326405","chr3","66922726","66922825","17","70403585"
"chr8","137326786","137326960","chr14","37365936","37366112","43","99960850"
"chr8","137500844","137501153","chrX","872740","873049","32","136628104"
"chr8","138568970","138569275","chr10","72031369","72031681","31","66537601"
"chr8","138700121","138700435","chr8","139193433","139193752","32","493312"
"chr8","138822293","138822586","chr8","139320302","139320597","30","498009"
"chr8","138827448","138827719","chr8","139325678","139325962","41","498230"
"chr8","138838545","138838835","chr9","28763575","28763866","32","110074970"
"chr8","139139990","139140296","chr7","112291709","112292012","32","26848281"
"chr8","139199323","139199517","chr12","67307362","67307555","18","71891961"
"chr8","139234280","139234485","chr14","8643000","8643205","37","130591280"
"chr8","139257962","139258266","chr1","54184910","54185214","24","85073052"
"chr8","139405910","139406196","chr9","98411332","98411624","30","40994578"
"chr8","139443321","139443618","chr5","185671452","185671742","40","46228131"
"chr8","139641661","139641832","chr5","48848330","48848504","23","90793331"
"chr8","139745847","139746132","chr12","121351661","121351954","38","18394186"
"chr8","139760842","139761012","chr1","130615501","130615669","27","9145341"
"chr8","139763623","139763934","chr8","140234998","140235302","33","471375"
"chr8","139797456","139797765","chr2","84060483","84060788","38","55736973"
"chr8","139920137","139920430","chr2","100586330","100586626","31","39333807"
"chr8","141016962","141017295","chr13","16444397","16444724","47","124572565"
"chr8","141517838","141518165","chr4","132543231","132543546","45","8974607"
"chr8","141731844","141732145","chr11","108584077","108584374","27","33147767"
"chr8","142139363","142139657","chr4","166110078","166110370","36","23970715"
"chr8","142189887","142190177","chr15","9806809","9807106","39","132383078"
"chr8","142261512","142261810","chr3","168251317","168251618","37","25989805"
"chr8","142520321","142520621","chr15","104401844","104402147","33","38118477"
"chr8","142594613","142594910","chr4","54599855","54600165","34","87994758"
"chr8","143052340","143052645","chr1","165996033","165996341","43","22943693"
"chr8","143199543","143199851","chr9","32485820","32486124","31","110713723"
"chr8","143268400","143268709","chr3","81124541","81124852","43","62143859"
"chr8","143278274","143278580","chr8","143623595","143623901","26","345321"
"chr8","143398416","143398709","chr8","8325984","8326278","34","135072432"
"chr8","143728862","143729161","chr14","118913053","118913356","39","24815809"
"chr8","143868597","143868885","chr15","12161880","12162173","28","131706717"
"chr8","143888187","143888458","chr10","71683772","71684045","38","72204415"
"chr9","76939260","76939570","chr15","94586017","94586325","38","17646757"
"chr9","131202879","131203177","chr10","26329794","26330086","38","104873085"
"chr9","293458","293752","chr11","55009213","55009513","29","54715755"
"chr9","315525","315818","chr1","26700624","26700923","30","26385099"
"chr9","600210","600499","chr2","109381027","109381314","31","108780817"
"chr9","828332","828637","chr19","15978488","15978799","34","15150156"
"chr9","888869","889180","chr1","14303037","14303352","43","13414168"
"chr9","894464","894736","chr15","83652373","83652641","32","82757909"
"chr9","1993490","1993644","chr3","76215454","76215617","26","74221964"
"chr9","1997369","1997670","chr4","5357211","5357521","28","3359842"
"chr9","2135704","2135991","chr15","82446829","82447116","27","80311125"
"chr9","2207741","2208051","chr7","139352125","139352430","33","137144384"
"chr9","2339044","2339332","chr2","115581307","115581596","41","113242263"
"chr9","2683965","2684262","chr20","30937004","30937299","28","28253039"
"chr9","3193932","3194243","chr15","81341963","81342269","34","78148031"
"chr9","3376146","3376435","chr3","80674854","80675143","38","77298708"
"chr9","3386034","3386317","chr15","81143378","81143656","35","77757344"
"chr9","3387944","3388238","chr8","41718631","41718927","29","38330687"
"chr9","3436589","3436895","chr19","19114814","19115117","55","15678225"
"chr9","3560514","3560806","chr20","58879055","58879342","37","55318541"
"chr9","4201891","4202190","chr1","54184910","54185214","35","49983019"
"chr9","4279714","4280014","chr6","173896362","173896661","32","169616648"
"chr9","4543423","4543593","chr5","139059636","139059807","23","134516213"
"chr9","4548313","4548619","chr15","79990437","79990747","36","75442124"
"chr9","4551401","4551705","chr15","79990437","79990747","34","75439036"
"chr9","4802310","4802525","chr10","35244606","35244821","27","30442296"
"chr9","4825153","4825431","chr4","160692905","160693183","35","155867752"
"chr9","4834396","4834537","chr3","33493296","33493438","32","28658900"
"chr9","4882183","4882481","chr4","57732481","57732787","45","52850298"
"chr9","4883116","4883390","chr1","11858253","11858537","44","6975137"
"chr9","5004284","5004583","chr15","79572781","79573083","31","74568497"
"chr9","5542313","5542518","chr2","83649435","83649641","45","78107122"
"chr9","6529848","6530118","chr15","77983389","77983651","32","71453541"
"chr9","6594831","6595141","chr15","77911475","77911781","36","71316644"
"chr9","6635426","6635732","chr2","84060483","84060788","34","77425057"
"chr9","6685657","6685916","chr6","66582178","66582439","31","59896521"
"chr9","6721722","6721995","chr3","9408585","9408869","47","2686863"
"chr9","6723762","6724060","chr16","11360126","11360421","27","4636364"
"chr9","6785602","6785744","chr5","18060035","18060193","43","11274433"
"chr9","6793104","6793406","chr1","220322720","220323024","43","213529616"
"chr9","6934887","6935008","chr14","113311902","113312011","37","106377015"
"chr9","7327434","7327732","chr15","77170123","77170419","33","69842689"
"chr9","8063945","8064272","chr7","79617480","79617805","55","71553535"
"chr9","8158646","8158923","chr1","139390986","139391261","35","131232340"
"chr9","8296335","8296633","chr7","52277962","52278267","37","43981627"
"chr9","8488551","8488711","chr7","129362850","129363013","36","120874299"
"chr9","8572482","8572818","chr7","79921332","79921641","61","71348850"
"chr9","8851437","8851665","chr15","75627316","75627542","26","66775879"
"chr9","8888180","8888336","chr7","129362850","129363013","30","120474670"
"chr9","9022628","9022941","chr1","93563827","93564129","58","84541199"
"chr9","9047779","9048071","chr1","22411003","22411299","40","13363224"
"chr9","9256147","9256455","chr15","75232017","75232321","27","65975870"
"chr9","10318895","10319215","chr2","73457258","73457574","52","63138363"
"chr9","10803809","10804098","chr15","104401844","104402147","50","93598035"
"chr9","11934425","11934693","chr13","37460022","37460281","64","25525597"
"chr9","12032438","12032611","chr19","22253754","22253929","28","10221316"
"chr9","12086138","12086448","chr4","134852861","134853168","37","122766723"
"chr9","12128111","12128262","chr19","10635260","10635411","26","1492851"
"chr9","12314153","12314331","chr1","35561294","35561462","42","23247141"
"chr9","12344894","12345194","chr6","177249478","177249776","32","164904584"
"chr9","12584203","12584514","chr1","10790603","10790909","36","1793600"
"chr9","12611902","12612196","chr1","160978135","160978440","43","148366233"
"chr9","12644708","12644978","chr15","71647427","71647676","51","59002719"
"chr9","13111228","13111376","chr5","18060035","18060193","36","4948807"
"chr9","13191623","13191914","chr3","48912719","48913013","35","35721096"
"chr9","13367052","13367364","chr4","5357211","5357521","39","8009841"
"chr9","14575953","14576250","chr15","4929577","4929869","41","9646376"
"chr9","15112530","15112825","chr7","1749091","1749386","32","13363439"
"chr9","15323367","15323571","chr1","223370408","223370612","35","208047041"
"chr9","15367898","15368217","chr4","171747086","171747397","43","156379188"
"chr9","15435383","15435597","chr4","11102991","11103196","47","4332392"
"chr9","15499150","15499443","chr1","9185013","9185302","32","6314137"
"chr9","15625674","15625866","chr10","61814702","61814902","28","46189028"
"chr9","15626657","15626734","chr3","83243514","83243595","39","67616857"
"chr9","15627180","15627218","chr1","67616151","67616181","13","51988971"
"chr9","15741964","15742139","chr10","87270053","87270243","37","71528089"
"chr9","15784113","15784283","chr7","88306228","88306392","29","72522115"
"chr9","15861621","15861928","chr11","56089370","56089672","39","40227749"
"chr9","15998901","15999194","chr12","45857","46151","32","15953044"
"chr9","16034965","16035176","chr9","120349866","120350082","27","104314901"
"chr9","16772037","16772211","chr15","88479888","88480061","38","71707851"
"chr9","17182780","17183091","chr3","12455781","12456092","42","4726999"
"chr9","17278988","17279289","chr4","3752022","3752324","26","13526966"
"chr9","17279389","17279574","chr7","88306228","88306392","43","71026839"
"chr9","17473946","17474251","chr3","55433032","55433335","31","37959086"
"chr9","17878600","17878913","chr8","31204201","31204507","38","13325601"
"chr9","18357372","18357608","chr15","65874825","65875048","36","47517453"
"chr9","18862259","18862580","chr15","65404904","65405228","26","46542645"
"chr9","19402119","19402416","chr15","64900249","64900547","38","45498130"
"chr9","19410503","19410802","chr15","64890933","64891229","30","45480430"
"chr9","19429292","19429601","chr14","103953537","103953843","34","84524245"
"chr9","19434363","19434672","chr15","64870625","64870934","34","45436262"
"chr9","19462398","19462692","chr12","107010290","107010588","38","87547892"
"chr9","19490553","19490806","chr5","165039781","165040035","37","145549228"
"chr9","19499824","19500000","chr1","35561294","35561462","33","16061470"
"chr9","19525341","19525630","chr15","104438166","104438456","32","84912825"
"chr9","19528429","19528744","chr19","15978488","15978799","42","3549941"
"chr9","19535574","19535876","chr12","91512048","91512344","33","71976474"
"chr9","19605573","19605847","chr1","35099526","35099805","36","15493953"
"chr9","19686822","19687123","chr13","72779565","72779870","40","53092743"
"chr9","19733544","19733847","chr10","29529800","29530098","38","9796256"
"chr9","19741342","19741640","chr14","111318342","111318642","30","91577000"
"chr9","19852966","19853259","chr1","9659856","9660151","35","10193110"
"chr9","19932884","19933074","chr19","12959091","12959278","34","6973793"
"chr9","20673640","20673913","chr15","63598169","63598442","26","42924529"
"chr9","20960995","20961287","chr15","63303028","63303323","28","42342033"
"chr9","21517538","21517846","chrX","130126302","130126612","36","108608764"
"chr9","22153869","22154169","chr1","213809593","213809893","36","191655724"
"chr9","22593419","22593703","chr15","61682076","61682354","31","39088657"
"chr9","22785743","22786032","chr1","8738916","8739205","46","14046827"
"chr9","22816901","22817205","chr15","61479528","61479832","43","38662627"
"chr9","23202300","23202601","chrX","14683994","14684298","36","8518306"
"chr9","23253979","23254273","chr16","48096579","48096875","32","24842600"
"chr9","23458220","23458486","chr11","53392178","53392443","34","29933958"
"chr9","23920551","23920834","chr15","60349563","60349845","28","36429012"
"chr9","24302885","24303181","chr15","59972487","59972785","32","35669602"
"chr9","24747080","24747396","chr1","13136283","13136593","46","11610797"
"chr9","24789775","24790082","chr15","59362214","59362522","37","34572439"
"chr9","25029727","25030036","chr10","62224057","62224367","35","37194330"
"chr9","25057122","25057416","chr15","59202659","59202942","45","34145537"
"chr9","25062059","25062270","chr6","63630625","63630830","31","38568566"
"chr9","25348312","25348595","chr8","65531215","65531499","34","40182903"
"chr9","25485881","25486167","chr4","17893190","17893477","33","7592691"
"chr9","25592997","25593286","chr3","17547326","17547618","37","8045671"
"chr9","25959731","25960054","chr15","58256801","58257112","44","32297070"
"chr9","26057127","26057427","chr7","18025895","18026200","30","8031232"
"chr9","26082784","26083080","chr3","86439045","86439339","35","60356261"
"chr9","26253089","26253400","chrX","130126302","130126612","42","103873213"
"chr9","26545184","26545486","chr14","118913053","118913356","33","92367869"
"chr9","26564037","26564338","chr15","57679723","57680014","36","31115686"
"chr9","26635830","26636131","chr4","5955341","5955651","40","20680489"
"chr9","26645658","26645966","chr15","104401844","104402147","39","77756186"
"chr9","26952677","26952833","chr7","90242733","90242879","45","63290056"
"chr9","27160242","27160550","chrX","52884540","52884848","36","25724298"
"chr9","27333526","27333830","chr16","51138203","51138510","29","23804677"
"chr9","27386157","27386302","chr2","81167300","81167452","28","53781143"
"chr9","27407690","27407981","chr13","106164334","106164628","33","78756644"
"chr9","27508138","27508443","chr19","16362029","16362331","29","11146109"
"chr9","27665604","27665657","chr3","34903811","34903857","21","7238207"
"chr9","28295385","28295683","chr20","65776652","65776952","35","37481267"
"chr9","29215940","29216252","chr8","523592","523901","40","28692348"
"chr9","29488815","29489109","chr8","41718631","41718927","34","12229816"
"chr9","29743920","29744226","chr1","155244835","155245140","30","125500915"
"chr9","29762504","29762776","chr15","54475048","54475309","43","24712544"
"chr9","29899592","29899888","chr15","54318694","54318993","29","24419102"
"chr9","29985765","29986062","chr6","147351072","147351371","32","117365307"
"chr9","31224421","31224693","chr2","56486018","56486290","36","25261597"
"chr9","31381441","31381745","chr2","44364597","44364899","36","12983156"
"chr9","31472062","31472357","chr3","48912719","48913013","33","17440657"
"chr9","31757040","31757292","chr1","197311934","197312189","41","165554894"
"chr9","31788302","31788584","chr15","52499190","52499475","28","20710888"
"chr9","31817855","31818156","chr2","173361133","173361438","37","141543278"
"chr9","32726499","32726793","chr5","93079361","93079652","42","60352862"
"chr9","32997275","32997521","chr2","32323","32577","52","32964952"
"chr9","33538712","33539021","chr15","50817257","50817562","24","17278545"
"chr9","33599833","33600103","chr1","27524483","27524751","39","6075350"
"chr9","33680839","33681141","chr8","102704227","102704531","32","69023388"
"chr9","33692973","33693263","chr14","66326782","66327072","20","32633809"
"chr9","33908661","33908947","chr16","45844409","45844695","44","11935748"
"chr9","33910090","33910398","chr16","68877847","68878154","38","34967757"
"chr9","34086447","34086740","chr5","117401080","117401372","31","83314633"
"chr9","34147836","34148138","chr7","128527912","128528222","36","94380076"
"chr9","34218070","34218244","chr3","127934070","127934247","32","93716000"
"chr9","34228522","34228801","chr15","44422532","44422812","35","10194010"
"chr9","34237366","34237658","chr2","63419289","63419578","37","29181923"
"chr9","34267624","34267918","chr15","50413866","50414159","32","16146242"
"chr9","34268762","34268925","chr5","18060035","18060193","31","16208727"
"chr9","34272824","34272968","chr10","73381255","73381402","27","39108431"
"chr9","34276754","34277048","chr1","130574287","130574581","32","96297533"
"chr9","34302236","34302540","chr15","50367411","50367713","36","16065175"
"chr9","34389025","34389126","chr16","61274124","61274213","25","26885099"
"chr9","34395464","34395695","chr7","113558743","113558967","44","79163279"
"chr9","34433956","34434257","chr11","108584077","108584374","30","74150121"
"chr9","34444865","34445166","chr3","137367555","137367857","36","102922690"
"chr9","34447253","34447561","chr16","60244665","60244973","35","25797412"
"chr9","34467756","34467930","chr11","55484562","55484739","30","21016806"
"chr9","34474685","34474925","chr9","93688855","93689088","26","59214170"
"chr9","34585950","34586259","chr15","50080292","50080598","25","15494342"
"chr9","34591182","34591496","chr7","82874099","82874405","44","48282917"
"chr9","34609592","34609898","chr15","50056660","50056967","31","15447068"
"chr9","34687600","34687889","chr3","155246047","155246338","31","120558447"
"chr9","34761223","34761526","chr4","170001134","170001432","42","135239911"
"chr9","34900357","34900651","chr2","21926577","21926869","33","12973780"
"chr9","35035187","35035494","chrX","872740","873049","29","34162447"
"chr9","35036666","35036972","chrX","872740","873049","29","34163926"
"chr9","35391695","35391997","chr3","95674476","95674775","26","60282781"
"chr9","35408352","35408562","chr16","26139167","26139373","40","9269185"
"chr9","35481195","35481498","chr15","49234716","49235012","39","13753521"
"chr9","35541489","35541783","chr15","41981020","41981317","37","6439531"
"chr9","35560416","35560716","chr15","49155072","49155373","22","13594656"
"chr9","35562141","35562438","chr16","11360126","11360421","31","24202015"
"chr9","35590693","35590992","chr1","155244835","155245140","39","119654142"
"chr9","35597799","35597962","chr1","130446958","130447129","45","94849159"
"chr9","35598554","35598685","chr7","68956423","68956553","8","33357869"
"chr9","35693934","35694222","chr10","35925060","35925352","38","231126"
"chr9","35892027","35892341","chrX","872740","873049","38","35019287"
"chr9","36212097","36212384","chr15","108424452","108424741","29","72212355"
"chr9","36339774","36340071","chr5","40344267","40344565","30","4004493"
"chr9","36576965","36577125","chr19","4018531","4018683","30","32558434"
"chr9","36597170","36597346","chr6","67570862","67571028","38","30973692"
"chr9","36655036","36655327","chr9","107225403","107225696","36","70570367"
"chr9","36718714","36719023","chr2","84060483","84060788","37","47341769"
"chr9","36763211","36763519","chrX","53464436","53464745","31","16701225"
"chr9","36790288","36790597","chr16","68877847","68878154","30","32087559"
"chr9","36833755","36833997","chr15","47807844","47808087","33","10974089"
"chr9","36855096","36855393","chrX","95493966","95494262","36","58638870"
"chr9","36898444","36898599","chr19","4018531","4018683","36","32879913"
"chr9","36901018","36901196","chr15","10405383","10405560","43","26495635"
"chr9","36908840","36909145","chrX","872740","873049","37","36036100"
"chr9","36931016","36931317","chr3","7367921","7368221","36","29563095"
"chr9","36989023","36989300","chr1","19608573","19608851","34","17380450"
"chr9","37064459","37064748","chr15","49321033","49321323","44","12256574"
"chr9","37219891","37220194","chr1","112098733","112099037","32","74878842"
"chr9","37593461","37593528","chr15","21587442","21587502","17","16006019"
"chr9","37797521","37797829","chr4","5357211","5357521","34","32440310"
"chr9","37812327","37812635","chrX","52884540","52884848","25","15072213"
"chr9","38048016","38048310","chr2","109007017","109007313","35","70959001"
"chr9","38269252","38269574","chr1","3207271","3207593","48","35061981"
"chr9","38408664","38408939","chr2","201095571","201095854","51","162686907"
"chr9","38490720","38491033","chr15","46046857","46047162","35","7556137"
"chr9","38522271","38522546","chr1","42705566","42705852","59","4183295"
"chr9","38561644","38561946","chr1","85807051","85807354","29","47245407"
"chr9","39157182","39157490","chr2","81635445","81635747","34","42478263"
"chr9","39199203","39199469","chr3","128496104","128496369","40","89296901"
"chr9","39210115","39210419","chr5","770787","771089","41","38439328"
"chr9","39231961","39232023","chr8","96081034","96081104","18","56849073"
"chr9","39232297","39232553","chr18","39124865","39125111","48","107432"
"chr9","39346444","39346727","chr15","111316638","111316920","24","71970194"
"chr9","39494662","39494962","chr13","68880545","68880844","36","29385883"
"chr9","40131064","40131347","chr15","111316638","111316920","23","71185574"
"chr9","41564684","41564959","chr7","117066853","117067122","40","75502169"
"chr9","41686876","41687190","chr3","98926933","98927240","46","57240057"
"chr9","41761021","41761332","chr3","98926933","98927240","40","57165912"
"chr9","42418001","42418278","chr8","63460664","63460934","41","21042663"
"chr9","42495933","42496201","chr5","51984214","51984496","54","9488281"
"chr9","42695668","42695886","chr3","41416791","41416985","54","1278877"
"chr9","44492325","44492626","chr15","41981020","41981317","37","2511305"
"chr9","63188730","63188772","chr15","1380399","1380444","9","61808331"
"chr9","63188773","63188973","chr2","41409061","41409258","30","21779712"
"chr9","65518726","65519035","chr6","174905209","174905512","41","109386483"
"chr9","65556797","65556957","chr15","6911024","6911192","29","58645773"
"chr9","66271122","66271378","chr5","133076217","133076473","42","66805095"
"chr9","66832318","66832616","chr15","84506059","84506359","40","17673741"
"chr9","66871769","66872060","chr15","84506059","84506359","46","17634290"
"chr9","67436480","67436785","chr1","54184910","54185214","28","13251570"
"chr9","67495023","67495331","chrX","46502590","46502892","41","20992433"
"chr9","67559007","67559296","chr13","9550833","9551123","33","58008174"
"chr9","67573843","67574146","chr2","121997035","121997340","37","54423192"
"chr9","67640399","67640674","chr18","9922553","9922835","38","57717846"
"chr9","67654315","67654478","chr1","35561294","35561462","45","32093021"
"chr9","67710977","67711278","chr1","38218968","38219269","29","29492009"
"chr9","67812742","67813052","chrX","130126302","130126612","24","62313560"
"chr9","68194841","68195130","chr17","29150808","29151096","34","39044033"
"chr9","68228801","68229103","chr7","127065845","127066144","21","58837044"
"chr9","68335896","68336206","chr13","39352330","39352639","30","28983566"
"chr9","68969874","68970139","chr3","41527642","41527904","28","27442232"
"chr9","69505617","69505922","chr5","85045085","85045391","28","15539468"
"chr9","69937927","69938223","chr15","87588980","87589274","31","17651053"
"chr9","70030636","70030933","chr1","9659856","9660151","31","60370780"
"chr9","70165177","70165501","chr7","129469684","129469997","44","59304507"
"chr9","70372112","70372364","chr15","88022921","88023176","28","17650809"
"chr9","70385339","70385517","chr13","89859967","89860138","31","19474628"
"chr9","70409852","70410049","chr6","63630625","63630830","31","6779227"
"chr9","70417258","70417562","chr1","54184910","54185214","27","16232348"
"chr9","70434675","70434986","chrX","52884540","52884848","39","17550135"
"chr9","70439618","70439787","chr1","35561294","35561462","40","34878324"
"chr9","70547388","70547697","chrX","130126302","130126612","33","59578914"
"chr9","70567238","70567499","chr13","32416458","32416723","37","38150780"
"chr9","70712329","70712627","chr13","106164334","106164628","29","35452005"
"chr9","70923034","70923332","chr17","81322280","81322575","34","10399246"
"chr9","70926112","70926416","chr1","160978135","160978440","28","90052023"
"chr9","71111623","71111920","chrX","104117492","104117780","48","33005869"
"chr9","71116897","71117192","chr13","75492315","75492612","46","4375418"
"chr9","71219816","71220080","chr15","88866692","88866965","29","17646876"
"chr9","73165305","73165612","chr15","90862861","90863163","40","17697556"
"chr9","73235132","73235363","chr15","90931583","90931804","27","17696451"
"chr9","73345050","73345325","chr15","44422532","44422812","31","28922518"
"chr9","73348198","73348243","chr10","73951307","73951341","16","603109"
"chr9","73363340","73363647","chr13","31472571","31472878","31","41890769"
"chr9","73403844","73404140","chr11","48664868","48665169","37","24738976"
"chr9","73433818","73434121","chr3","178771886","178772186","34","105338068"
"chr9","73448366","73448642","chr2","34779585","34779864","30","38668781"
"chr9","73482395","73482726","chr15","54983149","54983480","41","18499246"
"chr9","73482791","73483090","chr15","91172657","91172955","32","17689866"
"chr9","73504667","73504898","chr20","34321481","34321710","35","39183186"
"chr9","73609550","73609849","chr7","166020953","166021249","37","92411403"
"chr9","73857772","73858088","chr7","978158","978472","47","72879614"
"chr9","74055161","74055287","chr5","34470826","34470968","31","39584335"
"chr9","74055476","74055652","chr1","19159458","19159639","30","54896018"
"chr9","74068296","74068596","chr6","173896362","173896661","27","99828066"
"chr9","74352222","74352419","chr12","60498589","60498783","30","13853633"
"chr9","74466001","74466306","chr1","54184910","54185214","35","20281091"
"chr9","74533244","74533552","chr11","40272935","40273236","37","34260309"
"chr9","74594564","74594872","chr6","176790550","176790858","30","102195986"
"chr9","74608613","74608897","chr5","11082083","11082368","37","63526530"
"chr9","74771927","74772221","chrX","32876532","32876820","29","41895395"
"chr9","75003661","75003818","chrX","51786687","51786849","23","23216974"
"chr9","75066436","75066732","chr2","149644045","149644340","27","74577609"
"chr9","75179846","75180156","chr10","5431099","5431410","31","69748747"
"chr9","75293723","75293875","chr2","15019384","15019533","31","60274339"
"chr9","75366506","75366805","chr5","57856970","57857269","33","17509536"
"chr9","75589578","75589872","chr1","21747965","21748260","35","53841613"
"chr9","75625697","75625896","chrX","113892491","113892694","33","38266794"
"chr9","75663541","75663825","chr8","41718631","41718927","37","33944910"
"chr9","75689050","75689351","chr15","93322861","93323166","32","17633811"
"chr9","75793008","75793314","chr5","182484916","182485215","40","106691908"
"chr9","75859599","75859898","chr15","93497083","93497383","27","17637484"
"chr9","76034933","76035234","chrX","7685966","7686266","34","68348967"
"chr9","76629379","76629683","chr16","3520694","3521001","32","73108685"
"chr9","76637156","76637461","chr19","50863135","50863438","39","25774021"
"chr9","76670310","76670581","chr17","85883906","85884174","28","9213596"
"chr9","77053947","77054247","chr11","55009213","55009513","30","22044734"
"chr9","77747710","77748005","chr15","95422460","95422754","31","17674750"
"chr9","77760353","77760501","chrX","85303515","85303667","29","7543162"
"chr9","77961597","77961907","chr7","143580951","143581261","31","65619354"
"chr9","78186766","78187051","chr15","95854841","95855135","26","17668075"
"chr9","78256906","78257226","chr15","95914880","95915212","34","17657974"
"chr9","79057336","79057646","chrX","52884540","52884848","37","26172796"
"chr9","79358248","79358545","chrX","95493966","95494262","36","16135718"
"chr9","79405159","79405472","chr15","97126421","97126723","45","17721262"
"chr9","79444374","79444676","chr14","18653571","18653875","35","60790803"
"chr9","79892483","79892783","chr7","82525535","82525835","37","2633052"
"chr9","80130362","80130657","chr3","161716772","161717066","28","81586410"
"chr9","80140690","80140990","chr2","111182376","111182681","37","31041686"
"chr9","80142805","80143115","chr5","24028300","24028608","41","56114505"
"chr9","80371708","80372006","chr1","9659856","9660151","35","70711852"
"chr9","80392245","80392539","chr1","9659856","9660151","34","70732389"
"chr9","80506666","80506958","chr3","1742809","1743103","49","78763857"
"chr9","80510768","80511070","chr20","65776652","65776952","30","14734116"
"chr9","80730409","80730596","chrX","147147954","147148141","28","66417545"
"chr9","81390537","81390816","chr15","99090365","99090635","42","17699828"
"chr9","81586313","81586617","chr12","8606516","8606818","28","72979797"
"chr9","81600482","81600777","chr3","7367921","7368221","36","74232561"
"chr9","81944258","81944553","chr15","99591015","99591309","27","17646757"
"chr9","81998337","81998631","chr19","34956456","34956748","32","47041881"
"chr9","82034880","82035179","chr15","99678952","99679259","39","17644072"
"chr9","82259490","82259790","chr15","99924891","99925192","36","17665401"
"chr9","82334837","82335070","chr2","187101456","187101684","33","104766619"
"chr9","82406562","82406863","chr3","184218283","184218583","35","101811721"
"chr9","82440144","82440446","chr3","7367921","7368221","29","75072223"
"chr9","82485020","82485303","chrX","117589965","117590253","33","35104945"
"chr9","82583806","82584117","chr4","127363604","127363914","28","44779798"
"chr9","82616927","82617127","chr13","81318413","81318616","33","1298514"
"chr9","82625709","82626015","chr10","30715548","30715853","29","51910161"
"chr9","82693934","82694230","chr15","100374862","100375157","28","17680928"
"chr9","82980146","82980458","chr15","100658103","100658403","32","17677957"
"chr9","83216866","83217168","chr14","103953537","103953843","31","20736671"
"chr9","83343661","83343958","chr7","107773805","107774107","39","24430144"
"chr9","83534218","83534517","chr15","101200881","101201181","36","17666663"
"chr9","83581169","83581507","chr7","157787156","157787503","60","74205987"
"chr9","83786981","83787294","chrX","52884540","52884848","50","30902441"
"chr9","83912141","83912454","chr1","34437740","34438040","45","49474401"
"chr9","84158348","84158619","chr15","101819947","101820234","47","17661599"
"chr9","84291444","84291733","chr12","120816318","120816608","32","36524874"
"chr9","84294553","84294865","chr15","101959590","101959914","36","17665037"
"chr9","84401236","84401508","chr15","102063952","102064210","44","17662716"
"chr9","84466226","84466506","chrX","117589965","117590253","38","33123739"
"chr9","84571020","84571315","chr2","83597002","83597303","28","974018"
"chr9","84572514","84572673","chr3","70814394","70814554","22","13758120"
"chr9","84587405","84587662","chr9","17476991","17477248","32","67110414"
"chr9","84679149","84679272","chr15","102287018","102287138","11","17607869"
"chr9","84685606","84685903","chr20","4722206","4722499","34","79963400"
"chr9","84770851","84771147","chr11","56089370","56089672","30","28681481"
"chr9","84839816","84840115","chr9","41205848","41206142","39","43633968"
"chr9","84863035","84863313","chr15","102441211","102441498","31","17578176"
"chr9","84875856","84876139","chr15","110936438","110936718","37","26060582"
"chr9","84932063","84932365","chr15","104401844","104402147","36","19469781"
"chr9","85075406","85075696","chr10","35385148","35385439","36","49690258"
"chr9","85079643","85079938","chr9","98432771","98433070","32","13353128"
"chr9","85172251","85172535","chr7","113437485","113437769","42","28265234"
"chr9","85433618","85433922","chr17","32167535","32167836","34","53266083"
"chr9","85574010","85574307","chr8","27863753","27864051","32","57710257"
"chr9","86087610","86087918","chr9","11860552","11860858","34","74227058"
"chr9","86192764","86193045","chr7","9822708","9823006","38","76370056"
"chr9","86300286","86300577","chr1","130574287","130574581","30","44274001"
"chr9","86722233","86722522","chr2","12875995","12876284","26","73846238"
"chr9","86761902","86762198","chr15","104098655","104098954","28","17336753"
"chr9","86778391","86778724","chr11","108034722","108035047","47","21256331"
"chr9","86836475","86836777","chr11","55619571","55619869","31","31216904"
"chr9","86843109","86843422","chr4","3752022","3752324","46","83091087"
"chr9","86858408","86858703","chr4","54062553","54062848","28","32795855"
"chr9","86965241","86965491","chr4","26193166","26193405","46","60772075"
"chr9","86994956","86995231","chr20","57729988","57730258","38","29264968"
"chr9","86998675","86998973","chr6","170736206","170736500","35","83737531"
"chr9","87015493","87015711","chr3","120219164","120219385","27","33203671"
"chr9","87017057","87017280","chr3","120219164","120219385","25","33202107"
"chr9","87030895","87031170","chr1","204307037","204307312","38","117276142"
"chr9","87070436","87070732","chr6","9622305","9622602","42","77448131"
"chr9","87109706","87109899","chr6","24911807","24911982","48","62197899"
"chr9","87184278","87184575","chr15","104505005","104505303","25","17320727"
"chr9","87269142","87269441","chrX","95082495","95082798","34","7813353"
"chr9","87318479","87318811","chr11","108034722","108035047","65","20716243"
"chr9","88229764","88230077","chr15","105704318","105704627","26","17474554"
"chr9","88482826","88483138","chr9","32485820","32486124","35","55997006"
"chr9","88859333","88859616","chr6","168225191","168225463","45","79365858"
"chr9","88901270","88901571","chr4","170001134","170001432","40","81099864"
"chr9","89011749","89012046","chr15","106367108","106367401","35","17355359"
"chr9","89071555","89071843","chr6","1092742","1093043","37","87978813"
"chr9","89123278","89123581","chr1","54184910","54185214","30","34938368"
"chr9","89193912","89194209","chr1","9659856","9660151","34","79534056"
"chr9","89276994","89277303","chr15","106598227","106598535","32","17321233"
"chr9","89437128","89437423","chr9","87630129","87630427","34","1806999"
"chr9","89563777","89563948","chr16","7509806","7509984","35","82053971"
"chr9","89981760","89981970","chr20","4333267","4333478","25","85648493"
"chr9","90346716","90346847","chr3","33493296","33493438","28","56853420"
"chr9","90449451","90449759","chrX","52884540","52884848","40","37564911"
"chr9","90525573","90525874","chr8","33633812","33634105","34","56891761"
"chr9","90648852","90649168","chr4","5357211","5357521","34","85291641"
"chr9","90691373","90691617","chr16","48874432","48874688","56","41816941"
"chr9","90718714","90719010","chr17","16123214","16123508","32","74595500"
"chr9","90729323","90729590","chrX","113744652","113744922","43","23015329"
"chr9","90734940","90735231","chr14","62866761","62867055","31","27868179"
"chr9","90803555","90803855","chr15","43831651","43831953","30","46971904"
"chr9","90951585","90951883","chr1","61388678","61388976","37","29562907"
"chr9","91126769","91127074","chr15","42512235","42512545","28","48614534"
"chr9","91220969","91221277","chr15","42605142","42605451","32","48615827"
"chr9","91352733","91353026","chr12","115108242","115108542","33","23755509"
"chr9","91422952","91423261","chr8","39232660","39232965","34","52190292"
"chr9","91446194","91446486","chr15","42876446","42876735","28","48569748"
"chr9","91487060","91487359","chr6","177249478","177249776","30","85762418"
"chr9","91559289","91559596","chr13","72779565","72779870","32","18779724"
"chr9","91687391","91687662","chr20","1826057","1826330","47","89861334"
"chr9","91807081","91807378","chr4","88700124","88700424","30","3106957"
"chr9","91842093","91842381","chr15","43150369","43150651","29","48691724"
"chr9","91988825","91989129","chr16","628664","628975","45","91360161"
"chr9","92044594","92044750","chr12","44446416","44446578","32","47598178"
"chr9","92182227","92182520","chr10","21437144","21437433","41","70745083"
"chr9","92519616","92519928","chr15","43831651","43831953","50","48687965"
"chr9","92788641","92788951","chr13","39352330","39352639","35","53436311"
"chr9","93072283","93072592","chrX","49226498","49226807","32","43845785"
"chr9","93088255","93088583","chrX","47883388","47883714","36","45204867"
"chr9","93092577","93092872","chr6","136639700","136639996","27","43547123"
"chr9","93117430","93117720","chr15","99591015","99591309","40","6473585"
"chr9","93151913","93152219","chr15","44473894","44474206","33","48678019"
"chr9","93242049","93242346","chr2","149644045","149644340","30","56401996"
"chr9","93250934","93251230","chr2","149644045","149644340","29","56393111"
"chr9","93305254","93305531","chr1","204307037","204307312","39","111001783"
"chr9","93349906","93350061","chr19","42189213","42189372","35","51160693"
"chr9","93364683","93364991","chr16","1680827","1681137","34","91683856"
"chr9","93384119","93384400","chr11","634869","635149","35","92749250"
"chr9","93418152","93418403","chrX","139763480","139763729","35","46345328"
"chr9","93482292","93482594","chrX","18394346","18394650","31","75087946"
"chr9","93560176","93560424","chr14","94245325","94245563","39","685149"
"chr9","93718822","93719120","chr1","21747965","21748260","31","71970857"
"chr9","93787227","93787529","chr1","54184910","54185214","27","39602317"
"chr9","93791554","93791842","chr3","49347231","49347511","48","44444323"
"chr9","93802709","93802991","chr12","85283744","85284027","35","8518965"
"chr9","93868321","93868618","chrX","23155568","23155864","28","70712753"
"chr9","94020968","94021269","chr20","57743369","57743678","37","36277599"
"chr9","94026840","94027139","chr4","170001134","170001432","29","75974294"
"chr9","94158939","94159114","chr20","27267477","27267649","22","66891462"
"chr9","94420916","94421148","chr7","71376440","71376664","31","23044476"
"chr9","94464786","94465023","chr13","27769001","27769218","55","66695785"
"chr9","94514409","94514715","chr15","109568923","109569234","32","15054514"
"chr9","94533863","94534167","chrX","95082495","95082798","31","548632"
"chr9","94534707","94534997","chr3","156134099","156134393","33","61599392"
"chr9","94570965","94571275","chr1","39563825","39564136","42","55007140"
"chr9","94643022","94643178","chr9","38344102","38344259","24","56298920"
"chr9","94787874","94788052","chr9","81146554","81146731","40","13641320"
"chr9","94799850","94800152","chr1","38218968","38219269","24","56580882"
"chr9","94832062","94832367","chr2","89170189","89170496","29","5661873"
"chr9","94858184","94858420","chr15","109915337","109915571","21","15057153"
"chr9","94891858","94892167","chr2","89170189","89170496","25","5721669"
"chr9","95065401","95065709","chr4","88700124","88700424","32","6365277"
"chr9","95104447","95104750","chr3","181513518","181513820","35","86409071"
"chr9","95114087","95114389","chr15","110154034","110154339","31","15039947"
"chr9","95200267","95200555","chr15","110237595","110237896","40","15037328"
"chr9","95248793","95249096","chr20","57205726","57206029","32","38043067"
"chr9","95335782","95336080","chr4","86562055","86562362","43","8773727"
"chr9","95426643","95426949","chr15","110484620","110484925","34","15057977"
"chr9","95453645","95453937","chr10","159686","159982","31","95293959"
"chr9","95454318","95454614","chr3","174068153","174068451","34","78613835"
"chr9","95495339","95495631","chr1","34922657","34922952","30","60572682"
"chr9","95725448","95725755","chr2","42327846","42328157","38","53397602"
"chr9","95734862","95735159","chr2","149644045","149644340","29","53909183"
"chr9","95746927","95747250","chr9","99757077","99757403","42","4010150"
"chr9","96111813","96111994","chr6","24911807","24911982","35","71200006"
"chr9","96459368","96459667","chr15","41981020","41981317","32","54478348"
"chr9","96601124","96601434","chr15","41840782","41841092","34","54760342"
"chr9","97038844","97039147","chr2","40523887","40524189","26","56514957"
"chr9","97707487","97707796","chr4","127363604","127363914","37","29656117"
"chr9","97938472","97938674","chr6","63630625","63630830","33","34307847"
"chr9","98027690","98027993","chr15","98226575","98226877","27","198885"
"chr9","98193450","98193749","chr2","27813797","27814098","36","70379653"
"chr9","98321644","98321946","chr2","149644045","149644340","31","51322401"
"chr9","98450885","98451182","chr1","42018653","42018950","25","56432232"
"chr9","98711080","98711377","chr1","61388678","61388976","33","37322402"
"chr9","98717043","98717348","chr15","39732810","39733120","37","58984233"
"chr9","98749148","98749326","chr3","127934070","127934247","27","29184922"
"chr9","99053138","99053449","chr15","39399909","39400217","26","59653229"
"chr9","99145158","99145448","chr13","92512308","92512602","37","6632850"
"chr9","99184371","99184666","chrX","82518065","82518358","36","16666306"
"chr9","99281745","99282026","chr15","39165328","39165613","31","60116417"
"chr9","99750117","99750358","chr15","38658409","38658650","24","61091708"
"chr9","100327900","100328140","chr3","15652256","15652493","24","84675644"
"chr9","100402503","100402802","chr2","185088818","185089117","35","84686315"
"chr9","100535377","100535679","chr4","21780067","21780362","31","78755310"
"chr9","101260599","101260904","chr15","37150643","37150941","28","64109956"
"chr9","101454313","101454603","chr11","133444417","133444709","35","31990104"
"chr9","101469909","101470235","chr4","127759466","127759795","42","26289557"
"chr9","101816740","101817047","chr4","5357211","5357521","36","96459529"
"chr9","101923371","101923648","chr11","102439527","102439805","40","516156"
"chr9","102213184","102213446","chr2","98285830","98286085","36","3927354"
"chr9","102273085","102273366","chrX","26177600","26177891","45","76095485"
"chr9","102899215","102899506","chr15","35506140","35506435","31","67393075"
"chr9","102901742","102902034","chr15","35506140","35506435","30","67395602"
"chr9","103001353","103001651","chr7","61608289","61608587","32","41393064"
"chr9","103529440","103529738","chrX","53464436","53464745","42","50065004"
"chr9","103554290","103554557","chr2","56486018","56486290","33","47068272"
"chr9","103566585","103566886","chr2","27813797","27814098","35","75752788"
"chr9","103782333","103782638","chr7","82874099","82874405","35","20908234"
"chr9","103809188","103809369","chr5","13274636","13274819","32","90534552"
"chr9","103883779","103883929","chr7","129362850","129363013","28","25479071"
"chr9","104302725","104303025","chr15","34126799","34127091","32","70175926"
"chr9","104652901","104653209","chr15","33799492","33799802","33","70853409"
"chr9","105148857","105148999","chr3","33493296","33493438","22","71655561"
"chr9","105285756","105286048","chr2","149644045","149644340","33","44358289"
"chr9","105327115","105327366","chr5","175099779","175100038","31","69772664"
"chr9","105518963","105519283","chr8","83164748","83165064","43","22354215"
"chr9","105542648","105542953","chr10","23034061","23034367","39","82508587"
"chr9","105625616","105625763","chr3","76215454","76215617","37","29410162"
"chr9","106117045","106117321","chr13","63744043","63744310","41","42373002"
"chr9","106118351","106118653","chrX","49310883","49311183","40","56807468"
"chr9","106155180","106155469","chr2","69218887","69219173","37","36936293"
"chr9","106177800","106178113","chrX","872740","873049","34","105305060"
"chr9","106201964","106202266","chr7","68336549","68336846","38","37865415"
"chr9","106268669","106268976","chrX","53464436","53464745","34","52804233"
"chr9","106348954","106349213","chr13","99799233","99799492","31","6549721"
"chr9","106354633","106354929","chr12","124218850","124219146","39","17864217"
"chr9","106405477","106405787","chr6","1092742","1093043","33","105312735"
"chr9","106418588","106418761","chr5","48848330","48848504","23","57570258"
"chr9","106419076","106419112","chr6","43604702","43604741","20","62814374"
"chr9","106550065","106550358","chr4","5864759","5865052","31","100685306"
"chr9","106589789","106590065","chr15","31859015","31859291","28","74730774"
"chr9","106681772","106682044","chrX","11640618","11640889","40","95041154"
"chr9","106687789","106688081","chr15","31759559","31759863","30","74928230"
"chr9","106742018","106742335","chr3","178644241","178644572","65","71902223"
"chr9","106747912","106748200","chr15","31700068","31700360","27","75047844"
"chr9","107075121","107075376","chr5","133076217","133076473","24","26001096"
"chr9","107222771","107223078","chr15","31242848","31243155","32","75979923"
"chr9","107531593","107531909","chr15","30954802","30955114","34","76576791"
"chr9","107653029","107653321","chr15","30845526","30845823","28","76807503"
"chr9","108081091","108081383","chr1","24622085","24622374","28","83459006"
"chr9","108123229","108123394","chr13","89859967","89860138","22","18263262"
"chr9","108452779","108453076","chr11","108584077","108584374","32","131298"
"chr9","108785214","108785503","chr7","166020953","166021249","40","57235739"
"chr9","108886846","108887154","chr6","36312745","36313052","34","72574101"
"chr9","108992721","108993013","chr15","29484254","29484551","43","79508467"
"chr9","108995926","108996206","chr7","63363325","63363605","36","45632601"
"chr9","109021736","109022050","chr15","29452635","29452946","34","79569101"
"chr9","109139404","109139708","chr7","26662562","26662859","33","82476842"
"chr9","109483443","109483734","chr4","21309683","21309973","28","88173760"
"chr9","109678720","109679020","chr15","28766531","28766834","31","80912189"
"chr9","109680502","109680808","chr15","28764741","28765040","35","80915761"
"chr9","110047369","110047670","chr15","28402489","28402790","27","81644880"
"chr9","110078214","110078510","chr1","38218968","38219269","33","71859246"
"chr9","110288924","110289203","chr7","96039852","96040130","30","14249072"
"chr9","110317313","110317613","chr15","28092029","28092327","33","82225284"
"chr9","110331516","110331790","chr1","204307037","204307312","28","93975521"
"chr9","110410524","110410823","chr15","27995769","27996066","34","82414755"
"chr9","110481806","110482090","chr1","66578973","66579259","35","43902833"
"chr9","110513634","110513925","chr15","27893773","27894069","39","82619861"
"chr9","110555794","110555952","chr6","54854033","54854182","31","55701761"
"chr9","110556901","110557204","chr3","24924052","24924352","29","85632849"
"chr9","110592411","110592698","chr13","68530211","68530499","30","42062200"
"chr9","110756443","110756741","chrX","23376520","23376816","30","87379923"
"chr9","110898220","110898401","chr11","46935733","46935910","26","63962487"
"chr9","110995523","110995672","chr3","33493296","33493438","28","77502227"
"chr9","111106272","111106582","chr8","105120121","105120431","31","5986151"
"chr9","111185905","111186190","chr1","42018653","42018950","40","69167252"
"chr9","111326810","111327101","chr15","27005993","27006289","34","84320817"
"chr9","111396273","111396587","chr15","26949525","26949841","42","84446748"
"chr9","111630670","111630955","chr6","169586934","169587216","38","57956264"
"chr9","111647503","111647800","chr3","74896182","74896480","30","36751321"
"chr9","111665827","111666027","chr19","964579","964783","33","110701248"
"chr9","111666514","111666639","chr7","3648918","3649043","12","108017596"
"chr9","111666964","111667289","chr7","139352125","139352430","40","27685161"
"chr9","111686075","111686376","chrX","12237021","12237319","27","99449054"
"chr9","111717323","111717620","chr8","41718631","41718927","30","69998692"
"chr9","111739813","111739977","chr19","32998981","32999142","29","78740832"
"chr9","111785874","111786174","chr20","15071965","15072269","38","96713909"
"chr9","111886751","111887063","chr6","178858371","178858680","38","66971620"
"chr9","112045034","112045335","chr11","56089370","56089672","31","55955664"
"chr9","112127265","112127555","chr9","28889371","28889662","24","83237894"
"chr9","112177410","112177709","chrX","95082495","95082798","28","17094915"
"chr9","112187617","112187919","chr2","47824467","47824767","31","64363150"
"chr9","112380430","112380731","chr1","54184910","54185214","31","58195520"
"chr9","112441195","112441479","chr13","48611957","48612239","37","63829238"
"chr9","112609192","112609503","chr1","46662392","46662703","28","65946800"
"chr9","112740399","112740622","chr1","153982089","153982312","35","41241690"
"chr9","112795782","112796089","chr15","25549376","25549674","30","87246406"
"chr9","112807917","112808224","chrX","130126302","130126612","36","17318385"
"chr9","113069107","113069416","chr2","178572295","178572602","44","65503188"
"chr9","113116547","113116776","chr20","34321481","34321710","33","78795066"
"chr9","113593709","113593874","chr15","6911024","6911192","26","106682685"
"chr9","113713883","113714181","chr1","61388678","61388976","29","52325205"
"chr9","113742910","113743219","chr8","105120121","105120431","29","8622789"
"chr9","113792565","113792850","chr13","107255464","107255754","41","6537101"
"chr9","113898135","113898226","chr11","40743980","40744071","17","73154155"
"chr9","113898536","113898764","chr7","155772303","155772522","39","41873767"
"chr9","114079649","114079949","chr12","115108242","115108542","32","1028593"
"chr9","114194914","114195226","chr3","64175701","64176007","45","50019213"
"chr9","114514394","114514695","chr6","173896362","173896661","32","59381968"
"chr9","114530052","114530349","chr11","121552860","121553150","37","7022808"
"chr9","114540768","114541072","chr14","76197484","76197784","42","38343284"
"chr9","114744548","114744847","chr3","57980135","57980431","31","56764413"
"chr9","115569100","115569393","chr15","22749626","22749904","41","92819474"
"chr9","115579513","115579774","chr15","22738670","22738932","25","92840843"
"chr9","115790315","115790623","chr15","22534858","22535165","35","93255457"
"chr9","115838706","115838995","chr15","22482845","22483143","34","93355861"
"chr9","115843403","115843719","chr20","56319192","56319508","38","59524211"
"chr9","116051785","116052090","chr6","120494036","120494339","30","4442251"
"chr9","116208306","116208596","chr14","20410060","20410349","40","95798246"
"chr9","116244911","116245202","chr14","121866583","121866878","35","5621672"
"chr9","116369989","116370278","chr7","23493750","23494033","38","92876239"
"chr9","116710856","116711177","chr16","18115261","18115585","36","98595595"
"chr9","116914673","116914875","chr8","28319108","28319307","68","88595565"
"chr9","116947295","116947579","chr15","21418690","21418982","27","95528605"
"chr9","117152747","117153037","chr16","15610530","15610824","36","101542217"
"chr9","117424581","117424866","chr11","122595669","122595958","34","5171088"
"chr9","117585594","117585892","chr15","20753103","20753401","21","96832491"
"chr9","117695363","117695681","chr15","20649524","20649842","38","97045839"
"chr9","117752617","117752919","chr13","40889193","40889492","40","76863424"
"chr9","117909642","117909767","chr5","18060035","18060193","47","99849607"
"chr9","119049597","119049911","chr1","54184910","54185214","37","64864687"
"chr9","119310200","119310461","chr15","18996104","18996362","28","100314096"
"chr9","119502313","119502600","chr16","31041847","31042133","32","88460466"
"chr9","119571686","119571872","chrX","147147954","147148141","39","27576268"
"chr9","119588923","119589236","chr15","18715283","18715602","43","100873640"
"chr9","119781644","119781911","chr8","29256394","29256650","37","90525250"
"chr9","119782483","119782772","chr15","108424452","108424741","29","11358031"
"chr9","119833244","119833391","chr5","34470826","34470968","45","85362418"
"chr9","119854578","119854876","chrX","12237021","12237319","27","107617557"
"chr9","119862591","119862896","chr2","44364597","44364899","33","75497994"
"chr9","119865511","119865820","chr13","39352330","39352639","26","80513181"
"chr9","120002964","120003257","chr11","4482338","4482626","34","115520626"
"chr9","120119391","120119687","chr6","177729390","177729685","33","57609999"
"chr9","120128131","120128321","chr2","19456206","19456401","31","100671925"
"chr9","120160096","120160386","chr15","18149224","18149521","31","102010872"
"chr9","120242048","120242204","chr5","104042412","104042575","43","16199636"
"chr9","120411252","120411561","chr2","159662942","159663249","33","39251690"
"chr9","120491434","120491729","chr14","18849483","18849777","36","101641951"
"chr9","120520278","120520586","chr15","104401844","104402147","32","16118434"
"chr9","120521101","120521405","chr1","54184910","54185214","27","66336191"
"chr9","120523024","120523202","chr11","6658602","6658773","32","113864422"
"chr9","120542314","120542519","chr9","120349866","120350082","30","192448"
"chr9","120545138","120545435","chr14","45652403","45652696","40","74892735"
"chr9","120660653","120660963","chrX","872740","873049","31","119787913"
"chr9","120847939","120848253","chrX","872740","873049","31","119975199"
"chr9","120913271","120913492","chr15","17389686","17389902","35","103523585"
"chr9","121149452","121149756","chr5","127280394","127280703","35","6130942"
"chr9","121202711","121203013","chr7","83031386","83031688","32","38171325"
"chr9","121270075","121270383","chr3","8024467","8024770","42","113245608"
"chr9","121312896","121313181","chr15","17000707","17000993","30","104312189"
"chr9","121400761","121401085","chr9","99757077","99757403","39","21643684"
"chr9","121774231","121774526","chr10","26329794","26330086","33","95444437"
"chr9","121964685","121964986","chr12","113988811","113989118","38","7975874"
"chr9","122027622","122027918","chr14","16503370","16503668","32","105524252"
"chr9","122142934","122143114","chr19","53087200","53087382","35","69055734"
"chr9","122336643","122336951","chr15","15810529","15810833","33","106526114"
"chr9","122345513","122345778","chr15","15803173","15803418","30","106542340"
"chr9","122613317","122613480","chr3","76215454","76215617","26","46397863"
"chr9","122638943","122639249","chr1","160978135","160978440","30","38339192"
"chr9","122685569","122685861","chr20","30937004","30937299","36","91748565"
"chr9","123082457","123082748","chr15","15031480","15031774","31","108050977"
"chr9","123099695","123100003","chr18","5892633","5892941","43","117207062"
"chr9","123232529","123232834","chr9","98943901","98944206","36","24288628"
"chr9","123293894","123294197","chr1","38218968","38219269","36","85074926"
"chr9","123397195","123397501","chr1","15179992","15180292","28","108217203"
"chr9","123481829","123482120","chr2","63419289","63419578","30","60062540"
"chr9","123647400","123647708","chr15","14462941","14463244","25","109184459"
"chr9","123655252","123655549","chrX","79028838","79029124","42","44626414"
"chr9","123699790","123700075","chr13","68530211","68530499","42","55169579"
"chr9","123747238","123747292","chr14","18724456","18724513","15","105022782"
"chr9","123797759","123798059","chr15","14307095","14307397","30","109490664"
"chr9","123812681","123812988","chr11","127450686","127450991","35","3638005"
"chr9","123843553","123843716","chr3","76215454","76215617","27","47628099"
"chr9","123899431","123899738","chr4","3752022","3752324","33","120147409"
"chr9","123977754","123978046","chr16","4571160","4571452","33","119406594"
"chr9","124068521","124068823","chr2","176729682","176729984","32","52661161"
"chr9","124100028","124100231","chr19","53087200","53087382","43","71012828"
"chr9","124108927","124109227","chr2","47824467","47824767","33","76284460"
"chr9","124161405","124161709","chr3","15260287","15260583","35","108901118"
"chr9","124209447","124209627","chr13","89859967","89860138","40","34349480"
"chr9","124212216","124212532","chr9","105321199","105321510","34","18891017"
"chr9","124274960","124275253","chr19","32538317","32538611","37","91736643"
"chr9","124284160","124284328","chr2","15318266","15318436","29","108965894"
"chr9","124291831","124292186","chr1","123839326","123839654","103","452505"
"chr9","124303192","124303519","chr15","13813369","13813696","30","110489823"
"chr9","124315530","124315833","chr5","158975124","158975425","37","34659594"
"chr9","124316760","124317073","chrX","52884540","52884848","37","71432220"
"chr9","124320377","124320551","chr10","47192046","47192215","28","77128331"
"chr9","124333998","124334293","chr7","83031386","83031688","33","41302612"
"chr9","124344878","124345193","chr4","54062553","54062848","46","70282325"
"chr9","124353337","124353500","chr7","129362850","129363013","61","5009513"
"chr9","124443790","124444086","chr1","136720804","136721098","38","12277014"
"chr9","124470159","124470467","chrX","136494316","136494618","37","12024157"
"chr9","124611670","124611972","chr4","5357211","5357521","38","119254459"
"chr9","124633328","124633604","chr7","23722720","23722999","34","100910608"
"chr9","124732186","124732239","chr14","18724456","18724513","14","106007730"
"chr9","124820510","124820831","chr15","13290462","13290766","49","111530048"
"chr9","124829601","124829906","chr15","13280862","13281167","29","111548739"
"chr9","124901452","124901624","chr2","15318266","15318436","29","109583186"
"chr9","125485007","125485281","chr9","39684800","39685061","38","85800207"
"chr9","125703818","125703994","chr18","58753718","58753894","30","66950100"
"chr9","125864748","125865047","chr4","88700124","88700424","33","37164624"
"chr9","125901791","125902084","chr17","16123214","16123508","27","109778577"
"chr9","125915353","125915647","chr5","147526333","147526620","35","21610980"
"chr9","125978903","125979200","chr7","41475606","41475906","33","84503297"
"chr9","126223300","126223606","chr5","140052919","140053218","36","13829619"
"chr9","126538527","126538830","chr15","11526376","11526678","35","115012151"
"chr9","126619693","126619991","chr1","54184910","54185214","34","72434783"
"chr9","126659352","126659631","chr15","11403740","11404014","31","115255612"
"chr9","126766667","126766955","chr4","98323665","98323954","38","28443002"
"chr9","126886426","126886734","chr19","50863135","50863438","35","76023291"
"chr9","126947253","126947431","chr15","10405383","10405560","38","116541870"
"chr9","127142723","127143032","chr2","50292284","50292589","33","76850439"
"chr9","127143966","127144269","chr7","127065845","127066144","35","78121"
"chr9","127183979","127184277","chr12","1873342","1873636","29","125310637"
"chr9","127191494","127191786","chr1","22411003","22411299","33","104780491"
"chr9","127216101","127216403","chr1","61388678","61388976","37","65827423"
"chr9","127272086","127272396","chr6","132127364","132127664","34","4855278"
"chr9","127320842","127321029","chr15","10405383","10405560","34","116915459"
"chr9","127364518","127364829","chrX","972302","972614","30","126392216"
"chr9","127444031","127444320","chr15","44422532","44422812","38","83021499"
"chr9","127452917","127453174","chr1","24089902","24090162","39","103363015"
"chr9","127453254","127453568","chrX","872740","873049","35","126580514"
"chr9","127685157","127685443","chr6","7095690","7095973","34","120589467"
"chr9","127702065","127702220","chr11","133328099","133328256","36","5626034"
"chr9","127818478","127818773","chr1","115576971","115577261","37","12241507"
"chr9","127826979","127827261","chrX","23155568","23155864","49","104671411"
"chr9","127829077","127829270","chr6","63630625","63630830","35","64198452"
"chr9","127840691","127840845","chr15","6911024","6911192","35","120929667"
"chr9","127888938","127889239","chr4","68431207","68431507","38","59457731"
"chr9","127930882","127931177","chr1","130574287","130574581","27","2643405"
"chr9","127968062","127968275","chr19","6719241","6719460","34","121248821"
"chr9","128041326","128041634","chr10","82827361","82827669","32","45213965"
"chr9","128094397","128094571","chr1","129407736","129407901","26","1313339"
"chr9","128134498","128134792","chr10","38772882","38773178","28","89361616"
"chr9","128203241","128203551","chr7","9899162","9899466","33","118304079"
"chr9","128214816","128215118","chr3","7367921","7368221","34","120846895"
"chr9","128215119","128215412","chr4","21309683","21309973","37","106905436"
"chr9","128249693","128250003","chr15","9760146","9760457","38","118489547"
"chr9","128287754","128287841","chr1","12339903","12339996","19","115947851"
"chr9","128288706","128288788","chr11","127837568","127837636","22","451138"
"chr9","128289108","128289138","chr19","17279695","17279724","2","111009413"
"chr9","128326669","128326966","chrX","23155568","23155864","34","105171101"
"chr9","128435658","128435958","chr15","9531025","9531328","33","118904633"
"chr9","128468716","128468982","chr3","73072783","73073043","40","55395933"
"chr9","128483116","128483435","chr15","9473168","9473479","38","119009948"
"chr9","128545616","128545912","chr11","110456127","110456422","25","18089489"
"chr9","128643339","128643674","chr16","26800160","26800487","46","101843179"
"chr9","128737368","128737547","chr9","62270006","62270180","27","66467362"
"chr9","128775584","128775896","chr15","9163607","9163915","26","119611977"
"chr9","128952907","128953166","chr8","45192885","45193142","35","83760022"
"chr9","128968034","128968310","chr3","61219427","61219705","36","67748607"
"chr9","129010453","129010751","chr3","48879684","48879984","35","80130769"
"chr9","129075603","129075899","chr15","8841295","8841593","20","120234308"
"chr9","129107571","129107867","chr6","173896362","173896661","32","44788791"
"chr9","129150895","129151177","chr18","13204390","13204672","27","115946505"
"chr9","129221773","129222067","chr4","54062553","54062848","31","75159220"
"chr9","129229012","129229321","chrX","53464436","53464745","35","75764576"
"chr9","129253150","129253438","chr1","213422632","213422926","36","84169482"
"chr9","129346759","129347064","chr6","173896362","173896661","37","44549603"
"chr9","129421146","129421456","chr1","165996033","165996341","32","36574887"
"chr9","129923268","129923554","chrX","117589965","117590253","29","12333303"
"chr9","130032293","130032573","chr4","137261768","137262054","31","7229475"
"chr9","130046208","130046465","chr15","7951702","7951972","40","122094506"
"chr9","130081014","130081314","chr13","92512308","92512602","32","37568706"
"chr9","130136318","130136616","chr10","73354021","73354316","31","56782297"
"chr9","130143486","130143790","chr13","31472571","31472878","28","98670915"
"chr9","130169967","130170215","chr16","48874432","48874688","56","81295535"
"chr9","130191522","130191828","chr4","127363604","127363914","35","2827918"
"chr9","130303045","130303342","chr1","42018653","42018950","30","88284392"
"chr9","130493659","130493959","chr19","17516663","17516959","30","112976996"
"chr9","130585117","130585423","chr11","127450686","127450991","32","3134431"
"chr9","130685793","130686083","chr16","23431615","23431905","33","107254178"
"chr9","130751999","130752309","chr13","39352330","39352639","35","91399669"
"chr9","130773373","130773666","chr10","73354021","73354316","35","57419352"
"chr9","130788293","130788578","chr7","113437485","113437769","32","17350808"
"chr9","130802331","130802661","chr4","54599855","54600165","55","76202476"
"chr9","130871821","130872125","chr4","134852861","134853168","32","3981040"
"chr9","130874689","130874984","chr9","115259231","115259523","28","15615458"
"chr9","130958541","130958817","chr4","43988987","43989260","43","86969554"
"chr9","130971118","130971446","chr12","77872113","77872435","55","53099005"
"chr9","131032856","131033175","chr1","95648230","95648547","36","35384626"
"chr9","131159602","131159898","chr11","108584077","108584374","27","22575525"
"chr9","131200967","131201265","chr6","92179358","92179655","38","39021609"
"chr9","131295268","131295408","chr11","34301448","34301581","33","96993820"
"chr9","131429972","131430279","chrX","128633392","128633692","34","2796580"
"chr9","131690092","131690256","chr4","140168185","140168346","34","8478093"
"chr9","131810494","131810797","chr1","54184910","54185214","23","77625584"
"chr9","131827646","131827816","chr5","104042412","104042575","39","27785234"
"chr9","131871182","131871474","chr4","3859603","3859903","35","128011579"
"chr9","131899017","131899325","chrX","872740","873049","36","131026277"
"chr9","131987492","131987802","chr3","97673764","97674072","30","34313728"
"chr9","132185733","132186031","chr4","88700124","88700424","30","43485609"
"chr9","132282066","132282370","chr15","5631200","5631499","32","126650866"
"chr9","132297312","132297619","chr20","57205726","57206029","30","75091586"
"chr9","132300758","132301061","chr1","54184910","54185214","26","78115848"
"chr9","132348864","132349169","chr15","5566702","5567006","33","126782162"
"chr9","132522551","132522846","chr15","5392474","5392771","39","127130077"
"chr9","132552836","132553152","chr1","63101952","63102249","50","69450884"
"chr9","132908003","132908309","chr1","54184910","54185214","31","78723093"
"chr9","132908890","132909197","chr4","86562055","86562362","36","46346835"
"chr9","133533235","133533536","chr15","64900249","64900547","41","68632986"
"chr9","133579653","133579931","chr4","160692905","160693183","44","27113252"
"chr9","133622714","133623015","chr1","27284247","27284553","36","106338467"
"chr9","134421485","134421807","chr7","53149690","53150010","44","81271795"
"chr9","134431471","134431617","chr3","33493296","33493438","23","100938175"
"chr9","134795256","134795563","chr14","106075201","106075508","35","28720055"
"chr9","134830779","134831085","chrX","18394346","18394650","36","116436433"
"chr9","134941140","134941446","chr1","39621321","39621626","28","95319819"
"chr9","134977214","134977523","chrX","872740","873049","30","134104474"
"chr9","136120833","136121146","chrX","872740","873049","27","135248093"
"chr9","136347667","136347984","chr1","25380611","25380914","54","110967056"
"chr9","136484265","136484428","chr11","54926961","54927123","27","81557304"
"chr9","136909944","136910245","chr7","61781005","61781304","25","75128939"
"chr9","136932807","136933103","chr1","38750532","38750829","38","98182275"
"chr9","136935105","136935406","chr9","112567437","112567742","32","24367668"
"chr9","136963343","136963650","chr4","5357211","5357521","31","131606132"
"chr9","137197897","137198230","chr18","10830565","10830883","55","126367332"
"chr9","137229958","137230267","chr2","83517622","83517929","36","53712336"
"chr9","137449193","137449493","chr1","53192216","53192497","50","84256977"
"chr9","137530164","137530436","chr14","33326133","33326405","37","104204031"
"chr9","137564646","137564961","chr9","93872647","93872956","31","43691999"
"chr9","137566445","137566760","chr9","93872647","93872956","30","43693798"
"chr9","137687562","137687868","chr15","123700","124004","33","137563862"
"chr9","137758926","137759237","chr15","57839","58140","34","137701087"
"chr9","137820147","137820391","chr7","49038912","49039166","35","88781235"
"chrX","85065717","85066013","chrX","79144054","79144348","23","5921663"
"chrX","49540","49727","chrX","147147954","147148141","45","147098414"
"chrX","51339","51631","chr12","90261342","90261635","30","90210003"
"chrX","59020","59333","chr1","25380611","25380914","40","25321591"
"chrX","295552","295787","chr8","102023887","102024121","27","101728335"
"chrX","345059","345364","chr1","54184910","54185214","34","53839851"
"chrX","359291","359555","chr12","64337051","64337315","38","63977760"
"chrX","392856","393160","chrX","85948167","85948472","29","85555311"
"chrX","393491","393798","chr1","54184910","54185214","36","53791419"
"chrX","398420","398727","chr1","27056894","27057200","35","26658474"
"chrX","745451","745748","chr4","54062553","54062848","24","53317102"
"chrX","763092","763410","chr1","54184910","54185214","37","53421818"
"chrX","770174","770483","chr1","165996033","165996341","36","165225859"
"chrX","770491","770806","chr1","165996033","165996341","41","165225542"
"chrX","1443910","1444155","chr6","130248478","130248718","40","128804568"
"chrX","1518532","1518839","chr1","54184910","54185214","34","52666378"
"chrX","1554752","1554841","chr16","61274124","61274213","28","59719372"
"chrX","1942749","1943038","chr7","96348171","96348464","37","94405422"
"chrX","1943383","1943702","chrX","872740","873049","41","1070643"
"chrX","1959336","1959637","chr14","3429764","3430061","39","1470428"
"chrX","1961117","1961414","chr14","57269411","57269707","38","55308294"
"chrX","2019304","2019586","chr6","7095690","7095973","39","5076386"
"chrX","2039233","2039511","chr1","204307037","204307312","36","202267804"
"chrX","2243683","2243983","chr14","50741360","50741659","31","48497677"
"chrX","2304220","2304526","chr3","13648107","13648424","44","11343887"
"chrX","2440457","2440746","chr2","64819781","64820080","45","62379324"
"chrX","2546340","2546508","chr3","76215454","76215617","20","73669114"
"chrX","2556111","2556419","chr14","118913053","118913356","30","116356942"
"chrX","2574471","2574771","chr8","137312187","137312490","35","134737716"
"chrX","2643166","2643462","chrY","19731","20028","24","2623435"
"chrX","2649338","2649626","chr11","33868257","33868543","32","31218919"
"chrX","2657414","2657707","chrX","23155568","23155864","29","20498154"
"chrX","2673388","2673687","chr7","107013680","107013979","36","104340292"
"chrX","2897082","2897385","chr14","118913053","118913356","27","116015971"
"chrX","3547531","3547825","chr14","68678897","68679192","33","65131366"
"chrX","3626171","3626471","chr1","38218968","38219269","32","34592797"
"chrX","3738623","3738935","chr3","9083683","9083979","38","5345060"
"chrX","3821302","3821604","chrX","2978590","2978895","21","842712"
"chrX","4338286","4338595","chrX","3536246","3536554","30","802040"
"chrX","4727623","4727929","chrX","3920459","3920767","28","807164"
"chrX","4911292","4911601","chr4","5357211","5357521","29","445919"
"chrX","4927179","4927475","chrX","4139306","4139600","23","787873"
"chrX","5105589","5105735","chr3","63755577","63755744","37","58649988"
"chrX","5808826","5808976","chrX","85303515","85303667","24","79494689"
"chrX","6751165","6751441","chrX","5989624","5989908","27","761541"
"chrX","8362673","8362970","chr7","19039688","19039974","31","10677015"
"chrX","8518569","8518877","chrX","872740","873049","28","7645829"
"chrX","8874130","8874438","chr1","210244521","210244825","37","201370391"
"chrX","8984516","8984826","chrX","130126302","130126612","34","121141786"
"chrX","9224738","9225061","chr14","11850802","11851124","40","2626064"
"chrX","9248755","9248937","chr19","53087200","53087382","28","43838445"
"chrX","9343876","9344006","chr5","88846129","88846265","47","79502253"
"chrX","9357071","9357377","chr1","160978135","160978440","27","151621064"
"chrX","9693456","9693607","chr19","34821693","34821849","44","25128237"
"chrX","9693971","9694029","chr19","42485814","42485867","20","32791843"
"chrX","9762903","9763212","chr5","139847501","139847800","33","130084598"
"chrX","10605606","10605926","chr4","132543231","132543546","41","121937625"
"chrX","12747488","12747781","chrX","12011646","12011941","29","735842"
"chrX","12894363","12894657","chr16","55480609","55480901","37","42586246"
"chrX","13085839","13086135","chrX","12347581","12347880","30","738258"
"chrX","13271768","13271952","chr1","160468003","160468185","25","147196235"
"chrX","13283649","13283952","chr1","25380611","25380914","29","12096962"
"chrX","13597222","13597513","chr11","6462265","6462558","27","7134957"
"chrX","13732668","13732881","chr7","36517447","36517660","29","22784779"
"chrX","13894671","13894973","chr3","24924052","24924352","28","11029381"
"chrX","14023500","14023800","chrX","12237021","12237319","30","1786479"
"chrX","14075250","14075558","chr4","86562055","86562362","36","72486805"
"chrX","14198319","14198618","chrX","23155568","23155864","39","8957249"
"chrX","14298610","14298909","chrX","23155568","23155864","39","8856958"
"chrX","14508774","14508869","chr1","12339903","12339996","18","2168871"
"chrX","14509620","14509767","chr6","154636260","154636411","16","140126640"
"chrX","15530881","15531187","chr5","185037865","185038176","44","169506984"
"chrX","15813089","15813381","chr16","50861987","50862274","39","35048898"
"chrX","15875361","15875678","chr6","176790550","176790858","31","160915189"
"chrX","15890315","15890584","chr15","11403740","11404014","51","4486575"
"chrX","16049915","16050191","chr8","65531215","65531499","42","49481300"
"chrX","16093580","16093883","chr4","88700124","88700424","23","72606544"
"chrX","16215479","16215783","chrX","15405734","15406041","29","809745"
"chrX","16648886","16649182","chrX","15834033","15834327","28","814853"
"chrX","16750426","16750710","chr2","54153091","54153385","39","37402665"
"chrX","16839245","16839546","chr13","43317795","43318094","28","26478550"
"chrX","16934702","16935001","chrX","16125576","16125875","22","809126"
"chrX","17012490","17012615","chr10","73381255","73381402","45","56368765"
"chrX","17012616","17012922","chrX","95520014","95520318","32","78507398"
"chrX","17202974","17203239","chrX","16387485","16387741","30","815489"
"chrX","17370941","17371246","chr2","204076165","204076471","33","186705224"
"chrX","17474992","17475145","chr9","38344102","38344259","17","20869110"
"chrX","17477552","17477849","chr6","173896362","173896661","30","156418810"
"chrX","17811532","17811807","chr2","202730810","202731090","33","184919278"
"chrX","18150386","18150695","chr14","45632802","45633110","34","27482416"
"chrX","18370218","18370397","chr5","740668","740849","24","17629550"
"chrX","18387320","18387600","chr3","21187885","21188165","33","2800565"
"chrX","18432055","18432243","chr17","39176135","39176331","40","20744080"
"chrX","18472787","18473086","chr6","148347411","148347707","36","129874624"
"chrX","18524967","18525123","chr9","120454632","120454793","27","101929665"
"chrX","18549675","18549861","chr20","74070026","74070213","36","55520351"
"chrX","18569085","18569375","chr4","21309683","21309973","35","2740598"
"chrX","18996021","18996315","chr1","213422632","213422926","23","194426611"
"chrX","19024120","19024429","chr1","163103574","163103881","37","144079454"
"chrX","19116736","19116954","chr7","129597090","129597311","37","110480354"
"chrX","19158380","19158685","chr1","54184910","54185214","27","35026530"
"chrX","19174081","19174249","chrX","51786687","51786849","29","32612606"
"chrX","19182191","19182489","chrX","18394346","18394650","25","787845"
"chrX","19423738","19423997","chr5","99149075","99149339","37","79725337"
"chrX","19446564","19446866","chr7","9321261","9321564","29","10125303"
"chrX","19455289","19455590","chr3","44070862","44071165","33","24615573"
"chrX","19542041","19542341","chr3","157812231","157812533","56","138270190"
"chrX","19715497","19715804","chrX","18926958","18927268","25","788539"
"chrX","19991307","19991607","chrX","19203852","19204150","24","787455"
"chrX","20163841","20164151","chr5","112294389","112294691","37","92130548"
"chrX","20219207","20219486","chr6","140369863","140370138","29","120150656"
"chrX","20242610","20242886","chr1","199847714","199848008","45","179605104"
"chrX","20502728","20503019","chrX","19703989","19704293","43","798739"
"chrX","21010521","21010813","chr7","96348171","96348464","37","75337650"
"chrX","21111079","21111328","chr17","63668518","63668772","35","42557439"
"chrX","21562996","21563300","chr3","181513518","181513820","33","159950522"
"chrX","21679059","21679347","chr1","35950025","35950312","36","14270966"
"chrX","21973544","21973866","chrX","21169959","21170269","32","803585"
"chrX","22234397","22234700","chrX","21435732","21436039","26","798665"
"chrX","22988238","22988534","chr7","127065845","127066144","30","104077607"
"chrX","23256993","23257271","chr2","21321648","21321927","35","1935345"
"chrX","23923436","23923715","chr1","124793709","124793992","30","100870273"
"chrX","23947428","23947606","chr15","64701277","64701454","27","40753849"
"chrX","23950655","23950952","chr4","88700124","88700424","27","64749469"
"chrX","23990408","23990713","chr3","7367921","7368221","35","16622487"
"chrX","24049101","24049150","chr14","18724456","18724513","16","5324645"
"chrX","24066159","24066322","chr5","18060035","18060193","22","6006124"
"chrX","24077464","24077766","chr19","32740719","32741019","35","8663255"
"chrX","24078273","24078473","chrX","147147954","147148141","43","123069681"
"chrX","24155614","24155909","chrX","23344845","23345139","29","810769"
"chrX","24271583","24271886","chrX","23469100","23469393","31","802483"
"chrX","24343212","24343529","chr16","19339570","19339892","46","5003642"
"chrX","24347593","24347781","chrX","147147954","147148141","35","122800361"
"chrX","24390759","24391063","chr1","92299141","92299452","36","67908382"
"chrX","24399077","24399248","chr2","15318266","15318436","45","9080811"
"chrX","24402354","24402650","chr7","61608289","61608587","39","37205935"
"chrX","24414895","24415187","chrX","23623898","23624189","28","790997"
"chrX","24432661","24432948","chr10","35385148","35385439","29","10952487"
"chrX","24490516","24490700","chr16","7509806","7509984","42","16980710"
"chrX","24701745","24701935","chr10","38389892","38390091","36","13688147"
"chrX","24857430","24857605","chr7","88306228","88306392","44","63448798"
"chrX","24929030","24929333","chr3","509096","509403","38","24419934"
"chrX","24960310","24960475","chrX","51786687","51786849","31","26826377"
"chrX","25104294","25104573","chrX","24324331","24324622","25","779963"
"chrX","25268888","25268960","chr5","171335331","171335400","27","146066443"
"chrX","25487268","25487506","chr9","93688855","93689088","22","68201587"
"chrX","25502942","25503218","chr1","204307037","204307312","41","178804095"
"chrX","25590264","25590559","chrX","23155568","23155864","30","2434696"
"chrX","25752624","25752925","chr2","129265347","129265651","37","103512723"
"chrX","26209457","26209758","chrX","25432728","25433032","31","776729"
"chrX","27060696","27060976","chr4","137261768","137262054","37","110201072"
"chrX","27094932","27095229","chrX","26330704","26330996","23","764228"
"chrX","27126001","27126313","chrX","26359828","26360124","47","766173"
"chrX","27290063","27290381","chr9","119008609","119008928","42","91718546"
"chrX","27311703","27312002","chr4","10919980","10920277","37","16391723"
"chrX","27405162","27405347","chr19","12959091","12959278","30","14446071"
"chrX","27453219","27453373","chr5","139059636","139059807","31","111606417"
"chrX","27550838","27551135","chr3","167746444","167746744","30","140195606"
"chrX","27819414","27819712","chr5","117401080","117401372","41","89581666"
"chrX","27965263","27965567","chrX","27293674","27293977","24","671589"
"chrX","28155523","28155815","chr2","149644045","149644340","36","121488522"
"chrX","28412294","28412455","chr12","44446416","44446578","27","16034122"
"chrX","28685197","28685498","chr1","221532692","221532994","32","192847495"
"chrX","28706635","28706933","chr11","55009213","55009513","27","26302578"
"chrX","29101657","29101814","chr5","18060035","18060193","31","11041622"
"chrX","29592404","29592711","chr8","41962733","41963037","29","12370329"
"chrX","29618981","29619281","chr10","83801216","83801517","26","54182235"
"chrX","29731263","29731557","chr1","214981520","214981826","41","185250257"
"chrX","30010525","30010844","chr3","34851335","34851651","54","4840810"
"chrX","30544950","30545252","chrX","29961696","29962000","25","583254"
"chrX","30554173","30554459","chr7","23493750","23494033","33","7060423"
"chrX","30901718","30901985","chr3","128496104","128496369","32","97594386"
"chrX","30917280","30917577","chrX","30333478","30333774","18","583802"
"chrX","31290207","31290495","chrX","30746731","30747027","40","543476"
"chrX","31354416","31354720","chrX","30800082","30800391","34","554334"
"chrX","31585104","31585399","chrX","31044799","31045098","29","540305"
"chrX","31999036","31999332","chr16","2437247","2437543","28","29561789"
"chrX","32319686","32319968","chr2","201095571","201095854","38","168775885"
"chrX","32754211","32754519","chrX","130126302","130126612","33","97372091"
"chrX","33002889","33003197","chr14","45632802","45633110","37","12629913"
"chrX","33128220","33128493","chr4","162042331","162042600","36","128914111"
"chrX","33250839","33251122","chr10","45592833","45593119","34","12341994"
"chrX","33404668","33404962","chr19","48904606","48904900","32","15499938"
"chrX","33563461","33563747","chrX","117589965","117590253","30","84026504"
"chrX","33854576","33854874","chrX","33332965","33333263","27","521611"
"chrX","34077115","34077332","chr13","101622015","101622230","30","67544900"
"chrX","34271537","34271691","chr9","120454632","120454793","36","86183095"
"chrX","34894465","34894758","chr12","1873342","1873636","32","33021123"
"chrX","35495692","35495983","chr8","25425586","25425875","32","10070106"
"chrX","35944357","35944682","chr7","79617480","79617805","36","43673123"
"chrX","36235840","36236142","chr12","115108242","115108542","30","78872402"
"chrX","36243379","36243670","chr1","164986072","164986369","32","128742693"
"chrX","36390251","36390523","chrX","36011571","36011849","34","378680"
"chrX","36983862","36984114","chrX","36445760","36446015","23","538102"
"chrX","37048422","37048709","chr13","15627280","15627569","34","21421142"
"chrX","37074971","37075258","chr7","49247024","49247315","36","12172053"
"chrX","37386714","37386821","chr10","63832033","63832158","32","26445319"
"chrX","37407410","37407713","chrX","36812030","36812330","31","595380"
"chrX","38384335","38384627","chr20","28697028","28697324","25","9687307"
"chrX","38504200","38504481","chr3","84553580","84553858","35","46049380"
"chrX","39802516","39802822","chr1","54184910","54185214","40","14382394"
"chrX","40171826","40172128","chr11","62952141","62952444","40","22780315"
"chrX","40522735","40523036","chr1","220959792","220960093","29","180437057"
"chrX","40610566","40610866","chr11","108584077","108584374","38","67973511"
"chrX","40638577","40638812","chr9","93688855","93689088","32","53050278"
"chrX","40639700","40639991","chr17","58476340","58476622","43","17836640"
"chrX","40723578","40723869","chr10","35385148","35385439","23","5338430"
"chrX","40748754","40748922","chr1","130615501","130615669","41","89866747"
"chrX","41026654","41026838","chr1","188127708","188127887","44","147101054"
"chrX","41101263","41101566","chr7","113241613","113241916","26","72140350"
"chrX","41397472","41397773","chr1","38218968","38219269","30","3178504"
"chrX","41413532","41413778","chr3","5253128","5253377","35","36160404"
"chrX","41461674","41461992","chrX","40984125","40984420","39","477549"
"chrX","41475201","41475427","chr8","71178086","71178311","29","29702885"
"chrX","41631895","41632191","chr19","7858356","7858653","29","33773539"
"chrX","41689889","41690196","chrX","41217166","41217470","38","472723"
"chrX","41815362","41815663","chr6","43446391","43446690","38","1631029"
"chrX","41842788","41843078","chrX","41404063","41404357","25","438725"
"chrX","42351667","42351980","chrX","130126302","130126612","33","87774635"
"chrX","43399062","43399368","chr1","38572070","38572377","36","4826992"
"chrX","43541532","43541792","chrX","43088020","43088279","38","453512"
"chrX","43636875","43637168","chr3","77744436","77744731","39","34107561"
"chrX","43746234","43746531","chr20","69417627","69417929","37","25671393"
"chrX","44063770","44064077","chr14","49167339","49167646","35","5103569"
"chrX","44239326","44239603","chrX","43879267","43879554","31","360059"
"chrX","44500001","44500238","chr14","119488796","119489035","50","74988795"
"chrX","44524479","44524786","chr1","37134164","37134472","27","7390315"
"chrX","44752460","44752764","chr4","127363604","127363914","37","82611144"
"chrX","44838530","44838839","chrX","44485797","44486104","21","352733"
"chrX","44966970","44967256","chrX","44607769","44608063","26","359201"
"chrX","45015700","45016011","chrX","44654650","44654961","26","361050"
"chrX","45242373","45242671","chr4","88700124","88700424","25","43457751"
"chrX","45272455","45272651","chr13","30520352","30520545","26","14752103"
"chrX","45300470","45300791","chr11","12757758","12758078","41","32542712"
"chrX","45304073","45304382","chr10","67242450","67242757","33","21938377"
"chrX","45318050","45318364","chr3","166990524","166990837","43","121672474"
"chrX","45333601","45333910","chrX","44952919","44953217","34","380682"
"chrX","45427632","45427929","chrX","45046389","45046693","30","381243"
"chrX","45459926","45460216","chrX","23155568","23155864","34","22304358"
"chrX","45474142","45474307","chr20","27267477","27267649","28","18206665"
"chrX","45512074","45512248","chr20","53003463","53003641","32","7491389"
"chrX","45565079","45565374","chrX","45186033","45186332","24","379046"
"chrX","46531929","46532221","chr2","63419289","63419578","34","16887360"
"chrX","46697960","46698108","chr3","33493296","33493438","26","13204664"
"chrX","46711870","46712168","chrX","46360662","46360961","29","351208"
"chrX","46774579","46774877","chr1","206202604","206202903","27","159428025"
"chrX","47081008","47081171","chr1","110065444","110065608","36","62984436"
"chrX","47107458","47107769","chr12","85215378","85215688","36","38107920"
"chrX","47439587","47439884","chr7","61781005","61781304","24","14341418"
"chrX","47584320","47584599","chr15","44422532","44422812","28","3161788"
"chrX","47682057","47682355","chr13","10819543","10819845","29","36862514"
"chrX","47789046","47789331","chr1","22233954","22234245","29","25555092"
"chrX","47834760","47834924","chr7","88306228","88306392","38","40471468"
"chrX","47971779","47972081","chrX","47656165","47656462","39","315614"
"chrX","48176809","48177124","chrX","47883388","47883714","29","293421"
"chrX","48467409","48467705","chr7","61608289","61608587","28","13140880"
"chrX","48613881","48614169","chr3","166840746","166841039","47","118226865"
"chrX","48650011","48650249","chrX","48456722","48456971","39","193289"
"chrX","48659343","48659652","chrX","48466014","48466324","39","193329"
"chrX","48674312","48674534","chrX","48483422","48483644","23","190890"
"chrX","48677864","48678161","chrX","48397509","48397807","26","280355"
"chrX","48696699","48696953","chr10","33501015","33501273","39","15195684"
"chrX","48739955","48740119","chr12","44446416","44446578","29","4293539"
"chrX","48818607","48818906","chrX","48669940","48670216","48","148667"
"chrX","48919585","48919881","chrX","12237021","12237319","32","36682564"
"chrX","48932858","48933156","chr11","50593379","50593674","40","1660521"
"chrX","48988329","48988633","chr1","54184910","54185214","25","5196581"
"chrX","49078299","49078482","chrX","147147954","147148141","33","98069655"
"chrX","49078486","49078651","chr3","76215454","76215617","34","27136968"
"chrX","49180937","49181238","chr1","34437740","34438040","35","14743197"
"chrX","49200747","49200897","chr19","4018531","4018683","24","45182216"
"chrX","49215523","49215784","chr2","98285830","98286085","38","49070307"
"chrX","49346375","49346669","chr11","108584077","108584374","23","59237702"
"chrX","49348975","49349140","chr15","6911024","6911192","25","42437951"
"chrX","49357260","49357562","chr2","144466661","144466954","38","95109401"
"chrX","49400928","49401225","chrX","49310883","49311183","26","90045"
"chrX","49422818","49423116","chrX","872740","873049","35","48550078"
"chrX","49695107","49695382","chrX","49587705","49587984","39","107402"
"chrX","49727238","49727512","chrX","49621311","49621585","27","105927"
"chrX","49762412","49762703","chr9","115259231","115259523","32","65496819"
"chrX","50291156","50291432","chrX","50233829","50234104","32","57327"
"chrX","50770125","50770424","chrX","50519082","50519376","25","251043"
"chrX","50807596","50807899","chrX","50566025","50566321","25","241571"
"chrX","51062564","51062869","chrX","50828901","50829207","24","233663"
"chrX","51092834","51093142","chrX","872740","873049","31","50220094"
"chrX","51391137","51391432","chr2","149644045","149644340","27","98252908"
"chrX","51427487","51427787","chr14","18653571","18653875","32","32773916"
"chrX","51890238","51890421","chr8","80113522","80113697","33","28223284"
"chrX","51998847","51999151","chr1","54184910","54185214","32","2186063"
"chrX","52027752","52028048","chrX","23155568","23155864","36","28872184"
"chrX","52622273","52622563","chr3","1742809","1743103","52","50879464"
"chrX","53237242","53237531","chr3","166840746","166841039","47","113603504"
"chrX","53306233","53306531","chr1","38218968","38219269","36","15087265"
"chrX","54047334","54047547","chrX","52786525","52786742","15","1260809"
"chrX","54132472","54132661","chr2","84605844","84606023","35","30473372"
"chrX","54176302","54176578","chrX","52913258","52913536","21","1263044"
"chrX","54333743","54334047","chrX","49226498","49226807","35","5107245"
"chrX","54403498","54403790","chrX","53130123","53130417","26","1273375"
"chrX","54424822","54425098","chrX","53165422","53165716","44","1259400"
"chrX","54457059","54457357","chrX","53197690","53197993","31","1259369"
"chrX","54487384","54487684","chr3","11748359","11748665","32","42739025"
"chrX","54738455","54738754","chr3","74896182","74896480","27","20157727"
"chrX","54837754","54837925","chr13","89859967","89860138","20","35022213"
"chrX","54970373","54970680","chrX","53714392","53714701","22","1255981"
"chrX","55009651","55009894","chr12","1645361","1645609","33","53364290"
"chrX","55025890","55026095","chr16","2403367","2403581","34","52622523"
"chrX","55063466","55063768","chr7","113241613","113241916","28","58178147"
"chrX","55095124","55095434","chr8","105120121","105120431","31","50024997"
"chrX","55316419","55316732","chrX","54065991","54066296","21","1250428"
"chrX","55469460","55469769","chrX","52884540","52884848","25","2584920"
"chrX","55723347","55723471","chr19","12135613","12135744","19","43587734"
"chrX","55723593","55723771","chr5","46476035","46476209","26","9247558"
"chrX","55774193","55774488","chr1","61388678","61388976","40","5614485"
"chrX","55891415","55891737","chrX","53714392","53714701","43","2177023"
"chrX","55906036","55906358","chrX","135271129","135271456","41","79365093"
"chrX","55942187","55942471","chrX","54788050","54788334","29","1154137"
"chrX","56578738","56579046","chr3","64175701","64176007","34","7596963"
"chrX","56697711","56698004","chr11","108584077","108584374","34","51886366"
"chrX","56979929","56980120","chr8","28319108","28319307","43","28660821"
"chrX","57498099","57498389","chrX","56388402","56388679","39","1109697"
"chrX","57653747","57654048","chr2","89053404","89053703","37","31399657"
"chrX","62431839","62432141","chr11","49622637","49622936","41","12809202"
"chrX","62491516","62491810","chr15","87598388","87598685","41","25106872"
"chrX","62911064","62911363","chrX","57690736","57691032","32","5220328"
"chrX","62943303","62943607","chrX","57740820","57741124","29","5202483"
"chrX","65208898","65209189","chr3","7367921","7368221","31","57840977"
"chrX","65220220","65220503","chr11","634869","635149","36","64585351"
"chrX","65247814","65248088","chr9","15503541","15503817","37","49744273"
"chrX","65292925","65293240","chrX","53714392","53714701","29","11578533"
"chrX","65323598","65323877","chr4","160692905","160693183","36","95369307"
"chrX","65335328","65335626","chr3","35442111","35442408","29","29893217"
"chrX","65372836","65373142","chr4","5357211","5357521","35","60015625"
"chrX","65388720","65389024","chr7","61608289","61608587","34","3780431"
"chrX","67590317","67590625","chr15","29452635","29452946","39","38137682"
"chrX","68111756","68112044","chrX","63053911","63054208","22","5057845"
"chrX","69004239","69004522","chr4","313220","313508","31","68691019"
"chrX","69098511","69098784","chr7","48798257","48798536","41","20300254"
"chrX","69818795","69818963","chr13","89859967","89860138","22","20041172"
"chrX","69906522","69906763","chr6","161714579","161714821","37","91808057"
"chrX","70006217","70006422","chr6","63630625","63630830","27","6375592"
"chrX","70029277","70029580","chrX","872740","873049","29","69156537"
"chrX","70103928","70104209","chr4","97959916","97960199","28","27855988"
"chrX","70156463","70156769","chr2","29914298","29914604","31","40242165"
"chrX","70385759","70386065","chr15","43831651","43831953","32","26554108"
"chrX","70484854","70485032","chr3","127934070","127934247","28","57449216"
"chrX","70496833","70496995","chr18","10468474","10468635","21","60028359"
"chrX","70693052","70693355","chr4","3752022","3752324","25","66941030"
"chrX","70772857","70773166","chr12","97445428","97445737","36","26672571"
"chrX","70996657","70996973","chrX","66005030","66005347","26","4991627"
"chrX","71016876","71017174","chrX","23155568","23155864","41","47861308"
"chrX","71029513","71029677","chr15","88479888","88480061","32","17450375"
"chrX","71046234","71046541","chr19","44754788","44755097","33","26291446"
"chrX","71056498","71056678","chr20","74070026","74070213","32","3013528"
"chrX","71094298","71094447","chr6","154636260","154636411","14","83541962"
"chrX","71137779","71138058","chr2","59421984","59422267","43","11715795"
"chrX","71202203","71202468","chr20","28180105","28180369","23","43022098"
"chrX","71294199","71294496","chrX","66320584","66320880","27","4973615"
"chrX","71344975","71345151","chr16","41943604","41943785","25","29401371"
"chrX","71360434","71360606","chr1","35561294","35561462","39","35799140"
"chrX","71883890","71884197","chrX","66928176","66928494","27","4955714"
"chrX","71963714","71963902","chr1","160468003","160468185","26","88504289"
"chrX","72030452","72030757","chr16","40054513","40054819","28","31975939"
"chrX","72211189","72211497","chr6","174905209","174905512","31","102694020"
"chrX","72262839","72263141","chr6","22244751","22245045","38","50018088"
"chrX","72282451","72282601","chr19","32998981","32999142","24","39283470"
"chrX","72424952","72425247","chrX","67476646","67476941","22","4948306"
"chrX","72439789","72440112","chr8","120455141","120455459","53","48015352"
"chrX","72538620","72538921","chr16","3520694","3521001","38","69017926"
"chrX","72965236","72965506","chrX","67818934","67819208","37","5146302"
"chrX","73045890","73046087","chr1","223370408","223370612","31","150324518"
"chrX","73677792","73677966","chr1","130615501","130615669","24","56937709"
"chrX","73741929","73742129","chr6","63630625","63630830","49","10111304"
"chrX","73961778","73962072","chrX","68694113","68694405","29","5267665"
"chrX","73996482","73996794","chr3","81124541","81124852","36","7128059"
"chrX","74151045","74151266","chr8","103455867","103456083","30","29304822"
"chrX","74265095","74265233","chr12","96179892","96180046","33","21914797"
"chrX","74352749","74353064","chrX","69081554","69081869","31","5271195"
"chrX","74402235","74402380","chr7","3648725","3648875","30","70753510"
"chrX","74979359","74979659","chr1","221532692","221532994","37","146553333"
"chrX","75000493","75000788","chr20","57205726","57206029","36","17794767"
"chrX","75241432","75241728","chr4","26244213","26244509","33","48997219"
"chrX","76014081","76014271","chr3","36303286","36303484","36","39710795"
"chrX","76617311","76617632","chr1","128094642","128094960","45","51477331"
"chrX","77521797","77522105","chrX","71470494","71470803","38","6051303"
"chrX","77629531","77629835","chr17","88595553","88595859","38","10966022"
"chrX","77636092","77636391","chrX","71587113","71587410","26","6048979"
"chrX","77677037","77677362","chr4","35325351","35325671","52","42351686"
"chrX","77765367","77765526","chr4","29348361","29348533","39","48417006"
"chrX","77959117","77959416","chrX","71930792","71931102","26","6028325"
"chrX","78358684","78358989","chr15","104401844","104402147","34","26043160"
"chrX","78652666","78652967","chr6","147351072","147351371","32","68698406"
"chrX","79235951","79236246","chr11","110456127","110456422","30","31220176"
"chrX","79363705","79364006","chrX","73520305","73520608","34","5843400"
"chrX","79414850","79415148","chr4","10919980","10920277","27","68494870"
"chrX","80488048","80488339","chr10","32971128","32971426","37","47516920"
"chrX","80519028","80519326","chr3","160159784","160160076","33","79640756"
"chrX","80553723","80554039","chrX","74655071","74655377","27","5898652"
"chrX","81239152","81239439","chr6","136087738","136088027","28","54848586"
"chrX","82623771","82624082","chr1","54184910","54185214","41","28438861"
"chrX","82833783","82834077","chr2","116098713","116098998","79","33264930"
"chrX","82889174","82889470","chr20","7935085","7935379","38","74954089"
"chrX","83207423","83207729","chr1","25380611","25380914","34","57826812"
"chrX","83305840","83306114","chr3","10459246","10459518","38","72846594"
"chrX","83391611","83391918","chr1","54184910","54185214","32","29206701"
"chrX","83824073","83824345","chr7","100527457","100527733","37","16703384"
"chrX","84522458","84522756","chrX","78624048","78624330","44","5898410"
"chrX","84927587","84927872","chrX","79028838","79029124","26","5898749"
"chrX","85531817","85532118","chrX","79663780","79664065","39","5868037"
"chrX","85930906","85931198","chr11","7372106","7372401","27","78558800"
"chrX","86136387","86136658","chr1","204307037","204307312","36","118170650"
"chrX","86545124","86545434","chrX","95082495","95082798","44","8537371"
"chrX","86657763","86658051","chrX","80771714","80771999","31","5886049"
"chrX","86849983","86850268","chr9","84838707","84838986","41","2011276"
"chrX","86868274","86868571","chr15","104505005","104505303","28","17636731"
"chrX","87890575","87890862","chr2","133188295","133188581","40","45297720"
"chrX","88030360","88030635","chr20","68769503","68769770","44","19260857"
"chrX","88408573","88408878","chr11","78578983","78579282","28","9829590"
"chrX","88413485","88413782","chr12","124218850","124219146","31","35805365"
"chrX","88469503","88469800","chr13","86523352","86523650","39","1946151"
"chrX","88618963","88619258","chrX","82723235","82723538","41","5895728"
"chrX","89362282","89362579","chr11","7372106","7372401","34","81990176"
"chrX","89443608","89443910","chrX","52884540","52884848","42","36559068"
"chrX","89594176","89594480","chr1","54184910","54185214","36","35409266"
"chrX","89938937","89939254","chrX","84024567","84024883","43","5914370"
"chrX","90083954","90084254","chr11","56089370","56089672","32","33994584"
"chrX","90309534","90309842","chr17","3416007","3416316","36","86893527"
"chrX","90940847","90941154","chr3","24845532","24845839","34","66095315"
"chrX","90961194","90961497","chr3","7367921","7368221","38","83593273"
"chrX","91183651","91183946","chr16","47170740","47171040","37","44012911"
"chrX","91477678","91477970","chr10","77075361","77075654","29","14402317"
"chrX","91660309","91660592","chr18","13204390","13204672","28","78455919"
"chrX","92123740","92124040","chr3","74896182","74896480","35","17227558"
"chrX","92285994","92286145","chr1","130615501","130615669","34","38329507"
"chrX","92473985","92474289","chr15","104401844","104402147","32","11927859"
"chrX","92647143","92647443","chr11","108584077","108584374","33","15936934"
"chrX","92702677","92702995","chr6","93898120","93898438","39","1195443"
"chrX","93255798","93256096","chr7","61109510","61109810","33","32146288"
"chrX","93376080","93376369","chrX","23130799","23131097","42","70245281"
"chrX","93788501","93788800","chr16","24226903","24227202","44","69561598"
"chrX","93890288","93890594","chr17","25517924","25518232","35","68372364"
"chrX","94054972","94055272","chr13","32770451","32770753","27","61284521"
"chrX","94146507","94146824","chr6","176790550","176790858","39","82644043"
"chrX","94529749","94530051","chrX","872740","873049","29","93657009"
"chrX","94783990","94784306","chrX","88762826","88763129","50","6021164"
"chrX","94815859","94816015","chrX","130734630","130734781","22","35918771"
"chrX","95427899","95428186","chr7","113437485","113437769","34","18009586"
"chrX","95443427","95443707","chrX","129312880","129313161","34","33869453"
"chrX","95728780","95729103","chr4","127759466","127759795","49","32030686"
"chrX","95771833","95772123","chr7","154966593","154966888","37","59194760"
"chrX","96119516","96119806","chr15","108424452","108424741","32","12304936"
"chrX","96733227","96733537","chr8","122686130","122686440","35","25952903"
"chrX","96979109","96979297","chrX","147147954","147148141","31","50168845"
"chrX","97005459","97005766","chrX","95520014","95520318","33","1485445"
"chrX","97542735","97543034","chr8","8325984","8326278","24","89216751"
"chrX","97747769","97748056","chrX","91745750","91746037","18","6002019"
"chrX","97750420","97750728","chr3","142483964","142484270","33","44733544"
"chrX","98464575","98464885","chrX","872740","873049","44","97591835"
"chrX","99252757","99253048","chr20","3234359","3234653","26","96018398"
"chrX","99455654","99455964","chr1","7768760","7769067","42","91686894"
"chrX","101240650","101240950","chrX","95082495","95082798","22","6158155"
"chrX","101356467","101356776","chr16","54764613","54764924","31","46591854"
"chrX","101363217","101363532","chrX","52884540","52884848","30","48478677"
"chrX","101426791","101427106","chr1","95648230","95648547","35","5778561"
"chrX","101438779","101439094","chr1","95648230","95648547","35","5790549"
"chrX","101474095","101474405","chr3","81656161","81656467","37","19817934"
"chrX","101478132","101478421","chr7","113437485","113437769","47","11959353"
"chrX","101610618","101610909","chr3","175664911","175665204","28","74054293"
"chrX","101668444","101668755","chrX","95520014","95520318","24","6148430"
"chrX","102278359","102278665","chrX","96074519","96074828","34","6203840"
"chrX","102431974","102432280","chrX","96074519","96074828","34","6357455"
"chrX","102448029","102448326","chr19","38775492","38775787","44","63672537"
"chrX","102909451","102909745","chr17","47351405","47351697","27","55558046"
"chrX","102964122","102964429","chr1","165996033","165996341","40","63031911"
"chrX","103308137","103308433","chr4","54062553","54062848","27","49245584"
"chrX","103321961","103322258","chr3","42965994","42966291","31","60355967"
"chrX","103684298","103684619","chrX","96879199","96879525","28","6805099"
"chrX","103726858","103727137","chrX","96932704","96932988","27","6794154"
"chrX","103864714","103865013","chrX","97065954","97066252","32","6798760"
"chrX","103926850","103927155","chr4","3752022","3752324","27","100174828"
"chrX","103929874","103930146","chrX","97132507","97132784","23","6797367"
"chrX","104026802","104027101","chr3","67363610","67363901","34","36663192"
"chrX","104159023","104159188","chr3","63755577","63755744","23","40403446"
"chrX","104203904","104204213","chrX","97383054","97383347","40","6820850"
"chrX","104387461","104387754","chr16","26389884","26390177","54","77997577"
"chrX","105695621","105695795","chr15","6911024","6911192","33","98784597"
"chrX","105696369","105696500","chr7","68956423","68956553","14","36739946"
"chrX","106053321","106053616","chr11","108584077","108584374","29","2530756"
"chrX","106113887","106114197","chr4","5955341","5955651","32","100158546"
"chrX","106150323","106150628","chr4","3752022","3752324","34","102398301"
"chrX","106827383","106827545","chr4","140168185","140168346","30","33340802"
"chrX","107191215","107191481","chr2","96876334","96876612","42","10314881"
"chrX","107606462","107606766","chrX","101200764","101201064","28","6405698"
"chrX","107673516","107673821","chrX","101257773","101258073","33","6415743"
"chrX","108038764","108038994","chrX","101626137","101626370","17","6412627"
"chrX","108123829","108124131","chr1","24590021","24590324","24","83533808"
"chrX","108412898","108413205","chrX","101988643","101988955","27","6424255"
"chrX","108512882","108513177","chrX","102093346","102093645","27","6419536"
"chrX","110082504","110082799","chrX","23130799","23131097","30","86951705"
"chrX","110230193","110230485","chr1","34922657","34922952","30","75307536"
"chrX","110256567","110256877","chrX","872740","873049","32","109383827"
"chrX","110263729","110264018","chr3","80674854","80675143","34","29588875"
"chrX","110297780","110298097","chr19","12474220","12474537","41","97823560"
"chrX","110464536","110464828","chr5","16960665","16960960","26","93503871"
"chrX","110547033","110547333","chrX","104157145","104157457","43","6389888"
"chrX","110762120","110762317","chr19","12959091","12959278","36","97803029"
"chrX","112040548","112040856","chr14","106075201","106075508","29","5965347"
"chrX","112075004","112075298","chr3","3735997","3736286","34","108339007"
"chrX","112159419","112159727","chrX","52884540","52884848","36","59274879"
"chrX","112517077","112517271","chr19","12959091","12959278","39","99557986"
"chrX","112622665","112622841","chr1","134845532","134845706","33","22222867"
"chrX","112842490","112842617","chr16","49439635","49439748","43","63402855"
"chrX","112961276","112961589","chr3","81124541","81124852","37","31836735"
"chrX","113326611","113326908","chrX","106789327","106789625","21","6537284"
"chrX","113768774","113768992","chr7","19868568","19868776","29","93900206"
"chrX","114388580","114388867","chr3","49804678","49804963","30","64583902"
"chrX","114421506","114421782","chr14","12933847","12934125","44","101487659"
"chrX","114601413","114601710","chr3","174068153","174068451","34","59466740"
"chrX","114609868","114610156","chr10","87136170","87136463","37","27473698"
"chrX","115224634","115224832","chr17","39176135","39176331","48","76048499"
"chrX","115807661","115807974","chr5","9884443","9884753","36","105923218"
"chrX","115928566","115928867","chrX","109203999","109204308","39","6724567"
"chrX","116154250","116154532","chr17","95008065","95008362","47","21146185"
"chrX","116154533","116154714","chr11","55484562","55484739","32","60669971"
"chrX","116269711","116270027","chr7","978158","978472","41","115291553"
"chrX","116293881","116294186","chrX","109544901","109545197","38","6748980"
"chrX","116312172","116312504","chr5","85045085","85045391","55","31267087"
"chrX","116698192","116698503","chr12","124545177","124545485","36","7846985"
"chrX","117099906","117100143","chr9","128566894","128567132","29","11466988"
"chrX","117146170","117146471","chr20","28697028","28697324","35","88449142"
"chrX","118545260","118545577","chr12","85215378","85215688","36","33329882"
"chrX","118632345","118632539","chr1","25647948","25648135","35","92984397"
"chrX","118798287","118798452","chr3","123381631","123381795","21","4583344"
"chrX","118960178","118960485","chrX","53714392","53714701","35","65245786"
"chrX","119149087","119149377","chr11","33868257","33868543","29","85280830"
"chrX","119202906","119203216","chrX","112430512","112430812","27","6772394"
"chrX","119222202","119222401","chr13","81318413","81318616","36","37903789"
"chrX","119399048","119399316","chrX","112616140","112616408","19","6782908"
"chrX","119418072","119418373","chrX","112641703","112642001","34","6776369"
"chrX","119440932","119441244","chr3","35126742","35127047","38","84314190"
"chrX","119454136","119454428","chrX","112670952","112671247","28","6783184"
"chrX","119458521","119458816","chrX","112674364","112674659","29","6784157"
"chrX","119622207","119622534","chr14","87880364","87880681","36","31741843"
"chrX","119629793","119630074","chrX","147580559","147580830","49","27950766"
"chrX","119851287","119851597","chrX","113068319","113068630","29","6782968"
"chrX","119916576","119916877","chr6","132127364","132127664","31","12210788"
"chrX","120072880","120073169","chrX","113304738","113305038","35","6768142"
"chrX","120101590","120101817","chr9","93688855","93689088","34","26412735"
"chrX","120149520","120149808","chr4","3379423","3379712","29","116770097"
"chrX","120219336","120219569","chr16","53282991","53283224","25","66936345"
"chrX","120220734","120221027","chr1","7247666","7247956","30","112973068"
"chrX","120228466","120228763","chr3","48879684","48879984","33","71348782"
"chrX","120267511","120267661","chr19","4018531","4018683","27","116248980"
"chrX","120381911","120382219","chr1","216542963","216543268","36","96161052"
"chrX","120420827","120421130","chr19","50863135","50863438","28","69557692"
"chrX","120469714","120469997","chr6","7095690","7095973","29","113374024"
"chrX","120634316","120634594","chr1","19608573","19608851","27","101025743"
"chrX","120665080","120665281","chrX","113892491","113892694","16","6772589"
"chrX","120730230","120730431","chrX","113892491","113892694","16","6837739"
"chrX","120919286","120919454","chr3","76215454","76215617","30","44703832"
"chrX","120961694","120961986","chr1","199847714","199848008","32","78886020"
"chrX","121034642","121034902","chr8","72286989","72287242","39","48747653"
"chrX","121238645","121238839","chr8","142875829","142876020","24","21637184"
"chrX","121474881","121475174","chr10","27762235","27762528","34","93712646"
"chrX","121486191","121486481","chr7","32150404","32150693","33","89335787"
"chrX","121711002","121711304","chr10","59985513","59985813","40","61725489"
"chrX","121758200","121758508","chrX","114851964","114852266","34","6906236"
"chrX","121824163","121824468","chrX","129843953","129844263","34","8019790"
"chrX","121920072","121920368","chr20","1863492","1863794","30","120056580"
"chrX","122383733","122384026","chr8","129580403","129580698","41","7196670"
"chrX","122540680","122540973","chrX","115708055","115708355","31","6832625"
"chrX","122900883","122901197","chr1","128094642","128094960","39","5193759"
"chrX","123201369","123201665","chr7","61336293","61336589","31","61865076"
"chrX","123507663","123507968","chrX","116745092","116745403","29","6762571"
"chrX","124014300","124014609","chr10","92196986","92197296","33","31817314"
"chrX","124118320","124118618","chr12","83803775","83804071","35","40314545"
"chrX","124246986","124247250","chrX","117486504","117486781","31","6760482"
"chrX","124342519","124342832","chr19","4966445","4966740","61","119376074"
"chrX","124343201","124343503","chr4","88700124","88700424","24","35643077"
"chrX","124360732","124360900","chr9","38344102","38344259","34","86016630"
"chrX","124404715","124404987","chr9","119837395","119837668","32","4567320"
"chrX","124410588","124410781","chr10","72538419","72538602","46","51872169"
"chrX","124438277","124438453","chr5","740668","740849","31","123697609"
"chrX","124516712","124517006","chr1","130308648","130308945","30","5791936"
"chrX","125058964","125059284","chrX","97226897","97227218","36","27832067"
"chrX","125112920","125113221","chrX","118374074","118374375","25","6738846"
"chrX","125172714","125173007","chr1","24622085","24622374","30","100550629"
"chrX","125871574","125871874","chr7","61608289","61608587","31","64263285"
"chrX","125942353","125942649","chr11","108584077","108584374","29","17358276"
"chrX","125991243","125991550","chrX","119238333","119238641","41","6752910"
"chrX","126253429","126253722","chrX","119489670","119489963","22","6763759"
"chrX","126378196","126378498","chr1","65262119","65262422","34","61116077"
"chrX","126492004","126492297","chr19","48904606","48904900","40","77587398"
"chrX","127006115","127006424","chrX","120219176","120219483","32","6786939"
"chrX","127222819","127223127","chr4","5955341","5955651","42","121267478"
"chrX","127755450","127755758","chr5","127280394","127280703","35","475056"
"chrX","128230071","128230365","chr9","64106021","64106313","38","64124050"
"chrX","128318382","128318680","chr9","2711445","2711745","40","125606937"
"chrX","128552923","128553174","chr12","81755596","81755855","37","46797327"
"chrX","128709054","128709362","chrX","122018521","122018831","19","6690533"
"chrX","129217781","129218087","chr13","107523892","107524201","45","21693889"
"chrX","129316815","129317096","chr2","21321648","21321927","30","107995167"
"chrX","129890060","129890366","chr11","122284883","122285181","34","7605177"
"chrX","130187819","130188124","chr1","23437690","23437994","31","106750129"
"chrX","130190334","130190498","chr12","44446416","44446578","21","85743918"
"chrX","130319540","130319738","chr19","3750623","3750827","49","126568917"
"chrX","130460893","130461190","chr13","106164334","106164628","29","24296559"
"chrX","130513764","130514049","chr1","11858253","11858537","31","118655511"
"chrX","130728331","130728590","chr15","88022921","88023176","35","42705410"
"chrX","130877534","130877844","chr4","5357211","5357521","28","125520323"
"chrX","131092521","131092829","chrX","53464436","53464745","31","77628085"
"chrX","132346916","132347209","chr1","42018653","42018950","33","90328263"
"chrX","132366889","132367176","chr2","203454104","203454390","43","71087215"
"chrX","133314233","133314533","chrX","126611593","126611894","28","6702640"
"chrX","133799545","133799595","chr9","13987239","13987300","18","119812306"
"chrX","133954769","133955079","chrX","127270186","127270497","19","6684583"
"chrX","134280109","134280403","chr3","77744436","77744731","35","56535673"
"chrX","134488238","134488538","chr11","108584077","108584374","40","25904161"
"chrX","134514139","134514441","chrX","127832813","127833113","40","6681326"
"chrX","134860369","134860670","chr12","58225120","58225417","28","76635249"
"chrX","134889032","134889338","chrX","128192117","128192430","27","6696915"
"chrX","134992702","134993004","chrX","128287696","128288001","29","6705006"
"chrX","135235813","135236095","chr4","17893190","17893477","33","117342623"
"chrX","135258452","135258753","chr5","58681709","58682015","32","76576743"
"chrX","135263320","135263604","chr1","19888368","19888653","29","115374952"
"chrX","135279352","135279646","chr3","14647021","14647316","30","120632331"
"chrX","135364034","135364327","chr6","7095690","7095973","38","128268344"
"chrX","135400125","135400423","chr17","5170547","5170846","27","130229578"
"chrX","135429342","135429641","chrX","128729946","128730243","33","6699396"
"chrX","135484275","135484583","chrX","128784604","128784903","27","6699671"
"chrX","135601875","135602169","chr16","4729688","4729979","32","130872187"
"chrX","135701478","135701786","chrX","129039842","129040139","36","6661636"
"chrX","135965215","135965512","chr2","47824467","47824767","30","88140748"
"chrX","136671470","136671768","chrX","129774446","129774742","34","6897024"
"chrX","136737029","136737349","chrX","47430937","47431256","35","89306092"
"chrX","136829131","136829292","chr5","18060035","18060193","22","118769096"
"chrX","137025307","137025617","chrX","130126302","130126612","24","6899005"
"chrX","137595128","137595445","chr1","187488546","187488859","44","49893418"
"chrX","138094039","138094350","chr6","176790550","176790858","39","38696511"
"chrX","138248553","138248803","chr15","100001067","100001322","44","38247486"
"chrX","138688294","138688587","chr3","50468611","50468907","36","88219683"
"chrX","139116841","139117147","chr16","1680827","1681137","39","137436014"
"chrX","139295776","139296064","chr13","32770451","32770753","54","106525325"
"chrX","139345546","139345833","chr1","9185013","9185302","35","130160533"
"chrX","139394105","139394408","chr6","152811199","152811501","34","13417094"
"chrX","140180596","140180888","chr15","108330667","108330955","31","31849929"
"chrX","140642092","140642399","chr19","44754788","44755097","32","95887304"
"chrX","140644418","140644705","chr16","38452579","38452867","22","102191839"
"chrX","141540420","141540720","chr7","127065845","127066144","32","14474575"
"chrX","141563174","141563449","chrX","135474229","135474501","21","6088945"
"chrX","141663094","141663404","chrX","134798352","134798662","35","6864742"
"chrX","141781523","141781813","chr8","41718631","41718927","39","100062892"
"chrX","141823235","141823524","chr2","105019193","105019487","39","36804042"
"chrX","141848885","141849133","chr1","5957723","5957979","37","135891162"
"chrX","141891155","141891464","chrX","135308288","135308603","34","6582867"
"chrX","141896874","141897184","chrX","135301553","135301862","30","6595321"
"chrX","141909470","141909764","chr11","108584077","108584374","28","33325393"
"chrX","141928384","141928687","chr4","108327631","108327935","36","33600753"
"chrX","141990586","141990881","chr3","26174329","26174623","22","115816257"
"chrX","142083615","142083877","chr1","139661180","139661448","35","2422435"
"chrX","142095021","142095269","chr1","51414853","51415104","36","90680168"
"chrX","142116718","142117017","chr2","53722972","53723273","31","88393746"
"chrX","142260593","142260848","chr2","89954335","89954590","39","52306258"
"chrX","142428153","142428367","chr6","63630625","63630830","51","78797528"
"chrX","143391700","143391993","chr12","90261342","90261635","27","53130358"
"chrX","143441642","143441971","chrX","872740","873049","54","142568902"
"chrX","144041138","144041425","chrX","91745750","91746037","38","52295388"
"chrX","144187259","144187559","chr9","31201059","31201360","30","112986200"
"chrX","144300518","144300808","chr2","57288005","57288297","28","87012513"
"chrX","144437771","144438079","chr9","93872647","93872956","32","50565124"
"chrX","144536154","144536325","chr1","27619548","27619722","38","116916606"
"chrX","144591495","144591786","chr8","93631919","93632210","31","50959576"
"chrX","144788555","144788851","chr9","59758923","59759206","46","85029632"
"chrX","145006083","145006383","chrX","137866521","137866820","28","7139562"
"chrX","145392369","145392543","chr5","740668","740849","33","144651701"
"chrX","146168720","146169013","chrX","139088599","139088895","27","7080121"
"chrX","146281751","146282062","chrX","139213683","139213999","34","7068068"
"chrX","146739595","146739889","chr6","178856957","178857252","30","32117362"
"chrX","146788286","146788596","chr4","5357211","5357521","31","141431075"
"chrX","146807586","146807895","chr1","160978135","160978440","27","14170549"
"chrX","146966582","146966876","chrX","139919684","139919981","38","7046898"
"chrX","147226039","147226367","chr9","6051573","6051887","46","141174466"
"chrX","148347460","148347612","chr11","133328099","133328256","29","15019361"
"chrX","148404858","148405164","chr14","119046212","119046511","48","29358646"
"chrX","148410908","148411185","chrX","117589965","117590253","45","30820943"
"chrX","148423841","148424150","chr13","31472571","31472878","38","116951270"
"chrX","148827783","148828030","chrX","141802206","141802448","32","7025577"
"chrX","149316929","149317212","chrX","142296599","142296878","26","7020330"
"chrX","149533557","149533762","chr9","82349333","82349540","32","67184224"
"chrX","149666547","149666848","chr12","115108242","115108542","27","34558305"
"chrX","149773578","149773889","chr14","2713092","2713395","33","147060486"
"chrX","150638114","150638423","chr6","176790550","176790858","36","26152436"
"chrX","151611238","151611542","chr1","54184910","54185214","24","97426328"
"chrX","151691267","151691561","chr3","48879684","48879984","23","102811583"
"chrX","152061057","152061363","chrX","52884540","52884848","35","99176517"
"chrX","152062207","152062506","chr4","71292858","71293156","31","80769349"
"chrX","152332369","152332548","chr15","10405383","10405560","28","141926986"
"chrX","152359243","152359544","chrX","145199211","145199510","23","7160032"
"chrX","152365017","152365311","chr3","174068153","174068451","30","21703136"
"chrX","152946603","152946910","chrX","145806261","145806567","31","7140342"
"chrX","153214054","153214350","chr3","48912719","48913013","32","104301335"
"chrX","153419237","153419548","chrX","130126302","130126612","38","23292935"
"chrX","153446052","153446242","chr17","39176135","39176331","49","114269917"
"chrX","153760179","153760433","chr6","55635746","55636005","31","98124433"
"chrX","153901887","153902196","chrX","130126302","130126612","29","23775585"
"chrX","154376955","154377258","chr2","83597002","83597303","35","70779953"
"chrX","154520646","154520697","chr3","34903811","34903857","18","119616835"
"chrX","154790989","154791146","chr15","6911024","6911192","31","147879965"
"chrX","155067612","155067818","chr2","22002316","22002521","24","133065296"
"chrX","155068358","155068405","chr18","38475253","38475297","7","116593105"
"chrX","155110254","155110565","chr5","128810183","128810491","35","26300071"
"chrX","155530568","155530790","chr12","58289321","58289541","58","97241247"
"chrX","155531534","155531847","chr7","978158","978472","33","154553376"
"chrX","155753728","155754038","chr12","121002995","121003297","31","34750733"
"chrY","187178","187479","chr1","31761877","31762179","41","31574699"
"chrY","507712","508006","chr9","37704433","37704729","42","37196721"
"chrY","609515","609819","chr7","47846648","47846954","41","47237133"
"chrY","612503","612668","chr13","27708245","27708405","31","27095742"
"chrY","646214","646526","chr4","5357211","5357521","43","4710997"
"chrY","764574","764882","chr13","107523892","107524201","51","106759318"
"chrY","1107629","1107923","chr7","142797058","142797349","60","141689429"
"chrY","1820259","1820562","chr8","65019239","65019549","49","63198980"
"chrY","1835597","1835893","chr7","142797058","142797349","61","140961461"
"chrY","1891536","1891841","chr1","5362625","5362924","55","3471089"
"chrY","1976592","1976888","chr7","142797058","142797349","61","140820466"
"chrY","1991931","1992234","chr8","65019239","65019549","49","63027308"
"chrY","2056148","2056449","chr7","61608289","61608587","49","59552141"
"chrY","2140038","2140340","chr17","16036823","16037127","45","13896785"
"chrY","2155121","2155389","chr2","108675074","108675342","66","106519953"
"chrY","2162722","2163008","chr7","19039688","19039974","46","16876966"
"chrY","2572428","2572721","chr3","161716772","161717066","41","159144344"
"chrY","2710608","2710901","chr3","161716772","161717066","41","159006164"
"chrY","3390612","3390710","chr1","12339903","12339996","26","8949291"
"chrY","3390831","3390966","chr16","75677884","75678019","25","72287053"
"chrY","3505292","3505530","chr14","36525687","36525924","51","33020395"
"chrY","3614228","3614511","chr7","19554348","19554628","48","15940120"
"chrY","3899145","3899428","chr7","19554348","19554628","48","15655203"
"chrY","4030622","4030929","chr13","31472571","31472878","44","27441949"
"chrY","4269540","4269856","chr15","29452635","29452946","56","25183095"
"chrY","4375180","4375418","chr14","36525687","36525924","51","32150507"
"chrY","4489677","4489812","chr16","75677884","75678019","25","71188207"
"chrY","4490003","4490101","chr1","12339903","12339996","26","7849900"
"chrY","4977284","4977591","chr13","107523892","107524201","52","102546608"
"chrY","5132151","5132458","chr13","107523892","107524201","52","102391741"
"chrY","5466527","5466854","chr16","26800160","26800487","73","21333633"
"chrY","6179303","6179608","chr8","65019239","65019549","47","58839936"
"chrY","6194654","6194951","chr7","142797058","142797349","60","136602404"
"chrY","6279746","6280051","chr7","52277962","52278267","54","45998216"
"chrY","6347704","6348000","chr3","155246047","155246338","49","148898343"
"chrY","6574435","6574741","chr19","49649062","49649370","43","43074627"
"chrY","6575835","6576124","chr14","18080473","18080769","42","11504638"
"chrY","6692398","6692718","chr6","43551570","43551888","55","36859172"
"chrY","7041114","7041406","chr2","47824467","47824767","41","40783353"
"chrY","7254890","7255063","chrUn_NW_014807749v1","348","512","38","7254542"
"chrY","7315416","7315701","chr2","203454104","203454390","46","196138688"
"chrY","7342576","7342901","chrX","130126302","130126612","50","122783726"
"chrY","8113622","8113915","chr2","159353585","159353880","48","151239963"
"chrY","8185440","8185728","chrY","7643350","7643633","47","542090"
"chrY","8188289","8188617","chr12","117233105","117233428","52","109044816"
"chrY","8190523","8190835","chr12","61309272","61309577","55","53118749"
"chrY","8191134","8191442","chr12","113973217","113973518","41","105782083"
"chrY","8283243","8283473","chr9","93688855","93689088","37","85405612"
"chrY","8345667","8345960","chr1","162175697","162175990","45","153830030"
"chrY","8618164","8618480","chr14","97385381","97385689","59","88767217"
"chrY","8630641","8630942","chr7","61608289","61608587","50","52977648"
"chrY","9065978","9066279","chr7","61608289","61608587","51","52542311"
"chrY","9130182","9130487","chr8","65019239","65019549","48","55889057"
"chrY","9145541","9145837","chr13","48611957","48612239","60","39466416"
"chrY","9230590","9230895","chr7","52277962","52278267","55","43047372"
"chrY","9286558","9286863","chr3","156495104","156495419","59","147208546"
"chrY","9301871","9302174","chr12","93411261","93411570","49","84109390"
"chrY","9366107","9366408","chr1","166415404","166415712","49","157049297"
"chrY","9802850","9803151","chr7","61608289","61608587","51","51805439"
"chrY","9867081","9867385","chr8","65019239","65019549","49","55152158"
"chrY","9882393","9882697","chr3","156495104","156495419","60","146612711"
"chrY","9934998","9935303","chr7","52277962","52278267","55","42342964"
"chrY","10020075","10020380","chr3","156495104","156495419","59","146475029"
"chrY","10035439","10035743","chr8","65019239","65019549","48","54983800"
"chrY","10099669","10099970","chr1","166415404","166415712","50","156315735"
"chrY","10534502","10534803","chr7","61608289","61608587","51","51073787"
"chrY","10598729","10599034","chr8","65019239","65019549","48","54420510"
"chrY","10614061","10614357","chr13","48611957","48612239","60","37997896"
"chrY","10699070","10699375","chr7","52277962","52278267","55","41578892"
"chrY","10755053","10755357","chr3","156495104","156495419","60","145740051"
"chrY","10770405","10770711","chr8","65019239","65019549","48","54248834"
"chrY","10911301","10911603","chr17","16036823","16037127","44","5125522"
"chrY","10926375","10926643","chr2","108675074","108675342","66","97748699"
"chrY","10933973","10934259","chr7","19039688","19039974","47","8105715"
"chrY","11273616","11273909","chr17","16123214","16123508","39","4849598"
"chrY","11411697","11411990","chr17","16123214","16123508","39","4711517"
"chrY","12063733","12063831","chr1","12339903","12339996","26","276170"
"chrY","12063962","12064097","chr16","75677884","75678019","25","63613922"
"chrY","12178401","12178639","chr14","36525687","36525924","51","24347286"
"chrY","12283710","12284026","chr15","29452635","29452946","56","17168925"
"chrY","12522255","12522565","chr13","31472571","31472878","44","18950316"
"chrY","12653901","12654182","chr7","19554348","19554628","46","6900447"
"chrY","12911974","12912255","chr7","19554348","19554628","46","6642374"
"chrY","13020942","13021180","chr14","36525687","36525924","52","23504745"
"chrY","13135532","13135667","chr16","75677884","75678019","25","62542352"
"chrY","13135804","13135902","chr1","12339903","12339996","26","795901"
"chrY","13622975","13623283","chr13","107523892","107524201","51","93900917"
"chrY","13752457","13752765","chr13","107523892","107524201","51","93771435"
"chrY","14087270","14087573","chr6","174900845","174901151","61","160813575"
"chrY","14800891","14801197","chr8","65019239","65019549","49","50218348"
"chrY","14816241","14816538","chr7","142797058","142797349","62","127980817"
"chrY","14872217","14872522","chr7","52277962","52278267","53","37405745"
"chrY","14957131","14957428","chr7","142797058","142797349","62","127839927"
"chrY","14972466","14972772","chr8","65019239","65019549","49","50046773"
"chrY","15025900","15026201","chr7","61608289","61608587","52","46582389"
"chrY","15088510","15088817","chr6","93898120","93898438","44","78809610"
"chrY","15103580","15103848","chr2","108675074","108675342","66","93571494"
"chrY","15111188","15111471","chr3","3673143","3673422","46","11438045"
"chrY","15222707","15222985","chr17","78859912","78860191","37","63637205"
"chrY","15230562","15230860","chr7","72469384","72469677","41","57238822"
"chrY","15683763","15684054","chr17","16123214","16123508","42","439451"
"chrY","15822318","15822609","chr17","16123214","16123508","42","300896"
"chrY","16290561","16290859","chr7","72469384","72469677","41","56178823"
"chrY","16298438","16298716","chr17","78859912","78860191","37","62561474"
"chrY","16410368","16410651","chr3","3673143","3673422","46","12737225"
"chrY","16417991","16418270","chrX","107906325","107906611","67","91488334"
"chrY","16433032","16433334","chr17","16036823","16037127","44","396209"
"chrY","16462382","16462683","chr7","61608289","61608587","51","45145907"
"chrY","16526579","16526883","chr8","65019239","65019549","49","48492660"
"chrY","16541913","16542216","chr15","63303028","63303323","60","46761115"
"chrY","16597858","16598163","chr7","52277962","52278267","53","35680104"
"chrY","16682900","16683196","chr7","142797058","142797349","62","126114158"
"chrY","16698220","16698514","chrX","95520014","95520318","56","78821794"
"chrY","16762433","16762734","chr7","61608289","61608587","50","44845856"
"chrY","17045773","17046066","chrX","118425536","118425838","46","101379763"
"chrY","17789111","17789406","chr10","10837116","10837410","45","6951995"
"chrY","17821196","17821529","chrX","113475257","113475588","55","95654061"
"chrY","17840567","17840660","chr11","127837568","127837636","33","109997001"
"chrY","17961107","17961273","chrX","44165942","44166111","32","26204835"
"chrY","18151744","18152041","chr2","144466661","144466954","45","126314917"
"chrY","18751637","18751805","chr3","76215454","76215617","26","57463817"
"chrY","18794651","18794920","chr1","66934165","66934433","47","48139514"
"chrY","18802594","18802904","chr3","81656161","81656467","44","62853567"
"chrY","19090823","19091121","chr1","160160562","160160856","44","141069739"
"chrY","19195321","19195619","chr1","160160562","160160856","44","140965241"
"chrY","19431235","19431545","chr5","145110096","145110404","43","125678861"
"chrY","19653172","19653476","chr6","132127364","132127664","48","112474192"
"chrY","20151757","20152073","chr2","195505774","195506079","55","175354017"
"chrY","20173282","20173574","chr18","66895567","66895862","29","46722285"
"chrY","20182310","20182593","chr2","55080514","55080792","38","34898204"
"chrY","20197790","20198100","chr1","164673789","164674098","48","144475999"
"chrY","20239888","20240184","chrY","1936667","1936965","44","18303221"
"chrY","20271718","20271989","chrY","1980237","1980501","32","18291481"
"chrY","20309526","20309825","chr13","94954144","94954445","37","74644618"
"chrY","20378963","20379251","chrX","23130799","23131097","46","2751836"
"chrY","20410223","20410408","chr19","12959091","12959278","48","7451132"
"chrY","20460925","20461092","chr1","130615501","130615669","19","110154576"
"chrY","20729587","20729878","chrY","2324661","2324950","31","18404926"
"chrY","20880706","20881004","chr8","41718631","41718927","38","20837925"
"chrY","20977603","20977900","chr4","88700124","88700424","46","67722521"
"chrY","21038587","21038878","chr13","95773591","95773881","38","74735004"
"chrY","21080942","21081216","chr4","156313869","156314146","46","135232927"
"chrY","21225471","21225756","chrY","2602847","2603132","52","18622624"
"chrY","21677236","21677531","chrY","3157157","3157451","37","18520079"
"chrY","22466442","22466735","chrY","3695577","3695882","47","18770865"
"chrY","23303069","23303334","chr14","112579862","112580130","52","89276793"
"chrY","23359261","23359549","chr17","29150808","29151096","41","5791547"
"chrY","23449840","23450148","chr2","3247986","3248296","49","20201854"
"chrY","23514353","23514554","chr10","38389892","38390091","38","14875539"
"chrY","23534918","23535119","chr10","38389892","38390091","38","14854974"
"chrY","23562847","23563130","chr3","106101050","106101334","44","82538203"
"chrY","23784641","23784951","chr16","54764613","54764924","51","30979972"
"chrY","23860920","23861220","chr2","47824467","47824767","48","23963547"
"chrY","23968973","23969290","chr4","155538127","155538451","60","131569154"
"chrY","24020122","24020449","chr17","91472323","91472629","61","67452201"
"chrY","24167383","24167680","chr10","38772882","38773178","42","14605499"
"chrY","24348737","24349064","chr17","91472323","91472629","61","67123586"
"chrY","24399889","24400208","chr4","155538127","155538451","60","131138238"
"chrY","24507959","24508259","chr2","47824467","47824767","48","23316508"
"chrY","24577338","24577602","chr4","120922799","120923063","43","96345461"
"chrY","24709796","24710084","chr2","108579424","108579718","38","83869628"
"chrY","25136998","25137293","chr6","148347411","148347707","37","123210413"
"chrY","25290180","25290467","chr15","12161880","12162173","41","13128300"
"chrY","25299391","25299693","chr2","40523887","40524189","33","15224496"
"chrY","25300115","25300400","chr1","124793709","124793992","34","99493594"
"chrY","25301290","25301577","chr16","41227858","41228131","48","15926568"
"chrY","25380244","25380543","chr16","43901339","43901640","32","18521095"
"chrY","25568669","25568990","chrX","134003404","134003717","56","108434735"
"chrY","25590417","25590730","chr9","21645950","21646263","52","3944467"
"chrY","25629633","25629927","chr7","127065845","127066144","44","101436212"
"chrY","25809023","25809305","chr2","187089411","187089694","29","161280388"
"chrY","25974964","25975204","chr20","59097591","59097845","51","33122627"
"chrY","26147057","26147298","chrY","118410","118652","28","26028647"
"chrY","26149895","26150141","chrY","115645","115895","32","26034250"
"chrY","26195808","26196120","chr8","102704227","102704531","35","76508419"
"chrY","26228533","26228814","chr9","115259231","115259523","44","89030698"
"chrY","26244507","26244801","chrX","23155568","23155864","28","3088939"
"chrY","26252600","26252888","chr11","33868257","33868543","32","7615657"
"chrY","26258971","26259266","chrY","19731","20028","25","26239240"
"chrY","26328149","26328449","chr8","137312187","137312490","35","110984038"
"chr10","36700047","36700250","chr3","54905279","54905485","33","18205232"
"chr10","78642943","78643238","chr3","7367921","7368221","34","71275022"
"chr10","21757803","21758099","chr1","61388678","61388976","33","39630875"
"chr10","61472512","61472814","chr4","88700124","88700424","28","27227612"
"chr10","75235262","75235555","chr8","115461075","115461370","35","40225813"
"chr10","120979166","120979463","chr9","117495654","117495949","40","3483512"
"chr10","118625","118933","chr15","57839","58140","37","60786"
"chr10","410994","411289","chr9","270834","271129","24","140160"
"chr10","892609","892905","chrX","95082495","95082798","39","94189886"
"chr10","1012875","1013169","chr4","88700124","88700424","33","87687249"
"chr10","1170217","1170535","chr5","752886","753201","40","417331"
"chr10","1199161","1199319","chr7","129362850","129363013","28","128163689"
"chr10","2145238","2145405","chr5","18060035","18060193","27","15914797"
"chr10","2484153","2484409","chr20","59097591","59097845","37","56613438"
"chr10","2492335","2492595","chr3","41527642","41527904","44","39035307"
"chr10","2970548","2970828","chr9","2839065","2839355","29","131483"
"chr10","3667099","3667359","chrX","11640618","11640889","49","7973519"
"chr10","3840692","3840985","chr1","188206193","188206492","32","184365501"
"chr10","4002256","4002515","chr9","3838531","3838794","31","163725"
"chr10","4037004","4037300","chr9","97691532","97691834","45","93654528"
"chr10","5706291","5706585","chr13","30389996","30390285","32","24683705"
"chr10","5811940","5812221","chr4","48373138","48373409","43","42561198"
"chr10","5900846","5901015","chr13","89859967","89860138","28","83959121"
"chr10","5955385","5955686","chr9","5746480","5746774","28","208905"
"chr10","6024511","6024800","chr11","128835414","128835698","29","122810903"
"chr10","6212197","6212507","chr7","139352125","139352430","23","133139928"
"chr10","6222081","6222385","chr6","136275703","136276008","36","130053622"
"chr10","6535644","6535936","chr10","73354021","73354316","39","66818377"
"chr10","6749874","6750170","chr6","148347411","148347707","37","141597537"
"chr10","6785755","6786043","chr4","54062553","54062848","26","47276798"
"chr10","7010654","7010958","chrX","65128574","65128876","35","58117920"
"chr10","7111419","7111703","chr9","6891372","6891655","22","220047"
"chr10","7139584","7139877","chr10","35925060","35925352","35","28785476"
"chr10","7186839","7187127","chr15","82446829","82447116","35","75259990"
"chr10","7545932","7546242","chr19","44754788","44755097","35","37208856"
"chr10","7589134","7589439","chr6","174905209","174905512","38","167316075"
"chr10","7683719","7683997","chr1","204307037","204307312","32","196623318"
"chr10","7742561","7742867","chr4","108327631","108327935","40","100585070"
"chr10","7758417","7758697","chr4","3379423","3379712","38","4378994"
"chr10","7799024","7799325","chr2","44364597","44364899","35","36565573"
"chr10","8109820","8110110","chr6","148347411","148347707","40","140237591"
"chr10","8116311","8116633","chr3","1996314","1996638","38","6119997"
"chr10","8301387","8301681","chr12","87921797","87922097","38","79620410"
"chr10","8528755","8529058","chr2","68986282","68986581","31","60457527"
"chr10","8559326","8559626","chr13","71257078","71257380","35","62697752"
"chr10","8842302","8842592","chr9","8707554","8707849","29","134748"
"chr10","8997751","8998046","chr11","108584077","108584374","38","99586326"
"chr10","9003124","9003367","chr12","1645361","1645609","36","7357763"
"chr10","9107214","9107515","chr1","61388678","61388976","25","52281464"
"chr10","9249490","9249803","chr3","125864891","125865199","37","116615401"
"chr10","9657254","9657561","chr9","6051573","6051887","47","3605681"
"chr10","10072682","10072965","chr18","13204390","13204672","32","3131708"
"chr10","10073235","10073529","chrX","59924553","59924851","35","49851318"
"chr10","10269583","10269860","chr9","10167547","10167825","29","102036"
"chr10","10785053","10785280","chr7","155772303","155772522","29","144987250"
"chr10","10980552","10980821","chrX","18213365","18213639","40","7232813"
"chr10","10984886","10985182","chr9","64106021","64106313","37","53121135"
"chr10","11115781","11115954","chr15","10405383","10405560","34","710398"
"chr10","11801798","11802089","chr4","27754252","27754548","36","15952454"
"chr10","11921779","11922084","chr9","11808612","11808914","24","113167"
"chr10","11972024","11972320","chr20","28697028","28697324","27","16725004"
"chr10","12059588","12059893","chr1","38218968","38219269","36","26159380"
"chr10","12089506","12089801","chr6","177249478","177249776","37","165159972"
"chr10","12138756","12139033","chr14","75189997","75190276","30","63051241"
"chr10","12167480","12167784","chr9","12063134","12063441","32","104346"
"chr10","12189982","12190271","chr15","108330667","108330955","32","96140685"
"chr10","12233299","12233654","chr4","120908982","120909309","80","108675683"
"chr10","12234320","12234613","chr13","106164334","106164628","27","93930014"
"chr10","12237512","12237813","chrX","113301095","113301395","29","101063583"
"chr10","12244473","12244779","chr4","5357211","5357521","36","6887262"
"chr10","12274244","12274405","chr3","76215454","76215617","39","63941210"
"chr10","12285692","12285856","chr5","48848330","48848504","26","36562638"
"chr10","12288475","12288661","chr15","10405383","10405560","47","1883092"
"chr10","12305674","12305983","chr15","104401844","104402147","36","92096170"
"chr10","12322634","12322938","chr1","221532692","221532994","29","209210058"
"chr10","12342314","12342622","chr9","12236843","12237146","32","105471"
"chr10","12384970","12385270","chr6","76478692","76478991","36","64093722"
"chr10","12409183","12409493","chr19","44754788","44755097","34","32345605"
"chr10","12455352","12455646","chr4","22120527","22120820","32","9665175"
"chr10","12458281","12458567","chr7","163080885","163081176","37","150622604"
"chr10","12466708","12467024","chr4","108327631","108327935","43","95860923"
"chr10","12469774","12470085","chr1","165996033","165996341","36","153526259"
"chr10","12477121","12477413","chr3","129032863","129033156","26","116555742"
"chr10","12496513","12496826","chr13","37265364","37265666","40","24768851"
"chr10","12518765","12518937","chr20","27267477","27267649","26","14748712"
"chr10","12519483","12519665","chr16","7509806","7509984","33","5009677"
"chr10","12528594","12528886","chr5","87988847","87989137","42","75460253"
"chr10","12541462","12541759","chr1","61388678","61388976","27","48847216"
"chr10","12543325","12543630","chr10","30715548","30715853","42","18172223"
"chr10","12555618","12555926","chr1","54184910","54185214","34","41629292"
"chr10","12604307","12604604","chrX","23155568","23155864","35","10551261"
"chr10","12630719","12631021","chr4","22953440","22953741","37","10322721"
"chr10","12785709","12786010","chr16","40054513","40054819","32","27268804"
"chr10","12808577","12808890","chr19","15978488","15978799","38","3169911"
"chr10","12911142","12911445","chr17","25517924","25518232","42","12606782"
"chr10","12923441","12923749","chr9","12806411","12806723","34","117030"
"chr10","12932418","12932706","chr5","18734830","18735120","34","5802412"
"chr10","13002882","13003192","chr12","61309272","61309577","41","48306390"
"chr10","13014552","13014848","chr11","108584077","108584374","29","95569525"
"chr10","13137484","13137774","chr15","63303028","63303323","40","50165544"
"chr10","13225995","13226295","chr10","71224508","71224810","38","57998513"
"chr10","13235485","13235767","chr3","7367921","7368221","56","5867564"
"chr10","13277507","13277807","chr4","5357211","5357521","35","7920296"
"chr10","13343928","13344249","chr4","35325351","35325671","38","21981423"
"chr10","13431872","13432184","chr18","47844864","47845170","38","34412992"
"chr10","13560646","13560952","chr6","155329774","155330069","40","141769128"
"chr10","13692983","13693155","chr8","80113522","80113697","26","66420539"
"chr10","13766320","13766627","chr1","165996033","165996341","34","152229713"
"chr10","13778963","13779242","chr3","61219427","61219705","29","47440464"
"chr10","14011243","14011538","chr6","148347411","148347707","30","134336168"
"chr10","14079707","14079890","chr5","740668","740849","32","13339039"
"chr10","14117544","14117841","chr9","13995002","13995288","26","122542"
"chr10","14134121","14134426","chr9","14008395","14008697","30","125726"
"chr10","14291256","14291543","chr5","147526333","147526620","29","133235077"
"chr10","14496592","14496895","chr1","22411003","22411299","43","7914411"
"chr10","14569895","14570179","chr1","101784274","101784556","36","87214379"
"chr10","14570369","14570672","chr3","24845532","24845839","37","10275163"
"chr10","14579946","14580230","chr1","101784274","101784556","36","87204328"
"chr10","14580416","14580641","chr9","93688855","93689088","28","79108439"
"chr10","14615253","14615509","chr17","51579618","51579898","56","36964365"
"chr10","14748983","14749148","chr8","135845405","135845573","30","121096422"
"chr10","14809608","14809915","chr16","40054513","40054819","29","25244905"
"chr10","14861404","14861706","chr9","64192304","64192605","31","49330900"
"chr10","14917725","14918031","chr15","50080292","50080598","31","35162567"
"chr10","14934349","14934668","chr4","155538127","155538451","55","140603778"
"chr10","15001771","15002070","chr5","139847501","139847800","35","124845730"
"chr10","15012072","15012393","chr19","15978488","15978799","33","966416"
"chr10","15227722","15228025","chr12","115108242","115108542","41","99880520"
"chr10","15233576","15233899","chrX","47430937","47431256","26","32197361"
"chr10","15255288","15255595","chr9","101509353","101509655","48","86254065"
"chr10","15334556","15334849","chr1","199847714","199848008","33","184513158"
"chr10","15459858","15459999","chr7","3648725","3648875","32","11811133"
"chr10","15560657","15560952","chr4","39371890","39372183","33","23811233"
"chr10","15639061","15639350","chr14","66326782","66327072","38","50687721"
"chr10","15664369","15664670","chr3","7367921","7368221","37","8296448"
"chr10","15665882","15666179","chr6","173896362","173896661","26","158230480"
"chr10","15844962","15845232","chr9","15503541","15503817","27","341421"
"chr10","15845860","15846158","chr13","39352330","39352639","41","23506470"
"chr10","15941344","15941622","chrX","22672156","22672452","44","6730812"
"chr10","16066423","16066726","chr1","54184910","54185214","34","38118487"
"chr10","16094695","16094851","chr19","42189213","42189372","23","26094518"
"chr10","16098395","16098693","chr12","21845751","21846051","37","5747356"
"chr10","16190978","16191238","chr9","15846146","15846414","39","344832"
"chr10","16207538","16207822","chr9","15865847","15866135","31","341691"
"chr10","16339552","16339848","chr17","82184412","82184713","33","65844860"
"chr10","16430662","16430959","chr20","18597833","18598131","29","2167171"
"chr10","16473528","16473837","chrX","53464436","53464745","35","36990908"
"chr10","16822618","16822790","chrX","59842814","59842986","34","43020196"
"chr10","16915544","16915845","chr10","81381485","81381782","42","64465941"
"chr10","17014777","17015071","chr7","19908647","19908943","37","2893870"
"chr10","17100394","17100685","chrX","67476646","67476941","40","50376252"
"chr10","17451957","17452255","chr3","9083683","9083979","30","8368274"
"chr10","17804371","17804655","chr5","169592277","169592541","54","151787906"
"chr10","17835560","17835865","chr1","54184910","54185214","30","36349350"
"chr10","17926916","17927216","chrX","85948167","85948472","33","68021251"
"chr10","18072198","18072503","chr13","74823067","74823375","37","56750869"
"chr10","18086505","18086805","chr1","38218968","38219269","33","20132463"
"chr10","18114129","18114410","chr9","17787705","17787989","30","326424"
"chr10","18533938","18534249","chr18","47844864","47845170","52","29310926"
"chr10","18644337","18644646","chr9","18374652","18374961","28","269685"
"chr10","18682451","18682724","chr13","68530211","68530499","45","49847760"
"chr10","19140315","19140627","chrX","130126302","130126612","32","110985987"
"chr10","19199448","19199745","chr20","18183620","18183918","36","1015828"
"chr10","19601862","19602160","chr20","57205726","57206029","43","37603864"
"chr10","19607752","19608053","chr1","206153473","206153775","34","186545721"
"chr10","19993603","19993750","chr2","15019384","15019533","39","4974219"
"chr10","20056830","20057122","chr5","41819509","41819795","43","21762679"
"chr10","20112581","20112867","chr9","20094078","20094373","32","18503"
"chr10","20332570","20332844","chr9","101539624","101539895","43","81207054"
"chr10","20751041","20751331","chr7","20153970","20154259","38","597071"
"chr10","20936358","20936649","chr8","64949608","64949898","31","44013250"
"chr10","21016454","21016752","chr3","77744436","77744731","32","56727982"
"chr10","21244200","21244492","chr7","9321261","9321564","44","11922939"
"chr10","21293899","21294210","chr12","115108242","115108542","39","93814343"
"chr10","21390403","21390562","chr6","54854033","54854182","38","33463630"
"chr10","21400972","21401277","chr6","176790550","176790858","33","155389578"
"chr10","21758586","21758891","chr9","21621957","21622259","35","136629"
"chr10","21786930","21787234","chr9","21645950","21646263","32","140980"
"chr10","21876858","21877031","chr3","63755577","63755744","28","41878719"
"chr10","21888363","21888646","chr13","71275711","71275994","37","49387348"
"chr10","21900480","21900800","chr9","64107743","64108044","48","42207263"
"chr10","21924729","21925024","chr1","141969216","141969513","30","120044487"
"chr10","21997221","21997519","chr12","18034432","18034730","32","3962789"
"chr10","22164349","22164642","chr1","115576971","115577261","42","93412622"
"chr10","22187033","22187330","chr4","127927024","127927326","30","105739991"
"chr10","22207869","22208149","chr2","61380094","61380378","33","39172225"
"chr10","22260371","22260677","chr20","69417627","69417929","34","47157256"
"chr10","22291372","22291633","chr9","22145179","22145419","43","146193"
"chr10","22304217","22304509","chr13","56387935","56388234","31","34083718"
"chr10","22388143","22388422","chr9","22242469","22242734","42","145674"
"chr10","22511365","22511673","chr1","7768760","7769067","36","14742605"
"chr10","23467770","23468048","chr2","187089411","187089694","36","163621641"
"chr10","23750211","23750492","chr18","13204390","13204672","36","10545821"
"chr10","23796468","23796771","chr6","174905209","174905512","38","151108741"
"chr10","23824059","23824365","chrX","52884540","52884848","41","29060481"
"chr10","23828819","23829124","chr9","23643685","23643979","28","185134"
"chr10","24593815","24594122","chr4","32581276","32581584","33","7987461"
"chr10","24615279","24615577","chr9","24401286","24401577","27","213993"
"chr10","24830346","24830648","chr13","65001120","65001409","54","40170774"
"chr10","25310842","25311152","chr2","159662942","159663249","33","134352100"
"chr10","25537786","25538094","chrX","872740","873049","34","24665046"
"chr10","25929130","25929417","chrX","41354613","41354903","36","15425483"
"chr10","26103239","26103537","chr1","222010176","222010473","34","195906937"
"chr10","26138348","26138637","chr7","10757695","10757986","30","15380653"
"chr10","26251990","26252298","chr4","5955341","5955651","37","20296649"
"chr10","26319526","26319825","chr13","18252651","18252950","35","8066875"
"chr10","26427471","26427748","chr9","26141768","26142045","25","285703"
"chr10","26513397","26513708","chr2","42327846","42328157","35","15814449"
"chr10","26693646","26693947","chr7","41475606","41475906","34","14781960"
"chr10","26807214","26807512","chr11","108584077","108584374","24","81776863"
"chr10","26908236","26908545","chrX","130126302","130126612","28","103218066"
"chr10","26919772","26920097","chr1","102973977","102974299","40","76054205"
"chr10","27066002","27066306","chr9","26761843","26762151","28","304159"
"chr10","27092825","27093123","chr3","7367921","7368221","36","19724904"
"chr10","27429593","27429884","chr16","68778606","68778892","32","41349013"
"chr10","27445067","27445353","chr9","27104524","27104814","30","340543"
"chr10","27480315","27480620","chr2","201692382","201692687","40","174212067"
"chr10","27498701","27499000","chr1","54184910","54185214","39","26686209"
"chr10","27533500","27533663","chr11","54926961","54927123","29","27393461"
"chr10","27646247","27646529","chr3","52780285","52780573","45","25134038"
"chr10","27681587","27681789","chr10","17123065","17123263","36","10558522"
"chr10","28130212","28130521","chr4","5955341","5955651","31","22174871"
"chr10","28260530","28260693","chr7","129362850","129363013","28","101102320"
"chr10","28393745","28393910","chr7","35667652","35667813","25","7273907"
"chr10","28532277","28532590","chr10","92196986","92197296","42","63664709"
"chr10","28667886","28668176","chr1","35950025","35950312","39","7282139"
"chr10","28684073","28684372","chr19","34875967","34876267","33","6191894"
"chr10","28810752","28811035","chr19","45517663","45517948","37","16706911"
"chr10","28978606","28978901","chr9","28629468","28629762","35","349138"
"chr10","28985041","28985361","chr7","129469684","129469997","45","100484643"
"chr10","29077031","29077306","chr1","204307037","204307312","30","175230006"
"chr10","29196828","29197118","chr9","28889371","28889662","30","307457"
"chr10","29263452","29263680","chr9","28957532","28957760","27","305920"
"chr10","29281969","29282249","chr9","28975616","28975894","34","306353"
"chr10","29318076","29318391","chr9","29011283","29011592","25","306793"
"chr10","29320160","29320374","chr4","11102991","11103196","43","18217169"
"chr10","29516934","29517241","chr9","29206081","29206392","33","310853"
"chr10","29963841","29964150","chrX","872740","873049","31","29091101"
"chr10","30004025","30004302","chrX","28117470","28117748","30","1886555"
"chr10","30066538","30066839","chr1","45194641","45194934","35","15128103"
"chr10","30161538","30161835","chr6","155329774","155330069","30","125168236"
"chr10","30440980","30441285","chr14","42813387","42813686","31","12372407"
"chr10","30519970","30520150","chr1","130615501","130615669","31","100095531"
"chr10","30529128","30529307","chr13","89859967","89860138","32","59330839"
"chr10","30767173","30767330","chr7","35667652","35667813","32","4900479"
"chr10","31012747","31013047","chr7","114172011","114172307","30","83159264"
"chr10","31028692","31028986","chr9","30712077","30712366","33","316615"
"chr10","31089140","31089450","chr7","151462926","151463228","41","120373786"
"chr10","31101035","31101330","chr20","30937004","30937299","30","164031"
"chr10","31171368","31171624","chr12","81755596","81755855","40","50584228"
"chr10","31374394","31374595","chr4","11102991","11103196","46","20271403"
"chr10","31394789","31395096","chr7","87947189","87947499","30","56552400"
"chr10","31421544","31421852","chr1","54184910","54185214","32","22763366"
"chr10","31515295","31515592","chr9","31201059","31201360","25","314236"
"chr10","31613366","31613671","chr9","31294467","31294748","56","318899"
"chr10","31640755","31641054","chr9","31319425","31319729","37","321330"
"chr10","31788114","31788422","chr9","31464292","31464597","27","323822"
"chr10","32423512","32423694","chr9","81146554","81146731","28","48723042"
"chr10","32445706","32445996","chr9","32159032","32159324","27","286674"
"chr10","32481916","32482212","chr9","32197788","32198085","34","284128"
"chr10","32658146","32658444","chr3","48912719","48913013","29","16254573"
"chr10","32789218","32789517","chr9","32530310","32530602","35","258908"
"chr10","33182485","33182780","chr15","87598388","87598685","34","54415903"
"chr10","33231474","33231766","chr13","94125100","94125394","41","60893626"
"chr10","33602213","33602499","chr16","7733517","7733814","37","25868696"
"chr10","33806491","33806741","chr5","184907633","184907884","36","151101142"
"chr10","33891234","33891535","chr2","50936755","50937053","40","17045521"
"chr10","33928387","33928679","chr4","21309683","21309973","33","12618704"
"chr10","34549719","34550032","chr4","127363604","127363914","32","92813885"
"chr10","34640083","34640370","chr9","122669326","122669615","38","88029243"
"chr10","35098323","35098630","chr9","34853362","34853668","27","244961"
"chr10","35331989","35332287","chr5","158975124","158975425","37","123643135"
"chr10","35379341","35379649","chr2","159662942","159663249","36","124283601"
"chr10","35416653","35416965","chr11","122094072","122094384","38","86677419"
"chr10","35469948","35470258","chr1","190429466","190429772","36","154959518"
"chr10","35475495","35475803","chr19","41770584","41770893","33","6295089"
"chr10","35509731","35510025","chr2","100586330","100586626","30","65076599"
"chr10","35516033","35516345","chr19","15978488","15978799","35","19537545"
"chr10","35529891","35530174","chrX","117589965","117590253","36","82060074"
"chr10","35589715","35589983","chr9","95840808","95841076","45","60251093"
"chr10","35600944","35601234","chr9","35358877","35359165","44","242067"
"chr10","35640250","35640563","chr4","5357211","5357521","30","30283039"
"chr10","35650991","35651292","chr1","54184910","54185214","32","18533919"
"chr10","35769111","35769416","chr1","38218968","38219269","33","2449857"
"chr10","35775667","35775945","chr3","61219427","61219705","37","25443760"
"chr10","36096086","36096383","chr4","154039231","154039527","30","117943145"
"chr10","36586892","36587196","chr9","36360565","36360864","25","226327"
"chr10","36698259","36698555","chr9","37704433","37704729","28","1006174"
"chr10","36713132","36713441","chr9","37720553","37720853","37","1007421"
"chr10","36825950","36826253","chr9","37838446","37838752","30","1012496"
"chr10","36866379","36866690","chr13","39352330","39352639","34","2485951"
"chr10","36941695","36941953","chr10","29651046","29651316","49","7290649"
"chr10","37041295","37041606","chr4","110570346","110570658","36","73529051"
"chr10","37091613","37091910","chr3","15260287","15260583","33","21831326"
"chr10","37093472","37093769","chr16","50372193","50372487","39","13278721"
"chr10","37142583","37142885","chr6","173563371","173563672","29","136420788"
"chr10","37173203","37173494","chr11","16362296","16362587","32","20810907"
"chr10","37200630","37200912","chrX","117589965","117590253","29","80389335"
"chr10","37224651","37224956","chr3","50039062","50039363","43","12814411"
"chr10","37260110","37260405","chr19","32538317","32538611","38","4721793"
"chr10","37293777","37294063","chrX","107906325","107906611","43","70612548"
"chr10","37325336","37325646","chr2","173361133","173361438","35","136035797"
"chr10","37340130","37340429","chrX","23130799","23131097","31","14209331"
"chr10","37463970","37464220","chrX","139763480","139763729","37","102299510"
"chr10","37474859","37475167","chr4","108327631","108327935","52","70852772"
"chr10","37705392","37705545","chr9","38344102","38344259","26","638710"
"chr10","37720015","37720168","chr9","38344102","38344259","25","624087"
"chr10","37796658","37796955","chrX","140977303","140977601","35","103180645"
"chr10","37907869","37908161","chr1","7247666","7247956","34","30660203"
"chr10","37940073","37940375","chrX","95082495","95082798","38","57142422"
"chr10","37987878","37988173","chr10","18801750","18802043","43","19186128"
"chr10","37992891","37993190","chr3","174874392","174874697","52","136881501"
"chr10","38015448","38015675","chr18","6136283","6136511","33","31879165"
"chr10","38123267","38123551","chr17","24373419","24373702","39","13749848"
"chr10","38322891","38323187","chr9","40279390","40279687","28","1956499"
"chr10","38337333","38337622","chr10","21437144","21437433","34","16900189"
"chr10","38416136","38416444","chr1","30125197","30125500","41","8290939"
"chr10","38420872","38421171","chr3","17734708","17735011","34","20686164"
"chr10","38825053","38825345","chr1","218846516","218846812","28","180021463"
"chr10","38873061","38873368","chr1","218798738","218799042","40","179925677"
"chr10","39288017","39288317","chr12","84493501","84493799","35","45205484"
"chr10","39292542","39292858","chr5","13885462","13885777","39","25407080"
"chr10","42075653","42075812","chr5","18060035","18060193","36","24015618"
"chr10","42083419","42083725","chr4","110980343","110980649","37","68896924"
"chr10","42418569","42418740","chr7","88306228","88306392","35","45887659"
"chr10","42598936","42599163","chr9","120349866","120350082","33","77750930"
"chr10","42677414","42677731","chr4","110570346","110570658","47","67892932"
"chr10","42984158","42984446","chr9","38557366","38557653","26","4426792"
"chr10","43250291","43250598","chr10","663232","663537","47","42587059"
"chr10","43252378","43252685","chr10","663232","663537","47","42589146"
"chr10","43283320","43283604","chr9","38849560","38849858","34","4433760"
"chr10","43299601","43299898","chr18","66895567","66895862","30","23595966"
"chr10","43345193","43345491","chr9","38905567","38905865","30","4439626"
"chr10","43345500","43345803","chr9","38905874","38906173","25","4439626"
"chr10","43435865","43436096","chr20","34321481","34321710","24","9114384"
"chr10","44158461","44158720","chr9","39684800","39685061","25","4473661"
"chr10","44440848","44441145","chrX","49263687","49263989","37","4822839"
"chr10","44610968","44611254","chr3","52780285","52780573","41","8169317"
"chr10","44767166","44767474","chr1","54184910","54185214","41","9417744"
"chr10","45274429","45274719","chr12","120816318","120816608","31","75541889"
"chr10","45648039","45648216","chr2","15318266","15318436","32","30329773"
"chr10","45649986","45650280","chr7","26662562","26662859","27","18987424"
"chr10","45662649","45662952","chr9","41221127","41221428","25","4441522"
"chr10","45697170","45697474","chr9","44626533","44626840","36","1070637"
"chr10","45711708","45712017","chr9","44599969","44600276","31","1111739"
"chr10","45738309","45738611","chr2","64819781","64820080","36","19081472"
"chr10","45837902","45838200","chr7","61608289","61608587","36","15770387"
"chr10","45874124","45874414","chr9","64106021","64106313","35","18231897"
"chr10","45885935","45886248","chr9","44626533","44626840","38","1259402"
"chr10","45908692","45908979","chr13","9550833","9551123","33","36357859"
"chr10","45947669","45947979","chr11","127450686","127450991","38","81503017"
"chr10","46080540","46080826","chr11","108584077","108584374","38","62503537"
"chr10","46130266","46130589","chr3","1996314","1996638","38","44133952"
"chr10","46245211","46245522","chr19","41770584","41770893","38","4474627"
"chr10","46254035","46254319","chr3","48912719","48913013","37","2658684"
"chr10","46404045","46404337","chr4","166110078","166110370","26","119706033"
"chr10","46551090","46551393","chr9","44599969","44600276","26","1951121"
"chr10","46579810","46580107","chr9","44626533","44626840","28","1953277"
"chr10","46720576","46720883","chr7","61608289","61608587","41","14887713"
"chr10","48650196","48650496","chr1","61388678","61388976","30","12738482"
"chr10","48802423","48802626","chr9","82349333","82349540","16","33546910"
"chr10","49282432","49282742","chr13","72779565","72779870","35","23497133"
"chr10","49421304","49421591","chr9","81831629","81831915","37","32410325"
"chr10","49748885","49749058","chr1","130446958","130447129","37","80698073"
"chr10","49877763","49878064","chr10","59826518","59826820","56","9948755"
"chr10","49961133","49961381","chr7","55478229","55478481","31","5517096"
"chr10","50091442","50091712","chr14","15580304","15580579","34","34511138"
"chr10","50741541","50741837","chr9","80480722","80481016","39","29739181"
"chr10","50866389","50866694","chr11","122284883","122285181","34","71418494"
"chr10","51136343","51136639","chr1","113564712","113565007","32","62428369"
"chr10","51372681","51372965","chr2","54230173","54230457","35","2857492"
"chr10","51439343","51439621","chr6","140369863","140370138","34","88930520"
"chr10","51967671","51967961","chr9","79336826","79337119","31","27369155"
"chr10","52061926","52062222","chr15","30845526","30845823","29","21216400"
"chr10","52344788","52345084","chr9","78999409","78999708","27","26654621"
"chr10","52540531","52540649","chr1","30858766","30858883","21","21681765"
"chr10","52540882","52541092","chrX","78427195","78427409","37","25886313"
"chr10","52597033","52597288","chr16","23416634","23416880","44","29180399"
"chr10","52597296","52597553","chrX","136903820","136904077","43","84306524"
"chr10","53180589","53180824","chr13","27769001","27769218","47","25411588"
"chr10","53334117","53334414","chr14","55303254","55303549","39","1969137"
"chr10","53409261","53409564","chr2","27813797","27814098","28","25595464"
"chr10","53518930","53519233","chr1","214981520","214981826","35","161462590"
"chr10","53678140","53678442","chr9","77544937","77545244","28","23866797"
"chr10","53715508","53715826","chr2","134325486","134325793","45","80609978"
"chr10","53823005","53823315","chrX","52884540","52884848","36","938465"
"chr10","53950859","53951166","chr16","3520694","3521001","33","50430165"
"chr10","54096873","54097122","chr6","171752569","171752801","37","117655696"
"chr10","54321140","54321457","chrX","872740","873049","47","53448400"
"chr10","54527170","54527452","chr6","165174499","165174781","40","110647329"
"chr10","56662348","56662641","chr1","34922657","34922952","36","21739691"
"chr10","56804171","56804474","chr2","44364597","44364899","31","12439574"
"chr10","57263635","57263942","chr9","73821004","73821322","35","16557369"
"chr10","57805412","57805701","chr1","19791692","19791984","36","38013720"
"chr10","57969273","57969566","chr8","120468586","120468882","26","62499313"
"chr10","58234570","58234876","chrX","872740","873049","29","57361830"
"chr10","58284588","58284876","chr4","17813337","17813633","38","40471251"
"chr10","58316530","58316816","chr9","72780412","72780702","29","14463882"
"chr10","58347444","58347762","chr4","170001134","170001432","47","111653690"
"chr10","58402283","58402606","chr2","202762443","202762740","99","144360160"
"chr10","58483846","58484141","chr9","115259231","115259523","28","56775385"
"chr10","58617034","58617335","chr1","25380611","25380914","28","33236423"
"chr10","58639133","58639427","chr20","28697028","28697324","41","29942105"
"chr10","58987011","58987267","chr12","81755596","81755855","26","22768585"
"chr10","59023614","59023804","chr17","39176135","39176331","31","19847479"
"chr10","59063645","59063952","chr14","119098134","119098443","31","60034489"
"chr10","59462126","59462410","chr2","202879717","202879999","36","143417591"
"chr10","59568358","59568652","chr9","26215862","26216159","33","33352496"
"chr10","59624099","59624391","chr9","28763575","28763866","32","30860524"
"chr10","59796886","59796938","chr14","18724456","18724513","22","41072430"
"chr10","60118025","60118307","chr9","70994017","70994303","25","10875992"
"chr10","60367506","60367810","chr9","70744793","70745092","33","10377287"
"chr10","60486671","60486972","chr1","54184910","54185214","34","6301761"
"chr10","60593972","60594264","chr1","45062075","45062365","36","15531897"
"chr10","60624539","60624754","chr8","71178086","71178311","36","10553547"
"chr10","60644689","60644901","chr17","39176135","39176331","43","21468554"
"chr10","61449699","61450003","chr4","36717241","36717544","37","24732458"
"chr10","61463466","61463776","chr12","364819","365130","30","61098647"
"chr10","61607400","61607604","chr17","39176135","39176331","50","22431265"
"chr10","61657950","61658242","chr9","69447357","69447650","24","7789407"
"chr10","61659127","61659428","chr9","69444794","69445101","34","7785667"
"chr10","61660383","61660677","chr1","45062075","45062365","34","16598308"
"chr10","61683583","61683886","chr7","50204223","50204530","36","11479360"
"chr10","61782555","61782713","chr11","133328099","133328256","24","71545544"
"chr10","61786713","61787013","chr7","127065845","127066144","35","65279132"
"chr10","61790187","61790491","chr9","69304889","69305190","25","7514702"
"chr10","63361076","63361233","chr5","18060035","18060193","23","45301041"
"chr10","63559843","63560108","chr9","67457259","67457516","33","3897416"
"chr10","63750763","63751003","chr3","120050843","120051085","39","56300080"
"chr10","64055762","64056053","chr1","223980690","223980978","45","159924928"
"chr10","64057897","64058192","chr9","117378182","117378479","46","53320285"
"chr10","64244843","64245148","chr2","84060483","84060788","41","19815640"
"chr10","64267415","64267638","chr9","66792201","66792426","23","2524786"
"chr10","64288306","64288597","chr19","48904606","48904900","33","15383700"
"chr10","64376897","64377184","chr11","33868257","33868543","31","30508640"
"chr10","64619499","64619827","chrX","113475257","113475588","49","48855758"
"chr10","64724305","64724559","chr9","66337345","66337595","26","1613040"
"chr10","64843036","64843358","chr10","72588724","72589047","38","7745688"
"chr10","64876718","64877018","chrX","23130799","23131097","39","41745919"
"chr10","64910201","64910504","chr1","54184910","54185214","35","10725291"
"chr10","64981943","64982254","chrX","130126302","130126612","33","65144359"
"chr10","65000907","65001212","chrX","52884540","52884848","35","12116367"
"chr10","65348402","65348700","chr4","88700124","88700424","29","23351722"
"chr10","65440612","65440927","chr19","42241417","42241732","39","23199195"
"chr10","65452233","65452552","chr15","93663713","93664023","37","28211480"
"chr10","65481271","65481516","chr9","65574774","65575043","44","93503"
"chr10","65508349","65508651","chr13","106164334","106164628","32","40655985"
"chr10","65569380","65569684","chrX","415318","415613","49","65154062"
"chr10","65572886","65573167","chr9","65479813","65480094","25","93073"
"chr10","65628759","65629053","chr4","84120569","84120862","42","18491810"
"chr10","65639395","65639696","chr9","65401856","65402158","25","237539"
"chr10","65749475","65749767","chr10","38772882","38773178","33","26976593"
"chr10","66117743","66118039","chr20","30937004","30937299","35","35180739"
"chr10","66283028","66283317","chr9","64750408","64750698","25","1532620"
"chr10","66376173","66376469","chr2","149644045","149644340","40","83267872"
"chr10","66470077","66470370","chr9","64572418","64572712","28","1897659"
"chr10","66512810","66513117","chr9","64528419","64528731","21","1984391"
"chr10","66861747","66862057","chr14","118223082","118223392","33","51361335"
"chr10","66897859","66898144","chr2","53899028","53899312","35","12998831"
"chr10","66941074","66941377","chr1","54184910","54185214","30","12756164"
"chr10","66971051","66971348","chr9","64072995","64073296","41","2898056"
"chr10","66981580","66981868","chr9","64062452","64062751","31","2919128"
"chr10","66982931","66983239","chr1","156547387","156547697","34","89564456"
"chr10","67000717","67000946","chr9","64044085","64044308","33","2956632"
"chr10","67084578","67084866","chr9","63947092","63947377","35","3137486"
"chr10","67109381","67109684","chr7","127065845","127066144","37","59956464"
"chr10","67111784","67112085","chr3","8024467","8024770","43","59087317"
"chr10","67181261","67181552","chrX","82518065","82518358","31","15336804"
"chr10","67230032","67230251","chr9","63798578","63798796","26","3431454"
"chr10","67247135","67247319","chr17","39176135","39176331","32","28071000"
"chr10","67262157","67262452","chr16","11360126","11360421","21","55902031"
"chr10","67274067","67274374","chr9","63749522","63749829","25","3524545"
"chr10","67296810","67297100","chr9","63729404","63729694","36","3567406"
"chr10","67311011","67311304","chr9","63715578","63715875","31","3595433"
"chr10","67408579","67408878","chr20","15684518","15684811","30","51724061"
"chr10","67408962","67409135","chr20","27267477","27267649","37","40141485"
"chr10","67418920","67419209","chr9","63502002","63502297","28","3916918"
"chr10","67493858","67494132","chr20","53854989","53855254","35","13638869"
"chr10","67512347","67512639","chr11","98848584","98848879","36","31336237"
"chr10","67549274","67549589","chr9","63373602","63373912","27","4175672"
"chr10","67556301","67556600","chr9","63366895","63367196","35","4189406"
"chr10","67593161","67593461","chr14","118913053","118913356","38","51319892"
"chr10","67640431","67640672","chr16","48875383","48875620","31","18765048"
"chr10","67873107","67873406","chr9","63062487","63062789","30","4810620"
"chr10","67921292","67921581","chr12","61986768","61987058","34","5934524"
"chr10","67973988","67974293","chr1","54184910","54185214","26","13789078"
"chr10","68089262","68089550","chr1","124793709","124793992","32","56704447"
"chr10","68200802","68201102","chr9","62731385","62731692","31","5469417"
"chr10","68235049","68235355","chr1","44043450","44043760","30","24191599"
"chr10","68440614","68440929","chrX","134798352","134798662","36","66357738"
"chr10","68555683","68555848","chr7","129362850","129363013","39","60807167"
"chr10","68658306","68658602","chr12","90261342","90261635","30","21603036"
"chr10","68791942","68792237","chr9","62158938","62159257","38","6633004"
"chr10","69005427","69005733","chr9","61941656","61941960","29","7063771"
"chr10","69307965","69308260","chr9","61585291","61585590","24","7722674"
"chr10","69798884","69799180","chr10","30656863","30657163","34","39142021"
"chr10","70008066","70008375","chrX","872740","873049","33","69135326"
"chr10","70129440","70129739","chr9","60767465","60767762","25","9361975"
"chr10","70177503","70177658","chr4","62431007","62431163","23","7746496"
"chr10","70254617","70254904","chr9","60643033","60643319","31","9611584"
"chr10","70418684","70418856","chr2","82959881","82960057","40","12541197"
"chr10","70461274","70461498","chr9","64044085","64044308","35","6417189"
"chr10","70667364","70667671","chr7","74256869","74257176","27","3589505"
"chr10","70679916","70680209","chr16","4729688","4729979","36","65950228"
"chr10","70699827","70700127","chr7","127065845","127066144","36","56366018"
"chr10","70851773","70852084","chrX","130126302","130126612","39","59274529"
"chr10","70900941","70901207","chr9","60003411","60003682","47","10897530"
"chr10","70906635","70906800","chr2","15318266","15318436","27","55588369"
"chr10","71076831","71077127","chr9","59841601","59841904","31","11235230"
"chr10","71149086","71149384","chr9","59758923","59759206","37","11390163"
"chr10","71191671","71191810","chr3","33493296","33493438","25","37698375"
"chr10","71196506","71196808","chr10","69419544","69419839","50","1776962"
"chr10","71205039","71205342","chr15","104401844","104402147","44","33196805"
"chr10","71209502","71209785","chr18","40997466","40997749","28","30212036"
"chr10","71227369","71227668","chr3","127011765","127012063","29","55784396"
"chr10","71250082","71250272","chr17","39176135","39176331","33","32073947"
"chr10","71275034","71275334","chr9","59620746","59621051","28","11654288"
"chr10","71315235","71315373","chr3","33493296","33493438","33","37821939"
"chr10","71322547","71322846","chr12","18034432","18034730","27","53288115"
"chr10","71483652","71483884","chr18","47093258","47093500","41","24390394"
"chr10","71743590","71743821","chr8","102023887","102024121","31","30280297"
"chr10","71847066","71847364","chr2","84585817","84586114","32","12738751"
"chr10","71879571","71879858","chr2","12875995","12876284","30","59003576"
"chr10","71970991","71971152","chr20","27267477","27267649","31","44703514"
"chr10","71997801","71998091","chr9","58896645","58896951","34","13101156"
"chr10","72004867","72005164","chrX","12237021","12237319","33","59767846"
"chr10","72105048","72105339","chr13","91175047","91175337","34","19069999"
"chr10","72110630","72110927","chr8","8325984","8326278","32","63784646"
"chr10","72258662","72258952","chr20","54448223","54448522","38","17810439"
"chr10","72276012","72276310","chr11","108584077","108584374","30","36308065"
"chr10","72722829","72723135","chr12","98050892","98051201","38","25328063"
"chr10","72745130","72745429","chr9","58202505","58202808","36","14542625"
"chr10","72746888","72747186","chr1","61388678","61388976","31","11358210"
"chr10","72833297","72833585","chr19","34956456","34956748","40","37876841"
"chr10","72865868","72866170","chr14","103953537","103953843","33","31087669"
"chr10","72873035","72873330","chr2","74545858","74546155","30","1672823"
"chr10","72966396","72966686","chr4","98323665","98323954","26","25357269"
"chr10","73025035","73025328","chr8","69585490","69585785","37","3439545"
"chr10","73130208","73130514","chr7","52277962","52278267","36","20852246"
"chr10","73440044","73440352","chr6","108528235","108528546","39","35088191"
"chr10","73590832","73591132","chrX","95082495","95082798","29","21491663"
"chr10","73740084","73740382","chr9","57187673","57187966","32","16552411"
"chr10","73784137","73784424","chr1","61388678","61388976","32","12395459"
"chr10","73788107","73788404","chr14","13747986","13748286","30","60040121"
"chr10","73811125","73811428","chr12","121002995","121003297","27","47191870"
"chr10","73978060","73978349","chr20","27753226","27753511","33","46224834"
"chr10","74224307","74224627","chr9","55076800","55077108","42","19147507"
"chr10","74566983","74567299","chr16","37456039","37456347","41","37110944"
"chr10","74617893","74618185","chr16","4729688","4729979","31","69888205"
"chr10","74782660","74782950","chr9","55634588","55634878","31","19148072"
"chr10","75332994","75333287","chr1","63101952","63102249","45","12231042"
"chr10","75539852","75540154","chr15","43831651","43831953","29","31708201"
"chr10","76030073","76030401","chr5","13885462","13885777","40","62144611"
"chr10","76289317","76289628","chr9","93872647","93872956","41","17583330"
"chr10","76351407","76351648","chr9","93688855","93689088","27","17337448"
"chr10","76353334","76353670","chr1","23437690","23437994","58","52915644"
"chr10","76468715","76469017","chr9","118075002","118075297","36","41606287"
"chr10","76499813","76500000","chr6","24911807","24911982","37","51588006"
"chr10","77827170","77827461","chr7","49247024","49247315","33","28580146"
"chr10","78258238","78258490","chr9","52491767","52492027","35","25766471"
"chr10","78297893","78298185","chr10","77075361","77075654","28","1222532"
"chr10","78368939","78369088","chr7","3648725","3648875","26","74720214"
"chr10","78378860","78379139","chr17","30858134","30858416","37","47520726"
"chr10","78964495","78964790","chr3","7367921","7368221","34","71596574"
"chr10","79707786","79708095","chr2","110155047","110155360","36","30447261"
"chr10","79866219","79866529","chr13","73464305","73464609","31","6401914"
"chr10","80407263","80407317","chr14","18724456","18724513","16","61682807"
"chr10","80474899","80475196","chr7","127065845","127066144","29","46590946"
"chr10","80949227","80949530","chr15","104401844","104402147","28","23452617"
"chr10","81048896","81049204","chr2","170118815","170119118","41","89069919"
"chr10","81180621","81180802","chrX","59842814","59842986","38","21337807"
"chr10","81186727","81187031","chr1","54184910","54185214","26","27001817"
"chr10","81857280","81857588","chr19","15978488","15978799","42","65878792"
"chr10","82303417","82303594","chr1","35561294","35561462","41","46742123"
"chr10","83816862","83817167","chr17","16036823","16037127","31","67780039"
"chr10","83833987","83834191","chr3","174188996","174189201","38","90355009"
"chr10","84139593","84139893","chr3","7367921","7368221","33","76771672"
"chr10","84224932","84225237","chr11","62952141","62952444","39","21272791"
"chr10","84244248","84244541","chr12","57397866","57398162","35","26846382"
"chr10","84423741","84424051","chr11","51481853","51482159","48","32941888"
"chr10","84595651","84595958","chr9","47263062","47263356","33","37332589"
"chr10","85003621","85003918","chr8","100503478","100503773","34","15499857"
"chr10","85909804","85910116","chr13","39352330","39352639","32","46557474"
"chr10","85919144","85919430","chr7","17813154","17813440","30","68105990"
"chr10","85951070","85951345","chr9","45779659","45779929","33","40171411"
"chr10","85991641","85991827","chr18","58753718","58753894","29","27237923"
"chr10","86158735","86159030","chr13","92512308","92512602","33","6353573"
"chr10","86189368","86189679","chrX","872740","873049","23","85316628"
"chr10","86191153","86191392","chr20","34321481","34321710","38","51869672"
"chr10","86252927","86253232","chr4","13094042","13094350","32","73158885"
"chr10","86463930","86464233","chr9","44626533","44626840","19","41837397"
"chr10","86475637","86475935","chr11","108584077","108584374","32","22108440"
"chr10","86498356","86498652","chr9","41594411","41594703","23","44903945"
"chr10","86514029","86514211","chr17","34785180","34785369","48","51728849"
"chr10","86620558","86620868","chr9","44503444","44503741","41","42117114"
"chr10","86627589","86627873","chr5","147526333","147526620","37","60898744"
"chr10","87285141","87285423","chr9","82962042","82962332","35","4323099"
"chr10","87446726","87447030","chr1","24590021","24590324","32","62856705"
"chr10","88115615","88115760","chr9","88336693","88336816","48","221078"
"chr10","88169359","88169659","chr9","83847631","83847936","38","4321728"
"chr10","88710281","88710481","chr10","17123065","17123263","37","71587216"
"chr10","88945508","88945810","chr15","104401844","104402147","28","15456336"
"chr10","89018612","89018855","chr2","55729004","55729244","36","33289608"
"chr10","89149859","89150145","chr2","61380094","61380378","26","27769765"
"chr10","89199231","89199510","chr9","84838707","84838986","31","4360524"
"chr10","89259355","89259657","chr9","84899452","84899757","30","4359903"
"chr10","89391385","89391685","chr4","71292858","71293156","33","18098527"
"chr10","89514485","89514774","chr11","14430900","14431189","41","75083585"
"chr10","90163271","90163565","chr1","16691372","16691660","39","73471899"
"chr10","91650315","91650606","chr9","87334494","87334786","27","4315821"
"chr10","91660802","91661099","chr9","87343996","87344292","27","4316806"
"chr10","91739484","91739773","chr11","108584077","108584374","30","16844593"
"chr10","91742395","91742684","chr1","61388678","61388976","43","30353717"
"chr10","91745910","91746216","chr1","54184910","54185214","34","37561000"
"chr10","91789178","91789472","chr1","9659856","9660151","29","82129322"
"chr10","91791440","91791734","chr9","87479721","87480016","26","4311719"
"chr10","91852799","91853095","chr6","161150005","161150298","36","69297206"
"chr10","91909647","91909823","chr9","62270006","62270180","31","29639641"
"chr10","91958585","91958874","chr1","34922657","34922952","42","57035928"
"chr10","91963920","91964090","chr10","42917547","42917707","36","49046373"
"chr10","92080139","92080438","chr20","1931317","1931614","36","90148822"
"chr10","92153663","92153982","chr9","87820233","87820543","43","4333430"
"chr10","92160921","92161213","chr1","199847714","199848008","28","107686793"
"chr10","92222900","92223206","chrX","872740","873049","34","91350160"
"chr10","92293064","92293242","chr1","35561294","35561462","36","56731770"
"chr10","92500998","92501301","chr9","88157508","88157813","26","4343490"
"chr10","92566584","92566857","chrX","18213365","18213639","30","74353219"
"chr10","92621687","92621885","chr17","39176135","39176331","42","53445552"
"chr10","92778561","92778853","chr16","48096579","48096875","32","44681982"
"chr10","92818649","92818956","chr11","16645683","16645982","40","76172966"
"chr10","92950410","92950699","chr19","34956456","34956748","32","57993954"
"chr10","92986960","92987262","chr15","104401844","104402147","30","11414884"
"chr10","93526787","93527092","chr1","221532692","221532994","39","128005905"
"chr10","93583755","93584035","chr2","21321648","21321927","31","72262107"
"chr10","93815821","93816117","chr13","106164334","106164628","32","12348513"
"chr10","93909474","93909793","chr8","120455141","120455459","41","26545667"
"chr10","93943674","93943989","chr3","76523539","76523847","39","17420135"
"chr10","94023750","94023912","chr11","54926961","54927123","29","39096789"
"chr10","94024651","94024935","chr9","89684661","89684950","33","4339990"
"chr10","94090693","94090993","chr20","54448223","54448522","34","39642470"
"chr10","94285793","94286087","chr2","150283283","150283580","37","55997490"
"chr10","94367349","94367645","chr3","74896182","74896480","40","19471167"
"chr10","94422904","94423206","chr9","90039092","90039400","23","4383812"
"chr10","94649380","94649687","chr5","59746492","59746801","31","34902888"
"chr10","94738795","94739099","chr2","83597002","83597303","37","11141793"
"chr10","94863093","94863403","chr9","115861972","115862277","34","20998879"
"chr10","95297143","95297435","chr4","3379423","3379712","27","91917720"
"chr10","95780649","95780954","chr8","105120121","105120431","26","9339472"
"chr10","95865533","95865832","chr9","91863683","91863975","40","4001850"
"chr10","95927381","95927544","chr3","76215454","76215617","24","19711927"
"chr10","96072911","96073199","chr19","15122632","15122923","34","80950279"
"chr10","96323523","96323819","chr9","92341955","92342251","29","3981568"
"chr10","96349080","96349384","chr14","2713092","2713395","33","93635988"
"chr10","96415257","96415547","chr2","57288005","57288297","32","39127252"
"chr10","96711769","96712066","chr7","111618610","111618909","28","14906841"
"chr10","96739273","96739504","chr7","71376440","71376664","32","25362833"
"chr10","96768845","96769154","chr9","92793816","92794127","32","3975029"
"chr10","96794969","96795281","chr6","174905209","174905512","43","78110240"
"chr10","96821762","96821954","chr17","39176135","39176331","29","57645627"
"chr10","96822197","96822354","chr3","76215454","76215617","31","20606743"
"chr10","96859074","96859215","chrX","113339578","113339718","29","16480504"
"chr10","96966510","96966719","chr9","92991728","92991937","15","3974782"
"chr10","97072638","97072815","chr20","27267477","27267649","38","69805161"
"chr10","97118045","97118121","chr20","9097903","9097981","23","88020142"
"chr10","97230960","97231274","chrX","52884540","52884848","37","44346420"
"chr10","97455285","97455585","chr9","93491654","93491958","37","3963631"
"chr10","97484632","97484810","chrX","147147954","147148141","29","49663322"
"chr10","97587276","97587466","chr16","41943604","41943785","36","55643672"
"chr10","97655364","97655597","chr9","93688855","93689088","11","3966509"
"chr10","97851917","97852204","chr3","48879684","48879984","37","48972233"
"chr10","97876858","97877173","chrX","128103235","128103551","42","30226377"
"chr10","98008835","98009143","chr4","158203030","158203337","33","60194195"
"chr10","98107039","98107349","chr6","176790550","176790858","33","78683511"
"chr10","98153526","98153829","chr9","94171503","94171807","34","3982023"
"chr10","98159352","98159649","chr7","154966593","154966888","34","56807241"
"chr10","98339834","98340125","chr9","115259231","115259523","31","16919397"
"chr10","98677083","98677383","chr1","61388678","61388976","28","37288405"
"chr10","98750929","98751225","chr6","177249478","177249776","31","78498549"
"chr10","98858101","98858399","chr3","74896182","74896480","31","23961919"
"chr10","98912863","98913159","chr13","106164334","106164628","27","7251471"
"chr10","98940906","98941200","chr2","149644045","149644340","30","50703139"
"chr10","99070999","99071307","chr1","163056932","163057242","39","63985933"
"chr10","99154756","99155047","chr9","95217727","95218006","31","3937029"
"chr10","99183669","99183974","chr9","95248451","95248753","28","3935218"
"chr10","99206459","99206767","chr9","95269065","95269374","31","3937394"
"chr10","99288113","99288403","chr8","132805213","132805507","33","33517100"
"chr10","99297919","99298115","chr14","8643000","8643205","53","90654919"
"chr10","99442633","99442941","chr5","85045085","85045391","39","14397548"
"chr10","99451820","99452090","chr9","95840808","95841076","28","3611012"
"chr10","99567079","99567360","chrX","69661138","69661419","30","29905941"
"chr10","99619161","99619460","chr8","8325984","8326278","33","91293177"
"chr10","99719167","99719342","chr14","65906212","65906384","27","33812955"
"chr10","99843266","99843581","chr9","96249082","96249391","35","3594184"
"chr10","99991145","99991446","chr4","156401625","156401921","30","56410480"
"chr10","100079640","100079935","chr1","22411003","22411299","29","77668637"
"chr10","100547451","100547726","chr9","97017831","97018099","32","3529620"
"chr10","100552245","100552536","chr9","97022654","97022945","31","3529591"
"chr10","100707041","100707334","chr9","97177237","97177528","30","3529804"
"chr10","100734754","100735053","chr1","61388678","61388976","28","39346076"
"chr10","100741131","100741437","chr2","81635445","81635747","30","19105686"
"chr10","100824208","100824516","chr1","54184910","54185214","29","46639298"
"chr10","100935433","100935559","chr13","107593399","107593518","40","6657966"
"chr10","101045053","101045350","chr7","17729182","17729478","35","83315871"
"chr10","101172184","101172471","chr9","97722730","97723024","44","3449454"
"chr10","101215474","101215769","chr9","97691532","97691834","28","3523942"
"chr10","101217432","101217736","chr12","120815493","120815798","37","19598061"
"chr10","101245250","101245539","chr9","97722730","97723024","44","3522520"
"chr10","101426849","101427156","chr10","20349305","20349613","34","81077544"
"chr10","101486721","101487020","chr1","61388678","61388976","29","40098043"
"chr10","101504496","101504800","chrX","872740","873049","34","100631756"
"chr10","101545754","101546051","chr7","61781005","61781304","33","39764749"
"chr10","101550584","101550875","chr19","42788334","42788626","32","58762250"
"chr10","101575575","101575812","chr16","48875383","48875620","32","52700192"
"chr10","101588992","101589321","chr20","8659416","8659737","37","92929576"
"chr10","101641697","101641873","chr1","27619548","27619722","24","74022149"
"chr10","101649803","101649981","chr15","64701277","64701454","25","36948526"
"chr10","101654091","101654387","chr19","6185928","6186226","26","95468163"
"chr10","101670839","101671137","chr14","16503370","16503668","41","85167469"
"chr10","101802258","101802555","chr5","158975124","158975425","30","57172866"
"chr10","101878138","101878432","chr10","32379745","32380039","32","69498393"
"chr10","101882876","101883183","chr2","202872767","202873068","30","100989891"
"chr10","101904590","101904895","chr1","85807051","85807354","38","16097539"
"chr10","101923055","101923343","chr15","108424452","108424741","31","6501397"
"chr10","101934044","101934349","chrX","872740","873049","35","101061304"
"chr10","101936926","101937230","chr1","61388678","61388976","32","40548248"
"chr10","101968951","101969227","chr20","57729988","57730258","40","44238963"
"chr10","101980274","101980541","chr9","98493178","98493445","22","3487096"
"chr10","101990741","101990910","chr10","47192046","47192215","25","54798695"
"chr10","102013915","102014212","chr9","98528528","98528828","28","3485387"
"chr10","102065999","102066299","chr3","74896182","74896480","30","27169817"
"chr10","102102230","102102494","chr19","45114752","45115015","29","56987478"
"chr10","102258143","102258449","chr9","98777329","98777633","34","3480814"
"chr10","102263261","102263583","chr9","98782661","98782961","41","3480600"
"chr10","102266863","102267177","chr16","3245842","3246150","43","99021021"
"chr10","102388574","102388865","chr9","98912687","98912983","30","3475887"
"chr10","102404979","102405200","chr3","79022196","79022424","45","23382783"
"chr10","102411246","102411531","chr5","186275871","186276152","47","83864625"
"chr10","102419153","102419446","chr2","149644045","149644340","30","47224892"
"chr10","102551217","102551515","chr6","177249478","177249776","27","74698261"
"chr10","102558247","102558537","chr2","109381027","109381314","36","6822780"
"chr10","102567821","102568118","chr15","94278053","94278351","37","8289768"
"chr10","102588584","102588893","chr8","105120121","105120431","22","2531537"
"chr10","102600910","102601210","chr7","127065845","127066144","35","24464935"
"chr10","102607816","102608116","chr11","108584077","108584374","28","5976261"
"chr10","102649426","102649722","chr4","3379423","3379712","38","99270003"
"chr10","102698281","102698573","chr6","48798966","48799257","46","53899315"
"chr10","103140004","103140115","chr19","47641002","47641095","44","55499002"
"chr10","103180413","103180712","chr3","77594965","77595260","32","25585448"
"chr10","103303947","103304257","chr1","165996033","165996341","30","62692086"
"chr10","103392808","103393115","chrX","52884540","52884848","33","50508268"
"chr10","103428796","103429105","chr4","5955341","5955651","35","97473455"
"chr10","103461585","103461875","chr4","5864759","5865052","31","97596826"
"chr10","104292484","104292782","chr1","206153473","206153775","31","101860989"
"chr10","104431719","104432024","chr19","50863135","50863438","37","53568584"
"chr10","104471556","104471850","chr2","100586330","100586626","30","3885226"
"chr10","104836005","104836309","chr5","168173049","168173353","32","63337044"
"chr10","105016655","105016851","chr2","83649435","83649641","44","21367220"
"chr10","105173189","105173495","chr4","69409816","69410121","37","35763373"
"chr10","105226665","105226975","chr2","47731483","47731792","37","57495182"
"chr10","105451437","105451747","chr13","90075848","90076160","34","15375589"
"chr10","105624063","105624356","chr6","4546854","4547142","47","101077209"
"chr10","105654400","105654645","chr2","32323","32577","64","105622077"
"chr10","105724668","105724949","chr7","70306529","70306816","38","35418139"
"chr10","105822143","105822449","chr10","663232","663537","28","105158911"
"chr10","105837026","105837304","chrX","91745750","91746037","43","14091276"
"chr10","106187226","106187525","chr4","170001134","170001432","38","63813908"
"chr10","106260142","106260439","chr3","161716772","161717066","39","55456630"
"chr10","106437406","106437546","chr5","18060035","18060193","39","88377371"
"chr10","106440203","106440491","chr15","108424452","108424741","29","1984249"
"chr10","106930158","106930463","chr5","113613008","113613297","49","6682850"
"chr10","106962004","106962296","chr8","33633812","33634105","35","73328192"
"chr10","106992246","106992524","chr1","204307037","204307312","35","97314791"
"chr10","107517055","107517356","chr9","104054774","104055081","34","3462281"
"chr10","107618877","107619172","chr14","68678897","68679192","36","38939980"
"chr10","107637204","107637397","chr3","36303286","36303484","39","71333918"
"chr10","107650652","107650844","chr18","12157369","12157570","34","95493283"
"chr10","107921124","107921418","chr20","28697028","28697324","43","79224096"
"chr10","108229654","108229957","chr3","81656161","81656467","38","26573493"
"chr10","108569782","108570054","chr9","105116020","105116284","30","3453762"
"chr10","108572869","108573140","chr2","79035135","79035404","39","29537734"
"chr10","108692696","108692988","chr1","9659856","9660151","28","99032840"
"chr10","108699890","108700186","chr1","130574287","130574581","43","21874397"
"chr10","109072469","109072774","chr4","69409816","69410121","31","39662653"
"chr10","109258446","109258743","chrX","113301095","113301395","35","4042649"
"chr10","109420824","109421109","chr1","211957371","211957663","41","102536547"
"chr10","109628794","109629096","chr4","3752022","3752324","28","105876772"
"chr10","109816595","109816891","chr17","32167535","32167836","34","77649060"
"chr10","109827180","109827500","chr16","75347406","75347712","43","34479774"
"chr10","109953023","109953314","chr9","106525116","106525403","27","3427907"
"chr10","110025952","110026252","chr2","27813797","27814098","35","82212155"
"chr10","110208202","110208505","chr3","155644928","155645234","31","45436726"
"chr10","110278260","110278549","chr11","6462265","6462558","33","103815995"
"chr10","110384291","110384597","chr9","106952458","106952766","31","3431833"
"chr10","110536353","110536659","chr19","50863135","50863438","36","59673218"
"chr10","110631034","110631323","chrX","117589965","117590253","36","6958931"
"chr10","111534052","111534352","chr13","43317795","43318094","34","68216257"
"chr10","111548834","111549139","chr15","15837347","15837647","35","95711487"
"chr10","111574264","111574418","chr11","54926961","54927123","40","56647303"
"chr10","112020549","112020835","chr9","108533013","108533306","31","3487536"
"chr10","112085681","112085860","chr4","81387997","81388176","29","30697684"
"chr10","112320910","112321216","chr5","158975124","158975425","29","46654214"
"chr10","112357331","112357629","chr9","108864245","108864544","30","3493086"
"chr10","112482816","112483100","chr11","4482338","4482626","34","108000478"
"chr10","112486359","112486643","chr1","155194513","155194802","35","42708154"
"chr10","112551759","112551962","chr4","11102991","11103196","39","101448768"
"chr10","112690396","112690688","chr9","109194710","109195002","28","3495686"
"chr10","112692469","112692774","chr14","31146378","31146688","32","81546091"
"chr10","112864746","112865053","chr4","20465529","20465832","37","92399217"
"chr10","113138062","113138226","chr3","183324547","183324710","25","70186485"
"chr10","113626814","113627118","chr6","174905209","174905512","41","61278395"
"chr10","113669987","113670290","chr3","55433032","55433335","31","58236955"
"chr10","113887192","113887498","chr9","30777888","30778193","35","83109304"
"chr10","114266789","114267103","chr9","110729924","110730224","33","3536865"
"chr10","114338364","114338664","chr11","108584077","108584374","38","5754287"
"chr10","114526226","114526519","chr20","7935085","7935379","33","106591141"
"chr10","114549660","114549949","chr3","80674854","80675143","33","33874806"
"chr10","114614414","114614712","chr12","98050892","98051201","41","16563522"
"chr10","114653594","114653888","chr6","148347411","148347707","33","33693817"
"chr10","114669858","114670171","chr9","111114926","111115237","25","3554932"
"chr10","114773247","114773543","chr10","21437144","21437433","37","93336103"
"chr10","115164553","115164743","chr15","12186805","12187003","26","102977748"
"chr10","115978594","115978894","chr12","60132382","60132678","31","55846212"
"chr10","116078284","116078583","chr9","112567437","112567742","34","3510847"
"chr10","116121135","116121308","chr20","27267477","27267649","19","88853658"
"chr10","116277180","116277488","chrX","53714392","53714701","34","62562788"
"chr10","116397243","116397550","chr8","6438985","6439289","34","109958258"
"chr10","116424256","116424564","chr1","156547387","156547697","33","40123131"
"chr10","116439048","116439286","chr3","120050843","120051085","27","3611795"
"chr10","116488943","116489257","chr9","112966535","112966846","24","3522408"
"chr10","116517543","116517839","chr2","84060483","84060788","29","32457060"
"chr10","116815279","116815433","chr3","70814394","70814554","40","46000885"
"chr10","116957863","116958158","chr11","122084586","122084886","36","5126723"
"chr10","116970263","116970477","chr6","60203539","60203751","39","56766724"
"chr10","116970479","116970539","chr3","34903811","34903857","24","82066668"
"chr10","117606137","117606431","chr19","11743943","11744241","41","105862194"
"chr10","117728384","117728676","chr9","114229184","114229473","28","3499200"
"chr10","117769083","117769380","chr2","47824467","47824767","31","69944616"
"chr10","118101724","118102031","chr19","35701715","35702022","38","82400009"
"chr10","118200316","118200617","chr15","104401844","104402147","36","13798472"
"chr10","118488073","118488326","chr8","29256394","29256650","34","89231679"
"chr10","118521365","118521646","chr8","48638161","48638460","49","69883204"
"chr10","118537018","118537184","chr6","67570862","67571028","22","50966156"
"chr10","118537638","118537775","chr1","22285408","22285547","16","96252230"
"chr10","118540680","118540992","chr12","110082565","110082875","30","8458115"
"chr10","118542873","118543043","chr4","49540998","49541166","30","69001875"
"chr10","118573900","118574205","chr1","54184910","54185214","32","64388990"
"chr10","118593865","118594168","chrX","113459109","113459405","33","5134756"
"chr10","118616287","118616601","chr16","54764613","54764924","38","63851674"
"chr10","118661607","118661895","chr2","27813797","27814098","35","90847810"
"chr10","118721179","118721475","chr1","136720804","136721098","33","17999625"
"chr10","118733128","118733401","chr10","45592833","45593119","36","73140295"
"chr10","118783911","118784214","chr8","48638161","48638460","27","70145750"
"chr10","118916241","118916537","chr5","1773882","1774179","32","117142359"
"chr10","118927520","118927817","chr12","121351661","121351954","38","2424141"
"chr10","118993275","118993572","chr2","165160764","165161062","43","46167489"
"chr10","119001444","119001654","chr4","11102991","11103196","59","107898453"
"chr10","119012565","119012873","chr4","5357211","5357521","25","113655354"
"chr10","119028086","119028388","chr9","115549522","115549819","34","3478564"
"chr10","119050247","119050557","chr16","3520694","3521001","30","115529553"
"chr10","119077871","119078053","chr9","115602163","115602345","14","3475708"
"chr10","119233130","119233379","chr5","97647537","97647790","39","21585593"
"chr10","119324779","119325084","chr7","127065845","127066144","41","7741066"
"chr10","119339680","119339993","chr16","628664","628975","38","118711016"
"chr10","119377162","119377459","chr9","115899637","115899934","27","3477525"
"chr10","119392057","119392251","chr16","26139167","26139373","43","93252890"
"chr10","119410918","119411176","chr3","69861998","69862251","32","49548920"
"chr10","119480103","119480418","chr9","116014013","116014324","41","3466090"
"chr10","120239238","120239519","chr9","116754966","116755258","31","3484272"
"chr10","120346646","120346832","chr6","24911807","24911982","43","95434839"
"chr10","120585680","120585977","chr20","18183620","18183918","30","102402060"
"chr10","120690389","120690689","chr9","32178167","32178466","38","88512222"
"chr10","120794071","120794376","chr14","11136011","11136318","42","109658060"
"chr10","120811295","120811587","chr2","92858253","92858550","33","27953042"
"chr10","120854297","120854601","chr7","52277962","52278267","34","68576335"
"chr10","120856373","120856675","chr1","34437740","34438040","34","86418633"
"chr10","120876810","120877110","chr5","158975124","158975425","32","38098314"
"chr10","120922218","120922519","chr11","15282559","15282855","31","105639659"
"chr10","121040301","121040614","chr9","117555817","117556123","32","3484484"
"chr10","121340318","121340603","chr4","161013151","161013437","33","39672833"
"chr10","121397086","121397361","chr3","156152685","156152965","37","34755599"
"chr10","121406776","121407074","chr1","34922657","34922952","31","86484119"
"chr10","121410470","121410765","chr8","129580403","129580698","27","8169933"
"chr10","121492541","121492790","chr9","118002402","118002650","27","3490139"
"chr10","121567746","121568038","chr9","118075002","118075297","26","3492744"
"chr10","121619734","121620032","chr6","177249478","177249776","31","55629744"
"chr10","122183804","122184097","chrX","23155568","23155864","35","99028236"
"chr10","122508299","122508616","chr9","119008609","119008928","31","3499690"
"chr10","122959317","122959620","chr6","108528235","108528546","30","14431082"
"chr10","123222820","123223090","chr9","119716138","119716405","34","3506682"
"chr10","123234051","123234346","chr12","121351661","121351954","24","1882390"
"chr10","123296940","123297248","chr9","119788316","119788624","24","3508624"
"chr10","123344584","123344893","chr8","139379847","139380157","34","16035263"
"chr10","123878254","123878553","chr1","22411003","22411299","32","101467251"
"chr10","123981080","123981371","chrX","23155568","23155864","34","100825512"
"chr10","123981972","123982293","chr14","18319250","18319563","45","105662722"
"chr10","124000071","124000142","chr15","21587442","21587502","23","102412629"
"chr10","124030987","124031272","chr13","97520871","97521154","30","26510116"
"chr10","124106176","124106470","chr8","115461075","115461370","26","8645101"
"chr10","124302072","124302369","chr4","88700124","88700424","26","35601948"
"chr10","124316096","124316405","chr9","120784727","120785030","23","3531369"
"chr10","124331473","124331734","chr12","107206425","107206688","39","17125048"
"chr10","124332163","124332287","chr14","113311902","113312011","44","11020261"
"chr10","124344809","124345108","chr15","15837347","15837647","31","108507462"
"chr10","124374343","124374646","chr4","88700124","88700424","40","35674219"
"chr10","124441181","124441481","chr14","16503370","16503668","35","107937811"
"chr10","124632454","124632752","chr1","42018653","42018950","32","82613801"
"chr10","124828228","124828524","chr11","108584077","108584374","29","16244151"
"chr10","124994198","124994530","chr9","121452979","121453270","71","3541219"
"chr10","125115217","125115511","chr5","99049506","99049803","42","26065711"
"chr10","125490762","125491057","chr2","21926577","21926869","29","103564185"
"chr10","125530724","125531006","chr9","121969884","121970155","33","3560840"
"chr10","125782363","125782667","chr12","8606516","8606818","35","117175847"
"chr10","126404996","126405303","chr9","122819131","122819434","35","3585865"
"chr10","126428330","126428508","chr6","24911807","24911982","31","101516523"
"chr10","126525740","126526072","chr9","122929454","122929751","61","3596286"
"chr10","126733523","126733818","chr20","30937004","30937299","28","95796519"
"chr10","127078523","127078817","chr10","73354021","73354316","34","53724502"
"chr10","127108142","127108440","chr9","123512776","123513069","27","3595366"
"chr10","127186182","127186462","chr4","161923224","161923508","39","34737042"
"chr10","127213077","127213384","chr9","85871300","85871613","47","41341777"
"chr10","127460337","127460547","chrX","147147954","147148141","52","19687617"
"chr10","128054902","128055180","chr9","124491767","124492041","38","3563135"
"chr10","128678074","128678382","chr7","50204223","50204530","42","78473851"
"chr10","128681676","128681986","chr9","125151998","125152303","38","3529678"
"chr10","128696918","128697200","chr2","61380094","61380378","31","67316824"
"chr10","129845993","129846281","chr6","173896362","173896661","33","44050369"
"chr10","129850128","129850387","chr15","88022921","88023176","34","41827207"
"chr10","129981069","129981388","chr7","138808815","138809127","34","8827746"
"chr10","130557033","130557326","chr3","185287986","185288282","36","54730953"
"chr10","131342460","131342783","chr14","63641553","63641867","47","67700907"
"chr10","131867523","131867684","chr9","102901345","102901504","31","28966178"
"chr10","132151689","132151726","chr3","34903811","34903857","19","97247878"
"chr10","132166326","132166587","chr5","140683657","140683916","37","8517331"
"chr10","132242765","132243074","chr9","128643420","128643722","36","3599345"
"chr10","132339228","132339537","chrX","872740","873049","34","131466488"
"chr10","132784887","132785172","chr9","129180651","129180945","28","3604236"
"chr10","133042224","133042525","chr7","61608289","61608587","32","71433935"
"chr10","133213974","133214267","chr11","108584077","108584374","34","24629897"
"chr11","43909053","43909351","chr4","88700124","88700424","27","44791071"
"chr11","123469594","123469901","chr16","47849984","47850287","36","75619610"
"chr11","265792","266096","chr17","3354905","3355211","38","3089113"
"chr11","560558","560848","chr10","73354021","73354316","29","72793463"
"chr11","579149","579454","chr14","1559284","1559583","31","980135"
"chr11","614844","615139","chr11","54929990","54930287","31","54315146"
"chr11","666714","667019","chr6","1092742","1093043","33","426028"
"chr11","779860","780166","chr1","10790603","10790909","32","10010743"
"chr11","797151","797411","chr10","60486235","60486496","36","59689084"
"chr11","798152","798200","chr20","54495305","54495348","11","53697153"
"chr11","815356","815636","chr1","61388678","61388976","43","60573322"
"chr11","986126","986435","chrX","872740","873049","31","113386"
"chr11","995694","996027","chrX","872740","873049","70","122954"
"chr11","1406057","1406219","chr5","18060035","18060193","28","16653978"
"chr11","1557109","1557403","chr2","149644045","149644340","35","148086936"
"chr11","1862604","1862925","chr8","120455141","120455459","38","118592537"
"chr11","2271096","2271325","chr1","35881420","35881640","31","33610324"
"chr11","2302025","2302280","chr6","176555863","176556114","66","174253838"
"chr11","2903287","2903583","chr9","98432771","98433070","29","95529484"
"chr11","3208578","3208869","chr3","178732552","178732845","29","175523974"
"chr11","3284300","3284615","chr1","54184910","54185214","34","50900610"
"chr11","3364103","3364406","chr1","77714009","77714304","43","74349906"
"chr11","3480795","3481092","chr16","26389884","26390177","43","22909089"
"chr11","3583466","3583726","chr8","52280223","52280484","42","48696757"
"chr11","3586723","3586982","chr8","52280223","52280484","41","48693500"
"chr11","3676737","3677055","chr14","63641553","63641867","28","59964816"
"chr11","3698019","3698324","chr1","54184910","54185214","31","50486891"
"chr11","3790652","3790957","chrX","95082495","95082798","29","91291843"
"chr11","3944354","3944657","chr6","147351072","147351371","37","143406718"
"chr11","4480843","4481082","chr9","93688855","93689088","36","89208012"
"chr11","4564489","4564783","chr14","62737712","62738004","36","58173223"
"chr11","4565014","4565336","chr14","2713092","2713395","45","1851922"
"chr11","4716725","4717034","chr12","120815493","120815798","34","116098768"
"chr11","5363558","5363865","chrX","52884540","52884848","33","47520982"
"chr11","5384971","5385261","chr14","61553787","61554077","24","56168816"
"chr11","5416392","5416695","chr14","61522858","61523163","28","56106466"
"chr11","5474925","5475239","chr7","49467772","49468091","39","43992847"
"chr11","6234239","6234539","chr16","31530863","31531165","29","25296624"
"chr11","6279791","6280066","chr14","60290168","60290442","27","54010377"
"chr11","6631376","6631678","chr16","51138203","51138510","26","44506827"
"chr11","6646497","6646830","chr10","72588724","72589047","52","65942227"
"chr11","6809818","6810122","chr20","54448223","54448522","33","47638405"
"chr11","7512506","7512668","chr18","12359809","12359972","18","4847303"
"chr11","7512958","7513090","chr5","34470826","34470968","40","26957868"
"chr11","7641769","7642060","chr1","130574287","130574581","30","122932518"
"chr11","7671973","7672185","chrX","78427195","78427409","35","70755222"
"chr11","7767930","7768227","chr14","58508349","58508648","23","50740419"
"chr11","8201051","8201340","chr13","106164334","106164628","35","97963283"
"chr11","8356556","8356850","chr11","52992595","52992891","34","44636039"
"chr11","8633547","8633855","chr16","7665162","7665473","31","968385"
"chr11","8747296","8747592","chr1","34437740","34438040","37","25690444"
"chr11","8787310","8787570","chr7","43889740","43890007","42","35102430"
"chr11","8918563","8918874","chr17","30633052","30633358","30","21714489"
"chr11","8979610","8979916","chr4","5357211","5357521","36","3622399"
"chr11","9036363","9036653","chr14","57269411","57269707","28","48233048"
"chr11","9061853","9062148","chr14","70451894","70452197","36","61390041"
"chr11","9107305","9107596","chr11","108584077","108584374","37","99476772"
"chr11","9147775","9148073","chr7","127065845","127066144","28","117918070"
"chr11","9161627","9161929","chr12","82259755","82260061","32","73098128"
"chr11","9169806","9170110","chr14","57125781","57126078","33","47955975"
"chr11","9186131","9186442","chr2","42327846","42328157","38","33141715"
"chr11","9205152","9205443","chr14","57090416","57090720","28","47885264"
"chr11","9274290","9274597","chr11","125987387","125987697","40","116713097"
"chr11","9301457","9301769","chr14","56998856","56999158","35","47697399"
"chr11","9322814","9322974","chr4","36925445","36925601","36","27602631"
"chr11","9325710","9326002","chr19","45770144","45770438","32","36444434"
"chr11","9360104","9360301","chr17","39176135","39176331","32","29816031"
"chr11","9382702","9382983","chrX","9025863","9026140","32","356839"
"chr11","9403875","9404045","chr2","15318266","15318436","48","5914391"
"chr11","9443419","9443716","chr2","57288005","57288297","30","47844586"
"chr11","9704924","9705231","chr16","3520694","3521001","34","6184230"
"chr11","9716979","9717275","chr3","128346648","128346949","35","118629669"
"chr11","9786133","9786434","chr2","68986282","68986581","34","59200149"
"chr11","9909599","9909911","chr4","5357211","5357521","37","4552388"
"chr11","9958684","9958979","chr3","77744436","77744731","27","67785752"
"chr11","10042450","10042758","chr1","7768760","7769067","32","2273690"
"chr11","10160183","10160475","chr2","100586330","100586626","33","90426147"
"chr11","10354292","10354590","chr14","55957140","55957433","25","45602848"
"chr11","10987065","10987355","chr1","61388678","61388976","27","50401613"
"chr11","11693488","11693792","chr1","85807051","85807354","30","74113563"
"chr11","11822321","11822514","chr10","17123065","17123263","45","5300744"
"chr11","11919835","11920134","chr11","122758793","122759092","38","110838958"
"chr11","11975957","11976244","chr2","84500826","84501114","34","72524869"
"chr11","12063497","12063807","chr1","54184910","54185214","29","42121413"
"chr11","12290345","12290660","chr10","64981909","64982217","36","52691564"
"chr11","12297772","12298060","chr12","121351661","121351954","34","109053889"
"chr11","12389148","12389454","chr7","139358509","139358816","37","126969361"
"chr11","12438480","12438778","chr14","53844239","53844540","23","41405759"
"chr11","13319003","13319311","chr1","54184910","54185214","30","40865907"
"chr11","13336121","13336427","chr14","118913053","118913356","41","105576932"
"chr11","14005284","14005592","chr4","166660646","166660938","54","152655362"
"chr11","14036352","14036664","chr2","47731483","47731792","29","33695131"
"chr11","14394522","14394788","chr12","81755596","81755855","39","67361074"
"chr11","14809851","14810147","chr2","89794159","89794460","41","74984308"
"chr11","14959693","14960002","chr8","78322418","78322723","48","63362725"
"chr11","15386274","15386582","chr16","76994028","76994336","33","61607754"
"chr11","15512900","15513209","chr8","105120121","105120431","32","89607221"
"chr11","15757823","15758032","chrX","78427195","78427409","41","62669372"
"chr11","16048491","16048800","chr14","50196921","50197227","30","34148430"
"chr11","16107307","16107615","chr7","19094264","19094573","36","2986957"
"chr11","16115620","16115904","chr15","47928391","47928665","43","31812771"
"chr11","16558707","16559011","chr1","54184910","54185214","30","37626203"
"chr11","16622144","16622454","chr4","5955341","5955651","27","10666803"
"chr11","16669250","16669536","chr7","96348171","96348464","38","79678921"
"chr11","17029284","17029588","chr6","136350068","136350373","34","119320784"
"chr11","17047691","17047973","chr19","31867605","31867887","56","14819914"
"chr11","17150625","17150934","chr1","165996033","165996341","32","148845408"
"chr11","17478708","17478982","chr1","43669364","43669646","56","26190656"
"chr11","17717639","17717944","chr2","49835049","49835353","36","32117410"
"chr11","17741497","17741807","chr1","54184910","54185214","34","36443413"
"chr11","17768484","17768793","chr1","156547387","156547697","35","138778903"
"chr11","18185434","18185715","chr1","27509662","27509946","40","9324228"
"chr11","18191815","18192028","chr6","63630625","63630830","31","45438810"
"chr11","18242916","18243073","chr11","133328099","133328256","26","115085183"
"chr11","18343009","18343304","chr8","41718631","41718927","28","23375622"
"chr11","18463076","18463363","chr5","41819509","41819795","36","23356433"
"chr11","18476991","18477293","chr14","47621629","47621927","35","29144638"
"chr11","18919760","18919930","chr20","27267477","27267649","25","8347717"
"chr11","18936584","18936867","chr15","13815675","13815962","35","5120909"
"chr11","19054723","19055010","chr14","47057261","47057555","30","28002538"
"chr11","19404022","19404333","chr14","46720943","46721246","36","27316921"
"chr11","19677207","19677515","chr1","13457585","13457895","38","6219622"
"chr11","19721060","19721345","chr14","46415327","46415614","28","26694267"
"chr11","19997609","19997917","chr14","46143753","46144063","41","26146144"
"chr11","20138438","20138748","chr13","39352330","39352639","30","19213892"
"chr11","20144003","20144300","chr20","52051897","52052195","28","31907894"
"chr11","20205164","20205424","chr1","39874498","39874760","34","19669334"
"chr11","20209620","20209826","chr14","45889582","45889787","19","25679962"
"chr11","20354361","20354666","chr3","7367921","7368221","29","12986440"
"chr11","20422010","20422317","chrX","130126302","130126612","34","109704292"
"chr11","20441819","20442126","chr14","45632802","45633110","27","25190983"
"chr11","20774373","20774646","chrX","36011571","36011849","40","15237198"
"chr11","20919759","20920055","chr11","33868257","33868543","43","12948498"
"chr11","21340668","21340975","chr14","44731899","44732208","32","23391231"
"chr11","21506928","21507263","chrX","113475257","113475588","43","91968329"
"chr11","21714776","21715078","chrX","872740","873049","29","20842036"
"chr11","22098849","22099153","chr14","67210740","67211042","32","45111891"
"chr11","22110856","22111143","chr18","9790690","9790976","50","12320166"
"chr11","22440230","22440521","chr19","45517663","45517948","32","23077433"
"chr11","22487810","22488099","chr3","74896182","74896480","35","52408372"
"chr11","23215603","23215901","chr14","42813387","42813686","29","19597784"
"chr11","23672087","23672364","chr20","68769503","68769770","40","45097416"
"chr11","23686820","23686982","chr7","129362850","129363013","32","105676030"
"chr11","23737044","23737215","chr5","46476035","46476209","35","22738991"
"chr11","23949313","23949620","chr3","24845532","24845839","39","896219"
"chr11","24260163","24260459","chr3","166840746","166841039","40","142580583"
"chr11","24932994","24933241","chr12","1645361","1645609","31","23287633"
"chr11","25031230","25031531","chr1","40007030","40007334","34","14975800"
"chr11","25080388","25080665","chr16","10886077","10886347","45","14194311"
"chr11","25382537","25382824","chr13","71275711","71275994","35","45893174"
"chr11","26053274","26053579","chr1","13475556","13475862","31","12577718"
"chr11","26742357","26742654","chr10","30856984","30857279","39","4114627"
"chr11","27369754","27370070","chr14","38465822","38466138","26","11096068"
"chr11","27474083","27474391","chr2","149457706","149458012","35","121983623"
"chr11","27807882","27808172","chr2","200297174","200297466","31","172489292"
"chr11","27809260","27809457","chr19","12959091","12959278","47","14850169"
"chr11","28642122","28642421","chr11","15282559","15282855","29","13359563"
"chr11","29320771","29321041","chr19","32882727","32882998","39","3561956"
"chr11","29461250","29461545","chr14","42813387","42813686","31","13352137"
"chr11","30129327","30129619","chr1","19563103","19563398","33","10566224"
"chr11","30257500","30257798","chr1","38218968","38219269","36","7961468"
"chr11","30261798","30262053","chr5","173801525","173801782","41","143539727"
"chr11","30723361","30723661","chr1","125719714","125720014","33","94996353"
"chr11","31006795","31007106","chrX","130126302","130126612","28","99119507"
"chr11","31238503","31238787","chr8","65531215","65531499","35","34292712"
"chr11","31596801","31597092","chrX","53197690","53197993","39","21600889"
"chr11","31613688","31613989","chr2","47824467","47824767","32","16210779"
"chr11","32125776","32126070","chr2","47987079","47987379","35","15861303"
"chr11","32258538","32258857","chr14","33561652","33561964","35","1303114"
"chr11","32262602","32262828","chr2","55729004","55729244","39","23466402"
"chr11","32342441","32342753","chr16","1680827","1681137","39","30661614"
"chr11","32358143","32358437","chr14","33457135","33457440","30","1098992"
"chr11","32409992","32410155","chr5","18060035","18060193","23","14349957"
"chr11","32412120","32412421","chr1","206202604","206202903","30","173790484"
"chr11","32451701","32452008","chr1","54184910","54185214","32","21733209"
"chr11","32501479","32501768","chr3","27840495","27840782","32","4660984"
"chr11","32519363","32519673","chrX","130126302","130126612","35","97606939"
"chr11","32561016","32561338","chr20","8659416","8659737","53","23901600"
"chr11","32566264","32566547","chr3","63885820","63886108","39","31319556"
"chr11","32823988","32824278","chr3","85177437","85177728","31","52353449"
"chr11","33138300","33138607","chrX","130126302","130126612","33","96988002"
"chr11","33181069","33181370","chr14","32693577","32693875","32","487492"
"chr11","33210245","33210420","chr10","15571023","15571211","36","17639222"
"chr11","33617767","33618051","chr1","26608496","26608785","28","7009271"
"chr11","33631167","33631453","chr1","24622085","24622374","32","9009082"
"chr11","34012644","34012943","chr11","108584077","108584374","24","74571433"
"chr11","34013320","34013627","chr4","5357211","5357521","37","28656109"
"chr11","34030129","34030426","chr14","31853467","31853762","29","2176662"
"chr11","34036763","34036956","chr3","36303286","36303484","35","2266523"
"chr11","34215308","34215511","chr19","964579","964783","36","33250729"
"chr11","34222495","34222794","chr3","15260287","15260583","32","18962208"
"chr11","34400199","34400496","chr7","136656713","136657010","33","102256514"
"chr11","34755573","34755883","chr6","176790550","176790858","33","142034977"
"chr11","35249433","35249751","chr14","30658754","30659060","41","4590679"
"chr11","35348875","35349187","chr4","110570346","110570658","46","75221471"
"chr11","35848147","35848304","chr3","76215454","76215617","31","40367307"
"chr11","35873415","35873718","chr14","30049576","30049889","39","5823839"
"chr11","35919293","35919561","chr1","22650900","22651170","39","13268393"
"chr11","35926818","35927114","chr4","54062553","54062848","36","18135735"
"chr11","35951199","35951502","chr2","175084557","175084856","31","139133358"
"chr11","35989292","35989587","chr14","29927527","29927824","33","6061765"
"chr11","36068610","36068906","chr3","40351729","40352027","28","4283119"
"chr11","36231845","36232126","chr8","65531215","65531499","35","29299370"
"chr11","36380699","36380991","chr3","155246047","155246338","29","118865348"
"chr11","37136541","37136844","chr4","69409816","69410121","34","32273275"
"chr11","37445561","37445879","chr16","3520694","3521001","45","33924867"
"chr11","37587882","37588179","chr5","1773882","1774179","38","35814000"
"chr11","37713690","37713986","chr4","158676243","158676530","39","120962553"
"chr11","37836543","37836864","chr5","695793","696103","48","37140750"
"chr11","37950041","37950335","chr3","65429310","65429603","45","27479269"
"chr11","38087225","38087531","chr14","69622508","69622817","39","31535283"
"chr11","39199666","39199971","chr2","27813797","27814098","32","11385869"
"chr11","39351914","39352223","chr8","119831472","119831781","33","80479558"
"chr11","39356477","39356720","chr9","93688855","93689088","33","54332378"
"chr11","39360754","39361049","chr6","132127364","132127664","39","92766610"
"chr11","39368779","39369063","chr14","26706685","26706973","35","12662094"
"chr11","39422805","39423088","chr1","113814141","113814444","44","74391336"
"chr11","39464789","39465098","chr14","104583689","104583989","42","65118900"
"chr11","39683959","39684261","chr4","3752022","3752324","33","35931937"
"chr11","39737123","39737434","chr16","49519143","49519449","33","9782020"
"chr11","39968279","39968457","chr9","62270006","62270180","23","22301727"
"chr11","39978437","39978724","chr3","40351729","40352027","35","373292"
"chr11","40360844","40361158","chr14","25718561","25718891","38","14642283"
"chr11","40385902","40386211","chrX","130126302","130126612","34","89740400"
"chr11","40480939","40481240","chr17","82184412","82184713","36","41703473"
"chr11","40583386","40583696","chr19","15978488","15978799","26","24604898"
"chr11","40595590","40595884","chr11","15282559","15282855","31","25313031"
"chr11","41228423","41228696","chr17","90219090","90219360","41","48990667"
"chr11","41370310","41370588","chr2","96876334","96876612","27","55506024"
"chr11","41682105","41682253","chr19","10635260","10635411","36","31046845"
"chr11","41807638","41807935","chr9","95351649","95351942","37","53544011"
"chr11","42332970","42333279","chrX","130126302","130126612","37","87793332"
"chr11","42366121","42366417","chr14","23714827","23715114","31","18651294"
"chr11","43241031","43241334","chr14","22907797","22908095","37","20333234"
"chr11","43351555","43351842","chr10","30167968","30168252","43","13183587"
"chr11","43404976","43405283","chr19","42407238","42407545","33","997738"
"chr11","43636017","43636331","chr14","22537411","22537718","28","21098606"
"chr11","43685811","43686104","chr3","74896182","74896480","43","31210371"
"chr11","43741494","43741655","chr7","3648725","3648875","36","40092769"
"chr11","43817229","43817525","chr14","22323391","22323685","17","21493838"
"chr11","43869792","43870083","chr4","3379423","3379712","36","40490369"
"chr11","44059544","44059842","chr4","88700124","88700424","34","44640580"
"chr11","44337070","44337371","chr19","50863135","50863438","38","6526065"
"chr11","44415902","44416211","chr2","92544439","92544741","38","48128537"
"chr11","44661192","44661491","chr1","22411003","22411299","33","22250189"
"chr11","44711769","44712068","chr14","57654140","57654437","38","12942371"
"chr11","44879378","44879686","chrX","872740","873049","27","44006638"
"chr11","44954147","44954457","chr13","39352330","39352639","38","5601817"
"chr11","45074680","45074841","chr19","42189213","42189372","27","2885467"
"chr11","45652968","45653122","chr5","18060035","18060193","29","27592933"
"chr11","45883829","45884133","chr4","108327631","108327935","30","62443802"
"chr11","45887022","45887332","chrX","52884540","52884848","31","6997518"
"chr11","46057304","46057599","chr6","148347411","148347707","37","102290107"
"chr11","46098540","46098735","chr1","35561294","35561462","55","10537246"
"chr11","46536782","46537082","chr2","89053404","89053703","36","42516622"
"chr11","46585925","46586095","chr3","76215454","76215617","21","29629529"
"chr11","46592014","46592251","chr9","93688855","93689088","34","47096841"
"chr11","46613129","46613438","chr14","19550845","19551154","29","27062284"
"chr11","46680766","46680945","chr15","64701277","64701454","26","18020511"
"chr11","46708172","46708474","chr7","149185477","149185782","31","102477305"
"chr11","46712861","46713147","chr7","23493750","23494033","30","23219111"
"chr11","46744238","46744538","chr2","64819781","64820080","34","18075543"
"chr11","46746569","46746853","chr2","61380094","61380378","36","14633525"
"chr11","46863901","46864061","chr7","3648725","3648875","32","43215176"
"chr11","46864954","46865255","chr2","47824467","47824767","34","959513"
"chr11","46973366","46973654","chr3","44070862","44071165","44","2902504"
"chr11","46978919","46979215","chr11","108584077","108584374","31","61605158"
"chr11","47199578","47199767","chrX","147147954","147148141","36","99948376"
"chr11","47211232","47211518","chr14","18957066","18957352","25","28254166"
"chr11","47222172","47222461","chr14","18942755","18943035","34","28279417"
"chr11","47311499","47311799","chr15","8841295","8841593","33","38470204"
"chr11","47328816","47329112","chr7","166020953","166021249","32","118692137"
"chr11","47331069","47331363","chr14","18824193","18824484","27","28506876"
"chr11","47346466","47346768","chr2","159950187","159950489","31","112603721"
"chr11","47350592","47350860","chr15","109075840","109076105","35","61725248"
"chr11","47358794","47359086","chr5","117401080","117401372","34","70042286"
"chr11","47371682","47371983","chr14","18789762","18790067","31","28581920"
"chr11","47396282","47396497","chr1","23896634","23896846","29","23499648"
"chr11","47443503","47443831","chrX","130126302","130126612","52","82682799"
"chr11","47507592","47507901","chr14","18653571","18653875","28","28854021"
"chr11","47508504","47508693","chr1","27619548","27619722","30","19888956"
"chr11","47559896","47560205","chr5","101125787","101126094","31","53565891"
"chr11","47574742","47575032","chr14","18584251","18584537","26","28990491"
"chr11","47585256","47585563","chr1","54184910","54185214","37","6599654"
"chr11","47598240","47598526","chr2","84500826","84501114","34","36902586"
"chr11","47644221","47644508","chr4","3379423","3379712","29","44264798"
"chr11","47647842","47648142","chr6","155329774","155330069","33","107681932"
"chr11","47653884","47654182","chr4","27754252","27754548","38","19899632"
"chr11","47672688","47672974","chr14","18479744","18480041","41","29192944"
"chr11","47677811","47678107","chr5","185805008","185805304","36","138127197"
"chr11","47699974","47700178","chr4","11102991","11103196","33","36596983"
"chr11","47701785","47702041","chr15","15803173","15803418","40","31898612"
"chr11","47703538","47703794","chr15","15803173","15803418","39","31900365"
"chr11","47725580","47725884","chrX","138671409","138671707","35","90945829"
"chr11","47780714","47781017","chr14","18375687","18375986","32","29405027"
"chr11","47782707","47782864","chr1","130615501","130615669","41","82832794"
"chr11","47785037","47785316","chr16","4729688","4729979","37","43055349"
"chr11","47786194","47786492","chrX","44607769","44608063","35","3178425"
"chr11","47798903","47799200","chr14","18359897","18360199","38","29439006"
"chr11","47817218","47817513","chr19","1147467","1147760","29","46669751"
"chr11","47836095","47836392","chrX","23130799","23131097","39","24705296"
"chr11","47850152","47850439","chr14","18305425","18305712","20","29544727"
"chr11","47891417","47891710","chr14","18266920","18267195","40","29624497"
"chr11","47942706","47943009","chr10","19841386","19841690","31","28101320"
"chr11","48012179","48012365","chr14","18148570","18148755","15","29863609"
"chr11","48027342","48027648","chr14","18134044","18134350","28","29893298"
"chr11","48138448","48138740","chr17","81322280","81322575","38","33183832"
"chr11","49170143","49170442","chr2","47824467","47824767","27","1345676"
"chr11","49278634","49278932","chr2","84585817","84586114","29","35307183"
"chr11","49331308","49331599","chr10","73354021","73354316","36","24022713"
"chr11","49872009","49872281","chr3","50641281","50641549","38","769272"
"chr11","57288725","57289026","chr16","14212456","14212761","35","43076269"
"chr11","57309100","57309389","chr14","14546571","14546864","29","42762529"
"chr11","57449218","57449503","chr5","147526333","147526620","33","90077115"
"chr11","57629754","57630021","chr13","65049863","65050134","46","7420109"
"chr11","57659547","57659844","chr10","38772882","38773178","40","18886665"
"chr11","57842902","57843180","chr15","44422532","44422812","38","13420370"
"chr11","58114442","58114737","chr11","15282559","15282855","40","42831883"
"chr11","58182417","58182609","chr19","12959091","12959278","31","45223326"
"chr11","58352898","58353183","chr8","65531215","65531499","34","7178317"
"chr11","58465358","58465665","chr2","27813797","27814098","31","30651561"
"chr11","58492550","58492727","chr1","19159458","19159639","36","39333092"
"chr11","58633458","58633767","chr1","54184910","54185214","30","4448548"
"chr11","58694598","58694904","chrX","872740","873049","27","57821858"
"chr11","58910719","58911011","chrX","23155568","23155864","39","35755151"
"chr11","58992131","58992430","chr6","1092742","1093043","32","57899389"
"chr11","59096160","59096456","chrX","23155568","23155864","29","35940592"
"chr11","59143891","59144198","chr14","12886988","12887293","30","46256903"
"chr11","59189949","59190228","chr14","12933847","12934125","17","46256102"
"chr11","59207281","59207578","chr3","7367921","7368221","28","51839360"
"chr11","59225060","59225358","chr10","38772882","38773178","32","20452178"
"chr11","59264803","59265109","chrX","872740","873049","37","58392063"
"chr11","59272082","59272383","chr14","13006219","13006523","32","46265863"
"chr11","59275398","59275554","chr20","15121853","15122007","30","44153545"
"chr11","59316209","59316517","chr3","24845532","24845839","27","34470677"
"chr11","59428539","59428840","chr1","61388678","61388976","28","1960139"
"chr11","59460721","59461010","chr13","94954144","94954445","38","35493423"
"chr11","59477084","59477395","chr14","12646086","12646396","26","46830998"
"chr11","59480877","59481201","chr14","12642584","12642900","35","46838293"
"chr11","59482470","59482763","chr2","149644045","149644340","31","90161575"
"chr11","59668079","59668315","chr6","105316255","105316491","50","45648176"
"chr11","59754041","59754351","chr3","54644532","54644842","33","5109509"
"chr11","59876575","59876853","chr2","202730810","202731090","32","142854235"
"chr11","59905321","59905617","chr3","15260287","15260583","36","44645034"
"chr11","59926010","59926280","chr2","143894240","143894518","37","83968230"
"chr11","59958928","59959221","chr14","12202990","12203277","26","47755938"
"chr11","60049317","60049607","chr18","34682840","34683129","38","25366477"
"chr11","60182242","60182537","chr4","22120527","22120820","40","38061715"
"chr11","60238706","60239005","chr4","3859603","3859903","40","56379103"
"chr11","60245752","60246062","chr3","24845532","24845839","47","35400220"
"chr11","60248769","60249076","chr17","16036823","16037127","35","44211946"
"chr11","60271749","60272046","chrX","127913630","127913927","35","67641881"
"chr11","60377758","60378043","chr7","63363325","63363605","40","2985567"
"chr11","60384890","60385196","chr1","54184910","54185214","35","6199980"
"chr11","60400240","60400416","chr13","89859967","89860138","27","29459727"
"chr11","60406786","60407095","chrX","872740","873049","32","59534046"
"chr11","60433361","60433431","chr15","21587442","21587502","21","38845919"
"chr11","60485551","60485866","chr20","52938937","52939246","43","7546614"
"chr11","60489036","60489207","chr11","46935733","46935910","22","13553303"
"chr11","60579905","60580217","chr7","44950523","44950832","34","15629382"
"chr11","60603102","60603407","chr17","30633052","30633358","33","29970050"
"chr11","60606452","60606748","chr14","11622485","11622782","25","48983967"
"chr11","60657892","60658193","chr6","173896362","173896661","40","113238470"
"chr11","60668720","60669013","chr1","223022750","223023049","42","162354030"
"chr11","60675399","60675721","chr1","93251891","93252207","74","32576492"
"chr11","60684504","60684798","chr11","108584077","108584374","32","47899573"
"chr11","60687239","60687402","chr11","54926961","54927123","19","5760278"
"chr11","60696953","60697131","chr20","13621223","13621401","43","47075730"
"chr11","60697724","60697768","chr20","54495305","54495348","9","6202419"
"chr11","60715739","60716019","chr14","11514342","11514618","35","49201397"
"chr11","60753873","60754141","chr2","56486018","56486290","38","4267855"
"chr11","60778413","60778719","chr19","35826176","35826481","39","24952237"
"chr11","60837417","60837728","chrX","95520014","95520318","33","34682597"
"chr11","60851110","60851419","chr14","11377536","11377837","29","49473574"
"chr11","60968445","60968750","chr11","56089370","56089672","35","4879075"
"chr11","61035532","61035831","chr3","7367921","7368221","32","53667611"
"chr11","61192358","61192646","chr9","72780412","72780702","35","11588054"
"chr11","61230070","61230351","chr3","48879684","48879984","42","12350386"
"chr11","61395826","61396136","chr14","11201927","11202223","36","50193899"
"chr11","61458638","61458933","chr1","48636230","48636529","35","12822408"
"chr11","61530540","61530819","chr10","17678277","17678561","29","43852263"
"chr11","61535777","61536105","chr3","13648107","13648424","40","47887670"
"chr11","61537178","61537468","chr2","201163996","201164283","38","139626818"
"chr11","61541569","61541871","chr1","2715985","2716290","37","58825584"
"chr11","61602610","61602857","chr12","1645361","1645609","22","59957249"
"chr11","61617984","61618282","chr14","10931144","10931440","25","50686840"
"chr11","61622947","61623116","chr1","130615501","130615669","32","68992554"
"chr11","61658962","61659288","chr2","201569959","201570286","52","139910997"
"chr11","61680637","61680943","chr1","54184910","54185214","29","7495727"
"chr11","61814378","61814673","chr14","10682868","10683167","29","51131510"
"chr11","61917428","61917588","chr3","76215454","76215617","27","14298026"
"chr11","61918436","61918492","chr14","18724456","18724513","16","43193980"
"chr11","62077167","62077461","chr3","81656161","81656467","42","19578994"
"chr11","62195055","62195295","chr9","118002402","118002650","40","55807347"
"chr11","62205598","62205909","chr14","10243486","10243795","37","51962112"
"chr11","62234411","62234684","chr3","84553580","84553858","36","22319169"
"chr11","62273211","62273536","chr14","10126956","10127272","43","52146255"
"chr11","62462972","62463281","chr13","67114542","67114850","38","4651570"
"chr11","62490287","62490582","chr3","14647021","14647316","30","47843266"
"chr11","62721600","62721914","chr14","9667916","9668223","38","53053684"
"chr11","62788632","62788804","chr16","41943604","41943785","22","20845028"
"chr11","62810359","62810671","chr4","134852861","134853168","28","72042502"
"chr11","62897159","62897275","chr19","17707348","17707458","27","45189811"
"chr11","62897985","62898179","chr12","60498589","60498783","23","2399396"
"chr11","62909750","62909934","chr12","84405516","84405692","54","21495766"
"chr11","63082964","63083286","chr18","29228699","29229026","52","33854265"
"chr11","63100827","63100992","chr1","130615501","130615669","30","67514674"
"chr11","63110533","63110803","chr16","41227858","41228131","54","21882675"
"chr11","63171039","63171314","chr2","80939761","80940039","39","17768722"
"chr11","63188647","63188725","chr11","127837568","127837636","21","64648921"
"chr11","63251843","63252147","chr14","9120111","9120410","33","54131732"
"chr11","63258574","63258866","chr4","5864759","5865052","34","57393815"
"chr11","63264335","63264635","chr1","199667973","199668274","39","136403638"
"chr11","63311531","63311828","chr5","158636538","158636835","36","95325007"
"chr11","63315675","63315982","chr1","61388678","61388976","36","1926997"
"chr11","63399764","63399937","chr3","127934070","127934247","22","64534306"
"chr11","63401866","63402163","chr14","8956003","8956302","39","54445863"
"chr11","63439380","63439680","chr20","54448223","54448522","33","8991157"
"chr11","63530591","63530891","chr4","71292858","71293156","32","7762267"
"chr11","63534613","63534871","chr5","133076217","133076473","34","69541604"
"chr11","63624258","63624562","chr1","54184910","54185214","39","9439348"
"chr11","63672665","63672972","chr16","3245842","3246150","27","60426823"
"chr11","63752238","63752555","chr19","12474220","12474537","37","51278018"
"chr11","63989238","63989553","chr8","23213876","23214186","37","40775362"
"chr11","64058163","64058341","chr5","139059636","139059807","30","75001473"
"chr11","64093994","64094174","chr3","127934070","127934247","26","63840076"
"chr11","64174452","64174727","chr8","42333220","42333488","38","21841232"
"chr11","64265951","64266257","chr1","54184910","54185214","36","10081041"
"chr11","64268956","64269265","chrX","130126302","130126612","32","65857346"
"chr11","64308708","64309005","chr11","108584077","108584374","32","44275369"
"chr11","64455526","64455819","chr1","22411003","22411299","29","42044523"
"chr11","64534444","64534702","chr8","51558245","51558502","30","12976199"
"chr11","64563154","64563354","chr2","22002316","22002521","40","42560838"
"chr11","64690096","64690409","chr17","21376143","21376455","36","43313953"
"chr11","64763605","64763896","chr14","7615198","7615488","28","57148407"
"chr11","64889632","64889892","chr4","120922799","120923063","37","56033167"
"chr11","64968534","64968892","chr14","7410712","7411070","27","57557822"
"chr11","65093007","65093294","chr1","132352523","132352806","32","67259516"
"chr11","65155919","65156086","chr13","89859967","89860138","24","24704048"
"chr11","65406237","65406512","chr20","65756557","65756837","37","350320"
"chr11","65475377","65475671","chr20","66607598","66607896","31","1132221"
"chr11","65817191","65817498","chr3","81656161","81656467","30","15838970"
"chr11","65825996","65826290","chr7","127065845","127066144","33","61239849"
"chr11","65839313","65839616","chr14","103953537","103953843","29","38114224"
"chr11","65861001","65861306","chr14","6456780","6457074","37","59404221"
"chr11","65865525","65865823","chr14","6452589","6452898","41","59412936"
"chr11","65888353","65888645","chr16","4729688","4729979","33","61158665"
"chr11","65897471","65897649","chrX","59842814","59842986","31","6054657"
"chr11","65942375","65942673","chr14","6380309","6380609","29","59562066"
"chr11","65993414","65993678","chr19","45114752","45115015","18","20878662"
"chr11","66052968","66053277","chrX","872740","873049","32","65180228"
"chr11","66072601","66072914","chr1","155244835","155245140","33","89172234"
"chr11","66356232","66356537","chr17","30633052","30633358","39","35723180"
"chr11","66478979","66479276","chr5","158975124","158975425","34","92496145"
"chr11","66555533","66555825","chr10","26374228","26374521","35","40181305"
"chr11","66588988","66589241","chr4","35600436","35600683","45","30988552"
"chr11","66600032","66600340","chr4","127363604","127363914","30","60763572"
"chr11","66605823","66606123","chr17","82184412","82184713","31","15578589"
"chr11","66612271","66612568","chr11","56089370","56089672","36","10522901"
"chr11","66654341","66654538","chr2","140771168","140771371","43","74116827"
"chr11","66682585","66682902","chr20","56319192","56319508","37","10363393"
"chr11","66718492","66718679","chr9","64044085","64044308","56","2674407"
"chr11","66755328","66755636","chr20","27078282","27078593","33","39677046"
"chr11","66813382","66813654","chr14","5510390","5510660","33","61302992"
"chr11","66836573","66836883","chrX","130126302","130126612","37","63289729"
"chr11","67040499","67040791","chr3","128180476","128180769","37","61139977"
"chr11","67060548","67060834","chr14","5279302","5279583","32","61781246"
"chr11","67244800","67245089","chr11","28056432","28056718","42","39188368"
"chr11","67481069","67481349","chr1","124793709","124793992","32","57312640"
"chr11","67654539","67654604","chr8","38434927","38434997","29","29219612"
"chr11","67843800","67844106","chr1","165996033","165996341","33","98152233"
"chr11","67950624","67950935","chr19","15978488","15978799","32","51972136"
"chr11","68021705","68021997","chr10","77075361","77075654","27","9053656"
"chr11","68139096","68139401","chr2","90703972","90704276","38","22564876"
"chr11","68759763","68760056","chr1","45194641","45194934","32","23565122"
"chr11","68933711","68934012","chr14","3429764","3430061","34","65503947"
"chr11","68985724","68986039","chr13","105207764","105208071","46","36222040"
"chr11","69074212","69074519","chr14","3311385","3311686","36","65762827"
"chr11","69360342","69360644","chr11","56089370","56089672","44","13270972"
"chr11","69488486","69488761","chr8","7635143","7635400","44","61853343"
"chr11","69550633","69550935","chr8","7706628","7706927","26","61844005"
"chr11","69567149","69567411","chr1","22650900","22651170","33","46916249"
"chr11","69625381","69625684","chr6","173896362","173896661","47","104270981"
"chr11","69659132","69659424","chr14","63847714","63848007","24","5811418"
"chr11","69690305","69690676","chr1","113409386","113409735","83","43719081"
"chr11","69889786","69890085","chr15","30845526","30845823","32","39044260"
"chr11","70135613","70135920","chrX","130126302","130126612","29","59990689"
"chr11","70173458","70173756","chr11","108584077","108584374","27","38410619"
"chr11","70182448","70182758","chr8","119831472","119831781","30","49649024"
"chr11","70215140","70215443","chr14","64442807","64443112","32","5772333"
"chr11","70586245","70586554","chr1","54184910","54185214","33","16401335"
"chr11","70603291","70603436","chr3","33493296","33493438","28","37109995"
"chr11","70627705","70628010","chr16","44440787","44441097","36","26186918"
"chr11","70779864","70780162","chr9","64106021","64106313","30","6673843"
"chr11","70863790","70864096","chr15","50080292","50080598","32","20783498"
"chr11","71038753","71039063","chr14","65293256","65293561","39","5745497"
"chr11","71167092","71167395","chr3","48879684","48879984","29","22287408"
"chr11","71181135","71181434","chrX","23385684","23385982","30","47795451"
"chr11","71210882","71211188","chr2","84209044","84209353","32","12998162"
"chr11","71281223","71281507","chr3","49804678","49804963","35","21476545"
"chr11","71324796","71325103","chr10","64981909","64982217","38","6342887"
"chr11","71381792","71382085","chr3","48912719","48913013","30","22469073"
"chr11","71415869","71416149","chr1","11858253","11858537","39","59557616"
"chr11","71424656","71424947","chr2","159694664","159694955","35","88270008"
"chr11","71426639","71426926","chr14","20410060","20410349","36","51016579"
"chr11","71485767","71486064","chr10","29765824","29766115","36","41719943"
"chr11","71562288","71562589","chr1","54184910","54185214","30","17377378"
"chr11","71753891","71754066","chr8","80113522","80113697","27","8359631"
"chr11","71915204","71915512","chr14","66237905","66238213","20","5677299"
"chr11","71996509","71996810","chr3","74896182","74896480","26","2899673"
"chr11","72189452","72189738","chr11","15282559","15282855","37","56906893"
"chr11","72685553","72685851","chr14","67048986","67049286","29","5636567"
"chr11","72935447","72935743","chrX","23155568","23155864","29","49779879"
"chr11","73257604","73257872","chr14","67641508","67641782","29","5616096"
"chr11","73416721","73417029","chr3","89213419","89213727","40","15796698"
"chr11","73591374","73591665","chr16","51847887","51848174","32","21743487"
"chr11","73592302","73592613","chr6","165097221","165097526","37","91504919"
"chr11","73595617","73595928","chrX","52884540","52884848","35","20711077"
"chr11","73609056","73609361","chr1","54184910","54185214","34","19424146"
"chr11","73679302","73679596","chr14","68100826","68101125","30","5578476"
"chr11","73826481","73826793","chrX","53464436","53464745","38","20362045"
"chr11","73910411","73910640","chr1","15330476","15330698","36","58579935"
"chr11","74023791","74023967","chr15","6911024","6911192","32","67112767"
"chr11","74077712","74077999","chr14","68491735","68492017","27","5585977"
"chr11","74526626","74526940","chrX","52884540","52884848","38","21642086"
"chr11","74937018","74937196","chrX","59842814","59842986","38","15094204"
"chr11","75217465","75217774","chr14","69622508","69622817","25","5594957"
"chr11","75284808","75284984","chr20","27267477","27267649","18","48017331"
"chr11","75323558","75323864","chr13","39352330","39352639","33","35971228"
"chr11","75385170","75385450","chr14","69784992","69785273","30","5600178"
"chr11","75463815","75464114","chrX","44607769","44608063","30","30856046"
"chr11","75545420","75545718","chr14","69948701","69948994","40","5596719"
"chr11","75576353","75576551","chr1","223370408","223370612","51","147794055"
"chr11","75577476","75577775","chr14","69982295","69982588","31","5595181"
"chr11","75685590","75685879","chr5","41819509","41819795","33","33866081"
"chr11","75708146","75708444","chr14","70105499","70105791","33","5602647"
"chr11","75747793","75747998","chr4","11102991","11103196","36","64644802"
"chr11","75783684","75783975","chr3","26174329","26174623","25","49609355"
"chr11","75901415","75901666","chr8","63635038","63635288","32","12266377"
"chr11","75902160","75902222","chr8","96081034","96081104","19","20178874"
"chr11","75917041","75917342","chr20","18183620","18183918","27","57733421"
"chr11","75927935","75928230","chr14","67296885","67297179","48","8631050"
"chr11","76055480","76055785","chr14","70451894","70452197","31","5603586"
"chr11","76075257","76075566","chr16","46208552","46208861","34","29866705"
"chr11","76207047","76207355","chrX","53464436","53464745","33","22742611"
"chr11","76333783","76334067","chr1","23507101","23507386","36","52826682"
"chr11","76399706","76399990","chr1","16691372","16691660","36","59708334"
"chr11","76701637","76701935","chr4","34313371","34313675","36","42388266"
"chr11","77049566","77049858","chr14","71474513","71474814","31","5575053"
"chr11","77470186","77470496","chr14","71887834","71888137","37","5582352"
"chr11","77529345","77529667","chr3","97673764","97674072","51","20144419"
"chr11","77677943","77678203","chr14","72104995","72105255","22","5572948"
"chr11","78282441","78282725","chr8","65531215","65531499","32","12751226"
"chr11","78543901","78544198","chr2","47824467","47824767","34","30719434"
"chr11","78738360","78738666","chr4","108327631","108327935","42","29589271"
"chr11","78818123","78818427","chr16","3245842","3246150","32","75572281"
"chr11","78865414","78865710","chr2","149644045","149644340","31","70778631"
"chr11","79407778","79408073","chr20","30937004","30937299","31","48470774"
"chr11","79686109","79686288","chr5","46476035","46476209","25","33210074"
"chr11","79811355","79811629","chr16","76366317","76366586","60","3445038"
"chr11","80730841","80731127","chr14","75189997","75190276","25","5540844"
"chr11","81145018","81145313","chr13","106164334","106164628","32","25019316"
"chr11","81286381","81286687","chrX","27984597","27984915","54","53301784"
"chr11","81485771","81486098","chrX","47883388","47883714","36","33602383"
"chr11","81673055","81673348","chr10","27762235","27762528","26","53910820"
"chr11","81759907","81760191","chr2","59421984","59422267","29","22337923"
"chr11","82103202","82103512","chrX","53464436","53464745","30","28638766"
"chr11","82123693","82123980","chr14","76633973","76634258","31","5489720"
"chr11","82148777","82149084","chrX","130126302","130126612","35","47977525"
"chr11","82247448","82247733","chr11","46371042","46371336","42","35876406"
"chr11","82444990","82445180","chr10","47192046","47192215","41","35252944"
"chr11","82506056","82506346","chr5","75118520","75118822","45","7387536"
"chr11","82717834","82718141","chr14","77233890","77234189","44","5483944"
"chr11","82866642","82866933","chr10","73354021","73354316","28","9512621"
"chr11","83003466","83003759","chr2","105019193","105019487","38","22015727"
"chr11","83177903","83178165","chr20","68769503","68769770","34","14408400"
"chr11","83519684","83519987","chr14","78174422","78174732","31","5345262"
"chr11","83930177","83930473","chr10","73354021","73354316","33","10576156"
"chr11","84180217","84180516","chr16","44440787","44441097","35","39739430"
"chr11","84301563","84301860","chr14","78951424","78951719","37","5350139"
"chr11","84353589","84353757","chrX","51786687","51786849","23","32566902"
"chr11","84775549","84775843","chr14","79412146","79412440","30","5363403"
"chr11","85002716","85002997","chr3","61219427","61219705","30","23783289"
"chr11","85055621","85055907","chr14","79669586","79669869","36","5386035"
"chr11","85071257","85071566","chr5","85627705","85628014","36","556448"
"chr11","85120233","85120531","chr10","15454937","15455231","51","69665296"
"chr11","85141438","85141740","chr3","74896182","74896480","48","10245256"
"chr11","85265186","85265493","chr7","116492890","116493195","39","31227704"
"chr11","86265574","86265871","chr8","129714385","129714685","31","43448811"
"chr11","86525617","86525910","chr6","48798966","48799257","55","37726651"
"chr11","86920977","86921272","chr2","97742204","97742501","41","10821227"
"chr11","86960282","86960593","chr3","81656161","81656467","41","5304121"
"chr11","87004393","87004702","chr14","81552209","81552519","37","5452184"
"chr11","87502377","87502665","chr5","147526333","147526620","41","60023956"
"chr11","87606283","87606573","chr10","73354021","73354316","33","14252262"
"chr11","87659149","87659444","chr4","54062553","54062848","31","33596596"
"chr11","87785889","87786180","chr7","10757695","10757986","34","77028194"
"chr11","88161959","88162265","chr8","10130730","10131027","46","78031229"
"chr11","88258082","88258362","chr14","82951397","82951681","28","5306685"
"chr11","88677942","88678229","chr17","29150808","29151096","36","59527134"
"chr11","88684903","88685190","chr6","136087738","136088027","37","47402835"
"chr11","88747425","88747664","chr15","109915337","109915571","46","21167912"
"chr11","88874312","88874617","chr6","176790550","176790858","36","87916238"
"chr11","89703121","89703285","chr13","89859967","89860138","24","156846"
"chr11","89710596","89710803","chr14","45889582","45889787","40","43821014"
"chr11","89765228","89765335","chr12","79005079","79005200","31","10760149"
"chr11","90194529","90194837","chr14","85065408","85065713","34","5129121"
"chr11","91008478","91008778","chr14","85854252","85854543","34","5154226"
"chr11","91106561","91106861","chr2","29917706","29918008","27","61188855"
"chr11","91210842","91211146","chr14","86057456","86057758","41","5153386"
"chr11","91367099","91367385","chrX","28117470","28117748","48","63249629"
"chr11","91390880","91391189","chr1","54184910","54185214","35","37205970"
"chr11","91479276","91479585","chrX","140195981","140196291","32","48716705"
"chr11","91550337","91550638","chr3","44070862","44071165","26","47479475"
"chr11","91589393","91589692","chr9","98432771","98433070","31","6843378"
"chr11","91596932","91597228","chr14","86435353","86435654","36","5161579"
"chr11","91724692","91724972","chrX","30317725","30318004","30","61406967"
"chr11","91980004","91980313","chr14","86813057","86813361","32","5166947"
"chr11","92047754","92048054","chr16","67304548","67304851","28","24743206"
"chr11","92280664","92280961","chr14","87104295","87104593","43","5176369"
"chr11","92328226","92328528","chr1","85807051","85807354","33","6521175"
"chr11","92330105","92330416","chr16","3245842","3246150","36","89084263"
"chr11","92891713","92892015","chr14","87733345","87733650","23","5158368"
"chr11","92948153","92948444","chr13","61888341","61888636","34","31059812"
"chr11","93039778","93040060","chr5","183050073","183050360","35","90010295"
"chr11","93334000","93334307","chrX","872740","873049","32","92461260"
"chr11","93666618","93666875","chr5","165039781","165040035","39","71373163"
"chr11","93688770","93689098","chr14","88520741","88521066","37","5168029"
"chr11","93814343","93814633","chr14","88645314","88645598","37","5169029"
"chr11","94142074","94142367","chr5","151438308","151438599","38","57296234"
"chr11","94276374","94276676","chr4","88700124","88700424","33","5576250"
"chr11","94494054","94494351","chr2","150281764","150282057","33","55787710"
"chr11","94559500","94559665","chr18","12359809","12359972","20","82199691"
"chr11","94576713","94577011","chr12","57397866","57398162","37","37178847"
"chr11","94804367","94804667","chr15","109857905","109858208","36","15053538"
"chr11","94977335","94977628","chr2","180513800","180514094","44","85536465"
"chr11","95035528","95035832","chr3","160893852","160894159","41","65858324"
"chr11","95555790","95556091","chr2","81635445","81635747","41","13920345"
"chr11","95844381","95844660","chr14","111453035","111453314","32","15608654"
"chr11","95942544","95942856","chr7","87947189","87947499","44","7995355"
"chr11","96148702","96149006","chr7","113241613","113241916","36","17092911"
"chr11","96182971","96183271","chr14","91143108","91143412","39","5039863"
"chr11","96197620","96197796","chr20","27267477","27267649","38","68930143"
"chr11","96296142","96296448","chr2","203164096","203164398","38","106867954"
"chr11","96369484","96369791","chr14","91358310","91358615","38","5011174"
"chr11","96446291","96446598","chr10","72031369","72031681","33","24414922"
"chr11","96944010","96944318","chr16","3245842","3246150","31","93698168"
"chr11","97002121","97002428","chr1","92520157","92520464","39","4481964"
"chr11","97064479","97064785","chr1","146269539","146269846","35","49205060"
"chr11","97274454","97274743","chr3","156822441","156822733","34","59547987"
"chr11","97353980","97354275","chr10","72871842","72872141","44","24482138"
"chr11","97441851","97442143","chr15","108424452","108424741","30","10982601"
"chr11","97693493","97693668","chr1","9087561","9087734","27","88605932"
"chr11","97695212","97695515","chr15","104401844","104402147","38","6706632"
"chr11","97842680","97842976","chr14","92865372","92865680","41","4977308"
"chr11","97990667","97990969","chr2","47824467","47824767","32","50166200"
"chr11","98420659","98420918","chr2","98285830","98286085","40","134829"
"chr11","98653928","98654220","chr1","199847714","199848008","41","101193786"
"chr11","98831731","98831771","chr10","73951307","73951341","13","24880424"
"chr11","99056637","99056930","chr1","7247666","7247956","38","91808971"
"chr11","99161557","99161779","chr14","94245325","94245563","37","4916232"
"chr11","99392779","99392982","chr7","19868568","19868776","33","79524211"
"chr11","99464961","99465223","chr5","56369176","56369437","31","43095785"
"chr11","99826112","99826402","chr20","15684518","15684811","36","84141594"
"chr11","99874679","99874975","chr6","58275049","58275340","39","41599630"
"chr11","99927792","99928088","chr7","127065845","127066144","31","27138053"
"chr11","100041574","100041839","chr1","124165791","124166058","36","24124217"
"chr11","100059438","100059741","chr14","42813387","42813686","29","57246051"
"chr11","100167609","100167919","chrX","52884540","52884848","29","47283069"
"chr11","101069062","101069354","chr19","48904606","48904900","31","52164456"
"chr11","101160487","101160654","chr12","84405516","84405692","25","16754971"
"chr11","101179872","101180170","chr3","47679354","47679648","39","53500518"
"chr11","101335178","101335480","chr1","42018653","42018950","31","59316525"
"chr11","101432836","101433134","chr14","96467749","96468043","26","4965087"
"chr11","102360680","102360988","chr3","24845532","24845839","30","77515148"
"chr11","102365507","102365806","chr14","97390165","97390462","31","4975342"
"chr11","102524496","102524804","chrX","52884540","52884848","33","49639956"
"chr11","102860115","102860407","chr10","32971128","32971426","41","69888987"
"chr11","102994711","102995022","chr14","98079916","98080232","42","4914795"
"chr11","103092495","103092769","chr1","11858253","11858537","47","91234242"
"chr11","103381528","103381808","chr13","71275711","71275994","35","32105817"
"chr11","103564627","103564939","chr3","32309944","32310251","37","71254683"
"chr11","103987963","103988267","chr3","81660981","81661284","35","22326982"
"chr11","104041205","104041505","chr11","56089370","56089672","34","47951835"
"chr11","104091186","104091482","chr11","108584077","108584374","29","4492891"
"chr11","104124344","104124640","chr8","41718631","41718927","34","62405713"
"chr11","104549051","104549353","chr14","64962035","64962330","32","39587016"
"chr11","104810255","104810557","chr7","35479088","35479390","37","69331167"
"chr11","104990373","104990636","chr14","100072207","100072465","40","4918166"
"chr11","105401033","105401337","chr4","88700124","88700424","29","16700909"
"chr11","105547006","105547326","chr14","100612303","100612613","36","4934703"
"chr11","105690558","105690866","chr3","158837161","158837471","40","53146603"
"chr11","105757750","105758054","chr14","100824483","100824796","35","4933267"
"chr11","105773077","105773387","chr14","100838113","100838426","29","4934964"
"chr11","105796602","105796896","chr1","7247666","7247956","36","98548936"
"chr11","105804418","105804645","chr1","165861904","165862130","50","60057486"
"chr11","106000476","106000754","chr14","101069386","101069668","25","4931090"
"chr11","106050904","106051216","chrX","52884540","52884848","29","53166364"
"chr11","106120204","106120494","chr11","634869","635149","30","105485335"
"chr11","106232057","106232346","chr15","108330667","108330955","28","2098610"
"chr11","106287863","106288156","chr11","108584077","108584374","30","2296214"
"chr11","106459242","106459529","chrX","82518065","82518358","30","23941177"
"chr11","106721540","106721844","chr14","101770254","101770564","33","4951286"
"chr11","107137402","107137708","chrX","52884540","52884848","30","54252862"
"chr11","107633768","107634073","chr14","102675441","102675742","33","4958327"
"chr11","107882155","107882439","chr12","85283744","85284027","33","22598411"
"chr11","107885039","107885342","chr10","12576748","12577055","36","95308291"
"chr11","108077695","108077867","chr6","84072722","84072893","35","24004973"
"chr11","108248377","108248668","chr12","121351661","121351954","26","13103284"
"chr11","108256747","108257031","chr20","68769503","68769770","55","39487244"
"chr11","108300346","108300653","chr4","5955341","5955651","33","102345005"
"chr11","108557846","108558134","chr11","47128318","47128608","39","61429528"
"chr11","108752662","108752869","chr6","63630625","63630830","29","45122037"
"chr11","108964497","108964798","chr14","103953537","103953843","29","5010960"
"chr11","109067420","109067712","chr13","72263862","72264157","35","36803558"
"chr11","109072078","109072379","chr11","108584077","108584374","35","488001"
"chr11","109104130","109104423","chr14","104083817","104084111","29","5020313"
"chr11","109179527","109179821","chr11","108584077","108584374","25","595450"
"chr11","109250841","109251095","chr14","104235023","104235275","16","5015818"
"chr11","109464707","109465011","chr14","104444123","104444434","28","5020584"
"chr11","109495394","109495686","chr7","166020953","166021249","27","56525559"
"chr11","109700885","109701196","chr14","104679292","104679600","26","5021593"
"chr11","109763964","109764243","chrX","91745750","91746037","54","18018214"
"chr11","109832278","109832424","chr9","88336693","88336816","39","21495585"
"chr11","109845849","109846159","chr11","56089370","56089672","31","53756479"
"chr11","109889083","109889374","chr14","65706342","65706637","31","44182741"
"chr11","109937999","109938174","chr10","30764618","30764791","31","79173381"
"chr11","109974069","109974366","chr3","48879684","48879984","31","61094385"
"chr11","110094826","110095135","chr5","51852378","51852683","28","58242448"
"chr11","110602981","110603245","chr5","107833809","107834078","46","2769172"
"chr11","110698481","110698770","chr4","115561616","115561910","36","4863135"
"chr11","110700550","110700836","chr7","113437485","113437769","33","2736935"
"chr11","111051487","111051801","chr1","216542963","216543268","45","105491476"
"chr11","111108798","111109065","chr16","41227858","41228131","39","69880940"
"chr11","111351418","111351667","chr14","106303940","106304196","47","5047478"
"chr11","111470910","111471183","chr2","56486018","56486290","30","54984892"
"chr11","111506529","111506801","chr14","106462382","106462658","35","5044147"
"chr11","111698349","111698646","chr8","41718631","41718927","36","69979718"
"chr11","111805294","111805469","chr20","13621223","13621401","30","98184071"
"chr11","111864072","111864251","chr19","36475785","36475953","32","75388287"
"chr11","111901725","111902022","chr4","154039231","154039527","35","42137506"
"chr11","112008213","112008529","chr8","119831472","119831781","36","7823259"
"chr11","112061450","112061755","chr16","40054513","40054819","38","72006937"
"chr11","112195635","112195936","chr7","9899162","9899466","39","102296473"
"chr11","112270745","112270917","chr6","84072722","84072893","27","28198023"
"chr11","112463907","112464204","chr10","32379745","32380039","34","80084162"
"chr11","112630934","112631250","chr5","139107924","139108234","45","26476990"
"chr11","113142277","113142563","chr13","106164334","106164628","28","6977943"
"chr11","113313607","113313906","chr2","64819781","64820080","37","48493826"
"chr11","114055332","114055641","chr14","108988451","108988756","27","5066881"
"chr11","114109976","114110286","chr10","35079710","35080019","36","79030266"
"chr11","114115155","114115447","chr14","109055119","109055413","32","5060036"
"chr11","114280525","114280828","chr10","71224508","71224810","30","43056017"
"chr11","114359031","114359339","chr3","170399117","170399420","34","56040086"
"chr11","114423738","114424055","chr16","3520694","3521001","35","110903044"
"chr11","114782840","114783113","chr5","107833809","107834078","50","6949031"
"chr11","114847971","114848015","chr20","54495305","54495348","18","60352666"
"chr11","114877057","114877343","chr4","98323665","98323954","32","16553392"
"chr11","114917157","114917357","chr6","63630625","63630830","30","51286532"
"chr11","115019042","115019213","chr15","6911024","6911192","23","108108018"
"chr11","115031994","115032207","chr1","23896634","23896846","21","91135360"
"chr11","115053792","115054102","chr4","91169706","91170016","29","23884086"
"chr11","115139605","115139909","chr12","8606516","8606818","35","106533089"
"chr11","115154888","115155181","chrX","23155568","23155864","31","91999320"
"chr11","115182903","115183197","chr9","25058148","25058439","30","90124755"
"chr11","115227058","115227370","chrX","47430937","47431256","36","67796121"
"chr11","115323328","115323627","chr4","5955341","5955651","43","109367987"
"chr11","115879727","115880034","chr1","110290194","110290501","31","5589533"
"chr11","116289438","116289719","chr14","103953537","103953843","42","12335901"
"chr11","116299932","116300244","chr5","55369406","55369716","40","60930526"
"chr11","116343920","116344089","chr1","129407736","129407901","31","13063816"
"chr11","116345647","116345801","chr9","102901345","102901504","31","13444302"
"chr11","116346849","116347018","chr1","129407736","129407901","30","13060887"
"chr11","116400966","116401267","chr14","111318342","111318642","23","5082624"
"chr11","116413600","116413899","chr17","7949789","7950091","33","108463811"
"chr11","116469061","116469292","chr2","94577753","94577981","35","21891308"
"chr11","116488926","116489223","chr4","170001134","170001432","34","53512208"
"chr11","116501421","116501725","chr1","61315921","61316218","35","55185500"
"chr11","116632748","116633054","chr10","81088070","81088376","38","35544678"
"chr11","116705350","116705657","chrX","3536246","3536554","41","113169104"
"chr11","116725362","116725672","chrX","872740","873049","33","115852622"
"chr11","116750293","116750604","chr3","7367921","7368221","41","109382372"
"chr11","116760325","116760627","chrX","52880977","52881271","36","63879348"
"chr11","116768892","116769205","chrX","872740","873049","36","115896152"
"chr11","116870948","116871234","chr11","7205179","7205460","40","109665769"
"chr11","116928571","116928878","chr9","111675729","111676026","37","5252842"
"chr11","116971492","116971787","chr8","122422456","122422749","39","5450964"
"chr11","116976171","116976425","chr2","98285830","98286085","37","18690341"
"chr11","116995306","116995591","chr1","199667973","199668274","40","82672667"
"chr11","117019525","117019824","chr2","118770669","118770973","41","1751144"
"chr11","117056400","117056675","chr14","111981047","111981323","32","5075353"
"chr11","117062237","117062429","chr2","19456206","19456401","37","97606031"
"chr11","117139150","117139463","chr16","37456039","37456347","37","79683111"
"chr11","117228959","117229240","chr20","15687563","15687841","47","101541396"
"chr11","117540899","117541192","chr3","26174329","26174623","33","91366570"
"chr11","117669988","117670256","chr14","112579862","112580130","27","5090126"
"chr11","118041210","118041522","chr6","93898120","93898438","42","24143090"
"chr11","118102294","118102452","chr1","129407736","129407901","31","11305442"
"chr11","118178324","118178469","chr19","4018531","4018683","33","114159793"
"chr11","118387485","118387780","chr14","113287422","113287721","24","5100063"
"chr11","118410287","118410599","chr14","113309849","113310165","30","5100438"
"chr11","118412034","118412340","chr3","44070862","44071165","32","74341172"
"chr11","118453084","118453369","chr5","41819509","41819795","28","76633575"
"chr11","118458769","118459087","chr14","113353746","113354047","43","5105023"
"chr11","118485958","118486257","chr2","84295934","84296234","30","34190024"
"chr11","118518613","118518923","chr3","64175701","64176007","35","54342912"
"chr11","118832642","118832934","chr7","48676026","48676320","33","70156616"
"chr11","119146849","119147136","chr14","20410060","20410349","32","98736789"
"chr11","119300084","119300388","chr11","101350847","101351143","25","17949237"
"chr11","119364493","119364793","chr8","65531215","65531499","46","53833278"
"chr11","119432788","119433078","chr2","116349614","116349899","32","3083174"
"chr11","119484729","119485021","chr1","22411003","22411299","34","97073726"
"chr11","119700149","119700454","chr1","25380611","25380914","41","94319538"
"chr11","119995842","119996165","chr20","57743369","57743678","55","62252473"
"chr11","120200148","120200448","chr1","22411003","22411299","31","97789145"
"chr11","120590641","120590778","chr7","3648725","3648875","40","116941916"
"chr11","120641704","120641846","chr10","73381255","73381402","28","47260449"
"chr11","120656353","120656655","chr8","48638161","48638460","30","72018192"
"chr11","120674135","120674440","chr1","54184910","54185214","32","66489225"
"chr11","120758581","120758900","chr11","88036984","88037297","37","32721597"
"chr11","120851403","120851701","chr14","115703389","115703684","27","5148014"
"chr11","120939521","120939824","chr1","32544750","32545055","39","88394771"
"chr11","121022536","121022828","chr14","115890195","115890484","22","5132341"
"chr11","121136607","121136871","chr4","48977046","48977324","48","72159561"
"chr11","121167125","121167411","chr7","63363325","63363605","40","57803800"
"chr11","121189627","121189883","chr2","98285830","98286085","32","22903797"
"chr11","121321831","121322131","chr1","211674361","211674655","30","90352530"
"chr11","122082719","122083028","chrX","130126302","130126612","34","8043583"
"chr11","122135908","122136199","chr3","8096044","8096335","33","114039864"
"chr11","122474733","122475036","chr14","103953537","103953843","30","18521196"
"chr11","122611503","122611789","chr3","161716772","161717066","37","39105269"
"chr11","122909024","122909201","chr19","36475785","36475953","36","86433239"
"chr11","123110143","123110318","chr11","46935733","46935910","23","76174410"
"chr11","123128163","123128466","chrX","85948167","85948472","32","37179996"
"chr11","123249488","123249802","chr16","59824608","59824916","36","63424880"
"chr11","123539717","123540006","chr3","48879684","48879984","44","74660033"
"chr11","123546979","123547274","chr11","108584077","108584374","25","14962902"
"chr11","123557805","123558019","chr13","101622015","101622230","33","21935790"
"chr11","123571438","123571736","chr11","108584077","108584374","30","14987361"
"chr11","123839840","123840140","chr14","118652896","118653195","25","5186944"
"chr11","123875645","123875798","chr19","4018531","4018683","33","119857114"
"chr11","123961255","123961557","chr14","118805189","118805479","39","5156066"
"chr11","123965865","123966162","chr17","20015491","20015789","29","103950374"
"chr11","123982869","123983161","chr9","64106021","64106313","27","59876848"
"chr11","124230081","124230252","chr3","76215454","76215617","33","48014627"
"chr11","124282315","124282611","chr2","110150253","110150550","34","14132062"
"chr11","124361755","124362011","chr1","5957723","5957979","31","118404032"
"chr11","124647811","124648088","chr3","84553580","84553858","30","40094231"
"chr11","125345056","125345270","chr13","101622015","101622230","28","23723041"
"chr11","125386134","125386446","chr4","5357211","5357521","30","120028923"
"chr11","125880555","125880866","chr6","176464782","176465093","46","50584227"
"chr11","125933145","125933442","chr1","34922657","34922952","31","91010488"
"chr11","125935150","125935385","chr14","120720420","120720652","24","5214730"
"chr11","125937169","125937447","chr17","18958985","18959258","33","106978184"
"chr11","126082985","126083164","chr19","43184920","43185099","36","82898065"
"chr11","126179747","126180048","chr6","177249478","177249776","32","51069731"
"chr11","126499546","126499851","chr10","5919915","5920217","40","120579631"
"chr11","126944392","126944693","chr14","121709284","121709595","33","5235108"
"chr11","127096045","127096340","chr14","121866583","121866878","26","5229462"
"chr11","127634002","127634178","chr5","48848330","48848504","39","78785672"
"chr11","127705601","127705910","chr14","122419845","122420154","27","5285756"
"chr11","127832473","127832761","chr6","177249478","177249776","34","49417005"
"chr11","127883702","127883981","chr4","33095389","33095675","41","94788313"
"chr11","128051098","128051395","chr8","96562576","96562873","28","31488522"
"chr11","128062772","128063083","chr8","105120121","105120431","32","22942651"
"chr11","128139304","128139605","chr3","64175701","64176007","32","63963603"
"chr11","128168729","128169022","chr19","45770144","45770438","35","82398585"
"chr11","128198584","128198882","chr3","7367921","7368221","32","120830663"
"chr11","128247772","128248071","chr3","40351729","40352027","32","87896043"
"chr11","128290595","128290742","chr3","33493296","33493438","43","94797299"
"chr11","128325819","128325976","chr3","76215454","76215617","35","52110365"
"chr11","128337614","128337788","chr8","80113522","80113697","24","48224092"
"chr11","128393777","128394083","chr1","54184910","54185214","34","74208867"
"chr11","128403654","128403970","chr9","66124158","66124466","42","62279496"
"chr11","128406801","128407093","chr17","58476340","58476622","43","69930461"
"chr11","128530921","128531230","chr20","41615482","41615793","49","86915439"
"chr11","128626504","128626797","chr4","166110078","166110370","27","37483574"
"chr11","128700162","128700474","chr1","54184910","54185214","37","74515252"
"chr11","129166518","129166827","chr14","123844546","123844848","31","5321972"
"chr11","130084745","130085046","chr2","47824467","47824767","31","82260278"
"chr11","130230299","130230601","chrX","12237021","12237319","31","117993278"
"chr11","130413650","130413952","chr2","64819781","64820080","42","65593869"
"chr11","130759287","130759593","chr16","16133120","16133424","37","114626167"
"chr11","130892849","130893147","chr17","24373419","24373702","42","106519430"
"chr11","130926810","130927122","chr13","90075848","90076160","33","40850962"
"chr11","130943218","130943448","chr14","125586331","125586562","26","5356887"
"chr11","132185758","132185917","chr7","35667652","35667813","25","96518106"
"chr11","132188182","132188464","chr16","46539596","46539876","34","85648586"
"chr11","132297838","132298128","chr5","727768","728058","31","131570070"
"chr11","132330427","132330728","chr14","127187561","127187863","28","5142866"
"chr11","132361792","132361954","chr15","6911024","6911192","26","125450768"
"chr11","132905876","132906165","chr2","69218887","69219173","33","63686989"
"chr12","62259010","62259314","chr10","20337867","20338168","32","41921143"
"chr12","321124","321410","chr4","17893190","17893477","34","17572066"
"chr12","405788","406080","chr2","57288005","57288297","30","56882217"
"chr12","645974","646275","chr14","118913053","118913356","25","118267079"
"chr12","778809","779105","chr4","54062553","54062848","31","53283744"
"chr12","784254","784537","chr3","66301558","66301842","35","65517304"
"chr12","793282","793552","chr14","24770083","24770360","38","23976801"
"chr12","928726","928889","chr11","54926961","54927123","18","53998235"
"chr12","942676","942985","chr4","5357211","5357521","35","4414535"
"chr12","1139136","1139439","chr7","16844767","16845069","37","15705631"
"chr12","1184067","1184370","chr3","11748359","11748665","40","10564292"
"chr12","1251037","1251327","chr6","169500905","169501195","35","168249868"
"chr12","1507387","1507692","chr15","50080292","50080598","34","48572905"
"chr12","1597385","1597681","chr1","22411003","22411299","28","20813618"
"chr12","1730829","1731151","chr6","93898120","93898438","43","92167291"
"chr12","1738648","1738955","chr16","51138203","51138510","44","49399555"
"chr12","2526026","2526370","chrX","113475257","113475588","56","110949231"
"chr12","2733566","2733876","chrX","872740","873049","36","1860826"
"chr12","2819433","2819734","chr4","3752022","3752324","26","932589"
"chr12","2841497","2841779","chr2","202879717","202879999","26","200038220"
"chr12","2922666","2922963","chr7","166020953","166021249","29","163098287"
"chr12","2922964","2923161","chr19","12959091","12959278","77","10036127"
"chr12","2928888","2929195","chr19","50863135","50863438","36","47934247"
"chr12","2992155","2992465","chr11","3046442","3046757","34","54287"
"chr12","3014971","3015267","chr13","43693230","43693530","31","40678259"
"chr12","3037327","3037634","chr2","84060483","84060788","35","81023156"
"chr12","3077939","3078095","chr7","129362850","129363013","27","126284911"
"chr12","3156461","3156771","chr6","176790550","176790858","30","173634089"
"chr12","3538058","3538337","chr2","143894240","143894518","36","140356182"
"chr12","3867187","3867512","chr10","72031369","72031681","45","68164182"
"chr12","3965388","3965678","chr8","117850127","117850420","31","113884739"
"chr12","4009723","4010000","chr17","78859912","78860191","36","74850189"
"chr12","4084645","4084941","chr9","94027055","94027353","38","89942410"
"chr12","4108939","4109244","chr1","30125197","30125500","38","26016258"
"chr12","4147664","4147947","chr1","162175697","162175990","37","158028033"
"chr12","4196243","4196552","chr11","4222153","4222461","41","25910"
"chr12","4332714","4333009","chr16","4729688","4729979","32","396974"
"chr12","4361346","4361654","chr8","119831472","119831781","38","115470126"
"chr12","4410283","4410592","chr4","5357211","5357521","38","946928"
"chr12","4446051","4446345","chr6","177249478","177249776","25","172803427"
"chr12","4447130","4447430","chr10","71224508","71224810","33","66777378"
"chr12","4515470","4515770","chr2","129265347","129265651","36","124749877"
"chr12","4681887","4682191","chr1","54184910","54185214","32","49503023"
"chr12","4683263","4683547","chr15","44422532","44422812","36","39739269"
"chr12","4824602","4824907","chr11","127450686","127450991","36","122626084"
"chr12","5104320","5104622","chr11","5162197","5162497","25","57877"
"chr12","5151671","5151970","chr12","110042316","110042609","44","104890645"
"chr12","6144687","6144974","chr11","6222276","6222566","35","77589"
"chr12","6189505","6189797","chr1","128378875","128379172","40","122189370"
"chr12","6311610","6311869","chr11","6380164","6380425","33","68554"
"chr12","6396489","6396796","chr16","3520694","3521001","32","2875795"
"chr12","6400392","6400682","chr7","19039688","19039974","28","12639296"
"chr12","6403634","6403945","chr11","6469651","6469960","32","66017"
"chr12","6421795","6422096","chr2","137197031","137197345","49","130775236"
"chr12","6452713","6453024","chr4","108327631","108327935","33","101874918"
"chr12","6606150","6606436","chr11","6689421","6689700","29","83271"
"chr12","6642392","6642683","chr5","72772865","72773157","34","66130473"
"chr12","6649121","6649419","chr14","32252844","32253143","38","25603723"
"chr12","6657899","6658190","chr17","38680952","38681244","31","32023053"
"chr12","6658487","6658665","chr20","27267477","27267649","28","20608990"
"chr12","6667501","6667803","chr11","6742556","6742871","34","75055"
"chr12","6748947","6749127","chr15","10405383","10405560","27","3656436"
"chr12","6754562","6754873","chr12","98050892","98051201","29","91296330"
"chr12","6761878","6762166","chr11","6838121","6838377","47","76243"
"chr12","6762905","6763205","chr16","55347675","55347968","38","48584770"
"chr12","6776970","6777251","chr10","80350145","80350428","31","73573175"
"chr12","6810303","6810593","chr13","9550833","9551123","32","2740530"
"chr12","6896618","6896791","chr10","47192046","47192215","28","40295428"
"chr12","6943880","6944177","chr3","15260287","15260583","32","8316407"
"chr12","6964817","6965109","chr11","108584077","108584374","38","101619260"
"chr12","6966019","6966314","chr7","1749091","1749386","39","5216928"
"chr12","6966339","6966670","chr4","127759466","127759795","46","120793127"
"chr12","6972244","6972542","chr11","7117585","7117878","28","145341"
"chr12","7157844","7158144","chr11","7304242","7304543","43","146398"
"chr12","7172271","7172581","chr5","190162325","190162622","80","182990054"
"chr12","7213237","7213539","chr6","1092742","1093043","26","6120495"
"chr12","7243776","7244072","chr7","61781005","61781304","33","54537229"
"chr12","7644150","7644462","chr2","159662942","159663249","32","152018792"
"chr12","7820844","7821154","chr9","101509353","101509655","41","93688509"
"chr12","7937362","7937655","chr9","64106021","64106313","30","56168659"
"chr12","7951220","7951521","chr11","114773297","114773597","33","106822077"
"chr12","7990452","7990620","chr11","54926961","54927123","24","46936509"
"chr12","8011205","8011506","chr20","57205726","57206029","34","49194521"
"chr12","8034685","8034950","chr10","83240707","83240972","33","75206022"
"chr12","8051566","8051865","chr4","43702161","43702463","44","35650595"
"chr12","8055138","8055448","chr9","93872647","93872956","37","85817509"
"chr12","8095026","8095331","chr14","2713092","2713395","34","5381934"
"chr12","8096487","8096797","chr13","39352330","39352639","30","31255843"
"chr12","8124957","8125255","chr11","108584077","108584374","27","100459120"
"chr12","8169129","8169422","chr6","155329774","155330069","38","147160645"
"chr12","8199230","8199410","chr20","27267477","27267649","21","19068247"
"chr12","8212913","8213224","chr16","628664","628975","39","7584249"
"chr12","8300983","8301284","chr1","54184910","54185214","36","45883927"
"chr12","8458275","8458575","chr20","54448223","54448522","54","45989948"
"chr12","8572743","8573037","chr1","199847714","199848008","37","191274971"
"chr12","8803131","8803427","chr15","87598388","87598685","37","78795257"
"chr12","8911637","8911795","chr6","29330373","29330523","50","20418736"
"chr12","8943387","8943665","chr1","18781397","18781679","36","9838010"
"chr12","9120668","9120980","chr10","1969590","1969896","39","7151078"
"chr12","9222922","9223212","chr1","22411003","22411299","32","13188081"
"chr12","9698202","9698499","chr8","48638161","48638460","28","38939959"
"chr12","9900936","9901098","chr18","12359809","12359972","23","2458873"
"chr12","9967846","9968156","chr1","39563825","39564136","33","29595979"
"chr12","10335586","10335746","chr19","4850434","4850601","35","5485152"
"chr12","10387684","10387973","chr7","19039688","19039974","33","8652004"
"chr12","10397955","10398244","chr7","19039688","19039974","34","8641733"
"chr12","10620120","10620387","chr11","10763442","10763705","25","143322"
"chr12","10637087","10637353","chr11","10747347","10747614","26","110260"
"chr12","10650973","10651268","chr7","114172011","114172307","25","103521038"
"chr12","11055998","11056303","chr4","110980343","110980649","33","99924345"
"chr12","11688743","11689028","chr5","41819509","41819795","33","30130766"
"chr12","11747326","11747624","chr1","61388678","61388976","39","49641352"
"chr12","11781850","11782155","chr11","12135817","12136124","26","353967"
"chr12","12070185","12070490","chr19","44754788","44755097","29","32684603"
"chr12","12105750","12106057","chr11","12483920","12484228","33","378170"
"chr12","12261829","12262142","chr14","118827371","118827675","49","106565542"
"chr12","12372230","12372526","chr10","71735218","71735517","40","59362988"
"chr12","12498103","12498262","chr5","18060035","18060193","25","5561932"
"chr12","12543141","12543438","chr11","12934031","12934324","27","390890"
"chr12","12610660","12610950","chr11","13002227","13002518","33","391567"
"chr12","12721787","12722085","chr1","61388678","61388976","30","48666891"
"chr12","12915495","12915804","chr13","39352330","39352639","34","26436835"
"chr12","12931490","12931798","chr19","41770584","41770893","28","28839094"
"chr12","13008224","13008524","chr4","88700124","88700424","32","75691900"
"chr12","13027040","13027325","chr11","114881860","114882142","47","101854820"
"chr12","13109734","13110020","chr2","109381027","109381314","40","96271293"
"chr12","13118529","13118838","chr13","39352330","39352639","31","26233801"
"chr12","13175454","13175690","chr9","28957532","28957760","31","15782078"
"chr12","13276850","13277155","chr1","160978135","160978440","34","147701285"
"chr12","13735913","13736220","chr1","45012518","45012824","34","31276605"
"chr12","14033560","14033853","chr20","28697028","28697324","31","14663468"
"chr12","14149795","14150093","chr11","14547616","14547915","27","397821"
"chr12","14524731","14525043","chr3","54644532","54644842","34","40119801"
"chr12","14530259","14530558","chr11","14932141","14932434","42","401882"
"chr12","14546068","14546371","chr6","1092742","1093043","41","13453326"
"chr12","14558648","14558945","chr1","31335188","31335488","33","16776540"
"chr12","14586137","14586428","chrX","63934727","63935015","35","49348590"
"chr12","14587867","14588159","chr2","10602088","10602375","43","3985779"
"chr12","14612550","14612707","chr7","129362850","129363013","34","114750300"
"chr12","14613214","14613330","chr7","88306418","88306535","14","73693204"
"chr12","14648421","14648736","chr1","160978135","160978440","35","146329714"
"chr12","14715290","14715586","chr11","15110457","15110748","31","395167"
"chr12","14803843","14804136","chr20","28697028","28697324","33","13893185"
"chr12","15206851","15207155","chr14","118913053","118913356","29","103706202"
"chr12","15265185","15265495","chr1","61315921","61316218","40","46050736"
"chr12","15432193","15432401","chr13","81318413","81318616","34","65886220"
"chr12","15685837","15686144","chr3","171608093","171608401","28","155922256"
"chr12","15732956","15733270","chr14","18653571","18653875","35","2920615"
"chr12","15806877","15807177","chrX","95082495","95082798","35","79275618"
"chr12","15954752","15955052","chr11","16362296","16362587","34","407544"
"chr12","15970357","15970551","chr6","63630625","63630830","35","47660268"
"chr12","16041152","16041462","chrX","872740","873049","29","15168412"
"chr12","16145521","16145825","chr20","57205726","57206029","35","41060205"
"chr12","16153525","16153797","chrX","9041569","9041845","44","7111956"
"chr12","16163742","16164042","chr15","15837347","15837647","29","326395"
"chr12","16232534","16232835","chr20","54448223","54448522","32","38215689"
"chr12","16238544","16238850","chr19","35701715","35702022","34","19463171"
"chr12","16443001","16443298","chr3","135600604","135600905","33","119157603"
"chr12","17077439","17077753","chr1","37134164","37134472","46","20056725"
"chr12","17082372","17082664","chr11","17551255","17551548","40","468883"
"chr12","17649598","17649901","chr2","19685564","19685867","43","2035966"
"chr12","18364702","18364992","chrX","117589965","117590253","41","99225263"
"chr12","18396670","18396975","chr7","113241613","113241916","34","94844943"
"chr12","18473459","18473761","chr7","90282568","90282871","37","71809109"
"chr12","19445233","19445409","chr19","36475785","36475953","31","17030552"
"chr12","19446058","19446362","chrX","23155568","23155864","43","3709510"
"chr12","19685511","19685808","chr4","110295275","110295562","49","90609764"
"chr12","19701011","19701196","chr5","740668","740849","36","18960343"
"chr12","19702021","19702312","chr5","72772865","72773157","35","53070844"
"chr12","19715274","19715616","chr1","95648230","95648547","55","75932956"
"chr12","19743691","19743965","chr11","53392178","53392443","41","33648487"
"chr12","19767550","19767856","chr12","110575162","110575468","37","90807612"
"chr12","19769970","19770275","chr4","3752022","3752324","34","16017948"
"chr12","20135639","20135931","chr2","100586330","100586626","33","80450691"
"chr12","20243777","20244077","chr1","160978135","160978440","44","140734358"
"chr12","20564279","20564463","chrX","147147954","147148141","36","126583675"
"chr12","21040976","21041261","chr8","65531215","65531499","35","44490239"
"chr12","21159913","21160204","chr1","45062075","45062365","26","23902162"
"chr12","21210161","21210469","chr13","39352330","39352639","38","18142169"
"chr12","21224718","21225028","chr10","67242450","67242757","37","46017732"
"chr12","21682441","21682732","chr11","66283459","66283749","28","44601018"
"chr12","21825899","21826200","chr8","137312187","137312490","33","115486288"
"chr12","22066521","22066836","chr9","6051573","6051887","34","16014948"
"chr12","22195877","22196065","chr9","115602163","115602345","30","93406286"
"chr12","22918177","22918479","chr11","65075521","65075824","29","42157344"
"chr12","22943171","22943321","chr6","29330373","29330523","31","6387202"
"chr12","23062591","23062899","chr19","10607277","10607584","28","12455314"
"chr12","23509921","23510229","chr5","52075359","52075662","38","28565438"
"chr12","23516789","23517079","chr8","115461075","115461370","39","91944286"
"chr12","23556291","23556423","chr7","3648725","3648875","42","19907566"
"chr12","23588246","23588546","chr11","101350847","101351143","27","77762601"
"chr12","23641151","23641447","chr12","85600712","85601003","36","61959561"
"chr12","23879819","23880116","chr11","64150194","64150492","25","40270375"
"chr12","24682681","24682857","chr9","62270006","62270180","32","37587325"
"chr12","24689503","24689811","chr16","47849984","47850287","36","23160481"
"chr12","24694227","24694500","chr13","99799233","99799492","47","75105006"
"chr12","24778969","24779284","chr3","81656161","81656467","42","56877192"
"chr12","24814362","24814668","chr15","109857905","109858208","26","85043543"
"chr12","24864003","24864296","chr10","87136170","87136463","39","62272167"
"chr12","24868846","24869136","chr2","159694664","159694955","41","134825818"
"chr12","24913159","24913368","chr4","11102991","11103196","50","13810168"
"chr12","24955149","24955441","chr11","108584077","108584374","34","83628928"
"chr12","25127119","25127291","chr20","27267477","27267649","32","2140358"
"chr12","25203990","25204185","chr17","39176135","39176331","36","13972145"
"chr12","25370759","25371070","chr13","39352330","39352639","37","13981571"
"chr12","25397771","25397935","chr7","129362850","129363013","33","103965079"
"chr12","25887498","25887672","chrX","59842814","59842986","33","33955316"
"chr12","25888058","25888354","chr10","33062312","33062608","53","7174254"
"chr12","26449290","26449490","chr4","57384832","57385028","49","30935542"
"chr12","26508207","26508502","chr1","22411003","22411299","38","4097204"
"chr12","26710552","26710856","chr11","61505138","61505445","33","34794586"
"chr12","26857659","26857845","chr20","74070026","74070213","36","47212367"
"chr12","27087040","27087349","chr1","54184910","54185214","34","27097870"
"chr12","28348700","28349020","chr1","95648230","95648547","41","67299530"
"chr12","28416161","28416371","chr7","63510529","63510744","42","35094368"
"chr12","29136377","29136676","chrX","12237021","12237319","33","16899356"
"chr12","29468871","29469023","chr3","33493296","33493438","26","4024425"
"chr12","29699138","29699431","chr1","165986343","165986631","38","136287205"
"chr12","29939224","29939529","chr1","7768760","7769067","28","22170464"
"chr12","31030160","31030469","chr3","7367921","7368221","37","23662239"
"chr12","31358526","31358689","chr3","183324547","183324710","27","151966021"
"chr12","31455666","31455949","chr14","65685267","65685550","36","34229601"
"chr12","31539939","31540236","chr13","32576733","32577025","43","1036794"
"chr12","31668307","31668385","chr19","14186443","14186525","28","17481864"
"chr12","31668386","31668455","chr13","64575324","64575381","35","32906938"
"chr12","31682568","31682864","chr19","34626543","34626836","29","2943975"
"chr12","31706843","31707133","chr5","93079361","93079652","30","61372518"
"chr12","31762758","31762928","chr5","139059636","139059807","23","107296878"
"chr12","31938775","31939085","chr19","15978488","15978799","32","15960287"
"chr12","32002322","32002623","chr20","54448223","54448522","30","22445901"
"chr12","32081806","32081989","chr15","10405383","10405560","32","21676423"
"chr12","32490848","32491145","chr8","48930239","48930532","41","16439391"
"chr12","32561577","32561742","chr7","35667652","35667813","28","3106075"
"chr12","32590332","32590584","chr5","133076217","133076473","26","100485885"
"chr12","32642011","32642309","chr20","18597833","18598131","29","14044178"
"chr12","32648087","32648254","chr1","130615501","130615669","26","97967414"
"chr12","32654556","32654739","chr19","53087200","53087382","51","20432644"
"chr12","32655694","32655781","chr9","20127821","20127912","16","12527873"
"chr12","32662619","32662889","chr6","101284399","101284681","52","68621780"
"chr12","32690154","32690450","chr5","184105008","184105299","39","151414854"
"chr12","32704563","32704866","chr11","55433632","55433937","26","22729069"
"chr12","32739946","32740234","chr11","55395877","55396159","39","22655931"
"chr12","32767314","32767624","chr15","104401844","104402147","35","71634530"
"chr12","32812571","32812718","chr2","15019384","15019533","43","17793187"
"chr12","32850746","32850963","chr18","2477749","2477968","56","30372997"
"chr12","32882182","32882486","chr14","2713092","2713395","35","30169090"
"chr12","32971531","32971833","chr19","35826176","35826481","29","2854645"
"chr12","32982102","32982376","chrX","135474229","135474501","61","102492127"
"chr12","32988155","32988450","chr4","3379423","3379712","35","29608732"
"chr12","33028239","33028548","chr19","44754788","44755097","20","11726549"
"chr12","33116318","33116617","chr2","144466661","144466954","33","111350343"
"chr12","33183495","33183789","chr9","98432771","98433070","34","65249276"
"chr12","33219356","33219658","chr4","20879364","20879666","31","12339992"
"chr12","33307784","33308094","chr1","39563825","39564136","35","6256041"
"chr12","33310608","33310880","chr11","54785792","54786060","38","21475184"
"chr12","33326850","33327144","chr11","54769798","54770095","30","21442948"
"chr12","33335335","33335637","chr16","67304548","67304851","35","33969213"
"chr12","33351948","33352107","chr14","30555496","30555671","42","2796452"
"chr12","33415715","33415911","chr6","63630625","63630830","33","30214910"
"chr12","33434767","33435075","chr11","54658425","54658730","29","21223658"
"chr12","33450058","33450363","chr1","54184910","54185214","30","20734852"
"chr12","33469171","33469377","chr18","12157369","12157570","42","21311802"
"chr12","33502070","33502346","chr7","63363325","63363605","32","29861255"
"chr12","33509881","33510178","chr1","61388678","61388976","35","27878797"
"chr12","33512881","33513058","chr20","27267477","27267649","37","6245404"
"chr12","33589283","33589592","chr1","37134164","37134472","31","3544881"
"chr12","33591791","33592102","chrX","52884540","52884848","36","19292749"
"chr12","34052708","34053010","chr1","221532692","221532994","29","187479984"
"chr12","34116394","34116716","chr1","128094642","128094960","42","93978248"
"chr12","34211796","34212082","chr11","53705087","53705372","28","19493291"
"chr12","34518022","34518297","chr19","977332","977606","39","33540690"
"chr12","34583934","34584106","chr9","62270006","62270180","34","27686072"
"chr12","34584848","34584901","chr20","54495305","54495348","17","19910457"
"chr12","34692109","34692425","chr11","53219147","53219464","28","18527038"
"chr12","34907828","34908131","chr1","54184910","54185214","36","19277082"
"chr12","34946677","34946975","chr1","54184910","54185214","30","19238233"
"chr12","34947269","34947562","chr11","52949169","52949458","30","18001900"
"chr12","34989925","34990224","chr11","52919746","52920037","34","17929821"
"chr12","35039668","35039958","chr11","52875639","52875934","31","17835971"
"chr12","35041817","35042111","chr3","26174329","26174623","23","8867488"
"chr12","35129429","35129472","chr20","54495305","54495348","19","19365876"
"chr12","35181333","35181627","chr9","26215862","26216159","30","8965471"
"chr12","35488136","35488437","chr3","167746444","167746744","33","132258308"
"chr12","35615873","35616174","chr3","178771886","178772186","34","143156013"
"chr12","35638585","35638870","chr7","64096412","64096697","47","28457827"
"chr12","35723191","35723484","chr12","121351661","121351954","29","85628470"
"chr12","35731327","35731620","chr1","182140812","182141099","35","146409485"
"chr12","35825808","35826117","chr13","11081854","11082163","30","24743954"
"chr12","35848824","35849115","chr7","49247024","49247315","37","13398200"
"chr12","36018429","36018737","chrX","872740","873049","33","35145689"
"chr12","36119703","36120017","chr2","159694664","159694955","54","123574961"
"chr12","36180319","36180628","chr3","7367921","7368221","35","28812398"
"chr12","36246893","36247191","chr7","35548900","35549200","44","697993"
"chr12","36258572","36258848","chr11","51643550","51643837","40","15384978"
"chr12","36293135","36293441","chrX","130126302","130126612","27","93833167"
"chr12","36296104","36296414","chr2","50292284","50292589","27","13996180"
"chr12","36304112","36304294","chr3","36303286","36303484","43","826"
"chr12","36364384","36364551","chr4","49540998","49541166","29","13176614"
"chr12","36388153","36388440","chr11","51542241","51542526","31","15154088"
"chr12","36420753","36421048","chr13","106164334","106164628","27","69743581"
"chr12","36434667","36434970","chr16","60244665","60244973","35","23809998"
"chr12","36443956","36444254","chrX","18394346","18394650","35","18049610"
"chr12","36444729","36445037","chr6","174905209","174905512","42","138460480"
"chr12","36534729","36535020","chr7","127065845","127066144","33","90531116"
"chr12","37097011","37097337","chr11","50852173","50852472","49","13755162"
"chr12","37132984","37133291","chr11","50816918","50817218","36","13683934"
"chr12","37301817","37302127","chr3","24845532","24845839","32","12456285"
"chr12","38003498","38003808","chr13","39352330","39352639","32","1348832"
"chr12","38011209","38011517","chr11","49622637","49622936","23","11611428"
"chr12","38012025","38012330","chr3","55433032","55433335","30","17421007"
"chr12","38049186","38049473","chr10","45592833","45593119","32","7543647"
"chr12","38057477","38057757","chr15","44422532","44422812","29","6365055"
"chr12","38151794","38152083","chr16","4729688","4729979","31","33422106"
"chr12","38304541","38304842","chr11","49321786","49322086","26","11017245"
"chr12","38308524","38308770","chr2","201532720","201532969","30","163224196"
"chr12","38424309","38424571","chr15","32102439","32102699","34","6321870"
"chr12","38455191","38455485","chr2","34419096","34419388","29","4036095"
"chr12","38755141","38755450","chr13","77166869","77167176","35","38411728"
"chr12","38771991","38772286","chr7","154966593","154966888","39","116194602"
"chr12","38937200","38937486","chr2","69218887","69219173","45","30281687"
"chr12","38939332","38939629","chr3","160159784","160160076","44","121220452"
"chr12","38948915","38949213","chr2","47824467","47824767","28","8875552"
"chr12","38964657","38964968","chr11","48664868","48665169","33","9700211"
"chr12","38991528","38991829","chr3","129960633","129960932","37","90969105"
"chr12","39013392","39013655","chr5","173801525","173801782","34","134788133"
"chr12","39018925","39019234","chr4","5357211","5357521","34","33661714"
"chr12","39158058","39158362","chr7","72476251","72476558","29","33318193"
"chr12","39270596","39270756","chr11","54926961","54927123","24","15656365"
"chr12","39312656","39312965","chr1","54184910","54185214","30","14872254"
"chr12","39313339","39313636","chr11","48314198","48314498","27","9000859"
"chr12","39349052","39349354","chr11","48278320","48278622","28","8929268"
"chr12","39361263","39361550","chr11","48266133","48266430","28","8904870"
"chr12","39520151","39520448","chr7","41475606","41475906","27","1955455"
"chr12","39557980","39558235","chr12","81755596","81755855","36","42197616"
"chr12","39623515","39623805","chr10","38597254","38597544","31","1026261"
"chr12","39627230","39627289","chr8","96081034","96081104","20","56453804"
"chr12","39628122","39628301","chr19","12959091","12959278","33","26669031"
"chr12","39750509","39750810","chr10","32971128","32971426","32","6779381"
"chr12","39831875","39832183","chr14","2713092","2713395","37","37118783"
"chr12","39833619","39833909","chr15","108424452","108424741","31","68590833"
"chr12","39861631","39861793","chr16","30221706","30221869","15","9639925"
"chr12","39875742","39876035","chr2","47824467","47824767","40","7948725"
"chr12","39897577","39897884","chr2","204541955","204542270","44","164644378"
"chr12","39944543","39944734","chr5","183360558","183360745","47","143416015"
"chr12","39984018","39984352","chr10","72588724","72589047","44","32604706"
"chr12","40001890","40002187","chr7","127065845","127066144","34","87063955"
"chr12","40007096","40007273","chr20","27267477","27267649","29","12739619"
"chr12","40099432","40099728","chr2","149644045","149644340","27","109544613"
"chr12","40111275","40111581","chr11","47540313","47540619","31","7429038"
"chr12","40115921","40116219","chr7","155405368","155405669","33","115289447"
"chr12","40197604","40197914","chr2","1910899","1911211","37","38286705"
"chr12","40227080","40227264","chrX","147147954","147148141","26","106920874"
"chr12","40228993","40229291","chr20","28697028","28697324","29","11531965"
"chr12","40311197","40311506","chr11","47355413","47355717","32","7044216"
"chr12","40409358","40409658","chr11","47254897","47255204","30","6845539"
"chr12","40429411","40429712","chr10","34137692","34137993","32","6291719"
"chr12","40431457","40431733","chr5","47641588","47641868","47","7210131"
"chr12","40463002","40463248","chrX","139763480","139763729","39","99300478"
"chr12","40487474","40487760","chr1","220479140","220479419","31","179991666"
"chr12","40520155","40520465","chr2","107287918","107288224","35","66767763"
"chr12","40585613","40585774","chrX","51786687","51786849","25","11201074"
"chr12","40713245","40713546","chr1","206202604","206202903","37","165489359"
"chr12","40722841","40723145","chr15","50080292","50080598","29","9357451"
"chr12","40755066","40755366","chr2","170118815","170119118","35","129363749"
"chr12","41083709","41083928","chr11","46544888","46545108","12","5461179"
"chr12","41226706","41226992","chr11","46371042","46371336","34","5144336"
"chr12","41284878","41285174","chr11","46306572","46306868","22","5021694"
"chr12","41432683","41432979","chr4","127875009","127875304","29","86442326"
"chr12","41730566","41730731","chr19","4018531","4018683","29","37712035"
"chr12","41800338","41800646","chr20","28154048","28154358","30","13646290"
"chr12","42033257","42033566","chr3","24924052","24924352","33","17109205"
"chr12","42086201","42086508","chr13","66086194","66086501","36","23999993"
"chr12","42253780","42254087","chr16","48006420","48006729","33","5752640"
"chr12","42622187","42622484","chr11","44897722","44898016","37","2275535"
"chr12","42696037","42696341","chr7","127065845","127066144","28","84369808"
"chr12","42786814","42787084","chr11","44748102","44748370","34","1961288"
"chr12","42792715","42793015","chr2","47824467","47824767","27","5031752"
"chr12","43083046","43083343","chr11","44459121","44459411","37","1376075"
"chr12","43662684","43662981","chr7","61336293","61336589","25","17673609"
"chr12","43720912","43721216","chr19","18555061","18555366","24","25165851"
"chr12","44046314","44046617","chr2","81635445","81635747","32","37589131"
"chr12","44124196","44124462","chr19","18327460","18327741","44","25796736"
"chr12","44619814","44620122","chr15","42512235","42512545","28","2107579"
"chr12","44829271","44829558","chr1","124793709","124793992","32","79964438"
"chr12","45056712","45056893","chr15","64701277","64701454","29","19644565"
"chr12","45156885","45157102","chr10","35244606","35244821","25","9912279"
"chr12","45252614","45252905","chr8","76234748","76235038","27","30982134"
"chr12","45297443","45297751","chr9","32485820","32486124","31","12811623"
"chr12","45471682","45471982","chr16","40054513","40054819","38","5417169"
"chr12","45639904","45640202","chr6","174905209","174905512","35","129265305"
"chr12","45741972","45742266","chr11","41702593","41702892","25","4039379"
"chr12","46605617","46605929","chr14","118223082","118223392","36","71617465"
"chr12","46646174","46646354","chr16","41943604","41943785","30","4702570"
"chr12","47104085","47104393","chr1","85807051","85807354","31","38702966"
"chr12","47138590","47138892","chr14","118913053","118913356","33","71774463"
"chr12","47284130","47284438","chr16","628664","628975","33","46655466"
"chr12","47294490","47294788","chr2","44364597","44364899","36","2929893"
"chr12","47750342","47750643","chr7","165990819","165991114","30","118240477"
"chr12","47944626","47944934","chr4","5955341","5955651","38","41989285"
"chr12","48000431","48000745","chr4","12920800","12921114","37","35079631"
"chr12","48594189","48594339","chr6","54854033","54854182","33","6259844"
"chr12","48724879","48725060","chr13","42789686","42789870","29","5935193"
"chr12","48725536","48725678","chr19","10635260","10635411","31","38090276"
"chr12","48848378","48848670","chr11","38403632","38403930","42","10444746"
"chr12","49012031","49012320","chr8","92404472","92404769","40","43392441"
"chr12","49066757","49067055","chr1","121079708","121080006","27","72012951"
"chr12","49464383","49464682","chr15","15837347","15837647","33","33627036"
"chr12","49823641","49823942","chr6","93660791","93661100","43","43837150"
"chr12","49908931","49909222","chr15","8087432","8087723","34","41821499"
"chr12","50125612","50125919","chr5","127280394","127280703","40","77154782"
"chr12","50352570","50352861","chr11","36046327","36046629","34","14306243"
"chr12","50460581","50460894","chr1","160978135","160978440","39","110517554"
"chr12","50700164","50700465","chr9","26215862","26216159","28","24484302"
"chr12","50900148","50900485","chr12","83051393","83051714","54","32151245"
"chr12","51777424","51777711","chr7","97375402","97375694","47","45597978"
"chr12","51779872","51780154","chr12","48053001","48053277","36","3726871"
"chr12","51810485","51810768","chr11","33868257","33868543","41","17942228"
"chr12","51848134","51848424","chr1","210622579","210622870","40","158774445"
"chr12","51852638","51852922","chr1","56044044","56044339","41","4191406"
"chr12","51856320","51856604","chr17","20250154","20250436","32","31606166"
"chr12","52014795","52015104","chr5","153448242","153448548","35","101433447"
"chr12","54535395","54535689","chr20","36501714","36502014","37","18033681"
"chr12","54545354","54545662","chrX","872740","873049","34","53672614"
"chr12","54573477","54573775","chr6","177249478","177249776","34","122676001"
"chr12","55498685","55498990","chr11","33980840","33981149","29","21517845"
"chr12","55593473","55593728","chr8","29256394","29256650","30","26337079"
"chr12","55605134","55605444","chr5","85045085","85045391","29","29439951"
"chr12","55612259","55612529","chr17","85883906","85884174","37","30271647"
"chr12","55624144","55624454","chr7","52277962","52278267","32","3346182"
"chr12","55662495","55662775","chr11","33811271","33811553","30","21851224"
"chr12","55716409","55716719","chr3","81656161","81656467","31","25939752"
"chr12","55786497","55786648","chr1","129407736","129407901","41","73621239"
"chr12","55852978","55853288","chr11","33608225","33608529","37","22244753"
"chr12","55864288","55864578","chr14","66326782","66327072","31","10462494"
"chr12","55867601","55867902","chr4","88700124","88700424","31","32832523"
"chr12","55891276","55891598","chr8","105120121","105120431","42","49228845"
"chr12","55951563","55951868","chr16","31530863","31531165","30","24420700"
"chr12","56023191","56023492","chr11","33432539","33432852","44","22590652"
"chr12","56061943","56062236","chr15","64890933","64891229","30","8828990"
"chr12","56091353","56091662","chr1","54184910","54185214","36","1906443"
"chr12","56101384","56101693","chr9","93872647","93872956","33","37771263"
"chr12","56207160","56207460","chr5","26046733","26047034","31","30160427"
"chr12","56361438","56361747","chr8","105120121","105120431","34","48758683"
"chr12","56386924","56387226","chr13","3690426","3690725","33","52696498"
"chr12","56394217","56394513","chr7","127065845","127066144","36","70671628"
"chr12","56398579","56398876","chrX","47295423","47295720","31","9103156"
"chr12","56448620","56448895","chr11","33054447","33054724","32","23394173"
"chr12","56506561","56506873","chr17","82184412","82184713","42","25677851"
"chr12","56530772","56531057","chrX","91745750","91746037","33","35214978"
"chr12","56540989","56541309","chr9","93872647","93872956","38","37331658"
"chr12","56582021","56582331","chr11","32904127","32904436","28","23677894"
"chr12","56583499","56583813","chr2","116140139","116140454","44","59556640"
"chr12","56608131","56608288","chr12","44446416","44446578","27","12161715"
"chr12","56609081","56609197","chr1","129407928","129408043","17","72798847"
"chr12","56657399","56657703","chr11","56089370","56089672","31","568029"
"chr12","56661593","56661767","chr1","9087561","9087734","26","47574032"
"chr12","56671967","56672273","chr3","81656161","81656467","35","24984194"
"chr12","56718338","56718629","chr5","727768","728058","31","55990570"
"chr12","56730152","56730448","chrX","23155568","23155864","26","33574584"
"chr12","56740011","56740316","chr12","115108242","115108542","32","58368231"
"chr12","56838410","56838713","chr4","3271842","3272149","35","53566568"
"chr12","56862184","56862486","chr11","32591866","32592164","31","24270318"
"chr12","56912205","56912491","chr15","63303028","63303323","39","6390823"
"chr12","56973719","56974022","chr11","32482354","32482658","47","24491365"
"chr12","56978190","56978491","chr8","137312187","137312490","30","80333997"
"chr12","57018524","57018813","chr15","9795181","9795478","40","47223343"
"chr12","57052752","57052977","chr16","14612829","14613055","26","42439923"
"chr12","57055469","57055749","chr1","138111434","138111712","33","81055965"
"chr12","57098186","57098497","chr16","3245842","3246150","35","53852344"
"chr12","57352017","57352321","chr1","54184910","54185214","29","3167107"
"chr12","57466043","57466341","chr6","155329774","155330069","33","97863731"
"chr12","57727740","57728047","chr9","105321199","105321510","36","47593459"
"chr12","58055461","58055760","chr3","7367921","7368221","36","50687540"
"chr12","58056426","58056722","chr10","38772882","38773178","34","19283544"
"chr12","58158490","58158797","chr11","31469141","31469452","43","26689349"
"chr12","58214095","58214391","chrX","113459109","113459405","39","55245014"
"chr12","58237599","58237891","chr4","115561616","115561910","31","57324017"
"chr12","58324935","58325184","chr7","137863872","137864121","36","79538937"
"chr12","58519827","58520157","chr20","8659416","8659737","43","49860411"
"chr12","58669343","58669616","chr11","30948488","30948754","33","27720855"
"chr12","59150401","59150704","chrX","95082495","95082798","31","35932094"
"chr12","59297815","59298109","chr17","73904233","73904526","38","14606418"
"chr12","59595802","59596091","chr19","15122632","15122923","32","44473170"
"chr12","60226481","60226765","chr11","29287814","29288098","24","30938667"
"chr12","60607962","60608269","chr3","76523539","76523847","33","15915577"
"chr12","60741747","60742056","chr11","28759796","28760108","33","31981951"
"chr12","60742243","60742432","chr3","76215454","76215617","47","15473211"
"chr12","60757397","60757534","chr3","33493296","33493438","30","27264101"
"chr12","60938957","60939263","chr11","28562477","28562776","33","32376480"
"chr12","61085132","61085439","chr6","176790550","176790858","27","115705418"
"chr12","61105764","61106074","chrX","52884540","52884848","33","8221224"
"chr12","61172613","61172914","chr4","170001134","170001432","34","108828521"
"chr12","61191311","61191602","chr1","165986343","165986631","31","104795032"
"chr12","61201932","61202226","chr9","87334494","87334786","29","26132562"
"chr12","61361650","61361926","chr14","12933847","12934125","34","48427803"
"chr12","61423689","61423995","chr11","28100576","28100878","36","33323113"
"chr12","61467491","61467735","chr1","146184428","146184665","42","84716937"
"chr12","61575455","61575785","chr11","27939694","27940031","42","33635761"
"chr12","61692167","61692435","chr11","27762573","27762828","30","33929594"
"chr12","62079700","62080012","chr9","93872647","93872956","30","31792947"
"chr12","62092347","62092646","chr11","27370441","27370735","33","34721906"
"chr12","62441111","62441413","chr6","57024660","57024955","37","5416451"
"chr12","62579082","62579389","chr8","105120121","105120431","32","42541039"
"chr12","62616949","62617246","chr7","1749091","1749386","28","60867858"
"chr12","63158558","63158858","chr13","72779565","72779870","32","9621007"
"chr12","63326028","63326301","chr11","26120198","26120472","19","37205830"
"chr12","63372310","63372609","chr11","26076303","26076597","28","37296007"
"chr12","63467137","63467426","chr16","59322424","59322711","33","4144713"
"chr12","63624148","63624425","chr4","12125156","12125432","35","51498992"
"chr12","63827985","63828294","chr1","164673789","164674098","41","100845804"
"chr12","64262953","64263235","chr7","23493750","23494033","22","40769203"
"chr12","64349812","64350108","chr20","30937004","30937299","27","33412808"
"chr12","64655232","64655446","chr1","137328901","137329117","27","72673669"
"chr12","64945360","64945690","chr12","83051393","83051714","47","18106033"
"chr12","64965468","64965767","chr11","54929990","54930287","34","10035478"
"chr12","65035936","65036150","chr11","24407181","24407413","40","40628755"
"chr12","65160689","65160964","chr1","204307037","204307312","35","139146348"
"chr12","65177636","65177936","chr14","67296885","67297179","39","2119249"
"chr12","65342687","65342979","chr20","15684518","15684811","41","49658169"
"chr12","65612670","65612973","chr11","108584077","108584374","33","42971407"
"chr12","65915616","65915763","chr20","74588210","74588354","28","8672594"
"chr12","66690171","66690482","chr7","978158","978472","30","65712013"
"chr12","67134151","67134459","chr17","1412670","1412979","31","65721481"
"chr12","67202076","67202337","chr7","149140945","149141211","39","81938869"
"chr12","67747933","67748213","chr3","61219427","61219705","38","6528506"
"chr12","67762068","67762376","chr8","105120121","105120431","38","37358053"
"chr12","67973537","67973827","chr7","23493750","23494033","32","44479787"
"chr12","68113013","68113172","chr19","32419513","32419677","27","35693500"
"chr12","68173818","68174110","chr12","90261342","90261635","28","22087524"
"chr12","68295355","68295654","chr11","67281170","67281463","34","1014185"
"chr12","68379553","68379730","chr15","10405383","10405560","32","57974170"
"chr12","68387881","68388178","chr11","67369319","67369623","32","1018562"
"chr12","68462078","68462360","chr17","78859912","78860191","29","10397834"
"chr12","68476968","68477276","chr1","2715985","2716290","30","65760983"
"chr12","68593356","68593657","chr7","55734086","55734382","35","12859270"
"chr12","68616993","68617303","chr16","3245842","3246150","38","65371151"
"chr12","68879193","68879491","chr6","155329774","155330069","38","86450581"
"chr12","69094531","69094810","chr11","102439527","102439805","32","33344996"
"chr12","69283407","69283702","chr20","28697028","28697324","33","40586379"
"chr12","69316314","69316617","chr14","104583689","104583989","29","35267375"
"chr12","70029188","70029485","chr11","69002769","69003062","31","1026419"
"chr12","70210149","70210438","chr3","153518686","153518978","39","83308537"
"chr12","70291070","70291369","chr15","8841295","8841593","27","61449775"
"chr12","71114401","71114566","chr3","76215454","76215617","25","5101053"
"chr12","71193753","71194055","chr19","50863135","50863438","32","20330618"
"chr12","71308658","71308959","chr14","18653571","18653875","35","52655087"
"chr12","71546604","71546903","chr7","68336549","68336846","27","3210055"
"chr12","71636530","71636614","chr11","127837568","127837636","31","56201038"
"chr12","71876259","71876569","chr7","39447572","39447879","38","32428687"
"chr12","71961802","71962090","chr6","167965592","167965882","34","96003790"
"chr12","72595475","72595703","chr13","62208320","62208549","35","10387155"
"chr12","73138965","73139269","chr1","213129844","213130150","42","139990879"
"chr12","73148546","73148849","chr4","170001134","170001432","36","96852588"
"chr12","73215967","73216149","chr15","6911024","6911192","53","66304943"
"chr12","73306734","73307050","chr19","49649062","49649370","40","23657672"
"chr12","73396417","73396690","chr10","12167601","12167870","61","61228816"
"chr12","73567629","73567910","chr7","36346978","36347263","46","37220651"
"chr12","73932824","73933120","chr2","149644045","149644340","30","75711221"
"chr12","74997143","74997434","chr12","85600712","85601003","36","10603569"
"chr12","75360221","75360528","chr7","82874099","82874405","33","7513878"
"chr12","75406567","75406863","chr11","108584077","108584374","29","33177510"
"chr12","75550434","75550575","chrX","117664758","117664911","32","42114324"
"chr12","75550578","75550771","chr19","12959091","12959278","31","62591487"
"chr12","75879128","75879406","chr15","44422532","44422812","24","31456596"
"chr12","76152371","76152663","chr4","167810197","167810485","42","91657826"
"chr12","76246730","76247006","chr20","10656721","10657002","30","65590009"
"chr12","76495625","76495928","chr11","93338736","93339038","37","16843111"
"chr12","76505019","76505297","chr10","29765824","29766115","35","46739195"
"chr12","76720809","76721113","chrX","18372456","18372761","38","58348353"
"chr12","77299310","77299626","chr11","76252484","76252792","41","1046826"
"chr12","77489202","77489479","chr7","113437485","113437769","45","35948283"
"chr12","77626000","77626306","chr6","147351072","147351371","32","69725072"
"chr12","77682728","77683030","chr11","76627672","76627971","29","1055056"
"chr12","77829254","77829548","chr1","45194641","45194934","34","32634613"
"chr12","77922043","77922338","chr11","76873720","76874018","29","1048323"
"chr12","78132230","78132543","chr7","44953224","44953534","39","33179006"
"chr12","78810713","78810956","chr11","77726086","77726335","33","1084627"
"chr12","79162789","79163066","chr1","204307037","204307312","28","125144248"
"chr12","79659749","79660044","chr3","142446579","142446870","32","62786830"
"chr12","79882357","79882606","chr11","78753586","78753836","29","1128771"
"chr12","79964259","79964558","chr1","61388678","61388976","33","18575581"
"chr12","80004319","80004500","chr9","62270006","62270180","28","17734313"
"chr12","80096952","80097257","chr7","113241613","113241916","37","33144661"
"chr12","80343746","80344039","chr6","1092742","1093043","42","79251004"
"chr12","80559560","80559866","chr15","109857905","109858208","34","29298345"
"chr12","81132430","81132714","chr9","95217727","95218006","40","14085297"
"chr12","81159134","81159456","chr11","80054912","80055206","46","1104222"
"chr12","81439914","81440072","chr19","10635260","10635411","34","70804654"
"chr12","81440375","81440707","chr3","170641796","170642113","60","89201421"
"chr12","81763977","81764269","chr11","80650380","80650682","34","1113597"
"chr12","81892817","81893125","chr19","50863135","50863438","34","31029682"
"chr12","81944327","81944554","chr11","80822465","80822689","30","1121862"
"chr12","82259355","82259658","chr11","81176217","81176528","28","1083138"
"chr12","82800357","82800652","chr12","94881332","94881627","34","12080975"
"chr12","82831794","82832092","chr11","81751255","81751554","30","1080539"
"chr12","82863925","82864223","chr16","54819918","54820225","35","28044007"
"chr12","82960962","82961266","chr6","147351072","147351371","35","64390110"
"chr12","82977673","82977972","chr14","118913053","118913356","35","35935380"
"chr12","83265816","83266124","chr3","43955960","43956261","40","39309856"
"chr12","83279162","83279467","chr7","61608289","61608587","39","21670873"
"chr12","84035266","84035571","chrX","52884540","52884848","37","31150726"
"chr12","85111383","85111674","chr14","1559284","1559583","31","83552099"
"chr12","86547368","86547647","chr11","85721093","85721374","37","826275"
"chr12","87080437","87080741","chr7","82525535","82525835","44","4554902"
"chr12","87712021","87712325","chrX","95082495","95082798","40","7370474"
"chr12","88210100","88210400","chr1","61388678","61388976","25","26821422"
"chr12","88745662","88745981","chr11","88036984","88037297","33","708678"
"chr12","89189664","89189954","chr13","65001120","65001409","33","24188544"
"chr12","89242469","89242775","chr10","30715548","30715853","28","58526921"
"chr12","89542018","89542310","chr2","64819781","64820080","35","24722237"
"chr12","89712503","89712775","chr16","41227858","41228131","46","48484645"
"chr12","90106294","90106626","chr11","89442548","89442868","39","663746"
"chr12","90114604","90114915","chrX","872740","873049","38","89241864"
"chr12","91126307","91126605","chr7","113241613","113241916","38","22115306"
"chr12","91337968","91338278","chr1","218582809","218583117","40","127244841"
"chr12","91577623","91577840","chr8","71178086","71178311","44","20399537"
"chr12","91739619","91739915","chrX","44607769","44608063","30","47131850"
"chr12","91852604","91852955","chr2","92231318","92231658","60","378714"
"chr12","91961462","91961757","chr11","110456127","110456422","34","18494665"
"chr12","91976760","91977074","chr10","72031369","72031681","34","19945391"
"chr12","91979051","91979359","chr12","12899763","12900067","33","79079288"
"chr12","92312228","92312519","chr3","48912719","48913013","30","43399509"
"chr12","92726219","92726505","chr3","160036030","160036319","38","67309811"
"chr12","92729040","92729204","chr11","54926961","54927123","20","37802079"
"chr12","92755341","92755647","chr6","173896362","173896661","40","81141021"
"chr12","92763499","92763795","chr13","106164334","106164628","27","13400835"
"chr12","92802376","92802681","chrX","130126302","130126612","34","37323926"
"chr12","92995208","92995503","chr11","92530413","92530710","30","464795"
"chr12","93056648","93056802","chr5","18060035","18060193","22","74996613"
"chr12","93062448","93062609","chr15","6911024","6911192","32","86151424"
"chr12","93596825","93597106","chr1","124793709","124793992","35","31196884"
"chr12","93606735","93607031","chr20","18960062","18960355","31","74646673"
"chr12","93618688","93619012","chr11","93161948","93162253","49","456740"
"chr12","93701316","93701618","chr1","61388678","61388976","32","32312638"
"chr12","93802029","93802325","chr2","95443669","95443966","25","1641640"
"chr12","94378068","94378236","chr6","67570862","67571028","29","26807206"
"chr12","94618375","94618685","chrX","130126302","130126612","29","35507927"
"chr12","94658999","94659303","chr11","94246429","94246734","32","412570"
"chr12","94676351","94676645","chr11","94263598","94263892","23","412753"
"chr12","94801936","94802218","chr1","24622085","24622374","40","70179851"
"chr12","94810097","94810386","chr11","94393211","94393511","34","416886"
"chr12","94985286","94985579","chr3","40594821","40595114","33","54390465"
"chr12","94986312","94986620","chr15","42512235","42512545","28","52474077"
"chr12","95220016","95220102","chr15","10139615","10139697","21","85080401"
"chr12","95220103","95220183","chr14","21255003","21255075","38","73965100"
"chr12","95277438","95277731","chr11","94863616","94863918","39","413822"
"chr12","95298597","95298893","chr11","94886203","94886493","29","412394"
"chr12","95391478","95391759","chr1","124490019","124490302","32","29098541"
"chr12","95396382","95396673","chr2","121546319","121546615","40","26149937"
"chr12","95558729","95559006","chr11","95135060","95135336","31","423669"
"chr12","95752378","95752691","chr12","110082565","110082875","43","14330187"
"chr12","95762148","95762458","chr5","752886","753201","52","95009262"
"chr12","95765947","95766240","chr5","41819509","41819795","28","53946438"
"chr12","95806599","95806726","chrX","147920187","147920319","33","52113588"
"chr12","95929909","95930206","chr11","95534032","95534333","27","395877"
"chr12","96092152","96092318","chr7","88306228","88306392","27","7785924"
"chr12","96207635","96207937","chr7","113241613","113241916","31","17033978"
"chr12","96606262","96606568","chr11","96205270","96205573","41","400992"
"chr12","96701790","96701982","chr15","12186805","12187003","38","84514985"
"chr12","96791594","96791888","chr3","166840746","166841039","27","70049152"
"chr12","96984974","96985266","chr19","13754805","13755106","36","83230169"
"chr12","97412620","97412900","chr6","78159341","78159619","46","19253279"
"chr12","97852841","97853165","chrX","130126302","130126612","48","32273461"
"chr12","98396074","98396385","chr4","5955341","5955651","32","92440733"
"chr12","98414674","98414993","chr20","18561384","18561696","42","79853290"
"chr12","98474786","98474992","chr19","964579","964783","35","97510207"
"chr12","98523334","98523611","chr8","65531215","65531499","34","32992119"
"chr12","98536012","98536319","chr11","98083917","98084223","26","452095"
"chr12","98665682","98665848","chr12","44446416","44446578","25","54219266"
"chr12","98700400","98700700","chr1","61388678","61388976","35","37311722"
"chr12","98751436","98751744","chr3","24845532","24845839","35","73905904"
"chr12","98861891","98862172","chr13","105644490","105644771","39","6782599"
"chr12","98903677","98903979","chr14","2713092","2713395","38","96190585"
"chr12","98961787","98962079","chrX","22672156","22672452","31","76289631"
"chr12","99110135","99110437","chr20","65776652","65776952","28","33333483"
"chr12","99116225","99116544","chr11","98676762","98677078","36","439463"
"chr12","99230217","99230511","chr14","68678897","68679192","28","30551320"
"chr12","99261317","99261607","chr1","23507101","23507386","29","75754216"
"chr12","99971035","99971319","chrX","123749101","123749382","39","23778066"
"chr12","100054738","100055035","chr1","48636230","48636529","30","51418508"
"chr12","100155907","100156211","chr11","99749514","99749820","24","406393"
"chr12","100184463","100184767","chr20","28486921","28487226","32","71697542"
"chr12","100251288","100251604","chr6","178858371","178858680","41","78607083"
"chr12","100471616","100471912","chr11","100083189","100083490","31","388427"
"chr12","100526210","100526448","chr9","66337345","66337595","44","34188865"
"chr12","100846077","100846383","chrX","14683994","14684298","31","86162083"
"chr12","100846825","100847126","chr2","68986282","68986581","31","31860543"
"chr12","100847794","100848097","chr11","100464748","100465057","29","383046"
"chr12","100851742","100852042","chr1","85807051","85807354","27","15044691"
"chr12","100882219","100882450","chr8","102023887","102024121","39","1141668"
"chr12","101712813","101713111","chr11","101350847","101351143","23","361966"
"chr12","101722693","101722870","chr20","27267477","27267649","24","74455216"
"chr12","101856193","101856512","chr2","195552885","195553191","50","93696692"
"chr12","102219533","102219710","chr9","62270006","62270180","26","39949527"
"chr12","102221443","102221619","chr16","19832147","19832321","24","82389296"
"chr12","102222519","102222832","chr1","141969216","141969513","54","39746697"
"chr12","102230810","102231106","chr13","95852978","95853275","29","6377832"
"chr12","102259852","102260143","chr17","81322280","81322575","39","20937572"
"chr12","102882497","102882809","chr11","102492531","102492844","34","389966"
"chr12","103882416","103882703","chr5","184792784","184793058","44","80910368"
"chr12","103913273","103913582","chr4","69409816","69410121","38","34503457"
"chr12","103958139","103958433","chr2","100586330","100586626","36","3371809"
"chr12","104231493","104231670","chr15","10405383","10405560","31","93826110"
"chr12","104354482","104354655","chr1","35561294","35561462","44","68793188"
"chr12","104483468","104483774","chr14","2713092","2713395","28","101770376"
"chr12","104525412","104525706","chr1","22411003","22411299","21","82114409"
"chr12","104551570","104551857","chr4","111604643","111604933","33","7053073"
"chr12","104591645","104591955","chr12","98050892","98051201","109","6540753"
"chr12","104603107","104603298","chr19","12959091","12959278","45","91644016"
"chr12","105263473","105263676","chr16","41943604","41943785","44","63319869"
"chr12","105375506","105375674","chr1","27619548","27619722","30","77755958"
"chr12","105379383","105379553","chr1","27619548","27619722","35","77759835"
"chr12","105487528","105487825","chr2","64819781","64820080","35","40667747"
"chr12","105544514","105544806","chr11","6462265","6462558","28","99082249"
"chr12","105813775","105814066","chr15","88070777","88071071","30","17742998"
"chr12","106333307","106333536","chr13","101622015","101622230","60","4711292"
"chr12","106574941","106575244","chr3","24924052","24924352","38","81650889"
"chr12","106580950","106581275","chr3","13648107","13648424","44","92932843"
"chr12","106653372","106653672","chrX","23155568","23155864","27","83497804"
"chr12","106674491","106674789","chr6","148347411","148347707","30","41672920"
"chr12","106927647","106927846","chr9","82349333","82349540","38","24578314"
"chr12","107262914","107263204","chr9","6598363","6598651","32","100664551"
"chr12","107344085","107344382","chr12","1873342","1873636","34","105470743"
"chr12","107416482","107416777","chr4","127363604","127363914","39","19947122"
"chr12","107561668","107561966","chr4","10919980","10920277","32","96641688"
"chr12","107584023","107584340","chr17","1826651","1826962","43","105757372"
"chr12","107619216","107619511","chr3","47679354","47679648","31","59939862"
"chr12","107705278","107705566","chr15","108330667","108330955","30","625389"
"chr12","107869268","107869575","chr15","9923364","9923678","38","97945904"
"chr12","108113705","108113920","chr4","11102991","11103196","36","97010714"
"chr12","108138997","108139147","chr19","45157083","45157235","30","62981914"
"chr12","108238858","108239165","chr2","80913807","80914116","36","27325051"
"chr12","108241284","108241593","chr4","26438201","26438510","43","81803083"
"chr12","108477420","108477687","chr16","76349894","76350157","53","32127526"
"chr12","108478858","108479173","chr19","30489378","30489693","44","77989480"
"chr12","108580480","108580801","chr11","108034722","108035047","21","545758"
"chr12","108673776","108674075","chr6","173896362","173896661","37","65222586"
"chr12","108875841","108876005","chr15","6972690","6972851","34","101903151"
"chr12","108921047","108921340","chr11","108453071","108453368","30","467976"
"chr12","109051544","109051829","chr11","108584077","108584374","37","467467"
"chr12","109153714","109153869","chr3","70814394","70814554","24","38339320"
"chr12","109542064","109542377","chr1","54184910","54185214","36","55357154"
"chr12","109579322","109579630","chr7","26661649","26661959","42","82917673"
"chr12","109754978","109755310","chrX","113475257","113475588","48","3720279"
"chr12","109793197","109793508","chr4","5357211","5357521","34","104435986"
"chr12","110080511","110080821","chr1","216542963","216543268","42","106462452"
"chr12","110184786","110184973","chrX","147147954","147148141","31","36963168"
"chr12","110379809","110380119","chr11","109905630","109905935","32","474179"
"chr12","110388905","110389197","chr11","109914412","109914704","27","474493"
"chr12","110587799","110588091","chrX","63934727","63935015","24","46653072"
"chr12","110596184","110596486","chr11","110115022","110115323","31","481162"
"chr12","110599646","110599946","chr2","96568206","96568509","37","14031440"
"chr12","110667554","110667712","chr16","44706725","44706885","24","65960829"
"chr12","110775984","110776248","chr4","58582415","58582670","37","52193569"
"chr12","110798218","110798523","chr12","89214365","89214673","34","21583853"
"chr12","110825013","110825304","chr12","121351661","121351954","33","10526648"
"chr12","110850723","110851017","chr5","39970327","39970617","52","70880396"
"chr12","110882894","110883188","chr11","110456127","110456422","31","426767"
"chr12","110911366","110911530","chr4","44154628","44154806","54","66756738"
"chr12","110968822","110968932","chr14","113311902","113312011","32","2343080"
"chr12","111021907","111022206","chr1","85807051","85807354","36","25214856"
"chr12","111197758","111198067","chr13","39352330","39352639","37","71845428"
"chr12","111772580","111772883","chrX","113459109","113459405","27","1686529"
"chr12","111824370","111824674","chr1","54184910","54185214","31","57639460"
"chr12","111840684","111840930","chr13","37460022","37460281","39","74380662"
"chr12","111966911","111967211","chr7","113241613","113241916","30","1274702"
"chr12","111967306","111967486","chr11","111535784","111535962","17","431522"
"chr12","111998068","111998372","chr11","111567296","111567600","29","430772"
"chr12","112003983","112004283","chrX","1721141","1721440","29","110282842"
"chr12","112056236","112056552","chr11","111632249","111632555","50","423987"
"chr12","112098000","112098296","chr1","113564712","113565007","32","1466712"
"chr12","112102908","112103164","chr11","111675771","111676033","27","427137"
"chr12","112134371","112134646","chr8","765251","765528","40","111369120"
"chr12","112151940","112152252","chr12","85215378","85215688","32","26936562"
"chr12","112166534","112166829","chr1","38929624","38929920","35","73236910"
"chr12","112171401","112171690","chr11","111747938","111748235","31","423463"
"chr12","112258250","112258548","chr12","18034432","18034730","30","94223818"
"chr12","112288225","112288538","chr11","111863663","111863971","32","424562"
"chr12","112316689","112316998","chr17","94125134","94125439","42","18191555"
"chr12","112318662","112318971","chr8","102704227","102704531","31","9614435"
"chr12","112320451","112320754","chr8","48638161","48638460","29","63682290"
"chr12","112324137","112324456","chr20","8659416","8659737","38","103664721"
"chr12","112337141","112337466","chrX","134003404","134003717","42","21666263"
"chr12","112392510","112392643","chr9","88336693","88336816","42","24055817"
"chr12","112399524","112399831","chr11","111884751","111885060","28","514773"
"chr12","112516746","112517039","chr11","112049860","112050161","36","466886"
"chr12","112563832","112564132","chr14","42813387","42813686","30","69750445"
"chr12","112735865","112736167","chr1","85807051","85807354","27","26928814"
"chr12","112790918","112791096","chr4","33359965","33360142","24","79430953"
"chr12","112879318","112879625","chr1","54184910","54185214","30","58694408"
"chr12","113157542","113157830","chr1","16691372","16691660","30","96466170"
"chr12","114127162","114127445","chr7","68302964","68303250","35","45824198"
"chr12","114315809","114316097","chr1","92617288","92617583","33","21698521"
"chr12","115048903","115049060","chrX","85303515","85303667","26","29745388"
"chr12","115129152","115129440","chr19","34956456","34956748","34","80172696"
"chr12","115131226","115131514","chr19","34956456","34956748","34","80174770"
"chr12","115311589","115311897","chr1","54184910","54185214","32","61126679"
"chr12","115417158","115417458","chr12","115108242","115108542","32","308916"
"chr12","115596862","115597151","chr4","21309683","21309973","29","94287179"
"chr12","115655203","115655499","chr5","1773882","1774179","31","113881321"
"chr12","115899864","115900162","chr3","7367921","7368221","37","108531943"
"chr12","116309146","116309450","chr6","1092742","1093043","25","115216404"
"chr12","116360992","116361329","chr4","127759466","127759795","49","11398474"
"chr12","116426687","116426991","chr4","39190908","39191218","44","77235779"
"chr12","116547854","116548162","chr3","47683329","47683644","46","68864525"
"chr12","116642794","116643092","chr11","116186329","116186623","28","456465"
"chr12","116701694","116701998","chr11","116241442","116241738","44","460252"
"chr12","117024129","117024445","chr11","116573129","116573445","31","451000"
"chr12","117263835","117264019","chr1","19159458","19159639","23","98104377"
"chr12","117449509","117449811","chr13","94954144","94954445","29","22495365"
"chr12","117475383","117475640","chr3","73072783","73073043","36","44402600"
"chr12","118680660","118681001","chr7","27723801","27724121","64","90956859"
"chr12","118762905","118763204","chr7","155744826","155745124","33","36981921"
"chr12","118774446","118774699","chr1","37389370","37389627","34","81385076"
"chr12","118786875","118787164","chr13","68530211","68530499","32","50256664"
"chr12","118830631","118830939","chr4","3752022","3752324","32","115078609"
"chr12","118849258","118849542","chr1","199847714","199848008","37","80998456"
"chr12","119087824","119088119","chr11","110456127","110456422","35","8631697"
"chr12","119088824","119089104","chr10","25171709","25171985","53","93917115"
"chr12","119873879","119874181","chr8","129714385","129714685","36","9840506"
"chr12","119885011","119885311","chr3","48879684","48879984","28","71005327"
"chr12","120046492","120046790","chr20","54448223","54448522","24","65598269"
"chr12","120185062","120185353","chr8","65531215","65531499","38","54653847"
"chr12","120224452","120224745","chr13","92512308","92512602","26","27712144"
"chr12","120429775","120430080","chr12","106868409","106868712","34","13561366"
"chr12","120432537","120432845","chr4","5955341","5955651","33","114477196"
"chr12","120566746","120567030","chr6","32693051","32693336","40","87873695"
"chr12","120622344","120622647","chr4","32454892","32455198","31","88167452"
"chr12","120713220","120713522","chr4","6021240","6021544","27","114691980"
"chr12","120785059","120785363","chr15","15837347","15837647","32","104947712"
"chr12","120795535","120795832","chr14","68678897","68679192","30","52116638"
"chr12","120839032","120839333","chr11","120454393","120454701","26","384639"
"chr12","120877995","120878324","chr1","184305081","184305407","49","63427086"
"chr12","120881549","120881846","chr7","96374378","96374673","27","24507171"
"chr12","120895827","120896135","chr10","5919915","5920217","38","114975912"
"chr12","120910135","120910436","chr2","64819781","64820080","39","56090354"
"chr12","121027905","121028221","chr4","5955341","5955651","35","115072564"
"chr12","121032615","121032907","chr19","6185928","6186226","33","114846687"
"chr12","121111988","121112165","chr1","22285839","22286016","28","98826149"
"chr12","121114800","121115063","chr8","42333220","42333488","39","78781580"
"chr12","121117802","121118082","chr17","24373419","24373702","27","96744383"
"chr12","121132477","121132780","chr14","49167339","49167646","39","71965138"
"chr12","121163510","121163793","chr12","55098584","55098860","39","66064926"
"chr12","121182822","121183095","chr16","45064551","45064823","37","76118271"
"chr12","121198858","121199156","chr10","87136170","87136463","29","34062688"
"chr12","121240524","121240815","chr3","15583211","15583499","30","105657313"
"chr12","121291540","121291853","chr14","118913053","118913356","35","2378487"
"chr12","121372311","121372597","chr4","3379423","3379712","32","117992888"
"chr12","121491144","121491431","chr6","155834138","155834425","38","34342994"
"chr12","121501572","121501867","chr9","115259231","115259523","36","6242341"
"chr12","121511375","121511681","chrX","872740","873049","33","120638635"
"chr12","121520629","121520936","chr20","11674914","11675224","38","109845715"
"chr12","121542199","121542488","chr5","127510059","127510354","56","5967860"
"chr12","121662608","121662896","chr4","21309683","21309973","33","100352925"
"chr12","121837482","121837780","chr11","108584077","108584374","26","13253405"
"chr12","121844111","121844398","chr8","65531215","65531499","33","56312896"
"chr12","121909539","121909835","chr6","148347411","148347707","30","26437872"
"chr12","121965441","121965738","chr11","121604198","121604506","42","361243"
"chr12","122044254","122044418","chr5","139059636","139059807","24","17015382"
"chr12","122118911","122119097","chr15","10405383","10405560","39","111713528"
"chr12","122268191","122268473","chr2","22604554","22604842","41","99663637"
"chr12","122315793","122316089","chr2","176729682","176729984","28","54413889"
"chr12","122373935","122374226","chr3","175664911","175665204","33","53290976"
"chr12","122401887","122402159","chr11","127956325","127956598","38","5554438"
"chr12","122404476","122404664","chr15","12186805","12187003","33","110217671"
"chr12","122446743","122447043","chr11","122084586","122084886","26","362157"
"chr12","122454554","122454820","chr16","58697904","58698166","28","63756650"
"chr12","122529403","122529700","chr11","98848584","98848879","34","23680819"
"chr12","122579434","122579725","chr7","61608289","61608587","35","60971145"
"chr12","122602278","122602596","chr8","30795051","30795364","42","91807227"
"chr12","122622825","122623134","chr3","81656161","81656467","31","40966664"
"chr12","122652891","122653193","chr1","114721061","114721364","26","7931830"
"chr12","122664713","122665015","chr11","122302926","122303239","42","361787"
"chr12","122933489","122933794","chr14","118913053","118913356","31","4020436"
"chr12","123001771","123002071","chr7","52277962","52278267","31","70723809"
"chr12","123015993","123016293","chr19","34875967","34876267","27","88140026"
"chr12","123024767","123025074","chr5","158975124","158975425","48","35950357"
"chr12","123031887","123032192","chr4","108327631","108327935","30","14704256"
"chr12","123103596","123103759","chr2","137462919","137463082","36","14359323"
"chr12","123120467","123120771","chrX","95082495","95082798","32","28037972"
"chr12","123128851","123129152","chr1","128681611","128681907","40","5552760"
"chr12","123171663","123171963","chr2","64819781","64820080","28","58351882"
"chr12","123211886","123212184","chr12","121351661","121351954","33","1860225"
"chr12","123252653","123252958","chr6","32484066","32484370","29","90768587"
"chr12","123284643","123284938","chr19","53208189","53208485","36","70076454"
"chr12","123331892","123332164","chr2","56486018","56486290","31","66845874"
"chr12","123334161","123334462","chr1","199847714","199848008","37","76513553"
"chr12","123394919","123395228","chr4","86562055","86562362","36","36832864"
"chr12","123398417","123398713","chrX","23130799","23131097","63","100267618"
"chr12","123420006","123420303","chr11","50593379","50593674","27","72826627"
"chr12","123422299","123422577","chr11","50591103","50591386","39","72831196"
"chr12","123467340","123467629","chr11","50545818","50546109","40","72921522"
"chr12","123580536","123580728","chr19","53087200","53087382","35","70493336"
"chr12","123627580","123627890","chrX","49226498","49226807","40","74401082"
"chr12","123646530","123646808","chr1","204307037","204307312","31","80660507"
"chr12","123773469","123773758","chr17","58476340","58476622","40","65297129"
"chr12","123963384","123963690","chr4","34313371","34313675","35","89650013"
"chr12","123969305","123969602","chr6","155329774","155330069","44","31360469"
"chr12","123974920","123975181","chr8","42333220","42333488","40","81641700"
"chr12","123977465","123977763","chr2","121249455","121249754","36","2728010"
"chr12","124008992","124009181","chr5","13274636","13274819","28","110734356"
"chr12","124009449","124009548","chr1","216487518","216487610","15","92478069"
"chr12","124077297","124077612","chr4","5955341","5955651","34","118121956"
"chr12","124117448","124117747","chr14","2713092","2713395","38","121404356"
"chr12","124118978","124119216","chr6","95803461","95803694","33","28315517"
"chr12","124151360","124151667","chrX","53714392","53714701","33","70436968"
"chr12","124205191","124205461","chr3","10459246","10459518","41","113745945"
"chr12","124252351","124252646","chr12","121351661","121351954","31","2900690"
"chr12","124277362","124277556","chr16","26139167","26139373","42","98138195"
"chr12","124355321","124355617","chr8","55701178","55701478","33","68654143"
"chr12","124372353","124372661","chr8","105120121","105120431","31","19252232"
"chr12","124409321","124409618","chr6","165048980","165049278","35","40639659"
"chr12","124531901","124532190","chr13","68530211","68530499","37","56001690"
"chr12","124536870","124537170","chrX","111903412","111903713","36","12633458"
"chr12","124573874","124574062","chr19","12959091","12959278","39","111614783"
"chr12","124649487","124649784","chr11","108584077","108584374","29","16065410"
"chr12","124806954","124807262","chr17","16036823","16037127","35","108770131"
"chr12","124984765","124985073","chr1","37134164","37134472","36","87850601"
"chr12","125151245","125151521","chr3","10459246","10459518","36","114691999"
"chr12","125700069","125700371","chr11","56089370","56089672","30","69610699"
"chr12","125769152","125769402","chr13","89963513","89963765","28","35805639"
"chr12","125822443","125822674","chr11","46544888","46545108","41","79277555"
"chr12","125870894","125871187","chr3","49347231","49347511","54","76523663"
"chr12","125923025","125923319","chr11","125183453","125183743","31","739572"
"chr12","125970450","125970762","chr16","3245842","3246150","28","122724608"
"chr12","126079839","126080013","chr2","15318266","15318436","28","110761573"
"chr12","126282748","126283027","chr18","15136330","15136609","39","111146418"
"chr12","126711036","126711346","chr12","53794207","53794517","34","72916829"
"chr12","126713897","126714195","chr11","125987387","125987697","32","726510"
"chr12","127024295","127024474","chr5","46476035","46476209","31","80548260"
"chr12","127281802","127282101","chr8","137312187","137312490","32","10030385"
"chr12","127807076","127807355","chr8","115461075","115461370","38","12346001"
"chr12","127820326","127820641","chr9","93872647","93872956","37","33947679"
"chr12","127903651","127903949","chr6","1092742","1093043","28","126810909"
"chr12","128001266","128001563","chr9","122669326","122669615","34","5331940"
"chr12","128107927","128108221","chrX","67476646","67476941","32","60631281"
"chr12","128641171","128641437","chr11","127956325","127956598","29","684846"
"chr12","128851595","128851848","chr3","125944975","125945201","50","2906620"
"chr12","128888421","128888598","chr5","46476035","46476209","36","82412386"
"chr12","128976056","128976352","chr19","45770144","45770438","32","83205912"
"chr12","129447902","129448194","chr5","184105008","184105299","37","54657106"
"chr12","129539214","129539493","chr11","128835414","128835698","23","703800"
"chr12","129847264","129847570","chr3","154073284","154073589","38","24226020"
"chr12","129849600","129849895","chr17","81322280","81322575","26","48527320"
"chr12","129853333","129853637","chr3","8024467","8024770","39","121828866"
"chr12","129864943","129865249","chr14","7929669","7929979","39","121935274"
"chr12","130504557","130504762","chr5","172090157","172090356","48","41585600"
"chr12","130620181","130620490","chr20","40335976","40336280","32","90284205"
"chr12","130638035","130638317","chr16","18953564","18953844","32","111684471"
"chr12","130989184","130989482","chr4","154039231","154039527","31","23050047"
"chr12","131436059","131436334","chr4","15759988","15760269","33","115676071"
"chr12","131626121","131626430","chr6","176790550","176790858","34","45164429"
"chr12","131676651","131676946","chr4","21780067","21780362","32","109896584"
"chr12","131806473","131806747","chr19","31867605","31867887","49","99938868"
"chr12","131870660","131870956","chr12","18034432","18034730","30","113836228"
"chr12","131873241","131873546","chr7","65561331","65561641","37","66311910"
"chr12","132255021","132255319","chr11","132096515","132096818","34","158506"
"chr12","132737520","132737821","chr11","132192779","132193080","26","544741"
"chr12","132870631","132870926","chr3","48912719","48913013","37","83957912"
"chr12","132901101","132901398","chr2","195505774","195506079","42","62604673"
"chr12","132933726","132934022","chr8","55701178","55701478","28","77232548"
"chr12","132967249","132967546","chr6","174905209","174905512","31","41937960"
"chr12","133049283","133049581","chrX","18394346","18394650","39","114654937"
"chr12","133115896","133116095","chr4","11102991","11103196","35","122012905"
"chr12","133365118","133365413","chr4","170001134","170001432","39","36636016"
"chr12","133592225","133592529","chr4","5489368","5489669","38","128102857"
"chr12","133724426","133724730","chr1","113416703","113417005","34","20307723"
"chr12","133790298","133790565","chr11","133620913","133621179","31","169385"
"chr12","133793000","133793266","chr15","44422532","44422812","44","89370468"
"chr12","133914000","133914298","chr13","106164334","106164628","32","27749666"
"chr12","133976000","133976292","chr1","3203962","3204254","29","130772038"
"chr12","133977104","133977368","chr11","133458028","133458296","35","519076"
"chr12","134005405","134005706","chr10","663232","663537","35","133342173"
"chr12","134057401","134057694","chr13","62657874","62658168","33","71399527"
"chr12","134109169","134109467","chr11","15282559","15282855","29","118826610"
"chr12","134151118","134151413","chr11","133284082","133284377","31","867036"
"chr12","134180929","134181231","chr7","41707840","41708139","41","92473089"
"chr12","134191651","134191955","chr4","36717241","36717544","45","97474410"
"chr12","134197137","134197433","chr2","5763005","5763294","35","128434132"
"chr13","57933743","57934038","chr17","37808892","37809184","27","20124851"
"chr13","18407452","18407751","chr7","127065845","127066144","28","108658393"
"chr13","18594921","18595223","chr4","36717241","36717544","30","18122320"
"chr13","18646349","18646656","chr1","54184910","54185214","31","35538561"
"chr13","18700930","18701218","chr17","64857","65145","29","18636073"
"chr13","18751527","18751754","chr17","374017","374245","27","18377510"
"chr13","18854418","18854626","chr6","63630625","63630830","50","44776207"
"chr13","19092405","19092704","chr19","229466","229765","29","18862939"
"chr13","19152544","19152833","chr5","727768","728058","31","18424776"
"chr13","19155394","19155573","chr3","127934070","127934247","39","108778676"
"chr13","19170381","19170553","chr3","76215454","76215617","34","57045073"
"chr13","19260952","19261180","chr17","374017","374245","27","18886935"
"chr13","19272512","19272817","chr14","18653571","18653875","32","618941"
"chr13","19307032","19307330","chr7","1749091","1749386","30","17557941"
"chr13","19475802","19475957","chr9","102901345","102901504","24","83425543"
"chr13","19535032","19535332","chr1","114866076","114866380","33","95331044"
"chr13","19686487","19686602","chr19","17707348","17707458","31","1979139"
"chr13","19739630","19739920","chr19","15122632","15122923","32","4616998"
"chr13","19891983","19892293","chrX","49226498","49226807","41","29334515"
"chr13","19949028","19949311","chr4","137261768","137262054","31","117312740"
"chr13","20012917","20013187","chr15","40740998","40741268","29","20728081"
"chr13","20051954","20052262","chr19","15978488","15978799","26","4073466"
"chr13","20094514","20094813","chrX","80243775","80244076","28","60149261"
"chr13","20152900","20153199","chrX","12237021","12237319","33","7915879"
"chr13","20232893","20232939","chr20","54495305","54495348","12","34262412"
"chr13","20233524","20233693","chr1","129407736","129407901","28","109174212"
"chr13","20445678","20445984","chr14","2713092","2713395","37","17732586"
"chr13","20465646","20465940","chr9","107225403","107225696","41","86759757"
"chr13","20472270","20472566","chrX","53373397","53373691","29","32901127"
"chr13","20474135","20474424","chr15","110079404","110079689","31","89605269"
"chr13","20539016","20539291","chr2","202730810","202731090","36","182191794"
"chr13","20540669","20540810","chr7","3648725","3648875","34","16891944"
"chr13","20582298","20582604","chr19","44754788","44755097","33","24172490"
"chr13","20598892","20599176","chr17","27738389","27738674","32","7139497"
"chr13","20621047","20621346","chr7","61608289","61608587","50","40987242"
"chr13","20624682","20624865","chr1","19159458","19159639","20","1465224"
"chr13","20625008","20625252","chr3","25822217","25822476","43","5197209"
"chr13","20625317","20625605","chr20","30937004","30937299","33","10311687"
"chr13","20817622","20817921","chr10","43839356","43839661","47","23021734"
"chr13","20896609","20896906","chr2","47824467","47824767","36","26927858"
"chr13","21080449","21080756","chr17","1826651","1826962","28","19253798"
"chr13","22335323","22335545","chrX","385889","386107","30","21949434"
"chr13","22439652","22439961","chr19","15978488","15978799","35","6461164"
"chr13","22594686","22594956","chrX","142756177","142756458","41","120161491"
"chr13","22603289","22603551","chr5","97193627","97193890","35","74590338"
"chr13","22605830","22606115","chr7","54556637","54556922","30","31950807"
"chr13","22721429","22721729","chr6","134848835","134849132","31","112127406"
"chr13","22736979","22737273","chr10","159686","159982","30","22577293"
"chr13","22741360","22741666","chr4","134852861","134853168","29","112111501"
"chr13","22867741","22868046","chr19","4336492","4336799","31","18531249"
"chr13","22910867","22911163","chr16","5239913","5240211","36","17670954"
"chr13","23084236","23084546","chr10","72031369","72031681","32","48947133"
"chr13","23089065","23089378","chr8","105120121","105120431","27","82031056"
"chr13","23289260","23289426","chrX","51786687","51786849","26","28497427"
"chr13","23517961","23518268","chr15","43831651","43831953","38","20313690"
"chr13","23670762","23671074","chrX","872740","873049","31","22798022"
"chr13","23725903","23726102","chr2","19456206","19456401","37","4269697"
"chr13","23924202","23924333","chr12","44446201","44446332","11","20521999"
"chr13","23924334","23924346","chr15","80975640","80975651","9","57051306"
"chr13","23925353","23925519","chr1","130615501","130615669","36","106690148"
"chr13","24096406","24096611","chr6","63630625","63630830","50","39534219"
"chr13","24301815","24302115","chr17","4500215","4500512","29","19801600"
"chr13","24318222","24318520","chr5","139847501","139847800","31","115529279"
"chr13","24779569","24779864","chr9","95351649","95351942","36","70572080"
"chr13","24787847","24788141","chr16","53471796","53472091","38","28683949"
"chr13","24838786","24839069","chr13","97520871","97521154","31","72682085"
"chr13","24916027","24916302","chr19","977332","977606","31","23938695"
"chr13","25025615","25025907","chr17","5170547","5170846","25","19855068"
"chr13","25092137","25092443","chr5","51423127","51423433","32","26330990"
"chr13","25233149","25233287","chr10","82796400","82796530","29","57563251"
"chr13","25441009","25441314","chr11","55112246","55112549","31","29671237"
"chr13","25640118","25640396","chr1","62346723","62347002","37","36706605"
"chr13","25672734","25673009","chr1","204307037","204307312","32","178634303"
"chr13","25835880","25836166","chr4","14767025","14767311","34","11068855"
"chr13","26328710","26328903","chr17","39176135","39176331","35","12847425"
"chr13","26717646","26717966","chr12","98050892","98051201","41","71333246"
"chr13","26773486","26773774","chr17","6800747","6801047","39","19972739"
"chr13","27431603","27431792","chr17","39176135","39176331","41","11744532"
"chr13","27532104","27532414","chr17","7441813","7442128","29","20090291"
"chr13","27551078","27551234","chr6","29330373","29330523","36","1779295"
"chr13","27577124","27577425","chr3","48879684","48879984","30","21302560"
"chr13","27616010","27616272","chr6","168225191","168225463","47","140609181"
"chr13","27631409","27631676","chr8","42333220","42333488","39","14701811"
"chr13","27714830","27715086","chr3","48792530","48792802","49","21077700"
"chr13","27718662","27718968","chr7","133713996","133714306","43","105995334"
"chr13","27857585","27857803","chr4","4618631","4618854","39","23238954"
"chr13","27948297","27948599","chr16","4729688","4729979","31","23218609"
"chr13","28019096","28019401","chr4","5357211","5357521","32","22661885"
"chr13","28185297","28185579","chr17","8115491","8115775","22","20069806"
"chr13","28381387","28381675","chr9","64106021","64106313","34","35724634"
"chr13","28393664","28393960","chr7","61781005","61781304","31","33387341"
"chr13","28522486","28522780","chr7","154966593","154966888","36","126444107"
"chr13","28944348","28944528","chr3","127934070","127934247","30","98989722"
"chr13","28944529","28944856","chr18","66820150","66820460","50","37875621"
"chr13","29230223","29230510","chr17","9290060","9290344","29","19940163"
"chr13","29531669","29531962","chr17","9523689","9523983","31","20007980"
"chr13","29571422","29571689","chr17","9563509","9563775","40","20007913"
"chr13","29572631","29572926","chr3","157812231","157812533","42","128239600"
"chr13","29583559","29583852","chr12","121351661","121351954","26","91768102"
"chr13","29731496","29731807","chr17","9701659","9701959","34","20029837"
"chr13","29795784","29796081","chr3","26174329","26174623","29","3621455"
"chr13","29804444","29804740","chr17","9771301","9771593","28","20033143"
"chr13","29929657","29929951","chr1","22411003","22411299","28","7518654"
"chr13","29988233","29988535","chrX","68503027","68503325","26","38514794"
"chr13","30065354","30065656","chr17","77872134","77872434","36","47806780"
"chr13","30105942","30106240","chr3","17986252","17986550","30","12119690"
"chr13","30119252","30119534","chr10","91639284","91639566","31","61520032"
"chr13","30137845","30138038","chr16","49440030","49440218","46","19302185"
"chr13","30791400","30791698","chrX","52884540","52884848","41","22093140"
"chr13","30944825","30945130","chr3","81656161","81656467","33","50711336"
"chr13","31039386","31039689","chr14","2713092","2713395","43","28326294"
"chr13","31462711","31463019","chr9","93872647","93872956","32","62409936"
"chr13","31763508","31763804","chr11","50593379","50593674","34","18829871"
"chr13","31960319","31960626","chr12","85215378","85215688","37","53255059"
"chr13","31993402","31993719","chr17","11886303","11886610","34","20107099"
"chr13","32105006","32105318","chr1","216542963","216543268","47","184437957"
"chr13","32129295","32129602","chr7","87947189","87947499","37","55817894"
"chr13","32134701","32134992","chr3","26174329","26174623","32","5960372"
"chr13","32142807","32142984","chr16","41943604","41943785","46","9800797"
"chr13","32215474","32215770","chr17","12089660","12089959","37","20125814"
"chr13","32726629","32726943","chr1","92520157","92520464","36","59793528"
"chr13","32847299","32847601","chr15","104401844","104402147","33","71554545"
"chr13","32988851","32989092","chr2","55729004","55729244","31","22740153"
"chr13","32991543","32991795","chr4","53327148","53327407","47","20335605"
"chr13","33010170","33010465","chr19","1147467","1147760","35","31862703"
"chr13","33215001","33215303","chr7","115628661","115628967","33","82413660"
"chr13","33253299","33253589","chr2","203454104","203454390","36","170200805"
"chr13","33258524","33258827","chr17","13166888","13167182","33","20091636"
"chr13","33274181","33274358","chr9","62270006","62270180","31","28995825"
"chr13","33310113","33310412","chr12","101103303","101103605","32","67793190"
"chr13","33536783","33537082","chr17","13442086","13442385","35","20094697"
"chr13","33605234","33605524","chr2","63419289","63419578","34","29814055"
"chr13","33917399","33917693","chr2","158413486","158413766","43","124496087"
"chr13","33965061","33965382","chr16","9820558","9820883","38","24144503"
"chr13","34538665","34538958","chr14","26706685","26706973","41","7831980"
"chr13","35517715","35518019","chr4","88700124","88700424","29","53182409"
"chr13","35572575","35572866","chrX","67476646","67476941","28","31904071"
"chr13","35576352","35576665","chr17","15463274","15463591","29","20113078"
"chr13","35602015","35602211","chr8","28319108","28319307","43","7282907"
"chr13","35987002","35987308","chr4","71292858","71293156","35","35305856"
"chr13","36198897","36199208","chrX","130126302","130126612","42","93927405"
"chr13","36271404","36271745","chr7","134448061","134448398","54","98176657"
"chr13","36283957","36284254","chr17","16123214","16123508","23","20160743"
"chr13","36369183","36369480","chr11","108584077","108584374","30","72214894"
"chr13","36602929","36603219","chrX","63053911","63054208","36","26450982"
"chr13","36642618","36642912","chr15","41981020","41981317","39","5338402"
"chr13","37191824","37192127","chr11","98848584","98848879","41","61656760"
"chr13","37706203","37706503","chr3","7367921","7368221","34","30338282"
"chr13","37857176","37857475","chr1","34922657","34922952","40","2934519"
"chr13","38014107","38014411","chr17","17748909","17749200","41","20265198"
"chr13","38300946","38301252","chr12","115108242","115108542","32","76807296"
"chr13","38367436","38367714","chr16","68115412","68115689","45","29747976"
"chr13","46156760","46157043","chr17","25636551","25636835","21","20520209"
"chr13","46176144","46176443","chrX","130126302","130126612","38","83950158"
"chr13","46226387","46226689","chr14","118913053","118913356","27","72686666"
"chr13","46236071","46236366","chr10","32379745","32380039","29","13856326"
"chr13","46462350","46462634","chr20","17005195","17005484","34","29457155"
"chr13","47263291","47263587","chr11","15282559","15282855","30","31980732"
"chr13","47520961","47521260","chr4","88700124","88700424","33","41179163"
"chr13","48278562","48278864","chr3","8024467","8024770","31","40254095"
"chr13","48659031","48659321","chr20","58879055","58879342","27","10220024"
"chr13","49041297","49041598","chr17","28577647","28577945","35","20463650"
"chr13","49067240","49067521","chr6","76314318","76314602","36","27247078"
"chr13","49216713","49217016","chr6","173896362","173896661","41","124679649"
"chr13","49225021","49225317","chr12","121351661","121351954","33","72126640"
"chr13","49361802","49362101","chrX","12237021","12237319","28","37124781"
"chr13","49401848","49402013","chrX","51786687","51786849","27","2384839"
"chr13","49554996","49555289","chr6","1092742","1093043","33","48462254"
"chr13","49666868","49667167","chr1","34437740","34438040","28","15229128"
"chr13","49711313","49711623","chr17","29336598","29336906","24","20374715"
"chr13","49738396","49738721","chr4","5955341","5955651","41","43783055"
"chr13","49846418","49846691","chr11","47768250","47768530","36","2078168"
"chr13","50758353","50758639","chr1","24622085","24622374","35","26136268"
"chr13","51008656","51008950","chr10","87136170","87136463","30","36127514"
"chr13","51135262","51135568","chrX","130126302","130126612","36","78991040"
"chr13","51203255","51203546","chrX","1027768","1028060","35","50175487"
"chr13","51252433","51252727","chr7","154966593","154966888","32","103714160"
"chr13","51615437","51615714","chr1","204307037","204307312","37","152691600"
"chr13","51808383","51808692","chr8","102066272","102066577","37","50257889"
"chr13","51820884","51821175","chr2","57288005","57288297","36","5467121"
"chr13","52099817","52100084","chr17","31702143","31702419","36","20397674"
"chr13","52111273","52111577","chr6","1092742","1093043","36","51018531"
"chr13","52123425","52123702","chr17","31732718","31733013","32","20390707"
"chr13","52159269","52159557","chr3","2538496","2538783","39","49620773"
"chr13","52190836","52191131","chr2","149644045","149644340","26","97453209"
"chr13","52194457","52194616","chr5","18060035","18060193","18","34134422"
"chr13","52551231","52551534","chr2","44364597","44364899","24","8186634"
"chr13","52953354","52953604","chr3","40349690","40349929","57","12603664"
"chr13","53089601","53089910","chr17","32705247","32705552","30","20384354"
"chr13","53127960","53128252","chr19","40872250","40872551","33","12255710"
"chr13","53158715","53159011","chr1","26856251","26856535","47","26302464"
"chr13","53178593","53178903","chr10","67242450","67242757","41","14063857"
"chr13","53289926","53290224","chr4","47985122","47985420","28","5304804"
"chr13","53315988","53316299","chr13","39352330","39352639","39","13963658"
"chr13","54426271","54426572","chr17","34043771","34044072","32","20382500"
"chr13","54534204","54534518","chr6","176464782","176465093","50","121930578"
"chr13","55091649","55091957","chr16","52683881","52684192","42","2407768"
"chr13","55103216","55103426","chr16","2403367","2403581","41","52699849"
"chr13","55292934","55293256","chr17","34992765","34993083","46","20300169"
"chr13","56256098","56256360","chr3","120331133","120331392","43","64075035"
"chr13","56316793","56317101","chr17","36072895","36073203","29","20243898"
"chr13","57564337","57564630","chr4","163595829","163596114","44","106031492"
"chr13","57594406","57594676","chr14","112579862","112580130","38","54985456"
"chr13","57684467","57684748","chr4","18133060","18133339","30","39551407"
"chr13","57776566","57776722","chr2","138717064","138717223","40","80940498"
"chr13","57810027","57810326","chr16","39803439","39803737","32","18006588"
"chr13","58363131","58363417","chr16","52030781","52031071","41","6332350"
"chr13","58391411","58391709","chr8","92404472","92404769","39","34013061"
"chr13","58510753","58511043","chr1","19563103","19563398","37","38947650"
"chr13","58761485","58761799","chr4","54599855","54600165","45","4161630"
"chr13","59126040","59126339","chr20","57205726","57206029","36","1920314"
"chr13","59228894","59229189","chr8","41718631","41718927","30","17510263"
"chr13","59246995","59247308","chr19","47683243","47683554","39","11563752"
"chr13","59298577","59298862","chr4","36154204","36154490","35","23144373"
"chr13","59474823","59475118","chr3","42549802","42550094","35","16925021"
"chr13","59605179","59605476","chr17","39625090","39625389","28","19980089"
"chr13","60056051","60056339","chr17","40096003","40096290","33","19960048"
"chr13","61245339","61245631","chr19","48268934","48269229","44","12976405"
"chr13","61362212","61362515","chr13","32770451","32770753","27","28591761"
"chr13","61496386","61496695","chr2","142846173","142846480","34","81349787"
"chr13","61821914","61822215","chr6","173896362","173896661","39","112074448"
"chr13","62183107","62183416","chr12","364819","365130","34","61818288"
"chr13","62632037","62632209","chr16","19832147","19832321","22","42799890"
"chr13","62772879","62773181","chr17","43033507","43033806","30","19739372"
"chr13","62830512","62830800","chr9","17787705","17787989","37","45042807"
"chr13","63007737","63008035","chrX","140977303","140977601","33","77969566"
"chr13","63152887","63153191","chrX","80243775","80244076","34","17090888"
"chr13","63272644","63272929","chrX","117589965","117590253","33","54317321"
"chr13","63333328","63333629","chr16","11360126","11360421","37","51973202"
"chr13","64376651","64376949","chrX","12237021","12237319","29","52139630"
"chr13","64420163","64420472","chrX","52884540","52884848","35","11535623"
"chr13","64439823","64440124","chr4","88700124","88700424","31","24260301"
"chr13","65234187","65234475","chr13","15627280","15627569","41","49606907"
"chr13","65378851","65379026","chr17","13116329","13116498","33","52262522"
"chr13","65476690","65476978","chr6","136087738","136088027","36","70611048"
"chr13","65482857","65483103","chr17","46163058","46163308","31","19319799"
"chr13","65662249","65662550","chr2","78194236","78194537","39","12531987"
"chr13","66290332","66290630","chr17","47079220","47079521","36","19211112"
"chr13","66331127","66331437","chr16","3520694","3521001","37","62810433"
"chr13","66901312","66901605","chr12","1873342","1873636","30","65027970"
"chr13","67408202","67408497","chr11","2975553","2975850","38","64432649"
"chr13","67546251","67546443","chr8","142875829","142876020","33","75329578"
"chr13","67808153","67808445","chr5","184105008","184105299","42","116296855"
"chr13","68556486","68556741","chr1","5957723","5957979","33","62598763"
"chr13","69304512","69304794","chr3","12332767","12333051","31","56971745"
"chr13","69594757","69595065","chr11","124970397","124970706","40","55375640"
"chr13","69632389","69632578","chr10","17123065","17123263","37","52509324"
"chr13","70204679","70204966","chr8","93631919","93632210","39","23427240"
"chr13","70268346","70268652","chr12","19620918","19621225","38","50647428"
"chr13","70446335","70446611","chr17","51579618","51579898","43","18866717"
"chr13","70465654","70465945","chr3","128815519","128815810","28","58349865"
"chr13","70494115","70494410","chr12","124218850","124219146","31","53724735"
"chr13","71066098","71066389","chr5","117401080","117401372","39","46334982"
"chr13","71300019","71300276","chr8","29256394","29256650","31","42043625"
"chr13","71357599","71357872","chr3","10459246","10459518","41","60898353"
"chr13","71382497","71382800","chr3","174874392","174874697","38","103491895"
"chr13","71610938","71611254","chr19","19786248","19786566","44","51824690"
"chr13","71874394","71874648","chr17","53142887","53143143","15","18731507"
"chr13","72096785","72097083","chr6","1092742","1093043","29","71004043"
"chr13","72426735","72427048","chr17","53681549","53681876","37","18745186"
"chr13","72461200","72461478","chr3","15583211","15583499","43","56877989"
"chr13","72541057","72541341","chr8","65531215","65531499","33","7009842"
"chr13","72665791","72666097","chrX","106789327","106789625","37","34123536"
"chr13","72688028","72688187","chr1","129407736","129407901","45","56719708"
"chr13","72912216","72912516","chr17","54178070","54178371","30","18734146"
"chr13","73056505","73056801","chr3","77744436","77744731","33","4687931"
"chr13","73092260","73092544","chr14","32498007","32498292","33","40594253"
"chr13","73094223","73094526","chr6","177249478","177249776","36","104155255"
"chr13","73451156","73451458","chr17","54724383","54724682","28","18726773"
"chr13","73469401","73469692","chr9","115259231","115259523","32","41789830"
"chr13","73794254","73794561","chr13","31472571","31472878","30","42321683"
"chr13","73814660","73814946","chr17","55075701","55075980","35","18738959"
"chr13","74125242","74125526","chr2","63419289","63419578","33","10705953"
"chr13","74649577","74649873","chr1","61388678","61388976","29","13260899"
"chr13","74936302","74936470","chr1","129407736","129407901","24","54471434"
"chr13","75315368","75315669","chr13","92512308","92512602","30","17196940"
"chr13","75407274","75407592","chr1","14303037","14303352","39","61104237"
"chr13","75452893","75453055","chr18","12359809","12359972","14","63093084"
"chr13","75497644","75497945","chr17","56816869","56817165","24","18680775"
"chr13","75623236","75623514","chr13","61154306","61154584","42","14468930"
"chr13","75705767","75706074","chr1","54184910","54185214","24","21520857"
"chr13","76361980","76362085","chr1","22941685","22941780","27","53420295"
"chr13","76362342","76362540","chr16","50695670","50695872","34","25666672"
"chr13","76721903","76722211","chrX","52884540","52884848","33","23837363"
"chr13","76773377","76773670","chr11","108584077","108584374","35","31810700"
"chr13","77089346","77089494","chr11","133328099","133328256","38","56238753"
"chr13","77094897","77095173","chr17","58476340","58476622","28","18618557"
"chr13","77280853","77281013","chr7","129362850","129363013","25","52081997"
"chr13","77406102","77406423","chr7","35399714","35400013","56","42006388"
"chr13","77410780","77411058","chr9","97524266","97524544","41","20113486"
"chr13","77543718","77543985","chr13","28883914","28884184","44","48659804"
"chr13","77588682","77588992","chrX","130126302","130126612","28","52537620"
"chr13","77592948","77593256","chrX","130126302","130126612","27","52533354"
"chr13","78260955","78261251","chr17","59616108","59616406","33","18644847"
"chr13","78592966","78593271","chr1","165996033","165996341","40","87403067"
"chr13","78799601","78799898","chr17","60171116","60171413","30","18628485"
"chr13","79153917","79154216","chrX","23385684","23385982","34","55768233"
"chr13","79217350","79217643","chr1","22411003","22411299","31","56806347"
"chr13","79400762","79401031","chr3","73072783","73073043","39","6327979"
"chr13","79942621","79942925","chr17","61267033","61267339","30","18675588"
"chr13","80317277","80317572","chr1","22411003","22411299","31","57906274"
"chr13","80391371","80391670","chr13","32770451","32770753","29","47620920"
"chr13","80484506","80484803","chr11","55619571","55619869","29","24864935"
"chr13","81791223","81791406","chr1","184069945","184070138","31","102278722"
"chr13","81849641","81849866","chr17","63182419","63182643","21","18667222"
"chr13","82223822","82224128","chr17","63566017","63566319","31","18657805"
"chr13","82315115","82315425","chr6","1092742","1093043","36","81222373"
"chr13","82396156","82396434","chr17","63753773","63754035","41","18642383"
"chr13","82459817","82460125","chr10","72031369","72031681","34","10428448"
"chr13","82581340","82581622","chr20","26097479","26097758","36","56483861"
"chr13","82691018","82691326","chr1","54184910","54185214","33","28506108"
"chr13","82956960","82957244","chr2","187089411","187089694","35","104132451"
"chr13","83177307","83177610","chr2","137086392","137086686","56","53909085"
"chr13","83299652","83299800","chr7","3648725","3648875","37","79650927"
"chr13","83627601","83627894","chr16","45293600","45293890","37","38334001"
"chr13","83851494","83851759","chr17","65277714","65277977","31","18573780"
"chr13","83860423","83860749","chr1","216542963","216543268","56","132682540"
"chr13","84092081","84092383","chr1","61388678","61388976","40","22703403"
"chr13","84470499","84470784","chr1","22411003","22411299","50","62059496"
"chr13","85474040","85474333","chr7","131629510","131629800","36","46155470"
"chr13","85622516","85622807","chr4","3379423","3379712","33","82243093"
"chr13","85645500","85645810","chr3","175600659","175600961","34","89955159"
"chr13","85667972","85668292","chr6","114389956","114390274","52","28721984"
"chr13","85771689","85772003","chr17","67223286","67223594","36","18548403"
"chr13","85882486","85882787","chr17","67333566","67333871","32","18548920"
"chr13","86024448","86024651","chr17","67488627","67488830","19","18535821"
"chr13","86143608","86143932","chr3","1996314","1996638","40","84147294"
"chr13","86248274","86248583","chr19","41770584","41770893","29","44477690"
"chr13","86661918","86662183","chr1","216888899","216889162","37","130226981"
"chr13","86990062","86990331","chr17","68349408","68349683","36","18640654"
"chr13","87106903","87107198","chr11","108584077","108584374","26","21477174"
"chr13","87435493","87435777","chrX","30317725","30318004","33","57117768"
"chr13","87457317","87457634","chrX","130126302","130126612","40","42668985"
"chr13","87726759","87727088","chr2","195784938","195785260","55","108058179"
"chr13","88034645","88034961","chr10","72031369","72031681","42","16003276"
"chr13","88354376","88354579","chr17","69785672","69785881","31","18568704"
"chr13","88532854","88533161","chr7","1749091","1749386","46","86783763"
"chr13","88538373","88538670","chr10","33539731","33540024","40","54998642"
"chr13","88936327","88936637","chr1","81816855","81817165","41","7119472"
"chr13","89318029","89318333","chr2","201692382","201692687","38","112374353"
"chr13","89456911","89457217","chr3","81656161","81656467","35","7800750"
"chr13","89513126","89513411","chrX","117589965","117590253","37","28076839"
"chr13","89570976","89571269","chr2","149644045","149644340","33","60073069"
"chr13","89675390","89675649","chr12","81755596","81755855","28","7919794"
"chr13","89857557","89857855","chr11","122284883","122285181","32","32427326"
"chr13","89911603","89911848","chr2","199701165","199701413","38","109789562"
"chr13","89914602","89914844","chr17","71540672","71540920","28","18373930"
"chr13","89962955","89963176","chr10","35244606","35244821","40","54718349"
"chr13","89968634","89968922","chr2","109381027","109381314","35","19412393"
"chr13","90089097","90089388","chr14","66326782","66327072","39","23762315"
"chr13","90124028","90124344","chr8","102873637","102873952","37","12749609"
"chr13","90264715","90265019","chr17","71932663","71932968","36","18332052"
"chr13","90347058","90347354","chr2","97742204","97742501","43","7395146"
"chr13","90435870","90436164","chr6","130404322","130404612","36","39968452"
"chr13","90501587","90501885","chr8","93631919","93632210","38","3130332"
"chr13","90583708","90584009","chr18","37945395","37945696","34","52638313"
"chr13","90819656","90819946","chr2","5733418","5733708","36","85086238"
"chr13","91224182","91224473","chr17","72801482","72801776","33","18422700"
"chr13","91254576","91254783","chr16","50695670","50695872","27","40558906"
"chr13","91255083","91255191","chr1","12339903","12339996","28","78915180"
"chr13","91492285","91492491","chr12","58289321","58289541","61","33202964"
"chr13","91992614","91992910","chr13","106164334","106164628","32","14171720"
"chr13","92074910","92075214","chr1","54184910","54185214","32","37890000"
"chr13","92105767","92106075","chr9","90039092","90039400","33","2066675"
"chr13","92228874","92229078","chr13","81318413","81318616","43","10910461"
"chr13","92230650","92230943","chr9","115549522","115549819","51","23318872"
"chr13","92253787","92254074","chr12","85600712","85601003","33","6653075"
"chr13","92331189","92331485","chr1","211674361","211674655","28","119343172"
"chr13","92356762","92357063","chr8","126450554","126450858","37","34093792"
"chr13","92437577","92437883","chr13","31472571","31472878","38","60965006"
"chr13","92449418","92449726","chr14","103953537","103953843","24","11504119"
"chr13","93056974","93057247","chr7","84527899","84528176","64","8529075"
"chr13","93257394","93257681","chr6","180011017","180011306","35","86753623"
"chr13","93721248","93721559","chr1","14303037","14303352","41","79418211"
"chr13","93942592","93942889","chr3","178771886","178772186","37","84829294"
"chr13","94751820","94752000","chr9","69069873","69070058","29","25681947"
"chr13","95247629","95247943","chr18","11323123","11323428","29","83924506"
"chr13","95481617","95481912","chrX","86181589","86181886","33","9300028"
"chr13","95486467","95486775","chr17","76950945","76951251","22","18535522"
"chr13","95504392","95504567","chr4","49540998","49541166","33","45963394"
"chr13","95521058","95521352","chr10","32971128","32971426","31","62549930"
"chr13","95558262","95558561","chr1","61388678","61388976","35","34169584"
"chr13","95564180","95564477","chr14","42813387","42813686","33","52750793"
"chr13","95573576","95573745","chr6","67570862","67571028","28","28002714"
"chr13","95608907","95609055","chrX","85303515","85303667","22","10305392"
"chr13","95724589","95724862","chr3","80674854","80675143","50","15049735"
"chr13","95734803","95735085","chr18","9429183","9429461","39","86305620"
"chr13","95946758","95946987","chr12","97830658","97830883","34","1883900"
"chr13","95991922","95992195","chr17","77451313","77451573","30","18540609"
"chr13","96169128","96169428","chr4","6021240","6021544","35","90147888"
"chr13","96193341","96193609","chr20","68769503","68769770","39","27423838"
"chr13","96540981","96541291","chr9","115861972","115862277","36","19320991"
"chr13","96625471","96625718","chr14","56616221","56616461","44","40009250"
"chr13","96673299","96673607","chrX","872740","873049","33","95800559"
"chr13","96732625","96732920","chr9","61585291","61585590","35","35147334"
"chr13","96778763","96779067","chr3","181513518","181513820","36","84734755"
"chr13","96917399","96917708","chrX","872740","873049","34","96044659"
"chr13","97503702","97503940","chr17","78944907","78945145","33","18558795"
"chr13","97684421","97684665","chr6","137336921","137337169","34","39652500"
"chr13","97703180","97703499","chr17","79202720","79203037","35","18500460"
"chr13","98158428","98158715","chr6","173896362","173896661","37","75737934"
"chr13","98224896","98225177","chrX","91745750","91746037","36","6479146"
"chr13","98270868","98271176","chr4","127363604","127363914","34","29092736"
"chr13","98324403","98324689","chr1","7335571","7335868","41","90988832"
"chr13","98375932","98376245","chr17","79837029","79837333","41","18538903"
"chr13","98575349","98575648","chr15","8488410","8488711","38","90086939"
"chr13","98771387","98771693","chr16","7998993","7999300","28","90772394"
"chr13","98799700","98799978","chr17","80276837","80277109","34","18522863"
"chr13","98856537","98856838","chr10","38772882","38773178","36","60083655"
"chr13","98858817","98859116","chr2","27813797","27814098","42","71045020"
"chr13","98890020","98890326","chr1","54184910","54185214","33","44705110"
"chr13","98922306","98922599","chr3","15260287","15260583","37","83662019"
"chr13","98926005","98926299","chr15","8772788","8773081","38","90153217"
"chr13","98951940","98952246","chrX","12237021","12237319","35","86714919"
"chr13","99068800","99069082","chr7","23493750","23494033","31","75575050"
"chr13","99355218","99355518","chr6","1092742","1093043","38","98262476"
"chr13","99395771","99396077","chr1","54184910","54185214","35","45210861"
"chr13","99416371","99416682","chr7","20386706","20387015","38","79029665"
"chr13","99489966","99490273","chr7","61781005","61781304","40","37708961"
"chr13","99860773","99861067","chr16","31223636","31223938","32","68637137"
"chr13","99891835","99892019","chr1","27458576","27458745","48","72433259"
"chr13","99945148","99945454","chrX","53714392","53714701","36","46230756"
"chr13","99970660","99970958","chr17","81418659","81418965","35","18552001"
"chr13","100264390","100264680","chr14","68491735","68492017","43","31772655"
"chr13","100306819","100307119","chr7","166020953","166021249","34","65714134"
"chr13","100397886","100398180","chr11","15282559","15282855","33","85115327"
"chr13","100444234","100444369","chr5","18060035","18060193","42","82384199"
"chr13","100446189","100446324","chr5","18060035","18060193","42","82386154"
"chr13","100562021","100562325","chr3","44070862","44071165","35","56491159"
"chr13","100601204","100601494","chr5","41819509","41819795","32","58781695"
"chr13","100768282","100768576","chr17","82184412","82184713","23","18583870"
"chr13","100958032","100958317","chr17","82372430","82372718","23","18585602"
"chr13","100971840","100972134","chr3","26174329","26174623","27","74797511"
"chr13","101424369","101424643","chr1","53192216","53192497","33","48232153"
"chr13","101659001","101659311","chr10","12576748","12577055","44","89082253"
"chr13","101906497","101906786","chr8","41718631","41718927","30","60187866"
"chr13","101928736","101928885","chr5","34470826","34470968","48","67457910"
"chr13","101929286","101929451","chr17","83346487","83346658","21","18582799"
"chr13","101961187","101961351","chr3","76215454","76215617","30","25745733"
"chr13","103372523","103372717","chr17","39176135","39176331","32","64196388"
"chr13","103400326","103400617","chr10","87136170","87136463","32","16264156"
"chr13","103512035","103512302","chr10","12383555","12383796","83","91128480"
"chr13","103590047","103590346","chr8","427508","427807","31","103162539"
"chr13","103790011","103790314","chr1","52598711","52599014","37","51191300"
"chr13","104186242","104186523","chr3","135406449","135406724","45","31220207"
"chr13","104301072","104301374","chr17","85664958","85665267","44","18636114"
"chr13","104484492","104484755","chr17","85883906","85884174","36","18600586"
"chr13","104965689","104965989","chr15","109857905","109858208","33","4892216"
"chr13","104981624","104981928","chr1","25380611","25380914","37","79601013"
"chr13","105067292","105067591","chr11","108584077","108584374","29","3516785"
"chr13","105481317","105481613","chr2","80931447","80931742","38","24549870"
"chr13","105715736","105716051","chr18","10830565","10830883","43","94885171"
"chr13","105718393","105718680","chr1","113227649","113227937","42","7509256"
"chr13","105766987","105767253","chrX","69661138","69661419","43","36105849"
"chr13","105776368","105776673","chr13","39352330","39352639","40","66424038"
"chr13","106067631","106067929","chr17","87455056","87455356","28","18612575"
"chr13","106151230","106151542","chr20","57205726","57206029","44","48945504"
"chr13","106897666","106897971","chr7","26691320","26691618","33","80206346"
"chr13","107253503","107253814","chrX","872740","873049","33","106380763"
"chr13","107488563","107488869","chr8","65019239","65019549","36","42469324"
"chr13","107869375","107869672","chr2","84295934","84296234","34","23573441"
"chr13","107874598","107874883","chr4","18133060","18133339","30","89741538"
"chr13","108119068","108119373","chr12","115108242","115108542","37","6989174"
"chr13","108219248","108219518","chr17","89611113","89611385","30","18608135"
"chr13","108364553","108364844","chr15","108424452","108424741","40","59899"
"chr13","108536907","108537196","chr1","206153473","206153775","47","97616566"
"chr13","108870313","108870598","chr7","63363325","63363605","38","45506988"
"chr13","109158491","109158812","chr17","90540792","90541105","48","18617699"
"chr13","109241007","109241307","chr6","177249478","177249776","39","68008471"
"chr13","109377933","109378241","chr12","98050892","98051201","36","11327041"
"chr13","109477727","109478020","chr4","21309683","21309973","22","88168044"
"chr13","109544099","109544407","chrX","53714392","53714701","38","55829707"
"chr13","109622627","109622911","chr1","9771853","9772138","45","99850774"
"chr13","109674238","109674533","chr7","131629510","131629800","35","21955272"
"chr13","109889421","109889682","chr6","87855971","87856242","40","22033450"
"chr13","110146038","110146346","chr14","103953537","103953843","35","6192501"
"chr13","110251303","110251611","chr9","93872647","93872956","41","16378656"
"chr13","110739579","110739876","chr4","69409816","69410121","32","41329763"
"chr13","111080459","111080765","chr17","92379194","92379498","27","18701265"
"chr13","111118977","111119284","chr9","115861972","115862277","36","4742995"
"chr13","111272766","111273068","chr17","92563610","92563907","27","18709156"
"chr13","111449047","111449343","chr4","88700124","88700424","28","22748923"
"chr13","111822427","111822716","chr8","93631919","93632210","30","18190508"
"chr13","112172752","112173044","chr19","48904606","48904900","41","63268146"
"chr13","112189805","112190100","chr7","157656549","157656844","31","45466744"
"chr13","112888129","112888431","chr1","206202604","206202903","34","93314475"
"chr13","113333507","113333809","chr17","94125134","94125439","31","19208373"
"chr13","113338281","113338573","chr4","98323665","98323954","40","15014616"
"chr13","113399397","113399706","chr7","74256869","74257176","29","39142528"
"chr13","113652127","113652427","chrX","95082495","95082798","31","18569632"
"chr13","114014596","114014884","chr1","22411003","22411299","30","91603593"
"chr13","114268192","114268498","chr4","3752022","3752324","35","110516170"
"chr13","114435417","114435690","chr10","62984965","62985245","34","51450452"
"chr13","114962558","114962858","chr4","3017596","3017903","55","111944962"
"chr13","115109145","115109458","chr17","95540749","95541060","36","19568396"
"chr14","74448666","74448969","chr15","43831651","43831953","32","30617015"
"chr14","76677100","76677413","chr16","3245842","3246150","36","73431258"
"chr14","18569888","18570113","chr8","71178086","71178311","51","52608198"
"chr14","18570523","18570829","chr10","43240934","43241244","31","24670411"
"chr14","18580049","18580319","chr20","68769503","68769770","39","50189454"
"chr14","19012505","19012770","chr16","61041770","61042038","47","42029265"
"chr14","19235207","19235496","chr17","73904233","73904526","31","54669026"
"chr14","19325432","19325725","chr10","73354021","73354316","32","54028589"
"chr14","19421181","19421490","chr14","113353746","113354047","42","93932565"
"chr14","19609709","19609871","chrX","51786687","51786849","23","32176978"
"chr14","19652850","19653145","chr8","96562576","96562873","31","76909726"
"chr14","19821603","19821899","chr2","148671078","148671382","34","128849475"
"chr14","20116847","20117126","chr7","82463999","82464266","41","62347152"
"chr14","20124043","20124285","chr9","59169618","59169855","47","39045575"
"chr14","20127002","20127287","chr8","22716397","22716682","47","2589395"
"chr14","20174591","20174887","chr11","108584077","108584374","34","88409486"
"chr14","20191542","20191726","chr8","80113522","80113697","37","59921980"
"chr14","20229339","20229635","chr11","108584077","108584374","27","88354738"
"chr14","20247100","20247418","chr7","82601419","82601732","32","62354319"
"chr14","20384559","20384843","chr7","122823127","122823416","37","102438568"
"chr14","20394562","20394872","chr3","81124541","81124852","36","60729979"
"chr14","20634378","20634678","chr7","83031386","83031688","27","62397008"
"chr14","20993160","20993316","chr19","42189213","42189372","38","21196053"
"chr14","21027692","21027991","chr6","177249478","177249776","25","156221786"
"chr14","21454740","21455047","chr7","18025895","18026200","31","3428845"
"chr14","21544827","21545121","chr7","83941543","83941842","27","62396716"
"chr14","21661591","21661757","chrX","59842814","59842986","29","38181223"
"chr14","21726753","21727082","chr2","44364597","44364899","55","22637844"
"chr14","21767230","21767528","chr3","127920807","127921108","31","106153577"
"chr14","21942904","21943117","chr9","118887890","118888105","27","96944986"
"chr14","22088687","22088997","chrX","85355193","85355503","31","63266506"
"chr14","22129372","22129682","chrX","130126302","130126612","30","107996930"
"chr14","22378101","22378404","chr10","37769054","37769351","33","15390953"
"chr14","22390051","22390351","chr3","24924052","24924352","26","2534001"
"chr14","22415582","22415872","chr7","156581083","156581374","44","134165501"
"chr14","22455222","22455508","chr11","47264749","47265034","49","24809527"
"chr14","22685880","22686119","chr13","75472960","75473196","34","52787080"
"chr14","22889041","22889339","chr12","91512048","91512344","28","68623007"
"chr14","22912862","22913165","chr11","78578983","78579282","36","55666121"
"chr14","22979732","22980010","chr7","85546282","85546558","21","62566550"
"chr14","23693442","23693745","chr19","50863135","50863438","28","27169693"
"chr14","23855811","23856117","chrX","52884540","52884848","31","29028729"
"chr14","23877317","23877375","chr8","96081034","96081104","20","72203717"
"chr14","23877648","23877866","chr14","68323659","68323876","28","44446011"
"chr14","24109701","24109999","chr8","65030667","65030967","35","40920966"
"chr14","24243536","24243836","chr7","35399714","35400013","32","11156178"
"chr14","25000769","25000978","chr7","36517447","36517660","25","11516678"
"chr14","25367026","25367326","chr3","48879684","48879984","33","23512658"
"chr14","25396926","25397210","chr1","26856251","26856535","29","1459325"
"chr14","25769791","25770078","chr11","114867132","114867417","34","89097341"
"chr14","26601810","26602083","chr2","202602642","202602924","46","176000832"
"chr14","27547394","27547680","chr4","137261768","137262054","31","109714374"
"chr14","27600419","27600717","chr7","61608289","61608587","27","34007870"
"chr14","27650007","27650328","chrX","49226498","49226807","49","21576491"
"chr14","27656893","27657165","chr20","68769503","68769770","35","41112610"
"chr14","27667154","27667388","chr9","93688855","93689088","31","66021701"
"chr14","27706265","27706575","chr7","90186647","90186954","28","62480382"
"chr14","27713399","27713707","chr7","90194072","90194383","37","62480673"
"chr14","27762007","27762269","chr5","133076217","133076473","39","105314210"
"chr14","27796117","27796425","chr4","5955341","5955651","37","21840776"
"chr14","27844823","27845157","chr2","165606000","165606330","50","137761177"
"chr14","27856266","27856560","chr3","14647021","14647316","35","13209245"
"chr14","27982786","27983057","chr1","39874498","39874760","42","11891712"
"chr14","28293849","28294171","chr10","72588724","72589047","36","44294875"
"chr14","28297930","28298241","chr8","119831472","119831781","32","91533542"
"chr14","28301494","28301775","chr6","7095690","7095973","37","21205804"
"chr14","28393291","28393609","chrX","67274706","67275021","48","38881415"
"chr14","28418620","28418934","chr6","163853796","163854109","44","135435176"
"chr14","28739035","28739333","chr3","81656161","81656467","44","52917126"
"chr14","28995149","28995453","chr10","54460554","54460858","44","25465405"
"chr14","29156293","29156596","chr4","88700124","88700424","34","59543831"
"chr14","29324964","29325275","chr3","98926933","98927240","37","69601969"
"chr14","29421880","29422191","chr7","91936476","91936786","26","62514596"
"chr14","29802593","29802903","chr7","92319109","92319411","32","62516516"
"chr14","30022025","30022336","chr7","92550241","92550550","31","62528216"
"chr14","30115253","30115550","chr7","92641219","92641515","27","62525966"
"chr14","30172423","30172711","chr1","23507101","23507386","35","6665322"
"chr14","30249368","30249677","chr4","5357211","5357521","31","24892157"
"chr14","30263677","30263875","chr18","38999378","38999572","36","8735701"
"chr14","30265943","30266237","chr7","92791927","92792224","23","62525984"
"chr14","30301165","30301338","chr2","72885524","72885694","29","42584359"
"chr14","30330227","30330522","chr2","149644045","149644340","25","119313818"
"chr14","30332549","30332855","chr3","155960354","155960659","33","125627805"
"chr14","30333889","30334192","chr12","115108242","115108542","29","84774353"
"chr14","30715386","30715685","chr7","33636329","33636624","30","2920943"
"chr14","30760739","30761036","chr8","92569445","92569743","32","61808706"
"chr14","30780646","30780824","chr9","62270006","62270180","31","31489360"
"chr14","30796360","30796655","chr11","108584077","108584374","35","77787717"
"chr14","30819305","30819598","chr12","121351661","121351954","34","90532356"
"chr14","30842448","30842637","chrX","147147954","147148141","28","116305506"
"chr14","31008075","31008248","chr13","89859967","89860138","23","58851892"
"chr14","31028986","31029271","chr1","124793709","124793992","30","93764723"
"chr14","31147973","31148282","chr1","156547387","156547697","31","125399414"
"chr14","31387725","31387886","chr7","88306228","88306392","31","56918503"
"chr14","31938496","31938777","chrX","129312880","129313161","34","97374384"
"chr14","32214931","32215195","chr2","104499700","104499968","37","72284769"
"chr14","32787367","32787664","chr4","108327631","108327935","41","75540264"
"chr14","33309921","33310157","chr9","93688855","93689088","37","60378934"
"chr14","33330107","33330414","chrX","872740","873049","36","32457367"
"chr14","33345475","33345720","chr2","201532720","201532969","44","168187245"
"chr14","33352972","33353281","chr1","39563825","39564136","38","6210853"
"chr14","33368273","33368445","chr8","135845405","135845573","24","102477132"
"chr14","33379236","33379534","chr10","159686","159982","31","33219550"
"chr14","33407524","33407828","chr4","21309683","21309973","44","12097841"
"chr14","33419817","33420121","chr7","113241613","113241916","32","79821796"
"chr14","33435031","33435278","chr8","101657779","101658017","61","68222748"
"chr14","33468431","33468638","chr13","81318413","81318616","31","47849982"
"chr14","33528839","33529155","chr11","95377952","95378253","48","61849113"
"chr14","33539913","33540220","chr7","96044765","96045074","32","62504852"
"chr14","33658824","33659129","chr19","50863135","50863438","33","17204311"
"chr14","33660830","33661140","chr6","177249478","177249776","34","143588648"
"chr14","33720249","33720546","chr2","149644045","149644340","30","115923796"
"chr14","33768731","33769026","chr10","81381485","81381782","31","47612754"
"chr14","33770950","33771250","chr7","96284400","96284698","30","62513450"
"chr14","33799512","33799825","chr13","91501153","91501478","58","57701641"
"chr14","33831941","33832222","chr15","110936438","110936718","44","77104497"
"chr14","33833237","33833547","chr7","96338478","96338786","24","62505241"
"chr14","33843177","33843470","chr16","4729688","4729979","26","29113489"
"chr14","33862545","33862842","chr11","108584077","108584374","37","74721532"
"chr14","33867044","33867341","chr1","50780937","50781236","29","16913893"
"chr14","33883597","33883902","chr19","1120205","1120506","33","32763392"
"chr14","33888212","33888519","chr7","96391783","96392094","29","62503571"
"chr14","33896036","33896324","chr8","41718631","41718927","39","7822595"
"chr14","33912194","33912463","chr14","48230254","48230516","37","14318060"
"chr14","33978177","33978342","chr12","44446416","44446578","22","10468239"
"chr14","33978828","33979035","chr10","38146263","38146468","24","4167435"
"chr14","34008736","34008903","chr3","76215454","76215617","30","42206718"
"chr14","34011551","34011840","chr13","9550833","9551123","30","24460718"
"chr14","34040659","34040954","chr7","96542310","96542608","39","62501651"
"chr14","34144697","34145000","chr7","127065845","127066144","29","92921148"
"chr14","34153908","34154197","chr7","165720233","165720520","33","131566325"
"chr14","34158894","34159185","chr1","22411003","22411299","32","11747891"
"chr14","34320622","34320919","chr3","178771886","178772186","44","144451264"
"chr14","34401689","34401987","chr7","96878515","96878799","43","62476826"
"chr14","34426918","34427220","chr3","161882610","161882912","31","127455692"
"chr14","34476128","34476436","chr4","3017596","3017903","60","31458532"
"chr14","34500741","34501051","chrX","52884540","52884848","29","18383799"
"chr14","34707368","34707672","chr4","6021240","6021544","32","28686128"
"chr14","34737056","34737289","chr1","52410307","52410536","32","17673251"
"chr14","34847454","34847728","chr16","19506281","19506557","40","15341173"
"chr14","34902994","34903285","chr7","97375402","97375694","38","62472408"
"chr14","35024303","35024468","chr19","42189213","42189372","28","7164910"
"chr14","35491217","35491500","chr17","29150808","29151096","33","6340409"
"chr14","36051787","36052081","chr1","22411003","22411299","36","13640784"
"chr14","36112853","36113013","chr4","49540998","49541166","25","13428145"
"chr14","36164034","36164334","chr3","7367921","7368221","36","28796113"
"chr14","36246006","36246317","chr4","5357211","5357521","35","30888795"
"chr14","36313816","36313972","chr7","129362850","129363013","34","93049034"
"chr14","36696002","36696295","chr7","99204682","99204986","28","62508680"
"chr14","36728281","36728581","chr10","27275141","27275443","42","9453140"
"chr14","36957807","36958040","chr7","99437766","99437994","28","62479959"
"chr14","37157324","37157633","chr7","99631353","99631665","33","62474029"
"chr14","37222735","37223011","chr3","80674854","80675143","47","43452119"
"chr14","37582653","37582953","chr4","54062553","54062848","43","16479900"
"chr14","37851375","37851688","chr4","127363604","127363914","31","89512229"
"chr14","38079846","38080151","chr2","149426177","149426474","34","111346331"
"chr14","38084712","38085022","chr8","102873637","102873952","41","64788925"
"chr14","38094812","38095118","chrX","95082495","95082798","37","56987683"
"chr14","38122873","38123182","chr8","105120121","105120431","39","66997248"
"chr14","38160419","38160716","chr7","100617888","100618181","26","62457469"
"chr14","38176993","38177296","chr7","100634923","100635226","32","62457930"
"chr14","38930628","38930922","chr3","75112706","75113002","34","36182078"
"chr14","38952861","38953164","chr7","101423391","101423694","33","62470530"
"chr14","39157080","39157378","chr2","64819781","64820080","32","25662701"
"chr14","39353982","39354276","chr7","101814300","101814583","36","62460318"
"chr14","39474387","39474697","chr8","122686130","122686440","36","83211743"
"chr14","39581629","39581879","chr7","102123326","102123575","35","62541697"
"chr14","40776600","40776893","chrX","67476646","67476941","32","26700046"
"chr14","40964668","40964987","chrX","47430937","47431256","39","6466269"
"chr14","41118003","41118298","chr6","1092742","1093043","38","40025261"
"chr14","41118927","41119231","chr6","155329774","155330069","45","114210847"
"chr14","41431325","41431610","chr11","39380187","39380469","36","2051138"
"chr14","42147114","42147239","chr14","113311902","113312011","34","71164788"
"chr14","42433146","42433445","chr7","111618610","111618909","31","69185464"
"chr14","42433815","42434118","chr13","37665680","37665990","42","4768135"
"chr14","42655805","42656093","chr1","84552219","84552504","47","41896414"
"chr14","42829441","42829747","chr11","62952141","62952444","39","20122700"
"chr14","42915757","42915920","chr11","133328099","133328256","32","90412342"
"chr14","43159967","43160281","chr3","97673764","97674072","44","54513797"
"chr14","43488790","43489082","chr17","16123214","16123508","33","27365576"
"chr14","43930197","43930479","chr7","107013680","107013979","38","63083483"
"chr14","43941601","43941890","chr14","67296885","67297179","34","23355284"
"chr14","44013325","44013617","chr7","107098950","107099251","29","63085625"
"chr14","44027527","44027815","chr7","107112369","107112650","32","63084842"
"chr14","44060999","44061151","chr7","136362895","136363045","25","92301896"
"chr14","44093384","44093673","chr2","203454104","203454390","42","159360720"
"chr14","44136086","44136115","chr18","12155777","12155793","18","31980309"
"chr14","44136444","44136642","chrX","147147954","147148141","40","103011510"
"chr14","45934268","45934576","chr7","109039544","109039875","51","63105276"
"chr14","45984983","45985208","chr8","103455867","103456083","40","57470884"
"chr14","45985361","45985449","chr19","47641002","47641095","19","1655641"
"chr14","46058295","46058591","chr7","109170350","109170644","32","63112055"
"chr14","46249417","46249573","chrX","85303515","85303667","28","39054098"
"chr14","46630601","46630907","chr7","17994115","17994423","35","28636486"
"chr14","46660082","46660384","chr4","88700124","88700424","30","42040042"
"chr14","46967411","46967713","chr1","221383235","221383539","40","174415824"
"chr14","47379993","47380286","chr20","4722206","4722499","31","42657787"
"chr14","47588000","47588296","chr3","48879684","48879984","27","1291684"
"chr14","47650123","47650387","chr2","63868356","63868631","47","16218233"
"chr14","47822447","47822741","chr2","130070872","130071167","27","82248425"
"chr14","47928393","47928686","chr7","26662562","26662859","33","21265831"
"chr14","48041342","48041633","chr1","9367194","9367489","37","38674148"
"chr14","48492913","48493220","chr20","40335976","40336280","32","8156937"
"chr14","48529690","48529993","chr7","111618610","111618909","24","63088920"
"chr14","48574499","48574800","chr19","50863135","50863438","32","2288636"
"chr14","48602011","48602298","chr6","65727815","65728106","43","17125804"
"chr14","48614613","48614923","chr10","5919915","5920217","39","42694698"
"chr14","48615337","48615648","chr8","119831472","119831781","32","71216135"
"chr14","48678441","48678742","chr1","114866076","114866380","40","66187635"
"chr14","48726831","48727106","chr5","3108175","3108457","42","45618656"
"chr14","48902412","48902675","chr18","56077193","56077462","50","7174781"
"chr14","48916829","48917139","chr7","112014658","112014968","34","63097829"
"chr14","48945595","48945909","chr1","160978135","160978440","40","112032540"
"chr14","49000989","49001284","chr7","112091489","112091773","32","63090500"
"chr14","49245452","49245745","chr9","3838531","3838794","55","45406921"
"chr14","49493054","49493362","chrX","872740","873049","32","48620314"
"chr14","49506433","49506737","chr7","112586307","112586609","34","63079874"
"chr14","49548442","49548751","chr15","104401844","104402147","34","54853402"
"chr14","49567851","49568140","chr11","45798191","45798483","31","3769660"
"chr14","49612662","49612943","chr3","21187885","21188165","37","28424777"
"chr14","49646432","49646737","chr7","112721602","112721913","27","63075170"
"chr14","49662671","49662850","chr9","62270006","62270180","22","12607335"
"chr14","49758487","49758804","chr2","204541955","204542270","49","154783468"
"chr14","49780767","49781073","chr7","112853018","112853321","25","63072251"
"chr14","49790092","49790379","chr7","112861390","112861686","43","63071298"
"chr14","49806215","49806525","chr3","171608093","171608401","30","121801878"
"chr14","49889086","49889341","chr3","40500739","40501004","40","9388347"
"chr14","50037513","50037805","chr16","4729688","4729979","31","45307825"
"chr14","50156409","50156551","chr3","33493296","33493438","26","16663113"
"chr14","50180773","50181061","chr1","22411003","22411299","30","27769770"
"chr14","50374691","50374975","chr1","19888368","19888653","31","30486323"
"chr14","50589706","50590015","chr7","113649868","113650170","33","63060162"
"chr14","50872555","50872725","chr7","129362850","129363013","39","78490295"
"chr14","51054610","51054914","chr11","132192779","132193080","38","81138169"
"chr14","51352086","51352378","chr7","155744826","155745124","33","104392740"
"chr14","51356167","51356466","chr12","93019113","93019417","40","41662946"
"chr14","51411144","51411352","chr16","26139167","26139373","46","25271977"
"chr14","51417089","51417392","chr13","55457294","55457593","40","4040205"
"chr14","51506403","51506699","chr5","41819509","41819795","40","9686894"
"chr14","51634736","51635031","chrX","47295423","47295720","33","4339313"
"chr14","51645809","51646115","chrX","130126302","130126612","32","78480493"
"chr14","51647608","51647917","chr4","69409816","69410121","40","17762208"
"chr14","51665622","51665908","chr7","114624272","114624553","34","62958650"
"chr14","51750296","51750593","chr1","58595645","58595942","43","6845349"
"chr14","51779351","51779659","chr7","114754824","114755130","22","62975473"
"chr14","51803845","51804153","chrX","872740","873049","19","50931105"
"chr14","51843358","51843669","chr8","41962733","41963037","43","9880625"
"chr14","51843921","51844096","chr2","15318266","15318436","33","36525655"
"chr14","51850170","51850471","chr7","114824248","114824549","29","62974078"
"chr14","51886977","51887278","chr7","61608289","61608587","34","9721312"
"chr14","52126837","52127142","chr7","115104912","115105211","34","62978075"
"chr14","52293739","52294035","chr11","108584077","108584374","31","56290338"
"chr14","52654368","52654669","chr3","44070862","44071165","32","8583506"
"chr14","52656707","52657009","chr7","113241613","113241916","41","60584906"
"chr14","52695633","52695929","chr8","27863753","27864051","33","24831880"
"chr14","53474151","53474456","chr7","113241613","113241916","33","59767462"
"chr14","53532154","53532343","chr16","49440030","49440218","31","4092124"
"chr14","53885545","53885741","chr16","26139167","26139373","47","27746378"
"chr14","54072133","54072300","chr1","6562546","6562715","32","47509587"
"chr14","54123659","54123953","chr4","154039231","154039527","31","99915572"
"chr14","54183286","54183583","chr17","73904233","73904526","45","19720947"
"chr14","54312134","54312439","chr1","164489029","164489333","31","110176895"
"chr14","54597916","54598210","chr18","40236121","40236415","28","14361795"
"chr14","54628417","54628721","chrX","148196198","148196501","28","93567781"
"chr14","55182663","55182941","chr5","54436616","54436898","42","746047"
"chr14","55538104","55538282","chr1","130615501","130615669","30","75077397"
"chr14","55734018","55734330","chr1","92299141","92299452","38","36565123"
"chr14","55918415","55918726","chrX","49226498","49226807","41","6691917"
"chr14","55925161","55925469","chr6","55058454","55058757","35","866707"
"chr14","56112884","56113190","chrX","53714392","53714701","30","2398492"
"chr14","56144183","56144503","chrX","67274706","67275021","35","11130523"
"chr14","56409545","56409858","chr7","119374236","119374541","34","62964691"
"chr14","56788976","56789268","chr7","166020953","166021249","29","109231977"
"chr14","57017027","57017334","chr7","119960764","119961069","24","62943737"
"chr14","57122284","57122595","chrX","872740","873049","35","56249544"
"chr14","57124367","57124670","chr7","120068835","120069135","33","62944468"
"chr14","57143321","57143621","chr13","71257078","71257380","32","14113757"
"chr14","57312632","57312938","chr13","39352330","39352639","42","17960302"
"chr14","57334017","57334320","chr1","126649832","126650136","45","69315815"
"chr14","57461411","57461698","chr15","102293446","102293737","31","44832035"
"chr14","57469650","57469935","chrX","117589965","117590253","25","60120315"
"chr14","57649360","57649666","chr7","120587032","120587341","26","62937672"
"chr14","58045212","58045510","chr7","120985467","120985764","31","62940255"
"chr14","58048253","58048551","chr7","120985467","120985764","32","62937214"
"chr14","58148102","58148409","chr7","121081298","121081603","34","62933196"
"chr14","58177666","58177838","chrX","59842814","59842986","25","1665148"
"chr14","58240894","58241065","chr3","76215454","76215617","35","17974560"
"chr14","58396775","58397071","chr7","121328239","121328539","29","62931464"
"chr14","58566828","58567138","chr2","42078852","42079162","35","16487976"
"chr14","59064785","59065092","chr6","108528235","108528546","33","49463450"
"chr14","59172906","59173208","chr3","7367921","7368221","29","51804985"
"chr14","59294642","59294962","chr16","67304548","67304851","55","8009906"
"chr14","59487872","59488158","chr15","43831651","43831953","46","15656221"
"chr14","59604294","59604611","chr16","3245842","3246150","39","56358452"
"chr14","59733742","59734044","chr6","173896362","173896661","34","114162620"
"chr14","59736501","59736682","chr6","84072722","84072893","30","24336221"
"chr14","59737736","59737923","chr16","49440030","49440218","34","10297706"
"chr14","59771939","59772261","chrX","47430937","47431256","34","12341002"
"chr14","59793891","59794199","chrX","95520014","95520318","35","35726123"
"chr14","59800326","59800642","chr5","96313437","96313749","33","36513111"
"chr14","59885208","59885502","chr7","122823127","122823416","25","62937919"
"chr14","59972499","59972791","chr8","93631919","93632210","32","33659420"
"chr14","60475191","60475484","chr3","26174329","26174623","31","34300862"
"chr14","60822858","60823060","chr3","36303286","36303484","35","24519572"
"chr14","60823085","60823378","chr16","69545727","69546021","37","8722642"
"chr14","60848080","60848393","chr3","81656161","81656467","35","20808081"
"chr14","61942331","61942612","chr15","26206116","26206391","41","35736215"
"chr14","62421404","62421624","chr7","155772303","155772522","27","93350899"
"chr14","62711469","62711775","chrX","53714392","53714701","28","8997077"
"chr14","62800117","62800412","chr1","223055476","223055770","25","160255359"
"chr14","62811404","62811711","chrX","52884540","52884848","34","9926864"
"chr14","62887029","62887321","chr2","63419289","63419578","25","532260"
"chr14","62917274","62917571","chr7","125788826","125789127","30","62871552"
"chr14","62934931","62935086","chr3","76215454","76215617","24","13280523"
"chr14","62950189","62950495","chr6","36312745","36313052","31","26637444"
"chr14","62951436","62951733","chr11","101350847","101351143","30","38399411"
"chr14","63045739","63046031","chr1","9659856","9660151","34","53385883"
"chr14","63142350","63142663","chr7","126017621","126017917","42","62875271"
"chr14","63228057","63228221","chr1","110065444","110065608","31","46837387"
"chr14","63560544","63560813","chr3","10459246","10459518","31","53101298"
"chr14","63563183","63563476","chr20","28697028","28697324","28","34866155"
"chr14","63736291","63736591","chr3","127691753","127692042","75","63955462"
"chr14","63745613","63745920","chr11","111392280","111392580","39","47646667"
"chr14","63843383","63843679","chr20","28697028","28697324","24","35146355"
"chr14","64047670","64047865","chr3","36303286","36303484","30","27744384"
"chr14","64090154","64090454","chr14","103953537","103953843","30","39863383"
"chr14","64201126","64201437","chr9","18374652","18374961","44","45826474"
"chr14","64483177","64483482","chr1","164489029","164489333","30","100005852"
"chr14","64646779","64646980","chr14","104812517","104812719","31","40165738"
"chr14","64696448","64696741","chr5","97214981","97215275","39","32518533"
"chr14","64703723","64704024","chr7","127634098","127634402","32","62930375"
"chr14","64859299","64859589","chr4","3379423","3379712","29","61479876"
"chr14","64990623","64990844","chr7","113558743","113558967","30","48568120"
"chr14","65024429","65024746","chr11","47254897","47255204","35","17769532"
"chr14","65427552","65427707","chr3","76215454","76215617","38","10787902"
"chr14","65605693","65605992","chr7","128527912","128528222","34","62922219"
"chr14","65802944","65803246","chr7","128714510","128714820","29","62911566"
"chr14","65804990","65805283","chr3","4619833","4620124","39","61185157"
"chr14","65812307","65812597","chr5","184105008","184105299","29","118292701"
"chr14","65913647","65913953","chr2","96568206","96568509","47","30654559"
"chr14","66021651","66021928","chr7","129008774","129009049","27","62987123"
"chr14","66111971","66112261","chr7","26662562","26662859","29","39449409"
"chr14","66126272","66126318","chr20","54495305","54495348","11","11630967"
"chr14","66126486","66126694","chr16","26139167","26139373","39","39987319"
"chr14","66356495","66356801","chr13","39352330","39352639","35","27004165"
"chr14","66587524","66587752","chr7","155772303","155772522","28","89184779"
"chr14","66603116","66603425","chr8","119831472","119831781","28","53228356"
"chr14","66747581","66747884","chr6","173896362","173896661","34","107148781"
"chr14","66957569","66957874","chr13","72779565","72779870","31","5821996"
"chr14","67234324","67234623","chr3","42965994","42966291","31","24268330"
"chr14","67350704","67350977","chr6","148834410","148834701","43","81483706"
"chr14","67518023","67518328","chr16","3520694","3521001","27","63997329"
"chr14","68392382","68392630","chr7","55478229","55478481","40","12914153"
"chr14","68395178","68395357","chr16","7509806","7509984","31","60885372"
"chr14","68536936","68537243","chr4","5357211","5357521","31","63179725"
"chr14","68614581","68614752","chr1","130615501","130615669","29","62000920"
"chr14","68689510","68689791","chr8","76234748","76235038","42","7545238"
"chr14","68741098","68741401","chr7","131781993","131782293","32","63040895"
"chr14","68923073","68923364","chr6","58275049","58275340","30","10648024"
"chr14","68933165","68933456","chr13","61689285","61689578","29","7243880"
"chr14","69480284","69480579","chr7","132513332","132513622","27","63033048"
"chr14","69485029","69485332","chr10","75257406","75257707","32","5772377"
"chr14","69541640","69541948","chr13","31472571","31472878","32","38069069"
"chr14","69842488","69842784","chr5","124131095","124131385","41","54288607"
"chr14","69876455","69876750","chr2","88268218","88268514","43","18391763"
"chr14","69902976","69903275","chr13","106164334","106164628","33","36261358"
"chr14","69947166","69947459","chr5","72772865","72773157","35","2825699"
"chr14","70002833","70003143","chrX","130126302","130126612","39","60123469"
"chr14","70050908","70051197","chr5","140049586","140049874","37","69998678"
"chr14","70175259","70175567","chrX","52884540","52884848","30","17290719"
"chr14","70329413","70329719","chr4","5357211","5357521","31","64972202"
"chr14","70580164","70580461","chr11","108584077","108584374","25","38003913"
"chr14","70588246","70588549","chr1","221383235","221383539","33","150794989"
"chr14","70644330","70644633","chr7","133713996","133714306","30","63069666"
"chr14","70865277","70865574","chr2","64819781","64820080","32","6045496"
"chr14","70876034","70876325","chr3","161716772","161717066","29","90840738"
"chr14","70883875","70883912","chr5","77653994","77654025","20","6770119"
"chr14","70884486","70884686","chr1","25647948","25648135","43","45236538"
"chr14","70925334","70925618","chr7","23493750","23494033","39","47431584"
"chr14","71292935","71293236","chr2","44364597","44364899","28","26928338"
"chr14","71406128","71406401","chr7","100527457","100527733","38","29121329"
"chr14","71704781","71705070","chr7","134729414","134729694","29","63024633"
"chr14","71746329","71746631","chr3","129960633","129960932","33","58214304"
"chr14","71964124","71964425","chr3","48879684","48879984","39","23084440"
"chr14","72073632","72073929","chr9","26215862","26216159","35","45857770"
"chr14","72175894","72176205","chr8","105120121","105120431","38","32944227"
"chr14","72312840","72313146","chr7","135421147","135421451","33","63108307"
"chr14","72318256","72318539","chr1","45062075","45062365","42","27256181"
"chr14","72319893","72320060","chr5","139059636","139059807","22","66739743"
"chr14","72351053","72351357","chr5","51423127","51423433","33","20927926"
"chr14","72352520","72352744","chr2","187101456","187101684","36","114748936"
"chr14","72365728","72365892","chr6","137838702","137838878","54","65472974"
"chr14","72477843","72478143","chr7","135598818","135599125","28","63120975"
"chr14","72487422","72487587","chr5","18060035","18060193","32","54427387"
"chr14","72527911","72528210","chrX","136494316","136494618","33","63966405"
"chr14","72542752","72543057","chr7","135662816","135663120","27","63120064"
"chr14","72646008","72646276","chr1","21990671","21990942","46","50655337"
"chr14","72709677","72709971","chr7","135829687","135829983","31","63120010"
"chr14","72716630","72716761","chrX","147920187","147920319","38","75203557"
"chr14","72718212","72718345","chrX","147920187","147920319","31","75201975"
"chr14","72720351","72720651","chr7","135838836","135839140","31","63118485"
"chr14","72756202","72756476","chr7","135874457","135874741","31","63118255"
"chr14","72770840","72771118","chr9","64106021","64106313","39","8664819"
"chr14","72783638","72783942","chr16","3520694","3521001","33","69262944"
"chr14","72903400","72903695","chr12","121351661","121351954","35","48448261"
"chr14","72933745","72934047","chr1","54184910","54185214","29","18748835"
"chr14","72994119","72994286","chr6","67570862","67571028","28","5423257"
"chr14","73056110","73056420","chr10","62224057","62224367","31","10832053"
"chr14","73100335","73100607","chr7","136201822","136202101","35","63101487"
"chr14","73133711","73134009","chr7","113241613","113241916","36","40107902"
"chr14","73137763","73138067","chrX","136494316","136494618","37","63356553"
"chr14","73173012","73173323","chr12","110082565","110082875","33","36909553"
"chr14","73245183","73245385","chr19","964579","964783","41","72280604"
"chr14","73258738","73259033","chr2","149644045","149644340","39","76385307"
"chr14","73290086","73290386","chr4","10919980","10920277","29","62370106"
"chr14","73312066","73312375","chr3","64175701","64176007","35","9136365"
"chr14","73464494","73464687","chr10","25649595","25649790","55","47814899"
"chr14","73563959","73564275","chr7","136686175","136686479","34","63122216"
"chr14","73571448","73571764","chr19","50141354","50141664","40","23430094"
"chr14","73592318","73592501","chr15","10405383","10405560","35","63186935"
"chr14","73620643","73620947","chr6","130404322","130404612","32","56783679"
"chr14","73962099","73962405","chr17","16036823","16037127","36","57925276"
"chr14","74004048","74004348","chr1","54184910","54185214","30","19819138"
"chr14","74136332","74136628","chr7","137261064","137261356","23","63124732"
"chr14","74342467","74342771","chr9","64107743","64108044","33","10234724"
"chr14","74402242","74402542","chr19","44754788","44755097","44","29647454"
"chr14","74421654","74421965","chr1","46662392","46662703","36","27759262"
"chr14","74422852","74423158","chrX","95082495","95082798","35","20659643"
"chr14","74507688","74507855","chr19","36475785","36475953","27","38031903"
"chr14","74748197","74748464","chr7","67874983","67875246","28","6873214"
"chr14","74828478","74828652","chr5","139059636","139059807","30","64231158"
"chr14","74848034","74848336","chr3","184218283","184218583","32","109370249"
"chr14","75035557","75035863","chr4","71292858","71293156","29","3742699"
"chr14","75092597","75092922","chr6","43551570","43551888","42","31541027"
"chr14","75165121","75165424","chr3","44070862","44071165","34","31094259"
"chr14","75167939","75168231","chr8","129580403","129580698","29","54412464"
"chr14","75268114","75268411","chr2","100586330","100586626","34","25318216"
"chr14","75370358","75370665","chr7","138526136","138526444","36","63155778"
"chr14","75652356","75652686","chr7","138808815","138809127","41","63156459"
"chr14","75762299","75762454","chr3","76215454","76215617","28","453155"
"chr14","75848098","75848390","chr4","95803939","95804230","26","19955841"
"chr14","75878911","75879209","chr19","11743943","11744241","34","64134968"
"chr14","76083593","76083890","chr3","35442111","35442408","32","40641482"
"chr14","76217454","76217758","chr13","34022342","34022647","26","42195112"
"chr14","76222199","76222366","chr19","32998981","32999142","26","43223218"
"chr14","76237366","76237669","chr7","139379166","139379471","26","63141800"
"chr14","76257742","76258034","chr1","54184910","54185214","48","22072832"
"chr14","76307831","76308122","chr7","139446255","139446547","27","63138424"
"chr14","76520560","76520856","chr1","199847714","199848008","32","123327154"
"chr14","76684043","76684353","chr9","90039092","90039400","34","13355049"
"chr14","76733302","76733604","chr7","139873274","139873567","37","63139972"
"chr14","76759363","76759659","chr1","39347733","39348026","33","37411630"
"chr14","76849362","76849664","chr14","2713092","2713395","31","74136270"
"chr14","77035908","77036200","chr7","140178967","140179268","38","63143059"
"chr14","77037719","77038030","chr18","60323428","60323740","36","16714291"
"chr14","77050962","77051214","chr8","29256394","29256650","50","47794568"
"chr14","77101800","77101983","chr5","183360558","183360745","39","106258758"
"chr14","77131088","77131406","chr7","140270185","140270503","21","63139097"
"chr14","77147497","77147820","chr7","140287148","140287469","32","63139651"
"chr14","78274946","78275215","chr20","68769503","68769770","36","9505443"
"chr14","78397919","78398228","chr2","137900244","137900542","43","59502325"
"chr14","78517705","78518008","chrX","872740","873049","38","77644965"
"chr14","78527749","78528044","chr1","164986072","164986369","29","86458323"
"chr14","78535653","78535964","chr19","50863135","50863438","33","27672518"
"chr14","78591287","78591593","chr1","54184910","54185214","40","24406377"
"chr14","78660864","78661163","chr20","54448223","54448522","30","24212641"
"chr14","78705704","78706004","chr2","50292284","50292589","31","28413420"
"chr14","78782412","78782722","chr9","93872647","93872956","31","15090235"
"chr14","78939214","78939494","chr18","13204390","13204672","25","65734824"
"chr14","79212479","79212797","chrX","69081554","69081869","40","10130925"
"chr14","79453120","79453457","chr2","134325486","134325793","64","54872366"
"chr14","79624957","79625245","chr7","142797058","142797349","34","63172101"
"chr14","79803598","79803906","chr7","142970237","142970539","45","63166639"
"chr14","79805062","79805354","chr8","65531215","65531499","36","14273847"
"chr14","79846193","79846462","chr13","80255959","80256222","36","409766"
"chr14","79904099","79904396","chr20","54448223","54448522","37","25455876"
"chr14","79909351","79909662","chr19","53308132","53308442","33","26601219"
"chr14","79948254","79948561","chr11","127450686","127450991","33","47502432"
"chr14","79988947","79989237","chr7","143148495","143148788","31","63159548"
"chr14","80103203","80103509","chrX","130126302","130126612","36","50023099"
"chr14","80166181","80166470","chr12","110042316","110042609","36","29876135"
"chr14","80225367","80225666","chr11","108584077","108584374","32","28358710"
"chr14","80303367","80303673","chr1","7768760","7769067","31","72534607"
"chr14","80393640","80393931","chr3","142446579","142446870","26","62052939"
"chr14","80590085","80590387","chr6","174905209","174905512","32","94315124"
"chr14","80601282","80601565","chr2","149644045","149644340","35","69042763"
"chr14","80658516","80658828","chr4","5357211","5357521","33","75301305"
"chr14","81062530","81062832","chrX","55580672","55580975","31","25481858"
"chr14","81238586","81238878","chr7","144437932","144438238","33","63199346"
"chr14","81769192","81769487","chr7","55734086","55734382","34","26035106"
"chr14","81787965","81788242","chr7","145000278","145000562","31","63212313"
"chr14","81909243","81909541","chr8","41718631","41718927","32","40190612"
"chr14","81991499","81991795","chr7","145188160","145188446","59","63196661"
"chr14","82038570","82038877","chr11","56089370","56089672","35","25949200"
"chr14","82184215","82184509","chr8","65531215","65531499","39","16653000"
"chr14","82474326","82474615","chr8","76234748","76235038","41","6239578"
"chr14","82930684","82930984","chr11","132192779","132193080","38","49262095"
"chr14","83273179","83273481","chrX","95082495","95082798","29","11809316"
"chr14","83461556","83461841","chr2","79632180","79632462","47","3829376"
"chr14","83485786","83486084","chr14","119046212","119046511","45","35560426"
"chr14","83627982","83628292","chr7","146876104","146876411","28","63248122"
"chr14","83873279","83873568","chrX","119489670","119489963","38","35616391"
"chr14","83904684","83904976","chr18","38711878","38712163","104","45192806"
"chr14","83992131","83992429","chr8","115461075","115461370","31","31468944"
"chr14","84139548","84139868","chr6","93898120","93898438","39","9758572"
"chr14","84547131","84547428","chr16","15610530","15610824","30","68936601"
"chr14","84636204","84636526","chr7","147919499","147919815","45","63283295"
"chr14","84711326","84711632","chr12","66768076","66768380","33","17943250"
"chr14","84821715","84821947","chr7","148096130","148096368","28","63274415"
"chr14","84858810","84859051","chr7","148131006","148131265","39","63272196"
"chr14","85408877","85409182","chr10","38904740","38905043","33","46504137"
"chr14","85582097","85582203","chr16","61274124","61274213","42","24307973"
"chr14","86081260","86081570","chr1","85807051","85807354","42","274209"
"chr14","86163635","86163936","chr3","44070862","44071165","38","42092773"
"chr14","86441101","86441364","chr3","73072783","73073043","42","13368318"
"chr14","86487790","86488089","chrX","12237021","12237319","36","74250769"
"chr14","86578071","86578370","chr20","52290715","52291010","30","34287356"
"chr14","86584367","86584657","chr2","115581307","115581596","35","28996940"
"chr14","86631067","86631364","chr15","8841295","8841593","34","77789772"
"chr14","87062816","87063096","chrX","28117470","28117748","37","58945346"
"chr14","87070518","87070814","chr4","54062553","54062848","34","33007965"
"chr14","87186144","87186451","chr1","39563825","39564136","44","47622319"
"chr14","87189408","87189704","chr15","9876521","9876822","43","77312887"
"chr14","87196988","87197295","chr2","84295934","84296234","39","2901054"
"chr14","87456437","87456738","chr7","61781005","61781304","27","25675432"
"chr14","87673985","87674141","chr7","129362850","129363013","27","41688865"
"chr14","87674349","87674441","chr1","216487518","216487610","22","128813169"
"chr14","87718963","87719046","chr20","9097903","9097981","25","78621060"
"chr14","87973534","87973843","chr10","72031369","72031681","25","15942165"
"chr14","87982065","87982350","chr7","150634442","150634707","35","62652377"
"chr14","88204643","88204922","chr10","91254735","91255020","33","3050092"
"chr14","88300764","88301070","chr7","150951987","150952293","32","62651223"
"chr14","88315224","88315546","chr9","105321199","105321510","39","17005975"
"chr14","88422222","88422526","chr7","151073893","151074183","44","62651671"
"chr14","88804983","88805295","chr4","108321928","108322231","34","19516945"
"chr14","88814785","88815064","chr10","62984965","62985245","36","25829820"
"chr14","88816457","88816736","chr17","78859912","78860191","32","9956545"
"chr14","88944911","88945173","chr7","151592528","151592791","27","62647617"
"chr14","88973942","88974191","chr7","151622371","151622619","20","62648429"
"chr14","88992842","88993151","chr13","43693230","43693530","35","45299612"
"chr14","89064217","89064511","chr19","48904606","48904900","28","40159611"
"chr14","89153547","89153850","chr15","104401844","104402147","28","15248297"
"chr14","89172814","89173119","chr16","67304548","67304851","31","21868266"
"chr14","89231498","89231789","chr10","35385148","35385439","33","53846350"
"chr14","89385686","89385992","chr1","54184910","54185214","37","35200776"
"chr14","89397861","89398156","chr13","72263862","72264157","30","17133999"
"chr14","89426288","89426486","chr10","83621932","83622137","33","5804356"
"chr14","89582282","89582537","chr1","197311934","197312189","32","107729652"
"chr14","89609219","89609428","chr18","2477749","2477968","54","87131470"
"chr14","89777771","89778038","chr7","152418207","152418480","35","62640436"
"chr14","89799124","89799429","chr1","54184910","54185214","30","35614214"
"chr14","89826642","89826772","chr7","68956423","68956553","13","20870219"
"chr14","89826993","89827180","chr5","740668","740849","35","89086325"
"chr14","89938831","89939134","chr1","85807051","85807354","32","4131780"
"chr14","90052661","90052959","chrX","82518065","82518358","33","7534596"
"chr14","90211749","90212044","chr7","152848605","152848899","27","62636856"
"chr14","90346233","90346511","chr7","152973652","152973945","41","62627419"
"chr14","90602869","90603171","chr6","174905209","174905512","40","84302340"
"chr14","90731163","90731472","chr7","153360789","153361099","31","62629626"
"chr14","90959115","90959413","chr7","165990819","165991114","37","75031704"
"chr14","90986603","90986771","chrX","51786687","51786849","34","39199916"
"chr14","91151011","91151318","chr7","153778445","153778754","24","62627434"
"chr14","91277660","91277956","chr9","111675729","111676026","35","20398069"
"chr14","91561093","91561389","chr7","127065845","127066144","34","35504752"
"chr14","91700438","91700733","chr4","54062553","54062848","33","37637885"
"chr14","91737020","91737333","chr6","132127364","132127664","44","40390344"
"chr14","92042559","92042742","chr1","188127708","188127887","37","96085149"
"chr14","92692848","92693146","chr3","7367921","7368221","35","85324927"
"chr14","92743474","92743769","chr3","77744436","77744731","33","14999038"
"chr14","92763273","92763573","chr3","44070862","44071165","33","48692411"
"chr14","92825229","92825527","chr7","1749091","1749386","31","91076138"
"chr14","92953490","92953792","chrX","23130799","23131097","36","69822691"
"chr14","92954100","92954397","chr1","164986072","164986369","42","72031972"
"chr14","93113098","93113203","chr10","81352073","81352196","38","11761025"
"chr14","93518626","93518795","chr6","179993246","179993418","33","86474620"
"chr14","93917741","93918040","chr6","39592832","39593132","34","54324909"
"chr14","94333602","94333671","chr8","96081034","96081104","16","1747432"
"chr14","94334148","94334389","chr8","24535243","24535475","48","69798905"
"chr14","94680405","94680707","chr4","88700124","88700424","35","5980281"
"chr14","94843311","94843584","chr2","79035135","79035404","39","15808176"
"chr14","94945480","94945792","chr18","47321018","47321321","32","47624462"
"chr14","94976790","94977087","chr7","157656549","157656844","33","62679759"
"chr14","95197306","95197617","chr20","72174002","72174311","31","23023304"
"chr14","95249786","95250059","chr7","157913820","157914102","34","62664034"
"chr14","95377318","95377624","chr2","3247986","3248296","39","92129332"
"chr14","95454233","95454532","chr4","5357211","5357521","34","90097022"
"chr14","95529146","95529448","chr7","68336549","68336846","31","27192597"
"chr14","95787054","95787332","chr3","158409682","158409963","42","62622628"
"chr14","96045089","96045387","chr3","7367921","7368221","30","88677168"
"chr14","96152108","96152406","chr7","127065845","127066144","34","30913737"
"chr14","96408751","96409038","chr1","193841931","193842220","38","97433180"
"chr14","96493613","96493908","chr2","94504717","94505014","28","1988896"
"chr14","96590771","96591070","chr9","93872647","93872956","40","2718124"
"chr14","96674305","96674612","chrX","872740","873049","31","95801565"
"chr14","96733779","96734080","chr7","159370688","159370984","28","62636909"
"chr14","96800484","96800781","chr1","7247666","7247956","34","89552818"
"chr14","97119234","97119524","chr11","47128318","47128608","33","49990916"
"chr14","97414261","97414532","chr7","160044079","160044357","34","62629818"
"chr14","97468581","97468882","chr7","160106223","160106524","34","62637642"
"chr14","97650862","97651160","chr11","108584077","108584374","38","10933215"
"chr14","97862336","97862511","chr9","62270006","62270180","28","35592330"
"chr14","98019339","98019658","chr13","24632065","24632380","43","73387274"
"chr14","98273248","98273543","chr1","34922657","34922952","29","63350591"
"chr14","98317654","98317913","chr7","160940905","160941164","22","62623251"
"chr14","98652291","98652585","chr8","41718631","41718927","32","56933660"
"chr14","98779528","98779828","chr8","5292337","5292637","35","93487191"
"chr14","98862889","98863187","chr1","93813169","93813465","30","5049720"
"chr14","99105897","99106042","chr19","10635260","10635411","26","88470637"
"chr14","99297370","99297679","chr5","24028300","24028608","34","75269070"
"chr14","99387329","99387632","chr6","148347411","148347707","33","48960082"
"chr14","99545480","99545770","chr12","121351661","121351954","35","21806181"
"chr14","99610088","99610382","chr11","108584077","108584374","31","8973989"
"chr14","99668003","99668308","chr16","3245842","3246150","33","96422161"
"chr14","99675682","99675972","chr8","65531215","65531499","30","34144467"
"chr14","99770037","99770340","chr3","74700651","74700954","33","25069386"
"chr14","99775954","99776127","chr15","88479888","88480061","31","11296066"
"chr14","99865577","99865875","chr6","155329774","155330069","33","55464197"
"chr14","99891285","99891581","chr14","16522030","16522327","36","83369255"
"chr14","100489026","100489329","chr8","27863753","27864051","30","72625273"
"chr14","101307712","101308053","chrX","113475257","113475588","57","12167545"
"chr14","101460364","101460531","chr15","6911024","6911192","29","94549340"
"chr14","101487739","101488049","chr15","10600573","10600880","33","90887166"
"chr14","101500344","101500644","chr16","11360126","11360421","34","90140218"
"chr14","101712165","101712400","chr20","34321481","34321710","30","67390684"
"chr14","101780360","101780665","chr4","86562055","86562362","34","15218305"
"chr14","101805366","101805682","chr4","132543231","132543546","39","30737865"
"chr14","101875647","101875952","chr19","2910150","2910450","32","98965497"
"chr14","101877355","101877644","chrX","117589965","117590253","32","15712610"
"chr14","101985379","101985518","chr3","33493296","33493438","30","68492083"
"chr14","102055210","102055387","chrX","147147954","147148141","45","45092744"
"chr14","102083972","102084279","chr11","62952141","62952444","28","39131831"
"chr14","102085320","102085620","chr3","129960633","129960932","31","27875313"
"chr14","102110089","102110376","chr1","19791692","19791984","35","82318397"
"chr14","102113623","102113909","chr7","57577214","57577505","33","44536409"
"chr14","102122293","102122581","chrX","117589965","117590253","70","15467672"
"chr14","102125357","102125546","chrX","59842814","59842986","35","42282543"
"chr14","102242516","102242772","chrX","91968078","91968336","37","10274438"
"chr14","102250905","102251072","chr10","47192046","47192215","22","55058859"
"chr14","102260872","102261170","chr7","164817754","164818048","26","62556882"
"chr14","102265471","102265774","chr7","164824876","164825182","27","62559405"
"chr14","102275356","102275663","chrX","872740","873049","35","101402616"
"chr14","102278452","102278719","chr14","94527022","94527286","38","7751430"
"chr14","102450039","102450337","chr3","72384007","72384304","41","30066032"
"chr14","102513295","102513583","chr10","22030125","22030414","33","80483170"
"chr14","102647097","102647384","chrX","123749101","123749382","39","21102004"
"chr14","102752049","102752351","chr1","54184910","54185214","28","48567139"
"chr14","102784275","102784577","chr1","54184910","54185214","29","48599365"
"chr14","103141476","103141762","chr7","165775594","165775876","28","62634118"
"chr14","103322685","103322974","chr14","32498007","32498292","36","70824678"
"chr14","103327524","103327694","chr8","80113522","80113697","26","23214002"
"chr14","103332071","103332232","chr6","67570862","67571028","17","35761209"
"chr14","103356315","103356613","chr12","115108242","115108542","30","11751927"
"chr14","103382218","103382515","chr7","166020953","166021249","24","62638735"
"chr14","103491378","103491688","chr7","166129510","166129811","38","62638132"
"chr14","103546907","103547208","chr11","55112246","55112549","26","48434661"
"chr14","103554294","103554591","chr4","154039231","154039527","37","50484937"
"chr14","103562422","103562673","chr2","55729004","55729244","49","47833418"
"chr14","103595404","103595714","chr15","47419587","47419897","59","56175817"
"chr14","103626309","103626604","chr1","113564712","113565007","28","9938403"
"chr14","103629599","103629908","chr8","23591825","23592134","39","80037774"
"chr14","103648286","103648587","chr7","166309703","166310003","33","62661417"
"chr14","104222558","104222808","chr2","159593875","159594123","50","55371317"
"chr14","104225197","104225505","chr7","166863523","166863831","27","62638326"
"chr14","104277604","104277913","chrX","872740","873049","34","103404864"
"chr14","104353336","104353649","chrX","128103235","128103551","32","23749899"
"chr14","104757297","104757589","chr20","30937004","30937299","35","73820293"
"chr14","104809074","104809246","chr5","139059636","139059807","19","34250562"
"chr14","105014302","105014608","chr7","167643048","167643361","31","62628746"
"chr14","105033120","105033299","chr9","115602163","115602345","33","10569043"
"chr14","105251493","105251794","chr2","64819781","64820080","38","40431712"
"chr14","105257268","105257520","chr13","89963513","89963765","34","15293755"
"chr14","105292126","105292426","chr10","36695892","36696195","31","68596234"
"chr14","105361186","105361486","chr10","36695892","36696195","30","68665294"
"chr14","106042812","106043100","chr3","156134099","156134393","52","50091287"
"chr14","106146931","106147237","chr7","82874099","82874405","31","23272832"
"chr14","106170513","106170819","chr16","6373416","6373727","47","99797097"
"chr14","106373904","106374230","chr3","85177437","85177728","77","21196467"
"chr14","106486232","106486530","chr7","155405368","155405669","36","48919136"
"chr15","18338397","18338701","chr10","72031369","72031681","41","53692972"
"chr15","19623732","19624052","chr20","11905450","11905771","46","7718282"
"chr15","20439045","20439346","chr19","52379752","52380055","43","31940707"
"chr15","20577458","20577760","chr20","54448223","54448522","32","33870765"
"chr15","20601481","20601614","chr13","107593399","107593518","38","86991918"
"chr15","20606813","20607025","chr2","22002316","22002521","32","1395503"
"chr15","20613521","20613811","chr3","26174329","26174623","33","5560808"
"chr15","20614108","20614271","chr16","44706725","44706885","28","24092617"
"chr15","20729723","20730031","chr4","5357211","5357521","34","15372512"
"chr15","20980239","20980547","chr1","165996033","165996341","39","145015794"
"chr15","21023908","21024199","chrX","23155568","23155864","38","2131660"
"chr15","21215230","21215507","chr4","160692905","160693183","32","139477675"
"chr15","21674707","21675012","chr4","5357211","5357521","33","16317496"
"chr15","21763776","21764072","chr10","7697174","7697471","30","14066602"
"chr15","21907821","21908116","chr1","34922657","34922952","35","13014836"
"chr15","22279423","22279721","chr1","61388678","61388976","30","39109255"
"chr15","22312455","22312764","chrX","872740","873049","36","21439715"
"chr15","22350151","22350205","chr14","18724456","18724513","18","3625695"
"chr15","23487837","23488084","chr12","1645361","1645609","30","21842476"
"chr15","23590333","23590608","chr16","41227858","41228131","45","17637525"
"chr15","23725513","23725751","chr7","3677477","3677712","31","20048036"
"chr15","23754247","23754536","chrX","96932704","96932988","38","73178457"
"chr15","23775956","23776244","chr9","26790930","26791219","28","3014974"
"chr15","23919588","23919885","chr4","108327631","108327935","40","84408043"
"chr15","24060751","24061058","chrX","47295423","47295720","36","23234672"
"chr15","24099306","24099578","chr7","3317396","3317666","29","20781910"
"chr15","24263818","24264122","chr7","3161991","3162287","28","21101827"
"chr15","24347567","24347871","chr14","49167339","49167646","34","24819772"
"chr15","24452410","24452721","chrX","872740","873049","31","23579670"
"chr15","24634530","24634835","chr15","40427017","40427324","32","15792487"
"chr15","24880365","24880677","chr4","36639516","36639826","32","11759151"
"chr15","25427099","25427399","chr17","82184412","82184713","26","56757313"
"chr15","25640579","25640884","chr7","4971770","4972080","39","20668809"
"chr15","25801795","25802101","chr19","2910150","2910450","30","22891645"
"chr15","25904016","25904322","chr4","69409816","69410121","36","43505800"
"chr15","25972728","25973028","chr1","85807051","85807354","39","59834323"
"chr15","25997835","25998146","chrX","53714392","53714701","28","27716557"
"chr15","26248087","26248383","chr11","108584077","108584374","28","82335990"
"chr15","26649502","26649797","chr11","70548804","70549095","35","43899302"
"chr15","26705595","26705872","chr15","63598169","63598442","34","36892574"
"chr15","26948303","26948451","chr19","4018531","4018683","24","22929772"
"chr15","27000223","27000531","chr4","39190908","39191218","43","12190685"
"chr15","27066903","27067206","chrX","872740","873049","32","26194163"
"chr15","27072830","27073165","chr2","165606000","165606330","37","138533170"
"chr15","27092359","27092656","chr1","58595645","58595942","34","31503286"
"chr15","27294764","27295019","chr2","159357409","159357678","45","132062645"
"chr15","27312605","27312907","chr11","56089370","56089672","36","28776765"
"chr15","29001048","29001339","chr6","147351072","147351371","45","118350024"
"chr15","29234130","29234441","chr15","50080292","50080598","37","20846162"
"chr15","29255542","29255853","chr16","3245842","3246150","34","26009700"
"chr15","29862309","29862612","chr3","161882610","161882912","31","132020301"
"chr15","29915743","29916039","chr14","65706342","65706637","34","35790599"
"chr15","30204031","30204334","chr15","43831651","43831953","31","13627620"
"chr15","30278705","30279009","chr10","71735218","71735517","38","41456513"
"chr15","30446309","30446602","chr14","114063360","114063651","27","83617051"
"chr15","30683976","30684232","chr7","9788676","9788936","28","20895300"
"chr15","30781790","30782091","chr6","173896362","173896661","25","143114572"
"chr15","30804578","30804857","chr3","156152685","156152965","32","125348107"
"chr15","30871974","30872275","chr13","61689285","61689578","34","30817311"
"chr15","30894705","30894923","chr7","10014310","10014527","25","20880395"
"chr15","30934613","30934878","chr6","168225191","168225463","52","137290578"
"chr15","30990390","30990686","chr1","34922657","34922952","38","3932267"
"chr15","31005753","31006049","chr1","9659856","9660151","38","21345897"
"chr15","31108223","31108523","chr12","16929923","16930221","34","14178300"
"chr15","31118032","31118295","chr10","25171709","25171985","50","5946323"
"chr15","31158201","31158507","chr16","47170740","47171040","43","16012539"
"chr15","31577973","31578275","chr7","10757695","10757986","31","20820278"
"chr15","31792109","31792414","chr7","11023340","11023652","37","20768769"
"chr15","31843737","31844044","chr4","69409816","69410121","34","37566079"
"chr15","31848649","31848959","chrX","872740","873049","34","30975909"
"chr15","31889301","31889601","chr2","175084557","175084856","31","143195256"
"chr15","31911875","31912180","chr20","54448223","54448522","29","22536348"
"chr15","31942199","31942492","chr12","121351661","121351954","31","89409462"
"chr15","32100259","32100568","chr17","16036823","16037127","35","16063436"
"chr15","32805995","32806273","chr7","12036288","12036572","33","20769707"
"chr15","33120222","33120529","chr15","82596670","82596979","36","49476448"
"chr15","33254466","33254752","chr11","4482338","4482626","33","28772128"
"chr15","33319224","33319392","chr16","29014757","29014925","23","4304467"
"chr15","33568117","33568413","chr7","12887342","12887643","28","20680775"
"chr15","34488337","34488520","chr14","18148570","18148755","22","16339767"
"chr15","34488842","34489017","chrX","51786687","51786849","36","17297845"
"chr15","34942986","34943283","chrX","47295423","47295720","31","12352437"
"chr15","34975278","34975581","chr7","14397847","14398151","26","20577431"
"chr15","34983784","34983929","chr7","14406016","14406163","15","20577768"
"chr15","35021550","35021736","chrX","147147954","147148141","29","112126404"
"chr15","35035224","35035519","chr11","129097637","129097931","25","94062413"
"chr15","35154571","35154893","chr1","95648230","95648547","47","60493659"
"chr15","35840680","35840873","chr4","57384832","57385028","38","21544152"
"chr15","36029951","36030261","chr19","15978488","15978799","33","20051463"
"chr15","37031226","37031418","chr17","68843712","68843890","41","31812486"
"chr15","37276020","37276317","chr13","106164334","106164628","33","68888314"
"chr15","37339515","37339801","chr3","106101050","106101334","41","68761535"
"chr15","37378898","37379180","chr7","16823666","16823951","31","20555232"
"chr15","37381437","37381584","chr5","18060035","18060193","37","19321402"
"chr15","37403051","37403355","chr20","57205726","57206029","30","19802675"
"chr15","37466185","37466482","chr11","108584077","108584374","33","71117892"
"chr15","37542061","37542253","chr16","7509806","7509984","41","30032255"
"chr15","37569000","37569280","chrX","69661138","69661419","30","32092138"
"chr15","37601360","37601659","chrX","872740","873049","38","36728620"
"chr15","37678694","37678972","chr15","26206116","26206391","34","11472578"
"chr15","37703167","37703327","chr11","133328099","133328256","23","95624932"
"chr15","37754698","37754936","chr14","7445549","7445786","33","30309149"
"chr15","37875142","37875431","chr5","41819509","41819795","36","3944367"
"chr15","37901107","37901395","chr3","61219427","61219705","43","23318320"
"chr15","37907586","37907885","chr2","68986282","68986581","29","31078696"
"chr15","37966947","37967269","chr7","17447004","17447339","50","20519943"
"chr15","37974761","37975098","chr10","15321740","15322080","74","22653021"
"chr15","37982853","37983156","chr1","85807051","85807354","35","47824198"
"chr15","37991798","37991951","chr19","4018531","4018683","24","33973267"
"chr15","38126769","38126964","chr4","57384832","57385028","39","19258063"
"chr15","38128732","38129030","chrX","130126302","130126612","40","91997570"
"chr15","38155361","38155554","chr9","82349333","82349540","42","44193972"
"chr15","38216085","38216391","chr1","54184910","54185214","27","15968825"
"chr15","38219984","38220226","chr2","201532720","201532969","36","163312736"
"chr15","38220609","38220697","chr1","12339903","12339996","31","25880706"
"chr15","38231673","38231979","chr7","42878280","42878588","33","4646607"
"chr15","38270395","38270703","chr4","5357211","5357521","28","32913184"
"chr15","38310086","38310385","chr13","10819543","10819845","31","27490543"
"chr15","38335632","38335951","chr7","17798825","17799141","29","20536807"
"chr15","38344003","38344303","chr7","17802877","17803181","32","20541126"
"chr15","38347678","38347975","chr7","17807271","17807568","31","20540407"
"chr15","38354370","38354657","chr11","120741846","120742138","35","82387476"
"chr15","38382310","38382607","chr7","150626041","150626346","35","112243731"
"chr15","38439730","38440002","chr3","75833090","75833369","34","37393360"
"chr15","38452854","38453145","chr1","52429062","52429352","35","13976208"
"chr15","38502735","38503028","chr9","115259231","115259523","33","76756496"
"chr15","38515627","38515926","chr15","43831651","43831953","35","5316024"
"chr15","38535801","38536111","chr7","17994115","17994423","32","20541686"
"chr15","38554185","38554480","chr7","166020953","166021249","27","127466768"
"chr15","38564649","38564941","chr10","29765824","29766115","34","8798825"
"chr15","38596517","38596824","chr17","82184412","82184713","32","43587895"
"chr15","38829633","38829906","chr2","160968266","160968536","44","122138633"
"chr15","38936472","38936668","chr4","57384832","57385028","36","18448360"
"chr15","39112276","39112583","chr16","3520694","3521001","27","35591582"
"chr15","39123482","39123786","chr11","56089370","56089672","32","16965888"
"chr15","39344415","39344713","chr12","118354164","118354459","36","79009749"
"chr15","39544565","39544879","chr15","110104176","110104488","34","70559611"
"chr15","39561771","39562068","chr6","177249478","177249776","32","137687707"
"chr15","39626099","39626406","chrX","52884540","52884848","37","13258441"
"chr15","39673297","39673613","chr7","19112768","19113074","42","20560529"
"chr15","39741925","39742262","chr8","105120121","105120431","54","65378196"
"chr15","39833351","39833641","chr8","27823910","27824198","32","12009441"
"chr15","40097776","40097940","chr1","129407736","129407901","27","89309960"
"chr15","40117075","40117376","chr2","68986282","68986581","26","28869207"
"chr15","40117447","40117746","chr2","68986282","68986581","27","28868835"
"chr15","40125709","40125988","chr16","46539596","46539876","32","6413887"
"chr15","40138079","40138362","chr11","7205179","7205460","32","32932900"
"chr15","40361200","40361507","chr10","49518469","49518776","35","9157269"
"chr15","40409854","40410150","chr4","88700124","88700424","32","48290270"
"chr15","40498969","40499264","chr10","38772882","38773178","31","1726087"
"chr15","40511677","40511953","chr1","204307037","204307312","31","163795360"
"chr15","40832609","40832916","chr7","20070999","20071300","33","20761610"
"chr15","40839121","40839413","chr17","81322280","81322575","36","40483159"
"chr15","40910691","40910992","chr4","88700124","88700424","27","47789433"
"chr15","40918273","40918569","chr9","98050489","98050783","36","57132216"
"chr15","40931337","40931637","chr5","158975124","158975425","25","118043787"
"chr15","40941052","40941348","chr11","108584077","108584374","34","67643025"
"chr15","40947135","40947448","chr12","98050892","98051201","42","57103757"
"chr15","41147347","41147646","chr7","61608289","61608587","38","20460942"
"chr15","41179573","41179873","chr1","34922657","34922952","34","6256916"
"chr15","41245758","41246038","chr13","68530211","68530499","31","27284453"
"chr15","41265225","41265534","chrX","872740","873049","35","40392485"
"chr15","41303408","41303708","chr2","81635445","81635747","36","40332037"
"chr15","41318230","41318401","chrX","59842814","59842986","25","18524584"
"chr15","41346048","41346264","chr12","58289321","58289541","43","16943273"
"chr15","41353575","41353880","chr19","38947494","38947800","36","2406081"
"chr15","41355800","41356092","chr6","155329774","155330069","31","113973974"
"chr15","41368626","41368915","chr18","41208662","41208949","46","159964"
"chr15","41385820","41386129","chr7","20639913","20640235","40","20745907"
"chr15","41394266","41394557","chr3","21008950","21009245","37","20385316"
"chr15","41397148","41397441","chr7","20649830","20650121","31","20747318"
"chr15","41431580","41431882","chr7","150626041","150626346","34","109194461"
"chr15","41502873","41503042","chr3","76215454","76215617","28","34712581"
"chr15","41504181","41504343","chr3","76215454","76215617","21","34711273"
"chr15","41617731","41617992","chr4","58582415","58582670","39","16964684"
"chr15","41656470","41656640","chr6","137838702","137838878","60","96182232"
"chr15","41698668","41698971","chr12","12899763","12900067","30","28798905"
"chr15","41767423","41767723","chr1","211674361","211674655","31","169906938"
"chr15","41813430","41813734","chr4","170937699","170938003","32","129124269"
"chr15","41888169","41888484","chr15","11779419","11779725","51","30108750"
"chr15","41910960","41911257","chr20","28697028","28697324","34","13213932"
"chr15","42209266","42209568","chr1","63101952","63102249","32","20892686"
"chr15","42336265","42336594","chrX","13655787","13656117","39","28680478"
"chr15","42460063","42460366","chr17","92563610","92563907","34","50103547"
"chr15","42792712","42793007","chr7","21935818","21936109","31","20856894"
"chr15","42805153","42805453","chr4","154039231","154039527","29","111234078"
"chr15","42843794","42843962","chr1","129407736","129407901","26","86563942"
"chr15","42857418","42857715","chr16","16366877","16367175","31","26490541"
"chr15","43853406","43853717","chrX","130126302","130126612","49","86272896"
"chr15","44115559","44115844","chr3","162256322","162256607","44","118140763"
"chr15","44586100","44586351","chrX","16387485","16387741","35","28198615"
"chr15","44752028","44752318","chr1","70513165","70513456","40","25761137"
"chr15","45542575","45542738","chr20","27267477","27267649","42","18275098"
"chr15","45542831","45543126","chr7","61336293","61336589","31","15793462"
"chr15","45567886","45568179","chr11","108584077","108584374","30","63016191"
"chr15","46295604","46295849","chr7","25415124","25415369","18","20880480"
"chr15","46329882","46330165","chr2","84500826","84501114","34","38170944"
"chr15","46379784","46380077","chr13","2034471","2034762","40","44345313"
"chr15","46401318","46401619","chr7","25530325","25530618","31","20870993"
"chr15","46655052","46655362","chr7","25775534","25775844","26","20879518"
"chr15","47085473","47085770","chr1","61388678","61388976","39","14303205"
"chr15","47141131","47141447","chr4","5357211","5357521","40","41783920"
"chr15","47238026","47238325","chr7","26401900","26402212","36","20836126"
"chr15","47238331","47238539","chr6","63630625","63630830","34","16392294"
"chr15","47327761","47328067","chr14","118913053","118913356","32","71585292"
"chr15","47350534","47350835","chr6","1092742","1093043","29","46257792"
"chr15","47400626","47400924","chr7","26551231","26551529","21","20849395"
"chr15","47458744","47459002","chr7","26609462","26609721","24","20849282"
"chr15","47476442","47476739","chr11","108584077","108584374","27","61107635"
"chr15","47522490","47522656","chr3","76215454","76215617","21","28692964"
"chr15","47602256","47602517","chr5","147515134","147515400","49","99912878"
"chr15","47701799","47702095","chr7","26828320","26828627","35","20873479"
"chr15","47720332","47720588","chr7","26847230","26847488","34","20873102"
"chr15","47732755","47733046","chr3","77744436","77744731","34","30011681"
"chr15","47745266","47745569","chr3","74896182","74896480","30","27150916"
"chr15","47857672","47857972","chr3","7367921","7368221","34","40489751"
"chr15","47858023","47858301","chrX","123749101","123749382","32","75891078"
"chr15","47869748","47870051","chr12","61309272","61309577","38","13439524"
"chr15","47884381","47884660","chr12","88022841","88023127","44","40138460"
"chr15","47917177","47917372","chr9","62270006","62270180","42","14352829"
"chr15","47947158","47947449","chr5","41819509","41819795","36","6127649"
"chr15","47963027","47963189","chr11","133328099","133328256","32","85365072"
"chr15","47980296","47980596","chr3","7367921","7368221","36","40612375"
"chr15","47992121","47992427","chr7","27112422","27112731","25","20879699"
"chr15","48050400","48050697","chr16","2437247","2437543","29","45613153"
"chr15","48119160","48119314","chr19","4850434","4850601","26","43268726"
"chr15","48132041","48132113","chr8","96081034","96081104","16","47948993"
"chr15","48132254","48132476","chr7","155772303","155772522","37","107640049"
"chr15","48146436","48146721","chr6","148347411","148347707","45","100200975"
"chr15","48178339","48178638","chr13","71257078","71257380","29","23078739"
"chr15","48574988","48575300","chr7","27723801","27724121","31","20851187"
"chr15","48580752","48581052","chr15","63303028","63303323","38","14722276"
"chr15","48751653","48751957","chr7","35399714","35400013","40","13351939"
"chr15","48818211","48818503","chr11","108584077","108584374","28","59765866"
"chr15","48951677","48951986","chr7","28107566","28107876","28","20844111"
"chr15","49002679","49002848","chr6","84072722","84072893","23","35070043"
"chr15","49204743","49205043","chr4","88700124","88700424","26","39495381"
"chr15","49462356","49462659","chrX","18394346","18394650","36","31068010"
"chr15","49487851","49488146","chr11","108584077","108584374","30","59096226"
"chr15","49494727","49495037","chr7","28693888","28694193","30","20800839"
"chr15","49617283","49617579","chr7","28814222","28814513","23","20803061"
"chr15","49633556","49633864","chrX","872740","873049","31","48760816"
"chr15","49675975","49676288","chr1","23437690","23437994","36","26238285"
"chr15","49732928","49733221","chr1","128681611","128681907","29","78948683"
"chr15","49942637","49942945","chr1","165996033","165996341","37","116053396"
"chr15","50013351","50013649","chr6","177249478","177249776","23","127236127"
"chr15","50022481","50022769","chr7","113437485","113437769","39","63415004"
"chr15","50068855","50069168","chr1","161778118","161778429","34","111709263"
"chr15","50252000","50252306","chr14","69622508","69622817","31","19370508"
"chr15","50909494","50909804","chr4","5357211","5357521","33","45552283"
"chr15","51377217","51377492","chr10","62984965","62985245","35","11607748"
"chr15","51851135","51851437","chr7","61781005","61781304","37","9929870"
"chr15","52021341","52021500","chr19","4850434","4850601","29","47170907"
"chr15","52591576","52591872","chr14","2713092","2713395","35","49878484"
"chr15","52595883","52596189","chr2","84060483","84060788","31","31464600"
"chr15","52629118","52629397","chr1","204307037","204307312","35","151677919"
"chr15","52724813","52725101","chr4","170001134","170001432","41","117276321"
"chr15","52782198","52782482","chr16","44163585","44163876","66","8618613"
"chr15","53016342","53016642","chr1","216542963","216543268","40","163526621"
"chr15","53026560","53026716","chr3","70814394","70814554","34","17787834"
"chr15","53200364","53200651","chr9","29839402","29839695","37","23360962"
"chr15","53249124","53249427","chr1","23437690","23437994","33","29811434"
"chr15","53323178","53323399","chr3","120219164","120219385","29","66895986"
"chr15","53394235","53394523","chrX","117589965","117590253","28","64195730"
"chr15","53548964","53549230","chr10","50544434","50544697","36","3004530"
"chr15","53769626","53769936","chr3","81656161","81656467","31","27886535"
"chr15","53799000","53799306","chr14","2713092","2713395","38","51085908"
"chr15","54089432","54089719","chr14","69982295","69982588","60","15892863"
"chr15","54182823","54183133","chr7","33331497","33331807","26","20851326"
"chr15","54199319","54199615","chr11","55009213","55009513","32","809894"
"chr15","54386791","54387086","chr20","30937004","30937299","27","23449787"
"chr15","54490148","54490442","chr4","54062553","54062848","28","427595"
"chr15","54710933","54711236","chr3","178771886","178772186","40","124060953"
"chr15","55048420","55048716","chr7","34221444","34221736","28","20826976"
"chr15","55264508","55264817","chr7","34431849","34432149","34","20832659"
"chr15","55622514","55622816","chr2","175642664","175642965","36","120020150"
"chr15","55730142","55730400","chrX","48320461","48320716","32","7409681"
"chr15","55923918","55924233","chr4","5357211","5357521","32","50566707"
"chr15","56039807","56039974","chr19","4850434","4850601","38","51189373"
"chr15","56150842","56151146","chr6","176790550","176790858","38","120639708"
"chr15","56192332","56192639","chr15","29484254","29484551","35","26708078"
"chr15","56250305","56250596","chrX","66107761","66108056","33","9857456"
"chr15","56266778","56267077","chr7","35479088","35479390","34","20787690"
"chr15","56287763","56288062","chrX","95082495","95082798","28","38794732"
"chr15","56336135","56336436","chr11","108584077","108584374","35","52247942"
"chr15","56389793","56390085","chr1","130574287","130574581","32","74184494"
"chr15","56452193","56452478","chrX","67274706","67275021","60","10822513"
"chr15","56749647","56749956","chr7","35973298","35973601","31","20776349"
"chr15","56920471","56920778","chr7","36142639","36142940","40","20777832"
"chr15","56922878","56923050","chr16","7509806","7509984","39","49413072"
"chr15","57029862","57030163","chr8","9826467","9826772","32","47203395"
"chr15","57071711","57072009","chrX","12237021","12237319","39","44834690"
"chr15","57073817","57074114","chr4","154039231","154039527","30","96965414"
"chr15","57133278","57133579","chr1","156547387","156547697","32","99414109"
"chr15","57297374","57297591","chr7","155772303","155772522","25","98474929"
"chr15","57349623","57349915","chrX","129774446","129774742","36","72424823"
"chr15","57526897","57527205","chr12","85215378","85215688","36","27688481"
"chr15","57731996","57732284","chr7","36958513","36958805","39","20773483"
"chr15","57942811","57943110","chr11","98848584","98848879","41","40905773"
"chr15","58433987","58434295","chrX","872740","873049","37","57561247"
"chr15","58824040","58824345","chr4","108327631","108327935","30","49503591"
"chr15","58840286","58840585","chr6","177249478","177249776","34","118409192"
"chr15","58865638","58865799","chr7","129362850","129363013","33","70497212"
"chr15","58968284","58968588","chr16","2402552","2402855","40","56565732"
"chr15","59718972","59719257","chr7","38915279","38915560","23","20803693"
"chr15","59838676","59838968","chr7","39036396","39036687","33","20802280"
"chr15","59880393","59880688","chr7","39078821","39079112","28","20801572"
"chr15","60248518","60248815","chr3","7367921","7368221","34","52880597"
"chr15","60307484","60307779","chr4","26508637","26508932","38","33798847"
"chr15","60498413","60498710","chr2","97742204","97742501","41","37243791"
"chr15","60551532","60551802","chr1","204307037","204307312","33","143755505"
"chr15","60568543","60568842","chr7","39756364","39756671","29","20812179"
"chr15","60655904","60656192","chr7","39843012","39843305","31","20812892"
"chr15","60693503","60693794","chr7","82525535","82525835","42","21832032"
"chr15","60714755","60715047","chr8","41718631","41718927","25","18996124"
"chr15","60849728","60850035","chr5","56782544","56782853","34","4067184"
"chr15","61180699","61181001","chr7","40371800","40372100","35","20808899"
"chr15","61217356","61217660","chr17","63566017","63566319","35","2348661"
"chr15","61220322","61220630","chr7","74256869","74257176","29","13036547"
"chr15","61471790","61472084","chr1","199847714","199848008","37","138375924"
"chr15","61481604","61481893","chr6","55205350","55205648","39","6276254"
"chr15","61523296","61523461","chr19","32419513","32419677","25","29103783"
"chr15","61599532","61599825","chr13","36579458","36579752","33","25020074"
"chr15","61753851","61754142","chr20","58996123","58996414","33","2757728"
"chr15","61760074","61760380","chr8","41962733","41963037","34","19797341"
"chr15","61763892","61764214","chr4","71292858","71293156","49","9528966"
"chr15","61782173","61782481","chr7","40996341","40996640","36","20785832"
"chr15","61798215","61798514","chr7","127065845","127066144","31","65267630"
"chr15","61808181","61808481","chr3","7367921","7368221","27","54440260"
"chr15","61833107","61833404","chrX","63053911","63054208","33","1220804"
"chr15","61834034","61834329","chr7","41052197","41052492","41","20781837"
"chr15","61841426","61841735","chr13","54621059","54621364","37","7220367"
"chr15","61979911","61980209","chr4","170001134","170001432","35","108021223"
"chr15","62018478","62018807","chrX","113475257","113475588","37","51456779"
"chr15","62091636","62091953","chr4","5357211","5357521","37","56734425"
"chr15","62150948","62151039","chr11","127837568","127837636","30","65686620"
"chr15","62212503","62212805","chr9","117924833","117925131","32","55712330"
"chr15","62234150","62234445","chr9","107225403","107225696","29","44991253"
"chr15","62346611","62346781","chr4","49540998","49541166","25","12805613"
"chr15","62370191","62370485","chr3","155246047","155246338","32","92875856"
"chr15","62401911","62402211","chr4","5864759","5865052","36","56537152"
"chr15","62471791","62472097","chr2","84060483","84060788","32","21588692"
"chr15","62540438","62540598","chr3","76215454","76215617","22","13675016"
"chr15","62573262","62573539","chr20","53893293","53893579","49","8679969"
"chr15","62576466","62576742","chr20","53893293","53893579","43","8683173"
"chr15","62591094","62591393","chr16","40616363","40616650","57","21974731"
"chr15","62610968","62611264","chr1","9659856","9660151","35","52951112"
"chr15","62618844","62619148","chr7","41837298","41837597","39","20781546"
"chr15","62632736","62633045","chr1","7768760","7769067","31","54863976"
"chr15","62683073","62683382","chrX","85948167","85948472","33","23265094"
"chr15","62738996","62739218","chr12","27153792","27154016","41","35585204"
"chr15","62764339","62764625","chr4","17630791","17631080","33","45133548"
"chr15","62771805","62772110","chr1","54184910","54185214","36","8586895"
"chr15","62802749","62803039","chr4","17893190","17893477","31","44909559"
"chr15","62848632","62848953","chrX","53714392","53714701","43","9134240"
"chr15","62917362","62917657","chr8","120468586","120468882","39","57551224"
"chr15","62940259","62940557","chr1","199847714","199848008","37","136907455"
"chr15","62947239","62947531","chr7","42181616","42181907","25","20765623"
"chr15","62957924","62958212","chr4","3379423","3379712","35","59578501"
"chr15","63079484","63079527","chr3","34903811","34903857","22","28175673"
"chr15","63130572","63130874","chr7","42374041","42374353","34","20756531"
"chr15","63230684","63230982","chr3","95674476","95674775","34","32443792"
"chr15","63266532","63266846","chr1","128094642","128094960","45","64828110"
"chr15","63313017","63313320","chr3","48879684","48879984","29","14433333"
"chr15","63337656","63337959","chrX","52884540","52884848","42","10453116"
"chr15","63388757","63389065","chr6","100121414","100121725","33","36732657"
"chr15","63441509","63441816","chr7","112721602","112721913","37","49280093"
"chr15","63624421","63624730","chr7","42878280","42878588","32","20746141"
"chr15","63663816","63664124","chr7","42917115","42917430","32","20746701"
"chr15","63670210","63670519","chr19","44754788","44755097","31","18915422"
"chr15","63808210","63808506","chr8","48638161","48638460","30","15170049"
"chr15","63845214","63845532","chr7","43102698","43103016","25","20742516"
"chr15","63985236","63985542","chr12","115108242","115108542","36","51123006"
"chr15","64013580","64013871","chr15","108424452","108424741","32","44410872"
"chr15","64236816","64237110","chr7","43520366","43520660","25","20716450"
"chr15","64271669","64271979","chr7","43555925","43556226","29","20715744"
"chr15","64328122","64328432","chrX","53714392","53714701","34","10613730"
"chr15","64363022","64363307","chr1","66578973","66579259","36","2215951"
"chr15","64436285","64436593","chrX","52884540","52884848","38","11551745"
"chr15","65026112","65026420","chr7","44375181","44375487","26","20650931"
"chr15","65057425","65057735","chr12","98050892","98051201","29","32993467"
"chr15","65137678","65137967","chr10","38772882","38773178","33","26364796"
"chr15","65162976","65163280","chr1","152269418","152269723","29","87106442"
"chr15","65197476","65197766","chr5","184105008","184105299","27","118907532"
"chr15","65411661","65411924","chr2","108675074","108675342","37","43263413"
"chr15","65532157","65532466","chr7","44950523","44950832","25","20581634"
"chr15","65535089","65535389","chr7","44953224","44953534","30","20581865"
"chr15","65570340","65570634","chr7","44985462","44985762","38","20584878"
"chr15","65626348","65626643","chr4","88700124","88700424","34","23073776"
"chr15","65813017","65813320","chr4","88700124","88700424","34","22887107"
"chr15","66873811","66873998","chrX","147147954","147148141","28","80274143"
"chr15","67313239","67313541","chr17","28442746","28443043","33","38870493"
"chr15","67347511","67347802","chr7","46797908","46798199","32","20549603"
"chr15","67520830","67521134","chr1","54184910","54185214","23","13335920"
"chr15","67791071","67791365","chr3","81362095","81362392","28","13571024"
"chr15","67894623","67894923","chr1","26507995","26508295","41","41386628"
"chr15","68372208","68372516","chr7","47814406","47814713","32","20557802"
"chr15","68405404","68405714","chr19","44754788","44755097","27","23650616"
"chr15","68603180","68603488","chr16","59824608","59824916","30","8778572"
"chr15","68836811","68837112","chr1","85807051","85807354","28","16970240"
"chr15","68951257","68951551","chr7","48394415","48394717","34","20556842"
"chr15","69016623","69016797","chr9","62270006","62270180","30","6746617"
"chr15","69334525","69334818","chr19","17517953","17518241","30","51816572"
"chr15","69359219","69359516","chr3","26174329","26174623","32","43184890"
"chr15","69509326","69509483","chr3","76215454","76215617","28","6706128"
"chr15","69641704","69641874","chr1","129407736","129407901","36","59766032"
"chr15","69757860","69758169","chr4","5955341","5955651","35","63802519"
"chr15","69806124","69806409","chr1","182140812","182141099","35","112334688"
"chr15","70013917","70014223","chr5","24918558","24918866","31","45095359"
"chr15","70033758","70034067","chr1","7768760","7769067","26","62264998"
"chr15","70043674","70043983","chr3","64175701","64176007","29","5867973"
"chr15","70188793","70189009","chr2","98192406","98192621","18","28003613"
"chr15","70249569","70249868","chr2","148110502","148110798","39","77860933"
"chr15","70251410","70251716","chr17","25517924","25518232","31","44733486"
"chr15","70287440","70287627","chrX","147147954","147148141","30","76860514"
"chr15","70633931","70634102","chr16","16732147","16732316","37","53901784"
"chr15","70670725","70671022","chr8","41718631","41718927","36","28952094"
"chr15","70959296","70959612","chr16","47170740","47171040","51","23788556"
"chr15","70968581","70968887","chr1","54184910","54185214","32","16783671"
"chr15","71012190","71012350","chr7","136362895","136363045","33","65350705"
"chr15","71190263","71190466","chr10","38146263","38146468","23","33044000"
"chr15","71204576","71204880","chr7","50204223","50204530","26","21000353"
"chr15","71209144","71209436","chr3","142446579","142446870","27","71237435"
"chr15","71548683","71548839","chr7","129362850","129363013","31","57814167"
"chr15","71549172","71549268","chr1","164629502","164629597","15","93080330"
"chr15","71595784","71596079","chr6","177249478","177249776","33","105653694"
"chr15","71667378","71667686","chr4","5357211","5357521","42","66310167"
"chr15","72110949","72111252","chr2","47824467","47824767","32","24286482"
"chr15","72118820","72119126","chr14","49167339","49167646","34","22951481"
"chr15","72228506","72228785","chr15","44422532","44422812","26","27805974"
"chr15","72433303","72433588","chr10","7710766","7711050","34","64722537"
"chr15","72513823","72514005","chr8","80113522","80113697","29","7599699"
"chr15","72537183","72537461","chr7","96348171","96348464","41","23810988"
"chr15","72555596","72555899","chr11","56089370","56089672","36","16466226"
"chr15","72675853","72676042","chr10","72538419","72538602","33","137434"
"chr15","72681612","72681787","chr15","10405383","10405560","30","62276229"
"chr15","72794554","72794773","chr18","12157369","12157570","51","60637185"
"chr15","72877052","72877205","chr7","17629130","17629274","43","55247922"
"chr15","72932244","72932536","chr12","121351661","121351954","30","48419417"
"chr15","72964171","72964459","chr5","63588683","63588967","38","9375488"
"chr15","72996285","72996596","chrX","130126302","130126612","42","57130017"
"chr15","73014165","73014310","chr3","33493296","33493438","25","39520869"
"chr15","73016541","73016821","chr1","8738916","8739205","47","64277625"
"chr15","73053847","73054134","chr4","36154204","36154490","33","36899643"
"chr15","73144686","73144992","chr20","54448223","54448522","32","18696463"
"chr15","73176731","73177030","chr16","4729688","4729979","33","68447043"
"chr15","73194536","73194760","chr3","120219164","120219385","29","47024628"
"chr15","73195899","73196203","chr1","54184910","54185214","25","19010989"
"chr15","73234809","73235102","chr9","64106021","64106313","36","9128788"
"chr15","73321350","73321569","chr7","52614612","52614832","24","20706738"
"chr15","73413898","73414086","chr12","84405516","84405692","31","10991618"
"chr15","73585000","73585283","chrX","85747365","85747651","32","12162365"
"chr15","73832157","73832465","chrX","130126302","130126612","34","56294145"
"chr15","73878931","73879129","chr19","21089722","21089923","33","52789209"
"chr15","74000730","74001030","chrX","80243775","80244076","32","6243045"
"chr15","74019846","74020141","chr3","50468611","50468907","33","23551235"
"chr15","74178407","74178705","chr7","54077508","54077801","34","20100899"
"chr15","74196941","74197242","chr3","42965994","42966291","41","31230947"
"chr15","74379076","74379381","chr11","108584077","108584374","35","34205001"
"chr15","74449615","74449909","chr6","177249478","177249776","38","102799863"
"chr15","74477695","74477854","chr3","183324547","183324710","22","108846852"
"chr15","74478337","74478633","chr2","95443669","95443966","27","20965332"
"chr15","74492099","74492382","chr7","54383719","54384001","23","20108380"
"chr15","74501738","74501988","chr9","93688855","93689088","36","19187117"
"chr15","74856652","74856955","chrX","130126302","130126612","41","55269650"
"chr15","75056448","75056758","chrX","130126302","130126612","28","55069854"
"chr15","75121728","75122010","chr18","13204390","13204672","27","61917338"
"chr15","75488347","75488635","chr16","4237255","4237548","44","71251092"
"chr15","75526805","75527025","chr2","98192406","98192621","24","22665601"
"chr15","75556701","75557017","chr7","52587523","52587834","35","22969178"
"chr15","75585169","75585474","chr7","55389320","55389638","36","20195849"
"chr15","75676157","75676396","chr7","55478229","55478481","31","20197928"
"chr15","75930811","75931113","chr7","55734086","55734382","31","20196725"
"chr15","76005095","76005265","chr1","129407736","129407901","29","53402641"
"chr15","76074748","76074958","chr12","60498589","60498783","36","15576159"
"chr15","76075234","76075287","chr18","38475253","38475297","25","37599981"
"chr15","76075850","76075885","chr19","17279695","17279724","12","58796155"
"chr15","76125916","76126103","chr18","58753718","58753894","39","17372198"
"chr15","76140014","76140295","chrX","28117470","28117748","35","48022544"
"chr15","76295426","76295737","chr6","83973877","83974187","36","7678451"
"chr15","76357963","76358183","chr2","98192406","98192621","22","21834443"
"chr15","76544158","76544419","chr17","90219090","90219360","53","13674932"
"chr15","76741355","76741657","chr1","54184910","54185214","24","22556445"
"chr15","77468903","77469212","chr7","57355092","57355416","47","20113811"
"chr15","77580030","77580338","chr7","128527912","128528222","33","50947882"
"chr15","77588762","77589079","chr9","119008609","119008928","43","41419847"
"chr15","77605343","77605646","chr16","3520694","3521001","28","74084649"
"chr15","77667949","77668250","chr7","6814365","6814666","24","70853584"
"chr15","77695788","77696078","chr7","57577214","57577505","21","20118574"
"chr15","77765990","77766253","chr7","67874983","67875246","38","9891007"
"chr15","77795781","77796076","chr4","154039231","154039527","31","76243450"
"chr15","77976483","77976725","chr3","75130094","75130335","25","2846389"
"chr15","78018677","78018985","chr1","54184910","54185214","37","23833767"
"chr15","78162386","78162730","chr14","76613494","76613833","61","1548892"
"chr15","78766606","78766728","chr19","17707348","17707458","34","61059258"
"chr15","78767546","78767656","chr17","39176643","39176754","8","39590903"
"chr15","78792144","78792440","chr7","58693948","58694240","33","20098196"
"chr15","78831737","78831905","chr13","89859967","89860138","32","11028230"
"chr15","79030569","79030867","chr7","61336293","61336589","32","17694276"
"chr15","79209742","79210043","chr10","73354021","73354316","29","5855721"
"chr15","79288285","79288577","chr1","34437740","34438040","33","44850545"
"chr15","79472726","79473017","chr3","175664911","175665204","32","96192185"
"chr15","79701058","79701353","chr7","59669544","59669819","42","20031514"
"chr15","79828877","79829177","chr7","127065845","127066144","32","47236968"
"chr15","80060644","80060878","chr15","107971636","107971861","61","27910992"
"chr15","80163752","80164062","chr4","154039231","154039527","44","73875479"
"chr15","80243171","80243467","chr9","26215862","26216159","31","54027309"
"chr15","80339667","80339977","chr4","5357211","5357521","32","74982456"
"chr15","80495591","80495908","chr12","85215378","85215688","39","4719787"
"chr15","80502778","80502936","chr18","12359809","12359972","22","68142969"
"chr15","80503187","80503336","chr10","59864615","59864765","38","20638572"
"chr15","80508190","80508492","chr1","38218968","38219269","28","42289222"
"chr15","80516673","80516997","chr7","61300466","61300779","40","19216207"
"chr15","80517570","80517880","chrX","52884540","52884848","33","27633030"
"chr15","80549650","80549944","chr16","26389884","26390177","39","54159766"
"chr15","80794388","80794685","chr7","61608289","61608587","24","19186099"
"chr15","80848167","80848460","chr4","21780067","21780362","34","59068100"
"chr15","80869397","80869691","chr16","53471796","53472091","29","27397601"
"chr15","80883517","80883823","chr7","61697850","61698148","30","19185667"
"chr15","80967483","80967787","chr20","48622866","48623166","40","32344617"
"chr15","80978136","80978474","chr14","76613494","76613833","52","4364642"
"chr15","80999773","81000000","chr9","93688855","93689088","26","12689082"
"chr15","81339195","81339503","chr17","80863822","80864126","40","475373"
"chr15","81453332","81453620","chr2","115581307","115581596","38","34127975"
"chr15","81477286","81477582","chr9","107225403","107225696","33","25748117"
"chr15","81546178","81546490","chr8","105120121","105120431","33","23573943"
"chr15","81753945","81754249","chr13","90075848","90076160","40","8321903"
"chr15","81756877","81757108","chr15","107971636","107971861","59","26214759"
"chr15","81837656","81837948","chr7","62673126","62673419","43","19164530"
"chr15","81849890","81850124","chr15","107971636","107971861","61","26121746"
"chr15","81876720","81877026","chr4","36717241","36717544","34","45159479"
"chr15","81954122","81954423","chr5","81353003","81353308","26","601119"
"chr15","82004462","82004715","chr1","197311934","197312189","39","115307472"
"chr15","82019851","82020154","chr14","2713092","2713395","39","79306759"
"chr15","82072275","82072555","chr5","186275871","186276152","51","104203596"
"chr15","82194224","82194533","chr2","96568206","96568509","44","14373982"
"chr15","82453532","82453837","chr20","27078282","27078593","31","55375250"
"chr15","82470381","82470683","chr16","47849984","47850287","36","34620397"
"chr15","82668046","82668216","chr15","10405383","10405560","33","72262663"
"chr15","82674942","82675239","chr6","173896362","173896661","33","91221420"
"chr15","82850486","82850702","chr7","63510529","63510744","17","19339957"
"chr15","82864823","82865125","chr2","137900244","137900542","36","55035421"
"chr15","82942878","82943083","chr1","23525016","23525200","56","59417862"
"chr15","83065022","83065314","chr7","63721212","63721506","30","19343810"
"chr15","83105864","83106146","chr2","63419289","63419578","31","19686575"
"chr15","83250081","83250263","chr16","7509806","7509984","41","75740275"
"chr15","83446114","83446407","chr7","64096412","64096697","38","19349702"
"chr15","83452905","83453194","chr7","64103068","64103352","32","19349837"
"chr15","83578149","83578452","chr20","54448223","54448522","34","29129926"
"chr15","83582556","83582878","chr14","103953537","103953843","36","20370981"
"chr15","83647029","83647321","chr6","149085969","149086260","29","65438940"
"chr15","83947915","83948091","chr20","53003463","53003641","20","30944452"
"chr15","84249057","84249390","chr3","1996314","1996638","54","82252743"
"chr15","84865034","84865335","chr3","182064062","182064364","43","97199028"
"chr15","84869929","84870228","chr2","27813797","27814098","40","57056132"
"chr15","84989371","84989672","chr10","159686","159982","34","84829685"
"chr15","85706144","85706431","chr5","25781526","25781823","40","59924618"
"chr15","85910269","85910560","chr10","38772882","38773178","30","47137387"
"chr15","85932464","85932739","chr1","204307037","204307312","30","118374573"
"chr15","86156113","86156422","chr7","66808875","66809183","29","19347238"
"chr15","86226904","86227162","chr3","156152685","156152965","45","69925781"
"chr15","86318106","86318417","chr2","165240146","165240455","32","78922040"
"chr15","86340105","86340272","chr5","139059636","139059807","28","52719531"
"chr15","86347693","86348000","chr7","67017762","67018060","36","19329931"
"chr15","86379382","86379692","chr5","24028300","24028608","34","62351082"
"chr15","86396937","86397238","chr5","158975124","158975425","31","72578187"
"chr15","86408620","86408932","chr14","2713092","2713395","35","83695528"
"chr15","86577113","86577413","chr6","17517810","17518110","28","69059303"
"chr15","86641150","86641322","chr16","7509806","7509984","34","79131344"
"chr15","86694739","86695037","chrX","95493966","95494262","31","8799227"
"chr15","86917423","86917693","chr7","67586009","67586278","28","19331414"
"chr15","86970446","86970600","chr4","14018705","14018862","25","72951741"
"chr15","87057975","87058187","chrX","94728360","94728572","23","7670385"
"chr15","87062225","87062525","chr19","229466","229765","34","86832759"
"chr15","87104257","87104549","chr13","36579458","36579752","27","50524799"
"chr15","87193856","87194156","chr1","61388678","61388976","27","25805178"
"chr15","87196696","87196989","chr7","67876300","67876597","29","19320396"
"chr15","87281615","87281925","chr7","67968990","67969298","32","19312625"
"chr15","87471351","87471654","chr3","183089182","183089485","32","95617831"
"chr15","87491093","87491293","chr18","12157369","12157570","38","75333724"
"chr15","87519797","87520020","chr16","53066376","53066602","41","34453421"
"chr15","87527776","87527966","chr15","64701277","64701454","35","22826499"
"chr15","87545840","87546141","chr1","65262119","65262422","35","22283721"
"chr15","87635978","87636274","chr7","68336549","68336846","26","19299429"
"chr15","87866239","87866543","chr14","104583689","104583989","28","16717450"
"chr15","87908668","87908976","chr1","25380611","25380914","28","62528057"
"chr15","88063200","88063506","chr1","54184910","54185214","27","33878290"
"chr15","88068514","88068702","chr15","10405383","10405560","39","77663131"
"chr15","88102406","88102702","chr6","17311991","17312287","35","70790415"
"chr15","88125653","88125952","chr7","9822708","9823006","31","78302945"
"chr15","88200925","88201231","chrX","52884540","52884848","33","35316385"
"chr15","88219364","88219658","chr7","1749091","1749386","33","86470273"
"chr15","88221176","88221484","chr1","135871276","135871577","37","47650100"
"chr15","88223489","88223794","chr20","28486921","28487226","41","59736568"
"chr15","88234430","88234735","chr4","3271842","3272149","31","84962588"
"chr15","88302020","88302298","chr2","96876334","96876612","36","8574314"
"chr15","88302299","88302611","chr6","176790550","176790858","32","88488251"
"chr15","88312451","88312741","chr1","45062075","45062365","35","43250376"
"chr15","88341289","88341597","chr4","5357211","5357521","41","82984078"
"chr15","88553490","88553794","chr7","69434608","69434915","31","19118882"
"chr15","88934723","88934991","chr5","140683657","140683916","45","51748934"
"chr15","89165351","89165654","chr7","9822708","9823006","25","79342643"
"chr15","89181573","89181764","chrX","147147954","147148141","38","57966381"
"chr15","89333123","89333423","chr7","111618610","111618909","35","22285487"
"chr15","89419771","89420043","chr3","66540814","66541094","42","22878957"
"chr15","89650320","89650605","chr7","70528976","70529262","28","19121344"
"chr15","89676831","89677120","chr5","147526333","147526620","26","57849502"
"chr15","89753303","89753610","chr3","178734896","178735203","35","88981593"
"chr15","90176047","90176338","chr16","15610530","15610824","32","74565517"
"chr15","90202499","90202799","chr5","51327979","51328276","32","38874520"
"chr15","90310269","90310562","chr7","71184445","71184740","30","19125824"
"chr15","90456525","90456702","chr15","10405383","10405560","29","80051142"
"chr15","90494169","90494419","chr2","98285830","98286085","34","7791661"
"chr15","90632823","90633089","chr20","53854989","53855254","33","36777834"
"chr15","90725034","90725342","chr12","124545177","124545485","32","33820143"
"chr15","90743470","90743776","chr1","85807051","85807354","35","4936419"
"chr15","90766545","90766706","chr1","130615501","130615669","30","39848956"
"chr15","90865842","90866167","chr1","156547387","156547697","46","65681545"
"chr15","91048061","91048359","chr6","177249478","177249776","27","86201417"
"chr15","91258421","91258597","chr12","84405516","84405692","22","6852905"
"chr15","91310076","91310390","chr3","11860559","11860868","49","79449517"
"chr15","91592720","91593031","chrX","112840960","112841270","32","21248240"
"chr15","91628394","91628699","chr7","72501249","72501553","36","19127145"
"chr15","91689687","91689986","chr7","72562059","72562352","30","19127628"
"chr15","91763521","91763740","chr18","10444830","10445052","42","81318691"
"chr15","91809751","91810049","chr7","72681001","72681293","31","19128750"
"chr15","92248166","92248466","chr1","38218968","38219269","30","54029198"
"chr15","92402177","92402483","chr12","61309272","61309577","34","31092905"
"chr15","92490605","92490904","chr4","88700124","88700424","41","3790481"
"chr15","92577081","92577386","chr7","61781005","61781304","37","30796076"
"chr15","92595299","92595601","chr6","177249478","177249776","38","84654179"
"chr15","92773395","92773707","chr10","30715548","30715853","40","62057847"
"chr15","92833455","92833735","chr17","78859912","78860191","32","13973543"
"chr15","92900872","92901177","chrX","872740","873049","33","92028132"
"chr15","93174057","93174230","chr17","16374424","16374593","44","76799633"
"chr15","93334432","93334736","chr7","74256869","74257176","33","19077563"
"chr15","93407746","93408030","chr12","82761984","82762268","34","10645762"
"chr15","93526474","93526783","chr13","39352330","39352639","33","54174144"
"chr15","93560816","93561118","chr7","74519955","74520261","27","19040861"
"chr15","93564805","93565097","chr10","18801750","18802043","31","74763055"
"chr15","93681364","93681531","chr15","88479888","88480061","26","5201476"
"chr15","93730814","93731107","chr4","170001134","170001432","48","76270320"
"chr15","93836817","93837132","chr5","13885462","13885777","45","79951355"
"chr15","94193511","94193814","chrX","95082495","95082798","40","888984"
"chr15","94206485","94206787","chr9","94126582","94126878","39","79903"
"chr15","94532806","94532989","chr11","98412688","98412878","33","3879882"
"chr15","95089723","95090030","chr8","105120121","105120431","49","10030398"
"chr15","95704862","95705125","chr3","40500739","40501004","34","55204123"
"chr15","95906933","95907233","chr1","42018653","42018950","35","53888280"
"chr15","96014074","96014373","chr5","177620201","177620499","32","81606127"
"chr15","96017192","96017501","chrX","52884540","52884848","37","43132652"
"chr15","96029685","96029978","chr18","66895567","66895862","34","29134118"
"chr15","96036019","96036312","chr14","121866583","121866878","32","25830564"
"chr15","96076066","96076216","chrX","85303515","85303667","25","10772551"
"chr15","96263055","96263346","chr15","88070777","88071071","33","8192278"
"chr15","96390654","96390951","chr7","77513135","77513431","36","18877519"
"chr15","96506662","96506959","chr1","61388678","61388976","31","35117984"
"chr15","96537398","96537702","chr3","11748359","11748665","43","84789039"
"chr15","96696013","96696322","chr1","54184910","54185214","38","42511103"
"chr15","96746239","96746535","chr11","108584077","108584374","32","11837838"
"chr15","96995123","96995430","chr6","100121414","100121725","41","3126291"
"chr15","97141909","97141999","chr1","216487518","216487610","15","119345609"
"chr15","97142495","97142705","chrX","52786525","52786742","28","44355970"
"chr15","97619407","97619705","chr7","61608289","61608587","31","36011118"
"chr15","97970316","97970615","chr19","504012","504314","34","97466304"
"chr15","97981940","97982244","chr15","42512235","42512545","35","55469705"
"chr15","98065508","98065803","chr2","95443669","95443966","34","2621839"
"chr15","98327355","98327632","chr5","16581052","16581329","38","81746303"
"chr15","98694022","98694332","chr7","79921332","79921641","29","18772690"
"chr15","98738140","98738458","chr3","47683329","47683644","32","51054811"
"chr15","99073086","99073384","chr5","158636538","158636835","39","59563452"
"chr15","99080604","99080895","chr15","108424452","108424741","24","9343848"
"chr15","99210975","99211282","chr4","3752022","3752324","38","95458953"
"chr15","99255018","99255319","chr7","61781005","61781304","42","37474013"
"chr15","99279219","99279540","chr7","80496959","80497282","42","18782260"
"chr15","99292289","99292449","chr11","133328099","133328256","35","34035810"
"chr16","72875757","72876055","chr20","57771429","57771719","39","15104328"
"chr16","74841878","74842185","chr20","59729818","59730137","31","15112060"
"chr16","194589","194898","chr3","55433032","55433335","39","55238443"
"chr16","231072","231365","chr13","106164334","106164628","35","105933262"
"chr16","338502","338797","chr16","4237255","4237548","34","3898753"
"chr16","340831","341141","chrX","127270186","127270497","34","126929355"
"chr16","369246","369547","chr4","3752022","3752324","29","3382776"
"chr16","391070","391257","chr7","8555181","8555369","34","8164111"
"chr16","419356","419644","chr2","203568341","203568629","35","203148985"
"chr16","421390","421574","chr5","740668","740849","32","319278"
"chr16","438866","439172","chrX","85948167","85948472","38","85509301"
"chr16","636101","636394","chr20","630728","631017","29","5373"
"chr16","681989","682281","chr4","137261768","137262054","39","136579779"
"chr16","714351","714654","chr20","706873","707181","33","7478"
"chr16","838684","838995","chr14","118913053","118913356","36","118074369"
"chr16","839306","839611","chrX","872740","873049","40","33434"
"chr16","969590","969776","chr19","53087200","53087382","34","52117610"
"chr16","1414851","1415006","chr7","77189237","77189393","43","75774386"
"chr16","1446516","1446807","chrX","117654503","117654792","32","116207987"
"chr16","1547308","1547611","chr7","90282568","90282871","42","88735260"
"chr16","1726633","1726938","chr1","165996033","165996341","41","164269400"
"chr16","1747562","1747863","chr20","1711332","1711632","36","36230"
"chr16","1752563","1752870","chrX","872740","873049","39","879823"
"chr16","1753557","1753866","chrX","872740","873049","31","880817"
"chr16","1757872","1758154","chr2","149617786","149618080","41","147859914"
"chr16","1765973","1766252","chr7","147731532","147731809","32","145965559"
"chr16","1787632","1787946","chr12","110082565","110082875","41","108294933"
"chr16","1873216","1873506","chr20","1826057","1826330","33","47159"
"chr16","1892908","1893192","chr20","1826057","1826330","26","66851"
"chr16","1918971","1919265","chr1","22411003","22411299","26","20492032"
"chr16","1951226","1951524","chr4","88700124","88700424","34","86748898"
"chr16","1967149","1967482","chrX","67274706","67275021","59","65307557"
"chr16","1982186","1982480","chr4","3379423","3379712","36","1397237"
"chr16","2002129","2002429","chr20","1931317","1931614","31","70812"
"chr16","2067294","2067483","chr18","38999378","38999572","34","36932084"
"chr16","2069307","2069567","chr8","29256394","29256650","29","27187087"
"chr16","2156255","2156550","chr1","92617288","92617583","32","90461033"
"chr16","2279078","2279384","chr20","18193233","18193536","32","15914155"
"chr16","2309467","2309756","chr14","61553787","61554077","34","59244320"
"chr16","2384458","2384751","chr12","121351661","121351954","26","118967203"
"chr16","2446876","2447135","chr10","7891284","7891550","31","5444408"
"chr16","2478758","2478969","chr19","964579","964783","48","1514179"
"chr16","2483128","2483419","chr3","161716772","161717066","34","159233644"
"chr16","2532053","2532351","chr20","2495618","2495914","32","36435"
"chr16","2578298","2578591","chr2","149644045","149644340","30","147065747"
"chr16","2578711","2578984","chr4","14760499","14760778","40","12181788"
"chr16","2589971","2590161","chr12","60498589","60498783","26","57908618"
"chr16","2643984","2644265","chr20","2612258","2612544","28","31726"
"chr16","2670047","2670341","chr15","28092029","28092327","46","25421982"
"chr16","2742228","2742354","chr16","75798194","75798317","29","73055966"
"chr16","2742374","2742447","chr19","14186443","14186525","22","11444069"
"chr16","2789920","2790218","chr1","54184910","54185214","38","51394990"
"chr16","2877292","2877577","chrX","117589965","117590253","34","114712673"
"chr16","2880998","2881154","chr7","90242733","90242879","56","87361735"
"chr16","2940237","2940505","chr8","41693255","41693521","38","38753018"
"chr16","2988927","2989205","chr20","4024317","4024607","46","1035390"
"chr16","2990836","2991136","chr1","206153473","206153775","30","203162637"
"chr16","3083435","3083743","chrX","872740","873049","30","2210695"
"chr16","3142192","3142351","chr11","54926961","54927123","26","51784769"
"chr16","3163000","3163299","chr20","3821868","3822178","39","658868"
"chr16","3166303","3166603","chr19","6185928","6186226","35","3019625"
"chr16","3192076","3192381","chr1","54184910","54185214","31","50992834"
"chr16","3309808","3310103","chr1","28231976","28232271","29","24922168"
"chr16","3318656","3318943","chr3","12332767","12333051","37","9014111"
"chr16","3376777","3376968","chr16","49440030","49440218","41","46063253"
"chr16","3379148","3379438","chr9","97296561","97296851","24","93917413"
"chr16","3427411","3427704","chr15","18438154","18438446","34","15010743"
"chr16","3447174","3447462","chr20","3535939","3536223","29","88765"
"chr16","3456708","3457002","chr11","15282559","15282855","33","11825851"
"chr16","3457763","3458066","chr15","11779419","11779725","37","8321656"
"chr16","3470627","3470816","chr18","38999378","38999572","34","35528751"
"chr16","3661401","3661568","chr16","29014757","29014925","23","25353356"
"chr16","3753504","3753806","chr9","12236843","12237146","29","8483339"
"chr16","3767203","3767495","chr6","136087738","136088027","44","132320535"
"chr16","3779707","3779999","chr2","115581307","115581596","29","111801600"
"chr16","3957163","3957447","chr6","165174499","165174781","29","161217336"
"chr16","4029568","4029876","chr16","628664","628975","39","3400904"
"chr16","4192407","4192566","chr13","89859967","89860138","39","85667560"
"chr16","4196898","4197072","chr15","6911024","6911192","22","2714126"
"chr16","4256751","4257055","chr2","47824467","47824767","33","43567716"
"chr16","4314504","4314745","chr14","116060998","116061241","36","111746494"
"chr16","4316990","4317292","chr4","3859603","3859903","37","457387"
"chr16","4321080","4321237","chr3","76215454","76215617","28","71894374"
"chr16","4333977","4334285","chr14","18653571","18653875","40","14319594"
"chr16","4340307","4340606","chr1","7768760","7769067","43","3428453"
"chr16","4341304","4341604","chr13","52121256","52121555","36","47779952"
"chr16","4396115","4396408","chr15","87598388","87598685","29","83202273"
"chr16","4497073","4497370","chr15","5617179","5617479","36","1120106"
"chr16","4498049","4498341","chr1","92617288","92617583","31","88119239"
"chr16","4519957","4520263","chrX","872740","873049","40","3647217"
"chr16","4582395","4582652","chr8","29256394","29256650","28","24673999"
"chr16","4607299","4607613","chr1","7768760","7769067","37","3161461"
"chr16","4682626","4682918","chr2","61380094","61380378","32","56697468"
"chr16","4698459","4698732","chr20","4643126","4643387","34","55333"
"chr16","4765068","4765371","chrX","95520014","95520318","37","90754946"
"chr16","4778860","4779160","chr1","160978135","160978440","39","156199275"
"chr16","4814684","4814984","chrX","31172826","31173124","38","26358142"
"chr16","4851937","4852240","chr14","118913053","118913356","33","114061116"
"chr16","4863570","4863877","chr9","37704433","37704729","44","32840863"
"chr16","4884815","4885115","chr3","26174329","26174623","28","21289514"
"chr16","4968071","4968373","chr1","39621321","39621626","33","34653250"
"chr16","4981729","4982008","chr1","193736056","193736336","32","188754327"
"chr16","5022428","5022708","chr3","21187885","21188165","37","16165457"
"chr16","5062534","5062837","chr6","174905209","174905512","32","169842675"
"chr16","5275388","5275630","chr20","5220794","5221041","31","54594"
"chr16","5354766","5355061","chr11","108584077","108584374","37","103229311"
"chr16","5358595","5358865","chr2","56486018","56486290","27","51127423"
"chr16","5554368","5554664","chr10","33062312","33062608","28","27507944"
"chr16","5609858","5610122","chr20","5559849","5560115","34","50009"
"chr16","5628896","5629195","chr13","15627280","15627569","38","9998384"
"chr16","5735320","5735614","chr17","73904233","73904526","32","68168913"
"chr16","5838903","5839205","chr20","5783645","5783950","41","55258"
"chr16","6139339","6139564","chrX","58920496","58920716","28","52781157"
"chr16","6163629","6163895","chr4","48373138","48373409","46","42209509"
"chr16","6214693","6214986","chr9","117924833","117925131","37","111710140"
"chr16","6259961","6260280","chr8","137306354","137306676","41","131046393"
"chr16","6261312","6261623","chr13","32770451","32770753","45","26509139"
"chr16","6410632","6410854","chr7","71376440","71376664","51","64965808"
"chr16","6470625","6470911","chr17","73944199","73944499","45","67473574"
"chr16","6473881","6474166","chr14","101504878","101505170","46","95030997"
"chr16","6628333","6628626","chr9","107225403","107225696","34","100597070"
"chr16","6653819","6654100","chr8","123069886","123070166","36","116416067"
"chr16","6682991","6683290","chr1","222010176","222010473","43","215327185"
"chr16","7016681","7016870","chr17","39176135","39176331","33","32159454"
"chr16","7140716","7141025","chr6","174747937","174748244","36","167607221"
"chr16","7488863","7489158","chr1","93813169","93813465","35","86324306"
"chr16","7539370","7539668","chr3","7367921","7368221","32","171449"
"chr16","7584717","7585021","chr14","12945336","12945643","34","5360619"
"chr16","7984814","7985105","chr20","7935085","7935379","32","49729"
"chr16","8073294","8073602","chrX","65128574","65128876","38","57055280"
"chr16","8107937","8108244","chr11","33749197","33749504","34","25641260"
"chr16","8176001","8176300","chr20","8103977","8104279","39","72024"
"chr16","8200238","8200537","chr20","65776652","65776952","42","57576414"
"chr16","8429761","8430034","chr1","204307037","204307312","32","195877276"
"chr16","8434935","8435239","chr7","113241613","113241916","31","104806678"
"chr16","8499823","8500000","chr3","127934070","127934247","32","119434247"
"chr16","8638751","8639068","chr1","206248300","206248612","42","197609549"
"chr16","8645877","8646158","chr8","65531215","65531499","37","56885338"
"chr16","8677308","8677605","chr16","7088601","7088899","35","1588707"
"chr16","8750718","8751019","chr1","34437740","34438040","37","25687022"
"chr16","9080411","9080700","chr15","108330667","108330955","33","99250256"
"chr16","9151581","9151891","chr6","86782969","86783279","32","77631388"
"chr16","9274833","9275143","chr2","109764203","109764511","36","100489370"
"chr16","9284411","9284707","chr16","9472508","9472805","32","188097"
"chr16","9372512","9372732","chrX","94728360","94728572","32","85355848"
"chr16","9396950","9397251","chrX","80243775","80244076","35","70846825"
"chr16","10048561","10048886","chr3","34851335","34851651","54","24802774"
"chr16","10200918","10201229","chr20","10144319","10144629","36","56599"
"chr16","10408893","10409079","chr1","9087561","9087734","35","1321332"
"chr16","10450917","10451234","chr20","10395375","10395688","33","55542"
"chr16","10455634","10455815","chr15","10405383","10405560","32","50251"
"chr16","10483683","10483981","chr20","10423841","10424141","36","59842"
"chr16","10499124","10499426","chr20","17795383","17795686","29","7296259"
"chr16","10518020","10518325","chr12","113988811","113989118","40","103470791"
"chr16","10643197","10643503","chr14","118913053","118913356","37","108269856"
"chr16","10753325","10753629","chrX","95082495","95082798","28","84329170"
"chr16","10894648","10894951","chr1","156547387","156547697","39","145652739"
"chr16","10950453","10950744","chr2","137086392","137086686","34","126135939"
"chr16","10986375","10986672","chr8","93631919","93632210","36","82645544"
"chr16","11080425","11080722","chr1","113814141","113814444","37","102733716"
"chr16","11251494","11251659","chrX","51786687","51786849","31","40535193"
"chr16","11532050","11532349","chr2","98335637","98335937","34","86803587"
"chr16","11566224","11566512","chr3","62258871","62259161","36","50692647"
"chr16","11680097","11680393","chrX","23130799","23131097","37","11450702"
"chr16","11812103","11812413","chr20","11674914","11675224","33","137189"
"chr16","11825882","11826193","chr2","42327846","42328157","36","30501964"
"chr16","11909076","11909374","chr20","11774907","11775200","31","134169"
"chr16","11920336","11920632","chr1","45159399","45159710","46","33239063"
"chr16","12006560","12006862","chr6","32484066","32484370","32","20477506"
"chr16","12045884","12046194","chrX","52884540","52884848","32","40838656"
"chr16","12047430","12047743","chr20","11907008","11907320","34","140422"
"chr16","12114950","12115235","chrX","117589965","117590253","34","105475015"
"chr16","12121801","12122107","chr3","123444667","123444969","35","111322866"
"chr16","12126776","12127082","chr3","123444667","123444969","34","111317891"
"chr16","12150910","12151219","chr1","130838973","130839279","37","118688063"
"chr16","12153020","12153343","chr20","12006627","12006949","41","146393"
"chr16","12172000","12172304","chr8","5292337","5292637","33","6879663"
"chr16","12244218","12244519","chr20","12111436","12111732","28","132782"
"chr16","12318665","12318971","chr1","31096969","31097274","37","18778304"
"chr16","12330634","12330935","chr20","30937004","30937299","24","18606370"
"chr16","12657096","12657393","chr12","57397866","57398162","35","44740770"
"chr16","13280815","13281121","chr20","13107473","13107773","32","173342"
"chr16","13406523","13406786","chr20","13238151","13238416","32","168372"
"chr16","13536188","13536490","chr2","64819781","64820080","29","51283593"
"chr16","13551103","13551414","chr4","5357211","5357521","29","8193892"
"chr16","13589730","13590025","chr11","120760460","120760756","26","107170730"
"chr16","13619331","13619629","chr14","1335240","1335546","48","12284091"
"chr16","13668466","13668754","chr15","108424452","108424741","36","94755986"
"chr16","13780245","13780548","chr1","85807051","85807354","29","72026806"
"chr16","13807463","13807765","chr1","12963263","12963573","39","844200"
"chr16","14044721","14045034","chrX","130126302","130126612","41","116081581"
"chr16","14059426","14059722","chr15","7860079","7860376","30","6199347"
"chr16","14092612","14092930","chr20","13980219","13980528","41","112393"
"chr16","14123679","14124032","chr14","76613494","76613833","69","62489815"
"chr16","14153278","14153559","chr6","17668436","17668719","31","3515158"
"chr16","14176714","14177016","chr20","57205726","57206029","37","43029012"
"chr16","14239313","14239622","chr1","54184910","54185214","25","39945597"
"chr16","14536212","14536481","chr10","83240707","83240972","28","68704495"
"chr16","14616572","14616874","chr16","48091476","48091778","26","33474904"
"chr16","14779245","14779543","chr2","40669441","40669738","33","25890196"
"chr16","14823280","14823577","chr8","41718631","41718927","35","26895351"
"chr16","14877295","14877597","chr20","14788790","14789088","34","88505"
"chr16","14959188","14959494","chr3","123444667","123444969","34","108485479"
"chr16","14979698","14979853","chrX","85303515","85303667","28","70323817"
"chr16","15211587","15211884","chr5","158975124","158975425","28","143763537"
"chr16","15246173","15246460","chr8","65531215","65531499","36","50285042"
"chr16","15255934","15256230","chr3","50468611","50468907","35","35212677"
"chr16","15445589","15445746","chr7","35667652","35667813","23","20222063"
"chr16","15498376","15498679","chr4","3752022","3752324","40","11746354"
"chr16","15511568","15511885","chr16","26735938","26736254","42","11224370"
"chr16","15740879","15741186","chr19","15978488","15978799","32","237609"
"chr16","15788587","15788890","chr8","119831472","119831781","40","104042885"
"chr16","15915517","15915820","chr20","15622627","15622932","31","292890"
"chr16","16095301","16095604","chr10","54460554","54460858","31","38365253"
"chr16","16399888","16400184","chr11","108584077","108584374","33","92184189"
"chr16","16409731","16410042","chr3","123444667","123444969","37","107034936"
"chr16","16502348","16502511","chr11","54926961","54927123","27","38424613"
"chr16","16618984","16619292","chr17","3252485","3252791","34","13366499"
"chr16","16630902","16631157","chr20","17783228","17783496","31","1152326"
"chr16","17036274","17036414","chr7","3648725","3648875","33","13387549"
"chr16","17167828","17168123","chr19","45770144","45770438","24","28602316"
"chr16","17431368","17431671","chr1","54184910","54185214","28","36753542"
"chr16","17452710","17453015","chr9","11808612","11808914","43","5644098"
"chr16","17671870","17671946","chr15","21587442","21587502","24","3915572"
"chr16","17677766","17678054","chr3","161716772","161717066","33","144039006"
"chr16","17706494","17706801","chr5","139847501","139847800","36","122141007"
"chr16","17819363","17819671","chrX","18394346","18394650","43","574983"
"chr16","17862762","17863064","chr20","16502989","16503287","25","1359773"
"chr16","17879564","17879861","chr15","43831651","43831953","40","25952087"
"chr16","17949427","17949728","chr12","65310502","65310803","33","47361075"
"chr16","18084241","18084527","chr13","61154306","61154584","52","43070065"
"chr16","18086583","18086876","chr8","84927630","84927912","37","66841047"
"chr16","18427438","18427691","chr20","17783228","17783496","32","644210"
"chr16","18504198","18504506","chr7","52277962","52278267","35","33773764"
"chr16","18510891","18511199","chr17","3252485","3252791","34","15258406"
"chr16","18776144","18776437","chr20","18061914","18062207","25","714230"
"chr16","18795435","18795737","chr1","160978135","160978440","27","142182700"
"chr16","18823549","18823842","chr20","18103494","18103786","31","720055"
"chr16","18824354","18824646","chr6","148347411","148347707","32","129523057"
"chr16","18837088","18837371","chr2","61380094","61380378","34","42543006"
"chr16","18841658","18841935","chr20","18132983","18133274","36","708675"
"chr16","18849909","18850206","chr20","65776652","65776952","32","46926743"
"chr16","18901601","18901896","chr20","18183620","18183918","30","717981"
"chr16","18901915","18902098","chr19","12959091","12959278","34","5942824"
"chr16","18910937","18911237","chr1","40398360","40398659","26","21487423"
"chr16","19059715","19060024","chr3","13648107","13648424","45","5411608"
"chr16","19207269","19207556","chr4","17893190","17893477","34","1314079"
"chr16","19218161","19218471","chr4","5357211","5357521","31","13860950"
"chr16","19232916","19233222","chr1","206153473","206153775","35","186920557"
"chr16","19288947","19289105","chr7","90242733","90242879","54","70953786"
"chr16","19289107","19289414","chr4","6021240","6021544","34","13267867"
"chr16","19434641","19434926","chr2","53583540","53583829","33","34148899"
"chr16","19504474","19504773","chr2","26017083","26017392","43","6512609"
"chr16","19567617","19567921","chr4","5357211","5357521","35","14210406"
"chr16","20063579","20063956","chr1","25357134","25357481","101","5293555"
"chr16","20096033","20096343","chr8","119831472","119831781","38","99735439"
"chr16","20251130","20251440","chr1","165996033","165996341","33","145744903"
"chr16","20602812","20603104","chr1","130190600","130190890","33","109587788"
"chr16","20768566","20768863","chr3","48879684","48879984","38","28111118"
"chr16","20952584","20952883","chr15","58245803","58246105","40","37293219"
"chr16","21134706","21134856","chr19","34821693","34821849","35","13686987"
"chr16","21147995","21148285","chr10","35925060","35925352","30","14777065"
"chr16","21149112","21149413","chr5","25781526","25781823","33","4632414"
"chr16","21327411","21327711","chr3","123444667","123444969","36","102117256"
"chr16","21337093","21337391","chr12","56532550","56532851","31","35195457"
"chr16","21512441","21512717","chr14","64884360","64884642","45","43371919"
"chr16","21547936","21548232","chr4","84120569","84120862","34","62572633"
"chr16","21572023","21572341","chr2","110155047","110155360","36","88583024"
"chr16","21573860","21574017","chr19","32998981","32999142","31","11425121"
"chr16","21589408","21589575","chr17","13116329","13116498","30","8473079"
"chr16","21591660","21591947","chr20","19831713","19832003","39","1759947"
"chr16","21627806","21628086","chr20","21092159","21092442","29","535647"
"chr16","21959664","21959973","chr3","54644532","54644842","33","32684868"
"chr16","22080661","22080944","chr17","78859912","78860191","33","56779251"
"chr16","22373700","22373871","chr1","9087561","9087734","21","13286139"
"chr16","22420779","22421086","chr20","20914720","20915009","36","1506059"
"chr16","22448204","22448404","chr9","115602163","115602345","45","93153959"
"chr16","22628169","22628476","chr3","54644532","54644842","34","32016363"
"chr16","22735884","22736173","chr5","17150761","17151056","33","5585123"
"chr16","22971571","22971868","chrX","14683994","14684298","36","8287577"
"chr16","22984637","22984940","chr20","21548900","21549206","33","1435737"
"chr16","23053168","23053481","chr20","21624186","21624495","40","1428982"
"chr16","23072778","23073071","chr16","15610530","15610824","35","7462248"
"chr16","23417660","23417969","chr20","22020269","22020581","29","1397391"
"chr16","23570162","23570350","chr19","12959091","12959278","34","10611071"
"chr16","23580882","23581189","chr16","57788556","57788858","37","34207674"
"chr16","23621999","23622156","chr9","38344102","38344259","14","14722103"
"chr16","23699811","23700115","chr1","85807051","85807354","38","62107240"
"chr16","23706679","23706980","chr3","161882610","161882912","32","138175931"
"chr16","23832255","23832406","chr11","34301448","34301581","40","10469193"
"chr16","23856435","23856734","chr7","61781005","61781304","31","37924570"
"chr16","23929404","23929700","chr3","160036030","160036319","37","136106626"
"chr16","24149627","24149930","chrX","19203852","19204150","36","4945775"
"chr16","24151456","24151752","chr20","22742287","22742577","29","1409169"
"chr16","24208927","24209236","chrX","872740","873049","27","23336187"
"chr16","24394652","24394919","chr20","22984046","22984304","36","1410606"
"chr16","24701458","24701619","chr4","14018705","14018862","33","10682753"
"chr16","24760577","24760874","chr12","18034432","18034730","25","6726145"
"chr16","24807139","24807442","chr20","23406916","23407222","19","1400223"
"chr16","24823631","24823922","chr20","23423451","23423747","27","1400180"
"chr16","25018327","25018477","chr20","15114539","15114696","45","9903788"
"chr16","25142026","25142325","chr15","87598388","87598685","32","62456362"
"chr16","25236952","25237167","chr1","23896634","23896846","30","1340318"
"chr16","25310716","25311006","chr1","56044044","56044339","39","30733328"
"chr16","25332938","25333245","chr4","5357211","5357521","43","19975727"
"chr16","25461856","25462149","chr5","140049586","140049874","43","114587730"
"chr16","25479835","25480136","chr20","15071965","15072269","35","10407870"
"chr16","25545906","25546198","chr13","65001120","65001409","36","39455214"
"chr16","25591397","25591690","chr1","141969216","141969513","35","116377819"
"chr16","25627295","25627605","chr19","22765027","22765339","58","2862268"
"chr16","25629237","25629547","chr4","3271842","3272149","35","22357395"
"chr16","25718934","25719233","chr20","24248392","24248696","28","1470542"
"chr16","25819884","25820121","chr20","24340660","24340903","31","1479224"
"chr16","25869649","25869951","chr7","83941543","83941842","39","58071894"
"chr16","25887527","25887826","chr6","132127364","132127664","40","106239837"
"chr16","25919602","25919907","chrX","130126302","130126612","34","104206700"
"chr16","26469184","26469487","chr6","1092742","1093043","34","25376442"
"chr16","26529618","26529920","chr20","25095248","25095562","33","1434370"
"chr16","26550709","26550983","chrX","18213365","18213639","34","8337344"
"chr16","26576290","26576602","chr2","47731483","47731792","36","21155193"
"chr16","26687433","26687745","chr7","52277962","52278267","45","25590529"
"chr16","26843032","26843191","chr11","54926961","54927123","30","28083929"
"chr16","26901718","26902021","chr9","98528528","98528828","32","71626810"
"chr16","26976481","26976783","chr1","54184910","54185214","32","27208429"
"chr16","27041514","27041809","chr7","96348171","96348464","28","69306657"
"chr16","27286876","27287179","chr2","114175290","114175596","40","86888414"
"chr16","27460317","27460630","chr4","5955341","5955651","26","21504976"
"chr16","27491407","27491711","chr6","147351072","147351371","34","119859665"
"chr16","27514664","27514981","chr15","11779419","11779725","45","15735245"
"chr16","27632207","27632505","chr6","17311991","17312287","28","10320216"
"chr16","27744434","27744523","chr14","113311902","113312011","34","85567468"
"chr16","27792243","27792421","chr13","89859967","89860138","33","62067724"
"chr16","27829774","27830082","chr9","101509353","101509655","37","73679579"
"chr16","28350508","28350810","chr6","39592832","39593132","35","11242324"
"chr16","28419154","28419442","chr7","19039688","19039974","27","9379466"
"chr16","28449728","28450029","chr6","177249478","177249776","31","148799750"
"chr16","28453567","28453863","chr16","48096579","48096875","35","19643012"
"chr16","28465340","28465636","chr6","177249478","177249776","29","148784138"
"chr16","28574834","28575134","chr1","61388678","61388976","36","32813844"
"chr16","28593985","28594292","chr6","173896362","173896661","43","145302377"
"chr16","28597480","28597764","chr2","92865913","92866208","45","64268433"
"chr16","28598309","28598502","chr14","37365936","37366112","49","8767627"
"chr16","28619470","28619772","chr4","5357211","5357521","33","23262259"
"chr16","28706953","28707263","chr13","73464305","73464609","38","44757352"
"chr16","28771067","28771246","chr20","54482198","54482375","38","25711131"
"chr16","28804557","28804811","chr8","29256394","29256650","28","451837"
"chr16","28886477","28886773","chr20","54448223","54448522","28","25561746"
"chr16","29005323","29005634","chr2","111182376","111182681","39","82177053"
"chr16","29083890","29084183","chr4","21309683","21309973","31","7774207"
"chr16","29596730","29597039","chrX","85948167","85948472","37","56351437"
"chr16","29625431","29625730","chr1","213809593","213809893","39","184184162"
"chr16","29693223","29693520","chr20","18061914","18062207","26","11631309"
"chr16","29735848","29736022","chr9","62270006","62270180","24","32534158"
"chr16","29748554","29748711","chr19","32998981","32999142","31","3250427"
"chr16","29795693","29795989","chr7","114172011","114172307","37","84376318"
"chr16","29841584","29841887","chr11","132192779","132193080","33","102351195"
"chr16","29872408","29872708","chr1","54184910","54185214","37","24312502"
"chr16","29890109","29890298","chr2","49127094","49127264","42","19236985"
"chr16","29894230","29894261","chr18","12155777","12155793","17","17738453"
"chr16","29894801","29894990","chr2","84605844","84606023","48","54711043"
"chr16","29915603","29915904","chr6","173896362","173896661","38","143980759"
"chr16","29929801","29929940","chrX","113339578","113339718","30","83409777"
"chr16","29998409","29998698","chr20","28247588","28247878","45","1750821"
"chr16","30011585","30011849","chr20","28263184","28263447","26","1748401"
"chr16","30029041","30029163","chr1","67908356","67908476","11","37879315"
"chr16","30029480","30029656","chr5","139059636","139059807","30","109030156"
"chr16","30073370","30073655","chr7","157010590","157010871","38","126937220"
"chr16","30107834","30107978","chr3","33493296","33493438","24","3385462"
"chr16","30179950","30180246","chr2","44364597","44364899","42","14184647"
"chr16","30205336","30205643","chrX","52884540","52884848","32","22679204"
"chr16","30278397","30278682","chr20","27479060","27479342","29","2799337"
"chr16","30288963","30289247","chr4","105530942","105531223","27","75241979"
"chr16","30317499","30317795","chr3","161716772","161717066","31","131399273"
"chr16","30329156","30329394","chr9","63402390","63402634","34","33073234"
"chr16","30374548","30374836","chr10","87136170","87136463","35","56761622"
"chr16","30399284","30399587","chr1","163103574","163103881","31","132704290"
"chr16","30458485","30458783","chr20","18061914","18062207","26","12396571"
"chr16","30474064","30474365","chr5","189272833","189273135","40","158798769"
"chr16","30507129","30507429","chr20","18131015","18131317","31","12376114"
"chr16","30507849","30508143","chr5","41807333","41807629","47","11299484"
"chr16","30568654","30568954","chr4","108327631","108327935","34","77758977"
"chr16","30666192","30666497","chr6","174905209","174905512","38","144239017"
"chr16","30742282","30742585","chr12","95161451","95161754","35","64419169"
"chr16","30771774","30771961","chr19","12959091","12959278","35","17812683"
"chr16","30784293","30784593","chr10","80493522","80493813","33","49709229"
"chr16","30787258","30787426","chr15","88479888","88480061","31","57692630"
"chr16","30823506","30823808","chr3","17734708","17735011","25","13088798"
"chr16","30830360","30830534","chr1","129407736","129407901","28","98577376"
"chr16","30933341","30933642","chr20","28599816","28600121","30","2333525"
"chr16","30957545","30957842","chr6","177249478","177249776","29","146291933"
"chr16","30976688","30976858","chr10","36085811","36085979","27","5109123"
"chr16","31003797","31004096","chr7","61781005","61781304","32","30777208"
"chr16","31014197","31014509","chr20","28676341","28676653","33","2337856"
"chr16","31024350","31024653","chr4","85782480","85782782","31","54758130"
"chr16","31035623","31035922","chr20","28697028","28697324","17","2338595"
"chr16","31036756","31036968","chr6","63630625","63630830","40","32593869"
"chr16","31172516","31172814","chr14","57654140","57654437","34","26481624"
"chr16","31200305","31200460","chr13","89859967","89860138","35","58659662"
"chr16","31212271","31212464","chr7","166301179","166301353","53","135088908"
"chr16","31227106","31227338","chr4","58582415","58582670","46","27355309"
"chr16","31277089","31277365","chr20","1826057","1826330","41","29451032"
"chr16","31407176","31407460","chr16","23431615","23431905","38","7975561"
"chr16","31556343","31556514","chr3","127934070","127934247","37","96377727"
"chr16","31616389","31616558","chr3","40144075","40144252","44","8527686"
"chr16","31705061","31705221","chr10","7954095","7954257","22","23750966"
"chr16","31705295","31705580","chr12","82761984","82762268","36","51056689"
"chr16","31742651","31742957","chr11","62952141","62952444","34","31209490"
"chr16","31841166","31841464","chr1","26700624","26700923","37","5140542"
"chr16","32045389","32045697","chr2","92974716","92975021","34","60929327"
"chr16","32471552","32471854","chr20","57205726","57206029","28","24734174"
"chr16","33364559","33364840","chr10","12523437","12523716","41","20841122"
"chr16","33377165","33377468","chr7","113241613","113241916","31","79864448"
"chr16","33635370","33635670","chr19","28815383","28815684","27","4819987"
"chr16","33699749","33700058","chr1","45159399","45159710","43","11459650"
"chr16","33752120","33752419","chr13","108459946","108460243","27","74707826"
"chr16","33782494","33782777","chr13","108424971","108425258","26","74642477"
"chr16","33958129","33958420","chr3","57980135","57980431","33","24022006"
"chr16","34133399","34133694","chr3","7367921","7368221","44","26765478"
"chr16","43977522","43977820","chr15","104401844","104402147","41","60424322"
"chr16","44737764","44738073","chr12","119761952","119762260","30","75024188"
"chr16","44744466","44744782","chr7","113241613","113241916","50","68497147"
"chr16","45022242","45022528","chr7","21935818","21936109","37","23086424"
"chr16","45200255","45200470","chr13","101622015","101622230","33","56421760"
"chr16","45257210","45257520","chr1","14303037","14303352","45","30954173"
"chr16","45324852","45325154","chr20","29849685","29849987","56","15475167"
"chr16","45370179","45370489","chr2","47824467","47824767","48","2454288"
"chr16","45495537","45495845","chr20","30287061","30287369","21","15208476"
"chr16","45766420","45766709","chr20","30565923","30566207","34","15200497"
"chr16","45877876","45878178","chr19","480550","480849","46","45397326"
"chr16","45897740","45898034","chr2","150283283","150283580","34","104385543"
"chr16","45949665","45949878","chrX","78427195","78427409","47","32477530"
"chr16","46434748","46434993","chr20","31225131","31225378","33","15209617"
"chr16","46461646","46461943","chr9","98384100","98384393","31","51922454"
"chr16","46549103","46549409","chr10","30715548","30715853","33","15833555"
"chr16","46605213","46605512","chr20","28697028","28697324","35","17908185"
"chr16","46754108","46754398","chr3","8096044","8096335","37","38658064"
"chr16","46937871","46938179","chr1","38572070","38572377","37","8365801"
"chr16","47327383","47327669","chr20","32132231","32132518","27","15195152"
"chr16","47405618","47405788","chr2","15318266","15318436","26","32087352"
"chr16","47586990","47587186","chr17","39176135","39176331","34","8410855"
"chr16","47587325","47587432","chr17","39176643","39176754","20","8410682"
"chr16","47625015","47625306","chr4","82238846","82239136","37","34613831"
"chr16","47879571","47879867","chr10","35385148","35385439","28","12494423"
"chr16","48106715","48107015","chr1","38218968","38219269","39","9887747"
"chr16","48281667","48281977","chr20","33164168","33164478","26","15117499"
"chr16","48621930","48622239","chr20","33539803","33540113","34","15082127"
"chr16","49096345","49096509","chrX","51786687","51786849","29","2690342"
"chr16","49174156","49174467","chrX","872740","873049","33","48301416"
"chr16","49368999","49369231","chr20","34321481","34321710","12","15047518"
"chr16","49442501","49442806","chr20","34393574","34393879","27","15048927"
"chr16","49648238","49648408","chr15","6911024","6911192","32","42737214"
"chr16","49692069","49692312","chr12","1645361","1645609","30","48046708"
"chr16","49823686","49823993","chr3","81656161","81656467","32","31832475"
"chr16","49864121","49864428","chr8","122686130","122686440","41","72822009"
"chr16","49894355","49894664","chrX","872740","873049","37","49021615"
"chr16","50151240","50151452","chr1","146184428","146184665","49","96033188"
"chr16","50283020","50283339","chr7","17522707","17523020","50","32760313"
"chr16","50511761","50512067","chr20","35430907","35431213","24","15080854"
"chr16","52007909","52008212","chr5","99049506","99049803","41","47041597"
"chr16","52033392","52033693","chr7","83941543","83941842","35","31908151"
"chr16","52215125","52215442","chrX","52884540","52884848","35","669415"
"chr16","52559992","52560158","chr5","18060035","18060193","29","34499957"
"chr16","52628928","52629216","chr2","95443669","95443966","37","42814741"
"chr16","52682809","52683116","chr10","72031369","72031681","33","19348560"
"chr16","52685584","52685747","chr15","6911024","6911192","19","45774560"
"chr16","52696676","52696968","chr20","37719703","37719999","31","14976973"
"chr16","52795620","52795930","chr6","176790550","176790858","34","123994930"
"chr16","53494649","53494956","chr9","93872647","93872956","28","40377998"
"chr16","53877635","53877936","chr20","38886165","38886471","23","14991470"
"chr16","53987071","53987372","chr4","5955341","5955651","40","48031730"
"chr16","54430123","54430262","chr7","136362895","136363045","35","81932772"
"chr16","55117490","55117790","chrX","95082495","95082798","31","39965005"
"chr16","55271761","55272033","chr12","81755596","81755855","46","26483835"
"chr16","55530251","55530548","chr1","142024339","142024636","26","86494088"
"chr16","55548111","55548418","chr4","127363604","127363914","32","71815493"
"chr16","55559150","55559446","chr11","108584077","108584374","32","53024927"
"chr16","55581523","55581820","chr1","34922657","34922952","27","20658866"
"chr16","55972675","55972846","chr5","139059636","139059807","23","83086961"
"chr16","56336678","56336974","chr19","1147467","1147760","28","55189211"
"chr16","56337149","56337455","chr2","60820765","60821066","35","4483616"
"chr16","56373097","56373367","chr20","41508357","41508626","40","14864740"
"chr16","56407805","56408101","chrX","23155568","23155864","29","33252237"
"chr16","56472201","56472406","chr8","142875829","142876020","33","86403628"
"chr16","56493705","56494005","chr20","41615482","41615793","37","14878223"
"chr16","56537293","56537344","chr14","18724456","18724513","17","37812837"
"chr16","56666652","56666845","chr20","13621223","13621401","45","43045429"
"chr16","56670126","56670424","chr1","85807051","85807354","32","29136925"
"chr16","56924753","56925037","chr6","155329774","155330069","36","98405021"
"chr16","57159808","57160107","chr6","130404322","130404612","35","73244514"
"chr16","57200338","57200633","chr1","93813169","93813465","28","36612831"
"chr16","57267623","57267934","chr20","42392748","42393068","44","14874875"
"chr16","57500580","57500888","chr12","98050892","98051201","31","40550312"
"chr16","57618600","57618812","chr12","3659164","3659381","64","53959436"
"chr16","57686607","57686909","chr7","127065845","127066144","31","69379238"
"chr16","57734292","57734593","chr20","42847340","42847643","25","14886952"
"chr16","57776829","57777142","chrX","52884540","52884848","33","4892289"
"chr16","57811749","57812040","chr15","108424452","108424741","27","50612703"
"chr16","57828668","57828940","chr20","42934179","42934450","31","14894489"
"chr16","57872366","57872658","chr20","42976530","42976818","32","14895836"
"chr16","57903783","57904077","chr8","41718631","41718927","32","16185152"
"chr16","57913285","57913585","chr8","75627151","75627453","39","17713866"
"chr16","58072916","58073206","chr10","80493522","80493813","32","22420606"
"chr16","58142226","58142381","chr5","18060035","18060193","37","40082191"
"chr16","58262784","58263036","chr5","133076217","133076473","34","74813433"
"chr16","58268844","58269148","chr1","54184910","54185214","35","4083934"
"chr16","58464069","58464285","chr16","53066376","53066602","58","5397693"
"chr16","58527063","58527376","chr10","82827361","82827669","38","24300298"
"chr16","58711605","58711913","chr4","5955341","5955651","30","52756264"
"chr16","58837960","58838137","chr9","62270006","62270180","23","3432046"
"chr16","59022904","59023210","chr5","56782544","56782853","40","2240360"
"chr16","59101460","59101652","chr5","46476035","46476209","43","12625425"
"chr16","59144845","59145155","chr1","10790603","10790909","39","48354242"
"chr16","59322741","59323010","chr3","61219427","61219705","37","1896686"
"chr16","59344928","59345230","chr20","44396185","44396485","39","14948743"
"chr16","59356991","59357304","chr6","1092742","1093043","44","58264249"
"chr16","59357471","59357771","chr2","71480931","71481225","40","12123460"
"chr16","59457137","59457430","chr20","44501920","44502223","33","14955217"
"chr16","59583849","59584042","chr16","49440030","49440218","32","10143819"
"chr16","59670982","59671273","chr20","44711898","44712189","29","14959084"
"chr16","59838941","59839081","chr20","58915972","58916128","35","922969"
"chr16","60098863","60099172","chrX","872740","873049","44","59226123"
"chr16","60419483","60419790","chr20","45405663","45405966","30","15013820"
"chr16","60421805","60422112","chr20","45405663","45405966","30","15016142"
"chr16","60503412","60503721","chrX","71930792","71931102","32","11427380"
"chr16","61165982","61166286","chr7","113241613","113241916","29","52075631"
"chr16","61443800","61444103","chr5","106705827","106706134","36","45262027"
"chr16","61925805","61926117","chr1","27056894","27057200","38","34868911"
"chr16","62100415","62100719","chrX","136494316","136494618","34","74393901"
"chr16","62144553","62144861","chr1","54184910","54185214","29","7959643"
"chr16","62229305","62229480","chr20","27267477","27267649","22","34961828"
"chr16","62298960","62299213","chr20","47420046","47420306","30","14878914"
"chr16","62365392","62365695","chr3","81656161","81656467","40","19290769"
"chr16","62771173","62771468","chr7","166020953","166021249","32","103249780"
"chr16","62832406","62832647","chr14","116060998","116061241","37","53228592"
"chr16","62863139","62863426","chr20","47962055","47962354","27","14901084"
"chr16","62887977","62888150","chr3","76215454","76215617","31","13327477"
"chr16","62925029","62925332","chr1","85807051","85807354","39","22882022"
"chr16","63213447","63213753","chr12","84493501","84493799","41","21280054"
"chr16","63755586","63755880","chr4","88700124","88700424","28","24944538"
"chr16","63757547","63757817","chr20","48929972","48930247","22","14827575"
"chr16","64702863","64703130","chr6","105531704","105531972","38","40828841"
"chr16","64733739","64734054","chrX","130126302","130126612","36","65392563"
"chr16","64769650","64769703","chr20","54495305","54495348","22","10274345"
"chr16","64862146","64862452","chr20","15071965","15072269","37","49790181"
"chr16","65159566","65159764","chr16","49440030","49440218","42","15719536"
"chr16","65164363","65164662","chr16","55480609","55480901","39","9683754"
"chr16","65251214","65251423","chr1","159782384","159782596","35","94531170"
"chr16","65288118","65288403","chr4","28429261","28429546","35","36858857"
"chr16","65557955","65558251","chr12","115108242","115108542","30","49550287"
"chr16","65669644","65669940","chr15","8087432","8087723","29","57582212"
"chr16","65713725","65714009","chr20","21092159","21092442","29","44621566"
"chr16","65831335","65831645","chr14","101770254","101770564","32","35938919"
"chr16","65882508","65882812","chr2","195505774","195506079","37","129623266"
"chr16","66111138","66111439","chr20","18193233","18193536","29","47917905"
"chr16","66187257","66187567","chr6","68111236","68111548","41","1923979"
"chr16","66200980","66201281","chrX","95082495","95082798","44","28881515"
"chr16","66247690","66247988","chr8","115461075","115461370","29","49213385"
"chr16","66252864","66253158","chr11","110456127","110456422","36","44203263"
"chr16","66282206","66282501","chr11","122284883","122285181","32","56002677"
"chr16","66289379","66289669","chr1","21747965","21748260","35","44541414"
"chr16","66365326","66365597","chr4","160692905","160693183","34","94327579"
"chr16","66492102","66492269","chr3","76215454","76215617","25","9723352"
"chr16","66692774","66693062","chrX","67476646","67476941","37","783872"
"chr16","66786098","66786264","chr1","110065444","110065608","29","43279346"
"chr16","66830154","66830427","chr20","51887890","51888159","26","14942264"
"chr16","66840829","66841129","chr6","17517810","17518110","38","49323019"
"chr16","66874566","66874859","chr3","26174329","26174623","35","40700237"
"chr16","66890297","66890594","chr20","51946023","51946323","38","14944274"
"chr16","66899214","66899507","chr2","21926577","21926869","32","44972637"
"chr16","66973304","66973602","chr2","174371371","174371665","27","107398067"
"chr16","66976355","66976666","chrX","872740","873049","37","66103615"
"chr16","67069436","67069738","chr4","88700124","88700424","30","21630688"
"chr16","67071826","67072099","chr7","147731532","147731809","52","80659706"
"chr16","67073203","67073501","chr6","177249478","177249776","31","110176275"
"chr16","67091254","67091548","chr14","57654140","57654437","36","9437114"
"chr16","67097171","67097351","chr1","27619548","27619722","31","39477623"
"chr16","67205857","67206176","chr12","19620918","19621225","46","47584939"
"chr16","67262005","67262282","chr15","44422532","44422812","34","22839473"
"chr16","67273017","67273324","chr19","15978488","15978799","44","51294529"
"chr16","67308010","67308193","chr19","43184920","43185099","28","24123090"
"chr16","67565453","67565748","chr3","74896182","74896480","34","7330729"
"chr16","67601543","67601823","chr1","22233954","22234245","38","45367589"
"chr16","67829577","67829884","chr13","102546159","102546464","36","34716582"
"chr16","67838422","67838732","chr1","165996033","165996341","35","98157611"
"chr16","67849084","67849377","chr2","47824467","47824767","35","20024617"
"chr16","67896955","67897269","chr7","90282568","90282871","44","22385613"
"chr16","67916518","67916823","chr14","118913053","118913356","37","50996535"
"chr16","67921756","67922067","chr4","5357211","5357521","36","62564545"
"chr16","67929289","67929598","chr13","39352330","39352639","34","28576959"
"chr16","67955028","67955212","chr14","30555496","30555671","29","37399532"
"chr16","67967608","67967908","chr2","50292284","50292589","40","17675324"
"chr16","67992169","67992334","chr19","32419513","32419677","31","35572656"
"chr16","67994599","67994912","chr14","7929669","7929979","37","60064930"
"chr16","68002363","68002660","chr8","115461075","115461370","29","47458712"
"chr16","68040267","68040449","chr10","30764618","30764791","35","37275649"
"chr16","68040923","68041060","chr6","67571332","67571471","14","469591"
"chr16","68076490","68076658","chr20","53161042","53161209","22","14915448"
"chr16","68193112","68193409","chr20","53280952","53281242","30","14912160"
"chr16","68294813","68294848","chr3","34903811","34903857","19","33391002"
"chr16","68295248","68295529","chr16","46231906","46232200","40","22063342"
"chr16","68321816","68322120","chr1","165996033","165996341","35","97674217"
"chr16","68391681","68391983","chrX","80243775","80244076","35","11852094"
"chr16","68413340","68413639","chr4","119717737","119718038","33","51304397"
"chr16","68456746","68456916","chr17","13116329","13116498","25","55340417"
"chr16","68497539","68497813","chr15","44422532","44422812","30","24075007"
"chr16","68500165","68500499","chr19","44729146","44729473","51","23771019"
"chr16","68501799","68502089","chr1","199847714","199848008","29","131345915"
"chr16","68512455","68512765","chr6","174905209","174905512","40","106392754"
"chr16","68526014","68526269","chr2","98285830","98286085","25","29759816"
"chr16","68628419","68628719","chr20","53732502","53732805","26","14895917"
"chr16","68642715","68642994","chr20","53746018","53746293","32","14896697"
"chr16","68674408","68674583","chr2","26703771","26703943","28","41970637"
"chr16","68683768","68683941","chrX","59842814","59842986","28","8840954"
"chr16","68750045","68750344","chr6","147351072","147351371","28","78601027"
"chr16","68772835","68773141","chrX","52884540","52884848","30","15888295"
"chr16","68786649","68786959","chr1","10790603","10790909","37","57996046"
"chr16","68820340","68820643","chr19","47471459","47471761","30","21348881"
"chr16","68834212","68834507","chr1","25380611","25380914","39","43453601"
"chr16","68869261","68869551","chr12","115108242","115108542","37","46238981"
"chr16","69054161","69054466","chr15","104401844","104402147","35","35347683"
"chr16","69061772","69062050","chr3","61219427","61219705","41","7842345"
"chr16","69110632","69110939","chr1","54184910","54185214","30","14925722"
"chr16","69169010","69169067","chr3","156112815","156112883","15","86943805"
"chr16","69169658","69169736","chr1","12339903","12339996","20","56829755"
"chr16","69200089","69200392","chr3","74896182","74896480","32","5696093"
"chr16","69218936","69219094","chr15","6911024","6911192","28","62307912"
"chr16","69256940","69257242","chr20","54353262","54353563","32","14903678"
"chr16","69509284","69509581","chr15","104505005","104505303","33","34995721"
"chr16","69536284","69536585","chr1","54184910","54185214","35","15351374"
"chr16","69598076","69598369","chr8","48638161","48638460","34","20959915"
"chr16","69626663","69626933","chr20","54470520","54470790","34","15156143"
"chr16","69636046","69636368","chr19","32382782","32383089","40","37253264"
"chr16","69666794","69667089","chr8","31135849","31136145","34","38530945"
"chr16","69730704","69730892","chr9","62270006","62270180","41","7460698"
"chr16","69730894","69731177","chr2","84500826","84501114","40","14769932"
"chr16","69813526","69813725","chr7","36517447","36517660","44","33296079"
"chr16","69868024","69868321","chr2","84585817","84586114","51","14717793"
"chr16","70074337","70074642","chr15","42512235","42512545","38","27562102"
"chr16","70297954","70298250","chrX","95493966","95494262","32","25196012"
"chr16","70518224","70518526","chr4","88700124","88700424","34","18181900"
"chr16","70531046","70531346","chr4","107239075","107239376","33","36708029"
"chr16","70754236","70754454","chr8","115568815","115569042","43","44814579"
"chr16","70879266","70879572","chr10","67242450","67242757","39","3636816"
"chr16","71012950","71013243","chr4","170001134","170001432","39","98988184"
"chr16","71043104","71043400","chr11","108584077","108584374","28","37540973"
"chr16","71093054","71093256","chr4","11102991","11103196","37","59990063"
"chr16","71149090","71149304","chrX","94728360","94728572","30","23579270"
"chr16","71170516","71170809","chr1","187075789","187076083","36","115905273"
"chr16","71193830","71194135","chr14","2713092","2713395","28","68480738"
"chr16","71257993","71258287","chr15","28092029","28092327","32","43165964"
"chr16","71409092","71409387","chr4","170001134","170001432","33","98592042"
"chr16","71556570","71556894","chr8","39411734","39412044","50","32144836"
"chr16","71613541","71613838","chr16","47170740","47171040","41","24442801"
"chr16","71614234","71614557","chr3","1996314","1996638","55","69617920"
"chr16","71704222","71704517","chr20","56417024","56417322","31","15287198"
"chr16","71802284","71802582","chr3","105975983","105976283","27","34173699"
"chr16","71876874","71877159","chrX","117589965","117590253","32","45713091"
"chr16","71979050","71979351","chr2","44364597","44364899","33","27614453"
"chr16","72480598","72480908","chr6","176790550","176790858","36","104309952"
"chr16","72558117","72558427","chr4","5955341","5955651","34","66602776"
"chr16","72595247","72595571","chr20","58089995","58090307","42","14505252"
"chr16","72806589","72806898","chr11","33432539","33432852","54","39374050"
"chr16","72898115","72898413","chr20","57749702","57749998","28","15148413"
"chr16","72899700","72899978","chr20","57748166","57748446","31","15151534"
"chr16","72917486","72917777","chr2","149644045","149644340","31","76726559"
"chr16","72944344","72944642","chrX","106789327","106789625","27","33844983"
"chr16","72951638","72951940","chr13","43693230","43693530","32","29258408"
"chr16","72958743","72959028","chr18","13204390","13204672","35","59754353"
"chr16","72963869","72964179","chr20","54448223","54448522","40","18515646"
"chr16","72990976","72991274","chr15","8841295","8841593","28","64149681"
"chr16","73048115","73048418","chr14","111318342","111318642","42","38270227"
"chr16","73154249","73154383","chr7","14406016","14406163","34","58748233"
"chr16","73154674","73154977","chr6","147351072","147351371","38","74196398"
"chr16","73282736","73283028","chr3","17765623","17765924","46","55517113"
"chr16","73296541","73296826","chr2","201095571","201095854","36","127799030"
"chr16","73318847","73319029","chr5","740668","740849","29","72578179"
"chr16","73354340","73354644","chr3","174068153","174068451","25","100713813"
"chr16","73438887","73439170","chr19","31867605","31867887","36","41571282"
"chr16","73453465","73453759","chr14","119087106","119087399","31","45633641"
"chr16","73718583","73718857","chr15","63598169","63598442","35","10120414"
"chr16","73753098","73753305","chr6","63630625","63630830","28","10122473"
"chr16","73760049","73760345","chr20","14913735","14914030","30","58846314"
"chr16","73821307","73821610","chr6","177249478","177249776","32","103428171"
"chr16","73899998","73900267","chr6","143962447","143962710","41","70062449"
"chr16","74034681","74034894","chr9","120349866","120350082","29","46315185"
"chr16","74071144","74071452","chr13","39352330","39352639","36","34718814"
"chr16","74099752","74100060","chr4","6021240","6021544","37","68078512"
"chr16","74156701","74156994","chr2","57288005","57288297","28","16868696"
"chr16","74178894","74179075","chr12","21198542","21198719","32","52980352"
"chr16","74179538","74179609","chr19","35709382","35709459","20","38470156"
"chr16","74228086","74228357","chr2","104499700","104499968","37","30271614"
"chr16","74250402","74250699","chr20","59119413","59119709","28","15130989"
"chr16","74369150","74369434","chr13","97520871","97521154","33","23151721"
"chr16","74376235","74376544","chrX","872740","873049","37","73503495"
"chr16","74520226","74520337","chr16","49439635","49439748","16","25080591"
"chr16","74520800","74520895","chr19","17707348","17707458","28","56813452"
"chr16","74526616","74526926","chr3","64175701","64176007","40","10350915"
"chr16","74584194","74584505","chr5","9948592","9948898","51","64635602"
"chr16","74672848","74673158","chr19","6294542","6294848","37","68378306"
"chr16","74835256","74835547","chrX","43879267","43879554","42","30955989"
"chr16","74838438","74838612","chr20","27267477","27267649","28","47570961"
"chr16","74945251","74945519","chr1","27524483","27524751","35","47420768"
"chr16","75166795","75167086","chr4","54062553","54062848","32","21104242"
"chr16","75237604","75237751","chr19","4018531","4018683","32","71219073"
"chr16","75314059","75314358","chrX","872740","873049","36","74441319"
"chr16","75325704","75326003","chr1","121788898","121789195","34","46463194"
"chr16","75471432","75471726","chr20","60342110","60342403","27","15129322"
"chr16","75576755","75577062","chr2","201692382","201692687","36","126115627"
"chr16","75618613","75618868","chr8","29256394","29256650","36","46362219"
"chr16","75981711","75982011","chr2","64819781","64820080","42","11161930"
"chr16","76228314","76228463","chr19","10635260","10635411","41","65593054"
"chr16","76467342","76467603","chr4","62574802","62575081","66","13892540"
"chr16","76608445","76608738","chr4","17893190","17893477","39","58715255"
"chr16","76609435","76609721","chr20","61491709","61491997","30","15117726"
"chr16","76611525","76611818","chr5","147526333","147526620","62","70914808"
"chr16","76612515","76612800","chr20","61491709","61491997","29","15120806"
"chr16","76665601","76665890","chr2","84500826","84501114","35","7835225"
"chr16","76826190","76826466","chr20","61210428","61210720","44","15615762"
"chr16","77089406","77089507","chr14","113311902","113312011","35","36222496"
"chr16","77360217","77360507","chr15","108424452","108424741","26","31064235"
"chr16","77391570","77391848","chr2","21321648","21321927","36","56069922"
"chr16","77396013","77396312","chr20","62430133","62430432","35","14965880"
"chr16","77671312","77671575","chr1","39874498","39874760","25","37796814"
"chr16","77835445","77835639","chr12","67307362","67307555","25","10528083"
"chr16","77836199","77836309","chr19","17707348","17707458","22","60128851"
"chr16","77885309","77885573","chr10","7891284","7891550","35","69994025"
"chr16","77923346","77923650","chr1","54184910","54185214","30","23738436"
"chr16","78011730","78012039","chr20","63038827","63039137","39","14972903"
"chr16","78230442","78230626","chr6","24911807","24911982","34","53318635"
"chr16","78468152","78468435","chr17","78859912","78860191","43","391760"
"chr16","78768954","78769263","chr20","63832131","63832439","37","14936823"
"chr16","78923603","78923894","chrX","18239815","18240110","37","60683788"
"chr16","79039609","79039817","chr14","8643000","8643205","42","70396609"
"chr16","79709966","79710223","chr10","33501015","33501273","33","46208951"
"chr16","80294958","80295256","chr5","158975124","158975425","32","78680166"
"chr16","80470080","80470383","chr20","65548866","65549175","35","14921214"
"chr16","80596097","80596242","chrX","113339578","113339718","27","32743481"
"chr16","80625670","80625980","chr4","5357211","5357521","35","75268459"
"chr16","80652222","80652524","chr20","65776652","65776952","28","14875570"
"chr16","80674399","80674556","chr11","133328099","133328256","33","52653700"
"chr16","80730726","80731020","chr1","9659856","9660151","35","71070870"
"chr16","80751460","80751789","chr4","127759466","127759795","40","47008006"
"chr16","80796506","80796746","chr12","83003265","83003522","47","2206759"
"chr16","80816988","80817296","chr6","174905209","174905512","37","94088221"
"chr16","80818879","80819187","chr6","174905209","174905512","37","94086330"
"chr16","80869554","80869844","chr3","6931340","6931632","40","73938214"
"chr16","80917977","80918277","chr20","66041689","66041990","30","14876288"
"chr16","80962293","80962595","chr16","47170740","47171040","38","33791553"
"chr16","81083406","81083695","chr15","108424452","108424741","32","27341046"
"chr16","81295343","81295557","chrX","94728360","94728572","23","13433017"
"chr16","81456815","81457120","chrX","80243775","80244076","29","1213040"
"chr16","81734544","81734838","chr3","128815519","128815810","37","47080975"
"chr16","81843409","81843724","chr20","66947490","66947805","34","14895919"
"chr16","82756357","82756681","chrX","97226897","97227218","44","14470540"
"chr16","82809443","82809745","chr7","113241613","113241916","31","30432170"
"chr16","82902081","82902383","chr7","127065845","127066144","28","44163764"
"chr16","83040073","83040381","chr20","68141078","68141385","35","14898995"
"chr16","83628784","83629071","chr20","68717999","68718294","37","14910785"
"chr16","83676019","83676280","chr12","107206425","107206688","30","23530406"
"chr16","83724950","83725250","chr11","101350847","101351143","32","17625897"
"chr16","83772197","83772491","chr7","61781005","61781304","36","21991192"
"chr16","83877046","83877169","chr10","82796400","82796530","28","1080646"
"chr16","84031515","84031710","chr1","155920098","155920279","45","71888583"
"chr16","84066432","84066735","chr15","51030231","51030529","33","33036201"
"chr16","84091940","84092241","chr4","18720630","18720934","46","65371310"
"chr16","84185280","84185452","chr19","53087200","53087382","34","31098080"
"chr16","84342036","84342336","chr5","158975124","158975425","26","74633088"
"chr16","84368088","84368377","chrX","91745750","91746037","30","7377662"
"chr16","84370723","84371020","chr1","85807051","85807354","30","1436328"
"chr16","84830670","84830968","chr8","98660412","98660707","33","13829742"
"chr16","84857573","84857877","chr12","82259755","82260061","27","2597818"
"chr16","85330380","85330687","chr8","26870979","26871283","43","58459401"
"chr16","85463822","85464127","chr4","3752022","3752324","29","81711800"
"chr16","85583616","85583916","chr20","70692781","70693073","36","14890835"
"chr16","85676488","85676786","chr11","108584077","108584374","30","22907589"
"chr16","86341540","86341839","chr1","162175697","162175990","34","75834157"
"chr16","86372839","86373017","chr9","115602163","115602345","26","29229324"
"chr16","86495832","86496130","chr9","97797433","97797742","58","11301601"
"chr16","87003117","87003331","chr5","106972601","106972813","28","19969484"
"chr16","87490103","87490405","chr20","72612100","72612401","42","14878003"
"chr16","87500001","87500162","chr15","6911024","6911192","35","80588977"
"chr16","87575995","87576295","chrX","18394346","18394650","42","69181649"
"chr16","87576925","87577237","chr6","176790550","176790858","34","89213625"
"chr16","87588012","87588207","chr12","60498589","60498783","24","27089423"
"chr16","87599205","87599504","chr9","26610487","26610785","45","60988718"
"chr16","87614981","87615292","chr1","216542963","216543268","42","128927982"
"chr16","87616807","87616967","chr19","32998981","32999142","30","54617826"
"chr16","87640505","87640803","chr15","104505005","104505303","34","16864500"
"chr16","88284257","88284568","chrX","52884540","52884848","32","35399717"
"chr16","88322371","88322624","chr13","102461873","102462121","40","14139502"
"chr16","88364501","88364808","chrX","53714392","53714701","28","34650109"
"chr16","88368936","88369226","chr12","88022841","88023127","42","346095"
"chr16","88387387","88387716","chr18","69349624","69349941","58","19037763"
"chr16","88405577","88405877","chr9","2711445","2711745","32","85694132"
"chr16","88447079","88447248","chr5","18060035","18060193","28","70387044"
"chr16","88570386","88570674","chr12","9600593","9600875","33","78969793"
"chr16","88780463","88780757","chr1","38218968","38219269","32","50561495"
"chr16","88930258","88930522","chr4","25833313","25833567","38","63096945"
"chr16","88931234","88931531","chr11","108584077","108584374","33","19652843"
"chr16","88944035","88944328","chr1","22411003","22411299","26","66533032"
"chr16","88948022","88948324","chr8","40326404","40326701","38","48621618"
"chr16","89224150","89224452","chr17","16036823","16037127","33","73187327"
"chr16","89228835","89229126","chr20","74359072","74359360","40","14869763"
"chr16","89234734","89234946","chr20","74364839","74365054","29","14869895"
"chr16","89260949","89261250","chr3","35074283","35074586","39","54186666"
"chr16","89300480","89300773","chr10","83801216","83801517","40","5499264"
"chr16","89324710","89324999","chr4","108987860","108988146","34","19663150"
"chr16","89440227","89440530","chr1","85807051","85807354","31","3633176"
"chr16","89496528","89496663","chr10","82796400","82796530","45","6700128"
"chr16","89496827","89497139","chr5","172909741","172910051","45","83412914"
"chr16","89497217","89497348","chr7","68956423","68956553","16","20540794"
"chr16","89501503","89501792","chr11","108584077","108584374","39","19082574"
"chr16","89559487","89559655","chr19","53087200","53087382","41","36472287"
"chr16","89654531","89654824","chr3","80674854","80675143","40","8979677"
"chr16","89676469","89676772","chr13","31472571","31472878","37","58203898"
"chr16","89684395","89684690","chr2","149644045","149644340","25","59959650"
"chr16","89863740","89863976","chr7","49038912","49039166","36","40824828"
"chr17","8519387","8519693","chr1","85807051","85807354","27","77287664"
"chr17","410036","410092","chr14","18724456","18724513","19","18314420"
"chr17","525264","525543","chr1","113227649","113227937","38","112702385"
"chr17","532663","532709","chr20","54495305","54495348","18","53962642"
"chr17","565495","565788","chr15","28092029","28092327","37","27526534"
"chr17","574079","574383","chr16","47849984","47850287","32","47275905"
"chr17","575813","576107","chrX","139088599","139088895","28","138512786"
"chr17","599424","599719","chr6","155329774","155330069","29","154730350"
"chr17","781135","781434","chr4","88700124","88700424","33","87918989"
"chr17","796623","796932","chr6","176790550","176790858","45","175993927"
"chr17","836514","836819","chrX","49226498","49226807","34","48389984"
"chr17","849876","850171","chr2","84239378","84239679","28","83389502"
"chr17","1130656","1130943","chr11","108584077","108584374","38","107453421"
"chr17","1135994","1136319","chr1","139638741","139639054","50","138502747"
"chr17","1187340","1187498","chr5","18060035","18060193","32","16872695"
"chr17","1205274","1205433","chr7","129362850","129363013","31","128157576"
"chr17","1271656","1271956","chr2","47824467","47824767","27","46552811"
"chr17","1277324","1277620","chr7","61781005","61781304","33","60503681"
"chr17","1280861","1281169","chr13","66158230","66158539","37","64877369"
"chr17","1283222","1283507","chr12","82761984","82762268","42","81478762"
"chr17","1286349","1286644","chr8","48638161","48638460","40","47351812"
"chr17","1327806","1328075","chr11","53392178","53392443","34","52064372"
"chr17","1334259","1334546","chr15","46796966","46797248","38","45462707"
"chr17","1341770","1342033","chr9","39684800","39685061","47","38343030"
"chr17","1351350","1351629","chr7","133936936","133937214","34","132585586"
"chr17","1425246","1425572","chrX","97226897","97227218","43","95801651"
"chr17","1641109","1641396","chr1","223630108","223630396","39","221988999"
"chr17","1672342","1672644","chr9","117924833","117925131","34","116252491"
"chr17","1672989","1673282","chr1","218375395","218375690","26","216702406"
"chr17","1694828","1695128","chr7","16844767","16845069","33","15149939"
"chr17","1726568","1726865","chr4","154039231","154039527","32","152312663"
"chr17","1740686","1740992","chr1","54184910","54185214","35","52444224"
"chr17","1767397","1767700","chr7","127065845","127066144","33","125298448"
"chr17","1780267","1780547","chr1","220479140","220479419","36","218698873"
"chr17","1786268","1786577","chr19","15978488","15978799","37","14192220"
"chr17","1838446","1838751","chr7","86454351","86454652","30","84615905"
"chr17","1839453","1839799","chr7","134448061","134448398","51","132608608"
"chr17","1841010","1841317","chrX","129843953","129844263","30","128002943"
"chr17","1861589","1861897","chrX","872740","873049","33","988849"
"chr17","1864462","1864754","chr16","26389884","26390177","40","24525422"
"chr17","1915151","1915193","chr20","54495305","54495348","17","52580154"
"chr17","1915235","1915364","chr19","17707348","17707458","35","15792113"
"chr17","1948853","1949164","chrX","130126302","130126612","37","128177449"
"chr17","1983937","1984230","chr3","26174329","26174623","27","24190392"
"chr17","1992261","1992430","chr5","139059636","139059807","23","137067375"
"chr17","2027425","2027742","chr15","105794236","105794544","38","103766811"
"chr17","2064639","2064939","chr3","7367921","7368221","30","5303282"
"chr17","2085948","2086246","chr6","177249478","177249776","33","175163530"
"chr17","2165791","2166098","chr20","18193233","18193536","32","16027442"
"chr17","2251151","2251457","chr12","124545177","124545485","34","122294026"
"chr17","2261474","2261767","chr15","88070777","88071071","29","85809303"
"chr17","2268676","2268983","chrX","52884540","52884848","27","50615864"
"chr17","2289027","2289309","chr16","2276040","2276328","24","12987"
"chr17","2307951","2308227","chr8","23224570","23224846","30","20916619"
"chr17","2357516","2357792","chr11","32544568","32544847","34","30187052"
"chr17","2412995","2413297","chr16","2402552","2402855","27","10443"
"chr17","2434948","2435238","chr9","109194710","109195002","30","106759762"
"chr17","2437854","2438059","chr20","67448257","67448461","30","65010403"
"chr17","2466543","2466844","chr16","4729688","4729979","32","2263145"
"chr17","2469466","2469750","chr1","23507101","23507386","37","21037635"
"chr17","2485109","2485397","chr3","185234289","185234580","36","182749180"
"chr17","2509637","2509940","chr19","2910150","2910450","32","400513"
"chr17","2518298","2518606","chr16","2497412","2497713","40","20886"
"chr17","2596440","2596720","chr16","2591210","2591490","33","5230"
"chr17","2604639","2604923","chr1","124793709","124793992","33","122189070"
"chr17","2686167","2686462","chr14","67296885","67297179","31","64610718"
"chr17","2711159","2711385","chr11","46544888","46545108","57","43833729"
"chr17","2735816","2736122","chr16","2749677","2749969","35","13861"
"chr17","2782239","2782566","chrX","97226897","97227218","40","94444658"
"chr17","2928402","2928684","chr2","21321648","21321927","31","18393246"
"chr17","2950187","2950501","chr9","117380247","117380557","37","114430060"
"chr17","2955508","2955818","chrX","52884540","52884848","34","49929032"
"chr17","3001281","3001565","chr3","65703179","65703464","42","62701898"
"chr17","3178629","3178937","chr10","17003028","17003335","33","13824399"
"chr17","3237292","3237605","chr1","206153473","206153775","41","202916181"
"chr17","3245711","3246013","chr1","213809593","213809893","36","210563882"
"chr17","3258160","3258439","chr9","15503541","15503817","39","12245381"
"chr17","3378374","3378682","chrX","872740","873049","35","2505634"
"chr17","3456831","3457137","chrX","52884540","52884848","34","49427709"
"chr17","3500014","3500308","chr16","3360994","3361290","29","139020"
"chr17","3586801","3587095","chr16","3452466","3452759","25","134335"
"chr17","3651371","3651667","chr20","30937004","30937299","29","27285633"
"chr17","3652792","3653102","chr16","3520694","3521001","28","132098"
"chr17","3654613","3654919","chr7","26661649","26661959","35","23007036"
"chr17","3721067","3721231","chr7","129362850","129363013","30","125641783"
"chr17","3805912","3806027","chr19","17707348","17707458","32","13901436"
"chr17","3806228","3806406","chr9","115602163","115602345","26","111795935"
"chr17","3844845","3845153","chr4","5357211","5357521","30","1512366"
"chr17","3849155","3849431","chr3","42549802","42550094","47","38700647"
"chr17","3859456","3859740","chr16","3720211","3720498","39","139245"
"chr17","3878930","3879229","chr1","61388678","61388976","31","57509748"
"chr17","3946015","3946313","chr19","30352310","30352610","30","26406295"
"chr17","4016522","4016841","chr9","6051573","6051887","36","2035051"
"chr17","4065442","4065615","chr15","10405383","10405560","34","6339941"
"chr17","4100191","4100362","chr14","30555496","30555671","27","26455305"
"chr17","4250047","4250341","chr1","38750532","38750829","37","34500485"
"chr17","4254970","4255085","chr12","21198756","21198873","13","16943786"
"chr17","4255539","4255695","chr7","129362850","129363013","41","125107311"
"chr17","4266753","4267050","chr3","161882610","161882912","30","157615857"
"chr17","4301129","4301368","chr8","102023887","102024121","32","97722758"
"chr17","4342159","4342317","chr11","54926961","54927123","26","50584802"
"chr17","4346317","4346615","chr1","34437740","34438040","29","30091423"
"chr17","4350710","4351010","chr9","2711445","2711745","37","1639265"
"chr17","4357094","4357410","chr9","105321199","105321510","41","100964105"
"chr17","4365512","4365795","chr14","32498007","32498292","33","28132495"
"chr17","4380084","4380387","chr16","4269973","4270272","33","110111"
"chr17","4398742","4399048","chr16","4289583","4289891","32","109159"
"chr17","4411047","4411285","chr16","68980533","68980762","34","64569486"
"chr17","4461075","4461373","chr7","35399714","35400013","31","30938639"
"chr17","4536791","4537087","chr19","1427891","1428190","27","3108900"
"chr17","4598815","4598989","chr1","35561294","35561462","47","30962479"
"chr17","4682731","4683019","chr6","136087738","136088027","21","131405007"
"chr17","4785735","4786039","chrX","95082495","95082798","36","90296760"
"chr17","4816684","4816728","chr3","34903811","34903857","15","30087127"
"chr17","4819232","4819525","chr8","115461075","115461370","27","110641843"
"chr17","4835586","4835881","chrX","63934727","63935015","32","59099141"
"chr17","4897799","4898079","chr3","156152685","156152965","33","151254886"
"chr17","4928416","4928720","chr14","118913053","118913356","30","113984637"
"chr17","4937743","4938058","chr12","364819","365130","40","4572924"
"chr17","4953818","4954037","chr16","72445741","72445969","40","67491923"
"chr17","5085691","5086004","chr19","15978488","15978799","34","10892797"
"chr17","5112733","5113041","chr16","3520694","3521001","33","1592039"
"chr17","5204536","5204841","chr4","5357211","5357521","34","152675"
"chr17","5279379","5279663","chr15","87598388","87598685","39","82319009"
"chr17","5285184","5285479","chr20","30937004","30937299","27","25651820"
"chr17","5288549","5288857","chr1","190429466","190429772","35","185140917"
"chr17","5364964","5365262","chr16","5239913","5240211","29","125051"
"chr17","5400926","5401222","chrX","19203852","19204150","33","13802926"
"chr17","5420654","5420938","chr16","5295449","5295739","27","125205"
"chr17","5467552","5467824","chr4","153485677","153485964","53","148018125"
"chr17","5477651","5477927","chr7","63343182","63343468","46","57865531"
"chr17","5531568","5531679","chr10","63832033","63832158","37","58300465"
"chr17","5568622","5568796","chr1","134845532","134845706","30","129276910"
"chr17","5766415","5766716","chr1","61388678","61388976","31","55622263"
"chr17","5880906","5881210","chr16","5803264","5803573","30","77642"
"chr17","5979497","5979796","chr2","32963919","32964216","34","26984422"
"chr17","6030116","6030388","chr4","12125156","12125432","38","6095040"
"chr17","6204587","6204851","chr1","124165791","124166058","41","117961204"
"chr17","6216461","6216762","chr12","61512052","61512352","32","55295591"
"chr17","6269752","6270064","chr13","31472571","31472878","40","25202819"
"chr17","6327207","6327253","chr6","43604702","43604741","21","37277495"
"chr17","6327309","6327506","chr13","81318413","81318616","27","74991104"
"chr17","6357976","6358289","chrX","129843953","129844263","37","123485977"
"chr17","6417007","6417311","chr19","50863135","50863438","36","44446128"
"chr17","6727768","6728068","chr8","129580403","129580698","30","122852635"
"chr17","6858829","6859129","chr9","2711445","2711745","37","4147384"
"chr17","6942144","6942371","chr20","34321481","34321710","39","27379337"
"chr17","7005596","7005894","chr11","108584077","108584374","34","101578481"
"chr17","7145975","7146295","chr10","72588724","72589047","38","65442749"
"chr17","7147317","7147623","chr12","124545177","124545485","28","117397860"
"chr17","7290301","7290591","chr16","7209986","7210283","26","80315"
"chr17","7331493","7331790","chr3","77744436","77744731","35","70412943"
"chr17","7424552","7424857","chr1","54184910","54185214","37","46760358"
"chr17","7426124","7426434","chr7","9899162","9899466","30","2473038"
"chr17","7493170","7493477","chr1","160978135","160978440","33","153484965"
"chr17","7533059","7533371","chr1","156547387","156547697","47","149014328"
"chr17","7582631","7582928","chr9","117924833","117925131","29","110342202"
"chr17","7584356","7584658","chr3","39177597","39177896","48","31593241"
"chr17","7600723","7601021","chr10","159686","159982","34","7441037"
"chr17","7621528","7621817","chr1","224254624","224254915","35","216633096"
"chr17","7682782","7683086","chr16","7598552","7598834","43","84230"
"chr17","7704492","7704824","chr16","31749957","31750264","46","24045465"
"chr17","7731394","7731693","chr4","170001134","170001432","30","162269740"
"chr17","8064573","8064743","chrX","44165942","44166111","24","36101369"
"chr17","8066041","8066349","chr16","7998993","7999300","35","67048"
"chr17","8099611","8099799","chr16","44977902","44978086","30","36878291"
"chr17","8155017","8155296","chr2","61380094","61380378","33","53225077"
"chr17","8200318","8200595","chr10","80493522","80493813","40","72293204"
"chr17","8255822","8256116","chr11","108584077","108584374","33","100328255"
"chr17","8278890","8279194","chrX","95082495","95082798","39","86803605"
"chr17","8334883","8335180","chr19","48904606","48904900","40","40569723"
"chr17","8345777","8346071","chr16","4237255","4237548","33","4108522"
"chr17","8375913","8376203","chr7","61608289","61608587","40","53232376"
"chr17","8378231","8378548","chr1","95648230","95648547","46","87269999"
"chr17","8401682","8401853","chr2","138717064","138717223","44","130315382"
"chr17","8467698","8468015","chr16","40373616","40373930","27","31905918"
"chr17","8510247","8510428","chr13","88022390","88022558","46","79512143"
"chr17","8519975","8520130","chr7","129362850","129363013","36","120842875"
"chr17","8597707","8597885","chr11","46935733","46935910","31","38338026"
"chr17","8620413","8620593","chr15","88479888","88480061","26","79859475"
"chr17","8645030","8645206","chr3","129365230","129365399","36","120720200"
"chr17","8652834","8653086","chr5","133076217","133076473","30","124423383"
"chr17","8670109","8670410","chr9","2711445","2711745","31","5958664"
"chr17","8693382","8693678","chr11","108584077","108584374","31","99890695"
"chr17","8768302","8768606","chr16","40739843","40740146","30","31971541"
"chr17","8827818","8828125","chr1","34437740","34438040","31","25609922"
"chr17","8936158","8936433","chr16","41227858","41228131","26","32291700"
"chr17","9106181","9106496","chr19","17158291","17158593","40","8052110"
"chr17","9322673","9322981","chr19","13101957","13102262","35","3779284"
"chr17","9489172","9489468","chrX","111903412","111903713","34","102414240"
"chr17","9523328","9523624","chrX","19203852","19204150","27","9680524"
"chr17","9535318","9535609","chr5","147526333","147526620","30","137991015"
"chr17","9641787","9642102","chrX","130126302","130126612","37","120484515"
"chr17","9720133","9720417","chr4","137261768","137262054","39","127541635"
"chr17","9839824","9840121","chr9","26215862","26216159","26","16376038"
"chr17","9860270","9860573","chr12","106868409","106868712","32","97008139"
"chr17","9938171","9938453","chr16","42250080","42250376","41","32311909"
"chr17","9977144","9977439","chrX","12237021","12237319","33","2259877"
"chr17","9999531","9999832","chr2","83597002","83597303","30","73597471"
"chr17","10047170","10047447","chrX","123749101","123749382","36","113701931"
"chr17","10065349","10065649","chr14","104583689","104583989","35","94518340"
"chr17","10108658","10108819","chr3","70814394","70814554","28","60705736"
"chr17","10144049","10144322","chr16","40862447","40862728","30","30718398"
"chr17","10373006","10373297","chr16","41084291","41084581","23","30711285"
"chr17","10399477","10399786","chr3","81656161","81656467","31","71256684"
"chr17","10636202","10636498","chr19","29396756","29397052","40","18760554"
"chr17","10733207","10733516","chr12","19620918","19621225","32","8887711"
"chr17","10918345","10918651","chr4","134852861","134853168","32","123934516"
"chr17","11076565","11076873","chr16","52683881","52684192","33","41607316"
"chr17","11138372","11138548","chr13","89859967","89860138","28","78721595"
"chr17","11729191","11729509","chr16","52683881","52684192","37","40954690"
"chr17","11786359","11786673","chr16","52683881","52684192","35","40897522"
"chr17","11995928","11996241","chr16","51320033","51320343","27","39324105"
"chr17","12019773","12020055","chr16","51299873","51300166","38","39280100"
"chr17","12087461","12087765","chr4","36852599","36852900","30","24765138"
"chr17","12118075","12118369","chr2","204138520","204138814","39","192020445"
"chr17","12180217","12180521","chr8","105120121","105120431","37","92939904"
"chr17","12205050","12205213","chr7","35667652","35667813","34","23462602"
"chr17","12214028","12214334","chr16","51103837","51104144","34","38889809"
"chr17","12216137","12216444","chr4","5357211","5357521","31","6858926"
"chr17","12255750","12255999","chr5","133076217","133076473","26","120820467"
"chr17","12256201","12256510","chr14","45142931","45143241","68","32886730"
"chr17","12364919","12365227","chr17","30633052","30633358","28","18268133"
"chr17","12449214","12449529","chr1","160978135","160978440","38","148528921"
"chr17","12503313","12503622","chr16","50781454","50781762","28","38278141"
"chr17","12552148","12552450","chr1","160978135","160978440","31","148425987"
"chr17","12576919","12577086","chr6","67570862","67571028","24","54993943"
"chr17","12577738","12578046","chr16","50713223","50713524","35","38135485"
"chr17","12589366","12589660","chr9","115259231","115259523","31","102669865"
"chr17","12696453","12696752","chr16","50594619","50594909","27","37898166"
"chr17","12705850","12706154","chr1","7768760","7769067","34","4937090"
"chr17","12709714","12710017","chr4","107257950","107258256","34","94548236"
"chr17","12750749","12751027","chr1","204307037","204307312","33","191556288"
"chr17","12752272","12752571","chr4","117085629","117085925","29","104333357"
"chr17","12755358","12755654","chr16","50556170","50556464","19","37800812"
"chr17","12848012","12848311","chr5","151438308","151438599","41","138590296"
"chr17","12902300","12902586","chr20","29552467","29552752","39","16650167"
"chr17","12905752","12906049","chr6","173896362","173896661","30","160990610"
"chr17","12938531","12938827","chr16","50372193","50372487","26","37433662"
"chr17","12956626","12956899","chr16","50360127","50360396","36","37403501"
"chr17","12986326","12986616","chr2","109381027","109381314","39","96394701"
"chr17","13009619","13009909","chr16","50308220","50308514","28","37298601"
"chr17","13255926","13256220","chr7","166020953","166021249","29","152765027"
"chr17","13280776","13281085","chrX","872740","873049","34","12408036"
"chr17","13293109","13293418","chrX","872740","873049","28","12420369"
"chr17","13301411","13301722","chr3","73553755","73554058","42","60252344"
"chr17","13307129","13307441","chr20","52938937","52939246","33","39631808"
"chr17","13331217","13331521","chr3","129960633","129960932","44","116629416"
"chr17","13335624","13335764","chr14","86213541","86213679","32","72877917"
"chr17","13335931","13336007","chr8","96081034","96081104","18","82745103"
"chr17","13339802","13340098","chr16","49958486","49958780","20","36618684"
"chr17","13370417","13370716","chr19","13754805","13755106","40","384388"
"chr17","13404474","13404782","chr14","119098134","119098443","32","105693660"
"chr17","13420293","13420603","chrX","872740","873049","30","12547553"
"chr17","13604620","13604862","chr11","52313619","52313839","49","38708999"
"chr17","13604863","13605163","chr16","49628081","49628371","22","36023218"
"chr17","13663052","13663335","chr2","159694664","159694955","45","146031612"
"chr17","13696816","13697131","chr16","49536585","49536896","27","35839769"
"chr17","13715110","13715415","chr2","204700429","204700729","33","190985319"
"chr17","13729110","13729440","chr11","108034722","108035047","42","94305612"
"chr17","13936525","13936827","chr8","39232660","39232965","35","25296135"
"chr17","14061608","14061896","chr16","49166061","49166357","28","35104453"
"chr17","14063938","14064242","chrX","53714392","53714701","32","39650454"
"chr17","14134795","14135107","chr8","105120121","105120431","48","90985326"
"chr17","14149706","14149968","chr7","9788676","9788936","31","4361030"
"chr17","14151994","14152279","chr3","67363610","67363901","39","53211616"
"chr17","14210814","14211106","chr15","8087432","8087723","32","6123382"
"chr17","14264261","14264564","chr16","48986962","48987260","32","34722701"
"chr17","14277687","14277859","chr18","10468474","10468635","28","3809213"
"chr17","14280485","14280657","chr18","10468474","10468635","28","3812011"
"chr17","14323641","14323818","chr19","53087200","53087382","23","38763559"
"chr17","14331033","14331339","chr9","121572007","121572303","40","107240974"
"chr17","14357601","14357853","chr2","84722624","84722886","48","70365023"
"chr17","14375034","14375334","chr2","53722972","53723273","33","39347938"
"chr17","14382151","14382202","chr18","38475253","38475297","26","24093102"
"chr17","14382203","14382306","chr19","47641002","47641095","24","33258799"
"chr17","14439011","14439307","chr16","48806420","48806718","28","34367409"
"chr17","14447369","14447671","chr16","48793977","48794278","32","34346608"
"chr17","14616057","14616358","chr5","40344267","40344565","41","25728210"
"chr17","14617968","14618251","chr16","48624236","48624520","23","34006268"
"chr17","14752050","14752343","chr1","22411003","22411299","29","7658953"
"chr17","14772445","14772756","chr16","48468574","48468886","35","33696129"
"chr17","14813957","14814253","chr1","9659856","9660151","32","5154101"
"chr17","14853833","14853943","chr1","12339903","12339996","32","2513930"
"chr17","14944230","14944536","chr16","48308432","48308738","27","33364202"
"chr17","14961169","14961465","chrX","23155568","23155864","26","8194399"
"chr17","15018224","15018531","chr6","55058454","55058757","38","40040230"
"chr17","15047672","15047970","chr16","48198235","48198536","31","33150563"
"chr17","15047971","15048263","chr3","26174329","26174623","27","11126358"
"chr17","15055851","15056097","chr20","23740387","23740622","60","8684536"
"chr17","15077684","15077995","chr8","75627151","75627453","34","60549467"
"chr17","15142654","15142951","chr16","48096579","48096875","21","32953925"
"chr17","15148525","15148704","chr1","9087561","9087734","37","6060964"
"chr17","15220482","15220653","chr6","137838702","137838878","35","122618220"
"chr17","15233422","15233733","chr3","81656161","81656467","33","66422739"
"chr17","15255167","15255399","chr18","47093258","47093500","33","31838091"
"chr17","15322174","15322468","chr19","1147467","1147760","30","14174707"
"chr17","15366966","15367248","chr10","91254735","91255020","30","75887769"
"chr17","15389644","15389942","chr2","142655149","142655450","39","127265505"
"chr17","15437252","15437421","chr20","27267477","27267649","21","11830225"
"chr17","15442337","15442624","chr15","25549376","25549674","38","10107039"
"chr17","15455139","15455323","chr5","46476035","46476209","28","31020896"
"chr17","15479924","15480218","chr2","47824467","47824767","38","32344543"
"chr17","15527942","15528242","chr14","103953537","103953843","26","88425595"
"chr17","15546670","15546979","chr16","47682202","47682514","35","32135532"
"chr17","15603071","15603377","chr1","156547387","156547697","35","140944316"
"chr17","15651231","15651520","chr2","149644045","149644340","40","133992814"
"chr17","15666110","15666258","chr14","57242227","57242392","40","41576117"
"chr17","15698878","15699178","chr16","47531791","47532086","25","31832913"
"chr17","15714729","15715033","chr15","104401844","104402147","25","88687115"
"chr17","15719075","15719371","chr2","149644045","149644340","31","133924970"
"chr17","16182254","16182514","chr5","173801525","173801782","28","157619271"
"chr17","16383074","16383370","chr19","28815383","28815684","35","12432309"
"chr17","16653393","16653701","chrX","52884540","52884848","36","36231147"
"chr17","16830842","16830990","chr19","10635260","10635411","29","6195582"
"chr17","16851959","16852264","chr16","46341247","46341555","27","29489288"
"chr17","16931294","16931593","chr1","38218968","38219269","34","21287674"
"chr17","16968666","16968962","chr16","46231906","46232200","31","29263240"
"chr17","16989925","16990235","chr4","5357211","5357521","28","11632714"
"chr17","17038553","17038857","chr9","64107743","64108044","38","47069190"
"chr17","17098803","17099113","chr19","6294542","6294848","37","10804261"
"chr17","17166082","17166379","chr13","104445350","104445644","36","87279268"
"chr17","17172486","17172780","chr7","41023283","41023579","40","23850797"
"chr17","17176046","17176343","chr19","15978488","15978799","42","1197558"
"chr17","17200072","17200368","chrX","112378441","112378743","30","95178369"
"chr17","17252401","17252679","chr15","44422532","44422812","31","27170131"
"chr17","17334729","17335022","chr3","8096044","8096335","30","9238685"
"chr17","17423321","17423623","chr12","18034432","18034730","31","611111"
"chr17","17437552","17437756","chr4","11102991","11103196","30","6334561"
"chr17","17467983","17468286","chr6","174905209","174905512","33","157437226"
"chr17","17526978","17527138","chr3","70814394","70814554","29","53287416"
"chr17","17529826","17529910","chr16","61274124","61274213","32","43744298"
"chr17","17588823","17589118","chr10","32971128","32971426","31","15382305"
"chr17","17831899","17832083","chr15","88479888","88480061","37","70647989"
"chr17","17836844","17837138","chr16","45345626","45345915","38","27508782"
"chr17","17852867","17853149","chr17","78859912","78860191","34","61007045"
"chr17","17897502","17897792","chr16","45282042","45282334","24","27384540"
"chr17","17899111","17899419","chrX","872740","873049","23","17026371"
"chr17","17905180","17905483","chr16","51138203","51138510","42","33233023"
"chr17","17949519","17949820","chr2","27813797","27814098","37","9864278"
"chr17","17963584","17963869","chr16","45207703","45207988","26","27244119"
"chr17","18006484","18006751","chr16","45167323","45167593","33","27160839"
"chr17","18026357","18026661","chr16","45149307","45149609","31","27122950"
"chr17","18033799","18034106","chr8","105120121","105120431","32","87086322"
"chr17","18057304","18057497","chr1","25647948","25648135","35","7590644"
"chr17","18057990","18058100","chr16","49439635","49439748","18","31381645"
"chr17","18084612","18084919","chr1","54184910","54185214","31","36100298"
"chr17","18092213","18092499","chr4","3379423","3379712","39","14712790"
"chr17","18161554","18161844","chr16","4237255","4237548","29","13924299"
"chr17","18180068","18180363","chrX","23155568","23155864","30","4975500"
"chr17","18230280","18230558","chr1","204307037","204307312","37","186076757"
"chr17","18256798","18257083","chr3","61219427","61219705","43","42962629"
"chr17","18257350","18257645","chr11","108584077","108584374","32","90326727"
"chr17","18359009","18359303","chr3","48879684","48879984","40","30520675"
"chr17","18423673","18423982","chr1","54184910","54185214","35","35761237"
"chr17","18437191","18437487","chr16","44702756","44703054","36","26265565"
"chr17","18452903","18453208","chr3","48879684","48879984","29","30426781"
"chr17","18485435","18485739","chr3","24924052","24924352","37","6438617"
"chr17","18564278","18564568","chr1","58595645","58595942","32","40031367"
"chr17","18564965","18565254","chr14","45652403","45652696","33","27087438"
"chr17","18577144","18577442","chr16","44519662","44519965","31","25942518"
"chr17","18577522","18577814","chrX","82518065","82518358","38","63940543"
"chr17","18648450","18648745","chr16","44440787","44441097","29","25792337"
"chr17","18738922","18739116","chr15","12186805","12187003","47","6552117"
"chr17","18747934","18748109","chr20","53003463","53003641","27","34255529"
"chr17","18781156","18781347","chr13","81318413","81318616","44","62537257"
"chr17","18873737","18874033","chr6","40731033","40731327","29","21857296"
"chr17","18948092","18948424","chr19","12409584","12409901","55","6538508"
"chr17","18972290","18972453","chr1","129407736","129407901","26","110435446"
"chr17","18992884","18993183","chr1","61388678","61388976","34","42395794"
"chr17","19105856","19106022","chr8","135845405","135845573","29","116739549"
"chr17","19153323","19153626","chr1","54184910","54185214","32","35031587"
"chr17","19170721","19170998","chrX","123749101","123749382","30","104578380"
"chr17","19175630","19175936","chrX","106789327","106789625","39","87613697"
"chr17","19283044","19283333","chr20","58879055","58879342","32","39596011"
"chr17","19291332","19291523","chr19","12959091","12959278","33","6332241"
"chr17","19335301","19335536","chr1","137943369","137943599","38","118608068"
"chr17","19387424","19387714","chr7","19039688","19039974","34","347736"
"chr17","19739424","19739742","chr15","46282525","46282837","39","26543101"
"chr17","19742262","19742562","chr13","36650032","36650327","38","16907770"
"chr17","19745839","19746126","chr4","144816094","144816376","49","125070255"
"chr17","19816589","19816895","chrX","85948167","85948472","26","66131578"
"chr17","19832738","19832904","chr12","44446416","44446578","28","24613678"
"chr17","19924624","19924939","chr6","147524052","147524362","35","127599428"
"chr17","19941784","19942086","chr12","115108242","115108542","41","95166458"
"chr17","19967394","19967562","chr3","183324547","183324710","22","163357153"
"chr17","19967661","19967809","chr12","84405068","84405206","26","64437407"
"chr17","20006770","20007054","chr9","98411332","98411624","33","78404562"
"chr17","20087787","20088098","chr16","43152632","43152943","30","23064845"
"chr17","20144893","20145196","chr4","5955341","5955651","40","14189552"
"chr17","20158523","20158815","chr8","92404472","92404769","29","72245949"
"chr17","20186435","20186745","chr19","1120205","1120506","44","19066230"
"chr17","20242583","20242892","chr16","42998047","42998358","37","22755464"
"chr17","20322356","20322521","chr13","89859967","89860138","30","69537611"
"chr17","20351743","20352036","chr10","38772882","38773178","28","18421139"
"chr17","20568660","20568969","chr16","42632521","42632831","35","22063861"
"chr17","20626357","20626644","chr6","180011017","180011306","36","159384660"
"chr17","20634693","20634989","chr1","130574287","130574581","37","109939594"
"chr17","20669738","20670042","chr16","42526833","42527141","29","21857095"
"chr17","20747577","20747869","chr2","100586330","100586626","29","79838753"
"chr17","20752163","20752486","chr1","184305081","184305407","50","163552918"
"chr17","21024469","21024764","chr19","34875967","34876267","35","13851498"
"chr17","21128452","21128744","chr16","29779033","29779328","38","8650581"
"chr17","21195750","21196026","chr16","29712848","29713124","32","8517098"
"chr17","21251972","21252247","chrX","49621311","49621585","33","28369339"
"chr17","21309806","21310100","chr5","117401080","117401372","42","96091274"
"chr17","21357842","21358082","chr3","39051570","39051803","52","17693728"
"chr17","21423503","21423798","chr11","108584077","108584374","31","87160574"
"chr17","21538094","21538402","chrX","130126302","130126612","28","108588208"
"chr17","21698615","21698919","chr12","8606516","8606818","33","13092099"
"chr17","21781989","21782284","chr16","29164089","29164383","26","7382100"
"chr17","21850889","21851172","chr16","29097154","29097431","32","7246265"
"chr17","21933204","21933498","chr2","149426177","149426474","29","127492973"
"chr17","23088248","23088550","chr16","27892770","27893078","32","4804522"
"chr17","24156826","24157108","chr10","35385148","35385439","40","11228322"
"chr17","24181567","24181876","chr16","26808770","26809078","32","2627203"
"chr17","24190568","24190864","chr12","101229097","101229390","36","77038529"
"chr17","24257507","24257804","chr1","61315921","61316218","36","37058414"
"chr17","24569839","24570149","chr4","5357211","5357521","30","19212628"
"chr17","24596239","24596546","chr3","170399117","170399420","41","145802878"
"chr17","24605945","24606239","chr12","110042316","110042609","39","85436371"
"chr17","24617292","24617603","chr19","15978488","15978799","35","8638804"
"chr17","24662740","24663049","chr4","5357211","5357521","33","19305529"
"chr17","24762348","24762602","chr5","97193627","97193890","36","72431279"
"chr17","24799887","24800193","chr6","176790550","176790858","36","151990663"
"chr17","24804537","24804834","chr11","108584077","108584374","34","83779540"
"chr17","24901531","24901821","chr16","51529972","51530272","32","26628441"
"chr17","24962517","24962667","chr7","3648725","3648875","25","21313792"
"chr17","24997426","24997717","chr16","51529972","51530272","32","26532546"
"chr17","25012320","25012614","chr2","84585817","84586114","43","59573497"
"chr17","25024342","25024638","chr9","12236843","12237146","43","12787499"
"chr17","25038469","25038776","chr12","19620918","19621225","42","5417551"
"chr17","25039334","25039651","chr4","88700124","88700424","48","63660790"
"chr17","25060990","25061277","chr16","26090773","26091066","37","1029783"
"chr17","25069267","25069564","chr16","26082243","26082531","35","1012976"
"chr17","25070549","25070707","chr3","76215454","76215617","27","51144905"
"chr17","25078074","25078366","chr10","29765824","29766115","30","4687750"
"chr17","25172661","25172972","chr1","25380611","25380914","36","207950"
"chr17","25202711","25203012","chr14","22537411","22537718","45","2665300"
"chr17","25275861","25276169","chr4","18420552","18420859","35","6855309"
"chr17","25307173","25307319","chr7","52840114","52840269","48","27532941"
"chr17","25383882","25384154","chr16","25766666","25766938","27","382784"
"chr17","25451003","25451315","chr16","25670384","25670685","35","219381"
"chr17","25567281","25567586","chr1","216542963","216543268","35","190975682"
"chr17","25631486","25631796","chr2","89436757","89437062","34","63805271"
"chr17","25747440","25747609","chr10","30764618","30764791","29","5017178"
"chr17","25756515","25756812","chr3","77744436","77744731","28","51987921"
"chr17","25764072","25764368","chr20","18183620","18183918","27","7580452"
"chr17","25794209","25794502","chr13","106164334","106164628","29","80370125"
"chr17","25917933","25918205","chr20","68769503","68769770","38","42851570"
"chr17","25931598","25931899","chr16","25180494","25180799","32","751104"
"chr17","26021904","26022192","chr16","51439591","51439864","37","25417687"
"chr17","26033192","26033480","chr16","51439591","51439864","36","25406399"
"chr17","26101501","26101752","chr16","19460660","19460911","60","6640841"
"chr17","26163578","26163888","chr4","5955341","5955651","36","20208237"
"chr17","26185160","26185462","chr7","127065845","127066144","35","100880685"
"chr17","26186774","26187071","chr14","2713092","2713395","35","23473682"
"chr17","26193000","26193174","chr12","84405516","84405692","54","58212516"
"chr17","26196298","26196421","chrX","147920187","147920319","27","121723889"
"chr17","26235936","26236134","chr4","11102991","11103196","37","15132945"
"chr17","26283427","26283723","chr1","626443","626742","36","25656984"
"chr17","26293925","26294235","chr16","24736926","24737232","31","1556999"
"chr17","26302795","26303096","chr1","54184910","54185214","33","27882115"
"chr17","26311151","26311439","chr5","41819509","41819795","45","15508358"
"chr17","26329754","26330055","chr4","22953440","22953741","35","3376314"
"chr17","26384883","26385152","chr19","45114752","45115015","35","18729869"
"chr17","26390943","26391208","chr1","139661180","139661448","34","113270237"
"chr17","26393655","26393898","chr18","3002816","3003056","60","23390839"
"chr17","26541834","26542132","chr1","61388678","61388976","28","34846844"
"chr17","26548178","26548485","chr3","81656161","81656467","35","55107983"
"chr17","26562153","26562447","chr19","6185928","6186226","33","20376225"
"chr17","26722946","26723254","chr16","24389553","24389851","34","2333393"
"chr17","26833917","26834109","chr17","39176135","39176331","28","12342218"
"chr17","26834473","26834508","chr20","54495305","54495348","15","27660832"
"chr17","26881495","26881803","chr10","54460554","54460858","36","27579059"
"chr17","26997091","26997395","chr19","15978488","15978799","38","11018603"
"chr17","27070044","27070307","chr8","23070358","23070619","43","3999686"
"chr17","27135699","27135920","chr16","23975566","23975796","20","3160133"
"chr17","27201096","27201389","chr1","211674361","211674655","32","184473265"
"chr17","27312757","27313063","chr16","23802436","23802737","38","3510321"
"chr17","27317869","27318172","chr14","118913053","118913356","27","91595184"
"chr17","27329265","27329572","chr7","82874099","82874405","29","55544834"
"chr17","27345242","27345543","chr3","47137682","47137978","39","19792440"
"chr17","27552957","27553118","chr16","44706725","44706885","25","17153768"
"chr17","27553885","27554180","chr1","130574287","130574581","32","103020402"
"chr17","27615961","27616192","chr9","28957532","28957760","32","1341571"
"chr17","27678811","27679102","chr11","108584077","108584374","21","80905266"
"chr17","27690985","27691234","chr16","23416634","23416880","25","4274351"
"chr17","27713873","27714163","chr1","187075789","187076083","30","159361916"
"chr17","27724290","27724599","chr9","93872647","93872956","33","66148357"
"chr17","27748655","27748960","chr7","52277962","52278267","38","24529307"
"chr17","27756840","27757094","chr14","7468782","7469039","34","20288058"
"chr17","27869989","27870151","chr3","183324547","183324710","18","155454558"
"chr17","27898938","27899221","chr10","35385148","35385439","41","7486210"
"chr17","28077848","28078146","chr16","23030479","23030785","26","5047369"
"chr17","28227273","28227576","chr12","18034432","18034730","36","10192841"
"chr17","28243050","28243362","chr1","7768760","7769067","36","20474290"
"chr17","28249997","28250144","chr2","15019384","15019533","29","13230613"
"chr17","28274496","28274802","chr13","94954144","94954445","34","66679648"
"chr17","28290163","28290468","chr16","12354188","12354485","47","15935975"
"chr17","28325372","28325673","chr12","5553955","5554255","41","22771417"
"chr17","28441392","28441708","chrX","872740","873049","36","27568652"
"chr17","28442663","28442956","chr13","104255677","104255975","33","75813014"
"chr17","28538281","28538451","chr7","88306228","88306392","48","59767947"
"chr17","28560338","28560515","chr15","10405383","10405560","29","18154955"
"chr17","28613478","28613794","chr6","93898120","93898438","33","65284642"
"chr17","28626535","28626834","chr4","74109065","74109364","37","45482530"
"chr17","28817334","28817633","chr4","3379423","3379712","42","25437911"
"chr17","28953990","28954287","chr1","42018653","42018950","36","13064663"
"chr17","29068044","29068319","chr1","205664248","205664527","36","176596204"
"chr17","29451052","29451333","chr12","85283744","85284027","32","55832692"
"chr17","29650909","29651139","chr16","21433321","21433553","23","8217588"
"chr17","30021469","30021749","chr10","12523437","12523716","36","17498032"
"chr17","30159632","30159940","chr10","72031369","72031681","39","41871737"
"chr17","34420405","34420717","chrX","126611593","126611894","46","92191188"
"chr17","34758021","34758317","chr7","131629510","131629800","37","96871489"
"chr17","34856154","34856301","chrX","85303515","85303667","30","50447361"
"chr17","34944409","34944684","chr20","65756557","65756837","38","30812148"
"chr17","34952200","34952494","chr11","108584077","108584374","28","73631877"
"chr17","34964567","34964862","chr10","159686","159982","35","34804881"
"chr17","34977554","34977859","chr8","105120121","105120431","29","70142567"
"chr17","35548806","35549117","chr14","66237905","66238213","33","30689099"
"chr17","35708626","35708907","chr16","10886077","10886347","47","24822549"
"chr17","35786005","35786266","chr2","98285830","98286085","41","62499825"
"chr17","35791134","35791434","chr15","43831651","43831953","30","8040517"
"chr17","36004988","36005267","chr18","2531605","2531886","35","33473383"
"chr17","36078477","36078709","chr9","93688855","93689088","24","57610378"
"chr17","36172894","36173203","chrX","53714392","53714701","37","17541498"
"chr17","36282992","36283273","chrX","129312880","129313161","26","93029888"
"chr17","36330898","36331172","chr16","19460660","19460911","37","16870238"
"chr17","36386660","36386947","chr6","65727815","65728106","38","29341155"
"chr17","36464650","36464924","chr14","48230254","48230516","37","11765604"
"chr17","36571300","36571597","chr13","106164334","106164628","36","69593034"
"chr17","36789465","36789792","chr8","105120121","105120431","49","68330656"
"chr17","36804142","36804433","chr15","108424452","108424741","35","71620310"
"chr17","36823934","36824241","chr4","13094042","13094350","37","23729892"
"chr17","36842818","36843112","chr3","156152685","156152965","50","119309867"
"chr17","36938732","36939038","chr11","2975553","2975850","41","33963179"
"chr17","37016537","37016822","chr8","64949608","64949898","33","27933071"
"chr17","37055943","37056256","chr10","72031369","72031681","39","34975426"
"chr17","37079459","37079755","chr1","130574287","130574581","34","93494828"
"chr17","37097183","37097474","chr7","166020953","166021249","41","128923770"
"chr17","37376641","37376952","chr3","81656161","81656467","34","44279520"
"chr17","37383054","37383332","chr2","203454104","203454390","44","166071050"
"chr17","37566017","37566312","chr16","18532657","18532953","37","19033360"
"chr17","37591655","37591937","chr3","64175701","64176007","51","26584046"
"chr17","37613349","37613660","chr7","74256869","74257176","38","36643520"
"chr17","37698301","37698615","chr16","18394140","18394460","34","19304161"
"chr17","37699758","37700048","chr2","63419289","63419578","31","25719531"
"chr17","37700610","37700915","chr16","7998993","7999300","49","29701617"
"chr17","37703214","37703541","chr3","34851335","34851651","44","2851879"
"chr17","37721257","37721314","chr15","21587442","21587502","15","16133815"
"chr17","37721340","37721397","chr15","21587442","21587502","13","16133898"
"chr17","37846133","37846409","chr9","15846146","15846414","32","21999987"
"chr17","37846755","37847050","chr3","175664911","175665204","28","137818156"
"chr17","37853519","37853835","chr16","18235907","18236224","36","19617612"
"chr17","37870749","37870915","chrX","130710844","130711020","28","92840095"
"chr17","37889963","37890264","chrX","80243775","80244076","33","42353812"
"chr17","37953399","37953693","chr2","84500826","84501114","35","46547427"
"chr17","37974670","37974965","chr2","97742204","97742501","33","59767534"
"chr17","38110912","38111219","chr4","5357211","5357521","30","32753701"
"chr17","38332319","38332605","chr5","88402342","88402629","39","50070023"
"chr17","38578474","38578767","chr7","83031386","83031688","33","44452912"
"chr17","38668002","38668309","chr9","102998871","102999170","42","64330869"
"chr17","38687934","38688225","chr16","17400982","17401273","23","21286952"
"chr17","38701935","38702120","chr15","88479888","88480061","33","49777953"
"chr17","38702122","38702430","chr13","31472571","31472878","38","7229551"
"chr17","38715543","38715851","chr17","16036823","16037127","34","22678720"
"chr17","38745786","38746086","chr2","180674292","180674592","33","141928506"
"chr17","38763797","38764075","chr5","147526333","147526620","38","108762536"
"chr17","38882810","38883080","chr16","17218681","17218949","37","21664129"
"chr17","38902402","38902567","chr7","129362850","129363013","33","90460448"
"chr17","39174426","39174730","chr12","115108242","115108542","31","75933816"
"chr17","40447230","40447527","chr7","61608289","61608587","32","21161059"
"chr17","40463408","40463711","chr1","54184910","54185214","25","13721502"
"chr17","40468848","40469145","chr17","92563610","92563907","33","52094762"
"chr17","40698690","40698981","chr11","6462265","6462558","32","34236425"
"chr17","40772785","40773078","chrX","63934727","63935015","40","23161942"
"chr17","40847460","40847763","chr2","44364597","44364899","33","3517137"
"chr17","40973893","40974180","chr16","15158060","15158349","31","25815833"
"chr17","40981812","40982105","chr8","98660412","98660707","33","57678600"
"chr17","41632741","41632936","chr3","36303286","36303484","38","5329455"
"chr17","41660383","41660668","chr7","19039688","19039974","37","22620695"
"chr17","41738969","41739275","chrX","52884540","52884848","36","11145571"
"chr17","41751079","41751389","chr20","57205726","57206029","37","15454647"
"chr17","41772021","41772331","chr16","14132341","14132650","36","27639680"
"chr17","41778925","41779212","chr4","71292858","71293156","39","29513933"
"chr17","42135126","42135411","chr3","12332767","12333051","37","29802359"
"chr17","42188695","42188999","chrX","136494316","136494618","32","94305621"
"chr17","42307152","42307462","chr6","132127364","132127664","33","89820212"
"chr17","42432708","42432973","chr7","67874983","67875246","38","25442275"
"chr17","42444347","42444627","chr3","9408585","9408869","38","33035762"
"chr17","42698650","42698957","chr17","25517924","25518232","28","17180726"
"chr17","42904199","42904505","chr1","54184910","54185214","25","11280711"
"chr17","43023316","43023473","chr3","70814394","70814554","32","27791078"
"chr17","43138835","43139141","chr3","81656161","81656467","36","38517326"
"chr17","43303853","43304163","chr1","164673789","164674098","35","121369936"
"chr17","43310790","43311092","chr2","169053271","169053571","33","125742481"
"chr17","43369455","43369738","chr14","54215991","54216271","31","10846536"
"chr17","43396010","43396310","chr4","127363604","127363914","34","83967594"
"chr17","43720360","43720643","chr16","12398296","12398563","39","31322064"
"chr17","43722061","43722369","chr4","5357211","5357521","30","38364850"
"chr17","43750765","43751072","chr18","39463336","39463641","30","4287429"
"chr17","43764503","43764803","chr20","24065144","24065443","32","19699359"
"chr17","43768970","43769262","chr13","106164334","106164628","35","62395364"
"chr17","44062731","44063036","chr2","107287918","107288224","38","63225187"
"chr17","44145010","44145304","chrX","19203852","19204150","31","24941158"
"chr17","44243147","44243448","chr16","11897466","11897767","34","32345681"
"chr17","44246248","44246549","chr16","11897466","11897767","34","32348782"
"chr17","44255542","44255831","chr5","184105008","184105299","34","139849466"
"chr17","44294444","44294741","chr6","173896362","173896661","30","129601918"
"chr17","44320272","44320596","chr4","155538127","155538451","45","111217855"
"chr17","44359806","44360085","chr4","141286355","141286632","38","96926549"
"chr17","44367023","44367254","chr7","122904503","122904733","36","78537480"
"chr17","44369017","44369303","chr2","148110502","148110798","34","103741485"
"chr17","44424063","44424286","chr1","35881420","35881640","32","8542643"
"chr17","44442111","44442397","chr3","160969754","160970046","48","116527643"
"chr17","44449035","44449292","chr9","118002402","118002650","41","73553367"
"chr17","44469479","44469766","chr16","11667024","11667314","38","32802455"
"chr17","44684461","44684771","chr1","85807051","85807354","45","41122590"
"chr17","44732860","44733161","chr3","7367921","7368221","29","37364939"
"chr17","44742413","44742706","chrX","23155568","23155864","34","21586845"
"chr17","44763938","44764237","chr3","15260287","15260583","28","29503651"
"chr17","44774210","44774449","chrX","101626137","101626370","37","56851927"
"chr17","44926152","44926383","chr9","28957532","28957760","30","15968620"
"chr17","44965645","44965930","chr16","11133490","11133771","30","33832155"
"chr17","45069494","45069805","chr16","11034932","11035238","32","34034562"
"chr17","45231106","45231415","chrX","872740","873049","29","44358366"
"chr17","45285725","45286034","chr1","165996033","165996341","32","120710308"
"chr17","45300958","45301273","chr12","10516856","10517166","39","34784102"
"chr17","45351433","45351695","chr20","68769503","68769770","37","23418070"
"chr17","45375134","45375454","chr16","40054513","40054819","46","5320621"
"chr17","45433543","45433848","chr1","54184910","54185214","33","8751367"
"chr17","45486242","45486543","chr19","2910150","2910450","33","42576092"
"chr17","45523961","45524256","chrX","67476646","67476941","30","21952685"
"chr17","45733612","45733921","chr7","157975400","157975709","42","112241788"
"chr17","45749657","45749972","chr1","45159399","45159710","39","590258"
"chr17","45848269","45848531","chr20","68769503","68769770","35","22921234"
"chr17","45900690","45900989","chr5","85045085","85045391","35","39144395"
"chr17","45988926","45989236","chrX","872740","873049","33","45116186"
"chr17","46037008","46037297","chr2","171332003","171332296","37","125294995"
"chr17","46069946","46070257","chrX","872740","873049","32","45197206"
"chr17","46171099","46171386","chr7","19039688","19039974","33","27131411"
"chr17","46250422","46250713","chr7","68302964","68303250","36","22052542"
"chr17","46264960","46265265","chr16","9858861","9859165","24","36406099"
"chr17","46292031","46292321","chr15","108424452","108424741","30","62132421"
"chr17","46311030","46311340","chr8","122686130","122686440","32","76375100"
"chr17","46333000","46333248","chr6","138283197","138283442","43","91950197"
"chr17","46340049","46340346","chr20","30937004","30937299","32","15403045"
"chr17","46401292","46401573","chr1","220479140","220479419","33","174077848"
"chr17","46412755","46413020","chrX","11640618","11640889","42","34772137"
"chr17","46496758","46496947","chr5","740668","740849","31","45756090"
"chr17","46570451","46570747","chr2","150283283","150283580","28","103712832"
"chr17","46589048","46589355","chr12","115108242","115108542","30","68519194"
"chr17","46619365","46619669","chr19","34875967","34876267","33","11743398"
"chr17","46628914","46629208","chr7","21833753","21834046","32","24795161"
"chr17","46639630","46639946","chrX","130126302","130126612","37","83486672"
"chr17","46662048","46662341","chr11","6462265","6462558","31","40199783"
"chr17","46665163","46665459","chr11","110456127","110456422","24","63790964"
"chr17","46759588","46759885","chr4","5864759","5865052","36","40894829"
"chr17","46788224","46788519","chr15","108424452","108424741","32","61636228"
"chr17","46890142","46890432","chr8","64949608","64949898","27","18059466"
"chr17","46974339","46974568","chr16","2403367","2403581","39","44570972"
"chr17","47021438","47021748","chr9","105321199","105321510","34","58299761"
"chr17","47117074","47117373","chr20","54448223","54448522","33","7331149"
"chr17","47124032","47124335","chr3","81656161","81656467","37","34532129"
"chr17","47134153","47134462","chr4","18720630","18720934","34","28413523"
"chr17","47244377","47244683","chr8","55701178","55701478","42","8456801"
"chr17","47247159","47247442","chr2","61380094","61380378","35","14132935"
"chr17","47253563","47253833","chr20","68769503","68769770","34","21515940"
"chr17","47258453","47258744","chr12","1873342","1873636","29","45385111"
"chr17","47355473","47355726","chr16","8775445","8775685","35","38580028"
"chr17","47391541","47391843","chr15","50080292","50080598","27","2688751"
"chr17","47550832","47551116","chr16","8588203","8588494","35","38962629"
"chr17","47601031","47601317","chr16","8538514","8538800","22","39062517"
"chr17","47727560","47727869","chr4","5955341","5955651","33","41772219"
"chr17","47762040","47762334","chr11","47128318","47128608","28","633722"
"chr17","48054070","48054359","chr4","17893190","17893477","30","30160880"
"chr17","48227784","48227952","chrX","44165942","44166111","23","4061842"
"chr17","48242300","48242590","chr2","203568341","203568629","35","155326041"
"chr17","48290117","48290404","chr9","122669326","122669615","37","74379209"
"chr17","48320727","48321034","chr7","52277962","52278267","32","3957235"
"chr17","48344528","48344817","chrX","117589965","117590253","34","69245437"
"chr17","48430897","48431204","chr8","105120121","105120431","31","56689224"
"chr17","49068409","49068685","chr15","44422532","44422812","33","4645877"
"chr17","49088394","49088652","chr20","68769503","68769770","37","19681109"
"chr17","49091432","49091734","chrX","872740","873049","34","48218692"
"chr17","49567040","49567341","chr4","108327631","108327935","32","58760591"
"chr17","49662326","49662639","chr2","201569959","201570286","69","151907633"
"chr17","49671876","49672156","chr10","76560209","76560485","37","26888333"
"chr17","49706462","49706759","chr7","16844767","16845069","32","32861695"
"chr17","49713041","49713336","chr6","155329774","155330069","31","105616733"
"chr17","49789273","49789570","chr1","113406381","113406680","33","63617108"
"chr17","49843630","49843924","chr10","73354021","73354316","29","23510391"
"chr17","49970832","49971131","chr2","64819781","64820080","29","14848949"
"chr17","49979161","49979373","chr11","52313619","52313839","37","2334458"
"chr17","50010249","50010551","chr13","95852978","95853275","30","45842729"
"chr17","50253816","50254111","chr7","26662562","26662859","25","23591254"
"chr17","50476790","50477100","chr2","80913807","80914116","29","30437017"
"chr17","50881928","50882233","chr16","37456039","37456347","30","13425889"
"chr17","50977393","50977684","chr19","32538317","32538611","30","18439076"
"chr17","50988438","50988753","chr4","132543231","132543546","32","81554793"
"chr17","51098547","51098808","chr16","37248660","37248923","30","13849887"
"chr17","51107156","51107466","chr4","134852861","134853168","31","83745705"
"chr17","51241041","51241324","chr13","97520871","97521154","31","46279830"
"chr17","51669569","51669867","chr1","27303217","27303516","33","24366352"
"chr17","52092570","52092866","chr8","41962733","41963037","35","10129837"
"chr17","52109570","52109873","chr4","108327631","108327935","38","56218061"
"chr17","52210645","52210962","chr16","36078545","36078856","30","16132100"
"chr17","52244327","52244622","chr8","65531215","65531499","42","13286888"
"chr17","52828601","52828928","chr4","148609385","148609697","54","95780784"
"chr17","52831162","52831489","chr4","5955341","5955651","54","46875821"
"chr17","53398965","53399273","chr9","93872647","93872956","33","40473682"
"chr17","53603936","53604268","chr10","72588724","72589047","41","18984788"
"chr17","53625843","53626106","chr3","82964046","82964305","35","29338203"
"chr17","53785333","53785637","chr1","54184910","54185214","33","399577"
"chr17","53859095","53859397","chr11","56089370","56089672","33","2230275"
"chr17","53911653","53911950","chr20","54448223","54448522","30","536570"
"chr17","54120678","54120984","chrX","95082495","95082798","40","40961817"
"chr17","54182511","54182811","chr2","175084557","175084856","31","120902046"
"chr17","54738467","54738756","chr1","39347733","39348026","41","15390734"
"chr17","54904164","54904474","chr15","6043184","6043487","34","48860980"
"chr17","54948605","54948784","chr2","26703771","26703943","34","28244834"
"chr17","55216775","55217064","chr16","33130926","33131222","31","22085849"
"chr17","55686390","55686559","chr6","67570862","67571028","33","11884472"
"chr17","55763946","55764207","chr16","32586643","32586904","19","23177303"
"chr17","55787555","55787864","chr19","30489378","30489693","51","25298177"
"chr17","55870348","55870650","chr11","108584077","108584374","28","52713729"
"chr17","56604732","56605020","chr3","41029255","41029543","33","15575477"
"chr17","56661132","56661431","chr11","121002208","121002514","38","64341076"
"chr17","56716238","56716539","chr12","115108242","115108542","31","58392004"
"chr17","56730214","56730516","chr3","64175701","64176007","32","7445487"
"chr17","56948662","56948941","chr3","156152685","156152965","31","99204023"
"chr17","57122958","57123265","chr16","31223636","31223938","32","25899322"
"chr17","57251163","57251466","chr16","31097670","31097970","34","26153493"
"chr17","57256675","57256968","chr1","56044044","56044339","36","1212631"
"chr17","57263477","57263675","chr6","63630625","63630830","35","6367148"
"chr17","57331852","57332156","chr16","31018762","31019071","31","26313090"
"chr17","57396055","57396243","chr10","72538419","72538602","34","15142364"
"chr17","57419146","57419457","chrX","872740","873049","40","56546406"
"chr17","57429089","57429391","chrX","140959241","140959543","33","83530152"
"chr17","57431100","57431398","chrX","23155568","23155864","38","34275532"
"chr17","57511713","57512005","chr6","43700847","43701140","35","13810866"
"chr17","57536772","57537067","chr16","30809311","30809597","44","26727461"
"chr17","57541165","57541464","chr19","11816787","11817088","36","45724378"
"chr17","57618712","57619020","chr16","30728531","30728843","40","26890181"
"chr17","57635127","57635360","chr1","52410307","52410536","35","5224820"
"chr17","57684472","57684772","chr1","121740386","121740684","32","64055914"
"chr17","57745124","57745399","chr1","23507101","23507386","50","34238023"
"chr17","57833347","57833650","chr6","1092742","1093043","29","56740605"
"chr17","57905224","57905531","chr16","30451994","30452309","28","27453230"
"chr17","57955482","57955755","chr1","204307037","204307312","27","146351555"
"chr17","57956852","57957033","chr17","78087714","78087881","62","20130862"
"chr17","57999000","57999299","chr20","52051897","52052195","30","5947103"
"chr17","58023437","58023715","chr9","97296561","97296851","40","39273124"
"chr17","58039838","58040021","chr14","65906212","65906384","39","7866374"
"chr17","58047276","58047441","chr8","135845405","135845573","28","77798129"
"chr17","58168936","58169273","chr17","51069458","51069795","46","7099478"
"chr17","58308343","58308643","chr20","54448223","54448522","30","3860120"
"chr17","58354340","58354573","chr1","35881420","35881640","39","22472920"
"chr17","58398368","58398678","chrX","130126302","130126612","36","71727934"
"chr17","58405377","58405668","chr4","3379423","3379712","32","55025954"
"chr17","58502924","58503151","chr16","53282991","53283224","24","5219933"
"chr17","58543024","58543079","chr14","18724456","18724513","17","39818568"
"chr17","58587003","58587299","chr10","77075361","77075654","34","18488358"
"chr17","58587765","58588055","chr16","53375651","53375937","42","5212114"
"chr17","58611121","58611421","chr1","165996033","165996341","28","107384912"
"chr17","58626127","58626399","chr8","102513127","102513399","41","43887000"
"chr17","58631280","58631589","chr6","36312745","36313052","39","22318535"
"chr17","58678528","58678829","chr6","147351072","147351371","27","88672544"
"chr17","58715731","58716031","chr20","54448223","54448522","29","4267508"
"chr17","58901608","58901902","chr1","34922657","34922952","30","23978951"
"chr17","58970761","58971064","chr1","113416703","113417005","35","54445942"
"chr17","58989783","58990080","chrX","23130799","23131097","34","35858984"
"chr17","58999407","58999588","chr12","21198542","21198719","36","37800865"
"chr17","59115104","59115390","chr5","41819509","41819795","32","17295595"
"chr17","59224415","59224721","chr3","64175701","64176007","38","4951286"
"chr17","59279918","59280227","chr16","54054766","54055074","29","5225152"
"chr17","59322171","59322467","chr1","61388678","61388976","40","2066507"
"chr17","59323378","59323657","chr15","44422532","44422812","34","14900846"
"chr17","59398935","59399243","chrX","130126302","130126612","37","70727367"
"chr17","59798319","59798629","chr5","101125787","101126094","37","41327468"
"chr17","59818639","59818851","chr16","54625111","54625327","30","5193528"
"chr17","59961420","59961724","chr16","54764613","54764924","22","5196807"
"chr17","59980714","59981003","chr3","178732552","178732845","29","118751838"
"chr17","60059079","60059367","chr16","54861290","54861575","24","5197789"
"chr17","60330323","60330641","chr8","137306354","137306676","32","76976031"
"chr17","60477076","60477382","chr14","106075201","106075508","41","45598125"
"chr17","60504230","60504519","chr5","188648995","188649286","27","128144765"
"chr17","60650558","60650846","chr16","55480609","55480901","29","5169949"
"chr17","60714126","60714412","chr1","19563103","19563398","44","41151023"
"chr17","60746898","60747191","chr19","38118776","38119073","29","22628122"
"chr17","60764948","60765247","chr16","55608558","55608858","34","5156390"
"chr17","60817523","60817817","chr3","86439045","86439339","36","25621522"
"chr17","60868090","60868380","chr16","55714572","55714865","23","5153518"
"chr17","60911422","60911712","chr17","54882271","54882561","36","6029151"
"chr17","60954326","60954623","chr7","114172011","114172307","31","53217685"
"chr17","60967148","60967322","chr1","9087561","9087734","32","51879587"
"chr17","61145641","61145923","chr17","25354606","25354887","35","35791035"
"chr17","61176096","61176409","chr3","87330830","87331133","42","26154734"
"chr17","61184003","61184312","chr1","189431975","189432284","31","128247972"
"chr17","61196019","61196329","chr16","56074003","56074304","40","5122016"
"chr17","61199591","61199897","chrX","52884540","52884848","38","8315051"
"chr17","61202815","61203108","chr15","108424452","108424741","27","47221637"
"chr17","61214166","61214466","chr1","160978135","160978440","33","99763969"
"chr17","61214538","61214686","chr3","70814394","70814554","26","9599856"
"chr17","61335082","61335320","chr9","93688855","93689088","27","32353773"
"chr17","61362914","61363218","chr6","176790550","176790858","33","115427636"
"chr17","61501364","61501658","chr3","15260287","15260583","29","46241077"
"chr17","61535164","61535468","chr1","38299622","38299931","32","23235542"
"chr17","61609879","61610184","chrX","7685966","7686266","34","53923913"
"chr17","61611256","61611429","chr5","139059636","139059807","18","77448380"
"chr17","61795581","61795740","chrX","51786687","51786849","22","10008894"
"chr17","62344041","62344340","chr16","57198241","57198544","29","5145800"
"chr17","62471817","62472125","chrX","872740","873049","34","61599077"
"chr17","62472126","62472223","chr16","61274124","61274213","41","1198002"
"chr17","62472543","62472793","chr10","29976901","29977153","47","32495642"
"chr17","62496431","62496725","chr7","49247024","49247315","34","13249407"
"chr17","62541089","62541379","chr9","115259231","115259523","32","52718142"
"chr17","62597329","62597618","chr14","66326782","66327072","24","3729453"
"chr17","62605772","62606070","chr1","54184910","54185214","35","8420862"
"chr17","62714396","62714673","chr4","105530942","105531223","30","42816546"
"chr17","62759951","62760255","chr7","139379166","139379471","35","76619215"
"chr17","62771309","62771598","chr8","96335707","96335998","34","33564398"
"chr17","62792069","62792361","chr1","26985826","26986119","29","35806243"
"chr17","62801839","62802148","chrX","95082495","95082798","30","32280656"
"chr17","62835124","62835432","chr13","33217056","33217366","35","29618068"
"chr17","62835443","62835749","chr1","2715985","2716290","30","60119458"
"chr17","62935582","62935744","chr10","30764618","30764791","33","32170964"
"chr17","63164168","63164469","chr1","54184910","54185214","26","8979258"
"chr17","63223002","63223298","chr16","58065673","58065966","35","5157329"
"chr17","63381493","63381783","chr16","58223936","58224228","31","5157557"
"chr17","63398531","63398830","chr3","42228936","42229238","37","21169595"
"chr17","63478353","63478647","chrX","86181589","86181886","36","22703236"
"chr17","63576688","63576987","chr16","58420640","58420934","32","5156048"
"chr17","63593794","63594095","chr6","173896362","173896661","26","110302568"
"chr17","63852886","63853147","chr16","58697904","58698166","29","5154982"
"chr17","64208543","64208839","chr16","59044090","59044378","38","5164453"
"chr17","64212209","64212499","chr10","35385148","35385439","29","28827061"
"chr17","64263214","64263388","chr15","88479888","88480061","29","24216674"
"chr17","64275541","64275843","chr2","137307308","137307611","43","73031767"
"chr17","64335448","64335747","chr1","125719714","125720014","32","61384266"
"chr17","64530899","64531195","chr10","33062312","33062608","33","31468587"
"chr17","64666222","64666517","chr13","106164334","106164628","36","41498112"
"chr17","64770707","64771013","chr16","59589277","59589587","30","5181430"
"chr17","64798673","64798979","chr3","133438310","133438615","39","68639637"
"chr17","64836025","64836335","chr9","105321199","105321510","29","40485174"
"chr17","64843117","64843418","chr16","59655914","59656214","33","5187203"
"chr17","64912813","64913110","chr6","178856957","178857252","31","113944144"
"chr17","64928456","64928744","chr3","15583211","15583499","41","49345245"
"chr17","64997261","64997415","chr5","18060035","18060193","30","46937226"
"chr17","64998577","64998888","chr1","163103574","163103881","39","98104997"
"chr17","65008920","65009216","chr19","15978488","15978799","36","49030432"
"chr17","65116038","65116332","chr8","104255315","104255609","25","39139277"
"chr17","65169089","65169389","chr1","61388678","61388976","30","3780411"
"chr17","65877538","65877833","chr2","84500826","84501114","32","18623288"
"chr17","65911328","65911628","chr1","54184910","54185214","44","11726418"
"chr17","65926679","65926964","chr2","12875995","12876284","35","53050684"
"chr17","65943639","65943825","chr16","7509806","7509984","31","58433833"
"chr17","65959838","65960127","chr8","65531215","65531499","36","428623"
"chr17","66048668","66048912","chr3","124945537","124945788","36","58896869"
"chr17","66087563","66087865","chr6","136639700","136639996","34","70552137"
"chr17","66196137","66196431","chr4","170001134","170001432","39","103804997"
"chr17","66204363","66204649","chr16","61041770","61042038","37","5162593"
"chr17","66360554","66360847","chr16","61197698","61197998","29","5162856"
"chr17","66370472","66370781","chr4","69409816","69410121","38","3039344"
"chr17","66385504","66385703","chr17","39176135","39176331","53","27209369"
"chr17","66447074","66447252","chr1","9087561","9087734","31","57359513"
"chr17","66526900","66527205","chr1","213809593","213809893","29","147282693"
"chr17","66558789","66558970","chr6","84072722","84072893","27","17513933"
"chr17","66603235","66603535","chr16","61447818","61448112","30","5155417"
"chr17","66640985","66641257","chr17","58476340","58476622","34","8164645"
"chr17","66849199","66849499","chr10","71735218","71735517","28","4886019"
"chr17","66872404","66872704","chr5","16983060","16983358","37","49889344"
"chr17","66874098","66874397","chr20","30937004","30937299","28","35937094"
"chr17","66891556","66891712","chr16","44706725","44706885","30","22184831"
"chr17","66977189","66977489","chr20","30937004","30937299","27","36040185"
"chr17","67018616","67018889","chr2","80029263","80029536","31","13010647"
"chr17","67034796","67034970","chr16","41943604","41943785","37","25091192"
"chr17","67095929","67096114","chr6","67570862","67571028","33","474933"
"chr17","67206081","67206382","chrX","52884540","52884848","37","14321541"
"chr17","67234826","67235122","chr7","43276852","43277149","47","23957974"
"chr17","67306745","67307055","chr4","5357211","5357521","31","61949534"
"chr17","67492007","67492274","chr6","168225191","168225463","41","100733184"
"chr17","67604507","67604790","chr13","97520871","97521154","31","29916364"
"chr17","68043078","68043371","chr8","104255315","104255609","39","36212237"
"chr17","68052789","68053117","chr6","88227529","88227856","45","20174740"
"chr17","68168592","68168885","chr10","33062312","33062608","28","35106280"
"chr17","68203777","68204084","chr14","57090416","57090720","38","11113361"
"chr17","68323913","68324204","chr11","89674071","89674367","32","21350158"
"chr17","68451983","68452292","chr4","5955341","5955651","31","62496642"
"chr17","68642467","68642775","chr8","65019239","65019549","28","3623228"
"chr17","68682533","68682841","chr19","50863135","50863438","35","17819398"
"chr17","69108094","69108401","chrX","130126302","130126612","39","61018208"
"chr17","69404934","69405227","chr10","159686","159982","31","69245248"
"chr17","69442373","69442683","chrX","872740","873049","35","68569633"
"chr17","69780419","69780729","chr7","18025895","18026200","34","51754524"
"chr17","69805594","69805900","chr4","5955341","5955651","33","63850253"
"chr17","69847142","69847448","chr1","128094642","128094960","42","58247500"
"chr17","70189634","70189917","chr13","105166736","105167017","35","34977102"
"chr17","70267715","70268017","chr1","61315921","61316218","38","8951794"
"chr17","70300944","70301236","chr1","155194513","155194802","43","84893569"
"chr17","70375379","70375648","chr4","160692905","160693183","40","90317526"
"chr17","70735881","70736152","chr3","76765731","76766004","79","6029850"
"chr17","70837597","70837905","chr4","5955341","5955651","36","64882256"
"chr17","70843865","70844153","chr15","108424452","108424741","28","37580587"
"chr17","70852479","70852774","chr13","92512308","92512602","33","21659829"
"chr17","70978565","70978637","chr1","90305180","90305264","35","19326615"
"chr17","70990402","70990711","chr12","19620918","19621225","32","51369484"
"chr17","71020070","71020370","chrX","52884540","52884848","40","18135530"
"chr17","71067263","71067573","chr11","55009213","55009513","43","16058050"
"chr17","71297080","71297378","chr4","5357211","5357521","42","65939869"
"chr17","71467684","71467990","chr3","81656161","81656467","40","10188477"
"chr17","71513244","71513519","chr20","65756557","65756837","37","5756687"
"chr17","71593308","71593618","chr16","66282242","66282549","28","5311066"
"chr17","71685342","71685600","chr12","81755596","81755855","29","10070254"
"chr17","71736485","71736791","chr14","11136011","11136318","39","60600474"
"chr17","71823526","71823825","chr20","57205726","57206029","28","14617800"
"chr17","72000843","72001148","chr18","39463336","39463641","33","32537507"
"chr17","72002435","72002738","chr17","82184412","82184713","27","10181977"
"chr17","72185369","72185555","chrX","147147954","147148141","31","74962585"
"chr17","72314773","72315062","chr1","22610175","22610468","39","49704598"
"chr17","72334635","72334968","chr11","12757758","12758078","46","59576877"
"chr17","72533543","72533762","chr16","67211740","67211962","21","5321803"
"chr17","72540919","72541189","chr16","67219094","67219369","31","5321825"
"chr17","72542325","72542464","chr14","64854728","64854859","42","7687597"
"chr17","72628449","72628750","chr3","124912332","124912633","34","52283883"
"chr17","72908271","72908559","chr6","148347411","148347707","36","75439140"
"chr17","72926309","72926616","chr6","36312745","36313052","39","36613564"
"chr17","73055465","73055768","chr10","18760487","18760790","34","54294978"
"chr17","73170411","73170581","chr11","6658602","6658773","31","66511809"
"chr17","73179081","73179376","chr10","87136170","87136463","31","13957089"
"chr17","73198559","73198666","chr2","92342667","92342751","42","19144108"
"chr17","73224371","73224645","chr16","67904140","67904415","27","5320231"
"chr17","73274387","73274606","chr6","63630625","63630830","40","9643762"
"chr17","73302371","73302438","chr3","34903811","34903857","30","38398560"
"chr17","73559338","73559633","chr1","130574287","130574581","32","57014949"
"chr17","73650035","73650322","chrX","117589965","117590253","29","43939930"
"chr17","73888469","73888635","chr7","35667652","35667813","28","38220817"
"chr17","74015772","74016068","chr7","1749091","1749386","23","72266681"
"chr17","74042519","74042814","chr1","22411003","22411299","25","51631516"
"chr17","74078444","74078759","chr12","19620918","19621225","33","54457526"
"chr17","74099034","74099279","chr16","13823370","13823622","39","60275664"
"chr17","74100713","74100899","chr15","12186805","12187003","25","61913908"
"chr17","74105919","74106207","chr11","101350847","101351143","27","27244928"
"chr17","74137013","74137314","chr1","56044044","56044339","32","18092969"
"chr17","74146438","74146751","chr3","24845532","24845839","33","49300906"
"chr17","74155978","74156286","chr1","206153473","206153775","32","131997495"
"chr17","74349101","74349410","chr4","134852861","134853168","36","60503760"
"chr17","74402705","74403009","chrX","47295423","47295720","35","27107282"
"chr17","74529833","74530019","chr9","115602163","115602345","33","41072330"
"chr17","74621066","74621358","chrX","23155568","23155864","27","51465498"
"chr17","74648014","74648197","chr8","80113522","80113697","36","5465508"
"chr17","74756405","74756687","chr3","60808616","60808897","38","13947789"
"chr17","74759483","74759780","chr9","99175498","99175792","40","24416015"
"chr17","74782552","74782840","chrX","117589965","117590253","28","42807413"
"chr17","74785195","74785355","chrX","51786687","51786849","22","22998508"
"chr17","74795002","74795297","chr1","61388678","61388976","25","13406324"
"chr17","74836436","74836620","chr10","17123065","17123263","48","57713371"
"chr17","74860865","74861148","chr3","61219427","61219705","40","13641438"
"chr17","74914062","74914369","chr13","90075848","90076160","33","15161786"
"chr17","74938101","74938393","chr3","7367921","7368221","37","67570180"
"chr17","75082028","75082371","chr8","35713387","35713708","55","39368641"
"chr17","75120130","75120442","chrX","872740","873049","35","74247390"
"chr17","75194332","75194548","chr9","120349866","120350082","25","45155534"
"chr17","75196179","75196469","chr4","3379423","3379712","32","71816756"
"chr17","75311517","75311674","chr6","67570862","67571028","33","7740655"
"chr17","75339388","75339486","chr11","127837568","127837636","36","52498180"
"chr17","75391724","75392007","chr4","107822067","107822349","31","32430343"
"chr17","75423201","75423520","chr11","108034722","108035047","43","32611521"
"chr17","75467569","75467875","chr16","70256603","70256907","29","5210966"
"chr17","75494172","75494469","chr16","70282388","70282684","25","5211784"
"chr17","75561307","75561606","chr5","1773882","1774179","34","73787425"
"chr17","75602858","75603169","chr1","206248300","206248612","45","130645442"
"chr17","75624986","75625293","chr1","164673789","164674098","35","89048803"
"chr17","75731649","75731963","chr19","44754788","44755097","38","30976861"
"chr17","75828986","75829292","chr14","18653571","18653875","34","57175415"
"chr17","75912900","75913201","chr4","36717241","36717544","41","39195659"
"chr17","76210142","76210434","chr2","84500826","84501114","29","8290684"
"chr17","76577244","76577549","chr2","84295934","84296234","33","7718690"
"chr17","76749437","76749719","chr3","21187885","21188165","34","55561552"
"chr17","76915396","76915697","chrX","85948167","85948472","39","9032771"
"chr17","77107723","77107883","chr3","76215454","76215617","23","892269"
"chr17","77114682","77114973","chr12","121351661","121351954","30","44236979"
"chr17","77194997","77195293","chr15","99268122","99268420","26","22073125"
"chr17","77287883","77288192","chr17","32167535","32167836","30","45120348"
"chr17","77341725","77342024","chr5","158975124","158975425","31","81633399"
"chr17","77357107","77357239","chr16","75798194","75798317","35","1558913"
"chr17","77357544","77357581","chr20","4094824","4094864","8","73262720"
"chr17","77501940","77502250","chr6","174905209","174905512","34","97403269"
"chr17","77562177","77562416","chr16","72445741","72445969","25","5116436"
"chr17","77624325","77624624","chr11","108584077","108584374","38","30959752"
"chr17","77636292","77636605","chr9","26439955","26440261","40","51196337"
"chr17","77789456","77789761","chr1","7768760","7769067","32","70020696"
"chr17","77808862","77809161","chr19","53293036","53293336","27","24515826"
"chr17","77842436","77842749","chr16","72680834","72681138","31","5161602"
"chr17","77904766","77905040","chr1","204307037","204307312","35","126402271"
"chr17","78046646","78046947","chr20","18131015","18131317","41","59915631"
"chr17","78218800","78219055","chr16","73055095","73055362","35","5163705"
"chr17","78268502","78268672","chr19","32419513","32419677","32","45848989"
"chr17","78367277","78367581","chr6","101698808","101699106","37","23331531"
"chr17","79249418","79249734","chr16","73922354","73922661","38","5327064"
"chr17","79253105","79253389","chr10","62984965","62985245","34","16268140"
"chr17","79254333","79254624","chr5","184105008","184105299","29","104850675"
"chr17","79351572","79351888","chr4","91169706","91170016","42","11818134"
"chr17","79393655","79393970","chr4","91169706","91170016","42","11776051"
"chr17","79457554","79457870","chr4","108327631","108327935","41","28870077"
"chr17","79510920","79511234","chr4","108327631","108327935","41","28816711"
"chr17","79717865","79718176","chr16","628664","628975","34","79089201"
"chr17","79762806","79763103","chr16","26209050","26209346","34","53553756"
"chr17","79763458","79763669","chr4","73554117","73554330","28","6209341"
"chr17","79783341","79783648","chr12","55214705","55215009","37","24568636"
"chr17","79875545","79875831","chr2","187089411","187089694","32","107213866"
"chr17","80263230","80263544","chr3","83172193","83172495","45","2908963"
"chr17","80604937","80605242","chr2","111182376","111182681","33","30577439"
"chr17","80687684","80687989","chr1","54184910","54185214","35","26502774"
"chr17","80838522","80838827","chr3","11748359","11748665","29","69090163"
"chr17","80953556","80953846","chr15","108424452","108424741","36","27470896"
"chr17","80972632","80972837","chr10","65901615","65901826","61","15071017"
"chr17","81021743","81022053","chr1","25380611","25380914","44","55641132"
"chr17","81129572","81129876","chr6","173896362","173896661","33","92766790"
"chr17","81132228","81132539","chr4","5357211","5357521","40","75775017"
"chr17","81294495","81294803","chrX","52884540","52884848","36","28409955"
"chr17","81294848","81295155","chrX","872740","873049","39","80422108"
"chr17","81311897","81312067","chr5","139059636","139059807","21","57747739"
"chr17","81316562","81316844","chr7","8984644","8984936","36","72331918"
"chr17","81322212","81322438","chr20","21430185","21430412","35","59892027"
"chr17","81359359","81359460","chr9","20127821","20127912","20","61231538"
"chr17","81360224","81360368","chr5","34470826","34470968","31","46889398"
"chr17","81360838","81361147","chr1","164673789","164674098","45","83312951"
"chr17","81440196","81440494","chr12","107014599","107014888","75","25574403"
"chr17","81646591","81646899","chr11","61136471","61136779","39","20510120"
"chr17","81667415","81667728","chr14","69622508","69622817","40","12044907"
"chr17","81673602","81673899","chr2","94504717","94505014","38","12831115"
"chr17","81686437","81686719","chr16","76085495","76085774","25","5600942"
"chr17","81796327","81796623","chr11","6462265","6462558","24","75334062"
"chr17","81916711","81917010","chr16","76309261","76309561","44","5607450"
"chr17","81970484","81970748","chr16","76366317","76366586","23","5604167"
"chr17","82006990","82007292","chr14","118913053","118913356","26","36906063"
"chr17","82008410","82008705","chr3","26174329","26174623","33","55834081"
"chr17","82060760","82061061","chr19","15251161","15251454","31","66809599"
"chr17","82127317","82127610","chr20","22150529","22150825","27","59976788"
"chr17","82187553","82187854","chr2","47824467","47824767","33","34363086"
"chr17","82212208","82212384","chr15","88479888","88480061","29","6267680"
"chr17","82260249","82260542","chr16","76688294","76688560","45","5571955"
"chr17","82268478","82268738","chr6","38480457","38480722","33","43788021"
"chr17","82360128","82360416","chr16","76775165","76775456","25","5584963"
"chr17","82509948","82510259","chr7","978158","978472","36","81531790"
"chr18","5635927","5636212","chr1","23603190","23603478","43","17967263"
"chr18","9043686","9043992","chr1","156151792","156152101","35","147108106"
"chr18","1459993","1460300","chr8","122686130","122686440","39","121226137"
"chr18","1463980","1464275","chr20","30937004","30937299","28","29473024"
"chr18","1590370","1590666","chr4","10919980","10920277","40","9329610"
"chr18","1755834","1756124","chr8","22343929","22344223","37","20588095"
"chr18","1788906","1789200","chr12","121351661","121351954","34","119562755"
"chr18","2075084","2075384","chr12","23756282","23756583","35","21681198"
"chr18","2333186","2333497","chrX","53714392","53714701","33","51381206"
"chr18","2600548","2600846","chr4","17203760","17204056","37","14603212"
"chr18","2687282","2687595","chr1","54184910","54185214","37","51497628"
"chr18","2748475","2748763","chr7","19039688","19039974","31","16291213"
"chr18","2756698","2757007","chr13","39352330","39352639","37","36595632"
"chr18","2871641","2871947","chr5","85045085","85045391","34","82173444"
"chr18","2949176","2949476","chr1","61388678","61388976","29","58439502"
"chr18","3190408","3190696","chr4","43895776","43896073","38","40705368"
"chr18","3195423","3195722","chr18","1018843","1019146","31","2176580"
"chr18","3421059","3421355","chr1","9659856","9660151","29","6238797"
"chr18","3449265","3449572","chr3","42549802","42550094","47","39100537"
"chr18","3565077","3565374","chr2","84585817","84586114","28","81020740"
"chr18","3621103","3621413","chr1","54184910","54185214","40","50563807"
"chr18","3661398","3661707","chrX","85948167","85948472","41","82286769"
"chr18","3663700","3664001","chr7","55734086","55734382","28","52070386"
"chr18","3721234","3721522","chr2","109381027","109381314","35","105659793"
"chr18","3771872","3772042","chr15","6911024","6911192","28","3139152"
"chr18","3832965","3833245","chr15","13909295","13909575","34","10076330"
"chr18","3849196","3849488","chr5","93159200","93159497","30","89310004"
"chr18","3854451","3854681","chr1","50241730","50241957","53","46387279"
"chr18","3872004","3872105","chr1","164629502","164629597","40","160757498"
"chr18","3872825","3873127","chr1","61388678","61388976","40","57515853"
"chr18","3887078","3887369","chr13","68880545","68880844","36","64993467"
"chr18","3895729","3895991","chr9","72131387","72131650","33","68235658"
"chr18","3961080","3961378","chr1","54184910","54185214","32","50223830"
"chr18","3998600","3998797","chr9","62270006","62270180","44","58271406"
"chr18","4035937","4036246","chr4","5357211","5357521","29","1321274"
"chr18","4060024","4060323","chr20","57205726","57206029","30","53145702"
"chr18","4123639","4123794","chr20","27267477","27267649","34","23143838"
"chr18","4241328","4241637","chr5","85045085","85045391","32","80803757"
"chr18","4350820","4351145","chr9","6051573","6051887","45","1700753"
"chr18","4447356","4447649","chr7","157656549","157656844","34","153209193"
"chr18","4529398","4529702","chr3","161882610","161882912","35","157353212"
"chr18","4597741","4598075","chrX","113475257","113475588","44","108877516"
"chr18","4608607","4608911","chr9","123139810","123140113","36","118531203"
"chr18","4624692","4624992","chr3","178771886","178772186","36","174147194"
"chr18","4671451","4671758","chrX","18394346","18394650","41","13722895"
"chr18","4930675","4930974","chr1","54184910","54185214","33","49254235"
"chr18","4935801","4936100","chr9","119725479","119725779","31","114789678"
"chr18","4947629","4947939","chr11","62952141","62952444","36","58004512"
"chr18","4981026","4981335","chr7","82874099","82874405","26","77893073"
"chr18","5246975","5247152","chr1","27619548","27619722","30","22372573"
"chr18","5436863","5437106","chr3","120050843","120051085","43","114613980"
"chr18","5498526","5498829","chr1","85807051","85807354","30","80308525"
"chr18","5607739","5608041","chr1","54184910","54185214","40","48577171"
"chr18","5687627","5687919","chr10","35925060","35925352","38","30237433"
"chr18","5709158","5709451","chr16","57459171","57459466","34","51750013"
"chr18","5758113","5758414","chr7","61608289","61608587","24","55850176"
"chr18","5953239","5953567","chr9","6051573","6051887","50","98334"
"chr18","6221781","6222078","chr20","24065144","24065443","32","17843363"
"chr18","6302966","6303267","chr6","1092742","1093043","36","5210224"
"chr18","6325841","6326100","chr12","81755596","81755855","31","75429755"
"chr18","6335382","6335689","chr1","206202604","206202903","37","199867222"
"chr18","6937219","6937519","chr9","94126582","94126878","32","87189363"
"chr18","6939264","6939451","chr9","62270006","62270180","32","55330742"
"chr18","7038674","7038975","chr11","108584077","108584374","30","101545403"
"chr18","7278847","7279154","chr12","110082565","110082875","37","102803718"
"chr18","7322469","7322736","chr1","84729288","84729573","50","77406819"
"chr18","7509719","7509983","chr10","33501015","33501273","31","25991296"
"chr18","7520345","7520653","chr2","84060483","84060788","33","76540138"
"chr18","7522090","7522398","chr2","84060483","84060788","33","76538393"
"chr18","8058942","8059239","chr3","128180476","128180769","34","120121534"
"chr18","8161946","8162245","chr18","1205461","1205764","31","6956485"
"chr18","8981795","8982087","chr10","38772882","38773178","33","29791087"
"chr18","9060925","9061232","chr5","73485754","73486062","42","64424829"
"chr18","9111091","9111232","chr11","34301448","34301581","29","25190357"
"chr18","9238181","9238486","chr11","65075521","65075824","30","55837340"
"chr18","9269529","9269823","chrX","130126302","130126612","39","120856773"
"chr18","9290605","9290909","chr18","2289379","2289683","26","7001226"
"chr18","9312471","9312767","chr18","2311856","2312154","37","7000615"
"chr18","9322946","9323240","chr1","61388678","61388976","35","52065732"
"chr18","9385534","9385861","chr18","2380487","2380800","51","7005047"
"chr18","9390042","9390350","chr4","5357211","5357521","36","4032831"
"chr18","9504716","9505015","chr4","14196691","14196986","39","4691975"
"chr18","9531384","9531683","chr6","132127364","132127664","29","122595980"
"chr18","9543545","9543850","chr16","37456039","37456347","36","27912494"
"chr18","9549292","9549591","chr11","78578983","78579282","26","69029691"
"chr18","9563164","9563451","chr11","110456127","110456422","34","100892963"
"chr18","9661889","9662039","chr5","18060035","18060193","27","8398146"
"chr18","9683105","9683405","chr9","98432771","98433070","33","88749666"
"chr18","9712806","9713102","chr8","41718631","41718927","33","32005825"
"chr18","10015471","10015741","chr4","123492158","123492422","42","113476687"
"chr18","10057775","10058082","chr4","108327631","108327935","35","98269856"
"chr18","10603072","10603377","chr18","3554286","3554599","29","7048786"
"chr18","11118389","11118695","chr4","5357211","5357521","32","5761178"
"chr18","11670695","11671013","chr8","65019239","65019549","47","53348544"
"chr18","12074050","12074317","chr13","65049863","65050134","34","52975813"
"chr18","12116237","12116541","chr16","47849984","47850287","33","35733747"
"chr18","12599900","12600211","chr10","62753482","62753791","36","50153582"
"chr18","12797780","12798072","chr7","164837009","164837302","33","152039229"
"chr18","12838671","12838972","chrX","49226498","49226807","40","36387827"
"chr18","13018470","13018774","chr3","184218283","184218583","35","171199813"
"chr18","13223378","13223672","chr9","72780412","72780702","42","59557034"
"chr18","13289951","13290259","chr10","35079710","35080019","33","21789759"
"chr18","13305174","13305357","chr1","160468003","160468185","26","147162829"
"chr18","13347471","13347773","chr1","179462609","179462909","36","166115138"
"chr18","13354450","13354754","chr16","25803416","25803717","32","12448966"
"chr18","13468735","13469033","chr6","177249478","177249776","25","163780743"
"chr18","13557013","13557312","chr13","106164334","106164628","27","92607321"
"chr18","13846577","13846868","chr3","175664911","175665204","27","161818334"
"chr18","13847147","13847202","chr3","34903811","34903857","23","21056664"
"chr18","13847936","13848221","chr5","51793555","51793837","43","37945619"
"chr18","13892357","13892650","chr18","6686609","6686901","26","7205748"
"chr18","14052442","14052746","chrX","95082495","95082798","34","81030053"
"chr18","14203602","14203782","chr15","10405383","10405560","34","3798219"
"chr18","14341549","14341849","chr3","43955960","43956261","29","29614411"
"chr18","14527744","14528047","chr4","6021240","6021544","35","8506504"
"chr18","14706247","14706517","chr12","55098584","55098860","43","40392337"
"chr18","14909693","14909971","chr7","41903746","41904029","38","26994053"
"chr18","14911832","14912141","chr8","87510425","87510732","39","72598593"
"chr18","15287239","15287549","chrX","872740","873049","33","14414499"
"chr18","15460469","15460766","chr1","39347733","39348026","35","23887264"
"chr18","15480286","15480599","chrX","130126302","130126612","37","114646016"
"chr18","15919233","15919503","chr18","8721919","8722184","27","7197314"
"chr18","15938651","15938816","chr13","89859967","89860138","29","73921316"
"chr18","15944783","15945090","chr1","34922657","34922952","35","18977874"
"chr18","15990129","15990428","chr12","115736283","115736579","26","99746154"
"chr18","16000973","16001168","chrX","147147954","147148141","36","131146981"
"chr18","16002389","16002681","chr19","2910150","2910450","37","13092239"
"chr18","16061658","16061867","chr10","24598248","24598462","58","8536590"
"chr18","16135458","16135752","chr6","132127364","132127664","39","115991906"
"chr18","16191758","16192049","chr6","136087738","136088027","28","119895980"
"chr18","16630162","16630464","chr7","113241613","113241916","24","96611451"
"chr18","16740642","16740942","chr3","13976564","13976861","36","2764078"
"chr18","16818636","16818927","chrX","23155568","23155864","31","6336932"
"chr18","16848748","16849065","chr13","47255171","47255479","44","30406423"
"chr18","16857217","16857508","chr5","184105008","184105299","33","167247791"
"chr18","16920547","16920842","chr8","41718631","41718927","32","24798084"
"chr18","16948204","16948506","chr11","108584077","108584374","31","91635873"
"chr18","16980484","16980730","chr18","9781749","9781989","25","7198735"
"chr18","16989675","16989830","chr19","10635260","10635411","31","6354415"
"chr18","17008261","17008565","chr16","69679368","69679668","34","52671107"
"chr18","17009516","17009831","chr4","170001134","170001432","38","152991618"
"chr18","17130017","17130315","chr3","48879684","48879984","28","31749667"
"chr18","17189882","17190183","chr18","9982317","9982615","31","7207565"
"chr18","17195809","17196108","chr18","9988961","9989264","29","7206848"
"chr18","17198479","17198775","chr18","9991631","9991925","29","7206848"
"chr18","17313705","17314002","chr17","54724383","54724682","61","37410678"
"chr18","17319476","17319780","chr1","54184910","54185214","31","36865434"
"chr18","17336375","17336681","chr1","10790603","10790909","38","6545772"
"chr18","17515821","17516129","chr5","127510059","127510354","33","109994238"
"chr18","17654189","17654479","chr10","35385148","35385439","29","17730959"
"chr18","17658031","17658341","chr9","93872647","93872956","35","76214616"
"chr18","17684267","17684574","chr19","32876185","32876488","35","15191918"
"chr18","17824914","17825223","chr1","216542963","216543268","40","198718049"
"chr18","17936286","17936571","chr1","77535189","77535477","39","59598903"
"chr18","18482580","18482890","chr1","54184910","54185214","33","35702330"
"chr18","18536677","18536979","chr18","11323123","11323428","31","7213554"
"chr18","18670890","18671173","chr18","11458723","11459007","23","7212167"
"chr18","18692188","18692491","chr19","34875967","34876267","39","16183779"
"chr18","18696050","18696308","chr8","29256394","29256650","30","10560344"
"chr18","18796272","18796566","chr17","5170547","5170846","29","13625725"
"chr18","19040913","19041218","chr7","135598818","135599125","34","116557905"
"chr18","19056268","19056571","chr1","160978135","160978440","27","141921867"
"chr18","19084477","19084780","chr2","64819781","64820080","34","45735304"
"chr18","19114019","19114320","chr13","43693230","43693530","36","24579211"
"chr18","19143144","19143321","chr8","80113522","80113697","23","60970378"
"chr18","19340034","19340297","chr15","109075840","109076105","40","89735806"
"chr18","19354187","19354351","chr7","129362850","129363013","30","110008663"
"chr18","19508265","19508577","chrX","49226498","49226807","37","29718233"
"chr18","19566202","19566365","chr18","12359809","12359972","15","7206393"
"chr18","19694981","19695279","chr1","9659856","9660151","32","10035125"
"chr18","19811653","19811905","chr18","12602481","12602728","30","7209172"
"chr18","19843428","19843688","chr18","12635053","12635305","33","7208375"
"chr18","19864987","19865281","chr11","108584077","108584374","24","88719090"
"chr18","19998982","19999252","chr1","204307037","204307312","28","184308055"
"chr18","20029554","20029870","chr13","71785728","71786041","47","51756174"
"chr18","20039278","20039586","chr16","51138203","51138510","37","31098925"
"chr18","20158576","20158870","chr18","12944199","12944493","27","7214377"
"chr18","20426369","20426665","chr19","48268934","48269229","34","27842565"
"chr18","20604424","20604725","chr7","41475606","41475906","29","20871182"
"chr18","20745067","20745390","chr3","81124541","81124852","40","60379474"
"chr18","21037902","21038209","chr14","104679292","104679600","30","83641390"
"chr18","21119200","21119506","chr19","44754788","44755097","35","23635588"
"chr18","21187599","21187905","chr18","13998037","13998352","30","7189562"
"chr18","21287969","21288120","chr10","59864615","59864765","39","38576646"
"chr18","21474822","21475117","chr3","26174329","26174623","32","4699507"
"chr18","21546492","21546827","chr18","14333909","14334249","43","7212583"
"chr18","21611578","21611744","chr1","129407736","129407901","27","107796158"
"chr18","21687887","21688189","chr2","105455600","105455902","37","83767713"
"chr18","21742238","21742559","chr11","2572656","2572970","52","19169582"
"chr18","21775900","21776206","chr15","50056660","50056967","33","28280760"
"chr18","21811390","21811688","chr18","14592340","14592634","31","7219050"
"chr18","21913202","21913509","chr4","108327631","108327935","32","86414429"
"chr18","22119623","22119797","chr16","41943604","41943785","25","19823981"
"chr18","22277720","22278031","chrX","53464436","53464745","31","31186716"
"chr18","22368956","22369237","chr18","15136330","15136609","26","7232626"
"chr18","22482999","22483302","chr18","15248686","15248979","35","7234313"
"chr18","23482991","23483296","chrX","95082495","95082798","37","71599504"
"chr18","23885111","23885414","chr1","54184910","54185214","27","30299799"
"chr18","23922945","23923242","chr15","8841295","8841593","34","15081650"
"chr18","24222420","24222724","chrX","872740","873049","34","23349680"
"chr18","25012050","25012261","chr5","106972601","106972813","29","81960551"
"chr18","25030239","25030545","chr2","29917706","29918008","46","4887467"
"chr18","25291841","25292150","chr15","105794236","105794544","36","80502395"
"chr18","25323701","25324010","chr18","18119841","18120151","28","7203860"
"chr18","25371272","25371550","chr18","13204390","13204672","37","12166882"
"chr18","25519349","25519680","chr10","72588724","72589047","41","47069375"
"chr18","25661242","25661537","chr18","18494231","18494526","24","7167011"
"chr18","25739999","25740306","chr18","18567969","18568266","34","7172030"
"chr18","26014636","26014765","chr3","33493296","33493438","35","7478660"
"chr18","26267456","26267753","chr11","110456127","110456422","33","84188671"
"chr18","26272730","26272969","chr16","11171665","11171896","28","15101065"
"chr18","26561733","26562027","chr1","45062075","45062365","31","18500342"
"chr18","26612181","26612489","chr8","139379847","139380157","44","112767666"
"chr18","26949035","26949332","chr19","14851583","14851879","34","12097452"
"chr18","27474728","27474883","chr1","54174010","54174167","40","26699282"
"chr18","27527769","27528065","chr18","20333766","20334077","38","7194003"
"chr18","27596236","27596514","chr18","20400247","20400519","32","7195989"
"chr18","27605832","27606107","chr18","20409954","20410239","31","7195878"
"chr18","27606391","27606685","chr18","20410518","20410822","30","7195873"
"chr18","27686661","27686959","chr1","34922657","34922952","48","7235996"
"chr18","27709007","27709170","chr11","54926961","54927123","22","27217954"
"chr18","27765628","27765905","chr18","20588777","20589039","41","7176851"
"chr18","27775268","27775418","chr3","33493296","33493438","43","5718028"
"chr18","28025597","28025825","chr18","20831029","20831260","35","7194568"
"chr18","28113699","28113991","chr1","22411003","22411299","31","5702696"
"chr18","28163504","28163815","chr5","66770433","66770739","37","38606929"
"chr18","28340149","28340439","chr1","24622085","24622374","32","3718064"
"chr18","28549810","28550119","chr18","21377748","21378062","31","7172062"
"chr18","28639077","28639371","chr15","108424452","108424741","34","79785375"
"chr18","30009185","30009484","chr18","22917282","22917578","28","7091903"
"chr18","30019348","30019649","chr20","54448223","54448522","33","24428875"
"chr18","30549559","30549857","chr2","63419289","63419578","41","32869730"
"chr18","30582548","30582719","chr11","46935733","46935910","33","16353185"
"chr18","31069528","31069830","chr1","12471447","12471749","39","18598081"
"chr18","31339347","31339659","chr19","30352310","30352610","33","987037"
"chr18","31359652","31359698","chr14","18724456","18724513","21","12635196"
"chr18","31795288","31795588","chr19","2910150","2910450","27","28885138"
"chr18","32060396","32060688","chr6","155329774","155330069","26","123269378"
"chr18","32145602","32145747","chr5","34470826","34470968","41","2325224"
"chr18","32831795","32832096","chr6","132127364","132127664","29","99295569"
"chr18","32874619","32874797","chr9","107100862","107101037","29","74226243"
"chr18","32875635","32875773","chr5","34470826","34470968","43","1595191"
"chr18","33028335","33028643","chr18","25878535","25878849","35","7149800"
"chr18","33155534","33155827","chr3","161716772","161717066","25","128561238"
"chr18","33493443","33493737","chr20","3594608","3594897","33","29898835"
"chr18","33669665","33669974","chr14","106075201","106075508","32","72405536"
"chr18","34013858","34014172","chr2","100502193","100502509","50","66488335"
"chr18","34160619","34160904","chr4","14767025","14767311","31","19393594"
"chr18","34684835","34685123","chr13","97520871","97521154","39","62836036"
"chr18","34747905","34748215","chr18","27674133","27674439","31","7073772"
"chr18","35132399","35132681","chr18","28026596","28026878","32","7105803"
"chr18","35214763","35215078","chrX","53714392","53714701","33","18499629"
"chr18","35504502","35504683","chr8","80113522","80113697","28","44609020"
"chr18","36101814","36102122","chr12","110082565","110082875","38","73980751"
"chr18","36110921","36111220","chrX","18394346","18394650","51","17716575"
"chr18","36242432","36242725","chr6","155329774","155330069","43","119087342"
"chr18","37284967","37285272","chr1","125780213","125780512","39","88495246"
"chr18","37390861","37391196","chrX","47883388","47883714","53","10492527"
"chr18","37421703","37422009","chr15","109857905","109858208","34","72436202"
"chr18","37507146","37507432","chr20","58879055","58879342","35","21371909"
"chr18","37673314","37673648","chr13","16444397","16444724","45","21228917"
"chr18","37745537","37745845","chr19","44754788","44755097","37","7009251"
"chr18","38109894","38110154","chr5","133076217","133076473","37","94966323"
"chr18","38274948","38275226","chr18","31221654","31221938","32","7053294"
"chr18","38333211","38333504","chr2","98935051","98935345","36","60601840"
"chr18","38371407","38371710","chr1","54184910","54185214","32","15813503"
"chr18","38398072","38398380","chr18","31333474","31333783","40","7064598"
"chr18","38711446","38711741","chr18","31644752","31645039","42","7066694"
"chr18","39094156","39094478","chr15","46282525","46282837","42","7188369"
"chr18","39365961","39366284","chr8","137306354","137306676","39","97940393"
"chr18","39859899","39860170","chr1","204307037","204307312","45","164447138"
"chr18","40535623","40535930","chr7","61608289","61608587","36","21072666"
"chr18","40566588","40566900","chr3","7367921","7368221","45","33198667"
"chr18","40669466","40669770","chr15","104401844","104402147","37","63732378"
"chr18","40959850","40960145","chr6","178856957","178857252","32","137897107"
"chr18","41118756","41119007","chr1","197311934","197312189","36","156193178"
"chr18","41165485","41165791","chr4","5357211","5357521","33","35808274"
"chr18","41588726","41589045","chr3","1996314","1996638","43","39592412"
"chr18","41677899","41678187","chr7","96348171","96348464","34","54670272"
"chr18","41691725","41692020","chr11","108584077","108584374","29","66892352"
"chr18","41890548","41890828","chr18","34884843","34885125","37","7005705"
"chr18","41893805","41894086","chr12","112476428","112476687","52","70582623"
"chr18","41907654","41907958","chr6","176790550","176790858","41","134882896"
"chr18","42002213","42002441","chr3","6013381","6013616","47","35988832"
"chr18","42051518","42051799","chr18","35047976","35048260","35","7003542"
"chr18","42208959","42209268","chr1","165996033","165996341","36","123787074"
"chr18","42891803","42891981","chr20","27267477","27267649","27","15624326"
"chr18","42892552","42892859","chr20","11674914","11675224","34","31217638"
"chr18","42913468","42913772","chr3","42228936","42229238","35","684532"
"chr18","43089131","43089446","chr18","36097330","36097647","46","6991801"
"chr18","43660299","43660608","chr18","36663849","36664156","30","6996450"
"chr18","43761927","43762092","chrX","51786687","51786849","35","8024760"
"chr18","43926235","43926579","chr4","127759466","127759795","50","83833231"
"chr18","44138251","44138560","chr3","170399117","170399420","33","126260866"
"chr18","44182576","44182857","chrX","117589965","117590253","27","73407389"
"chr18","44516407","44516710","chr1","165996033","165996341","41","121479626"
"chr18","44721128","44721293","chr5","18060035","18060193","22","26661093"
"chr18","44887552","44887858","chr18","37944874","37945178","30","6942678"
"chr18","44888077","44888381","chr18","37945395","37945696","36","6942682"
"chr18","44983387","44983710","chr8","35713387","35713708","50","9270000"
"chr18","45049299","45049600","chr2","83597002","83597303","31","38547703"
"chr18","45129556","45129862","chr4","5955341","5955651","35","39174215"
"chr18","45241917","45242100","chr1","9087561","9087734","36","36154356"
"chr18","45265491","45265790","chr1","113564712","113565007","35","68299221"
"chr18","45358811","45359114","chr1","48636230","48636529","37","3277419"
"chr18","45420958","45421262","chr1","206153473","206153775","35","160732515"
"chr18","45425612","45425924","chr18","38478691","38479004","32","6946921"
"chr18","45493721","45494010","chr9","72780412","72780702","35","27286691"
"chr18","45628754","45629062","chr9","26439955","26440261","31","19188799"
"chr18","45651565","45651747","chr12","60498589","60498783","40","14847024"
"chr18","45925168","45925471","chr9","2711445","2711745","37","43213723"
"chr18","46011870","46012181","chr4","5955341","5955651","33","40056529"
"chr18","46033272","46033503","chr18","39124865","39125111","47","6908407"
"chr18","46058721","46059030","chr18","39150531","39150837","30","6908190"
"chr18","46312034","46312335","chr1","54184910","54185214","32","7872876"
"chr18","46803973","46804292","chrX","97226897","97227218","41","50422924"
"chr18","46899577","46899878","chr18","40052899","40053199","34","6846678"
"chr18","47077839","47078119","chr6","169586934","169587216","39","122509095"
"chr18","47463853","47464122","chrX","11640618","11640889","38","35823235"
"chr18","47832870","47833174","chr8","102704227","102704531","34","54871357"
"chr18","48036133","48036439","chr1","54184910","54185214","34","6148777"
"chr18","48086014","48086307","chr14","55303254","55303549","34","7217240"
"chr18","48114355","48114661","chr1","54184910","54185214","35","6070555"
"chr18","48455216","48455460","chr18","41634246","41634488","27","6820970"
"chr18","48506295","48506609","chr9","64528419","64528731","36","16022124"
"chr18","48809530","48809832","chr18","41984076","41984376","37","6825454"
"chr18","49180179","49180479","chr19","50863135","50863438","36","1682956"
"chr18","49376005","49376305","chr20","28697028","28697324","34","20678977"
"chr18","49381305","49381619","chr18","42563659","42563964","35","6817646"
"chr18","49398799","49399108","chr7","52277962","52278267","35","2879163"
"chr18","49428578","49428881","chr6","177249478","177249776","32","127820900"
"chr18","49991214","49991507","chr18","43230184","43230484","33","6761030"
"chr18","50235908","50236215","chr18","43499164","43499471","25","6736744"
"chr18","50246424","50246714","chr11","108584077","108584374","35","58337653"
"chr18","50576874","50577096","chr3","120219164","120219385","28","69642290"
"chr18","51411489","51411769","chr15","23786626","23786904","30","27624863"
"chr18","52045196","52045491","chr18","45455839","45456135","33","6589357"
"chr18","52317164","52317474","chrX","49226498","49226807","38","3090666"
"chr18","53174131","53174425","chr20","61210428","61210720","38","8036297"
"chr18","53202400","53202703","chr6","177249478","177249776","36","124047078"
"chr18","53542447","53542774","chrX","23329921","23330241","53","30212526"
"chr18","53661324","53661627","chr14","106075201","106075508","33","52413877"
"chr18","53685643","53685892","chr3","179774832","179775080","51","126089189"
"chr18","53689938","53690187","chr3","179774832","179775080","54","126084894"
"chr18","53723603","53723902","chr1","58595645","58595942","32","4872042"
"chr18","53764422","53764731","chr13","90075848","90076160","34","36311426"
"chr18","53853707","53853870","chr11","54926961","54927123","17","1073254"
"chr18","53867515","53867686","chrX","59842814","59842986","36","5975299"
"chr18","53947318","53947611","chr19","29576093","29576386","34","24371225"
"chr18","54038942","54039204","chr6","143962447","143962710","30","89923505"
"chr18","54160881","54161182","chr14","118913053","118913356","35","64752172"
"chr18","54245070","54245208","chr11","34301448","34301581","24","19943622"
"chr18","54466149","54466469","chr18","47844864","47845170","41","6621285"
"chr18","54519477","54519782","chr5","101125787","101126094","42","46606310"
"chr18","54668362","54668667","chr16","47849984","47850287","28","6818378"
"chr18","54824869","54825166","chr18","48243370","48243674","41","6581499"
"chr18","54871834","54872133","chr7","166020953","166021249","31","111149119"
"chr18","54922434","54922738","chr18","48346802","48347111","33","6575632"
"chr18","54937542","54937709","chr12","44446416","44446578","24","10491126"
"chr18","54949584","54949759","chr5","46476035","46476209","28","8473549"
"chr18","54957191","54957468","chr11","6270545","6270824","44","48686646"
"chr18","54973247","54973551","chr3","38362595","38362901","38","16610652"
"chr18","54991006","54991214","chr1","215655625","215655833","29","160664619"
"chr18","55308307","55308605","chr10","33062312","33062608","39","22245995"
"chr18","55501884","55502173","chr2","107514657","107514953","33","52012773"
"chr18","56049373","56049662","chr14","45652403","45652696","30","10396970"
"chr18","56497881","56498191","chr8","105120121","105120431","37","48622240"
"chr18","57885969","57886267","chr18","66895567","66895862","29","9009598"
"chr18","57966483","57966780","chr18","51420022","51420319","34","6546461"
"chr18","57998877","57999092","chr19","15255309","15255522","76","42743568"
"chr18","58029106","58029405","chr6","173896362","173896661","26","115867256"
"chr18","58079118","58079399","chr7","113437485","113437769","30","55358367"
"chr18","58302233","58302541","chrX","52884540","52884848","31","5417693"
"chr18","58801800","58802099","chr18","52271535","52271832","27","6530265"
"chr18","58811003","58811295","chr2","200297174","200297466","30","141486171"
"chr18","58940596","58940905","chr18","52403122","52403430","26","6537474"
"chr18","58983784","58984067","chr18","52448615","52448901","25","6535169"
"chr18","58988280","58988552","chr1","185169486","185169762","39","126181206"
"chr18","59031668","59031981","chr1","54184910","54185214","37","4846758"
"chr18","59501833","59502140","chr19","50863135","50863438","28","8638698"
"chr18","59842707","59843011","chr18","53338270","53338574","28","6504437"
"chr18","60195364","60195662","chrX","23130799","23131097","33","37064565"
"chr18","60990487","60990778","chr7","96348171","96348464","37","35357684"
"chr18","61087353","61087645","chr6","155329774","155330069","34","94242421"
"chr18","61134452","61134757","chr7","74256869","74257176","40","13122417"
"chr18","61492214","61492519","chr1","160978135","160978440","36","99485921"
"chr18","61622937","61623193","chr6","55635746","55636005","35","5987191"
"chr18","61626746","61626904","chr11","133328099","133328256","30","71701353"
"chr18","61884895","61885211","chr1","128094642","128094960","46","66209747"
"chr18","61924037","61924342","chr2","84295934","84296234","38","22371897"
"chr18","62019448","62019750","chr18","55564172","55564477","39","6455276"
"chr18","62316789","62317078","chr12","69004235","69004525","39","6687446"
"chr18","62540149","62540417","chr18","56077193","56077462","35","6462956"
"chr18","62662601","62662907","chr2","144774862","144775168","29","82112261"
"chr18","63155736","63156039","chr6","155329774","155330069","39","92174038"
"chr18","63841370","63841665","chr11","108584077","108584374","32","44742707"
"chr18","63930631","63930924","chr16","4729688","4729979","37","59200943"
"chr18","64009239","64009534","chr10","29765824","29766115","40","34243415"
"chr18","64095347","64095661","chr1","54184910","54185214","36","9910437"
"chr18","64629421","64629705","chr18","58333341","58333622","34","6296080"
"chr18","64680631","64680821","chr1","25647948","25648135","35","39032683"
"chr18","64896669","64896949","chr8","65531215","65531499","37","634546"
"chr18","65444942","65445103","chr1","89198438","89198602","61","23753496"
"chr18","65594952","65595186","chr1","52410307","52410536","33","13184645"
"chr18","65740748","65741057","chr1","220322720","220323024","41","154581972"
"chr18","65779768","65780045","chr14","79561467","79561751","42","13781699"
"chr18","65874847","65875157","chr18","59644989","59645288","37","6229858"
"chr18","66511738","66512042","chr6","1092742","1093043","29","65418996"
"chr18","66592560","66592857","chr8","48638161","48638460","26","17954399"
"chr18","66644309","66644614","chr7","113241613","113241916","32","46597304"
"chr18","66685171","66685479","chr14","2713092","2713395","39","63972079"
"chr18","66688347","66688648","chr18","60490020","60490320","26","6198327"
"chr18","67875025","67875331","chr15","43831651","43831953","37","24043374"
"chr18","68928305","68928620","chrX","872740","873049","45","68055565"
"chr18","68995755","68996060","chr15","42512235","42512545","37","26483520"
"chr18","69125281","69125591","chrX","872740","873049","34","68252541"
"chr18","69206514","69206813","chr18","63078128","63078419","38","6128386"
"chr18","69361851","69362147","chr9","117928495","117928793","35","48566644"
"chr18","69690781","69691086","chr18","63584398","63584696","33","6106383"
"chr18","69878266","69878573","chr16","44440787","44441097","39","25437479"
"chr18","69925676","69925841","chr15","6911024","6911192","34","63014652"
"chr18","69927021","69927315","chr11","120222067","120222365","34","50295046"
"chr18","70151509","70151779","chr3","2538496","2538783","45","67613013"
"chr18","71252509","71252818","chr18","65091408","65091708","36","6161101"
"chr18","72837713","72838020","chr15","31759559","31759863","35","41078154"
"chr18","72880700","72880999","chr1","221532692","221532994","31","148651992"
"chr18","72990679","72990961","chr18","66823618","66823900","31","6167061"
"chr18","73055679","73055983","chr4","36275818","36276119","32","36779861"
"chr18","73138647","73138809","chr15","6911024","6911192","23","66227623"
"chr18","73156654","73156940","chr2","21321648","21321927","39","51835006"
"chr18","73173249","73173556","chr4","134852861","134853168","25","61679612"
"chr18","73717978","73718125","chr3","33493296","33493438","23","40224682"
"chr18","73759741","73760054","chr16","37456039","37456347","36","36303702"
"chr18","73782869","73783169","chr4","170001134","170001432","32","96218265"
"chr18","74043995","74044240","chr1","215759713","215759951","35","141715718"
"chr18","74422363","74422645","chr2","187089411","187089694","39","112667048"
"chr18","74902655","74902946","chrX","129312880","129313161","44","54410225"
"chr18","75238533","75238717","chr19","12959091","12959278","31","62279442"
"chr18","75358561","75358737","chr15","10405383","10405560","41","64953178"
"chr18","75658595","75658891","chr9","98432771","98433070","33","22774176"
"chr18","76364803","76365098","chr2","149644045","149644340","30","73279242"
"chr19","44302186","44302452","chr11","53392178","53392443","32","9089992"
"chr19","224129","224294","chr10","30764618","30764791","38","30540489"
"chr19","386066","386091","chr2","78475449","78475474","7","78089383"
"chr19","386401","386559","chr7","3648725","3648875","33","3262324"
"chr19","387001","387131","chr7","68956423","68956553","15","68569422"
"chr19","441554","441852","chr11","108584077","108584374","26","108142523"
"chr19","470844","471140","chrX","872740","873049","35","401896"
"chr19","474847","475145","chr9","26215862","26216159","31","25741015"
"chr19","490312","490604","chr11","108584077","108584374","34","108093765"
"chr19","540475","540764","chr16","4729688","4729979","35","4189213"
"chr19","596113","596407","chr3","155246047","155246338","41","154649934"
"chr19","613768","614063","chr7","166020953","166021249","41","165407185"
"chr19","632283","632576","chr20","30937004","30937299","37","30304721"
"chr19","661036","661328","chr1","7247666","7247956","36","6586630"
"chr19","671621","671914","chr10","35385148","35385439","35","34713527"
"chr19","700183","700496","chr3","54644532","54644842","31","53944349"
"chr19","715737","716040","chr1","61388678","61388976","34","60672941"
"chr19","718553","718865","chr16","3520694","3521001","39","2802141"
"chr19","762229","762528","chr1","61388678","61388976","20","60626449"
"chr19","833552","833684","chr7","68956423","68956553","10","68122871"
"chr19","834511","834690","chrX","59842814","59842986","43","59008303"
"chr19","843701","844007","chr17","20505240","20505544","42","19661539"
"chr19","866350","866647","chr2","148110502","148110798","33","147244152"
"chr19","868707","868882","chr3","127934070","127934247","26","127065363"
"chr19","986237","986531","chr9","94126582","94126878","38","93140345"
"chr19","1038897","1039206","chr2","50292284","50292589","38","49253387"
"chr19","1058823","1059121","chr1","2715985","2716290","41","1657162"
"chr19","1128094","1128376","chr8","143418784","143419066","39","142290690"
"chr19","1142436","1142717","chrX","117589965","117590253","30","116447529"
"chr19","1145254","1145451","chr16","50695670","50695872","23","49550416"
"chr19","1167819","1168082","chr2","165234272","165234534","31","164066453"
"chr19","1285555","1285865","chr1","221383235","221383539","34","220097680"
"chr19","1293433","1293694","chr20","53854989","53855254","40","52561556"
"chr19","1354185","1354514","chr19","30489378","30489693","50","29135193"
"chr19","1357081","1357368","chr11","122595669","122595958","29","121238588"
"chr19","1442603","1442636","chr20","54495305","54495348","14","53052702"
"chr19","1442958","1443089","chr3","83243910","83244042","15","81800952"
"chr19","1544016","1544321","chr1","54184910","54185214","24","52640894"
"chr19","1565383","1565670","chr19","1427891","1428190","32","137492"
"chr19","1722321","1722626","chr6","174905209","174905512","29","173182888"
"chr19","1850721","1851003","chrX","117589965","117590253","38","115739244"
"chr19","1851014","1851310","chr3","14647021","14647316","33","12796007"
"chr19","1851521","1851818","chr11","108584077","108584374","31","106732556"
"chr19","1864496","1864673","chr9","115602163","115602345","24","113737667"
"chr19","1917766","1917919","chr5","18060035","18060193","32","16142269"
"chr19","1945095","1945382","chr2","61380094","61380378","39","59434999"
"chr19","1963843","1964132","chr1","39347733","39348026","36","37383890"
"chr19","1967773","1968066","chr2","149644045","149644340","42","147676272"
"chr19","1988420","1988715","chr18","66895567","66895862","31","64907147"
"chr19","2041795","2041988","chr1","23525016","23525200","34","21483221"
"chr19","2044391","2044705","chr14","2713092","2713395","39","668701"
"chr19","2120216","2120383","chr1","129407736","129407901","25","127287520"
"chr19","2139865","2140145","chr8","65531215","65531499","33","63391350"
"chr19","2433513","2433810","chr13","43317795","43318094","39","40884282"
"chr19","2485788","2486097","chr14","18653571","18653875","35","16167783"
"chr19","2488904","2489207","chr9","94126582","94126878","31","91637678"
"chr19","2492021","2492319","chr1","61388678","61388976","25","58896657"
"chr19","2547469","2547762","chr6","148347411","148347707","32","145799942"
"chr19","2592835","2593142","chrX","872740","873049","37","1720095"
"chr19","2606020","2606329","chr1","146269539","146269846","38","143663519"
"chr19","2667070","2667281","chr19","8000001","8000213","24","5332931"
"chr19","2691281","2691551","chr4","16445570","16445839","50","13754289"
"chr19","2691557","2691852","chr1","35950025","35950312","55","33258468"
"chr19","2695946","2696111","chr4","62431007","62431163","32","59735061"
"chr19","2853853","2854143","chr14","20410060","20410349","43","17556207"
"chr19","2862697","2862993","chr10","29765824","29766115","34","26903127"
"chr19","2885595","2885881","chr4","161013151","161013437","30","158127556"
"chr19","2924953","2925263","chr4","134852861","134853168","37","131927908"
"chr19","3009543","3009850","chr11","108584077","108584374","40","105574534"
"chr19","3015020","3015323","chr1","216542963","216543268","37","213527943"
"chr19","3073053","3073356","chr15","43831651","43831953","32","40758598"
"chr19","3074276","3074585","chr3","34851335","34851651","41","31777059"
"chr19","3083904","3084189","chr11","33868257","33868543","28","30784353"
"chr19","3170632","3170941","chr19","16362029","16362331","38","13191397"
"chr19","3198016","3198199","chr11","46935733","46935910","32","43737717"
"chr19","3200127","3200436","chr5","101125787","101126094","29","97925660"
"chr19","3286647","3286955","chr16","75078674","75078974","43","71792027"
"chr19","3535485","3535658","chr20","27267477","27267649","33","23731992"
"chr19","3612327","3612619","chr6","167965592","167965882","32","164353265"
"chr19","3821543","3821712","chr5","139059636","139059807","24","135238093"
"chr19","3880924","3881106","chr16","44977902","44978086","29","41096978"
"chr19","3930312","3930522","chr16","26139167","26139373","37","22208855"
"chr19","3971825","3972130","chr4","69409816","69410121","48","65437991"
"chr19","3995302","3995612","chr2","44364597","44364899","50","40369295"
"chr19","4005091","4005395","chrX","53464436","53464745","39","49459345"
"chr19","4046603","4046913","chr4","134852861","134853168","26","130806258"
"chr19","4072388","4072696","chr11","121002208","121002514","40","116929820"
"chr19","4166866","4167164","chr15","8841295","8841593","31","4674429"
"chr19","4197950","4198275","chr12","124073241","124073535","63","119875291"
"chr19","4226875","4227164","chr2","159694664","159694955","34","155467789"
"chr19","4245068","4245356","chr3","78858605","78858897","37","74613537"
"chr19","4264398","4264696","chr3","157812231","157812533","38","153547833"
"chr19","4285783","4286093","chr1","27056894","27057200","31","22771111"
"chr19","4289362","4289663","chr19","4376213","4376499","35","86851"
"chr19","4363595","4363908","chr1","7768760","7769067","32","3405165"
"chr19","4481187","4481480","chr9","29839402","29839695","38","25358215"
"chr19","4499474","4499770","chr7","1749091","1749386","31","2750383"
"chr19","4513095","4513411","chr3","125864891","125865199","36","121351796"
"chr19","4621539","4621840","chr4","88700124","88700424","34","84078585"
"chr19","4641654","4641984","chr20","8659416","8659737","45","4017762"
"chr19","4662943","4663232","chr14","55957140","55957433","25","51294197"
"chr19","4729629","4729922","chr12","106133836","106134131","39","101404207"
"chr19","4754040","4754347","chr6","1092742","1093043","28","3661298"
"chr19","4788616","4788781","chr15","6911024","6911192","32","2122408"
"chr19","4788784","4789084","chr14","1559284","1559583","31","3229500"
"chr19","4827864","4828157","chr2","63419289","63419578","37","58591425"
"chr19","4872832","4872986","chr5","18060035","18060193","35","13187203"
"chr19","4878472","4878722","chr5","133076217","133076473","36","128197745"
"chr19","4881893","4882194","chr14","16503370","16503668","33","11621477"
"chr19","4895113","4895410","chr2","147984196","147984493","32","143089083"
"chr19","4921725","4922017","chr1","132209353","132209652","39","127287628"
"chr19","5203892","5204195","chrX","95082495","95082798","35","89878603"
"chr19","5231193","5231486","chr11","108584077","108584374","27","103352884"
"chr19","5302150","5302455","chr7","52277962","52278267","34","46975812"
"chr19","5311171","5311431","chr3","41527642","41527904","32","36216471"
"chr19","5405026","5405260","chr18","38109457","38109692","32","32704431"
"chr19","5431925","5432232","chr19","5567438","5567741","32","135513"
"chr19","5484894","5485197","chr2","27813797","27814098","35","22328903"
"chr19","5490868","5491158","chr1","66578973","66579259","33","61088105"
"chr19","5553885","5554190","chr14","118913053","118913356","32","113359168"
"chr19","5590246","5590565","chr3","509096","509403","49","5081150"
"chr19","5642803","5643106","chr3","44070862","44071165","34","38428059"
"chr19","5850988","5851284","chr19","6185928","6186226","27","334940"
"chr19","5905015","5905324","chr19","1120205","1120506","38","4784810"
"chr19","6197229","6197519","chr1","9659856","9660151","35","3462627"
"chr19","6340526","6340697","chr6","67570862","67571028","21","61230336"
"chr19","6375517","6375827","chr19","41770584","41770893","34","35395067"
"chr19","6389793","6390102","chr1","39563825","39564136","39","33174032"
"chr19","6405984","6406281","chr19","6567074","6567366","36","161090"
"chr19","6484313","6484621","chr13","56604870","56605176","43","50120557"
"chr19","6525234","6525324","chr11","127837568","127837636","27","121312334"
"chr19","6579384","6579527","chr6","879279","879425","24","5700105"
"chr19","6610511","6610778","chr8","42333220","42333488","35","35722709"
"chr19","6855458","6855748","chr15","8087432","8087723","35","1231974"
"chr19","6858881","6859188","chr13","39352330","39352639","35","32493449"
"chr19","6917900","6918212","chrX","130126302","130126612","36","123208402"
"chr19","7338014","7338302","chr11","7372106","7372401","41","34092"
"chr19","7344132","7344439","chr4","5955341","5955651","31","1388791"
"chr19","7361918","7362209","chr4","108321928","108322231","41","100960010"
"chr19","7457627","7457805","chr8","80113522","80113697","37","72655895"
"chr19","7483383","7483655","chr3","130705356","130705622","48","123221973"
"chr19","7548972","7549284","chr3","509096","509403","35","7039876"
"chr19","7593884","7594141","chr19","7677448","7677706","24","83564"
"chr19","7661864","7662062","chr17","39176135","39176331","37","31514271"
"chr19","7684762","7685045","chr8","65531215","65531499","28","57846453"
"chr19","7710152","7710451","chr19","7858356","7858653","30","148204"
"chr19","7757438","7757621","chr14","8947217","8947387","36","1189779"
"chr19","7855932","7856231","chr19","7955045","7955350","32","99113"
"chr19","7868631","7868806","chr20","27267477","27267649","26","19398846"
"chr19","7891376","7891552","chr15","64701277","64701454","26","56809901"
"chr19","7953883","7954181","chr13","32770451","32770753","32","24816568"
"chr19","7956323","7956487","chr18","12359809","12359972","15","4403486"
"chr19","8077940","8078211","chr14","112579862","112580130","39","104501922"
"chr19","8193414","8193770","chr12","58918912","58919243","68","50725498"
"chr19","8287331","8287640","chrX","129843953","129844263","41","121556622"
"chr19","8299887","8300193","chr4","69409816","69410121","34","61109929"
"chr19","8308413","8308719","chr4","69409816","69410121","33","61101403"
"chr19","8313138","8313438","chr4","88700124","88700424","35","80386986"
"chr19","8368387","8368691","chr13","43693230","43693530","37","35324843"
"chr19","8454871","8455031","chr5","18060035","18060193","27","9605164"
"chr19","8486610","8486915","chr1","220322720","220323024","39","211836110"
"chr19","8512058","8512367","chr19","8536583","8536882","32","24525"
"chr19","8545124","8545439","chr19","8568911","8569209","46","23787"
"chr19","8560003","8560226","chr1","35881420","35881640","26","27321417"
"chr19","8625559","8625724","chr3","63755577","63755744","21","55130018"
"chr19","8661586","8661878","chr10","29765824","29766115","27","21104238"
"chr19","8666914","8667078","chr3","76215454","76215617","26","67548540"
"chr19","8671019","8671320","chr19","8693902","8694198","31","22883"
"chr19","8705515","8705777","chr13","99799233","99799492","41","91093718"
"chr19","8713423","8713603","chr20","27267477","27267649","24","18554054"
"chr19","8734331","8734626","chr11","108584077","108584374","25","99849746"
"chr19","8829305","8829583","chr19","8821182","8821464","29","8123"
"chr19","8856770","8856949","chr11","46935733","46935910","25","38078963"
"chr19","9068863","9069165","chr15","14191453","14191748","28","5122590"
"chr19","9150714","9151014","chr10","1969590","1969896","35","7181124"
"chr19","9217845","9218178","chr10","72588724","72589047","41","63370879"
"chr19","9397658","9397958","chr11","4878247","4878546","29","4519411"
"chr19","9421751","9421941","chr3","36303286","36303484","37","26881535"
"chr19","9548544","9548841","chr15","104401844","104402147","38","94853300"
"chr19","9628057","9628341","chr19","9466824","9467119","26","161233"
"chr19","9677558","9677863","chr20","57205726","57206029","29","47528168"
"chr19","9684427","9684658","chr12","77647110","77647330","36","67962683"
"chr19","9759744","9759914","chr10","88231550","88231720","33","78471806"
"chr19","9763877","9764177","chr9","87334494","87334786","48","77570617"
"chr19","9808912","9809101","chr9","62270006","62270180","37","52461094"
"chr19","9831632","9831905","chr19","9640382","9640638","47","191250"
"chr19","9845310","9845611","chr6","130682494","130682794","37","120837184"
"chr19","9881342","9881638","chr8","41718631","41718927","39","31837289"
"chr19","9883578","9883764","chr16","44977902","44978086","43","35094324"
"chr19","9906704","9907019","chr5","9884443","9884753","41","22261"
"chr19","9912263","9912560","chr2","45126899","45127187","36","35214636"
"chr19","9944117","9944425","chr19","9756639","9756945","31","187478"
"chr19","9975128","9975434","chrX","53464436","53464745","40","43489308"
"chr19","9984545","9984854","chr1","54184910","54185214","31","44200365"
"chr19","10000704","10001005","chr11","108584077","108584374","32","98583373"
"chr19","10001736","10001924","chrX","147147954","147148141","28","137146218"
"chr19","10021246","10021553","chr3","64175701","64176007","54","54154455"
"chr19","10026663","10026808","chr7","136362895","136363045","48","126336232"
"chr19","10247437","10247734","chr11","108584077","108584374","28","98336640"
"chr19","10264298","10264604","chr12","115108242","115108542","35","104843944"
"chr19","10377283","10377578","chr11","108584077","108584374","29","98206794"
"chr19","10439038","10439335","chr19","10274969","10275258","30","164069"
"chr19","10455658","10455960","chr19","10290262","10290566","31","165396"
"chr19","10460985","10461262","chr19","10296141","10296416","37","164844"
"chr19","10489048","10489358","chr7","39447572","39447879","37","28958524"
"chr19","10505331","10505594","chr10","14646483","14646756","59","4141152"
"chr19","10518068","10518379","chr19","10351154","10351466","35","166914"
"chr19","10534094","10534394","chr8","65531215","65531499","46","54997121"
"chr19","10535133","10535267","chrX","113339578","113339718","29","102804445"
"chr19","10567646","10567776","chr10","82796400","82796530","24","72228754"
"chr19","10569958","10570275","chr5","752886","753201","37","9817072"
"chr19","10576489","10576701","chr6","136935906","136936114","39","126359417"
"chr19","10634761","10635067","chr1","54184910","54185214","41","43550149"
"chr19","10712024","10712203","chr19","12959091","12959278","39","2247067"
"chr19","10745446","10745740","chr5","184105008","184105299","33","173359562"
"chr19","10756587","10756880","chr16","4729688","4729979","37","6026899"
"chr19","10768925","10769090","chr7","129362850","129363013","36","118593925"
"chr19","10784754","10785057","chr19","10614453","10614761","30","170301"
"chr19","10795869","10796167","chr19","10625465","10625773","40","170404"
"chr19","10841530","10841831","chr6","147351072","147351371","40","136509542"
"chr19","10850986","10851159","chr5","740668","740849","39","10110318"
"chr19","10852025","10852169","chr2","84605396","84605534","40","73753371"
"chr19","10870551","10870850","chr6","148347411","148347707","33","137476860"
"chr19","10949494","10949654","chrX","51786687","51786849","27","40837193"
"chr19","10986798","10987094","chr7","166020953","166021249","32","155034155"
"chr19","11045977","11046285","chr2","135915754","135916056","36","124869777"
"chr19","11049992","11050076","chr15","10139615","10139697","16","910377"
"chr19","11051057","11051227","chr2","15318266","15318436","38","4267209"
"chr19","11062522","11062829","chr2","195505774","195506079","41","184443252"
"chr19","11064450","11064758","chr1","7768760","7769067","30","3295690"
"chr19","11084022","11084322","chr20","24065144","24065443","80","12981122"
"chr19","11106137","11106427","chr1","199847714","199848008","32","188741577"
"chr19","11144376","11144638","chr19","2811711","2811975","28","8332665"
"chr19","11159197","11159489","chr13","9550833","9551123","30","1608364"
"chr19","11175558","11175847","chr17","73904233","73904526","36","62728675"
"chr19","11316272","11316445","chr12","90007912","90008084","30","78691640"
"chr19","11316636","11316723","chr3","129365128","129365199","21","118048492"
"chr19","11328853","11329144","chr6","136087738","136088027","31","124758885"
"chr19","11403937","11404244","chr1","165996033","165996341","37","154592096"
"chr19","11500703","11500892","chr16","41943604","41943785","34","30442901"
"chr19","11560220","11560516","chr19","11367756","11368047","31","192464"
"chr19","11579166","11579475","chr9","93872647","93872956","33","82293481"
"chr19","11592637","11592922","chr4","14767025","14767311","39","3174388"
"chr19","11640378","11640687","chr19","11448407","11448712","31","191971"
"chr19","11678428","11678701","chr3","128496104","128496369","41","116817676"
"chr19","11785964","11786229","chr11","53392178","53392443","31","41606214"
"chr19","11803472","11803641","chr18","10468474","10468635","31","1334998"
"chr19","11812645","11812952","chr16","66282242","66282549","28","54469597"
"chr19","11836901","11837203","chr1","24590021","24590324","26","12753120"
"chr19","11845860","11846034","chr6","84072722","84072893","26","72226862"
"chr19","11929074","11929241","chr15","6911024","6911192","26","5018050"
"chr19","11931075","11931366","chr1","22411003","22411299","30","10479928"
"chr19","11966494","11966682","chr7","8555181","8555369","15","3411313"
"chr19","12004468","12004770","chr19","11816787","11817088","28","187681"
"chr19","12061934","12062097","chr16","44706725","44706885","33","32644791"
"chr19","12146252","12146412","chr11","133328099","133328256","35","121181847"
"chr19","12182735","12183043","chr10","29826988","29827297","30","17644253"
"chr19","12221802","12221969","chr14","30555496","30555671","30","18333694"
"chr19","12247799","12248074","chr2","203454104","203454390","49","191206305"
"chr19","12277247","12277555","chrX","49226498","49226807","36","36949251"
"chr19","12312246","12312407","chr4","14018705","14018862","26","1706459"
"chr19","12334752","12335059","chr4","5955341","5955651","32","6379411"
"chr19","12355345","12355613","chr20","68769503","68769770","39","56414158"
"chr19","12391675","12391975","chr2","47824467","47824767","32","35432792"
"chr19","12419236","12419522","chr19","12171802","12172096","30","247434"
"chr19","12457653","12457939","chr7","68302964","68303250","30","55845311"
"chr19","12512565","12512742","chr19","41091494","41091668","36","28578929"
"chr19","12519877","12520182","chr2","170449066","170449370","38","157929189"
"chr19","12545027","12545296","chr4","48977046","48977324","42","36432019"
"chr19","12618797","12619096","chr19","12401081","12401380","32","217716"
"chr19","12619688","12619839","chr7","3648725","3648875","24","8970963"
"chr19","12632194","12632486","chr14","66326782","66327072","34","53694588"
"chr19","12780863","12781163","chr14","119046212","119046511","45","106265349"
"chr19","12781838","12782144","chr4","88700124","88700424","35","75918286"
"chr19","12803996","12804309","chr3","95245018","95245328","41","82441022"
"chr19","12806347","12806640","chr5","189841850","189842144","33","177035503"
"chr19","12840437","12840717","chr18","13204390","13204672","30","363953"
"chr19","12851178","12851484","chr4","5357211","5357521","31","7493967"
"chr19","12976380","12976677","chr19","12651164","12651462","27","325216"
"chr19","12983021","12983329","chr8","105120121","105120431","37","92137100"
"chr19","12984402","12984710","chr7","155405368","155405669","37","142420966"
"chr19","12995702","12995999","chr19","12672950","12673246","25","322752"
"chr19","13006276","13006482","chr12","58289321","58289541","45","45283045"
"chr19","13013232","13013546","chr16","628664","628975","37","12384568"
"chr19","13033111","13033409","chr3","48879684","48879984","35","35846573"
"chr19","13038163","13038463","chr11","108584077","108584374","28","95545914"
"chr19","13047326","13047632","chrX","872740","873049","37","12174586"
"chr19","13083294","13083467","chr20","27267477","27267649","31","14184183"
"chr19","13084105","13084416","chr3","178771886","178772186","46","165687781"
"chr19","13088305","13088608","chr14","49167339","49167646","35","36079034"
"chr19","13146123","13146219","chr1","12339903","12339996","17","806220"
"chr19","13146702","13146753","chr3","34903811","34903857","19","21757109"
"chr19","13188378","13188690","chr2","135151286","135151596","44","121962908"
"chr19","13224693","13224989","chr20","65776652","65776952","37","52551959"
"chr19","13225078","13225296","chr9","93688855","93689088","35","80463777"
"chr19","13225563","13225740","chr12","90007912","90008084","35","76782349"
"chr19","13380657","13380962","chr1","2715985","2716290","48","10664672"
"chr19","13392241","13392534","chr17","20015491","20015789","31","6623250"
"chr19","13487217","13487517","chr2","64819781","64820080","33","51332564"
"chr19","13489126","13489425","chr8","42271431","42271729","31","28782305"
"chr19","13497552","13497855","chr3","129960633","129960932","32","116463081"
"chr19","13854930","13855222","chr8","115461075","115461370","34","101606145"
"chr19","13904282","13904567","chrX","117589965","117590253","31","103685683"
"chr19","13996366","13996664","chr19","13725105","13725402","28","271261"
"chr19","14136299","14136601","chr4","68431207","68431507","33","54294908"
"chr19","14199464","14199765","chr1","85807051","85807354","27","71607587"
"chr19","14224763","14225062","chr20","54448223","54448522","27","40223460"
"chr19","14234864","14235170","chr19","13955956","13956275","35","278908"
"chr19","14235355","14235667","chr19","13754805","13755106","46","480550"
"chr19","14343157","14343313","chr19","42189213","42189372","27","27846056"
"chr19","14423187","14423371","chrX","59842814","59842986","31","45419627"
"chr19","14432594","14432898","chr1","54184910","54185214","28","39752316"
"chr19","14533947","14534210","chr7","11168838","11169097","46","3365109"
"chr19","14552502","14552807","chr7","43055166","43055471","43","28502664"
"chr19","14601494","14601808","chr8","105120121","105120431","37","90518627"
"chr19","14604468","14604771","chr16","628664","628975","30","13975804"
"chr19","14658571","14658616","chr3","34903811","34903857","13","20245240"
"chr19","14925225","14925535","chr4","6021240","6021544","33","8903985"
"chr19","14927712","14927924","chr16","2403367","2403581","37","12524345"
"chr19","15020599","15020887","chrX","114554759","114555048","31","99534160"
"chr19","15048781","15048952","chr11","54926961","54927123","25","39878180"
"chr19","15111416","15111710","chr1","22411003","22411299","26","7299587"
"chr19","15215301","15215549","chr18","38109457","38109692","41","22894156"
"chr19","15224640","15224943","chr8","105120121","105120431","33","89895481"
"chr19","15257511","15257655","chr14","113311902","113312011","48","98054391"
"chr19","15268471","15268769","chr19","14851583","14851879","29","416888"
"chr19","15286197","15286405","chr17","68843712","68843890","62","53557515"
"chr19","15351627","15351931","chr7","61781005","61781304","37","46429378"
"chr19","15508498","15508795","chr11","108584077","108584374","31","93075579"
"chr19","15512503","15512794","chr19","45517663","45517948","29","30005160"
"chr19","15522860","15523149","chr19","15122632","15122923","22","400228"
"chr19","15655944","15656225","chr5","89230779","89231061","38","73574835"
"chr19","15710658","15710950","chr2","63419289","63419578","35","47708631"
"chr19","15713275","15713557","chr19","15386327","15386610","27","326948"
"chr19","15736599","15736897","chr17","16112011","16112310","45","375412"
"chr19","15775226","15775528","chr4","5357211","5357521","38","10418015"
"chr19","15799913","15800212","chr16","2437247","2437543","31","13362666"
"chr19","15821318","15821492","chr9","62270006","62270180","25","46448688"
"chr19","15821493","15821800","chr17","16036823","16037127","34","215330"
"chr19","15856268","15856581","chr7","139352125","139352430","35","123495857"
"chr19","15874354","15874528","chr3","127934070","127934247","26","112059716"
"chr19","16083220","16083345","chr10","63832033","63832158","42","47748813"
"chr19","16131167","16131319","chr19","10635260","10635411","24","5495907"
"chr19","16313898","16314183","chrX","1084075","1084356","46","15229823"
"chr19","16315751","16316064","chr13","25547088","25547394","40","9231337"
"chr19","16371089","16371358","chr5","155363143","155363407","36","138992054"
"chr19","16410682","16410847","chr15","6911024","6911192","36","9499658"
"chr19","16452987","16453275","chr6","136087738","136088027","27","119634751"
"chr19","16461606","16461917","chrX","53464436","53464745","36","37002830"
"chr19","16482927","16483248","chr19","16157212","16157525","34","325715"
"chr19","16540215","16540555","chr1","18283228","18283557","61","1743013"
"chr19","16552379","16552685","chr19","16233100","16233402","28","319279"
"chr19","16616311","16616619","chr12","82259755","82260061","33","65643444"
"chr19","16684784","16685078","chr12","121351661","121351954","31","104666877"
"chr19","16780426","16780717","chr16","46231906","46232200","42","29451480"
"chr19","16932749","16933059","chr19","16609963","16610271","29","322786"
"chr19","17112193","17112359","chr3","183324547","183324710","22","166212354"
"chr19","17265610","17265906","chr19","16923021","16923312","31","342589"
"chr19","17344925","17345199","chr5","184792784","184793058","36","167447859"
"chr19","17464292","17464430","chr5","18060035","18060193","30","595743"
"chr19","17631841","17632153","chr11","108584077","108584374","39","90952236"
"chr19","17659338","17659641","chr14","118913053","118913356","37","101253715"
"chr19","17689634","17689954","chr9","94723322","94723627","79","77033688"
"chr19","17710500","17710810","chr4","5357211","5357521","32","12353289"
"chr19","17773060","17773364","chr1","54184910","54185214","36","36411850"
"chr19","17803049","17803336","chr4","3379423","3379712","31","14423626"
"chr19","17861714","17862000","chr10","38772882","38773178","35","20911168"
"chr19","17982963","17983189","chr9","93688855","93689088","30","75705892"
"chr19","17983517","17983603","chr1","12339903","12339996","23","5643614"
"chr19","17990098","17990393","chr4","3017596","3017903","53","14972502"
"chr19","18104223","18104523","chr1","42018653","42018950","38","23914430"
"chr19","18124868","18125048","chr20","27267477","27267649","29","9142609"
"chr19","18143876","18144188","chr1","22230888","22231190","38","4087012"
"chr19","18271760","18272061","chr8","115461075","115461370","36","97189315"
"chr19","18320869","18321153","chr1","66578973","66579259","37","48258104"
"chr19","18333783","18334095","chr19","18050197","18050514","28","283586"
"chr19","18473033","18473328","chr20","28697028","28697324","39","10223995"
"chr19","18538477","18538787","chr19","18256471","18256776","40","282006"
"chr19","18542396","18542701","chr4","20465529","20465832","36","1923133"
"chr19","18785773","18786082","chrX","130126302","130126612","29","111340529"
"chr19","18854919","18855075","chr7","88306228","88306392","45","69451309"
"chr19","18866036","18866207","chr5","139059636","139059807","24","120193600"
"chr19","18892131","18892429","chr3","74896182","74896480","30","56004051"
"chr19","18964133","18964443","chr1","218582809","218583117","31","199618676"
"chr19","18966261","18966594","chr5","181512183","181512484","88","162545922"
"chr19","18992514","18992813","chr14","113287422","113287721","25","94294908"
"chr19","19027942","19028252","chr4","5955341","5955651","38","13072601"
"chr19","19032229","19032386","chr5","18060035","18060193","42","972194"
"chr19","19140682","19140981","chrX","80243775","80244076","26","61103093"
"chr19","19146351","19146650","chr7","61608289","61608587","35","42461938"
"chr19","19195434","19195726","chr1","85807051","85807354","37","66611617"
"chr19","19204739","19205038","chr4","88700124","88700424","29","69495385"
"chr19","19262236","19262549","chr1","45159399","45159710","37","25897163"
"chr19","19281529","19281840","chr4","166048991","166049300","36","146767462"
"chr19","19335086","19335393","chr10","663232","663537","28","18671854"
"chr19","19401691","19401986","chr7","14454057","14454346","44","4947634"
"chr19","19615438","19615743","chr3","81656161","81656467","36","62040723"
"chr19","19702587","19702896","chr4","3752022","3752324","32","15950565"
"chr19","19744535","19744861","chrX","113475257","113475588","48","93730722"
"chr19","19892986","19893125","chr3","33493296","33493438","23","13600310"
"chr19","19912560","19912856","chr6","176790550","176790858","40","156877990"
"chr19","19929868","19930177","chr19","19721850","19722155","30","208018"
"chr19","19992059","19992377","chr19","19786248","19786566","35","205811"
"chr19","20007742","20008046","chr19","19802762","19803067","29","204980"
"chr19","20023808","20024085","chr16","4729688","4729979","37","15294120"
"chr19","20033081","20033390","chr4","127363604","127363914","36","107330523"
"chr19","20190138","20190417","chr3","156152685","156152965","30","135962547"
"chr19","20253934","20254166","chr19","20180225","20180461","9","73709"
"chr19","20328324","20328590","chr19","20207273","20207530","25","121051"
"chr19","20353705","20354012","chr9","93872647","93872956","33","73518942"
"chr19","20445234","20445504","chr19","20271630","20271893","46","173604"
"chr19","20459449","20459650","chr14","45889582","45889787","34","25430133"
"chr19","20468993","20469274","chr6","115593130","115593408","29","95124137"
"chr19","20570462","20570772","chr3","97673764","97674072","51","77103302"
"chr19","20572176","20572474","chr14","10931144","10931440","35","9641032"
"chr19","20612061","20612295","chr12","118895942","118896175","42","98283881"
"chr19","20932696","20932864","chr3","129365230","129365399","42","108432534"
"chr19","21000640","21000892","chr3","4180033","4180284","35","16820607"
"chr19","21051405","21051701","chr1","216542963","216543268","46","195491558"
"chr19","21055173","21055478","chr1","163103574","163103881","37","142048401"
"chr19","21065708","21066019","chr8","105120121","105120431","37","84054413"
"chr19","21070308","21070594","chr1","124793709","124793992","37","103723401"
"chr19","21130400","21130682","chr2","84500826","84501114","41","63370426"
"chr19","21147421","21147729","chr19","20799282","20799591","31","348139"
"chr19","21234032","21234326","chr8","65531215","65531499","44","44297183"
"chr19","21254723","21255028","chr12","113988811","113989118","32","92734088"
"chr19","21439327","21439627","chr19","21039868","21040168","36","399459"
"chr19","21462123","21462422","chr13","32770451","32770753","44","11308328"
"chr19","21476406","21476696","chr19","21077956","21078258","39","398450"
"chr19","21555092","21555434","chr11","1230416","1230754","76","20324676"
"chr19","21580375","21580695","chr4","5357211","5357521","36","16223164"
"chr19","21617791","21618093","chr8","115461075","115461370","37","93843284"
"chr19","21659171","21659495","chr10","63516934","63517259","41","41857763"
"chr19","21688783","21689091","chr4","54599855","54600165","44","32911072"
"chr19","21740923","21741215","chr7","16844767","16845069","49","4896156"
"chr19","21746954","21747247","chr12","45857","46151","35","21701097"
"chr19","21798118","21798401","chr6","7095690","7095973","44","14702428"
"chr19","21887978","21888279","chr19","21479659","21479961","36","408319"
"chr19","21898118","21898413","chrX","23155568","23155864","33","1257450"
"chr19","21924374","21924737","chr4","83363143","83363521","91","61438769"
"chr19","21942407","21942707","chr1","44997536","44997835","27","23055129"
"chr19","22055771","22056055","chr20","49821322","49821613","35","27765551"
"chr19","22122825","22122935","chr12","79005079","79005200","38","56882254"
"chr19","22204921","22205105","chr9","115602163","115602345","32","93397242"
"chr19","22370056","22370353","chr20","30937004","30937299","30","8566948"
"chr19","22380063","22380366","chr10","71735218","71735517","34","49355155"
"chr19","22449524","22449820","chr19","1147467","1147760","34","21302057"
"chr19","22510682","22510971","chr19","21833869","21834159","30","676813"
"chr19","22528713","22529020","chr19","50863135","50863438","37","28334422"
"chr19","22531735","22532025","chr14","66326782","66327072","32","43795047"
"chr19","22640562","22640845","chr10","91254735","91255020","33","68614173"
"chr19","22721840","22722144","chr11","108584077","108584374","35","85862237"
"chr19","22772066","22772376","chr19","44754788","44755097","30","21982722"
"chr19","22882235","22882535","chr1","38750532","38750829","30","15868297"
"chr19","22885963","22886256","chr10","35925060","35925352","39","13039097"
"chr19","22930024","22930333","chr7","112291709","112292012","39","89361685"
"chr19","23011075","23011359","chr1","35420282","35420567","40","12409207"
"chr19","23062759","23063054","chr1","52672932","52673224","37","29610173"
"chr19","23067033","23067200","chr1","110065444","110065608","29","86998411"
"chr19","23109436","23109726","chr11","108584077","108584374","37","85474641"
"chr19","23147943","23148238","chr14","68678897","68679192","33","45530954"
"chr19","23153197","23153503","chr6","173896362","173896661","40","150743165"
"chr19","23206027","23206201","chr7","1015163","1015334","49","22190864"
"chr19","23210039","23210336","chr19","22768228","22768522","26","441811"
"chr19","23213696","23213997","chr14","58508349","58508648","34","35294653"
"chr19","23262914","23263211","chr7","121511386","121511684","56","98248472"
"chr19","23291124","23291412","chr16","2429338","2429630","42","20861786"
"chr19","23293213","23293501","chr1","7247666","7247956","34","16045547"
"chr19","23549460","23549767","chr3","142483964","142484270","39","118934504"
"chr19","23562180","23562463","chr16","46539596","46539876","34","22977416"
"chr19","23587671","23587966","chr12","121351661","121351954","37","97763990"
"chr19","23595159","23595331","chr17","83346487","83346658","22","59751328"
"chr19","23626672","23626968","chr16","26389884","26390177","49","2763212"
"chr19","23695006","23695294","chr7","19039688","19039974","36","4655318"
"chr19","23736535","23736834","chr5","51327979","51328276","36","27591444"
"chr19","23805683","23806004","chr8","120455141","120455459","51","96649458"
"chr19","23811841","23812142","chr19","22259722","22260030","38","1552119"
"chr19","23897388","23897691","chr19","22322762","22323068","33","1574626"
"chr19","23943240","23943542","chr2","47824467","47824767","43","23881227"
"chr19","32793886","32794164","chr16","60767531","60767812","63","27973645"
"chr19","32913230","32913422","chr17","39176135","39176331","28","6262905"
"chr19","32944080","32944371","chr7","27729602","27729894","34","5214478"
"chr19","33056031","33056372","chr4","129691512","129691849","55","96635481"
"chr19","33562995","33563287","chr4","98323665","98323954","32","64760670"
"chr19","33568554","33568864","chr6","1092742","1093043","39","32475812"
"chr19","33946229","33946535","chr14","118913053","118913356","31","84966824"
"chr19","34716869","34717164","chr20","65742398","65742694","36","31025529"
"chr19","34799999","34800155","chrX","85303515","85303667","24","50503516"
"chr19","36908304","36908599","chrX","23155568","23155864","32","13752736"
"chr19","37242039","37242220","chr1","27619548","27619722","36","9622491"
"chr19","37338479","37338777","chr1","155244835","155245140","35","117906356"
"chr19","37432429","37432730","chr16","49879605","49879899","36","12447176"
"chr19","37742607","37742938","chr9","99757077","99757403","43","62014470"
"chr19","37803526","37803820","chr19","45770144","45770438","33","7966618"
"chr19","37858336","37858544","chr16","2403367","2403581","43","35454969"
"chr19","37987475","37987748","chr19","28664611","28664883","29","9322864"
"chr19","38045130","38045420","chr15","104505005","104505303","34","66459875"
"chr19","38115796","38116108","chr19","28783877","28784187","34","9331919"
"chr19","38133628","38133931","chr1","81816855","81817165","33","43683227"
"chr19","38231244","38231556","chr10","30715548","30715853","36","7515696"
"chr19","38284605","38284903","chr19","29078811","29079114","36","9205794"
"chr19","38529981","38530119","chr10","59864615","59864765","44","21334634"
"chr19","38530372","38530418","chr20","54495305","54495348","11","15964933"
"chr19","38605006","38605338","chrX","128103235","128103551","49","89498229"
"chr19","38712546","38712851","chr19","29496692","29496999","34","9215854"
"chr19","38783446","38783726","chr2","42758045","42758330","36","3974599"
"chr19","39009435","39009649","chr7","36517447","36517660","26","2491988"
"chr19","39035598","39035780","chr9","62270006","62270180","27","23234408"
"chr19","39069671","39070006","chr2","195784938","195785260","61","156715267"
"chr19","39109076","39109381","chr19","29898148","29898460","29","9210928"
"chr19","39313549","39313852","chr19","30115634","30115931","45","9197915"
"chr19","39387866","39388062","chr17","39176135","39176331","36","211731"
"chr19","39409950","39410193","chr13","74298541","74298781","39","34888591"
"chr19","39469270","39469447","chr11","46935733","46935910","31","7466463"
"chr19","39536757","39537057","chr19","30341481","30341777","25","9195276"
"chr19","39615645","39615792","chr15","6911024","6911192","35","32704621"
"chr19","39675635","39675939","chr1","39563825","39564136","38","111810"
"chr19","39680957","39681244","chr15","108424452","108424741","32","68743495"
"chr19","39718428","39718736","chr9","11860552","11860858","34","27857876"
"chr19","40128552","40128863","chr1","114866076","114866380","46","74737524"
"chr19","40192912","40193205","chr6","176790550","176790858","57","136597638"
"chr19","40249761","40250066","chr1","54184910","54185214","43","13935149"
"chr19","40281113","40281414","chr1","38218968","38219269","32","2062145"
"chr19","40506052","40506208","chr4","14018705","14018862","27","26487347"
"chr19","40596776","40597051","chr6","37405531","37405809","37","3191245"
"chr19","40667632","40667926","chr1","26700624","26700923","35","13967008"
"chr19","40848411","40848729","chr19","31578117","31578423","43","9270294"
"chr19","40856662","40856965","chrX","148196198","148196501","32","107339536"
"chr19","41038301","41038609","chrX","52884540","52884848","43","11846239"
"chr19","41051468","41051767","chr1","130959666","130959960","34","89908198"
"chr19","41145885","41146181","chr8","120468586","120468882","26","79322701"
"chr19","41157921","41158225","chr1","54184910","54185214","30","13026989"
"chr19","41331096","41331398","chr19","32064495","32064794","34","9266601"
"chr19","41371354","41371515","chr3","76215454","76215617","27","34844100"
"chr19","41395155","41395434","chr2","143894240","143894518","33","102499085"
"chr19","41396644","41396811","chr6","67570862","67571028","30","26174218"
"chr19","41432731","41433046","chr4","5357211","5357521","36","36075520"
"chr19","41443083","41443375","chr6","149085969","149086260","35","107642886"
"chr19","41505663","41505941","chr19","33087414","33087709","38","8418249"
"chr19","41514472","41514760","chr4","166660646","166660938","40","125146174"
"chr19","41650422","41650715","chr3","48879684","48879984","34","7229262"
"chr19","41667156","41667327","chr5","48848330","48848504","20","7181174"
"chr19","41720025","41720307","chr20","15684518","15684811","45","26035507"
"chr19","41753282","41753579","chrX","19203852","19204150","32","22549430"
"chr19","41769686","41769989","chr14","118913053","118913356","29","77143367"
"chr19","41778469","41778738","chr19","32882727","32882998","27","8895742"
"chr19","41785102","41785397","chr2","150755800","150756098","37","108970698"
"chr19","41824971","41825271","chr3","127011765","127012063","32","85186794"
"chr19","41836792","41837086","chr19","32828817","32829112","31","9007975"
"chr19","41888428","41888609","chr18","58753718","58753894","32","16865290"
"chr19","41907484","41907782","chr12","1873342","1873636","34","40034142"
"chr19","41922745","41923021","chr9","95217727","95218006","31","53294982"
"chr19","42081686","42081977","chr19","32597141","32597430","27","9484545"
"chr19","42149240","42149551","chr19","32518478","32518778","35","9630762"
"chr19","42206653","42206935","chr14","20410060","20410349","35","21796593"
"chr19","42237976","42238251","chr12","107206425","107206688","43","64968449"
"chr19","42280759","42281059","chr1","34437740","34438040","31","7843019"
"chr19","42286850","42287152","chr2","90703972","90704276","39","48417122"
"chr19","42293695","42293909","chr13","101622015","101622230","27","59328320"
"chr19","42343378","42343680","chr14","113353746","113354047","37","71010368"
"chr19","42400341","42400520","chr1","134845532","134845706","26","92445191"
"chr19","42479356","42479662","chr2","145905786","145906087","31","103426430"
"chr19","42492649","42492915","chr7","112695145","112695428","48","70202496"
"chr19","42572895","42573170","chr19","33215691","33215967","27","9357204"
"chr19","42573620","42573898","chrX","129312880","129313161","28","86739260"
"chr19","42614761","42615047","chr3","48912719","48913013","38","6297958"
"chr19","42814099","42814404","chr1","54184910","54185214","26","11370811"
"chr19","42838279","42838577","chr4","154039231","154039527","31","111200952"
"chr19","42845277","42845578","chr8","8399947","8400248","33","34445330"
"chr19","42873930","42874227","chr6","173896362","173896661","33","131022432"
"chr19","42916045","42916329","chr12","82761984","82762268","31","39845939"
"chr19","42943065","42943367","chrX","111903412","111903713","30","68960347"
"chr19","42972576","42972869","chr6","148834410","148834701","30","105861834"
"chr19","43218254","43218427","chr5","46476035","46476209","29","3257781"
"chr19","43247655","43247937","chr3","48912719","48913013","35","5665064"
"chr19","43318617","43318791","chr10","36085811","36085979","28","7232806"
"chr19","43460637","43460900","chr2","201532720","201532969","44","158072083"
"chr19","43493470","43493766","chr11","108584077","108584374","29","65090607"
"chr19","43495948","43496251","chr4","128733894","128734193","33","85237946"
"chr19","43514070","43514375","chr7","82874099","82874405","31","39360029"
"chr19","43540649","43540953","chr19","34059800","34060108","28","9480849"
"chr19","43579688","43579979","chr2","5763005","5763294","25","37816683"
"chr19","43615830","43616134","chr14","2713092","2713395","25","40902738"
"chr19","43718378","43718689","chr7","82874099","82874405","38","39155721"
"chr19","43744199","43744501","chr1","61388678","61388976","33","17644479"
"chr19","43795533","43795697","chr6","67570862","67571028","26","23775329"
"chr19","43840370","43840678","chrX","52884540","52884848","36","9044170"
"chr19","43852061","43852361","chr1","113406381","113406680","29","69554320"
"chr19","43949942","43950242","chr7","127065845","127066144","33","83115903"
"chr19","43983917","43984036","chr10","82796400","82796530","29","38812483"
"chr19","44115793","44116102","chr17","94125134","94125439","37","50009341"
"chr19","44123881","44124183","chr19","34645822","34646123","35","9478059"
"chr19","44257449","44257717","chr1","21990671","21990942","46","22266778"
"chr19","44340613","44340904","chr1","9659856","9660151","27","34680757"
"chr19","44360768","44361066","chr19","34875967","34876267","30","9484801"
"chr19","44451428","44451732","chr3","81656161","81656467","36","37204733"
"chr19","44558795","44559088","chr19","35080068","35080361","23","9478727"
"chr19","44679694","44679994","chr19","35207943","35208243","46","9471751"
"chr19","44755562","44755860","chr20","18183620","18183918","32","26571942"
"chr19","44851453","44851740","chr19","35385304","35385591","25","9466149"
"chr19","44948978","44949287","chrX","130126302","130126612","34","85177324"
"chr19","44964652","44964945","chr16","26389884","26390177","37","18574768"
"chr19","45017855","45018095","chr9","93688855","93689088","25","48671000"
"chr19","45105801","45106095","chr19","35701715","35702022","25","9404086"
"chr19","45127834","45128127","chr19","1120205","1120506","31","44007629"
"chr19","45144120","45144430","chr19","35745255","35745562","29","9398865"
"chr19","45147420","45147716","chr1","9185013","9185302","37","35962407"
"chr19","45232445","45232739","chr20","4722206","4722499","37","40510239"
"chr19","45329569","45329729","chr3","76215454","76215617","27","30885885"
"chr19","45495689","45495991","chr1","165996033","165996341","34","120500344"
"chr19","45500443","45500751","chr19","36045189","36045498","26","9455254"
"chr19","45558510","45558814","chr6","92179358","92179655","44","46620848"
"chr19","45569713","45570023","chr4","5357211","5357521","27","40212502"
"chr19","45578219","45578389","chr12","21198542","21198719","41","24379677"
"chr19","45618709","45618992","chr19","36168614","36168877","41","9450095"
"chr19","45630979","45631095","chrX","147920187","147920319","36","102289208"
"chr19","45745711","45746021","chr6","86782969","86783279","35","41037258"
"chr19","45753281","45753595","chr8","105120121","105120431","36","59366840"
"chr19","45889416","45889632","chrX","58920496","58920716","26","13031080"
"chr19","46066610","46066908","chr19","7425336","7425634","39","38641274"
"chr19","46119357","46119524","chr3","63755577","63755744","21","17636220"
"chr19","46126475","46126777","chr2","53722972","53723273","40","7596497"
"chr19","46190213","46190379","chr19","4850434","4850601","24","41339779"
"chr19","46197809","46198110","chr15","51030231","51030529","42","4832422"
"chr19","46348025","46348269","chr10","61422952","61423198","33","15074927"
"chr19","46361155","46361461","chrX","872740","873049","27","45488415"
"chr19","46398431","46398677","chr1","139875605","139875857","66","93477174"
"chr19","46416166","46416470","chr19","37090968","37091275","28","9325198"
"chr19","46423396","46423687","chr1","22411003","22411299","44","24012393"
"chr19","46435562","46435858","chr19","37110885","37111192","38","9324677"
"chr19","46514864","46515159","chr3","80674854","80675143","28","34159990"
"chr19","46598781","46599095","chr1","46662392","46662703","32","63611"
"chr19","46858766","46859064","chr8","69585490","69585785","32","22726724"
"chr19","47047788","47048086","chr7","127065845","127066144","28","80018057"
"chr19","47065474","47065765","chr1","125383788","125384077","32","78318314"
"chr19","47175155","47175472","chr19","37906091","37906412","27","9269064"
"chr19","47219637","47219942","chr19","37947536","37947838","29","9272101"
"chr19","47314255","47314481","chr19","38048467","38048687","24","9265788"
"chr19","47334210","47334519","chr6","179067889","179068197","34","131733679"
"chr19","47339283","47339569","chr4","3311555","3311837","44","44027728"
"chr19","47340435","47340638","chr11","52313619","52313839","43","4973184"
"chr19","47380686","47380983","chr19","38118776","38119073","28","9261910"
"chr19","47415166","47415472","chr1","160978135","160978440","34","113562969"
"chr19","47421296","47421606","chr2","50292284","50292589","33","2870988"
"chr19","47510302","47510600","chr9","98432771","98433070","28","50922469"
"chr19","47517653","47517962","chr1","54184910","54185214","32","6667257"
"chr19","47595781","47596078","chr20","54448223","54448522","24","6852442"
"chr19","47598783","47599057","chr19","38335064","38335341","27","9263719"
"chr19","47643240","47643554","chr14","2713092","2713395","43","44930148"
"chr19","47690932","47691226","chr8","129580403","129580698","32","81889471"
"chr19","47692297","47692604","chrX","53714392","53714701","31","6022095"
"chr19","48300493","48300799","chrX","872740","873049","43","47427753"
"chr19","48491329","48491484","chr4","62431007","62431163","34","13939678"
"chr19","48498105","48498419","chr16","51320033","51320343","48","2821928"
"chr19","48521731","48522012","chr19","32389137","32389418","56","16132594"
"chr19","48540884","48541192","chrX","872740","873049","38","47668144"
"chr19","48544925","48545232","chr1","160978135","160978440","34","112433210"
"chr19","48640694","48640998","chr11","56089370","56089672","32","7448676"
"chr19","48655364","48655637","chr13","28883914","28884184","45","19771450"
"chr19","48671071","48671294","chr5","39380410","39380630","58","9290661"
"chr19","48752831","48753127","chr9","111675729","111676026","25","62922898"
"chr19","48865520","48865696","chr3","127934070","127934247","26","79068550"
"chr19","49234910","49235200","chr2","203568341","203568629","33","154333431"
"chr19","49432414","49432703","chr15","108424452","108424741","34","58992038"
"chr19","49557153","49557479","chr19","19786248","19786566","53","29770905"
"chr19","49568742","49569035","chr15","99268122","99268420","35","49699380"
"chr19","49628144","49628398","chr19","39649068","39649310","37","9979076"
"chr19","49706948","49707262","chr6","176790550","176790858","39","127083602"
"chr19","49753896","49754200","chr7","1749091","1749386","37","48004805"
"chr19","49924466","49924629","chr11","54926961","54927123","23","5002495"
"chr19","50015714","50016007","chr3","74700651","74700954","42","24684937"
"chr19","50025485","50025781","chr6","155329774","155330069","29","105304289"
"chr19","50052255","50052558","chr1","216542963","216543268","39","166490708"
"chr19","50120619","50120923","chr4","88700124","88700424","33","38579505"
"chr19","50133424","50133720","chr2","100586330","100586626","36","50452906"
"chr19","50175026","50175323","chr1","34437740","34438040","30","15737286"
"chr19","50203253","50203560","chr13","94954144","94954445","36","44750891"
"chr19","50261389","50261555","chr1","129407736","129407901","26","79146347"
"chr19","50375768","50376060","chr6","129442766","129443040","61","79066998"
"chr19","50411993","50412289","chr5","117401080","117401372","34","66989087"
"chr19","50449817","50450123","chr12","1873342","1873636","39","48576475"
"chr19","50490633","50490931","chr3","80344251","80344554","31","29853618"
"chr19","50503653","50503966","chrX","872740","873049","40","49630913"
"chr19","50538794","50539092","chr11","108584077","108584374","33","58045283"
"chr19","50646827","50647117","chr19","41051052","41051342","31","9595775"
"chr19","50663200","50663488","chr3","156960667","156960957","46","106297467"
"chr19","50799988","50800136","chr3","33493296","33493438","30","17306692"
"chr19","50837233","50837540","chr12","82259755","82260061","31","31422522"
"chr19","50919319","50919628","chr11","108034722","108035047","47","57115403"
"chr19","50949500","50949819","chr13","56191658","56191976","47","5242158"
"chr19","51127758","51128054","chr10","159686","159982","34","50968072"
"chr19","51166287","51166561","chr2","56486018","56486290","29","5319731"
"chr19","51188191","51188492","chr11","122284883","122285181","32","71096692"
"chr19","51190468","51190782","chr4","5357211","5357521","35","45833257"
"chr19","51215173","51215484","chr8","105120121","105120431","26","53904948"
"chr19","51310281","51310474","chrX","147147954","147148141","32","95837673"
"chr19","51337486","51337787","chr14","70451894","70452197","29","19114408"
"chr19","51346213","51346515","chr3","181513518","181513820","31","130167305"
"chr19","51348830","51349138","chr4","134852861","134853168","29","83504031"
"chr19","51363315","51363610","chr3","7367921","7368221","33","43995394"
"chr19","51408885","51409180","chr7","131629510","131629800","33","80220625"
"chr19","51524556","51524711","chr7","3648725","3648875","32","47875831"
"chr19","51644875","51645184","chr2","84060483","84060788","30","32415608"
"chr19","51689268","51689447","chr3","127934070","127934247","24","76244802"
"chr19","51728548","51728856","chr16","3245842","3246150","27","48482706"
"chr19","51742230","51742533","chr1","54184910","54185214","30","2442680"
"chr19","51745798","51746100","chr2","84585817","84586114","41","32840019"
"chr19","51753914","51754226","chr19","42176398","42176710","33","9577516"
"chr19","51828721","51829033","chr19","42241417","42241732","38","9587304"
"chr19","51913970","51914265","chr6","136087738","136088027","45","84173768"
"chr19","51956636","51956943","chr10","92196986","92197296","43","40240350"
"chr19","51974939","51975237","chr8","31135849","31136145","41","20839090"
"chr19","51985277","51985571","chrX","91745750","91746037","33","39760473"
"chr19","51985572","51985747","chr20","27267477","27267649","22","24718095"
"chr19","51999519","51999821","chr17","16036823","16037127","31","35962696"
"chr19","52027058","52027358","chr15","88070777","88071071","28","36043719"
"chr19","52072125","52072431","chr11","108584077","108584374","40","56511952"
"chr19","52076430","52076581","chrX","113339578","113339718","36","61263148"
"chr19","52103341","52103648","chr1","54184910","54185214","26","2081569"
"chr19","52176906","52177141","chr17","68843712","68843890","75","16666806"
"chr19","52187151","52187453","chr13","92512308","92512602","39","40325157"
"chr19","52300528","52300835","chr14","118913053","118913356","37","66612525"
"chr19","52343987","52344224","chr12","118895942","118896175","55","66551955"
"chr19","52344271","52344566","chr20","30937004","30937299","26","21407267"
"chr19","52513125","52513435","chr5","55215301","55215607","33","2702176"
"chr19","52578704","52579022","chr4","132543231","132543546","40","79964527"
"chr19","52594310","52594605","chr11","108584077","108584374","32","55989767"
"chr19","52642456","52642760","chr3","127011765","127012063","31","74369309"
"chr19","52649646","52649815","chrX","51786687","51786849","34","862959"
"chr19","52859805","52859978","chr9","62270006","62270180","34","9410201"
"chr19","52888841","52889033","chr15","12186805","12187003","36","40702036"
"chr19","52951770","52952077","chr19","43389868","43390170","38","9561902"
"chr19","52954041","52954340","chr19","43392430","43392723","40","9561611"
"chr19","53024865","53025164","chr16","2437247","2437543","31","50587618"
"chr19","53031655","53031944","chr2","57288005","57288297","33","4256350"
"chr19","53087627","53087924","chr2","115581307","115581596","41","62493680"
"chr19","53109050","53109354","chrX","23155568","23155864","36","29953482"
"chr19","53157611","53157869","chr16","10886077","10886347","40","42271534"
"chr19","53180291","53180600","chr4","5955341","5955651","39","47224950"
"chr19","53204995","53205212","chr10","35244606","35244821","27","17960389"
"chr19","53218205","53218498","chr19","34956456","34956748","33","18261749"
"chr19","53274488","53274787","chr20","36501714","36502014","33","16772774"
"chr19","53280510","53280678","chr13","89859967","89860138","29","36579457"
"chr19","53342516","53342825","chr1","25380611","25380914","35","27961905"
"chr19","53348768","53349078","chr20","22528665","22528975","34","30820103"
"chr19","53396517","53396685","chr14","3390306","3390478","33","50006211"
"chr19","53397444","53397579","chr7","68956423","68956553","12","15558979"
"chr19","53408217","53408518","chr11","56089370","56089672","29","2681153"
"chr19","53509468","53509767","chr3","181513518","181513820","33","128004050"
"chr19","53538498","53538762","chr12","112476428","112476687","40","58937930"
"chr19","53538765","53539048","chr11","114867132","114867417","31","61328367"
"chr19","53545956","53546266","chr7","74256869","74257176","31","20710913"
"chr19","53552635","53552916","chr3","75833090","75833369","37","22280455"
"chr19","53575015","53575322","chr4","147833474","147833782","37","94258459"
"chr19","53575323","53575625","chr13","37219563","37219869","40","16355760"
"chr19","53601266","53601552","chr12","107014599","107014888","36","53413333"
"chr19","53647198","53647380","chrX","147147954","147148141","27","93500756"
"chr19","53647776","53647959","chr15","10405383","10405560","29","43242393"
"chr19","53659177","53659360","chr7","166301179","166301353","31","112642002"
"chr19","53711664","53711968","chr13","43693230","43693530","36","10018434"
"chr19","53743889","53744196","chr12","110082565","110082875","38","56338676"
"chr19","53902662","53902949","chr10","59919325","59919614","37","6016663"
"chr19","53911656","53911954","chr11","108584077","108584374","34","54672421"
"chr19","54052568","54052876","chrX","872740","873049","31","53179828"
"chr19","54061572","54061829","chr9","119716138","119716405","51","65654566"
"chr19","54110283","54110576","chr19","44524610","44524916","30","9585673"
"chr19","54139798","54139999","chr2","22002316","22002521","27","32137482"
"chr19","54160853","54161146","chr6","155329774","155330069","28","101168921"
"chr19","54193436","54193721","chr16","54861290","54861575","33","667854"
"chr19","54194850","54195110","chr6","95803461","95803694","65","41608611"
"chr19","54291146","54291455","chr10","17003028","17003335","31","37288118"
"chr19","54291843","54292131","chr2","10067121","10067395","46","44224722"
"chr19","54341890","54342185","chr20","15684518","15684811","28","38657372"
"chr19","54374618","54374921","chr7","90282568","90282871","31","35907950"
"chr19","54384751","54385006","chr19","44766961","44767210","29","9617790"
"chr19","54404369","54404654","chr3","36631494","36631778","30","17772875"
"chr19","54527019","54527330","chr14","118913053","118913356","44","64386034"
"chr19","54552831","54553139","chr19","44951656","44951962","34","9601175"
"chr19","54669054","54669238","chr8","139066834","139067033","41","84397780"
"chr19","54684396","54684681","chr9","26141768","26142045","37","28542628"
"chr19","54721990","54722256","chr20","28180105","28180369","32","26541885"
"chr19","54725384","54725688","chr19","45137460","45137760","28","9587924"
"chr19","54746242","54746532","chr5","184105008","184105299","34","129358766"
"chr19","54775435","54775622","chrX","59842814","59842986","40","5067379"
"chr19","54818434","54818600","chr7","129362850","129363013","42","74544416"
"chr19","54955515","54955817","chr17","73944199","73944499","36","18988684"
"chr19","55120398","55120703","chr2","44364597","44364899","33","10755801"
"chr19","55358658","55358940","chr10","45592833","45593119","38","9765825"
"chr19","55456602","55456905","chrX","872740","873049","36","54583862"
"chr19","55463608","55463907","chr19","45899990","45900289","24","9563618"
"chr19","55536558","55536843","chr4","14767025","14767311","42","40769533"
"chr19","55545884","55546173","chr1","199847714","199848008","28","144301830"
"chr19","55764999","55765300","chr6","147351072","147351371","40","91586073"
"chr19","55769191","55769500","chr3","64175701","64176007","31","8406510"
"chr19","55808823","55809151","chr19","46248246","46248581","39","9560577"
"chr19","55818305","55818586","chr10","62984965","62985245","38","7166660"
"chr19","55842461","55842744","chr10","12523437","12523716","34","43319024"
"chr19","55921269","55921554","chrX","30317725","30318004","41","25603544"
"chr19","55990686","55990984","chr7","1749091","1749386","27","54241595"
"chr19","56245648","56245955","chr4","18420552","18420859","42","37825096"
"chr19","56287130","56287433","chr10","36695892","36696195","31","19591238"
"chr19","56336438","56336725","chr7","23493750","23494033","33","32842688"
"chr19","56469645","56469955","chrX","130126302","130126612","30","73656657"
"chr19","56862944","56863101","chr1","129407736","129407901","31","72544792"
"chr19","56957242","56957544","chr1","54184910","54185214","26","2772332"
"chr19","57070088","57070379","chr10","35925060","35925352","26","21145028"
"chr19","57078020","57078353","chr16","17364809","17365142","86","39713211"
"chr19","57180507","57180776","chr8","740746","741026","60","56439761"
"chr19","57350234","57350525","chr8","22716397","22716682","42","34633837"
"chr19","57366523","57366827","chr2","54153091","54153385","40","3213432"
"chr19","57411736","57411880","chr13","27708245","27708405","41","29703491"
"chr19","57461521","57461688","chr16","49440030","49440218","57","8021491"
"chr19","57509486","57509655","chrX","59842814","59842986","42","2333328"
"chr19","57514319","57514627","chr19","47762845","47763156","44","9751474"
"chr19","57568455","57568756","chr7","127065845","127066144","36","69497390"
"chr19","57619798","57620096","chr19","47715824","47716112","46","9903974"
"chr19","57620101","57620250","chr7","35667652","35667813","38","21952449"
"chr19","57673868","57674147","chr8","65531215","65531499","46","7857347"
"chr19","57718459","57718771","chr19","48032708","48033014","34","9685751"
"chr19","57725524","57725834","chr19","48082512","48082826","24","9643012"
"chr19","57725880","57726168","chr7","113437485","113437769","44","55711605"
"chr19","57732738","57733048","chr12","98050892","98051201","46","40318154"
"chr19","57758983","57759291","chr19","48074309","48074613","30","9684674"
"chr19","57765029","57765333","chr19","48082512","48082826","31","9682517"
"chr19","57771326","57771615","chr19","48090555","48090837","43","9680771"
"chr19","57771618","57771781","chrX","51786687","51786849","38","5984931"
"chr19","57772885","57773177","chr10","35385148","35385439","34","22387737"
"chr19","57801441","57801746","chr19","10993598","10993893","46","46807843"
"chr19","57806317","57806600","chr19","48120799","48121080","28","9685518"
"chr19","57806816","57807121","chr1","39563825","39564136","32","18242991"
"chr19","57830093","57830272","chr1","134845532","134845706","31","77015439"
"chr19","57842647","57842943","chr10","38772882","38773178","32","19069765"
"chr19","57891624","57891934","chr19","48248226","48248533","33","9643398"
"chr19","57897873","57898159","chr17","24373419","24373702","33","33524454"
"chr19","58122653","58122960","chr2","42661896","42662205","37","15460757"
"chr19","58243965","58244283","chr19","48650268","48650596","31","9593697"
"chr19","58274248","58274561","chr17","63566017","63566319","41","5291769"
"chr19","58300881","58301198","chr19","48684759","48685078","38","9616122"
"chr19","58352356","58352664","chr19","48747913","48748226","35","9604443"
"chr19","58390915","58391235","chr16","45478295","45478617","56","12912620"
"chr19","58453659","58453973","chrX","872740","873049","35","57580919"
"chr19","58474521","58474830","chrX","52884540","52884848","29","5589981"
"chr19","58594927","58595172","chrX","139763480","139763729","44","81168553"
"chr19","58664681","58664988","chr3","97673764","97674072","33","39009083"
"chr19","58671640","58671940","chr7","61608289","61608587","40","2936649"
"chr19","58679497","58679801","chr19","504012","504314","41","58175485"
"chr19","58699783","58700067","chr5","147526333","147526620","26","88826550"
"chr19","58701779","58702071","chr3","14647021","14647316","29","44054758"
"chr19","58789853","58790163","chrX","130126302","130126612","34","71336449"
"chr19","58804786","58805084","chr2","84585817","84586114","29","25781031"
"chr19","58837118","58837432","chr19","49261978","49262286","32","9575140"
"chr19","58844016","58844312","chr4","54062553","54062848","37","4781463"
"chr19","58881122","58881419","chr7","114172011","114172307","33","55290889"
"chr19","58927678","58927888","chr4","11102991","11103196","44","47824687"
"chr19","58945258","58945567","chr10","63021198","63021507","37","4075940"
"chr19","58969114","58969420","chrX","872740","873049","28","58096374"
"chr19","58996353","58996661","chrX","67274706","67275021","39","8278353"
"chr19","59006929","59007244","chr3","157788333","157788655","46","98781404"
"chr19","59016769","59017070","chr11","108584077","108584374","38","49567308"
"chr19","59134661","59134962","chr20","36501714","36502014","26","22632947"
"chr19","59277006","59277299","chr4","26508637","26508932","33","32768369"
"chr19","59315566","59315849","chr13","29136208","29136494","34","30179358"
"chr19","59400389","59400692","chr7","83031386","83031688","33","23630997"
"chr19","59406808","59407101","chr11","13682612","13682912","38","45724196"
"chr19","59408119","59408410","chr20","18960062","18960355","30","40448057"
"chr19","59829321","59829492","chr5","139059636","139059807","24","79230315"
"chr19","59855346","59855475","chr14","86213541","86213679","39","26358195"
"chr19","59855876","59855933","chr13","64575324","64575381","18","4719448"
"chr19","59883534","59883843","chr1","54184910","54185214","37","5698624"
"chr19","59885735","59886033","chr19","29396756","29397052","42","30488979"
"chr19","59893645","59893936","chr3","161716772","161717066","33","101823127"
"chr19","59930953","59931242","chr8","65531215","65531499","37","5600262"
"chr19","59952272","59952564","chr11","108584077","108584374","38","48631805"
"chr19","60059080","60059364","chr8","28073962","28074249","37","31985118"
"chr19","60106522","60106812","chr2","21321648","21321927","44","38784874"
"chr19","60435780","60435950","chr3","127934070","127934247","34","67498290"
"chr19","60475161","60475489","chr16","3245842","3246150","47","57229319"
"chr19","60584753","60585058","chr9","105321199","105321510","31","44736446"
"chr19","60815331","60815636","chr1","160978135","160978440","34","100162804"
"chr19","60850128","60850432","chr4","5955341","5955651","34","54894787"
"chr19","60911140","60911434","chr4","88700124","88700424","36","27788984"
"chr19","60932869","60933039","chr20","27267477","27267649","31","33665392"
"chr19","60953670","60953985","chr16","3245842","3246150","33","57707828"
"chr19","61073159","61073337","chr19","53087200","53087382","19","7985959"
"chr19","61254087","61254265","chrX","59842814","59842986","35","1411273"
"chr19","61277510","61277601","chr20","9097903","9097981","35","52179607"
"chr19","61290755","61291031","chr19","52889376","52889659","31","8401379"
"chr19","61307223","61307508","chr12","88022841","88023127","38","26715618"
"chr19","61483488","61483796","chr10","54460554","54460858","34","7022934"
"chr19","61501297","61501590","chr14","68678897","68679192","29","7177600"
"chr19","61537231","61537523","chr3","144017625","144017903","43","82480394"
"chr19","61542393","61542680","chr7","68302964","68303250","34","6760571"
"chr19","61707589","61707900","chrX","85948167","85948472","35","24240578"
"chr19","61745141","61745438","chr2","137086392","137086686","44","75341251"
"chr19","61913212","61913520","chr3","64175701","64176007","28","2262489"
"chr19","61955231","61955547","chr19","41770584","41770893","42","20184647"
"chr19","62116644","62116954","chrX","872740","873049","31","61243904"
"chr19","62132066","62132241","chr18","58753718","58753894","36","3378348"
"chr19","62264875","62265174","chr20","54448223","54448522","31","7816652"
"chr19","62314155","62314452","chr6","155329774","155330069","39","93015619"
"chr19","62315308","62315606","chr3","26174329","26174623","28","36140979"
"chr19","62376624","62376786","chr5","18060035","18060193","31","44316589"
"chr19","62426607","62426908","chr14","118913053","118913356","33","56486446"
"chr19","62553695","62553864","chr1","9087561","9087734","19","53466134"
"chr19","62611544","62611833","chr19","51764293","51764582","23","10847251"
"chr19","62612199","62612489","chr20","19831713","19832003","37","42780486"
"chr19","62818431","62818730","chr1","61388678","61388976","24","1429753"
"chr19","62822179","62822474","chr6","148347411","148347707","22","85525232"
"chr19","62845793","62846078","chr12","94881332","94881627","43","32035539"
"chr19","62882045","62882343","chr16","70407100","70407397","40","7525055"
"chr19","62899085","62899362","chr7","131629510","131629800","51","68730425"
"chr19","62937323","62937625","chr19","51446131","51446439","38","11491192"
"chr19","62971815","62972125","chrX","95082495","95082798","36","32110680"
"chr19","62998311","62998522","chr1","23896634","23896846","45","39101677"
"chr19","63041624","63041941","chr7","42917115","42917430","37","20124509"
"chr19","63050828","63051130","chr15","87598388","87598685","42","24547560"
"chr19","63198161","63198307","chr7","136362895","136363045","24","73164734"
"chr19","63244915","63245088","chr3","63755577","63755744","32","510662"
"chr19","63300899","63301206","chr11","54658425","54658730","33","8642474"
"chr19","63340822","63340995","chr11","122318788","122318962","30","58977966"
"chr19","63441216","63441496","chr17","78859912","78860191","31","15418696"
"chr19","63461657","63461957","chr12","98050892","98051201","39","34589235"
"chr19","63501968","63502275","chr4","5357211","5357521","33","58144757"
"chr19","63542831","63543122","chr19","50863135","50863438","34","12679696"
"chr19","63585751","63586063","chr1","54184910","54185214","31","9400841"
"chr19","63589750","63590060","chr1","53645432","53645739","31","9944318"
"chr20","4849499","4849808","chr16","51320033","51320343","46","46470534"
"chr20","132293","132572","chr17","25636551","25636835","32","25504258"
"chr20","188189","188356","chr3","76215454","76215617","29","76027265"
"chr20","188700","188994","chr10","32971128","32971426","27","32782428"
"chr20","340603","340912","chr10","33131441","33131741","36","32790838"
"chr20","414610","414786","chr5","48848330","48848504","21","48433720"
"chr20","494931","495084","chr7","3648725","3648875","23","3153794"
"chr20","698172","698469","chr7","83941543","83941842","27","83243371"
"chr20","703858","704035","chr20","27267477","27267649","27","26563619"
"chr20","718539","718849","chr1","28329167","28329477","38","27610628"
"chr20","735891","736187","chr10","33539731","33540024","33","32803840"
"chr20","947191","947514","chr3","13648107","13648424","46","12700916"
"chr20","1041761","1042078","chr15","82596670","82596979","41","81554909"
"chr20","1279198","1279491","chr4","22120527","22120820","30","20841329"
"chr20","1841462","1841766","chrUn_NW_014808392v1","233","534","33","1841229"
"chr20","1902714","1903021","chrX","95082495","95082798","29","93179781"
"chr20","1935737","1936030","chr1","56044044","56044339","35","54108307"
"chr20","2133558","2133869","chrX","130126302","130126612","28","127992744"
"chr20","2298905","2299122","chr10","35244606","35244821","15","32945701"
"chr20","2441586","2441860","chr1","204307037","204307312","39","201865451"
"chr20","2485740","2486046","chrX","95082495","95082798","34","92596755"
"chr20","2556550","2556857","chr8","105120121","105120431","29","102563571"
"chr20","2671375","2671675","chr14","2713092","2713395","29","41717"
"chr20","2819753","2820061","chr1","165996033","165996341","35","163176280"
"chr20","2964311","2964616","chr8","65547865","65548165","38","62583554"
"chr20","2981296","2981601","chrX","872740","873049","42","2108556"
"chr20","3085538","3085842","chrX","21435732","21436039","35","18350194"
"chr20","3165748","3165977","chr2","95044875","95045105","29","91879127"
"chr20","3644354","3644542","chr3","36303286","36303484","55","32658932"
"chr20","3703621","3703789","chr1","129407736","129407901","33","125704115"
"chr20","3723406","3723704","chr10","36722391","36722679","35","32998985"
"chr20","3742651","3742889","chr12","1645361","1645609","34","2097290"
"chr20","3754425","3754744","chr6","173896362","173896661","83","170141937"
"chr20","3774814","3774991","chr6","84072722","84072893","40","80297908"
"chr20","3856993","3857254","chr10","36862218","36862478","24","33005225"
"chr20","3861586","3861878","chr14","45652403","45652696","32","41790817"
"chr20","3867273","3867597","chrX","872740","873049","38","2994533"
"chr20","3911033","3911336","chr19","35701715","35702022","34","31790682"
"chr20","3982494","3982810","chr4","1293524","1293840","38","2688970"
"chr20","4073157","4073337","chr1","27619548","27619722","31","23546391"
"chr20","4174817","4175113","chr10","37194058","37194367","34","33019241"
"chr20","4280917","4281220","chr1","188099158","188099446","48","183818241"
"chr20","4592679","4592970","chr1","52429062","52429352","33","47836383"
"chr20","4715583","4715884","chr1","223663197","223663496","42","218947614"
"chr20","4828903","4829183","chr2","108675074","108675342","39","103846171"
"chr20","4832513","4832690","chr19","53087200","53087382","38","48254687"
"chr20","4914817","4914993","chr1","130615501","130615669","22","125700684"
"chr20","4957169","4957477","chr1","206153473","206153775","40","201196304"
"chr20","4971376","4971430","chr14","18724456","18724513","18","13753080"
"chr20","4971810","4971942","chr20","52217241","52217379","38","47245431"
"chr20","5146017","5146223","chr10","38146263","38146468","23","33000246"
"chr20","5243348","5243642","chr6","132127364","132127664","39","126884016"
"chr20","5394207","5394451","chr7","36517447","36517660","55","31123240"
"chr20","5474911","5475195","chr1","221787583","221787868","36","216312672"
"chr20","5602507","5602801","chr10","38597254","38597544","26","32994747"
"chr20","5718170","5718466","chr10","38715313","38715614","25","32997143"
"chr20","5777481","5777766","chr10","38772882","38773178","32","32995401"
"chr20","5780267","5780574","chr17","37483900","37484201","34","31703633"
"chr20","6094689","6095012","chr3","156495104","156495419","42","150400415"
"chr20","6120351","6120660","chrX","872740","873049","40","5247611"
"chr20","6315032","6315341","chr7","127065845","127066144","34","120750813"
"chr20","7384797","7385102","chr15","33799492","33799802","33","26414695"
"chr20","7611585","7611875","chr3","129032863","129033156","33","121421278"
"chr20","7931723","7931972","chr14","124735317","124735584","52","116803594"
"chr20","8386930","8387228","chr10","32379745","32380039","37","23992815"
"chr20","8598918","8599222","chr10","41675863","41676157","41","33076945"
"chr20","9214825","9215116","chr1","162175697","162175990","41","152960872"
"chr20","9874924","9875235","chr1","93563827","93564129","51","83688903"
"chr20","9884284","9884584","chr2","137086392","137086686","42","127202108"
"chr20","10208554","10208853","chr7","127065845","127066144","30","116857291"
"chr20","10245160","10245447","chr4","313220","313508","37","9931940"
"chr20","10404231","10404537","chr10","43445122","43445428","34","33040891"
"chr20","10477252","10477550","chr6","177249478","177249776","29","166772226"
"chr20","10598181","10598394","chr10","43636868","43637081","16","33038687"
"chr20","10809384","10809698","chrX","49226498","49226807","41","38417114"
"chr20","11310927","11311236","chr3","81656161","81656467","33","70345234"
"chr20","11431740","11431872","chr10","82796400","82796530","25","71364660"
"chr20","12155563","12155835","chr2","80029263","80029536","28","67873700"
"chr20","12965253","12965556","chr2","90703972","90704276","33","77738719"
"chr20","13374946","13375255","chr4","5357211","5357521","35","8017735"
"chr20","13384838","13385143","chr8","26870979","26871283","38","13486141"
"chr20","13628854","13629153","chr2","95487638","95487915","55","81858784"
"chr20","13642439","13642722","chr8","65531215","65531499","39","51888776"
"chr20","13795216","13795523","chr10","46845043","46845348","33","33049827"
"chr20","13796646","13796947","chr9","4715393","4715693","49","9081253"
"chr20","13874130","13874433","chr14","42813387","42813686","36","28939257"
"chr20","13878260","13878579","chr7","27723801","27724121","41","13845541"
"chr20","13941976","13942258","chr10","47062565","47062846","26","33120589"
"chr20","13995092","13995390","chr6","155329774","155330069","29","141334682"
"chr20","14015673","14015966","chr5","117401080","117401372","39","103385407"
"chr20","14079189","14079511","chr1","44043450","44043760","41","29964261"
"chr20","14099679","14099977","chr2","47824467","47824767","29","33724788"
"chr20","14158501","14158818","chr10","47274910","47275213","40","33116409"
"chr20","14504652","14504943","chr13","9550833","9551123","43","4953819"
"chr20","14637550","14637849","chr10","47785973","47786263","33","33148423"
"chr20","14961463","14961625","chr16","44706725","44706885","31","29745262"
"chr20","15075295","15075355","chr11","127837568","127837636","22","112762273"
"chr20","15205341","15205647","chr1","38299622","38299931","36","23094281"
"chr20","15364435","15364730","chr10","48512932","48513234","31","33148497"
"chr20","15468136","15468443","chr2","176729682","176729984","37","161261546"
"chr20","15570451","15570654","chr10","43636868","43637081","35","28066417"
"chr20","15617884","15618182","chr10","38772882","38773178","32","23154998"
"chr20","15878751","15879011","chr10","49026178","49026438","19","33147427"
"chr20","16377940","16378235","chr17","16123214","16123508","33","254726"
"chr20","16381188","16381483","chr1","34922657","34922952","32","18541469"
"chr20","16804190","16804494","chr10","49954726","49955028","33","33150536"
"chr20","16949078","16949246","chr11","54926961","54927123","29","37977883"
"chr20","17398885","17399192","chr2","47824467","47824767","40","30425582"
"chr20","17417916","17418164","chr2","98285830","98286085","28","80867914"
"chr20","17612896","17613198","chr3","7367921","7368221","36","10244975"
"chr20","17626224","17626390","chr15","6911024","6911192","31","10715200"
"chr20","17654463","17654756","chr9","91863683","91863975","45","74209220"
"chr20","17788876","17789182","chr10","50903683","50903991","35","33114807"
"chr20","17880344","17880652","chr9","93872647","93872956","32","75992303"
"chr20","18059605","18059821","chr6","63630625","63630830","35","45571020"
"chr20","18127531","18127832","chr7","61608289","61608587","35","43480758"
"chr20","18161265","18161575","chrX","872740","873049","36","17288525"
"chr20","18299421","18299614","chr3","127934070","127934247","39","109634649"
"chr20","18360640","18360799","chr3","76215454","76215617","29","57854814"
"chr20","18450215","18450476","chrX","48320461","48320716","33","29870246"
"chr20","18456033","18456325","chr10","38772882","38773178","33","20316849"
"chr20","18474570","18474837","chr2","192879126","192879389","43","174404556"
"chr20","18683855","18684150","chr1","9659856","9660151","30","9023999"
"chr20","19108514","19108788","chr10","52185381","52185643","36","33076867"
"chr20","20620253","20620546","chr10","53653106","53653402","24","33032853"
"chr20","20645286","20645578","chr10","53678384","53678675","35","33033098"
"chr20","20877659","20877947","chr10","53904622","53904905","36","33026963"
"chr20","20882264","20882307","chr20","54495305","54495348","18","33613041"
"chr20","21050434","21050735","chr1","42018653","42018950","30","20968219"
"chr20","21052426","21052723","chr2","68986282","68986581","33","47933856"
"chr20","21181503","21181803","chr15","15837347","15837647","31","5344156"
"chr20","21300059","21300219","chr6","67570862","67571028","24","46270803"
"chr20","21956387","21956670","chrX","28117470","28117748","34","6161083"
"chr20","22208957","22209276","chr10","55242756","55243061","40","33033799"
"chr20","23035096","23035406","chr10","56052672","56052978","45","33017576"
"chr20","23105104","23105422","chr10","56121477","56121791","31","33016373"
"chr20","23643480","23643790","chr4","5955341","5955651","25","17688139"
"chr20","24063060","24063349","chr3","3735997","3736286","36","20327063"
"chr20","24084523","24084824","chr10","56964600","56964903","25","32880077"
"chr20","25397246","25397401","chr3","47796941","47797095","26","22399695"
"chr20","25475061","25475365","chr13","94954144","94954445","28","69479083"
"chr20","25516218","25516515","chr7","1749091","1749386","29","23767127"
"chr20","25519345","25519633","chr7","131629510","131629800","35","106110165"
"chr20","25623868","25624172","chr3","509096","509403","35","25114772"
"chr20","25641835","25641998","chr11","54926961","54927123","17","29285126"
"chr20","25766379","25766684","chr10","58679443","58679740","29","32913064"
"chr20","28046351","28046667","chrX","872740","873049","23","27173611"
"chr20","28096495","28096804","chr10","32707016","32707329","31","4610521"
"chr20","28139481","28139753","chr10","32663484","32663736","37","4524003"
"chr20","28179484","28179658","chr4","49540998","49541166","39","21361514"
"chr20","28248240","28248544","chr9","117924833","117925131","33","89676593"
"chr20","28287037","28287194","chrX","51786687","51786849","23","23499650"
"chr20","28312058","28312348","chr7","32150404","32150693","30","3838346"
"chr20","28345013","28345326","chr2","111182376","111182681","43","82837363"
"chr20","28363812","28363964","chr16","67876289","67876444","39","39512477"
"chr20","28364418","28364723","chrX","52884540","52884848","26","24520122"
"chr20","28365279","28365561","chr1","53192216","53192497","34","24826937"
"chr20","28417237","28417572","chrX","130126302","130126612","58","101709065"
"chr20","28472830","28473129","chr11","55619571","55619869","30","27146741"
"chr20","28486319","28486620","chr2","148110502","148110798","38","119624183"
"chr20","28490797","28491099","chrX","52884540","52884848","40","24393743"
"chr20","28499662","28499962","chr1","216542963","216543268","35","188043301"
"chr20","28878441","28878739","chr8","41718631","41718927","29","12840190"
"chr20","28899590","28899876","chr4","39371890","39372183","34","10472300"
"chr20","28901884","28902150","chr12","107206425","107206688","36","78304541"
"chr20","28999698","28999986","chr1","199847714","199848008","32","170848016"
"chr20","29010001","29010299","chr20","30937004","30937299","35","1927003"
"chr20","29081155","29081363","chr1","212828457","212828675","36","183747302"
"chr20","29170554","29170862","chr4","5955341","5955651","31","23215213"
"chr20","29417943","29418247","chr12","65310502","65310803","27","35892559"
"chr20","29419140","29419425","chr13","48611957","48612239","36","19192817"
"chr20","29433978","29434277","chr2","72664980","72665281","28","43231002"
"chr20","29463456","29463751","chr5","8097122","8097404","53","21366334"
"chr20","29485255","29485563","chr11","127450686","127450991","33","97965431"
"chr20","29490818","29491109","chr6","177249478","177249776","42","147758660"
"chr20","29525190","29525357","chrX","59842814","59842986","39","30317624"
"chr20","29582896","29583077","chr15","10405383","10405560","44","19177513"
"chr20","29631169","29631370","chr17","39176135","39176331","55","9544966"
"chr20","30077481","30077790","chr4","127363604","127363914","32","97286123"
"chr20","30100462","30100762","chr1","54184910","54185214","36","24084448"
"chr20","30116429","30116730","chr3","168251317","168251618","29","138134888"
"chr20","30197339","30197631","chr12","1873342","1873636","32","28323997"
"chr20","30220099","30220296","chr2","109496441","109496651","33","79276342"
"chr20","30237732","30237997","chr5","97193627","97193890","29","66955895"
"chr20","30293091","30293386","chr10","30656863","30657163","34","363772"
"chr20","30360285","30360594","chrX","53714392","53714701","32","23354107"
"chr20","30367350","30367653","chr10","30579713","30580016","30","212363"
"chr20","30426003","30426319","chr19","35826176","35826481","38","5400173"
"chr20","30466248","30466427","chr19","53087200","53087382","26","22620952"
"chr20","30546054","30546358","chr19","41646946","41647252","30","11100892"
"chr20","30670861","30671164","chr3","26174329","26174623","41","4496532"
"chr20","30714562","30714742","chr20","27267477","27267649","32","3447085"
"chr20","30880757","30881057","chr12","20591308","20591601","32","10289449"
"chr20","30931252","30931551","chr3","81656161","81656467","34","50724909"
"chr20","30968310","30968621","chr10","54460554","54460858","35","23492244"
"chr20","31124955","31125264","chr10","29826988","29827297","31","1297967"
"chr20","31127207","31127452","chr2","163478340","163478587","60","132351133"
"chr20","31132554","31132719","chr5","88846589","88846754","32","57714035"
"chr20","31144559","31144816","chr8","51558245","51558502","42","20413686"
"chr20","31145183","31145465","chr13","37090861","37091141","71","5945678"
"chr20","31179753","31180048","chr4","154039231","154039527","32","122859478"
"chr20","31184186","31184488","chrX","12237021","12237319","28","18947165"
"chr20","31193064","31193218","chr6","155951678","155951839","34","124758614"
"chr20","31305656","31305920","chr10","29651046","29651316","33","1654610"
"chr20","31333387","31333705","chr8","105120121","105120431","34","73786734"
"chr20","31379834","31380124","chr2","96568206","96568509","41","65188372"
"chr20","31384987","31385278","chr10","29572873","29573163","29","1812114"
"chr20","31421701","31421996","chr3","32404196","32404488","29","982495"
"chr20","31427065","31427381","chr4","5357211","5357521","35","26069854"
"chr20","31464857","31465136","chr17","78859912","78860191","26","47395055"
"chr20","31722377","31722563","chr5","13274636","13274819","39","18447741"
"chr20","31773404","31773693","chr10","29179555","29179846","28","2593849"
"chr20","31965258","31965550","chr1","21747965","21748260","35","10217293"
"chr20","32011955","32012270","chr5","182713855","182714164","42","150701900"
"chr20","32039760","32040061","chrX","12237021","12237319","27","19802739"
"chr20","32214682","32214955","chr16","67219094","67219369","40","35004412"
"chr20","32269130","32269422","chr7","166020953","166021249","28","133751823"
"chr20","32369252","32369531","chr6","85577633","85577917","32","53208381"
"chr20","32397724","32398017","chr20","28697028","28697324","28","3700696"
"chr20","32473436","32473737","chr14","119087106","119087399","42","86613670"
"chr20","32493266","32493574","chr8","105120121","105120431","33","72626855"
"chr20","32511733","32512049","chr1","118287422","118287724","43","85775689"
"chr20","32531524","32531816","chr1","52429062","52429352","37","19897538"
"chr20","32556057","32556358","chr10","28389078","28389379","38","4166979"
"chr20","32567804","32568117","chr8","41962733","41963037","46","9394929"
"chr20","32582266","32582569","chr10","28361373","28361676","29","4220893"
"chr20","32649463","32649764","chr10","28283140","28283445","30","4366323"
"chr20","32678109","32678407","chr10","28255210","28255506","28","4422899"
"chr20","32761452","32761751","chr11","55009213","55009513","29","22247761"
"chr20","32800730","32801010","chr3","61219427","61219705","34","28418697"
"chr20","32858412","32858719","chr18","39463336","39463641","31","6604924"
"chr20","33064114","33064408","chr9","54636841","54637133","30","21572727"
"chr20","33188927","33189246","chr12","8606516","8606818","42","24582411"
"chr20","33273723","33274022","chr10","54460554","54460858","31","21186831"
"chr20","33451888","33452055","chr15","88479888","88480061","27","55028000"
"chr20","33458033","33458328","chr7","26662562","26662859","35","6795471"
"chr20","33481946","33482238","chr2","149644045","149644340","27","116162099"
"chr20","33528805","33529102","chr13","106164334","106164628","31","72635529"
"chr20","33641264","33641550","chr10","27295027","27295316","25","6346237"
"chr20","33662173","33662471","chr2","64819781","64820080","32","31157608"
"chr20","33777746","33778032","chr13","68530211","68530499","32","34752465"
"chr20","33802934","33803239","chr19","35826176","35826481","36","2023242"
"chr20","33803432","33803518","chr11","127837568","127837636","35","94034136"
"chr20","33820249","33820560","chr5","93159200","93159497","41","59338951"
"chr20","33825753","33826033","chr10","27117013","27117288","31","6708740"
"chr20","33839131","33839442","chr10","27103325","27103637","29","6735806"
"chr20","33871478","33871624","chr16","71124458","71124618","40","37252980"
"chr20","33897613","33897914","chr10","27040315","27040624","29","6857298"
"chr20","33909836","33910132","chr10","27027852","27028140","32","6881984"
"chr20","33921724","33922037","chr2","107287918","107288224","35","73366194"
"chr20","33940711","33941017","chr16","67304548","67304851","35","33363837"
"chr20","34036983","34037125","chr16","70230700","70230842","44","36193717"
"chr20","34359819","34360068","chr5","173801525","173801782","36","139441706"
"chr20","34433727","34434036","chr10","26511425","26511733","31","7922302"
"chr20","34564502","34564789","chr3","15583211","15583499","35","18981291"
"chr20","34608431","34608738","chr1","160978135","160978440","32","126369704"
"chr20","34819075","34819377","chr10","26119762","26120059","25","8699313"
"chr20","34834834","34835145","chr2","135915754","135916056","35","101080920"
"chr20","34974342","34974642","chr2","64819781","64820080","34","29845439"
"chr20","35290431","35290750","chr19","15978488","15978799","39","19311943"
"chr20","35402620","35402782","chr5","18060035","18060193","21","17342585"
"chr20","35538130","35538312","chr12","21198542","21198719","34","14339588"
"chr20","35565920","35566242","chr10","25371653","25371972","26","10194267"
"chr20","35649891","35650171","chr6","85577633","85577917","27","49927742"
"chr20","35674566","35674865","chr10","25262400","25262698","27","10412166"
"chr20","35676967","35677270","chr1","54184910","54185214","28","18507943"
"chr20","35764121","35764397","chr10","25171709","25171985","26","10592412"
"chr20","35825365","35825664","chr4","88700124","88700424","27","52874759"
"chr20","35826230","35826377","chr4","140168185","140168346","41","104341955"
"chr20","36024847","36025158","chr11","4240104","4240413","34","31784743"
"chr20","36232569","36232861","chr2","40523887","40524189","44","4291318"
"chr20","36352874","36353150","chr9","17787705","17787989","45","18565169"
"chr20","36399492","36399790","chr8","115461075","115461370","29","79061583"
"chr20","36663218","36663507","chr13","68530211","68530499","35","31866993"
"chr20","36799995","36800153","chr19","4018531","4018683","37","32781464"
"chr20","37030133","37030442","chr7","5842789","5843090","42","31187344"
"chr20","37249465","37249761","chr10","23674608","23674908","34","13574857"
"chr20","37329070","37329374","chr15","6043184","6043487","41","31285886"
"chr20","37337926","37338221","chr10","77075361","77075654","31","39737435"
"chr20","37351017","37351326","chr19","44754788","44755097","32","7403771"
"chr20","38264736","38265022","chr5","93079361","93079652","38","54814625"
"chr20","38283502","38283799","chr1","34922657","34922952","35","3360845"
"chr20","38293074","38293367","chr19","45770144","45770438","28","7477070"
"chr20","38331392","38331700","chr2","49835049","49835353","31","11503657"
"chr20","38813808","38814112","chr20","65776652","65776952","28","26962844"
"chr20","39025621","39025777","chr7","3648725","3648875","30","35376896"
"chr20","39243407","39243706","chr7","20070999","20071300","48","19172408"
"chr20","39421226","39421515","chr10","21437144","21437433","32","17984082"
"chr20","39633937","39634243","chr14","104583689","104583989","34","64949752"
"chr20","40076262","40076554","chr12","121351661","121351954","32","81275399"
"chr20","40267194","40267491","chr3","7367921","7368221","37","32899273"
"chr20","40404795","40405098","chr11","62952141","62952444","37","22547346"
"chr20","40495176","40495343","chr4","49540998","49541166","24","9045822"
"chr20","40637024","40637329","chrX","53714392","53714701","31","13077368"
"chr20","40639799","40639973","chr12","84405516","84405692","23","43765717"
"chr20","40731283","40731557","chr10","20739315","20739590","30","19991968"
"chr20","40916728","40917038","chr20","18193233","18193536","35","22723495"
"chr20","41046065","41046335","chr4","35040304","35040573","41","6005761"
"chr20","41097223","41097523","chr4","88700124","88700424","31","47602901"
"chr20","41109045","41109335","chr16","4237255","4237548","31","36871790"
"chr20","41195041","41195323","chrX","529991","530272","38","40665050"
"chr20","41238635","41238895","chr1","26673468","26673727","30","14565167"
"chr20","41310469","41310761","chr10","20141237","20141534","30","21169232"
"chr20","41488615","41488700","chr9","20127821","20127912","18","21360794"
"chr20","41488975","41489131","chr10","59864615","59864765","39","18375640"
"chr20","41528127","41528441","chr10","19913444","19913750","35","21614683"
"chr20","41598548","41598855","chr10","19841386","19841690","27","21757162"
"chr20","41620221","41620363","chr3","70814394","70814554","35","29194173"
"chr20","41669979","41670165","chr5","740668","740849","29","40929311"
"chr20","41871610","41871911","chr3","42776493","42776796","34","904883"
"chr20","41936496","41936798","chr1","85807051","85807354","28","43870555"
"chr20","41942062","41942370","chrX","130126302","130126612","29","88184240"
"chr20","42276473","42276776","chr10","34137692","34137993","29","8138781"
"chr20","42366071","42366383","chr6","111500112","111500422","32","69134041"
"chr20","42407350","42407619","chr11","67444583","67444848","29","25037233"
"chr20","42685445","42685735","chr10","18801750","18802043","26","23883695"
"chr20","42733459","42733752","chr1","22411003","22411299","34","20322456"
"chr20","42747550","42747846","chr10","73354021","73354316","32","30606471"
"chr20","42781282","42781581","chr4","6021240","6021544","31","36760042"
"chr20","42863437","42863743","chr10","35079710","35080019","34","7783727"
"chr20","43486945","43487104","chr19","32998981","32999142","22","10487964"
"chr20","43576103","43576352","chr11","52313619","52313839","52","8737516"
"chr20","44286104","44286399","chr3","48879684","48879984","29","4593580"
"chr20","44313363","44313669","chr3","44070862","44071165","31","242501"
"chr20","44378319","44378630","chr10","17127656","17127967","24","27250663"
"chr20","44383227","44383385","chrX","8244334","8244499","34","36138893"
"chr20","44393210","44393510","chr6","173896362","173896661","24","129503152"
"chr20","44495368","44495674","chr4","88700124","88700424","36","44204756"
"chr20","44562896","44563209","chr10","16943904","16944217","31","27618992"
"chr20","44659808","44660110","chr3","24924052","24924352","28","19735756"
"chr20","44681473","44681774","chr10","16827533","16827837","21","27853940"
"chr20","44728137","44728443","chr14","118913053","118913356","29","74184916"
"chr20","44779790","44780081","chr2","57288005","57288297","31","12508215"
"chr20","45015238","45015543","chr16","11360126","11360421","44","33655112"
"chr20","45532665","45532960","chr16","9749998","9750291","39","35782667"
"chr20","45612433","45612595","chr4","140168185","140168346","31","94555752"
"chr20","45720501","45720812","chr9","93872647","93872956","36","48152146"
"chr20","45724279","45724588","chr4","3271842","3272149","34","42452437"
"chr20","45889993","45890310","chr6","109726281","109726563","63","63836288"
"chr20","45906416","45906710","chr10","87136170","87136463","31","41229754"
"chr20","45935033","45935310","chr2","56486018","56486290","41","10550985"
"chr20","45945051","45945362","chrX","95082495","95082798","36","49137444"
"chr20","46072718","46073024","chr14","100612303","100612613","28","54539585"
"chr20","46088821","46089114","chr7","19039688","19039974","34","27049133"
"chr20","46112217","46112525","chrX","52884540","52884848","35","6772323"
"chr20","46220198","46220500","chr12","8606516","8606818","36","37613682"
"chr20","46229997","46230280","chr3","61219427","61219705","37","14989430"
"chr20","46242034","46242346","chr9","90039092","90039400","37","43797058"
"chr20","46287887","46288190","chrX","872740","873049","31","45415147"
"chr20","46307325","46307623","chr12","278714","279009","34","46028611"
"chr20","46433503","46433816","chr4","108327631","108327935","32","61894128"
"chr20","46862652","46862948","chr14","119087106","119087399","30","72224454"
"chr20","46927176","46927318","chr10","73381255","73381402","32","26454079"
"chr20","46980626","46980913","chr14","100470283","100470573","51","53489657"
"chr20","46997567","46997759","chr16","49440030","49440218","51","2442463"
"chr20","47051975","47052284","chr13","33217056","33217366","42","13834919"
"chr20","47294063","47294304","chr7","55478229","55478481","32","8184166"
"chr20","47352875","47353164","chr2","109381027","109381314","35","62028152"
"chr20","47533526","47533833","chr7","127065845","127066144","35","79532319"
"chr20","47678135","47678428","chr14","22323391","22323685","38","25354744"
"chr20","47719894","47720074","chr1","30858562","30858733","39","16861332"
"chr20","47732613","47732920","chr5","127280394","127280703","34","79547781"
"chr20","47809895","47810191","chr1","213422632","213422926","31","165612737"
"chr20","47879492","47879787","chr3","123444667","123444969","33","75565175"
"chr20","47954101","47954395","chr5","41819509","41819795","44","6134592"
"chr20","48016117","48016412","chr7","83031386","83031688","34","35015269"
"chr20","48359105","48359416","chr4","5357211","5357521","34","43001894"
"chr20","48674887","48675194","chr10","12805144","12805449","28","35869743"
"chr20","48737053","48737229","chr1","27619548","27619722","25","21117505"
"chr20","48814356","48814629","chr4","46341269","46341555","49","2473087"
"chr20","48835098","48835396","chrX","12237021","12237319","34","36598077"
"chr20","48866340","48866634","chr10","35385148","35385439","31","13481192"
"chr20","48898997","48899302","chr1","54184910","54185214","29","5285913"
"chr20","48903744","48904042","chr10","12576748","12577055","26","36326996"
"chr20","48922156","48922312","chr7","35667652","35667813","26","13254504"
"chr20","48927791","48928069","chr15","44422532","44422812","27","4505259"
"chr20","48947792","48948081","chr1","53192216","53192497","51","4244424"
"chr20","48959698","48959997","chr7","16844767","16845069","38","32114931"
"chr20","48962260","48962557","chrX","19203852","19204150","26","29758408"
"chr20","49034920","49035235","chr3","24924052","24924352","42","24110868"
"chr20","49129939","49130230","chrX","117589965","117590253","26","68460026"
"chr20","49282048","49282304","chr10","12167601","12167870","31","37114447"
"chr20","49485398","49485683","chr10","11965843","11966134","30","37519555"
"chr20","49501154","49501463","chr2","156441767","156442075","32","106940613"
"chr20","49570476","49570765","chr8","76234748","76235038","27","26664272"
"chr20","49733862","49734055","chr10","11717821","11718014","17","38016041"
"chr20","50056762","50057072","chr3","24924052","24924352","28","25132710"
"chr20","50386593","50386898","chr3","64175701","64176007","39","13789108"
"chr20","50611950","50612236","chr2","59421984","59422267","31","8810034"
"chr20","50644696","50644989","chr10","10837116","10837410","26","39807580"
"chr20","50725376","50725661","chr4","3379423","3379712","31","47345953"
"chr20","50736217","50736525","chr10","5431099","5431410","37","45305118"
"chr20","50758944","50759242","chr4","27754252","27754548","35","23004692"
"chr20","50761663","50761942","chr15","44422532","44422812","29","6339131"
"chr20","50770166","50770323","chr19","42189213","42189372","23","8580953"
"chr20","50771445","50771751","chr4","86562055","86562362","34","35790610"
"chr20","50812159","50812450","chr4","120929810","120930101","27","70117651"
"chr20","50837204","50837491","chr2","159694664","159694955","36","108857460"
"chr20","50884069","50884362","chr19","11743943","11744241","42","39140126"
"chr20","50941689","50941990","chr1","141969216","141969513","30","91027527"
"chr20","51272439","51272638","chr19","12959091","12959278","48","38313348"
"chr20","51559451","51559755","chr10","9986957","9987259","26","41572494"
"chr20","51705459","51705763","chr7","38049507","38049811","31","13655952"
"chr20","51757842","51758147","chr9","63151270","63151574","32","11393428"
"chr20","51859091","51859389","chr10","9705725","9706021","33","42153366"
"chr20","52356520","52356828","chr10","9193252","9193557","36","43163268"
"chr20","52370466","52370778","chr10","9185868","9186180","24","43184598"
"chr20","52673018","52673321","chr5","189272833","189273135","34","136599815"
"chr20","52699616","52699907","chr14","66326782","66327072","26","13627166"
"chr20","53356998","53357308","chr4","5357211","5357521","31","47999787"
"chr20","53378344","53378651","chr2","202762443","202762740","92","149384099"
"chr20","53522639","53522917","chr10","8083418","8083694","32","45439221"
"chr20","53709101","53709378","chr1","104037871","104038147","40","50328770"
"chr20","53762067","53762365","chrX","23155568","23155864","34","30606499"
"chr20","53778097","53778406","chr8","105120121","105120431","28","51342024"
"chr20","53829876","53830182","chr5","9948592","9948898","41","43881284"
"chr20","53842862","53843074","chr12","114236689","114236858","65","60393827"
"chr20","53863260","53863578","chrX","18394346","18394650","48","35468914"
"chr20","53870691","53870994","chr4","88700124","88700424","31","34829433"
"chr20","53889778","53890092","chrX","130126302","130126612","35","76236524"
"chr20","53895083","53895391","chr4","5357211","5357521","37","48537872"
"chr20","53917851","53918048","chr7","8555181","8555369","29","45362670"
"chr20","54061138","54061445","chr1","24590021","24590324","35","29471117"
"chr20","54085247","54085550","chr4","170001134","170001432","31","115915887"
"chr20","54154052","54154360","chr14","118913053","118913356","33","64759001"
"chr20","54201796","54202096","chr2","135915754","135916056","37","81713958"
"chr20","54298836","54299146","chr10","7296515","7296825","31","47002321"
"chr20","54332895","54333081","chrX","147147954","147148141","34","92815059"
"chr20","55619899","55620093","chr19","12959091","12959278","40","42660808"
"chr20","55668467","55668762","chr10","38597254","38597544","37","17071213"
"chr20","55688799","55689103","chr10","5919915","5920217","13","49768884"
"chr20","55900032","55900350","chr1","14379930","14380225","114","41520102"
"chr20","56190253","56190569","chr10","5431099","5431410","30","50759154"
"chr20","56547182","56547507","chr1","95648230","95648547","40","39101048"
"chr20","56751495","56751792","chr3","7367921","7368221","37","49383574"
"chr20","57454192","57454462","chr2","80029263","80029536","39","22575071"
"chr20","57949384","57949670","chr3","60808616","60808897","32","2859232"
"chr20","58146914","58147200","chr4","101243256","101243540","34","43096342"
"chr20","58188110","58188410","chr4","100991714","100992013","35","42803604"
"chr20","58308145","58308451","chr19","32518478","32518778","38","25789667"
"chr20","58310230","58310537","chr7","61781005","61781304","39","3470775"
"chr20","58575308","58575605","chr10","3060240","3060534","27","55515068"
"chr20","58658349","58658605","chr19","39894021","39894275","33","18764328"
"chr20","59306460","59306682","chr10","2341900","2342118","20","56964560"
"chr20","59376445","59376754","chrX","872740","873049","25","58503705"
"chr20","59522134","59522415","chr16","58697904","58698166","40","824230"
"chr20","59532068","59532367","chr10","2122617","2122911","30","57409451"
"chr20","59650727","59650897","chr15","6911024","6911192","24","52739703"
"chr20","59788698","59788984","chr5","92700996","92701277","47","32912298"
"chr20","60217305","60217503","chr6","63630625","63630830","35","3413320"
"chr20","60253505","60253806","chr10","1469135","1469433","28","58784370"
"chr20","60419524","60419720","chr10","17123065","17123263","35","43296459"
"chr20","60471843","60472142","chr4","170001134","170001432","38","109529291"
"chr20","61109941","61110241","chr4","10919980","10920277","34","50189961"
"chr20","61120553","61120857","chr10","580887","581197","23","60539666"
"chr20","61128144","61128451","chr9","98943901","98944206","35","37815757"
"chr20","61164446","61164749","chr4","6021240","6021544","32","55143206"
"chr20","61211807","61212071","chr19","2811711","2811975","42","58400096"
"chr20","61305849","61306151","chr20","54448223","54448522","32","6857626"
"chr20","61408827","61409111","chr7","63363325","63363605","42","1954498"
"chr20","61427898","61428199","chr1","38218968","38219269","31","23208930"
"chr20","61535652","61535947","chr10","159686","159982","24","61375966"
"chr21","10616779","10617093","chr3","35732347","35732628","74","25115568"
"chr21","213420","213720","chr12","23756282","23756583","35","23542862"
"chr21","556102","556388","chr3","33504813","33505114","32","32948711"
"chr21","567742","568052","chrX","53714392","53714701","44","53146650"
"chr21","594285","594517","chr20","34321481","34321710","28","33727196"
"chr21","812950","813219","chr3","33243802","33244070","28","32430852"
"chr21","875649","875952","chr2","64819781","64820080","44","63944132"
"chr21","1005721","1005997","chr2","34779585","34779864","39","33773864"
"chr21","1071358","1071642","chr2","109381027","109381314","36","108309669"
"chr21","1095927","1096249","chr2","68986282","68986581","56","67890355"
"chr21","1181268","1181562","chr5","170134962","170135255","44","168953694"
"chr21","1201390","1201692","chr3","32861112","32861423","29","31659722"
"chr21","1768843","1769137","chr3","161751570","161751864","33","159982727"
"chr21","2101348","2101638","chr10","35385148","35385439","30","33283800"
"chr21","2172084","2172373","chr3","31887358","31887644","25","29715274"
"chr21","2199480","2199705","chr12","27153792","27154016","31","24954312"
"chr21","2285743","2286052","chr6","83973877","83974187","36","81688134"
"chr21","2386687","2386991","chr3","31679895","31680194","25","29293208"
"chr21","2658008","2658317","chr1","146269539","146269846","42","143611531"
"chr21","3017851","3018039","chr15","10405383","10405560","47","7387532"
"chr21","3031993","3032273","chr3","61219427","61219705","33","58187434"
"chr21","3058562","3058870","chr19","15978488","15978799","34","12919926"
"chr21","3640119","3640416","chr3","30464459","30464751","29","26824340"
"chr21","3893934","3894237","chr15","104401844","104402147","32","100507910"
"chr21","4002754","4003047","chr3","30059918","30060211","34","26057164"
"chr21","4018369","4018674","chrX","872740","873049","37","3145629"
"chr21","4044301","4044610","chrX","130126302","130126612","26","126082001"
"chr21","4131090","4131392","chr20","6979220","6979518","36","2848130"
"chr21","4292733","4293014","chr3","29766074","29766353","28","25473341"
"chr21","4349953","4350257","chr7","166020953","166021249","33","161671000"
"chr21","4746185","4746492","chr3","29261450","29261762","37","24515265"
"chr21","4906637","4906946","chr14","106075201","106075508","30","101168564"
"chr21","5030117","5030419","chrX","12237021","12237319","33","7206904"
"chr21","5309538","5309697","chr1","129407736","129407901","23","124098198"
"chr21","5486640","5486946","chr3","181513518","181513820","42","176026878"
"chr21","5789521","5789823","chr3","169805566","169805870","33","164016045"
"chr21","6573182","6573474","chrX","117589965","117590253","38","111016783"
"chr21","6804343","6804623","chr4","160692905","160693183","35","153888562"
"chr21","7042515","7042790","chr9","95217727","95218006","41","88175212"
"chr21","7344685","7345006","chrX","872740","873049","36","6471945"
"chr21","7354765","7355073","chr9","59863679","59863986","39","52508914"
"chr21","7426440","7426724","chr1","124490019","124490302","38","117063579"
"chr21","7574126","7574419","chr3","26226985","26227279","38","18652859"
"chr21","7937263","7937559","chr3","25851737","25852034","20","17914474"
"chr21","7945794","7946091","chr19","229466","229765","32","7716328"
"chr21","7965323","7965551","chr1","26353694","26353918","34","18388371"
"chr21","8018456","8018744","chr3","25771604","25771886","46","17753148"
"chr21","8181787","8182092","chr1","216542963","216543268","32","208361176"
"chr21","8195052","8195355","chr3","25580454","25580759","36","17385402"
"chr21","8506167","8506457","chr2","12493845","12494141","36","3987678"
"chr21","8530555","8530849","chr1","23507101","23507386","44","14976546"
"chr21","8807081","8807386","chr14","57654140","57654437","37","48847059"
"chr21","8811606","8811910","chr3","24924052","24924352","35","16112446"
"chr21","8967589","8967891","chr3","77594965","77595260","37","68627376"
"chr21","9004046","9004273","chr5","3427978","3428202","37","5576068"
"chr21","9137070","9137266","chr13","81318413","81318616","37","72181343"
"chr21","9148220","9148537","chr3","47683329","47683644","42","38535109"
"chr21","9188244","9188563","chr8","31331410","31331717","46","22143166"
"chr21","9305382","9305673","chr11","108584077","108584374","28","99278695"
"chr21","9746293","9746599","chr19","50863135","50863438","41","41116842"
"chr21","9766199","9766491","chr15","108424452","108424741","36","98658253"
"chr21","10084148","10084363","chr16","2403367","2403581","30","7680781"
"chr21","10091877","10092201","chrX","97226897","97227218","35","87135020"
"chr21","10105559","10105866","chrX","130126302","130126612","41","120020743"
"chr21","10113427","10113727","chr4","88700124","88700424","32","78586697"
"chr21","10194796","10195040","chr3","23268534","23268767","32","13073738"
"chr21","10195583","10195873","chr14","109055119","109055413","43","98859536"
"chr21","10198466","10198761","chr2","107514657","107514953","32","97316191"
"chr21","10226530","10226816","chr12","82761984","82762268","37","72535454"
"chr21","10283077","10283373","chr3","128418749","128419055","46","118135672"
"chr21","10396287","10396589","chrX","49226498","49226807","43","38830211"
"chr21","10437289","10437542","chr10","89495060","89495316","37","79057771"
"chr21","10618462","10618759","chr4","5955341","5955651","44","4663121"
"chr21","10966010","10966324","chr1","54184910","54185214","45","43218900"
"chr21","11010488","11010753","chr1","34952182","34952442","46","23941694"
"chr21","11294774","11295036","chrX","91968078","91968336","33","80673304"
"chr21","11327918","11328241","chr5","752886","753201","45","10575032"
"chr21","11441451","11441764","chr1","7768760","7769067","41","3672691"
"chr21","11628230","11628538","chr3","21551557","21551876","35","9923327"
"chr21","11776204","11776504","chr3","21400762","21401054","28","9624558"
"chr21","12084528","12084824","chr3","21080703","21080996","38","8996175"
"chr21","12141653","12141940","chrX","117589965","117590253","29","105448312"
"chr21","12200360","12200657","chr4","170001134","170001432","37","157800774"
"chr21","12625000","12625314","chr3","20490882","20491187","41","7865882"
"chr21","12803330","12803623","chr2","63419289","63419578","31","50615959"
"chr21","12901958","12902258","chr7","35399714","35400013","34","22497756"
"chr21","12947419","12947704","chr2","84500826","84501114","41","71553407"
"chr21","12953468","12953767","chr3","20162277","20162577","27","7208809"
"chr21","13199950","13200251","chr2","68986282","68986581","37","55786332"
"chr21","13259330","13259633","chr10","5919915","5920217","30","7339415"
"chr21","13354194","13354520","chr8","70643482","70643795","53","57289288"
"chr21","13519603","13519807","chr12","79179545","79179751","29","65659942"
"chr21","13562153","13562458","chr3","24924052","24924352","32","11361899"
"chr21","13739546","13739855","chr16","37456039","37456347","38","23716493"
"chr21","13740078","13740267","chr13","88022390","88022558","66","74282312"
"chr21","13963609","13963891","chr16","55798845","55799126","36","41835236"
"chr21","14147461","14147767","chr1","214981520","214981826","36","200834059"
"chr21","14387688","14388003","chr19","12474220","12474537","40","1913468"
"chr21","14530034","14530316","chr15","44422532","44422812","27","29892498"
"chr21","14824953","14825274","chrX","97226897","97227218","44","82401944"
"chr21","14956891","14957189","chr4","156401625","156401921","29","141444734"
"chr21","15007135","15007431","chr8","96562576","96562873","34","81555441"
"chr21","15063901","15064206","chr16","31223636","31223938","29","16159735"
"chr21","15322119","15322427","chr3","55433032","55433335","33","40110913"
"chr21","15516384","15516727","chr14","76613494","76613833","55","61097110"
"chr21","15653682","15653994","chr16","40054513","40054819","40","24400831"
"chr21","15745123","15745433","chr15","15837347","15837647","38","92224"
"chr21","16086097","16086402","chrX","52884540","52884848","32","36798443"
"chr21","16264835","16265106","chr3","16761878","16762129","44","497043"
"chr21","16278485","16278770","chr3","72384007","72384304","44","56105522"
"chr21","16328998","16329076","chr11","127837568","127837636","16","111508570"
"chr21","16397130","16397437","chr12","98050892","98051201","40","81653762"
"chr21","16408428","16408482","chr14","18724456","18724513","19","2316028"
"chr21","16871116","16871446","chr3","15908004","15908314","47","963112"
"chr21","16908563","16908861","chr6","177249478","177249776","34","160340915"
"chr21","17113053","17113343","chr20","8128145","8128448","40","8984908"
"chr21","17155691","17156007","chr19","42241417","42241732","34","25085726"
"chr21","17188639","17188932","chr13","106164334","106164628","31","88975695"
"chr21","17230788","17231101","chr2","159662942","159663249","35","142432154"
"chr21","17288441","17288607","chr14","7924883","7925051","41","9363558"
"chr21","17402120","17402417","chr3","48912719","48913013","31","31510599"
"chr21","17421173","17421459","chr6","136087738","136088027","32","118666565"
"chr21","17508777","17509071","chr16","55347675","55347968","28","37838898"
"chr21","17518886","17519195","chr1","54184910","54185214","31","36666024"
"chr21","17570840","17570944","chr1","216487518","216487610","38","198916678"
"chr21","17571428","17571559","chr7","68956423","68956553","8","51384995"
"chr21","17727969","17728276","chrX","53714392","53714701","32","35986423"
"chr21","17751071","17751242","chr13","89859967","89860138","26","72108896"
"chr21","17770018","17770307","chr3","14997064","14997353","30","2772954"
"chr21","17968069","17968241","chr20","27267477","27267649","24","9299408"
"chr21","18123279","18123570","chr5","184105008","184105299","26","165981729"
"chr21","18217046","18217196","chr19","10635260","10635411","28","7581786"
"chr21","18643669","18643982","chr14","66237905","66238213","38","47594236"
"chr21","18874661","18874962","chr3","13895836","13896139","44","4978825"
"chr21","18924400","18924705","chr9","64107743","64108044","31","45183343"
"chr21","19152789","19153084","chr7","1749091","1749386","27","17403698"
"chr21","19189622","19189923","chr6","147351072","147351371","29","128161450"
"chr21","19205581","19205891","chr9","105321199","105321510","35","86115618"
"chr21","19236301","19236599","chr3","42965994","42966291","34","23729693"
"chr21","19437085","19437260","chr11","55484562","55484739","25","36047477"
"chr21","19491942","19492163","chr6","173802906","173803124","49","154310964"
"chr21","19507384","19507691","chr1","61388678","61388976","39","41881294"
"chr21","19533885","19534145","chr13","99799233","99799492","24","80265348"
"chr21","19583900","19584166","chr11","53392178","53392443","34","33808278"
"chr21","19612150","19612437","chr3","13184500","13184790","25","6427650"
"chr21","19702080","19702378","chr3","13096876","13097176","28","6605204"
"chr21","19821914","19822214","chr1","54184910","54185214","31","34362996"
"chr21","20067880","20068192","chr8","115461075","115461370","48","95393195"
"chr21","20122495","20122788","chr1","26985826","26986119","28","6863331"
"chr21","20160434","20160728","chr11","108584077","108584374","29","88423643"
"chr21","20344429","20344729","chr3","12470012","12470310","29","7874417"
"chr21","20349271","20349560","chr4","33095389","33095675","29","12746118"
"chr21","20355431","20355489","chr14","18724456","18724513","8","1630975"
"chr21","20358628","20358938","chr3","12455781","12456092","40","7902847"
"chr21","20475373","20475667","chr2","149644045","149644340","27","129168672"
"chr21","20508713","20509018","chr7","155405368","155405669","29","134896655"
"chr21","20629840","20630148","chrX","53464436","53464745","33","32834596"
"chr21","20677791","20678151","chr2","92231318","92231658","75","71553527"
"chr21","20820775","20821082","chr13","71257078","71257380","36","50436303"
"chr21","20962312","20962621","chr8","39232660","39232965","32","18270348"
"chr21","21072727","21072990","chr15","98228669","98228938","43","77155942"
"chr21","21075845","21076157","chr4","5357211","5357521","29","15718634"
"chr21","21191111","21191398","chr8","65531215","65531499","39","44340104"
"chr21","21391999","21392276","chr5","51793555","51793837","32","30401556"
"chr21","21814159","21814453","chr4","170001134","170001432","33","148186975"
"chr21","22000627","22000926","chr7","50204223","50204530","39","28203596"
"chr21","22136521","22136822","chr12","1873342","1873636","35","20263179"
"chr21","22301867","22302176","chr12","19620918","19621225","32","2680949"
"chr21","22448937","22449242","chr1","54184910","54185214","38","31735973"
"chr21","22449379","22449521","chr3","70814394","70814554","39","48365015"
"chr21","22535333","22535640","chr19","50141354","50141664","32","27606021"
"chr21","22697670","22697972","chr6","92179358","92179655","34","69481688"
"chr21","22976953","22977275","chr7","3814025","3814343","39","19162928"
"chr21","23109645","23109796","chr5","18060035","18060193","40","5049610"
"chr21","23187995","23188303","chr19","10607277","10607584","25","12580718"
"chr21","23202741","23203037","chr4","128097074","128097372","31","104894333"
"chr21","23283787","23284087","chr20","54448223","54448522","30","31164436"
"chr21","23369536","23369850","chr19","15978488","15978799","34","7391048"
"chr21","23405935","23406243","chr20","40335976","40336280","28","16930041"
"chr21","23691303","23691611","chr1","54184910","54185214","33","30493607"
"chr21","23994655","23994934","chr3","8845406","8845680","30","15149249"
"chr21","24119473","24119783","chr4","5955341","5955651","27","18164132"
"chr21","24130923","24131205","chr18","13204390","13204672","34","10926533"
"chr21","24534972","24535267","chr3","17765623","17765924","59","6769349"
"chr21","24542723","24543020","chr3","8242240","8242539","29","16300483"
"chr21","24571574","24571858","chr12","82761984","82762268","28","58190410"
"chr21","24665608","24665795","chr7","8555181","8555369","20","16110427"
"chr21","24697059","24697364","chr3","8084626","8084929","27","16612433"
"chr21","24757869","24758178","chr10","663232","663537","39","24094637"
"chr21","24862672","24862967","chr3","7916165","7916464","30","16946507"
"chr21","25172066","25172378","chrX","130126302","130126612","25","104954236"
"chr21","25368106","25368408","chr1","38218968","38219269","33","12850862"
"chr21","25393199","25393491","chr4","21309683","21309973","35","4083516"
"chr21","25759242","25759512","chrX","11640618","11640889","27","14118624"
"chr21","25837783","25838081","chr6","177249478","177249776","31","151411695"
"chr21","26160012","26160315","chr2","27813797","27814098","34","1653785"
"chr21","26246171","26246480","chrX","44881760","44882069","34","18635589"
"chr21","26507212","26507495","chr12","59271060","59271357","41","32763848"
"chr21","26583426","26583718","chr2","5733418","5733708","35","20850008"
"chr21","26602561","26602858","chr3","6163708","6163999","35","20438853"
"chr21","26756699","26756997","chrX","111903412","111903713","31","85146713"
"chr21","26926962","26927268","chr5","59233990","59234294","31","32307028"
"chr21","27063549","27063861","chr16","18235907","18236224","42","8827642"
"chr21","27097825","27098132","chr3","5664932","5665236","33","21432893"
"chr21","27140908","27141215","chr3","5603740","5604032","42","21537168"
"chr21","27283305","27283568","chr13","63266027","63266304","39","35982722"
"chr21","27492096","27492347","chr3","5253128","5253377","36","22238968"
"chr21","27656431","27656729","chr4","88700124","88700424","36","61043693"
"chr21","27745133","27745386","chr3","5026815","5027067","31","22718318"
"chr21","27994560","27994861","chr3","4612435","4612729","39","23382125"
"chr21","28001968","28002278","chrX","130126302","130126612","39","102124334"
"chr21","28002967","28003256","chr3","4621131","4621427","20","23381836"
"chr21","28206113","28206414","chr2","96568206","96568509","44","68362093"
"chr21","28258399","28258702","chr15","8841295","8841593","32","19417104"
"chr21","28330389","28330700","chr2","31102788","31103098","31","2772399"
"chr21","28949621","28949794","chr5","48848330","48848504","22","19898709"
"chr21","28996211","28996513","chr8","6438985","6439289","37","22557226"
"chr21","29072265","29072548","chr3","3673143","3673422","32","25399122"
"chr21","29140917","29141216","chr3","3597532","3597839","32","25543385"
"chr21","29425170","29425476","chr1","54184910","54185214","31","24759740"
"chr21","29536846","29537027","chr15","10405383","10405560","25","19131463"
"chr21","29695928","29696229","chr3","3034335","3034624","33","26661593"
"chr21","30171173","30171485","chr9","105321199","105321510","26","75150026"
"chr21","30299671","30299854","chr19","53087200","53087382","27","22787529"
"chr21","30728835","30729151","chr8","120455141","120455459","41","89726306"
"chr21","30777049","30777346","chr3","1946121","1946418","31","28830928"
"chr21","30969462","30969756","chr2","147984196","147984493","39","117014734"
"chr21","31291416","31291728","chr16","628664","628975","40","30662752"
"chr21","31401633","31401938","chr1","54184910","54185214","36","22783277"
"chr21","31442423","31442731","chr4","5357211","5357521","41","26085212"
"chr21","31587402","31587708","chr2","40523887","40524189","42","8936485"
"chr21","31741143","31741446","chr11","98848584","98848879","41","67107441"
"chr21","31844504","31844807","chr16","11360126","11360421","39","20484378"
"chr21","32149793","32150090","chrX","23155568","23155864","26","8994225"
"chr21","32294338","32294640","chr1","54184910","54185214","34","21890572"
"chr21","32295927","32296235","chr3","509096","509403","26","31786831"
"chr21","32315931","32316236","chr1","54184910","54185214","30","21868979"
"chr21","32341374","32341544","chr13","89859967","89860138","25","57518593"
"chr21","32366823","32366983","chr6","67570862","67571028","21","35204039"
"chr21","32447821","32448127","chrX","872740","873049","27","31575081"
"chr21","32492094","32492380","chr3","321314","321604","35","32170780"
"chr21","32548096","32548383","chr1","223630108","223630396","33","191082012"
"chr21","32599663","32599967","chr1","54184910","54185214","30","21585247"
"chr21","32743405","32743712","chr12","116693000","116693308","35","83949595"
"chr21","32748715","32749023","chr3","174068153","174068451","43","141319438"
"chr22","28573447","28573740","chr2","149644045","149644340","30","121070598"
"chr22","32112371","32112664","chr1","9659856","9660151","34","22452515"
"chr22","15292722","15293032","chr5","13885462","13885777","39","1407260"
"chr22","15429242","15429443","chr9","82349333","82349540","34","66920091"
"chr22","15472516","15472820","chr1","54184910","54185214","29","38712394"
"chr22","15561964","15562273","chr2","145905786","145906087","40","130343822"
"chr22","15562575","15562887","chr16","7998993","7999300","55","7563582"
"chr22","15565079","15565398","chrY","7640507","7640825","49","7924572"
"chr22","15568268","15568553","chrY","7643350","7643633","38","7924918"
"chr22","15640318","15640611","chr2","159353585","159353880","48","143713267"
"chr22","15988529","15988844","chr19","37090968","37091275","36","21102439"
"chr22","16047886","16048166","chr10","25171709","25171985","45","9123823"
"chr22","16150134","16150434","chr2","180001830","180002126","59","163851696"
"chr22","16161340","16161598","chr5","93770920","93771187","50","77609580"
"chr22","16197611","16197917","chr11","55112246","55112549","34","38914635"
"chr22","16246602","16246776","chr6","84072722","84072893","31","67826120"
"chr22","16270653","16270820","chr7","129362850","129363013","40","113092197"
"chr22","16299947","16300153","chr6","63630625","63630830","35","47330678"
"chr22","16312486","16312758","chr2","80029263","80029536","34","63716777"
"chr22","16391013","16391318","chr5","158975124","158975425","36","142584111"
"chr22","16411993","16412302","chr6","174905209","174905512","34","158493216"
"chr22","16417629","16417792","chrX","51786687","51786849","21","35369058"
"chr22","16445908","16446198","chr20","15684518","15684811","35","761390"
"chr22","16481716","16482015","chr20","54448223","54448522","27","37966507"
"chr22","16487131","16487426","chr7","55734086","55734382","29","39246955"
"chr22","16500916","16501226","chr4","5357211","5357521","36","11143705"
"chr22","16503860","16504163","chr4","36852599","36852900","38","20348739"
"chr22","16519951","16520243","chr11","108584077","108584374","28","92064126"
"chr22","16532412","16532731","chr5","158636538","158636835","65","142104126"
"chr22","16536567","16536855","chr1","66578973","66579259","33","50042406"
"chr22","16542546","16542849","chr10","59985513","59985813","34","43442967"
"chr22","16644483","16644776","chr16","48583435","48583727","35","31938952"
"chr22","16945322","16945621","chr2","19685564","19685867","55","2740242"
"chr22","16983110","16983407","chrX","23155568","23155864","30","6172458"
"chr22","16984863","16985041","chr7","41852412","41852589","33","24867549"
"chr22","17009103","17009405","chr1","54184910","54185214","30","37175807"
"chr22","17047546","17047803","chr10","60486235","60486496","35","43438689"
"chr22","17076621","17076912","chr6","177249478","177249776","32","160172857"
"chr22","17303366","17303656","chr10","60548706","60549008","48","43245340"
"chr22","17771987","17772295","chrX","130126302","130126612","33","112354315"
"chr22","17812323","17812625","chr10","61105971","61106272","34","43293648"
"chr22","17823938","17824177","chr4","11102991","11103196","66","6720947"
"chr22","17941831","17942125","chr7","71136987","71137280","36","53195156"
"chr22","17973931","17974125","chr2","109496441","109496651","40","91522510"
"chr22","18128762","18129000","chr10","61422952","61423198","36","43294190"
"chr22","18323465","18323630","chr1","129407736","129407901","24","111084271"
"chr22","18501494","18501796","chr14","2713092","2713395","25","15788402"
"chr22","18511497","18511803","chr14","103953537","103953843","29","85442040"
"chr22","18512361","18512663","chr1","22411003","22411299","34","3898642"
"chr22","18556605","18556883","chr3","61219427","61219705","39","42662822"
"chr22","18975264","18975558","chr10","60548706","60549008","41","41573442"
"chr22","18976910","18977201","chr10","60548706","60549008","46","41571796"
"chr22","18981489","18981782","chr10","87136170","87136463","31","68154681"
"chr22","19230585","19230714","chr5","34470826","34470968","37","15240241"
"chr22","19231415","19231505","chr11","40743980","40744071","14","21512565"
"chr22","19235458","19235757","chr20","30937004","30937299","42","11701546"
"chr22","19267112","19267424","chr6","165097221","165097526","40","145830109"
"chr22","19289033","19289324","chr10","60548706","60549008","42","41259673"
"chr22","19290296","19290587","chr10","60548706","60549008","42","41258410"
"chr22","19292033","19292324","chr10","60548706","60549008","44","41256673"
"chr22","19293879","19294033","chr2","188221169","188221332","36","168927290"
"chr22","19297462","19297760","chr12","115108242","115108542","28","95810780"
"chr22","19436316","19436613","chr6","134850385","134850684","32","115414069"
"chr22","19498574","19498862","chr16","50861987","50862274","31","31363413"
"chr22","19565265","19565575","chr10","62753482","62753791","29","43188217"
"chr22","19576680","19576833","chr5","18060035","18060193","36","1516645"
"chr22","19604256","19604545","chr10","62697602","62697897","20","43093346"
"chr22","19762232","19762532","chr1","61388678","61388976","33","41626446"
"chr22","19842458","19842623","chr11","54926961","54927123","20","35084503"
"chr22","19847581","19847764","chr18","58753718","58753894","38","38906137"
"chr22","19903102","19903256","chr5","18060035","18060193","27","1843067"
"chr22","19907575","19907738","chr11","6658602","6658773","27","13248973"
"chr22","19914900","19915210","chr9","6051573","6051887","30","13863327"
"chr22","19953516","19953808","chr10","62984965","62985245","35","43031449"
"chr22","19971371","19971660","chr11","14430900","14431189","32","5540471"
"chr22","20059469","20059632","chr11","6658602","6658773","28","13400867"
"chr22","20060568","20060742","chr1","27619548","27619722","32","7558980"
"chr22","20096055","20096176","chr6","155951511","155951633","13","135855456"
"chr22","20096536","20096631","chr19","17707348","17707458","28","2389188"
"chr22","20127658","20127946","chr5","140683657","140683916","60","120555999"
"chr22","20140913","20141211","chrX","95493966","95494262","30","75353053"
"chr22","20247776","20248049","chr13","81485991","81486272","42","61238215"
"chr22","20304135","20304439","chr2","142846173","142846480","44","122542038"
"chr22","20304960","20305122","chr7","35667652","35667813","34","15362692"
"chr22","20314198","20314382","chr1","35561294","35561462","52","15247096"
"chr22","20338752","20339040","chr2","109381027","109381314","32","89042275"
"chr22","20366303","20366461","chr9","120454632","120454793","21","100088329"
"chr22","20409352","20409660","chr13","39352330","39352639","36","18942978"
"chr22","20507761","20508018","chr2","98285830","98286085","32","77778069"
"chr22","20607970","20608266","chr3","77744436","77744731","34","57136466"
"chr22","21166602","21166898","chr8","96562576","96562873","29","75395974"
"chr22","21170173","21170323","chr3","39278557","39278723","38","18108384"
"chr22","21171529","21171823","chr10","60548706","60549008","44","39377177"
"chr22","21581938","21582248","chr4","42419026","42419332","29","20837088"
"chr22","21584952","21585244","chr18","24919244","24919532","28","3334292"
"chr22","21714257","21714556","chr2","68986282","68986581","28","47272025"
"chr22","21948227","21948515","chr3","142446579","142446870","34","120498352"
"chr22","22096257","22096575","chr20","8659416","8659737","41","13436841"
"chr22","22239321","22239496","chr13","89859967","89860138","30","67620646"
"chr22","22356558","22356866","chr10","65841235","65841540","34","43484677"
"chr22","22392270","22392566","chrX","101200764","101201064","36","78808494"
"chr22","22495242","22495542","chr7","41475606","41475906","33","18980364"
"chr22","22530115","22530412","chr6","132127364","132127664","32","109597249"
"chr22","22908302","22908603","chr10","66542506","66542810","29","43634204"
"chr22","22940300","22940606","chr14","118913053","118913356","31","95972753"
"chr22","22981606","22981913","chr4","108327631","108327935","33","85346025"
"chr22","23224510","23224808","chr16","76726175","76726471","34","53501665"
"chr22","23269490","23269789","chr10","66851964","66852255","36","43582474"
"chr22","23396855","23397150","chr16","4729688","4729979","35","18667167"
"chr22","23442384","23442673","chr11","108584077","108584374","40","85141693"
"chr22","23505743","23506043","chr6","174905209","174905512","35","151399466"
"chr22","23514969","23515280","chr16","74145810","74146120","35","50630841"
"chr22","23524371","23524676","chr19","35207943","35208243","30","11683572"
"chr22","23530817","23531118","chrX","63053911","63054208","37","39523094"
"chr22","23538720","23539015","chr2","18593973","18594272","38","4944747"
"chr22","23592971","23593242","chr10","67195222","67195492","32","43602251"
"chr22","23641222","23641514","chr1","9659856","9660151","34","13981366"
"chr22","23701543","23701753","chr19","8000001","8000213","31","15701542"
"chr22","23861325","23861621","chr5","158975124","158975425","35","135113799"
"chr22","23917040","23917350","chrX","872740","873049","36","23044300"
"chr22","24044613","24044909","chr6","174905209","174905512","35","150860596"
"chr22","24070477","24070767","chr4","313220","313508","54","23757257"
"chr22","24091349","24091650","chr10","66815543","66815845","32","42724194"
"chr22","24324614","24324912","chr11","124283009","124283305","30","99958395"
"chr22","24716076","24716350","chr4","151651621","151651899","44","126935545"
"chr22","24775073","24775351","chr1","53192216","53192497","33","28417143"
"chr22","25003775","25004093","chr6","176790550","176790858","39","151786775"
"chr22","25213351","25213657","chr10","68349031","68349333","27","43135680"
"chr22","25213721","25214037","chr10","68349387","68349711","43","43135666"
"chr22","25241917","25242214","chr16","57459171","57459466","65","32217254"
"chr22","25493698","25493863","chr13","89859967","89860138","25","64366269"
"chr22","25771125","25771421","chr12","84493501","84493799","29","58722376"
"chr22","25828191","25828357","chr7","129362850","129363013","31","103534659"
"chr22","25924623","25924917","chr18","66895567","66895862","36","40970944"
"chr22","26058301","26058610","chrX","872740","873049","33","25185561"
"chr22","26150637","26150930","chr10","69271353","69271647","26","43120716"
"chr22","26157915","26158180","chr2","107000844","107001103","32","80842929"
"chr22","26176888","26177198","chr7","41610323","41610635","40","15433435"
"chr22","26282093","26282403","chr19","44754788","44755097","36","18472695"
"chr22","26302660","26302954","chr1","199847714","199848008","33","173545054"
"chr22","26306799","26307111","chr4","48030195","48030505","27","21723396"
"chr22","26614274","26614584","chrX","49226498","49226807","30","22612224"
"chr22","26641383","26641687","chr3","17734708","17735011","36","8906675"
"chr22","26920228","26920526","chr10","70005222","70005520","27","43084994"
"chr22","27114778","27115069","chr16","19717324","19717617","39","7397454"
"chr22","27145212","27145514","chr6","173896362","173896661","26","146751150"
"chr22","27198279","27198582","chr4","71292858","71293156","31","44094579"
"chr22","27343987","27344279","chr10","70504251","70504546","27","43160264"
"chr22","27410365","27410662","chr10","70573606","70573903","30","43163241"
"chr22","27420241","27420532","chr14","66326782","66327072","27","38906541"
"chr22","27441976","27442252","chr3","61219427","61219705","31","33777451"
"chr22","27445754","27446054","chr11","91249259","91249558","35","63803505"
"chr22","27472484","27472783","chr10","70632402","70632688","33","43159918"
"chr22","27473308","27473616","chr10","70633226","70633522","56","43159918"
"chr22","27496934","27497241","chr16","3245842","3246150","32","24251092"
"chr22","27541190","27541460","chr3","2538496","2538783","48","25002694"
"chr22","27548208","27548507","chr10","70708738","70709039","31","43160530"
"chr22","27567762","27568069","chr1","38218968","38219269","40","10651206"
"chr22","27921124","27921416","chr11","108584077","108584374","29","80662953"
"chr22","28106690","28106864","chr5","13274636","13274819","53","14832054"
"chr22","28133597","28133908","chr10","71278236","71278543","36","43144639"
"chr22","28146720","28146997","chr4","167810197","167810485","43","139663477"
"chr22","28288065","28288259","chr4","57384832","57385028","45","29096767"
"chr22","28316951","28317259","chr4","134852861","134853168","30","106535910"
"chr22","28477341","28477516","chr15","10405383","10405560","29","18071958"
"chr22","28519858","28520137","chr4","160692905","160693183","39","132173047"
"chr22","28525851","28526143","chr7","166020953","166021249","30","137495102"
"chr22","28543733","28544041","chrX","130126302","130126612","33","101582569"
"chr22","28571126","28571390","chr7","117066853","117067122","36","88495727"
"chr22","28595849","28596147","chr4","170001134","170001432","36","141405285"
"chr22","28612222","28612521","chr19","48904606","48904900","37","20292384"
"chr22","28615703","28615976","chr10","71777572","71777845","16","43161869"
"chr22","28872395","28872695","chr11","15282559","15282855","28","13589836"
"chr22","28991222","28991526","chr10","72152307","72152618","27","43161085"
"chr22","28993122","28993429","chr10","72152307","72152618","29","43159185"
"chr22","29186556","29186820","chr16","41227858","41228131","52","12041302"
"chr22","29360266","29360570","chr2","50292284","50292589","36","20932018"
"chr22","29409167","29409477","chr12","364819","365130","32","29044348"
"chr22","29467269","29467542","chr2","80029263","80029536","27","50561994"
"chr22","29489140","29489430","chr2","57288005","57288297","27","27798865"
"chr22","29533069","29533367","chr10","72716610","72716905","32","43183541"
"chr22","29666029","29666321","chr16","9680856","9681147","40","19985173"
"chr22","29695724","29696009","chr10","72871842","72872141","30","43176118"
"chr22","29745908","29746096","chr17","39176135","39176331","43","9430227"
"chr22","29798382","29798693","chr6","176790550","176790858","32","146992168"
"chr22","30049474","30049656","chr9","62270006","62270180","29","32220532"
"chr22","30071224","30071535","chr13","39352330","39352639","34","9281106"
"chr22","30088649","30088944","chr7","26662562","26662859","33","3426087"
"chr22","30092829","30093122","chr10","35925060","35925352","31","5832231"
"chr22","30114006","30114284","chr7","96039852","96040130","35","65925846"
"chr22","30127736","30128034","chr20","57205726","57206029","31","27077990"
"chr22","30146576","30146874","chr10","73339075","73339385","28","43192499"
"chr22","30155657","30155971","chr3","13648107","13648424","36","16507550"
"chr22","30178078","30178385","chr16","75078674","75078974","42","44900596"
"chr22","30194469","30194771","chr19","29797445","29797716","71","397024"
"chr22","30243873","30244034","chr2","137462919","137463082","23","107219046"
"chr22","30249816","30250007","chr19","12959091","12959278","42","17290725"
"chr22","30299895","30300190","chr3","48912719","48913013","33","18612824"
"chr22","30333159","30333464","chr2","84060483","84060788","40","53727324"
"chr22","30336065","30336174","chr1","35561772","35561885","23","5225707"
"chr22","30336314","30336522","chrX","78427195","78427409","45","48090881"
"chr22","30361367","30361663","chr17","25403429","25403726","37","4957938"
"chr22","30362731","30363036","chr14","18653571","18653875","37","11709160"
"chr22","30394183","30394478","chr15","108424452","108424741","36","78030269"
"chr22","30418419","30418719","chr7","61781005","61781304","35","31362586"
"chr22","30430216","30430465","chr10","73640654","73640906","29","43210438"
"chr22","30609603","30609872","chr10","73821365","73821632","30","43211762"
"chr22","30804995","30805287","chrX","80243775","80244076","37","49438780"
"chr22","30824137","30824439","chr1","22411003","22411299","47","8413134"
"chr22","30989518","30989671","chr7","3648725","3648875","26","27340793"
"chr22","31017015","31017316","chr14","16503370","16503668","33","14513645"
"chr22","31116755","31117070","chr10","74318252","74318561","34","43201497"
"chr22","31192443","31192741","chr1","199847714","199848008","36","168655271"
"chr22","31200015","31200251","chr9","93688855","93689088","25","62488840"
"chr22","31200417","31200460","chr15","1380399","1380444","8","29820018"
"chr22","31217685","31217994","chr19","44754788","44755097","30","13537103"
"chr22","31297381","31297688","chr1","213696862","213697173","36","182399481"
"chr22","31453710","31454012","chr10","74686314","74686611","35","43232604"
"chr22","31496108","31496404","chr3","77744436","77744731","28","46248328"
"chr22","31663467","31663763","chr10","74889481","74889775","35","43226014"
"chr22","31675538","31675840","chr10","74900855","74901157","34","43225317"
"chr22","31713852","31714077","chr7","148096130","148096368","79","116382278"
"chr22","31802495","31802796","chr7","69090622","69090921","40","37288127"
"chr22","31847116","31847414","chr1","61388678","61388976","33","29541562"
"chr22","31880303","31880548","chr12","1645361","1645609","29","30234942"
"chr22","31963102","31963397","chr11","108584077","108584374","34","76620975"
"chr22","32002580","32002866","chr4","36154204","36154490","33","4151624"
"chr22","32016482","32016778","chr10","75223121","75223426","25","43206639"
"chr22","32053282","32053587","chr17","25517924","25518232","27","6535358"
"chr22","32087295","32087571","chr10","75294477","75294752","26","43207182"
"chr22","32095639","32095929","chr1","23507101","23507386","31","8588538"
"chr22","32103478","32103728","chr8","102023887","102024121","34","69920409"
"chr22","32283305","32283617","chr3","97673764","97674072","36","65390459"
"chr22","32309558","32309867","chr7","113241613","113241916","33","80932055"
"chr22","32395826","32396134","chr1","2715985","2716290","37","29679841"
"chr22","32772338","32772583","chr12","1645361","1645609","33","31126977"
"chr22","32812166","32812467","chr10","76002507","76002799","38","43190341"
"chr22","32844003","32844227","chr7","6236506","6236728","31","26607497"
"chr22","33325836","33326111","chr10","76560209","76560485","32","43234373"
"chr22","33491502","33491798","chr9","94126582","94126878","37","60635080"
"chr22","33808988","33809292","chr1","54184910","54185214","35","20375922"
"chr22","33852353","33852647","chr4","88700124","88700424","33","54847771"
"chr22","34166179","34166478","chr1","223663197","223663496","30","189497018"
"chr22","34183628","34183925","chr10","77396705","77397013","31","43213077"
"chr22","34192630","34192939","chr7","50735926","50736234","35","16543296"
"chr22","34195995","34196301","chr4","134852861","134853168","31","100656866"
"chr22","34243913","34244212","chr19","34875967","34876267","28","632054"
"chr22","34274057","34274366","chr10","77489907","77490215","30","43215850"
"chr22","34304883","34305100","chr12","58289321","58289541","36","23984438"
"chr22","34321378","34321690","chr10","77545384","77545689","38","43224006"
"chr22","34374665","34374967","chr5","3262222","3262520","40","31112443"
"chr22","34423781","34424081","chrX","95082495","95082798","29","60658714"
"chr22","34527217","34527520","chr10","77750906","77751215","29","43223689"
"chr22","34555551","34555711","chr1","130615501","130615669","32","96059950"
"chr22","34591712","34591981","chr10","77813525","77813794","27","43221813"
"chr22","34658077","34658374","chr6","177249478","177249776","33","142591401"
"chr22","34775016","34775314","chrX","23130799","23131097","32","11644217"
"chr22","34791248","34791549","chr15","87598388","87598685","28","52807140"
"chr22","34798271","34798576","chr9","118128783","118129088","31","83330512"
"chr22","34800985","34801275","chr10","78025896","78026196","36","43224911"
"chr22","34843302","34843577","chr7","19039688","19039974","41","15803614"
"chr22","34856340","34856634","chr11","108584077","108584374","32","73727737"
"chr22","35244386","35244709","chr6","93898120","93898438","42","58653734"
"chr22","35344510","35344800","chr9","28763575","28763866","33","6580935"
"chr22","35419220","35419529","chr13","39352330","39352639","38","3933110"
"chr22","35459811","35460030","chr4","73554117","73554330","25","38094306"
"chr22","35745799","35746109","chr7","96338478","96338786","36","60592679"
"chr22","35982015","35982322","chr11","121002208","121002514","34","85020193"
"chr22","36029497","36029808","chrX","130126302","130126612","26","94096805"
"chr22","36053737","36054036","chr6","155329774","155330069","29","119276037"
"chr22","36153033","36153338","chr20","65776652","65776952","34","29623619"
"chr22","36236062","36236368","chr12","98050892","98051201","31","61814830"
"chr22","36241057","36241367","chr1","39563825","39564136","30","3322768"
"chr22","36247888","36248187","chr3","11748359","11748665","41","24499529"
"chr22","36294776","36295008","chr8","102023887","102024121","36","65729111"
"chr22","36369148","36369459","chr6","174905209","174905512","44","138536061"
"chr22","36375997","36376289","chr20","14110122","14110415","57","22265875"
"chr22","36524926","36525229","chr20","40335976","40336280","34","3811050"
"chr22","36555915","36556197","chr20","53893293","53893579","56","17337378"
"chr22","36594101","36594392","chr10","79951173","79951459","34","43357072"
"chr22","36689597","36689849","chr1","5957723","5957979","34","30731874"
"chr22","36803256","36803558","chr3","168251317","168251618","25","131448061"
"chr22","36820806","36821091","chrX","117589965","117590253","33","80769159"
"chr22","36848655","36848818","chr8","135845405","135845573","31","98996750"
"chr22","36861728","36862002","chr9","95217727","95218006","35","58355999"
"chr22","36984455","36984778","chr5","13885462","13885777","38","23098993"
"chr22","36985480","36985772","chr12","121351661","121351954","38","84366181"
"chr22","36986386","36986545","chr1","129407736","129407901","30","92421350"
"chr22","36994464","36994784","chrX","52884540","52884848","44","15890076"
"chr22","37006291","37006504","chr15","107971636","107971861","69","70965345"
"chr22","37011261","37011568","chr17","82184412","82184713","33","45173151"
"chr22","37102598","37102904","chr2","56202032","56202338","34","19099434"
"chr22","37139650","37139952","chr3","44070862","44071165","39","6931212"
"chr22","37142593","37142894","chrX","18394346","18394650","45","18748247"
"chr22","37203009","37203316","chr13","72779565","72779870","31","35576556"
"chr22","37212661","37212959","chr11","120741846","120742138","31","83529185"
"chr22","37248055","37248301","chr5","133076217","133076473","38","95828162"
"chr22","37264079","37264380","chr15","99268122","99268420","32","62004043"
"chr22","37266947","37267253","chr1","54184910","54185214","30","16917963"
"chr22","37269903","37270210","chr9","93872647","93872956","29","56602744"
"chr22","37289743","37290050","chr10","80603901","80604210","30","43314158"
"chr22","37418935","37419234","chr10","80734882","80735187","26","43315947"
"chr22","37514000","37514301","chr4","54062553","54062848","29","16548553"
"chr22","37561216","37561512","chr19","1147467","1147760","37","36413749"
"chr22","37655426","37655721","chr3","86439045","86439339","35","48783619"
"chr22","37688353","37688656","chr10","80949754","80950055","33","43261401"
"chr22","37727921","37728226","chr3","97673764","97674072","41","59945843"
"chr22","37736836","37737134","chr3","74896182","74896480","33","37159346"
"chr22","37785185","37785488","chr6","147351072","147351371","36","109565887"
"chr22","37789854","37790162","chr4","5357211","5357521","29","32432643"
"chr22","38015581","38015737","chr19","10635260","10635411","32","27380321"
"chr22","38028368","38028736","chr2","92231318","92231658","77","54202950"
"chr22","38055278","38055565","chr5","188582053","188582349","43","150526775"
"chr22","38057734","38058026","chr2","199346069","199346364","37","161288335"
"chr22","38082702","38082921","chr4","8224542","8224754","29","29858160"
"chr22","38093184","38093491","chr10","7856482","7856792","44","30236702"
"chr22","38196983","38197274","chr15","108330667","108330955","29","70133684"
"chr22","38397205","38397511","chr17","25517924","25518232","29","12879281"
"chr22","38517022","38517329","chr1","156547387","156547697","36","118030365"
"chr22","38560186","38560491","chr10","81868482","81868784","33","43308296"
"chr22","38727818","38728124","chr13","34022342","34022647","32","4705476"
"chr22","38750588","38750889","chr10","82052461","82052753","35","43301873"
"chr22","38804198","38804498","chr3","174068153","174068451","32","135263955"
"chr22","38866835","38867126","chr20","28697028","28697324","40","10169807"
"chr22","38875483","38875779","chr7","49247024","49247315","30","10371541"
"chr22","38933570","38933880","chr3","44070862","44071165","31","5137292"
"chr22","38937922","38938219","chr6","1092742","1093043","39","37845180"
"chr22","38947919","38948198","chr5","121854857","121855138","35","82906938"
"chr22","38960062","38960364","chrX","23130799","23131097","32","15829263"
"chr22","38961289","38961518","chr18","10444830","10445052","27","28516459"
"chr22","38964643","38964939","chr9","107225403","107225696","32","68260760"
"chr22","39011927","39012235","chr19","15978488","15978799","35","23033439"
"chr22","39161010","39161314","chr20","54448223","54448522","37","15287213"
"chr22","39204319","39204527","chr6","63630625","63630830","31","24426306"
"chr22","39220196","39220476","chr10","82520895","82521176","25","43300699"
"chr22","39402179","39402488","chr7","87947189","87947499","36","48545010"
"chr22","39409131","39409187","chr9","13987239","13987300","19","25421892"
"chr22","39508787","39509083","chr6","177249478","177249776","31","137740691"
"chr22","39561302","39561598","chr5","40344267","40344565","32","782965"
"chr22","39614652","39614960","chr1","54184910","54185214","47","14570258"
"chr22","39628425","39628619","chr17","39176135","39176331","33","452290"
"chr22","39641288","39641602","chr10","82962854","82963161","32","43321566"
"chr22","39646279","39646567","chrX","1027768","1028060","40","38618511"
"chr22","39656728","39656937","chr11","40743477","40743677","37","1086749"
"chr22","39668068","39668358","chr17","81518342","81518634","30","41850274"
"chr22","39686329","39686612","chr1","41136252","41136539","30","1449923"
"chr22","39727568","39727866","chr8","40326404","40326701","35","598836"
"chr22","39732245","39732534","chrX","104117492","104117780","40","64385247"
"chr22","39796520","39796821","chr4","69409816","69410121","34","29613296"
"chr22","39801650","39801949","chr1","22411003","22411299","35","17390647"
"chr22","39905682","39905989","chr3","170399117","170399420","34","130493435"
"chr22","39958547","39958840","chr4","154039231","154039527","30","114080684"
"chr22","40002136","40002438","chr10","83347486","83347784","31","43345350"
"chr22","40023876","40024173","chr11","132192779","132193080","27","92168903"
"chr22","40041058","40041362","chr13","43317795","43318094","32","3276737"
"chr22","40047077","40047376","chr11","108584077","108584374","28","68537000"
"chr22","40149650","40149951","chr10","83505298","83505598","27","43355648"
"chr22","40161840","40162143","chr13","72779565","72779870","31","32617725"
"chr22","40172654","40172851","chr17","39176135","39176331","30","996519"
"chr22","40174282","40174333","chr20","54495305","54495348","14","14321023"
"chr22","40174922","40175094","chr2","15318266","15318436","31","24856656"
"chr22","40202182","40202345","chr11","54926961","54927123","19","14724779"
"chr22","40219312","40219619","chr3","127920807","127921108","37","87701495"
"chr22","40237076","40237373","chr16","15610530","15610824","30","24626546"
"chr22","40271230","40271519","chr10","83645842","83646133","24","43374612"
"chr22","40278428","40278731","chr15","104401844","104402147","39","64123416"
"chr22","40307050","40307349","chr14","118913053","118913356","30","78606003"
"chr22","40358603","40358769","chr1","110065444","110065608","22","69706841"
"chr22","40417038","40417346","chr4","5357211","5357521","31","35059827"
"chr22","40439371","40439672","chr10","83801216","83801517","28","43361845"
"chr22","40463072","40463367","chr5","41819509","41819795","34","1356437"
"chr22","40526930","40527224","chr12","121351661","121351954","31","80824731"
"chr22","40563796","40564093","chr1","34922657","34922952","37","5641139"
"chr22","40570958","40571258","chr20","54448223","54448522","36","13877265"
"chr22","40738519","40738817","chr10","84110284","84110579","25","43371765"
"chr22","40837920","40838207","chr2","109920422","109920701","36","69082502"
"chr22","40976891","40977172","chr5","54436616","54436898","39","13459725"
"chr22","41024343","41024581","chr9","118002402","118002650","38","76978059"
"chr22","41110980","41111139","chr7","35667652","35667813","27","5443328"
"chr22","41145864","41146173","chr6","144326388","144326693","38","103180524"
"chr22","41407189","41407325","chr10","82796400","82796530","23","41389211"
"chr22","41423668","41423963","chr1","206202604","206202903","40","164778936"
"chr22","41672098","41672405","chr4","134852861","134853168","39","93180763"
"chr22","41703753","41704053","chr3","74896182","74896480","39","33192429"
"chr22","41748787","41749094","chr1","165996033","165996341","33","124247246"
"chr22","41763374","41763659","chr2","63419289","63419578","39","21655915"
"chr22","41830419","41830727","chr6","144326388","144326693","33","102495969"
"chr22","41838252","41838559","chr2","100586330","100586626","38","58748078"
"chr22","41843131","41843339","chr18","2477749","2477968","39","39365382"
"chr22","41853217","41853514","chr1","22411003","22411299","32","19442214"
"chr22","41855834","41856116","chr9","26141768","26142045","37","15714066"
"chr22","41901609","41901912","chr5","51852378","51852683","29","9950769"
"chr22","42079652","42079922","chr2","56486018","56486290","29","14406366"
"chr22","42115980","42116288","chr13","59432563","59432870","31","17316583"
"chr22","42378807","42378892","chr20","9097903","9097981","30","33280904"
"chr22","42401508","42401810","chr5","51423127","51423433","39","9021619"
"chr22","42440993","42441298","chr14","118913053","118913356","26","76472060"
"chr22","42544138","42544447","chr1","92520157","92520464","40","49976019"
"chr22","42726704","42727000","chr10","86113507","86113800","28","43386803"
"chr22","42774782","42775089","chr12","82259755","82260061","36","39484973"
"chr22","42803781","42804092","chr12","116782359","116782666","32","73978578"
"chr22","42902464","42902755","chr16","45940325","45940615","33","3037861"
"chr22","43222602","43222910","chr16","628664","628975","30","42593938"
"chr22","43392835","43393138","chr9","91863683","91863975","45","48470848"
"chr22","43650988","43651296","chr3","24845532","24845839","38","18805456"
"chr22","43869433","43869742","chr4","108327631","108327935","35","64458198"
"chr22","43883610","43883898","chr2","150283283","150283580","38","106399673"
"chr22","43888374","43888680","chr1","54184910","54185214","33","10296536"
"chr22","44005088","44005252","chr3","76215454","76215617","20","32210366"
"chr22","44045393","44045689","chr14","2713092","2713395","32","41332301"
"chr22","44091760","44092054","chr6","148347411","148347707","33","104255651"
"chr22","44240382","44240694","chr1","54184910","54185214","42","9944528"
"chr22","44241907","44242218","chr1","7768760","7769067","34","36473147"
"chr22","44394811","44395121","chrX","872740","873049","33","43522071"
"chr22","44428075","44428371","chr12","90261342","90261635","27","45833267"
"chr22","44860505","44860804","chr11","131210328","131210629","30","86349823"
"chr22","45116985","45117295","chr1","165996033","165996341","35","120879048"
"chr22","45122491","45122787","chr14","22323391","22323685","32","22799100"
"chr22","45279594","45279892","chr5","1773882","1774179","33","43505712"
"chr22","45737248","45737547","chr20","54448223","54448522","34","8710975"
"chr22","45893597","45893917","chr9","105321199","105321510","47","59427602"
"chr22","46090379","46090637","chr10","89495060","89495316","22","43404681"
"chr22","46275350","46275639","chr3","142446579","142446870","31","96171229"
"chr22","46363979","46364285","chr1","54184910","54185214","38","7820931"
"chr22","46413619","46413928","chr10","89818338","89818646","35","43404719"
"chr22","46562151","46562454","chr7","127065845","127066144","37","80503694"
"chr22","46733205","46733529","chr10","90118209","90118528","43","43385004"
"chr22","46755890","46756207","chr10","90136038","90136355","41","43380148"
"chr22","46760057","46760347","chr1","61388678","61388976","44","14628621"
"chr22","46879009","46879284","chr2","57954227","57954502","43","11075218"
"chr22","46915544","46915854","chr10","90290522","90290829","27","43374978"
"chr22","47025181","47025482","chr3","174068153","174068451","31","127042972"
"chr22","47076552","47076854","chr16","6373416","6373727","40","40703136"
"chr22","47583616","47583922","chr17","82184412","82184713","34","34600796"
"chr22","47676170","47676342","chr11","6658602","6658773","23","41017568"
"chr22","48064782","48065059","chr3","10459246","10459518","35","37605536"
"chr22","48286697","48286987","chr7","132513332","132513622","37","84226635"
"chr22","48474495","48474807","chr4","5955341","5955651","36","42519154"
"chr22","48695397","48695697","chr7","127065845","127066144","34","78370448"
"chr22","48722465","48722763","chr7","52277962","52278267","40","3555497"
"chr22","48922293","48922603","chr15","9405598","9405906","32","39516695"
"chr22","48999800","49000000","chr4","57384832","57385028","42","8385032"
"chr22","49039275","49039434","chr12","96179892","96180046","28","47140617"
"chr22","49237564","49237862","chr1","54184910","54185214","34","4947346"
"chr22","49238056","49238364","chr5","51423127","51423433","36","2185071"
"chr22","49303951","49304257","chr10","92400070","92400380","37","43096119"
"chr22","49314479","49314769","chr2","203454104","203454390","34","154139625"
"chr22","49428504","49428810","chr11","121677919","121678225","32","72249415"
"chr22","49549006","49549213","chr2","109496441","109496651","41","59947435"
"chr2A","52035575","52035889","chr7","90082180","90082496","34","38046605"
"chr2A","108133","108424","chr10","35385148","35385439","34","35277015"
"chr2A","235808","236117","chrX","872740","873049","25","636932"
"chr2A","1093762","1094071","chrX","872740","873049","33","221022"
"chr2A","1152807","1153096","chr2","63419289","63419578","30","62266482"
"chr2A","1260353","1260655","chr19","50863135","50863438","31","49602782"
"chr2A","1330053","1330362","chr4","86562055","86562362","40","85232002"
"chr2A","1963475","1963771","chr8","65531215","65531499","36","63567740"
"chr2A","2073639","2073946","chr7","74256869","74257176","32","72183230"
"chr2A","2238571","2238878","chr13","2295198","2295505","32","56627"
"chr2A","3078390","3078682","chr9","26215862","26216159","33","23137472"
"chr2A","3182654","3182947","chr13","3550274","3550561","34","367620"
"chr2A","3337537","3337833","chr13","3690426","3690725","34","352889"
"chr2A","4261301","4261601","chr2","27813797","27814098","40","23552496"
"chr2A","4301874","4302173","chr8","8325984","8326278","29","4024110"
"chr2A","4644638","4644913","chr11","6270545","6270824","49","1625907"
"chr2A","4686142","4686436","chr7","61336293","61336589","35","56650151"
"chr2A","4926870","4927171","chr4","124023077","124023378","37","119096207"
"chr2A","4939076","4939368","chr8","8325984","8326278","39","3386908"
"chr2A","5931352","5931659","chr16","3520694","3521001","31","2410658"
"chr2A","6375914","6376219","chr14","2713092","2713395","38","3662822"
"chr2A","6518411","6518722","chrX","872740","873049","38","5645671"
"chr2A","6537599","6537926","chr20","8659416","8659737","43","2121817"
"chr2A","6760578","6760792","chr13","101622015","101622230","29","94861437"
"chr2A","6772391","6772693","chr2","111182376","111182681","31","104409985"
"chr2A","7093493","7093753","chr13","6931938","6932193","27","161555"
"chr2A","7205391","7205706","chr3","13648107","13648424","42","6442716"
"chr2A","7545067","7545363","chr9","97691532","97691834","45","90146465"
"chr2A","8264057","8264225","chr15","6911024","6911192","22","1353033"
"chr2A","8341366","8341652","chr1","22411003","22411299","41","14069637"
"chr2A","9215194","9215485","chr13","9061095","9061395","28","154099"
"chr2A","9502377","9502678","chr13","9397630","9397926","27","104747"
"chr2A","9651999","9652290","chr13","9550833","9551123","30","101166"
"chr2A","9888671","9888965","chr13","9806512","9806804","17","82159"
"chr2A","10057673","10057956","chr1","136720804","136721098","39","126663131"
"chr2A","10234973","10235235","chr1","26673468","26673727","33","16438495"
"chr2A","10280505","10280821","chr1","14303037","14303352","38","4022532"
"chr2A","10555098","10555399","chr3","184218283","184218583","28","173663185"
"chr2A","10625049","10625347","chr14","42813387","42813686","38","32188338"
"chr2A","10640107","10640420","chr16","48006420","48006729","37","37366313"
"chr2A","10795711","10796018","chr13","10698150","10698456","36","97561"
"chr2A","11186480","11186657","chr15","10405383","10405560","28","781097"
"chr2A","11193753","11194059","chr13","11081854","11082163","28","111899"
"chr2A","11359012","11359306","chr13","11241511","11241801","26","117501"
"chr2A","11873922","11874221","chr4","88700124","88700424","33","76826202"
"chr2A","11998873","11999179","chr11","110456127","110456422","39","98457254"
"chr2A","12148764","12149048","chr12","55098584","55098860","41","42949820"
"chr2A","12274883","12275191","chr16","628664","628975","32","11646219"
"chr2A","12577657","12577967","chr3","24845532","24845839","30","12267875"
"chr2A","12680706","12680984","chr15","47928391","47928665","41","35247685"
"chr2A","12980222","12980524","chr13","12865207","12865502","38","115015"
"chr2A","13063308","13063621","chr1","9084605","9084914","66","3978703"
"chr2A","14241148","14241464","chr12","110082565","110082875","40","95841417"
"chr2A","14415862","14416075","chr13","14255102","14255303","28","160760"
"chr2A","14426677","14426962","chr4","137261768","137262054","36","122835091"
"chr2A","14809574","14809849","chr13","14629708","14629984","34","179866"
"chr2A","15268632","15268965","chr14","76613494","76613833","54","61344862"
"chr2A","15439860","15440162","chr3","184218283","184218583","41","168778423"
"chr2A","15743770","15744080","chr7","113241613","113241916","35","97497843"
"chr2A","15798408","15798562","chr11","133328099","133328256","32","117529691"
"chr2A","15806681","15806996","chr13","15621790","15622104","33","184891"
"chr2A","15893510","15893551","chr20","54495305","54495348","19","38601795"
"chr2A","15944261","15944569","chrX","130126302","130126612","33","114182041"
"chr2A","16094068","16094366","chr8","41718631","41718927","35","25624563"
"chr2A","16099167","16099465","chr8","41718631","41718927","34","25619464"
"chr2A","16128770","16129064","chr16","11360126","11360421","28","4768644"
"chr2A","16389401","16389708","chr8","65019239","65019549","37","48629838"
"chr2A","16644903","16645222","chr13","16444397","16444724","33","200506"
"chr2A","16649723","16650018","chr20","28697028","28697324","32","12047305"
"chr2A","17319739","17320007","chr15","110936438","110936718","54","93616699"
"chr2A","17918615","17918917","chr11","108584077","108584374","32","90665462"
"chr2A","18261882","18262176","chr15","110936438","110936718","45","92674556"
"chr2A","18445752","18446039","chr9","40127640","40127939","53","21681888"
"chr2A","18522080","18522368","chr14","66326782","66327072","36","47804702"
"chr2A","18878020","18878341","chrX","872740","873049","43","18005280"
"chr2A","18893678","18893960","chr7","63363325","63363605","43","44469647"
"chr2A","19811041","19811320","chr4","151651621","151651899","36","131840580"
"chr2A","19873575","19873867","chr10","35385148","35385439","34","15511573"
"chr2A","19908677","19908993","chr4","34396501","34396812","43","14487824"
"chr2A","20013910","20014236","chr13","19715825","19716125","55","298085"
"chr2A","20197075","20197382","chrX","53714392","53714701","31","33517317"
"chr2A","20208946","20209260","chr7","42917115","42917430","40","22708169"
"chr2A","20269452","20269757","chr1","54184910","54185214","33","33915458"
"chr2A","20324251","20324560","chr19","44754788","44755097","40","24430537"
"chr2A","20543718","20544022","chr19","1120205","1120506","33","19423513"
"chr2A","20724438","20724673","chr2","55729004","55729244","38","35004566"
"chr2A","21027495","21027808","chr4","5357211","5357521","37","15670284"
"chr2A","21248880","21249189","chr1","214981520","214981826","37","193732640"
"chr2A","21445420","21445694","chr2","80029263","80029536","32","58583843"
"chr2A","21509814","21510118","chr13","21465218","21465523","35","44596"
"chr2A","21842744","21843053","chr4","5357211","5357521","33","16485533"
"chr2A","22400498","22400785","chr14","7615198","7615488","36","14785300"
"chr2A","22760965","22761211","chr8","29256394","29256650","41","6495429"
"chr2A","22770670","22770977","chr17","30633052","30633358","34","7862382"
"chr2A","22892682","22892975","chr13","22813050","22813339","40","79632"
"chr2A","23537547","23537856","chr13","23436985","23437293","34","100562"
"chr2A","24120271","24120518","chr14","116060998","116061241","30","91940727"
"chr2A","24125308","24125588","chr13","24012693","24012966","32","112615"
"chr2A","24200257","24200519","chr8","7635143","7635400","46","16565114"
"chr2A","24243869","24244091","chr10","35244606","35244821","33","11000737"
"chr2A","24246729","24247041","chr13","24140117","24140425","31","106612"
"chr2A","24263429","24263612","chr1","160468003","160468185","39","136204574"
"chr2A","24263905","24264187","chr7","152394073","152394347","42","128130168"
"chr2A","24347589","24347893","chr2","64819781","64820080","25","40472192"
"chr2A","24431501","24431791","chr3","155246047","155246338","33","130814546"
"chr2A","24681593","24681834","chr6","8503256","8503489","36","16178337"
"chr2A","24683734","24683892","chr19","42189213","42189372","19","17505479"
"chr2A","24720567","24720859","chr15","108330667","108330955","37","83610100"
"chr2A","24742701","24743015","chr10","72588724","72589047","45","47846023"
"chr2A","24760199","24760501","chr4","14760499","14760778","61","9999700"
"chr2A","24790517","24790792","chr13","24702950","24703224","36","87567"
"chr2A","24827243","24827551","chr17","25517924","25518232","30","690681"
"chr2A","24865481","24865773","chr11","51511265","51511558","29","26645784"
"chr2A","24921316","24921585","chr13","24827325","24827596","37","93991"
"chr2A","24923146","24923460","chrX","97226897","97227218","47","72303751"
"chr2A","25072953","25073279","chrX","97226897","97227218","41","72153944"
"chr2A","25295089","25295379","chr15","108424452","108424741","29","83129363"
"chr2A","25398668","25398975","chr16","40054513","40054819","31","14655845"
"chr2A","25401001","25401293","chr8","131215418","131215712","28","105814417"
"chr2A","25519891","25520098","chr18","12157369","12157570","43","13362522"
"chr2A","25633553","25633851","chrX","113459109","113459405","28","87825556"
"chr2A","25678905","25679204","chr16","11360126","11360421","29","14318779"
"chr2A","25684735","25685039","chr16","6373416","6373727","33","19311319"
"chr2A","26006404","26006702","chr13","25918228","25918523","35","88176"
"chr2A","26020442","26020531","chr1","12339903","12339996","34","13680539"
"chr2A","26020532","26020633","chr1","164629502","164629597","20","138608970"
"chr2A","26098406","26098753","chr9","18260448","18260781","58","7837958"
"chr2A","26127262","26127559","chr6","134850385","134850684","33","108723123"
"chr2A","26134095","26134264","chr5","139059636","139059807","31","112925541"
"chr2A","26207634","26207932","chr13","26117274","26117586","35","90360"
"chr2A","26287443","26287765","chr7","73697750","73698069","42","47410307"
"chr2A","26374360","26374378","chr9","101572590","101572607","4","75198230"
"chr2A","26374549","26374666","chr19","17707348","17707458","31","8667201"
"chr2A","26374722","26374916","chr12","67307362","67307555","24","40932640"
"chr2A","26408414","26408578","chrX","51786687","51786849","30","25378273"
"chr2A","26431639","26431937","chr13","26344242","26344549","38","87397"
"chr2A","26437448","26437598","chr20","15121853","15122007","36","11315595"
"chr2A","26577160","26577443","chr3","49804678","49804963","30","23227518"
"chr2A","26641115","26641435","chr1","218582809","218583117","41","191941694"
"chr2A","26689194","26689494","chr1","85807051","85807354","34","59117857"
"chr2A","26702586","26702874","chr15","88221971","88222256","46","61519385"
"chr2A","26759665","26759970","chr1","165996033","165996341","31","139236368"
"chr2A","26911569","26911879","chr1","25380611","25380914","36","1530958"
"chr2A","27032291","27032616","chr4","132543231","132543546","43","105510940"
"chr2A","27122099","27122282","chr5","740668","740849","43","26381431"
"chr2A","27160626","27160931","chr13","27053376","27053681","29","107250"
"chr2A","27241902","27242201","chr2","84060483","84060788","42","56818581"
"chr2A","27420123","27420418","chr16","57459171","57459466","29","30039048"
"chr2A","27483241","27483551","chr13","27386229","27386532","30","97012"
"chr2A","27524589","27524893","chrX","130126302","130126612","33","102601713"
"chr2A","27588810","27588997","chr19","12959091","12959278","36","14629719"
"chr2A","27599569","27599880","chr13","27512266","27512573","33","87303"
"chr2A","27648463","27648795","chrX","113387824","113388146","41","85739361"
"chr2A","27670292","27670569","chrX","28117470","28117748","48","447178"
"chr2A","27674515","27674821","chrX","52884540","52884848","31","25210025"
"chr2A","27801113","27801409","chr1","22411003","22411299","35","5390110"
"chr2A","27809020","27809332","chr13","27717363","27717665","40","91657"
"chr2A","27812039","27812338","chr7","68336549","68336846","31","40524510"
"chr2A","27817086","27817364","chr20","26097479","26097758","23","1719607"
"chr2A","27852880","27853177","chr13","27761692","27761991","30","91188"
"chr2A","27992528","27992836","chr13","27892754","27893059","27","99774"
"chr2A","28215864","28216168","chr1","54184910","54185214","31","25969046"
"chr2A","28582792","28583092","chr3","74896182","74896480","26","46313390"
"chr2A","28650516","28650806","chr10","87136170","87136463","33","58485654"
"chr2A","28749404","28749700","chr3","48879684","48879984","33","20130280"
"chr2A","28977076","28977351","chr13","28883914","28884184","23","93162"
"chr2A","29165073","29165295","chr3","120219164","120219385","30","91054091"
"chr2A","29194513","29194699","chr2","49127094","49127264","44","19932581"
"chr2A","29200049","29200339","chr9","97296561","97296851","38","68096512"
"chr2A","29230860","29231170","chr6","176790550","176790858","34","147559690"
"chr2A","29284968","29285262","chr13","29190543","29190840","35","94425"
"chr2A","29501444","29501721","chr19","4746347","4746633","42","24755097"
"chr2A","29742340","29742668","chr1","182102356","182102675","52","152360016"
"chr2A","29820773","29821080","chr11","122284883","122285181","46","92464110"
"chr2A","29959388","29959689","chr9","94126582","94126878","32","64167194"
"chr2A","30198991","30199312","chr7","90082180","90082496","37","59883189"
"chr2A","30309512","30309820","chr8","105120121","105120431","31","74810609"
"chr2A","30470881","30471172","chrX","19203852","19204150","28","11267029"
"chr2A","30547055","30547164","chr18","12156315","12156414","51","18390740"
"chr2A","30560989","30561262","chr2","56486018","56486290","34","25925029"
"chr2A","30563380","30563690","chr13","30480525","30480835","25","82855"
"chr2A","30602197","30602384","chr13","30520352","30520545","26","81845"
"chr2A","30895205","30895529","chr20","7885133","7885440","68","23010072"
"chr2A","30916143","30916442","chr4","5955341","5955651","45","24960802"
"chr2A","31384654","31384957","chr1","125780213","125780512","38","94395559"
"chr2A","31480275","31480580","chrX","80243775","80244076","28","48763500"
"chr2A","32000213","32000478","chr13","31987200","31987465","24","13013"
"chr2A","32307611","32307921","chr17","30633052","30633358","31","1674559"
"chr2A","32393018","32393321","chr10","62419232","62419531","32","30026214"
"chr2A","32474075","32474364","chr3","155246047","155246338","36","122771972"
"chr2A","32491372","32491656","chr1","199847714","199848008","42","167356342"
"chr2A","32533714","32534013","chr14","104583689","104583989","36","72049975"
"chr2A","32574693","32574958","chr3","41527642","41527904","33","8952949"
"chr2A","32619325","32619613","chr9","108533013","108533306","46","75913688"
"chr2A","32736145","32736457","chr4","134852861","134853168","34","102116716"
"chr2A","32756449","32756754","chr16","1680827","1681137","35","31075622"
"chr2A","32824031","32824330","chr2","47824467","47824767","34","15000436"
"chr2A","32877386","32877673","chr16","1213264","1213551","35","31664122"
"chr2A","32982988","32983068","chr20","9097903","9097981","23","23885085"
"chr2A","32992152","32992431","chr12","17812545","17812825","41","15179607"
"chr2A","33231795","33232104","chr13","33217056","33217366","33","14739"
"chr2A","33276201","33276504","chr4","6021240","6021544","37","27254961"
"chr2A","33297160","33297414","chr13","33271413","33271671","32","25747"
"chr2A","33321007","33321269","chr10","29976901","29977153","40","3344106"
"chr2A","33788494","33788803","chr1","7768760","7769067","28","26019734"
"chr2A","33825271","33825579","chr19","50863135","50863438","30","17037864"
"chr2A","33868896","33869193","chr15","41981020","41981317","31","8112124"
"chr2A","33887834","33888117","chr7","63363325","63363605","38","29475491"
"chr2A","33898640","33898951","chr3","24924052","24924352","36","8974588"
"chr2A","33904383","33904682","chr3","153430601","153430899","32","119526218"
"chr2A","33918823","33919119","chrX","23130799","23131097","26","10788024"
"chr2A","34077601","34077898","chr9","119725479","119725779","44","85647878"
"chr2A","34214839","34215145","chr13","34173646","34173942","29","41193"
"chr2A","34232178","34232479","chr13","34198925","34199224","32","33253"
"chr2A","34315516","34315803","chr13","34273282","34273582","43","42234"
"chr2A","34347391","34347693","chr13","34304181","34304475","40","43210"
"chr2A","35009243","35009546","chr4","5357211","5357521","34","29652032"
"chr2A","35133687","35133978","chr8","93631919","93632210","29","58498232"
"chr2A","35151982","35152274","chr3","156134099","156134393","33","120982117"
"chr2A","35613710","35614005","chr15","87598388","87598685","32","51984678"
"chr2A","35657962","35658267","chr14","118913053","118913356","37","83255091"
"chr2A","35879733","35880042","chr9","26761843","26762151","33","9117890"
"chr2A","35973086","35973364","chr3","156152685","156152965","39","120179599"
"chr2A","36662497","36662803","chr3","55433032","55433335","32","18770535"
"chr2A","36734244","36734540","chr13","36650032","36650327","33","84212"
"chr2A","37288439","37288739","chr5","24413827","24414128","25","12874612"
"chr2A","37340028","37340290","chr2","55729004","55729244","63","18388976"
"chr2A","37352783","37353087","chr4","127363604","127363914","37","90010821"
"chr2A","37436070","37436369","chr13","66890389","66890690","34","29454319"
"chr2A","37472244","37472532","chr1","22411003","22411299","31","15061241"
"chr2A","37475597","37475888","chr12","121351661","121351954","36","83876064"
"chr2A","37541004","37541199","chr2","19456206","19456401","36","18084798"
"chr2A","37563391","37563580","chr8","142875829","142876020","23","105312438"
"chr2A","37699628","37699934","chr13","37638324","37638629","31","61304"
"chr2A","37707623","37707935","chr19","15978488","15978799","39","21729135"
"chr2A","37726008","37726306","chr7","10757695","10757986","36","26968313"
"chr2A","37859943","37860093","chr2","15019384","15019533","24","22840559"
"chr2A","38443956","38444246","chr13","38379823","38380104","30","64133"
"chr2A","38598777","38599095","chr19","15978488","15978799","46","22620289"
"chr2A","38838053","38838353","chr13","38753339","38753634","31","84714"
"chr2A","38904409","38904699","chr15","15837347","15837647","33","23067062"
"chr2A","38935523","38935593","chr1","223483494","223483582","30","184547971"
"chr2A","38936139","38936334","chr6","63630625","63630830","33","24694486"
"chr2A","39301041","39301332","chr13","39210579","39210870","24","90462"
"chr2A","39348430","39348694","chr1","14897395","14897671","49","24451035"
"chr2A","39413061","39413229","chrX","51786687","51786849","28","12373626"
"chr2A","39424575","39424713","chr3","33493296","33493438","31","5931279"
"chr2A","39443050","39443360","chr13","39352330","39352639","34","90720"
"chr2A","39652434","39652694","chr7","8680058","8680310","51","30972376"
"chr2A","39652709","39652884","chr12","84405516","84405692","42","44752807"
"chr2A","39673040","39673330","chr2","115581307","115581596","31","75908267"
"chr2A","39700574","39700856","chr17","78859912","78860191","26","39159338"
"chr2A","39808457","39808764","chr13","39779378","39779676","29","29079"
"chr2A","39809594","39809898","chr19","16362029","16362331","28","23447565"
"chr2A","39883062","39883359","chrX","140977303","140977601","32","101094241"
"chr2A","39933639","39933933","chr7","154966593","154966888","39","115032954"
"chr2A","39993078","39993375","chr13","106164334","106164628","35","66171256"
"chr2A","40028168","40028463","chr15","43831651","43831953","44","3803483"
"chr2A","40080485","40080764","chr16","76085495","76085774","39","36005010"
"chr2A","40482206","40482517","chr13","40424386","40424684","30","57820"
"chr2A","40792550","40792838","chr3","104205469","104205755","31","63412919"
"chr2A","40956251","40956561","chrX","52884540","52884848","27","11928289"
"chr2A","41581143","41581341","chr13","81318413","81318616","29","39737270"
"chr2A","41797280","41797601","chrX","67274706","67275021","45","25477426"
"chr2A","41826729","41827019","chr10","59919325","59919614","31","18092596"
"chr2A","41985482","41985790","chrX","49226498","49226807","37","7241016"
"chr2A","42251369","42251678","chr5","55369406","55369716","33","13118037"
"chr2A","42346229","42346525","chr7","155744826","155745124","44","113398597"
"chr2A","42694854","42695022","chr2","137462919","137463082","27","94768065"
"chr2A","42835700","42836006","chr1","85807051","85807354","30","42971351"
"chr2A","42837546","42837852","chr1","85807051","85807354","29","42969505"
"chr2A","42852264","42852580","chr19","15978488","15978799","42","26873776"
"chr2A","42962925","42963235","chr4","5955341","5955651","33","37007584"
"chr2A","42990300","42990594","chr8","96562576","96562873","32","53572276"
"chr2A","43050221","43050530","chrX","130126302","130126612","32","87076081"
"chr2A","43189458","43189754","chr12","124218850","124219146","31","81029392"
"chr2A","43211159","43211463","chr3","48879684","48879984","36","5668525"
"chr2A","43216784","43217091","chr9","105321199","105321510","28","62104415"
"chr2A","43233250","43233545","chr8","92404472","92404769","33","49171222"
"chr2A","43281143","43281443","chr6","176790550","176790858","37","133509407"
"chr2A","43282991","43283298","chr15","104401844","104402147","34","61118853"
"chr2A","43343292","43343593","chr11","108584077","108584374","23","65240785"
"chr2A","43381250","43381545","chr11","16362296","16362587","33","27018954"
"chr2A","43384882","43385191","chr13","43359461","43359771","36","25421"
"chr2A","43489271","43489561","chr2","149644045","149644340","31","106154774"
"chr2A","43649618","43649923","chr12","61309272","61309577","36","17659654"
"chr2A","43682040","43682347","chr13","43693230","43693530","29","11190"
"chr2A","43741923","43742219","chr17","80425702","80425988","36","36683779"
"chr2A","43859906","43860085","chr3","127934070","127934247","26","84074164"
"chr2A","44037674","44037956","chr7","51818990","51819274","23","7781316"
"chr2A","44235328","44235622","chr13","44247637","44247931","26","12309"
"chr2A","44403239","44403543","chr6","117180584","117180886","40","72777345"
"chr2A","44876359","44876481","chr14","113311902","113312011","31","68435543"
"chr2A","44886558","44886849","chr10","73354021","73354316","30","28467463"
"chr2A","44947385","44947696","chr4","54599855","54600165","37","9652470"
"chr2A","45211811","45212119","chr4","5357211","5357521","34","39854600"
"chr2A","45215063","45215351","chr3","128815519","128815810","31","83600456"
"chr2A","45550788","45550964","chrX","59842814","59842986","31","14292026"
"chr2A","45655388","45655698","chr13","45704870","45705179","31","49482"
"chr2A","45814862","45815021","chr7","129362850","129363013","29","83547988"
"chr2A","46299261","46299560","chr13","106164334","106164628","34","59865073"
"chr2A","46780664","46780970","chr17","4934219","4934525","33","41846445"
"chr2A","46863434","46863743","chr19","44754788","44755097","30","2108646"
"chr2A","47259711","47260019","chrX","130126302","130126612","28","82866591"
"chr2A","47307802","47308112","chr13","47304187","47304496","38","3615"
"chr2A","47403540","47403849","chr13","47393745","47394054","19","9795"
"chr2A","47420230","47420536","chr16","54764613","54764924","32","7344383"
"chr2A","47688558","47688729","chr4","30234632","30234808","54","17453926"
"chr2A","47892500","47892800","chr3","7367921","7368221","29","40524579"
"chr2A","48045181","48045477","chr13","48016633","48016933","31","28548"
"chr2A","48047612","48047920","chrX","129843953","129844263","25","81796341"
"chr2A","48053445","48053742","chr13","48024426","48024722","34","29019"
"chr2A","48190510","48190806","chr13","48159449","48159735","43","31061"
"chr2A","48194151","48194398","chr1","18869629","18869885","44","29324522"
"chr2A","48334512","48334813","chr20","30937004","30937299","41","17397508"
"chr2A","48415532","48415709","chr3","127934070","127934247","29","79518538"
"chr2A","48489404","48489702","chr13","48478469","48478780","31","10935"
"chr2A","48532113","48532273","chr5","18060035","18060193","27","30472078"
"chr2A","48679831","48679989","chr9","120454632","120454793","26","71774801"
"chr2A","48874437","48874736","chr14","69948701","69948994","42","21074264"
"chr2A","48927503","48927772","chr2","56486018","56486290","30","7558515"
"chr2A","48928440","48928751","chr12","98050892","98051201","50","49122452"
"chr2A","49286170","49286353","chr1","160468003","160468185","25","111181833"
"chr2A","49314866","49315169","chr11","114773297","114773597","41","65458431"
"chr2A","49446877","49447163","chr10","80574937","80575234","36","31128060"
"chr2A","49463011","49463313","chr2","115718113","115718417","30","66255102"
"chr2A","49542048","49542357","chr15","87598388","87598685","40","38056340"
"chr2A","49769717","49770016","chr6","9233435","9233732","46","40536282"
"chr2A","50396111","50396421","chrX","52884540","52884848","31","2488429"
"chr2A","50550100","50550404","chr3","81660981","81661284","48","31110881"
"chr2A","50820903","50821215","chr20","56319192","56319508","41","5498289"
"chr2A","50825921","50826233","chr13","50906765","50907069","29","80844"
"chr2A","51189962","51190254","chr15","8087432","8087723","33","43102530"
"chr2A","51290869","51291070","chr13","81318413","81318616","34","30027544"
"chr2A","52059989","52060320","chr8","110945072","110945389","53","58885083"
"chr2A","52228756","52229066","chr17","25517924","25518232","38","26710832"
"chr2A","52636366","52636603","chrX","924567","924799","39","51711799"
"chr2A","52721061","52721263","chr6","158452354","158452564","33","105731293"
"chr2A","53055921","53056194","chr1","204307037","204307312","28","151251116"
"chr2A","53163990","53164214","chr13","53172234","53172459","20","8244"
"chr2A","53511655","53511875","chr19","964579","964783","42","52547076"
"chr2A","53593833","53594112","chr13","53582244","53582514","37","11589"
"chr2A","53600610","53600906","chr7","26662562","26662859","31","26938048"
"chr2A","54332758","54333063","chr3","24845532","24845839","35","29487226"
"chr2A","54432918","54433211","chr13","54464896","54465189","31","31978"
"chr2A","54566701","54566996","chr13","54614393","54614684","30","47692"
"chr2A","54575783","54576093","chr1","27056894","27057200","43","27518889"
"chr2A","54782804","54782982","chrX","59842814","59842986","33","5060010"
"chr2A","54809599","54809893","chr13","54851827","54852116","32","42228"
"chr2A","54822530","54822826","chr3","7367921","7368221","32","47454609"
"chr2A","54824026","54824323","chr5","40344267","40344565","36","14479759"
"chr2A","54861242","54861513","chr3","4427747","4428022","38","50433495"
"chr2A","54982017","54982335","chr13","55021976","55022296","39","39959"
"chr2A","55192006","55192314","chrX","872740","873049","28","54319266"
"chr2A","55429260","55429430","chr2","15318266","15318436","24","40110994"
"chr2A","55565826","55566135","chr13","55645188","55645497","38","79362"
"chr2A","55989998","55990282","chr13","56100287","56100566","30","110289"
"chr2A","56000782","56001088","chr14","9112187","9112497","35","46888595"
"chr2A","56067420","56067727","chr8","26870979","26871283","35","29196441"
"chr2A","56138247","56138542","chr7","114172011","114172307","33","58033764"
"chr2A","56269931","56270232","chr13","56387935","56388234","28","118004"
"chr2A","56442328","56442590","chr1","44142426","44142700","38","12299902"
"chr2A","56490558","56490888","chr3","13648107","13648424","46","42842451"
"chr2A","56501566","56501860","chr2","200297174","200297466","36","143795608"
"chr2A","56527226","56527535","chr2","173361133","173361438","32","116833907"
"chr2A","56996380","56996681","chr20","57205726","57206029","34","209346"
"chr2A","57133266","57133588","chr4","5357211","5357521","41","51776055"
"chr2A","57963585","57963812","chr12","77647110","77647330","33","19683525"
"chr2A","58050374","58050678","chr12","115108242","115108542","32","57057868"
"chr2A","58573543","58573852","chr1","54184910","54185214","37","4388633"
"chr2A","58585460","58585752","chr13","58580302","58580594","28","5158"
"chr2A","59396152","59396417","chr11","63306195","63306457","36","3910043"
"chr2A","59478279","59478572","chr16","4237255","4237548","30","55241024"
"chr2A","59850297","59850600","chr14","11390737","11391040","32","48459560"
"chr2A","61220839","61221124","chr13","61154306","61154584","32","66533"
"chr2A","61306377","61306687","chr3","81656161","81656467","46","20349784"
"chr2A","61480341","61480410","chr15","21587442","21587502","16","39892899"
"chr2A","61620453","61620752","chr13","61567381","61567682","40","53072"
"chr2A","61841336","61841516","chr9","62270006","62270180","26","428670"
"chr2A","61846521","61846825","chr13","61794201","61794510","36","52320"
"chr2A","61855805","61855960","chr10","59864615","59864765","40","1991190"
"chr2A","61868852","61869122","chr10","71777572","71777845","37","9908720"
"chr2A","61947074","61947390","chr4","5357211","5357521","41","56589863"
"chr2A","61960277","61960567","chr11","16362296","16362587","35","45597981"
"chr2A","61982871","61983170","chr6","177249478","177249776","26","115266607"
"chr2A","62014109","62014415","chrX","52884540","52884848","22","9129569"
"chr2A","62038476","62038771","chr6","136639700","136639996","38","74601224"
"chr2A","62148383","62148702","chr1","102973977","102974299","41","40825594"
"chr2A","62236762","62237058","chr5","1773882","1774179","33","60462880"
"chr2A","62249398","62249696","chr3","105975983","105976283","41","43726585"
"chr2A","62359278","62359439","chr7","35667652","35667813","28","26691626"
"chr2A","62366799","62367026","chr2","32323","32577","69","62334476"
"chr2A","62403664","62403962","chr20","18960062","18960355","32","43443602"
"chr2A","62417300","62417533","chr15","109915337","109915571","32","47498037"
"chr2A","62553426","62553719","chr19","48904606","48904900","32","13648820"
"chr2A","62618389","62618684","chr20","28697028","28697324","29","33921361"
"chr2A","62666615","62666909","chr13","62657874","62658168","18","8741"
"chr2A","62699653","62699949","chr9","115259231","115259523","31","52559578"
"chr2A","62728722","62729024","chrX","95082495","95082798","30","32353773"
"chr2A","62733907","62734215","chr17","63566017","63566319","35","832110"
"chr2A","62840371","62840671","chr7","83941543","83941842","30","21101172"
"chr2A","62921382","62921695","chrX","53714392","53714701","31","9206990"
"chr2A","62926847","62927162","chr6","178858371","178858680","48","115931524"
"chr2A","62987448","62987748","chrX","113459109","113459405","29","50471661"
"chr2A","63069222","63069257","chr6","43604702","43604741","19","19464520"
"chr2A","63218515","63218806","chr9","35410575","35410866","33","27807940"
"chr2A","63220206","63220507","chr13","63219208","63219512","26","998"
"chr2A","63221426","63221725","chr16","48583435","48583727","35","14637991"
"chr2A","63258426","63258716","chr13","63258626","63258921","31","200"
"chr2A","63263871","63264105","chr6","8503256","8503489","28","54760615"
"chr2A","63274304","63274611","chr4","3752022","3752324","29","59522282"
"chr2A","63420736","63421037","chr6","177249478","177249776","29","113828742"
"chr2A","63464381","63464683","chr13","63472887","63473190","29","8506"
"chr2A","63587855","63588156","chr3","48879684","48879984","29","14708171"
"chr2A","63594864","63595155","chr13","63587042","63587345","32","7822"
"chr2A","63756753","63757024","chr13","63744043","63744310","28","12710"
"chr2A","63898864","63899164","chr7","127065845","127066144","28","63166981"
"chr2A","63985319","63985625","chr13","63970557","63970855","35","14762"
"chr2A","64012445","64012561","chr10","82796400","82796530","34","18783955"
"chr2A","64427115","64427419","chr20","57205726","57206029","30","7221389"
"chr2A","64430669","64430961","chr2","29951401","29951693","34","34479268"
"chr2A","64436194","64436501","chr6","132127364","132127664","37","67691170"
"chr2A","64583078","64583359","chr13","89493872","89494155","38","24910794"
"chr2A","64935816","64936119","chr5","51852378","51852683","37","13083438"
"chr2A","64942339","64942643","chr6","155329774","155330069","44","90387435"
"chr2A","64948889","64949119","chr9","93688855","93689088","30","28739966"
"chr2A","64988907","64989199","chr3","128815519","128815810","27","63826612"
"chr2A","65034159","65034430","chr13","65049863","65050134","25","15704"
"chr2A","65110669","65110961","chr6","177618684","177618975","28","112508015"
"chr2A","65204815","65205071","chr13","65213587","65213840","27","8772"
"chr2A","65253723","65253918","chr3","36303286","36303484","47","28950437"
"chr2A","65454130","65454414","chr5","51984214","51984496","39","13469916"
"chr2A","65807140","65807438","chr1","61388678","61388976","30","4418462"
"chr2A","65934770","65935077","chr13","65933874","65934185","37","896"
"chr2A","65996113","65996417","chrX","872740","873049","29","65123373"
"chr2A","66002492","66002786","chr7","71136987","71137280","29","5134495"
"chr2A","66015227","66015505","chr8","765251","765528","27","65249976"
"chr2A","66034416","66034581","chr4","140168185","140168346","30","74133769"
"chr2A","66037179","66037472","chr7","64096412","64096697","43","1940767"
"chr2A","66081077","66081385","chr13","66086194","66086501","24","5117"
"chr2A","66145270","66145590","chr16","3520694","3521001","36","62624576"
"chr2A","66362127","66362430","chr1","54184910","54185214","30","12177217"
"chr2A","66398335","66398637","chr1","54184910","54185214","29","12213425"
"chr2A","66399536","66399842","chr3","81656161","81656467","28","15256625"
"chr2A","66465873","66466174","chr4","69409816","69410121","36","2943943"
"chr2A","66534859","66535163","chr6","177249478","177249776","29","110714619"
"chr2A","66689662","66689968","chr4","108327631","108327935","29","41637969"
"chr2A","66838983","66839291","chr17","29336598","29336906","28","37502385"
"chr2A","67069281","67069587","chr17","16036823","16037127","30","51032458"
"chr2A","67289070","67289345","chr2","160968266","160968536","50","93679196"
"chr2A","67436918","67437088","chrX","51786687","51786849","34","15650231"
"chr2A","67446405","67446680","chr18","13204390","13204672","33","54242015"
"chr2A","67640304","67640583","chr12","85283744","85284027","30","17643440"
"chr2A","68294073","68294376","chr19","50863135","50863438","32","17430938"
"chr2A","68305565","68305880","chr9","6051573","6051887","42","62253992"
"chr2A","68357229","68357523","chr12","115108242","115108542","27","46751013"
"chr2A","68399161","68399452","chrX","113301095","113301395","46","44901934"
"chr2A","68459515","68459813","chr8","8325984","8326278","35","60133531"
"chr2A","68481977","68482278","chr5","158975124","158975425","34","90493147"
"chr2A","68795471","68795779","chr13","68956745","68957054","29","161274"
"chr2A","68816959","68817272","chrX","14683994","14684298","43","54132965"
"chr2A","68923995","68924300","chr6","132127364","132127664","33","63203369"
"chr2A","68955571","68955744","chr1","188127708","188127887","44","119172137"
"chr2A","69021546","69021842","chr6","177249478","177249776","38","108227932"
"chr2A","69087056","69087359","chr13","69253325","69253628","26","166269"
"chr2A","69104910","69105196","chr13","68530211","68530499","33","574699"
"chr2A","69605723","69606033","chr20","22020269","22020581","38","47585454"
"chr2A","69682939","69683240","chr13","69814784","69815082","26","131845"
"chr2A","69703957","69704248","chr2","100586330","100586626","37","30882373"
"chr2A","69865269","69865567","chr13","69996726","69997020","25","131457"
"chr2A","69893919","69894219","chr3","184218283","184218583","30","114324364"
"chr2A","69971923","69972218","chr13","70100615","70100911","24","128692"
"chr2A","70180359","70180663","chr4","88700124","88700424","34","18519765"
"chr2A","70229735","70230036","chr2","175084557","175084856","31","104854822"
"chr2A","70279065","70279372","chr14","2713092","2713395","35","67565973"
"chr2A","70334250","70334409","chr8","135845405","135845573","35","65511155"
"chr2A","70334624","70334696","chr8","96081034","96081104","17","25746410"
"chr2A","70364686","70364986","chr13","94954144","94954445","30","24589458"
"chr2A","70479749","70480046","chr10","70005222","70005520","32","474527"
"chr2A","70595960","70596267","chr12","113988811","113989118","29","43392851"
"chr2A","70665467","70665618","chr15","6911024","6911192","40","63754443"
"chr2A","70782052","70782344","chr2","84295934","84296234","36","13513882"
"chr2A","70818505","70818833","chrX","69081554","69081869","50","1736951"
"chr2A","70829676","70829975","chr8","19067854","19068150","30","51761822"
"chr2A","70888597","70888884","chr13","71020190","71020473","38","131593"
"chr2A","70956100","70956263","chr3","76215454","76215617","23","5259354"
"chr2A","71017754","71017973","chr7","155772303","155772522","23","84754549"
"chr2A","71047366","71047666","chr16","31223636","31223938","28","39823730"
"chr2A","71052263","71052561","chr3","48879684","48879984","32","22172579"
"chr2A","71089352","71089654","chr13","71240805","71241108","27","151453"
"chr2A","71097030","71097334","chr19","2910150","2910450","39","68186880"
"chr2A","71107032","71107190","chrX","51786687","51786849","42","19320345"
"chr2A","71108536","71108832","chr11","54591181","54591482","29","16517355"
"chr2A","71111731","71111879","chr5","18060035","18060193","29","53051696"
"chr2A","71125416","71125702","chr13","71275711","71275994","24","150295"
"chr2A","71136145","71136452","chr1","54184910","54185214","25","16951235"
"chr2A","71203437","71203688","chr7","137863872","137864121","36","66660435"
"chr2A","71241478","71241768","chr10","35925060","35925352","31","35316418"
"chr2A","71594337","71594569","chr20","34321481","34321710","32","37272856"
"chr2A","71637018","71637329","chr4","5955341","5955651","40","65681677"
"chr2A","72091031","72091325","chr13","94954144","94954445","39","22863113"
"chr2A","72155236","72155533","chr13","72263862","72264157","23","108626"
"chr2A","72291963","72292260","chr10","7697174","7697471","26","64594789"
"chr2A","73324355","73324640","chrX","117589965","117590253","36","44265610"
"chr2A","73350130","73350423","chr1","34922657","34922952","31","38427473"
"chr2A","73352829","73353126","chr13","73464305","73464609","27","111476"
"chr2A","73606021","73606322","chr4","108327631","108327935","39","34721610"
"chr2A","73622589","73622886","chr13","73738037","73738325","33","115448"
"chr2A","73642609","73642900","chr3","26174329","26174623","29","47468280"
"chr2A","74018156","74018459","chr6","173896362","173896661","36","99878206"
"chr2A","74145373","74145526","chr3","33493296","33493438","33","40652077"
"chr2A","74278914","74279231","chr19","15978488","15978799","38","58300426"
"chr2A","74557478","74557780","chr13","74678003","74678304","22","120525"
"chr2A","74606093","74606379","chr1","26856251","26856535","32","47749842"
"chr2A","74666249","74666561","chr8","119831472","119831781","42","45165223"
"chr2A","74741080","74741385","chr1","54184910","54185214","25","20556170"
"chr2A","74783238","74783546","chr13","74823067","74823375","21","39829"
"chr2A","75029643","75029951","chr8","105120121","105120431","33","30090478"
"chr2A","75086972","75087319","chr1","87862941","87863276","75","12775969"
"chr2A","75134535","75134819","chr1","199847714","199848008","27","124713179"
"chr2A","75166978","75167292","chr7","165990819","165991114","43","90823841"
"chr2A","75417881","75418118","chr13","75472960","75473196","25","55079"
"chr2A","75438047","75438336","chr4","3379423","3379712","34","72058624"
"chr2A","75482072","75482359","chr11","16362296","16362587","28","59119776"
"chr2A","75810349","75810620","chrX","11640618","11640889","48","64169731"
"chr2A","75881311","75881502","chr5","740668","740849","38","75140643"
"chr2A","75891201","75891465","chr13","75957073","75957340","34","65872"
"chr2A","75897207","75897507","chr6","177249478","177249776","28","101352271"
"chr2A","75979752","75980052","chr1","22411003","22411299","33","53568749"
"chr2A","76223226","76223528","chr2","90703972","90704276","44","14480746"
"chr2A","76467165","76467469","chr20","57205726","57206029","24","19261439"
"chr2A","76578994","76579297","chr15","7570070","7570371","30","69008924"
"chr2A","76677244","76677517","chr4","16445570","16445839","30","60231674"
"chr2A","77061988","77062287","chr13","77166869","77167176","34","104881"
"chr2A","77319863","77320171","chr8","65019239","65019549","38","12300624"
"chr2A","77333728","77334032","chr9","31201059","31201360","37","46132669"
"chr2A","77851936","77852216","chr7","133936936","133937214","35","56085000"
"chr2A","77945764","77946036","chr13","78115421","78115693","26","169657"
"chr2A","78046283","78046577","chr4","313220","313508","29","77733063"
"chr2A","78126290","78126618","chr19","42241417","42241732","51","35884873"
"chr2A","78167357","78167657","chr8","41718631","41718927","33","36448726"
"chr2A","78571739","78572039","chr2","96167404","96167707","42","17595665"
"chr2A","78790361","78790665","chr4","132466842","132467139","39","53676481"
"chr2A","78989397","78989710","chr3","81656161","81656467","35","2666764"
"chr2A","79124479","79124765","chr4","32669929","32670210","41","46454550"
"chr2A","79302763","79303063","chr3","24924052","24924352","37","54378711"
"chr2A","79421228","79421417","chr17","39176135","39176331","35","40245093"
"chr2A","79568571","79568880","chr4","108327631","108327935","29","28759060"
"chr2A","79927481","79927749","chr2","50372725","50372997","39","29554756"
"chr2A","79959992","79960255","chr13","80255959","80256222","28","295967"
"chr2A","80815088","80815404","chr13","50583883","50584192","54","30231205"
"chr2A","81088445","81088758","chr4","5955341","5955651","36","75133104"
"chr2A","81178922","81179234","chr16","59824608","59824916","37","21354314"
"chr2A","81294314","81294614","chr2","96869150","96869447","32","15574836"
"chr2A","81409966","81410275","chr13","39352330","39352639","35","42057636"
"chr2A","81479661","81479934","chr12","55098584","55098860","49","26381077"
"chr2A","81604124","81604435","chr13","25309711","25310020","34","56294413"
"chr2A","81895011","81895303","chr16","57459171","57459466","36","24435840"
"chr2A","82197880","82198082","chr16","50695670","50695872","17","31502210"
"chr2A","83127859","83128148","chrX","24487940","24488232","43","58639919"
"chr2A","83344189","83344499","chrX","872740","873049","32","82471449"
"chr2A","83354744","83355015","chr10","75294477","75294752","51","8060267"
"chr2A","83645717","83645976","chr10","29976901","29977153","36","53668816"
"chr2A","83659290","83659584","chr2","100586330","100586626","33","16927040"
"chr2A","83719464","83719753","chr4","137261768","137262054","46","53542304"
"chr2A","83988477","83988777","chr19","49705036","49705338","34","34283441"
"chr2A","84169168","84169466","chrX","113301095","113301395","37","29131927"
"chr2A","84187405","84187692","chr8","17696068","17696353","30","66491337"
"chr2A","84377601","84377906","chr1","160978135","160978440","38","76600534"
"chr2A","84395580","84395895","chr16","3245842","3246150","42","81149738"
"chr2A","85106067","85106358","chr15","108424452","108424741","30","23318385"
"chr2A","85131518","85131798","chrX","28117470","28117748","43","57014048"
"chr2A","86043374","86043616","chr16","11171665","11171896","34","74871709"
"chr2A","86249851","86250158","chr7","113241613","113241916","36","26991762"
"chr2A","86298195","86298479","chr20","68769503","68769770","41","17528692"
"chr2A","86412616","86412908","chr10","35385148","35385439","29","51027468"
"chr2A","86467908","86468214","chr4","3752022","3752324","29","82715886"
"chr2A","86533851","86534157","chrX","29961696","29962000","43","56572155"
"chr2A","86629194","86629519","chr11","108034722","108035047","44","21405528"
"chr2A","86756893","86757203","chr5","85045085","85045391","33","1711808"
"chr2A","86795247","86795515","chr13","87358632","87358895","25","563385"
"chr2A","86805151","86805462","chr13","87368524","87368832","27","563373"
"chr2A","86817300","86817591","chr9","64106021","64106313","26","22711279"
"chr2A","86821602","86821899","chr15","87598388","87598685","29","776786"
"chr2A","87106961","87107260","chr15","104505005","104505303","29","17398044"
"chr2A","87112788","87113097","chr16","7998993","7999300","39","79113795"
"chr2A","87127867","87128176","chr2","175642664","175642965","49","88514797"
"chr2A","87182984","87183284","chr11","108584077","108584374","32","21401093"
"chr2A","87191966","87192221","chr5","87513725","87513979","30","321759"
"chr2A","87209816","87210109","chr16","46231906","46232200","34","40977910"
"chr2A","87328041","87328340","chr3","48912719","48913013","36","38415322"
"chr2A","87372752","87373063","chr3","64175701","64176007","34","23197051"
"chr2A","87396478","87396738","chr12","83003265","83003522","38","4393213"
"chr2A","87468727","87468959","chrX","139763480","139763729","44","52294753"
"chr2A","87780106","87780400","chrX","12237021","12237319","31","75543085"
"chr2A","87847162","87847456","chr7","154966593","154966888","37","67119431"
"chr2A","87890363","87890659","chr13","89224348","89224643","32","1333985"
"chr2A","87893535","87893844","chr4","134852861","134853168","34","46959326"
"chr2A","87941823","87942119","chrX","119489670","119489963","39","31547847"
"chr2A","88043733","88044046","chr4","108327631","108327935","38","20283898"
"chr2A","88196559","88196709","chrX","130734630","130734781","25","42538071"
"chr2A","88199300","88199600","chr3","95674476","95674775","27","7475176"
"chr2A","88236768","88237021","chr11","108953431","108953673","49","20716663"
"chr2A","88246899","88247192","chr2","149644045","149644340","41","61397146"
"chr2A","88250103","88250402","chr11","49575625","49575923","38","38674478"
"chr2A","88311675","88311962","chrX","117589965","117590253","23","29278290"
"chr2A","88371072","88371349","chr10","30167968","30168252","31","58203104"
"chr2A","88705259","88705579","chr6","36638052","36638370","46","52067207"
"chr2A","88731891","88732201","chr4","160926885","160927192","36","72194994"
"chr2A","88806626","88806876","chr13","89963513","89963765","26","1156887"
"chr2A","88910972","88911283","chr4","91169706","91170016","32","2258734"
"chr2A","88984276","88984435","chr1","129407736","129407901","26","40423460"
"chr2A","89078319","89078607","chr1","23507101","23507386","32","65571218"
"chr2A","89253057","89253297","chr13","90513713","90513959","28","1260656"
"chr2A","91155830","91156132","chr15","104401844","104402147","36","13246014"
"chr2A","91156559","91156856","chr12","84493501","84493799","40","6663058"
"chr2A","91397921","91398210","chr2","63419289","63419578","37","27978632"
"chr2A","91503702","91504010","chr10","72031369","72031681","33","19472333"
"chr2A","94852333","94852589","chr8","29256394","29256650","37","65595939"
"chr2A","95304455","95304760","chr19","2910150","2910450","32","92394305"
"chr2A","95317716","95318032","chrX","872740","873049","38","94444976"
"chr2A","95391020","95391313","chr13","72779565","72779870","41","22611455"
"chr2A","95396538","95396843","chr8","129714385","129714685","44","34317847"
"chr2A","95714176","95714456","chr1","221787583","221787868","35","126073407"
"chr2A","95998250","95998525","chr5","169592277","169592541","47","73594027"
"chr2A","96145607","96145902","chr13","108459946","108460243","28","12314339"
"chr2A","96177588","96177878","chr13","108424971","108425258","26","12247383"
"chr2A","96188124","96188446","chr3","54644532","54644842","42","41543592"
"chr2A","96204042","96204360","chr12","108570976","108571285","39","12366934"
"chr2A","96331098","96331279","chr20","53003463","53003641","24","43327635"
"chr2A","96411116","96411262","chr2","15019384","15019533","27","81391732"
"chr2A","96436204","96436424","chr11","80822465","80822689","35","15613739"
"chr2A","96465484","96465782","chr3","48879684","48879984","32","47585800"
"chr2A","96676793","96677103","chr1","165996033","165996341","27","69319240"
"chr2A","96720606","96720761","chr6","54854033","54854182","24","41866573"
"chr2A","96863819","96864109","chr14","70470559","70470860","41","26393260"
"chr2A","96886407","96886715","chr13","92357314","92357628","28","4529093"
"chr2A","96913104","96913213","chr14","113311902","113312011","29","16398798"
"chr2A","96913289","96913351","chr8","38311974","38312019","23","58601315"
"chr2A","96983324","96983613","chr7","19039688","19039974","32","77943636"
"chr2A","97016556","97016849","chrX","67476646","67476941","31","29539910"
"chr2A","97028535","97028841","chr13","92509107","92509414","31","4519428"
"chr2A","97060335","97060493","chr9","38344102","38344259","37","58716233"
"chr2A","97067009","97067305","chr6","136087738","136088027","31","39020729"
"chr2A","97110045","97110341","chr7","61608289","61608587","26","35501756"
"chr2A","97113059","97113349","chr13","92589928","92590222","38","4523131"
"chr2A","97187386","97187696","chr9","32485820","32486124","31","64701566"
"chr2A","97377103","97377409","chr10","70751425","70751729","39","26625678"
"chr2A","97387611","97387901","chr13","108424971","108425258","25","11037360"
"chr2A","97420748","97421045","chr13","108459946","108460243","26","11039198"
"chr2A","97505022","97505355","chr1","33593340","33593668","44","63911682"
"chr2A","97620102","97620411","chr4","5357211","5357521","38","92262891"
"chr2A","97740940","97741228","chr13","108424971","108425258","27","10684031"
"chr2A","97751336","97751653","chr3","54644532","54644842","38","43106804"
"chr2A","97836390","97836580","chr12","67307362","67307555","27","30529028"
"chr2A","97853578","97853737","chr4","140168185","140168346","26","42314607"
"chr2A","97893877","97894191","chr7","86454351","86454652","58","11439526"
"chr2A","98208432","98208742","chr1","165996033","165996341","29","67787601"
"chr2A","98395555","98395859","chr13","93414558","93414857","37","4980997"
"chr2A","98702157","98702426","chr3","39879303","39879571","33","58822854"
"chr2A","98835639","98835943","chr13","93852587","93852900","38","4983052"
"chr2A","98866424","98866727","chr4","170001134","170001432","32","71134710"
"chr2A","99006358","99006647","chr9","98411332","98411624","30","595026"
"chr2A","99159715","99160011","chr10","29572873","29573163","42","69586842"
"chr2A","99581547","99581821","chr13","94637719","94637994","38","4943828"
"chr2A","99690488","99690790","chr1","54184910","54185214","39","45505578"
"chr2A","99721519","99721808","chr2","107844903","107845193","35","8123384"
"chr2A","99947807","99947987","chr2","15318266","15318436","35","84629541"
"chr2A","99994697","99994992","chr18","66895567","66895862","28","33099130"
"chr2A","100161482","100161776","chr9","115259231","115259523","28","15097749"
"chr2A","100279537","100279855","chr16","52683881","52684192","42","47595656"
"chr2A","100285971","100286105","chr3","33493296","33493438","31","66792675"
"chr2A","100561072","100561366","chr2","194305766","194306058","34","93744694"
"chr2A","100579530","100579746","chr1","212828457","212828675","31","112248927"
"chr2A","100800872","100801162","chr3","85177437","85177728","37","15623435"
"chr2A","100833459","100833758","chr19","6185928","6186226","26","94647531"
"chr2A","100854171","100854449","chr7","96039852","96040130","38","4814319"
"chr2A","101531562","101531841","chr19","19815364","19815648","43","81716198"
"chr2A","101573539","101573847","chr1","54184910","54185214","30","47388629"
"chr2A","101700672","101700972","chr13","96829951","96830249","34","4870721"
"chr2A","101706156","101706466","chr19","32382782","32383089","34","69323374"
"chr2A","101781013","101781202","chr16","29014757","29014925","42","72766256"
"chr2A","101898776","101899062","chrX","117589965","117590253","33","15691189"
"chr2A","101941219","101941496","chr15","26206116","26206391","28","75735103"
"chr2A","101962260","101962571","chr17","16036823","16037127","47","85925437"
"chr2A","102011685","102011993","chr7","165993462","165993771","30","63981777"
"chr2A","102407289","102407601","chr8","122686130","122686440","37","20278841"
"chr2A","102492172","102492517","chr7","134448061","134448398","63","31955889"
"chr2A","102703011","102703317","chr14","106075201","106075508","36","3372190"
"chr2A","103102115","103102409","chr8","65531215","65531499","48","37570900"
"chr2A","103689263","103689565","chr13","94954144","94954445","37","8735119"
"chr2A","104737574","104737848","chr2","21321648","21321927","33","83415926"
"chr2A","104848854","104849160","chr1","54184910","54185214","34","50663944"
"chr2A","105309603","105309896","chr1","28231976","28232271","35","77077627"
"chr2A","105540059","105540368","chr9","62142555","62142864","34","43397504"
"chr2A","105614265","105614543","chr1","124490019","124490302","26","18875754"
"chr2A","105703655","105703965","chr4","162478404","162478714","30","56774749"
"chr2A","105758698","105758980","chr13","100834654","100834937","25","4924044"
"chr2A","106083052","106083215","chr6","67570862","67571028","21","38512190"
"chr2A","106211569","106211859","chr11","108584077","108584374","34","2372508"
"chr2A","106310087","106310385","chr1","61388678","61388976","34","44921409"
"chr2A","106571073","106571378","chr6","36312745","36313052","37","70258328"
"chr2A","106642478","106642640","chr15","6911024","6911192","26","99731454"
"chr2A","106670140","106670366","chr7","155772303","155772522","25","49102163"
"chr2A","106683703","106684006","chr13","101636766","101637074","31","5046937"
"chr2A","106730052","106730226","chr8","80113522","80113697","29","26616530"
"chr2A","106732771","106733079","chr16","3245842","3246150","29","103486929"
"chr2A","106768974","106769135","chr15","47630117","47630267","51","59138857"
"chr2A","106894198","106894498","chr11","55009213","55009513","40","51884985"
"chr2A","106896351","106896649","chr7","1749091","1749386","38","105147260"
"chr2A","106953748","106954053","chr15","9806809","9807106","42","97146939"
"chr2A","107029206","107029490","chr4","313220","313508","39","106715986"
"chr2A","107193430","107193732","chr15","109857905","109858208","34","2664475"
"chr2A","107679532","107679779","chr13","102461873","102462121","49","5217659"
"chr2A","107755420","107755720","chr1","61388678","61388976","37","46366742"
"chr2A","107867904","107868197","chr8","41718631","41718927","30","66149273"
"chr2A","108034209","108034498","chr1","124793709","124793992","36","16759500"
"chr2A","108288011","108288310","chr13","103130626","103130922","26","5157385"
"chr2A","108381267","108381567","chr20","54448223","54448522","39","53933044"
"chr2A","108383662","108383965","chr16","3520694","3521001","37","104862968"
"chr2A","108396858","108397153","chr8","115461075","115461370","29","7064217"
"chr2A","108399737","108399900","chr7","88306228","88306392","32","20093509"
"chr2A","108554251","108554561","chr14","120722164","120722474","37","12167913"
"chr2A","108834536","108834832","chrX","47295423","47295720","31","61539113"
"chr2A","109163028","109163321","chrX","26177600","26177891","38","82985428"
"chr2A","109181847","109182149","chr20","54448223","54448522","38","54733624"
"chr2A","109185050","109185345","chr7","26662562","26662859","38","82522488"
"chr2A","109235590","109235884","chr16","9472508","9472805","22","99763082"
"chr2A","109253241","109253536","chr8","41718631","41718927","30","67534610"
"chr2A","109315849","109316150","chr14","18653571","18653875","29","90662278"
"chr2A","109488221","109488533","chr13","104623050","104623355","36","4865171"
"chr2A","109528516","109528826","chr16","12825507","12825815","33","96703009"
"chr2A","109563293","109563601","chr20","57205726","57206029","38","52357567"
"chr2A","109618038","109618341","chr12","16929923","16930221","37","92688115"
"chr2A","109673713","109673874","chr16","44706725","44706885","32","64966988"
"chr2A","109918115","109918415","chr7","61781005","61781304","26","48137110"
"chr2A","110088800","110089102","chr20","18488386","18488688","26","91600414"
"chr2A","110129075","110129402","chr13","105207764","105208071","39","4921311"
"chr2A","110186978","110187160","chr16","44977902","44978086","25","65209076"
"chr2A","110187440","110187593","chr12","44446416","44446578","26","65741024"
"chr2A","110329656","110329819","chr7","88306228","88306392","32","22023428"
"chr2A","110333871","110334156","chr13","9550833","9551123","33","100783038"
"chr2A","110609484","110609775","chr10","73354021","73354316","31","37255463"
"chr2A","110645808","110646076","chr16","58697904","58698166","35","51947904"
"chr2A","110687888","110688193","chr4","88700124","88700424","29","21987764"
"chr2A","111157208","111157512","chr19","50863135","50863438","20","60294073"
"chr2A","111227077","111227376","chr1","206202604","206202903","28","94975527"
"chr2A","111812869","111813115","chr4","26193166","26193405","41","85619703"
"chr2A","111815146","111815385","chr4","26193166","26193405","45","85621980"
"chr2A","111833925","111834237","chr17","3521976","3522282","36","108311949"
"chr2A","112056707","112057000","chr7","1749091","1749386","32","110307616"
"chr2A","112336140","112336435","chr7","61608289","61608587","28","50727851"
"chr2A","112390311","112390599","chr13","107301196","107301481","29","5089115"
"chr2A","112488508","112488814","chr3","184218283","184218583","37","71729775"
"chr2A","112492723","112492910","chrX","59842814","59842986","37","52649909"
"chr2A","112495474","112495771","chr7","113241613","113241916","30","746139"
"chr2A","112583144","112583422","chr15","44422532","44422812","30","68160612"
"chr2A","112621664","112621957","chr10","77075361","77075654","29","35546303"
"chr2A","112703479","112703794","chr4","108327631","108327935","47","4375848"
"chr2A","112708729","112708938","chr8","28319108","28319307","40","84389621"
"chr2A","112738089","112738389","chr13","107639237","107639538","31","5098852"
"chr2A","112756284","112756550","chr13","107656108","107656375","25","5100176"
"chr2A","112836572","112836862","chr13","107738803","107739094","27","5097769"
"chr2A","113198148","113198448","chr2","84585817","84586114","33","28612331"
"chr2A","113264302","113264598","chr20","70801132","70801428","33","42463170"
"chr2B","219545505","219545701","chr10","59030700","59030904","44","160514805"
"chr2B","223608621","223608906","chr12","100662905","100663197","30","122945716"
"chr2B","114140954","114141251","chr12","17812545","17812825","40","96328409"
"chr2B","114282416","114282723","chr4","36717241","36717544","31","77565175"
"chr2B","114303258","114303550","chr19","33601875","33602170","40","80701383"
"chr2B","114506151","114506460","chr12","17427641","17427955","32","97078510"
"chr2B","114509879","114510100","chr12","77647110","77647330","31","36862769"
"chr2B","114748545","114748846","chr3","74896182","74896480","35","39852363"
"chr2B","115073481","115073674","chr17","39176135","39176331","43","75897346"
"chr2B","115517011","115517318","chr13","39352330","39352639","31","76164681"
"chr2B","115843787","115843999","chr13","101622015","101622230","34","14221772"
"chr2B","116005504","116005659","chr19","10635260","10635411","26","105370244"
"chr2B","116125634","116125937","chr1","216542963","216543268","48","100417329"
"chr2B","116143356","116143618","chr12","15792956","15793221","32","100350400"
"chr2B","116147063","116147372","chr19","15978488","15978799","29","100168575"
"chr2B","116277460","116277762","chr11","91249259","91249558","33","25028201"
"chr2B","116437405","116437696","chr8","115461075","115461370","41","976330"
"chr2B","116766131","116766443","chr15","104401844","104402147","44","12364287"
"chr2B","116920553","116920837","chr9","98411332","98411624","33","18509221"
"chr2B","116923040","116923349","chr14","120722164","120722474","39","3799124"
"chr2B","116975962","116976195","chr9","93688855","93689088","18","23287107"
"chr2B","117329024","117329326","chr1","34437740","34438040","29","82891284"
"chr2B","117594677","117594979","chr1","54184910","54185214","38","63409767"
"chr2B","118557492","118557832","chr1","45001353","45001676","50","73556139"
"chr2B","118680802","118681098","chr8","41718631","41718927","29","76962171"
"chr2B","118787830","118788135","chr5","181512183","181512484","40","62724353"
"chr2B","118816395","118816681","chr12","12975694","12975980","22","105840701"
"chr2B","118855993","118856272","chr12","12939212","12939491","30","105916781"
"chr2B","118866041","118866357","chrX","49226498","49226807","45","69639543"
"chr2B","118898175","118898472","chrX","128784604","128784903","26","9886429"
"chr2B","119137351","119137519","chr3","127934070","127934247","32","8796719"
"chr2B","119758479","119758797","chr7","49467772","49468091","34","70290707"
"chr2B","119830477","119830782","chr12","11912803","11913116","33","107917674"
"chr2B","119901126","119901278","chr4","38157909","38158081","32","81743217"
"chr2B","120316966","120317261","chr2","84585817","84586114","26","35731149"
"chr2B","120370744","120371045","chr1","206153473","206153775","37","85782729"
"chr2B","120425603","120425896","chr12","11302029","11302331","39","109123574"
"chr2B","120816600","120816781","chrX","147147954","147148141","35","26331354"
"chr2B","120948359","120948647","chr5","140049586","140049874","35","19101227"
"chr2B","121079945","121080263","chr1","39621321","39621626","35","81458624"
"chr2B","121165134","121165443","chr16","3245842","3246150","37","117919292"
"chr2B","121173358","121173668","chr12","10516856","10517166","32","110656502"
"chr2B","121460512","121460799","chr19","34956456","34956748","34","86504056"
"chr2B","121736199","121736508","chr3","91562961","91563270","37","30173238"
"chr2B","121862097","121862406","chr12","9837114","9837426","24","112024983"
"chr2B","122084528","122084827","chr20","8128145","8128448","37","113956383"
"chr2B","122087502","122087813","chr12","9597882","9598182","31","112489620"
"chr2B","122298545","122298594","chr10","73951307","73951341","20","48347238"
"chr2B","122301560","122301736","chr1","9087561","9087734","21","113213999"
"chr2B","122319559","122319866","chr4","69409816","69410121","32","52909743"
"chr2B","122493371","122493663","chr6","167965592","167965882","39","45472221"
"chr2B","123068609","123068857","chr10","29976901","29977153","33","93091708"
"chr2B","123196155","123196466","chr1","7768760","7769067","39","115427395"
"chr2B","123245127","123245428","chr1","54184910","54185214","33","69060217"
"chr2B","124290445","124290750","chr12","7280112","7280406","35","117010333"
"chr2B","124387662","124387912","chr9","93688855","93689088","53","30698807"
"chr2B","124543420","124543701","chr16","1587370","1587647","48","122956050"
"chr2B","124901454","124901754","chr4","108327631","108327935","30","16573823"
"chr2B","125021978","125022260","chr4","160692905","160693183","39","35670927"
"chr2B","125244259","125244566","chr2","129265347","129265651","43","4021088"
"chr2B","125494390","125494698","chr12","6104425","6104735","32","119389965"
"chr2B","125680656","125680906","chr10","29976901","29977153","39","95703755"
"chr2B","125825733","125826005","chr12","9600593","9600875","43","116225140"
"chr2B","125960387","125960670","chr12","5614982","5615249","41","120345405"
"chr2B","126017528","126017822","chr12","5553955","5554255","28","120463573"
"chr2B","126264693","126265003","chrX","52884540","52884848","41","73380153"
"chr2B","126362739","126363032","chr2","50936755","50937053","36","75425984"
"chr2B","127346142","127346451","chr5","158975124","158975425","35","31628982"
"chr2B","127666429","127666665","chr2","6363074","6363312","34","121303355"
"chr2B","127921560","127921851","chr9","63014780","63015072","33","64906780"
"chr2B","128055185","128055490","chr7","113241613","113241916","34","14813572"
"chr2B","128188630","128188924","chr9","87883826","87884121","30","40304804"
"chr2B","128206611","128206906","chr4","170001134","170001432","30","41794523"
"chr2B","128242496","128242728","chr3","39051570","39051803","43","89190926"
"chr2B","128291939","128292145","chr18","12157369","12157570","42","116134570"
"chr2B","128376255","128376550","chr1","22411003","22411299","40","105965252"
"chr2B","128436784","128437098","chr4","110980343","110980649","30","17456441"
"chr2B","128551564","128551862","chr9","26215862","26216159","33","102335702"
"chr2B","128606428","128606726","chr6","177249478","177249776","27","48643050"
"chr2B","128655809","128656112","chr11","62952141","62952444","30","65703668"
"chr2B","128778959","128779269","chr6","144869291","144869589","38","16090332"
"chr2B","128862704","128863001","chr11","108584077","108584374","33","20278627"
"chr2B","128889459","128889721","chr18","47093258","47093500","53","81796201"
"chr2B","128939804","128940112","chr19","2910150","2910450","36","126029654"
"chr2B","128968619","128968908","chr14","108106190","108106474","37","20862429"
"chr2B","129125267","129125465","chr13","81318413","81318616","37","47806854"
"chr2B","129199338","129199628","chr12","2083842","2084130","29","127115496"
"chr2B","129281792","129282020","chr12","77647110","77647330","33","51634682"
"chr2B","129396571","129396865","chr3","7367921","7368221","37","122028650"
"chr2B","129427356","129427652","chr12","1873342","1873636","24","127554014"
"chr2B","129569085","129569365","chr16","31041847","31042133","38","98527238"
"chr2B","129599721","129600002","chr2","61898542","61898826","39","67701179"
"chr2B","129681703","129682028","chr11","94570382","94570710","51","35111321"
"chr2B","129691851","129692099","chr12","1645361","1645609","29","128046490"
"chr2B","130006992","130007307","chr12","1336072","1336386","41","128670920"
"chr2B","130107259","130107420","chr7","129362850","129363013","39","744409"
"chr2B","130162472","130162741","chr12","1183792","1184064","36","128978680"
"chr2B","130429134","130429429","chr15","26156381","26156674","41","104272753"
"chr2B","130663467","130663625","chr3","76215454","76215617","23","54448013"
"chr2B","130698148","130698414","chr4","40168219","40168483","36","90529929"
"chr2B","130740487","130740585","chr15","7448465","7448573","41","123292022"
"chr2B","131028047","131028346","chr8","129714385","129714685","39","1313662"
"chr2B","131030729","131031032","chr2","200778640","200778944","35","69747911"
"chr2B","131093049","131093348","chr3","81656161","81656467","35","49436888"
"chr2B","131103349","131103527","chr15","10405383","10405560","32","120697966"
"chr2B","131255199","131255501","chr7","26662562","26662859","31","104592637"
"chr2B","131310514","131310679","chr8","80113522","80113697","24","51196992"
"chr2B","131317924","131318220","chrX","67476646","67476941","35","63841278"
"chr2B","131366500","131366807","chr12","84493501","84493799","38","46872999"
"chr2B","131485651","131485854","chr6","63630625","63630830","32","67855026"
"chr2B","131683420","131683714","chr11","110456127","110456422","28","21227293"
"chr2B","131771961","131772266","chr10","663232","663537","32","131108729"
"chr2B","131772676","131772901","chr8","71178086","71178311","54","60594590"
"chr2B","131969403","131969501","chr15","7448465","7448573","43","124520938"
"chr2B","132071555","132071854","chrX","85895381","85895675","41","46176174"
"chr2B","132088196","132088361","chr1","130615501","130615669","36","1472695"
"chr2B","132679906","132680195","chr14","66326782","66327072","38","66353124"
"chr2B","132806534","132806835","chr1","54184910","54185214","37","78621624"
"chr2B","132810476","132810774","chr1","113564712","113565007","35","19245764"
"chr2B","135980484","135980771","chr5","41819509","41819795","40","94160975"
"chr2B","136238995","136239280","chr1","220479140","220479419","33","84240145"
"chr2B","136252832","136253165","chr8","120455141","120455459","54","15797691"
"chr2B","136465256","136465548","chr19","48904606","48904900","35","87560650"
"chr2B","136471033","136471337","chr3","181513518","181513820","28","45042485"
"chr2B","136576354","136576641","chr3","2538496","2538783","45","134037858"
"chr2B","136620190","136620493","chr12","5553955","5554255","38","131066235"
"chr2B","137028446","137028756","chr4","54599855","54600165","32","82428591"
"chr2B","137371649","137371956","chr1","165996033","165996341","34","28624384"
"chr2B","137424258","137424509","chr7","26847230","26847488","45","110577028"
"chr2B","137476147","137476448","chr1","54184910","54185214","34","83291237"
"chr2B","137529800","137530115","chrX","53464436","53464745","39","84065364"
"chr2B","138053977","138054273","chr12","19620918","19621225","30","118433059"
"chr2B","138175998","138176305","chr1","54184910","54185214","30","83991088"
"chr2B","138460380","138460546","chr4","140168185","140168346","37","1707805"
"chr2B","138461640","138461935","chr12","20025756","20026055","33","118435884"
"chr2B","138735805","138736092","chr2","84500826","84501114","36","54234979"
"chr2B","138809789","138810088","chr5","139847501","139847800","39","1037712"
"chr2B","138833147","138833416","chr10","71777572","71777845","36","67055575"
"chr2B","138997098","138997401","chr3","42228936","42229238","31","96768162"
"chr2B","139017214","139017509","chr12","20594356","20594656","32","118422858"
"chr2B","139045984","139046288","chrX","80243775","80244076","30","58802209"
"chr2B","139064797","139065101","chr5","185037865","185038176","41","45973068"
"chr2B","139069382","139069694","chr12","20641878","20642178","29","118427504"
"chr2B","139138296","139138603","chr5","158975124","158975425","38","19836828"
"chr2B","139270945","139271245","chrX","7685966","7686266","36","131584979"
"chr2B","139278885","139279199","chr3","165357339","165357653","37","26078454"
"chr2B","139347356","139347661","chr1","164673789","164674098","37","25326433"
"chr2B","139438030","139438335","chr9","123139810","123140113","34","16298220"
"chr2B","139495518","139495825","chr14","106075201","106075508","30","33420317"
"chr2B","139681228","139681537","chr1","54184910","54185214","37","85496318"
"chr2B","139920036","139920322","chr5","127510059","127510354","31","12409977"
"chr2B","140022895","140023195","chr2","108579424","108579718","44","31443471"
"chr2B","140288767","140289066","chr12","21845751","21846051","24","118443016"
"chr2B","140392374","140392661","chr5","41819509","41819795","40","98572865"
"chr2B","140678988","140679284","chrX","140977303","140977601","29","298315"
"chr2B","141221686","141221984","chr20","54448223","54448522","33","86773463"
"chr2B","141260390","141260663","chr12","22853814","22854107","42","118406576"
"chr2B","141599924","141600223","chr4","71292858","71293156","34","70307066"
"chr2B","141881234","141881542","chr1","54184910","54185214","33","87696324"
"chr2B","143751482","143751791","chr19","10607277","10607584","26","133144205"
"chr2B","143763946","143764233","chr12","25958174","25958459","34","117805772"
"chr2B","143787974","143788292","chr2","107287918","107288224","37","36500056"
"chr2B","143875611","143875915","chr6","177249478","177249776","40","33373867"
"chr2B","144102078","144102391","chrX","130126302","130126612","35","13975776"
"chr2B","144200773","144201074","chr12","26471455","26471753","35","117729318"
"chr2B","144421679","144421867","chr17","39176135","39176331","38","105245544"
"chr2B","144564386","144564668","chr12","26837018","26837302","31","117727368"
"chr2B","144610593","144610884","chr9","41205848","41206142","33","103404745"
"chr2B","144877802","144878106","chrX","95082495","95082798","37","49795307"
"chr2B","144982886","144983194","chr3","64175701","64176007","41","80807185"
"chr2B","145174458","145174764","chr1","7768760","7769067","38","137405698"
"chr2B","145390116","145390384","chr12","27714926","27715205","39","117675190"
"chr2B","145906099","145906417","chr12","85215378","85215688","36","60690721"
"chr2B","145954824","145955117","chr17","16123214","16123508","29","129831610"
"chr2B","146062669","146062987","chr4","5955341","5955651","45","140107328"
"chr2B","146224141","146224439","chr2","95443669","95443966","36","50780472"
"chr2B","146489610","146489912","chr2","47824467","47824767","32","98665143"
"chr2B","146504265","146504567","chr1","54184910","54185214","33","92319355"
"chr2B","146840010","146840295","chr17","24373419","24373702","33","122466591"
"chr2B","146960571","146960825","chr12","29323171","29323425","22","117637400"
"chr2B","147074159","147074351","chr10","17123065","17123263","34","129951094"
"chr2B","147366702","147366997","chr12","29745184","29745480","34","117621518"
"chr2B","147378635","147378823","chr18","58753718","58753894","33","88624917"
"chr2B","147925107","147925408","chr2","149644045","149644340","27","1718938"
"chr2B","148027859","148028170","chrX","49226498","49226807","38","98801361"
"chr2B","148208433","148208756","chr20","8659416","8659737","45","139549017"
"chr2B","148310736","148311044","chr16","23221929","23222237","38","125088807"
"chr2B","148320457","148320747","chr5","41819509","41819795","33","106500948"
"chr2B","148343843","148344144","chrX","80243775","80244076","33","68100068"
"chr2B","148385603","148385902","chr8","76234748","76235038","39","72150855"
"chr2B","148606795","148607101","chr1","192115860","192116162","41","43509065"
"chr2B","149065995","149066176","chr1","9087561","9087734","31","139978434"
"chr2B","149479923","149480238","chrX","130126302","130126612","35","19353621"
"chr2B","149910920","149911227","chr12","32280724","32281034","35","117630196"
"chr2B","150200003","150200311","chr3","81656161","81656467","42","68543842"
"chr2B","150364539","150364825","chr12","32769609","32769865","54","117594930"
"chr2B","150424108","150424404","chr11","108584077","108584374","32","41840031"
"chr2B","150614453","150614768","chr19","15978488","15978799","39","134635965"
"chr2B","150773647","150773945","chr8","121754974","121755282","39","29018673"
"chr2B","150801010","150801313","chr8","65531215","65531499","44","85269795"
"chr2B","150826525","150826810","chr5","147526333","147526620","31","3300192"
"chr2B","150930282","150930588","chrX","18394346","18394650","48","132535936"
"chr2B","150950956","150951239","chr12","33350400","33350684","26","117600556"
"chr2B","151254347","151254649","chr8","15165473","15165768","35","136088874"
"chr2B","151329235","151329537","chr12","84493501","84493799","41","66835734"
"chr2B","152121239","152121580","chr12","34506252","34506586","36","117614987"
"chr2B","152133510","152133824","chr10","72031369","72031681","41","80102141"
"chr2B","152205836","152206094","chr2","79035135","79035404","42","73170701"
"chr2B","152519662","152519966","chr2","27813797","27814098","37","124705865"
"chr2B","152768535","152768827","chr2","109954069","109954363","36","42814466"
"chr2B","152871752","152872015","chr12","35304775","35305029","35","117566977"
"chr2B","153269625","153269959","chrX","113475257","113475588","68","39794368"
"chr2B","153833153","153833460","chr12","36174366","36174672","26","117658787"
"chr2B","153965412","153965726","chr9","93872647","93872956","33","60092765"
"chr2B","154399051","154399354","chr4","5955341","5955651","33","148443710"
"chr2B","154447726","154448030","chr14","2713092","2713395","35","151734634"
"chr2B","154736850","154737140","chr13","107738803","107739094","30","46998047"
"chr2B","154762023","154762334","chr12","37083247","37083560","23","117678776"
"chr2B","154966369","154966590","chr9","120349866","120350082","31","34616503"
"chr2B","155210797","155211105","chr12","37524062","37524370","36","117686735"
"chr2B","155470114","155470413","chr4","170001134","170001432","40","14531020"
"chr2B","155499792","155500000","chr10","38146263","38146468","21","117353529"
"chr2B","155576980","155577278","chr4","88700124","88700424","31","66876856"
"chr2B","155627570","155627865","chr12","37978613","37978912","35","117648957"
"chr2B","155646545","155646844","chr3","167746444","167746744","35","12099899"
"chr2B","155661684","155661986","chr3","74700651","74700954","32","80961033"
"chr2B","156366627","156366926","chr12","38726708","38727010","42","117639919"
"chr2B","156427896","156428058","chrX","51786687","51786849","28","104641209"
"chr2B","156527025","156527327","chr3","181513518","181513820","31","24986493"
"chr2B","156574327","156574633","chr12","38914025","38914332","23","117660302"
"chr2B","156604599","156604902","chr1","160978135","160978440","28","4373536"
"chr2B","156682858","156683050","chr2","83649435","83649641","47","73033423"
"chr2B","156901337","156901634","chr10","71735218","71735517","34","85166119"
"chr2B","157098167","157098474","chr2","145915077","145915380","34","11183090"
"chr2B","157174338","157174641","chr13","72779565","72779870","32","84394773"
"chr2B","157214587","157214875","chr2","63419289","63419578","33","93795298"
"chr2B","157999798","158000000","chr18","12157369","12157570","39","145842429"
"chr2B","158143772","158144063","chr5","151438308","151438599","25","6705464"
"chr2B","158264504","158264816","chr1","156547387","156547697","38","1717117"
"chr2B","158816840","158817027","chr18","58753718","58753894","32","100063122"
"chr2B","159346178","159346459","chr7","63363325","63363605","37","95982853"
"chr2B","159451784","159452086","chr3","7367921","7368221","33","152083863"
"chr2B","159463941","159464232","chr5","184105008","184105299","34","24641067"
"chr2B","159476747","159477053","chr1","10790603","10790909","44","148686144"
"chr2B","159530023","159530316","chr1","34487935","34488230","37","125042088"
"chr2B","160525041","160525356","chr8","85011321","85011643","47","75513720"
"chr2B","160604187","160604502","chr11","4240104","4240413","38","156364083"
"chr2B","160642534","160642832","chr17","25517924","25518232","42","135124610"
"chr2B","161357355","161357651","chr12","43875311","43875613","28","117482044"
"chr2B","161359073","161359220","chr12","94507820","94507970","24","66851253"
"chr2B","162069317","162069579","chr12","44585601","44585868","26","117483716"
"chr2B","162099291","162099587","chr2","100586330","100586626","40","61512961"
"chr2B","162132628","162132912","chr12","44649846","44650130","28","117482782"
"chr2B","162195374","162195566","chr12","44713473","44713669","15","117481901"
"chr2B","162397387","162397683","chr12","44902200","44902485","32","117495187"
"chr2B","163113815","163114117","chr19","504012","504314","38","162609803"
"chr2B","163555493","163555649","chr7","129362850","129363013","35","34192643"
"chr2B","163774062","163774243","chr6","84072722","84072893","30","79701340"
"chr2B","163992706","163993000","chr8","115461075","115461370","29","48531631"
"chr2B","164851045","164851339","chr3","161716772","161717066","29","3134273"
"chr2B","165271556","165271718","chr11","54926961","54927123","21","110344595"
"chr2B","165415826","165416091","chr1","44142426","44142700","42","121273400"
"chr2B","165537306","165537466","chr9","38344102","38344259","19","127193204"
"chr2B","165632053","165632356","chr10","663232","663537","29","164968821"
"chr2B","165952693","165952980","chrX","44927704","44927986","35","121024989"
"chr2B","166764252","166764588","chr18","29228699","29229026","55","137535553"
"chr2B","166939027","166939333","chr15","43831651","43831953","30","123107376"
"chr2B","167720883","167721179","chr12","50257938","50258238","25","117462945"
"chr2B","167876198","167876508","chr1","54184910","54185214","30","113691288"
"chr2B","167945909","167946207","chr4","69409816","69410121","38","98536093"
"chr2B","168392870","168393168","chr13","106164334","106164628","34","62228536"
"chr2B","168439348","168439593","chr12","1645361","1645609","29","166793987"
"chr2B","168656801","168657053","chr16","12398296","12398563","45","156258505"
"chr2B","168872246","168872556","chr12","51418563","51418875","25","117453683"
"chr2B","168877617","168877846","chr7","99437766","99437994","27","69439851"
"chr2B","169811499","169811795","chr6","155329774","155330069","36","14481725"
"chr2B","170169301","170169607","chr1","38218968","38219269","38","131950333"
"chr2B","170966212","170966517","chr16","47849984","47850287","31","123116228"
"chr2B","171174267","171174572","chr5","85045085","85045391","33","86129182"
"chr2B","171202572","171202879","chr12","53822336","53822644","34","117380236"
"chr2B","171297956","171298261","chr20","57743369","57743678","39","113554587"
"chr2B","171936273","171936583","chr17","30633052","30633358","30","141303221"
"chr2B","172165334","172165633","chr1","58595645","58595942","42","113569689"
"chr2B","172307608","172307903","chr12","54904310","54904606","28","117403298"
"chr2B","172310425","172310744","chr7","4205885","4206199","42","168104540"
"chr2B","172511493","172511792","chrX","23155568","23155864","30","149355925"
"chr2B","172627410","172627706","chr20","54448223","54448522","35","118179187"
"chr2B","172667582","172667885","chr11","61136471","61136779","40","111531111"
"chr2B","172751630","172751936","chr1","54184910","54185214","33","118566720"
"chr2B","173071052","173071349","chr15","24246709","24247015","41","148824343"
"chr2B","173191149","173191449","chr3","77744436","77744731","32","95446713"
"chr2B","173268848","173269160","chr3","81656161","81656467","31","91612687"
"chr2B","173644941","173645000","chr3","34903811","34903857","22","138741130"
"chr2B","173788788","173789110","chr5","13885462","13885777","41","159903326"
"chr2B","173992509","173992808","chr12","56532550","56532851","18","117459959"
"chr2B","174136252","174136558","chr3","81656161","81656467","36","92480091"
"chr2B","174746629","174746923","chr12","57311620","57311917","23","117435009"
"chr2B","174826252","174826564","chr14","57934174","57934477","35","116892078"
"chr2B","174836402","174836689","chr17","25636551","25636835","35","149199851"
"chr2B","175104391","175104655","chr12","57678492","57678763","36","117425899"
"chr2B","175121551","175121856","chr13","68880545","68880844","35","106241006"
"chr2B","175202575","175202889","chr1","25380611","25380914","38","149821964"
"chr2B","175216512","175216825","chr12","115108242","115108542","42","60108270"
"chr2B","175331445","175331742","chr2","94638020","94638314","58","80693425"
"chr2B","175350127","175350411","chr17","8115491","8115775","30","167234636"
"chr2B","175579431","175579719","chr7","92857616","92857907","36","82721815"
"chr2B","175623167","175623477","chr10","5431099","5431410","29","170192068"
"chr2B","175631658","175631958","chr1","27303217","27303516","30","148328441"
"chr2B","175649119","175649418","chrX","111903412","111903713","31","63745707"
"chr2B","175891453","175891748","chr20","30937004","30937299","30","144954449"
"chr2B","175950746","175951055","chr12","58538709","58539019","27","117412037"
"chr2B","176032988","176033298","chr2","111182376","111182681","34","64850612"
"chr2B","176227336","176227646","chr20","57205726","57206029","35","119021610"
"chr2B","176314479","176314779","chr6","134850385","134850684","27","41464094"
"chr2B","176332584","176332871","chrX","129774446","129774742","35","46558138"
"chr2B","176427320","176427612","chr12","58990621","58990920","31","117436699"
"chr2B","176602550","176602829","chr2","97235502","97235781","31","79367048"
"chr2B","176722570","176722872","chr16","3245842","3246150","38","173476728"
"chr2B","176805157","176805461","chr12","59379183","59379481","35","117425974"
"chr2B","176844965","176845256","chr8","120468586","120468882","32","56376379"
"chr2B","176900974","176901235","chr13","103066935","103067203","41","73834039"
"chr2B","177243536","177243785","chr4","99301436","99301689","31","77942100"
"chr2B","177551039","177551332","chr11","15282559","15282855","30","162268480"
"chr2B","177575348","177575655","chr8","78322418","78322723","30","99252930"
"chr2B","177749058","177749353","chr9","26215862","26216159","33","151533196"
"chr2B","177794858","177795169","chr1","164673789","164674098","39","13121069"
"chr2B","177796932","177797227","chr13","106164334","106164628","28","71632598"
"chr2B","177797479","177797639","chr3","63755577","63755744","36","114041902"
"chr2B","177908594","177908902","chrX","872740","873049","34","177035854"
"chr2B","177946086","177946276","chr6","18312241","18312431","24","159633845"
"chr2B","178085099","178085271","chr17","83346487","83346658","20","94738612"
"chr2B","178349276","178349572","chr19","48268934","48269229","38","130080342"
"chr2B","178761354","178761656","chr12","61309272","61309577","27","117452082"
"chr2B","178824563","178824853","chr7","55734086","55734382","33","123090477"
"chr2B","178881305","178881589","chr3","12332767","12333051","35","166548538"
"chr2B","178967694","178968012","chr10","30715548","30715853","42","148252146"
"chr2B","179000144","179000437","chr3","26174329","26174623","28","152825815"
"chr2B","179300696","179301008","chr12","61849151","61849436","44","117451545"
"chr2B","179342647","179342949","chr1","15179992","15180292","33","164162655"
"chr2B","179445443","179445746","chr4","3859603","3859903","30","175585840"
"chr2B","179513647","179513877","chr12","62086481","62086720","27","117427166"
"chr2B","179624833","179625119","chr9","87334494","87334786","39","92290339"
"chr2B","179647295","179647604","chr18","39463336","39463641","37","140183959"
"chr2B","179853872","179854177","chr16","31223636","31223938","27","148630236"
"chr2B","180008749","180009026","chr16","41227858","41228131","42","138780891"
"chr2B","180248050","180248355","chr12","62798367","62798671","48","117449683"
"chr2B","180482164","180482480","chr3","157788333","157788655","41","22693831"
"chr2B","180662969","180663262","chr10","38597254","38597544","38","142065715"
"chr2B","180855108","180855287","chr15","88479888","88480061","21","92375220"
"chr2B","180972833","180973135","chr6","132127364","132127664","24","48845469"
"chr2B","181015909","181016216","chr17","25517924","25518232","36","155497985"
"chr2B","181018819","181019133","chr10","82255971","82256280","39","98762848"
"chr2B","181571807","181572124","chr16","3245842","3246150","40","178325965"
"chr2B","181601708","181601895","chr19","12959091","12959278","44","168642617"
"chr2B","181735653","181735947","chr14","67296885","67297179","28","114438768"
"chr2B","181789669","181789976","chr9","111114926","111115237","34","70674743"
"chr2B","181910626","181910936","chr14","103953537","103953843","38","77957089"
"chr2B","182279505","182279697","chr19","12959091","12959278","39","169320414"
"chr2B","182327832","182328140","chr3","3597532","3597839","39","178730300"
"chr2B","182514081","182514247","chr15","6911024","6911192","20","175603057"
"chr2B","182578832","182579128","chr12","65164674","65164968","32","117414158"
"chr2B","182611345","182611623","chr13","71275711","71275994","39","111335634"
"chr2B","182675437","182675623","chr1","188127708","188127887","36","5452271"
"chr2B","182722181","182722490","chrX","130126302","130126612","28","52595879"
"chr2B","182871194","182871487","chr1","34922657","34922952","31","147948537"
"chr2B","182877542","182877843","chr12","65467123","65467418","25","117410419"
"chr2B","183229201","183229509","chr12","65810289","65810599","25","117418912"
"chr2B","183333146","183333445","chr7","61608289","61608587","33","121724857"
"chr2B","183643940","183644236","chr14","104583689","104583989","30","79060251"
"chr2B","183752238","183752537","chrX","12237021","12237319","28","171515217"
"chr2B","184114528","184114716","chr19","12959091","12959278","35","171155437"
"chr2B","184174384","184174685","chr2","44364597","44364899","30","139809787"
"chr2B","184199353","184199662","chr19","15978488","15978799","34","168220865"
"chr2B","184896209","184896520","chr19","50863135","50863438","38","134033074"
"chr2B","185382702","185382986","chr2","141170618","141170902","33","44212084"
"chr2B","185427674","185427919","chr16","11171665","11171896","37","174256009"
"chr2B","185624626","185624929","chrX","95082495","95082798","34","90542131"
"chr2B","185904181","185904484","chr1","54184910","54185214","28","131719271"
"chr2B","186233796","186234106","chr16","6373416","6373727","39","179860380"
"chr2B","186465376","186465536","chr4","140168185","140168346","23","46297191"
"chr2B","186733251","186733557","chr2","84209044","84209353","32","102524207"
"chr2B","186736192","186736493","chr1","31096969","31097274","37","155639223"
"chr2B","186900617","186900918","chr12","69463180","69463488","32","117437437"
"chr2B","186980939","186981119","chr16","41943604","41943785","25","145037335"
"chr2B","187237831","187238006","chr9","62270006","62270180","37","124967825"
"chr2B","187239245","187239396","chr7","3648725","3648875","24","183590520"
"chr2B","187262053","187262236","chr9","107100862","107101037","29","80161191"
"chr2B","187623197","187623502","chr6","176790550","176790858","38","10832647"
"chr2B","188160711","188160985","chr14","15580304","15580579","42","172580407"
"chr2B","189003139","189003436","chr1","28231976","28232271","37","160771163"
"chr2B","189426643","189426825","chr15","10405383","10405560","29","179021260"
"chr2B","189911815","189912107","chr10","35925060","35925352","38","153986755"
"chr2B","190080850","190081143","chr7","113437485","113437769","37","76643365"
"chr2B","190167630","190167913","chr10","35925060","35925352","34","154242570"
"chr2B","190284087","190284387","chr1","52598711","52599014","51","137685376"
"chr2B","190292155","190292309","chr19","10635260","10635411","23","179656895"
"chr2B","190317826","190318095","chr7","133936936","133937214","42","56380890"
"chr2B","190772281","190772514","chr1","165861904","165862130","45","24910377"
"chr2B","191021895","191022202","chr12","98050892","98051201","42","92971003"
"chr2B","191101287","191101541","chr8","7635143","7635400","57","183466144"
"chr2B","191106750","191107046","chr11","108584077","108584374","35","82522673"
"chr2B","191481553","191481852","chr12","74172248","74172549","28","117309305"
"chr2B","191664260","191664542","chr1","77535189","77535477","38","114129071"
"chr2B","192435711","192436020","chr1","54184910","54185214","35","138250801"
"chr2B","193374677","193374973","chr1","22411003","22411299","32","170963674"
"chr2B","193418491","193418787","chr9","26215862","26216159","30","167202629"
"chr2B","194150199","194150483","chr12","76936456","76936736","34","117213743"
"chr2B","194472166","194472471","chr5","158975124","158975425","33","35497042"
"chr2B","194483385","194483636","chr4","25833313","25833567","38","168650072"
"chr2B","194542507","194542815","chr4","127363604","127363914","31","67178903"
"chr2B","194547153","194547315","chr18","10468474","10468635","32","184078679"
"chr2B","194660232","194660532","chr13","104255677","104255975","33","90404555"
"chr2B","194992051","194992343","chr11","133444417","133444709","31","61547634"
"chr2B","195007581","195007881","chr3","129960633","129960932","28","65046948"
"chr2B","195044252","195044563","chr12","77922583","77922895","31","117121669"
"chr2B","195294685","195294994","chr3","64175701","64176007","35","131118984"
"chr2B","195393665","195393961","chr12","78285987","78286287","31","117107678"
"chr2B","195489157","195489487","chr16","26800160","26800487","36","168688997"
"chr2B","195510899","195511200","chr1","75719860","75720159","36","119791039"
"chr2B","195535487","195535808","chr4","58234436","58234748","44","137301051"
"chr2B","195544497","195544803","chr12","78502708","78503016","30","117041789"
"chr2B","196105874","196106189","chrX","872740","873049","38","195233134"
"chr2B","196213088","196213313","chr3","125944975","125945201","25","70268113"
"chr2B","196277044","196277264","chr7","155772303","155772522","23","40504741"
"chr2B","196477009","196477214","chr16","26139167","26139373","33","170337842"
"chr2B","197254681","197254990","chr13","66556642","66556951","36","130698039"
"chr2B","197963830","197964057","chr7","71376440","71376664","34","126587390"
"chr2B","198064759","198065053","chr12","81002079","81002367","32","117062680"
"chr2B","198450311","198450582","chr2","152598358","152598625","34","45851953"
"chr2B","198522603","198522841","chr3","110724348","110724597","44","87798255"
"chr2B","198760949","198761261","chr19","42588300","42588618","47","156172649"
"chr2B","198778354","198778673","chr9","44151575","44151881","48","154626779"
"chr2B","199322490","199322798","chr4","88700124","88700424","43","110622366"
"chr2B","199358992","199359177","chrX","147147954","147148141","37","52211038"
"chr2B","199550813","199551122","chr2","151526271","151526579","34","48024542"
"chr2B","200261223","200261375","chr19","4018531","4018683","27","196242692"
"chr2B","200280128","200280430","chr11","110456127","110456422","44","89824001"
"chr2B","200333074","200333375","chr2","150755800","150756098","24","49577274"
"chr2B","200425802","200426100","chr4","154039231","154039527","27","46386571"
"chr2B","200818042","200818337","chr11","108584077","108584374","33","92233965"
"chr2B","200820990","200821282","chr2","150283283","150283580","31","50537707"
"chr2B","200827536","200827840","chr2","150276708","150277010","33","50550828"
"chr2B","200907491","200907678","chrX","147147954","147148141","32","53759537"
"chr2B","200942757","200943062","chr2","150161262","150161567","29","50781495"
"chr2B","201156483","201156526","chr20","54495305","54495348","18","146661178"
"chr2B","201276359","201276658","chr7","92857616","92857907","43","108418743"
"chr2B","201337385","201337677","chr1","34922657","34922952","32","166414728"
"chr2B","201475092","201475387","chr2","149644045","149644340","20","51831047"
"chr2B","201502602","201502910","chr8","105120121","105120431","38","96382481"
"chr2B","201525373","201525694","chr19","15978488","15978799","43","185546885"
"chr2B","201828215","201828525","chrX","52884540","52884848","31","148943675"
"chr2B","201909229","201909516","chr16","545181","545471","37","201364048"
"chr2B","202080625","202080915","chr2","149066952","149067241","32","53013673"
"chr2B","202127233","202127528","chr15","41981020","41981317","35","160146213"
"chr2B","202130607","202130899","chr3","7367921","7368221","29","194762686"
"chr2B","202149200","202149498","chr2","148937223","148937515","30","53211977"
"chr2B","202179548","202179830","chr4","71521479","71521762","38","130658069"
"chr2B","202193429","202193715","chr9","26215862","26216159","33","175977567"
"chr2B","202213053","202213351","chr2","148868775","148869076","34","53344278"
"chr2B","202223008","202223311","chr2","148858495","148858800","35","53364513"
"chr2B","202254704","202255014","chr2","159662942","159663249","36","42591762"
"chr2B","202263562","202263856","chr10","33062312","33062608","28","169201250"
"chr2B","202267919","202268219","chrX","18394346","18394650","32","183873573"
"chr2B","202441077","202441376","chr1","34437740","34438040","27","168003337"
"chr2B","202448195","202448509","chrX","872740","873049","39","201575455"
"chr2B","202755991","202756274","chr2","148348599","148348880","19","54407392"
"chr2B","203123060","203123328","chrX","147580559","147580830","43","55542501"
"chr2B","203769066","203769369","chr6","173896362","173896661","35","29872704"
"chr2B","203896705","203896968","chr4","123492158","123492422","40","80404547"
"chr2B","204071490","204071777","chr20","61210428","61210720","43","142861062"
"chr2B","204086811","204087117","chr1","218582809","218583117","39","14495998"
"chr2B","204112085","204112251","chr4","140168185","140168346","29","63943900"
"chr2B","204239244","204239428","chr10","72538419","72538602","32","131700825"
"chr2B","204816683","204816982","chr4","71292858","71293156","28","133523825"
"chr2B","205067397","205067686","chr7","10757695","10757986","25","194309702"
"chr2B","205152231","205152492","chr12","81755596","81755855","26","123396635"
"chr2B","205434964","205435260","chr11","110456127","110456422","30","94978837"
"chr2B","205513763","205514065","chr1","165996033","165996341","34","39517730"
"chr2B","205538325","205538620","chr15","87598388","87598685","39","117939937"
"chr2B","205606179","205606451","chr8","42333220","42333488","33","163272959"
"chr2B","205688198","205688397","chr6","63630625","63630830","33","142057573"
"chr2B","205689902","205690194","chr8","120468586","120468882","35","85221316"
"chr2B","205731775","205732038","chr1","216888899","216889162","31","11157124"
"chr2B","205740491","205740774","chr12","82497091","82497375","28","123243400"
"chr2B","205753062","205753371","chr10","72031369","72031681","31","133721693"
"chr2B","205783219","205783513","chr6","17311991","17312287","29","188471228"
"chr2B","205793401","205793711","chr5","24918558","24918866","43","180874843"
"chr2B","205797754","205798050","chr19","1427891","1428190","34","204369863"
"chr2B","205819358","205819653","chr20","30937004","30937299","28","174882354"
"chr2B","205831547","205831720","chr2","15318266","15318436","53","190513281"
"chr2B","205849490","205849750","chr1","21990671","21990942","46","183858819"
"chr2B","205986634","205986925","chr20","30937004","30937299","30","175049630"
"chr2B","206002841","206003131","chr12","82761984","82762268","28","123240857"
"chr2B","206004638","206004675","chr3","34903811","34903857","19","171100827"
"chr2B","206004803","206004930","chr19","17707348","17707458","34","188297455"
"chr2B","206216914","206217212","chr12","82966980","82967276","25","123249934"
"chr2B","206255338","206255646","chrX","130126302","130126612","35","76129036"
"chr2B","206261645","206261949","chr12","83009494","83009799","29","123252151"
"chr2B","206317741","206318045","chr2","44364597","44364899","27","161953144"
"chr2B","206549434","206549747","chr19","15978488","15978799","27","190570946"
"chr2B","206768222","206768388","chr2","137462919","137463082","25","69305303"
"chr2B","206912087","206912385","chr1","50780937","50781236","32","156131150"
"chr2B","206995012","206995295","chr12","83803775","83804071","35","123191237"
"chr2B","207012477","207012653","chr9","62270006","62270180","25","144742471"
"chr2B","207031362","207031658","chr9","122929454","122929751","76","84101908"
"chr2B","207137410","207137694","chr3","48912719","48913013","41","158224691"
"chr2B","207158251","207158562","chr10","72031369","72031681","32","135126882"
"chr2B","207161616","207161987","chr7","96339865","96340232","85","110821751"
"chr2B","207254890","207255197","chr1","54184910","54185214","28","153069980"
"chr2B","207344332","207344640","chr12","84184468","84184764","36","123159864"
"chr2B","207356725","207356903","chr3","127934070","127934247","27","79422655"
"chr2B","207374224","207374523","chr3","74896182","74896480","33","132478042"
"chr2B","207392035","207392193","chr15","6911024","6911192","28","200481011"
"chr2B","207455082","207455366","chr12","84278247","84278532","25","123176835"
"chr2B","207575528","207575808","chr4","137261768","137262054","37","70313760"
"chr2B","207582713","207583007","chr16","57459171","57459466","33","150123542"
"chr2B","207617549","207617864","chr12","84493501","84493799","42","123124048"
"chr2B","207704948","207705240","chr3","22280386","22280685","42","185424562"
"chr2B","207710664","207710954","chr2","61380094","61380378","34","146330570"
"chr2B","207827274","207827568","chr11","108584077","108584374","34","99243197"
"chr2B","207886730","207887038","chr10","7856482","7856792","32","200030248"
"chr2B","207955660","207955981","chr20","8659416","8659737","36","199296244"
"chr2B","208042394","208042683","chr4","130901905","130902196","34","77140489"
"chr2B","208075299","208075603","chr1","155244835","155245140","31","52830464"
"chr2B","208102975","208103063","chr1","134845746","134845829","39","73257229"
"chr2B","208103436","208103551","chr1","35561772","35561885","14","172541664"
"chr2B","208119054","208119361","chr7","74256869","74257176","36","133862185"
"chr2B","208259516","208259796","chr4","160692905","160693183","37","47566611"
"chr2B","208311114","208311418","chr1","54184910","54185214","31","154126204"
"chr2B","208321991","208322288","chr20","54448223","54448522","28","153873768"
"chr2B","208549862","208550167","chr2","44364597","44364899","30","164185265"
"chr2B","208595149","208595448","chr12","85488407","85488716","36","123106742"
"chr2B","208615538","208615713","chr3","127934070","127934247","28","80681468"
"chr2B","208707283","208707574","chr12","85600712","85601003","25","123106571"
"chr2B","208743657","208743962","chr10","35925060","35925352","36","172818597"
"chr2B","208987400","208987694","chr12","85877752","85878045","26","123109648"
"chr2B","209456027","209456337","chr1","7768760","7769067","31","201687267"
"chr2B","209501517","209501823","chr1","165996033","165996341","42","43505484"
"chr2B","209519361","209519633","chr19","32882727","32882998","32","176636634"
"chr2B","209577127","209577440","chr4","5357211","5357521","51","204219916"
"chr2B","209720060","209720331","chr12","86648927","86649202","30","123071133"
"chr2B","210194311","210194602","chr4","10919980","10920277","45","199274331"
"chr2B","210736883","210737182","chr8","115461075","115461370","30","95275808"
"chr2B","210828932","210829231","chr19","32740719","32741019","29","178088213"
"chr2B","210864259","210864416","chr15","6911024","6911192","29","203953235"
"chr2B","210913208","210913512","chrX","872740","873049","33","210040468"
"chr2B","210968157","210968463","chr19","50863135","50863438","32","160105022"
"chr2B","210998783","210998967","chr10","15571023","15571211","42","195427760"
"chr2B","211008418","211008715","chr12","87913329","87913624","21","123095089"
"chr2B","211045435","211045504","chr5","171335331","171335400","27","39710104"
"chr2B","211075578","211075762","chr1","19159458","19159639","32","191916120"
"chr2B","211099607","211099906","chr1","54184910","54185214","32","156914697"
"chr2B","211635120","211635427","chr3","509096","509403","45","211126024"
"chr2B","211797645","211797942","chr7","127065845","127066144","28","84731800"
"chr2B","211889934","211890081","chr5","88846589","88846754","40","123043345"
"chr2B","212290630","212290928","chr6","147351072","147351371","32","64939558"
"chr2B","212392298","212392576","chr3","40594821","40595114","47","171797477"
"chr2B","212394335","212394626","chr5","117401080","117401372","29","94993255"
"chr2B","212510795","212511098","chr7","113241613","113241916","35","99269182"
"chr2B","212534482","212534798","chr12","89452273","89452586","39","123082209"
"chr2B","212552798","212553095","chr11","108584077","108584374","28","103968721"
"chr2B","212561068","212561374","chrX","53714392","53714701","35","158846676"
"chr2B","212568857","212569164","chr13","37665680","37665990","38","174903177"
"chr2B","212899615","212899860","chr8","99852779","99853033","51","113046836"
"chr2B","212940007","212940310","chr12","89866183","89866488","25","123073824"
"chr2B","212995202","212995509","chr6","174905209","174905512","30","38089993"
"chr2B","213113589","213113900","chr2","123793600","123793919","42","89319989"
"chr2B","213381843","213382136","chr12","90261342","90261635","22","123120501"
"chr2B","214175465","214175766","chr7","72469384","72469677","43","141706081"
"chr2B","214231113","214231412","chr11","108584077","108584374","40","105647036"
"chr2B","214274942","214275242","chr3","166564362","166564660","32","47710580"
"chr2B","214749382","214749608","chr19","20083316","20083542","24","194666066"
"chr2B","215231157","215231465","chr12","98050892","98051201","37","117180265"
"chr2B","215322741","215323011","chr12","92046331","92046611","38","123276410"
"chr2B","215422614","215422913","chrX","52884540","52884848","37","162538074"
"chr2B","215674261","215674554","chr10","38772882","38773178","31","176901379"
"chr2B","215889750","215890057","chr19","2910150","2910450","40","212979600"
"chr2B","216593466","216593746","chr12","93340999","93341279","27","123252467"
"chr2B","216658726","216659034","chr12","93411261","93411570","32","123247465"
"chr2B","217070196","217070515","chr20","28154048","28154358","43","188916148"
"chr2B","217179912","217180196","chr20","17270260","17270544","34","199909652"
"chr2B","217571179","217571350","chr1","9087561","9087734","32","208483618"
"chr2B","217637534","217637837","chr5","127280394","127280703","35","90357140"
"chr2B","217781675","217781985","chr12","94648012","94648322","32","123133663"
"chr2B","218007491","218007740","chr4","29055861","29056111","41","188951630"
"chr2B","218216400","218216679","chr15","44422532","44422812","29","173793868"
"chr2B","218227959","218228257","chr1","61388678","61388976","30","156839281"
"chr2B","218249804","218250109","chr12","95161451","95161754","26","123088353"
"chr2B","218575224","218575511","chr12","95486110","95486402","31","123089114"
"chr2B","218640389","218640676","chr15","28118173","28118451","39","190522216"
"chr2B","218658408","218658707","chr14","2713092","2713395","34","215945316"
"chr2B","218681765","218682079","chr13","106164334","106164628","49","112517431"
"chr2B","218692505","218692813","chr6","1092742","1093043","41","217599763"
"chr2B","218731532","218731832","chr17","82184412","82184713","39","136547120"
"chr2B","218871666","218871974","chr9","93872647","93872956","36","124999019"
"chr2B","218902613","218902904","chr15","20753103","20753401","41","198149510"
"chr2B","219189826","219190095","chr6","143962447","143962710","47","75227379"
"chr2B","219660382","219660537","chr20","58915972","58916128","19","160744410"
"chr2B","219660868","219661087","chr1","15330476","15330698","47","204330392"
"chr2B","219711329","219711619","chr1","130574287","130574581","38","89137042"
"chr2B","219995998","219996299","chr11","56089370","56089672","24","163906628"
"chr2B","220495886","220496171","chr1","9771853","9772138","41","210724033"
"chr2B","220721784","220722073","chrX","113301095","113301395","37","107420689"
"chr2B","220828069","220828345","chr14","1363264","1363542","34","219464805"
"chr2B","220835003","220835283","chr1","53192216","53192497","40","167642787"
"chr2B","220949721","220950022","chr2","121997035","121997340","42","98952686"
"chr2B","220973077","220973371","chr18","66895567","66895862","32","154077510"
"chr2B","221076303","221076472","chr13","89859967","89860138","40","131216336"
"chr2B","221083365","221083657","chr8","129580403","129580698","27","91502962"
"chr2B","221162440","221162733","chr12","98214453","98214745","22","122947987"
"chr2B","221327893","221328084","chr5","13274636","13274819","34","208053257"
"chr2B","221416465","221416624","chr12","96179892","96180046","28","125236573"
"chr2B","221530093","221530389","chr12","98570676","98570974","16","122959417"
"chr2B","221597418","221597685","chr14","24770083","24770360","33","196827335"
"chr2B","221612440","221612733","chr1","211674361","211674655","29","9938079"
"chr2B","221764137","221764445","chr12","98795778","98796086","26","122968359"
"chr2B","222202229","222202532","chr12","119761952","119762260","30","102440277"
"chr2B","222203499","222203795","chr12","99240164","99240451","28","122963335"
"chr2B","222420049","222420321","chrX","18213365","18213639","35","204206684"
"chr2B","222449648","222449910","chr12","99476510","99476772","21","122973138"
"chr2B","222830966","222831266","chr11","55619571","55619869","34","167211395"
"chr2B","223257884","223258160","chrX","18213365","18213639","37","205044519"
"chr2B","223300964","223301266","chr16","2437247","2437543","38","220863717"
"chr2B","223329415","223329604","chr5","740668","740849","34","222588747"
"chr2B","223343561","223343856","chr12","100379700","100380002","28","122963861"
"chr2B","223358267","223358565","chr12","100393786","100394084","25","122964481"
"chr2B","223377848","223378141","chr1","85807051","85807354","38","137570797"
"chr2B","223405499","223405800","chr1","46662392","46662703","36","176743107"
"chr2B","223418303","223418615","chr2","84060483","84060788","36","139357820"
"chr2B","223431361","223431661","chr1","42018653","42018950","30","181412708"
"chr2B","223435034","223435197","chr7","129362850","129363013","35","94072184"
"chr2B","223435484","223435792","chr1","54184910","54185214","38","169250574"
"chr2B","223561488","223561797","chr3","81656161","81656467","37","141905327"
"chr2B","223590192","223590487","chr12","100645782","100646061","42","122944410"
"chr2B","223648124","223648316","chr15","10405383","10405560","45","213242741"
"chr2B","223678376","223678672","chr11","106958238","106958535","34","116720138"
"chr2B","223718047","223718339","chr12","94881332","94881627","28","128836715"
"chr2B","223820195","223820499","chr12","100870813","100871115","30","122949382"
"chr2B","223882994","223883285","chr12","100934745","100935041","34","122948249"
"chr2B","224282531","224282840","chr10","82827361","82827669","28","141455170"
"chr2B","224656933","224657226","chr12","101698085","101698388","25","122958848"
"chr2B","224665003","224665329","chr2","187556111","187556436","35","37108892"
"chr2B","224742239","224742536","chr4","88700124","88700424","29","136042115"
"chr2B","225152176","225152463","chr7","77154569","77154849","39","147997607"
"chr2B","225317794","225318094","chr19","37947536","37947838","33","187370258"
"chr2B","225878523","225878816","chr19","1147467","1147760","27","224731056"
"chr2B","225888284","225888582","chr12","102992020","102992319","26","122896264"
"chr2B","225929227","225929531","chr4","88700124","88700424","34","137229103"
"chr2B","225991587","225991917","chr9","99757077","99757403","46","126234510"
"chr2B","226130979","226131260","chr4","107822067","107822349","27","118308912"
"chr2B","226283818","226284114","chr1","45194641","45194934","34","181089177"
"chr2B","226329936","226330168","chrX","52786525","52786742","44","173543411"
"chr2B","226410133","226410444","chr17","54357905","54358213","32","172052228"
"chr2B","226789108","226789416","chr3","81656161","81656467","37","145132947"
"chr2B","226947123","226947429","chr15","109857905","109858208","30","117089218"
"chr2B","227061049","227061343","chr12","104227372","104227667","28","122833677"
"chr2B","227130053","227130348","chr10","33062312","33062608","27","194067741"
"chr2B","227502624","227502932","chr1","216542963","216543268","44","10959661"
"chr2B","227553510","227553719","chr1","223370408","223370612","24","4183102"
"chr2B","227570290","227570585","chr9","115259231","115259523","28","112311059"
"chr2B","227678312","227678617","chrX","12237021","12237319","34","215441291"
"chr2B","227848291","227848596","chr12","105004450","105004757","26","122843841"
"chr2B","227988397","227988701","chr12","105144415","105144714","35","122843982"
"chr2B","228020187","228020485","chr3","7367921","7368221","37","220652266"
"chr2B","228539298","228539559","chr5","133076217","133076473","35","95463081"
"chr2B","228601242","228601527","chr11","102439527","102439805","44","126161715"
"chr2B","228625993","228626295","chr19","50863135","50863438","34","177762858"
"chr2B","228896456","228896771","chr5","81451711","81452025","30","147444745"
"chr2B","228918905","228919083","chr15","10405383","10405560","26","218513522"
"chr2B","228969638","228969866","chr9","93688855","93689088","29","135280783"
"chr2B","229051232","229051541","chr19","35826176","35826481","35","193225056"
"chr2B","229414420","229414727","chr1","218582809","218583117","35","10831611"
"chr2B","229563377","229563688","chr4","13094042","13094350","35","216469335"
"chr2B","229720184","229720479","chr11","122284883","122285181","29","107435301"
"chr2B","229728366","229728662","chr14","65706342","65706637","29","164022024"
"chr2B","229738312","229738595","chr1","221787583","221787868","32","7950729"
"chr2B","229757128","229757422","chr19","34956456","34956748","33","194800672"
"chr2B","229785929","229786237","chrX","52884540","52884848","32","176901389"
"chr2B","229791763","229792007","chr20","45104501","45104744","37","184687262"
"chr2B","229792262","229792311","chr8","38311974","38312019","14","191480288"
"chr2B","229821868","229822178","chr1","156547387","156547697","29","73274481"
"chr2B","229838703","229838985","chr7","68302964","68303250","34","161535739"
"chr2B","229878489","229878771","chr2","61380094","61380378","32","168498395"
"chr2B","229882469","229882774","chr7","9899162","9899466","32","219983307"
"chr2B","229907632","229907922","chr14","66326782","66327072","33","163580850"
"chr2B","230073783","230074093","chr1","44043450","44043760","37","186030333"
"chr2B","230472766","230473057","chr12","107601831","107602120","31","122870935"
"chr2B","230669982","230670281","chr2","64819781","64820080","37","165850201"
"chr2B","230905205","230905499","chr5","41819509","41819795","29","189085696"
"chr2B","231371292","231371599","chr9","12236843","12237146","36","219134449"
"chr2B","231389919","231390226","chr12","108570976","108571285","30","122818943"
"chr2B","231958726","231958938","chr15","107971636","107971861","52","123987090"
"chr2B","231983648","231983948","chr16","67304548","67304851","30","164679100"
"chr2B","232170908","232171102","chr10","47192046","47192215","47","184978862"
"chr2B","232335517","232335833","chr8","28458710","28459025","40","203876807"
"chr2B","232374674","232374980","chr8","105120121","105120431","37","127254553"
"chr2B","232536502","232536801","chr3","44070862","44071165","33","188465640"
"chr2B","232822933","232823216","chrX","117589965","117590253","29","115232968"
"chr2B","233168440","233168760","chr5","13885462","13885777","38","219282978"
"chr2B","233391161","233391457","chr7","61336293","61336589","29","172054868"
"chr2B","233763591","233763899","chr1","220322720","220323024","41","13440871"
"chr2B","234151365","234151554","chr10","17123065","17123263","40","217028300"
"chr2B","234721433","234721739","chr10","71735218","71735517","35","162986215"
"chr2B","234930535","234930810","chr6","168225191","168225463","37","66705344"
"chr2B","235064009","235064317","chr4","5955341","5955651","31","229108668"
"chr2B","235179614","235179785","chr1","35561294","35561462","33","199618320"
"chr2B","235182907","235183213","chr13","39352330","39352639","29","195830577"
"chr2B","235192664","235192967","chr7","61608289","61608587","30","173584375"
"chr2B","235211680","235211986","chr19","50863135","50863438","33","184348545"
"chr2B","235245167","235245460","chr8","41109706","41110012","50","194135461"
"chr2B","235772072","235772383","chr12","110082565","110082875","35","125689507"
"chr2B","235832070","235832366","chr11","108584077","108584374","25","127247993"
"chr2B","235846351","235846509","chr3","76215454","76215617","29","159630897"
"chr2B","235886073","235886298","chrX","78427195","78427409","43","157458878"
"chr2B","235957936","235958126","chr17","39176135","39176331","31","196781801"
"chr2B","235994495","235994810","chr2","159950187","159950489","52","76044308"
"chr2B","236308787","236309084","chr1","34922657","34922952","30","201386130"
"chr2B","236341054","236341353","chr1","34922657","34922952","34","201418397"
"chr2B","236429265","236429528","chr1","39874498","39874760","34","196554767"
"chr2B","236705365","236705641","chr3","126098608","126098883","39","110606757"
"chr2B","236735034","236735337","chr12","113973217","113973518","22","122761817"
"chr2B","236745536","236745835","chr12","113984831","113985130","27","122760705"
"chr2B","236749891","236750199","chrX","69081554","69081869","29","167668337"
"chr2B","236759045","236759350","chr7","113241613","113241916","37","123517432"
"chr2B","236760621","236760927","chr12","114000387","114000694","33","122760234"
"chr2B","236818579","236818868","chr6","169586934","169587216","41","67231645"
"chr2B","236843326","236843504","chr5","139059636","139059807","23","97783690"
"chr2B","236887696","236887994","chr7","9822708","9823006","26","227064988"
"chr2B","236938490","236938792","chr2","170449066","170449370","32","66489424"
"chr2B","236993259","236993568","chr7","978158","978472","38","236015101"
"chr2B","237173710","237174015","chr12","114415027","114415335","30","122758683"
"chr2B","237219075","237219376","chr8","5292337","5292637","33","231926738"
"chr2B","237605856","237606112","chr12","114880016","114880268","24","122725840"
"chr2B","237672676","237672977","chr7","127065845","127066144","28","110606831"
"chr2B","237680476","237680776","chr20","18597833","18598131","30","219082643"
"chr2B","237825007","237825301","chr2","148110502","148110798","34","89714505"
"chr2B","237841461","237841742","chr6","130220896","130221177","43","107620565"
"chr2B","237873996","237874178","chr5","740668","740849","32","237133328"
"chr2B","237918598","237918900","chr11","108584077","108584374","34","129334521"
"chr2B","237976626","237976783","chr9","38344102","38344259","24","199632524"
"chr2B","237977527","237977819","chr7","163080885","163081176","52","74896642"
"chr2B","238131143","238131452","chr12","115444237","115444546","34","122686906"
"chr2B","238151620","238151926","chr12","115464784","115465091","17","122686836"
"chr2B","238286471","238286791","chr12","115604253","115604572","47","122682218"
"chr2B","238412459","238412650","chrX","59842814","59842986","57","178569645"
"chr2B","238437410","238437708","chr12","115736283","115736579","28","122701127"
"chr2B","238537771","238538047","chrX","30317725","30318004","38","208220046"
"chr2B","238591917","238592199","chr3","61219427","61219705","26","177372490"
"chr2B","238700252","238700560","chr7","150626041","150626346","37","88074211"
"chr2B","239403864","239404164","chrX","67476646","67476941","30","171927218"
"chr2B","239437727","239438036","chr9","105321199","105321510","36","134116528"
"chr2B","239467453","239467724","chr10","25171709","25171985","41","214295744"
"chr2B","239534051","239534346","chrX","19203852","19204150","32","220330199"
"chr2B","239561277","239561527","chr2","55729004","55729244","42","183832273"
"chr2B","239646990","239647281","chr3","175664911","175665204","30","63982079"
"chr2B","239685939","239686245","chr14","2713092","2713395","42","236972847"
"chr2B","239800456","239800693","chr12","117121179","117121416","29","122679277"
"chr2B","239913585","239913891","chr3","24845532","24845839","33","215068053"
"chr2B","239940715","239941019","chr6","1092742","1093043","29","238847973"
"chr2B","239979244","239979529","chr2","69218887","69219173","57","170760357"
"chr2B","240131742","240132042","chr7","127065845","127066144","34","113065897"
"chr2B","240158773","240159069","chr13","106164334","106164628","29","133994439"
"chr2B","240214311","240214604","chr7","10757695","10757986","34","229456616"
"chr2B","240224382","240224687","chr13","94954144","94954445","31","145270238"
"chr2B","240303736","240304038","chr1","54184910","54185214","28","186118826"
"chr2B","240365604","240365910","chr12","117667869","117668176","30","122697735"
"chr2B","240623400","240623695","chr12","117970184","117970483","34","122653216"
"chr2B","240682979","240683169","chr10","17123065","17123263","34","223559914"
"chr2B","240883630","240883933","chr6","92179358","92179655","46","148704272"
"chr2B","240953971","240954252","chr4","137261768","137262054","31","103692203"
"chr2B","241017687","241017973","chr7","26662562","26662859","35","214355125"
"chr2B","241109781","241110086","chr1","216542963","216543268","36","24566818"
"chr2B","241423767","241424051","chr9","64106021","64106313","52","177317746"
"chr2B","241429871","241430178","chr1","54184910","54185214","36","187244961"
"chr2B","241431758","241431978","chr12","118895942","118896175","32","122535816"
"chr2B","241938297","241938569","chr18","15136330","15136609","36","226801967"
"chr2B","242266723","242267032","chr13","2295198","2295505","33","239971525"
"chr2B","242338475","242338760","chr2","130070872","130071167","39","112267603"
"chr2B","242984230","242984538","chr12","5553955","5554255","37","237430275"
"chr2B","243032825","243033114","chr16","2437247","2437543","39","240595578"
"chr2B","243160044","243160175","chr7","68956423","68956553","11","174203621"
"chr2B","243160422","243160584","chr19","32998981","32999142","32","210161441"
"chr2B","243342655","243342955","chrX","19203852","19204150","33","224138803"
"chr2B","243343477","243343777","chr5","127280394","127280703","39","116063083"
"chr2B","243524910","243525208","chr12","121002995","121003297","27","122521915"
"chr2B","243591146","243591482","chrX","113475257","113475588","40","130115889"
"chr2B","243600819","243600975","chr3","76215454","76215617","23","167385365"
"chr2B","243621042","243621324","chr11","33868257","33868543","32","209752785"
"chr2B","243627308","243627618","chr1","7768760","7769067","27","235858548"
"chr2B","243660759","243661061","chr2","47824467","47824767","31","195836292"
"chr2B","243700673","243700973","chr12","121179701","121179995","26","122520972"
"chr2B","243735061","243735404","chr12","121213475","121213790","54","122521586"
"chr2B","243794247","243794563","chr8","102873637","102873952","42","140920610"
"chr2B","243881170","243881479","chr1","160978135","160978440","35","82903035"
"chr2B","245444310","245444594","chr19","10080529","10080811","37","235363781"
"chr2B","245647632","245647936","chrX","130126302","130126612","33","115521330"
"chr2B","245650142","245650457","chr6","176790550","176790858","39","68859592"
"chr2B","245826761","245827037","chrX","135474229","135474501","31","110352532"
"chr2B","245912552","245912860","chr2","134033599","134033909","37","111878953"
"chr2B","245963531","245963843","chr1","216542963","216543268","41","29420568"
"chr2B","246029162","246029458","chr2","97742204","97742501","46","148286958"
"chr2B","246359356","246359558","chr17","39176135","39176331","70","207183221"
"chr2B","246453117","246453413","chr13","3690426","3690725","40","242762691"
"chr2B","246661119","246661418","chr12","82259755","82260061","42","164401364"
"chr2B","246696831","246697160","chr2","201569959","201570286","59","45126872"
"chr2B","246765501","246765799","chr3","42965994","42966291","27","203799507"
"chr2B","246777086","246777385","chr9","98432771","98433070","31","148344315"
"chr2B","246858562","246858722","chr5","18060035","18060193","27","228798527"
"chr2B","246919489","246919665","chr3","127934070","127934247","29","118985419"
"chr2B","246960659","246960966","chrX","130126302","130126612","32","116834357"
"chr2B","246990596","246990899","chr15","104401844","104402147","31","142588752"
"chr2B","247000423","247000727","chr2","195552885","195553191","49","51447538"
"chr2B","247017429","247017724","chr12","124538063","124538365","25","122479366"
"chr2B","247024563","247024865","chr12","124545177","124545485","30","122479386"
"chr2B","247031109","247031397","chr2","109381027","109381314","27","137650082"
"chr2B","247041765","247042076","chr3","7367921","7368221","34","239673844"
"chr2B","247049817","247050120","chr12","124568998","124569291","32","122480819"
"chr2B","247424934","247425243","chr12","61309272","61309577","38","186115662"
"chrUn_GL393451","6903","7207","chr15","104401844","104402147","39","104394941"
"chrUn_GL393451","48152","48460","chr4","5357211","5357521","37","5309059"
"chrUn_GL393459","41503","41676","chrUn_NW_014807749v1","348","512","38","41155"
"chrUn_GL393464","35929","36225","chr19","30115634","30115931","45","30079705"
"chrUn_GL393464","36524","36836","chr12","61309272","61309577","55","61272748"
"chrUn_GL393464","38742","39070","chr12","117233105","117233428","52","117194363"
"chrUn_GL393464","41856","42144","chrY","7643350","7643633","47","7601494"
"chrUn_GL393469","3819","4130","chr15","57839","58140","32","54020"
"chrUn_GL393471","36400","36696","chr2","94638020","94638314","37","94601620"
"chrUn_GL393475","33802","34107","chr4","5357211","5357521","41","5323409"
"chrUn_GL393475","36900","37065","chr13","27708245","27708405","31","27671345"
"chrUn_GL393481","23042","23346","chr1","13457585","13457895","35","13434543"
"chrUn_GL393487","17972","18276","chr15","104401844","104402147","37","104383872"
"chrUn_GL393491","8699","8993","chr2","94638020","94638314","38","94629321"
"chrUn_GL393493","4486","4777","chr8","92404472","92404769","32","92399986"
"chrUn_GL393498","18179","18473","chr1","199847714","199848008","34","199829535"
"chrUn_GL393505","180283","180591","chr10","72031369","72031681","37","71851086"
"chrUn_GL393505","371185","371468","chr3","12332767","12333051","45","11961582"
"chrUn_GL393505","405227","405507","chr18","13204390","13204672","36","12799163"
"chrUn_GL393505","407679","407960","chr2","59421984","59422267","41","59014305"
"chrUn_GL393515","10781","11080","chr15","84506059","84506359","40","84495278"
"chrUn_GL393516","133002","133330","chrX","52884540","52884848","50","52751538"
"chrUn_GL393516","140882","141181","chr4","17813337","17813633","51","17672455"
"chrUn_GL393516","179448","179619","chrUn_NW_014807749v1","348","512","31","179100"
"chrUn_GL393516","423894","424182","chr5","139847501","139847800","41","139423607"
"chrUn_GL393516","428366","428664","chrX","95493966","95494262","44","95065600"
"chrUn_GL393518","560910","561200","chr6","148347411","148347707","39","147786501"
"chrUn_GL393518","562322","562612","chr1","50269499","50269788","39","49707177"
"chrUn_GL393519","350882","351120","chr5","3427978","3428202","48","3077096"
"chrUn_GL393519","372892","373157","chr10","25171709","25171985","39","24798817"
"chrUn_GL393519","375799","376106","chrX","18394346","18394650","37","18018547"
"chrUn_GL393522","198200","198495","chr1","113564712","113565007","28","113366512"
"chrUn_GL393522","202207","202517","chr7","127065845","127066144","39","126863638"
"chrUn_GL393522","335260","335568","chr4","5357211","5357521","40","5021951"
"chrUn_GL393523","35470","35764","chr1","56044044","56044339","42","56008574"
"chrUn_GL393523","38965","39249","chr18","51534156","51534435","37","51495191"
"chrUn_GL393523","297348","297647","chr4","95803939","95804230","43","95506591"
"chrUn_GL393523","305183","305504","chr4","108327631","108327935","55","108022448"
"chrUn_GL393524","16161","16452","chr13","92512308","92512602","39","92496147"
"chrUn_GL393524","158357","158668","chr4","157523785","157524088","40","157365428"
"chrUn_GL393524","162332","162372","chr15","1380399","1380444","11","1218067"
"chrUn_GL393524","162373","162573","chr2","41409061","41409258","30","41246688"
"chrUn_GL393525","160442","160740","chr4","134852861","134853168","33","134692419"
"chrUn_GL393525","174261","174601","chr1","13457585","13457895","61","13283324"
"chrUn_GL393525","194042","194343","chr4","36717241","36717544","33","36523199"
"chrUn_GL393527","29531","29840","chr12","98050892","98051201","35","98021361"
"chrUn_GL393527","227835","228143","chr4","5357211","5357521","40","5129376"
"chrUn_GL393527","249120","249418","chr3","74896182","74896480","39","74647062"
"chrUn_GL393529","47554","47851","chrX","67476646","67476941","37","67429092"
"chrUn_GL393530","21677","21974","chr3","74896182","74896480","43","74874505"
"chrUn_GL393530","107363","107661","chr1","206202604","206202903","41","206095241"
"chrUn_GL393530","172977","173272","chr2","27655358","27655658","43","27482381"
"chrUn_GL393531","54813","55113","chr4","103634698","103634995","28","103579885"
"chrUn_GL393534","35888","36184","chr4","10919980","10920277","40","10884092"
"chrUn_GL393534","163235","163531","chr20","30937004","30937299","30","30773769"
"chrUn_GL393534","167212","167519","chr8","122686130","122686440","39","122518918"
"chrUn_GL393535","22703","22984","chr13","108424971","108425258","30","108402268"
"chrUn_GL393539","56013","56346","chr15","109889811","109890143","51","109833798"
"chrUn_GL393540","162866","163163","chr15","104505005","104505303","31","104342139"
"chrUn_GL393541","46919","47083","chr12","44446416","44446578","23","44399497"
"chrUn_GL393542","37625","37918","chr1","162175697","162175990","45","162138072"
"chrUn_GL393542","305089","305405","chr14","97385381","97385689","60","97080292"
"chrUn_GL393542","316617","316918","chr7","61608289","61608587","50","61291672"
"chrUn_GL393544","90524","90810","chr14","108106190","108106474","45","108015666"
"chrUn_GL393546","11921","12215","chr1","199847714","199848008","40","199835793"
"chrUn_GL393546","68452","68691","chr3","120050843","120051085","37","119982391"
"chrUn_GL393546","95017","95320","chr1","54184910","54185214","22","54089893"
"chrUn_GL393547","47391","47687","chrX","67476646","67476941","35","67429255"
"chrUn_GL393548","109763","110066","chr20","69417627","69417929","38","69307864"
"chrUn_GL393548","129017","129317","chr1","7761014","7761319","30","7631997"
"chrUn_GL393550","70999","71313","chr8","42172021","42172334","39","42101022"
"chrUn_GL393551","41917","42211","chrX","23155568","23155864","33","23113651"
"chrUn_GL393551","60870","61172","chr1","155244835","155245140","38","155183965"
"chrUn_GL393551","68497","68783","chr13","68530211","68530499","26","68461714"
"chrUn_GL393551","73200","73477","chr1","19608573","19608851","55","19535373"
"chrUn_GL393551","102993","103283","chr1","35624480","35624753","55","35521487"
"chrUn_GL393553","45861","46152","chrX","23155568","23155864","35","23109707"
"chrUn_GL393553","62472","62769","chr3","48879684","48879984","39","48817212"
"chrUn_GL393553","69447","69731","chr13","68530211","68530499","31","68460764"
"chrUn_GL393553","73896","74179","chr2","143894240","143894518","40","143820344"
"chrUn_GL393554","37742","38010","chr2","98285830","98286085","45","98248088"
"chrUn_GL393554","89042","89316","chr7","49038912","49039166","43","48949870"
"chrUn_GL393554","110704","110999","chr3","14647021","14647316","24","14536317"
"chrUn_GL393554","129674","129850","chr9","62270006","62270180","26","62140332"
"chrUn_GL393554","132441","132745","chr16","25803416","25803717","40","25670975"
"chrUn_GL393695","209","499","chr10","60548706","60549008","59","60548497"
"chrUn_GL393695","2860","3147","chr10","60548706","60549008","60","60545846"
"chrUn_GL393695","5277","5564","chr10","60548706","60549008","67","60543429"
"chrUn_GL393769","3198","3488","chr7","161747057","161747356","78","161743859"
"chrUn_GL393931","20565","20860","chr4","5864759","5865052","39","5844194"
"chrUn_GL393931","28372","28697","chrX","52884540","52884848","49","52856168"
"chrUn_GL394091","9427","9726","chr3","77744436","77744731","32","77735009"
"chrUn_GL394216","25292","25586","chr12","110042316","110042609","39","110017024"
"chrUn_GL394425","1909","2165","chr12","83003265","83003522","33","83001356"
"chrUn_GL394461","4297","4588","chr10","60548706","60549008","59","60544409"
"chrUn_GL394471","8464","8772","chr5","85045085","85045391","35","85036621"
"chrUn_GL394498","3707","4001","chr12","110042316","110042609","38","110038609"
"chrUn_GL394562","3498","3785","chr10","60548706","60549008","64","60545208"
"chrUn_GL394698","3053","3360","chr10","20349305","20349613","44","20346252"
"chrUn_GL394833","634","943","chr13","31472571","31472878","39","31471937"
"chrUn_GL394833","4818","5123","chrX","85948167","85948472","34","85943349"
"chrUn_GL394929","3060","3361","chr3","77744436","77744731","32","77741376"
"chrUn_GL394980","40035","40330","chrX","67476646","67476941","43","67436611"
"chrUn_GL394998","4003","4291","chr10","60548706","60549008","60","60544703"
"chrUn_GL395036","3933","4229","chr11","108584077","108584374","31","108580144"
"chrUn_GL395055","988","1275","chr10","60548706","60549008","59","60547718"
"chrUn_GL395055","3357","3644","chr10","60548706","60549008","65","60545349"
"chrUn_GL395079","3110","3312","chr4","135383393","135383611","45","135380283"
"chrUn_GL395165","5115","5410","chr6","40731033","40731327","36","40725918"
"chrUn_GL395178","10149","10446","chr4","17893190","17893477","39","17883041"
"chrUn_GL395187","2094","2390","chr5","85045085","85045391","40","85042991"
"chrUn_GL395187","2946","3242","chr5","85045085","85045391","41","85042139"
"chrUn_GL395204","4159","4463","chr6","174905209","174905512","36","174901050"
"chrUn_GL395204","10945","11255","chr6","174905209","174905512","40","174894264"
"chrUn_GL395261","1188","1494","chr7","87947189","87947499","40","87946001"
"chrUn_GL395313","3564","3863","chr3","74896182","74896480","37","74892618"
"chrUn_GL395463","7580","7875","chr5","93079361","93079652","39","93071781"
"chrUn_GL395467","1","214","chr10","38389892","38390091","58","38389891"
"chrUn_GL395467","2677","2966","chr10","60548706","60549008","66","60546029"
"chrUn_GL395497","15362","15667","chr4","5357211","5357521","41","5341849"
"chrUn_GL395515","9494","9785","chr15","100116828","100117123","38","100107334"
"chrUn_GL395603","6390","6700","chr1","130838973","130839279","45","130832583"
"chrUn_GL395613","14076","14172","chr8","96081034","96081104","43","96066958"
"chrUn_GL395630","131","438","chr1","54184910","54185214","32","54184779"
"chrUn_GL395648","1671","1978","chr12","116693000","116693308","34","116691329"
"chrUn_GL395670","1127","1317","chr1","134845532","134845706","55","134844405"
"chrUn_GL395799","2","272","chr12","82490631","82490907","79","82490629"
"chrUn_GL395916","5569","5852","chr4","137261768","137262054","47","137256199"
"chrUn_GL395940","13640","13738","chr18","12156315","12156414","43","12142675"
"chrUn_GL396014","226","533","chr1","54184910","54185214","31","54184684"
"chrUn_GL396014","8750","9050","chr7","127065845","127066144","34","127057095"
"chrUn_GL396085","9244","9449","chr3","36303286","36303484","50","36294042"
"chrUn_GL396085","11031","11314","chr10","60548706","60549008","61","60537675"
"chrUn_GL396107","946","1245","chr15","84506059","84506359","44","84505113"
"chrUn_GL396109","1213","1500","chr10","60548706","60549008","66","60547493"
"chrUn_GL396109","3474","3761","chr10","60548706","60549008","72","60545232"
