"chr1","39845595","39845905","KN296306v1","1099162","1099469","41","38746433","GGCCAGGTACGGTGGCTCACTCCTGTAATCCCAGCACTTTGGGAGGCCAAGGCGGGTGGATTACCTGAGGTCAGGAGTTCGAGACCAGCCTGACCAACATGGTGAAACCCCATCTCTACTAAAAATACACAATTAGCTGGGCATGGTGGCGGGTGTCTGTAATCCCAGCTACTCAGGAGACTGAGGCAGGAAAATTGTTTGGACCCAGGAGTCAGAGGTTGCAGTGAGCTGAGATCGCGTCATTGCAATCCAGCCTAGGCAGCAAGAGTGAAACAGTGTCTCAAAACAAACAACAACAAAAAGAACCAAAA","GACCAGGTGCAGTGGCTCATGCCTGTAATCCCAGCACTTTGGGATGCTGAGGTGGGTAGATCTCCTGAGGTCAGGAGTTCGAGACCAGCCTGGCCAACATGGTGAAACCTCATCTCTACTAAAAATACAAAAATTAGCTGGGCCTGGTGGCAGGTGCCTGTAGTCTCAGCTACTTGGGAGACTGAGGCAGGAGAATTGCTTGAACCCAGGAGTGGGAAGTTGCAGTGAGCTGAGATAGCACCATTGCACTCCAGCCTGGGCAGCAAGAGTGAAACTCTGTCTCAAAACAAACAAACAAACAAACAAAA"
"chr1","46137090","46137377","KN297154v1","933207","933496","42","45203883","GGCCCAGCACGGTGGATCACACCTGTAATCTCAGCACTTTGGAAGACCTAGGTGGGGGGATCACTTGAGGTCAGGAATTCAAGACCAACCTGGCCAATATGGCAAAACCCTGTCTCTACTAAAAATACAAAAATTAACTGGGTGTGGTGGCACCTAGCTACTCGGGAGGCTGAGGCAGGAGAATCGCTTGAACCCGGGAGGTGGAGGTTGCAGTGAGCCAAAATTGTGCCATTGCACTCCAGCCTGAGCAACAAAAGCGAAACTCTGTCTAAAAAAAAAAAAAAAAAA","GGGCATGGTGGCTTACACCTGTAATCCCAGTACTTTGGCAGGCTGAAGTGGGCGGATCACTTGAGGCCAGGAATTTGAGACCAGCCTGGCCAGCATGGCAAAACCCTGTCTCTACTAAAAATACAAAAATTAGCTGCACATGGTGGCAGGCGCCTGTACTAGGGAGGCTGAGGCAGGAGAATCGCTTGAACCCGGGAGGTGGAGGTTGCAGTGAGCCAACATTGTGCCATTGCACTCCAGCCTGGGCAACAAGAGCGAAACTCCATCTCAAAAACAAACAAACAAAAAAA"
"chr1","186646253","186646543","KN295941v1","2250865","2251159","24","184395388","GCCAGGCACGGTGGCTCACGTGTGTAATCCCAGCACCTTTGGGAGGTTGAGGCAGGCAGATCACCTGAGGTCAGGAGTTGGAGACCAGCCTGGACAACATGGTGAAACCCTGTCTCTACTAAAAATACAAAAGTTAGCTGGGCGTGGTGGCATGTGCCTGTAATCCCAGCTATTCCGGAGGCTGAGGCACCAGAATCACTTGAACCTGGGAGGCGGAGTTTGCGGTGAGCCGAGATGGCACCATTGCACTCCAGCGTGAACAATGAGTGAAACTCCATCTCAGGAAAAAAA","GCCAGGCACGGTGGCTCATGCCTGTAATCCCAGCACCTTTGGGAGGTTGAGGCGGGCAGATCACCTGAGGTCAGGAGTTGGAGACCAGCCTGGCCAACATGGTGAAACCCCGTCTCTACTAAAAATACAAAAGTTAGCTGGGCATGGTGGCATGTGCCTGTAATCCAAGCTACTTGGGAGGCTGAGGCATGAGAATCACTTGAACCTGGGAGGCGGAGTTTGCAGTGAGCTGAGATGGCACCATTGCAATCCAGTGTGGACAACAAGAGTGAAACTCCATCTCAAGAAAAATAAA"
"chr1","8912697","8912986","KN297227v1","1018475","1018768","31","7894222","CTGGGCGCGGTGGCTCATGCCTGTAATCCCAGCACTTTGGGAGGCCGAGGCAGGTGGATCACGAGGTCAGGAGTTCAAGACCAGCCTGACCAATATGGTGAAACCCCGTCTCTACTAAAAATAAAAATTAGCCAGGTGTGGTGGTGGGCACCTGTAATCCCAGCTACTTGGGAGGCTGAGGCAGGAGAATTGCTTGAACCTGGGAGGCAGAGATTGCAGTAATCCGAGATCACACCATTGCACTCCAGGCTGGGCAACAAGAGTGAAACTCCATCTCAAAAAATAAAAAA","GGGCACGGTGGGTCATGCCTGTAATCCCAGCACTTTGGGAGGCCAAGGCAGGTAGATCACGAGGTCAGGCGTTCGAGACCAGCCTGGCCAACATAGTGAAACCCTGTCTCTACTAAAAATACAAAAAATTAGCCAGGCGTGGTGGCGGGCGCCTGTAATCCCAGCTACTTGGGAGGCTGAGGCAGGAGAATCACTTGAACCTGGGAGGCAGAGGTTGCAGTGAACTGAGATCGCACCATTGCACTCCAGCCTGGGCAACAAGAGTGAAACTCCGTCTCAAAAAAAAAAAAAAAA"
"chr1","11272095","11272412","KN295667v1","1687893","1688204","33","9584202","GGCTGGGTGTGGTGGCTCACGCCTGTAATCTCAGCACTTTGGGAGGCCAAGGTGGGTGGATCACCTGAGGTCAGGAGTTCGAGACCAGCCTGGCCAATATGGTGAAACCCCATCTCTACTAAAAATACAAAAATTAGCTGGGCGTGGTGGTGGCTGCCTGTAATCCCAGCTACTCAGGAGGCTGAGGCAGGAGAATTGCTTGAACCTGGAGGCAGAGGTTGCAGTGAGCCAAGATCACACCACTGCACTCCAGTTTGGGTGACAAGAGCGAAACTCTGTCTCAAAAAAACAAACAAACAAACAAACAAACAAAAAACA","GGCCGGGTGCGGTGGCTCACGCCTGTAATCCCAGCACTTTGGGAGGCCGAGGTGGGTGGATCACCTGAGGTCAGGAGTTGGAGACCAGCCTGGCCAGCATGGTGAAACCCCGTCTCTACTAAAAATACAAAAATTAGCCGGGCATGGTGGTGGGCGCCTGTATTCCCAGCTACTCGGGAGGCTGAGGCAGGAGAATCGCTTGAACCCAGGAGGCGGAGGTTGCAGTGAGCCAAGATCGCATCATTGCACTCCAGCCTGGGCAACAAGAGCGAAACTCCGTCTCAAAAAACAAACAAACAAACAAACAAACAA"
"chr1","40501048","40501362","KN294717v1","373979","374286","46","40127069","GGCTGGGCGTGATGGCTCATGCCTTGTAATCCCAGCACTTTGGGAGGCCGAGGCGGGCGGATAACAGGAGGTCAGGAGTTTGAGACCAGCTGGTCACCAGTAGAAACGGTGAAACCCTGTTTCTACTAAAAATACAAAAAATTAGCCAGGCGTGGTGGCACGTGCCCGTAATCCCAGCTACTCGGGAGGGTGAAGCAGGAGAATCACTTGAACCCGACAGGCAGAGGTTGCAGTGAGCCGATATCGCGCCATTGCACTCCAGCTTGGGCAACAAGAGTGAAACACCATCTCAAAAAAAAAGAAAGGAAAAAAAAA","GGCTGGGCATGGTGGCTCATGCCTGTAATCCCAGCACTTTGGGAGGCCAAGGTGGGTGGATCACCTGAGGTCAGCAGTTTGAGACCAGCCTGGCCAACATGGTAAAACCCCGTCTCTACTAAAAATACAAAAAATTAGCCAGGCATGGTGGTAGGCGCCTGTAATCCCAGCTACTTGGGAGGCTGAGGCACGAGAATCACTTGAACCCAGGAGGCAGAGGTTGCAGTGAGCCAAGATCGCGCCATTGCACTCCAGCCTGGGCAACAAGAGCAAAACTCCATCAAAAAAAAAAAAAAAAAAAAAAAAAA"
"chr1","62652156","62652464","KN296731v1","1681432","1681735","37","60970724","GGTCGGGTGCGGTGGCTCACGCCTGTAACCTCAGCACTTTGGGAGGCTGAGGTGGGCGGATCACCTGAGTTCAGGAGTTTGATACCAGCCTGACCAACATGGTGAAACCCTGTCTCTACTAAAAATACAAAATTAGCCAGGCATGGTGGCACATGCCTGTAATCCCAACTACTAGGAAGGCTAAGGCAGGAGAATCACTTGAACCCAGGAGGCAGAGGTTGCAGTGAGCCGAGATCACACCATTGCACTCCAGCCTGGGCAACAAGAGCAAAACTCCGTCTCAAATAAATAAATAGATAAGTAAATAAA","GGCCAGGTGCGGTGGCTCACACCTGTAATCCCAGCACTTTGGGAGGCTGAGGCGGGTGGATCACCTGAAGTCAGGAGTCTGAGACCAGCCTGGCCAACATGGTGAAACCCCGTCTCTACTAAAAATACAAAATTATCCAGGCATGGTGGCACATGCCTGTAATCCCAGATACTCGGGAGGCTGAGGCAGGAGAATCACTTGAACCCAGGAGGAGGAGGTTGCAGTGAGCCAAGATCGTGCCATTGCACTCCAGCCTGGGCAAAAAGAGTAAAACTGTGTCTCAAAAAAAAAAAAAAAAAAAAAA"
"chr1","92667718","92668020","KN295112v1","343212","343513","35","92324506","GGCCAGGCATGGTGGCTCATGCCTGTAATCCCAGCATTTTGGGAGGCCGAGGTGGGTGGATCACCTGAGGTCAGGAGTTCGAGACCAGCCTGGCCAACATGACAAAACCCTGTCTCTACTAAAAAGTACAAATATTAGCCAGGCATGGCAGTGGGGGCCTGTAATCCCAGCTACTCAGGAGGCTGAGGCAGGAGAATTGCTTGAACTCAGGAGGCAGAGGATGCAGTGAGCCGAGATTGCACCACTGCACTCTAGCCTGGGTGACAAGAGTGAGACTCCACCTCAAAAAAAAAAAAAAAAAAA","GGCCAGGTGCAGTGGCTCACGTCTATAATCCCAGCACTTTGGGAGGCTGAGGCGGGTGGATCACCTGAGGTCAGGAGTTCGAGACCAGCCTGGCCAACATGGCGAAACCCTGTCTCTACTAAAAATACAAAAATTAGCCAGGTGTGGTGGCGGGCACATGTAATCCCAGCTACTCAGGAGGCTGAGGCAGGAGAATCGCTTGAACCCAGGAGGTGGGGGTTGCAGTGAGCCGAGATCGTGCCACTGTACTCCAGCCTGGGTGACAAGAGTGAGACTCCGTCTCAAAAAAAAAAAAAAAAAAA"
"chr1","104071107","104071411","KN294777v1","751157","751455","48","103319950","GGCCTATCATGGTGGCTCACACCTGTAATGACAGCAATTTGGGAGGCTATGGAGGGTGGATCACCTTAGTTCAGGAGTTCAAGACCAGCCTGGCCAACATGGTGAAACCTCGTCTCTGCTAAAAACACAAAAATTAGCAGGGTGTGGTGGTGCCCGCCTGTAATCCTAGTTACTCAAGAGGCTGACGTGGGAGAATTGCTTGAACCCAGGAGGCAGAGGTTGCAGTGAGTCAAGATCATGCCTTTGCACTCCAGCCTGGGTGGCAAGAGTGAATCTCCATCTCACACACAAAAAAAAGAACAAAA","GGCCCGGCACGGTGGCTCACGCCTGTAATCCCAGCACTTTGGGAGGCCAAGGCGGGCGAATCACCTGAGGTCAGGAGTTAAAGACCAGCCTGGCCAACATGGTGAAACCACATCTCTACTAAAAATACAAAAATTAGCTGGGTGTGGTGGTGGACACCTGTAATCCCAGCTACTCAAGAGGCTGAGGCAGGGGAATCGCTTGAACCTGGGAGGCAGAGGTTGCAGTGAGCCAAGATCATGCCATTGCACTCTAGCCTGGGTGATAAGAGTGAAACTCCGTCTCCAAAAAGCAAACAAAA"
"chr1","129105725","129106039","KN295666v1","627060","627361","69","128478665","CGGGTGCAGTGGCTCACCGCTATAAAACCAGCACTTTGGGAGTCCAGGGCAGGTTGATCACCTGAGGTGGTGGGTGGATCACCTGAGGTCAGGAGTTCGAGACCAGCCTCGCTAACATGATGAAACCCCGTCTCTACCAAAAATATAAAAATTAGCTGGGCGTGGTGGTGGGCACCTATAGTCCCAGCTACACGGGAGGCTGTTGCAGGAGAACCCAGAGGCGTAGGTAGGTTGTGGTGAGCCGAGATCCAGCCATTGCACTCCAGCCTGGGCAACGAGAATGAAACTCCGTCTCAAAAAAAAAAAAAAAAAGGC","GGGTGCAGTGGCTCACGCCTGTAATCCCAGCACTTTGGGAGGCTGAGGTGGGTGGATAACCTGAAGTCAAAAGTTCAAGACCAGCCTGCTCAAGATGGTGAATCCCCGTCTCTACTAAAAATACAAAAATTAGCTGGGTGTGGTGGCAGGCACCTGTAATCCCAGCTACTTGGGAGGCTGAGGCAGGAGAACCGCTTGAACCCAGGAGGCAGAGGTTGCGGTGAGCCAAGATCGCGCCATTGCACTCCAGCCTGGGCAACAAGAGTGAAACTCCGTCTCAAAAAAAAAAAAAAAGAAGGAAA"
"chr1","139984783","139985081","KN296206v1","10407","10706","36","139974376","GGCTGGGCATGGTGGCTTATGCCTGTAATCCCAACACTTTGGGAGGCTGAGGTGGGCAGATCACCTGAAGTCAGGAGTTTGAGACCAGCCTGACCAACATGGTGAAAACCAGTCTCTACCAAAAATACAAAATTAGTGGGGCATGGTGGCACGCACCTGTAATCCCAGCTACTTGGGAGGCTGAGGCAGGATAATTGCTTGAACCTGGGAGGCGGAGGTTGCAGTGAAGCGAGATCTCCCCATTGCACTCCAGCCTGGGCAACAAGAATGAAACTCCGTCTCAAAAAAAAAAAAAGAAA","GGCTGGGCATGGTGGCTCACACCTGTCATCCCAGCACTTTGGGAGGCCGAGGTGGGTGGATCACCTGAAGTCAGGAGTTTGAGACCAGCCTGGTCAACATGGTGACACCCCATCTCTACTAAAAATACAAAAGTTAGTCGGGTGTGGTGGCACGCACCTGTAATCCCAGCTACTTGGGAGGCTGAGGCAGGAGAATCATTTGAACCCGGGAAGTGGAGGTTGCAGTGAGCCGAGATCACTCCATTGCACTCCAGGCTGGGCAACAAGAGTGAAACTCCATCTCAAAAACAAACAAACAAA"
"chr1","152174392","152174696","KN296036v1","683627","683927","54","151490765","GGCCGGTCATGGTGGCTCACACCTGTAATCCCAGTACTTTGGGAGGCCAAGGGATGGGGGGCGGGGGGGTGGATCAACAGAGGTCAGGAGCTCGACACCAGCCTGGCCAACAATGGTGAAACTCCATCTCTACTAAAAATACAAAAATTAGCCAGGCATGGTGGCAAGTGCCTGTAATCTCAGCTACTTGGGAGGCTGAGGCAGGAGAATAGCTGGAACCTGAGAGGTTGCAGTGAGCTGAGATCATGCCATTGCACTTCAGCCCAGGTGACAACAGCAAGACTCCACCTCAAAAAAAAAAAGAA","GGCTGGACATGGTGGCTGACACCTGTAATCCCAGCACTTTGGGAGGCCGAGATGGGTGGATCACCTGAGGTCAGGAGTTCAAGACCAGCCTGGCCAACATGGTGAAACTCCATCTCTACTAAAAATAAAAAATTAGCCAGACTTGGTGGCACATGCCTGTAATCCCAGCTACTCGGGAGGCTGAGGCAGGAGAATCGCTTGAACCTGGGAGGCGGAGGTTGCAGTGAGCTGAGATCGTGCCATTGCACTGCAGCTTGGGTGACAAGAGCGAAACTCAATCTCAAAAAAAAAAGAGATAGAA"
"chr1","172752619","172752908","KN295441v1","1712359","1712645","45","171040260","GGCTGGGCACCGTGGCTCACGCCTGTAATCCCAGCATTTTGGGAGGCTGAGGCAGGAGGATCACTTGAGGTCAGGAGTTTGAGACCAGACTGGCTAACATGGTGAAACCCTGTCTCTACTAAAAATACAAAAAATACAAAAAATGAGCCAGATACTCGGGAGGCTGAGGCAGGAGAATCTATTGAACCCAGGAGGCAGAGGTTGCAGTAAGCTGAGATCATGCCATTGCACTCCAGCCTGGGCAACAAGAGCAAAACTCGTCTCAAAAAACAAAGCAAAACAAAATAAAA","GGCTGGGCGCAGTGACTAACACCTGTAATCTCAGCACTTTGGGAGGCTGAGGCAGGCAGATCACCTGAGGTCAGGAGTTCAAGACCAGCCTGACCAACATGGTGAAACCCCATCTCTACTAAAAATACAAAAAATTGGCTATAATCCCAGCTACTCGGGAGGCTGAGGCAGGAGAATCACTTGAACCCGGGAGGCGGAGGTTGCAGTGAGCCGAGATCACGCCATTGCACTGTAGCCTGGGCAACAAGAGAGAAACTGTCTCAAAAAAAAAAAAAAGAAAAGAAAAA"
"chr1","180879320","180879620","KN295090v1","1841259","1841559","41","179038061","GGCCAGGCTCGGTGGCTCATGCCTGTAGGCAGCACTTTGGGAGGCCGAGGCAGGTGGATCACCTTGAGGTCAGGAGTTCGAGACCAGCCTGGCGAACACGGTGAAACCCTGTCTCTACTAAAAATATACAAATTAGCTGAGTGTGGTGGCAGGCGCCTGTAATTTCAGCTACTTGAGAGGCTGAGGCAGGAAAATCGCTTGCACCTGGGAGGTGGAGGTTGCAGTGAGCTGAGATTGCACCACTGAACTCCAGCCTGGATGACAAGAGTGAAAATCTGTGTCAAAAAAAAAAAAAAAAAAA","GGCCAGGCGCGGTGGCTCACGGCTGTGATGCCAGCACTCTGGGAGGCTGAGGCAGGGGGATCACTGAGGTCAGGAGTTCGAGACCAGCCTGGCCAACATGGTGAAACCCTGTCTCTACTAAAAATACAAAAATTAGCTGGGTGTGATGGTGGGCGCGTGTAATCCCAGCTACTGGGAGGCTGAGGCAGAAGAATCACTTGAACCTGGGAGATGGAGGCTGCAGTGAGCTGAGATGGCACCATTGAACTCTAGCCTGGGTGACAAGAGCAAAACTCTGTCTCAAAACAAAAAAACACAAAAA"
"chr1","190316329","190316620","KN295995v1","1426233","1426527","37","188890096","GCTGGGCCCAGTGGCTCACTCCTGTAATCCCAGCACTTTGGGAGGCCAAGGCGGGTGGATCACCTGAGGTCAGGGGTTCGAGACCAGCCTGACCAATATGATGAAACCCCATCTCTACTAAAAATATAACAAATTAGCTGGGCATGGTGGCATGCGCTTGTAATCCCAGCTACTCGGGAGGCTGCCAGGAGAATTGCTTGAACCTGGGAGGCAGAGGCTGCAGTGAGCGGAGATGGCGCCATTGCACTCCAGCCTGGACAACAAAAGCAAAATTCCATCTCAAAAAAAAAAA","GGCTGGGCACAGTGGCTTATGCCTGTAATCCCAGCACTTTGGGAGGCCAAGGCAGGTGGATCACCTGAGGTCAGGAGTTTGAGACCAGCCTGGCCAACATGGTGAAACCCCATCTCTACTAGAAACACAAAAATTAGCCAGGCATGGTGGTGCATGCCTGTAATCCCAGCTACTTGGGAGGCTGAGGCAGGAGAATCGCTTGAACCTGGGAGGCAGAAGTTGCAGTGAGCTAAGATGGCACCATTGCACTCCAGCCTGGGTAACAAGAGTGAAATTCCATCTCAAAAAAAAAAAA"
"chr1","216268650","216268954","KN295171v1","869545","869845","34","215399105","GGCTGGGTAAGGTGGCTCACGCCTGTAATCCCAGCACTTTGGGAGGCTGAGGCATGTGGATCACTTGAGGTCAGGAGTTTGATACCAGCCTGGCCAACATGGTGAAAACCCATCTCTACTGAAAATATGAAAATTAGCTGGGCATGGTGGCAGGTGCCTGTAATGCCAGCTAGTGGGGAGGCTGAGGCAGGAGAATCGCTTGAACCTGGGAGGCGGAGGTTGCAGTGAGCCAAGATCACACCATTGCCCTCCAGCCTGGGTGATAAGAGTGAAACTCCATCTCAAAAAAAAAAAAAAAAAAAGAA","GCCAGGCACGGTGGCTCATGCCTGTAATCCCAGCACTTCGGGAGGCCGAGGCAGGTGGATCACCTGAGGTCAGGAGTTTGAGACCAGCCTGGCCAACATGGTGAAACCCCATCTCTATTAAAAATACAAAAATTAGCTGGACATGATGGCTGGCGCCTGTAGTCCCAGCTACTTGGGAGGCTGAGGCAGGAGAATCGCTTGAACCTGAGAGGCAGAGGTTGCAGTGAGCCAATATCGCACCATTGCACTCCAGCCTGGGCGACAAGAGTGAAACTCCATCTCAAAAAAAAAAAAAAAAAAA"
"chr1","219414415","219414693","KN294257v1","1370232","1370505","41","218044183","TCCTAGCACTTGGGGAGGCCAAGGCGGATGGAACACCTGAGGTCAGGAGTTCAAGACCAGCCTGGCCTACATGGTGAAACCCTGTCTCTACTAAAAATACAAAAATTAGCTGGGTGTGGTCATGGGCGCCTATAATCCCAGCTACTCAGGAAGCTGAGGCAGGAGAATTGCTTGAACCCAGTGGGCGGAGGTTGCAGTGAGCCAAGATCACGCCACTTCATTCCAGCCTTGGCGACAAGAGTGAAATCTGTCTCAAAAAAAAAAAAAAAAAAAAAAAAA","ATCCCAGCACTTTGGGAGGCCAAGGCGGGTGGATCACCTGAGGTCAGGAGTTCAGACCAGCCTGGCCAACATGGCGAAATCCCATCTCTACTAAAAATACAAAAATTAGCTGGGCGTGGTGGCAGGCACTTGTAACCCCAGTACTGGGGAAGCTGAGGCAGGAGAATCGTTTGAACCCAGGAGGCAGAAGTTGCAGTGAGCCAAGATCGCGCCACTGTACTCCAGCCTGGGTGACAAGAAACTCTGTCTCAAAAAAAAAAAAAAAAGAAAAAAA"
"chr1","146164","146475","KN295114v1","20941","21251","43","125223","GGCCAGGCGTGGTTGCTCACATCTGTACTCCTTGAATTTTGGGAGGCTGAGGCAGGCAGATTGCCTGAGGTCAGGAGCTCCAGAGGAGCCTGGCCAACATGGTGAAACCCCATCTCTACTAAAAATACAAAAATTAGCTGGGTATGGTGGTGGGCACCCGTAATCCCAGCTACTCGGGAGGCTGAGGCAGGAGAATTGCTTGAACCCAGAAGGTGAAGGTTGCAGTGAGCCACAATCGCACCATTGCACTCCAGCCTGGGTGACAAGAGAAAGACTCTTATCTTAAAAAAAAAAAAAAAGAAAAAAAAGAAA","GGCCAGGCATGGTGGCTCACACTTGTAATCCCAGCACTTTGGCAGGCTGAGGCGGGTGGATCATCTGAGGTCAGGAGTTCGAGACCAGCCTGACCAACATGGTGAAACCCCGTCTCTACTAAAAATACAAAAAAATTAGCTGGGCGTGGTGGCGGGTGCCTGTAATCCCAGCTACTCGGGAGGCTGAGGCAGGAGAATTGCTTGAACCCGGGAGGCGGAGGTTGCAGTGAGCCAAGATCGCACCATTGCACTCCAGCCTGGGTGACAAGAGCAAAACTCCATCTAAAAAAAAAAAAAAAAAAAAAAAAAAA"
"chr1","155118","155425","KN294378v1","1201462","1201768","43","1046344","GGCCAGGCATGGGTTCATGTCTGTAATCTCAGCACTCTGGGAGGCCGAGGTGGGAAGATCACTTGACGTCAGGAGTTCGAGACTGGCCTGGCCAACGTGGTGAAACCCCATCTCCACTAAAAATACAAAAATTAGCCTGGTGTGGTGGTGGGCACCTGTAATCCCAGCAACTTGGGAGGCTAAGGCAGGAGAATTTCTTGAACCCAGGAGGCAGAGGTTGCAGTGACCAGCAAGGTTGCGCCACTGCACCCCAGCCTGGGCGATAAGAGTGAAAACTCCATCTCAAAAAAAAAAAAAAAAAAAAAAAA","GACCAGGTATGGTGGCTTATGCCTGTAATCCCAGCACTCTGGGAGGCCAAGGCGGGTAGATCACTTGAGGTCAGGAGTTCGAGACCAGCCTGGCCAACTTGATGAAACCCCGTCTCTACTAAAAATACCAAAATTAGCCGGGTATGGTTGTGCACACCTGTAATCCCAGCTACTTGGGAGGCTGTGGCAGGAGATTTACTTAAATCCAGGAGGCAGAGGTTGCAGTGAGCCAAGATTGTGCCATTGCACTCCAGCCTGGGCAATAAGAGCGAAACTCCATCTCAAAAAAAAAAAAAAAATTAAAAAA"
"chr1","248163","248466","KN296495v1","269275","269576","38","21112","GGCTGGACGCAGTGGCTCACCCCTGTAATCCCAGCACTTTGGGAGGCCGATGCTGGTGGATCACCTAAGGTCAGGAGTTCGGGACCAGGCTGGCCAACATGGTGAAACCCCCATCTCTTCTAAAAATACAAAAATTAGCTGGGTGTGGTGGCAGGCACCTGTAATACCAGCTACTAGGGAGGCTGAGGCAGGAGAATCGCTTGAACCCAGGAGGTGGAGTTTACAGTGAGCGAAAATCACGCCATTGCACTCCAGCCTGGGCAACAAGAGCAAGACTCTGTCGGGAAAAGAAAAAAAAAAAAAA","GGCCGGGCGTGGTGGCTCATGCCTATAATCCCAACACTGTAGGAGGCCGAGGTGGGTGGATCACCTGAGGTCAGGAGTTCGAGACCAGGCTGGCCAACAATGGAGAAACCCCATCTCTACTAAAAATACAAAAATTAGCTGGGTGTGGTGGCAGGCACCTGTAATCCCAGCTACTTGGGAGGCTGAGGCGGGAGAACTGCTTGAACCCGAGAGGCGGAGGTTACAGTGAACTGAAATCACGCCATTGCACTCCAGCCTGGGCCACAAGAGCGAAACTCTGTCTCAAAAAAAAAAAAAAAAAA"
"chr1","266726","267032","KN296953v1","28563","28872","68","238163","GGGGGGGGGGGCTCAGCCCAGTAATTTCAGCACCTGGAAGGCCGAGTTGGTTCACCTACTGGGTGTCAGGAGTTGGAGCCCACCCTGACCAACAGAATGAAACGTTGTTTTTACTAAAAATACAAAAATTAGCTGGGCGTGGGGGTGGGGCCCGGAAATCCCAGTTTCTGGGGGGGCTGGGGCAGGAGAATCACTTGAACCCTGGGGGGGGAGGTTGCAGTGAGCGGAAATTTCCCCTTTACACCCCAGCCTGGGGGAAAAGGGCAAAACTCCTTTTCAAAAAAAAAAAAAAAAAAAAAAAAAAAAA","GGCCAGGAGTGGTGGCTCACGCTTGTAATCTCAGCACTTTGGGAGGCTGAGGTGGATGGATCACCTGAGGTCAGGAGTTCGAGAACAGCCTGGCCAACATGGAAAACTCTGCCTCTACTAAAAATACAAAAATTAGCCGGGCGTGGTGGTGGGCACCTGTAATCCCAGCTACTTGGGAGACTGAGGCAGGAGAATCACTTGAACCCAGGAGGCAGAGGTTGCAGTGAGTTGAGATAGCACCATTGCACTCCAGCCTGGGGGACAAGAGCAAAACTCCATCTCAAAAAAAAAAAAAAAAAAAAAAAAAAAA"
"chr1","267588","267898","KN295236v1","3985587","3985900","35","3717999","GCAGGGCGTGGTGGCTCATGCCTGTAATCTCAGCACTGTGGAAGGCCGAGGTGGGTCGACTACCTGAGGTCAGGAGTTCGAGACCAGCCTGACCAACATGATGAAACGCTGTCTCTACTAAAAATACAAAAATTAGCTAGGCGTGGTGGCTGGGACCTGTAATCCCAGCTACTTGGGAGGCTGAGGCAGGAGAATCACTTGAACCCTGGAGGTGGAGGTTGCAGTGAGCCGAGATCTCACCATTACACTCCAGCCTGGGCGACAAGAGCAAAACTCCATCTCAAAAAAAAAAAAAAAAAAAAAAAAAAAAA","GGCCGGGCGTTGTGGCTCATGCCTGCAATCCCAGCACTTTGGCAGGCCGAGGTGGGTGGATCACCTGAGGTCAGGAGTTCAAGACCAGCCTGGCCAATATGGTGACACCCCGTCTCTATACTAAAAATACAAAAATTAGCTGGGCATGGTGGCGGGCACCTGTAGTCCCAGCTACTCAGGAGGCTGAGGCAGGAGAATCACTTGAACCTGGGAGGTGGAGGTTGCAGTGAGCCAAGATCACACCATTGTACTCCAGCCTGGGTGACAAGAGCGAAACACCATCTCAAAAAAAAAAAAAAAAAAAAAAAAAAAAA"
"chr1","269769","269989","KN296749v1","712972","713203","45","443203","GTTGGGAGCGGTGGCTCATGCCTGTAATCCCATTTTGGGAGGCTGAGGTGGGTGGATCACCTGAGGTCGGGAGGTCAAGACCAGCCTGGCCAACATGGCAAAACCCCACCTCCAGTAAAAATACAAAAAATTAGCCAGGTATGAAGGCCACTGACATCGTGCCACTGCACTCCAGCCTGGGTGACAAGAGTCAAACTACATTTCAAAAACAAAAAATAAAA","GGCTGGGCGCCATGGCTCATGTCTGTAATCCCAGCATTATGGGAGGCCGAGGTGGGTGGATCACCTGAGGTCAGGAGTTCGAGACCAGCCTGGCCAACATGGTGAAACCCCGTCTCTACTAAAAATACAAAAATTAGCCACATGTAGTGACTCCAGCCTGGACAACTCCAGCCTGCACTCCAGCCTGGGTGACAGGAGCAAAACTCCATCTCAAAAAACAAACAAACAAAAA"
"chr1","286790","287010","KN296749v1","712972","713203","48","426182","GGGAGCGGTGGCTCATGCCTGTAATCCCATTTTGGGAGGCTGAGGTGGGTGGATCACCTGAGGTCGGGAGGTCAAGACCAGCCTGGCCAACATGGCAAAACCCCACCTTCAGTAAAAATACAAAAAATTAGCCAGGTATGAAGGCCACTGAGATCATGCCACTGCACTCCAGCCTGGGTGACAAGAGTCAAACTACATTTCAAAAACAAAAAACAAAACAA","GGCTGGGCGCCATGGCTCATGTCTGTAATCCCAGCATTATGGGAGGCCGAGGTGGGTGGATCACCTGAGGTCAGGAGTTCGAGACCAGCCTGGCCAACATGGTGAAACCCCGTCTCTACTAAAAATACAAAAATTAGCCACATGTAGTGACTCCAGCCTGGACAACTCCAGCCTGCACTCCAGCCTGGGTGACAGGAGCAAAACTCCATCTCAAAAAACAAACAAACAAAAA"
"chr1","288867","289171","KN294717v1","373979","374286","40","85112","GCAGGGCGTGGTGGCTCATGCCTGTAATCTCAGCACTGTGCGAGGCCGAGGTGGGTCGACTACCTGAGGTTAGGGGTTCGAGACCAGCCTGACCAACATGATGAAACGCTGTCTCTACTAAAAATACAAAAATTAGCTAGGCGTGGCTGGGACCTGTAATCCCAGCTACTTGGGAGGCTGAGGCAGGAGAATCACTTGAACCCTGGAGGTGGAGGTTGCAGTGAGCCGAGATCTCACCATTACACTCCAGCCTGGGCGACAAGAGCAAAACTCCATCTCAAAAAAAAAAAAAAAAAAAAAAGAAA","GGCTGGGCATGGTGGCTCATGCCTGTAATCCCAGCACTTTGGGAGGCCAAGGTGGGTGGATCACCTGAGGTCAGCAGTTTGAGACCAGCCTGGCCAACATGGTAAAACCCCGTCTCTACTAAAAATACAAAAAATTAGCCAGGCATGGTGGTAGGCGCCTGTAATCCCAGCTACTTGGGAGGCTGAGGCACGAGAATCACTTGAACCCAGGAGGCAGAGGTTGCAGTGAGCCAAGATCGCGCCATTGCACTCCAGCCTGGGCAACAAGAGCAAAACTCCATCAAAAAAAAAAAAAAAAAAAAAAAAAA"
"chr1","656139","656468","KN294964v1","867709","868049","68","211570","GGCCAGGCATGGGTTCATGTCTGTAATCTCAGCACTCTGGGAGGCCGAGGCGGGAAGATCACTTGATGTCAGGAGTCGAGGCGGGAAGATCACTTGACGTCAGGAATTCGAGACTGGCCCGGCCAACATGGTGAAACCCCATCTCCACTAAAAATACAAAAATTAGCCTGGGTGTGGTGGTGGGCACCTGTAATCCCAGCGACTTGGGAGGCTAAGGCAGGAGAATCTCTTGAACCCAGGAGGCAGAGGTTGCAGTGACCAGCAAGGTTGCGCCATTGCACCCCAGCCTGGGCGATAAGAGTGAAAACTCCATCTCAAAAAAAAAAAAAA","GCCAGGTGTAGTGGATCATGCCTGTAATCCCAGCACTTTGGGAGGCTGAGGCAGGCAGGTCACTTGAGGTCAGGAGTTTGAGGGCAGGCAGGTCACTTGAGGTCAGGAGTTTGAGACCAGCCTGGCCAACATGGTGAAACCCCATCTCTACTAAAAATACAAAAATTAGCCGGGCTTGGTGGCGGGCACCTGTAGTCCCAGCTACTCGGAAGGCTAAGGGCGGAGAATCGCTTGAACTCAGGAGGCAGAGGTTACAGTGAGCCTAGATTGTGCCATTGCACTCCAGCCTGGGTGACGAGCAAAACTTGGTCTCAAAAAACAAAATAAAACAAAAAACAAAA"
"chr1","662670","662971","KN296495v1","519300","519607","43","143370","GGCCAAGCACAGTGGCTCATGTAATCCCAGAACTTTGGGAGGTGGAGCCAGTCGGATCACCTGAGGTCAGGAGTTCAAGACCAGCCTGCCCAACATGGCGAAACCCTGTCTCTACTAAAAATACAAAAAATTAGCCAGGCGTGGTGGCAGCCACCTGTAATCCCAGCTACTCCAGAGGCTGAGGCAGGAGAATCACTTGAACCTGGGAGGCGCAGGTTGTAGTGTGGTGAGATCACGCCACTGCACTCCAGCCTGGGCGACAGGAGCGAAACTCTGTCTCAAAAAACAAAACAAAACAAAAC","GGCCAGAAGCAGTGGCTCACGCCTGTAATCCCAGGACTTTGGGAGGCGAGGCAGGAGGATCACCTGAGGTCAGGAGTTCAAGACCAGCCTGGCCAACATGGTGAAACCCTGTCTCTACTAAAAATACAAAAATTAGCCAGGTGTGGTGGCAGGTTCCTGTAATCCCAGCTACTCAGGAGGCTGAGGCAGGAGAATCACTTGAATCTGGGAGGCGGAGGTTGCAGTGAACCAAGATTGCACCATGCCACTCCAGCCTGGGCGACAAGACCGAAACTCCGTCTCAAAACAAAAAAACAAAACAAAACAAA"
"chr1","810345","810631","KN294218v1","2831459","2831758","43","2021114","GGCCGGGAGCGGTGGCTCATGCCTGTAATCCCAGCACTTTGGGAGGCCGAGGTGGGTGGCTCACCTTAGCTCAGGAGTTCAAGACCAGCCTGGCCAACATGGTGAAACCCGGTCTAAAAATGCAAAAAAACTAGCTGGGCGTGGTGGTGCCTGTAGTCCCAGCTACTCGGGAGGCTGAGACAGAATCACATGAACCCGGGAGGCGGAGCTTGCAGTGAGCCGAGATCGCGCCATTGCACCCAGCCTGGGCAACCAGAGTGAAACTGTCTCAAAAAAAAAAAAAAAAA","GGCCGGGCGCGGTGGCTCACGCCTGTAATCCCCAGCACTTTGGGAGGCCGAGGTGGGTGGATCACCCGAGGTCAGGAGTTCAAGATCAGACTGGTCAAAATGGTGAGACCCTGTCTCTACTAAAAATGCAAAAATTAGCTGGGTGTGGTGGTGGCCGCCTGTAATCCCAGCTACTCGGGAGGCTGAGGCAGGAGAATCGCTTGAACCAGGGAGGCGGAGGTTGCAGTGAGCCGAGATCGTGCCATTGCACTCCAGCCTGGGCGACAAGAGTGAAACTCCATCTCAAAAAAAAAAAAAAAA"
"chr1","916428","916711","KN295607v1","4402317","4402604","30","3485889","GCTGGGCGTGGTGGCTCACACCTGTAATCCCAGCACTTTGGGAGGCCAAGGCGGGTGGATCGCCTGAGGTCAGGAGTTCAAAACCAGCCTGGCCAACACAGTGAAACCCCGTCTCTACTAAAAATACAAAAAATTAGTGGGGCTTGGTGGCAGGTGCCTGTAATCCCAGCTACTTGGGAGGCTGAGGCAGGAGAATTGCTTGAACCTGGGAGGCGGAGGTTGCAGTGAGCCGAGATCGTGCCATTGCACTCCAGCCTGGGGGACAAGAACGAAACTCCGTCTCA","GGCCAGGCATGGCGGCTCATGGCTGTAATCCCAGCACTTTGGGAGGCCGAGGCAGGTGGATCGCCTGAGGTCAGGAGTTCAAGACCAGCCTGGCCAACATAGTAAAACCCCATCTCCACTAAAAGTACAAAAAATTAGCTGGGCATGGTGGCAGGTGCCTGTAATCCCAGCTACTCGGGTGGCTGAGGCAGGAGAATTACTTGAACCCGGGAGGCAGAGGTTGCAGTGAGCCGAGATCGTGCCATTGCACTCCAGCCTGGGCGACAAGAGCGAAACTCTGTCTCAAAA"
"chr1","1012701","1012991","KN294462v1","622560","622846","40","390141","GGCTGGGTGTGGTGGCTTACACCTGTAATCCCAGCACTTTAGGAGGCTGAGGCAGGCAGATCCCCTGAGGTCAGGAGTTCGAGACTAGCCTGGCCAACATGGAGAAACCCCGTATCTACTAAAAATACAAAAATTAATCGGGCGTGGTGGCACGGGCATATAGTCCCAGCTACATGGGAGGCTGAGGCAGGAGAATCGCTTGAACTGGGAGGTAGAGGTTGCAGTGAGCCGAGATCGCACCACTGCACTCCAGCCTGGGCGACAACAGCAAAACTCTGTCTCAAAAAAAAA","GGCTGGGTGCGGTGGCTAACACCTGTAATCCCAGCACTTTGGGAGGCCGAGGCAGGCAGATCACTTGAGGTCAGGAGTTCGAGACCAGCCTGGCCAACATGGTGAAACCCTGTCTCTACTAAAAACAAAAAATTAGCCGGGCATGGTGACGGGCACCTGCAGTCCCAGCTACTTGGAAGGCTGAGGCAGGAGAATCGTTTGAATTCGGGAGGCAGAGGTTGCAGTGAGCTGAGATCACACCATTGCACGCCAGCCTGGGCAACAAGAGCTAAACTCCATCTCAAAAA"
"chr1","1110639","1110940","KN297133v1","419676","419981","41","690963","GCTGAGCATCATGGCTCACGCCTATAATCCCAGCACTTTGGCAGGCGGATCACCTGAGGTCAGGAGTTCAAGACCAGCCTGGCCAACATGGTGAAACCCCATCTCTACTAATAATACAAACAAAATCAGCCAGGCGTGGTGGCAGGTGCCTGTAATCCCAGCTACTCGGGAGGCTGAGGCAGGAGAATCGCTTGAACCCGGGAGGCGGAGGTTGCAGTGAGCCGAGATTGTGCCATTACACTCCAGCCTAGGTGACAAGAGTGAAACTCCATCTCAAATAAAATAAAATATAAAAATAAAAA","GGCCGGGCACGGTGGCTCGTGCCTGTAATCCCAGCACTTTGGGAGGCTGAGGCGGGCAGATCACCTGAGGTCAGGAGTTCAAGACCAGCCTGGCCAACATAGTGAAACCCCGTCTCTACTAAAAATACAAAAAATCAGCCGGGCGTGGTGGCAGGTGCCTGTAATCCCAGCTACTCGGGAGGCTGAGGCAGGAGAATCACTTGAACCCGGGAGGTGGAGGTTGCAGTGAGCCGAGATTACGCCATTGCACTCCAGCCTGGGGGACAAGAGCGAGACTTCGTCTCAAAAAAAAAAAAAAAAAAAAAA"
"chr1","1192723","1193028","KN295735v1","1119212","1119516","40","73511","GGCCAGGCGCGGTGGCTTACGCCTGTAATCCCAGCACTTTGGGACGCCAAGGCGGGCGGATCACCTGAGGTCAGGAGTTCGAGACCAGCCTGACCGACAGAGTGAAACCCCATCACTACTAAAAATACAAAAATGAGCCGAGCGTGGTGGCATGCACCTGTAATCCCAGCTACTCGGGAAGCTTAGGCAGGAGAATAGCTTGAATCTGGAAGGCGGAGGTTGCAGTGAGCTGAGATCGTGCCATTGCACCCCAGCCAGGGCTGCAAGAACAAAACTCTGTTTCAAAAAAAAAAAAAAAAAAAAGAA","GGCCAGGCGCGGTGGCTCACGCCTGTCATCCCAGCACTTTGGGAGGCCAAGGCGAGCGGATCACCTGAGGTCAGGAGTTCGAGACCAGCCTGGCCAACACGGTGAAACCCCATCTCTACTAAAAATACAAAAGTTAGCTGGGAGTAGTGGTGGCACCTGTCATCCCAGCTACTCGGGAGGCTGAGGAAGGAGAATCGCTTGAACCTGGGAGGCGGAGGTCGCGGTGAGTTGAGATCGTGCCATTGCACTCTAGTCTGGGCAACAAGAGTGAAACTCCGTCTCAAAAAAAAAAAAAAAAAAAAAAA"
"chr1","1265230","1265519","KN296964v1","965402","965688","49","299828","CCAGGCATGGTGGCTCACGCCTGTAATCCCAGCACTTTGGGAGGCCAAGGCAGGTGGATCACCTGAGGTCAGGAATTCAAGACCAGCCTGGCCAATATGAAAAACCCTGTCTGTACTAAAAATACAAAAAATTAGCCGGACGGGGTGGTAGTGGGCGCCTATAGTCCCAGCTACTTGGGAGGCCGAGGCAAGAAAATCACTTGAACCCGGGAGGTGGAGGTTGCAGTGAGCCAAGATCACGCCACTGCACTGCAGCCTCCTTGGCGAGAGAGAAACTGCGTCCAAAAAAA","CCAGGCGCGGTGGCTCACGCCTGTAATCCCAGCACTTTGGGAGGCCACGGCAGGTGGATAACCTGAGGTCAGGAGTTGTAGACCAGCCTGGCGAATATGGTGAAACCCTGTCTCTACTAAAAATACGTAATTATCCAGGTGTGGTGGTGGGCGTCTGTAATCCCAGCTACTTGGGAACCTGAGGCAGGAAAATCTCTTGAACCCGGGAGGCGGAGGTTGCAGTGAGCTGAGATCGCGCCATTGCATTCCAGCCTGGGGTACAAGAGTGACACTCCATCTCAAAAAAA"
"chr1","1297957","1298248","KN295820v1","372417","372708","36","925540","GCTGGGTATAGTGGCTCCCACCTGTAATCCCAGCACTTTGGGAGGCCGAGGCGGGCAGATCAACTGAGATCAGGAGTTCAAGACCAGTCTGACCAAAATGGAGAAACCCCATCTCTACTAAAAATACAAAATTAGTTCAGTGTGGTGGCGGGTGCCTGCAATCCCAGCTACTTGGGAGGCTGAGGCAGGAGAATCGCTTGAACCCGGGAGGCGGAGGTTACAGTGAGCTGAGACAGCGCCATTGCACTCCAGCCTGGGTAACAAGACAGAAACTCTGTCTCAAAAAAAGAAA","GGCTGGGCGCAGTGGCTCACACCTGTAATCCCAGCACTTTGGGAGGCTGAGGCGGGCAGATCATCTGAGGTCAGGAGTTCAAGACCGGCCTGACCAACATGGTGAAATCCCGTCTCTACTAAAATATAAAAATTAGCAGAGCGTGGTGGCGGGTGCCTGTAATCTTAGCTACTCGGGAGGCTGAGGCAGGAGAATCGCTTGAACCTGGGAGGCGGAGGTTGCAGTGAGCTGAGATCACACCATTGCACTCCAGCCTGGGCAACAAGAGTGAAACTCCATCTCAAAAAACAAA"
"chr1","1336584","1336762","KN294446v1","512701","512880","28","823883","TTAGCTGGGCGTGGTGGTGGGCACCTATAACCTCAGCTACTTGGGAGGCTGAGGCAGGAGGATCGCTTGAACCCAGGAGGCAGAGATTGCAGTGAGCCGAAATCACGCCATTGCACTCCAGCCTGGACAACAAGAGCAAGACTCCATCTTAAAAACAAACAAAAAAACAACAAAAAAAA","TTAGCTGTGCATGGTGGCGGGCACCTGTAATCTCAGCTACTTGGGGGACTAAGGCAAGAGAATCACTTGAACCCGGGAGGCGGAGGTTGCACTAAGCTCAGATCACGCCATTGCACCCCAGCCTGGGCAACAAGAGCAGAACTCCATCTCAAAAACAAAACAAAACAAACAAAGAAAAAA"
"chr1","1355304","1355603","KN296322v1","1334297","1334592","38","21007","CCAGGTGCCGTGGCTCACTCCTGTAATCCCAGCACTTTGGGAGGCTGAGGCGGGTGGATCACCTGAGGTCAGGAGTTCGAGACCAGCCCGGCCAATGTGGTGAAACCCCGTCTCTATTAAAAATACAAAAATTAGCTGGGGCGTGGTTGCAGGTGCCTGTAATCCTAGGTACTCGGAGGCCGAGGCAGGAGAATCACTTGAACCCAGGAGGCAGAGGTAGCAGTGAGCCAAGACCCCGCCATTGCACTCCAGCCTGGGCAGCAAGAGTGAAACTCCGTCTCAAATAAAATAAAATAAAAA","CGGGGATGGTGGCTCACACCTGTAATCCCAGCATTCTGGGAGGCTGAGGCAGGTGGATAACTTGAGGTCAGGAGTTCGAGACCAGCCTGGCTAACATGGTGAAACCCCATCTCTACTAAAAATACAAAACATTAGCTGGGTGTGGTGGCAGGTGCCTGTAATCCCAGCTACTCAGGAGGCTGAGGCAGGAGAATCACTTGAACCCAGGAGGCGGAGGTTGCAGTGAGCCAAGATCACGCCATTGCACTCCAACTTGGGCAACAAGAGCGAAACTCTGTCTCAAAAAAATAAAAAAA"
"chr1","1373057","1373352","KN294462v1","73428","73721","40","1299629","GGCCGGGCACAGTGGCTCACATCTGTAATCCCTGCACTTTGGGAGGCTGAAGTGGGCGGATCACCTGAGGTCAGGGGTTCAAGACCAGCCTGGCCAACATGGTGAAACCACATCTCCACAAAAATACGAAAAGTAGCCAGACGTGGTCGTGGGCACCTATAATCCCAGCTACTCAGGAGGCTGATGCAGGAGAATCGCGTGAACCCAGGAGGCAGGGGTTGCAGTCAGCTGAGATCGTGCCACTGCACTCCAGCCTGGGGGACAAGAGCAAGACTTTGCCTCAAAAAAAAAAAAAA","GGCCGGGCGCGGTGGCTCACACCTGTAATCCCAGCACTTTGGGAGGCCGAGGTGGGCAGATCACCTGAGGTCAGGAGTTCAAGACCAGCCTGGCCAAGATGGTGAAACCCCATCTCTACTAAAAATACAAAAATTAGCTGGGCATGGTGGCAGGCACCTGTAATCCCAGCTACTCAGGAGGCTTAGGCTGGAGAATCGCTTGAACCCAGGAGGCGGAGGTTGCAGTGAGCCATGATCGCGCCATTGCACTCCAACGTGGGGGACAAGAGCAAGACTTTGTCTCAAAAAAAAAAA"
"chr1","1383148","1383454","KN296922v1","11681","11982","54","1371467","GGCTGGGCGCGGTGGCTCACGCCTGGAATCTCAGCAAGGCCAAGGAGGGTGGATCACCACCTGAGGTCGGGAGTTCCAGACCAGCCTGGCCAACATGGTGAAACCCCATCTCTCAAAAAAAAAAAAAAAAAAAAAAATTACAAAAATTAGCTGGCCGTGGTGGCAAGTGCCTGAAATCCCAGGTACTCAGGAGGCTGAGGCAGAAGAATCACTTGAGCCCGGGAAGTGGAGGTTGCACTGAGCTGAGACCATGGAATTGCACTGCAGCATGGGCAAAAAGAGTCAAACTCCCTCTAAAAAAAAAAAA","GGCCAACTGCGGTGGCCCATGCCTGCATTCTCAGCACTTTGTGAGGCCAAGGCGGGTGGATCACCTGAGGTGAGGAGTTCCAGACCAGCCTGGCCAACATGGTGAAACCCCATCTCTCCTAAAAAACGAAAAAATAGAAAAATTAGCTGGGCGTCGTGGCAGGTGCCTGAAATCCCAGGTGTTCAGGAGGCTGAGGCAGGAGAATCACTTGAACTCGGGAAGTGGAGGTTGCAGTAAGCTGAGACCATGCCATTGCACTGCAGCATGGACAACAAGAGTCAAACTCTCAAAAAAAAAGCAAA"
"chr1","1399768","1400071","KN295667v1","1687893","1688204","48","288125","GGCTGGGTGTGGTGGCTCACGCCTGTAATACCAGCACTTTGGGAAGCCGAGGTGGGCAGATGACCTGAGGTCAGGAGATCAAGACCAGCATGACCAACATGGTGAAACCCCATCTCTGCTAAAAATACAAAAATTAGCAGGCCAAGGTGGCGTGCGCCTGGAATCCCAGCTGCTTGGGAGGCTGAGGTAGGATAATTGGTTGAACCCAGGAGGCGGAAGTTGCAGTGAGCTGAAACCGCACAATTGCACTCCAGCCTGTGGAAGAAGAGCGAAACTGTCTCAAAAAAACAAACAAAATAAATAA","GGCCGGGTGCGGTGGCTCACGCCTGTAATCCCAGCACTTTGGGAGGCCGAGGTGGGTGGATCACCTGAGGTCAGGAGTTGGAGACCAGCCTGGCCAGCATGGTGAAACCCCGTCTCTACTAAAAATACAAAAATTAGCCGGGCATGGTGGTGGGCGCCTGTATTCCCAGCTACTCGGGAGGCTGAGGCAGGAGAATCGCTTGAACCCAGGAGGCGGAGGTTGCAGTGAGCCAAGATCGCATCATTGCACTCCAGCCTGGGCAACAAGAGCGAAACTCCGTCTCAAAAAACAAACAAACAAACAAACAAACAA"
"chr1","1415158","1415457","KN296486v1","326566","326868","41","1088592","CCAGGTGCCGTGGCTCACTCCTGTAATCCCAGCACTTTGGGAGGCTGAGGCGGGTGGATCACCTGAGGTCAGGAGTTCGAGACCAGCCCGGCCAATGTGGTGAAACCCCCGTCTCTATTAAAAATACAAAAGTTAGCCGGGCGTGGTTGCAGGTGCCTGTAATCCTAGGTACTCGGAGGCCAAGGCAGGAGAATCACTTGAACCCAGGAGGCAGAGGTAGCAGTGAGCCAAGACCCCGCCATTGCACTCTAGCCTGGGCAGCAAGAGTGAAACTCCGTCTCAAATAAAATAAAATAAAAA","GCCAGGTGCGGTGGCTCACACCTGTAATCCCAGCACTTTCGGAGGCGGAGGTGGGTGGATCGCCTGAGGTCAGGAGTTCGAGACCAGCCTGGCCAACATAGTGAAACCCCCGTCTCTACTAAAAATACAAAATTAGCTGGGCGTGGTGGCACATGCCTGTAATCCCAGCTACTCAGGAGGAAGAGGCAGGAGAATCACTTGAAGCCGGGAGGCAGAGGTTGCAATGAGCCAATATCGTGCCATTGCACTCTAGCCTGGGCAAAAAGAGCAAAACTCCATCTCAAAAAAAAATAAATAAATAAA"
"chr1","1426164","1426479","KN296922v1","11681","11982","61","1414483","GGCTGGGCGCGGTGGCTCACGCCTGGAATCTCAGCAAGGCCAAGGAGGGTGGATCACCACCTGAGGTCGGGAGTTCCAGACCAGCCTGGCCAACATGGTGAAACCCCATCTCTCAAAAAAAAAAAAAAAAAAAAAAATTACAAAAATTAGCTGGCCGTGGTGGCAAGTGCCTGAAATCCCAGGTACTCAGGAGGCTGAGGCAGAAGAATCACTTGAGCCCGGGAAGTGGAGGTTGCACTGAGCTGAGACCATGGAATTGCACTGCAGCATGGGCAAAAAGAGTCAAACTCCCTCTAAAAAAAAAAAAAAAAAAAAA","GGCCAACTGCGGTGGCCCATGCCTGCATTCTCAGCACTTTGTGAGGCCAAGGCGGGTGGATCACCTGAGGTGAGGAGTTCCAGACCAGCCTGGCCAACATGGTGAAACCCCATCTCTCCTAAAAAACGAAAAAATAGAAAAATTAGCTGGGCGTCGTGGCAGGTGCCTGAAATCCCAGGTGTTCAGGAGGCTGAGGCAGGAGAATCACTTGAACTCGGGAAGTGGAGGTTGCAGTAAGCTGAGACCATGCCATTGCACTGCAGCATGGACAACAAGAGTCAAACTCTCAAAAAAAAAGCAAA"
"chr1","1609027","1609129","KN295090v1","2168847","2168945","19","559820","GAATCGCTTGAACCTGGGAGGTTGAGGTTGCAGTGAGCTGATATCTCACCACTGCACTCCAGCCTGGGCGACAGGAGTGAAACTCCTTCTCCAAAAACATAAA","GAATCGCTTGAACCCGGGAGGTGGAGGTTGCAGTGAGATGAGACTGCACAATTGCACTCCACCCCGGGTGACAAGAGCAAAACTCCGTCTCAAAAAAAA"
"chr1","1627949","1628234","KN294214v1","286915","287202","43","1341034","GGCCGGGCGCAGTGGCTCACACTTGTAATCTCAGCACTTCAGGAGGCTGAGGTGGGTGGATCACGTGAGGTCAGGAGTTTGAGACCAGCCTGGCCAACGTGGTGAAACCCCGATCCTTACTAAAAAAAGAAAAATTAGCCAGGCCTGGTGGCGTGTGCCTGCAGTCCGAGCTACTCAGGAGGCTGAGGCAGGAGAACTGCTTGAACCCAGGAGGTAGTGGTTGCAGTGAGCCGAGATCGAGCCACTGTACTCCAGCCTGGGTGAAAAAAGTGAAACTCTGTCTCAA","GGCCAGGCGCGGTGGCTCACACCTGTAATCCCAGCACTTTGGGAGGCCGAGGTGGGCGGATCACCTGAGGTCAGGAATTTGAAACCAGCCTGGCCAACATGGTGAAATCCCACCTCTACTAAAAAAACTACAAAAATTAGCCAGGCATGGTGGCAGGAGCCTGTAATCCCAGCTACTTGAGAGGCTGAAGCAGGAGAACTGCTTGAACCCAGGAGGCAGAGGTTGCAGTGAGCCAAGATTGCACCATTGTACTCCAGCCTGGGGGACAAGAGTGAGACTTTGTCTCAA"
"chr1","1631101","1631385","KN294700v1","208419","208699","47","1422682","GGCTGGGTGCCGTGGCTCACGCCTCTCATCCCAGCACTTTGGGAGGTGGAGGCGGGCAGATCACTTGAGGCCAGGAGTTCGAAACCAGCCTAGCCTGACCAATATGGTGAAATCCCGTCTCTACTAAAAATACAAAAATTAGCTGTGGTGGGCGCCTGTAGTCCTAGCTACTTGGTAGACTGAGGCAGGAGAATCGCTTGAACCCGGGAGGTGGAGGCTGCAGTAAGTCGAGATCATGCCATTGCACTCCAGCCTGGGTGACTAGAGTGAAACTTCATCTCAAAA","GCGTGGTGGCTCACGCCTGTAATCCCAGCACTTTGGGAGGCCGAGGTGGGCAGATCGCTTGAGGTCAGGAGTTCGAGACCAGCATGGCCAATATGGTGAAACCCTGTCTTTACTAAAAGTACAAAAATTAGCCAGGCATGGTGGCAAGTGCCTGTAATCCCAGCTACTTGGGAGGCTGAGGCAGGAGAATTGCTTGAACCTGGGAGGTGGAGGTTGCAGTAGGCTGAGATCGTGCCATTGCACTCCAGCCTGGGTGACAAGAGCGAGACTTCATCTCAAAA"
"chr1","1632672","1632970","KN294229v1","72819","73113","36","1559853","GGCTGGGTGCGGTGGCTCACACCTGTAATCCCAGCACTTTGGGAGGCCGAGGCGGGCGGATCACCTGAGGTCAGGAGTTTGAGACCAACCTGGTCAATATGGTGAAACCCCATCTCTACTTAAAATACAAAAATTAGCCGGGTGTGGCGGCGGGCAGCTGTAATCCCAGCTACTCAGGAGGCTGAGGCAGGAGAATTGCTTGAACCCTGGAGGCAGATGTTGCAGTGAGCCGAGATTGCGCCATTACACTCCAACCTGGGGGACAAGAGTGAGACTTCGTCTGGGGAAAAAAAAAATAA","GCTGGGTGCAGTGGCTCATGCCTGTAATCTCAGCACTTTGGGAGGCTGAGGCAGGCGGATCACTTGAGGTCAGGAGTTTGAGACCAGCCTGGCCAACATGGTGAAACCCCATCTCTACTAAAACTACAAAAATTAGCCAGGTGTGGTGGCGGGCGCCTGTAATCCCAGCTACTCAGGAGGCTGAGGCAGGAGAATTGCTTGAACTCAGGAGGCAGACGTTGCAGTGAGCCCAGATCATGCCACTGCACTCCAACCTGGGTGACAAGAAGGAGACTCTGTCTCAAAAAAAAAAAAA"
"chr1","1654365","1654660","KN294758v1","374673","374971","36","1279692","GGCTAGGCACGGAGGCTCACGCCTGTAATCCCAGCACTTTGGGAGGCCGAGGTGGGCAGGTCACCTGAGGTCAGGAGCTCAGGACCAGCCTGGCCAATGTGGTGAAACCTGGTCTCTACTAAAAATACAAAAATTAGTCAGGCGTGGTGGCGGGCACCTGTAATCCCAGCTATTCAGAAGGATGAGGCAGGAGAATCATTTGAACCCGGCAGGCAGATGTCGCAGAGCCAAGATTGAGCCATTGTACTCCAGCCTGGGTGACAAGAGCAAAACTCCATCTCAAAAAAAAAAAAAAA","GGCCAGGCACGGTGGCTCACGCCTGTAATTCCAGCACTTTGGGAGGCCGAGATGGGTGGATCACCTGAGGTCAGGAGTTCAAGAACATCCTGGCCAATGTGGTGAAACCCCGTCTCTACTAAAAATACAAAAATTAGCTGGGCGTGGTGGCAGGCACCTGTAATCCCAGCTACTCGGGAGGCTGAGGCAGGAGAATCACTTGAACCCGGGAGGCGGAGGTTGCAGTGAGTCAAGATTGTGCCATTGCACTCCAGCCAGGGCAATAAGAGCAAAACTCCATCTCAAAAAAAAAAAAAAAA"
"chr1","1692061","1692362","KN294536v1","1859228","1859530","40","167167","GGCCGGGCATGATGGCTCATACCTGTAATCCCAGCATTTGGGAGGCCGAGGCGGGCGGATCACCTGAGGTCAGGAGTTCCTTACAGCCTGGCCAACGTGGTGAAACCCCGTCTCTACTAAAAATACAAAAACTAGCCAAGCGTGGTAGCATACGCCTGTAATTCCAGCTACTCGGGAGGCTGAGGCAAAAGAATCACTTGAACCTGGGAGGCAGAGGTTGCAGTGAGCAGAGATTGCATCATTGCACTGCAGCCTGGGCGATAAGAGTGAAACTCCATCTCAAAAAAGAAAAGAAAAGAAAA","GGCTGGGTGTGGTGGCTCACACCTGTAATCCCAGCACTTTGGGAGGCCGAGGTGGGTGGATCACCTGAGGTCAGGAGTTCAAGACCAGCCTGGCCACTGTGGTGAAACCCCATCTCTACTAAAAATACAAAAATTAGCTAGGCATGGTGGCTGGAACCTGTAATCCCAGCTACTCAGGAGACTGAGGCAGGAGAATCACTTGAACCTGGGAGGCAGAGGTTACAGTGAGCTGAGATTGCACCATTGCACTCCAGCCTGGGCGACAAAAGTGAAATTCCATCTCAAAAAAAAAAAAAAGGAAAA"
"chr1","1729284","1729579","KN295995v1","1426233","1426527","41","303051","GGCTGGGCGCAGTGGCGCACGCCTGTAATCTCAGCACTTTGAGAGACCAAGGCGGGTGGATCACCTGAGCTCAGGAGTTTGAGACTAGCCTGACCAAGATGGTGAAACCCTGTCTGTCTACTAAATAGAAAAAATTAGCTGGCCGTGGTGGTGCATGCCTGTAATCCCAGCTACTTGGGAGGCTGAGGCAGGAGAATCAGTTGAACCTCGGAGGCGGAAGTTGCAGTGAGCCAACGTTGCGCCATTGTACTCCAGCCTGGGCAACAAGAGTGAAACTCAAAAAAAAAAAAAAAAAA","GGCTGGGCACAGTGGCTTATGCCTGTAATCCCAGCACTTTGGGAGGCCAAGGCAGGTGGATCACCTGAGGTCAGGAGTTTGAGACCAGCCTGGCCAACATGGTGAAACCCCATCTCTACTAGAAACACAAAAATTAGCCAGGCATGGTGGTGCATGCCTGTAATCCCAGCTACTTGGGAGGCTGAGGCAGGAGAATCGCTTGAACCTGGGAGGCAGAAGTTGCAGTGAGCTAAGATGGCACCATTGCACTCCAGCCTGGGTAACAAGAGTGAAATTCCATCTCAAAAAAAAAAAA"
"chr1","1731523","1731822","KN295480v1","1393483","1393787","43","338040","GGCCAGGCACGGTGTCTCATGCTTGTAATCCCAGCACTTTGGGAGGCTGAGGCAGGTCAATTGCCAGGAGTTTGAGACCAGCCTGGCCAACATGGTAAAACCCCATCTCTACTAAAAAATACAAAAATTAGTTGGATGTGGTGGCTCATGCCTATAATCCCAGCTACGCAGGAGGCTGAGGCAGGAGAATTGCTCGAACCCGGGAGGCGGAGGTTGCAGCGAGCTGAGATCGCACCATTGCACTCCAGCCTGGGCAGAAAGAGCGAAACTCCGTCTCAAAAAAAAAACAAAAAAACAAAA","GGCCGGGCACGGTGGCTCACGCCTGTAATCCCAGCTTTGGGAGGCTGAGGCGGGTAGATTGCCTAAGGTCAGAGTTCGAGACCAGCCTGACCAACATGGTGAAACCCCATCTCTACTAAAAACACAAAAATTAGCTGGATGTGGTGGCAGATGCCTGTAATCCCAGCTACTCAGGAGGCTGAGGAAGGAGAATCGCTTGAACCCGGGAGGCACAGGTTGCAGTGAGCCGAGATCGCACCATTGCACTCCAGCAGCCTGGGCGACAAGAGCCAAGACTTTGTCTCAAAAAAAAAAAAAAAAAAAAA"
"chr1","1752370","1752676","KN294717v1","373979","374286","34","1378391","GCTGGGCACAGTGGCTCACACTTGTAATCCCAGCACTTTGGGAGGCGGAGGCGGGCGGATCACTTGAGGTCAGCAGTTTGAGACCAGCCTGGCCAACATGGTGAAACCCCATCTCTACTAAAACTACAAAAATTAGCCAGGCATGGTGGCGGGCGCCTGTAATCCCAGCTACTTGGGAGGCTGAGGCAGGAGAATCACTTGAACCCGGGAGGCAGAAGTTGCAGTGAGCCGGGACAGCACCATTGCACTCCAGCCTGGGCAACAAGAAGGAAACTCCATCTCAAAAAAAAAAGAAAGAAAAAAGGAA","GGCTGGGCATGGTGGCTCATGCCTGTAATCCCAGCACTTTGGGAGGCCAAGGTGGGTGGATCACCTGAGGTCAGCAGTTTGAGACCAGCCTGGCCAACATGGTAAAACCCCGTCTCTACTAAAAATACAAAAAATTAGCCAGGCATGGTGGTAGGCGCCTGTAATCCCAGCTACTTGGGAGGCTGAGGCACGAGAATCACTTGAACCCAGGAGGCAGAGGTTGCAGTGAGCCAAGATCGCGCCATTGCACTCCAGCCTGGGCAACAAGAGCAAAACTCCATCAAAAAAAAAAAAAAAAAAAAAAAAAA"
"chr1","1772978","1773157","KN296916v1","384745","384895","47","1388233","CCTATAATCCCAGCTACTTAGGAGGCTGACACAACAGAATCACTTGAACCCAGGAGGCAGAAGTTGCAGTGAGCTGAGACCGCGCCATTACACTCCAGCCTGGGCAACAAGAATGAAACCCGGTCTCAAAATAAATAAATAAATAAATAAATAAATAAATAATATAAAATAAATAAATAA","CCTATAATCCCAGCTACTTGGGAGGCTGAGGCAGGAGAATCGCTTGAACCCAGGAAGTAGAGGTTGCAGTGAGCTAAGATCATGCCATTGCACTCCAACCTGGGCAACAAGAGTGAAACTCCATAAAAAAAAAAAAAAAACACAAAAAAAA"
"chr1","1820751","1821050","KN295929v1","446786","447092","35","1373965","GGCGCGGTGGCTCACACCTGTAATCCCAGCACTTTGGGAGGCCGAGGTGAGCAGATCACCTGAGGTCAGGAGTTTGAGACCAGCCTGGCCAACATGGCAAAACCCCGTCTCTACTAAAAATACAAAACTTAGCTGGGCATGGCGGCAGACACCTGTAATCCCAGCTACTCGGGAGGCTGAGGCAGGAGAATCGCTTGAACTTGGGAGGCAGAGTTTGCAGTGAGCTGAGACTGCACCATTGCACTCCAGCCTGGGCAATGAGAGTGAATGAAACTCCATCTCAAAAAAAAAAAAAAAAAA","GGGCGGGGGCGGTGGCTCACGCCTGTAATCCCAGCACTTTGGGAGGCCAAGGTGGGTGGATCGCCTGAGGTCAGGAGTTAGAGACCAGTCTGGCCAACATAGTGAAACCCCGTCTCTACTAAAAATACAAAAAATTAACTGGGCGTGGTGGCAGGCACCTGTAATCCCAGCTACTCGGGAGGCTGAGGCAGGAGAATCGCTTGAACATGGGAGGTGGAGGTTGCAGTGAGCAGAGATCGTGCCATTGCACTCCAGCCTGGGCAACAAGAGTGAAGCGAAACTCCATCTCAAAAAAAAAAAAAAAAAA"
"chr1","1823706","1824002","KN297227v1","1018475","1018768","36","805231","CCAGGCACAGTGGCTTATGCCTGTAATCCCAGAACTTTGGGAGGCCGAGGCAGGAGGATCACTTGAGGTCAAGAGTTTGAGACCAGCCTGGCCAACATGGTGAAACCCCATTTCTACTAAAAATACAAAAAATCAGCCAGACGTGGTGGCGGGCGCCTGTAATCCCAGCTACTTGGGTGGCTGAGGCAAGAGAATTGCTTGAACCCGGGAGGCAGAGGTTGCAGTGAGCTGAGATCGCGCCATTGCACTCCAGCCTGGCCTATAAGAGTAAAATACTGTCTCAAAAAAAAAAAAAAA","GGGCACGGTGGGTCATGCCTGTAATCCCAGCACTTTGGGAGGCCAAGGCAGGTAGATCACGAGGTCAGGCGTTCGAGACCAGCCTGGCCAACATAGTGAAACCCTGTCTCTACTAAAAATACAAAAAATTAGCCAGGCGTGGTGGCGGGCGCCTGTAATCCCAGCTACTTGGGAGGCTGAGGCAGGAGAATCACTTGAACCTGGGAGGCAGAGGTTGCAGTGAACTGAGATCGCACCATTGCACTCCAGCCTGGGCAACAAGAGTGAAACTCCGTCTCAAAAAAAAAAAAAAAA"
"chr1","1858845","1859263","KN297245v1","1467019","1467372","126","391826","GGCCGGGCGCGGTGGCTCACGCCTGTAATCCCAGCACTTCGGGAGGCTGAGGCAGGTGGATCACCTGAGGTCAGGAGTTCCAGACCAGCCTGGCCAACGTGGTGAGGCTACAGTGAGCTGTGATGGCACCACTGCACTCTAGCCTGGGCAACAGAGTGAGACCCTGTCACAAAAGAAAAAAGAAACTGCCCAACAGTATCCCCGAGTATCACTTTACACTCCCACCAGCAAATACCAAATTAAAATAATGAAATACAACATTAGCTGGGTGTGGTGGCAAGTGCCTATAATCCCAGCTACTCAGGAGGCTGAGGCAGGAGAATTGCTTGAACCCGGGAGGCAGAGGTTGCAGTGAGCCGAGATAGTGCCACTGCACTCCAGCCTGGGGACAAGAGCGAGACTCCATCTCAAGAAAAAAA","CCGGGCGTGGTGGCTCATGCCTGTAATCCCAGCACTTAGGGAGGCTGAGGCTGGCGGATCACCTGAGGTCAGGAGTTTGAGACCAGCCTGGCCAACATGGTGAAACCCCATCTCTATTAAAAATACAAAATTAGACCAGCCTGCCCAACATCGCGAACCCCCGTCTCTACTAAAAATATAAAAAATCAGCAGGGTGTGATGGTGGGTGCCTGTAATCCCAGCTGCTCGGGAGGCTGAGGCAGGAGAATCGCTTGAACCTGGGAGGCAGAGGTTGCAGTGAGCCGAGATGGCGCCATTACACGCCAGCCTGGGCAACAAGAGCGAAACTCTGTCTCAAAGAAAAAAAATACAAAA"
"chr1","1865051","1865355","KN295605v1","621515","621818","36","1243536","GCCAGGCGTGGTGGCGCACGCCTGTAATCCCAGCACTTTGGGAGGCTAAGGTTGGTGGATCACCTGAGGTCAGGAGTTCGAGACCAGCCTGGCCAACGTGGGGAAACCCCGCCTCTACCAAAAATACAAAATTAGCCAGGCGTGGTGGCGCACGCCTGTAATCCCAGCTACTTGGGAGGCTGAGGCAGGAGAAACGTTTGAATCCGGGAGGCGGAGGTTGCAGTGAGCTGAGATTGAGCCACTGCACTCCAGCCTGGGCGACAAGAGCGAAACTCCGTCTCAAAAAAAAAAAAAAGGAAATAAAA","GGCCAGGCGCAGGGCTCAGGCCTGTAATCCCAGCACTTTGGGAGGCCGAGGTGGGTGGATCATCTGAGGTCAGGAGTTCGAGACCAGCCTGGCCAACACGGTGAAACCCCGTCTCTACGAAAGATACAAAATTAGCCAGGCGTGGTGGCGCATGCCTGTAATCCCAGCTACTCGGAAGGCTGAGGCAGGCGAATTGCTTGAACCCGGGAGGCAGAGGTTGCAGTGAGCCAAGATTGTGCCATTGCACTACAGCCTGGGCAACAAGAGCGAAACTCCATCTCATAAAAAAAAAAAAGAAAAGAAA"
"chr1","1917981","1918291","KN296244v1","295087","295395","34","1622894","GGCCGGGCACAGTGGCTCACGCCTGTAATCCCAGCACTTTGGGAAGCCAAGGCAGGTGGATCACCTGAGGTCAGGAGTTCGAGACCAGCCTAGCCAATATGGAAAAACCCCGTCTCTACTAAAAATACAAAAATCAGCTGGGCATGGTGGTGGACACCTGTAATCCCAGCTACTTGGGAGACTGAGGCAGGAGAATGGTTTGAACCCAGGAGGCAGAAGTTGCAGTGAGCCGACATCATGCCATTGCACTCAGCCTGGGCAGCAAGAGCGAAACTCCATCTCAAAAAAAAAGAAAAAGAAAGAAAAAAAGA","GGCTGGGCACAGTGGTTCATGCCTGTAATCCCAGCACTTTGGGAGGCCAAGGTGGGCGGATCACCTGAGGTGAGGAGTTCGAGACCAGCCTGGCCAACATGGCGAAACCCTGTCTCTACTAAAAATACAAAAATTAGCTGAGAGTGGCGGTGGGCACCTGTAGTCCCAGCTACTTGGGAGGCTGAGGCAGGAGAATCACTTGAACCCAGGAGGCAGAGGTTGCAGTGAGCCAAGATCATGCCATTGTACTCCAGCCTGGGCAACAAGAGCGAAACTCCATCTCAAAAAAAAAAAAAAAAGAAAGAAAGA"
"chr1","1989202","1989477","KN296394v1","137481","137758","47","1851721","GCCAGGCGCAGTGGCTCACGCCTGTAATCCCAACACTTTGGGAGGCTGAGGCAAGCGGATCACCCAAGGTCAGGAGTTCGAGACCAGCCTGGCCAACGTGGCAAAACCCCGTCTCTAATAAAAACATAAAAATTAGTGGGGCGTGGTAGTGTGACCCTGTAATCCCAGCTGCTTGGGAGGCTGAGGCAGGAATATTGCTTGAACCTGGGAGGCGGAGGTTGCAGTGAGCCGAGAGCGTGCCATTGCCATCCTGGGCAATAAAAAAAAAAAAAAGAA","GGCCAGGTGCAGTGACTCATGCCTGTAATCCCAGCACTTTAGGAGGTTGAGGTGAGTGGATCACCTGAGGTCAGGAGTTCGAGACCAACTTGGCCAACATGGCAAAACCCCGTCTCTACTAAAAACACAAAAAAATTAGCTGGGCATGGTGGTGGGTGCCTGTAATCCCAGCTACTCAGGAGCTGAGGCAGGAGAATCGCTTGAACCTAGGAGGTAGAGGTTGCAGTGAGCCGAGACTGCGCCATTGCACTCCAGCCTAAAAAAAAAAAAAAAAAAAA"
"chr1","2071449","2071759","KN295705v1","690925","691236","44","1380524","GGCCAGGTGCTGTGGCTCATGCCTGTAATCTCAGCGCTTTGGGAGGCCGAGGCAGGTGGATCATGTGAGGTCAGGAGTTTGAGACCAGCCTGAAAGACATCGTGAAACCCCATCTCTACTAAAGATACAAAATTAGCTGGGTGTGGTGGTGGGCGCCTGTAATCCCAGCTACTTCGGAGGCTGAGGCAGAAGAATCACTTGAACCCAGGAGGCAGAGGTTGCGATAGGCCGAGATCGTGCTGTTGCACTCCAGCCTGGGCGACAAGAGCAAAACTCTATCTCAAAAAAAAAAAAAAAAAAAAGGAAAGGAA","GGCCAGATGCAGTGGCTCACATCTGTAATCCCAGCACTTTGGGAGGCCGAGGCAGGTGGATCACTTGAGGTCAGGAGTTTAAGACCAGCCTAGCCAACATGGTGAAACCCCGTCTCTACTAAAAATACAAAAATTGGCTGGGCGTGGTGGTGGACACCTGTAATTGCAGCTACTTGGGAGGCTGAGGCAGGAGAATAGCTTGAACCCAGGAGGCGGAGGTTGCAGTAAGCTGAGATCGCGCCATTGCACTCCAGCCTGGGTGACAAGAACGAAACTCTGTCTCAAAAAAAAAAAAAAAAAAAAAAGAAAAAA"
"chr1","2095818","2096125","KN295725v1","1996226","1996536","33","99592","GGCCGGGCACGGTGGCATAGCCTGTAATCCCAGCACTTTGGGAGGCCGAGGCAGGTGGACCACCTGAGGTCAGGAGTTCAAGACCAGCCTGGCCAACATAGTGAAACCCTGTCTCTACTAAAAATACAAAATATTAGCTGGGCATGGTGGCAGGCGCCTGTAATCCCAGTTACTCGGGAGGCTGAGGCAGGAGAATCGCTTGAACCTGGGAGATGGACGTTGCAGTGAGTTGAGATCACACCATTGCACTCCAACCTGGGCAACAAGAGCGAAACTTCATCTCAAACAAAAACAAAAACAAAACAAAA","GACCGGGCACGGTGGCTCACGCCTGTAATCCCAGCACTTTGGGAGGCCAAGGCAGGTGGATCATCTGAGGTCAGGAGTTCGAGACCAGCCTGGCCAACATAGTGAAACCCTGTCTCTACTAAAATTACAAAACATTAGCTGGGCATGGTGGCGGGCGCCTGTAATCCCAGCTACTAGGGAGGCTGAGGCAGGAGAATCACTTGAACCCAGGAGGTGGAGGTTGCAGTGAACCGAGATTGTGCCATCGCACTCCAGCCTGGGCAACAAGAGTGAAACTCCATCTCAAAAAAATAAAACAAAACAAAACAAAA"
"chr1","2158733","2159027","KN296205v1","756673","756959","36","1402060","GGCCGGTCGCAGTGGCTCACGCCTGGAATCCCAGCACTTTGGGAGGCCGAGGCGGCTGGATCACCTGAGGTCAGGAGTTCAAGACCAGCATGGCCAACATGGTGAAACCCAATCTCTACTGAAAATACAAAAAAATTAGCTGAGCGTGGTGGCGGGTGCTTGTAGTCCCAGCTACTTCGGGAGGCTGAGGCAGGAGAATTGCTTGAACCTGGGAGGCGGAGGTTGCAGTGAGCTGAGATCGTGCCACTGCACTCCAGCGTGGGTGACTAAAGCAAAACTCTGTCTCAAAAACAAA","GGCCAGGGGCGGTGGCTCATGCCTGTAATCCCAGCATTTTGGGAGGCCGAGGGGGGTGGATCACCTGAGGTCAGGAGTTCAAGACCAGCCTGACCAACATGGTGAAACCCCGTCTCCACTAAAAATACAAAAATTAGGCGTGGTGGCAGGTGCCTAGAATCCCAGCTACTTGGGAGACTGAGGCAGGAGAATTGCTTGAACCTGGGAGGCGGAGGTTGCAGTGAGCCAAGATCATGCCATTGCACTCCAGCCTGGGTGACAACAGCAAAACTCTGTCTCAAAAAAAA"
"chr1","2267961","2268271","KN294578v1","615670","615980","30","1652291","GGCTGGGCGCAGTGGCTCATGCCTGTAATCCCAGCACTTTGGGAGGTCGAGGTGGGCAGATCACCTGAGGTCAGGAGTTCGAGACCAGCCTGGCCAACATGGCAAAACTGCATCTCTACTAAAAATACAAAAATTAGCCGGGCGTGGTGGCAGGTGCCTGTAATCCCAGCTACTCGTGAGGCTGAGGCAGGAGAATCACTTGAACCTGGGAGCCGGAGGTTGCAGTGAGCCGAGATGGCAGCATTGCACTCCAGCCTGGGCAACAAGAGCAAAACTCTGTCTCAAAAAAAAAAAAAAAAAAAGAAAAGAAA","GGTTGGGCGCGGTGGCTCATGCCTGTAATCCCAGCACTTTCGGAGGCTGAGGTGGGCAGATCACCTGAGGTCAGGAGTTCACAACCAGTCTGGCCAACATGGTGAAACTCCGTCTCTACTAAAAATACAAAAATTAGCTGGGTGTGGTGGCGGGTGCCTATAATCCCAGCTACTTGGGAGGCTGAGGCAGGAGAATCACTTGAACCTGGGAGGCGGAGGTTGCAGTGAGCCGAGCCTGCACCATAGCACTCCAGCCTGGGCAACAAGAGTGAAACTCTGTCTCAAAAAAAAAAAAAAAAAAAAAAAAAGAA"
"chr1","2418552","2418856","KN297133v1","419676","419981","34","1998876","GGCTGAGCACGGTGGCTCATGCCTGTAATCCCAGCACTTTGGGAGGCTGAGGCGGGTGGATCACCTGAGGTCAGGAGTTCAAGACCAGCCTGGCCAACACGATGAAACCCTGTCTCTACTAAAAGTACAAAAATTAGCCAGGCATGGTGGCGTGTGCCTCTAATCCCAGCTACTCAGGAGGCTGAGGCAGGAGAATTGCTTGAACCCAGGAGGTGGAGCTTGCAGTGAGCCCATATCATGCCTTTGCACGCCAGCCTGGGCAACAAGAGCGAGACTCCGTCTCAAAAACAAACAAACAAAAAAAA","GGCCGGGCACGGTGGCTCGTGCCTGTAATCCCAGCACTTTGGGAGGCTGAGGCGGGCAGATCACCTGAGGTCAGGAGTTCAAGACCAGCCTGGCCAACATAGTGAAACCCCGTCTCTACTAAAAATACAAAAAATCAGCCGGGCGTGGTGGCAGGTGCCTGTAATCCCAGCTACTCGGGAGGCTGAGGCAGGAGAATCACTTGAACCCGGGAGGTGGAGGTTGCAGTGAGCCGAGATTACGCCATTGCACTCCAGCCTGGGGGACAAGAGCGAGACTTCGTCTCAAAAAAAAAAAAAAAAAAAAAA"
"chr1","2467302","2467614","KN296017v1","404143","404453","19","2063159","GCCGGGCGCGGTGGCTCACGCCTGTAATCTCAGCACTTTGGGAGGCCACGGCGGGTGGATCACCTGAAGTCAGGAGTTCAAGACCAGCCTGACCAACATGGTGAAACCTTGTCTCTACTAAAATACAAAAGTTAGCTGGGCATGGTGGTGGGCACCCGTAATCTCAGCTACTCCAGAGGCTGAGGCAGGAGAATCGCTTGAACCCAAGAGGCAGAGGTTGCAGCGAGCTGAGATCGAGCCATTGCACTCCAGCCTGGGCAACAAGAGCAAAACTGCATCTCAAAACAAACAAACAAACAAACAAACAAATAAA","GCTGGGCGCGGTGGCTCACGCCTGTAATCTCAGCACTTCGGGAGGCCATGGTGGGTGGATCACCTGAAGTCAGGAGTTCAAGACCAAACTGACCAACATGGTGAAACCTTGTCTCTGCTAAAATACGAAAGTTAGCTGGGCATGGTGGTGGGTGCCTGTAATCTCAGCTACTCCGGAGGCTGAGGCAGGAGAATTGCTTGAACCCAAGAGGCAGAGGTTGCAGCGAGCTGAGATCCAGCCATTGCACTCCAGCCTGGGCAATAAGAGCAAAACTTCATCTCAAACAAACAAACAAACAAACAAAAAACAAA"
"chr1","2508379","2508662","KN296849v1","960110","960399","41","1548269","GGCTGGGCACAGTGGCTCACACCTGTAATCCCAGCACTTCGGGAGGCCAAGGCAGGCGGATCACCTGAAGTCAGGAGCTCGAGATCAGCCTGACCAACGTGAGAAATCCCATCTCTACTTAAAATACAAAATTAGCCAGGCGTGATGGCGGATGCCTGTAATCCCAGCTACTCGGGAGGCTGAGGCAGGAGAATCACTTGAACCTGAGAGGCAGAGGTTGCAGTGAGCCGAGATTGTGCCATTGCATGATGATGGATGAAACTCCATCTCCAAAACAAAAAAAA","GGCCGGGCACAGTGGCTCATGCCTGTAATCCTGGCACTTTGGGAGGCCAAGGCGGGCGGATTATCTAAGGTCAGGAGTTCGAGACCAGCCTGGCCAACATGGTGAAATCCCATCTCTATTAAAAATACAAACATTAGCCAGGCGTGATGGCAGATGCCTGTAATCCCAGCTACTCGGGAGGCTGAGGCAGGAGAATTGCTTGAACCCAGGAGGTGGAGGTTGCAGTGAGCCGAGATTGTGCCATTGCACTCCAGCCTGGGCAAGCAAAACTCCATCTCAAAAAAAAAAAA"
"chr1","2562811","2563104","KN296682v1","1906340","1906636","33","656471","GCCGGGCGCGGTGGTTCACTCCTGTAATCCCAGCACTTTGGGAGGCTGAGGCAGGTGGATCACCTGAGGTTAGGAATTTGAGACCAGCCTGGCCAACATGGTGAAACTCCATCTCTACTAAAAATACAAAAATTAGCCAGGCATGGTGGTGGGTGCCTGTAATCCCAGCTACTCGGGAGGCTGAAGCAAGAGAATCTCTTGAACCCAGTGGGTGGAGGTTGCGGTGAGCCGAGATCGCTCCATTGCACTACAGCCTGGGCAACAAGAACGAAACTCCGTCTCAAAAAAAAAAAA","GGCCAGGCACAGTGGCTCACACCTGTAATCCCAGCACTTTGGGAGGCCGAGGCAGGTGGATCACCTGAGGTCAGGAATTTAAGACCAGCCTGGCCAACATAGGGAAACCCCAACTCTAGTAAAAATACAAAAAATTAGCTGGGCATGGTGGCTGGTGCCTATAATCCCAGCTACTCAGGAGGCTGAGGCAGGAGAATCGCTTGAACCCAGGAGGTGGAGGTTGCAGCGAGCCGAGATCGCACCATTGCACTCCAGTCTGGGCAACAAGAGCGAAACTCCGTCTCAAAAAAAAAAAAA"
"chr1","2836375","2836670","KN296096v1","3183138","3183434","37","346763","GGCCAGGCGTGGTGGCTCACGCCTATAATCCCAGCATTTTGGGAGGCCAAGGTGGGCAGATCACCTGAGGTCAGGAGTTCAAGACCAGCCTGACCAACATGGTGAAACCCTGTCTCTACTAAAAATACAAAAAAAATTAGCCAGGCGTGGTGGTGGGCACCCGTAATTGCATCTACTCCAGAGGCTGAGGCAGGAGAATTTTTGAACCCAGGAGGCAGAGGCTGCAGTGAGTCAAGATCGCACCATTGCACTCCAGCCTGGGCAATAAGAGTGAAACTCCGTCAAAAAAAAAAAAA","GGCCAGGTGTGGTGGCTCACACCTGTAATCCCAGCACTTTGGGAGGCCAAGGCAGGTGGATCACCTGAGGTCAGGAGTTCGAGACCAGCCTGGCCAACATGGTGAAACCCCGTCTCTACTAAAAATACAAAAAAATAGCCAGGCATGGTGGTATGCGCCTGTAGCCCCAGCTACTCAGGAGGCTGAGGCAGGAGAATCCTTTGAACCCAGGAGGCGGAGGTTGCAGTGAGCCAAGATCGCACCATTGCACTCCAGCCTGGGCAACAAGAGCAAAACTCTGTGTCAAAAGAAAAAAAA"
"chr1","3160730","3161038","KN295350v1","243779","244085","39","2916951","GGCCGGGCACAGTGGCTCACGCCTGTAATCCCATCACTCTGGGAGGCCGAGGCGGGTGGATCACCTGAGGTCAGGAGTTCGAGACCAGTCTGGCCAACATGGTGAAACCTCATCTCTACGAAAAGTACAAAAAATTACCCGGGCGTGGTGTTGGACCCCTGTAATTTCAGCTACTGGGGAGGCTGAGGCAGGAGAATCTCTTGAACCCGGGAAGCAAAGGTTGCAGTGAGCCGAGATCGCACCATTGCACTCCAGCCTGGCCTGGGCAACAAGAGCGAAACTCTGTCTCAAAAAAAAAAAAAAAAAAAA","GGGCGGGCACGGTGGCTCACGCCTGTAATCCCAGCACTTTGGGAGGCCGAGGCGGGTGGATCACCTGAGGTCAGGCGTTTGAGACCAGCCTGGCCAACAGGGTGAAACCCCGTCTCTACTAAAAATACAAAAAATTAGCTGGGCATTGTGGCAGGCGCCTGTTAATCCCAGCTACTTGGGAGGCTGAGGCAGGAGAATCTCTTGAACCCAGGAGGCAGAGGTTACAGTGAGCCGAGATCGTGCCATTGCACTCCAGCCTGGGCAACAAGAGTGAAACTCTGTCTCAAAATTAAAAAAAAAAAAAAAA"
"chr1","3184082","3184365","KN297229v1","405977","406257","42","2778105","GCGGTGGCTCACGCCTGTCATCCCAGCACTTCTGGAGGCCGAGGCGGGCAGATCACCCAAGGTCAGGAGCTTGAAACCAGCCTGACCAACATGGTGAAACCCTGTCTCTACTAAAAAATACAAAATTAGCCAGGCATAGTGGCAGGCCCCTGTAATCCCAGCTACTTGAGAGGCTGAGACAGGAGAATCGCTTGAACCCGGGAGGCGGAGGTTGCAGTGAGCCGAGATTGTGCTATTGCACTCCGGCCTGGGCAACAAGAGTGAAACTCTGTCTAAAAAAAAAA","CGGTGGCTCATGCCTGTAATCCCAGCACTTTGGGAGGCTGAGGCAGCTGGATCACCTGAGGTCAGGAGTTCAAGACCAGCCTGGCCAACATGGTGAAACCCTGTCTCTACTAAAAATACCAAAAATTAGCCAGGCCTGGTGGCAGGCACCTGTAATCCCAGCTACTTGGGAGGCTGAGGCAGGAGAATTGCTGGAACCTGGGAGGCAGAGGTTGCGGTGAGCTGAGATCATGCTATTGCATTCCAGCCTGGGCACCAAGACGATACTCCGTCTCAAAAAAA"
"chr1","3240449","3240725","KN294217v1","338329","338589","36","2902120","CTAGCACTTTGGGAGGCCGAGGCAGATGGATCACCTGAGGTCAGGAGTTCAAGACCAGCCTACCCAACATGACGAAAACCCATCTCTACTAAAAATACAAAAAATTAGCCAGGCATGGTGGCGAGCACCTGTAATCCCAGCTGCTCAGGAGGCTGAGGCAGGAGAATCACTTGAACCTGGGAGGCGGAGGTTGCAGTGAGCCAAGATGGAGTCACTGCACTCCAGCCTGGGTGATAAAAACTCCGTCTCAAAAAAAAAAAAAGAAAAAGAAAAGAAA","CCAGCACTTTGGGAGGCCGAAGCAGGTGGATCACCTGAGGTCAGGGGTTCAAGACCAGCCTACCCAACATGATGAAAACCCATTTCTACTAAAAATACAAAAAATGAGCCAGGCATGGTGGTGGGCACCTGTAATCCCAGCTGCTCAGGAGGCTGAGGCAGGAAAATTACTGGAACCTGGGAGGTGCAGGTTGCAGTGAACCAAGATTGCATCACTGCACTCCAGCTTGGGTGATAAAAACTCCATCTCAAAAAAAAGAAA"
"chr1","3591959","3592259","KN294217v1","696630","696936","32","2895329","GCTGGGCGTGGTGGCTCACGCCTGTAATCCTAGCAGTTTGGGAGGCTGAGGCAGGCGGACTGCTTGAGGTCAGGAGTTCAGGACCAGCCTGGCTAACATGGCGAAACCCCGTCTCTACTAAAAACACAAATATTAGCCAGGCATGGTGGCAGGCGCCTGTAATCCCAGCTACTCGGGAGGCTGAGGCGGCAGAATCGCTTGAACCTAGGAGGTGGAGGTTGCAGTGAGCCAAGATCGTGCCATTGCACTCCAGCCTGGGTGACAAGAGTGAGACCCCATCTCAAAAAAAAAAAAAAAAAAA","GCTGGGTGGAGTGGCTCACTCCTGTAATCCTAGCAGTTTGGGAGGCCGAGGCAGGCAGATCGCCTGAGGTCAGGAGTTCAAGTCCAGCCTAGCAAACATGGCAAAACCCCGTCTCTACTAAAAACACAAAAATTAGCCAGGTGTGGTGGCAGGCGCCTGTAATCCCAGCTACTCAGGAGGCTGAGGCAGGAGAATCGCTTGAACCCGGGAGGTGGAGGTTGCAGTGAGCTGAGATCGTGCCATTGCACTCCAGCCTGGGTGACAAGAGTGAGGCTCCATCTCAAAGAAAAAAAAAAAAAAAAAAAAA"
"chr1","3594401","3594476","KN295523v1","2369424","2369497","18","1224977","TCGCAGTGAGCCGAGATTGTGCCATTGCACTCTAGCCTCAGCAACAACGGAACTCCATCTCCAAAAAAAAAAAAAA","GTTGCAGTGAGCCGAGATCACACCATTGCACTCTAGCCTGGGTGACGAATGAAACTCCATCTCAAAAAAAAGAA"
"chr1","3704785","3705095","KN294217v1","805531","805844","28","2899254","GGCCGGGCATGGTGGCTCACGCCTGTAATCCCAGCACTTTGGGAGGCTGAGGCGGGCGTATCACGAGGTCAGGAGTTTGAGACCAGCCTGGCCAACATGGAGAAACCCCCGTGTCTACTAATAATACAAAAACTAGCTGGGTGTGGTGGCGTATGCCTGTAATCCCAGCTACTCAGGAGGCTGAGGCAGGAGAATCGCTTGAACCCAGGAGGTGGAGGTTGCAGTGAGCCGAGATCGCACCATTGCACTCCAGCCTGGGCGACAAGAGAGAAACTCTGTCTCCAAGGAAAAAAAAAAAAAAAAAAAAAAGA","GGCCGGGCGCGGCGGCTCACACCTGTCATCCCAGCACTTTGGGAGGCTGAGGCGGGCGGATCACCTGAGGTCAGCAGTTTGAGACCAGCCTGGCCACATGGTGAAACCCCCGTGTCTACTAATAATACAAAAACTAGCTGGGCGTGGTGGCGCACGCCTGTAATCCCAGCTACTCAGGAGGCTGAGGCAAGAGAATCACTTGAACCTGGGAGGTGGAGGTTGCAGTGAGCCGAGATGGCGCCATTGCACTCCAGCCTGGGCGACAAGAAAGAAGCTCTGTCTTCAAGAAGGAAAAAAAAAAAAAAAAAAAGAAA"
"chr1","3909422","3909725","KN295375v1","132628","132930","35","3776794","GCCAGATGCAGTAGCTCATGCCTGTTATCCCAGCACTTTGGGAGGCCGAGGTGGGTGGATCACCTGAGGTCAGGAGCTCCAGACCAGTGTGGCCAACATGGTGAAACCCTGTCTCTACTAAAAATACAAAAATTAGCCAGGCGTGTTGGCAGGCGCCTGTAATCCCAGCTACTCGGGAGGCTGAGGCAGGAGAATCGCTTGAACCTGGGAGACGGAGGTTGCAGTGAGCTGAGATCGCGCCATTGCACTCCAGCCTGGGTGACAAGAGCGAAACTTCATCTCAAAAATCTCAAAAAAAAAGAAA","GGCCAGGTGCAGTGGCTCACACCTGTAATCCCAGCACTTTGGGAGGCCAAGGTGGGTGGATCACCTGAGGTCAGGAGTTCGAGACCAGGCTGGCCAACATGGTGAAACCCCGTCTCTACTAAAAATACAAAATTAGCCAGGCATGATGGTAGGCGCCTGTAATTCCAGCTACTCAGGAGGCTGAGGCAGAAGAATCGCTTGAACCTGGGAGGCAGAGGTTGCAATGAACCGAGATCACGCCATTGCACTCCAACCTGGGCAAAAAGAGCGAAACTCCATCTCAAAAAACAAAAAACAAAAAAA"
"chr1","4334182","4334480","KN295633v1","141651","141946","34","4192531","GGCTGGGTGCAGTGGCTCGTGCCTGTAATCCCAGCTCTTTGGGAGGCCAAGGCAGGTGGATCACGAGGTCAGGGGTTCAAGACCAGCCTGGCCAACATGGTGAAACCCTGTCTCTACTGAAAATACAAAAATTAGGCAGGTGTGGTGATGCAGGCCTGTAATCCCAGCTACTTGGGAGGCTGAAGCGGGAGAATCACTTGAACCTGGGAGGCAGAGGTTGCTGTGAGCTGAGATCATGCCATTGCACTCCAGCCTGGGCAACAAGAGCAAAACTCCATCTCAAAAAAAAAAAAAAAAAA","GGCTGGGTGTGGTGGCTCATGCCTGTAATCCCAGCACTTTGGGAGGCCAAGGCAGGCGGATCATGAGGTCAGGAGTTCAAGACCAGCCTGCCCAAAATGGTGAAACCCCGTCTCTACTAAAAATACAAAAATTAGCCAGGTGTGGTGGTGAGGACCTGTAACCCAGCTACTCGGGAGGCTGAGGCAGGAGAATCGCTTGAACCCCGGAGGCGGAGGTTGCAGTGAGCCGAGATTGTGCCATTGTACTCCAGCGTGGGCAACAAGAGCAAGACTCTGTCTCAAAAAAAAAAAAAAAA"
"chr1","4348210","4348508","KN294217v1","1351425","1351721","17","2996785","GGCCAGGCACGGTGGCTCACGCCTGTAATCCCAGCACTTTGGGAGGTTGAGGTGGGCAGATCACCTGAGGTCAGGAGTTTGAGGCCAGCCTGTCCAACATGGTGAAACCCCGTCTCTACTGAAAATACAAAAACTAGCTGGGTGTGGTGGCACAGGCCTGTAATACCAGCTACTTGGGAGGCTGAGGCAGGAGACTCGCTTGAGCCTGGGAGGCAGAGGTTGCAGTGAGCTGAGATCGCGCCATTGCACTCCAGCTTGGGGGACAAAAGCAAAACTCTGTCTCAAAAAAAAAAAAAAAA","GGCCAGGTGCAGTGGCTCACACCTGTAATCCCAGCACTTTGGGAGGTTGAGGTGGGCAGATCACCTGAGGTCAGGAGTTCGAGACCAGCCTGTCCAACATGGTGAAATGCCGTCTCTACTGAAAATACAAAAACTAGCTGGGCGTGGTGGCACAGGCCTGTAATACCAGCTACTTGAGAGGCTGAGGCAGGAGACTTGCTTGAGCCTGGGAGGTAGAGGTTGCAGTGAGCTGAGATCGCGCCATTGCACTCCAGGCTGGGGGACAAAAGCAAAACTCTGTCTCAAAAAAAAAAGAAA"
"chr1","4413784","4414096","KN294217v1","1419166","1419477","41","2994618","GGCTGGGAGCAGTGTCTCATGCCTGTAATTCCAGCATTTTGTGGGAGGCTGAGGTGGGCAGATCACCTGAGGTCAGGAGTTCAAGACCAGCCTGGTCAACATGGTGAAATCCCATCTCTACTAAAAATACAAAAATTAGTCTGGCATGGTGGTATGTGCCTGTAATCCCATATACTCAGGAGGCTGAGGCAGGAGAATTGCTTGAACCTGGGAGGCAGAAGTTGCAGTGAGCCGAGATTGAGCCATTGCACTCTAGCCTGGGCAACAAGAGTGAAACTCCATCTCAGAAAAATAAATGAATAAATAAAAAGAA","GGCTGGGAGCAGTGGCTCATGCCTGGAATCCCAGCATTTCGGGGGAGGCTGAGGCAGGCAGATTACCTGAGGTGAGAAGTTCAAGACCAGCCTGGCCAACATGGTGAAATGCCGTCTCTACCAAAAATACAAAAAGTAGCTCAGTGTGGTGGTGCATGCCTGTAATCCCAGCTACTCGGGAGTCTGAGGCATGAGAATCACTTGAACCCAGGAGGCAGAGGTTGCAGTGAGCCGAGATTGCACCATTGCACTCTAGCCTGGGCAACAAGAGTGAAACTCCATCTCAGAAAAAAATAAGTAAATAAATAAAAA"
"chr1","4491116","4491431","KN296926v1","1007879","1008183","41","3483237","GCCAGGCACAGTGGCTCATGCCTGTAATCCCAGCACTTTGGGCGGCTGAGGTGAGTGGATCACCTGAGGTCAGGAGTTCGAGACCAGCCAGCCTGACCAACATGGTGAAACCCCGTCTCTATTAAAAATACAAAATTTTTAGCTGGGCATGGTGGTGCCTGCCTATAATCCCAGCTACTTGGGAGGCTGAGGCAGGAGAATCACTTGAACCTCCAAGGCAGAGGTTGCAGTGAGCTGAGATTGTGCCATTGCACTCCAGCCTGGGCAACAAGAGAGAAATTCTGTCTCAAAACAAACAAACAAACAAACAAACAAA","GGCTGGATGCGGTGGCTCATGCCTGTAATCCCAGCACTTTGGGGGACTGAGGTGGGCGGATCACTTGAGGTCAGGAGTTCAAGACCAGCCTGGCCAACATGGTGAAACCCCATCTCTAGTAAAATACAAAATTAGCCAGGCATGGTGGTGCATGCCTATAATCCCAGCTACTTGGGAGGCTGAGGCAGGAGAATAACTTGAACCCAGAGGCAGAGGTTGCAGTGAGCTGAGATTGTCCCATTGCACTCCAGCCTGGGCAACAAGAGCAAAACCCGGTCTCAAAAAATAAATAAAAAACAAACAAA"
"chr1","4502777","4503084","KN294217v1","1500271","1500578","34","3002506","GGCCAGGCGCGGTGGCTCATGCCTGTAATCCCAACACTTTGGGAGGCCTAGGCAGGTGGATCACCTGAGGTCAGGAGTTCGAAACCAGCCTGACCAAAATGGTGAAACCCTGTCTCTACTAAAAATATAAAAAATTAGCTGGGTGTGGTGGCAGGAGCCTGTAATCCCAGCTACTCAGGAGGCTGAGGCAGTAGAATCGCTTCAACCCGGGAGGCGGAGGTTGCAGTGACCCGAGATTGCACCATTGCACTCCAGCCTGGGCAACAAAAGTGAGACTCCACCTAAAAACTAAACAAACAAAAAAAAGA","GGCCAGGCATGGTAACTCATGCTTGTAATCCCAACAGTTTGGGAGGCCAAGGCAGGTGGATCACCTAAAGTCATGAGTTCAAGACCAGCCTGGCCAAAATGGTGAAACCCCATCTCCACTAAAAATATAAAAAATTATCTGGGTGGGGTGGCGGGAGCCTGTAATCCCAGCTACTTGGGAGGCTGAGGCAGGAGAATCACTTCAACCCAGGAGACGGAGGTTGCAGTGAGCCGAGATTGCACCATCGCACTCCAGCCTGGGCAACAAGAGTGACACTCCGCCTAAAAACAAAGCAAACAAACAAAAAA"
"chr1","4505121","4505429","KN294387v1","2599087","2599393","33","1906034","GGCCGGGAGCAGTGGCTCACGCCTGTAATCCCAGCACTTTGGGAGGCTGAGGCAGGCGGGATCGCCTGAGGTCAGGAATTCAAGACCAGCCTGGCCAACATGGTGAAACCCCGTCTTTACTAAAAATACAAAAATTAGCTGGGCTTGGTGGCGCACGCCTGTAATCTCAGCTACTTGGGAGGCTGAGGCGGGAGAATTGCTTGAACCTGGGAGGCAGAGGTTGCAGTGAGCCAAGATCGTGCCATTGCACTCCAGCCTGGGCAACAAGAGGGAAATTCCGTTTCAAAAAAAAAAAAAAAAAAAAAAAAA","GGCCAGGCACAGTGGCTCACACTTGTAATCCCAGCACTTTGGGAGGCCGAGGTGGGCGGATCACCTGAGGTCAGGAGTTCAAGACCAGCCTGGCCAACATGGTGAAACCCCATCTCTACTAAAAATACAAAAATTAGCTGGGCGTAGTGGCGGCCACCTGTAATCCCAGCTACTTGGGAGGCTGAGGCAGGAGAATTGCTTGAACCCAGGAGGCGGAGGTTGCAGTGAGCCGAGATTGTGGCCATTGCACTCCAGCCTGGGCAACAAGAGTGAAACTCTGACTCAAAAAAAAAAAAAAAAAAAAAAA"
"chr1","4911057","4911282","KN296885v1","3134403","3134633","35","1776654","CACCGTGAGTCAGGAGTTCAAGACCAGCCTGGCTAACATGGTGAAACCCTGTTTCTACTAAAAATACAAAAAATTAGCCAGGCGTGGTGGCACATGCCTGTAATCTCAGCTACTCAGGGGGCTGAGGCAGGAGAATCACTTGAACCCGGGAGTTGGAGGTTGCAATGAGCCGAGATCACACCATTGCACTCCAGCTTGGGCAACAAGAGGGAAACTCCATCTAAAA","GGATCACCTGAGGTCAGGAGTTCAAGACCAGCCTGGCCAACATGGTGAAACCCCGTCTCTACTAAAAATACAAAAACTAGCCAGGCATGGTGACATGCGCCTATAATCCCAGCTACTCGGGAGGCTGAGGCAGAAGAATCTCTTGAATCCGGGGAGTGGAGGTTGCAATGAGCTGAGATCATGCCACTGCACTCCAAGCCTGGGTGACAAGAGCGAAACTCCATCTCAAAA"
"chr1","5199355","5199641","KN294217v1","2193551","2193839","26","3005804","GGCTGGGCGCAGTGGCTCACGCCTGTAATCCCAGCACTTTGGGAAGCCAAGGCAGAAGGATCACCTGAGATCAGGAGTTCAAGACCAGCCTGGCCAACATGGTGAAACCCCGTCTCTATTAAATACAAAAAAGTAGCTGGGTGTGGTGGCTCGTGCCTGTAGTCCCAGCTACTTGGGAGGCTGAGGCAGGAGAATCGCTTGAACCCAGGAGGCAGAGGTTGCAGTGAGCTGAGATCGTGCCATTGTACTCCAGCCTGGGCAACAAGAGTGAAACTCCATCTCAAAAA","GGCTGGGTGCAGTGGCTCACGTCTGTAATGCCAGCACTTTGGGAAGCCAAGGCAGGAGGATCAACTGAGGTCAGGAGTTCAAGACCAGCCTGGCCAACATGGTGAAACCCTGTCTCTATTAAATACAAAAAAGTAGCTCAGTGTGGTGGCGGGTGCCTATAGTCCCAGCTACTGGGGAGGCTGAGGCCGGAGAATCGCTTGAACCCAGGAGGCAGAGGTTGCAGTGAGCCGAGATTGTGCCATTGCAATGATCTCCAGCCTGGGCAACAAGAGCAAAACTCCATCTCAA"
"chr1","5228529","5228840","KN295667v1","1687893","1688204","34","3540636","GGCCAGGCGCAGTGGCTCATGCCTGTAATCCCAGCACTTTGGGAGGCCGAGGTGGGTGGATCACCTGAGGTCAGGAGTTCGAGACCAGACTGGCAGACATGGTGAAACCCTGTCTCGACTAATAATACAAAAATTAGCCGGGCGGGGTGGTGCACGCCTGTAATCCCAGCTACTCTGGGGGCTGAGGCAGGAGAATTGCTGGAACCCGGGAGGCGGAGGTTGCAATGAGCCAAGATCACGTCATTGCACTCCAGCCTGGGTAACAAGAGTGAAACTCCGTCTCAAAAAAAAAAAAAAAAGAAAGAAAAGAAA","GGCCGGGTGCGGTGGCTCACGCCTGTAATCCCAGCACTTTGGGAGGCCGAGGTGGGTGGATCACCTGAGGTCAGGAGTTGGAGACCAGCCTGGCCAGCATGGTGAAACCCCGTCTCTACTAAAAATACAAAAATTAGCCGGGCATGGTGGTGGGCGCCTGTATTCCCAGCTACTCGGGAGGCTGAGGCAGGAGAATCGCTTGAACCCAGGAGGCGGAGGTTGCAGTGAGCCAAGATCGCATCATTGCACTCCAGCCTGGGCAACAAGAGCGAAACTCCGTCTCAAAAAACAAACAAACAAACAAACAAACAA"
"chr1","5413675","5413980","KN294499v1","1676730","1677037","39","3736945","GGACGCGGTGGCTAATACCTGTAATCCCAGCAGTTTGGGAGGCTGAGGCGGGTGTCTCACCCGAGGTCAGGAGTTCGAGACCAGCCTGGCCAACATGGTGAAACCCTGTCTCTACTAATAATACAAAAATTAGCCAGGCATGGTGGCGCACGCCTCTAATCCCAGCTACTCGTGAGGCTGAGGCATGAGAATTGGTTGAACCTGGGAGGTGGTGGTTGAATGAGCCAAGATAGCACCATTGCATTCTAGCCTGGGCAACAAGAGTGAAAGTCCATCTCAAAAAACAAAAAACAAAACAAAACAAAA","GGGCCTGGTGGCTCACGCCTGTAATCCCGGCACTTTGGGAGGTTGAGGCTGGTGAATCACCTGAGGTCAGGAGTTCGAGACCAGCCTGGCCAACATGGTGAAACCCTGTCTCTACTAAAAATACAAAACATTAGCCAGGCTTTGTGGCAGGTGCCTGTAATCCCAGCTACTTGGGAGGCTGAGGCAGGAGAATTGCTTGCACCTGGGAGGTGGAGGTTGCCATGAGCTGAGATCGCACCATTGCACTCCAGCCTGGGCAACAAGAGTGAAACTCCATCTTAAAAACAAAAAACAAAAACAAAACAAAA"
"chr1","6008496","6008795","KN296747v1","35746","36041","31","5972750","GGCTGGGCATGGTGTCTCACGCCTGTAATCCCAGAACTTTGGGAGGCCGAGATGGGTGGATCACCTGAGGTCAGGAGTTCGAGACCAGCCTGACCAACATGGTGAAACCCCGTCTCTACTAAAAATACAAAAATTAGCTGGACATGGTGGTGGGCGCCTGTAATCCCAGCTACTCGGAAGGCTGAGGCAGGAGAATTGCTTGAACCCAGGAGGCGGAGGTCGCAGTGAGCCTAGATTGTGCCATTGCACTCCAGCCTGGGAGACAAGAGTGAAACTTTCCATCTCGAAAAAAAAAAAAAA","GGCCAGGTGTGGTGGCTCACGCCTGTAATCCCAGCACTTTGAGAGGCTGAGGTGGGTGGATCACCTGAGGTCAGGAGTTCAAGACCAGCCTGGCCAACATGGTGAAACCCCGTCTCTACTAAAAATACAAAAAATTAGCTGGGTATGGTGGTGGGGCCTGTAATCCCAGCTACTCAGGAGGCTGAGGCAGGAGAATGGCTTGAACCCAGGTGGCGGAGGTTGCAGTGAGCCGAGATAGTGCTGTTGCACTCCAGCCTGGGCAACAAGAGCGAAACTCCATCTCAAAAAAAAAAAAA"
"chr1","6124019","6124298","KN296153v1","91872","92161","36","6032147","GCCGGGCACGGTGGCTCACCCCTGTGATCCCAGCACTTTGGGAGGCCGAGGCGGGTGGGTCACCTGAGGTCAGGAGTTTGAGACCAGCCTGGCCAACACGGTGAAACCCTATCTCTGCTAAAAATACAAAAATTAGCCAGGCGTGGTGGTGGGTGCCTGTAATCCCAGCTATTCAGGAGGCTGAGGCAGGAGAATCGCTTGAACCTGGGAGGCAGAGGCTGCAGTGAGCACCATTGCACTCCAGCCTGGGCAACAAGAGCTAAACTCTGTCTCAGAAAAA","GGCCAGGCACGGTGGCTCACACCTGTAATCCCAGCACTCCGGGAGGCCGAGGCGGGCGGATCACCTGAGGTCAGGAGTTCGAGACCAGCCTGGCCAACATGGTGAAACCCCATCTCTATTAAAAATACAAAAATTAGCCGGGCATGATGGTGGGTGCCTGTAATCCCAGCTACTTGGGAGGCTGAGGCAAGAGAATCGCTTGAACCCGGGAGGCAGAGGCTGCAGTGAGCTGAGATCGCGCCATTGCACTCCAGCCTGGGCAACAAGAGCAAAACTCCATTCAAAAATAA"
"chr1","6177655","6177959","KN296921v1","497818","498120","31","5679837","GGCCAGGCAGGGTGCCTCATGCCTGTAATCCCAGCACTTTGGGAGGCCGAGGCGGGTGGATCACCTGAGGTCAGGAGTTCCAGACCAGCCTGGCCAACATGACGAAACCCCCTCTCTACTAAAAATACAAAAAATTAACCGGGCATGGTGGCAGGCGCCTGTAATCCCAGCTACTCAGGAGGCTGAGGCAGGAGAATTGCTTGAACCTGGGAGGCGGAGGTTTCAGTGAGCTGAAATCACGCCATTGCACTCCAGCCTAGACAACAAGATCAAAACTCGTTTTCAAAAAAATAAATAAATAAAAA","GGCCGGGCATGGTGCCTCACACCTGTAATCCCAGCACTTTGGGAGGCCAAGGCAGGTGGATCACCTGAGGTCAGGAGTTCAAGACCAGCCTGGCCAACATGGCGAAACCCTGTCTCTACTAAAAATACAAAAATTAGCCGGGCATGGTGGCAGACGCCTGTAATTCCAGCTACTCAGGAGACTGAGGCAGGAGAATCACTTGAACCTGAAAGGCGGAGGTTTCAGTGAGCCAAGATCATGCCATTGCACTCCGGCCTGCACAACAAGAGCAAAACTCTGTCTCAAAAAATAAATAAATAAAAA"
"chr1","6220148","6220450","KN296743v1","427898","428203","37","5792250","GGTCGGGTGCAGTGGCTCACGCCTTTAATCCCAGCACTTTGGGAGGCCGAGGTGGGTGGATCACATGAGGTCAGGAGTTTGAAACCAGCCTGACCAGCATGGTAAAACCCCATCTGTACGAAAAATACAAAATTAGCCGGGCCTGGTAGCGCATGCCTGTAATTCTAGCTACTTGGGAGGCTGAGGCAGGAGAATTGCTTGAACCCAGGAGATGGAGGTTGCAGTGAGCTGAGATTGTGCCATTGCACTCCAGCCTGGGCAATGAGAGTGAAACTCCGTCTCAAAAAAAAAAAAAAAAAAAAA","GGCCGGGTGCAGTGGCTCACGCCTGTAATCCCAGCACTTTGGGAGGCCGAGGTGCGTGGATCACCTGAGGTCAGGAGTTTGAGACCAGCCTGGCCAACATGGTGAAAACCTGTCTTTACTAAAAATACAAGAATTAGGTGGGAGTGGTGGCGGGTGACTGTAATCTCAGCTAGTTGGGAGGCTGAGGCAGGAGAATTGCTTGAACCCAGGAGGTGGAGGTTGCAGTGAGCTGAGATCGTGCCATTGCACTCCAGTCTGGGAGACAAGAGCAAAACTCTGTCTCAAAAAATAAAAATAAAAAAAAAA"
"chr1","6225292","6225587","KN294747v1","778077","778373","32","5447215","GGCCGGGCACAGTGGCTCATGCCTATAATCCCAGCAGTTTGGGAGGCCGAGGTGGGTGGATCACCTGAGGTCAGGAGTTTGAAACCAGCCTGGCCAACATGGTAAAACCCCGTCTCTACTAAAAATACAAAAAAATTAGCTGGCCGTGGTAGTAGGCTCCTGTAATCCCAGCTACTCAGGAGGCTGAGGCAGGAGAATCACTTGAACCCCGGAGGCAGAGGTTGCAGTGAGCCGAGATTGCGCCATTGTACTCCAGCCTGGGCAACAAGAGCAAAACTCCGTCTGAAAAAAAAAAA","GGCTGGGCTCGGTGGCTCATGCCTGTAATCCCAGCACTTTGGGAGGCCAAGGTGGGCAGATCACCTGAGGTCAGGGGTTTGAGACCAGCCTGGTCAACATGGTGACACCTCATATCTACTAAAAATACAAAAAAAATTAGCTGGGCATGGTAGCGGGCACCTGTAATCCCAGCTATTCAGGAGGCTGAGGCAGGAGAATCACTTGAACCCAGGAGGCAGAAGTTGCAGTGAGCCGAGATCACGCCATTGCACTCCAGCCTGGGCGACAAGAGCGAAACTCCATCTCAAAAAAAAAAA"
"chr1","6274907","6275212","KN294456v1","876419","876725","37","5398488","GACCGGGCACAGTGGCTCATACCTGTAATCCCAGCACTCTGGGAGGCCGAGGCGGGCTCATCACTTGAGGTCAGGAATTTGAGACCAGCCTGACCAACATGATGAAACCCTGTCTCTATTAAAAATACAAAATTAGCTGGGCATGGTGGCACATGCCTGTAATCCCAGCTACTTGGGAGGCTGAGGCAACAGAATCGCCTGAACCCGGGAGGTGCAGGTTGCAGTGAGCTGAGATCATGCCATTGCACTCCAGCCTGGGCGACAAGAGCGAAACTCCATCTCAAAAAAAAAAAAAAAAAAAAAGAA","GGCCTGGCACAGTGGCTCATGCGTGTAATCCCAGCACTTTGGGAGGCTGAGGCGGGTGGATCACCTGAGGTCAGGAGTTCGAGACCACCCTGGCCAACATGGTGGAACCCCGTCTCTACTAAAAATACAAAAATTAGCTGGGCGTGGTGGCAGATGCCTGTAGTCCCAGCAACTCGGGAGGCTGACGCAGGAGAATCGCTTGAACCCAGGAGGTAGAGGTTGCAGTGAGCTGAGATCGTGCCATTGCACTCCATCCTGGGTGACATGAGTGAAACTCCATCTCAAAAAAAAAAAAAAAAAAAAAAAA"
"chr1","6311436","6311745","KN294539v1","761382","761684","40","5550054","GGCCGGGCGCAGTGGCTCATGCCTGTAATCCTAGCACTTTGGGAGGCTGAGGCAGGTGGATCACCTGAGGTCAGGAGTTCGAGACCAACCTGGCCAACATGGTGAAACCCCTCTCTACTAAAAATACAAAAATTAGCCAGGCATGGTGGCGGGTGCCTGTAATCTCAGCTACTTGGGAGGCTAAGGCAGGAGAATCACTTAAATCAGGGAGGCGAAGTTTGCAGTGAGCTGAGATCGTGCTGTTGCACTCCAACCTGGGCAACAAGAGCAAAACGCCATCTCAAAAAAAAAGAAAAACAAAGCAATGAAA","GCCGGGCACAATGACTCATGCCTGTAATCCCAGCACTATGGGAGGCTGAGGCAGGTGGATCACCTGAAGTCAGGAGTTCGAGACCAGCCTGGCCAACATGGTGAAACCCCGTCTCTACTAAAAATACAAAAACTAGCTGGGCGTGGTGGTGGGTGCCTGTAATCCCAGCTACTCAGGAGGCTGAGGCAGGAGAATCACTTGAACCCAGGAGGCAGAGGTTGCAGTGAGCTGAGATCATGCCATCGTACTCCAGCCTGGGCAACAAGAGCGAAACTCCATCTAAAAAAAAAAAAAAAAAAAAAA"
"chr1","6363307","6363520","KN294498v1","153122","153333","46","6210185","TGACCGAGAAGGTGAAGGCCGGTGTCTCCTAAAAACACAAAAATTAGCGGGGCACAGGGGCAGGGGCCGGTAATCCCAGCCCTTCAGGAGGATGAGGCAGGGAGAATCGCTTGAATCCAGGAGGGAGAGGTTGCAGTGAGCCAAGATGGTGCCATTGCACTCCAGCCGGGGCAACAAAAGGGAAGCTCCATCTTAAAAAAAAAAAAAAAAAAAA","TGGCCAACATGGTGAAACCCCATCTCTACTAAAAATAAAAAATTAGCCAGGTGTGGTGGCAGGTGCCTGTAATCCCAGCTCCTTGGGAGGCTGAGGCAGGAGAATAGCTTGAACCCAGGAGGCAGAGGTTGCAATGAACCGAGACCGCACCATTGTACTCCAGCCTGGGCACCAAGAGCAAAACTCCATCTCAAAAAACAAAAAAATAAAAA"
"chr1","6366106","6366404","KN294662v1","79885","80185","34","6286221","GGCCAGGCGCGGTGGCTCATGCATGTAATCCCAGCACTTTGGGAGGCTGAGGGGGGGTGGATCACGAGGTCAGGAGATCGAGACCAGCCTAGCCAACATGGCGAAACCCCATCTCTACAAAAAATACAAAAATTAGCAGGGCGTGGTGCCATGTGCCTATAATCCCAGCTACTTGGGAGGCTGAGGCAGGAGAATAGCTTGAACCTGGGAGGTGGAGGTTGCAGTGAACCGAGATGGCACTATTGCACTCCAGCCTGGGCAACAAGAGCAAAACTCCATCCCAAAAAAAAAAAAAAAAA","GGCTGGGCGTGGTGGCTCATGCCTGTAATCCCAGTACTTTGGGAGGCCAAGGTGGGTGGATCACCTGAGGTCAGGAGTTCGAGACCAGCCTGGCCAATATGGTGAAACCCCATCTCTATTAAAAATACAAAAAATTAGTAGGGCGTGGTGGCACATGCCTGTAATCCCAGCTACTCAGGAGGCTGACGCAGGAGAATCGCTTGAACCTGGGAGGTGGAGGTTGCAGTGAGCTGAGATCGCACCATTGCACTCCAGCCTGGGCAACAAGAGCGAAACTCCGTCTCAAAAAAAAAAAAAAAAA"
"chr1","6372501","6372803","KN296749v1","1279540","1279844","38","5092961","GCCGGGCATGGTGGCTCACACCTGTATTCCCACCACTTTGGGAGGCCAAGCTGGGTGGATCACCTGAGGTCAGGAGTTGGAGACCAGCCTGGCCAACATGGTGAAACCCCGTCTCTACTACAAATACGAAAAATAGCTGGGCGTGGTAGCCCACGCCTGTAGTCCCAGCTACTTGGAAACTGAGGCAGGAGAATCACTTGAACCTGGGAGGCGGAGGTTGCAGTGATCCAAGATCGTGACATTGCACTCCAACCTGGGTGACAAGAGCGAAACTCTGTCCAAAAACAAAAAAAACAAAAAAAA","GGTTGGGCGTGGTGGCCCACACCTGTAATCCCAACACTTTGGGAGGCCAAGGTGGGTGGATCACCTGAGGTCAGGAGTTCGAGACCAACCTGGCCAACATGGTAAAACCCCATCTCTACTAAAAATACAAAAATTAGCCGGGCATGGTGGCAGATGCCTGTAATCCCCGCTACTTGGGAGGCTAAGGCAGGAGAATCACTTGAACCTGGGAGGCAGAGGCTGCAGTGAGCCAAGATCGTGTCATTGTACTCCAACCTGGGTGACAAGAGCAAGACTCTGTCTCAGAAAAAAAAAAAAAAAAAAAA"
"chr1","6399987","6400311","KN294446v1","4241","4537","79","6395746","CATGGCCGTAATCCCAACACTTTGGGAAGCCTCAGCGGGTGGATCACTTGAGGTCAGGAATTTGAGACCAGTCTGGCGAAACTGGGTTTCTACTAAAAATACAAAAATTTCAACATGGTGAAACTGGGTTTCTACTAAAAAATACAGAAATTAGCCGGGCATGGTAGCAGGTGCCTGGAATCCCAGCTACACGGGAGGTTGAGGCAGGAGAATTGCTTGAACCCAGTAGGCAGAGGTTGCAGTGAGCCAAGATCATGCCATTGCACTCCAGCCTGGGTGACAAGAGTGAAACTCTGTCTCAAAAAAATAAAAAATAATAAATAAA","GCCTGTAATCCCAGCACTTTGAGAGGCCAAGGAGGGAGGATCACTTGAGGTCTGGAGTTTGAGGCCAGCCTGGCTAACTAACATGGTGAAACCCTGTCTCTACTAAAAATACAAAAATTAGCTGGGGATGGTGACAGGCGCCTGTAATCCCAGCTACGCGGGAGGCTGAGGCAGGAGAATTGCTTGAACCCAGGAGGCAGAGGTTGCAGTGAGCCAAGATTGTGCCATTGCACTCCAGCTTGGGCAATAGGAGCGAAACTCCATCTCAAAAAAAAGAAAAAGAAAAAAAAAGGAAAA"
"chr1","6402969","6403269","KN294325v1","748313","748611","37","5654656","GGTCGGGCATGGTACCTCAGACCTGTAATCCCAGCACTTTGGGAGGCTGAGGTGGGTGGATCACCTGAGGTCAGGAGTTTGAGACCAGCCTGGCCAATATGGTGAAACCCCAACTCTAATAAAAATACAAAAATTAGCCGGGTGTGATAGTGGGTGCCTGTAATCCCAGCTACTCAGGAGGCTGAGGCAGGAGAATCTCTTGAACCCAGGAGGTGGAGGTTGCAGTGAGTGGAGATCATGCCATTGTACTCCAGCCTGGGTGACAAGAGCAAAATTCCATCTCAAAAGATAAAAAATAAAA","GGCCGGGCGTGGTGGCTCATGCCTGTAATCCCAGCACTTTGGGAGGCTGAGGTGGGTGGTTCACCTGAGGTCAGGAGTTTGAGACCAACCTGGCCAATATGGTGAAACCTCATCTCTACTAAAAATAGAAAAAATTAGCCTGGCTTGGTGGCAGGTGCCTGTAATCCCAGCTACTCAGAAGGCTGAGGCAGGAGAATCGCCTGAACCTGGGAGGCGGAGGTTGCAGTGAGCTGAGATCGTTCCATTGCACTCCAGTCTGGGCAACAAGAGCAAAATTCCATCTCAAAAAAAAAAAAAAA"
"chr1","6413298","6413603","KN294747v1","778077","778373","40","5635221","GGCGGGGCGTGGTGGCTCATGCCTGTAATCTCAGCACTTTGAGAGGCCAAGGTGGGCAGATTACTTGAGGTCAGGAGTTCGAGACCAGCCTGGCCAACATGATGAAACCCCATCTCTACTAAAAATACAAAAAATAAAAAAATTAGCTAGGCATGGTGGCGGACACCTGTAATCTCAGCTACTTGGGAGGCTGAGGCAAGAGAATCACTTGAACCTGGGAGGCAGAAGTTGCAGTGAGCCTAGATTGTGCCATTGCAATCCAGCCTGGGTGACAAGAGTGAAACTCCATCTCAAAAAACAAACAAA","GGCTGGGCTCGGTGGCTCATGCCTGTAATCCCAGCACTTTGGGAGGCCAAGGTGGGCAGATCACCTGAGGTCAGGGGTTTGAGACCAGCCTGGTCAACATGGTGACACCTCATATCTACTAAAAATACAAAAAAAATTAGCTGGGCATGGTAGCGGGCACCTGTAATCCCAGCTATTCAGGAGGCTGAGGCAGGAGAATCACTTGAACCCAGGAGGCAGAAGTTGCAGTGAGCCGAGATCACGCCATTGCACTCCAGCCTGGGCGACAAGAGCGAAACTCCATCTCAAAAAAAAAAA"
"chr1","6436171","6436463","KN295977v1","249013","249314","48","6187158","GGCCATGTGGGGTGGCTCATGCCTGCACTTTGGGAAGCTGAGGCGGCGGGTGGATCACCTGAAGTCAGGGTTCGAGACCAGCTTGGTCAACATGATGAAACCCCATCTCTACTAAAAATACAAAAATTAGCTGAGTGTGGTGGCGGGCGCCTGTAATTCCAACTACTTGGGAGGCTGAGGCAGGAGAATTGCTCGAACCCGGGAGATGGAGGCTGCAGTGAGCCGAGACTGCGCCACTGCACTCCAGCCTGGGCGACAAGAATGAAACTCTGTCTAAAAAAAAAAAAAAAAAA","GGCCAGGTGCGGTGGCTCATGCCTGTAATTCCAGCACTTTAGGAGGCCAAGGTGGGCAGGTCACCTGAGGTCAGGAGTTCGAGACCAGCCTGGCCAACATGGTGAAACCCCATCTCTACCAAAAATACAAAAATTAGCTGGGCGTGGTGGCATGTGCCTGTGATCCCAGCTACTCGGGAGGCTGAGGCAGGAGAATTGCTTGAAACTGGGAGGCGGAGGTTGCAGTGAGCTGAGATTGTGCCACTGCACTCCAGCCTGGGTGACAAGAGTGAAAGTCTGTCTCAAAAAAAAAAAAAAAAAAA"
"chr1","6451623","6451909","KN297314v1","117021","117312","32","6334602","GCCAGACTTGGTGGCTCATGCCTGTAATCCCAGCACTTTGGGAGGCCGAGGCGGGTGGATCACTTCAGGTCAGGAGTTTGAGACCAGCTTGGCCAACATGGTGAAACCCCATCTCTACTAAAAATACAAAATTAGCTGGGTGTGGTGGCACACGCTTGTAATCCCAGCTACTTGGGAGGCTGAGGCAGGAGAATCACTTGAACCCAGGAGGCAGAGGTTGCATGAGCCCAGATCGCCACTGCACTCCAGATTGGGTGACAAGAGTGAAACCCCATCTCAAAAAAAAA","GCCAGGCACAGTGGCTCATGCCTGTAATCCCAGCACTTTGGGAGGTGGAGGCAGGTGGATCACCTGAGGTCAGGAGTTTGAGACCAGCCTGGTCAACATGGTGAAACCCCATCTCTACTAAAAATACAAAAATTAGCCAGGTGTAGTGGCAGGCGCCTGTAATCCCAGCTACTTGGGAGGCTGAGGCAGGAGAATCGCTTGAACCTAGGAGGCAGAGGTTGCAGTGAGCCAAGATCATGCCATTGCACTCCAGCCTGGATGATAAGAGCGAAACTCCATCTCAAAAAAAAAA"
"chr1","6451910","6452076","KN294456v1","1251593","1251759","25","5200317","AAATTACCCGGGCGTGGGGCAGGGGCTTGTAATCCCAGCTACGGGGGGGCTGGGCAGGAGAATTCACTTGAACCCAGGAGGTAGAGGTTGCAGTGAGCCAAGATTGTGCCATTGCACTCCAGCCTGGACAACAAGAGCAAAACTCTGTCTCAAAAAAAAAGAAAAAA","AATTAGCTGGGCGTGGTGGCAGGCACCTGTAATCCCAGCTACTCAGGAGGCTGAGGCAGAAGAATTGCTTGAACCCGGGAGGCAGAGGTTGCAGTGAGCCAAGATTGCGCTGTTGTACTCCAGCCTGGGCAACAAGAGCAAAACTCCATCTCAAAAAAAAAAAAAAA"
"chr1","6488871","6489173","KN294873v1","1152998","1153302","34","5335873","GGCCTGGCGTGGTGGCTCACACCTGTAACCCCAGCACTTTGGGAGGCCAAGGCGGGCAGATTGCCTGAGCTCAGGAGTTCGAGACCAGCCTGGCCAACATGGCGAAACCCCATCTCTACTATAAATATAAAAATTAGCTGGGCGTGGTGGTGGGTGCCTGTAATTCCAGCTACTTGGGAGGCTGAGGCAGGAGAATTGCCTGAACCTGGGAGGCAGAGGTTGCAGTGAACTGAGATCATGCCATTGCACTCCAGCCTGGGCAACAAGAGCAAGACTCCATCTAAAAAAAAAAAAAAAAAAAAA","GGCTAGGCGCGATGGCTCACACCTGTAATCCCAGCACTTTGGGAGGCCAAGGCGGGTGGATCACCTGAGGTCAGGAGTTCGAGACCAGCCTGGCCAAAATGGTGAAACCCTGTCTCTACTAGAAATACAAAATTAGCCGGGCATGGTGGTGGGCGCCTGTAATTCCAGCTACTTGGGAGGCTGAGGCAGGAGAATCACTTGAACCTGGGAGGCAGAGGTTGCAGTGAGCTGAGATCATGCCATTGCACTCCATCCTGGGCAAAAAGAACGAAACTCCATCTCAAAAAAAGCAAAACAAAACAAAA"
"chr1","6498166","6498478","KN294717v1","373979","374286","36","6124187","GGCCGGGCACGGTGGCTTACGCCTGTAATCCCAGCACTTTGGGAGGCCGAGGTGGGTGGATCACCTAAGGTCAGGACTTCAAGACCAACCTGGCCAGCATGGTGAAACCATGTGTGTACTAAAAAATACAAAAAATTAGCCAGGCATGGTGGCAGGCACCTGTAATCCTAGCTACTTGGGAGGCTGAGGCAGGAGAATCACTTGAACCCGGGAGGCAGAGGTTCAGTGAGCCGAGATCATACCATTGCACTCCATCCTGGGTGACAAGAGCAAAACTCCATCAGAAAAAAAAAGAAAAAAGAAAAAAAAAAAA","GGCTGGGCATGGTGGCTCATGCCTGTAATCCCAGCACTTTGGGAGGCCAAGGTGGGTGGATCACCTGAGGTCAGCAGTTTGAGACCAGCCTGGCCAACATGGTAAAACCCCGTCTCTACTAAAAATACAAAAAATTAGCCAGGCATGGTGGTAGGCGCCTGTAATCCCAGCTACTTGGGAGGCTGAGGCACGAGAATCACTTGAACCCAGGAGGCAGAGGTTGCAGTGAGCCAAGATCGCGCCATTGCACTCCAGCCTGGGCAACAAGAGCAAAACTCCATCAAAAAAAAAAAAAAAAAAAAAAAAAA"
"chr1","6524904","6525209","KN294378v1","46646","46948","39","6478258","GGCCGGGTGCGGAGGACACGCCTGTAATCCCAGCACTTTGGGAGGCTGAGGCGGGTGGATCATATGAGGTCAGGAGTTCGAGACCAGCCTGGCTAACATGGTGAAACCCCGTTTCTACTAAAAATACAAAAGATTAGCTGGGCGTGGTGGCGCGTGCCTGTAATCCCAGCTACTCGGGAGGCTGACGCAGGAGAATCGCTTGAACCCAGGAGGCGGAGGTTGCAGTGAGCCGAGCACGTGGCATTGCACTCTGGCATGGGCAACAAGAGTGAAATTCCATCTCAAAAAGATAAATAAATAAATAAA","GCCAGGTGCGGTGGCTCACGCCTGTAATCCCAACACTTTGGAAGGCCGAGGCGGGTGGATTATCTGAGGTCAGGAGTTCGAGACCAGCCTGGCTAACATGGTGAAACCCCGTTTCTACTAAAAATACAAAAAATTAACCAGGCATGGTGGCACGTGCCTGTAATCCCAGCTACTCGGGAGACTGAGGCAGGAGAATCACTTGAACCCGGGAGGCAGAGGTTGCAGTGAGCCAAGATCGCACCATTGCGCTCCAGCCTGGGCAACAAGAGCAAAATTCCATTTCAAAAAAAAAGAAAAAAGAAA"
"chr1","6530376","6530677","KN294407v1","249623","249924","33","6280753","GCTGGGCATGGTGGCTTACACCTATAATTCTAGCACTTTGGGAGGCCAAGGCAGGTGGATCACCTGAGGTCAGGAGTTCGAGACCAGCCTGGCCAACATGGTGAAACCCCGCCTCTACTAAAAATACAAAAAATTAGCCAGGCATGGTGGCGGGTGCCTGTAATCCCAGCTACCTGGGAGGCTGAGGCAGGTGAATCGCTTGAACCCAGGAGGCACAGGTTGCAGTGAGCCGAGATCGTGCTATTGCACTCCAGCCTGGGCAGCAAGGGCGAAACTCCATCTCAAAAAAAAAAAAAAAAAAA","GACCAGGCGTGGTGGCTCACACCTGTAATCCCAGCACTTTGGGAGGCCAAGCCAGGTGGATCACCTTAGGTCAGGAGTTCAAGACCAGCCTGGCCAACATGGTGAAACCCTGTCTCTACTAAAAATACAAAAAATTAGCCGGGCATGGTGGTGGTCGCCTGTCATCCCAACTACTTGGGAGGCTGAGGCAGGAGAATTGCTTGAACCCTGGAGGCAGAGGTTGCAGTGGGCCGAGATCATCCCATTGCACTCCAGCCTGGGCAACAAGAGTGAAACTCCGTCTCAAAAAAAAAAAAAAAAAA"
"chr1","6555749","6556080","KN295692v1","998365","998674","68","5557384","GGCCGGGCGAGGTGGTTCACGCCTGTAATCCTAGTACTTTGGGAGGCTGAAGCGGGTGGATCACCTGGGCTGAAGCGGGTGGATCACCTGAGGTCAGGAGTTCAAGACCAGCCTGGTCAACGCGTGAAACCCCGTCTCTACTAAAAGTACGAAAATGAGCTGGACGTGTGGGTGCACACCTGCAATCCCAGGTACTCTGGAGGCTGAGGCAGGAGAATCACTTGAACCTGGTGGGTGGAGGTTGCAATGAGCCGAGATCCTGCCATTACACTCCAGCCTGAACAAGGCAACAAGAATGAATCTCCGTCTCAAAAAAAAAAAAAAAAAAAAAA","GGCCAGGAGTGGTGGCTCACCCCTGTAATCCCAGCACTTTGGGAGGCCGAGGCAGGTGGATCACCTGAGGTCAGGAGTTCGAGACCAGCCTGGTCAACATGGTGAAACCCCGTCTCTACTAAAAATACAAAAATTAGCTGGACGTGGTGGTGTGCGCCTGAAATCCCAGCTACTAGGGAGGCTGAAGCAGGAGAATCGCTTGAACCCTGGAGGTGGAGGTTGCAGTGAGCCAAGATTGTGCCATTGCACTCCAGCCTGGGCAACAAGAGTGAAACTCCGTCTCAATAAATAAATAAATAAAAAATAAAAA"
"chr1","6570944","6571249","KN296153v1","3677943","3678242","30","2893001","GGCCGGGCGTGGTGGCTCACGCCTGTAATCCCAGCACTTTGGGAGGCCGAGGTGGGTGGATCACCTGAGGTCAGGAGTTCGAGACCAGCCTGACCAACATGGTGAAACCCCATCTCTACTAAAAATACAAAAAAAGTTAGCCAGGCGTTGTGGCGTGTGCCTGTAATTCCAGCTACTCGGGAGGCTGAGGCAGGAGAATCGCTTGAACCCGGGAGACGGAGGTTGCGGTGAGCCGAGATTGCACCATTGCACTCCAGCCTGGGCGACAAGAGAAAAACTCCGTCTCAAAAAGAAAGAAAGAAAGAA","GGCCGGGTGTGGTGGCTCACGCCTGTAATCCCAGCACTTTGGGAGGCCAAGGCAGGTGGATCACTTGAGGTCAGGAGTTCGAGACCAGCCTGGCCAACATAGTGAAACCCCATCTCTACTAAAAATAAAAAAAATTAGCTGGGCGTGGTGGCAGGCGCCTGTAATCCCAGCTACTCGAGAGGCTGAGGCAGGAGAATCACTTGAACCTGGGAGGCGGAGGTTGCAGTGAGCAGAGATTGCGCCATTGCACTCCAGCCTGGGCAACAAGAGCGAAACTCCGTCTCAAAAAAAAAAAAAAAA"
"chr1","6598459","6598673","KN294739v1","1093016","1093221","52","5505443","GGCCAGGCACCGTGGCTCACGCCTGTAATCCCAGCACTTTGGGAGGCCGAGGTGGGTGGATCACCTGAGGTAGCGAGTTCGAGACCAGCCTGGCCAATATGGCGAAATCCTGTCTCTACTAAAAATAAAACAAATTAGCTGGGTGCTGTGGCGCACGCCTGTAATCCCAGCTACGCGGAGGCTGAGGCTGGGGCAAGATTTCTTGAGGCCAGGAG","GGCTGGGTGGGGTGACTCATGCCTGCAATCCCAGCACTGTGGGAGGCTGAGGTGGGTGGATCACCTGAGGGTCAGGAGTTCGAGACCAGCCTGGCCAACATGGTGAAACCCCATCTCTACTAAAAATACAAAAACTAGCTGGGCATGGTGGTGGGTGCCTGTAATCCCAGCTACTTGGGTCGCTGAGTCGTTTAAAAGAAGCTTGA"
"chr1","6599267","6599375","KN296117v1","86443","86544","18","6512824","GCTTGAACCCGGGAGGAGGAGGTTGCAATGAGCTGAGATCGCGCTACTGCACTCCAGCCTGGGCGACAGAGTGAGACTCCATCTCAAAAAAAAAAAAAAAAAATTAAAA","TTGAACCCGGGAGGCGGAGGTTGCAGTGAGCCCAGATCGCGCCATTGCACTCCAGCCTGGGCAACAAGAGCGAAACTCCATCTCAAAAAAAAAAAAAAAAAA"
"chr1","6619857","6620163","KN295533v1","1552722","1553025","42","5067135","GCCAGGCGCAGTGGCTCACGCCTGTAATCCCAGCACTTTGGGAGGCCGAGGCAGGCGGATCACCTGAGATCAGGAGTTCAAGGCCAGCCTGACCGACATGGTGAAACCCCATCTCTACTAAAAATACAAAAATTAGCCGGGCATGGTGGCGGGCACCTGTAATTCCAGCTACTCAGAAGGCTGAAGCAGGAGAATTGCTTGAACCCGGGAGGTGGAAGTTACAATGAGCCAAAATCTCATCACTGCACTTCACAGCCTAGGTGACAAGAACAAAACTCAAGTCTCAAAAACAAAAAAAAAATCAAAA","GGCTGGGCGCAGTGGCTCATGCCTGTAATCTCAGCACTTTGGGAGGCCAAGGCAGGTGGATCACCTGAGGACAGGAGTTCAAGACCAGCCTGGCCAACACGGTGAAACCTCATCTCTACTAAAAATACAAAAATTAGCCGGGCGTGGTGGTGGGCACCTGTAATCCCAGCTACTCGGGAGCCTGAGGCAGGAGAATCGCTTGAACCCAGGAGGCGGAAGTTGCAGTGAGCCAAGATCTTGCCATTGCACTCCAGCCCAAATGACAAGAGCAAAACTCCATCTCAAAAAAAAAAAAAAAAAAAAA"
"chr1","6636676","6636964","KN297343v1","1643523","1643812","40","4993153","GGCCAGGCTCAGTGGCTCACGCCTGTAATCCTAGCATTTTGGGAGGCTGAGGCAGGCGGATTGCTTGAGGTCAGGAGTTTGAGACCAGCCTGGCCAACATGGTGAAACCCTGTCTCTACTTAAAATACAAAAATTAGCTGGGTGTGGTGGTGGGCGCCTGTAATCCCAGCTACTCAGGAGGCTGAGGAAGGAGAATTGCTTGAACCTGGGAGGTGGAGGCTGCAGTGAGCCAAATGCACTCCAGTCTGGGGTGCAAGAGCGAAACTCCGTCTCCAAAAAAAAAAAAAAA","GGCCGGGCTCGGTAGCTCACGCCTGTAATCCCAGCATTTTGGGAGGCTGAGGTGGGTGGATCACCTGAGGCCAGGAGTTTGAGACCAGCCTGGCCAACATGGTGAAACCCCGTCTCTACTAAAAATACAAAAATTAGCTGGGCATGGTGGCGGGCACCTCTAAGCCCAGCTACTCGGGAGGCTGAGGCAGGAGAATCGCTTGAACCTGGGAAGCGGACATTGCAGTGAGCTCACACCATTGCACTCCAGCCTGGGTGACAAGAGTGAAACTCCGTCTCAAAAAAAAAAAA"
"chr1","6648442","6648670","KN294978v1","1189593","1189804","40","5458849","AGCCTGGCCAACATGGTGAAACCCCGTCTCTACTAAAAATACAAAACTTAGCTGGGCATGGTGGCACCTGCCTGTAATCCCAGCTACTTGGGAGGCTGAGGCAGGAGAATCACAAGAATCACATGAACCCAGGAGGCAGAGGTTGCAGTGAGTCAAGATCGCACCGTTGCACTCCAGTCTGGGGGACAAGAGCAAAATTCCGTCTCAAAAATAAATAAATAAATAAATA","AGCCTGGCCAACATGGTGAAACCCTGTCTCTACTGAAAATACAAAAAATTAGCTGGGCATGGTAGCAGGAGCCTATAATCCCAGCTACTCGGGAGGCTGAGGCAGGAGAATTGCTTGAACCCAGGAGACAGAGGTTGCGGTGAGCCAAGATGCACCGTTGCACTCCAGCCTGGGCAACAAGAGCAAAACTACATCTCAAAAAAAGAAAAAAA"
"chr1","6658163","6658436","KN295573v1","520941","521218","42","6137222","CCAACACTTTGGGAGGCTGAGGTGGGTGGATCATCTGAGGTCAGGAGTTTGAGACCAGCCTGACCAACATGGTGAAACCCCATCTCTACTAAAAATACAAAAATTAGCCAGGCGTGGTGGCAGGCGCCTGTAATCCAAGCTGCTTGGGAGGCTGAAGCAGGAGAATCACTTGAACCTGGGAGGCGGGGGTTGCAGTGAGCCGAGATCGCGCCACTGCACTCCAGCCTGAGCGACAAGCTCAAGACTCCGTTTCTAAATAAATAAATAAAAATAA","AATCTCAGCACTTTGGGAGGCCGAGGTGGGCAGATCACGAGGTCAGGGGTTTGAGACCAGCCTGGACAACATGGTGAAACTCCGTTACTACTAAAAATACAAAAAGTAGCCAGGCATGGTGGCGGGCGCCTGTAATCCCAGCTACTTGGGAGGCTGAGGCAGGAGAATCACTTGAACCTGGGAGACAGAGGTTGCAGTGAGCCGAGATCACACCACTGCACTCCAGCCTGGGTGACAAGAGTGAAACTCCGTCTCAAAAAAAAAAAAAAAGAAAAAAA"
"chr1","6739322","6739403","KN295004v1","76648","76734","17","6662674","GGTTGCAGAGAGCCAAGATAGGGCCATTGCATTCCAACCTGGGCAACAAGAGCAAAACTCCGTTTCAAAAAAAAAAAAAAAA","GCAGAGGTTGCAGTGAGCCGAGATCGTGTCATTGCACTCCAGCCTGGGCAAAAAGAGTGAAACTCTGTCTCAAAAAAAAAAAAAAAA"
"chr1","6746542","6746723","KN297112v1","5087285","5087464","31","1659257","GTCTCTACTAAAAATACAAAAAATTAGCTTGTTGTGGTAGCAGGTGCCTGTAATCCCAGCTACTTGGGAGGCTGAGACAGGAGAATTGCTTGAACCTGGGAGGAAGAGGTTGCAGTGAGACAAGATTCTGCCATTGCACTCCAGCCTGGGCAACAAGAGGGAAACTCCATCTCAAAAATAAA","CTGTCTCTACTAAAAATACAAAAATAGCCGGGTGTGATGGTGGGCACCTGTAATCCCAGCTACTTGGGAGGCTGAGGCAGAAGAATCACTTGAACTGGGAGGCAGAGGTTGCAGTGAGCCAAGATCACGCCATTGCACTCCAGCCTGAACCCCAAGAGTGAAACTCTGTCTCAAAAAAAA"
"chr1","6807378","6807688","KN296775v1","905300","905611","32","5902078","GGCCAGGCGCAGTGGCTCACGCCTGTAATCCTAGCACTTTGGGAGGTCAAGGTGAGCGGATCACCTGAGGTCAGGAGTTCAAGACCAGCCTGGCCAACATGGTGAAACCCCGTCTCTACTAAAAATACGAAAATTAGCCAGGCATGGTGGTGGGTGCCTGTAATCCCAGCTACTCGGGAGGCTGAGGCAGGAGAATTGCTTGAACCTGAGAGGTGGATGTTGCAGTGAGCTGAGACCGTGCCATTGCACTGCAGCCTGGGCGACAAGAGTGAAACTCCATCTCAAAAAAAAAAAAAGAAAAAGAAGAAGAA","GGCCAGGTGCAGTGTCTCAGGCCTGTAATCCTAGCACTTTGGGAGGTCAAGGCGGGTGGATCACCTGAGGTTAGGAGTTCGAGACCAGCCTGGCCAACACGGTGAAACCCCATCTCTACTAAAAATACAAAAATTAGCTGGGCATGGTGGTGGGCGCCTATAATCCCAGCTACTCGGGAGGCTGAGGCAGGAGAATCACTTGAACCCAGGAGGAGGAGGTTGCAGTGAGCCGAGATCGTGCCATTGCACTGCAGCCTGGGCAACAAGAGCGAAACTCCGTCTCAAAAAAAAAAGAGAGAAAAAAAGTAAAAA"
"chr1","6838980","6839270","KN295721v1","197604","197890","33","6641376","GGTCGGGCACAGTGGCTCACGCCTGTAATCCCAGTACTCTGGGAGGCCGAGGTGGGCAGATCACCTGAGGTCAGGAGTTCAAGACCAGCCTGACCAACATGATGAAACCCCATCTCTACTAAAAATACAAAATTAGCCGGGCGTGGTGGCACATGCCTGTAATCCCAGCTACTCGGAGGCTGAGGCAGGAGAATTGCTTGAACCTGGGAGGCAGAGGTTGCAGTGAGTGGAGATCGTGCCATTGCACTCCAGCCTGGGCAACAAGAGCGGAACACCGTCTCAAAAAAAAAA","GGTCGGGCACAGTGGCTCATGCCTGTAATCCCAGCACTTTGGGAGGCTGAGGTGGGTGGATCACTTGAGGTCAGGAGTTTGAGACCAGCCTGACCAACATGGTGAAACCCCATCTCCACTAAAAATACAAAATTAGCTGGGTGTGGTGGCAAATGCCTGTAGTCCCAGCTACTTGGGAGGCTGAAGAAGGAGAATTGCTTGAACCCAGGAGGTGGAGGTTGCAGTGAGCCGAGATCGTGCCATTGCACTCCAGCCTGGGCAACAAGAGCAGAACTCCATCTCAAAAA"
"chr1","6841700","6841995","KN296062v1","2106200","2106493","30","4735500","GGCCGGGCGTGGCGGCTCATACCTGTAAATCCCAGCACTTTGGGAGGCCGAGGCAGGTGGATCACCTGAGGTCAGGAGTTCGAGACCAGCCTGGCCAACATGGTGAAACCACGTCTCTATTAAAAATACAAGAAAATTAGCTGGGCATGGTGGTGCATGCCTGTAATCCCAGCTACTCGGGAGGCCAAGGCAGGAGAATTGCTTGAACCCGGGAGGTGGAGGTTGCAGTGAGCTGAGGTCGTGCCATTGCACTCCAGCCTGGGTGACAAGAGCAAGTCTCCATCTCAAAAAAAAAA","GGCTGGGCGTGGTGGCTCACGCCTGTAATCCCAGCACTTTGGGAGGCCGAGGCGGGTGGACCACCTGAGGTCAGGAGTTCAAGACCAGCCTGGGCAACATGGTGAAATCCCGTCTCTAACTAAAAATACAAAAATTAGCTGGGCATGGTGGTGCATGCCTGTAATCCCAGCTACTTGGGAGGCTGAGGCAGAAGAATCACTTGAACCTGGGAGGTGGAGGTTGCAGTGAGCTGAGATTGTGCCATTGCACTGCAGCCTAGGCGACAAGAGCAAAACTCCGTCTCAAAAAAAAAA"
"chr1","6873649","6873941","KN296849v1","262325","262616","36","6611324","GGCCAGGCGCAGCAGCTCACCACTGTAATCCCAGCACTCTAGGAGGCCGAGGCGGGTGGATCACCTGAGGTCAGGAGTTCGAGACCAGCCTAGCCAACATAGTGAAATCCTGTCTGTACTAAAAATACAAAAATTAGTTGGGCATGGTGGCACACGCCTGTAATCCCAGCTACTTTGGAGGCTGAGGCAGGAGAATCGGTAGAACCCAGAAGGCGGAGGTTTGCAGTGAGCTAAGATCACACCACTGCACTCCAGCCTGGGCGACAAGAGCAAAACTCCGTCTCAAAAAAAAA","GGCCAGACATAGTGGCTCACACCTGTAATCCCAGCATTTTGGGAGGCTGAGGCGGGTGGATCACCTGAGGTCAGGAGTTTGAGACCAGCCTGGCCAACGTAGTGAAACCCCGTCTCTACTAAAAATACAAAAATTAGCCAGGCATGGTGGCAAATGCCTGTAATCCCAGCTACTCAGGAGGCTGAGGCAGGAGAATCGCTTGAACCCAGAAGGCGGAGGTTGCAGTGAGCCGAGATCACACCATTGCACTCCAGCCTGGGCGAAAAGAGCGAAACTTGCATCTCAAAAAAAA"
"chr1","6911617","6911921","KN296934v1","897698","898003","35","6013919","GGCCAGGTGTGGTGGTTCACGCCTGTAATCCCAGCACTCTGGGAGGCCAAGGCAGCAGATCACCTGAGGTAGGAGTTCAAGACCAGCCTGGCCGACATGGTGAAACCCCATCTCTACTAAAAATACAAAATTAGCGGGGCTTGGTGTCAGGCATCTGTAATCCCAGCTACTCGAGAGGCTGAGGCAGGAGAATCACTTGAACCCGGGAGGTAGAGGTTGCAGTGAGCCGAGATCACGCCGTCGCACTCCAGCCTGGGCAAAAAGAGCAAAACTCTATCTCAAAAAAAAAAAAAAAAAAAAAAAAA","GCCGGGTGTGGTGGCTCACACCTGTAATCCCAGCACTTTGGGAGGCCAAGGCAGGCAGATCACCTGAGGTTAGGAGTTCGAGACCGGCCTGGCCAACATGGTGAAACCCTGTCTCTACTAAAAATACAAAAATTAGCCAGGTGTGGTGGCGGGCACCTGTAATCCCAGCTACTCAGGAGGCTGAGGCAGGAGAATCGCTTGAACCCAGGAGGTAGAGGTTGCAGTGAGCCAAGATCGTGCCATTGCACTCCAGCCTGGGCAACAAGAGAGAAACTCCGTCTCAAAAAAAAAAAAAAAAAAAAAAAA"
"chr1","7032781","7033071","KN295633v1","131503","131796","32","6901278","GGCTGGAGGCGGTGGCTCATACCTGTAATCCCAGCACTTTGGGAGGCTGAGGCAGGTGGATCACCTGAGGTCAGGAGTTTGAGACCACCTGATCAACATGGTAAAACCCCATCTCTACTAAATGCAAAAAATAAGCCGGGTGTGGTGGCACGTGCCTGTAATCTCAGCTACTTGGGAGGCTGAGGCAGGAGAATCATTTGAACCTGGAAGGCAGAGGTTGCAGTGAGCCGAGATTGCGCCATTACACTCCAGCCTGGGCAACAAGAGCGAAACTCGGTCTCAAAAAAAAAA","GGCTGGGCGTGGTGGCTCACACCTGTAATCCCAGCACTTTGGGAAGCTGAGGCGGGTGGATCACCTGAGAGGTCAGGAGTTCCAGACCAGCCTGACCAACATGGTGAAACCCCATCTCTACTAAATACAAAAAATTAGCCGGGCGTGGTGGCAGACGTCTGTAATCCCAGCTACTTGGGAGGCTGAGACAGGAGAATCACTTGAATCTGGGAAGCAGAGGTTGCAGTGAGCCGAAATTGTGCCATTGCACTCAAGCCTGGGCAACAAGAGTGAAACTCCGTCTCAAAAAAAAAA"
"chr1","7152766","7153051","KN294462v1","622560","622846","47","6530206","GGCTGGGTGCAGTGGCTCACACCTGTAATCCTAGCATTTTGGGAGGAGGCTGAGGTAGGCAGATCACTTGAGGCCAGGAGTTTGAGACCAGCCTGGCCAACATGGCAAAACCCCATTTCTACTAAAATACAAAAATTAGCCGGGCATGGTGATGGGTACCTCTAATCCCAGGTACTTGGGAGGCTGAGGCAGGAGAATCATTTGAACCTGGGAGGAAGAGGTTGCAGTGAGCTGAGATCATGCCATTGCACTCCAGTCTGGGCAACTCCATCTCAAAAAAATAAAA","GGCTGGGTGCGGTGGCTAACACCTGTAATCCCAGCACTTTGGGAGGCCGAGGCAGGCAGATCACTTGAGGTCAGGAGTTCGAGACCAGCCTGGCCAACATGGTGAAACCCTGTCTCTACTAAAAACAAAAAATTAGCCGGGCATGGTGACGGGCACCTGCAGTCCCAGCTACTTGGAAGGCTGAGGCAGGAGAATCGTTTGAATTCGGGAGGCAGAGGTTGCAGTGAGCTGAGATCACACCATTGCACGCCAGCCTGGGCAACAAGAGCTAAACTCCATCTCAAAAA"
"chr1","7166876","7167177","KN295580v1","1390","1690","40","7165486","GGCTGGGCACGGTGGCTCACGCCTGTAATCCCAGCACTTTGGGAGGCTGAGGTGGGTGGATCACCTGAGGTCAGGAATTAAGAGACCAGCCTGGCCAACATGGAAAAACCCCATCTCTACTAAAAATACAAAATTAGCCGGGTGTGGTGGCACGTGCCTGTAATCCCAGCTACTTGAGATGCTGAGGTAGGAGAATCGCTTGAACCCTGGAGGCGGAGGTTGCAGTGAGCCAAGATCACACTGTTATACTCCAGCCTGGATGACTAGAGTGAAAATCAGTCTTAAAAAAAAAAAAAAGTAAA","GGCCGGGTGCGGTGGCTCCCACCTGTTATCCCAGCACTTTGGGAGGCTGAGGTGGGTGGATCACCTGAGGTCAGGAGTTAGAGACCAGCCTGGGCAACATGGAGAAACCCCATCTCTACTAAAAATACTAAATTAGCTGGGTGTGGTGGCAGGCACCTGTAATCCCAGCTACTCAGGAGGCTGAGGCAGGAGAATTGCTTAAACCCAGGAGGCAGAGGTTGCAGTGAGCCAAGATCGCACCATTGCACTCCAGCCTGGGCAACAAGAGCGAAACTCCATCTCAAAAAAAAAAAAAAAAAAA"
"chr1","7172939","7173224","KN297259v1","1754713","1754994","39","5418226","GGCCGGGTGCGGTGGCTCACATCTGTAATCCCAGCACTTTGGGAGGCTGAGGCGGGTGGATCACCTGAGGTCAGGAGTTCGAGATCAGCCTGGCCAACGTGGTAAAACCGTGTCTCTACTAAAAATACAAAAATTAGCTGAGCATGGTGTCACGTTCCTGTAATCCCAGCTACTTGGGAGGCTGAGGCAGGAGAATTGCTTGAACTCGGGAGGCAGTGAGCCGAGATCGCACCATTGCACTCCAGCCTGGGTGACAAGAGCGAAACTACATCTCAAAAAAAAAAAA","GGCCGGGCGCGGTGGCTCACGCCTGTAATCCCAGCACTTTGGGAGGCTAAGGCGGGTGGATCACCTGAGGTCAGGAGTTTGAGACCAACCTGGCCAACATGGTGAAACCCGTCTCTACTAAAAATACAAAAATTAGGATTACAGGTGTCAGACACCTGTAATCCCAGCTACTCCAGAGGCTGAGGCAGGAGAATCGCTTGAGGCGGAGGTTGCATTGAGCTGAGATCGCACCATTGCACTCCAGCCTGGGTGAAAAAGCGAAACTCCATCTCAAAAAATAAA"
"chr1","7198364","7198640","KN294991v1","1510448","1510728","41","5687916","GGCCGGACATGGTGGCTCACGTCTGTAATCTCAACACTTTGGGAGGCCAAGGTGGGTGGATCACCTGAGGTCAGGAGTTCAAGATCAGCCTGACCAACTTAGTGAAACCCCGTCTCTACTAAAAATACAAAATTAGCCAGGCATGGTGGCACATGCCTGTAATCCTAGCTACTTGGGAGGTAAGGCAGGAAAATAGCTTGAACCCAGGAGGCAGAGGTTGCAGTGAGCGGAGAGCATGACATTGCAATCCAGCCTGGACAACAAGAGTGAAACTCTG","GGCTGGGCATGGTGGCTCACACCTGTAATCCCCACACTTTGGGAGGCCAAGGCAGGTGGATAACCTGAGGTCAGGAGTTCGAGATCAGCCTGGCCAACATGGTGAAACCCCATCTCTACTAAAAATACAAAAATTATCTGGACATGGTGGCGGACACCTGTAATCCCAGCTACTCGGGAGGCCAAGGCAGGAGAATCGCTTGAACCCAGGAGGCAAAGGTTGCAGTGAGCCAAGATCGCGCCATTGCACTCCAGCCTGGGCAACAAGAGCGAAACTCTGTC"
"chr1","7256136","7256426","KN294170v1","50010","50300","35","7206126","GGCCGGGCGCGGTGGCTCACGCCTGTAATCCCAGCACTTTGGGAGGCCAAGGCGGGCGGATCACCTGAGGTCAGGAGTTCAAGACCAGGCTAGCCAACATGGTGAAACCCCGTCTCTACTAAAAATATAAAAATTAGCCGGGCGTGGTGGCGCAAGCCTGTAATCCCAGCTACTCAGGAGGCTGAGGCAGGAAAATTGCTAGAACCCAGGAAGCAGAGGTTGCAGTGAGCCGAGATCACGCCGTTGCATTGAAGCCTGGGGGACAAGAGCGGAACTCCACCTCAAAAAAAA","GGCCGGGCACGGTGGCTTACGCCTGTAATCCCAGCACTTTGGGAGGCCAAGGTGAGTGGACCACCTGAGGTCAGGAGTTCAAGACTAGCCTGGCCAACATGGTGAAACCCCATCTCTACTAAAAATACAAAAATTAGCCGGGCATGGTAGTGCATGTCTGTAATCCCAGCTACTCAGGAGACTGAGGCAGGAGAATCCCTGGAACCTGGGAGGCAGAGGTTGCAGTGAGCCGAGATGGTGCCATTGCATTCCAGCCTGGGTGACAAGAGTGAAACTCCGTCTCAAAAAAAA"
"chr1","7264289","7264552","KN295073v1","692254","692511","39","6572035","TGCCTATAATTCCAGTACTTTGGGAGGCCAAGGCAGGCGGATCACCTGAGGTCAGGAGTTTGAGACTAGCCTGGCCAACTTGATGAAACCCCCTCTCTACTAAAAATACAAAAAATTAACCAGGTGTGGTGGTGGGTGCCTGTAATCCCAGCTACTCAGGAGGGTGAGGCAGGAGAATCGCTTTAACCTGGGAGGCAGAGGTTGCAGTGAGCCGAGATCACACCATTGCATTCCAACCTGGGTAACAAGAGTGAAACTCCATCT","AATTCCAGCGGTTTGGGAGGTCGAGGCAGGCGGATCACCTGAGGTCAGGAGTTTAAGACCAGCCTGGCCAACATGGTGAAAACCCGACTCTACTAAAAATACAAAAAATTAGCCAGGCATGGTGGCAGGTGCTTGTAATCCCAGCTACTTGGGAGGCTGAGGTGGGAGAATCGCTTGAACCCGGGAGGCAGAGGTTGCAGTGAGCCGAGGTCGCACCATTGCACTCCAGCCTGGGCAACAAGAGTGAAACTCCGTCTC"
"chr1","7350453","7350762","KN295114v1","20941","21251","31","7329512","GGCCCAGCACGGTGGCTCACACCTGTAATCCCAGCACTTTAGCAGGCTGGGGCACGTGGATCACCTGAGGTCAGGAGTTCAAGACCAGCCTGACCAACATGGTGAAACCCCGTCTCTACTAAAAATACAAAATTAGCTGGGTGTGGTGGTGTGTGCCTGTAATCCCAGCTACTCGGGAGGCTGAGGCAGGAGATTGCTTGATCCTGGGAGGCGGAGGTTGCAGTGAGCCACGATCATGCCATTGCACTCCAGCCTGGGCAACAAGAGTGAAACTCCATCTCAAAAAAAAAGAAAGAAAGAAAAAAAAAAA","GGCCAGGCATGGTGGCTCACACTTGTAATCCCAGCACTTTGGCAGGCTGAGGCGGGTGGATCATCTGAGGTCAGGAGTTCGAGACCAGCCTGACCAACATGGTGAAACCCCGTCTCTACTAAAAATACAAAAAAATTAGCTGGGCGTGGTGGCGGGTGCCTGTAATCCCAGCTACTCGGGAGGCTGAGGCAGGAGAATTGCTTGAACCCGGGAGGCGGAGGTTGCAGTGAGCCAAGATCGCACCATTGCACTCCAGCCTGGGTGACAAGAGCAAAACTCCATCTAAAAAAAAAAAAAAAAAAAAAAAAAAA"
"chr1","7423532","7423837","KN295114v1","20941","21251","34","7402591","GGCCAGGCGTGGTGGCTCAGGCCTGTAAGCCCAGCACTTTGGGAGGCCGAGGCGGGTGGATCACCAGAGGTCAGGAGCTCGAGACTAGCCTGACCACATAGCGAAACCGCGTCTCTACTAAAACTACAAAATTAGCAGGGCTTGGTGGTGGGTGCCTGTAATCCCAGCTACTTGGGAGGCAGAGGCAGGAGAATCGCTTGAACCCGGAGGCAGAGGTTGCAGTGAGCCAAGATCGTGACACTGCACTTCAGCCTGGGTGACAAGAGCAAAACTCCATCTCAAAAAAAAAAAAAAAAAAAAAAAGAA","GGCCAGGCATGGTGGCTCACACTTGTAATCCCAGCACTTTGGCAGGCTGAGGCGGGTGGATCATCTGAGGTCAGGAGTTCGAGACCAGCCTGACCAACATGGTGAAACCCCGTCTCTACTAAAAATACAAAAAAATTAGCTGGGCGTGGTGGCGGGTGCCTGTAATCCCAGCTACTCGGGAGGCTGAGGCAGGAGAATTGCTTGAACCCGGGAGGCGGAGGTTGCAGTGAGCCAAGATCGCACCATTGCACTCCAGCCTGGGTGACAAGAGCAAAACTCCATCTAAAAAAAAAAAAAAAAAAAAAAAAAAA"
"chr1","7533981","7534280","KN295079v1","1130501","1130805","32","6403480","CCAGGCGTGGTGGCTCATGCCTGTAATCTCAGCATTTTGGGAGGCCGAGGCAGGCAGATCACCTGAGGTCAGGAGTTTGAGACCAGCCTGGCCAACATGGTGAAACCCCGTCTCTTCTAAAAATACAAAAATTAGCCGGGCATGGTGGCAGGTGGCTACAATTCCAGCTACTTGGGAGGCTGAGGCAGGAGAATTGCTTGAACCCGGGAGGCAGAGGTTGCAGTGAGCTGAGATTGCACATTGCACTCTAGCCTGGGCGACAAGAGTGAGACTCAGTCTCAAAAAAAAAAAAAAAAAAGA","GGCCAGGCATGGTGGCTCACACCTTTAATCCCAGGACTTTGGGAGGCCGAGGCAGGCAGATCACCTGAGGTCAGGAGTTTGAGACCAGCCTGGCCAACATGGTGAAACCCTGTCTCTACTAAAAATATAAAAATTAGCCATGCATGGTGGCAGGTGCCTATAATCCCAGCTACTCGAGAGGCTGAGGCAGGAGAATTGCTTGAACCCGGGAGGCGGAGGTTGCGGTGAGCCGAGATTGCGCCTTCGCACTCTAGCCTGGGGGACAAGAGAGAGACTTCGTCTCAAAAAACAAAGAAAAAAAAAAA"
"chr1","7595977","7596286","KN295244v1","384903","385210","37","7211074","GGCTGGGTGCGGTGGCTCACGCCTGTAATCCTAGCACTTTGGGAGGTTGAGGCGGGCAGATCATCTGAGGTCAGGAGTTCGAGACCAGCCTGGCCAACATGATGAAACCCCATCTCTACTAAAAATATAAAAATTAGCTAGGTATGGTGGCATGCACCTGTAATCCCAGCTACTTAGGAGGCTGAGGCAGGAGAATCACTTGAACCCACAAGGCGGAGGTTGCAGTGAGCTGAGATCCCGCCATTTCACTCTAGCCTGGGTGACAAGAGCGAAACTCCATCTCAAAATAATAAATAAATAAATAAATAAA","GCTGGGCATAGTGGCTCATGCCTGTAATCCCAACACTTTGGGAGGCTGAGGCGGGCAGATCACCTGAGGTCAGGAGTTCCAGACCAGCCTGGCCAACATGGTGAAACCCCATCTCTACTAAAAATATAAAAATTAGCTGGATGTGGTGGCGGGCACCTGTAATCCCAGCTACTCAGGAGGCTGAGGCAGGAGAATCGCTTGAACCAGAGAGGCGGAGGTTGCAGTGAGCCAAGATTATGCCATTGCACTCCAGCCTGGGTGACAAAAGCGAAACTCCATCTTAAAAAATAAAATAAAATAAAACAAAA"
"chr1","7639801","7639944","KN294668v1","2179035","2179176","16","5460766","GCCTGTAATCCCAGCTGCTCGGGAGGCTGAGGCAGGAGAATTGCTTGAACTCAGGAGGCAGAGGTTGCAGTGAGCCGAGATCACGCCATTGCACTCCAGCCTGGGCAACAAGAGTGAAACTCCATCTCAAAAAAAAAAAAGGAA","GCCTGTAATCCCAGCTATTTGGGAGGCTGAGGCAGGAGCATCGCTTGAACCCAGGAGGTGGAGGTTGCAGTGAGCCAAGATCGTGCCATTGCATTCCAGCCTGGGCAACAAGAGCGAAACTCCGTCTCAAAAAAAAAAAAAA"
"chr1","7662181","7662475","KN295814v1","1095855","1096147","44","6566326","GGCCAGGCGCAGTGGCTCACACCTATAATCCTAATACTTTGGAAGGCCAAAGTGAGCGGATCACCTGAGGTCAGGAGTTTGAGACCAGCCTGACCAACATGGTGAAACCCGTCTCTACTAAAAATACAAAATTAGCTGGGCGTGGTGGCACATGCCTGTAATCCCAGCTACCTGGGGGGCTGAGGCAAAAGAATCGTCTGGGAGGCAGAGGTTGCAGTGAGCCGAGATTGCACCATTGCACTCCAGCCTGGGGAATGAGAGCAAAACTCTGTCTCAAAACAAAACAAAAAAAAAA","GGCCAGGTGCAGTAGCTCATGACTGTAATCCCAGCACTTTGGGAGGCTGAGGTGGGTGGATCACTTAAGGTCAGGAGTTTGAGACCAGCCTGGCCAACATGGTGAAATCCCGTCTCTGCTAAAAATACAAAATTAGCCGAGCATGGTGGTGCATGCTTGTAATCCCAGCTATTTGGGAGGCTGAGGCAGGAGAATCACTTGGAGGCAGAGGTTGCAGTGAGCCAAGATTGCACCATTGCACTCCAGCCTGGGCAACAAGATCAAAACTTGGTCTCAGAAAAAAAAAAAAAAAA"
"chr1","7669592","7669897","KN297133v1","419676","419981","32","7249916","GGCTGGGCTCAGTGGCTCATGCCCATAATCCCAGCACTTTGGGAGGCCAAGGTGGGTGGATCACCTGAGGTCAGGAGTTCGAGACTAGCCTGGCCAACATGGTGAAACCCCGTCTCTACTAAAAATACAAAAAATTAACTGGGCGTAGTGGCACGTGCCTGTAATCCCAGCTACTCGGGAGGCTGAGGCAGGAGAATCGCTTGAACCCGGGAGGTGGAGGTTGCAGTGAGTCGAGATCACGCCACTGCACTCCAGCCTGGGTGACAAGAATGAAACTGTCTTAAAAAAAAAAAGAAAAAAGAAAAA","GGCCGGGCACGGTGGCTCGTGCCTGTAATCCCAGCACTTTGGGAGGCTGAGGCGGGCAGATCACCTGAGGTCAGGAGTTCAAGACCAGCCTGGCCAACATAGTGAAACCCCGTCTCTACTAAAAATACAAAAAATCAGCCGGGCGTGGTGGCAGGTGCCTGTAATCCCAGCTACTCGGGAGGCTGAGGCAGGAGAATCACTTGAACCCGGGAGGTGGAGGTTGCAGTGAGCCGAGATTACGCCATTGCACTCCAGCCTGGGGGACAAGAGCGAGACTTCGTCTCAAAAAAAAAAAAAAAAAAAAAA"
"chr1","7670578","7670883","KN296062v1","531528","531834","43","7139050","GGCCGGGTGTGGTGGCTCATGCCCGAAATCCCAGCACTTCGGGAGGCTGAGGTGGGCGGATCACTGGAGGCCAGGAGGTCAAGACCAGCCTGGGAAACATGGTGAAACCCCGTCTCTACTAAAAATACAAAAATTAGCTGGATGCAGCAGGGTGTGCCTGTAACCCCAGCTACTCGGCAGGCTGAGGCAGGAGAATCGCTTGAACCTGGGAGGCGGAGGTTTCAGTGAGCCGAGATGGCGCCATTGCACTCCAGCCTGGGCAAAAAGAGTGAAATTCCTTCTCAAAAACAAAACAAAACAAAACAA","GGCCGGGTGTGGTGGCTCATGCCTGTAATCCCAGCACTCTGGGAGGCCGAGGCGGGTGGATCACTTGAGGTCAGGAGTTCCAGACCAGCCTGACCAACATGGTGAAACCCTGTCTCTACTAAAAATACAAAAATTAGCTGGGCATGGTGGCAAATGCCTGTAATCCCAGCTACTTAGGGAGGCTGAGGCAGGAGAATCACTTGAACTCGGGAAGCGGAGTTTGCAGTGAGCCGAGATGGCGCCATTGCACTCCAACCTGGGCAATAAGAGCAAAACTCTATCTCAAAAACAAAAACAAAACAAAAAA"
"chr1","7692707","7693007","KN295350v1","306563","306857","38","7386144","GGCCAGGTGCGGTGGCTCACGCCTGTAATCCCAACACTTTGGGAGGCCAAGGTGGGTGGATCACATAAGGTCAGGAGTTCAAGACCAGCCTGGCCAAAATGGTGAAACCCCCTCTCTACCAAAAATACAAAAATTAGCCAGGTGTGGTGGCACAGGTGGCACCTGTGGTCCCAGCTACTCGGGAGGCTGAGGCAGGAGAATCGCTTGAACCCAGGAGGCAGAGGTTGCAGTGAGCCAAGACCACGCCATTGCACTCCAACCTGGATGACAAAAGTGAAACTCCTTCTCAAAAAAAAAAAAA","GGACAGGCATGGTGGCTCACACCACAATTCCAGCACTTTGGGAGGCCAAGGTGGGTGGATCACCTAAGGTCAGGAGTTCAAGACCAGCCTGACCAACATGGCAAAACCCCGTGTCTACTAAAAATACAAAAATTAGCCAGGCGCGGTGGCAGGTGCCTGTAATCCCAGCTACTCAGGAGGTTGAGGCAGGAGAATCGCTTGAACCCAGGAGGCAGAGGTTGCAGTGAGCCGAGATTGTGCCATTGCACTCCAGCCTGGATGACAAGAGTGAAACTTCATCTCAAAAAAAAAAAAA"
"chr1","7776155","7776460","KN294416v1","208870","209165","36","7567285","GGCCGGGCGCGGTGGCTCATGCCTGTAATCCCAGCACTTTGGGAGGCCGAGGCGGACGGATCACCTGAGGTCAGGAGTTCGAGACCAGCTTGACCAACATGGTGAAACCCCGTCTCTACTAAAAAATACAGAATTAGCCGGGCGTGGTGGCACATGCCTGTAATCCCAGCTACTTGGGAGACTGAGGCAAGAGAATTGCTTGAACCCAGGAAGCGAAGGTTACAGTGAGCCGAGATCGCGCCATTGCACTCCAGCCCGGGCAACAGGAGCGAAACTCCGTCTCTCAAAAGAGGGGGAAAAAAGAAA","GGCCGGGTGCCGTGGCTCATGCCTGTAATCCCAGCACTTTGGGAGGCCGAGGCGAGCGGATCACCTGAGGTCAGGAGTTCGAGACCAGCCTGGCCAACATGGTGAAACCCGTCTCTACTAAAAATACATAATTAGCCAGGTGTGGTGGCACATGCCTGTAATCCCAGCTACTTGGGAGGCTGAGACAGGAGAATCGCTTGAACCTAAGAGGTGGAGGTTGCAGTAAGCCGAGATCATGCCATTGCACTCCAGCCTGGGCAATAAGAGCAAAACTCCGTCTCAAAAAGAAAAAAAAA"
"chr1","7792786","7793091","KN294717v1","373979","374286","38","7418807","GGCTGGGCAAGGTGGCTCACGCCTGTAATCCCAGCACTTTGGGAGGTTGAGGCAGGTGGATCACCTGAGGTCAGGAGTTCCAGACCAGCCTGGCCAACATGGTAAAACCCCATCTGTACTAAAAGTACAAAAATTAGTCAGGCATGGTAGTGCATGCCTGTAATCCCAGCTACTCAGGAGGTTGAGGCACGAGAAGCACTTGAACCCAGGAGACAGAGGTTGCAGTGAGCCAAGATCACACCATTGCACTCCAGCCTGGGCGACAAGCGTGAAACTGTTTCTGGAAAAAAAAAAAAAAAAAAAAAA","GGCTGGGCATGGTGGCTCATGCCTGTAATCCCAGCACTTTGGGAGGCCAAGGTGGGTGGATCACCTGAGGTCAGCAGTTTGAGACCAGCCTGGCCAACATGGTAAAACCCCGTCTCTACTAAAAATACAAAAAATTAGCCAGGCATGGTGGTAGGCGCCTGTAATCCCAGCTACTTGGGAGGCTGAGGCACGAGAATCACTTGAACCCAGGAGGCAGAGGTTGCAGTGAGCCAAGATCGCGCCATTGCACTCCAGCCTGGGCAACAAGAGCAAAACTCCATCAAAAAAAAAAAAAAAAAAAAAAAAAA"
"chr1","7803497","7803801","KN294385v1","335685","335986","26","7467812","GCTGGGCGCGGTGGCTCACGCCTGTAATCCCAGCACTTTGGGAGGCTGAGGCGGGTGGATCACGAGGTTAGGAGTTCGGGACCAGCCTGGGCAACGTGATGAAACCCCGTCTCTACTAAAAATTACAAAAATTAGCTGGGTGTGGTGGCGTGTGCCTGTAATCCCAGCTACTCAGGAAGCTGAGGCAAGAGAACTGCTTGAACCGGGACCCGGGAGGCGGAGGTTGCGGTGAGCTGAGATGACACCATTGCACTCCAGCCTGGGCAACAAGAGTGAAACTCTGTCTCAAAAAAAAAAAAAAAAAA","GCCGGGCGCGGTGGCTCATGCCTGTAATCCCAGCACTTTGGGAGGCCGAGGCAGGTGGATCACGAGGTCAGGAGTTTGAGACCAGCCTGGCCAACGTGGTGAAATCCTGTCTCTACTAAAAATACAAAAATTAGCTGGGTGTGGTGGCGTGTGCCTGTAATCCCAGCTACCCAGGAGGCTAAGGCAGGAGAACTGCTTGAACCGGGACCCAGGAGGCGGAGGTTGCAGTGAGCCAAGATCACGCCATTGCACTCCAGCCTGGGCAACAAGAGTGAAACTGTCTTGAAAAAAAAAAAAAAAAA"
"chr1","7854436","7854718","KN297165v1","1143723","1144010","31","6710713","GACCAGGCACGGTAGCTCATGCCTGTGATCCCAGCACTTTGGGAGGCCGAGGCGGGCGGACCACCTGAGGTCAGAAGTTCGAGACCAGCCTGGCCAACATGGTGAAACCCTGTCTCTACTAAAAATACAAAAATTAGCTGGGCGTGGTGGCACCTGTAATCCTAGCTACTCGGGAGACTGAGGCAGGAGAATCGCTTGAACCCGGGAGGCAGAGGTTGCAGTGAGCCGAGATCACGCCACTGCACTCCAGCCTGGGGGACAAGAATGAGACTTCATCTCAAAA","GGCCGGGCAAGGTGGCTCACGCCTGTAATCCCAGCACTTTGGGAGGCCGAGGCAGGTGGATCACCTGAGGTCAGGAGTTCGAGACCAGCCTGGCCAACATGGTGAAACCCCATCTCTACTAAAAATACAAAAATTAGCTGGGCGTGTGGTGGGCACCTGTAATCCCAGCTACTCAGTAGGCTGAGGCGGGAGAATCACTTGAACCTGGGAGGCAGAGGTTGCAGTGAGCTGAGATCATGCCATTGCACTCCAGCCTGGGCGACAAGAGTGAAACTTCATCTTAAAAAA"
"chr1","7860083","7860377","KN294685v1","583291","583585","30","7276792","GGCCAGGCACAGTGGCTCACACCTGTAATCCCAGCACTTTGGGAGGCCAAGGCAGGTGGATCACCTGAGGTCAGGAGCTCAAGACCAGCCTGGCCAACATGGTGAAACCCCGTCTCTACTAAAAATACAAAAATTAGCTGGGCGTGGTGGCAGGTGCCTGTAGTCCCAGCTACTTGGGAGGCTGAGGCAGGAGAATTGCTTGAACCTGGGAGGCAGAGGTTGCAGTGAGCCAAAATCACACCACTGCACTCCAGCCTGGGTGGCAAGAGCAAAACTCCTTCTCAAAACAAACAAA","GGCTGGACACGGGGGGTTCACACCTGTAATCCCAACACTTCGGGAGGCCAAGGCAGGTGGATCACCTGAGCTCAGGAGTTCTAGACCAGCCTGGCCAACATGGTGAAATGCTGTCTCTACTAAAAATACAAAAATTAGCCGGGCGTAGTGGCACGTGCCTGTAATCCCAGCTACTTGGGAGGCTGAAGCTGGAGAATTGCTTGAACCTGGGAGGCAGAGGTTGCAGTGAGCCAAGATCACACCATTGCACTCCAGCCTGGGCAACAAGAGCAAAACTCCATCTCAAAAATAAAAA"
"chr1","7904633","7904927","KN295586v1","2463446","2463736","35","5441187","GGTCGGGCACGGTGGCTAATGCCTGTAATCCCAGCACTTTGGGAGGCTGAGGTGGGTGCATCACCTGAGGTCAGCAGTTCGAGACCAGCCTGGCCAACATGGTGAAACCCCATCTCTACTAAAAATACAAAAATTAGCCGGGCGTGGTGGCGGGTGCCTGTAATCCCAGCTACTCAGGAGGTTGAGGCAAGAGAATTGCTTGAACCTGGGCGGTGGAGGTTGTGGTGAGCCAAGATCGCACCATTGCACTCCAGCCTGGGCAACAGGCTGAGCATAACTTTGTCTCAAAAAAAAA","GCTGGGTGCAGTGGCTCATGCCTGTAATCCCAGCACTTTGGGAGGCCGAGGTGGGTGGATCACCTGAAGGTCAGGAGTTCGAGAGCAGCCTGGCCAACATGATGAAACCCCGTCTTTACTAAAATATAAAAAATTAGCCGGGTGTGGTGGCGGGTGCCTGTAATCCCAGCTACTCAGGAGGCTGAGGCAGGAGAATTGCTTTAACCTGGGAGGTGGAGGTTGCAGTGAGGCAAGATCACACCATTGCACTCCAGCCTGGGCAACAACAGTGAAACTTTTTGTCAGAAAAAA"
"chr1","7925499","7925781","KN295936v1","30401","30674","45","7895098","GGCCAGGCACGATGGCTCATGCCTGTAATCCCAGCACTTTGCGGGGCTGAGGTGGGTGGATCATCTGAGGTCAAGAGTTCAAGATCAGCCTGGCCAACACAGTGAAACCCCATCTCTACCAAACATATACAAAACTTAGCTGGGTATGGTGGCGGGTGCCTGTAACCCCAGCTGCTCCAGAGGCTGTGGCAGAAGATTCGCTTGAACCCAGGAGGCAGAGGTTGCAGCGAGCCAAGATTGTGCCATTGCACTCCAGACTGGGTGACAAGAGTGAAATTCTGTC","GGCCAGGCACGGTGGCTCATGCCTGTAATCCCAGCACTTTGGGAGGCCGAGGCAGGTGGATCACCTGAGGTCAGCGGTTCGAGACCAGCCTGGCCAACATAGTGAAACCCCGTCTCTACTAAAAATACAAAAAATTAGCTGGGCGTGGTGGCGGGTGCCTGTAACAGCTACTTGGGAGGCTGAGGCAGGAGAATCGCTGGAACCCAGGAGGCAGAGGTTGCAGTGAGCCGAGATCACGCCATTGCACTCCAGCCTGGGCAACAAGAGTGAAACT"
"chr1","7928561","7928873","KN296743v1","2484296","2484604","35","5444265","GCCAGGCGTGGTGGCTCATGCCTGTAACCCCAGCACTTTGGAAGGCCGAGGTGGGCAGATCACTTGAGGTCAGGAGTTCAAGACCAGCCTGGCCAACATAGCAAAACCCCATCTCTACTAAAAATACAAAAATTAGCCGGGCGTGGTGGCAGGTGCCTGTAATCCCAGCTACTCAGGAGGCTGAGGCAGGAGAATTGCTTGAACCCAGGAGACAGAGATTGCAGTGACTCGAGATGGCGCCATTGCACTCCAGCCTGGGTGACAACAGCGAAACTCTGTCTCAAAAAACAAAACAAAACAAAACAAAACAAAA","GCTGGGTGCGGTGGCTCATGCCTGTAATCCCAGCACTTTGGGAGGCCGAGGTAGGCAGATCACCTGAGGTCAGGAGTTCAAGACCAGCCTGGTCAAGATGGTGAAACCCCATCTCTACTAAAAATACAAAAATTAACTGGGCATGGTGGCAGGCACCTGTAATCCCAGCTACTCAGAAGGCTGAGGCAGGAGAATTGCTTGAACCCAGGAGTCGGAGGTTGCAGTGGGCTGAGATAGTGCCATTGCTCTCCAGCCTGGGTGACAACAGCGAAACTCTGTCTCAAAAACAAACAAACAAAAAAAGAACAA"
"chr1","7937925","7938227","KN295984v1","868891","869195","32","7069034","GGCTGGGCGCTGTGGCTAACGCCTGTAATCCTAGCACTCTGGGGGGCTGAGGCGGGCAGATCACCTGAGGTTAAGAGTTCAACACCAGCCTGGCCATGGTGAAACCCCGTCTCTACTAAAAATACAAAAAATTAGCCAGGCGTGGTGGTGCATGCCTGTAATCCCAGCTACTCAGGAGGCTGAGACAGGAGAATCGCTTGAACCCGGGAGGTGGAGGTTGCAGTGAACTGAGATCGTGCCATTGCACTCCAGCCTGGGCAACAAGAGCGAAACTCCGTCTCAAAAAAAAAAAAAAAAAAAAAA","GGCTGGGCGTGGTGGCTCACGCCTGTAAACCCAGCACTCTGGGAGGCCGAGGTGGGTGGATCACCTGAGGTCAGGAGTTCAAGACCAGCCTGGCCATGGTGAAACCCCCATCTCTACTAAAAATACAAACAATTAGCTGGGCATGGTGGTGCACGCCTGTAATCCCAGCTACCCGGGAGGCTGAGGCAGGAGAATAGCTTGAACCCAGGAGGCGGAGGTTGCAGTGAGCCGAGATCATGCCATTGCACTCCAGCCTGGGCAACAAGAGTGAAACTCTGTCTCAAAAAAAAAAAAAAAAAAAAGAA"
"chr1","7944092","7944404","KN296934v1","897698","898003","42","7046394","GCTGGGCACAGTGGCTCACACCTGTAATCCCAGCACTTTGGGAGGCCAAGGCAAGCAGATCACTTGAGGTCAGGAGTGCGAGAGCAGCCTGGCTAACATGGTGAAAGCCCATCTCTACTAAAAATACAAAAGCACTAGCCAGGCGTGGTTGTGTGCACCTGTAATCCCAGCTACTAGGAGGCCGAGGCAGGAGAATCTCTTGAACCCAGGAGGCAGAGTTTGCAGCGAGGCGAGACCGTGCCATTGCACTCCAGCCTGGGCAAGAAGAGCGAAACTCCATCTCAAAACAAACAAACAAACAAAACAAACAGAC","GCCGGGTGTGGTGGCTCACACCTGTAATCCCAGCACTTTGGGAGGCCAAGGCAGGCAGATCACCTGAGGTTAGGAGTTCGAGACCGGCCTGGCCAACATGGTGAAACCCTGTCTCTACTAAAAATACAAAAATTAGCCAGGTGTGGTGGCGGGCACCTGTAATCCCAGCTACTCAGGAGGCTGAGGCAGGAGAATCGCTTGAACCCAGGAGGTAGAGGTTGCAGTGAGCCAAGATCGTGCCATTGCACTCCAGCCTGGGCAACAAGAGAGAAACTCCGTCTCAAAAAAAAAAAAAAAAAAAAAAAA"
"chr1","7961541","7961853","KN296934v1","897698","898003","34","7063843","GGCTGGGTGCAGTGGCTCACACCTGTAATCCCAGCACTTTGGGAAGCCGAGGCGGGTGGATCACCTGAGGTTAGGAGTTCCAGACCAGCCTGGCCAACATGGGGAAACCCTGTCTCTACTAAAAATACAAAAAAATTAGCCGGGCGTGGTGGCAGGCACCTGTAATCCCAGCTACTTTCGGGAGGCTGAAGCAGGAGAATCGCTTGAACCCGGGAAGCGGAGGTAGCAGTGAGCCTAGATCGCACCATTGCACTCCAGCCTGGGCAACAAGAGCGAAACTCCGTCTTAAAATAAAATAAAAATAAAAAAAAAA","GCCGGGTGTGGTGGCTCACACCTGTAATCCCAGCACTTTGGGAGGCCAAGGCAGGCAGATCACCTGAGGTTAGGAGTTCGAGACCGGCCTGGCCAACATGGTGAAACCCTGTCTCTACTAAAAATACAAAAATTAGCCAGGTGTGGTGGCGGGCACCTGTAATCCCAGCTACTCAGGAGGCTGAGGCAGGAGAATCGCTTGAACCCAGGAGGTAGAGGTTGCAGTGAGCCAAGATCGTGCCATTGCACTCCAGCCTGGGCAACAAGAGAGAAACTCCGTCTCAAAAAAAAAAAAAAAAAAAAAAAA"
"chr1","7964772","7965085","KN295667v1","1687893","1688204","44","6276879","GGCCAGGTGCGGTGGTGCATGCCTGTAATCCCAGCACTTTGGGAGGCCGAGGTGGGCAGATCACTTGAGGTCAGGAGTTTGAGACTAGCCTGACCAACATGGTGAAAGCTCATCTCTACTAAAAATACAAAAATTAGCCAGGCATGATGGCAGGTGCCTGTAATCGCATTCCTACTTTCGGGAGGCTGAAGCAAGACAATCGCTTGAACCCGGGAAGCTGAGGTAGCAGTGAGCCTAGATCGCACCATTGCACTCCAGCCTGGGCAACAAGAGCGAAACTCCGTCTTAAAATAAAATAAAAATAAGAAAAAAAA","GGCCGGGTGCGGTGGCTCACGCCTGTAATCCCAGCACTTTGGGAGGCCGAGGTGGGTGGATCACCTGAGGTCAGGAGTTGGAGACCAGCCTGGCCAGCATGGTGAAACCCCGTCTCTACTAAAAATACAAAAATTAGCCGGGCATGGTGGTGGGCGCCTGTATTCCCAGCTACTCGGGAGGCTGAGGCAGGAGAATCGCTTGAACCCAGGAGGCGGAGGTTGCAGTGAGCCAAGATCGCATCATTGCACTCCAGCCTGGGCAACAAGAGCGAAACTCCGTCTCAAAAAACAAACAAACAAACAAACAAACAA"
"chr1","7978237","7978549","KN297133v1","419676","419981","27","7558561","GGCCGGGCGCAGTGGCTCACGCCTGTAATCCCAGCACTTTGGGAGGCTGAGGCGGGCAGATCACCTGAGGTCAGGAGTTCGAGACCAGCCTGGCCACCATGGTGAAACCCCATCTCTACTAAAAATACAGAAATTAGCCAGGCGTGGTGGCGGGCGCCTGTAATCCCAGCTACTCGGGAGGCTGAGGCAGGAGAATCGCTTGAACCCGGGAGGCGGAGGTTGCAGTGAGCCGAGATTGTGCCATTGCACTCCAGCCTGGGGGACACGAGCGAGACTTCGTCTCAAAAAATAAAATAAAATAAAATAAAATAAA","GGCCGGGCACGGTGGCTCGTGCCTGTAATCCCAGCACTTTGGGAGGCTGAGGCGGGCAGATCACCTGAGGTCAGGAGTTCAAGACCAGCCTGGCCAACATAGTGAAACCCCGTCTCTACTAAAAATACAAAAAATCAGCCGGGCGTGGTGGCAGGTGCCTGTAATCCCAGCTACTCGGGAGGCTGAGGCAGGAGAATCACTTGAACCCGGGAGGTGGAGGTTGCAGTGAGCCGAGATTACGCCATTGCACTCCAGCCTGGGGGACAAGAGCGAGACTTCGTCTCAAAAAAAAAAAAAAAAAAAAAA"
"chr1","7980074","7980326","KN295758v1","865842","866093","35","7114232","ATCACTTAAGGTCAGGAGTTCGAAACCAGCCTGGCCACCATGGTGAAACCCCATCTCTACTAAAAATACAGAAATTAGCCAGGCGTGGTGGCGCGTGCCTGTAATCCCAGCTGCTTGGGAGGCTGAGGCAGGAGAATCGCTTGAACCTGGGAAGTGGAGGTTGCAGTGAGCCAAGATTGTGCCATTGCACTCCAGCCTGGGCAACAAGAGTGAAACTCCGTCTCAAAAAATAAATAAAATAAAATAATAAAAA","ATCACGAGGTCAGGAGTTAGAGACCAGCCTGGCCAACATGCTGAAACCCCGTCCCTATTAAAAATACAAAAATTAGCCGGGCGTGGTGGCACGTGCCTGTAATCCCAGTTACTCAGGAGGCCGAGGCAGGAGAATCGCTTGAACCCGGGAGGCGGAGGTTGCGGAGAGCCGAGATCGTGCCATTGCACTCCAGCCTGGGCAACAAGAGCGAAACACTGTCTCAAAAAAAAAAGAAAGAAAAAGAAAAAAGAA"
"chr1","7998069","7998367","KN294218v1","2831459","2831758","37","5166610","GCCTGGAGCAGCGGCTCACTCCTGTAATCCCAGCACTTTGGGAGGCCGAGGTGGGTGGATCACCTGAGGTCAGGAGTTCAAGACCAGCCTGGCCAACATAGTGAAATCCCATCTCTACTAAAAATATAAAAATTAGCCGGGTGTGGTGATGGGCGCCTGTAATCCCAGCTACTTGAGAGGCTGAGGCAGGAGAATCCTTTGAACCCGAGAGGCGGAAGTTGCAGTGAGCGGAGACCGCACCATTGCACTCCAGCCTGGGCGACAGGAGTGAAACTCTATCTCAAAAAAAAAAAAGGAAA","GGCCGGGCGCGGTGGCTCACGCCTGTAATCCCCAGCACTTTGGGAGGCCGAGGTGGGTGGATCACCCGAGGTCAGGAGTTCAAGATCAGACTGGTCAAAATGGTGAGACCCTGTCTCTACTAAAAATGCAAAAATTAGCTGGGTGTGGTGGTGGCCGCCTGTAATCCCAGCTACTCGGGAGGCTGAGGCAGGAGAATCGCTTGAACCAGGGAGGCGGAGGTTGCAGTGAGCCGAGATCGTGCCATTGCACTCCAGCCTGGGCGACAAGAGTGAAACTCCATCTCAAAAAAAAAAAAAAAA"
"chr1","8037109","8037414","KN297019v1","1233639","1233939","31","6803470","GGCCAGGCGCGGTGGCTCACACCTGTAATCCCAGTACTTTGGGAGGGCGAGGCAGGTGCATCACCTGAGGTCAGGAGTTCAAAACCAACCTGGCCAACATGGTGAAACCCCGTCTCTACTGAAAATACTAAAAATTAGCCGGGCATGGTGGTGGATGCCTGTAATCCCAGCTACTTGGGATGCTTAGGCAGGTGAATCGCTTGAACCTGGGAGGTGGAGGTTGCAGTGAGCTGAGATTGCGCCATTGCGCTCCAGCCTGGGCAACAAGAGCAAAACTCCATCTCAAAATAAACAAATAAATAAAAA","GCCAGGCACGATGGCTCACACCTGTAATCACAGCACTTTGGGAGGCCAAGGCAGGTGGATCACCTGAGATCAGGAGTTCAAGACCAGCCTGGCCAACATGGTGAAACCCCATCTCTACTAAAAATACAAAAATTAGCTGGGCATGGTGGTGGGTGCCTGCAATCCCAGCTACTTGGGAAGCTGAGGCAGGAGAATTGCTTGAACCTGGGAGGTGGAGGTTGCAGTGAGCCGAGACTGCGCCATTGCACTCCAGCCTGGGCAACAAGAGTGAAACTCCGTCTCAAAAAAAAAAAAAAAAAAA"
"chr1","8057611","8057869","KN294444v1","3297","3556","35","8054314","GGCCAGATGCAGTGGCTTATGCCTGTAATCCCAGCACTTTGGGAGGCCGAGGCCGGCGGATCACTTGAGATCAGGAATTCCAGACCAGCCTGGCCAACATGGCGAAATCCAGTCTCTACTAAAAATACAAAAATCAGCTGGGCGTAGTGATGGGTGCCTGTAGTCCCAGCTACTCAGGAGGCTGAGGCAGGAGAATCGCTTGAACCCAGGAGGTGGAGGTTGCAATCAGCCAAGATCACCCCATTGCATTCCAGCCTAG","GGCCGGACACGGTGGCTCACGCCTGTAATCCCAGCACTTTGGGAGGCCGAGGCTGGCGGATCACCTGAGACCAGGAGTTCAAGACCAGCCTGGCCAACATGGCAAAACCCTGTCTCTACTAAAAATCCAAAAAAATTAGCCGGGCATGGTGGCAGGTGCCTGTAATCCCAGCTACTCAGGAGGCTGAGGCAGGAGAATCGCTTGAACCTGGGAGGCAGAGGTTGCAGTGAGCCGAGATCACGCCATTGCACTCCAGCCTG"
"chr1","8061351","8061665","KN295666v1","840203","840514","40","7221148","GGCCGGGCTTGGTAGCTCATGCCTGTAATCCCAGCACTTTGGGAGGCCGAGGTGGGTGGATCACCTGAGGTCAGGAGTTCCAGACCAGCCTGGCCAACATAGTGAAACCCCTATCTCTACTAAAAATATAAAAATTAGCCGGGTGTGGTGATAGACTCCTGTAGTCCCAGCTACTGGGGAGGCTGAGGCAGGAGAATCGCTTGAACCCAGGAGGTGGAAGGTGCAGTGAGCCGAGACTGTGCCATTGCGCTCCAGCCTGCAAAACAAGAGAGAAACTCTGTCTAAAAAATTAAAAAAAAAAAAAAAAAAAAAAAA","GGCCAGGCACGGTGGCTCACGCCTCTAATCCCAGCACTTTGGGAGGCCAAGGTGGGTGGATCACCTGAGGTCAGGAGTTCAAGACCAGCTTGGCCAACATAGTGAAACCCTGTCTCTACTAAAAACACAAAAATTAGCTGGGTGTGGTGGCAGGCACCTGTAATCCCAGTTAGTCGGGAGGCTGAGGCAGGAGAATCGCTTGAACCCGGGAGGTGGGGTTGCAGTGAGCCAAGATTGTGCCATTGCATTCCAGCCTGGGCAACAAGAGCGAAACTCTGTCAAAAAAAAAAAAACAAAAAACAAACAAAAAAA"
"chr1","8062994","8063306","KN296297v1","4771","5081","38","8058223","GGCCAGGTGCAGTGGCTCATGCCTGTAATCCCAGCACTTTGGGAGGCCGAGGCGAGTGGATCACCTTAGGTCAGGAGTTTGAGACCAGCTTGGCCAACATGATGAAATCCTGTCTCTACTAAAAGTACAAAAAGTTAGCCAGGCTTGGTGGTGGGCACCTGTAATCCCAGCTGCTTGGGAGGCTGAGGCAGGAGAATTGCTTGAACCCGGAAGGTGGAGGTTGCAGTGAGCTGAAATGGCGCCATTGCACTCCAGCCTGAGCAACTCAAAAGAGTGAGACTCTGTCTCAAAAAAATAAAAAATAAAAAATAAA","CTGGGTGTGGTGGCTCATGCCTGTAATCCCAGCACTTTGGGAGGCCAAGGCAGGTGGATCACCAGAGGTCAGGCGTTTGAGACCAGCCTGGCCAACATGATGAAACCCTGTCTCTACTAAAAATACAAAAAATTAGCCAGGCTTGGTGGTGGGCATCTGTAATCCCAGCTAATTGGGAGGCTGAGGCAGGAGAATCGCTTGAACCCAGAAGGTGGAGGTTGCAGTGAGCTGAGATCACACCATTGCACTCCAGCCTGGGCAACAAGAGTGAAACTCCATCTCAAAATAAAATAAAATAAAATAAAAATAAA"
"chr1","8087986","8088289","KN295748v1","283051","283352","37","7804935","GGCTGGGTGCAGTGGCTCACACCTGTAATCCCAGCACTTTGGAAGGCCAAGGCGGGTGGATCACCTGAGGTCAGGAGTTTGAGACCAGCCTGGCGAACATGGTGAAACTCTGTCTCTACTAAAAACACAAAAATTAGCTGGGCATGATGGCGGGTGCCTGTAACCCCAGCTACTCGGGAAGCTGAGGTGGGAGAATCGCTCGAAACCGGGAGGTGGAAGTTGCAGTGAGCTGAAACCACGCCATTGCACTCCAGCCTGGGCAACAAGAGCGAAACTCCTTCAAAAAAAAAAAAAAAAAAAAAAA","GGCTGGGTGCAGTGGCTCACGCCTGCAATCCCAGCACTTTGGGAGGCCAAGGCGGGTAGATCACCTGAGGCCAGGAGTTTGAGACAAGCCTGGCCAACATGGTGAAACCCCGTCTCTACTAAAAATACAAAATTAGCTAAGCATGGTGGCGCATGCCTGTAATCCCAGCTACTCGGGAGGCTGAGGCAGAAGAATTGCTTGAACCCGGAGGCGGACGTTGCAGTGAGTCAAGATCATGCCATTGCACTCCAACCTGGGCAACAAGAGTGAAACTCCATCTCAAAAAAAAAAAAAAAAAAAAA"
"chr1","8090755","8090986","KN297008v1","4996362","4996589","33","3094393","TTGAGACCAGCCTGGCCACCATGGCAAAACCCCGTCTCTACTAAAAATACAAAAATTAACTGGGCATGGCGGCATGCACTTGTAATCCCAGCTACTTGGGAGGCTGAGGCAGGAGAATCACTTGAACCTGGGAGGTGGAGGTTGCAGTGAGCTGAAATCGTGCCATTGCACTCCAGCCTGGGTGACAGGAGCAAAACTCTGTCTCAAAAAAAAAAAAGGGAAAAAGAAAGAA","TGGAGACCAGCCAGGCCAACATGGCAAAACCTCGTCTCTACTAAACATACAAAATTTAGCCAGGCCTGGTGGCGGGCACCTGTAATCCCAGCTACTCGGGAGGCTGAGGCAGGAGAATCGCTTGAACCCGGGAGGTGGAGCTTGCAGTGAGCCGAGATTGTGCCAGTGCACTCCAACCTGGGTGACAAGAGCAAAACTCCATCTAAAAAAAAAAAAACAAAAACAAAA"
"chr1","8144209","8144520","KN294806v1","835206","835511","37","7309003","GCTGGGCGTGGTGGCTCACACCTATAATCCCAGCACTTTGGGACGCCAAGATGGGTGGATCACCTGAGGTCAGGAGTTCAAGACCAGCCTGGCCAATATGGTGAAACCCTGTCTCTACCAAAAATACAAAAAATTAGCTGGACATGGTGGCAGGCACCTGTAATCCCAGCTACTCGGGAGGCTGAGGCAGGAGAATGGCTTGAACCTGGGAGGCGGAGGTTGCGGTGAGCTGAGATCGCGCCATTGCACTCCAGCCTGGGCAATGAGAGCTAAATTCTGTCTCAATAAATAAATAAATAAAATAAAACAAAA","GGCCGGGCACGGTGGCTCACGCCTGTAATCCCAGCATTTTGGGAGGCCGAGGTGGGTGGATCACCTGAGGTCAGGAGTTCAAGACCAGCCTGGCCAACATGGTGAAATCCCGTCTATACTAAAAATACAAAAAATTAGCTGGGCATGGTGGCAGGCACCTGTAATCCCAGCTACTCGGGAGGCTGAGGCAGGAGGATTGCTTGAACCTGGGAGCAGAGGTTGCAGTGAGCCGAGATTGTGCCATTGCACGCCAGCCTGGGCAATAAAAGCAAAACTCCATCTCAAAAAATAAATAAATAAAACAAA"
"chr1","8164469","8164763","KN294634v1","514588","514883","34","7649881","GGCTGGGCTCGGTGGCTCACGCCTGTAATCTCAGCACTTTGGGAGGCCAAGGTGTGTGGATCTCCTGAGGTCAGGAGTTCAAGACCAGTCTGGCCAACATGGAGAAACTCCATCTCCACTAAAAATACAATAATTAGCTGGATGTGGTGGCGGGTGCCTGTAATCCCAGTTACTCGGGAGGCTGAGGCAGGAGACTCACTTGAACCTGGGAGGTGGAGGTTGCAGTGAGCCGAGATTGCACCATTGCACTCCAGCCTGGGCAACAAGAGGAAAACTCAGTGTAAAAAAAAAAAAA","GGCTGGGCACGGTGGCTCACGCCTGTAATCCCAGCAATTTGGGAGGTCAAGGTGGGTGGATCACCTGAGGTCAGTAGTTCAAGATCAGCCTGACCAACATGGTGAAACCCCGTCTCTACTAAAAATACAAAATATTAGCTGGGCGTGGTGGCGGGTGCCTGCAATCCCAGCTACTCGGGAGGCTGAGGCAAGAGAATCACTTGAACCTGGGAGGTGGAGGTTGCAGTGAGCCAAGATCGTGCCATTGCACTCCAGCCTGGGTGACAGCAGCAAAACTCCGTCTCAAAAAAAAAAAA"
"chr1","8183915","8184171","KN296614v1","20173","20414","48","8163742","GGCCGGGCACAGTGGCTCATGCCTGTAATCCCAGCACTTTGGGAGGCTGAGGCGGGCGGATCACCAGAGGTCAGGAGTTCAAGACCAGCCTGGCCAATATGGTGAAACCCCATCTCTACTAAAAATACAAAAAAATTAGCCAAGTATAGTGGCAGGCACCTGTAATCCTGGCTACTCAGAAGGCTTAGATCATGCCATTGCACTCCAGCCTGGATGACAAGAGCAAGACTCCATCTCAAAAAAAAAAGAATAAATAA","GGCCGGGCACGGTGTCTCACACCTATAATCCCAGCACTTTGGGAGGCCAAGGCAGGTGGATCACCTGAGGTCAGGAGTTTGAGACCAGCCTGGCCAACATGGTGAAACCCCATTTCTACTAAAAATACAAAAAATTAGCTGGGCATGGTGGCGGACGCCTGTAATCCCTGCTACTCCAGAGTGCCATTGCACTCCAGCCTGGGCAACAAGAGTGAAACTCCATCTCAAAAAAGAAAAAAAGA"
"chr1","8186474","8186771","KN294630v1","494261","494558","30","7692213","GGCCAGGCTCAGTGGCTCACGCCTGTAATCCCAGTACTTTGGGAGGCCGAGGTGGGCGGATCACCTGAGGTCAGGAGTTCGAGACCAGCCTGTCCAACATGGTGAAACCCTGTCTCTACTAAAAATACAAAAATTAGCCGGGCGTGGTGGCAGGAGCCTGTAATCCCAGCTACTCGTGAGGCTGAGACAGGAGAATCGCTTGAACCTGGGAGGCAGAGGTTGCAGTGAGCCGAGATCGTGCCATTGCACTCCAGCTTGGGGGACAAGAGTAAGACTTTGTCTCAAATAAATAAATAAA","GGCCAGGCGCAGTGGCTCATGCCTGTAATCCCAGCACTTTGGGAGGCGGAGGTGGGCAGATCACCTGAGGTCAGGAGTTCGAGACCAGCCTGGCCAACATGGTGAAACCCTGTCTCTACTTAAAATATAAAAAATTAGCTGGGTGTGGTGGTATGCACCTGTAATCCCAGCTACTCGGGAGGCTGAGGCAGGAGAATCGCTTGAACCTGGGAGGCAGAGGTTGCAGTGAGTCAAGATCACGCCATTACACTCCAGACTGGGGGACAAGAGCGAGATTTTGTCTCAAAAAAAAAAAAAA"
"chr1","8187162","8187473","KN294172v1","4612860","4613172","38","3574302","GGCTGGGCGTGATGGCTCACACCTGTAATCCCAGCACTTTGGGAGGCTGAGGCAGGTAGATCACCTGAGGTCAGGAGCTTGAGACCAGCCTGGACAGCATGGCGAAACCCCGTCTCTACTAAAAATACAAAAAATTAGCCAGGCGTGGTGGTGGACGTCTGTAATCCCCGCTACTTGGGAGGCTGAGGCAGGAGAATCACTTGAACCTGGGAGATGGAGGTTGCAGTGAGCCAAGACTGTACACTGCACTCCAGCCTGGGAGACAAGAGGGAAACTCTGTCTCAAAAAAAAAAAAAAGAAAAGAAAAGAAAA","GGCCAGGCGCAGTGGCTCATGCCTGTAATCCCAGCACTTTGGGAAGGTGAGGCAAGTGGATCTCCTGAGGTCAGGAGTTTGAGACCAGCCTGGCCAACATGGCGAAACCCCGTCTCTACTAAAAATACAAAAATTAGCCAGGCGTGGTGGTGGGCGCCTGTAATCCCAGCCACTTGGAAGGCTGAGGCAGGAGAATCGCGTGAACCTGGGAGGTGGAGGTTGCGGTGAGCCGAGATCGTACCATTGCACTCCAGCCTGGGCAACAAGAGTGAAACTGTGTCTCAAAAAAAAAAAAAAAAAAAGAAAGAAAGAA"
"chr1","8190843","8190885","KN294548v1","705480","705513","21","7485363","GGGAGGCGGAGGTTGCAGTGAGCTGAGATCGTGCCATTGCACT","CCAGCCTGGGAGACAAGAGCGAAACTCCGTCTCA"
"chr1","8204857","8205166","KN294387v1","2599087","2599393","37","5605770","GGCTGGGCACGGTGGCTCACGCCTATAATCTCAGTACTTTGGGAGGCTGAGGCGGGTGGATCACCTGAGGTCAGGAGTTCGAGACCAGCCTGACCAACATGGTGAAACTCCCTCTCTACTAAAAATACAAAATTAGCTGGGTGTGGGTGGCACATGCCTGAAATCCCAGCTACTTGGGAGGTTGAGGCAGGAGAATTGATTGAACCCAGGAGGCGGAGGTTGCAGTGAGCCAAGATCGTGCCATTGCACTCCAGCCTGGGCAACAAGAGTGAAACTTGGTCTCAAAAAAACAACAACAAAAAAAAGCAAA","GGCCAGGCACAGTGGCTCACACTTGTAATCCCAGCACTTTGGGAGGCCGAGGTGGGCGGATCACCTGAGGTCAGGAGTTCAAGACCAGCCTGGCCAACATGGTGAAACCCCATCTCTACTAAAAATACAAAAATTAGCTGGGCGTAGTGGCGGCCACCTGTAATCCCAGCTACTTGGGAGGCTGAGGCAGGAGAATTGCTTGAACCCAGGAGGCGGAGGTTGCAGTGAGCCGAGATTGTGGCCATTGCACTCCAGCCTGGGCAACAAGAGTGAAACTCTGACTCAAAAAAAAAAAAAAAAAAAAAAA"
"chr1","8210788","8211086","KN294456v1","645735","646031","51","7565053","GCTGGGTGTGGCGGCTCATGCCTGTAATGCCAGCACTTTGGGAGGCTGAGGCTGGCCGATAGCCTGAGCTCAGGAGTTCGCGACCAACCTGGGCAACACAGTAAAATGCCCCCCCATCACTACTAAAATACAAAAAAAATTAGCTGGGTTTGGCGGTGTGCACCTGTAATCCCAGCTACTTGGGAGGGCGAGGCAGGAGAATCACTGGAACCCCAGAGGCAGAGGTTGCAGTGAGCTGAGATCACGCCAATACACTCCAGCCTGGGCGACAAGAGTGAGACTCTGTCTCAAAAAAAAAA","GCTGGGCGTGGTGGCTCACGCCTGTAATCCCAGCACTTTGGGAGGCTGAGGCGGGTGGCTCGCCTGAGGTCAGGAGTTTGAGGCCAGCCTGGCCAACATAGTGAAACCCTATCTCTACTAAAAACATAAAAAATTAGCTGGGCGTGGTGGTGGGTGCCTGTAATCCCAGCTACTAAGGAGTAGGGAGGCTGAGGCAGGAGAATCACTTGAACCCAGGAGGCAGAGGTTGCAGTGAGCTGAGATCACGCCATTGCACTCCAGCCTGGGCAACAAGAATGAAACTGTCTCAAAAAAAAA"
"chr1","8235044","8235331","KN297404v1","414099","414382","34","7820945","GGCCGGGTGCAGTGGCTCACACCTGTAATGCCAACACTTTGGAAGGCTGAGGTGGGTGGATCACCTGAGGTCAGGAGTTTGAGACCAGCCTGGCCAACGTGGTGAAACCCCATCTCTACTAAAAATACAAAAAAAATTAGCCAGGCGTGGTGGTGGGCGCCTGTAGTCCCAGCTACTTGGGAGGCTAAGGCAGGAGAATTGCTTGAACCTGGGAGGTGAAGGTTGCAGTGAGCCGAGTTCGTGTCATTACACTCCAGCCTAGGCAGCAAGAGCAAAACTCTGTCTCAA","GGCCGGGCACAGTGGCTCACACCTGTAATCCCAGCACTTTGGGAGGCCGAGGTGGGTGGATCACCTGAAGTCAGGAGTTTGAGACCAGCCTGGCCAATATGGTGAAACCCCATCTTTACAAAAATACAAAAATTAGCCAGACATGGTGGCGGGTGCCTGTAATCCCAGCTACTGGGGAAGCTGAGGCAGGAGAATCGCTTGAACCTCGGAGGTAGAGGTTGCAGTGAGCCGAGAACATGCCATTGCACCCCAGCCTAGGCAACAAGAGCAAAACTCCGTCTCAA"
"chr1","8237997","8238295","KN297442v1","12090","12392","45","8225907","GGTGTGGTGGCTTGCACCTGTAATCCTAGCACTCTGGGAGGCTGAGGCGGGCAGATTACCTGGGTTTGAGACCAGCCTGGCCAACATGGTGAAACCCCGTCTCTACTGAAAATACAAAAATTAGCCGGGCATGGTGGCAGGTGCCTGTAATCCCAGCTACTTGGGAGGCTGAAGCAGGAGAATCGCTTGAACCCGGAAGGCGGAGGTTGTAGTGAGCCGAGATCGCACCATTGCACTCCAGCCTGGGGAACAAGAGCGAGACTCTGTTTCAAAAAAAAAAAAGAAGAGAGAAAGAACAA","GGCGCAGTGGCTCACACCCGTAATCCCAGCACTTTGGGAGGCCAAGGCGGGCAGATCACTTGAGGTCAGGAGTTTGAGACCAGCCTGGCCAACATGGTGAAACCCTGTCTCTACTAAAAATACAAAAATTAGCGGGGCATGGTGGCAGGCGCCTGTAATCTCAGCTATTCAGGAGGCTGAGGCAGGAGAATCGCTTGAACCTGGGAGGCAGAGGTTGCAGTGAGCCAAGATCACGCCATTGCCCTCCAGCCTGGGCAACAAGAGCAAGACTCTGTTTCAAAAAAAAAAAAAAAAAAAAAAAAA"
"chr1","8240199","8240493","KN297044v1","811314","811606","28","7428885","GGCTGGGCACGGTGGCTCACGCCTGTAATCCCAGCACTTTGGGAAGCCGAGGGGGGTGGCTCACCTGAGGTCAGGAGTTCAAGACCAGCCTGACCAACATGGCGAAACCCTGTTTCTACTAAAAATACAAATATTAGCTGGGCATGGTGGTGGGTGCCTGTAATCCCATCTACTCGGGAGGGTGAGGCAGGAGAATTGCTTGAACCCGGGAGGTGGAGGTTGCAGTGAGCTGATATCGCGCCATTGCACTCCAGCCTAGGCAACAAGAGCAAAACTCTGCCTCAAAAAAAAAAAA","GGCCGGGCACGGTGGCTCACACCTGTAATCCCAGCACTTTGGGAGGCTGAGGTGGGTGGATCACCTGAGGCCAGGAGTTCGAGACCAGCCTGGCCAACATGGTGAAACCCTGTCTCTACTAAAAATACAAAAATTATCTGGGCATGGTGGCGGGTGCCTGTAATCCTAACTACTCGGGAGGCTGAGGAAGGCGAATTGCTTGAACCCAGGAGGTGGAGGTTGCAGTGAGCTGAGATTGCGCCATTGCACTTCAGCCTGGCCAACAAGAGCAAAACTCTGTCTCAAAAAAAAAA"
"chr1","8247232","8247517","KN296864v1","1866135","1866421","36","6381097","GGCCGGGTTTGGTGGTTCACACCTATAATCCCAACACTTCAAGAGGCCAAGGCGGGTGGATCACCTGAGGCCAGGAGTTTGAGACCAGCCTGGCCAAGATGGCGAAACCCCGTCTCTACTAAAAACACAAAAAATTAGCCAGGCGTGGTGGCAGGCACCTGTAATTCCAGCTACTCGGGAGGCTGAGGCAGGAGAATTGCTTGAACCTGGGAGGCAGAGGTTGCAATGAGCTGAGACTGCGCCATTGCACTCCAGCCTGGGCAACAAGAGCAAAAATTCCATCACA","GCCGGGCATGGTGGCTCCCACCTGTAATCCCAGCACTTTGGGAGGCTAAGGCAGCTGGATCACCTGAGGTCAAGAGTTCGAGACCAGCCTGGTCAACATGGCGAAACCCTGTCTCTACTAAAAATACAAAAATTAGCCAGGTGTGGTGGCGGGCGCCTGTAATCCCAGCTACTTGGGAGGCTGAGGCAAGAGAATTGCTTGAACCTGGGAGGCAGAGGTTGCAGTGAGCTGAGATTGCACCATTGCACTCCAGCCTGGGCAACAAGAGCAAAATTTCATCTATAAAA"
"chr1","8254902","8255222","KN294147v1","1862582","1862887","53","6392320","GGCCAGGCGCGATGGCTTACGCCTGTAATCCCAGCACTTTGGGAGGCGGGAGCAGGTGGATCTCCTGAGGTCAGGAGTTCGAGGCCAGCCTCACCAACCTGGTGAAACCCCCGTCTCTACTAAAAATACAAAAAAAAAAAAAAAAAAAAATTAAATTGCCAGGCATGTTGGAGTGCACCTGTAATCCCAGCTGCTCGGGAGACTGAGGCAGGAGAATTGCTTGAACCCAGGAGGCGGAGGTTGCAGTGAACTGAGATCATGCCATTGCACTACAGCCTGGGCAACAAGAGCGAAACTCCGTCTCAAAAAAAAAAAAAAAAA","GGCCGAGCGCCATGGCTCACGCCTGTAATCCCAGCACTTTGGGAGACCAAGGCAGGTGGATCACCTGAGGTCAGGAGTTCGAGACCAGCCTAGCCAACATCATGAAACCCCATCTCTACTAAAAATACAAAAAAAAAAATTAGCCAGGTGTGTTGGTAGGCACCTGTAATCCCAGCTACTCAGGAGGCTGAGGCAGGAGAATCGCTTGAACCTGGGAGGTGGAGGTTGCAGTGAGCTGAGATCATGTCATTGCACTCCAGCCTGGGCGACAAGAGTGAGACTCTGTCTCCAAAAATAAAATAAAAA"
"chr1","8261520","8261836","KN295667v1","1687893","1688204","39","6573627","GACCGGGTGCGGTGGCTCATGCCTGTAATGTAATCCCAGCACTTTGGGAGGCCAAGATGGGTGGATCACCTGAGATCAGGAGTTGGAGACCAGCCTGGGCAACATGGTGAAGCCCCGTCTCCACTAAAAATACAAAAGTTAGCCAGGCGTGGTGGCATGCACCTGTAATCCCAGCTACACGGGAGGCTGAGGCAGGAGAATCGCTTGAACCTGGGAGGTGGAGGTTGCAGTGAGCCGAGATGGCACCATTCCACTCCAGCCTGGGCAACAAGAGTGAAACTCCATCTCAAAAAAAAAAAAAAGAAAAGAAAAAAGAA","GGCCGGGTGCGGTGGCTCACGCCTGTAATCCCAGCACTTTGGGAGGCCGAGGTGGGTGGATCACCTGAGGTCAGGAGTTGGAGACCAGCCTGGCCAGCATGGTGAAACCCCGTCTCTACTAAAAATACAAAAATTAGCCGGGCATGGTGGTGGGCGCCTGTATTCCCAGCTACTCGGGAGGCTGAGGCAGGAGAATCGCTTGAACCCAGGAGGCGGAGGTTGCAGTGAGCCAAGATCGCATCATTGCACTCCAGCCTGGGCAACAAGAGCGAAACTCCGTCTCAAAAAACAAACAAACAAACAAACAAACAA"
"chr1","8266164","8266480","KN295667v1","1687893","1688204","39","6578271","GACCGGGTGCGGTGGCTCATGCCTGTAATGTAATCCCAGCACTTTGGGAGGCCAAGATGGGTGGATCACCTGAGATCAGGAGTTGGAGACCAGCCTGGGCAACATGGTGAAGCCCCGTCTCCACTAAAAATACAAAAGTTAGCCAGGCGTGGTGGCATGCACCTGTAATCCCAGCTACACGGGAGGCTGAGGCAGGAGAATCGCTTGAACCTGGGAGGTGGAGGTTGCAGTGAGCCGAGATGGCACCATTCCACTCCAGCCTGGGCAACAAGAGTGAAACTCCATCTCAAAAAAAAAAAAAAGAAAAGAAAAAAGAA","GGCCGGGTGCGGTGGCTCACGCCTGTAATCCCAGCACTTTGGGAGGCCGAGGTGGGTGGATCACCTGAGGTCAGGAGTTGGAGACCAGCCTGGCCAGCATGGTGAAACCCCGTCTCTACTAAAAATACAAAAATTAGCCGGGCATGGTGGTGGGCGCCTGTATTCCCAGCTACTCGGGAGGCTGAGGCAGGAGAATCGCTTGAACCCAGGAGGCGGAGGTTGCAGTGAGCCAAGATCGCATCATTGCACTCCAGCCTGGGCAACAAGAGCGAAACTCCGTCTCAAAAAACAAACAAACAAACAAACAAACAA"
"chr1","8272297","8272582","KN294470v1","1184711","1184997","34","7087586","GCTCATGCCTGTAATCCCAGCACTTTAGGAGGCCGAGGTGGGCGGATCATTTGAGGTCAGGAGTTCAAGACCAGTCTGGCCAACATGGTGAAACCCTGTCTCTACTAAAAATACAAAAAATTAGCTGGGCATGGTGATGGGCACCTGTAATCCCAGCTACTCGGGAGGCTGAGGCAGGAGAATCGCTTGAACCTGGGAGACGGAGGTTGCAGTGAGCCGAGATCGCGCCGTTGCACTCCAGCTTGGGCAACAAGAGCAAAACTCTGTCTCAAAAAAAAAAAAAAAA","TGGTCCATGCCTGTAATCCCAGCACTTTGGGAGGCCAAGGTGGGTGGATCATTTGAGGTCAGGAGTTTGAGACTAGCCTGGCCAACGTGGTGAAACCCTGACTCTACTAAAAATACAAAAATTAGCCAGATGTGGTAGTGCGCACCTGTAATCCCAGCTACTCGGGAGGCTGAGGCAGGAGAATTGCTTGAACCCGGGAGGTGGAGGTTGCAGTGATCCAAGATCACGCCATTGCACTCAAACTTGGGCAACAAAAGCAAAACTCCATCTCAAAAAAAAAAAAAAAA"
"chr1","8274417","8274717","KN296485v1","429084","429391","49","7845333","GGCCAGGTGCAGTGGCTCATGCCTGTAATCCCAACACTTTGGAAGGCCGAGGCGGGCGGATCATCTGGAGTCGGGAGTTCAGGATCAGCCTGGACAACATGGTGAAACCTCGTCTTTACTAAAAATATAAAAAACTTTAGCTGTGCGTGGTGGCGGGCACCTGTAATCTCAGGAGGCTGAGGCAGGACAATCACTTGAACCCAGGAGACAGAGGTTGCAGTGAGCTGAGATCGTGCAATTGCACTCCAGCCTGGGCAACAAGAATGAGACTCCATCTCAAAAAATAAACAAATAAATAAAA","GGCCAGGCGCAGTGGCTCACGCCTGTAATCCCAACACTTTGGGAGGCTGAGGCAGGCTGATCACCTGAGGTCAGGAGTTCGAGACCAGCCAGGTCAACATGGTGAAACCCCGTCTCTACTAAAGATATAAAAAATTAGCAGGGTGTGGTGGCGGGCACCTGTAATCCTAGCTGCTCAGGAGGCTGAGGCAGGAGAATCACTTGAACCTAGGAGGCAGAGGTTGCAGTGAGCCGAGATCGTGTCATTGCATTCCAGCCTGGGCGACAAGAGCAAAACTCCGTCTCCAAAAAAAAAAAAAAAAAAAAAAA"
"chr1","8280794","8280955","KN295601v1","870288","870452","21","7410506","TTAGCTGGGCGTAGTGGCGCCTGTAATCCCAGCTACTCAGGAGGCTTAGACAGGAGAATCGCTTGAACCCAGGAGGCTGAGGTTGCAGTGAGCCGAGATCGTGCCATTGCACTCCAGCCTGGGCAAGAAGAGTGAAACTCCATCTCAAAAAAAAAAAAAAAA","TTAGCTGGGTGTGGTAGCGGGCAGCGTAATCCCAGCTACTTGGGAGGCTGAGGCAGGAGAATTGCTTGAACCCGGGAGGCGGAGGTTGCAGTGAGCCAAGATTGTGCCATTGCACTCCAGCCTGGGCAACAAGAGTGAGACTCTATCTTAAAAAAAAAAAAAAAA"
"chr1","8299451","8299529","KN294372v1","1894381","1894457","11","6405070","CAAGATCACGCCATTGCACTCCAGCCTGGGCGGCAAGAGTGAAACTCCATCTCAAAAAAAAAAAAAGAAAAAAGAAAAA","GATCATGCCATTGCACTCCAGTCTGGGCAATAAGAGTGAAACTCCATCTCAAAAAAAAAAAAAAAAAAAAAAAAAAA"
"chr1","8458454","8458754","KN295667v1","2329438","2329726","31","6129016","GCTGGGCACAGTGGCTCACGCCTGTAATCCCAGCACTTTGGGAGGCCGAGGTGGGTGGATCACCTGAGGTCAAAAGTTTGAGACCAGCCTGGCCAACACAGTGAAACCCCGTCTACACTAAAAATACAAAAAATTAGCTGGGCGTGGTGGCAAACGCCTGTAATCCCAGCTACTGGGGAGGCTGAGGCAGGAGAATTGCTTCAACCCGGGAGGCAGAGGTTGCAGTGAGCTGAGATCGCGCCATTGCACTCCAGCCTGGGCAACAAGAGTGAAACTCCATCTCAAACAAACAAAAACAAAA","GCTGGGCACAGTGGTTCACGCCTGTAATCACAGCACTTTGGGAGATCGAGGTGGGTGGATCACCTGAGGTCAAGAGTTTCCTGGCCAAAACAGTGAAACCCCAACTCTACTAAAAATACAAAAAATTAGCTGGGCGTGGTGGCAAAAGCCTGTAATCCCAGTTACTGGGGAGGCTGAGGCAGGAGAATTGCTTCAATCTGGGAGACAGAGGTTGCAGTGAGCTGAGATCATGCCATTGCACTCCAGCCTGGGCAACAAGAGTGAAACTCTGTCTCAAACAAACAAAAAA"
"chr1","8492255","8492542","KN297023v1","430964","431253","40","8061291","GGCTGGGTGCAGTGACTCATGCCTGTAATCCCAACACTTTGGGAAGCCGAGGTGGGCAGATCACCTGAGGTCAGCAGTTCAAGACCAGCCTGGCCAACATGGCGAAACCTCATCTCTACTAAAAATACAAAAATTAGCCGGGCATGATGACGTGCGCCTGTAGTCCCAGCTACTCTGGATGCTGAGGCAGAAGAATCACATGAATCCGGGAGGCAGAGGTTGTAATGAGCCGAGATCATGCCATTGCACTCCAGCCTGGGCAACAAGAGTGAGACTCTGTCTTAAGAA","GGCCGGGTGCAGTGGCTCATGCCTGTAATCCCAGAACTTTGGGAGGCCAAGGCGGGCAGATCACCTGAGGTAGGGAGTTCCGAGAGCAGCCTGGCCAACATAGTGAAACCTCATCTCTACTAAAAATATAAAAATTAGTTGGGCATGATGGCGGGCACCTGGAATCCCAGCTACTCAGGAGGCTGAGGCAGGAGAATCGCTTGAACCCAGGAGGCGGAGGTTGCAATGAGCCGAGATCATGCCATTGCACTTCAGCCTGGGCAACAAGAATGAAACTCCATCTCAAAAAA"
"chr1","8508064","8508372","KN296481v1","263678","263991","35","8244386","CAGGCACGGTGGCTCACACCTGTAATCCCAGCACTTTGGGAGGCCGAGGTGAGCGGATCGCCTGAGGTCAGGAGTTTGAGACCAGCCTGGCCAACATGGTGAAACCTCGTCTCTACTAAAAATATAAAAATTAGCCGGGCGTGGTGGCACGTGCGTGTAATCTCAGCTATTCAGGAGGCTGAGGCAGGAGAATCACTTGAACCTGGGAGGCGGAGGTTACAGTCAGCCGAAACCGTGCCATTGCATTCTAGCCTGGGCAACAAGAGTGAAACTCTGTCTCAAAAAAATAATAATAATAAAAAATAAAAA","CTGGGCACGGTGGCTCACCCCTGTAATCCCAGCACTTTGGGAGGCTGAGGTGGGCGGATCACCTGAGGTCAGGAGTTCGAGACCAGCCTGGCCAACATGGTGAAACCCCCATCTCTACTAAAAATACAAAAATTAGCCGGGCGTGGTGGTGGGTGCCTGTAATCCCAACTACTCAGGAGGCTGAGGCAGGAGAATCGCTTGAACCCGGGAGGCAGAGGTTGCAGCGAGCCGAGGTAGTGCCATTGCACTCCAGACTGGGCAACAAGAGTGAAACTCTGTCTCAAAATAAATAAATAAAAATAAAAAATTAAAAA"
"chr1","8530354","8530626","KN295667v1","2251475","2251760","39","6278879","TCCCGGCACCCTGGGGGGCCGAGGTGGATCACTTGAGGTCAAGAGTTCGAGACCAGCCTGGCCAACATAGTAAAACCCTGTCTCAACTAAAAATACAAAAAATTAGCCGGGTGTGGTGTTGCATGCTTGTAATCCCAGATACTCAGGAGCCTGAGGCAGCAGAATTGCTTGAACCTGGGAGGCAGAGGTTGCAGTGAGCCAACATCGTGCCATTGTACTCCAGCCTGGGCAACAAGAGCGAAACTCTGTCTCAAAAACAAAACAAAACAAAAA","TCCCAGCACTTCGGGAGGCCGAGGTGGGAGGATCACCTGAGGTCAGGAGTTCGAGACCAGCCTGGCCAGCATGGTGAAACCGTCTCGACTAAAAATACAAAAAATTGGCCGGGTGTGGTGGCGCATGCTTGTAATCCCAGCTACTCAGGAGCCTGAGGCAGGAGAACTGCTTGAACCTGGGAGGCAGAGGTTGCAGTGAGCCGAGATTGTGCCATTGTACTCCAGCCTGGGCAATAAGAGTGAAACTCTGTCTCAAAAACAAAACAAAACAAAACCAAAAACAAAA"
"chr1","8549104","8549402","KN295633v1","141651","141946","29","8407453","GGCCAGGGGTGGTGGCTTATGCCTGTAATCCCACCACTTTGGGAGGCCAAGGCAGGTGGATCACCCGAGGTCAGGAGTTCAAGACCAGTCTGGCCAACATGGGAAACCCCGTCTCTACTAATAATACAAAAATTTAGCTAGGTGGGGTGGCGTGCACCTGTAACCCCAGCTACTCGGGAGGCTGAGGCAGGAGAATTGCTTGAACCCAGGAGGCAGAGGTTGCAGTGAGCCGAGATTGTGCCATTGTACTCCAGCCTGGGCAACAAGAGCAAAATTCTGTCTCAAAAAAAAATGAAAAA","GGCTGGGTGTGGTGGCTCATGCCTGTAATCCCAGCACTTTGGGAGGCCAAGGCAGGCGGATCATGAGGTCAGGAGTTCAAGACCAGCCTGCCCAAAATGGTGAAACCCCGTCTCTACTAAAAATACAAAAATTAGCCAGGTGTGGTGGTGAGGACCTGTAACCCAGCTACTCGGGAGGCTGAGGCAGGAGAATCGCTTGAACCCCGGAGGCGGAGGTTGCAGTGAGCCGAGATTGTGCCATTGTACTCCAGCGTGGGCAACAAGAGCAAGACTCTGTCTCAAAAAAAAAAAAAAAA"
"chr1","8582988","8583291","KN295045v1","441758","442064","42","8141230","CTGGGCACCGTGGCGCACGCCTGGAATCCCAGCACTTTGGGAGGCAGAGGCAGGTGGATCACCTGAGGTCAGGAGTTCATGACCAACCTGGCCAACATGGTGAAACCCTGTCTCTACTAAAAATACAAAAATTAGTTGGGTGTGGTGGTGGGTGCCTATAATCCCAGCTACTCGGGAGGCTGAGTGAGGCAGTAGAATGGCTTGAACCCAGAAGGTGGAGGTTGCAGTGAGCGGAGATCGTGCCATTGCACTCCAGCCTGGGCAACAAGAGCGAAACCCTGTCTCAAAACCAAACAAACAAAAA","GGCCAGGCACAGTGGCTCACGCCTGTAATCCCAGCACTTTGGGAGGCCGAGGTGGGTGGATCACCTGAAGTCAGAAGTTTGAGACCAGCCTGGCCAACATGGTGAAACCCCGTCTCTACTAAAAATACAAAAATTAGCCGGGCATGGTGGTGGGTGCGTGTAATCCCAGCTACTCAGGAGGCTGAGACAGGAGAATTGCTTGAACCCGGGAGGTGGAGGTTGCAGTGAGCCGAGATCATGCCATTGCACTCCATCCTGGGCAACAAGAGCGAAGCCCTGTCTCCAAAACAAAACAAAACAAAACAAA"
"chr1","8635501","8635792","KN294977v1","83660","83960","43","8551841","GCGGTGGTTCATGCCTGTAATCCCAACACTTTGGGAGGCTGAGGCGGGCGGATCACAAGGTCAGGAGTTCAAGACCAGCCTGGCCAATGTAGTGAAACCCCGTCTCTACTAATAATACAAAAACATAGCCGCGGGTGGTGGCAGGTGTCTGTAATTCCAGCTACTTGGGAGGCTGAGGCAGGAGAATCGCTTGAACCCAGAGGCGGAGGCTGGAAAAGAGCTGAGATCGTGCCATTGCACTCCAGCCTGGGTGACAAGAGTGAAACTCTGTCTCCAAAAAAAAAAAAAAGAA","GCCAGGTGCAGTGGCTCACGCCTGTAATCCCAGCACTTTGGGAGGCTGAGGCAGGCAGATCACAAGGTCAGGAGTTCAAGACCAGCCTGGCCAATATGGTGAAACACTGTCTCCACTAAAAATACAAAAAAATTAGCTGGGTATGGTGGCAGGCGCCTGTAATCCCAGCTACTTCGGGAGGCTGAGGCAGGAGAATCACTTGAATCCAGGAGGTAGAAGAGGTTGCAGCGAGCTGAGATCGTGCCATTGCACTCCAGCCTGGGTGACAAGAGTGAAACTCTATCTCAAAAAAAAAAAAAAA"
"chr1","8690588","8690896","KN295871v1","1093938","1094249","35","7596650","GGCTGGGCACAGTGGCTCACGCCTGTAATCCCAGCACGTTGGGAGGCCGAGGCGGGTGGATCACCTGAGGTCAGGAGTTCGAGACCAGCCTGGCCAACATGGTGAAACCCTGTCTGTACTAAAAATACAAAAATTAGCCGGGTGTGGTGGCGGGCACCTGTAATCCCAGCTACTTGATAGGCTGAGGCAGGAGAATTGCTTGAACCTGGGAGGTGGAGGTTGCAGTGAGCCGAGATCGTGCCATTGAACTGCCTGGGTGACAAGAGTGAAACTCTGTCTCAAAGTAAATAAATAAATAAATAAATAAAT","GGCTGGGCACAGTGGCTCACGCCTGTAATCCCAGCACTTTGGGAGATTGAGGTGGGTGGATCACCTGAGGTCAGGAGTTCGAGACCAGCCTGGCCAACATGGTGAAACCCTGTCTGTACTAAAAATACAAAAATTAGCTGGGTGTGGTGGTGGGCACCTATAATCCCAGCTACTCAGGAGGCTGAGGCAGGAGAACTACTTGAACCTGAGAGGTGGAGGTTGCAGTGAGCAGAGATAGTGCCATTGCACTCCAGCCTGGGTGACAGGAGCAAAACTCCGTCTCAAAAAAAAAAAAAAAAATTAAAAGAAAAA"
"chr1","8692877","8693223","KN297168v1","1249525","1249824","97","7443352","GGCCCAGAATGGTGGCTCATGCCTGTAATCCCAAACACTTTGGGAGGCCAAGGTTGGCAGATTGCTTAAGCCCAGGAGTTCAAGACTAAGCTGGGCAACGTCGCAAAACCCCATCTCTACAAAAAAAAAAAAAAAAAAACAAAAATTAGACAGGCGTGGTGGCAAGCACCTGTGGTTCCAGCTACTCGGGAGGATTAGCCAGGTGTGTTGGTGGGCACCTGTAATCCCAGCTACTTGGGAAGCTGAGGAAGGAGAATCACTTGAACCTGGGAGGCAGAGGTTGCAGCGAACTGAGATCACACCACTGCACTCCAGCCTGGGCGACAAGAGCGAAACTCCAACTCAAA","GGACAAGTGTGGTGGCTCACGCCTGTAATCCCAGCACTTTGGGAGGCCGACGTGGGCAGATCACCTGAGGTCAGGAGTTTAAGAGCAGTCTGGCCAACATGGTGAAACCCCATCTCTGCTAAAAATACAAAAATTAGCCTGGCATGGTGGTATGCCTGTGCAGGTGGGTGCCTTTAATCCCATCTACTCTGGAGGCTGAGGCAGGAGAATTGCTTGAACCCAGGTGGCAGAGGTTGCAGTGAGCCGAGATCACAGCATTGCACTCCAGCCTGGGTGATAAGAGCGAAACTCCATCTCAAA"
"chr1","8703953","8704248","KN296062v1","2106200","2106493","31","6597753","GCTGGGCACGGTGGCTCATGCCTGTAATCCCAGCACTTTGGGAGGCCAAGGCGGGTGGATCACCTGAGGTCAGGAGTTCAAGACCAGCCTGGCCAACATGGTGAAACCCCATCTCCACTAAAAATACAAAAATTAGCTGGGTGTGGTGGTGGGTGCCTGTAATCTCAGCTACTTGGGAGGCTGAGGCAGCAGGATCACTTGAACCCGGGAGGTGGCGGTTGCAGTAAACTGAGATTACGCCATTGTACTGCAGCCTAGGCGACAAGAGCGAAACTCAGTCTCAAAAAAAAAATAAA","GGCTGGGCGTGGTGGCTCACGCCTGTAATCCCAGCACTTTGGGAGGCCGAGGCGGGTGGACCACCTGAGGTCAGGAGTTCAAGACCAGCCTGGGCAACATGGTGAAATCCCGTCTCTAACTAAAAATACAAAAATTAGCTGGGCATGGTGGTGCATGCCTGTAATCCCAGCTACTTGGGAGGCTGAGGCAGAAGAATCACTTGAACCTGGGAGGTGGAGGTTGCAGTGAGCTGAGATTGTGCCATTGCACTGCAGCCTAGGCGACAAGAGCAAAACTCCGTCTCAAAAAAAAAA"
"chr1","8734291","8734574","KN296153v1","3928048","3928334","35","4806243","GGCTGGGTGCGGTGGCTCACACCTGTAATCCCAGCACTTTGGGAGGCCGAGGCGGGCAGATCACCTGAGGTCAGGAGTTCGAGACCAGCCTGACCAACATGGTGAAACCCCGTCTCTACTAAAAACACAAAATTAGCCAGGCGTGGTGGCGGGCGCCTGTAATCCGTGCTACTGGGGAGGCTGAGGCAGGAGAATCGCTTGAACCCAGGAGGCGTAGGTTTTGGTAAGCCGAGATTGCACCATTGCATTCCAGCCTGGGCAACAAGAGCGAAACTCCGTCTTAA","GGCCGGGTGTGGTGGCTCACGCCTGTAATCTCAGCACTTTGGGAGGCCGAGGCAGGCGGATCACCCGAGGTCAGGAGTTCGAGACCAGCCTGGCCAACATGGAGAAACCCCGTCTTTACTAAAAATACAAAAAATTAGCCAGGCATGGTGGCAGGCGCCTGTAATCCTAGCTACTAAGGAGGCTGAGGCAGGAGAATCGCTTGAACCCAGGAGTTGGAGGTTGCAGTGAGTGAAGATTGGGCCATTGCACTCCAGCCTGGGCAACAAGAGTGAAACTCCGTCTCAAA"
"chr1","8777673","8777970","KN294407v1","93660","93961","34","8684013","GGCCAGACATGGTGGCTCACGCCTGTAATCCCAGCACTTTGGGAGGCTGAGGTAGGTGGATCACCTGACGTCAGGAGTTGGACACCAGCCTGACCAACATGGTGAAACCCTGTCTCTACTAAATACAAAAAATTAGTCAGGCATGGTAGTGCATGCCTGTAATCCCAGCTACTTGGGAGGTGAGGCAGGAGAATCACTTGAACCCAGGAGGTGGAGGTGGCATTGAGCCGAGATTGTGCCATTGCACTCCAACCTGGGCAACAAGAGCAAAACTCCATCTCAAAAAAAAAAAAAAAAA","GGCCAGGCACGGTGGCTCACACCTGTAATCCCAGCACTTTGGGAGGCCAAGGCGGGTGGATCACCTGAGATCAGGAGTTCGAGACCAGCCTGACCAACATGGTGAAACCCAGTCTCTACTAAAAATACAAAAAATTAGCTGGGCGTGGTAGTGGGTGCTTGTAATCTCAGCTACTTGGGAGGCTGAGGCAGGAGAATCACTTGAACCTAGGAGGTGGAGGTTGCAGTGAGCCAAGATCATGCCATTGCACTTCTAGACTGGGCAACAAGAGCAAAACTCCGTCTCAAAAAAAAAAAAAAAAA"
"chr1","8808411","8808700","KN295667v1","1974665","1974954","28","6833746","GGCCGAGCGCGATGGCTCATACCTGTAATCCCAGCACTTTGGGAGGCCGAGGTGGGCAGATCACTTGAGGTCAGGAATTCGAGACCAGCTTGGCTAACATGGTGAAACCCCGTTGCTACTAAAAATACAAAAATTAGCTGGGCGTGGTGGTTGGCACCTGTAGTCTCAGCTACTCAGGAGGCTGAGGCAGGAGAATTGCTTGAACCCGGGAGGCGGAGGTTGCAGTGAGCCAAGATTGCACCATCACACTCCAGCCTGGGGACAAGAGTGAGACTTCGTCTCAAAAAAAA","GGCTGAGCGCGGTGGCTCACGCCTGTGATCCCAGCACTTTGGGAGGCCAAGGTGGGCAGATCATTTGAGGTCAGGAATTTGAGACCAGCCTGGCCAACATGGTGAAACCCCGTCTCTACTAAAAATACAAACATTAGCTGGGTGTGGTGGCAGGCACCTGTAGTCTCAGCTACTCAGGAGGCTGAGGTAGTAGAATCGCTTGAACTGGGGAGGCGGAGGTTGCAGTGAGCCAAGATTGTGCCATCGCACTCCGGCCTGGGGGACAAGAGCGAGACTTCGTCTCAAAAAAA"
"chr1","8828228","8828534","KN295667v1","1953196","1953501","27","6875032","GCCAGGTGCAGTGGCTCTTGCCTATAATCCCAGCACTTTGGGAGGCTGAGGCAGGTGGATCACTTGAGGTCAGGAGTTCCAGACCAGCCTGGTCAACATGGTGAAACCTCACCTCTACTAAAAATACAAAAATTAGCCAGGCATGGTGGCAGGCGCCTGTAGTCCCAGCTACTTGAGAGGCTGAGGCAGGAGAATCACTTGAATCCCGGAGGCGGAGGTTGCAGTGAGCAGAGATTGCACCACTGCGCTCTACCCTGGGCGATAAGAGTGAGAATCTGTCTCAAAAACAAACAAACAAACAAACAAA","GCCAGATGCAGTGGCTTTCACCCGTAATCCCAGCACTTTGGGAGGCTGAGGCGGGTGGATCACTTGAGGTCAGGAGTACCAGACCAGCCTGGTCAACATGGTGAAACCTCACCTCTACTAAAAATACAAAAATTAGCCAGGCATGGTGGCTGGCGCCTGTAGTCCCAGCTACTCGAGAGGCTGAGACAGGAGAATCACTTGCATCCAGGAGGCGGAGGTTGCAGTGAGCAGAGACTGCACCATTGTGCTCTAGCCTAGGCGATAAGAGTGAGAATCCAACTCAAAAAAAAAAAAAAAATACAAAAA"
"chr1","8828701","8829008","KN295605v1","439991","440299","42","8388710","GGCCGGGTGCAGTGGCATGAGCCTGTAATCCCAGCACTTTGGGAGGCCAACACGGGTGGATTGCCTGAGGTCAGAAGTTTGAGACCAGCCTGGCCAACATGGTGAAACCCCATTTCTACTAAAAGTACAAAAATTAGCTGGGCATGGTGGCGAATGCCTGTAATCTCAGCTACTTGGGAGGCCGAGACAGGAGAATCTCTTGAACCCGGGAGGCAGAGGTTGCAGTGAGCTGAAATCGCGCCATTGCACTCCAGCCTGGAAAACAAGTGTGAAATTCCGTCTCAAAAAAAAAAAAAAAAAAAAAAGAA","GGCCGGGTGCAGTGGTTCATGCCTATAATCCTAGCATTCTGGGAGGCCGAGACGGGTGAATCACCTGAGGTCAGGAGTTTGAGACCAGGCTGGCCAGCATGGTGAAACCCCATCTCTACTAAAAATACAACAAATTAGCCAGGCGTAGTGGCGAACACCTATAATCCCAGCTACTTGGGAGGCTGAGGCAGGAGAATTGCTTGAACCCAGGAGGCAGAGGTTGCAGTGGCCGAGATTGTGCCATTGCACTCCAGCCTGGGCAACAAGAGTGAAATTCCATCTCAAAAAAAAAAAAAAAAAAAAAAGGAA"
"chr1","8846309","8846602","KN297445v1","1326382","1326677","33","7519927","GGCCGGGCACGGTGGCTCATGCCTGTAATCCCAGCACTTTGGGAGGCCGAGGTGGGCAGATCGCCTGAGGTCAGGAGTCTGAGACCAGCCTGACCAACATGGTGAAACCCCATCTCTACTAAAAATACAAAATTAGTCGGGCATGGTGGTGCATGCCTGTAATCCCAGCTACTCGGAAGGCTGAGCCAGGAGAATCACTTGAACCCAGAAGGTGGAGGTTGCAGTGAGCCGCGATGGCGCCATTGCACCCCAGGTTGGGCAACAAGAGCAAAACTCCGTCTCAAAAAAAAAAAA","GGCCGGGCACAGTGGCTCATGCCTGTAATCCCAGCACTTTGGGAGGCTGAGGTGGACAGATCACCTGAGGTCAGGAGTTCAAAATCAGCCTGGCCAACATGGTGAAACCCCATCTCTACTAAAAATGCAAAAATTAGCCAGGCATGGTGGTGCATGCCTGTAATCCCAGCTATTCGGGAGGCTGAGGCAGGAGAATCGCTTGAACCCAGGAGGCGGAGGTTGCAGTGAGCCAAGATTGCACCATTGCACTCCAGCCTGGGCAATAACAGTGAAACTCCTTCTCAAAAAAGAAAAAA"
"chr1","8849519","8849825","KN295893v1","2309532","2309821","48","6539987","GGCCAGGCGTGGTGGCTCACGCCTGTAATCCCAGCACTTTAGGGATTACACACCCATAATCCTAGCGAGGCAGGTGGATCACCTGAGGTCAGGAGTTCAAGACCAGCCTGGCCAACATGGTGAAACCCCATCTCTACTAAAAATACAAAAAAGTAGCTGGACGTGGTGGTGGGCGCCTGTAATCCCAGCTACTCGGGAGGCTGAGGCAGGAGAATTGCTTGAACCCGGGAGGTGAAGGCTGCAGTGAGCCGAGATCACACCATTGCACTCCAGCCTGGGGAAGATGAGCAAAACTCCATCTCGAAAA","GGCCAGGTGCAGTGGCTCATGCCTGTAATCCTAGCACTTTGGGAGGCCAACGTGGGCAGATCACCTGAGGTCAAGAGTTCAAGACCAGCCTGGCCAACATGGTGAAACCTCATCTCTACTAAGAATACAAAAAATTAGCTGGGCGTGGTGGCGGGCGCCTATAATCCCAGCTACTCGGGAGGCTGAGGCAGGAGAACTGCTTGAACTCGGGAGGCAGAGGTTGCAGTGAGCCGAGATGGCACCATTGCACTCCAGTCTGGGCAACAAGAACAAAACTCCATCTCAAAAAA"
"chr1","8854499","8854809","KN294187v1","1813627","1813934","39","7040872","GGCCAGGCGCAGTGACTCACACCTGTAATCCCAACAGTTTGGGAGGCTGAGGTGGGCGGATCACCTGAGGTCAGGAGTTTGAGACCAGCCTGATCAACATGGTGAAATCCCATCTCTACTAAAAATACAAAAATTAGCCGGTCATGGTGGCACATGCCTGCAATCCCAGCTGCTTGGGAGGCTGAGGCAAGAGAATCGCTTGAACCCGGGAGGCGGAGGTTGCAATGAGTCAAGATCGTGCCATTGCACTTCAGCCTGGGCAACAACAGTGAAACTCCATCTCGAAAAAAAAAACAAAAAAACAAAAAGAA","GCCAGGTGCAATGAGTCACGCCTGTAATCCCAGCACTTTGGGAGGCCGAGGCAGGCAGATCACCTGAGGTCAGGAGTTTGAGACTAGCCTGGCCAACGTGGTGAAACCCCATCTCTACTAAAAATATAAAAATTAGTCAGGCATGGTGGCACATGCCTGTAATCCCAGCTACTCGGTAGGCTGAGGCAGGAGAATCACTTGAACCCAGGAGGCGGAGGTTGCAGTGAGCCAAGATCGTGCCATTGCACTCCAACCTGGGCAACGAGAGTGAAACTCTGTCTCAAAAAAAAAAAAAAAAAAAAAAAAAA"
"chr1","8859489","8859787","KN295096v1","2124655","2124956","31","6734834","GGCCGGGTGCGGTGGCTCACGCCTGTAATCCCGGCACTTTGGGAGGCCAAGACAGGTGGATCACCTGAGGTCAGGAGTTTGAGACCAGCCTGACCAACATGGTGAAACCCCATCTCCACTAAAAATACAAAATTAGTCAGGCATGGTGGTGGGTGCCTGTAGTCCCAGCTACTTGGGAGACTGAGGCAGGAGAATCACTTGAACCTGGGAGGCGGAGGTTGCAGTGAGCTGAGATCGTGCCATTGCACTACAGCCTAGGTGACAAGAGCAAAACTCCATCTCAAAAACAAAAAAAAAAA","GGCCAGGTGCGGTGGCTTACGCCTGTAATCCCAGCACTTTGGGAGGCTGAGGCAGGTGGATCACATGAGGTCAGGAGTTTGAGACAAGCCTGACCAACATGGTGAAACCCCATCTCTACTAAAAATACAAAAATTAGCCGGGCATGGTGGTGAGTGCTTGTAATCCCAGCTACTTGGGAGGCTGAGGCAGGAGAATCGCTTGAACCCGGGAGGCAGAGGTTGCGGTGAGCCGAGATTGCGCCATTGCACTCCAGCCTGGGTGACAAGAGTGAAACTCCATCTCAAAAGAACAAACAAACAAA"
"chr1","8859972","8860266","KN295459v1","1614660","1614952","34","7245312","GGCCAGGCTTGGTGGCTCACGCCAATAATCCCAGCACTTCGGGAGGCCGAGGTGGGTGGATCACCTGAGGTCGGGAGTTTGAGACTAGCCTGGCCAACATGATGAAACCCCACTTCTACTGAAAATACAAAAAATTAGCTGGGGGTGGTGGTGGGCGCCTATAATCCCAGCTACTCAGGAGGCTGAGGCAAGAGAATCGCTTGAACCCAGGAGGTGGAGGCTGCAGTGAGCTGAGATCGTGCCATTCCACTCTAGCCCGGGCAACAAGAGTGAAACTCCGTCTCAAAAAAAAAAA","GGCCAGGTGCAGTGGCTCACGTCTGTAATCCCAGCACTTTGGGAGGCCGAAGCGGGTGGATCACCTGAGGTCAGGAGTTGGAGACAAGCCTGGCCAACATGGTGAAACCCCATCTCTACTAAAAATACAAAAATTAGCTGGGCGTGGTGGTGGGCACCTGTAATCCCAGCTACTCAGGAGGCTGAGGTAGGAGAATCGCTTGAACCCAGGAGGAAGAGGTTGCAGTGAGCCAAGATCGTGCCATTGCACTCCAGCCCAGGCAACAAGAGCGAAACTCCATCTCAAAAAAAAAA"
"chr1","8905457","8905752","KN296732v1","2013890","2014190","39","6891567","GGCCGGACATGGTGGCTCACCCCTGTAATCCCATCACTTTGAGAGGCTGAGGTGGGTGGATCACCTGAGGTCAGGAGTTTGAGACCAGCCTGGCCAACATGGTGAAACCCCATCTCGACTAAAAATACAAAAAATTAGCCAGGTGTGGTGGCACATGCCTGTAATCCCAGCTACTCAGGAGGCTAAGGCAAGAGAATTGCTTGAACCAAGAGGCAGAGGTTGCAGTGAGCCAAGATCACTCCATTGCACTCCAGCCTGGGCAACAAGAGTTAAAAAAAGAAAAAAAAGAAAAGAAA","GGCTGGGCACGGTGGCTCACGCCTGTAATCCCGGCATTTTGGGAGGCCGAGGTGGGCGGATCACCTGAGGTCAGGAGTTCGAGACCAGCCTGGCCAACATGGTGAAACCCCATCTCTACTAAAAATACAAAAATTAGCCAGGCATGGTGGCGGATGCCTGTAATCCCAGCTACTCAGGAGGCTGAGGCAGGAGAATCGCTCGAACCCGGGAGGCAGAGGTTGTGGTGAGCCGAGATCACACCATTGCACTCCAGCCTGGGCAACAAGAGTGAAACTCCATCTCAGAAAAAAAAAAAAAAAA"
"chr1","8909674","8909963","KN296062v1","1301069","1301358","34","7608605","GGCTGGGCCCCGTGGCTCAAGCCTGTAATCCCACACTTTGGGAGGCCGAGGAGGGCAGATCACTTGAGGTTGGGAGTTCGAGACCAGCCTGGCCAACATGGTGAAACCCTGTCTCTACTGAAAATACAAAAATTAGCTGGGTGTGATGGTGGGTGTCTGTAATCCCAGCTACTCGGGAGGCTGAGGCAGGAGAATTGCTTGAACCCAAGAGGTGGAGGGTGCAGTGAGCTGAGATAGCGCCACTGCACTCCAGCCTGGGTGACAAGAGAGAAACTCTTTTTCAAAAACAA","GGCTGGGCGCAGTGGCTCACGCCTGTAATTCCACACTTTGGGAGGCTGAGGCGGGCAGATCACCTGAGGTCGGGAGTTCGAGACCAGCCTGGCCAACATGGTGGACCCCCGTCTCTACTAAAAATACAAAAATTAGCTGGGTGTGGTGGCAGGCGCCTGTAATTCCAGCTACTTGGGAGGCTGAGGCAGGAGAATCACTTGAACCCAGGAGGTGGAGGGTGCAGTGAGCTGATATTGCACCATTGCACTCCAGCCTGGGGGACAAGAGTGAGGCTACATTTCAAAAATAA"
"chr1","8919465","8919605","KN296825v1","1361880","1362022","15","7557585","CTACTCGGGAGGGTGAGGCAGGAGAATCACTTGAACCTGGGAGGCGGAGGTTGCAGTGAGCCGAGATTACACCACTGCACTCCAGCCTGGGCGACAAGAACAAAACTCCATCTACAAAAAAAAAAAAAAAAAAGAAAGAAA","GCTACTTGGGAGGCTGAGGCAGGAGAATCACTTGAACCTGGGAGGCGGAGGTTGCAATGAGCCAAGATCACGCCATTGCACTCCAGCCTGGGCAACAAGAGTGAAACTCCATCTCAAAAAAAAAAAAAAAAAAGAAAGAAAAA"
"chr1","8939023","8939317","KN297058v1","42553","42853","35","8896470","GCAGTGGCTCACGCCCGTAATCCCAGCACTTTGGGAGGCTGAGGTGAGTGGATCACCTGAGCTCAGGAGTTCGAGACCAGCCTGGCCAACATGGTGAAACTCCGTCTCTACTAAAAATACAAAAAAATTAGCCAAGTGTGGTGGCGGGTGCCTGTAATCCCAGCTACTCAGGAGGCTGAGACAGGAGAATCACTTGAACCCAGGAGGCAGAGGTCGCAGTGACCCGAGATCTTGCCATTGCACTCCAGCCTGGACAACAAGAGCGAAACTCTGTCTCAAAAAAAAAAAAAAAAAA","GGCTGGGCATGGTGGCTCACGCCTGTAATCCCAGCACTTTGGGAGGCTGAGGCAGGGGGATCACCTGAGGTCAGGAGTTTGAGACCAGCCTGGTCAACAAGGTGAAACCCCGTCTCTGCTAAAAATACAAAATTAGCCAAGCGTGGTGGCGCATGCCTGTAATCCCAGCTACTCAGGAGGCTGAGGCAGGAGAATCACTTGAACCCCAGAGGCAGAGGTGGCAGTGAGCCGAGATTGTGCCATTGCATTCCAGCCTGGACAACAAGAGCGAAACTCCGTCTCAAAAAAAAAAAAAAAAAAA"
"chr1","8949052","8949328","KN295667v1","1816859","1817153","40","7132193","CTCCCGCCTGTAATCCCAGCACTTTGGGAGGCCGAGGTGGGCAGATCACCTGAGGTCAGGAGTTTGAGACCAGCCTGGCCAACATGGTAAAACCCCACCTCTACTAAATTTACAAAACTTAGCCGGGTGTGGTGGCGGGTGCCTGGAATCCCAGCTACTCAGGAGGCTGAAGCAGGAGAATTGCTTAAACCCGGGAGGCGGAGGTTGCAGTGAGCCGAGATCGCGCCATTGCATTCCAGCCTTGGAGACAAGAGCGAGATTCCATCTCAAAAAAAAA","GGCTGGGCACAGAGGCTCACGCCTGTAATCTCAGCACTTTGGGAGGCCAAGGTGGGCAGATCACCTGAGGTCAGGAGTTTGAGACCAGTCTGGCCAACATGGTAAAACCCCATCTCTACTAAATACAAAACTTAGCTCGGTGTGGTGGCGGGTGCCTGTCATCCCAGCTACTCGGGAGGCCGAAGCAGGAGAATTGCTTAAACCCAGGAGGCGGAGGTTATAGTGAGCCGAGATCATGCCATTGCACTCCAGCCTTGGCGACAAGAGCAAGATTCCATCTCGCAAAAAAAAAAAA"
"chr1","8961795","8962102","KN295441v1","1618043","1618347","32","7343752","GGCCAGGCGCGGTGGCTCACACCTGTAATCTCAGCACTTTGGGAGGCCAAGGCAGGCGGATCACCTCAGGTCAGGAATTCAAGACCAGCCTGACCAACATGGTGAAACCCCGTCTCTACTAAAAATACAAAAATTAGCCAGGCATGGTGGTGGGCGCCTGTAATCCCAGCTACTTGGGAGGCTGAGGCCGGAGAGTCACTTGAACCCGGGTGGTGGAGGTTGCAGTGAGCCGAGATCAAGCCATTGCACTCCAGCCTGGGCAACAAGAGTGAAACTTCATCTCAAAAAAAAAGAAAAAAAGAAAGAAA","GGCCAGGTGCGGTGGCTCACACCTGTAATCCCAGCACTTTGGGAGGCCGAAGCAGGTGGATCACCTGAGGTCAGGAGTTCAAGACAAGCCTGGCCAACACGGGAAAACCCTGTCTCTACCAAAAATACAAAAATTAGCTGGGCATGATGGTGAGCGCCTATAATCCCAGCTACTTGGGAGGCTGAGGCAGGAGAATCACTTGAACCTGGGAGGTGGAGGTTGCAGTGAGCTGAGATCAAGCCATTGCACTCCAGCCTGGGTGACAAGAGCGAAACTACGTCTCAAAAAAAAAAAAAAAAAAAAAA"
"chr1","8971839","8972148","KN295667v1","1796551","1796859","25","7175288","GCCTGGTGAGGTGGTTCATGCCTGTAATCCCAGCACTTTGGGAGCCCGAGGCGGGCAGATCACCTGAGGTCAGGAGTTCGAGACTAGCCTGGCCAACATGGTGAAACCTTGTCTCTACTAAAAACACAAAAATTGGTTGGGCATGGTGGTGCATGCCTGTAATCCCAGCTACTCAGGAGGCTGAGGCAGGAGAATCACTTGAACTCAGGAGGCAGAGGTTGCAGTGAGCCAAGATTGTGCCATTGCACCCCAGCCTGGGCAACAAGAGCAAAACTCCATCTCAAAGAAAAAAAAAAAAAAAAGAAAGAAA","GGCCTGGTGAGGTGGCTCATACCTGTAATCTCAGCACTTTGGGAGCCTGAGGTGGGCAGATCACCTGAGGTCAGGAGTTCGAGACTAGCCTGGCCAACATGGTGAAACCTTGTCTCTACTAAAAATACCAAAATTGGTTGGGCGTGGTGGCGCGTGCCTGTAATCCCAGCTACTCGGAAGGCTGAGGCAGGAGAATTGCTTGAACCCAGGAGGCGGAGGTTGCAGTGAGCCAAGATCATGCCATTGCACTCCAGCCTGGGCAACAAGAGCAAAACTCCATCTCAGAAAAAAAGAAAAAAAGAAAGAAAA"
"chr1","8980635","8980937","KN297133v1","419676","419981","36","8560959","GGGCCCGGTGGCTCATGCCTGTAATCCCAGCACTTTGGGAGGCCAAGGTGGGGGGATCACCTGAGGTCAGGAGTTCACAACCAGCCGGGTCAACATAGTGAAACCCGTCTTTACTAAAAATACAAAAATTAGCCAGACGTGGTGGCAGGCGCCTGTAATCCCAGCTACTTGGGAGGCTGAGGCAGGAGAATCATTTGAACCTGGGAGGTGGAGATTGCAGTGAGCCGAGATTGTGCCACTGCACTCCAACCTGGGTGACAAGAGTGAAACTTCGTCTCAAAAAAAAAAAAAAAAAAAAGGAAA","GGCCGGGCACGGTGGCTCGTGCCTGTAATCCCAGCACTTTGGGAGGCTGAGGCGGGCAGATCACCTGAGGTCAGGAGTTCAAGACCAGCCTGGCCAACATAGTGAAACCCCGTCTCTACTAAAAATACAAAAAATCAGCCGGGCGTGGTGGCAGGTGCCTGTAATCCCAGCTACTCGGGAGGCTGAGGCAGGAGAATCACTTGAACCCGGGAGGTGGAGGTTGCAGTGAGCCGAGATTACGCCATTGCACTCCAGCCTGGGGGACAAGAGCGAGACTTCGTCTCAAAAAAAAAAAAAAAAAAAAAA"
"chr1","9023118","9023409","KN297095v1","1452898","1453193","36","7570220","GGCCGGGTGCAGCAGCTCACACCTGTAATCCCAGCACTTTGGGAGTCCAAGGCGGGTGGATCACTTGAGATCAGGAGTTCAAGACCAGTCTGACCAACATGGTGAAACCCTGTCTCTACTAAAAAAATACAAAATTAGCCGGGCGTGGTGGCACACACCTGTAATCCCAGCTACTTGGGAGGCTGAGGCAGGAGAATTGCTCGAACCCAGAAGGCAGAGGTTGCAGTGAGCCAAGATCGTGCCATTGCCCTCCAGCAACAAGAGCGAAACTCCATCTCAAAAAAAAAAAAAA","GGCCGGAGGCGGTGGCTCACACCTGTAATCCCAGCACTTTAGGAGGCCAAGGCAGGCGGATCACCTGGGATCAGGAGTTCGAGACCAGCCTGGCCAACATGGTGAAACCCTGTCTCTACTAAAAATACAAAATTAGCCGGGCATGGTGGCACATGCCTGTAATCCCAGCTACTTGGGAGGCTGAGGCAGAAGAATCACTCCAACCTGGGATGCAGAGGTTGCAGTGAGCCAAGATCGTGCCATTGCACTCCAGCCTGGGCAACAAGAGTGAAACTCCGTCTCAAAAAAAAAAAAAA"
"chr1","9023729","9024027","KN295667v1","1746297","1746597","28","7277432","GGCCGGGCGCCGTGGCTCACACCTGTAATCCCAGCACTTTGGGAGGCCGAGGCAGGCAGATCACCAGGTCAGGAGTTTGAGACTAGCCTGGTCAACATGGTGAAACCCCGTCTCTACTAAAAATACAAAAATTAGCCGGCTTGGTGGCGGGCATCTGTGATTCCAGCTACTCGGGAGGCTGAGGTAGGAGAATCGCTTGAACCCAGGAGGCGAAGGTTGCAGTGAACCGAGATTGTGCCATTGCACTCCAGCCTGGGCAACAAGAGCGAAAGTCCGTCTCAAAAAAATAAATAAATAAA","GGCCGGGCACAGTGGCTCATGCCTGTAATCCCAGCACTTTGGGAGGCCGAGGCAGGCAGATCACCAGGTCAGGAGTTCAAGACTAGCCTGGTCAACATGGTGAAACTCCATCTCTACTAAAAATACAAAAATTAGCTGGCTTGATGGTGGGCAACTGTGATCCCAGCTACTTGGGAGGCTGAGGCAGGAGAATCACTTGAACCCAGGAAGCGAAGGTTGCAGTGAGCCAAGATTGCGCCATTGCACTCCAGCCTGGGCAACAAGAGTGAAACTCCATCTCAAAAAAAAAAAAAAAAAAAAA"
"chr1","9072224","9072509","KN294949v1","1384705","1384997","41","7687519","GGCCGGGCATGGTGGCTCACGCCTGCAATCCCAGCATTTTGGGAGGCTGAGGTCAGGAGTTTGAGACTAGCTTGGCCAACATAGTGAAACCCCATCTCTACCAAAAATACAAAAATTAGCTGGGTGTGGTGGCGGGCAGCTGTAATCCCAGCTACTCAGGAGGCTGAGGTAGGAGAATCAGTTGAACCCGGGAGGCAGAGGTTGCAGTGAGCCAAGATCATGCCACTGCACTCCAGCCTGGGTGACAAGAGGGAAACTCCATCTCAAAAAAAAAAAAAAAAAAAAA","GACTGGGCAAGGTGGCTCGTGCCTGTAATCCCAGCACTTCGAGAGGCCACCTAAGGTCAAGAGTTTGAGAATAGCCTGGCCAACATGGTGAAACCCCGTCTCTACTAAAAATACAAAAATTAGCTGGGTTTGGTGTCGGGCACCTGTAATCCCAGCTACTTGGGAGGCTGAGGTAGGAGAATCACTTGCACCTGGAAGGCAGAGGTTGCAGTGAGCCGAGACCACGCCATTGCACTCCAGCCTGGGCAACAAGAGTGAAATTCCATCTCAAAAAAATAAAAAACCACAAAAAA"
"chr1","9094332","9094594","KN295667v1","1674893","1675154","23","7419439","TTGGGAGGCTGAGGTGGGTGGATCACCTGAGGTCAGCAGTTCGAGACCAGCCTGGCCAACATGGTGAAACCCCATCTCTACTAAAAATACAAAAATTAGCCAGGCGTGGTGGCAGGTGCCTGTAATCCCAGCTACTCAGGAGGCTGAGGCAGGAGAATCACTTGAACCTGGGAAGCAGAGGCTGCAATGAGCTGAGATCATGCCATTGCACTCCAGCCTGGTCAACAAGAGCGAAACTTCATCTCAAAAAAAAAAAAAAAAAA","TTGGGAGGCCGAGGCGGGTGGATCACCTAAGGTCAGGAATTCGAGACCAGCTTGGCCAATGTGGTGAAACCCCGTCTCTACTAAAAATACAAAAATTAGCCAGGCGCGGTGGCGGATGCCTGGAATCCCAGCTACTCAGGAGGCTGAGGCAGGAGAATCACTTGAACCCGGGAGGCAGGGGCTGCAACGAGCTGAGATCGCACCATTGCACTCCAGTCTGGGCAACAAGAGCGAAACTTCATCTCAAAAAAAAAAAAAAAAA"
"chr1","9109208","9109514","KN295667v1","1659641","1659946","26","7449567","GCGGGGTTCGGTGGCTCCTGCCTGTAATCCCAGCACTTTGGGAGGTTGAGGTGGGCAGATCACCCGAGGTCAGGAGTTCAAGACAGGCCTGGCCAAAATGGTGAAACCCCATCTCTGCTAATAATACAAAAAAATTAGCAGGGCATGGTGGCACATGCCTGTAATCCCAGCTACTCGCGAGGCTGAGGCAGAAGAATCACTTGAACCCAGGAGGTGGAGGTTGCAGTGAGCCGAGATTGCACCATTGCACTCCAGCCTGGGCAACAAGAGTGAAACTCCATCTCAAAACAAAGAAACAAACAAACAA","GCCAGGTTCGGTGGCTCATGCCTGTAATCCCAGCACTTTGGGAGGCTGAGGTGGGCGGATCACCTGAGGTCAGGAGTTCAAGACCAGCCTGGCCATCGTGGTGAAACCCCATCTTTACTAATAACACAAAAAAATTAGCAGGACATGGTGGTGCATGCCTGTAATCCCAGCTACTCGGGAGGCTGAGGCAGGAGAATCGCTTGAACCCAGGAGGTGGAGGTTGCAGTGAGTCGAGATCGCACCATTGCACTCCAGCCTGGGCAACAAGAGTGAAACTCCACCTCAGAACAAACAAACAAACAAAAA"
"chr1","9127396","9127688","KN296635v1","5447621","5447911","33","3679775","GGCCGGGCACAGTGGCTCACACCTGTAACCCCAGCACTTTGGGAGGCCAAGGCGGGCGGATCACCTGAGGTCAGGAGTTCAAGACCAGCTTGGCCAACATGGTGAAACCCTGTCTCTACTAAAAATACAAAAATTAGCCAGGCATGGTGATGCACGTCTGTAATCCCAGGTCCTTGGGAGGCTGAGGCAGGAGAATCTCTGAACCTGGGAGGCGGAGGTTGCGGTGAGCCAAGACCACACCATTGCACTCCAGCCTGGGCAACAAGAGTGAAACTCGGTCTCAAACAAACAAA","GGCCAGGCACAGTGGCTCACACCTGTAATCCCAGCACTTTGGGAGGCCAAGGTGGGAGGATCACCTGAGGTCAGGAGTTCGAGACCAGCCTGACCAACATGGTGAAACTCTATCTCTACTGAAAATACAAAATTAGCCAGCCATGGTGGTGGGTGCCTGTAATCCCAGCTACTTGGGAGGCTGAGGCAGGAGAATCGCTTGAACCTGGGAGACAGAGGGTGCAGTGAGCCAAGATCGCACCATGGCACTCCAGCCTGGGCAAAAAAAGTGAAACTCCGTCTCAAAAAAAAA"
"chr1","9148689","9148978","KN295667v1","1619746","1620045","36","7528943","GTGGCTCACACCTGTAATCCCAGCACTTTGGGAGGCTGAGGTGGGTGGATCACTTGAGGTCAGGAGTTTGAGATCAGCCTGAGCAACACGGTGAAACCCCATCTCTACTAAAAATACCAAATTAGCCAGGCATGGTGGCGCATGCCTGTCGTCCCAGCTACTTGGAAGGCTGAGGCAGGAGAGTCACTTGAACACAGGAGGTGGAGGTTGCAGTGAGCCGAGAGATCGCACCATTGTACTCCAGCCTGGGCAACAACAGTGAAACTGTCTTGGGTGGGGGAAAAAAAAAA","GGCCAGCCACAGTGGCTCACGCCTGTAATCCCAGCACTTTGGGAGGCTGAGGTGGGTGGATCACTTGAGGTCAGGAGTTTGAGACCAGCCTGGGCAACATGGTGAAACCCCATCTCTACTAAATATACTGAATTAGCCAGGCATAGTGGCGCACGCCTGTAGTCCCAGCTACCTGGAAGGCTGAGGCAGGAGAATCACTTGAACGTGGGAGGTGGAGGTTGCAGTGAGCCGAGAGATCGCGCCATTGTACTCCAGCCTGGGCAACAAGAGTGAAACTCCGTCTCGAGTGGAGAAAAAAAA"
"chr1","9166484","9166786","KN295667v1","1602744","1603050","28","7563740","GCCAGGCGCGGTGGCTCACACCTGTAATCCTAGCACTTTGGGAGGCTGAGATGGGCAGATCACTTGAGGTCAGGAGTTCGAGACCAGCCTAGCCAACATGATGAAACCCCCATCGCTACTAAAAATACAAAAATTAGCTAGGCATGGTGGTGGACGCCTGTAATCCCAGCTACTTGGGAGGCTGAGGCAGGAGAATCGCTTAAAGCCAGGAGGTGGAAGTTGCAGTGAGCCAAGATCGCGCCATTGCACTCCTGCCTGGGTGACAAGAGTGAAACTCTATCTCAAAAAAAAAAAAAAAAAAAA","GCCGGGCGCAGTGGCTCACACCTCTAATCCTAGCACTTTGGGAGGCTGAGGGGAGAGGATCACTTGAATTCAGGAGTTCAAGACCAGCCTGGCCAACATGGTGAAACCCCCATCTCTACTAAAAATACAAAAATTAGCTGGGCATGGTGGTGGACACCTGTAATCCCAGCTACTCGGGAGGCTGAGGCAGGAGAATTGCTTAAACCCAGGAGGTGGAAGTTGCAGTGAGCCGAGATCGTGCCATTACACTCCTGCCTGGGTGACAAGAGTGAAACCCCATCTCAAAAAAAAAAAAAAAAAAAAAAAA"
"chr1","9184385","9184712","KN294571v1","2556561","2556885","47","6627824","GGCTGGGCACGGTGGTTCACACCTGTAATCCCTGCACTTTGGGAGGCCGAGGTGGGCAGATCACCTGAGGTCAGGAGTTCAAGACCAGCCTGGCCAACATGGTGAAACCCTGTCTCTACTAAAAAATACAAAAAAAATTAACTGGGTGTAGTGGCACATGCCTGTAATCCCAGCTATTCAGGAGGCTGAGGCGGGAGAATCATTTGAACCCGGGAGGCAGAGGTTGCAGTGAGTCAAGATCACACGATTGTACTCCAGCCTGGGCAACGAGAGCCGAAACTCCATCTCAAAAAAATAAATAAATAAAATAAAATAAATAAAAAATAAA","GGCCGGGCATAGTGGCTCACACCTGTAATCCCAGCACTTTGGGAGGCCGAGGTGGGTAGATCATCTGAGGTCAGGAGTTCAAGACGAGCCTGACCAACATGGTGAAACCCTCTCTCTACCAAAAATACAAAAATTAGCTGGGTGAGGTGTGCATACCTCTAACGTCAGCTACTCAGGAAGCTGAGGCAGAAGAATCGCTTGAACCCGGGAGGCAGAGGTTGCAGTGAGCCAAGATTGCACCATTGCACTCCAGCCTGGGTGACAAGAGGGAAACTCCATCTCAAATAAATAAATAAATAAATAAATAAATAAATAAATAAATAAA"
"chr1","9185941","9186236","KN295667v1","1586465","1586775","34","7599476","CCAGGCACAGTGGCTCATGCCTGTAATCCCAGCACTTTGGGAGGCCAAGGTGGACAGATCACCTGAGGTCAGGAGTTCAAGACCAGCCTGGCCAACATGGGTGAAACCCCATCTCTACTAAAAATACAAAATTAGCCGAGTGTGGTGGCAGCCGCCTGTAATCCCAGCTACTTGGGAGGCTGAGGTAGGAGAATTGCTTGAATCCAGGAAGCAGAGGTTGCAGTGAGCCGAGACCGTGCCATTGCACTCCAGCCTGGGCAACAAGAGTGAAACTCCATCTCAAAACAAAAAAGAGA","GACCAGGTGCAGTGGCTCACGCCTCTAATCCCAGCACTTTGGGAGGCCAAGGTGGGCAGATCACCTGAGGTCAGGAGTTCGAGACCAGCCTGGCCAACATGGTGAAACCCCGTCTCTACTAAAAATACAAAAATTAGCCAAGTGTGGTGGCAGCCGCCTGTAATCCCAGCTACTTGGGAGGCGGAGGCAGAAGAATTGCTTGAACCCAGGAAGCGGAGGTTGCAGTGAGCCAAGACTGTGCGCCATTGCATTCCAGCCTGGGCAACAAGAGTGAAACTCCATCTCAAAAAAAAAAAAAAAAAAGAAAGAGA"
"chr1","9204051","9204344","KN295667v1","1569370","1569660","23","7634681","GGCCAGGAGCAGTGGCTCACGCCTGTAATCCCAGAACTTTGAGAGGCCAAGGTGGGTGGATCACCTGAGGTCAGGAGTTCGAGACCAGCCTGGCCAACATGGTGAAACCCCGTCTCTACTAAAAATGCAAAAATCAGCCAGGTGTGGTGGCAGGTGCCTGTAATCCCAGATAATCGGGAGGCTGAGGCGGTAGAATCGCTTGAACCTGGGAGGCGGAGGTTGCAGTGGCTGAGATGGCGCCATTGCACTCCAGCCTGGGCGACAAGAGCAAAACTCCATCTCAAAATAAATAAA","GGCCAAGAGCAGTGGCTCACGCCTGTAATCCCAGCACTTTGAGAGGCCAAGATGGGTGGATCACCTGAGATCAGGAGTTCAAGACCAGCCTGACCAACATGGTGAAACCCCATCTCTACTAAAAATGCAAAAGCCAGGTGTGGTGGCAGGTGCCTGTAATCCCAGCTACTCGGGAGGCTTAGGCGGGAGAATCACTTGAACCTGGGAGGTGGAGGTTGCAGTGAGCTGAGATCGCACCATTGCACTCCAGCCTGGGTGACAAGAGCAAAACCACATCTCAAAATAAATAAA"
"chr1","9211407","9211711","KN296205v1","605596","605883","57","8605811","GGCCAGGTGTGGTGGTTCACACCTGTAATCCCAGCACTTTGGGAGACCGAGATGGGTGGATTACCTGAGGTCAGGAGTTTGACCTCAAGTCAGGAATTTGACCTGACTGGCCAACATGGTGAAACCCTGTCTCCACAAAAATTAGCTGGGCATAGTGGTGGGCACGTGTAATCCCAGCTACTCAGGAGGCTGAGGCAGGAGAATCACTTGAACCTGGGAGGTGGAGGTTGCAGTGAGCCAGGGTCAGGCCATTGCACTCCGCCTGGGCAACAAAAGCGAAACTCCGTCTCAAAAAAAAGAAAAAA","GGCCAGGCACGGTGGCTCATGCCTATAATCCCAGCAGTTTGAGAGGCTGAGGTGGTGGATCACCTGAGGTCAGGAGTTCAAGACCAGCCTGGCCAACATGGTGAAACCCTGTCTCTACTAAAAATTAGCTGGGCATGGTGGCGGGAGCCTGTAATCCCAGCTAGTCAGGAGGCTGAGGCAGGAGAATCGCTTGAACCTGGGAGGCGGAGGTTGCAGTGAGCTGAGATGGTGCCATTGCACTCCAACCTGGGCAACAAGAGTCAAACTCTGTCTCAAAAAAAAAAAAAA"
"chr1","9257790","9258099","KN296040v1","733119","733420","35","8524671","GGCTGGGTGCCGTGGCTCATACCTGCAATCCCAGCACTTTGGGAGGCCGAGGCAGGTGGATCACTTGAGGTCAGGAGTTCCAGACCAGCCTGACCAACATGATGAGACCCCATCTCTACTAAAAATACAAAAATTATCTGGGTGTGGTGGCACATGCCTGTAATCCCAGCTACTTGGGAGGCTGAGGCAGGAGAATCATTTGAACCCAGGAGGTAGAGGTTGCAGTGAGCCAAGATCATGCCATTACACTCCAGCCTGGGCAACAAGAGTGAAACTCCATCTCAAAAATAAATAAATAAATAAATAGATA","GGCCAGGTGTGGTGGCTCACACCTGTAATCCCAGCACTTTGGGAGGCCGAGGCAGGTGGATCACCTGAGGTCAGGAGTTCGAGACCAGCCCAGCCAACATGGTGAAAGCCCGTCTCTACTAAATATACAAAATTAGCTGGGCATGGTGGCACATGCCTGTAATCCCAGCTACTCGGGAGGCTGAGGCAGGAGAATCACTTGAACTCAGGAGGCAGAGGTTGCAGTGAGCCAAAATCATACCATCACACTCCAGCCTGGGCAACAAGAGTGAAACTCCACCTCAAAAAAAAAAAAAAAAAAAA"
"chr1","9267087","9267381","KN295268v1","210057","210344","61","9057030","TCATGCCTGTAATCCCAGCACCTCAGGGGGGCGGAGGGGGTGGATCACCTGAGGTCAGGAGTTCAAGACTAAGACCTGGATAACAAAGTGAAACCCTGTTTTCTACTAAAAAAAACATAAAATTAGCCGGGAGTGGGGGCACGGGCCTGTATCCCAGCCACTCAGGAGGCTAAGGTGGAAGAATCGCTTGAACCAGGAGGAGAAGGTTGCAGTGGGCCGAGATCGCGCCATTGCACTCCAGCTTGGGCAACAAGAGTGAAACTCCGTCCCCCCCCCCCAAAAAAAAACCAAACAA","CATACCTGTAATCCCAGCACTTTGGGAGGCTGAGGTGGGTGGATCACCTGAGGTCAGGAATTCAAGACCAACCTGGCTAACATGGTGAAACCCCGTTTCTACTAAAAATACAAAAAAATTAACCAGGTGTGGTGGTATGCACCTGTAATCCCAGCTGCTCAGGAGGCTGAGGCGGGAGAATTGCTTGAACCCGGGAGGTGGAGGTTGCAGTGAGCTGCCGTCGCACCATTGCCCTCCAGCTTGGGCAACAAAAGTGAAACTCCATCTCAAAAAAAAAAAAAAAAAAAA"
"chr1","9268655","9268948","KN295667v1","1569370","1569660","23","7699285","GGCCAGGAGCAGTGGCTCACGCCTGTAATCCCAGAACTTTGAGAGGCCAAGGTGGGTGGATCACCTGAGGTCAGGAGTTCGAGACCAGCCTGGCCAACATGGTGAAACCCCGTCTCTACTAAAAATGCAAAAATCAGCCAGGTGTGGTGGCAGGTGCCTGTAATCCCAGATAATCGGGAGGCTGAGGCGGTAGAATCGCTTGAACCTGGGAGGCGGAGGTTGCAGTGGCTGAGATGGCGCCATTGCACTCCAGCCTGGGCGACAAGAGCAAAACTCCATCTCAAAATAAATAAA","GGCCAAGAGCAGTGGCTCACGCCTGTAATCCCAGCACTTTGAGAGGCCAAGATGGGTGGATCACCTGAGATCAGGAGTTCAAGACCAGCCTGACCAACATGGTGAAACCCCATCTCTACTAAAAATGCAAAAGCCAGGTGTGGTGGCAGGTGCCTGTAATCCCAGCTACTCGGGAGGCTTAGGCGGGAGAATCACTTGAACCTGGGAGGTGGAGGTTGCAGTGAGCTGAGATCGCACCATTGCACTCCAGCCTGGGTGACAAGAGCAAAACCACATCTCAAAATAAATAAA"
"chr1","9275546","9275850","KN296205v1","605596","605883","57","8669950","GGCCAGGTGTGGTGGTTCACACCTGTAATCCCAGCACTTTGGGAGACCGAGATGGGTGGATTACCTGAGGTCAGGAGTTTGACCTCAAGTCAGGAATTTGACCTGACTGGCCAACATGGTGAAACCCTGTCTCCACAAAAATTAGCTGGGCATAGTGGTGGGCACGTGTAATCCCAGCTACTCAGGAGGCTGAGGCAGGAGAATCACTTGAACCTGGGAGGTGGAGGTTGCAGTGAGCCAGGGTCAGGCCATTGCACTCCGCCTGGGCAACAAAAGCGAAACTCCGTCTCAAAAAAAAGAAAAAA","GGCCAGGCACGGTGGCTCATGCCTATAATCCCAGCAGTTTGAGAGGCTGAGGTGGTGGATCACCTGAGGTCAGGAGTTCAAGACCAGCCTGGCCAACATGGTGAAACCCTGTCTCTACTAAAAATTAGCTGGGCATGGTGGCGGGAGCCTGTAATCCCAGCTAGTCAGGAGGCTGAGGCAGGAGAATCGCTTGAACCTGGGAGGCGGAGGTTGCAGTGAGCTGAGATGGTGCCATTGCACTCCAACCTGGGCAACAAGAGTCAAACTCTGTCTCAAAAAAAAAAAAAA"
"chr1","9318894","9319203","KN296040v1","733119","733420","35","8585775","GGCTGGGTGCCGTGGCTCATACCTGCAATCCCAGCACTTTGGGAGGCCGAGGCAGGTGGATCACTTGAGGTCAGGAGTTCCAGACCAGCCTGACCAACATGATGAGACCCCATCTCTACTAAAAATACAAAAATTATCTGGGTGTGGTGGCACATGCCTGTAATCCCAGCTACTTGGGAGGCTGAGGCAGGAGAATCATTTGAACCCAGGAGGTAGAGGTTGCAGTGAGCCAAGATCATGCCATTACACTCCAGCCTGGGCAACAAGAGTGAAACTCCATCTCAAAAATAAATAAATAAATAAATAGATA","GGCCAGGTGTGGTGGCTCACACCTGTAATCCCAGCACTTTGGGAGGCCGAGGCAGGTGGATCACCTGAGGTCAGGAGTTCGAGACCAGCCCAGCCAACATGGTGAAAGCCCGTCTCTACTAAATATACAAAATTAGCTGGGCATGGTGGCACATGCCTGTAATCCCAGCTACTCGGGAGGCTGAGGCAGGAGAATCACTTGAACTCAGGAGGCAGAGGTTGCAGTGAGCCAAAATCATACCATCACACTCCAGCCTGGGCAACAAGAGTGAAACTCCACCTCAAAAAAAAAAAAAAAAAAAA"
"chr1","9328529","9328830","KN294385v1","18712","19011","42","9309817","GCTGGGCGCGGTGGTTCATGCCTGTAATCCCAGCACTTTGGGAGGCCGAGGTGGTGGATCACCTGAGGTCAGGAGTTCAAGACAAGCCTGGATAACATAGTGAAACCCTGTTTCTACTAAAAAAGACATAAAATTAGCCGGGTGTGGTGGCACGCGCCTGTAATCCCAGCCACTCAGGAGGCTAAGGTGGAAGAATCGCTTGAACCAGGAGGAGAAGGTTGCAGTGGGCCGAGATCGCGCCATTGCACTCCAGCTTGGGCAACAAGAGTGAAACTCCGTCCCCCTAAAAAAAAACCAAACAA","GCTGGGCATGGTGGCTCATGCCTGTAATCCCAGCACTTTGGGAGGCTGAGGCAGGTGGATCACCTGAGGTCAGGAGTTCAAGACCAGCCTGGCCAACATGGTGAAACCCTGTCTTTACTAAAAATACAAAAATTACACGGGCGTGGTGGCATACATCTGTAATCCCAGCTACTCGGGAGGCTGAGGTAGGAGAATCGCTTGAACCTGGGAGGTGAAGGTTGCAGTGAGCCGAGATTGTGCCATTGCACTCCAGCCTAGGCAACAAGAGTGAAACTCCGTCTCAGGAAAAAAAAAAAAAAA"
"chr1","9390941","9391223","KN296496v1","355776","356054","37","9035165","CCGGGCGCAGTGGCTCATGCCTGTAATCCCAGAACTTTGGGAGGCCAAGGCGGGTGAATCACTTGATGTCAGGAGTTCAAGACCAGCCTGACCAACATAGTGAAACCCTGTCTCTACTAAATACAAAAAATTAGCTGGGTGTGGTGGCGCATGCCTGTAATCCCAGCTACTCAGGAGGCTGAAGCAGGAGAATTGCTTGAACCTGGGAGGCGGAGGTTGCAGTGAGCCGAGATTGCACCATTGCACTCCAGCCTAGGCAACAGGAGCAAAAAATCCATCTCAA","GGGTGCAGTGGCTCATGCTGTAATCCCAGCACTTTGGGAGGCCAAGGCAGGTGGATCACCTGAGGTCAGGAGTTCAAGACCAGCCTGGCCAACATGGCGAAACCCTGTCTCTACTAAAAATACAAAAAAGTAGCTGGGCATGGTGGTAGGTGCCTGTAATCCCAGCTACTTGGGAGGCTGAGGCAGGAGAATCACTTGAACCTGGGATGCAGAGGTTGCAGTGAGCAGAGATTGTGCCATTGCACTCCAGCCTGGGCAACAAGAGCAAAACTCCATCTC"
"chr1","9447010","9447313","KN295667v1","1391172","1391472","22","8055838","GGCTGGGCGCAGTGGTTCCCACCTGTAATCCCAGCACTTGGCAGGCCGAGGTGGGTGAATCACCTGAGGTCAGGAGTTCGAGACTAGCCTGGACAACATGGTGAAACCCGGCCTCTACTAAATAGAAAAAATTAGCTGGGCGTGGTGGTGGGCGCCTGTAATCCCAGCTACTTGGGAGGCATAGGCAGGAGAATCGCTTGAACCCAGGAAGCAGAGGTTGCAGTGAGACGAGATAGCGCCATTGCACTCCAGCCTGGGCAACAAGAGCAAAACTCCATCTCAAAAAAAAAAAAAAAAAAAGGAA","GGCTGGGCGCAGTGGCTCACGCCTGTAATCCCAGCACTTTGGGAGGCCGAGGTGAGTGAATCACCTGAGGTCAGGAGTTCGAGAGTAGCCTGGACAACATGGTGAAACCTGGCCTCTACTAAATAGAAAAAAATAGCTGGGTGTTGTGGTGGGTGCCTGTGATCCCAGCTACTTGGGAGGCAGAGGCAGGAGAATCGCTTGAACCCAGGAAGCGGAGGTTGCAGTGAGATGAGATCGTGCCATTGCACTCCAGCCTGGGCAACAAGAGCAAAACTCCATCTCAAAAAAAAAAAAAAAAGAA"
"chr1","9475058","9475347","KN295667v1","1363325","1363612","30","8111733","GGCCGGGCGCAGTGGCTCACGCCTGTAATCCCAGTACTTTGGGAGACTGAGGTGGGTGGATCACCTGAGCTCAGGAGTTCAAGACCAGCCTGGCCAACATGGTGAAACACCATCTCTACTAAAATTACAAAAAATTAGCCAGGCGTGGTGGCAGGCGCCTGTAATCCCAGCTACTCAGGAGGCTGAAGCAGGAGAATCACTTGAACTGGGGAGATGGAGGTTGCAGTGAGCCGACATCGCGCTATTGTACTCTAGCCTGGGCAACAAGAGCAAAACCCCGTCTCAAAAAA","GGCCAGGCTCAGTGGCTCACGCCTGTAATCCCAGCACCTTGGGAGGCTGAGGTGGGCAGATCACCCGAACTCAGGAGTTCGAGACCAGCCTGGCCAACATGGTGAAACCCCATCTACTAAAATTACAAAAAATTAACCAGGCGTGGTGGCAGGCACCTGTAATCCCAGCTACTTGGGAGGCTGAAACAGGAGAATAGCTTGAACCGGGGAGACAGAGGCTGCAGTGAGCCAACATCGCACTATTGCATTCTAGCCTGGGCAACAAGAGCAAAACTCCATCTCAAAAAA"
"chr1","9542284","9542592","KN294469v1","197983","198283","43","9344301","GGCCAGGCGCAGTGACTCACGCCTGTAATCTCAGCACTTTGGGAGGCTGAGACAGGCGGATCACCCGTCAGGAGGTCAAGAGTTTGAGACCAGCCTGGCCAACATGGTGAAACCTCGTCTCTACTAAAAATACGAAAAAATTAGCTAGGCGTGGTGGCAGCCGCCTGTAATCCCAGCTACTCAGGAGGCTGAGGCAGGAGAATCCCTTGAACCTTGGAGGTGGAGGCTGCAGTGAGCCAAGATAGGCGTCACTGCACTCCAGCCTGGGCGCTAAGAGTGAAACTCTGTCTCAAAAAAAAAAAAAAAAAA","GGCCGGGTGCAGTGGCTCACGCCTGTAATCCCAGCACTTTGGGAGGCCAAGGCAGGCGGATCACCTGAGATCATGAGTTTGAGACCGGCCTGGCCAACATGGTAAAACCCCGTCTCTACCAAAAATACAAAAATTAGCTGGGCGTGGTGGCAGGCGCCTGTAATCCCAGCTACTAGAGAGGCTGAGGCAAGAGAATCCCTTGAACCTGGGAGGCGGAGGTTGCAGTGAGCCGAGATCGTGCCATTGTACTCTAGCCTGAGCGACAAGAGGGAAACACCATCTCAAAAAAAAAAAAAAAAAA"
"chr1","9564613","9564922","KN296424v1","617439","617738","40","8947174","GGCTGGGCGTGGTGACTCATGCCTGTAATCCCAGCACTTTGGGAGGCCAGGGTGGGTTGGATCACTTGAGGTCAGGAGTTTGAGACCAGCCTGACCAACATAGTGAAACCCCCCATGTCTCTACTAAAAAATATATAAAATTAGCCAGGTGTGGTGGTGCTCACCTGTAATCCCAGCTACTTGGCAGGCCGAGGCAGGAGAATTGCTTGAACCTGAGAGGCAGAGGTTGCAGTGAGCCGAGATTGCACCATTGCACTCCAGCCTGGGCAATAAGAGCAAAACTCCATCTCAAAAACATCAAAGAAAGAAA","GCCGGGTGTGGTGGCTCATGCCTGTAATTCCAGCACTTTGGGAGGGTAGGTGGGTGGATCACCTGAGGTCAGGAGCTCGAGACCAGCCTGGCCAACATGGTGAAACCCCGTCTCTACTAAAAATACAAAAATTAGCTAAGTGTGGTGGCAGATGCCTGTAATCCCAGCTACTTGGGAGGCTGAGGCAGGAGGATTGCTTGAACCTGGGAGGCAGAGGTTGCCGTGAGCCGAGATCGCACCATTGCACTCCAGCCTGGGCAACAAGAGCAAAACTCCATCTCAAAAACAAACAAACAAAAA"
"chr1","9574712","9575000","KN297190v1","3221838","3222124","32","6352874","GGCCGGGCATGGTGGTTCACGCTGTAATCCCAGCACTTTGGGAGGCCGAGGCGGGTGGATCACCTGAGGTCAGGAGTTCAAGACCAGCCTGACCAACATGGTGAAACCCCATCTGTACTAAAAATACAAAAATTAGCCAGGCATGGTGGCATGCGCCTGTAATCCCAGCTACTCAAGAGGTTGAGGCAGGAGAATCGCTTGAACCCAGGAGGCAGAGGTTGCAGTGAGCCAAGATTGCACCACTGCACTCCAGCCTGGGTGACAAGAGCAAAAACTCCATCAAAAAAAA","GGCCGGGCATGGTGGCTCACTCCTGTAATCCCAGCACTTTGGGAGGCTGAGGCAGGCAGATCATGAGGTCAGGAGTTCAAGACCAGCCTGGCCAACATGGTGAAACCTCATTTCTACTAAAAATACAAAAATAAGCCGGGCATGGTGGCACGCACCTGTAATCCCAGCTACTTGGGAGGCTGAGGCAGGAGATTCACGTGAACCCAGGAGGCGGAGGTTGCAGTGAGCCGAGATTGCACCGTTGCACTCCAGCCTGGGTGACAAAAGCAAAACTCCATCTCAAAAAA"
"chr1","9585266","9585561","KN296732v1","2013890","2014190","48","7571376","GACCAGGCATGTTGGCTCACGCCTGTAATCCCAGCACTTTGGGAGGCCCAAGATGAGCAGATCACCTGAGGTCAGGAGTTCAAGACCAGCCTGACCAACATGGTGAAACCCCGTCTCTACTAAAAATACAAAACTTAGTCGGGCCTGGTGGTGCACACCTGTAATCCCAGCTACCCGAGAGGCTGTGGCAAGAGAATCACTTGAACCCGGGAGGCAGTGAGCCGAAATCACACCATTGCACTTTATCCTGGGCAACAAGATTGAAACTCCATCTCAAAAAAAAAAAAGAAAAGAAA","GGCTGGGCACGGTGGCTCACGCCTGTAATCCCGGCATTTTGGGAGGCCGAGGTGGGCGGATCACCTGAGGTCAGGAGTTCGAGACCAGCCTGGCCAACATGGTGAAACCCCATCTCTACTAAAAATACAAAAATTAGCCAGGCATGGTGGCGGATGCCTGTAATCCCAGCTACTCAGGAGGCTGAGGCAGGAGAATCGCTCGAACCCGGGAGGCAGAGGTTGTGGTGAGCCGAGATCACACCATTGCACTCCAGCCTGGGCAACAAGAGTGAAACTCCATCTCAGAAAAAAAAAAAAAAAA"
"chr1","9588484","9588775","KN296365v1","113780","114072","32","9474704","GGCTGGGCGCGGTGGCTCACACCTATAATCCCAGCACTTTGGGAGGCCGAGGAGGGCAGATCAGGAGGTCAGGAGTTCGAGACCAGCCTGGCCAACATGATGAAACCCTGTCTCTACTAAAAATACAAAAATTAGCCAGGCGTGGTGGTACACACCTGTAATTCCAGCTACTCTGGAGGCTGAGGCAGAAGAATCACTTGAACCCGGGAGGCAGATGTTGCAGTGAGCCAAGATCGCGCCATTGCACTCCAGCCTAGGCAACAAGAGCAAAACTCCATCTCAAAAAAAAAAA","GGCTGAGTGTTGTGGCTCACACCTGTAATCCCAGCACTTGGGAGGCCAAGGCGGGTGGATCAGCTGAGTTCAGGAGTTCCAGACCAGCCTGGCCAACATGGTGAAACCCTGTCTCTACTAAAAATACAAAAATTAGCCAGGCGTGGTGGTGGGTGCCTGTAATTCCAGCTACTCAGGAGGCTGAGGCAGAAGAATCACTTGAACCCAGGAGGCGGAGGTTGCAGTGAGCCGAGATCATCCCATTGCACTCCAGCCTGGGCGACAAGAGCGAAACTCCATCTCAAAAAAAAGAA"
"chr1","9592033","9592319","KN295893v1","2309532","2309821","40","7282501","CCAGGCGCAGTGGCTCATGCCTGTAATCCCAGAACTTTGGGATGCCAAGGCGGGTGAATCACTTGATGTCAGGAGTTCAAGACCAGCCTGACCAACATAGTGAAACCCTGTCTCTACTAAATACAAAACATTAGCTGTGTGTGGTGGCGCATGCCTATAATCCCAGCTACTCAGGAGGCTGAAGCAGGAGAATTGCTTGAACCTGGGAGGCGGAGGTTGCAGTGAGCCGAGATTGCACCATTGCCCTCCAGCCTAGGCAACAAGAGCGAAAAATCCATCTCAAAAAA","GGCCAGGTGCAGTGGCTCATGCCTGTAATCCTAGCACTTTGGGAGGCCAACGTGGGCAGATCACCTGAGGTCAAGAGTTCAAGACCAGCCTGGCCAACATGGTGAAACCTCATCTCTACTAAGAATACAAAAAATTAGCTGGGCGTGGTGGCGGGCGCCTATAATCCCAGCTACTCGGGAGGCTGAGGCAGGAGAACTGCTTGAACTCGGGAGGCAGAGGTTGCAGTGAGCCGAGATGGCACCATTGCACTCCAGTCTGGGCAACAAGAACAAAACTCCATCTCAAAAAA"
"chr1","9595765","9596060","KN295548v1","795510","795806","55","8800255","CAGGCACAGTAGCTCACTCCTGTAATCCCAGCATTTTGGGAGGCTGAGATGGGCAGATCACTTGAGGTCAGGAGTTTGAGACCAGCCTGGCCAACACAGCAAAACCCCCTCTCTTTAGCCAGGCATGGTGGTGCATGCCTGTAATCCCAGCTACTTGGGAGGCTGAGGCAGGAGAATTGCTTGAATCCGGGAGGCAGAGGTTGCAGTGAGCCGAGATTGCACCATTGCACTCTACCCTGGGCAACAAGAGTGGAACTCCGTCTCAAAAAAATAAATAAATAAATAAAATTTAAAAA","CCGGGCACGGTGGCTCACGCCTGTAATCCCCACACTTTGGGAAGCTGAGGTGGGTGGATCACCTGAGGTCAGGAGTTTAAGACCAGCCTGGACAACATGGTGAAATCCCATCTCTAATGAGCTGGGCATAATGGTGCACACCTGTAATCCCAGCTACTTGGGAGGCTGAGGCAGGAGAATCAATTGAACCTGGGAGGAGGAGGTTGCAGTGAGCCGAGACTGCACCATTGCACTCCAGCCTGGGCAACAAGAGCAAAACTCCATCTAAAAAAAAACAAAACAAAACAACAACAAAAA"
"chr1","9609251","9609558","KN294239v1","378113","378422","40","9231138","GGCCAGGCGCAGTGGCTCATGCTTGTAATCCCAGCACTTTGGGAGGCCAAAGGGGGCGAATCATTTGAGGTCAGGAGTTCAAGACCAGCCTGGCCAACATGGTGAAACCCAGTCTCTACTAAAAATACAAAAATTAGCCGGGCGTGGTGGCAAACGCCTATAAATCTAGGCTACTCGGGAGGCTGAGGCAGGAGAATTGCTTGAACCTGGGAGGCAGAGGTTGCAATGAGCTGAGACTGCACCATTGCACTCCAGCCTGGGCAACAAGAGCAAAACTCCGTCTCAAAACAAAACAAAACAAAACAAAA","GGCCGGTTGCAGTGGCTCACGCCTGGAATCCCAGAACTTTGGCAGGCCAAGGTGGGTGGATCACCTGAGGTCAGGAGTTCAAGACTAGCCTGGCCAACATGGTGAAACCCAGTTTCTACTAAAAATATAAAAAATTAGCTGGGCGTGGCGGCTCACGCCTATAATCCCAGCTACTCAGGAGGCTGAGGCAGGAGAATCGCTTGATCCTGGGAGGCAGAGGTTGCAGTGAGCCGAGATTGCACCATTGCACTCCAGCCTGGGCAACAAGAGCAAAACTTCATCTCAAAAAAAAAAAAAAAAAAAAGATAAA"
"chr1","9612071","9612375","KN296290v1","702538","702843","37","8909533","GGCCAGACGTGGTGGCTCATGCCTGTAATCCTAGCACTTTGGGAGGCCAAGGTGGGCGGATCACTTGAGGTCAGGAGTTCAAGACCAGCCTGGCTAACATGGTGAAACCCCATCTCTACTAAAAATACCAAAAATTAGCCAGGCGTGGTGGCACATGCCTATAATCCCAGCTATTTGGGGGTTGAGGCAAGAGAATGGCTTGAACCCAGGAGACAGAGGTTGCAGTGAGCCAAGATCGTGCCATTGCACTCCAGCTTGGGCAACAAGAGCAAAACTCCATCTCCAATTAAAAAAAAGAAATGAAA","GGCCAGTCACTGTGGCTCAGGCCTGTAATCCCAGCACTTTGGGAGGCTGAGGTGGGCGGATCACCTGAGGTCAGGAGTTCAAGACCAGCCTGGCCAACATGGTGAAACCCCATGTCTACTAAAAATACAAAAAATTAGCCGGGTGTAGTGGCAGATGCCTGTAATCCCAGCTATTTGGGAGGCTGAGGCAGGAGAATCACTTGAACCCAGGAGGCAGAGGTTGCAGTGAGCCGAGATCGCGCCATCACACTCCAGCCTGGGCAACAAGAGCAAAACTCTGTCTCAAAAAGGAAAAAAAAGAAAAAA"
"chr1","9628060","9628351","KN294713v1","485096","485391","35","9142964","GGCCGGGCGCAGGGACTCAAGCCTGCAATCCCAGCACTTTGGGAGACTGAGGCGGTGGATCACCTGAGGTCAGGAGCTCGAGACTAGCCTGGCCAAAATGATGAAATCCCATCTCTACTAAAAATACAAAAAATTAGCTGGGCATGGTAGCGGACACCTGTAATCCCAGCTACTCAGGAGGCTGAGGCAGGAGAATTGCTTGAACATGGGAGGCGGAGGTTGCAGTGAGCCGAGATGGCACCATTGCACTCCAGCCTGGGCAACAAGAGCAAAACTCTGTCTCAAAAACAAA","GGCCAGGTGCGGTGGCTCATGCCTGTAATCCCAGCACTTTGGGAGGCCGAGGCAGGTGGATCACCTGAGGTCAGGAGTTTGAGACTAACCTGGCCAATATTGTGAAACCTCATCTCTACTAAAAATACAAAAAATTAGCTGAGCGTGGTGGTGGGCACCTGTAATCCCAGCTATGTAGGATGCTGAGGCAGGAGAATTGCTTGAACCTGGGAGGCGGAGGTTGCAGTGAGCTGAGATTGCACCATTGCACTCCAGCCTGGGCAACAAGAGCAAAACTCCATCTCAAAAAAACAAAA"
"chr1","9629474","9629760","KN295667v1","1210221","1210507","31","8419253","GGCCAGGCGCGGTGATTCACGCCTGTAATCCCAGCACTTTGAGAGGCTGAGGCAGGCAGATCACCTGAGGTCAGGAGTTTGAGACCAGCCTGGCCCATAAGCTGCTACTAAAAATACAAAAATTAACTTCGGCATGGTGGTGGGCGGCTGTAATCCCACCTGCTTGGGAGGCTGAGGCAGGAGAATGGCTTGAACCCAAGAGGCGGGAGTTGTGGTGAGCTGAGAACGTGCCATTGCACTCCAGCCTGGGTGACCAGAGTGAAACTCCGTGTCAAAAAAGAAAAAAA","GGCCAGGTGCGGTGGCTCAGGCCTGTAATCCCAGCACTTTGAGAGGGCGAGGTGGGCAGATCACCTGAGATCAGGAGTTCGAGACCAGCCTGGCCCACAGGGCTCTACTAAAAATACAAAAATTAACTTCGGCATGGTGGTGGGCGGCTATGATCCCAGCTATTTGGGAGACTGAGGCAGGAGAATCTCTTGAACCTGAGAGGCGGGGGTTACGGTGAGCTGAGAATGCGCCATTGCACTCCAGCCTGGGTGACAAGAGTGAAACTCCGTGTCAAAAAAAAAAAAAA"
"chr1","9681454","9681743","KN295667v1","1156859","1157142","27","8524595","GGGCTGGGTGGTTCACGCTTGTAATCCCAGCACTTTGGGAGGGTGAGGCAGGTGGAGGATCACTTGCGCTCAGGAGTTCGAGACCAGCCTGGCAACATGGTGAAACCCTGTCTTTATTTAAAAAAAAAAAAAAAAAAGCTGGGTGCGGTGGTGTGCACTTGTGGTCTCAGCTACTCCAGAGGCTGAGGCAGGAGAATGAAGGACTTGAGCCCAGGAGGCGGAGGTTGCAGTGAGCTGAGATGGCACCATTGCAGTCCAGCTTGGGTGACAGGAGTGACCCTGTCTCAAAA","GGGCTGGGTGGTTCACGCTTGTAATCCCAGCACTTTGGGAGGGTGAGGCAGGCGGAGGATCACTTGTACTCAGGAGTTCGAGATCAGCCTGGCAACATGGTGAAACCCTGTATTTAAAAAAAAAAAAAAGGTTGGGTGTGGTGGTGGTGTGCACTTGTGGTGTCAGCTACTCCAGAAGATGAGGCAGGAGAATGAATGACGAGCCCAGGAGGCAGAGGTTGCAGTGAGCTGAGATGGCACCACTGCATTACAGCTTGGGTGACAGGAGTGACCCTGTCTCAAAA"
"chr1","9728547","9728839","KN294634v1","514588","514883","33","9213959","CAGGCACAGTGGCTCACGCCTGTAATCCCAGCACTTTGGGAGTCCAAGGCAGGTAGATCACGTGAGGTCAGGAGTTCAAGACCAGCCTGACCAACATGGTGAAACCCCATCTCTACTAAAACTACAAAAAAATTAGCCGGGTGTGGTGGCGCATGCCTGTAATCCCAGCTACTGGGGAGGCTGAGGCAAGAGAAACACTTGAACCTGGGAGGCGGAGGTTGCAGTGAGCCAAGATCACGCCATTGCACTCCAGCCTGGGTGACATGAGCAAAAATCCGTCTCAAAAAAAAAGA","GGCTGGGCACGGTGGCTCACGCCTGTAATCCCAGCAATTTGGGAGGTCAAGGTGGGTGGATCACCTGAGGTCAGTAGTTCAAGATCAGCCTGACCAACATGGTGAAACCCCGTCTCTACTAAAAATACAAAATATTAGCTGGGCGTGGTGGCGGGTGCCTGCAATCCCAGCTACTCGGGAGGCTGAGGCAAGAGAATCACTTGAACCTGGGAGGTGGAGGTTGCAGTGAGCCAAGATCGTGCCATTGCACTCCAGCCTGGGTGACAGCAGCAAAACTCCGTCTCAAAAAAAAAAAA"
"chr1","9740014","9740285","KN295667v1","1100491","1100761","21","8639523","GCTGGGCCCGATGGCTCACGCCTGTAATCCCAGTACTTTGGGAGGCTGAGGCAGGTGGATGGCCTGAGGTCAGGAGTTTGAGACCAGCCTGGCCAAAATAGTGAAACCCCATCTCTACTAAAAATACAAAAAATTAGCTGGGCGTGGTGGTGAGCGCCTGTAATCCCAGCTACTAGGGAGGCTGAGGCAGGAGAATCACTTGAACCCAGGAAGCAGAGCTTGCAGTGAGCCGAGACTGCGCCATCGCACTCCAGCCTGGGCGACAAGAGCGA","CTGGGCGTGATGGCTCACGCCTGTAATCCCAGCACTTTGGGAGGCTGAAGCAGGAGGATCGCCTGAGGTCAGGAGTTCGAGACCAGCCTGGCCAAAATAGTGAAACCCCGTTTCTACTAAAAATACAAAAAATTAGCTGGGCCTGGTGGTGAGCGCCTGTAATCCCAGCTACTAGGGAGGCTGAGGCAGGAGAATCACTTGAACCCGGGAAGCGGAGGTTGCAGTGAGCCAAGATCACGCCATTGCACTCCAGCCTGGGCAACAAGAGTGA"
"chr1","9747733","9748042","KN295667v1","1091339","1091651","24","8656394","GCCAGGCACGGTGGCTCACACCTGTAATCCCAGCACTTTGGGAGGCCAAGGCAGGTGGATCACCTGAGGTCAGGAGTTCAAGACCAGCCTGACCAACATGGTAAAACCCCATCTCTACTAAAAATACAAAAATTAGCTAGGCGTGGTGGTGGGCGCCTGTAATCCCAGCTACTTGGGAGGCCGAGGCAGGAGAATCGCTTGATCCAGGGAGGCGGAAGTTGCAGTGAGCCGAGACTGTGCCATTGTACTCCAGCCTGGGCAACAAGAGCAAAACTCTGTCTCAAAAAAAGAAAAAAAAAAGAAACGAAAA","GGCCAGGCACGGTGGCTCACACCTGTAATCCCAGCACTTTGGGAGGCCAAGGCAGTTGGATCACCCGAAGTCAGGAGTTCAAGACCAGCCTGACCAACATGGTAAAACCCCATCTCTACTAAAAATACAAAAATTAGCCGGGCAAGGTGGTGGGCACCTGTAATCCCAGCTACTTGGGAGGCTGAGGCAGGAGGAGATCTCTTGAACCTGGGAGGCAGAGGTTGCAGTGAGCCGAGACTGTGCCATTGCACTCCAGCCTGTGCAACAAGAGCAAAACTCTGTCTCAAAAAAAAAAAAAAAAAAAAAAAAGAAA"
"chr1","9753539","9753839","KN297105v1","2639433","2639734","35","7114106","GGCCAGGCACAGTGTCATGCCTGTAATCCCAGCACTTTGGGAGGCCTAGGCAGGTGGATCACCTGAGGTCAGGGGTTCACGACCACGCTGGCCAACAGGTGAAACCCCATCTCTACTAAAAATACAAAAAATTAGCTGAGCGTGGTGGCGGGCACCTGTAATCCCAGCTACTCAGGAGGCTGAGGCAGGAGAATTGCTTAAACTCAGGAAGTAGAGGTGCAGTGAGCCAAGATCATGCCATTGCACTCCAGCCCGGGCAACAAGAGCGAAACTCCGTCTCAAAAAAAAAAAAAAAAAAAAA","GGCCAGCCACGGTGTAATGCCTGTAATCCCAGCACTTTGGGAGGCTGAGGCAGGCAGATCACGTGAGGTCAGGAGTTCAAGACCAGGCTGGCCAACATGGTGAAACCCCATCTCTACTAAAAATACAAAAAATTAGCTGGGCGTGGTGGTGGGCACCTCTAATCCCAGCTTCTCAGGAGGCTGAGGCGGGAGAATCGCTTGGACCTGGGAGGCAGAGGTTGCAGTGAGCCGAGATCACACCATTGCACTCCAGCCTAGCCAACAAGAGCAAAACTCCATCTCAAAAAAAAAAAAAAAAAAAA"
"chr1","9754996","9755157","KN295667v1","1085083","1085244","18","8669913","TTAGCTGGGCATGGTGGCGGGCGCCTGTAGTCCCAACTACTTGGGAGGCTGAGGTGGGAGAATTGCTTGAACATGGGAGGTGAAGGTTGCAGTGAGCCGAGATCGTGTCATTGCACTCCAGCCTTGGTTACAAAAGCGAGACTCCATCTAAAAAAAAAAAAA","GCTGGGCATGGTGGCGGGCGCCTCTAGTCCCAGGTACTCAGGAGGCTGAGGTAGGAGAATTGCTTGAACATGGGAGGTGAAGGTTGCAGTGAGCCGAGATCGTGTCATTGCACTCCAATCTCGGTTACAAAAGCAAGAGTCCGTCTGGAAAAAAAAAAAAAA"
"chr1","9774703","9775009","KN295413v1","22638","22943","34","9752065","GACCGGGCGCGGTGGCTCATGCCTGTAATCCTAGCACTTTGGGAGGCTGAGGCGGGTAGATCACCTGAGGTCAGGAGTTCGAGACCAGCCTGGCCAACATGGTGAAACCCCATCTCTGCTAAAAATACAAAAAATTAGCAGGGTATGATGGCGGGCGCCTGTAATCCCAGCTACTCTGGAGGCTGAGGCAGGAGAATCGCTTGAAGCCAGGAGAAGGAGGTTGCAGTGAGCCAAGATTGTGCCATTGCACTCCAGCCTGGGCAAAAGAGCAAAACTCTGCCTCAAAAAACAAAAACAAAAACAAAAA","GGCCAGGCACGGTGGCTTATGCCTGTAATCCCAGCACTTTGGGAGGCCGAGGCAGGTGGATCACCTGAGGTCAGGAGTTTGAGACCAGCCTGGCCAATATGGTGAAACCCCATCTCTACTAAAAATACAAAAAATTAGCTGTGCACGGTGGTGGCCACCTGTAATCCCAGCTACTTGGGAGGCTGAGGCAGGAGAACCACTTGAACCCAGGAGGCGGAGGTTGCAGTGAGCCAAGATTGTGCCATTGTACTCCAGCCTGGGTAATAAGAGTGAAACTCTGCCTCAAAAAAAAAAAAAAAAAAAAAA"
"chr1","9778679","9778958","KN297008v1","4677161","4677449","38","5101518","GCCAGGCGCGGTGGCTCACGCCTGTAATCCCAACACTTTGGGAGGCCAAAGCAGGTGGATTACCTGAGATCAGGAGTTCGAGACCAGCCTGGCCAACATGGTGAAACCCTGTCTCTACTAAAAATACAAAAATTAGCTGGGCGTGGTGGTGGGTGCCTATAATCCCAGCTAATTAGGAGGCTGAGACAGGAGAATCACTTGAACCTGCGAGGCAGAGGTTGCACTCCAGCCTGGGTGACAAGAGAGAAATTCCACCTCAAAAAAAAAAAAAAAAAAAAAA","GCCAGGCATGGTGGCTCACGCCTGTAATTCCAGCACTTTGGGAGGCCAAGGCAGGCAGATCACCTGAGGTCAGGAGTTCAGGACCAGCCGGGCCAACATGGTGAAACCCCATCTCTACTAAAAATATAAAACTTAGCTGGGCATGATGGCGGGTGCCTGTAATCCCAGCTACTCAGGAGGCTGAGACAGGAGAATCGCTTGAATCTGGGAGGCAGAGTTGGCGCCATTGCACTCCAGCTTGGGTGACAAGAGAGAAACTCCGTCTCAAAAAAAAAAAAAAAAAAAAAAA"
"chr1","9784750","9785046","KN295096v1","2124655","2124956","37","7660095","GGCTGGGTGCGGTGGCTCACACCTCTAATCCCAGCACTTTGGGATGCCGAGGCGGGTGGATCACGAGGTCAGGAGTTTGGGACCAGCCTGGCCAACATGGTGTAACACCATGTATACTAAAAATACAAAAATTAGCTGGGCATGGTGGTGGGTGCCTGCAATCCCAGCTACTCGGGAAGCTGAGGCAGGAGAATCGCTTGAACCCGGGAGGTAGAGGTTGCAGTGGGCCGAGACTGCGCCATTGCACTCCAACCTGGGGGACAAGAGCAAGACTTCATCTCAAAAAAAAAAAAAAAA","GGCCAGGTGCGGTGGCTTACGCCTGTAATCCCAGCACTTTGGGAGGCTGAGGCAGGTGGATCACATGAGGTCAGGAGTTTGAGACAAGCCTGACCAACATGGTGAAACCCCATCTCTACTAAAAATACAAAAATTAGCCGGGCATGGTGGTGAGTGCTTGTAATCCCAGCTACTTGGGAGGCTGAGGCAGGAGAATCGCTTGAACCCGGGAGGCAGAGGTTGCGGTGAGCCGAGATTGCGCCATTGCACTCCAGCCTGGGTGACAAGAGTGAAACTCCATCTCAAAAGAACAAACAAACAAA"
"chr1","9788635","9788946","KN294261v1","106351","106657","44","9682284","GGCCAGGCATGATGGCTCATGCCTGTAATCCTAGCACTTTGGGAGGCCAATGTGGGTGGATCACCTGAGGTTAAGAGTTCGAGACCAGGCTGGCCAACATGGTGAAACCCCATCTCTACTAAAAATACATAAAGTAGCCCGGTGTGGTGGTGGGCGCCTGTAATCCCAGCTACTCGGGAGGCTGAAACAGAAGGATCACTTGAACCCGGGAAGCAGAGGTTGCAATGAGCTGAGATCACGCCACTGCACTTCAGCCTGTGTGACAAGAGTGAAACTCCATCTCAAAAATAAAAACGAAAACAATAACAACAA","GGCGCAGTGGCTCATGCCTGTAATCCCAGCACTTTGTGAGGCCAAGGTGGGTGGATCACCTGAGGTCAGCAGTTTGAGACCAGCCTGGCCAACATGGCAAAACCCCGTCTCTACTAAAAGTACAAAAATTAACCGGGTGTGGTGGTGGGTGCCTGTAATCCCAGCTACTCAGGAGGCTGAGGCAGGAGAATCACTTGAACCCAGGAGGCAGAGGTTGCAGTGAGCTGAGATCGCGCCACTGCACTCTAGCCTGGGTGACAAGAGCGAGACTCCATCTTAAAAAAAAGAAAAGAAAAGAAAAGAAAAA"
"chr1","9809502","9809798","KN295983v1","1182438","1182738","45","8627064","GGCCGGGGGCGGTGGCTCACACCTGTAATCCCAGCACTTTGGGAGGCCGAGGCGGGCAAATCACTTGAGGCCAAGAGTTCAAGACCAGCCTGGCCCACACGGTGAAACCCTGTCTCTATTAAAAAAATACAAAAAAATTAGCCAGGCGTGGTGGCACACACCTATAATCCCAAGTAGGCTGAGGCAGGAGAATCCTTGAGCCTGGGAGGCAGAGGTTGCAGTGAGCCAAGATTGCGCCATTGCACTCCGGCATGGACAACAAGAGTGAAACTCCATCTCAAAAAAAAAAAAAAGAAA","GGCCGGGCGCAGTGGCTCACACCTGTAATCCCAGCACTTTGGGAGGCCGAGGTGGGCGGATCACCTGAGGTCCGGAGTTCGAGACCAGCCTTGCCAACACGGTGAAAACCCATCTCTACTAAAAACACAAAAAATTAGCCAGGCGTGGTGGCAGGCACCTGTAATCCCAGCTACTCAGGAGGCTGAGGCCAGAGAATAGCTTGAACCTGGCAGGCAGGGGTTGCAGTGAGCCAAGATCGCCCCATTGCACTCTAGCCTGGGCAACAAGAGTGAAACTCCATCTCAAAAAAAAAAAAAAAAA"
"chr1","9823577","9823870","KN295667v1","1022632","1022923","18","8800945","GGCCAAGCATGGTGGCTCACGTCTCTTATCAGCACTTTGGGAGGCGGAAGCGGGTAGGTCACCTGAGGTCAGGAGTTTGAGACCAGCCTGGCCAACATGGTGAATCCCCATCTCTACTGAAAATACAAAAAATTAGCCAGGTATGGTGGTGGATGCCTGTAATCCCAGCTACTCGGGAGGCTGAGGCAGAAGAATTGCTTGAACCTGGGAGGTGGAGGTTGCAGTGAACCGAGATGTGGGCCATTGCATTCCAGCCTGGGCAACAAGAGCGAAACTCTGTCTCAAAAAAAAAAA","GGCCAAGCATGGTGGCTCACATCTCTTATCAGCACTTTGGGAGGTGGAGGTGGGTAGGTCACCTGAGGTCAGGAGTTTGAGACCATCCTGGCCAATATGGTGAATCCTCATCTCTACTAAAAATACAAAAAATTAGCCAGGCATGGTGGTGGATGCCTGTAATCCCAGCTACTCAGGAGGCTGAGGCAGGAGAATTGCTTGAACCTGGGAGGTGGAGGTTGCAGTGAACCGAGATCGGGCCATTGCATTCCAGCCTGGGCAACAAGAGCAAAACAATGTCTCAAAAAAAGAA"
"chr1","9878004","9878294","KN295284v1","334381","334669","39","9543623","GGCCAGGCGCAGTGGCTCAGGCCTGTAATCCCAGCACTTTGGAAGGCAGGCAGATCAATTGAGGTCAGGAGTTCAAGACCAGCCTGACCAACATGGAGAAATCCCATCTCTACTAAAAATACAAAATTAGCCGGGCGTGGTGGCGGGCGCCTGCAATCCCAGCTACTCAGGAGACTGATACAGGAGAATCGCTTGAACCCAGGAGGCGGAGGTTGCGGTGAGCTGAGATCGCGTCATTGCACTATAGCCTGGGCGACAAGAGCGAGACTCCATCTCAGAAAAAAGAAAAAA","GGCGGGGCGCAGTGGCTCGCGCCTGTAATCCCAGCACTTTGGGAGGCCGATCACCTGAGGTCAGGAGTTCGAGACCAGCCTGGCCAACATGGTGAAACCCCGTCTCTACTAAAAATACAAAAATTAGCTGGGCGTGGTGGCGGGCGCTTGTAATTCCAGCTACTCAGGAGGCTAAGGCAGGAGAATCGCTTGAACCCAGGAGGCGGAGGTTGCGGTGAGCCAAGATCATGCCATTGCACTCCAGCCTGGGGGACCAGAGTGAGACTCCGTCTCAAAAAAAAAAAAAAGA"
"chr1","9890825","9891147","KN297165v1","47565","47861","58","9843260","GGACGGGTGCAGTGGCTCATGCCTGTAATCCCAGCACCTTGGGAGGTCAAGGCGGGCCAATCACCTAAGGTGAGGAGCTCAAGACCAGCCTGGCCAACATGGTGAAACTCCGTCTCTACCAAAAATACAAAAATTAGCCAGGGGTGAAGGCAGGTGCCTGTAATCCCAGCTACTCAGGAGGCTGAGGCAGGAGAATCGCTTGAACCCGGGAAGTGGAGGTTGCAGTGAGCCAAGATTGCACCACTCCAACATGGAGAAACCATGGAGTTTGACTCCAGCCTGGGCGACAAGAGTGAAACTCTGTCTCAAAAAACAAAAAAAAA","GGCCGGGTGCGGTGGCTCACGCCTATAATCCCAGCACTTTGGGAGGCCAAGACGGGCAGATCACCTGAGGTCAGGAGTTCGAGACCAGCCTGGCCAACATGGTGAAACTCTGTCTCTACTAAAAATACAAAAAATTAGCCAGGCATGATGGCACATGCCTGTAATCCCAGCTACTCAGGAGGCTGAGGCAAGAGAATTGCTTGAACCCAGGAAGCGGAGGTTGCAGTGAGTCGAGATTTCACCATTGCACTCCAGCCTGGACGACAAGAGCAAAACTCTGTCTCAAAAAAAAAAAAA"
"chr1","9947125","9947406","KN296135v1","11889","12172","34","9935236","GGCCAGGCGTGGTGGCTCATGCCTGTAATGCCAGCACTTTGGGAGGTTGAGGCAGGTGGATCACCTGAGATCAGGAGTTCGAGACCAGCCTGGCCAACATGGTGAAACCCTGTCTCTACTAAAAATACAAAAATTAGCTGGGCGTGGTGGCGGGCGCCTGTAGTCCCAGCTACTCAGGAGGCTGAGGCAGGAGAATTGCTTGAACCTGGGAGGCGGATCTCTTGAACCTGAGATCACGCCATTGCACTCCAGCCTGGGCAACAAGAGCGAAACTCCGTCTCA","GGCCGGGCGCGGTGGCTCATGCCTGTAATCCCAGCACTTTCGGAGGCTGACGCAGGTGGATCGCCTGAGGTCAGGAGTTCAAGACCAGCCTGGCCAACATAGTGAAACTCCATCTCTAATAAAAATACAAAAATTAGCTGCGCGTGGTGGTGGGCGCCCGTAATCCCAGCTACTCAGGAGGCTGAGGCAGGAGAATTGCTTGAACCCGGGAGGCAGAGATTGCAATGAGCCGAGATTTGCCATTGCACTCCAGCCTGGGCAACAAGAGTGAAACTCCATCTTAA"
"chr1","9960747","9960962","KN295257v1","822079","822292","25","9138668","GCCTGGCCAACATGGTGAAACCCCATCTCTACTAAAAATACAAAAATTAGCTGGGTGTGGTGGTGGGTGCCTGTAATCCCAGCTACTCAGGAGGCTGAGGCAGGAGAACTGCTTGAACCGAGGAGGTGGAGGTTGCAATGAGCTGAGATCATGCCATTGCACTCCAGCCTGGGTGACAAGAGCAAGACTCTGTCTCAAAAAAAAAAAAAAAAAAGA","GGCCAACATGGGGAAACCCAATCTCTACTAAAAACACAAAAATTAGCTGGGTGTGGTGGTGGCACCTGTAATCCCAGCTACTCGGGAGGCTGAGGCAGGAGAATTGCTTGAACTCGGGAGGCGGAGGTTGCAGTGAGCTGAGATCGTGTCATTGCACTCAAGCCTGGGCAACAAGAGCAAGACTCTGTCTCAAAAAAAAAAAAAGAAAGAGAAA"
"chr1","9996478","9996782","KN295667v1","852466","852762","35","9144012","GGCCCAGTGTGGTGGCTCATGCCTATAATCCCAGCACTTTGGGAGACTGAGGCGGGCGGATCACCTGAGGTCAGGAGTTTGAAACTAGCCTGGCCAACATGGTGAAATCCGTCTCTACTTAAAATACAAAAAATAGCCAGGTGTGGTGGCGGGCATCTGTAATCCCAGCTACTCGGGAGGCTGAGGGAAGAGAATGGCTTGAACCTGGGAGGCGGAGGTTGCAGTGAGCTGAGATCGTGCCATTACACTCCAGCCTGGGCAATAAGAGAGAAACTCCATTCTCAAAAAAAAAAAAAAAAAAAAAA","GGCCCAGCATGGTGGCTCACGCCTGTAATTCCAGCACTTTGGGAGACTGAGGTGGGCGGATCACCTGAGGTCAGGAGTTTGAGACTAGCCTGGCCAACATGGTGAAATCCATCTCTACTTAAAATACAAAAAATAGCCAGGCATGATGGCGGGCACCTGTAATCCCAGCTACTCGGGAGGCTGAGGCAGGAGAATCGCTTGAACCCGGGAGGCGGAGGTTGCAGTGAGCTCAGATCGTGCCATTGCACTCCAGCCTGGGCAATAAGAGCGAAACTCTGTTCTCAGGGGGGAAAAAAA"
"chr1","10021713","10022025","KN296154v1","1901209","1901519","33","8120504","GGCCAGGCACGGTGGCTCACGCCTGTAATCCCAGCACTTTAGGAGGCCGAGGTGGGTGGATCGCCTGAGGTCAGGAGTTCGAGACCAGCCTGACCAACATGGTGAAACCCCAACTCTACTAAAAATACAAAAATTAGCCAGATGTGGTGGCACACGCCTGTAATCCCAGTTACTTGGGAGGCTGAGGCAGGAGAATCGTTTGAACCCAGGAGGCAGAGGGTTGCAGTGAGCCAAGATTGTGCTATTGCACTCCAGCCTGGGCAACAAGAGCAAAGCTCCATCTAAAAAAAAAAAAAAAAAAAAAAAAAAAAAA","GACCAGGCACGGTGGCTCAAGCCTGTAATCCCAGCACTTTGGGAGGCCGAGGTGCGTGGATCACCTGAGGTCAAGAGTTCGAGACCGGCCTGGCCAACATGGTGAAACCTCATCTTTACTAAAAATACAAAAATTAGCCAGATGTGGTGGCACGTGCCTGTAATCCCAGCTACTCTGGAGGCTGAGGCAGGAGAATCGCTTGAACCTGGGAGGCAGAGGTTGCAGTGAGCCAAGATCATGCCATTGCACTCCAGCCTGGGCAACAAGAGTGAAACTCCATCTCAAAAAAATAAAAATAATAAAAGAATAAA"
"chr1","10048154","10048447","KN295667v1","802967","803258","37","9245187","CCCGGTGTGGTAGCTCACACCTATAATCCCAGCACTTTGGGAGGCCGAGGCAGTTGGATCACCTGAGGTCAGCTCAAGACCAGCTGGGCCAACATGGTGAAACCCTGTCTCTATACTAAAGGTACAAAAATTAGCCGGGCGTGGTGGTACACACCAGTAATCCCAGCTACTTGGGAAGCTGAGGCAGGAGAATCTCTTGAACCCGGGAGGCGGAGGTTGAGATTGTGCCATTGCACTCCAGCCTGGGCAATAAGAGTAAAACTCTGTCTCAAAAAAAAAAAAAAAAAAGAAAAA","CTGGGTGTGCTCACTCACACCTGTAATCCCAGCACTTTGGGAGGCCGAGGCGGGTGGAACACCTGAGGTCAGTCGAAGACCAGCCTGGCCAACATGGTGAAACCCTGTCTCTACTAAAAGTACAAAAATTAGACAGGCGTGGTGGTGCACAACAGTAATCCCAGCTACTTGGGAGGCTGAGGAAGGAGAATCTCGAACCTGGGAGGCAGAGGTTGAGATTGCACCATTGCACTCCAGCCTGGACAATAAGAGTGAAACTGTCTCAAAAAAACAAACCAAAAAAAAAAAAAAA"
"chr1","10050283","10050569","KN295022v1","486627","486913","34","9563656","GGCCAGGTGCGGTGGCTCAAGCCTGTAATCCCAGCACTTTGGGAGGCTGAGGTGGGTGGATCACCTGAGGTCAGGAGTTCGAGACCAGCCCGGCCAACAGGGTGAAACCCTCTCTACCAAAAACACAAAAATTGGCTGGGCATGGTGGCGCGTGCCTGTAATCCCAGCTACTAGGGAGGCTGAGGCAAGGATAATTGCTTGAACCCAGAAGTTGGAAGTTGCAGTGAGCCGAGATCGCACCACTGCACTCCAGCCTGGGCGACAAGAGCGAAACTCAATCTCAAAAA","GGCTAGGTGCGGTGGCTCACACCTGTAATCCCAGCACTTTGGGAGGCTGAGGTGGGTAGATCACCTGAGGTCAGGAGTTCGAGACCAGCCTGGCCAACATGGTGAAACCCCATCTCTACTAAAAATACAAAAATTTGCCAGGTATGGTGGCACGTGCCTGTAATCCCAACTACTCGGGAGGCTGAGGCAGGAGAATCACTTGAACCCAGGAGGTGGAGGTTGCAGTGAGCCAAGATTGCGCCACTGTATTCCAGCCTGGGTGACAAGAGCAAAACTCCATCTGAAAA"
"chr1","10051965","10052253","KN294493v1","404130","404414","28","9647835","TGTAATCCCAACACTTTGGGAGGCTGTGGCAGGCGGATCACCTGAGGTCAGGAGTTCAAGACCAGCCTGGCCAACATGGTGAAACCCCATCTCTACTAAAAATACAAAAATTAGCCAGGCGTAGTGGTGGGCACCTGTAATCCCAGCTACTCAGGAGGCTGAGGCAGGAGAATTGCTTGAACCCGGGAGGGGGAGGTTGCAGTGAGCTGAGATCGCACCATTGCACTCCAGCCTGGGCAACAAGAGCAGAACTCCGTCTCAAAAAAAGAAAAAAAAAAAAAAAAAAGAA","ATCCCAGCACTTTGGGAGGCCGAGGCAGGCGGATCACCTGAGATCAGGAGTTCGAGACCAGCCTGGCCAACATGGTGAATCCCTCTCTCCACCAAAAATACAAAAATTAGCCAGGCATGGTGGTGGGCACCTGTAATCCCAGCTACTCAGAAGGCTGAGGCAGGAGAATCGCTTGAACCTGGGAGGCGGAGGTTGCAGTGAGCTGAGATTGCACCATTGCACTCCAGCCTGGGCAATAAGAGTAAACTCCATCTCAAAAAAAAAAAAAAAAAAAAAAAAAAAAAA"
"chr1","10068601","10068785","KN296158v1","18105","18292","28","10050496","AAAAATACAAAAAATTAGCCAGGCATGGTGGCGGGTGCCTGTACCACCTACTTAGGAGGCTGAGGCCGGAGAATCACATGAACCCAGGAGCCGGAGGTTGCAGTGAGCTGAGATGGGGCCATTGCACTCCAGCCTAGGCAACAAGAGTAAAACTCTGTCTCAAAAAAAAAAAAAAAAAAAAAAAA","AAAAATACAAAAATTAGCCAGGCATGGTGGCGGGTGCCTGTAGTCCCAGCTACTCAGGAGGCTGAGGCAGGAGAATTGCCTGAACCTGGGAGATGAAGGTTGCAGTGAGCCGAGATGGTGCCATTACACTCCAGCCTAGGCAACAAGAGCGAAGCTCCATCTTAAAAACAAACAAACAAACAAAAAAA"
"chr1","10075469","10075779","KN295573v1","526991","527304","32","9548478","GCTGGGCGCGGTGGCTCACGCCTGTAATCCCAGCACTTTGGAAGGCTGAGGCGGGTGGATCACCTGAGGTCAGGAGTTTGAGACCAGCCTGGCCAACATGGTGAAACCTCATCTCTACTTAAAATACAAAAAATTAGCTGGGCGTGGTGGTATGCACCTGTAATCCCAGCTACTCGGGAGGCTGAGGCAGGAGAATCGCTTGAACCCGGGAGGCGGAGGTTGCAGTGAGCTGGGATCGTGCCATTGCACTCCAGCCTGGGGACAAGAGCGAGACCTTGTCTCAAAAAAAAAAATAAAAAGAAAGAAAGAAA","GGCTGGGCACAGTGGCTCACACCTGTAATCCCAGCACTTTGGGAGGCCGAGGCAGGTGGATCACCTGAGATCAGGAGTTCGAGACCAGCCTGGCCAACATGGTCAAACCCCATCTCTACTAAAAATACACAAAAAATTAGCTGGGCGTGGTGGTAGGCACCTGTAATCCCAGCTACTAGGGAGGCTGAGGCAGGAGAATCACTTGAACCTGGGAGGCGGAGGTTGCAGTGAGCTGAGATTGTGCCATTGTTCTCCAACCTGAGCGATAAAGAGCGAGACTCTGTCTACAAAAAAAAAAAAAAGAAAGAAAGAAA"
"chr1","10079630","10079933","KN294456v1","876419","876725","36","9203211","GGTCGGGCACAGTGGCTTAAGCCTGTAATCCCAGCACTTTGGGAAGCCGAGGCAGGTGGATCACCTGAGATCGGGAGTTTGAGACCAGCCTGGCCAGCATACTGAAACCCCATCTCTACTAAAAATACAAAAATTAGCTGGGTGTGGTGGCGGCCGCCTGTAATCCCAGCTACTCGGGAGGCTGAAGCAGAAGAATCGCTTGAACCCGGGAGGCAGAGGTTGCAGTGAGCTGAGATCGTGCCATTGCACTACAGCCAGGGGACAAGAGTGAAACTCCATCTCGGAAAAAAAAAAAAAAAAAAAA","GGCCTGGCACAGTGGCTCATGCGTGTAATCCCAGCACTTTGGGAGGCTGAGGCGGGTGGATCACCTGAGGTCAGGAGTTCGAGACCACCCTGGCCAACATGGTGGAACCCCGTCTCTACTAAAAATACAAAAATTAGCTGGGCGTGGTGGCAGATGCCTGTAGTCCCAGCAACTCGGGAGGCTGACGCAGGAGAATCGCTTGAACCCAGGAGGTAGAGGTTGCAGTGAGCTGAGATCGTGCCATTGCACTCCATCCTGGGTGACATGAGTGAAACTCCATCTCAAAAAAAAAAAAAAAAAAAAAAAA"
"chr1","10102502","10102799","KN294416v1","208870","209165","39","9893632","GGCCGAGTGCGGTGGCTCTAGCCTGTAATCCCAGCACTCTGGGAGGCCGAGGCGGGTAGATCACTTGAGGTCAGGGGTTTGAGACCAGCCTGACCAACATGGTGAAATACCGTTTCTACTAAAAATACAAAATTAGCTGGGTGTGGTGGCGCACGCCTGTAACCCCAGATACTTGAGAGGCTGAGGCAGGAGAATCACTTGAACTCGGGAGGCAGAGGTTGCAGTAAGCCGAGATCGTGCCATCACACTCCAGCCTGGGCAACAAGAGCAAAACTCTGTCTCGAAAAAAAAAAAAGAA","GGCCGGGTGCCGTGGCTCATGCCTGTAATCCCAGCACTTTGGGAGGCCGAGGCGAGCGGATCACCTGAGGTCAGGAGTTCGAGACCAGCCTGGCCAACATGGTGAAACCCGTCTCTACTAAAAATACATAATTAGCCAGGTGTGGTGGCACATGCCTGTAATCCCAGCTACTTGGGAGGCTGAGACAGGAGAATCGCTTGAACCTAAGAGGTGGAGGTTGCAGTAAGCCGAGATCATGCCATTGCACTCCAGCCTGGGCAATAAGAGCAAAACTCCGTCTCAAAAAGAAAAAAAAA"
"chr1","10121041","10121346","KN295666v1","1501386","1501689","30","8619655","GCCAGGCTCGGTGGCTCACGCCTGTAATCCCAGCACTTTGGGAGGCTGAGGCGGGTGGATCAACTGAGGTCAGGAGTTCAAGACCAGCCTGGCCAACATGGTGAAACCCCGTCTCAACTAAAAATACCAAAAAGAAATTAGCTGGGCATGGTGGCGGGCGCCTGTAATCCCAGCTACTTTGGGAGGCTGAGGCAGGAGAATCACTTGAACCTAGGAGGCGGAGGTTGCAGTGAGCTGAGATGGTGCCATTGCACTCCAGCCTGGGCAACAAGAGTGAAACTCTGTCTAAAATAATAATAATAATAA","GGCCGGGCGCGGTGGCTCACGCCTGTAATCTCAGCACTTTGGGAGGCCGAGGCAGGTGGATCACCTGAGGTCAGGAGTACCAGACCAGCCTGGCCAACATGGTGAAACCCCGTCTCAACTAAAAATACAAAAAAATTAGCTGGGCGTGGTGGCGGGCGCCTGTAATCCCAGCTACTTCGGGAGGCTGAGGCAGGAGAATCACTTGAACCTGGGAGGCAGAGGTTGCAGTGAGCCGAGATGGTGCCATTGCACTACAGCCTGGATGACAAGATTGAAACTGTCTTTAAAAAAAAAAAAAAAAAAA"
"chr1","10124914","10125226","KN295667v1","1687893","1688204","35","8437021","GCCGGGCATGGTGGCTCACGCCTGTAATCCCAGCGCTTTGGGAGGCTGAGGTGGGTGGATCACCTGAGGTCAGGAGTTCGAGACCAGCCTGGCCAACATGGTGAAACCCGTCTCTACTAAAAATACAAAAATTAGCTGGGCGTGGTGGTGGGCACCTATAGTCTCAGCTACTCAGGAGGCTGAGGCAGGAGAATCATTTGAATCCGGGAGGCAGAGGTTGCAGTGAGCCAAGATCGTGCTGCCATTGCACTCCAGCCTGGGTGACAAGAGCAAAACTCTGTCTGAATAAACAAACAAACAAACAAAAACAAAA","GGCCGGGTGCGGTGGCTCACGCCTGTAATCCCAGCACTTTGGGAGGCCGAGGTGGGTGGATCACCTGAGGTCAGGAGTTGGAGACCAGCCTGGCCAGCATGGTGAAACCCCGTCTCTACTAAAAATACAAAAATTAGCCGGGCATGGTGGTGGGCGCCTGTATTCCCAGCTACTCGGGAGGCTGAGGCAGGAGAATCGCTTGAACCCAGGAGGCGGAGGTTGCAGTGAGCCAAGATCGCATCATTGCACTCCAGCCTGGGCAACAAGAGCGAAACTCCGTCTCAAAAAACAAACAAACAAACAAACAAACAA"
"chr1","10134889","10135201","KN295667v1","720725","721025","36","9414164","GGCCGGGCATGGTGGCTCACACCTGTAATCCCAGCGCTTTTGAGAGGCCGAGGCAGGTGGATCACCTGAGGTCAGGAGTTCGAGCCCAGCCTGGCCAGCATGGCGAAACCCCGTCTCTATTAAAAATACAAAAATTAGCCTGGTGTGGTGGCAGGCACTTGTAATCCCAGCTACTCGGGAGGCTGAGGCAGGAGAATCGCTTGAACCTGGGAGGAGGAGGTTGCAGTGAGCCAAGAGCCAAGATCGCGCCACGGCACTCCAGCCTGGATGACATTAGTGAAACTGTCTCAAAAAAAAAAAAAAAAAAAGGAAA","GGCTGGGCACCATGGCTCACACTTGTAATCCCAGCACTTTGGGAGGTCGAGGCAGATGGATCACCTGAGGTCAGGAGTTCGAGACCAGCCTGGCCAGCATGGCGAAACCCTGTCGCTACTAAAAATACAAAAATTAGCCTAGTGTGGTGGCAGGCACTTGTAATCACAGCTACTTGGGAGGCTGAGGCAGGAGAATCACTTGAACCTGGGAGGAGGAGGTTGCAGTGAGCTGAGATTATGCCACTGCACTCCAGCCTGGGTGACAAGAGTGAAACTGTCTCAAAAAAAAAAAAAAAAAAAA"
"chr1","10135796","10136094","KN295667v1","719552","719850","28","9416244","GGCCGGGGGCAGTGGCTCATACCTGTAATCCCAGAATTTTGGAAGGTCGGGGCAGGTGGATCATCTGATGTTAGGAGTTGGAAACTAGCCTGGCTAACATGGTGAAACGCTGTCTCTACTAAAAAATACAAAAATTAGCCGGGTGTGGTGGCGGGCACCTGTAGTCCCAGCTACTCAGGAGGCTGAGGCAGGATAATCACTTGAACCCAGGAGGTGGAGGTTGCAGTGAGCCGAGATCGCGCCATTGCACTCCAGCCTGGGCAACAAGAGCAAGACTCCGTCGCAAAAAAATTAAAAAA","GGCTGGGGGCAGTGGCTCATACCTGTAATCCCAGAACTTTGGGAGGTCAGGGCAGGTGGATCATCTGAGGTCAGGAGTTGGAAACTAGCCTGGCTAACATGGTGAAACTCTGTCTCTACTAAAAAATACAAAAATTAGCTGGGTGTGGTGGTGGGCATCTGTAGTCTGCGCTACTCAGGAGGCTGAGGCAGGAGAATCGCTTGAATCCAGGAGGTGGAGGTTGCAGTGAGCCGAGATCCACTGTTGCACTCCAGCCTAGGCGACAAGAGCAAGACTCCATCACAAAAAATAAAAATAAA"
"chr1","10142926","10143098","KN294456v1","1251593","1251759","30","8891333","ATACCAAAAGCCGGGCAAAGTGGCAGATTCCTGTAATCCCAGCTACTCAGGAGGCTGAGGGGGGAGAATTGCTTGAACCCGGGAGGCAGAGGTTGCAGTGAGCAGAGATAGCGCCATGCCATTGCACTCCAGCCTGGGCAACAAGAGTGAAACTCCATCTCAAAAAAAAAAAA","AATTAGCTGGGCGTGGTGGCAGGCACCTGTAATCCCAGCTACTCAGGAGGCTGAGGCAGAAGAATTGCTTGAACCCGGGAGGCAGAGGTTGCAGTGAGCCAAGATTGCGCTGTTGTACTCCAGCCTGGGCAACAAGAGCAAAACTCCATCTCAAAAAAAAAAAAAAA"
"chr1","10163714","10164009","KN295667v1","690759","691065","41","9472955","GGCCGGGCACAGTCGTTCACGCTTGTAATCCCAGCACTTTGGAAGGCCGAGGCGGGGGGGATCGCCTGAGGTCAGAAGTTCGAGACCAGCCTGGCCAACATGGAGAAACCCCATCCCTACTAAAAATACAAAAATTAGCTGGGCATGCTGGCGGGAGCCTGTAATCAAAGCTACCTGGGAGGCTCAGGCAGGAGAATTGCTTGAACCCAGGAGGCAGAGGTTGCAGTGAGCCGAGATCAGGCCATTGCACTCAAGCCTGAGTGACGAGAGCGAAACTCCATCAAAAAAAAAAAGAA","GGCTGGGTACAGTGGCTCACTCCTGTAATCCCAGCACATTGGGAGGCCGAGGTGGGGGGATCACCTGAAGTCAGAAGTTCTAGACCAGCCTGGCCAACATGGTGAAACCCCATCTCTACTAAAAATACAAAAATTAGCTGGGCATGCTGGCGGGAGCCTGTAATCCCAGCTACTTGGGAGGCTGAGGCAGGAGAATCGCTTGAACCCAGGAGGTGGAGGCTGCAGTGAGCCGAGATCACACCATTTCACTCACGCCTGAGTGACAAGAGCGAAACTCCGTCTCAAAAAAAAAAAAAGAAAGAAAGAA"
"chr1","10186090","10186398","KN296934v1","897698","898003","37","9288392","GGCCGGGCGAGGTGGCTAATGCCTGTAATTCCAACACTTTGGGAGGCCAAGTCAGGCAGATCACTTGAGGTCGTCAGGAGTTTGAGACCAGCCTGGCCAACATGGTGAAACCCCGTCTCTACTAAAAATACAAAAATTAGCTGGGTGTGGTGGCGGGTGCCTGTAATCCCAGCCACTCAGGAGGCTGAGGCAGGAGAATCGCTTGAACCAGGGAGGCAGAGGTTGCAATGAGCCGAGACCATGCCATTGCACTTCAGCCTGGGCAACAAAAATGAAACTGTCTCAATGAAAAAAAAAAAAAAAAGAAAA","GCCGGGTGTGGTGGCTCACACCTGTAATCCCAGCACTTTGGGAGGCCAAGGCAGGCAGATCACCTGAGGTTAGGAGTTCGAGACCGGCCTGGCCAACATGGTGAAACCCTGTCTCTACTAAAAATACAAAAATTAGCCAGGTGTGGTGGCGGGCACCTGTAATCCCAGCTACTCAGGAGGCTGAGGCAGGAGAATCGCTTGAACCCAGGAGGTAGAGGTTGCAGTGAGCCAAGATCGTGCCATTGCACTCCAGCCTGGGCAACAAGAGAGAAACTCCGTCTCAAAAAAAAAAAAAAAAAAAAAAAA"
"chr1","10192966","10193262","KN296154v1","1227898","1228192","45","8965068","GGCCCGGCATGGTGGCTCACACTTGTAATCCCAGCACTTTGGGGGGCCGAGGTGGGAGGATTGTTTGAGCCCAGGAATTTGAGACCAGCCTGGGCAACATGGTGAGATGCCATGTCTACAAAAAATTAAAAATTAGGTGGGTGTGGTGGTGCATGCCTGTAGTCCCAGCTACTTGGGAGGCTGAGATAGGAGAATCGCATGAAGCTGGGAGGGGGAGGTTGCAGTGAGCCGAGATGGTGCCATTGTACTCCAGCCTGGGTGACAAGAGCGAAACTCCGTCTCAGAAAAAAAAAAAAA","GCCAGGCATGGTGGCTCCTGCCTGTAATCCCAGCACTTTGGGAGGCCGAGGCGGGTGGATTGCCTGAAGTCAGGAGTTTGAGAGCAGCCTGACCAACATGGTGAATCCCTGTCTACTAAAAATACAAAAATTAGCTGGGTGTGGTGGTGTATGCCTGTAATCCCAGCTACTCGGGAGGCTAAGGCAGGAGAATTGCTTGAATCTGGGAGGCGGAGGTTGCAGTGAGCCGAGATTGCACCATTGCACTCCAGCCTGGGTGACAAGAGTGAAACTCCATTAAAAAAAAAAAACAAAA"
"chr1","10204604","10204886","KN295667v1","643435","643717","35","9561169","GGGCATGGTGGCAATCCCAGCACTTTGGGAGGCCGAAGCAGACAGCCCACCTGAGGTCAGGAGTTCGAGACCAGCCTGGCCAACATGGTGAAACCTCGTCTCTACTAAAAATACAAAAATTAATTGGGCGTGGTGGCCAGTGCCTGTAATCCCAGCTACTTGGGAGGCTGAGGCAGGAGAATTGCTTGAATCCAGGAGGCGGAGGTTGCAGCAAGCCGAGATTACGCCATTACACTCCAGCCTAGGTGACAAGAGCAAAACTCCAACTCAAAAAAAAAAAAAA","GGGCGTGGTGGCAATTCCAGCACTTTGGGAGGCCACGGCGGGCAGATCACCTGAGGTCAGGAGTTTGAGACCAGCCTGGTCAACATGGTAAAACCCCGTCTCTACTAAAAATACAAAAATTAGCAGGGCATGGTGGTGGGTGCCTGTAATCCCAGCTACTCGGGAGGGTGAGGCAGGAGAATTGCTTGAACCCGGGAGGCAGAGGTTGCAGCAAGCCAACATCGCGTCATTACACTCCAGCCTAGGCAACAAGAGCGAAACTCCATCTTAAAAAAAAAAAAAA"
"chr1","10247436","10247753","KN295382v1","230497","230807","41","10016939","GGCCAGGTGTGCTGGTTCATGCCTGTAATCCCAGCACTTTGGGCGGCTGAGGCGGGTGGATCACCTGACATCAGGAATTCAACACCAGTCTGGCCAACATGGTGAAACCCCGTCTCTAATAAAAATACAAAAAATTAGCTGGGTGTGGTGGCAGGCGCCTGTAATCCCAGCTACCTGGGAGGCTAAGGCAGGAGAATCGCTTGAACCCGGGAGGCGGAGGTTGCAGTGAGCCGAGATCATGCCATTGCACTTCGGCCTGGGCAACAAGAGCAAAATTCCATCTCAAAAAACAAAACAAAACAAAACAAAACAAAACAA","GCCGGGCGCAGTGGCTCACGTCTGTAATCCCAGCACTTTGGGAGGCTGAGGCGGGTGGATCGCCTGACGTCAGGAATTCAAGACCAGCCTGGCACAACATGGTGAAACCCCGTCTCTACTAAAAATACAAAAAATTAGCCGGCGTGGTGGCATGCGCCTGTAATCCCAGCTACTCAGGAGGCTGAGGCAGGAGAATTGCTTGAACCCGGGAGGTGGACGTTGCAGAGAGCCGAGATCGTACCATTGCACTCCAGCCTGGGCAACAAGAGAGAAACTCCATCTCAAAAAAAAAAAAAAAAAAAAAAAAAAAA"
"chr1","10260279","10260620","KN295601v1","761243","761570","55","9499036","GGCCGGGCATGGTGGCTCACGCCTGTAATCCCAGCACTTTGGGAGGCCAAGGAGGGTAGATTGCCTGAGGTCAGGAGTTCGAGACCAGTCTGAGCAACATGGTGAAACCTCGTCTCTCCTAAAAATGCAAAAGTAGCCAGGTGTGGTGGCACACGCCTGTAATCCCAGCTTACTAGGGAGGCTGAGGCAGGAGAATCACTTGAACCTGGGAGACGGAATTTGCAGTAAGCCAAGATCGTGCCATTGCACTTCTGCCTGGGTGACAAGAGCAAAACTCCATCTCAAATAAATAAATAAATAAACAAACAAATAAATAAATAAACAAATAAATAAATAAATAAA","GGCTGGGTGTGGTGGCTCACGCCTATAATCCCAGCACTTTGGGAGGCCGAGGAGGGTGGATTACCTGAGGTCAGGAGTTCAAGACCAGCCTGGCCAATGTGGTGAAACCCCATCTCTACTAAAAATACAAAATTAGCCGGGCATGGTGGTACATGCCTGTAATCCCAGCTACTTGGGAGGCTGAGGCAGAAGAATTGCTTGAACTTGGGAGGCAGAGATTGCAGTGAGCTGAGATCGTGCCATTGCACTTTAGCCTGGGCAACAAGAGCGAAACTTCATCTCAATAAATAAATAAATAAATAAATAAATAAATAAATAAATAAATAAA"
"chr1","10278795","10279095","KN294790v1","1521157","1521453","46","8757638","GGCCGGGCTCAGTGACTCACGCCTGTAATCCCAGCACTTTGGGAAGCTGAGGCAGGAGGATCATCTGAGGTCAGGAGTTGGAGGCTTAGTCTGGCCAAAATGGTGAAACCCCGTCTCTACTAAAAATACAAAAAAATTTAGCTGGACGTAGTGGTGCACACCTATAGTCCCAGCTTCTCTGGAGTCTAAGGCAGATGAATCACTTGAATCAGGGAGGCAGAGGTTGCAGTGAGCCAAGATCGTGCCATTGCACTCCAGCCTGGGCTACAAGAGCAAATCTCCATCTCAAAAAAAAAAAAAA","GGCCTGGCGCACTGGCTCACGCCTGTAATCCCAGCACTTTGGGAGGCTGAGGCAGGTAGATCACCTGAGGTCAGGAGTTCAAGACCAGCCTGGCAAACATGGTGAAACCCCGTCTCAACTAAAAATACAAAAATATTAGCTGGATGTGTTGGTGGGCACCTGTAATCCCAGCTACTTTGGGAGGCTGAGGCAGAAGAATTACTTGAACCTGGGAGGCAGAGGTTGCAGTGAGCCAAGACAGTGCCATTGCACTCCAGCCTGGGTGACAAGAGTCAAACTCTGTCTAAAAAAAAAAAA"
"chr1","10299582","10299889","KN296934v1","897698","898003","27","9401884","GGCTGGGTGCAGTGGCTCACACCTGTAATCCCAGCACTTTGGGGAGCCGAGGTGGGCAGATCACTTGAGGTCAGGAGTTTGAGACCAGCCTGGCTAACATGGTGAAACCCTGTTTCTACTAAAAATACAAAAAATTAGCCAGGCATGGTGGTGTGCGCCTGTAATCCCAGCTACTCGGGAGGCTGAGGCAGGAGAATCGCTTGAACCCGGGAGGTGGAGGTTGCAGTGAGCCGAGATCGTGCCATTGCACTCCAGCTTGGGCAACAAGAGCGAAACTCCGTCTCAAAAAAAAAAAAAAAAAAAAAAAA","GCCGGGTGTGGTGGCTCACACCTGTAATCCCAGCACTTTGGGAGGCCAAGGCAGGCAGATCACCTGAGGTTAGGAGTTCGAGACCGGCCTGGCCAACATGGTGAAACCCTGTCTCTACTAAAAATACAAAAATTAGCCAGGTGTGGTGGCGGGCACCTGTAATCCCAGCTACTCAGGAGGCTGAGGCAGGAGAATCGCTTGAACCCAGGAGGTAGAGGTTGCAGTGAGCCAAGATCGTGCCATTGCACTCCAGCCTGGGCAACAAGAGAGAAACTCCGTCTCAAAAAAAAAAAAAAAAAAAAAAAA"
"chr1","10314056","10314352","KN295667v1","532523","532817","26","9781533","GGCCGGGTGCAGTGGCTCACGCCTGTAATCCCAGCACTTTGGAAGGCCGAGGCAGGTGAATCACCTGAAGTCAGGAGTTCGAGACCAGCCTGGCCAACATGGTTGAACCCCATCTCTTCTAAAAATACAAAAATTAGCTGGGTGAGGTGGCACATGCCTGTAATCCCAGCTACTTGGAGGCTGAGGCAGGAGAATCACTTGAACCTGAGAGGCGAAGGTTGCAGTGAGTGGAGATCATGCCATTGCACTCCAGCCTGGGAAACAAGAGTGAAACTCTATCTCAAAAAAAAAAAAAAA","GGCTGGATGCAGTGGCTCACGACTGTAATCCCAGCACTTTGGGAGGCCAAGGGAGGTGGATCACCTGAGGTCAGGAGTTCGAGACCAGCCTGGCCAACATGGTGAAACCTCATCTCTGCCAAAAATACAAAAATTAGCTGGGTGAGGTAGCACATACCTGTAATTCCAGCTACTTGGAGGCTGAGGCAGGGGAATCGCTTGAACCTGAGAGGCGATGGTTGCAGTGAGTGGAGATTGTGCCATTACACTCCAGCCTGGGAAACAAGAGTGAAACTCTATCTCAAAAAGAAAGAAA"
"chr1","10322487","10322783","KN295236v1","4576569","4576870","40","5745918","CAGGCTCAGTGGCTCACACCTGTAACCCCAGCACTTTGTGAGGCTGAGGCAGGTGGTTCACCTGAGGTCAAGAGTTTGAGACCAGCCTGACCAATATGGTGAAACCCCATCTTTACTAAAAATACAAAATTAGCCGGGCGTGGTGGCACAGTTCTATACTCCTAGCTTCTCAGGAGGCTGAGGCAAGAGAATCTCTTGAACCCAGGAGGCAGAGGTTGCAGTGAGCTGAGATCGTGCCGTTGTACTCCAGCCTGGGCAACAATAGAGAAACTCCATCTCAAAAAAAAAAAAAAAAAA","GCTGGGTACAGTGGCTCATGCCTGTAATCCCAGCACTTTGGGAGGCTGAGGAGGGTGGATCAACTGAGGTCAGGAGTTCGAGACTAGCCTGGCCAACATGGTGAAACCCCCGTCTCTAGTAAAAATACAAAATTAGTCGGGCGTGGTGGCGCACACCTGTAATCCCAGCTACTCGGGAGGCTGAGGCAGGAGAATCGCTTGAACCCAGGAGGCAGAGGTTGCAGTGAACTGAGATCGTGCCATTGCACTCCAGCCTGGGCAACAAGAGTGAAACTCCATCTCAAAAAAAAAAAAAAAAAAAA"
"chr1","10339351","10339655","KN294407v1","2595440","2595750","44","7743911","GGCTAGGCGCAGTGGCACATGCCTGTAATCCCAGCACTCTGGGAGGCCAAGGTGGGTGGATCACTTGAGGTCAGGAGTTCAAGACCAGCCTGGCCAGCATGGTGAAACTCCGTCTCTATTAAAAGCACAAAAATCAGCTGGGCTTGGCGGCAGGCGCCTGTAATCCCAGCTACTCAGGAAGCTGAGGCAGGAGAAGCTTGAACCTGGGAGGCGGAGGTTGCAGTGAGCCAAGATGATACCATTGTGCTACAGCCTGGGCGACATGAGCAAAACTCTGTCTCAAAAAAGAAAAGAAACAAAGAAAA","GGCCAGGTGCAGTGGCTCATGCCTGTAATCCCAGCACTTTGGGAGGCTGAGGTGGGTGGATTGCCTGAGGTCAGGAGTTCAAGACCAGCCTGGCCAACATGGTGAAACCCCGTCTCTACTAAAAATACAAAATTAGCTGGGTGTGGTGGCAGGCACCTGTAATCCCAGCTACTCAGGAGACTGAGGCAGGAGAATCGCTTGAACCTGGGAGGCGGAGGTTGCAATGAGCCGAGATTGTGCCATTGCACTCCAGCCTGGGCAAAACGAGCAAAACTCTGTCTCAAAAAATAAAATAAAATAAAATATAAAAA"
"chr1","10346299","10346515","KN296210v1","302934","303147","36","10043365","GTTCGAGACCAGCCTGGCCAACATGTTGAAACCCCATCTCTACTAAAACCACAAAAATTAACCTGGTGGTGTGTTGGGCACCTGTAATCCCAGCTACTCGGTAGGCTGAGGCAGGAGAATCGCTTGAACCCATGAGGTTGAGGCTGCAGTGAGCCAAGATCGTGCCACTGCACTTCAGCCTGGGTGACAAGAGCGAAACTTCATCTAAAAAAAAAAA","TTTGAAACCAGCCTGGCCAACATGGTGAAACTCCGTCTCTACTAAAAACACAAAAATCAGCCGGGCGTGGTGGCAAGCACCTGTATTCCCAGCTACTCGGGAGGCTGAGGCAGTAGAATCACTTGAACCCAGGAGGCAGAGGTTGCAGTGAGCCGAGACCGTGCCATTGGGCTCCAGCCTGGGCAACAAGAGCAAAACTTCATCTAAAAAAAAA"
"chr1","10349950","10350252","KN295114v1","20941","21251","42","10329009","GGCCAGGCGCAGTGGCTCACGCTTATAATCCCAGCACTTTGGGAGACCGAGGCAGGTGAATCTGAGGTGAGGAGTTCGAGACCAGCCTGGTTGACATGGTGAAACCCCGTCTCTACTAAAAATACAAAAATTAGCTGGGCGTGGTGGCGTATGCCAGTAATCCCAGGTACTCAAGAGGCTGAGGCAGGAGAATTGTTGAATCCGAGAGGCAGAGGTTGCAGTGAGCCGAGGTCGTGCCATTGCACTCCAGCCTGGGCGACAAGAGCAAAACTCCGTCTTAAAAAAACACAAAACAAAAGAAAA","GGCCAGGCATGGTGGCTCACACTTGTAATCCCAGCACTTTGGCAGGCTGAGGCGGGTGGATCATCTGAGGTCAGGAGTTCGAGACCAGCCTGACCAACATGGTGAAACCCCGTCTCTACTAAAAATACAAAAAAATTAGCTGGGCGTGGTGGCGGGTGCCTGTAATCCCAGCTACTCGGGAGGCTGAGGCAGGAGAATTGCTTGAACCCGGGAGGCGGAGGTTGCAGTGAGCCAAGATCGCACCATTGCACTCCAGCCTGGGTGACAAGAGCAAAACTCCATCTAAAAAAAAAAAAAAAAAAAAAAAAAAA"
"chr1","10357131","10357434","KN294172v1","4761492","4761794","38","5595639","GGCTGGACACAGTGGCTCACGCCTATAATCCTAGCACTTTGGGAGGCCAAGTCGGGTGGGTCACCTCAGGTCAGGATTTAGAGACCAGCCTGGGCAACATGGTGAAATCTCATCTGTACTAAAAATACAAAAATTAGCCAGGTGTGGTGGTGGGCACCTGTAATCCCAGCTAATGGGGAGGCTGAGGCAGGAGAATAACTTGAATCTGGGAGACGGAGGTTGCAGTGAACTGAGATGGAGCCATTGCACTCCATCCTGGGCGACAAGAGCAAAACTTTGTCTCAAAAAAAAAAAAAAAAAAAAA","GGCTGGGCACATTGGCTCATGCCTGTAATCCCAGCACTTTGGGAGGCCGAGGCGAGTGGATCACCTGAGGTCAGGAGTTCAAGACCAGCCTGGCCAACATGGTGAAACCCTGTCTTTACTAAAAATACAAAAATTAGCCAGGTGTGGTGGTGGGTGCCTGTAATCCCAGCTACTTGGGAGGCTGAGGCTGGAGAATCGCCTGAACCTGGGAGGCGAAGGCTGCAGTGAGCTGAGATTGCGCCATTGTACTCCAGCCTGGGCGACAAGAGCAAAACTCTGTCTCAAAAAAAAAAAAAAAAAAAA"
"chr1","10379557","10379852","KN297227v1","1018475","1018768","35","9361082","GCATGGTGGCTCATGTCTGTAATCCCATCACTTTGGGAGGCCAAGGCGGGTGGATCACTGGAGGTCAGGAGTTCGAGACCAGCCTGACCAACATGGTGAAACCCCGTGTCTACTAAAAATACAAAAAAATGAGCCAGGCATGGTGGCGCATGCTTGTAATCCCAGCTACTTGGGAGGCTGAGGCAGGAGAATCGCTTGAACCCAGGAGACGGAGGTTGCAGTGAGCTGAGATCGCGCCATTGCACTCTAGCATGAGCAACAAGAGTGAAACTTGGTCTCAAAAAAAAAAAAAGAAA","GGGCACGGTGGGTCATGCCTGTAATCCCAGCACTTTGGGAGGCCAAGGCAGGTAGATCACGAGGTCAGGCGTTCGAGACCAGCCTGGCCAACATAGTGAAACCCTGTCTCTACTAAAAATACAAAAAATTAGCCAGGCGTGGTGGCGGGCGCCTGTAATCCCAGCTACTTGGGAGGCTGAGGCAGGAGAATCACTTGAACCTGGGAGGCAGAGGTTGCAGTGAACTGAGATCGCACCATTGCACTCCAGCCTGGGCAACAAGAGTGAAACTCCGTCTCAAAAAAAAAAAAAAAA"
"chr1","10388853","10389137","KN295936v1","1122342","1122630","34","9266511","CTGGGCATGGTGGCTCACACCTGTAATCCAAGCACTTTGGGAGGCTGAGGCGGGTGGATCACCTGAGGTCAGGAGTTCGAGACCAGCCTGGTCAACATGGTGAAACCCAATCTCTACTAAAAATACAAAAAATTAGCCGGTCATGGTGTGTGCCGGTAATCCTAGCTACTCCAGAGGCTGAGGCAGGAGAATCGCTTGAACCTGGGAGGCAGAGGCTGCAGTTGGCTGAGGTTGCGCCATTGCACTTCAGCCTGGGTAACAAGAGCGAAACTTCATCTCAAAAAA","GGCTGGGCACGGTGGCTCATGCCTGTAATCCCAGCACTTTGGGAGGCTGAGGTGGGTAGATCACCTGAGGTCAGGAGTTCAAGACCAGCTTGGTCAACATGGTGAAACCTCATCTCTACTAAAAATACAAAAATTAACTGGGCATGGTGGTGGGTGCCTGTAATCCTAGCTACTCAGGAGGCTGAGGCAGGAGAATGGCTTGACCCTGGGAGGCGGAGGTTGCAGTGAGCTGAGATTGCGCCATTGCATTCCAACCTGGGTGACAAGAGCGAAACTCCATCTCAAAAAA"
"chr1","10418134","10418433","KN296153v1","3677943","3678242","31","6740191","GGCTGGGCGCGGTGGGTCACGCCTGTAATCCCAGCACTTTGGGAAGCCGAGGCGGGTGGATCACCTGAGGTCAGGAGTTTGAGACCAGCCTGGCCAACATAGTGAAACCCCATGTCTACTAAAAATACAAAAAAGTAGCTGGGCATGGTGGCGGGCACCTGTAATCCCACCTACTCAGGAGGCTGAGGCAGGAGAACCGCTTGAACCCAGGAGGTGGAGGTTGCAGTGAGCCGATATTGTGCCATTGCACTCTAGCCTGGGCAACAAGAGCCTAACTCCATCTCAAGAAAAAAAAAAAAA","GGCCGGGTGTGGTGGCTCACGCCTGTAATCCCAGCACTTTGGGAGGCCAAGGCAGGTGGATCACTTGAGGTCAGGAGTTCGAGACCAGCCTGGCCAACATAGTGAAACCCCATCTCTACTAAAAATAAAAAAAATTAGCTGGGCGTGGTGGCAGGCGCCTGTAATCCCAGCTACTCGAGAGGCTGAGGCAGGAGAATCACTTGAACCTGGGAGGCGGAGGTTGCAGTGAGCAGAGATTGCGCCATTGCACTCCAGCCTGGGCAACAAGAGCGAAACTCCGTCTCAAAAAAAAAAAAAAAA"
"chr1","10438001","10438329","KN296883v1","1146841","1147163","64","9291160","GGCTGGGTGCGGTGGCTCACGCCTGTAATCCCAGCACTTTGGGAGGCCAAGGTGGGCAGATCATGAGGTCAGGAGTTCGAGATCAGCCTGGCCAACATGGTGAAAACCCATCTCTACTAAAATATAAAAATTAGCCGGGCATGGTGGCGGGCACCTGTAGTCCCAGCTACTGAGGAAGCTGAGGCAGGGCACCTGTAGTCCCAGCTACTGAGGAAGCTGAGGCAGGAGAATCGCTTGAACCCGGGAGGTGGATGTTGCAGTGAGCCAAGATTGCGCCATTGCACTCCAGCCTGGACAATAATAGAGTGAGACTCCATCTCAAAAAAGAA","GGCCGGGCACAGTGGCTCATGCCTGTAATCTCAGCACTTTGGGAAGCCGAGGCGGGCAGATCACCTGAGGTCAGTAGTTCAAGACCAGCCTGGCCAAAATGGTGAAACCCCATCTCTACTAAAAATACAAAAATTAGCCAAGTGTGGTGGTGGGCACCTGTCCCACTACTCAGCTACTCAGGAGGCTGCTCCCGGCTACTCAGGAGGCTGAGGCAGGAGAACCGCTTGAACCCAGGAGGAGGAGGTTGCAGTGAGCCAAGATCGTGCCAGTGCACTCCAGCCTAGACGACAAGAGCAAGACTCTGTCTCAAAAAAAAGGAAAA"
"chr1","10440319","10440608","KN296062v1","657166","657452","53","9783153","GCTGGGCGCAGTGGCTCATGCCTGTAATCCCATTACTTTGAGAGGCCATGGCAGGCAGATCACCTGAGGTCAGGAGTTTGAGACCAGTCTGACCAACATGGTGAAACCCCATCTCCACTAAAAACACAAAATTAGCTGGGCGTGGTGGCGCATCCCTGTAATCCCAACTATTTAGGAGGCTGAGGCAGGAGGCGGAGGTTGCAGTGAGCTAAGACTGCGCCATTGCACTCCAGCGTGGGCGACAAGAACAAAACTCTGTCTCAAAAATAAATAAGTAAATAAATAAATAA","GGCCGGGCACGGTGGGTCACACCCGTAATCCCAGCACTTTGGGAGGCTGAGGCGGGCGGATCACCTGATGTCAGGAGTTTGAGACCAGCCTGGCCAACATGGAGAAACCCCGTCTCTACTAAAAATACAAAAATTAGCTGGGCGTGGTGGTGGGTGTCTGTAATCCCAGCTACTCGGGAGGCTGAGGCATGAGGCAGAGGTTGCAGTGAGCCGAGATCACACCATTGCACTGCAGCCTGGGCGACAAGAGCGGAACTCTGTCTCAAAAAAAAAAAAAAAAAAAAAAA"
"chr1","10446820","10447119","KN296153v1","3677943","3678242","34","6768877","GGCTGGGTGTGGTGGCTCACATCTGTAATCCAGCAGTTTGGGAGGCCAAGGCGGCCGGGTCACCTGAGGTCAGGAGTTTGAGACCAGCCTGCCCAACACGGTAAAACCCCGTCTCTACTAAAAATACAAAAAATTAGCCGGGCATGGTGGCGGGTGCCTCTAATCCCAGCTACTTGGGAGGCTGAGGCAGGAGAATCACTTGAACCCGGGAGGCAGAGGTTGCAGTGAGACAAGATTGCACAACTGCACTCCAGCCTGGGTGACAAGAGCGAAACTCCGTCTCAAAAAAAAAAAAAAAAA","GGCCGGGTGTGGTGGCTCACGCCTGTAATCCCAGCACTTTGGGAGGCCAAGGCAGGTGGATCACTTGAGGTCAGGAGTTCGAGACCAGCCTGGCCAACATAGTGAAACCCCATCTCTACTAAAAATAAAAAAAATTAGCTGGGCGTGGTGGCAGGCGCCTGTAATCCCAGCTACTCGAGAGGCTGAGGCAGGAGAATCACTTGAACCTGGGAGGCGGAGGTTGCAGTGAGCAGAGATTGCGCCATTGCACTCCAGCCTGGGCAACAAGAGCGAAACTCCGTCTCAAAAAAAAAAAAAAAA"
"chr1","10463612","10463923","KN294439v1","261107","261420","33","10202505","GGCTGGGCGCGGTGGCTCATGCCTGTAATCCCAGCACTTTGGGAGGCTGAGGCAGGTGGATCACCTGAGGTCAGGAGTTCAAAAACAGCCTGACCAACATGGTGAAACCCTCGTCTCTACTAAAAATAGAAAATTAGCCGGGCGTGGTGGCACACGCCTGTAATCCCAGCTACTTGGGAGGCTGAGGTAGGAGAATCGCTTGAACCGGGGAGGTGGAGGTTGCAGTGAGCTGAGATTGCACCTTTGCACTCCAGCCTGGGCAACAAGAGCGAAACTCCGTCTCAGAACAATATAAAATAAAATAAAATAAAA","GGCCGGGCGCGGTGGCTCATGCCTGTAATCCCAGCACTTTGGGAGGCCAAGGCAAGTGGATCACCTGAGGTCAGGAGTTCGAGACCAGCCTGACCAACATGGTGAAACCCCGTCTCTACTAAATATACAAAAAATCAGCCGGGTGTGGTGGCGGGTGCCTGTAATCCCAGTTACTTGGGAGGCTGAGGCAGGAGAATCACTTGAACCTGGGAGGTGGAGGATGCAGTGAGCTGAGATTGCGCCATTGCACTCCAGCCTGGGCAACAAGAACGAAACTCCGGCTCAAAAAAAAAAATAAACAAAATAAAATAAAA"
"chr1","10478008","10478308","KN295667v1","358518","358819","27","10119490","CCAGGCGCAGTGGCTCACACCTGTAATCCCAGCACTTTGGGAGGCCGAGGCGGGTGGATCACCTGAGGTCAGGAGTTCGAGACCAGCCTGGCCAACATGGTGAAACCCCATCTCTACTAAAAATAAAAAAATTAGCCAGACTTGGTGGTGGGCGCCTGTAATCCCAGCTACTTGGGAGGCTGAGGCAGGAGAATCGCTTAAACCCGGGAGGCGGAGGTTGCAGTGAGCCAAGATCGCACCATTGCACTCCAGCCTGGGTGACAAGAGCGAGACTCTGTCTCAGAAAAATGAATAAATAAAA","GGCCAGGCTCAGTGGCTCACACCTGTAATCCCAGCACTTTGGGAGGCCGGGCGGGTAGATCACCTGAGGTCAGGAGTTTGAGACCAACCTGGCCAACACAGTGAAACCCCATCTCTACTAAAATTTAAAAAATTAACCAGACTTGGTGTTGGGTGCCTATAATCTCAGCTACTTGGGAGGCTTAGGCAGGAGAATTGCTTAAACCCAGGAGGTGGAGGTTGTAGTGAGCCAAGATCGCACCATTGCACTCCAGCCTGGGCGACAAGAGCAAGACTCTGTCTCAAAAAAATAAATTAAAAAAA"
"chr1","10478867","10479000","KN296635v1","2077247","2077383","24","8401620","CTCTGGAGGCTGAGGCAGGAGAATCACTTGAACCCGGCATGAGGAGGTTGCAGTGAGCCAAGATCATGCCACCCTACTCCAGCCTGGGTGACAAAAGCAAGACTCTGTCCCAAAAAAAAAAAAAAAAAAAAAAA","CTGCTCGGAGGCTGAGTCAGGAGGATCGCTTGAACCTGGGAGGTGGAGGTTGCAGTGAGCCGTGATTGTGCCATTGTACTCTAGCCTGGGCAACAAGAGCAAAACTCTGTCTCAAAAAAAAAAAAAAAAGAAAGAAA"
"chr1","10502971","10503267","KN295667v1","332100","332397","20","10170871","GGCCAGGCACGGTGGCTCACGCCTGTAATCCCAGCACTTTGGGAGGCCGAGGTGGGCGGATCACCTGAGGTCAGGAGTTTGAGACCAGTCTGGCCAATGTGCTGAAACCCCGTCTCTACTAAAAATATTTTTAAAAATTAGCCAGGTGTGGTGGCGGGCACCTGTAATTGCAACTACTTGGGAGGCTGAGGAAAGAGAATTGTTTGAACTGGGGAGGCAGAGGTTGCAGTGAGCTGAGATGGTGCCATTGCACACCAGCATGGGTGACAAGAGTCAAACTCCGTCTCAAAAAAATAA","GGCCAGGCGCAGTGGCTCACACCTGTAATCCCAGCACTTTGGGAGGCCGAGGTGGGCGGATCACCTGAGGTCAGGAGGTTGAGACCAGTCTGGCCAAAATGCTGAAACCCCGTCTCTACTAAAAATATTTTTTAAAAAATTAGCCAGGTGTGGTAGCAGCCACCTGTAATTGCAACTACTTGGAGGCTGAGGAAAGAGAATTGCTTGAACTGGGGAGGCAGAGGTTGCAGTGAGCTGAGATTGTGCCATTGTACACCAGCCTGGGCAACAAGAGTGAAACTCTGTCTCAAAAAAATAA"
"chr1","10537723","10538022","KN296322v1","1833147","1833444","40","8704576","GCCGGGCGCAGTGGCTCACGCCTGTAATCCCAGCACTTTGGGAGGCTGAGGCGGGCAGATCACCCAAGGCAAGGAGTTCGAGACCAGCCTGGCTAACATGGTGAAACCCTGTTTCCACTACAAATACAAAAGAATTAGCCGGACATGGTGGCGTGCCCTTGTAATCCCAGTTACTTAGGAGGCTGAGGCAGGAGAATCACTTGAACCCGGGAGGCAGAGGTTGCAGTGAGTCAAGATCGCATCATGGCACTCCAGCTTGGGCAATAAGAGCGAAACTTGGTCTCAAAAGAAAAAAAAAAA","GGCCAGGTGCGGTGGCTCACGCCTGTAATACCAGCACTTTGGGAGGCCGAGGCGGGCAGATCACCTGAGGTCAGGAGTTCGAGACCAGCCTGGCTGACATGGTGAAACCCTGTTTCTACTAAAAATACAAAAAATTAGCCAGGCATGGTGGCGCATGACTATAATCCTAGCTACTTGGGAGGCTGAGGCAGGAGAATCGCTTGAACCTGGGAGGCGGAGGTTGCAGTGAGCCAAGATTGCGTCATTGCACTCCAGCTTGGGCAACAAGAGGGAAACTGTCTAAAAAAAAAAGAAGAAA"
"chr1","10569299","10569337","KN294548v1","925285","925325","16","9644014","GGCCGGGTGCGGTGGCTCACGCTTGTAATCCCAGCACTT","ATTAGCTGGGTATAGTGGCAGGCTCATGTAATCCCAGCTAC"
"chr1","10570048","10570246","KN295667v1","271386","271586","21","10298662","TCAAGAGTTCGAGACCAGCCTGGCCAACATGGTGAAACCCTGTCCCTACAAAAAATACAAAAATTAGCCAGGCATGGTGGCGGGTGCCTGTAATCCCAGCTACTCGGGAGGCTGAGGCAGGAGAATCACTTGAACCCAGGAGGCGGAGGTTGCAGTGAGTTGAGCGCGCCATTGCACCCCAGCCTGGGTGGGCCAGAGC","GATCAGGAGTTCGAGACCAGCCTGGCCAACATGGTGAAAACCTGTCCCTACTAAAAATACAAAAATTAGCTAGGCATGCTGGTGGGTGCCTGAAATCCCAACTACTTGGGAGGCTGAGGCAGGAGAATCGCTTGAACCCAGGAGGCAGAGGATGCAGTGAGCTGGGTGTGCCATTGCACCCCAGGCCGAGTGGGCCAGAGC"
"chr1","10583916","10584181","KN295667v1","257546","257810","26","10326370","GGCCGGGCACAGTGGCTTACGCCTGTTAATGCCAGTACTTTGGGAGGCCGAGGCAGGTGGATCACCTGAGGTCAGGAGTTCGAGACCAGCCTGACCAACATGGCGAAACCCCGTCTCTACTAAAAATAGAAAAATTAGCCTGGCATGGTGGTGGGAGGCTGAAGCAAGAGAATCACTTGAACCCAGGAGGTGGAGGTTGCTGTGAGCTAAGATCGCGCCACTGCACTCCAGCCTGGGCGACAAGAGTGAAACTCCGTCTTAAAAAA","GGCCAGGCACAGTGGCTCACGCCTATTAATGCCAGCACTTTAGGAGGCCGAGGCAGGTGGATCACCTGAGGTCAGGAGTTCGAGAACAGCCTGACCAACATGGTGAAACCCCGTCTTTACTAAAAATACAAATATTAGCCTGGCGTGGTGGCAGGAGCTGGGGCAAGAGAATCACTTGAACCCAGGAGGTAGAGATTGTGGTGAGCCAAGATCGCACCACTGCACTCCAGCCTGGGTGACAAGAGTGAAAACTCATCTTAAAAAA"
"chr1","10606648","10606958","KN296934v1","602412","602712","48","10004236","GGCTGGGCGCAGTGACTCACACATGTAATCCCAGCACTTTGGGAGGCCGAGGTGGGCAAATCATTTGAGGTCAGGGGTTCAAGACCACTCTGGCCAACATGGTGAAACCTTGTCTCTACTAAAAATTCAAAAAAATTAGCCAATTAGCCGGCCATGGTGGTGGGCGCCTGTAATCCCAGCTACTGGAAGGCTGGGGCAGGAGAATCTCTTGAACCCAGGAGGCAGGGGTTGCCGTGAGCCAAGACTGCGCCATTTCACTTCAACCTGGGCAACAAGAGCAAAATACCATCTCAAAAAAAAAAAAAAAAAAA","GGCTGGGTGCGATGGCTCACACCTGTAATCCCAACACTTTGGGAGGCTGAGGTGGGTGGATCACCTGAGGTCAGGAGTTCAAGACCAGCCTGGCCAACATGGTGAAACCTCGTCTCTACCAAAAATACAAAAAAATTAGCTGGGCATGGTGGTGGGCGCCTGTAATCCCAGCTACTTGGGAGGCTGAGGCAGGAGAATTCCTTGAACCCAGGAGCTGGAGGTTGCAGTGAGCAGAGACCACACCATTGCACTCCAACCTGGGCAACAAGAACAAAACTGTCTCAAAAAAAAAAAAAAAAAA"
"chr1","10702264","10702547","KN294536v1","1859228","1859530","45","8843036","GGCTGGGTGTGGTGGCTCACGCCTGTAATCCTAGAGCTTTAGGAGGCTGAGGCAGGTGGACCACCTGAGGTCAGGGGTTAAAGACCAGCCTGGTGAAACCCCCTCTACTAAAAATACAAAAATTAGCCAGGCATGGTGGCACCTGTAATCCCAGCTACTTGGGAGGCTGAGGCAGGAGAATCACTTGAACCTGGGAAGCAGAGGTTGCAGTGTGCTGAGATCGCACCACGCACTCCAGCTTGGGCGATACGAGCAAAATTCCATCTAAAAAAAAAAAAAAAAAA","GGCTGGGTGTGGTGGCTCACACCTGTAATCCCAGCACTTTGGGAGGCCGAGGTGGGTGGATCACCTGAGGTCAGGAGTTCAAGACCAGCCTGGCCACTGTGGTGAAACCCCATCTCTACTAAAAATACAAAAATTAGCTAGGCATGGTGGCTGGAACCTGTAATCCCAGCTACTCAGGAGACTGAGGCAGGAGAATCACTTGAACCTGGGAGGCAGAGGTTACAGTGAGCTGAGATTGCACCATTGCACTCCAGCCTGGGCGACAAAAGTGAAATTCCATCTCAAAAAAAAAAAAAAGGAAAA"
"chr1","10726861","10727167","KN296743v1","427898","428203","34","10298963","GGCCGGGCGCAGTGGCTCCCGCCTGTAATCCCAGCACTTTGGGAGGCCGAGGTGGGCGGATCACTTGAGGTCAGGAGTTCAAGACCAGCCTGGCCAATGTGGCAAAACCCTGTCTCTAATAAAAATACAAAAATTAGCTGGGCATGGTGGCGGGTGCCTGTAATCCCAGCTACTCAGGAGGCTGAGGCAGGAGAATTGCTTGAACCGAGGAGGTGGAGGTTGCAATGAGCTGAGATCATGCCATTGCACTCTAGCCTGGGTGATAAGAGCAAGACTCTGTCTCAAAAAAAAAAAAAAAAAAAAAAAA","GGCCGGGTGCAGTGGCTCACGCCTGTAATCCCAGCACTTTGGGAGGCCGAGGTGCGTGGATCACCTGAGGTCAGGAGTTTGAGACCAGCCTGGCCAACATGGTGAAAACCTGTCTTTACTAAAAATACAAGAATTAGGTGGGAGTGGTGGCGGGTGACTGTAATCTCAGCTAGTTGGGAGGCTGAGGCAGGAGAATTGCTTGAACCCAGGAGGTGGAGGTTGCAGTGAGCTGAGATCGTGCCATTGCACTCCAGTCTGGGAGACAAGAGCAAAACTCTGTCTCAAAAAATAAAAATAAAAAAAAAA"
"chr1","10880794","10881108","KN296036v1","2421899","2422212","34","8458895","GGCCAGGTGCCGTGGCTCACGCCTGTAATTCCAGCACTTTGGGAGGCCGAGGTGGGTGGATCACCTGAGGTCAGGAGTTCGAGACCAGCCTGGCCAACATGGTGAAACCCCGACTCTACCAGAAATACAAAAAATTAGCTGGGTGTGGTGGCGGGTACCTGTAATCCCAGCTACTGGGGAGGCTGAGGCAAGAGACTCACTTGAACCCGAGAGGCGGAGGTTGCAGCGAGCCGAGATTGTGCCATTGCACTCCAGCCTGGGCAGCAAGACCAAAACTCCATCTCAAAAAACAAAACAAAACAAAACAAAACAAAA","GGCCTGGCGCAGTGGCTCATGCTTGTAATCCCAGCACTTTGGGAGGCAGAGGTGGGTGGATCACCTGAGGTCAGGAGTTCGAGACCAGCCTGGCCAGCATGGTGAAACCCTGTCTCTACTAAAACTACAAAAATTAGCTGGGTGTGGTGGCAGTCACCTGAAATCCCAGCTACTTGGGAGGCTGAGGCAGGAGAATCACTTGAACCCGAGAGACGGAGGTTGCAGTGAGCCAAGATCGTGCCATTGCACTCCAGCCTGAGCAACAAGAGTAAAACTCCATCTCAAAAAAAAAAAAAAAAAAAAAAAAAAAAAAA"
"chr1","11014502","11014807","KN294571v1","1546303","1546607","41","9468199","GGCTGTGCACGGTGGCTCATGCCTGTAATCCCAGCACCTTGGGAGGCCCAGGCGGGTGGATCTCCTGAGGTCAGGAGTTCAAGACCAGCCTGGCCAACATGGTGAAACCCTGTCTCCACTAAAAATACAAAAGTTAGCTCAGAGTGGTGACAGGTGCCTGTAATCCCAGCTATGCAGGAGGCTGACGCAGGAGAATCACTTGAACCCGGGAAGTGGAGGTTGCAGTGAGCCAGGATTGCCCCATTGCATTCCAGCCTGGGCGACAAGAGTGAAACTCTGACTCAAACAAACAAACAAACAAACAAA","GGCTGGGCACGGTGGCTCATGCCTTTAATCCCAGCACTTTGGGAGGCCGAGGCAGGTGGATCACCGGAGGTCAGGAGTTCAAGACCAGCCTGACCAACATGGGGAAACCCCATCTCTACTAAAACTACCAAATTAGCTGGGCGTGGTGGCGGGCGCCTGCAATCCCAGCTACTCAGGAGGCTGAGGCAGGAGAATCACTTGAACCCAGGAGGTGGAGGTTGCAGTGAGCCGAGATTGTGCCATTCCACTCCAGCCTGGGCAACAAGAGTGAAACTCTGTCTCAAAAAAAAAAAAACAAATAGAAA"
"chr1","11024849","11025155","KN297133v1","419676","419981","39","10605173","GCCGGGCGCGGTGGCTCATGCCTGTAATCCCAGCATTTTGGGAGGCAGAGGCGGGTGGATCACCTGAGGTCAGGAGTTCAAGACCAGCCTGGCCAGCATGGTGAAACCCCCGTCTCCACTAAAAATGAAAAAAAAAAAAATAGCTGGGCGTGGTGGCACATGCCTGTGGTCCCAGCTGCTTGGGAGGCTGAGGAAGGAGAATTGCTTGAACCCGGGAGGTGGAGGTTGCAGTGAGCTGAGATTTGCCACACTCCAGCCTGGGAGACAAGAGTGAAACTCCGTCTCAAAAAAAAAAAAAAAAAAAAAA","GGCCGGGCACGGTGGCTCGTGCCTGTAATCCCAGCACTTTGGGAGGCTGAGGCGGGCAGATCACCTGAGGTCAGGAGTTCAAGACCAGCCTGGCCAACATAGTGAAACCCCGTCTCTACTAAAAATACAAAAAATCAGCCGGGCGTGGTGGCAGGTGCCTGTAATCCCAGCTACTCGGGAGGCTGAGGCAGGAGAATCACTTGAACCCGGGAGGTGGAGGTTGCAGTGAGCCGAGATTACGCCATTGCACTCCAGCCTGGGGGACAAGAGCGAGACTTCGTCTCAAAAAAAAAAAAAAAAAAAAAA"
"chr1","11028626","11028933","KN294501v1","104788","105092","40","10923838","GCCCGGCACGGTGGCTCACGCCTGTAATCCCAGCACTTTGGGAGGCTGAGGCGGGTGGATCACTTGAGGTCAGGAGTTCAAGATCAGCCTGACCAACATGGTGAAACCCTGTCTCTACTAAAAATACAAAATAAGCCGGGCGTGGTGGTGAGCGCCTCTAATCCCAGCTACTTAGGAGGCTGAGATGGGAGAATCACTTGAATCCCGGAGGTGGAGGTTGCAGTGAGCTGAGATCGCACCATTGCACTCCAGCCTCGGCAACAAGAGCGAAACTTCGTCTCAAAAAAAAAAAAGAGAGAGAGAGAGAA","GGCCGAGCACAGTGGCTCACGCCTGTAATCCCAGCACTTTGGGAGCCTGAGGCAGGTGGATCACCTGAGGTCAGGAGTTCGGGACCAGCCTGACCAACATGGTGAAACCCTGTCTCTACTAAAAATACAAAAAATTGGCCAGGCATGGTGGTGGGTGCCTGTAATCCCAGCTACTCAGGAGGCTGAGGCAGGAGAATTGCTTGAACCTGGGAGGTGGAGGTTGCAGTGAGCTGAGATCGCACCATTGCACTCCAGCCTGGGTGACAAGAGCAAGACTCCGTCTCCAAAAAAAAAAGAGAAAGAAA"
"chr1","11112791","11113088","KN295692v1","1562388","1562681","44","9550403","GCCGGGCGCTGTGGCTCACGCCTGTAATCCCAGCACTTTGGAGGCCGAGGCTGACAGATCACCTGAGGTCAGGAGTTTAAGACCAACCTGGTCAACATGGCGAAACCTCGTCTGTACTAAAAATACAAAAATTAGCCAGGCGTGATGGCACACGCGTGTAATCCCAGCTACTCAGGAGGCTGAGGCAGGAGAATTGCTTGAACCCGAGAGGCGGAAGTCGCAGTGAGCTGAGATCGTGACATTGCACCACTCCAGCCTGGGTGACAAGAACAAAACTCCACAGTAAAAAAAAAAAAAA","CCGGGCGCAGTGGCTCACGCCTGTAATCCCAACACTTTGGGAGGCCAAGGCAGGCGGATCACGAGCTCAGGAGTTTGAGACCAGCCTGGCCAACATGGCAAAACCCCGTCTCTACTAAAAATACAAAAATTAGCCGGGGTGATGGCAGTTGCCTGTAATCCCAGCTACTTGGGAGACTGAGGCAGGAGAATCGCTTGAACCCAGGAGGCGGAGGTTGCAGTGAGCCGAGATCGTGCCATTGCACTCCAGCCTGGTTGACAAGAGCAAGACTCCATCTCAAAAAAAAAAAGAAAA"
"chr1","11114666","11114972","KN294739v1","1053261","1053568","37","10061405","GGACGGGTGCAGTGGCTCACGCCTGTAATCCCAGCACTTTGGGAAGCGGAGGCGGGCGGATCACTTGAGGTCAGGGGTTTGAGAGCAGCCTAGCCAACATGGTGAAACCCTATCTCTACTAAAAATACGAAATTAGCCAGGTGCGGTGGCGCATGCCTGTAATCCCAGCTACTCAGGAGGCTGAGGCAGGAAAATCGCTTGAACCTGGGAGGTGGAGGTTGTGGTGAGCCGAGATCTCACCATTGCACTCCAGCCTGGGCAACAAGAGCAAAACTCCGTCTCAAAAAAAAGAAAGAAAGAAAGAAAG","GGACGGGTGCAGTGGCTCACGCCTGTAATCCCAGCACTCTGGGAGGCTGAGGCGGGTGGATCACTTGAGGTCAGGAGTTCGAGACCAGCCTGGCCAACATGGTGAAACCCTGTCTCTATTAAAAATACAAAATTAGCCGGGCGTGGTGGCGCATACCTGTAATCCCAGTTACTCAGGAGACTGAGGCAGGAGAATCACGTGAACCTGGGAGGCGGAGGTTGCAGTGAGCCAAGACCACGCCGTTGCACGCCAGCCTGGGCAACAAGAGCAAAACTCCACCTCAAAAAAAAAAAAAAAAGTAGAAAAAA"
"chr1","11117675","11117968","KN297046v1","934484","934777","45","10183191","GGCCGGGCACAGTGACTCATGCCCATAATCCCAGTGATTTGGGAGGGCGAGGCAGGCTGATCACCTGATGTCAGGACTTCGAGACCAGCCTGGCCAACATGGTGAAACATTATCTCTACTAAAAATACAAAACTAGCCAGGTGTGGGGGTGCACGCCTGTAATCCCAGCTACTTGGGAAGTTAAGGCAGGAGAATTGCTTGAACCCGGGAGATGGAGGTTGCAGTGAGCCAAGGTCGTACCATTGTACTGCAGCCTGGGTGACAAGAGCAAAACTCCATCTAAAAAAAAAAAAA","GGCCGGAGCATGGTGGCTCATACCTGTAATCCCAGCACTTTGAGAGGGCTAGGCGAGGGGATCACCTGAGGTTAGGAGTTCAAGACCAGCCTGGCCAACATGGTGAAAACCTGTCTCTACTAGAAATACAAAAATTAGCCAGGTGTGGTGGTGCGTGCCTGTAATTCCAGCTACTTGGGAGGCTGAGGCAGGAGAATCGCTTGAACCCAGGAGGTGGAGGTTGCAGTGAGCTGAGATTGCACCATTGTGCTCCAGCCTGGGTGACAAGAGCAAAACTCCATCAAAAAAAAAAAA"
"chr1","11134197","11134496","KN294662v1","79885","80185","35","11054312","GGCTGGGCATGATGTCTCACACCTGTAATACCAGCACTTTGGGAGGCTAAGGTAGGTGGATCACCTGAGGTCAGGAGTTCGAGACCAGCCTGACCAACATGGTGAAACCCCATCTTTACTAAAAATACAAAATTAGCCAGGTGTGGTGGCACATACCTGTAATCCCAGCTACTTGGGAGGCTGAGGCAGGAGAATTGCGTGAACCCAGGAGGTGGAGGTTGCAGTGAGCTGAGATTGCACCATTGCACTCCAGCCTGGGCAACAACAAGAGCGAAACTCTGTCTCAAAAAAAAAAAAGAA","GGCTGGGCGTGGTGGCTCATGCCTGTAATCCCAGTACTTTGGGAGGCCAAGGTGGGTGGATCACCTGAGGTCAGGAGTTCGAGACCAGCCTGGCCAATATGGTGAAACCCCATCTCTATTAAAAATACAAAAAATTAGTAGGGCGTGGTGGCACATGCCTGTAATCCCAGCTACTCAGGAGGCTGACGCAGGAGAATCGCTTGAACCTGGGAGGTGGAGGTTGCAGTGAGCTGAGATCGCACCATTGCACTCCAGCCTGGGCAACAAGAGCGAAACTCCGTCTCAAAAAAAAAAAAAAAAA"
"chr1","11136838","11137146","KN294407v1","1807301","1807607","32","9329537","GGCCGGCGCAGTGGCTCATGCCTGTAATCCCAGCACTTTGGGAGGCTGAGGTGGGTGGGTCACCTGAGGTCAGGAGTTCGAAACCAGCCTGACCAACATGGTGAAACCCCGTCTCTACTAAAAATACAAAAATTAGCTGGGTGTGGTGGCACATGCCTATAATCCCAGCTACTTGGGAAGCTGAGGCAGGATAATTGCTTGAACCTGGGAGGCCGAGGTTGCAGTGAGCTGAGATCACGCCATTGCACTCCAGCCTAGGCGACAAGAGCGAAACTCCGTCTCAAAAAAATAAACAAACAAACAAAAAAA","GGCCGGACATGGTGGCTCATGCCTGTAATCCCAGCATTTTGGGAAGCTGAGGTGGGTGGATCACCTGAGTCAGGAGTTCAAGACCAGCCTGGCCAACACAGTGAAACCCTGTCTCTACTAAAAATACAAAAATTAGCTGGGCGTGGTGGCACATGCCTGTAGTCCCAGCTACTTGGGAGGCTGAGGCAGGAGAATCGCTTGAACCTGGGAAGCGGCAGTTGTAGTGAGCTAAGATCACGCCATTGCACTCCAGCCCAGGCGACAAGAGCGAAACTCCATCTCAAAAAAAAAAAAAAAAAAAAAAAAA"
"chr1","11146957","11147262","KN294571v1","1546303","1546607","41","9600654","GGCTAGGCACGGTGACTCATGCCTGTAATCCCAGCACTTTGGGAGGCCGAGGCAGGTGGATCACCTGAGATCAGGAGTTTAGAGACCAGCGTGGCCAACATGATGAAACCCCATCTCTATCAAAAACACAAAATATCTGGATGTGGTGGTGGGTGCCTGTAATACTAGCTACTCAGGAGGCAGACGCAGGAGAATTGCTTGAACCGGGAGGCAGAGGTTGCAGTGAGCAGAGATTGTGCCATTGCACTCCAGCCTGGGCAACAAGAGGGAAACTCCGTCTCAAAACAAAAAAAACGAAAACAAAAA","GGCTGGGCACGGTGGCTCATGCCTTTAATCCCAGCACTTTGGGAGGCCGAGGCAGGTGGATCACCGGAGGTCAGGAGTTCAAGACCAGCCTGACCAACATGGGGAAACCCCATCTCTACTAAAACTACCAAATTAGCTGGGCGTGGTGGCGGGCGCCTGCAATCCCAGCTACTCAGGAGGCTGAGGCAGGAGAATCACTTGAACCCAGGAGGTGGAGGTTGCAGTGAGCCGAGATTGTGCCATTCCACTCCAGCCTGGGCAACAAGAGTGAAACTCTGTCTCAAAAAAAAAAAAACAAATAGAAA"
"chr1","11152208","11152514","KN296357v1","706115","706421","43","10446093","GGCCAGGTGTGGTGGCTGACACCTGTAATCCCAGCACTTTGAGAGGCCGAGGCGGGTGGATCACTTGAGGTCAGGAGTTCAAACCAGCCTGGTCAACATGGTGAAACCCCACCTCTACTAATACAAAAATCAGCCGGGTGTGGGGGCAGGCACCTGTAGTCCCAGCATCTTGGGAGGCTGAGGTAGGAGAATCACTTGAACCCGGGAAGAGAAGGTTGCAGTGAGCCAAGATTGCACCATCGCACTCCAGCCTGAGCAACAAGAGTGAAACTCCATCTCAAAAAAACAAAAAAACAACAACAAAAAA","GGCCAGGTTTGGTGGCTCACACCCGTAATCCCAGCACTTTGGGAGGCTGAGGTGGGTGGATCACCTGAGGTCAGGAGTTTGAGACCAGCCTGGCCAACATGGTGAAACCCCATCTCTACCGAAAATACAAAAAATTAGCCAGGCATGGTGGCAGGCACCTGTAATCCCAGCTACTCGGGAGGCTGAGGCAGGAGAATCACTTGAACCCAGGAGACGGAGGTTGCAGTGAGCCAAGATCACGCCATTGCATTCCAGCCTGGGCAACAAGAGCGAAACTCCATCTCAAAAAAAAAAAAAAAAAAAAAAA"
"chr1","11153496","11153804","KN294717v1","373979","374286","34","10779517","GGCCAGGCGTGGTGGCTCATGCCTGTAATCCCAGCACTTTGGGAGGCTGAGATGGGCAGATCACCTGAGGTCAGGAGTTCGAGACCAGCCTGGCCAACATGGTGAAACCCTGTCTCTACTAAAAGCACAAAAAAATTAGCCAGGCATGGTGGCAGGCACCTGTAATCCCAGCTACTCGGGAGGCTGAGCCAAGACAATCGCTTGAACCCATGAGGTGGAGGTTGCAGCGAGCCAAGATCGCGCCATCACACTCCAGCCCGGGCAACAAGAACAAAACTCTGTCTCAAAAAAAAAAAAAAAAAAAAAAAA","GGCTGGGCATGGTGGCTCATGCCTGTAATCCCAGCACTTTGGGAGGCCAAGGTGGGTGGATCACCTGAGGTCAGCAGTTTGAGACCAGCCTGGCCAACATGGTAAAACCCCGTCTCTACTAAAAATACAAAAAATTAGCCAGGCATGGTGGTAGGCGCCTGTAATCCCAGCTACTTGGGAGGCTGAGGCACGAGAATCACTTGAACCCAGGAGGCAGAGGTTGCAGTGAGCCAAGATCGCGCCATTGCACTCCAGCCTGGGCAACAAGAGCAAAACTCCATCAAAAAAAAAAAAAAAAAAAAAAAAAA"
"chr1","11196504","11196790","KN295830v1","109256","109551","40","11087248","GGCCAGGCGTGGTGGCTCACGCCTTGCAATCCCAGCACTTTGGAAGGCTGAGGCGGGCGGATCACTTGAGGTCAGGAGTTCAAGACCAGTCTGGCCAACATGGTACAACCCCGTCTCTACTAATTAGCTGGGTGTGGTGGTGGGCGCCTGTAATCCCAGCTACGTGGGAGGCTGAGGCAGGAGAATTGCTTGAACCCGAGAGGCAGAGGTTGCAGTGAGCCGAGATTGCACCACTGCACTCCAGCCTGGGTGACAAGAGCGAGACTCTGTCTCAAAAAAAAAAAAAA","GGCCGGATGTGGTGGCTCACGCCTGTAATCCTAGCACCTTGGGAGGCTGAGGTGGGTGGATCACCTGAGGCTAGGAGTCCAAGACCAGCCTGCCCAACATGGCAAAACCCCATCTACTAAAAATACAAAAAATTAGCCGGGTGTGGTGGTGGGCGCCTGTAATCCCAGCTACTTGGGAGGCTGAGGCAGGAGAATCACTTGAACCCAAGAGGCGGAGGTTGCAGTGAGCCAAGATCGCACCACTGCACTCCAGCCTGGGTGACAAGAGCGAAACTCTGTTTCAAAAAAAAAAAAAA"
"chr1","11196803","11197115","KN294387v1","2599087","2599393","37","8597716","GGCCGGGCACAGTGGCTCACGCCTGTAATCCCAGCACTTTGGGAGGCTGAGGTGAGTGGATCACCTGAGGTCAGGAGTTCGAGACCAGCCTGACCAACATGGGGAAACCTTGTCTGTACTTAAAAATACAAAAATAAGCCGGGCGTGATGGCAGGCGCCTGTAATCCCAACTCCTTGGGAGGCTGAGGCAGGACAACTGCTTGAATCCAGGAGGTGGAGGTTGCAGTGAGCCGAGATTGTGCTGTGCCATTGCACTCCAGCCTGGGAAACAAGAGCGAAACTCCGTCTCAGAGAAAAAAAAAAAAAAAAAAAA","GGCCAGGCACAGTGGCTCACACTTGTAATCCCAGCACTTTGGGAGGCCGAGGTGGGCGGATCACCTGAGGTCAGGAGTTCAAGACCAGCCTGGCCAACATGGTGAAACCCCATCTCTACTAAAAATACAAAAATTAGCTGGGCGTAGTGGCGGCCACCTGTAATCCCAGCTACTTGGGAGGCTGAGGCAGGAGAATTGCTTGAACCCAGGAGGCGGAGGTTGCAGTGAGCCGAGATTGTGGCCATTGCACTCCAGCCTGGGCAACAAGAGTGAAACTCTGACTCAAAAAAAAAAAAAAAAAAAAAAA"
"chr1","11209258","11209559","KN297078v1","74078","74384","36","11135180","GGCCGGGTGTGGTGGCTTATGCCTGTAATGCCAGCATATTGGAAGGCTGAGGTGGGTAGATCACCTGAGGTCAGGAGTTTGAGACCAGCCTGGCCAACATGGTGAAACCCCATCTCTACTAAAAATACAAAAATTAGCTGGCATGGTGGTGGGCGCCTGTAATCTTAGCTACTTAGGAGGCAGAGGCAGGAGAATCACTTGAACCGAGGAGGCGGAGGTTGCAGTGAGCCGAGATTGTGCCATTGTACTCCAGCCTAGGGGACTACAGTAAAACTCCATCTCAAAAAAAAAAATAAACAAAA","GGCTGGGTGTGGTGGCTCACGCCTGTAATCCCAGCACTTTGGGAGGCTGAGGTGGGTGGATTACCTGAGGTCAGGAGTTTGAGACCAGCCTGGTCAACATGGTGAAACACCATCTCTACTAAAAATACAAAAATTAGCTGGACGTGGTGGTGGGCGCCTGTAATCCTAGCTACTCAGGAGACTGAGGCAGGAGAATTGCTTAAACCTGGGAGGCGGAGGTTGCAGTGAGCCAAGATTGTCCCATTGCACTTCAGCCTGGGTGACAACAGTGAAACTCCATCTCAAAAGAAAAAAAAAAAAAGAAGAA"
"chr1","11221283","11221610","KN294264v1","371563","371884","52","10849720","GGCTGGGTGCGGTGGCTCGGGCCTGTAATCCCAGCACTTTGGGAGGCCAAGGAGGGTGGATCAACTGAAGTCAGGAGTTCGAGACCAGCCTGACCAACATGATGAAACCCTGTCTCTACTAAAAAAAAAAAAAAAAAGATACAAAATTAGCCAGGTGTGGTGGCACATGCCTATAATAATCCCAGCTACTTGGGAGGCTGAGGCAGAAGAATCATTTGAACTCAGGAGGCAGAGGCTGCAGTCAGCTGAGATCGCGCCATTGTACTCCAGCCTGAGCAACAAGAGCGAAACTCCGTCTCAAAAAAAAAAAAAGAAAAAAAGAAAAAAA","GGCTGGGCATGGTGGTTCACGCCCGTAATCCCAAAACTTTGGAGGCTGAGGTGGGTGGATCACCTGAGGTCAGGAGTTCAAGACCAGCCTGGCCAACATGGTGAAACCCCATCTCTACTAAAAATACAAAAAGAAAAAAAAAAATTAGCCGGGTGTGGTGGTGGGCACCTGTAATCCCAGCTACTTGGGAAGCTGAGGCAGGAGAATCACTTGAACCCAGGAGGCAGAAGTTGCAGTGAGCTGAGATTGTGCCATTGCACTCCAGCCTGGGCAACAAGAGTGAAACTCCATCTCAAAAAAAAAAAAAAAAAAAAAAAAAAAA"
"chr1","11229169","11229474","KN294758v1","374673","374971","41","10854496","GGCCTGGCATGGTGGCTCACGCCTATAATCCCAGCACTTTGGGAGGCCGAGGTGGGTGGATCCACCTACCCGAGGTCAGGGGTTCAGGAGCAGCCTGGCTGACGTGGTAAAACACCGTCTCTACTAAAAATACAAAAAATTAGCTGAGTGTTGTGGTGGGCACTTGTAATCCCAGCTACTCAGGAGGCTGAGGCAGGAGAATCGCTTGAACTCGTGAGGCAGAGGTTGCAGTGAGCCAAGATTGCACCATTGCACTCCAGCCTGGGCATCAAGAGTGAAACGCCATCTCAAAAAAAAGAAAAAAAA","GGCCAGGCACGGTGGCTCACGCCTGTAATTCCAGCACTTTGGGAGGCCGAGATGGGTGGATCACCTGAGGTCAGGAGTTCAAGAACATCCTGGCCAATGTGGTGAAACCCCGTCTCTACTAAAAATACAAAAATTAGCTGGGCGTGGTGGCAGGCACCTGTAATCCCAGCTACTCGGGAGGCTGAGGCAGGAGAATCACTTGAACCCGGGAGGCGGAGGTTGCAGTGAGTCAAGATTGTGCCATTGCACTCCAGCCAGGGCAATAAGAGCAAAACTCCATCTCAAAAAAAAAAAAAAAA"
"chr1","11261989","11262286","KN296357v1","356792","357093","34","10905197","GGCTGGGCGCAGTGGCTCACACCTGTAATCCCAGCACTTTGGAAGGCCGAGACAGGCGGATCACTTGAGGTCAGAGTTCGAGACCAGCCTGGCCAACATGGTGAAACCCCAACTCTATTAAAAATACAAAAATTAGCCAGGCGTGGTGGTGCATGCCTGTAATCCCAGCTACTCGGGAGTCTGAGACAGGAGAATTGCTTGAACCTGGGAGGTGGAGGTTGCAGTGAGTCAAGATTGCGCCATTAAACTCCAGCCTGGGCAACAAGAGCAAAACTCTGGCTCAAAAAAAAAAAAAAAA","GGCTGGGCATGGTGGCTCACGCCTATAATCCCAGCACTTTGGGAGGCCGAGGCTGCTGGATCACTTGAGGTCAGGAGTTCGAGACCAGCCTGGCCAACATGGTGAAACCCCGTCTCTACTAAAAATACAAAAATTAGCCAGGCATGGTGACACATGCCTGTAACCCCAGCTACTCGGGAGGCTGAGGCAGGAGAATTGCTTGAACCTGGGAGGTGGAGGTTGCAGTGAGCCGAGATCGTGCCATGGCACTCCAGCCTGGGCAACAAGAGGGAAACTCTGTCTCAAAAAAAAAAAAAAGAAAA"
"chr1","11361931","11362269","KN296308v1","871499","871827","53","10490432","GGCCAGGTGCAGTGGCTCACACCTGTAATCCCAGCACTTTGGGAGGCCGAGACGGGTGGATCACTTGTGGTCAGGAGTTTGAGACCAGCCTGGCCAATATGGTGAAATGCTATCTCTACTAAAAATACAAAATTAGCTGGGCATGGTAGCATGCACCTATAATCCCAGCTACCTGGGAGGGTGAGGCAGGAGAATCACTTGAACCCAGGAGGCAGAGGTTGCAGTGAGCCGAGATCACACCATTGCACTCCACCCTGGCAACAAGAGCGATACTCCGTCTCAAAATAAAATAAAATAAAATAAAATAAAATAAAATAAAATAAAATAAAATAAAATAAA","GGCCCAGCACAGTGGCTCACGCCTGTAATCCCAGCACTTTGGGAGGCTGGGGCAGGTGGATCACCTGAGGTCAGGAGTTCAAGACCAGCCTGGCCAACATGGTGAAACCCTATCTCTATTAAAAATACAAAAATTAGCCAGGTGTGGTAGTGGGCACCTGTAATCCCAGCTACTCGGGAGGCTGAGGCAGGAGAATCACTTGAACCCAGGAGGCGGAGGGTAAAGTGAGCCAAGATCGCGCCATTGCACTCCAGCCTGGGCAATAAGAGCGAAACTCTGTCTCAAAAATAAATAAATAAATAAATAAATAAATAAATAAATAAAATAAA"
"chr1","11387074","11387375","KN295983v1","1536250","1536551","37","9850824","GGCCGGGCGTGGTGGCTCATGCCTGTAATTCCGGTACTTTGGGAGGCCAAGGCGGGCGGATCACCTGAGGTCAGGAGTTCAAGCCCAGCCTGGCCAACATGGTGAAACCCCGTCCCTACTAAAAATACAAAAAATTAGCTGGGCGTGGTGGTGGGCACCTGTAGTCCTGGCTACTCGGGGGCTGAGGCAGGAGAATCACTTGAACCCAGCAGGCAGAGGTTGCAGTGAGCCAAGATCGCACCACTGCACTCTAGCCTGGGCGACAAGAGGGAAATCTGTCTCAAAAAAACAAAAAACAAAAA","GGCCAGGCACAGTGGCTCATGCCTGTAATCCTAGCACTTTGGGAGGCCAAGGCGGGTGGATCACCTGAGGTCAGGAGTTCAAGACCAGCCTGACCAACATGGTGAAACCCATCTCTACTAAAAATACAAAAAATTAGCCTGGTGTGGTGGTGGGCGCCTGTAATCCCAGCTACTCAGGAGGCTGAGGCAGGAGAATCACTTGAACCCAGGAGGCAGAGGTTGCAGTAAGCCGAGATGGCACCATTGCACTCCAGCCTGGGCGACAAGAGCAAAACTCCATCTCTAAAAAAAAAAAAAAAAAA"
"chr1","11396338","11396647","KN294717v1","373979","374286","36","11022359","GGCCGGGCACAGTGGCTCACGCCTGTAATCCCGGCACTTTGGGAGCCCAAGGTGGGCAGATCACCTGAGGTCAGGAGTTTGAGACCAGCCTGGGCAATATGGTGAAACCCCGTCTCTACTAAAAATACAAAATTAGCCAGGCGTGGCAGTGCGTGCCTGTAACCCCAGCTACTTGGGAGGTTGAGGCAGGAGAATCACTTGAACCCAGGAGGCGGAGGTTGCAGTGAGCTGAGATTGGGCCATTGCACTACAGCCTGGGCAACAAGAGCAAAACTCCATCTCAATTAAAAAAAAAAAAAAAAAGAGGAAA","GGCTGGGCATGGTGGCTCATGCCTGTAATCCCAGCACTTTGGGAGGCCAAGGTGGGTGGATCACCTGAGGTCAGCAGTTTGAGACCAGCCTGGCCAACATGGTAAAACCCCGTCTCTACTAAAAATACAAAAAATTAGCCAGGCATGGTGGTAGGCGCCTGTAATCCCAGCTACTTGGGAGGCTGAGGCACGAGAATCACTTGAACCCAGGAGGCAGAGGTTGCAGTGAGCCAAGATCGCGCCATTGCACTCCAGCCTGGGCAACAAGAGCAAAACTCCATCAAAAAAAAAAAAAAAAAAAAAAAAAA"
"chr1","11429237","11429545","KN295758v1","997500","997807","33","10431737","GGCCAGGTGTGGTGGCTCAAGCCTGTAATCCCAGTACTTTGGGAGGCCGAGGCAGGTGGATCACCTGAGGTCAGGAGTTCAAAACCAGCCTGGCCAACATGGTGAAACCCCATCTATACTAAAAACACAAAAGTTAGCTGGGCATGGTGGCACACACCTGTTAATCCCAGCTACTCAGGAGGCTGAGGCAGGAGAATCGCTTGAACCCTGGAGGCAGAGGTTGCAGCGAGCTGAGATCGCACCATTGCACTCCAGCCTGGGCGACAAGAGCGAAACTCCGTCTCAAAAAAAAAAAGAAAAAAGAAAGAA","GACTGGGCGCAGTGGCTCAAACCTGTAATCCCAGTACTTTGGGAGGCCGAGGCAGATGGATCACCTGAGGTCAGGAGTTCAAGACCAGCCTGGCCAACATGGTGAAACCCTGTCTCTACTAAAAATACAAAAAGTAGCTGGGTGTGGTGGCGCATGCCTATAATCTCAGCTACTCAGGAGGCTGAGGCAGGAGAATCGCTTGAACCCAGGAGGCAGAGGTTGCAGTGAGCTGAGATAGAATCATTGCAATCCAGCCTGGGCGACAAGAGCGAAACTCCATCTCAAAAAAAAAAAAAAAAAAAAAAAAA"
"chr1","11430909","11431207","KN295550v1","1007565","1007867","35","10423344","GGCCAGGCACAGTGGCTCATGCCTGTAATCCAAGCACTTTGGGAGGCTGAGGCAGGTGGATCACCTGAGATCAGTTCGAAACCAGCCTGGCCAACATGGTGAAATCCCGTTTCTACTACAAATACAAAACTTAGCTGGGCATGGTGGTGGGTGCCTGTAATCCCAGCTGCTTGGGAGGCTGAGGCAGGAGAATCGCTTGAACTCAGGAGGCAGAGGTTGCAGTGAGCCGAGATCGTGCCATTGCACTCCAGTCTGGGTGACAAGAGCAAAACTCCATCTCAAAATAATAATAATAATAA","GGCCAGTCGCAGTGGCTCACGCCTGTAATCCCAGCACTTTGGGAGGCTGAGGCGGGTGGATCACCTGAGGTCCAGAGTTCGAGACCAGCCTGGCCAACATGGTGAAACCCCGTCTCTACTAAAAATACAAAAATTAGCCAGGCATGGTGGCACATGCCTGTAATCCCAGCTACTTGGGAGGCTGAGGCAGGAGAATCGCTTGAAGGTAGGAGGCAGAGGTTGCAGTGAGCCAAAATCGCGCCATTGCACTCCAGCCTGGGCGACAAGAGTAAAACTCCATCTAAAATAAATAAATAAATAAAA"
"chr1","11498405","11498704","KN295350v1","405055","405352","35","11093350","GGCCTGGCGCGGTGGCTTATGCCTGTAATCCCAGCACTTTGGGAGGCCGAGGCGGGCAGATCACCTGAGGTCAGGAGTTCGAGACCAGCCTGGTCAACATGGTGAAACCCTATCTCTACTAAAAATACAAAAATTAGCTGGGCCTGATGGTGCATGCCTGTAATTCCAGCTACTGGGGAGGCTGAAGCAGGAGAATCACTTGAACCCAGGAGGCCGAGATTGTAGTGAGCCGAGATCACGCCATTGCACTCCAGCCTGGGTGACAAGAGCAAAATTCCATCTCGAAAATAAATAAATAAA","GGCCGGGCGTGGTGGCTCATGCCTATAATCCCAGCTCTTTGGGAGGCCGAGGCGGGTGGATCACCTGAAGTCAGGAGTTTGAGACCAGCCTGGCTAACATGGGGAAACCCCATCTCTACTAAAAATACAAAAATTAGCTGGGCGTGGTGGTGAATGCCTGTAATCCCAGCTACTCGGGAGGCTGAGGCAGGAGAATTGCTTGAATCCAGGAGGCGGAGGTTGCAGTGAGCCGAGATCTCACCATTGCCCTCCAGCCTGGGTGACAAGAGCAAAACTCTGTCTCAAAAAAAAAAAAAAA"
"chr1","11505990","11506287","KN296732v1","2013890","2014190","33","9492100","GCCGGGCACGGTGGCTCACACCTGTAATCCCAGCACTTTGGGAGGCCGAGGTGGGCAGATGACCTGAGGTCAGGAGTTCGACACCAGCCTGACCAATATGATGAAACCCCACCTCTACTAAAAATACAAAAATTATCCGGACGTGGTGGCATGCACCTGTAATCCCAGCTACTCAGGAGGCTGAGGCAGGAGAATCACTTGAACCTGGGAGGTGGAGGTTACAGTGAGCCGAGATCACGCCATTGTACTCCAGCCTGGGCAACAAGAGCGAAACTCCATCTCAAAAAAAAAAAAAAAA","GGCTGGGCACGGTGGCTCACGCCTGTAATCCCGGCATTTTGGGAGGCCGAGGTGGGCGGATCACCTGAGGTCAGGAGTTCGAGACCAGCCTGGCCAACATGGTGAAACCCCATCTCTACTAAAAATACAAAAATTAGCCAGGCATGGTGGCGGATGCCTGTAATCCCAGCTACTCAGGAGGCTGAGGCAGGAGAATCGCTCGAACCCGGGAGGCAGAGGTTGTGGTGAGCCGAGATCACACCATTGCACTCCAGCCTGGGCAACAAGAGTGAAACTCCATCTCAGAAAAAAAAAAAAAAAA"
"chr1","11587514","11587823","KN295692v1","998365","998674","42","10589149","GGCCAGGTGTAGTGGCTCATGTCTGCAATCCCAGCACTTTGGGAGGCCGAGGCAGGTGGATCATTTGAGGCCAGGAGTTCAAGACCAGCCTGGCCAACATGGTGAAACCCCATCTCTACTAAAAATACAAAAATTAGCCAGATGTTGTGGTGGGCGCCTGTAATCCCGGCTACTCGGGAGGATGAGGCAGGAGAATCACTTGAATCCGGGAGGTGGAGATTGCAGTGAGCCAAGATCACACCTTTGCACTCCAGCCTAGGCTACAAGAACAAAACTTCGCCAAAATAAATAAAAAAATAATAAATAAAAA","GGCCAGGAGTGGTGGCTCACCCCTGTAATCCCAGCACTTTGGGAGGCCGAGGCAGGTGGATCACCTGAGGTCAGGAGTTCGAGACCAGCCTGGTCAACATGGTGAAACCCCGTCTCTACTAAAAATACAAAAATTAGCTGGACGTGGTGGTGTGCGCCTGAAATCCCAGCTACTAGGGAGGCTGAAGCAGGAGAATCGCTTGAACCCTGGAGGTGGAGGTTGCAGTGAGCCAAGATTGTGCCATTGCACTCCAGCCTGGGCAACAAGAGTGAAACTCCGTCTCAATAAATAAATAAATAAAAAATAAAAA"
"chr1","11711673","11711974","KN294539v1","3465019","3465320","35","8246654","GGCCAGGCGCAGTGGCTCATGCCTGTAATCCTAGCCCTTCGGGAGGCTGCGGCAGGCGGATCACTTGAGGTCAGGAGTCCGAGGCCAGCCTGGCCAACATGGTAAAACCCCATCTCTACTAAAAATACAAAAATTAGCTGGGCGTGGTGGTGTGTGCCTGTAATCCCAGCTACTAGGGAGGCTGAGGCAGGAGAATCTCTTGAACCCGGGAGGTGGAGGTTGCAGTGAGCCAAGATCACACCACTGCACTCCAGCGTGGGGGACAAGAGGGAAACTCCATCTCAAGGAAAAAAAAAAAAAAA","GGCCAGGCGCAGTGGCTTATGCCTGTAATCCCAGCACTTTGGGAGGCCAAGGTGGGCGGATCACCTGAGGTCATGGGTTCGAGACCAGCCTGCCCAACATGGTAAAACCCCTTCTCTACTAAAAATACAAACAATTAGCTGGGAGTGGTGGTGGGTGCCTGTAATCCCAGCAATTTGGGAGGCTGAGGCAGGAGAATCACTTGAACCCGGGAGGTGGAGGTTGCAGTGAGCCAAGATTAGCGCCACTACACTCCAGCGTGGGTGACAAGAGCGAAACTCCAAAAAAAAAAAAAAAAAAAAAA"
"chr1","11720080","11720382","KN295854v1","1466288","1466586","34","10253792","GCCGGGAGCAGTGGCTCACGCCTGTAATCCCAGTGCTCTGGGAGGCCGAGGCGGGTGGATCACCTGAAGGTCAGGAGTTCGAGACCAGCCTGGCCAACATGGTGAAACCCTGTCTCTACTAAAATTACAAAAAATTATCCGGGTATGGTGGGGGCGCCTGTAATCTCAGCTACTTGGGAGGCTGAGGCAGGAGAATCGCTTGAATCCGGGAGCCAGAGGTTGCAGTGAGCTGAGATCGTGCCATTGCACTCCGGCCTGGACAACAAGAGCGAAACTTCATCTCAAACAAAACAAAACAAAACA","GCCGGGTGCGGTGGCTCACGTCTGTAATCCCAGCACTTTGGGAGGCTGAGGCAGGTGGATCACCTGAGGTCAGGAGTTCAAGACCAGCCTGGCCAACATGGTGAAACCCTGTCTCTACTAAATATACAAACATTAGCCGGGCGTGGTGGTGGGCCTGTAATCCCAGCTACTTGGGAGGCTGAGGCAGGAGAATCGGTTGAACCCGGGAGGCAGAGGTTGCAGTGAGCCGAGATCACGCCATTGCACTCCAGCCTGGGCAAAAAGAGTGAAACTTCATCTCAAACAAACAAACAAACAAA"
"chr1","11747639","11747952","KN294444v1","165242","165552","37","11582397","GGCCAGGCACAGTGGCTCACACCTGTAATCCCAGCACTTTGGGAGGCTGAGGCAGGTGGATCACCTGAGGTCAGGAGTTCAAGACCGGCCTGGCCAACATGGTGGAACTCCGTCTCTTCTAAAAATACACAAAAATTATCCAGGCGTGGTGGCACATGTCTGTAATTGCAGCTATTGGGGAGGCTGAGGCAGAAGAATTGCTTGAACCTGGGAGGCAGAGGTTGCAGTGAGCCGAGATTGCGCCATGGCACTCTAGCCTGGGCAACAAGAGTGAGACTCCATCTCAAAAAAAAAAAAAGAAAGAAAAAGAAAAA","CCGGGCACAGTAGCTCACACCTGTAATCCCAGCACTTTGGGAGGCCGAGGCAGGTGGATCACCTGAAGTCAGGAGTTCAAGACCAGCCTGGCCAACATGGTGAAACCCCGTCTCTACTAAAAATACAAAAATTAGCCGGGCATGGTGGCGGACGCCTATAATCCCAGCTACTCGGGAGGCTGAGGCAGGAGAATTGCTTGAACCTGGGAGGCAGAGGTTGCAGTGAGCTGAGATTTTGCCATTGCACTCCGGCCTGGGCAACAAGAGTGAAAACTCCGTCTCAAAAAAAAGAAAAGAAAAGAAAAGAAAAA"
"chr1","11762917","11763224","KN295114v1","20941","21251","29","11741976","GGCCAGGCACAGTGGCTCACGCCTGTAATCCCAGCACTTTGGGAGGCTGAGGCGGGCAGATCACGTGAGGTCAGGAGTTCGAGACCAGCCTAGCCAACATGGTGAAACCCCGTCCCTACTAAAAATACAAAAATTAGCTGGGCATGGTGGCGGGCTCCTGTAATCCCAGCTACTTGGGAGGCTGGGGCAGGAGAATCGCTTGAACCTGGGAGGCGGAGGTTGCAGTGAGCCGAGATCGCGCCATTGCACTCCAGCCTGGGTGACAGGAGCAAAACTCCGCCTCAAAAAAAAAAAAAAAAAAAAAAAGA","GGCCAGGCATGGTGGCTCACACTTGTAATCCCAGCACTTTGGCAGGCTGAGGCGGGTGGATCATCTGAGGTCAGGAGTTCGAGACCAGCCTGACCAACATGGTGAAACCCCGTCTCTACTAAAAATACAAAAAAATTAGCTGGGCGTGGTGGCGGGTGCCTGTAATCCCAGCTACTCGGGAGGCTGAGGCAGGAGAATTGCTTGAACCCGGGAGGCGGAGGTTGCAGTGAGCCAAGATCGCACCATTGCACTCCAGCCTGGGTGACAAGAGCAAAACTCCATCTAAAAAAAAAAAAAAAAAAAAAAAAAAA"
"chr1","11766885","11767175","KN296145v1","2778195","2778489","40","8988690","GGTCGGACACAGTGGTTCACGCCTATAATCCCAGTACTTTGGGAGGCCAAGGTGGGCAGATCACATGAGGTCAGGAGTTTGGGACCAGCCTGGTCAACATGGTGAAACCCTGTCTCTACCAAAAATACAAAAATGAGCTGGGCACCTGTAATCCCAGCTACTCGGGAGGCTGAGGCAGGAGAATCGCTTGAACCTGGGAGGCAGAGGTTGCAGTGAGTTGAGATTGCGCCACTGCACTCCAGCCTGGGGGACAAGAGCGAAACTATGTCTCAAAAAAAAAAAAAAAAGAAA","GGCCGGGCAGGGTTTTCACGCCTGTAATCCCAACACTTTGGGAGGCCAAGGTGGGCAGATCACCTGAGGTCAGGAGTTTGAGACCAGCCTGGCCAACATGGTGAAACCCCATCTCTGCTAAAAATGACAAAAATTAGCCGGGCGTGCCTGGAATCCCAGCTACTCCAGAGGCCGAGGCAGGAGAATCGCTTGAACCTAGGAGGCAGATGTTGCAGTGAGCCAAGATTGCGCCATTGCACTCCAGCCTGGGTGATAAGAACGAAACTCTGTCAAAAAAAAAAAAAAAAAAAGGAAA"
"chr1","11770517","11770788","KN294251v1","2011223","2011484","44","9759294","GCACTTTGGGAGGCTGAGGTGGGTAGATCACCTGAGGTCAGGAGTTCCAGACCAGCCTGACCAACACGAGCGAAACCCTGTCTCTCTTAAAAATACAAAAATTAGCCGGGTGTGGTGGCGAATGCCTGTAATCCCAGCTACTCATGACGCTGAGGCAGGAGAAATCGCTTGAACCTGGGGGGTGGAGGTTGCAGTGAGCCGAGATCGCTCCATTTCACTCTAGCCTGGGCGTAAAAGCGACACTCCGTCTCAAAAAAAAAAAAAAAAAAAAA","CATTTTGGGAGGCTGAGGTGGGCAGATCACCTGAGATCAGGAGTTCAAGACCACCCTGACCAACATGGCAAAACCCTGTCTCTACTAAAAATACAAAAGTTAGCCAGTGTGGTGGCAGGCGCCTGTAATCACAACTACTTAGGAGGCTGAGGCAGGAGAATCACATGAGCCTGGGAGGTGGAGGTTGCAGTGAGCCAAGATCGCACCGTTGCACTCCAGCCTGGGCGACAAAGTGAAACTCTGTCTCAAAAAAAAAAAAAAA"
"chr1","11801864","11802165","KN297159v1","1901772","1902072","36","9900092","GGCTGGGTGCAGTGGCTCACACCTGTAATCCCAGCACTTTGGGAGGCCAAGGTGGGTGGATCATCTGAGGTCAGGAGATCGAGACCAGCTTGGCCAACATGGCGAAACACCGTCTCTACAAAAAAATACAAACATTAACCAGGTGTGGTGGCATGCACCTGTAATCCCAGCTACTCGGGAGGCTGAAGCAGGAGAATCACTGGAACCCAGGAGGCAGAGGTTACAGTGAGCTGAGATCGAGCCATTGCACTCCAGCCTGGGTGACGAGCGAAACCCTATCTCAAAAAACAAAAACAAAAAAA","GGCTGGGTGCAGTGGCTCACACCTGTAATCCCAGCACTTTGGGAGGCCAAGGTGGGTGGATCATCTGAGGTCAGGAGTTTGAGACTAGCTTGGCCAACATGGTGAAAACCCATTTCTACTAAAAATACAAAAATTAGCCAGGCATGGTGGTGCATTCCTGTAATCCCAGCTACTTGGGAGGCTGAAGCAGGAGAATCGCTTGAACCTGGGAGGCAGAGGTTGCAGTGAGCCAAGTTCGTGCCATTGCACGCCAGCCTGGGTGACAAGAGTGAAACTCTGTCTCAAAAAAAAAAAAAAAAAA"
"chr1","11811111","11811420","KN294387v1","2599087","2599393","42","9212024","GGCTGGGTACAGTGGCTCACACCTGTAATCCCAGCACTTCAGGAGGCCGAGGCGGGTGGATCACCTGAGGTCAGGAGTTCAAAACCAGCCTGGCCAACATGGTGAAACCCTGTCTCTACTAAAAATACAAAAATTAGCTGGGTGTGGTGGCGGGCACCTGTAATCACAGTTACTTGAGAGGCTGAGGCTGGAGAATTGCTTGAGCCCAGGAGGTGGAGATTGCAGGGAGCCGAGATCACGCCATTGCACTCCAGCCTGGGCAACAAGAGTGAAACTGTCTCGGGGTGGGGGGGAAGGAAAAAAAAAAAGA","GGCCAGGCACAGTGGCTCACACTTGTAATCCCAGCACTTTGGGAGGCCGAGGTGGGCGGATCACCTGAGGTCAGGAGTTCAAGACCAGCCTGGCCAACATGGTGAAACCCCATCTCTACTAAAAATACAAAAATTAGCTGGGCGTAGTGGCGGCCACCTGTAATCCCAGCTACTTGGGAGGCTGAGGCAGGAGAATTGCTTGAACCCAGGAGGCGGAGGTTGCAGTGAGCCGAGATTGTGGCCATTGCACTCCAGCCTGGGCAACAAGAGTGAAACTCTGACTCAAAAAAAAAAAAAAAAAAAAAAA"
"chr1","11813432","11813725","KN294181v1","810707","811001","45","11002725","GGCGCGGTGGCTCACGCCTGTAATCCCGGCACTTTGGGAGGCCGAGATGGGTGGATCACCTGAGGTCAGGAGTTAGAGACCAGCCTGGTCAAAATGGCAAAGCCCTGTCTCTACTAAAAACACACAAAGTTGGGCATGCTGGCCCACGCCTACAATTCCCAGCTACTTGGGAGGCTGAGGCAGGAGAATCACTTGAACCTGGGAGGCAGAGGTTGCGGTGAGCCGAGATGGCTCCATTGCACTCCAGCCTGGGTGACAAGAGTGAAACTTTTAGTCTCCAAAAAAAAAAAAAAA","GGGCATGGTGGCTCATGCCTGTAATCCCAGCACATTGGGAGGCTGAGGTGGGTGGATCACCTGAGGTCAGGAGTTCGAGACCAGACTGACCAACATGGTGAAACCCCGTCTCTACTAAAAATACAAAAATTAGGTGGGCATGGTGGCGGGTGCCTGTAATCCCAGCTACTTGGGAGGCTGAGGCAGGAGAATCATTTGAACCTGGGAGGTGGAGGTTGCAGTGAGCTGAGATTGCACCATTGTACTCCAGCCTGGGTGACAAGAGCAAAACTCTGTCTCCAAAAAAAAAAAACAA"
"chr1","11825734","11826026","KN294170v1","50010","50300","33","11775724","GGTCGGGCGCGGTGGCTCACGCCTGTAATCCTAGCACTTTGGGAGGCCGAGGCGGGCGGATCACCTGAGGTCAGGAGTTCGAGACCAGCCTGACAAATATGGTGAAACCCCGTCTCTACTAAAAATACAAAAATTAGCCGGGCGTGGTGGCCAACGCCTGTAATCCCAGCTACTCAGGAGGCTGAGGCAGGAGAATCCCTTGAACCCAGGAGGCGGAGGTTGCAGTGAGCCGAAATTGTGCCACTGCATTCCAGCCTGGGTGACAAGAGCGAAACTCCGTCTCAAAAAAAAAA","GGCCGGGCACGGTGGCTTACGCCTGTAATCCCAGCACTTTGGGAGGCCAAGGTGAGTGGACCACCTGAGGTCAGGAGTTCAAGACTAGCCTGGCCAACATGGTGAAACCCCATCTCTACTAAAAATACAAAAATTAGCCGGGCATGGTAGTGCATGTCTGTAATCCCAGCTACTCAGGAGACTGAGGCAGGAGAATCCCTGGAACCTGGGAGGCAGAGGTTGCAGTGAGCCGAGATGGTGCCATTGCATTCCAGCCTGGGTGACAAGAGTGAAACTCCGTCTCAAAAAAAA"
"chr1","11843469","11843768","KN295633v1","141651","141946","33","11701818","GCCGGGTGCGGTGGCTCACGCCTGTAATCCCAGCACTTTGGGAGACAGAGGCAGGCGGATCATGAGGTCAGGAGTTCGAGACCAGCCTGGCCAAGGTGGTGAAACCCCGTCTCTACTAAAAATACAAAAATTAGCCGGGCATGGTGGTGGGAGCCTGTAATCCCAGTTACTCGGAAGGCTGAGGCAGGAGAATCGCTTGAACCTGGGAGGCAGAGGTTGCAGTTAGCTGAGATTGTGCCATCGCACTCCAGCCTGGGCAACAAGAGCAAAAATCTGTCTCAAAAAAAACAAAACAAAAAA","GGCTGGGTGTGGTGGCTCATGCCTGTAATCCCAGCACTTTGGGAGGCCAAGGCAGGCGGATCATGAGGTCAGGAGTTCAAGACCAGCCTGCCCAAAATGGTGAAACCCCGTCTCTACTAAAAATACAAAAATTAGCCAGGTGTGGTGGTGAGGACCTGTAACCCAGCTACTCGGGAGGCTGAGGCAGGAGAATCGCTTGAACCCCGGAGGCGGAGGTTGCAGTGAGCCGAGATTGTGCCATTGTACTCCAGCGTGGGCAACAAGAGCAAGACTCTGTCTCAAAAAAAAAAAAAAAA"
"chr1","11859786","11860083","KN296849v1","262325","262616","44","11597461","GCCAGGCACGGTGGCTCACACCTGTAATCCCAGCACTATGGGAGGCTGAGGCGGGTGGAACACCTGAGGTCAGGAGTTTGAGACCATCCTGGCCAACATGGCGAAACCCCATCGCTACTAAAAATATAAAAATTATCCGGGCATGGTGGAACATGCCTGTAATCCCAGCTACTCGGGAGGATGAGACAGGAGAATCAATCGCTTGAACCTGCAACGCAGAGTTTGCAGTGAGCTGGGATCATGCAACTGCACTCCAGCCTGGGCGAAAAGAGGGAAACTCCATCTCAAAAAAAAAAAA","GGCCAGACATAGTGGCTCACACCTGTAATCCCAGCATTTTGGGAGGCTGAGGCGGGTGGATCACCTGAGGTCAGGAGTTTGAGACCAGCCTGGCCAACGTAGTGAAACCCCGTCTCTACTAAAAATACAAAAATTAGCCAGGCATGGTGGCAAATGCCTGTAATCCCAGCTACTCAGGAGGCTGAGGCAGGAGAATCGCTTGAACCCAGAAGGCGGAGGTTGCAGTGAGCCGAGATCACACCATTGCACTCCAGCCTGGGCGAAAAGAGCGAAACTTGCATCTCAAAAAAAA"
"chr1","11865201","11865509","KN295356v1","1137589","1137899","35","10727612","GGCCTGGCATGGTGGCTCATGCCTGTAATCCCGTCACTTTGGGAGGCCGAGGCAGGCAGATCACTTGAGGCCAGGAGTTCAAGACCAGCCTGGCCAACATGGTGAAACCCCATCTCTGCTAAAAAAAAAAATACAAAATTAGCTGGGTGTGGTGGCGCATGCCTGTAATCCCAGCTACTCGAGAGGCTGAGGCAGGAGCATCACTTGAACCCAGGAGGCAGAGGTTGCATGAGCCAAGATGGTGCCGCTGCACTCCAGCCTGGGTGACAAGAGCAAAACTCCATCTCAAAAAAAAAAAAAAAAAAAAAA","GGCCAGGCATGGTGGCTCACGCCTGTAATCCCAACACTTTGGGAGGCCGAGGCAGGCAGATCATATGAGGTCAGGAGTTCTAGACCAGCCTGGCTAACATGGTGAAACCCCATTTCCACCAAAAATAGAAAAAAAATTAGCGGGGTGTGGTGGCTCATACCTGTAATCCCAGCTACTCGAGAGGTTGAGGCAGGAGAATCACTTGAACCCAGGAGGCAGAGGTTGCAGTGACCTGAGATCGTGCCATTGCACTCCAGCTTGGGTAACAAGAGCAAAACCCCATCTCAAAAAAAAAAAAAAAAAAAAAGAAA"
"chr1","11867464","11867767","KN295236v1","4576569","4576870","33","7290895","GGCCGGGCGCGGCGGCTCACGCTTGTAATCCCAGCACTTTGGGAGGCCAAGGCGGGTGGCTCACCTGAGGTCAGGAGTTCGAGACCAGCCTGGCCAACATGGGGAAACCCCGTCTCTATTAAAAATACAAAAATTAGGCCGGGCGTGGTGGTGCACACCTGTAATCCCAGCTACTCGGAGGCTGAGGCACCAGAATCGCTTGAACTTGGGAGGCAGAGGTTGCAGTGAGCAGAGATCGTGCCACTGCACTCCAGCCTGGGGGACAAGAGTGAAACTCCATCTCAAAAAAAAAAAAAAAAAAAAA","GCTGGGTACAGTGGCTCATGCCTGTAATCCCAGCACTTTGGGAGGCTGAGGAGGGTGGATCAACTGAGGTCAGGAGTTCGAGACTAGCCTGGCCAACATGGTGAAACCCCCGTCTCTAGTAAAAATACAAAATTAGTCGGGCGTGGTGGCGCACACCTGTAATCCCAGCTACTCGGGAGGCTGAGGCAGGAGAATCGCTTGAACCCAGGAGGCAGAGGTTGCAGTGAACTGAGATCGTGCCATTGCACTCCAGCCTGGGCAACAAGAGTGAAACTCCATCTCAAAAAAAAAAAAAAAAAAAA"
"chr1","11892014","11892315","KN294539v1","2320327","2320629","31","9571687","GGCTGGGCGCGGTGGATCACACCTGTAATCCCAGCATTTTGGGAGGCCGAGGTGGGAGAATCACCTGAGGTCAGGAGTTCAGGACCAGCCTGGCCAACATGGTGAAACCCTGTCTCTACTAAAAATACAAAAATTAGCCGGGCATGGTGGTGTGTGCCTGTAATCCCAGCTACTCAGGAGGCTGAGACAGGAGAATTGCTTGAACCTGGGAGGTGGAGGTTGCAGGGAGCCGAGATCGTGCCATTGCACTACAGCCTGGGCGACGAGAGAAACTCCATCTCAAAAATAAGTAAATAAATAAA","GGCTGGGCACGGTGGCTCACGCCTGTAATCCCAGCACTTTGGGAGCCGAGGTGGGTGATTGCCTGAGGTCAGGAGTTCAAGACCAGCCTGGCCAACATGGTGAAACCCTGTCTCTACTAAAAATACAAAAATTAGCCGGGTGTGGTGGCGGGCACCTGTAATGCCAGCTACTCAGGAGGCTGAGACAGGAGAATCGCTTGAACCTGGGAGGTGGAGGTTGCAGTGAGCCAAGTTCATGCCATTGCACTCCAGCCTAGGCAACAAGAGCAAAACTCCTTCTCAAAAATAAATAAATAAATAAAA"
"chr1","11924701","11925010","KN295430v1","2610079","2610388","38","9314622","GGCCTGGTGTAGTGGCTCACGCCTGTAATCCCACACTTTGGGAGGCCGAGGAGAGTGGATCACCTGAGGTCAGGAGTTCCAGACCAGCCTGGCCAACATGGTGAAACCCTGTGTCTACTAAAAATACAAAACTCAGCCGGGTGTGGTGGCACATGCCTGTAATTCCAGCTACTCGGGAGGCTGAGGCACAAGGATCGCTTGAACCCAGGAGGCTGAGGTTGCAGTGAGCTGAGATCATGCCATTGCATTCCAGCCTGGGCGACAAGGGCAAAACTCTGTCTCAAAAAAATAAAAAATAAAAAATAAAAAA","GGCCAGGTGTGGTGGCTCATGCCTGTAATCCCAGCACTTTGGGAGGCCGAGGCAGGTGGATCACCTGAGGTCAGGAATTCAAGACCAGCCTGGCCAACATGGTGAAACCCTGTCTCTACTAAATATACAAAAATTAGCCAGGTGTGGTGGTGGGTGCCTGTAATGCCAGCTACTCGCGAGGCTGAGGCAGGAGAAATGCTTGAATCCAGAGGACAGAGGTTGCAGTGAGCTGAGATCGTGCCATTGCACTCCAGCCTGGGCGACAAGAGTGAGACTCTGTCTCAAAAAAAAAAAAAAAAAAAAAAAAGAA"
"chr1","11932545","11932851","KN294717v1","373979","374286","44","11558566","GGCCAGGTGTGGTGGCTCATGCTTGTAATCCCAGCACTTTGGGAAGCCAAGGTGAGTGGATCACCTGAAGTCAGTTTGAGACCAGCCTGACCAACGTGGTGAAACCCCGTCTCTATTAAAAATACAAAAATTAGCCAGGCCTGGTCGTGGGCACCTGTAATCCCAGCTACTTGGGAGTCTGAGGTGGAAGAATTGCCTGAACCCAGGAGGCAGAGGTTGCAGTAAGCCGAGATCGTGCAAGTGCACTCCAGCCTGGGTGACAAGAGTGAAACTCCAACTCAAAAAAACAAAACGAAACAAAACAAAA","GGCTGGGCATGGTGGCTCATGCCTGTAATCCCAGCACTTTGGGAGGCCAAGGTGGGTGGATCACCTGAGGTCAGCAGTTTGAGACCAGCCTGGCCAACATGGTAAAACCCCGTCTCTACTAAAAATACAAAAAATTAGCCAGGCATGGTGGTAGGCGCCTGTAATCCCAGCTACTTGGGAGGCTGAGGCACGAGAATCACTTGAACCCAGGAGGCAGAGGTTGCAGTGAGCCAAGATCGCGCCATTGCACTCCAGCCTGGGCAACAAGAGCAAAACTCCATCAAAAAAAAAAAAAAAAAAAAAAAAAA"
"chr1","11945848","11946156","KN295430v1","2610079","2610388","38","9335769","GGCAGGGTGCGGTGGCTCATGTCTGTAATCCCAGCACTTTGGGAGGCCAAGGCAGGAGGATGACCTGAGGTCAGGAGTTCGAGACCAGCCTGGCCAACATGGTGAAACCCCGTCTCTACCAAAAATACAAAAATTAGCCAGGTGTGGTGGTGTATGCCTGTAATAGCTACTCAGGAGGCTGAGTCAGGAAAATTGCTTGAACCCACGAGACAGAGGTTGCAGTGAGCCGAGATCGTACCATTGCACTCTAACCTGGGCAACGAGAGCGAAACTCCGTCTCAAAAAAAAAAAAAAAAAAAAGAATGAAAA","GGCCAGGTGTGGTGGCTCATGCCTGTAATCCCAGCACTTTGGGAGGCCGAGGCAGGTGGATCACCTGAGGTCAGGAATTCAAGACCAGCCTGGCCAACATGGTGAAACCCTGTCTCTACTAAATATACAAAAATTAGCCAGGTGTGGTGGTGGGTGCCTGTAATGCCAGCTACTCGCGAGGCTGAGGCAGGAGAAATGCTTGAATCCAGAGGACAGAGGTTGCAGTGAGCTGAGATCGTGCCATTGCACTCCAGCCTGGGCGACAAGAGTGAGACTCTGTCTCAAAAAAAAAAAAAAAAAAAAAAAAGAA"
"chr1","11953116","11953407","KN296865v1","1674895","1675192","35","10278221","CACACCTGTAATCCCAGCACTTTGGGAGGCCGAGGTGGGTGGATCACCTGAGGCCAGGAGTTTGAGACCAGCCTGGCCAACATGGTGAAATCCCGACTCTACTAAAAATATAAAAATTAGCCAGGTTTGGTGGCGGGCGCCTGTAATCCCAGCTACTCTGGAGGCTGAGGCAGGAGAATCGCTTGAACCCGGAAGGCAGAGGTTGCAGTGAACCAAGATTGTGCCATAGCACTCCAGCCTGGGCGACAAAAGCAAAACTCCATCTCAAAAAAAAAAAAACAAAAACAAAAAA","GGCTCATGCCTCTAATCCCAGCACTTTGGGAGGCCAAGGTGTGTGGATCACCTGAGGTCAGGAGTTTGAGACCAGCCTGGCCAACATGGTGTAAACCCCGTCTCTACTAAAAATACAAAAATTAGCTAGGTGTGGTGGTGGGCACCTGTAATCCCAGCTACTCGGGAGGCTGAGGCAGGAGAATCGCTTGAAACCCGGGAGGTGGAGGTTGCAGTGAGCCAAGATCGTGCCATTGCACTCCAGCCTGGGCAGCAAGAGCGAAACTCCGTCTCAAAAAATAAAAATAAAATAAAAAAAA"
"chr1","11960459","11960757","KN296311v1","3721408","3721707","30","8239051","GCTGGGCGCGGTGGCTCACGTCTGTAATCCCAGCACTTTGGGAGGCCGAGGCGGGCGGATCACCTGAGGCCAGGAGTTCAAGACCAGCCTGACCAACATGGAGAAGCCTCGTCTCTACTAAAAATACAAAATTAGCCGGGTGTGGTGGCAGGCGCCTGTAATCCCAGCTACTTGGGAGGCTGAGGCAGGAGAATCGCTTGAACCCAGGAGGCAGAGGTTGCAGTGAGCTGAGATCACAACATTGCACTCTTGCCTGGGCAACAAGAGCGAAACTCCGTCTCGAAAAAAAAAAAAAAAAA","GACCGGGCGTGGTGGCTCACGCCTGTAATCCCAGCTCTCTGCGAGGCCGAGGCAGGTAGATCACCTGAGGTCAGGAGTTCAAGACCAGCCTGACCAACATGCTGAAACCCCGTCTCTACTAAAAATACAAAATTAGCCGGGCGTGGTGGCGGGTGCCTGCAATCCCAGCTACTCGGGAGGCTGAAGCAGGAGAATCGCTTGAACCCGGGAGGCAGAGGTTGCAGTGAGCTGAGATTGCACCATTGCACTCCAGCCTGGGCAACAAGAGCAAAACTCTGTCTCAAAAAAAAAAAAAAAAAA"
"chr1","11969815","11970115","KN296959v1","1159791","1160090","37","10810024","GGCTGGGTGCAGTGGCTCATGCCTGTAATCTCAGGACTTTGGGAGGCTGAGGCAGGCAGATCACCTGAGGTCAGGAGTTCAAGACCAGCCTGGCTAACATGACAAAACCCCATCTCTACTAAAAGTACAAAAAATTAGCTGGGCATGGTGGTGGGTGCGTGTAATCCCAGCTACTTGGAAGGCTGAGGTGGGAGAATCGCTTGAACCCGAGAGACAGAGGCTGCAGTGAGCCGAGATCACGCCATTGCACTCCAGCCTGGGCAACGAGAGCAAAACTGTCTCAAAAAAAAAAAAGACAAAA","GGTTGGGTGCAGTGGCTCACGCCTGTAATCTCCGCACTTTGGGAGGCTGAGGCGGGCAGATCACTTGAGGTCAGGAGTTTAAGACCAGCCTGGCCAACATGGTGAAACCCCATCTCTACTAAAAATACAAAAATTAGCTGGGTGTGGTGGTGGGCACCTGTAATCCCAGCTACTTGGGAGGCTGAGGTGAGAGAATCGCTTGAACCCAGGAGGCAGAAGTTGCAGTGAGCTGAGATCGTGCCATTGCACTCCAGCCTGGGCAATAAGAGTGAAACGCTGTCTTAAAAAAAAAAAAAAAAA"
"chr1","12080048","12080340","KN296884v1","186950","187243","39","11893098","CCGGGCGCGGTGGCTCACGCCTGTAATCCCAGCACTTTGGGAGGCCTAGGCGGGCGGATCACCTGAGGTCAGGAGTTTGAGACCAGCCTAACCAATGTGATGAAACCCCGTCTCTACTAAAAATACAAAAAAAATTTAGCTGGGCGTGGTGGCAGGCGCCTATAATCCCTGCTATTCAGGAGGCTGAGATAGGAGAATTGCTTGACCCGGGAGGCAGAGGTTGCAATGAGCCCAGATTGCGCCATTGCACTCTAGCCTGGGCAACAAAAGTGAAACTCCATCTCAAAAAAAAA","GCTGGGCGCGGTGGCTTCACGCCTGTAATCCCAGCACTTTGGGAGGCCAAGGCAGGCGGATCACCTGAGGTCAGGAGTTGGAGACCAGCCGTGGTCAATGTGATGAAACCCCGTCTCTACTCAAAATACAAAAAAATTAGCCGGACGTGGTAGCAGGCGCCTGTAATCCCAGCTACGCGGGAGGCTGAGGCAGGAGAATCACTTGAGCCTGGGAGGCAGAGGTTGCAGTGAGCCAAGATCGCACCATTGCACTCCAGCCTGGGCAACAAGAGCGAAGCTCCGTCTCGGAAAAAA"
"chr1","12081869","12082175","KN295705v1","1213220","1213523","42","10868649","GGCCAGGCGTGGTGACTCACGCCTGTAATCGCAGCACTTTGAGAGGCTGAGGCAGGTGGATCACCTGAGGTCAGGAGTTTGAGAGCAGCCTGGTCAACATGGTGAAACCCTGTCTCTACTAAGAATACAAAAATTAGCCGGGCATGGTGGCACATGCCTGTAATCCCAACTACTCGTGAGGCTCAGGCAAGAGAGTCGCTTGAACCCGGGAGGTGGCGGCTGCAGTGAGCAGAGACTGTGCCATTGCAGTCCGGCCTGGGCGACAAGAACAAAACTCTGTCTCAAAAGAAAGAAAGAAAGAAAGAAA","GCTAGGTGTGGTGGCTCACACCTGTAATCTCAGCACTTTGGGAGGCTGAGGTGAGTGGATCACCTGAGGTCAGGAGTTTGAGACCAGCCTGGCCAACATAGTGAAATCCTGTCTCTACTAAAAATACAAAACTTAGCCGGGTATGGTGGCACACGCCTGTAATCCCAGCACTCGGGAGGCTGAGGCAAGAGAATTGCTTGAACCCGGGAGGCGTTGGTTGCAATGAGCTGAGATTATGCCATTGCACTCCAGCCTGGGTGACAAGAACAAAACTCCGTCTCAAAAAATTAAATAAATAAATAAA"
"chr1","12093532","12093736","KN296157v1","1400696","1400905","33","10692836","CCTGGCCAACATGATGAAACCCTGTCTCTACTAAAAATATAAAGATTACCCGTGCATGGTGGTGGGTGCCTGTAATCCCAGCTACTCAGGAGGCTGAGGCAGGAGAATTGCTTGGATCTGGGAGGCGGAGGTTGCAGTGAGCCGAGATTGTGCCGTTGCACTGCAGCCTGGGCGACAAGAGCCAGACTCCATCTCAAAAAAAAAA","GCCTGGCCAACATGATGAAACCCTGTGTCTACTAAAAATACAAAAGTTAGCCGGGCGTGGTTGCGGGCGCCTGTAATCTCAGCCACTCGGGAGGCTGAGGCAGGAGAATTGCTTGAACCGGAGAGGCAGAGGTTGCAGTGAGCTGAGATTGCGCCATTGCACTCCAGCCTGGGTAACGAGAGCGAAACTTCATCTCAATTAAAAAAAAAA"
"chr1","12098936","12099256","KN294407v1","2595440","2595750","43","9503496","GTCGGGCGCGGTGGCTCATGCCCGTAATCCCAGCACTTTGGGAGGCCCAGGTGGGCAGATTATCTGAGGTCGGGAGTTCGAGACTAGCCTGACCAACATGGTGAAACCCTGCCTCTACTAAAAATACAAAATTAAGCTGAGTGTGGTGGCAGATGCCTGTAATCCCAGCTACTCAGGAGGCTGAGGCAGGAGAATCGCTTGAACCTGGGAGGCAGAGGTTGCAGTGAGCCGAGATTGCGCCATTGCACTCCAGCCTGGACAACAAGAGCAAAACTCCATCTCAAAAAAAATAAAAATAAATAAATAAATAAATACAATAAA","GGCCAGGTGCAGTGGCTCATGCCTGTAATCCCAGCACTTTGGGAGGCTGAGGTGGGTGGATTGCCTGAGGTCAGGAGTTCAAGACCAGCCTGGCCAACATGGTGAAACCCCGTCTCTACTAAAAATACAAAATTAGCTGGGTGTGGTGGCAGGCACCTGTAATCCCAGCTACTCAGGAGACTGAGGCAGGAGAATCGCTTGAACCTGGGAGGCGGAGGTTGCAATGAGCCGAGATTGTGCCATTGCACTCCAGCCTGGGCAAAACGAGCAAAACTCTGTCTCAAAAAATAAAATAAAATAAAATATAAAAA"
"chr1","12109918","12110225","KN296430v1","444033","444342","36","11665885","GGCCAGGCACGGTGGCTCACGCCTGTAATCCCAGCACTTTGGGAGGCCAAGGTGGGTGGATCACCGGAGGTCAGAAGTTTCAGACCAGCCTCACAAACACGGTGAAACCCCTGTCTCTACTAAAAATACAAAATTAGCCAGGCGTAGTGGTGGGTACCTGTAATCCTAGCTACTCAGGAGGCTGAGGCAGGAGAATCACTTGAACCCAGGAGGCGGAGGTTGCAGTGAGCTGAGATTGTGCCATTGCACTCCACCTGGGTGACGAGCAAAACTCCGTCTCAAAAAAAAAAAAAAAAAAAAAAAAAAAA","CCGGGCATGATGGCTCATGCCTGTAATCCCAGCACTTTGGGAGGCCAAGGCAGGTGGATCACCAGAGGTCAGGAGTTCAAGACCAGCCTGGCCAACGTGGTGAAACCCTGTCTCTACTAAAAATACAAAAATTAGCCAGGCGTGGTGGCGGGTGCCTGTAATCCCAGCTACTCAGGAGGGTGAGGCAGGAGAATCGCTTGAACCGGGGAGGCGGAGGTTGCAGTGAGCGGAGATTGTGCCATTGCACTCCAGCCTGGGCAACAAGAGCAAAACTCCGTCTTAAAAAAGAAAAAAAAAAAACAAAAAAAAA"
"chr1","12113071","12113371","KN294717v1","373979","374286","44","11739092","GGCCGGACATGGTACTCACGCCTGTAATTCCAGCACTTTGGGAGGCCAAGGTGGGTGGATCACCTGAGGTCAGGAGTTTGAGACCAGCCTGGCCAACATGGTGAAACCCCATCTCTACTGAAATTACAAAAAATTAGCTAGACATGGTGGTGGGCGTCTGTAATCGCAGCTACTTGGGAGGCTGAGGCAGGAGAATCGCTTGAATCTGGGAGGCGGAGATTGTAGTGAGCCAAGATTGCGCCACTGCACTCCAGCCTGGGTGACAAGTGCGAAAGAAAAGAAAGAAAAAGAGAGAGAGAAA","GGCTGGGCATGGTGGCTCATGCCTGTAATCCCAGCACTTTGGGAGGCCAAGGTGGGTGGATCACCTGAGGTCAGCAGTTTGAGACCAGCCTGGCCAACATGGTAAAACCCCGTCTCTACTAAAAATACAAAAAATTAGCCAGGCATGGTGGTAGGCGCCTGTAATCCCAGCTACTTGGGAGGCTGAGGCACGAGAATCACTTGAACCCAGGAGGCAGAGGTTGCAGTGAGCCAAGATCGCGCCATTGCACTCCAGCCTGGGCAACAAGAGCAAAACTCCATCAAAAAAAAAAAAAAAAAAAAAAAAAA"
"chr1","12149534","12149834","KN295350v1","405055","405352","33","11744479","GGCTGGGCACGGTGGCTGATGCCTATAATCCCAGCACTTTGGGAGGCTGAGGTAGGTAGATCACCTGAGGTCAGGAGTTTGAGACTAGCCTGACCAACATGGTGAAACCCCATCTCTACTAAAAATACAAAGATTAGCTGGTCGTGGTGGTGTGTGCTTGTAATCCCAGCCACTCGACAGGCTGAGGCAGGAGAATGGCTTGAACCCAGAAGGCGGAGGTTGCAGTGAGCCGAGATCGTGCCATTGCACTCCAGCCTGGGCGACAAGAGCAAAACTCTGTCTCAAAAAGAAAAAAAAAAAA","GGCCGGGCGTGGTGGCTCATGCCTATAATCCCAGCTCTTTGGGAGGCCGAGGCGGGTGGATCACCTGAAGTCAGGAGTTTGAGACCAGCCTGGCTAACATGGGGAAACCCCATCTCTACTAAAAATACAAAAATTAGCTGGGCGTGGTGGTGAATGCCTGTAATCCCAGCTACTCGGGAGGCTGAGGCAGGAGAATTGCTTGAATCCAGGAGGCGGAGGTTGCAGTGAGCCGAGATCTCACCATTGCCCTCCAGCCTGGGTGACAAGAGCAAAACTCTGTCTCAAAAAAAAAAAAAAA"
"chr1","12165082","12165369","KN294434v1","50479","50773","32","12114603","GGCTGGGAGCAGTGGCTCACGCCTGTAATCCCAGCACTTTGGGAGGCTGAGGCGGGCGGATCGCCTGAGGTCAGTTCCAGACCAGCCTGGCCAACATGGTGAAACCCCTTCTCTACTAAAAATACAAAAATTAGCCGGGTGTGGTGGCAGGCACCTGTAATCCCAGCTACTCGGGACGCTGAGGCAGGTGAATCGCTTGAACCCAGGAGGCGGAGGTTGCAGTGAGCGGAGATCACGCCATTGCACTCTAGCCTGGATGACAAGAGTGAGACTTCATCTCAAAAAAAA","GGCTGGGCGCAGTGGCTCACACCTGTAATCCTAGCACTTTCGGAGGCTGAGACAGGCAGATCACCTGAGGTCAGGAGTTCAAGACCAGCCTGGCCAACATGGTGAAACCCCGGCTTTACTAAAAGAACAAAAATTAGCCGGGTGTGGTGGCAGGCACCTGTGATCCCAGCTACTCGGGAGGCTGAGGCAGGAGAATTGCTTGAACCCAGGAGGCAGAGGTTGCAGTGAGCTGAGATTACTCCATTGCACTCCAGCCTGGAGGACAAGAGTGAGACTTCGTCTCAAAAAAAAAAAA"
"chr1","12190172","12190477","KN294239v1","366885","367189","45","11823287","GGCTGACTGCGGTGGCACACTCCTGTAATCCCAACACTGGGAGGCTGAGGTGGGTGGATCACCTGAGGTCAGGAGTTTGAGACCAGCCTGGCAACATGGTGAAACCCCCGTCTATACTAAAAATACAAAAATCAGCCAGGTGTGGTGGCACATGCCTGTAATCCTAGCTACTCGGGAGGCTGAGGCAGGATAATTGTTTGAACCCGGGAGACAGAAGCTGCAGTGAGCAAAGATTGTGCCATTGCACTCCAGCCTGGGTGACAAGAGCGAGACGTTGTCTCAAAAGGAAAAAAAAAAGGAAATAAA","GGCCGGGCAGTGGCTCACGCCTGTAATTCCAGCACTGTAGGAGGTTGAGGCGAGCGGATCACCTGAGGTCAGGAGTTTGAGACCAGCCTGGCCAACATGGTGAAACCCCGTCTCTACTAAAACTACAAAAATTAGCCAAGCATGGTGGCAGGTGCCTGTAATCCCAGCTACTCAGGAGGCTGAGGCAGGAGAATCGCTTGAACCCGGGAGGCAGAGGTTGCAGTGAGCAGAGATTGTGCCATTGCACTCCAGCCTGGGGGAAAAGAGCGAGACTTCATCTCAAAAAAAAAAAAAAAAAGAGAGAA"
"chr1","12210506","12210809","KN295362v1","202612","202915","33","12007894","GGCCAGGCGTGGTGGCTCACCCCTGTGTTCCCAGCACTTTGGGAGGCTGAGGCGGGGGGGCTTGTCTGAGGTCAGGAGTTTGAGACCAGCCTGGCTAACATGGTGAAATCCCGTCTCTAATAAAAATACAAAAATTAGCCAGGCGTGGTGGCACGCACCTGTAATCCCAGCTACTTGGGAGGCTGAGGCAGGAGAATCACTTGAACCTGGGAAATGGAGGTTGCAGTGAGCCAAGACAGCGCCATTGCACTCCAGCCTGGGCAACAAGAGCGAAACTCCATCTCAAAAAAAAAAAAAAAAAAAA","GGCCGAGCGAGGTGGCTCATGCCTGTAATCCCAGCACTTTGGGAGGCCCAGGTGGGCAGATTGCCTAAGGTCAGGAGTTCGAGACCAGCCTGGCCAACATGGTGAAAGCCCGTCTCTACTAAAAATATAAAAATTAGCCGGGCGTGGTGGCAGGCACCTGTAATCCCAGCTACTTGGGAGGCTGAGGCAGGAGAATCACTTGAACCTGGGAGGTGGAGGGTCACAGTGAGCCAAGATAGCGCCATTGCACTCCAGCCTGGGCAACAAGAACGATACTTCATCTCCAAAAAAAAAAAAAAAAAAA"
"chr1","12222238","12222468","KN296481v1","206504","206734","38","12015734","CAGGAGTTCGAGACCAGCCTGGCCAACATGGCGAAACCCCGTCTCTACTAAAAATACAAAAAAATTAGCCAGGAGTGGTGGTGGGTGCCTGTAATCCCAGCTACTCAGGAGGCTGAGGCATGAAAATCGCTTGAATCTGGGAGGTGGAGGCTGCAGTGAGCGAAAAACGCACCATTGCACTCCAGCCTAGGCAACAAGGGTGAAACTCCATCTCAAAAAAATAAATAAAAA","GAGGTCAGAAGTTCAAGACCAGCCTGGCCAACATGGTAAAACCCTGTCTCTACTAAAAATACAAAAATTAGCCAGGCGTGGTGGTGGGCACCTGTAATCCCAGCTACTCAGGAGGCTGAGGCAGGAGAATCACTTGAACCTGGGAGTTGGAGGTTGCAGTGAGCCGAGATTGTGCCATTGCCCTCCAGCCTGGGCAACAAGAATGAAACCCCAGTTAAAAAAAAAAAAAAA"
"chr1","12232999","12233295","KN296849v1","865030","865326","23","11367969","GGCTGGGCGCGGTGGCTCACGCCTGTAACCCCAACACTTTGGGAAGCCGAGGTGGGTGAATCACATGAGGTCAGGAGTTCAAGACAGCCTGGCCAACGTGGTGAAACACCGTCTCTACTAAAAATACAAAAATTAGCTGGGTGTCATGGCAGGCGCCTGTAATCCCAGCTACTGGGGAGGCTGAGGCAGGAGAATCACTTGAACCCGGGAGGCGGAGGTTGCAGTGAGCCGAGATCGTGCCATTGCACTCCAGCCTGGGCAACAGGAGCGAAACTCCATCTCAAAAAAAAAAAAAAA","GGCCGGGCACGGTGGCTCACGCCTGTAACCCCAGCACTTTGGGAGGCCGAGGCGGGTGCATCACATGAGGTCAGGAGTTCAAGACCAGCCTGGCCAACGTGGTGAAACACCATCTCCACTAAAAATACAAAAATTAGCCGGGTGTCATGGCAGGCACCTGTAATCTCAGCTACTTGGGAGGCTGAGGCAGGAGAATCACTTGAACCCAGGAGGCGGAAGTTGCAATGAGCCCAGATCGCAACATTGCACTCCAGCCTGGGCAACAGGAGCGAAACTTCATCTCAAAAAAAAAAAAGA"
"chr1","12243367","12243678","KN296311v1","6628940","6629251","34","5614427","GGCCAGGTGTGGTGGCTCACGCCTGTAATCCCAGCACTTTGGGAGGCCGAGGCAGGCAGATCACTTGAGGTCAGGAGTTCAAGACCAGCCTGGCCAACATGGTGAAATCTCGTCTCTACTAAAAATACAAAAATTAGCCAGGCCTGGCAGCAGGTGCCTGTAATTCCATTTACTCAGGAGGCTGAGGCAGGAGAACCACTTGAACCTGGGAGGCGGTGGTTGCAGTGAGCTGAGATTGAGCCATTGCACTCCAGCCTGGGTGACAAGAGCAAGACTCCGTCTCAAAAAAAAAAAAAAAAAAAAAAAAAGAAA","GGCCAGCTGCAGTGGCTCATGCCTGTAATCTCAGCACTTGGGGAGGCCGAAGCAGGTGGATCACTTGAGGTCAGGAGTTCAAGACCAGCCTGGCCAACGTGGTGAAACCCCCTCTCTACTAAAAATACAAAAATTAGCCAGGCATGGTGGTGGTGCCTGTAATCCCAGCTACTCAGGAGGCTGAGGCAGGAGAATCACTTGAACCTGGGAGGTGGAGGTTGCAGTGAGCCGAGATTGCGCCATTGCATTCCAGCCTGGGTGACAAGAGCGAAACTTTGTCTCGAAAAGAAAAAAAAACAAAAAAAAAAGAAA"
"chr1","12281826","12282126","KN295112v1","343212","343513","29","11938614","GGCCAGTTGCGGTGCCTCACCCCTGTAATCCCAGCACACTGGGAGGCCGAGGCGAGTGGATCACCTGAGGTCAGGAGTTCAAGACTAGCCTGGCCAACATGGTAAAACCCTGTCTCTACTAAAAATATAAAAATTAGTCGGGTGTGGTGGCGGGCACCTGTAATCCCAGCTACTCAGGAGGCTGAGGCAGGAGAATCGCTTGAACCTGGGAGGTGGAGGTTGCAGCAGTGAGCCGAGATCGTGCCACTGCACTCCAGCCTGGGTGACAAGAGTGAGACTCCGTCTCAAAAAAAAAAAAAAA","GGCCAGGTGCAGTGGCTCACGTCTATAATCCCAGCACTTTGGGAGGCTGAGGCGGGTGGATCACCTGAGGTCAGGAGTTCGAGACCAGCCTGGCCAACATGGCGAAACCCTGTCTCTACTAAAAATACAAAAATTAGCCAGGTGTGGTGGCGGGCACATGTAATCCCAGCTACTCAGGAGGCTGAGGCAGGAGAATCGCTTGAACCCAGGAGGTGGGGGTTGCAGTGAGCCGAGATCGTGCCACTGTACTCCAGCCTGGGTGACAAGAGTGAGACTCCGTCTCAAAAAAAAAAAAAAAAAAA"
"chr1","12352056","12352310","KN296849v1","746362","746624","19","11605694","TGGGAGGCCGAGGCGGGTGATCACCTGGGGTCAGGAGTTCGAGACCAGCCTGGCCAACATGGCGAAACCTCGTCTCTACTAAAAATACAAAAATTAGCCGGGTGTGGTGGCAGGCGCCTGTAATCCCAGCTACTCGGTAGGCTGAGGCAGGAGAATTTTTGAACCTGGGAGGCAGAGGTTGCAGTGAGCCGAGATTGCACCATTGCACTCTAGCCTGGGAGAGAAGAGTGAAACTCCTTCTCAAAAAAAAAAAAA","TGGGAGGCTGAGGCGGGTGGGTCACCTGAGGTCAGGAGTTCGAGACCAGCCTGGCCAACATGGCGAAACCCCATCTCTACTAAAAATACAAAAATGAGCCAGGTGTGGTGGCAGGCGCCTGTAATCCCAGCTACTCAGTAGGCTGAGGCAGGAGAATTGTTTGAACCTGGGAGGCAGAGGTTGCAGTGAGCCGAGATCACACCATTGCACTCTAGCCTGGGAGAGAAGAGTGAAACTCCATCTCAAAAAAAAAAAAAAAAAAA"
"chr1","12371809","12372115","KN295244v1","384903","385210","40","11986906","GCCGGGCACAGTGGCTCATGCCTGTAATCCCAGCACTTTGGGTGGCTGAGGCGGGTGGATCACCTGAGGTCAGGAGTTTGGGACAGGCTGGTCAACATGGTGAAACCCCATCTCTACTAAAAATACAAAAAATCAGCTGGGTGTGGTGGTGGGCAGCTGTCATCCCAGCTACTCGGGAGGCTGAGGCAGGAGAATGGCTTGAACCCGGGAGGCAGAGATTGCAGTGAGTCGAGATTGTGCCACTGCACTCCAGCCTGGGTGACAAGAGCGAAACTGTCTCAAAACAAAAAACCAAAAACAAACAAAA","GCTGGGCATAGTGGCTCATGCCTGTAATCCCAACACTTTGGGAGGCTGAGGCGGGCAGATCACCTGAGGTCAGGAGTTCCAGACCAGCCTGGCCAACATGGTGAAACCCCATCTCTACTAAAAATATAAAAATTAGCTGGATGTGGTGGCGGGCACCTGTAATCCCAGCTACTCAGGAGGCTGAGGCAGGAGAATCGCTTGAACCAGAGAGGCGGAGGTTGCAGTGAGCCAAGATTATGCCATTGCACTCCAGCCTGGGTGACAAAAGCGAAACTCCATCTTAAAAAATAAAATAAAATAAAACAAAA"
"chr1","12378369","12378671","KN296938v1","1006669","1006968","34","11371700","GGCTGGGTGCGGTGGCTCACGCCTGTAATTCTAGCACTTTGGGAGGCCAAGGTGGGTGGATCACTTGAGGGCAGGAGTTCAAGACCAACCTGATCAATATGGTGAAACCCTGTCTCTACTAAAAATACAAAAATTAGCTGGGTGTGGTGGCGGGCACCTATAGTCCCAGCTACTCGGGAGGCTGAGACTGGAGAATCGCTTGAACCCAGGAGGCGGAGTTTGCAGTGAGCCGAGATCGCGCCATTGCCCTCCAGCCTGGGCGACAAAAGCGAGATTCCATCTCAAAAAAAAAAAAAAAAAAAA","GCCAGGTGCGGTGGCTCACGCCTGTAATCCGAGCACTTTGGGAGGCCAAGGCGGGTGGATCACCTGAGGTCAGAAGTTCAAGAGCAGCCTGGTCAACATGGTGAAACCCTGTCTCTACTAAATATACAAAAATGAGCTGGGTGTGGTGGCGGGTGCCTGTAATCCTAGGTACTCGGGAGGCTGAGGAAGGAGAATCGCTTGAACCCGGGAGGCGGAGGTTGCAGTGAGCCGAGATCGCGCCATTGCTCTCCAGCCTGGGCAACAAGAGCGAAACTTCATCTCAAAAAAAAAAAAAAAAAA"
"chr1","12416236","12416546","KN296849v1","681063","681367","23","11735173","CTGGGCGCGGTTGGTCACACTTGTAATCCCAACACTTTGGGAGGCCGAGGCAGGCAGATCACCTGAGGTCACGAGTTCGAGACCAGCCTGGCCAACATGGTGAAACCCTGTCTCTACTAAAAATACAAAAATTAGCCGGGCGTGGTAGCGGGTGCCTGTAAGTAATCCCAGCTACTTGGGAGGCTGAGCCAGGAGAATCACTTGATCCTGGGAGGTAGAGGTTGCAGTGAGCTGAGACTGCATCATTGCACTCCAGCCTGGGCAACAAGAGCAAAACTCCGTCTCAAAAAACCAAAAAAATAAAAATAAAA","CCAGGCACGGTGGCTCACACCTGTAATCCCAACACTTTGGGAGGCCAAGGCAGGCAGATCACCTGAGGTCATGAGTTCGAGACCAGCCTGGCCAACATGTTGACCCCCTGTCTCTACTAAAAATACAAAAATTAGCCGGGCGTGGTGGCGGACGGGTAATCCCAGCTACTTGGGAGACTGAGCCAGGAGAATCACTTGAACCTGGGAGGTAGAGGTTGCAGTGAGCTGAGACTGCACCATTGCACTCCAGCCTGGGCAACAAGAGCAAAACTCCGTCTCAAAAAACCAAAAAAATAAAAATAAAA"
"chr1","12430732","12431039","KN294292v1","136185","136494","33","12294547","GGCTGGGCGTGGTGGCTCACGCCTGTCATCCCAGCACTCTGGGAGGCTGAGGGAGGCAGATCACCTGAGGTCAGGAGTTTGAGACCAGCCTGGCCAACATGATGAAACCCCATCTCTACCAAAAATATAAAAATTAGCGGGGTGTGGTGGCGGGTACCTGTAATCCCAGCTAGTCGGGAGGCTGAGGCAGGAGAATAGCTTGAACCTGGGGGACGGAGGTTGCAGTGAGCCGGGATTGCGCCACTGCACTCCAGCCTGGGTGACAAGAGCGAAACTCCATCTCAAAAAAAAAAAAAAAAAAAAAAAAA","GGCTGGGCATGGTGGCTCACGCCTGTAATCCCAGCACTTTGGGAGGCCGAGGCGGGCAGATCACCTGAGGTCAGGTGTTCAAGACCAGCCTGGCCAACATGGTGAAACCCCATCTCTACTAAAAATATAAAAATTAGCTGGGCCTGGTGGCAGGTGCCTGTAATCCCAGCTACTCGGGAGGCTGAGACAGGAGAATAGCTTGTACCCGGGAGGTGGAGGTTGCAGTGAGCCGAGATTGAGCCATCGCACTCCAGCCTGGGTGACAAGAGCAAAGCTCCATCAAAAAAAAAAAAAAAAAAAAAAAGAAGAA"
"chr1","12466068","12466362","KN294588v1","494059","494353","36","11972009","GGTCGGGTGCAGTGGCTCACACCTGTAATCCCAGCACTTTGGGAGGCCAAGGCGGACAGATCATGAGGTCAGGAGATCGAGACCATCCTGACCTCGATGGTGAAACCCCGTCTCTACTAAAAATAACAAAAATTAGCTGGGCGTGGTGGCATGTGCCTGTAATCCCAGATACTTGGGAGGCTGAGACAGGAGAATCGCTTGCACCCGGGAGGTGGAGGTTGCAGGGAGCCAAGATTGCACCATTGCACTCCAGCTTGGGCAACAAGAGCAAAACTCTGCCTCAAAAAAAAAAAAA","GGCCAGGCGCGGTGGCTCACGCCTGTAATCCCAGCACTTTGGGAGGCCAAGGTGGGCGGATCACCTGAGGTCAGGAGTTCGAGACCAGCCTGAACAATATGATGAAACCCCATCTCTACTAAAAATACAAAAATTAGCTGGGCGTGTGGCATGTGCCTGTAATCCCAGTTACTCAGGAGGCTGAGACAGGAGAATCGCTTGAACCGGGGAGGTGGAGGTTGCAGTGAGCTGAGATTGCGCCATTGCACTCCAATCTGGGTAACAAGAGCGAAATTCTGTCTCAAAAAAAAAAAAA"
"chr1","12490986","12491286","KN296849v1","602950","603246","25","11888036","GGCTGGGCACGGTGGCTCACGCCTGTAATCCCAGCACTTTGGGAGGCCAAGGTGGGTGGATTGCCTGAGGTCAGGAGTTTGAGACCAGCCTGGCCAACTGGTGAAACCTCATCTCTACTAAAAATAAAACAATTAGCTGGGCGTGGTGGCATGCGCCTGTAATCCCAGCTACTCAGGAGGCTGAGGCAGGAGAATCGCTTGAATCCAGGAGGCGGAGGTTGCAGTGAACCAAGACTGCACCCTTGCACTCCAGCCTGGGTGACAAGAGCAAAACTCCACCTCAAAAAACACAACAAAGAAA","GGCTGGGCACTGTGGCTCACGCCTGTAATCCCAGCACTTTGGGAGGCCAAGGTGGGTGGATCGCCTGAGGTCAGGAGTTTGAGACCAGCCTGGCCAACTGGTGAAACCTCATCTCTACTAAAAATACAAAAATTAGCTGGGCGTGGTGGCAGGCGCTACTCCCCAGGTACTCAGGAGGCTGAGGCAGGAGAATCAGTTGATCCCAGGAGGCGGAGGTTGCAGTGAGCCAAGATCGCACCCTTGCACTCCAACCTGGGTGACAAGAGCAAAACTCCATCTCAGAAACAACAACAAAAA"
"chr1","12492498","12492798","KN295983v1","1536250","1536551","30","10956248","GGCCGGGCACAGTGGCTCACACCTGTAATCCCAGCACTTTGGGAGGCCAAGGCGGGGGATCACCTGAAGTCAGGAGTTCGAGACCAGCCTGACCAACATGGTAAAACCCCGTCTCTACTAAAAATACAACAAATTAGCCAGACATGGTGGTGCACTCCTGTAATCCCAGCTACTCAGGAGGCTGAGGCAGGAGAATGGCTTGAACCCAGGAGGCAGAGGTTGCAGTGAGCCAAGATAGCACTATTGCACTCCAGCCTGGGCAACAAGAGTGAAACTCAGTCTCAAAAAAAAAAAAAAAAAA","GGCCAGGCACAGTGGCTCATGCCTGTAATCCTAGCACTTTGGGAGGCCAAGGCGGGTGGATCACCTGAGGTCAGGAGTTCAAGACCAGCCTGACCAACATGGTGAAACCCATCTCTACTAAAAATACAAAAAATTAGCCTGGTGTGGTGGTGGGCGCCTGTAATCCCAGCTACTCAGGAGGCTGAGGCAGGAGAATCACTTGAACCCAGGAGGCAGAGGTTGCAGTAAGCCGAGATGGCACCATTGCACTCCAGCCTGGGCGACAAGAGCAAAACTCCATCTCTAAAAAAAAAAAAAAAAAA"
"chr1","12516964","12517270","KN296934v1","897698","898003","39","11619266","GGCCAGGCACGGTAGCTCACACCTTTAATCCCAGCACTTTGGGAGGCCGAGGCAGGCAGATCACCTGAGGGCAGGAGTTTGAGACCAGCCTGGCCAACATGGCGAAACCCTGTCTCTACTAAAAATACAAAAATCAGCCAGGCGTGATGGTGCATGCCGGTAATCCCAGCTACTCGGGAGGCTGAGGCAGGAGAATTCGCCTGAACCCAGGAGGAGAGATTGTAGTGAGCCGAGATCGCACTATTTCACTCCAGCCTGGAGAACAGGAGCGAAACTCCGTCCCAAAAAAAAAAAAAAAAAAAAAGAA","GCCGGGTGTGGTGGCTCACACCTGTAATCCCAGCACTTTGGGAGGCCAAGGCAGGCAGATCACCTGAGGTTAGGAGTTCGAGACCGGCCTGGCCAACATGGTGAAACCCTGTCTCTACTAAAAATACAAAAATTAGCCAGGTGTGGTGGCGGGCACCTGTAATCCCAGCTACTCAGGAGGCTGAGGCAGGAGAATCGCTTGAACCCAGGAGGTAGAGGTTGCAGTGAGCCAAGATCGTGCCATTGCACTCCAGCCTGGGCAACAAGAGAGAAACTCCGTCTCAAAAAAAAAAAAAAAAAAAAAAAA"
"chr1","12521448","12521754","KN296306v1","1301631","1301939","40","11219817","GCCAGGCGAGGTGGCTCAGCCTGTAATCCCAGCACTTCGGGAGGCCAAGGCGGGCGAATCATCTGAGGTCAGGAGTTTGAGACCAGCCTGGTCAACATGGTGAAACCCTATCTCTACTAAAAATACAAAATTAGCCAGGCATGGTTGCAGGCAACTGTAATCCCAGCTACTCAGGAGGCTGAGGCAGGAGAATCGCTTGAGCCCGGGAGGCGGAGGTTGCAGTGAACTGAGATTGTGCTATTGTACTCCAGCCCGGGCAACAAGAGCGACACTTTGTCAAAAGAAAAGAAAAGAGGAAAAGGAAAAA","GCCAGGCACGGTGGCTCACACCTGTAATCCCAGCACTTTGAGAGGCCAAGGTGGGCCGATCACCTGAGGTCAGGAGTTCGAGACCAGCCTGGTCAGCATGGTGAAACCCCATCTCTACTAAAAATACAAAAATTAGCCGGGCATGGTGGTGGGTGCCTGTAATCGCAGCTACTCAGGAGGCTGAGACAGAAGAATCGCTTGAACCCAGGAGGCGGAGGTTGCAGTGAACTGAGATTGTGCCATTGCACTACAGCCTGGGCAACAAGAACGAAACTCCGTCTCAAAGAAAAAAGAAAAGGAAAAGAAAAA"
"chr1","12531948","12532226","KN294457v1","162120","162419","46","12369828","GGCTGGGCCTGGTGGCTCACACCTGTAGTCTCAGCACTTTGGGAGGCCAAGGCGGGCAGATGGCCTGAGGTCAGGAGTTTGGCCAACATGGTGAAACTCCATCTCTATTAAAAATGCAAAGATTATCCGGGCAGTGGCGGGTGCCTGTGGTCTCAGCTACTTCGGAGGCTGAGACAGGAGAATCGCTTGGACCTGGGAGGTGGAGGTTGCAGTGAGCCGAGACCACTCCTTTACACTCCAGCCTGGGCAACAAGAGCAAGACTCTCTCAAAAAAAAAAA","GGCTGGGCCCGATGGCTCACACCTGTAATCCCAGCACTTTGGGAGGCAAAGGTGGGCAGTTTGCCTGAGGTCAGGAGTTCGAGACCAGCCTGGCCAACATGGTGAAGCCCCCATCTCCACTAAAAATACAAAAATTATCCAGACGTGGTGGCGGGTGCCTGTAGTCTCAGCTACTTGGGAGGCTGAGACAGGAGAATCACTTAAACCTGGGAGGTGGAGGTTGCAGTGAGCCGAGACCACTCCATTACACTCCAGCCTGGGCAACAAGAGTAAAACTCTGTCTCAAAAAAAAAAAAAAAA"
"chr1","12569741","12570045","KN296849v1","526207","526505","25","12043534","GCCGGGCACAGTGGTTCACACCTGCAATCCCAGCACCTTGGGAGGCTGAGGCAGGTGGATCGCCTGAGGTCAGGAGTTTGAGACCAGCCTGGCTAACATGGTGAAACCTCGTCTCTACTAAAAATAAAAAAATTAGCTGGGTGTGGTGGCAGGCGCCTGTAATCCCAGCTACTCGGGAGGCTGAGGCAGGAGAATTGCTTGAACCTGGGAGGTGGAGGTTGCAGTGAGCCAAGATCACGCCATTGCACTCCAGCCTAGGCGACAAGAGTGAGACTTTGTCTCAAGAAATAAATAAATAAATAAAT","GCCAGGCGCAGTGGCTCACGCCTGTAATCCCAGCACCTTGGGAGGCTGAGGCGAGTGGATCACCTGAGATCAGGAGTTTGAGACCAGCCTGGCTAACATGGTGAAACCCCGTCTCTACTAAAAATAAAAAAATTAGCTGGGTGTGGTGGCGGGCGCCTATAATTCCAGCTACTCGGGAGGCTGAGGCAGGAGAAGCACTTGAACCTGGGAGGCGGAGGTTGCAGTGAGCCGAGTCGCGCCATTGCACTCCAGCCTAGGCGACAAGAGTGAGACTTTGTCTCAAAAAATAAATAAATAAA"
"chr1","12572287","12572585","KN297046v1","2791168","2791468","40","9781119","GGCTAAGTGCAGTGGCTCACGCCTGTAATGCCAGCAATTTGGGAGGCCGAGGTGGGTGGATCAGCTGAGGTCAACAGTTTGAGACAAGCTGGCCAACATGGCAAAACCCCATCTCTACTAAAACTGTAAAAATTAGCCTGGCATGGTGGTGGGTGCCTGTAATCCCAGCTACTTGGGAGGCTGAGGCAGGAGAATCACTTGAACCTAGGCGGCAGAGGTTGCAGTCGGCTGAAATCACACCACTGCACTCCAGCCTGGGGGACAAGAGTGAAACTCCATCTCAAAAAGAAAAAAAAAAA","GGCTGGGCACAGTGGCTCACGCCTGTAATCCCAGCACTTTGGGAGACCGAGGTGGGTGGATCACCTGAGGTCAGGAGTTCGGGACCAGCCTGGCCAACATGGTGAAACCCCAGCTCTACTAAAAATACAAAAAATTAGCCAGGCATGGTGGTGGGTGCCTGTAATCCCAGCTACTCGGGAGGCTGAGGCAGGAGAATCACTTGAACCTGGGAGGCAGAGGTTGCAGTGAGCTGAGATCGCACCATTGCACTCCAGTCTGTGCAACAAGAGCAAAAGTCCGTCTCAAAAAAAAAAAAAGAAA"
"chr1","12583952","12584252","KN296849v1","511227","511527","30","12072725","GGTTGGGCACCGTTGCTCACACCTGTAATCCCCGCACTTTGGGAGGTTGAGATGGGCAGATCACCTCAGGTCAGGAGTTTGAGACCAGCCTGGTCAGCATGGCGAAACCCCGTCTCTACTAAAATTACAAAAATTAGCCAGGCATGGTGGTGCATACCTGTAGTCCCAGCTACTCAGGAGGCTGAGGCAGGAGAGTCGCTTGAACCCAGGAGGCGGAGGCTGCAGCAAGCTGAGATTGCACCATTGCACTCCACCCTGGGTGACAAGAGTGAAACTCCATCTTGAAAGAAAAAAAAAAAAA","GGCTGGGCACGGTTGCTCACGCCTGTAATCCCAGCACTTTGGGAGGCTGAGATGGGCGGATCACCTGAGTTCAGGAGTTTGAGACCAGCCTGGTCAACACGGTAAAACCCCGTCTCTACTATAATTACAAAAGTTAGCCAGGCATGGTAGCGCACACCTGTAGTCCCAGCTACTTGGGAGGCTGAGGCAGGAGAGTTGCTTGAACCCAGGAGGCAGAGGTTGCAGCGAGCCGAGATCGCACCATTGCACTCCACCCTGAGTGACAAGAGTGAAACTCCGTCTCAAACGAAAAAAAAAAAAA"
"chr1","12664685","12664928","KN294446v1","130329","130579","40","12534356","TGAGGTCAGGAGTTCGAGACCAGCCCGGCCAACATGGTGAAACCTCGTCTCTACTAAAAATACAAAAATTAGCTGGATGTGGTGGTGCATGCCTGCAATTTCAACTACGTGGGAGGCTGAGGCAGGAGAATTGCTTGAACCCGGGAAGTGGAGGTTGCAGTGAGCCGAGATCGCGTCATGGCACTCCAGCCTGGGCAACAGGAGTGAAATTCTGTCTCAAAATAAATAAATAAATAAAATAAAA","TCACCTGAGATCCGGAGTTCAAGACTAGCCTGGCCAACATGGTGAAACCTCATCTCTACCAAAAATACTAAATTAGCTGGGCATTATGGTGGTGCATGCCTGTAATCTCAGCTATTTGGGAGGCTAAGGCAGGAGAACTGCTTGAACCTAGGAAGTGGAGGTTGCAGTGAGCCAAGATCATGCCTTTGCACTCCAGTCTGGGCAACAAGAGTGAAACTCCATCTCAAAATAAATAAATAAATAAATAAAAA"
"chr1","12691196","12691492","KN296865v1","1674895","1675192","41","11016301","TGGCTCACGCCTGTAATCCCAGCACTTTGGGAGGCCGAGGCGGGCGGATCACCAGAGGTCAGGAGTTTGAGACCAGCCTGGCCAACATGGAGACACCCCGTCTCTACTAAAGATACAAAAATTAGCCCGTCATGGTGGCAAGCGCCTGTAATCCCAGCTACTCGGGAGGCTGAGGCAGGAGAATCGCTTGAACCCGGAAGGTGGAGGTTGTAATCAGCTGAGATTGTGCCACTGCACTCCAGCCTGGGGGACAAGAGTGAGACTTTGTCTCAAAAAACAAAATCAAAATAAAAATAA","GGCTCATGCCTCTAATCCCAGCACTTTGGGAGGCCAAGGTGTGTGGATCACCTGAGGTCAGGAGTTTGAGACCAGCCTGGCCAACATGGTGTAAACCCCGTCTCTACTAAAAATACAAAAATTAGCTAGGTGTGGTGGTGGGCACCTGTAATCCCAGCTACTCGGGAGGCTGAGGCAGGAGAATCGCTTGAAACCCGGGAGGTGGAGGTTGCAGTGAGCCAAGATCGTGCCATTGCACTCCAGCCTGGGCAGCAAGAGCGAAACTCCGTCTCAAAAAATAAAAATAAAATAAAAAAAA"
"chr1","12715680","12715956","KN296849v1","385079","385349","25","12330601","GACTGGGCGTGGTGGCTCATGCCTGTAATCCCAGCACTTTGGGAGGCCAAGGTGGGTGGATCACCTCAGGAGTTCGAGAACAGCCTAGCCAACATGGCAAAACCCTGTCTTTACTAAAAATACAATAATTAGCTGGGCGTGGTGGCGGGCACCTGTAATCCCAGCTACTCGGGAGACTGAGGCAGGAGAATTGCTTGACCTGGGAGGCGGAGGTTTCGGTGGGCCGAGATCGTGCCGTTGCACTCCAGCCTGGGCAACAAGAGTAAAACTCTGTCTC","GGCCGGGCGTTGTAGCTCACGCCTGTAATCCCAGTACTTTGGGAGGCCAAGGTGGGTGGATCACCTCAGGAGTTCGAGAACAGCCTGGCCAACATGGCAAAACCCCATCTCTACTAAAAATACAAAAAGCCGGGCATGGTGGCGGGCACCTGTAATTCCAGCTACTCGGGAGACTGAGGCAGGAGAATTGCTTGACATGGGAGGCGGAGGTTGCAGTGAGCAGAGATCGTGCCATTGCACTCCAGCCTGGGCAACAAGAGTAAAACTCTGT"
"chr1","12832277","12832582","KN294251v1","2407664","2407968","34","10424613","GGCCAGACATAATGGCTCACACCTGTAATCCCAGCATTTTGGGAGGCGGAGGCGGGTGGATCACCTGAGATCAGGAGTTCGAGACCAGCCTGGCCAACATAGTGAAACCCTCTCTCTACTAAAAGTACAAAAATTAACCAGGCATGGTGGCACATGCCTGTAATCCCAGCTACTCAGGAGGCTGAGGCAGGAGAATCGCTTGAACCCAGCAGGCAGAGGTTGCAGTGAGCTGAGATCACGCCATTGCACTCCAGCCTGGGCAACAACAGCAAAACTCCCATCTCAAAAAAAAAAATTAAAAAAAAA","GGCCAGGTCTGGTGGTTCACACCTGTAATCCCAGCACTTTGGGAGGCTGACGCGGGTGGATGACCTGAGGTCAGGAGTTCGATACCAGCCTGGCCAACATAGTGAAATCCCATCTCTACTAAAAGTACAAAAAATTAGCCAGGCATGGTGGTGGATGCCTATAATCCCAGCTACTCAGGAGGCTGAGACAGGAGAATCGCTTGAACCCAGGAGGCAGAAATTGCAGTGAGCCGAGATCGTGCCATTGCACTCCAGCCTGGGCAACAAAAGCAAAACTCCATCTCAAAAAATAAAATGAAATAAAA"
"chr1","12840683","12840989","KN296849v1","255185","255487","29","12585498","GGCTGGGCGCAGTGGCTCACACCTGTAATCCTAGCACTTTGGGAAGCCTAGGTGGGCAGATCACCGGAGGTCAGGAGTTCGAGACCAGCCTGGCCAACATGGCGCAACCCCATCTCTACTAAAAATACAAAAATTAGCTGGGCATGGTGGCAAGCACCTGTAATCCCAGCTACTCGGGAGGCTGAGGCAGAAGAATCGCTTGAACCTGGGAGGCGGAGATTGAAGTGAGCCGAGATTGTACCATTGCACTCCAGCCTGGGTGACAAGAGCAAAACTCCATATAAAAAAAAAAGAAAAAGAAAAAGAA","GGGTGCTGTGCTCATGCCTGTAATCCCAGCACTTTGGGAGGCCTAGGTGGGCAGATCACCTGAGGTCAGGAGTTCGAGACCAGCCTGGCCAACATCGTGCAACCCCCGTCTCTACTAAAAATACAAAAATTAGCTGGCCATGGTGGCAAGCACCTGTAATCTCAGCTACTCGGGAGGCTGAGGCAGGAGAATTGCTTGAACCTGGGAGGCAGAGGTTGAAGTGAGCCAAGATTGCACCATTGCACTCTAGCCTGGGTGACAAGGGGAAAACTCCGTATAAAAAAAAAAAAAAAAGAAAAAGAA"
"chr1","12864565","12864854","KN296849v1","234123","234413","26","12630442","GCCAGGCACAGTGGCTGATACCTGTAATCCCAGCACTTTGGGAGGCCAAGGCTGGTGGGTCACTTGAGGCCAGGAGTTCAAGGCCAGCCTGGCCAACATGGTGAAACCCAATCTCTACTGAAAATACAAAAATTAGCCGGGTGTGGTGGTGGGCTCCTGTATTCCCGGCTACTCGAGAGGCTGAGGCAGAAGAATCTCTTGAACCCTAGAGGCAGAGGTTGCAGTAAGCCGAGATCATGCCATTGCACTCCAGCCTGGGCAACAAGAGTAAAACTCCAGCTAAAAAAAAA","GCCAGGCACAGTGGCTGATGCCTGTAATCCCAGCACTTTGGGAGGCCAAGGCTGGTGGATCACTAGAGGTCAGGAATTCAAGGCCAGCCTGGCCAACATGGTGAAACCCCGTCTCTACTAAAAATACAAAAATTAGCCAGGTGTGGTGGTGGACTCCTGAATTTCCAGCTACTTGGGAGGCTGAGGGGGAAGAATCTCTTGAACCCGAGAGGAAGAGGTTGCAATAAGCTAAGATCATGCCATTGCACTCCAGCCTGGGCAATGAGAGTGAAACTCCAGCTCAAAAAAAAA"
"chr1","12886932","12887225","KN296849v1","207718","208011","22","12679214","GACCAGGCGCAGTGGCTCGCACCTGTAATTCCAGCACTTTGGGAGGCCGAGGCAGGTGGATCACCTGAGGTCAGGAGTTCGAGAACAGCCTGGCCAACATGGTGAAACCCTGTATCTACTCATAATACAAAAATTAGCCAGAGGGTGGTGGTGCACGCCTCCTCAGCTACTTGGGAGGCTGAGGCAGGAGAATCACTTGAACCAGGAGGTAAAGGTTGCAGTGAGCCAAGATCGTGCCATTGTACTCCAGCCTGGGTGACAAGAGCGAAATTCTGTCTCAAAAAAAAAAAAAAA","GGCCAGGTGCGGTGGCTCACACCTGTAATTCCAGCACTTTGGGAGGCCGAGGTAGGTGGATCACCTGAGGTCAGGAGTTTGAGAACAGCCTGGCCAACATGGTGAAACCCCGTCTCTAAGTCATAATACAAAAATTAGCCAGGGGGTGGTGGTGCACACCTCCTCAGCTACTCAGGAGGCTGAGGCAGGAGAATTGCTGGAACCGGGAGGTAGAGGTTGCAGTGAGCCAAGATCGTGCCATTGCACTCCAGCCTGGGTGACAAGAGCAAAATTCTGTCTCAAAAAAAAAAAAAA"
"chr1","12942161","12942394","KN294949v1","1102235","1102466","47","11839926","CTGAAGTCAGGAGTTTGAGACCAGCATGGCCAACATGGTGAAACCCTGTGTCTACTGAAAATACAAAAATTAGCTGGGCATGATGGCGAGTGTCTGTAACCCCTGCTAGTCAGGAGGCTGAGGCAGGAAAATCGCTTGAACCCAGGAGGCGGGGGTTGCAGTGAATGGAGATTAATCCAAGACACTCCAGCCTGGGTGACAAAAGAGAAACTCCATCAAAAATAAATAAATAAA","TGAGGTCAGGAGTTTGAGACCAGCCTGGCCAACATGGTGAAAACCCATCTCTACTGAAAATACAAAAATTAACTGGGCGTGGTGGCACACACCTGTAATCCCAGCTGCCCGGGAGGCTGAGGCAGGAGAATCGCTTGAACCCAGGAGATAGAGGTTGCAGTGAGCCAAGATCGCGCCATTGCACTCCAGCCTAGGTGACAAGAGCAAAACTCCGTCTCAAAAAACAAATAAA"
"chr1","12970095","12970390","KN294229v1","72819","73113","41","12897276","GGCTGGGCACGATGGCTCATGCCTATAATCCCAGCACGTTGGGAGGCTGAGGCAGTGGATCACCTGAGGTCAAGAGTTTGAGAATAGCCTGGTGAACATGGTGAAACCCTGTCTCCACTTAAAATACAAAAATTAGCCAGGTGTGGTGGCCCACGCCTGTAATCCCAGGCACTCAGGAGGATGAGGCTGGAGAATCGCTTGAACCAGGGAGGCAGAGGTTGCAGTGAGCCAAGATAGTGCCACTGCACTCCAGCCTGGGTGATAAAAATGAAACTCTGTCTCAAAAAAAAAAAAAA","GCTGGGTGCAGTGGCTCATGCCTGTAATCTCAGCACTTTGGGAGGCTGAGGCAGGCGGATCACTTGAGGTCAGGAGTTTGAGACCAGCCTGGCCAACATGGTGAAACCCCATCTCTACTAAAACTACAAAAATTAGCCAGGTGTGGTGGCGGGCGCCTGTAATCCCAGCTACTCAGGAGGCTGAGGCAGGAGAATTGCTTGAACTCAGGAGGCAGACGTTGCAGTGAGCCCAGATCATGCCACTGCACTCCAACCTGGGTGACAAGAAGGAGACTCTGTCTCAAAAAAAAAAAAA"
"chr1","12994497","12994735","KN294911v1","1958010","1958259","39","11036487","GGCTGGGCACGGTGGCTCACACCTGTAATCCCAGCACTTTGGGAGGCCGAGGCGGGCGGATCACGAAGTCAGGAGTTTGAGACAAGCCTGGCCAACATGGTGAAACCCCATCTCTACTAAAAATACAAAAATTAGCCAGGTGTGATGGTGGTTGCCTATAATCCCAGTACTCGGGAGGCTGAGGTAGGGGAATCACTTGAACCTGGGAGGTGGAGGTTGCAGTGAGCCGAGATTGTGCC","GGCCAGGCACAGTGGCTCACGCCTGTCATCCCAGCACTTTGGGAGGCCGTGGCGGGCGGATCACGAGGTCAGGAGTTTGAGACCAGCCTGGCCAACATGGTGAAACCCCGTCTCTACTAAAAATACAAAATTAGCCACGCATGGTGGCAGGTGCCTGTAATCCCAGCTACTCAGGAGGCTGAGGCAGGAGAATCACTTGAACCCAGGAGGCGGAGGTTGCAGTGAGCCAAGATCACACCATTGCACTCCA"
"chr1","12995205","12995267","KN294790v1","162397","162450","14","12832808","GTGCCATTGCCCTGCAGCCAAGGCAAGAGTGACGCTCAGTCTCAAAAAAAAAAAAAAAAAAAA","TCCAGCCTGGACAACAAGAGTGAAACCCCGTCTCAAAAAAAAAAAAAAAAAAAA"
"chr1","13053878","13054165","KN295205v1","1220626","1220914","44","11833252","GCTGGGCGTGCTGGCTCACTCCTGTAATCCCAGCACTTTGGGAGTCTGAGGTGGGCAGATCTCCTGAGGTCAGGAGTTTGAGGCCAGCATGGCCAACATGGCAAAACCCTGTGTCTACTAAAAATACAAAAATTAGCTGGGCATGGTGGTGAGTGCCTGTAATCCAAGCTACTCAGGAGGCTGAAGCAGGAGAATCACATGCAACTAGGAGGCAGAAATTTCAGTGAGCCAAACCACACCATGGCACTGCAGCCTGGGCAACAATAGGGAAACTCCATCTCAAAAAAA","GCTGGGTGTGGTGGCTCATGCCTGTAATCCCAGCACTTTGGGAGGCTGAGGTAGGCAGATCACCTGAGGTCAGGAGTTCAAGACAAGTCTGGCCAACATGGTGAAACCCCATCTCTACTAAAAGTACAAAAATTAGCTGGGCATGGTGGTATGCGCCTGTAATCCCAGCTACTCAGGTGGCTGAAGCAGGAGAATTGCTTGAACCTGGGAGGCAGAGGTTGCAGTGGGCCAAGATCACGCCATTGCACTCCAGCCTGGGTGACAAGAGTGAGACTCCATCTCAAAAAAA"
"chr1","13178811","13179111","KN294271v1","964315","964607","53","12214496","GCCTGACACAGTGGCTCACACCTGTAATCCCAGCACTTTGGTAGGCCTACTTGCATGAATCACCCAAAGTCAGGAGTTTGAGACCAGCCTGGCCAACATAGTGAGGAAACCCTGTCTCTACTAAACATACACAAATTAGCTGGGCATGGTGGTGCATGCTTGTAATCCCAGCTACTTGGGAGGCTGAGGCAGGAGAATCATTGAAACCCCAGGTGGAGGTTGCAGTCAGCTGAGATGGCACCATTGCACTCTAAACTCCAGCCTGGGCAACAAGAGTGAAACTCTGTCTCAAATAAAAGAA","GGCCAGACGCGGTGGCTCACGCCTGTAATCCCAGCACTTTGGGAGGCCAGGGTGGGTGGATCACCTCAGGTCAGGAGTTCGTGACCAGCCTGGCCAACATGGTGAAACCCTGTCTCTACTAAAAATACAAAATTAGCTGGGCTTGGTGGTGCACACCTGTAATCCCAGCTACTTGAGAGGCTGACATGAGAAAATCACTTGAACCTGGGAGGTGGAGGTTGCAGTGAGCCGAGATGGCACCATTGCACTCCAGCCTGGGCAACAAGAGTGAAACTCTGTCACAAACAAACAAA"
"chr1","13489635","13489925","KN294229v1","72819","73113","42","13416816","GGTCGGGTGTGGTGGCTCACGCCTATAATCCTGACACTTTGGGAGGCTGAAGTGGGTGGATCACCTGAGGTCAGGAATTTGAGACCAGCCTGGCCAACATGGTGAAACCCCATCTCTACTAAAAATACTTAGCCAGGAGTGGTGGCCCGTGCCTGTAATCCCAGCTACTCAGGAGGCAGAGGCAGGAGAATTGCTTGAACCCAGGAGGCAGAGGTTGCAGCGAGCCAAGATCACACCACTGCACTCCAGCCTGGGTGATAAAAGTGAAATTTCATCTCAAAAAAAGAAAAA","GCTGGGTGCAGTGGCTCATGCCTGTAATCTCAGCACTTTGGGAGGCTGAGGCAGGCGGATCACTTGAGGTCAGGAGTTTGAGACCAGCCTGGCCAACATGGTGAAACCCCATCTCTACTAAAACTACAAAAATTAGCCAGGTGTGGTGGCGGGCGCCTGTAATCCCAGCTACTCAGGAGGCTGAGGCAGGAGAATTGCTTGAACTCAGGAGGCAGACGTTGCAGTGAGCCCAGATCATGCCACTGCACTCCAACCTGGGTGACAAGAAGGAGACTCTGTCTCAAAAAAAAAAAAA"
"chr1","13496029","13496353","KN295605v1","712558","712868","48","12783471","GGCTGGGTGTGCTGGCTCATGCCTGAAATCCCAGCACTTTAGGAGGCCGAGACAGGTGGATCACTTGAGATCAGGAGTTTGAGATCAGCCTGGCTAACATGGTGAAACCCGGTCTCTACTAAAAATACAAAAAATTAGCCGGGCATTGTGGTGGGCGCCTGTAGTCCCAGTGACTCTGGAGGCTGAGGCAGGAGAATTGCTTGAACCTGGTAGGCAGAGGTTGCAGTGAGCAGAGATCGCACCATTGCCTCCAGCCTGGGCAACAAGAGTGAAACTCCATCTCAAAAAAAAAATAAAATAAATAAAAATATAAATAAATAAATAA","GGCTGGGCGCGGTGGCTCAAGCCTGTAATCCCAGCACTTTGGGAGGCCTAGGCAGGTGGATCACCTGAGGTCGGGAGTTTGAGACCAGCCTGGCCAACATGGTGAAACCCCATCTCTACTAAAAATACAAAAATTAGCCGGGCATCATGGTGGGCACCTGTAATCCCAGCTACTTGGAAGGCTGAGGCAGGATAATTACTTGAACCTGGGAGGCGGAGGCTGCAGTGAGCCAAGATTGCGCCATTGCACTCCAGCCTGGGCAACAAGAGTGAAACTCCATCTCAAAAATAAAATAAATAAAATAAAATAAA"
"chr1","13523717","13524022","KN296726v1","490030","490331","37","13033687","GGCCGGGCTTGGTGGCTCACACCTGTACTTCCAGCACTTTGGGAGGCTGTGGGAGGTGGAACATCTGAGGTCAGGAGTTTGAGACCAGCCTGGCTAACATGGTGAAACCCCATTTCTACTAAAAATACAAAAAATTAGTCGGGCATGGTGGCATGCACCTGTAAACCCAGCTACTTGGGAGGCTGAGGCAGGAGAATCGCTTGAACCTTGGGGGAGGAGGTTGCATTAAGCTGAGATTGCGCCATTGCACTGTAGCTTGGGCAACAAGAGCGAAACTCCATCTCAAAAACAAAACAAAACAAAAAA","GGCCGGGCGTGGTGGCTCACACCTGTAATCCCAGCACTTTAGGAGGCCAAGGCAGGTGGACCACCTGAGGTCAGGAGTTCGAGACCAGCCTGGCTAACATGGTGAAACCCCATTTCTACTAAAAATACAAAAAATTAGCCGGGCGTGGTGGCGTGCGCCTGTAATCCCAGCTACTCGGGAGGCTGAGGCAGGAGAATTGCTTGAACCTGGGAGGTGGAGGTTGCAGTAAGCCGAGACGGCGCCATCACACTCCAGCTTGGGCAACAAGGGCGAAACTCCGTCTCAAAAAGAAAAAAAAAGAA"
"chr1","13551007","13551306","KN295350v1","405055","405352","35","13145952","CCGGGAGTGGTGGCTCATGCCTGTAATCCCAGCACTTTGGGAGGCCGAGGCGGGTGGATTACCTGAGGTCAGGAGCTCGAGACCAACCTGGCCAATATGGCGAAACCCCACCTGTACTAAAAATACAAAAATTAGCTGGGCATGGTGGCGCATGCCTGTAATCCCAGCTACTTGGGAGGCTGAGGCAAGAGAATTGCTTGAACCCAGGAGGTAGAGGCTGCAGTGAGCCGAGATCACGCCATTGCACTCCAGCCTGGGTAATAAGAGCGAAACTCTGTCTAAAAAAAAAACAGAAACAAA","GGCCGGGCGTGGTGGCTCATGCCTATAATCCCAGCTCTTTGGGAGGCCGAGGCGGGTGGATCACCTGAAGTCAGGAGTTTGAGACCAGCCTGGCTAACATGGGGAAACCCCATCTCTACTAAAAATACAAAAATTAGCTGGGCGTGGTGGTGAATGCCTGTAATCCCAGCTACTCGGGAGGCTGAGGCAGGAGAATTGCTTGAATCCAGGAGGCGGAGGTTGCAGTGAGCCGAGATCTCACCATTGCCCTCCAGCCTGGGTGACAAGAGCAAAACTCTGTCTCAAAAAAAAAAAAAAA"
"chr1","13606244","13606551","KN295117v1","285369","285672","40","13320875","GGCCAGACGAGGTGGCTCACACCTGTAATCCCAGCATTTTGGGAGGCCGAGGTGGGCAGATCACCTGAGGTCAGGAGTTTGAGACCAGCCTGGCCATTATGGTGAAACCCTGCCTCTACTAAAAATACAAAAATTAGCCGGGCAAGAAGGTGCATGCCTGTAATCCCAGCTACTCAGGGGGCTGAGGCAGGAGAATCACTTGAACCTGGGAGGCAGAGGTGGCAGTGAGCCAAGATCGCATCATTGCACTCCAACCTGGACGACAGGAGCCAAACTCTGTCTCAAAAAAGAAAAGAAGAAAAAAAGAA","GGCCAGACGTGGTGGCTCACGCCTGTAATCCCAGCACTTTGGGAGGCCGAGGCGGGCGGATCACCTGAGGTCAGGAGTTCGAGACCAGCCTGGCCAACAAGGTGAAACCCCATCTCTACTAAAAGTACAAAATTAGCCAGGCATGGTGGTGCATGCCTGTAATCCCAGCTACTCAGGAGGCTGAGGCAGGAGCATCACTTGAACCTGGGTGTCAGAGGTTGCAGTGAGCCGAGATCGTGCCATTGTATGCCAGCATGGGTGACAAGAGCGAAACTCTGTCTCAAAAAAAAAAAAAAAAAAAAAA"
"chr1","13612975","13613274","KN296732v1","2013890","2014190","33","11599085","GGCTGGGCACAGTGGCTCAGGCCTGCAATGCCAGCATTTTGGGAGGCCAAGGTGGGTGGATCACCTGAGGTCAGGAGTTCGAGACCAGCCTGGCCAACATGGTGAAACCCCTGTCTCTATTTAAAATACAAAAATTAGCCGGGCGTGGTGGTGGGTACCTGTAATCCCAGCTACTCAGGAGGCTGAGGCAAGAGAATCGCTCAAACCCGGGAAGCGGAGGTTGCAGTGAGCCGAGATCATGCCACTGCACTCCAGCCTGGGCGACAAGAGCAAGACTTCATCTCAAAAAAAAACAAAAAA","GGCTGGGCACGGTGGCTCACGCCTGTAATCCCGGCATTTTGGGAGGCCGAGGTGGGCGGATCACCTGAGGTCAGGAGTTCGAGACCAGCCTGGCCAACATGGTGAAACCCCATCTCTACTAAAAATACAAAAATTAGCCAGGCATGGTGGCGGATGCCTGTAATCCCAGCTACTCAGGAGGCTGAGGCAGGAGAATCGCTCGAACCCGGGAGGCAGAGGTTGTGGTGAGCCGAGATCACACCATTGCACTCCAGCCTGGGCAACAAGAGTGAAACTCCATCTCAGAAAAAAAAAAAAAAAA"
"chr1","13618577","13618878","KN295601v1","1239412","1239710","41","12379165","GGCCAGGCATCATGGCTCACACCTGTAATCCCGGCATTTTGGAAGGCCGAGGTGGGCGGATCCCCTGAGGTCAGGAGTTCAAGACCAGCCTGACCAACATGGTGAAACCCTGTCTCTACTAAAAATACAAAAATTAGTCGGGTGTGGTGGCTTACGCCTGTAATTTCTGCTACTTGGGAGGCTGAGGCAGGAGAATCGCTTGAACCCAGGAGGCGAAGGTTGCAGTGAGCTGAGATCATGCCATTGCACTCTATCTAGCCTGGGCGACAAGAGTGAAACTCCGTCTCAACAACAACATAAAA","GGCCGGGTGTGGTGGCTCACACCTGTAATCCCAGCACTTTGGGAGGCCAAGGCGGGTGGATCGCCTGAGGTCAGGAGTTTGAGATCAGCCTGGCCAACATGGTGAAACCCTGTCTCTACTAAAAATACAAAAAGTAGCCAGGGGTGGTGGCATGCACCTGTAATCCCAGCTACTTGGGAGGCTGAGGCAGGAGAATCGCTTGAACCCTGGAGGCGGAGGTTTCAGTGAGCTGAGAACATGCCATTGCACTCCAGCCTGGGCGACAAGACTGAAACTCCATCTCAAAAAGAAAAGAGAAA"
"chr1","13676852","13677142","KN294879v1","351077","351369","40","13325775","GGCCCAACGCGGTGGCTCACGTCTATAATCCCAGCACTTTGGGAGGCCAAGGCAGGTGGATGACCTGAGGTCGGGAGTTCAAGACCAGCCTGGCCAACGTGGTGAAACACCTTCTCTACTAAAAGTACAAAAATTAGCTGGCCATGGTGGCGCAGGCCTGTAGTCCCAGCTACTCGGGAGGCTGAGGCAGGAGAATCGCTTGAACCGAGGTAGAGGCTGTAGTGAGCTGAGATTGTGCCATTGCACTCCAGCCTGGGTGACAAGAGTGAATCTCCATCTCAAAAAAAAAAA","GGCCGGGTGCAGTGGCTCACGCCTGTAATCCCAGCACTTTGGGAGGCTGAGGCAGGTGGATTGCCTAAGGTCAGGAGTTCAAGACCAGCCTGGCCAACATGATGAAACCCCGTCTCTACCAAAAATAAAAAATTAGCGGGGCATGGTGGCAGACACCTGTAATCCTAGCTACTCGGGAGGCTGAGGCAGGAGAATCGCTTGAACCCAGGAGGTGGAGGTTGCAGTGAGCTAAGATCGTGCCATTGCACTCCAGCCTGGGTGACAAGAGCGAGACTTCATCTCAAAAAAAAAAA"
"chr1","13714122","13714414","KN295995v1","1426233","1426527","39","12287889","GGCTGAATGTGGTGGCTCACGCCTGTAATTCCAGTGCTTTGAGAGGCCAAGGCAGGTGGATGACCTGAGGTCAGGAGTTTGAGACCAGCCTGGCCAACATGGTGAAACTCTATCTCTACTAAAAATACAAAAATTAGCCGGGCGTGGTGGTGGGCGGCTGTAATCCCAGCTACTTGGGAGGCTGAGGCAGGAGGATCTCTTGAACCTGGGAGATGGAAGTTGCAGTGAGCTGAGACCACACCATTGCACTTCAGCCTGGGCAACAAGAGCAAAATTCCTTCTCAAAAAAAAAA","GGCTGGGCACAGTGGCTTATGCCTGTAATCCCAGCACTTTGGGAGGCCAAGGCAGGTGGATCACCTGAGGTCAGGAGTTTGAGACCAGCCTGGCCAACATGGTGAAACCCCATCTCTACTAGAAACACAAAAATTAGCCAGGCATGGTGGTGCATGCCTGTAATCCCAGCTACTTGGGAGGCTGAGGCAGGAGAATCGCTTGAACCTGGGAGGCAGAAGTTGCAGTGAGCTAAGATGGCACCATTGCACTCCAGCCTGGGTAACAAGAGTGAAATTCCATCTCAAAAAAAAAAAA"
"chr1","13726538","13726834","KN297078v1","312102","312402","34","13414436","CCGGGCATGGTGGCTCACGCCTGTAATCCCAGCACTTTGGGAGGCCAAGGCAGGCAAATCACCTGAGGTCAGGGGTTCAAGACCAGCCTGGCCAACATGATGAAACCCCGTCTCTACTAAAATTACAAAAATTAGTTGGGCGTGGTGGCAGGCACCGGTAATCCCAGGAACTCGGAGGCTGAGGCAGGAGAATGGCTTGAACCCGGGAGGCAGAGGTTGCAGGGAGCCGAGGCCATGTCATTGCACTCCAGCCTGGGCAACAAGAGTGAAACTCCCTCTCAAAAAAAAAAAAAAAAA","GGCTGGGCACGGTGGCTCACGCCTGTAATCCCAGCACTTTGGGAGGCCAAGGCAGGCAGATCACCTGAGATCAAGAGTTCAAGACCAGCCTGGCCAGCATAGTGAAACCCCATCTCTACTAAAAATACAAAAAATTAGCTGGGCATAGTGGCAGACGCCTGTAATCCCAGCTACTCAGGAGGCTGAGGCAGGAGAATTGCTTGAACCCAGGAGGCAGAGGTTGCAGTGAGCCGAGGTCACACCATTGCATTCCAGCCTGGGCAGCAAGAGTGAAACCCCATCTCAAAAAAAAAAAAAAAAA"
"chr1","13758031","13758277","KN296614v1","20173","20414","41","13737858","GGCCGGGCACGGTGGTTCACACCTGTAATTCCAGCACTTTGGGAGGTTGAGGCGGGTGAATCACCTGTCATCAAGAGTTTGAGACCAGCCTGGTCAACATGGTGAAACCCCGTCTCTACTAAAAGTACAAAAATTAGCCGGGCATGGTGGGGGGTGCCTGTAATCCCAGCGAGCTGAGATCGTGCCATTGCACACCAGCTGGGGCAACAACAGCAAAACTCCATCTCAAAATAAATAAATAAATAAA","GGCCGGGCACGGTGTCTCACACCTATAATCCCAGCACTTTGGGAGGCCAAGGCAGGTGGATCACCTGAGGTCAGGAGTTTGAGACCAGCCTGGCCAACATGGTGAAACCCCATTTCTACTAAAAATACAAAAAATTAGCTGGGCATGGTGGCGGACGCCTGTAATCCCTGCTACTCCAGAGTGCCATTGCACTCCAGCCTGGGCAACAAGAGTGAAACTCCATCTCAAAAAAGAAAAAAAGA"
"chr1","13842194","13842495","KN297158v1","153873","154164","37","13688321","GGCCAGGAGCAGTGGGTCACACCTGTAATCCCAGCACTTTGGGAGGCCGAGGCAGGTGGATCACCTGAGGTTAGGAGTTCGAGACCAGCCTGGCCAACATGGTGGGTGAAACCCCATCTCTACTAAAAATAAAAAAATTAGCCAGCCATGGTGGAGGGCACCTGTAATCCCAGCTACTTGGGAGGCTGAGGCAGGAGAATCACTTGAACCCGGGAGGTGGAGACTGCAGTGAGCCGAGATCGTGCCACTGCATTCCAGCCTGAATGACAAGGGCAAAACTCCATCTTAAAAAAAAAAAAGAA","GCCGGGTGCAGTGGCTCATACCTGTAACCCCAGCACTTTGGGAGGCCGAGGCGGGTGGATCACCTGAGGTCAGGAGTTCGAGACCAGCCTGGCCAACATGGTGAAACCCCATCTCTACTAAAAAAAAAAAAATTAGCCAGGCATGGTGGCACGCACCTGTAATCCCAGCTACTCAGGAGGCTGAGGCAGGAGAATCACTTGAACCCTGGAGGTGGAGGTTGCAGTGAGCCGAGATCGTGCCATTGCACTCCAGCCTGGACAAGAGTGAAAAGTCCATCAAAGAAAGACAGAA"
"chr1","13873021","13873327","KN296934v1","897698","898003","34","12975323","GGCCGGGCGTGGTGGCTCACGCCTGTAATCCTAGCACTTTGGGAGGCCAAGGCAGGTGGATCACCTGAGGTCAGGAGTTCGAGACCAGCCTGGCCAACATGGTGAAACTCCTTCTTTACTAAAAATACCAAAAATTAGCTGGGCATAGTGACGGGCGTCTGTAATCCCAGCTACTCAGGAGACTGAGACAGGAGAATCGCTTGAACCCAGGAGGCGGAGGCTGCCATGAGCCGAGATCGCGCCATTGCACTCCAACCTGGGCAACAAGAGCGAAACTCCATTTCAAAAAAAAAAAAAAAAAAAAAAA","GCCGGGTGTGGTGGCTCACACCTGTAATCCCAGCACTTTGGGAGGCCAAGGCAGGCAGATCACCTGAGGTTAGGAGTTCGAGACCGGCCTGGCCAACATGGTGAAACCCTGTCTCTACTAAAAATACAAAAATTAGCCAGGTGTGGTGGCGGGCACCTGTAATCCCAGCTACTCAGGAGGCTGAGGCAGGAGAATCGCTTGAACCCAGGAGGTAGAGGTTGCAGTGAGCCAAGATCGTGCCATTGCACTCCAGCCTGGGCAACAAGAGAGAAACTCCGTCTCAAAAAAAAAAAAAAAAAAAAAAAA"
"chr1","13905386","13905691","KN295294v1","842343","842650","33","13063043","GGCTGGGCCTGGTGGCTTACGCCTATAATCCCAGCCCTTTGGGGGGCCAAGGTGGGTGGATCACCTGAGGTCAGGAGTTCGAGACCAGCCTGGCCAACATGGTGACACCTCGTCTCTACTAAAAATACAAAATTAGCTGGTCGTGGTAGCACATGCCTGTAATCCCAGCTACTTGGGAAGCTGAGGCAGGAGAATTGCTTGAACCTGGGAGGAGGAGGCTGCAGTGAGCCGAGATTGCACCATTGCACTCCAGCCTGGGCAACAAGAGGGAAACTCCGTCCCAAAAAAAAAAAAAAAAAAAAAAAA","GGCTGGGCACGGTGGCTCATGCCTGTAATCCCAGCACTTTGGGAGGCCAAGGTGGGTGGATCACCTGAGGTCAGGAGTTCGAGACCAGCCTGGCCAACATGGTGAAACTCTGTCTCTATTAAAAATACAAAAATTAGCTGGGCATGGTGGCACATGCCTGTAACCCCAGCTACTTGGGAGACTGAGGTAGAATTGCTTGAACCCGGGAGGCGGAGGTTGCAGTGAGCCGAGATTGCACCGTTGTACTCCAGCCTGGGCAACAAGAGTGAAACTCCGTCTCAGAAAAAAAAAAAAAAGAAAGAAAGAAA"
"chr1","13933667","13933961","KN294187v1","743503","743794","34","13190164","GGCTAGGCATGGTGGCTCATGCCTGTAATCTCAGCACTTTGGGAGGCCGAGGTGAGTGAATCACTTGAGGTCAGGAGTTCGAGGCCAGCCCAGCCAACATGGTGAAACCCCATCTCTACTAAAAATACAAAAATTAGCCAGGCATGGTGGCAGGTGCCTGTAATTCCAGCTTACTGGGGAGGCTGAGGCAGGAAAATCGCTTGAACCCGGAAGGTAGAGGTTGCAGTGAGCCGAGATTGTGCCACTGAGCTCCAGCCTGGGCGACAAGAGTGAAACTCTGTCTCAAAAAAAAAAA","GCTGGGCATGGTGGTTCATGCCTGTAATACCAGCACTTTGTGAGGCTGAGGTGGGTGGATCACCTGAGGTCAGGAGTTCGAGACCAGCCCAGCCAACTTGGCGAAACCCTGTCTCTACTAAAAATACAAAATTTAGCCAGGCATGGTGGCAGGCACCTGTAATGCCAGCTACTCAGGAGGCTGAGGCAGGAGAATCGCTTGAACCCGGGAGGTGGAGGTTGCAGTGAGCCGAGATGGTGCCATTGCGCTTCAGCCTGGGCAACAAGAGCGAAACTCCATCTCAAAAAAAAAA"
"chr1","13950070","13950374","KN294571v1","1546303","1546607","37","12403767","GGCTGGGCGTGGTGGCTAACACCTGTAATCCCAGCACTTTGGGAGGCTGAGGCAGGTGGATCACCTGAGGTCAGGAGTTCAAGTCCAGCCTGGCCAATATGATGAAACCCCATCTCTACTAGAAATACAAAAAATTAGCTGGGCATGGTGACAGGCGCCTACAATTCCAGCTACTCAAGAGGCTGTGGCAGGAGAATCACTTGAACCAGGAGGTGGAGGTTGCAGTGAGCCAAGATCGTGCCATTGCACTTCAGCCTGGGCAACAAGAGTAAAACTCCATCTCAAAAACAAACAAACAAAAAAAA","GGCTGGGCACGGTGGCTCATGCCTTTAATCCCAGCACTTTGGGAGGCCGAGGCAGGTGGATCACCGGAGGTCAGGAGTTCAAGACCAGCCTGACCAACATGGGGAAACCCCATCTCTACTAAAACTACCAAATTAGCTGGGCGTGGTGGCGGGCGCCTGCAATCCCAGCTACTCAGGAGGCTGAGGCAGGAGAATCACTTGAACCCAGGAGGTGGAGGTTGCAGTGAGCCGAGATTGTGCCATTCCACTCCAGCCTGGGCAACAAGAGTGAAACTCTGTCTCAAAAAAAAAAAAACAAATAGAAA"
"chr1","14008657","14008940","KN296739v1","287386","287669","31","13721271","GGCCGGGTGTGGTGGCTTACGCCTGTAATCCCAGTACCTTGAGAGGTCGAGGCAGGTGGATCACCTGAGGTCAGGAGTTCAAGACCAGCCTGGTCAACATGGTGAAACCCTGTCTCTACTAAAGATAGAAAAATTAGCCAGGTGTGGTGGCAGGTGCCTGTAATCCCAGCTACTCGGGAGGCTGAGGCAGGAGAATCGCATGAACCCAGGAGGCAGAGGTTACAGTGAGCCGAGATGGCGCCATTGCACTCCAGCCTGGGCAGCAAGAGCGAAACTCTGTATCA","GGCCGGGAGTGGTGGCTCACTCCTGTAATCCTAGCACTTTGGGAGGTCAAGGCAGGAGGATCACCTGAGGTCAGGAGTTCAAGACCAGCCTGGCCAATGTGGTGAAACCCCGTCTCTACTAAAAATACAAAAATTAGCCGGGTGTGGTGGCAGGTGCCTGTAATCCCAGCTACTCAGGAGGCTGAGGCAGAAGAATCACTTGAAACCATGAGGCGGAGGTTGCAGTGAGCCGAGATCACGCCATTGCACTGCAGCCTGGGCAACAAGAGTGAAACTCCGTCTCA"
"chr1","14094965","14095135","KN296907v1","974571","974740","23","13120394","AGCTGGGTGTGGTGGCAGGCCCCTGTAATCCCAGCTACTCGGGAGGCTGAGGCAGGAGAATTGCTTGAACCCGGGAGGCGGAGGTTGCAGTGAGCTGAGATCACGCCATTGCTTTCCAGCCTGGGCAACAAAAGCGAAACTCCATTTCAAAAAAAAAAAAAAAAAAAAAAA","TTAGCTGGGTGTGGTGGCAGGCGCTTGTAATCCCACATACTCGGGAGGTTGAGGCAGGAGAATTGTTTGAACCTGGGAGGCAGAGGTTGCAGTGAGACAAGATCGCACCATTGCACTCCAGCCTGGGCAACAAGAGCAAAACTCCATCTCAAAAAAAAAAAAAAAAAAAA"
"chr1","14097033","14097198","KN294856v1","29843","30013","20","14067190","AGCTGGGTGTGGTGGCAGGCCCCTGTAATCCCAGCTACTCGGGAGGCTGAGGCAGGAGAATTGCTTGAACCCGGGAGGCGGAGGTTGCAGTGAGCTGAGATCACGCCATTGCTCTCCAGCCTGGGCAACAAAAGCGAAACTCCATCTCAAAAAAAAAAAAAAAAAA","TTAGCTGGGCCTGGTGGCAGGTGCCTGTAATCCCAGCTACTAGGGAGGCTGAGGCAGGAGAATTGCTTGAACCCAGGAGACAGAGCTTACAGTGAGCCGAGATCACGCCATTGCACTCCAGCCTGGGTTACAAAAGCAAAACTCCATCTCACAAAAAAATAAAAATAAAAA"
"chr1","14233399","14233714","KN297159v1","3314158","3314468","32","10919241","GGCCAGGCACGGTGGCTCATGCCTGTAATCCCAGCACTTTGGGAGGCCGAGGCAGGTGGATCGCCTGAGGTCAGGAGTTTGAGACCAGCCTGGCCAACATGGTGAAACCCTGTCTCTACTAAAAATACAAAAAATTAGCTGGGCGTGGTGGTGGTGGGCACCTGTAATCCCGGCTACTCGGAAGGCTGAGGCAGGAGAATCGTTTGAACCTGGGAGACGGAAGTTGCAGTAGGCCAAGATTGCGCCATTGCACTCCAGCCTGGGCAACAAGAGTGAAACTCCATCTCAAAAAAAAAAAAAATAATAATAAAGAAAA","GCTGGGCGCAGTGGCTCATGTCTATAATCCCAGCACTTTGGGAGGCTGAGACAGGTGGATCACCTGAGGTCAGGAGTTTGAGACCAGCCTGGCCAACATAGTGAAACCCTATCTCTACTAAAAATACAAAAAATTAGCTGGGCGTGGTGGCGGGCACCTGTAATCCCAGCTATTAGGGAGGCTGAGGAAGGAGAATCGCTTGAACCTGGGAGGTGGAGGTTGCAGTGAGCCAAAATCGCGCCATTGCACTCCAGCCTGGGCAACAAGAGTGAAACTCCATCTCAAAAAAAAAAAAAAGAAAAGAAAGAAAA"
"chr1","14290195","14290442","KN296108v1","518659","518906","42","13771536","GGGAGGCTGAGGCAGGCAGATCACCTGAGATCAGGAGTTCGAGACCAGCCTGGCCAACATGCCAAAATCCCATCTCTACTAAACATATAAAAAGTTAGCTGGGCATGGTCGTGGGCGCCTGTAATTCCAGCTACTTGGAGGCTGAGGCAGGAGAATTGCTTGAACCTGGGAGGCAGAGCTTGCAGTGAGCCGAGATCACACCACTGCACTCCAGCCTGGGCGACAAGAGCAAAACTCCGTCTCAAAAA","AGGCTGAGGCTGGCAGATCACCTGAGGTCAGGAGTTTGAGACCAGCCCAGCCAACATGGTGAAACCCCCTCTCTACTAAAAATACAAAAAAATTAGCCAGGTGTGGTGGTGGACACCTGTAGTCCCAGCTACTTGGGAGGCTGAGGCAGGAGAATTGCTTGAACCCAGAAGGCGGATGTTGCAGTGAGCCGAGACTGCACCATTGCACTCCAGCCTGGGCAACAAGAGTGAAACTCTGTCTCAAAAAA"
"chr1","14304060","14304354","KN295350v1","405055","405352","40","13899005","GCTGAGCGTGTTGGCTCATACCTGTAATCCCAGCACTTTGGGAGGCTGAGGCAGGTGGATGACCTGTCAGGATTTCAAGAACAGCCTGGCCAACATGGCGAAACCCCGTCTCTACTAAAAATACAAAAAATTAGCTGGGAGTGGTGGCGGGAGCCTGTAATCCCAGCTACTCAGGAGGCTGAGGCTGGAGAATTGCTTGAACCCAGGAGGCGGAGGCTTCAGTGAGCTGAGATCTCACCATTGCACTACAGCCTAGGGGACAAGAGTGGAACTCTGTCTCAAAAAATAAAAAAAA","GGCCGGGCGTGGTGGCTCATGCCTATAATCCCAGCTCTTTGGGAGGCCGAGGCGGGTGGATCACCTGAAGTCAGGAGTTTGAGACCAGCCTGGCTAACATGGGGAAACCCCATCTCTACTAAAAATACAAAAATTAGCTGGGCGTGGTGGTGAATGCCTGTAATCCCAGCTACTCGGGAGGCTGAGGCAGGAGAATTGCTTGAATCCAGGAGGCGGAGGTTGCAGTGAGCCGAGATCTCACCATTGCCCTCCAGCCTGGGTGACAAGAGCAAAACTCTGTCTCAAAAAAAAAAAAAAA"
"chr1","14490966","14491271","KN296153v1","3677943","3678242","37","10813023","GCTGGGGGCGGTGGTTCATGCCTGTAATCCCAACAGTTTGGGAGGCCAAGGCGGGCGGATCACCTGAGGTCAGGAGTTTGAGACCAGCCTGGCCAATATGGTGAAACCCCATCTCTACTAAAAATACAAAAAAAAATTAGCTGGGCGTGGTGGCAGGTGCCTGTAATCCCAGATACTTGGGAGGCTGAGATAGGAGAATCACTTGAATCTGGGAGGTGGAGGTTGCCATGAGCCGAGATTGCCCCATTGCAGTCCAGCCTGGGCAACAAGAACAAAACTCCATCTCAAAAAAAAAAAAAAAAAAAA","GGCCGGGTGTGGTGGCTCACGCCTGTAATCCCAGCACTTTGGGAGGCCAAGGCAGGTGGATCACTTGAGGTCAGGAGTTCGAGACCAGCCTGGCCAACATAGTGAAACCCCATCTCTACTAAAAATAAAAAAAATTAGCTGGGCGTGGTGGCAGGCGCCTGTAATCCCAGCTACTCGAGAGGCTGAGGCAGGAGAATCACTTGAACCTGGGAGGCGGAGGTTGCAGTGAGCAGAGATTGCGCCATTGCACTCCAGCCTGGGCAACAAGAGCGAAACTCCGTCTCAAAAAAAAAAAAAAAA"
"chr1","14635645","14635941","KN296365v1","113780","114072","36","14521865","GGCTGCGTGTGGTGGCTCACGCCTGTAATCCCAACACTTTGGGAGGCTGAGGTGGGTGGACAACCTGAGGTCAGGAGTTCAAGACCAGCCTGGTCAACATGGTGAAACCCTGTCTCTACTAAAAATACAAAAATTACCCAGACATGGTGGTGCATGCCTGTAGTCCCAGCTACTTAGGAGGCTGAGGCAGGAGAATCACTTGAACCCAGGAGGCGGACGTTGCAGTGAGCCGAGATCACGCCATTGCACTCCAGCCTGGGTGACCCAAGCGAAACTCTGTCTCAAAAAAAAAAAAAA","GGCTGAGTGTTGTGGCTCACACCTGTAATCCCAGCACTTGGGAGGCCAAGGCGGGTGGATCAGCTGAGTTCAGGAGTTCCAGACCAGCCTGGCCAACATGGTGAAACCCTGTCTCTACTAAAAATACAAAAATTAGCCAGGCGTGGTGGTGGGTGCCTGTAATTCCAGCTACTCAGGAGGCTGAGGCAGAAGAATCACTTGAACCCAGGAGGCGGAGGTTGCAGTGAGCCGAGATCATCCCATTGCACTCCAGCCTGGGCGACAAGAGCGAAACTCCATCTCAAAAAAAAGAA"
"chr1","14754887","14755190","KN295984v1","2205787","2206091","35","12549100","GGCCAGGCATGATGGCTCACGCCTGTCATCCTAACACTTTGGGAGGCCAAGGCGGGCGTATCGCCTGAGTTCAGGAGTTCAAGACCAGCCTGGCCAACATGGTGAAACCCCTGTCTCTACTAAAAATACAAAAATTCTCTGGGTGTGGTGGCAGGTGCCTGTAATCCCAGCTACTCAGGAGGCTGAGGCAGAAGAATCGCTTGAATCCAGGAGGTGGAGGTTGCAGTGAGCCGGGATCGTGCCATTGCACTCCAGCCTGGGCAACAAGAGTGAGGCTTCGTCTCAAAAAAAAAAAAAAAAAAAA","GGCCAGGCATGGTGGCTCACGCCTGTAATCCCAGAACTTTGCGAGGCGAAGAAGGGCGGATCGCCTGACGTCAGAAGTTCAAGACCAGCCTGGCCAACGTGGTGAAACCCTGTCTCTACTAAAAATACAAAAATTAGCCAGGCATGGTGGCAGGTGCCTGTAATCCCAGCTACTCGGGAGGCTGAGGCAGGAGAATCACTTGAACCCAGAAGGCGGAGGTTGCAGTGAGCCGAGATCACGCCATTGCACTCCAGCCTGGGGGCGACAAGAGTGAGACTTCGTCTCAAAAAAAAAAAAAAAAAGAA"
"chr1","14837425","14837729","KN296158v1","1672506","1672810","44","13164919","GGTCGAGAGTGGTGGCTCACGCCTGTAATCCCAGCACTTTGGGAGGCTGAGGCAGGTGGATCACCTGAGGTGAGGAGTTCGAGATCAGCCTGACCAACACGATGAAACCTTGTCTCTACTAAAAAAAAAAAAAAAAAAAAAAATTAGCTGGGTGTGGTGGCACATGCCTGTAATCCTAGCTACTTGGGAGGCTGAGGCAGGAGAATAGCTTGAACCTGGGAGGCAGAGGTTGCAGTGAGCCGAGATCACGCCATTGAACTCTAGCCTGGGCAACAAGAACAAAACTCCGTCTCAAAAAAAAAAAA","GGCTAGGCACGGTGGTTCACGCCTGTAATCCCAGCACTTTGGGAGGCCAAGGCGGGTGGATCGCCTGAGGTCAGGAGTTCGAGACCAGCCTAGCCAACATGGTGAAACCCGTCTCTACTAAAAAAAAAAGAAAAGAAAAAAGCTGGGCGTGGTGGCAGGTGCCTGTAATCCCAGCTACTTGGGAGGCTGAGGCAGGAGAATCGCTTGAACCCAGGGAGGCGGAGGTTGCAGTGAGCCAAGATCATGCCATTGCACACCAGCCTGGGCAACAAGAGCAAAACTCCATCTCAAAAAAAAAAAAAAAA"
"chr1","14870800","14871095","KN295907v1","1253096","1253393","35","13617704","GGCCGGGCACGGTGGCTCATGCCTGTAATCCCAGGACTTTGGGAGGCTGAGGCAGGTGGATCACCTGAGGTCATGAGTTTGAAACTAGTCTGGCCAACATGGTGAAACCCTGTCTCTACTAAAAATACAAAATTAGCCGGGCGTGGTGGTGGGCGCCTGTAATCCCAGATACTCAGGAGAATGAGGCACGAGAATCGCTTGAACCCGGGAGGCAGAGGTTGCAGTGAGCCAAGATAGCGCCGTTGCACTCCAGCCTGGGCAACGAGAGCAAGACTCTGTCTCAAGAAAAGAAAAAA","GGCCGGGCGCGGTGGCTCACGCCTGTAATCCCAACACTTTGGGAGGCTGAGGCAGGTGGATCACCTGATGTCAGGAGTGCGAGACCATCCTGGCCAACATGGTGAAACCCTGTCTCTACTAAACATACAAAATATCAGCCAGGCATGGTGGCGGGCGCCTGTAATCCCAGCTGCTCAGGAGGCTGAGGCAGGAGAATCGCTTGAACCTGGGAGGCGGAGGTTGCAGTGAGCTGAGATTGTGCCATTGCACTCCAGCCTGGGCGACAAGAGCAAAACTCCGTCTCAAAAAAAGAAAAAA"
"chr1","14921531","14921822","KN294375v1","301025","301318","39","14620506","GGCCAGGCATGGTGGCTCACACTTGTAACCCCAGCACTTTGGGAGGCCGAGGCAGGTGGATCACTTGAGGTCAGCAGTTCAAGACCAGCCTAGCCAACATGGTGAAAGACCGTCTCTACTAACAATACAAAAATTAGCCAGGCATAGTGGCAGGCACCTGTAATCCCAGCTGCCTGGGAGGCTGAGGCAGGACAATCGCTTGAATCTGGGAGGCCAAAGCCGCAGTGAGCCGAGATCGTGCCATTGCACTCCAGCCTGGGCAACAACAGCGAAACTCTGTCTCAAAAAAAAA","GGCCAGGCACTGTGGCTCATGCCTGTAATCCCAGCACTTTGGGAGGCTGAGGCAGGCAGATCACTTGAGGTCAGGAGTTCAAGACCAGCCTGGCCAACATGGCGAAACCTCGTCTCTACTAACAATACCAAAATTTAGCCAGGCGTGGTGGCAGGCACCTGTAATCCCAGCTTCTTGGGAGGCTGAGGCAGGAGAATCGCTTGAACCTGGGAGGCAGAGGTTGCAGTGAGCCAAGATTGTGCCATTGCACTCCAACCTAGCAAGACAGCAAAACTCTGTCTCAAAAAAAAAAAA"
"chr1","14934674","14934967","KN295984v1","974577","974872","30","13960097","GGCTGGGCTTAGTGGCTCACACCTGTACTCCCAGCACTTTGGGAGGCCAAGGGAGGTGAATCACCTGAGATCAGGAGTTCGAGACCAGCCTGGCCAACATGGTGAAACCCCATCTCTCTAAAAGTACAAAAATTAGCCAGGCATGGTGGCAGGCACCTGTAATCCCAGCTACTTGAGAGGCTGAGGCAGGAGAATCACTTGAACCCAGGAGGCAGAGGTTGCAGTGAGCAGAGATCGCACCATTGCACTCCAGCCTGGGCAACAAGAGCGAAACTCCATCTCAAAAAAAAAAAA","GCTGGGTGTGGTGGCTCACGCCTGTAATCCCAGCACTTTGGGAGGCCAAGGCAGGTGGATCACCTGAGGTCAGGAGTTTGAGACCAGCCTGGTCAACATGGTGAAACCCCGTCTCTATTAAAGATACAAAAATCAGCTGGGTATGGTGGCAGGCACCTGTAATCCCAGCTACTCAGGAGGCTGAGGCAGGAAAATCACTTGAACCCAGGAGGCGGAGGTTGCAGTGAGCCAAGATCGCACCATTGCACTCCAGCTTGGGCAACAAGAGTGAAACTCCATCTCAAAAATAAAAAAAA"
"chr1","15008004","15008312","KN295114v1","20941","21251","36","14987063","GGCCAGGTGTGGTGGCTCACGCCTGTAATCCCAGCACTGTGGGAGGTGGAGGCGGGTGGATCACTTGAGGTCAGGAGTTTGAGACCAGCCTGGCCAACATGGTGAAACTCCATCTCTACTAAAAATACAAAAATTAGCTGGGCGTGGTGGCAGGTGCCTGTAATTCCAGCTACTTCAGGAGGCTGAGGCAGGAGAATTGCTTGAACCTGGGATGTGGAGGTTGCAGTGACCCAAGATCATGACACTGCACTCCAGCTTGGGTGACAAGAGCAAAACTCCATCTTAAAAAAAAAAAAAAAAGGAAAGGAA","GGCCAGGCATGGTGGCTCACACTTGTAATCCCAGCACTTTGGCAGGCTGAGGCGGGTGGATCATCTGAGGTCAGGAGTTCGAGACCAGCCTGACCAACATGGTGAAACCCCGTCTCTACTAAAAATACAAAAAAATTAGCTGGGCGTGGTGGCGGGTGCCTGTAATCCCAGCTACTCGGGAGGCTGAGGCAGGAGAATTGCTTGAACCCGGGAGGCGGAGGTTGCAGTGAGCCAAGATCGCACCATTGCACTCCAGCCTGGGTGACAAGAGCAAAACTCCATCTAAAAAAAAAAAAAAAAAAAAAAAAAAA"
"chr1","15039059","15039359","KN296864v1","722959","723256","35","14316100","GGCCGGGCATGGTGGGTCACACTTGTAATCCCAGCACTTTGGGAGGCCGAGGCAGGCGGATCACCTGAGGTCAGGAGTTCGAGAGCAGCCTGGCTAACATGGTGAAACCCTGTCTCTACTAAAAATACAAAAAATTAGCCAGGTGTGGTGGCACATGTATGTAATCTCAGCTACTTGGGAGGCTGAGGCAGGAGAATCGCTTGAACCCAGGAGGCAGAGGTTGCGGTGAGCCAAGATTGTGCCATTGGACTCCAGCTTGGGCAACAAGGGCGAAACTCCATCTCATAAATAAAGAAATAAA","GGCCGGGTGCGGTGGCTCACACTTGTACTCCCAGCATTTTGGGAGGCTGAGGCGGGTGGATCAGCTGAGGTCAGGAGTTCGAGACTAGCCTGGCCAACATGATGAAACCCTGTCTCTACTGAAAATACAAAATGATTGGCCAGGTGTGGTGGCTCACACCTGTAATCCCAGCTACTTGGGAGGCTGAGGCAGGAGAATCGCTTGAACCCAGGAGGCAGAGGTTGCAGTCAGCTGAGATTGTGCCATTGCACTCCAGCCTGGGCAACAAGAGCGAAACTCCATCTCAAAAAAAAAAAAA"
"chr1","15078993","15079292","KN296732v1","2013890","2014190","36","13065103","GGCCAGGCACAGTGGCTCCCGCCTGTAATCCCAGCACTTTGGGAGGCCACAGTGGGCGAATCACTTGAGGTCAGGAGTTCGAGACCAGTCTGGCCAACATGGTGAAACCCCGTCTCTACTAAAAATACAAAAATTAGCCGGGCGTGGTGGCAGGTGCCTGTAATCCCAGCTACTCAGGAGGCTGAGGTAGGAGAATCGCTGGAACTCGGGAGGCAGGGTTGCAGTGAGCTGAGATTGTGCCATTGTACTCTAGCCTAGGCGACAAGAGTGAGACTCCCCCTCAAAAAAAAAAAAAAAAAA","GGCTGGGCACGGTGGCTCACGCCTGTAATCCCGGCATTTTGGGAGGCCGAGGTGGGCGGATCACCTGAGGTCAGGAGTTCGAGACCAGCCTGGCCAACATGGTGAAACCCCATCTCTACTAAAAATACAAAAATTAGCCAGGCATGGTGGCGGATGCCTGTAATCCCAGCTACTCAGGAGGCTGAGGCAGGAGAATCGCTCGAACCCGGGAGGCAGAGGTTGTGGTGAGCCGAGATCACACCATTGCACTCCAGCCTGGGCAACAAGAGTGAAACTCCATCTCAGAAAAAAAAAAAAAAAA"
"chr1","15090208","15090491","KN295923v1","2321767","2322047","34","12768441","GGCCAGGCGTGGTGGCTCATACCTGTAATCCCAGCACCTTGGGAGGCTGAGGCAGGTGGATCACCTAAGGTCAGGAGTTTGAGACCAGCCTGGCCAACATGGTGAAACCCTGTCACTACTAAAAATACAAAAATGAGCTGGGCGTGGTGGCACGCTTCTGTAATCCCAACTACTCAGGAGGCTGAGGCAGGAGAATCTCTTGAACCCGGGAGGTGGAGGTTGCAGTGAGCTGAGATCACGCCATTGCACTCCAGCCTGGGCAACAAGAACAAAACTCTGTCCCA","GGCCGGGCACAGTGGCTCATGCCTGTAATCCCAGCACTTTGGGGGGCCGAGGCAGGTGGATCACCTGAGGTCAGGAGTTCGAGACCAGCCTGGCCAACATGGTGAAACCCCGTCTCTACTAGAAATACAAAAATTATCTGGGTGTGATGGCAGGCTCCTGTAATTCCAGTTACTTGGGAGGCTGAGGCAGGAGAATTGCTTGAACCCGGGAGGCGGAGGTTGCAGTTAGCCGAGATCATGCCATTGCACTCCAGCCTGGGCAACAAGAGCAAAACTCTGTC"
"chr1","15100083","15100370","KN294446v1","445226","445515","30","14654857","GGCCAGGCGCGGTGGCTCACGCCTGTAATCCCAGCACTCTGGAAGGCCAAGGTGGGTGGATCACCTGAGGTCGGGAGTTCGAGACCAGCCTGACCAACATGGCGAAACACTGTCTCTACTAAAAATACAAAAAATTAGCTAGGCATGGTGGCAGGGGCCTGTAATCCCAGCTACTCAGGAGGCTGAGGCAGGAGAATCACTTGAACCTGGGAGATGGAGGTTGCAGTGAGCCGAGATCACACCATTGCACTCCAGCCTGGGCAACAAGAGCAAAACTCCATCTCAAAA","GGCCGGGTGCGGTGGCTCATGCCTGTAATCCCGGCACTTTGGAGGCCGAGGCAGGTGGATCACCTGAGGTCAGGAGTTTGAGACCAGCCAGGCCAACATGGTGAAACCCTGTCTCTACTAAAAATGCAAAAAATTAGCTGGGCATGGTGGCAGACACCTGTAATCACAGCTACTCAGGAGGCTGAGACAGGAGAATCACTTCAACCTGGGAGGTGGAGGTTGCAGTGAGCCGAGGTCACATGCCATTGCACTCCAGCCTGGGCAACAAGAGTGAAACTCCATCTCAAAAA"
"chr1","15124248","15124540","KN294713v1","485096","485391","34","14639152","GGCCACGCGCGGTGGCTCACGCCTGTAATCCCAGCGCTTTGGGAGGCTGAGGTGGGCGGATCACCTTCAGTCAGGAGTTTGAGACTAGCCTGGCCAACAGGGTGAAACCCCGTCTCTACTAAAAATACAAAAAGTAGCCGGGCGTGGTGGTGGGCACCTGTAATCCCAGCTACATGGGAGGCTGAGGCAGGAGAATCGCTTGAACCTGGGAGGCGGAGGTTGTAGTCCGCTGAGATTGCACCGTTGCACTCCAGCCTGGGCGACAAGAGCGAAACTCCATCTCAAAAAAAAAA","GGCCAGGTGCGGTGGCTCATGCCTGTAATCCCAGCACTTTGGGAGGCCGAGGCAGGTGGATCACCTGAGGTCAGGAGTTTGAGACTAACCTGGCCAATATTGTGAAACCTCATCTCTACTAAAAATACAAAAAATTAGCTGAGCGTGGTGGTGGGCACCTGTAATCCCAGCTATGTAGGATGCTGAGGCAGGAGAATTGCTTGAACCTGGGAGGCGGAGGTTGCAGTGAGCTGAGATTGCACCATTGCACTCCAGCCTGGGCAACAAGAGCAAAACTCCATCTCAAAAAAACAAAA"
"chr1","15205816","15206106","KN296365v1","113780","114072","40","15092036","GGCCGGGTACGATGGCTCACACCTGTAATCCCAGCATTATGGCAGGCCAAGGCAGGTGGATCACCTGACATCAGGAGTTCGAGACCAGCCTAACCAACATGGTGAAACCCTGTCTCTACTAAAAATAGAAAAATTAGTAGACGTGGTGGTGTGTGCCTGTGATCCCAGCTACTCAGGAGGCTGAGGCAGGAGAATTGCTTGAACCCAGGAGGCGGAGGTTGCAGTGAGCCGAGACTGCATCATTACACTCCAGCCCGGGCGACAAGAATGAAATTCCGTCTGAAAAATAAA","GGCTGAGTGTTGTGGCTCACACCTGTAATCCCAGCACTTGGGAGGCCAAGGCGGGTGGATCAGCTGAGTTCAGGAGTTCCAGACCAGCCTGGCCAACATGGTGAAACCCTGTCTCTACTAAAAATACAAAAATTAGCCAGGCGTGGTGGTGGGTGCCTGTAATTCCAGCTACTCAGGAGGCTGAGGCAGAAGAATCACTTGAACCCAGGAGGCGGAGGTTGCAGTGAGCCGAGATCATCCCATTGCACTCCAGCCTGGGCGACAAGAGCGAAACTCCATCTCAAAAAAAAGAA"
"chr1","15243176","15243426","KN295893v1","4140538","4140791","38","11102638","GGGTGTGGTGGCTCACGCCAGTAATTCCAACACTTTGGGAGGCCAAGGTGGGTGGGTCACCTGAGGTCAGGAGTTCAAGACCAGTCTGGCCAACATGGAGAAAGCCCGTCTCCACCAAAAATACAAAAATCAGTTGGGCGCAGTGGCAGGCGCCTGTAATCCCAGCTACTTGGGAGGCTGAGGCAGGAGAATCACTTGAACCTGGGAGGCGGAGGTTGCAGTGAGCCAAGATTGCCCTGTTGCACTCCAGC","GGCCGGGTGCAGTGGCTCATGCCTGTAATCCCAGCACTTTGGGAGGCCAAGGTGGGTGGGTCACCTGAGGTCAGGAGTTCAAGACCAGCCTGGTCAACATGGTGAATCCCCGTGTCTACTAAAAATTAAAAAATCGGCTGGGCGTGGTGGCAGGCACCTGTTGTCCCAGCTATTTGGGAGGCTGAGGCAGAAGAATCGCTTGAAACTGGGAGGCAGAGGTTGCAGTGAGCCAAGATTGGGCCATTGCCCTCTAG"
"chr1","15244097","15244395","KN296732v1","2013890","2014190","32","13230207","GGCCGGGCACGGTGGCTCACGCCTGTAATCCCAGCACTTTGGGAGGCCGAGGTGGGTGGATCACCTGGGGTCAGGGGTTCCAGACCAGCCTGGCCAACATGGTGAAACCCTGTCTCTACTAAAAATACAAGAATTAGGCAGGCTTGGTGGCACATGCCTGTAATTCCAGCTACTCAGAAGGCTGAGGCAGAAGAATCGCTTGAACCTGGGGAGGCAGAGGTTGCAGTGAGCCAAGATTGCACCATTACACTCTAGCCTGGGCAACAAGAGCGAAACTCCATCTCAAAAAAAAAAAAGAA","GGCTGGGCACGGTGGCTCACGCCTGTAATCCCGGCATTTTGGGAGGCCGAGGTGGGCGGATCACCTGAGGTCAGGAGTTCGAGACCAGCCTGGCCAACATGGTGAAACCCCATCTCTACTAAAAATACAAAAATTAGCCAGGCATGGTGGCGGATGCCTGTAATCCCAGCTACTCAGGAGGCTGAGGCAGGAGAATCGCTCGAACCCGGGAGGCAGAGGTTGTGGTGAGCCGAGATCACACCATTGCACTCCAGCCTGGGCAACAAGAGTGAAACTCCATCTCAGAAAAAAAAAAAAAAAA"
"chr1","15288446","15288751","KN294717v1","373979","374286","42","14914467","CCGGGAGTGGTGGCTCACGCCTGTTAATCCCAGCACTTTGGGAGGCCAAAGTGGGTGGATTATCTGAGGCCAGGAGTTCAAGACCAGCCTGACCAATATGGCAAAACCTTGTCTCTACTAAAAACACAAAAATTAGCTGGGCGTGGTGGTGGGCGCCTGTAATCCCAGCTACTTGGGAGGCTGAGGCAAGAGAATCGCTTGAACCCAGGAGGTGGAGGTTGCAGTTAGCCGAGATTGCGCCATTGCACTCCAACCTGGGCAACAAAAGCAAAACTCCATCTCAAATAAATAAATAAATAAATAAAT","GGCTGGGCATGGTGGCTCATGCCTGTAATCCCAGCACTTTGGGAGGCCAAGGTGGGTGGATCACCTGAGGTCAGCAGTTTGAGACCAGCCTGGCCAACATGGTAAAACCCCGTCTCTACTAAAAATACAAAAAATTAGCCAGGCATGGTGGTAGGCGCCTGTAATCCCAGCTACTTGGGAGGCTGAGGCACGAGAATCACTTGAACCCAGGAGGCAGAGGTTGCAGTGAGCCAAGATCGCGCCATTGCACTCCAGCCTGGGCAACAAGAGCAAAACTCCATCAAAAAAAAAAAAAAAAAAAAAAAAAA"
"chr1","15305865","15306168","KN296153v1","3677943","3678242","36","11627922","GGCCGGGTGTGGTGGCTCATGCCTGTAATCCCAGCACTTTGGGAGGGCAAGGAGGGTGGATCAGCTGAAAGTCAGGAGTTCGAGACCAGCCTGGCCAACATGGTGGGACCCCATCTCTACTTAAAATATAAAAAATTAGCCGGGCGTGGTGGCAGGCGCCTGTAATCCTAGCTACTCCGGAGGCTGAGGCGGGACAATTGCTTGAACCCAGGAGGCGGAGGTTGCAGTGAACTGAGATTGCACTGTTGCACTCCAGCCTGGACAACAAGAATGAAACTTCGTCTTAAAAAAAAAAAAAAAAAAA","GGCCGGGTGTGGTGGCTCACGCCTGTAATCCCAGCACTTTGGGAGGCCAAGGCAGGTGGATCACTTGAGGTCAGGAGTTCGAGACCAGCCTGGCCAACATAGTGAAACCCCATCTCTACTAAAAATAAAAAAAATTAGCTGGGCGTGGTGGCAGGCGCCTGTAATCCCAGCTACTCGAGAGGCTGAGGCAGGAGAATCACTTGAACCTGGGAGGCGGAGGTTGCAGTGAGCAGAGATTGCGCCATTGCACTCCAGCCTGGGCAACAAGAGCGAAACTCCGTCTCAAAAAAAAAAAAAAAA"
"chr1","15378649","15378935","KN297165v1","1143723","1144010","37","14234926","GGCCAGGCGCGGTGGCTCATGCCTGTAATCCCAGCACTTTGGGAGGCCAGGGCGGGCAGATCCCCTGAGGTCAGGAGTTTGAGACCAGCCTGGCCAACATGGTGAAAACCCATCTCTACTAAAAATACAAAAATTAGCTGGGCGTAGTGGTGCACACTTGTAATCCCAGCTACTCAGGAGGCTGTGGAAGGAGAATCGCTTGAACCCAGTAGGTGGAGGTTGCAGTGAGCTGAGACCACGCCATAACACTCCAGCCTGGGTGACATGAGTGAAACTTAAAAAAAAAA","GGCCGGGCAAGGTGGCTCACGCCTGTAATCCCAGCACTTTGGGAGGCCGAGGCAGGTGGATCACCTGAGGTCAGGAGTTCGAGACCAGCCTGGCCAACATGGTGAAACCCCATCTCTACTAAAAATACAAAAATTAGCTGGGCGTGTGGTGGGCACCTGTAATCCCAGCTACTCAGTAGGCTGAGGCGGGAGAATCACTTGAACCTGGGAGGCAGAGGTTGCAGTGAGCTGAGATCATGCCATTGCACTCCAGCCTGGGCGACAAGAGTGAAACTTCATCTTAAAAAA"
"chr1","15394202","15394514","KN297133v1","419676","419981","40","14974526","GCCGGGCGCTGTGGCTCATGCCTGTAATCCCAGCACTTTGGGAGGCCGAGGCGGGTGGATCATCTGAGGTCAGGAGTTGAAGACCAGCCTGGCCAACATGGTGAAACTCTGTCTCTACTAAAAATACAAAAAATTAGCTGGGCGTGGTGGCACATGCCTATAATGCCAGCTACTTGGGAGGCTGAGGCAGGAGAATCGCTGGAACCCATGAGGCAGTGGTTGCAGTGAGCCGAGATCACGCCACTGCACTCCAGCCTGGGTGACAAGAGCGAAATTCCGTCTCCATAAATAAATAAATAAATAACAAAATAAA","GGCCGGGCACGGTGGCTCGTGCCTGTAATCCCAGCACTTTGGGAGGCTGAGGCGGGCAGATCACCTGAGGTCAGGAGTTCAAGACCAGCCTGGCCAACATAGTGAAACCCCGTCTCTACTAAAAATACAAAAAATCAGCCGGGCGTGGTGGCAGGTGCCTGTAATCCCAGCTACTCGGGAGGCTGAGGCAGGAGAATCACTTGAACCCGGGAGGTGGAGGTTGCAGTGAGCCGAGATTACGCCATTGCACTCCAGCCTGGGGGACAAGAGCGAGACTTCGTCTCAAAAAAAAAAAAAAAAAAAAAA"
"chr1","15410098","15410385","KN295607v1","3578135","3578425","33","11831963","GGCTGGGTGCGGTGGCTCACGCCTGTAATCCTAGCACTATGGGAGGCCAAGATGGGTGGATCACCCGAGGTCAGGAGTTCGAGACCAGCCTGGCCAACATGGTGAAACCCTGTCTCTACTAAAAATACAAAAATTAGCTGGGTGTGGTGGCAAGCGCCTGTAATCCCAGCTACTTGGGAGGCTGAGACAGGAGAATCGCTTGAACCCGGGAGGCAGAGGTTGCAGTGAGCCCAGACCATGCCATTGCACTCTAGCCTGGGCAACAAGAGCAAAACTGTCTCAAAAAAA","GGCTGGGTGCGGTGGCTCACACCTGTAATCCCAGCACTTTGGGAGGCCAAGGCTGGTGGATCACCTAAGGTCTGGAGTTCGAGACCAGCCTGGCCAACATGGTGAAACCTTGTCTGTGCTAAAAATAGAAAAAATTAGCCAGGTGTAGTGGCAGGCACCTGTAATCCCAGCTACTCAGGAGGCTGAGGCAGGAGAATCGCTTGAACCCAGGAGGCAGAGGCTGCAGTGAGCCGAGATCATGTCATTGCATTCCAGCCTGGGCAACAATTGCAAAACTCTGTCTCAAAAAAA"
"chr1","15423051","15423338","KN295352v1","174045","174329","40","15249006","GGCCAGGCCCAGTGGCTAATGCCTGTAATCCCAGCACTTTTGGGAGGCCGAGGCTGGTGGATCACACGAGATCAGGAGTTTGAGGCCAGCCTGGCCAACATGGTGAAAATCTGTCTCTGCTAAAAATAGCAAAAATTAGCCAGGCGCCTGTAATCCCAGCTACTCGGGAGGCTGAGGCAGGAGAATAGCTTGAACCTGGGAGGCAGAAATTGCAGTGAGCTGAGATCACGCCATTGCACTCCAGCCTGGGCAACAAGAGTGAAACTCTGTCTCAAATAATAATAATAA","GACCGGGCACGATGGCTCATGCCTGTAATCCCAGCACTTTGGGAGGCCAAGGTGGGCGGCTCACCTGAGGTCAGGAGTTCGAGAGCAGCCTGGCCAAAATGGTGAAACCCTGTCTCTGCTAAAAAACCAAAAATTAGCCAGCCACCTGTAATCCCAGCTACTTGGGAGGCTGAGGCAGGAGAATTGCTTGAACCTGGGAGGCAGAGGTTGCAGTGAGCCGAGACCGCGCCATTGCACTCCAGCCTGGGCAACAAGAGCGAAAGTCCGTCTCAATAAATAAATAAA"
"chr1","15479272","15479567","KN297314v1","117021","117312","44","15362251","GACCAGGCCCAGTGGCTCACGCCTGTAATCCCAGCACTTTGGGAGGCTGAGGCAGGCGAATCACCCGAGGTCAGGAGTTTGAGACTAGCCTGGCCAACATATAGTGAAACCCTGTCTCTACTAAAAATACAAAATTAGCCAGATGTGGTGGTGCATGCCTGTCCCAGCTATCCGGGAGGCTGAGGCAGGAGAATTGCTTGAACCTGGGAGGCGGAGGTTGCAGTGAGCCAAGATCACACCATTGCACTCCAGCCTGGGTGGAAGAACAAGAACAAAACTCCATCTAAAAAAAAAAA","GCCAGGCACAGTGGCTCATGCCTGTAATCCCAGCACTTTGGGAGGTGGAGGCAGGTGGATCACCTGAGGTCAGGAGTTTGAGACCAGCCTGGTCAACATGGTGAAACCCCATCTCTACTAAAAATACAAAAATTAGCCAGGTGTAGTGGCAGGCGCCTGTAATCCCAGCTACTTGGGAGGCTGAGGCAGGAGAATCGCTTGAACCTAGGAGGCAGAGGTTGCAGTGAGCCAAGATCATGCCATTGCACTCCAGCCTGGATGATAAGAGCGAAACTCCATCTCAAAAAAAAAA"
"chr1","15510438","15510736","KN294662v1","79885","80185","25","15430553","GGCTGGCCGTGGTAGCTCATGCCTGTAATCCCATCACTTTGGGAGGCCAAGGTGGGTGGATCACCTGAGGTCAGAAGTTCTAGACCAGCCTGGCCAACATGGTGAAACCCCATCTCTACTAAAAATACAAAAAATTAGCCGGGTGTGGTGGCAGGTGCCTGTAATCCCAGCTACTTAGGAGGCTGAGGCTGAAGAATCGCTTGAACCTGGGAGGCGGAGGTTGCAGTGAGCGGAGATCGCGCCATTGCACTCCAGCCTGGGCGACCAGAGCGAAACTCTGTCTCAAAAAAAAAAAAAAA","GGCTGGGCGTGGTGGCTCATGCCTGTAATCCCAGTACTTTGGGAGGCCAAGGTGGGTGGATCACCTGAGGTCAGGAGTTCGAGACCAGCCTGGCCAATATGGTGAAACCCCATCTCTATTAAAAATACAAAAAATTAGTAGGGCGTGGTGGCACATGCCTGTAATCCCAGCTACTCAGGAGGCTGACGCAGGAGAATCGCTTGAACCTGGGAGGTGGAGGTTGCAGTGAGCTGAGATCGCACCATTGCACTCCAGCCTGGGCAACAAGAGCGAAACTCCGTCTCAAAAAAAAAAAAAAAAA"
"chr1","15515146","15515448","KN297046v1","2791168","2791468","37","12723978","GGCCAGGCACTGTGGCTCACGCCTGTAATCTCAGCGCTTTGGGAGGCTGAGGTGGGTGGATCACCTGAGGTCAGGAGTTCAAGACTAACCTGGCCAACATGGTGAAACCCCATCTCTACTAAAAATACAAAAATTAGCCAGGGATGGTGGCGGGTGCCTGTAATCCCAGCTACTCGGGAGGCTCAGGCAAGAGAATCTCTTGAACTCGGGAGGCGGAGGTTGCAGTGCGCCAAGATCGCGCACCACTGCATTCCAGCCTGGACGACAAGAGCAAGACTCCGTCTCAAAAAAAATAAAATAAAA","GGCTGGGCACAGTGGCTCACGCCTGTAATCCCAGCACTTTGGGAGACCGAGGTGGGTGGATCACCTGAGGTCAGGAGTTCGGGACCAGCCTGGCCAACATGGTGAAACCCCAGCTCTACTAAAAATACAAAAAATTAGCCAGGCATGGTGGTGGGTGCCTGTAATCCCAGCTACTCGGGAGGCTGAGGCAGGAGAATCACTTGAACCTGGGAGGCAGAGGTTGCAGTGAGCTGAGATCGCACCATTGCACTCCAGTCTGTGCAACAAGAGCAAAAGTCCGTCTCAAAAAAAAAAAAAGAAA"
"chr1","15552488","15552797","KN296518v1","35982","36282","37","15516506","GGCCGGGCACGGTGGCTCACACCTGTAATCCCAGCACTTTGGGTGGCCAAGGCGGGTGGATCGCTTGAGATCAGAGGTTTGAGACCAGCCTGGCCAACATGGCGAAACCCTGTCTCTACTAAAAATACAGAAATTTGCCAGGCGTGGTGGTGCATGCCTGTAATCCCAGCCACTCAGGAGGCTGAGGCAGGAGAATTGCTTGAGCCTGGGAGATGGAGGTTGCAGTGAGCCGAGATCGTGCCATTGCACTCCATCCTGGGTGATAAGAGCAAAACTCCATCTCAAAAAACAAAACAAAACAAAACAAAAC","GGTCAGGCGTGGTGGCTCACACCTGTAATCCCAGCACTTTGGGAGGCCGAGGCAGGCGGATCCCTTGAGGTCAGGAGTTTGAGACCAGCCTGGCCAACATGGCGAAACCCTGTCTCTACTAAAAATACAAAAATTAGCCAGGCGTGGTGGCGCATGCTTGTAACCCCAGCCACTCGGGAGGCTGAGGCAGGAGAATCACTTGAGCCCGGGAGACAGAGGTTGCAGTGTGCTGAGATCGTGCCATTGCACTCCAGCCTGGGTGACAAGAGCAAAACTCCATCTCAAAAGAAAAAAAAAAAAA"
"chr1","15620812","15621125","KN297317v1","20735","21043","35","15600077","GGCTGGGTGCAGTGGCTCATGCCTGTAATCTCAACACTTTGGGAGGCTGAGGTGGGTGGATCAACTGAGGTCAGGAGTTTGAGACTAGCCTGGCCAACATGGTGAAACCCCATCTCTACTAAAAATACAAAAAAATTAGCCGGGCATGGTGGTGGGTGCCTGTAATTCCAGCTACTTGGGAGGCTGAGACAGGAGAATTGCTTGAATCTGGGAGGTAGAGTTTGCAGTGAGCCAAGATAGCGCCATTGCACTCCTGCCTGGGCGACAAGAGTGAAACTCCATCTCAAAAAAGAAAAAAAAAAAGAAAAAAAAGA","CCGAGTGAAGTGGCTCATGTCTGTAATCCCAGCACTTTGGGAGGCTGAGGCAGGTGGATCACCTGAGGTCAGGAGTTTGAGACCAGCCTGGCCAACGTGGTGAAACCCCGTCTGTACTAAAAATACAAAAATTAGCTGGGTGTGGTGGTGGGTGCCTGTAATTCCAGCTACTCGAGAGGCTGAGGCAGGAGAATCGCTTGAACCTGGGAGGCAGAGGTTGCAGTGAGCCGAGATCACGCCATTGCACTCCAGCCTGGGCGACAAGAGCGAAACTCCATCTCAAAAAAAAAAAAAAAAAAAAAAAAAAAA"
"chr1","15621754","15622068","KN295576v1","554633","554946","52","15067121","GGCCAGGTGCGGTGGCTCACGCCTATAATCCTGGCGCTTTGGGAGGCAGATCACCTGAGGTCAGGAGTTCGAGACTAGCCTGGCCAACGTGGTGAAACCCCATCTGTACTAAAAATACAAAAAAAAAAAAAAAAAGAAAAATTAGCCAGGCGAGGGGGCAGGCGCCTGTAATCCCAGCTACTCGGGAGGCTGAGGCAGGAGAATCGCTTGAACCTGGGAGGCAGAGGTTGCAGTGAGTCGAGATCACGTCATTGCACTCCAGCCTGGGCAACAAGAGCAAAACTCCATCTCAAAAAAAAAAAAAAAGAAAGAAAA","GGCCGGGTGCAGTGGCTCCTACCTGTAATCCTAGCACTTTGGGAGGCTGAGGCGGTTGGATCAGATCAGGAGTTCAAGACCAGCCTGGCCAACATGATGAAGCCCCGTCTCTACTAAAAAAAAAAAAAAAACAGAAAAAATTAGCCAGGCATGGTGGTGGGCGCCTGTAATCCCAGCTACTAGGGAGGCTGAGGCAGGAGAATCGCTTGAACCTGGGAGGCAGAGTTTGCAGTGAGCTGAGATCGCCCCATTGCACTCCAGCCTGGGCAACAAGAGTGAAACTCCATCAAAAAAAAAAAAAAAAAAAAAAAAAA"
"chr1","15675729","15676024","KN294433v1","409687","409987","42","15266042","GGCTGAGCGCGGTGGCTCACACCTATAATCCCAGCACTTTGGGAGGCCGAGGCGGGTGGATCACTTGAGGCTAGGAGTTTGAGACCAGCCTAATCAACATGGTGAAACCTCATCTCTACTAAAAATACAAAAATTAGCTGGTGTGGTGCACACCTGTCTGTAGTCCCCACTACTCAGCAGGCTGAGGCATGAGAATTGCTTGAACCTGGGAGGCAGAGGTTGCAGTGAGCCAAGATCGCACCATTGCACTCCAGCCTGGGAGACAAGGGCGAAACTCTGTCTCAAAAAACAAACAA","GGCCGAGCACGGTGGCTCACACTTGTAATCCCAGCACTTTGGGAGGCCGAGGTGAGTGGATCACCTGAGGTCAGGAGTTTGAGACCAGCCTGGCCAACATGGTGAAACCCCATCTCTACTAAAAATACAAAAATTAACTGGGCATGGTGGTGGCGCGCCTGTAATCCCAGCTACTCAGGAGGCTGAGGCTGGAGAATTGCTTGAACCCGGGAGGCAGAGGTTACAGTGAGCAGAGATCGCGCCATTGCACTCCAGCCTGGGTGACAAGAGCCAAACTCTGTCTCAAACAAACAAACAAAAA"
"chr1","15685961","15686254","KN296731v1","1560091","1560385","33","14125870","GGCTGGGCGCGGTGGCTCATGCCTGTAATCGCAGCACTTTAAGGAGGCTGAGGCGGGCGGATCACCTTAGGTCAGGAGTTCAAGACCAGCCTGGCCAATGTGGTGAAACCCTGTCTCTACTAAAAATACAAAAATTAGCCAGGCGTGGTGGCAGGCACCTGTAATCCCAGGTCCTCAGGGGGCTGAGGCAGGAGAATCGCTTGAACTCGGGAGGCGGAGGTTGCAATGAACCGAGATCATGCCATTGCACTCCAGCCTGGGTGACAAGCAAAACTCTATCTCAAAAAAAAAAAA","GGCCGGGCACAGTGGCTCATGCCTATAATCCCAGCACTTTAGGAGGCTGAGGTGGGTGGATCACCTGAGGTCAGGAGTTCGAGACCAGCCTGGCCAATATGGTGAAACCCCGTCTCTACTAAAATACAAGAATTAGCCAGGCGTGGTGGCAGGCACCTGTAATCCCAGCTACTCAAGAGGCTGAGGCAGGAGAATCGCTTGAACCCGGGAGGCAGGGGTTGCAGTGAGCCAAGATCGTGCCATTGTGCTCCAGCCTGGGTGATAAGAGCAAAACTCTGTCTCAAAAATAAATAAA"
"chr1","15695382","15695687","KN294387v1","2599087","2599393","33","13096295","GGTCGGGCGCAATGGCTCACGCCTGTAATCCCAACACTTTGGAAGGCCGAGGCGGGCAGATCACCTGAGGTCAGGAGTTCGAGACCAGCCTGACCAATATGATGAAACCCCATCTGTACTAAAAATATAAAAATTAGCCGGGCATGCTGGCGGGCGCCTATAATCCCAGCTATTCAGGAGGCTGAGACAGGAGAATTGCTTGAACCCGGGAGGCGGAGGTTGCAGTGAGCCGAGATCGTGCCATTGCACTCCAGCCTGGGCAACAAGAGTGAAATTCTGTCTCAAAAAAAAAAGAAAAAAAAAAAA","GGCCAGGCACAGTGGCTCACACTTGTAATCCCAGCACTTTGGGAGGCCGAGGTGGGCGGATCACCTGAGGTCAGGAGTTCAAGACCAGCCTGGCCAACATGGTGAAACCCCATCTCTACTAAAAATACAAAAATTAGCTGGGCGTAGTGGCGGCCACCTGTAATCCCAGCTACTTGGGAGGCTGAGGCAGGAGAATTGCTTGAACCCAGGAGGCGGAGGTTGCAGTGAGCCGAGATTGTGGCCATTGCACTCCAGCCTGGGCAACAAGAGTGAAACTCTGACTCAAAAAAAAAAAAAAAAAAAAAAA"
"chr1","15714282","15714575","KN295090v1","1657716","1658013","34","14056566","GGCCGAGTGTGGTAGCTCGAGCCTGTAATCCCAGCACTTGGGAGGCCGAGGCGGGTGGATCACCTGAGGTCAGGAGTTTGAGACCAGCCTGGCCAACATGGTGAAACCCCATCTCTACTAAAAATACAAAAATTAGCCGGGCATGGTGGTGGGCGCCTGTAATCCCAACTTTTCGGGAGGCTGAGGCAGGAGAATTGCTTGAACCCACGAGGCGGGGTTTGCAGTGAGCCAAGATGGCACCACTGCACTCCAGCTTGGGTGACAAGAGCAAAACTCCATCTCAAAAAAAAAAAA","GGCTGGGTGTGGTGGCTCACGCCTGTAATCCCAGCATTTTGGGAGGCTGAGGCGGACGGATCACCTGAGGTCGGGAGTTCGAGACCAGCCTGGCCAACATGGTGAAACCCCATCTCTACCAAAAATACAAAAATTAGCCGGGCGTGGTGGTGGGCGCCTGTAATCCCAGCTACTCGGGAGGCTGAGGCAGGAGAATCGCTTGAACCCAGGAGGCGGAGGTTGCAGTGAGCCAAGATCTCGCCATTGCACTCCAGCCTAGGGGACAAGAGCAATACTCTGTCTCAAAAAACAAAACAAA"
"chr1","15747355","15747656","KN296938v1","1006669","1006968","32","14740686","GGCCAGGCGTGGTGGCTCACACCTGTAATCCCAGCACTTTGGGAGATCAAGGTGGCTGGATCACCTGAGGTCAGAAGTTCAAGACCAGCCTGGTCAACATAGTGAAACTCTGTCTCTACTAAATATACAAAAATTAGCTGGGCGTGGTCGCAGTCGCCTGTAATCCCAGCTACGCAGGAGGCTGAGGCAGAAGAATCACCTGAACCCGGGAGGTGGAGGTTGCAGTGAGCCGAGATGGCGCCATTGCACTCCAGCCCAGGCAACAAGAGCGAAACTTCATCTCAAAAGAAAAAAAAAAAAAA","GCCAGGTGCGGTGGCTCACGCCTGTAATCCGAGCACTTTGGGAGGCCAAGGCGGGTGGATCACCTGAGGTCAGAAGTTCAAGAGCAGCCTGGTCAACATGGTGAAACCCTGTCTCTACTAAATATACAAAAATGAGCTGGGTGTGGTGGCGGGTGCCTGTAATCCTAGGTACTCGGGAGGCTGAGGAAGGAGAATCGCTTGAACCCGGGAGGCGGAGGTTGCAGTGAGCCGAGATCGCGCCATTGCTCTCCAGCCTGGGCAACAAGAGCGAAACTTCATCTCAAAAAAAAAAAAAAAAAA"
"chr1","15749986","15750228","KN295610v1","706599","706842","31","15043387","GGGTGGATCACCTGAGGTCAGGAGTTCAAGACCAGCCTGGCCAACATGGTGAAACCCAATCTCTACTAATAATACAAAAATTAGCTGGACGTGGTGGCAGGTACCTGTAATCCCAGCTACTTGGGAGGCTGAGGCAGGAGAATCACTTGAACCTGGAAGGTGGAGGTTGTAGTGAGCCAAGATTGCGCCATTGCTCCCCAGCCTGGGCAACAAGAGCGAAACTCCATCTCAAAAAAAAAGAAA","GGTGGATCACCTAAGGTCAGGAGTTCGAGACCAGCCTGGTCAACATAGTGAAACCTCGTCTCTACTAAAAAAACACAAAAATTAGTTGGGCGTGGTGGCAGGTGCCTGTAATCCGAGCTACTTGGGAGGCTGAGGCAGGAGAATCACTTGAGCCTGGGAGGCAAAGGTTGCAGTGAGCCAAGATTGTGCCATTGCACTCCAGCCTGGGTGACAAGAGAAAACTCCATCTCAAAAAAAAAAAAAA"
"chr1","15759339","15759643","KN297019v1","1233639","1233939","31","14525700","GGACAGGCACAGTGGCTCAAACCTGTAATCCCAGCACTTTGGGAGGCCAAGGCAGGTGGATCACCTGAGGTCAGGAGTTCAAGACCAGCCTGGCCAACATGCTGAAGCCCCATCTCTACTAAAAATACAAAAAATAGCCGGGCATGGTGGCACTTGCCTGTAATCCCAGCTACTCGGGAGGCTGAGGCAGGAGAATCGCTTGAACCCAGGAGGTGGAGCTTGCAGTGAGCCGAGATTGCACCATTACACTCCAGCCTGGGCAACAAGAGAGAAATTCAGTCTCAAAAAAAAAAAAAAAGAAGAAA","GCCAGGCACGATGGCTCACACCTGTAATCACAGCACTTTGGGAGGCCAAGGCAGGTGGATCACCTGAGATCAGGAGTTCAAGACCAGCCTGGCCAACATGGTGAAACCCCATCTCTACTAAAAATACAAAAATTAGCTGGGCATGGTGGTGGGTGCCTGCAATCCCAGCTACTTGGGAAGCTGAGGCAGGAGAATTGCTTGAACCTGGGAGGTGGAGGTTGCAGTGAGCCGAGACTGCGCCATTGCACTCCAGCCTGGGCAACAAGAGTGAAACTCCGTCTCAAAAAAAAAAAAAAAAAAA"
"chr1","15764064","15764365","KN295315v1","360280","360581","27","15403784","GGCTGGGCACGGTGGCTCATGCCTGTAATCCCAGCACTTTGGGACCCCGAGGCAGGTGGATCACCTGAGGTCAGGAGTTCGAGACCAGCCTGGCCAACATGGTGAAACCCTGTCTCTACTAAAAATACAAAAATTAGCCGGGCGTGGTGGCGGGTGCCTGTAATCCCAGCTATTCGGGAGGCTGAGGCAGGAGAATCGCTTGAACCTGGGAGGCAGAGGTTGCAGTAAGCCGAGATTGTGCCATTTCACTCCAGCCTGGGCAATGAGAGTGAAACTCCATCTCTAAAGAAAAAAAAAAAAAA","GGCCGGGCGCGGTGGCTCACGCCTGTAATCCCAACACTGTGGGAGGCCGAGGCAGGTGGATCACCTGAGGTCAGGAGCTCGAGACCAGCCTGGCCAACATGACGAAACCCTGTCTCTACTAAAAATACAAAAAGTAGCCGGGTGTGGTGGCAGGTGCCTGTAATCCCAGCTACTTGGGAGGCTGAGGCAGGAGAATCGCTTGAACATGGGAGGCGGAGGTTGCAATAAGCCGAGATCGTGCCATGGCACTCCAGCCTGGGCAACAAGAGCGAGACTCCATCTCAAAAAAAAAAAAAAAAAAA"
"chr1","15783087","15783386","KN294662v1","79885","80185","35","15703202","GCTAGGCGCGGTGGCTCACGCCTGTAATCCCAGAACTTTGGGAGGCCAAGGCGGGTGGATCACCTGAGGGCAGGAGTTTGAGACAGGCCTGGCCAACATGGTGAAACTCCATCTCTACTAAAAATACAAAAATTAGCCGGGTGTGGTGGCCCATGCCTGTAATTCCAGCTACTCGGGAGGCTGAGGCAGGAGAATCACTTAAACCTGGGAGGCGGAGGTTGTGGTGAGCAGAGATCACGCCATTGCACTCCAGCCTGGGCAACAAGAGCAAAACTCTCTCAAAAAAAAAAAAAAAAAAAA","GGCTGGGCGTGGTGGCTCATGCCTGTAATCCCAGTACTTTGGGAGGCCAAGGTGGGTGGATCACCTGAGGTCAGGAGTTCGAGACCAGCCTGGCCAATATGGTGAAACCCCATCTCTATTAAAAATACAAAAAATTAGTAGGGCGTGGTGGCACATGCCTGTAATCCCAGCTACTCAGGAGGCTGACGCAGGAGAATCGCTTGAACCTGGGAGGTGGAGGTTGCAGTGAGCTGAGATCGCACCATTGCACTCCAGCCTGGGCAACAAGAGCGAAACTCCGTCTCAAAAAAAAAAAAAAAAA"
"chr1","15791339","15791636","KN296153v1","3677943","3678242","36","12113396","GGCCGGCCATGGTGGCTCACGCCTGTAATCCCAGCACTTTCGGAGGCCAGGGCAGGTGGATCATCTGAGGTCAGGAGTTTGAGACCAGCCTGACCAACATGGTAAAACTCTGTCTCTACTAAAAATACAAAAAATGAGCTGGGTGGGGTGGACGCCTGTAATCCCAGTTACTCAGGAGGCTGAGGCAGGAGAATCACCTGAACCCGGGAGGTGGAGGTGGCAGTGAGTCGAGATCGCGCCATTGCACTTCAGCCTGGGCAACAAGAGCGAAACTCGGTCTCGAAAAAAAAAAAGGAAA","GGCCGGGTGTGGTGGCTCACGCCTGTAATCCCAGCACTTTGGGAGGCCAAGGCAGGTGGATCACTTGAGGTCAGGAGTTCGAGACCAGCCTGGCCAACATAGTGAAACCCCATCTCTACTAAAAATAAAAAAAATTAGCTGGGCGTGGTGGCAGGCGCCTGTAATCCCAGCTACTCGAGAGGCTGAGGCAGGAGAATCACTTGAACCTGGGAGGCGGAGGTTGCAGTGAGCAGAGATTGCGCCATTGCACTCCAGCCTGGGCAACAAGAGCGAAACTCCGTCTCAAAAAAAAAAAAAAAA"
"chr1","15793602","15793906","KN294747v1","1006978","1007284","37","14786624","GGCCAGGCTTGGAGACTCACCCCTGTAATCCCAGCACTTTGGGAGGCCGAGGCGGGTGGGTCACCTGTGGTCAGGAGTTTGAGATCAGCCTGGCTAACATGGTGAAACCCTGTTTCTACTAAAAATACAAAAAATTAGCCAGGCGTGGTGGCGGGCGCCTGTAATCCCAGGTACTCAGGAGGTTGAGGCAGGAGAATCGCTTGAACCCGGGAGGCGGAGGTTGCAGTGAACCAAGATCATGCCATCGCACTCCAGCTTGGGCAAAAAGAGCGAAACTCCATCTCAAAATAAATAAATAAATAAAA","GGCCGGGCGTGGTGGCTCACACCTCTAATCCCAGCACTTTAGGAGGCCGAGGCAGGTGGATCACCTGAGGTCAGGAGTTTGAGACCAGCCTGGCCAACATGGTGAAACCCCATCTCTACTAAAAATACAAAAAAATTAGCCAGGCGTGGTGGTGGACGCCTGTAATCCCAGCTACTCAGGGGGCTGAGGCAGGACAATCGCTTGAATCTGGGAGGCTGAGGTTGCAGTGAGCCAAAATCATGCCATTACACTCCAGCCTGGGCAACAAGAGCGAAACTCCATCTCAAAAAAAAAAAAGGTAACAAAA"
"chr1","15820756","15821063","KN296934v1","897698","898003","32","14923058","GCCGGGCGCGGTGGCTCACGCCTGTAATCCCAGCACTTTGGGAGGCCGAGGCAGGTAGGTCATGAGGTCAGGAGTTCAAGACCATCCTGGCCAAGATGGTGAAAACCTGTCTCTACTAAAAATACAAAACAATTAGCCATGTTGGTGGTGGACGCCTGTAATCCCAGCTACTCAGGAGGCTGAGGCAGGAGAATCGCTCGAACCCAGGAGGCGGAGGTTGCAGTGAGCCGAGATCATGCCATTGCAATCCAGCCTGGGCAACAAGAGTGAAACTCTGTCTCAAAAAAAAAAAAAAAAAAAAAAAAAAA","GCCGGGTGTGGTGGCTCACACCTGTAATCCCAGCACTTTGGGAGGCCAAGGCAGGCAGATCACCTGAGGTTAGGAGTTCGAGACCGGCCTGGCCAACATGGTGAAACCCTGTCTCTACTAAAAATACAAAAATTAGCCAGGTGTGGTGGCGGGCACCTGTAATCCCAGCTACTCAGGAGGCTGAGGCAGGAGAATCGCTTGAACCCAGGAGGTAGAGGTTGCAGTGAGCCAAGATCGTGCCATTGCACTCCAGCCTGGGCAACAAGAGAGAAACTCCGTCTCAAAAAAAAAAAAAAAAAAAAAAAA"
"chr1","15821085","15821395","KN297159v1","3314158","3314468","35","12506927","GCTGGGTGCGGTGGCTCATGCCTGTAATCCCAGCACTTGGTGAGGCCGAGGTAGGTGGATCACCTGAGGTCAGGAGTTTGAGACCAGCCTGACCGATATAGTGAAACCCCATCTCTACTAAAAATACAAAAAATTAGCTGGGCATGGTGGCAGGTGCCTGTAATCCCAACTACTCGGGAGGCTGAGGCAAGAGAATCGGCTGAACCTGGGAGGCGGAGGTTGCAGTGAGGCAAGATCGTGCCATTGCATTCCAGCCTGGGCAACAAGAGCACAACTCCATCTCAAAAAAAGAAAAAAGAAAAAAAAAAAAA","GCTGGGCGCAGTGGCTCATGTCTATAATCCCAGCACTTTGGGAGGCTGAGACAGGTGGATCACCTGAGGTCAGGAGTTTGAGACCAGCCTGGCCAACATAGTGAAACCCTATCTCTACTAAAAATACAAAAAATTAGCTGGGCGTGGTGGCGGGCACCTGTAATCCCAGCTATTAGGGAGGCTGAGGAAGGAGAATCGCTTGAACCTGGGAGGTGGAGGTTGCAGTGAGCCAAAATCGCGCCATTGCACTCCAGCCTGGGCAACAAGAGTGAAACTCCATCTCAAAAAAAAAAAAAAGAAAAGAAAGAAAA"
"chr1","15866821","15867098","KN297408v1","76315","76595","41","15790506","GGCCGGGCATAGTGGCTCACGCCTGTAATCCCAGCACTTTGGGAGGCTAAGGCAGGTGGATCACCTGAGGTCAGGAGTTTGAGACCAGCTTGGCCAATGTGGTGAAACCCCCGTCTCTACTAGAAATATAAAAATTAGCCAGGTGTGGTGGCAGGTGCCTGTAATCCCAGCTACTTGGGAGGCACGAAAATTGCTTGAACCTGGGAGGCGGAGGTTGCAGCGAGCCAATATCCCACCCTTGCACTCCAGTCTGGCAAACAGGAGAGAAACTCCACCTC","GGCCGGGCACAGTGGCTCATGCCTGTAATCCCAGCACTTTGGGAGACTGAGGCAGGTGGATCACCTGAGGACAGGAGTTCAAGACCAGCTTGGCCAACATGGTGAAACCCCATCTCTACTAAAAATACAAAAATTAACCAGGTATTGTGGCAGGTGCCTGTAATCCCAGCTACTTGGGAGGCTGAGGCAGAAAAAGTGCGTGAACCTGGGAGGCAGAGGTTGTGGTGAGCCAAGATCGCGCCATTGCATTCCAACCTGGGTAACAAGAGCGAAACTCCATC"
"chr1","15876018","15876332","KN295501v1","1005257","1005557","48","14870761","GGCTGGGTGCAGTGGCTCACACCTATAATCACAGCACTTTGGGAGGCCGAGGCGGGCAGATCATTTGAGTTCAGGAGTTTGAGACCAGCCTGGCCAACATGGCAAAACCCTGTCTCTACTAAAAATACAAAAATTAGCCAGGCGTGGTGGCATGTGCCTGTAATCCCACGTACTCAGCAGGCTAAGGCAGGAGAATTGCTTGAACCCGGGAGGCAGAGGTTGCAGTGAGCTGAGGTTGCAGTGAGCTGAGATCGCACCACTGCACTCCAGCCTGGGTGACAAGAGCAAAACTCTGTCTCAAAAAAAAAAAAAAAA","GGCCGGGTGCAGTGGCTCACGCCTGTAGTCCCAGTACTTTGGGAGGCCAAGGCAGGCAGATCACCTGAGGTCAGGAGTTTGAGACCAGCCTGGCCAACATGGTGAAACCCTGTCTCTACTAAAAATACAAAAATTAGTCGGGCATGGTGGCACGTGCCTGTAATCCCAGCTACTCGGCAGGCTGAGGCAGGAGAATTGCTTGAACTCGGGAGGCAGAGGTTGCAGTGAGCTGAGATCACGCCATTGCACTCCAGCCTGGGGAACAAGAGCGAGACTTCATCTCAAAAAAAAAAAAAAAAAA"
"chr1","15885353","15885490","KN296795v1","1955999","1956137","18","13929354","TCCCAGCACTTTGGGAGGCTGAGGCAGGAGAATCACTTGAACCCGTGGGGGTGGAGGTTGCAGTGAGGTGAGATGGCACCATTGCACTCTAGCCTGGGCAACAAGAGCGAAACTCTGTCTAAAAAAAAAAAAAAAAAA","TCCCAGCTACTCGGGAGGCTGAGGCAGGAGAAGTGCTTGAACCTGGGAGGTGGAGGTTGCAGTGAGCTGAGATCACGCCATTGCACTCCAGCCTGGGCAACAAGAGCGAAACTCCATCTCAAAAAAAAAAAAAAAAGAA"
"chr1","15899667","15899977","KN296062v1","165336","165642","39","15734331","GGCTGGGCACAGTGGCTCACGCCTGTAATCCCAGCACTTTGGGAGGCCAAGATGGGCGGATCACGAGGTCAGGAGTTCAAGACCAGCCTGACCAACATGGTAAAACCCCGTCTCTACTAAAAATGCAAAAATTAGCTGGGCATGGTGGTGCCTGCCTGTAGTCCCAGCTACTCAAGAGGCTCAGGCAGGAGAATCACTTGAACCTGGGAGGTGGAGGTTGCAGTGAGCTGAGATTGCATCATTGCACTCCAGCCTGGGTGACAAGAGCAAAAAAACTCCATCTCAAGAAGTACTGAAAAAAAAACAAAAAA","GGCTGGGCATGGTGGCTCACGCCTGTAATCCCAGCACTTTGGGAGGCTGAGGCAGGCGGATCACCTGAGGTCAGGAGTTCAAGACCAGCCTGGCCAACATGGTGAAACCCCATCTCTACTGAAAATACAAAAATTAGCTGGGCGTGGTGGTGGGTGCCCGTAATCCCAGTTACTCAAGAGGCTGAGACAGGAAAATCACTTGAACCTGGGAGGCAGAGGTTGCAGTGAGCTAAGATCGCACCATTGCACTCCAGCCTGGGTGACAAGAGCAAAACTCCATCTCAAAAAATAAAAAATAAAAAAACAA"
"chr1","15907688","15907984","KN296654v1","6694","6974","36","15900994","GGCTGGGCATGGTGGCTCACCCTTGTAATCCCAGCACTTTGGGAGGCCAAGGTGGGTGGATCACCTGAGGTGAGGAGTTCAAGACCAGCCTGGCCAACATGGTGAAACCCTGTCTCTACTAAAAATACAAAAATTAGCCAGGCATGGTAGCAGGTGCCTGTAATCCCAGCTACTGGGGAAAGCTGAGGCAGGAGAATTGCTTCAATCTGGAAGGCAGAGGTTGCAGTGAGATTGCACCATTGCATTCCAGCCTGGGCAACAAGAGGGAAACTCCGTCTCAAAAAAAAAAAAATAAAA","GGCTGGGCAGGGTGGCTTACGCTTGTAATCTCAGCACTTTGGGAGGCCAAGGTGGGTGGATCATTTGAGATCAGGAGTTCAAGACCAGCCTGGCCAACATGGTGAAACCCTGCCTCTACTAAAAATACAAAAACTAGCTGGGCATGGTAGCAGGTGCCTGTAATCCCAGCTACTGGGGAAGCTGAGGCAGGAGAATCACTTGAACCTGGGAGGCAGAGGTTGCAGTGAGATTGCACTGCAGCCTGGGTGACAAGAGGGAAACTCTGTCTCAAAAAAAAAAA"
"chr1","15910928","15911232","KN294407v1","93660","93961","45","15817268","GGCCAGGCACGGTGGCACATGCCTGTAATCCCAGCACTTTGGGAGGCCAAGGCGGGTAGATAGCCTGAGGTCAGGAGTTCGTGACCAGCCTGACTAACATGATGAAACCCCATCTCTACTAAATACAAAAAAGTTAGCCGGGCCTGGTGGCACATGCCTGTAATATGAGCTACTTGATAGGCTGGGACAGGAGAGTCCCTTGTACTTGGGAGGTGGAGGTTGCAGTGAGCTGAGATCACGCCATTGCACTCTAGCCTGGGCAACAAGAGCAAAACTCCATCTCAAAATAAATAAATAAATAAATA","GGCCAGGCACGGTGGCTCACACCTGTAATCCCAGCACTTTGGGAGGCCAAGGCGGGTGGATCACCTGAGATCAGGAGTTCGAGACCAGCCTGACCAACATGGTGAAACCCAGTCTCTACTAAAAATACAAAAAATTAGCTGGGCGTGGTAGTGGGTGCTTGTAATCTCAGCTACTTGGGAGGCTGAGGCAGGAGAATCACTTGAACCTAGGAGGTGGAGGTTGCAGTGAGCCAAGATCATGCCATTGCACTTCTAGACTGGGCAACAAGAGCAAAACTCCGTCTCAAAAAAAAAAAAAAAAA"
"chr1","15939933","15940243","KN296654v1","41707","42019","29","15898226","GGCCAGGCGTGGTGGCTCACGCTTATAATCCCAGCACTTTGGGAGGCAGAGGCAGTCGGATCACCTGAGGTCATAAGTTCAAGACCAGCCTGGCCAACATGGTGAAACCCCGTCTCTACTAAATATATTTTTAAAAAGATTAGCTGGGTGTGGTGGCGGTCGCCTGTAATCCCAGCTACTTGGGAGCCTGAGGCAGGAGAATCGCTTGAACCCGGGAGGCAGAGGTTGCAGTGAGCCGGGATCACATCATTGCACTCCAGCCTGGGCAACAAGAGTGAAACTTCATCTCAAAAAAAAGAAAAAAAAAAAAA","CAGGCATGGTGGCTCACACTTGTAATCCCGGCACTTTGGGAGGCTGAGGCAGGTGGATCACCTGAGGTCATAAGTTCAAGACCAGCCTGGCCAACATGGTGAAACCCCGTCTATACTAAATATATTTTTAAAAAGATTAGCTGGGTGTGGTGGCGGGCGCCTGTAATCCCAGCTACTCAGGTGCCTGAGGCAGGAGAATCCCTTGAACCCGGGAGCCAGAGGTTGCAGTGAGTCAAGATCACGTCATTGCACTCCAGCCTGGACAAAAAGAGTGAAACTTCATCTCAAAAAAAAAAAAAAAAAAGAAAACAAA"
"chr1","15948718","15948984","KN297019v1","760844","761124","55","15187874","GGGCCCAGTGGCTCACACCTGTAATCCTAGCACTTTGGGAGGTCAGGAATTTGAGACCTGCTTGACCAACATGGTGAAACCCCATCTCTACTAAAAAATACAAAAATTAGCCAGGCGTGGCGGCACATGCCTGTAATCACAGCTACTTGGGAGGCTGAGACAGGAGAATCGCTTGAACCCGGGAGGTGGAGGTTGCAGTGAGCCACGATGTCGCCCACGCTGGGCGACAAGAGTGACACGCCATCTCAAAAAAAAAAAAAAAAAAAA","GGCCGGGCGTAGTGGCTCACGCCTGTAATCCCAACACTTTGGGAGGTCATGAGTTTGAGACCAGCCTGGCCAACATGATGAAACCCTGTCTCTTACTAAAAATACAAAATTAGCTGTGTGTGGTGGCACATAACTGATCACAGCTACTTGGGAAGCTGAGGCAGGAGAATCGCTTGAACCTGGGAGGCGGAGGTTGCAGTGAGCCAAGATCACGCCATTGCTCTCCAGCCTGGACAACAAGAATGAAACTCCATCTCAAAAAAAAAAAAAAAAAAAAAAAA"
"chr1","15963887","15963971","KN296311v1","7909976","7910054","18","8053911","GCAGTGAGCCAAGATCACGCCATTGCACTCCAGCCTGGGCAACGAGCGAAACTCCATCTCTAAATAAATAAATAAATAAATAAAT","CAGTGAGCCGAGATCCCACCATTGCACTCCACACTGGGCAACAAGAGTAAAACTCTATCTCAAAAAATTAATAAATAAA"
"chr1","15968233","15968540","KN296859v1","1719114","1719417","37","14249119","GGCCGGGCATGGTGGCTCACGCCTGTAATCCCAGCACTTTGGGAGGCCAAGGTGGGCAGATCACCTGAGGTCAGGAGTTCAAGACCAGCCTGGCCAACATGGTGAAACCCCGTCTTTAGTAAGAATACAAAAAACTAGCCTGGTGTGGTGGTGCGCGCCTGTAATTCCAGCTACTCGGAAGGCTGACGCAGGAGAATCGCTTGAACCTGGGAGGCGGAGGTTGCAGTGAGCTGAGACAGCGCCATTGTGCCCCAGCTTGGCTAACAAGAGCGAAACGTGGTCTCAGGAAAAAAAAAAAAAAAAAAAAA","CCGGGCGCGGTGGCTCACGCCTGTAATCCCAGCACTTTGGGAGGCCAAGGAGGGCAGATCACCTGAGGTCAGGAGTTCAAGACCAGCCTGGCCAACATGGTGAAACCCCGTCTCTACTAAAAATACAAAAATTAGCCTGGCATGGTGGTGCGTGCCTGTAATCCCAGCTACTCGGGAGGCTGAGGCAGGAGAATCGCTTGAACCTAGGAGGCAGAGGTTGCAGTGAGCAGAGATTGTGCCATTGCGCTCCAGCCTGGGGGATGAGAGTAAAACTTTGTCTTAAAAAAAAAAAAAAAAAAAAAAA"
"chr1","15999603","15999912","KN296654v1","111536","111832","41","15888067","GGCCAGGCGCAGTAGCTCGCACTGGTAATCCCAACACTCTGGGAGGCCAAGGCAGGTGGATCACCTGAGGTCAGGAGTTAAGAGACCAGCCTGGCCAACACGGTAAATCCCCGTTTCTACTAAAAATACAAAAATTGGCCTGGCGTGGTGATGGGTGCCTGTAATCTCAGCTACATGGGAAGCTGAGGCAGAAGACTCACTTGAACCCAGGAGGTGGAGGGTGCTGTGAGCCAAGATCACGCCATTGCACTCCAGCCTAGGTGACAAGAGCGAGAGACTCCATCTCAAAAAAAAAAAAAAAAAAAAAAAA","GGCCAGGCACGGTAGCTCACGCCGGTAATCCCAACACTCTGGGAGGCCAAGGCAGGTGGATCACCTGAGGTCAGGAGTTAGAGACCAACCTGGCCAAAACAGTGAAACCCCGTCTCTACTAAAAATACAAAAATTGGCTAGGCATGGTGGTGGGCGCCTGCAATCTCAGCTACTTGGGAGGCTGAGGCAGGAGACTCACTTGAATCCGGGAGGTGGAGGATGCAGTGAGCCAAAATCACACCACTGCACTCCAGCCTAGGTGACAAGAGTGAGACTCCATCTCAAAAAAAAAAAAAA"
"chr1","16009969","16010280","KN294421v1","131050","131353","45","15878919","GGCCAGGCGCGGTGGCTCATGCTTGTAATCCAGCACTTTGGGAGGTCGAGGTGGGCAGATCACTGGAGGTCAGGAGTTTGACACCGGTCTGACCAACATGGTGAAACCCCATCTCTACTAAAAATACAAAAATTAGTTGGGCGTGGTGGCACATGCCTGCAATCCCAGCTACTCAGGAGGCTGAGGCAGGAGAACTGCTTGAACCTGGGAGGCGGAGGTTGCAGCAAGGCGAAATCAAGCCATTGCACTCCAGCCTGGGTGATAAAAGCAAAAAACCCCATCTCAAAAAAAAAAAAAAGAAAAGAAAAGAAA","GGCCAGGTGTGGTGGCTCATGCCTGTAATTCTAGCACTTTGGGAGGCCGAGGCGGGCAGATCACCTGAGGTCAGGAGTTCGAGACCAGCCTGGCCAACATGGTAAAACCCCATCTCTACTAAAAATACAAAAATTAGCCAGGCGTGGTGGCAGATGCCTATAATCCCAGTTACTCAGGAGGCCGAGGCAGGAGAATCGAACTTGGGAGGCGGAGGTTGCAGTGAGCCAAGATCACGCCAGTGCCCTCCAGCCTGGGCGAGAAGAGCAAGACCCCATCTCAAAAAAAAAAAAAAAAAAAAAAGAA"
"chr1","16013618","16013917","KN295977v1","476948","477243","30","15536670","GGCAGGGCATGGTGGCTCACGTCTGTAATCCCAGCACTTTAGGAGGCTGAGGCAGGCAGATCACCTGAGGTCAGGAGTTCAAGACCAGGCTGGTCAGCATGGCGAAACCCCATCTCTATTAAAAATACAAAATTAGCTGGGCATGGTGGCATGCACCTGTAATCCCAGCTAATCAGGATGCTGAGGCAGGAGAATCGTTTGAACCCAGGAGGTGGAGGTTGCAGTGAGCTGAGATTGCGCCATTGCACTCCAGCCTGGGCAACAAGAGTGAAACTCTGTCTCAAACAACAACAACAAAAA","GCTGGGCATGGTGGCTCACGCCTGTAATCCCAGCACTTAGGGAGGCTGAGGCGGGTGGATCACCTGAGGTCAGGAGTTCAAGATCAGACTGGCCAACATGGTGAAACCCCATCTCTACTAAAAATACAAAAATTAGCTGGGCATGGTGGCAGGCACTTGTAATCCCAGCTGTTCAGGAGGCTGAGGCAGGAGAATCGTTTGAACTCAGGGGGTGGAGGTTGCAGTGAGCCGAGACTGCGCCATTGCACTCCAGGCTGGACAACAAGAGTGAAACTCTGTCTCAAAAAAAAAAAAAA"
"chr1","16026273","16026531","KN295667v1","418942","419199","37","15607331","GGCTGGACGCAGTGGCTCACACCTGTAAGCCCAGCACTTTGGGAGGCTGAAGCAGGTAGATTACCTGAGGTCAGGAGTCTGAGACCAGCCTGGCCAACATGGTGAAATACCATCTGTACTAAAAATAGAAAATTAGCCAGGTGTGGTGGCGTGTGTGTGTAATCCCAGCTACTCCGGAGGCTGAAGCAGGAGAATCACTTGAACCCAAGAGGCAGAGGTTGCAGTGAGCCAAGGTTGCGCCATTGCACTCCAGCCTGGG","GGCTGGACGCAGTGGCTCACGCCTGTAATCCCAGCACTTTGGGAAGCCGAGGCAGGTGGATCACCTGAGGTCAGGAGTTTGAGACCAGCCTGGCCAACATAGTGAAACCCATGTCTACTAAAAATACAAAAAAGTAGCTGGGTGTGGTGGCAAGCACCTGTAATCCCACCTACTCAGGAGGCTGAGGCAGGAGTATCGCTTGAACCCAGGAGGTGGAGGTTGCAGTGAGCCAATATTGCGCCATTGCACTCCAGCCTG"
"chr1","16035875","16036176","KN294873v1","1249435","1249733","37","14786440","GGCCGGACGTCATGGCTCACACCTGTAATCTCAGCACTTTGGGAGGTTGAGGCGGGTGGATCACCTGAGGTCAGGAGTTCAAGACTAGCCTGCCCAACATGGCGAAACCCCATCTCTACTAAAAATACAAAAATTTGGCCAGGCATGATGGCGGGCACCTGTAATCCCAGCCACTTGGGAGGTTGAGGCAGGAGAATTGCTTGAACCCAGGAGGCAGAGGTTGCAGTGAGCCGAGATTGCTCCACTGCACTCCAGCCTGGGCGACAAGAGTGAAACTCCATCTCAAAGAAAAAAAAGAAGAA","GGCTGGGCGTGGTGGCTCACACCTATAATCCCAGCACTTTGGGAGGCTGAGGCGGGTGGATCACCTGAGGTCAGGAGTTCAACACCAGCCTGGCCAACATGGTGAAACCCCACCTCTACTAAAAATACAAAAATTGGCAGGGTGTGGTGTCGGGCACCTGTAGTCCCAGCTACTCAGGAGGCTAAGGCAGGAGAATTGCTTGAACCCGGGAGGCAGAAGTTGCAGTGAGCTGAGATTGCGCCATTGTACTCCAGCCTGGGTGACAAGAGCGAAACTCCATCTCAAAAGAAAAAAAAAAA"
"chr1","16038740","16039026","KN294239v1","334831","335118","38","15703909","CTGGGCATGGTGGCTCACACATGTAATCCCACCACTTTAGGGGCCAAGGCAGGCGAATCACCTGAGGTCAGGAGTTTAAGACCAGCCTGGCCAACACGGTGAAACCCCGCCTCTACTAAAAAATACAAAAATTAGCTGGGCATGGTGGCGGGCGCCTGTAATCCCAGCTACTCAGGAGACTGAGGCAGAAGAATCGCTTGAACCCAGGAGGCGGAGGCTGCAGTGAGCCAAGATCGCACCACTGCACTCCAGCCTGGGTGACAAGAGTGAAACTCTGTCTAAAAAAA","CTGGGCACGGTGGCTCACACCTCTAATCCCAGCACTTTGGGAGGCTGAGGTGGGCGGATCACCTGAGGTCAGGAGTTTGAGACCAGCCTGGCCAACATGGTGAAACCCCATCTCTACTAAAAATACAATAAAATTAGCTGGGCATGGTGGTGGGCCCCTGTAATCCCAGCTACTTGGGAGGCTGAGGCAGGAGAATCACTTGAACACAGGAGGCAGAGGTTGCAGTGAGCCGAGATCACACCATTGCACTCCAGCCTAGGTGACAAGAGAAGACTCCATCTCAAAAAA"
"chr1","16039561","16039856","KN296654v1","154738","155022","41","15884823","GGCTGGGCACCGTGGCTCACGCCTGTAATCCTAGCACTTTGGGAGGCGGAGGTGGGCGGATCACTTGAGGTCAGGAGTTCGACACCAGCCTGGCCAACACGGTGAAAACCTGTCTCTACTAAAAATACAAAAATTAGCCAGGCATGGCGGCACATGCCTGTAATCCTAGTTATTCTGAAGGCTGAGGCAAGAGAATCGCTTGAGCCCGGGAGGCAGAGGTTGCGGTAAGCCAAGATCGCGCCATTGCGCAGGTGACAAAAGTGAAACTGTCTTAAAAATAAATAAATAAAATAAAA","GGGCATGGTGGCTCATGCCTGTAACCCCAGCACTTTGGGAGGCGGAGGCGGGCGGGTCACTTGAGGTCAGGAGTTCAACACCCACCTGGCCATCACGGTGAAACCCTGTCTCTACTAAAAATACAAAAATTAGCCAGGCATGATGGCACGTGCCTGTAATCTCAGCTATCCTGAAGGCTGAGGAGAATCGCTTGAACCCGGGAGGCAGAGGTTGCAGTGAACCAAGATCGCACCATTGCACAGGTGACAAAAGTGAAACTCTGTCTCAAAAATAAATAAATAAAA"
"chr1","16118835","16119155","KN296654v1","229685","229991","44","15889150","GGCCGGGCATGGTGGCTCATGCCTGTAATCCCAGCACTTTGGGAGGCCGAGGCGGCTGGATCACCTGAGGTCAAGAGATCGAGACCAGCCTGGCCAACACGGTGAAACCCCGTCTCTACTAAAAATACAAAAAATGGCTGCCCAGATATCTGCTGGGCATGGTGACGGGCACCTGTAATCCCAAATACTCAGGAGGCTGAGGCAGGAGAATCGCTTGAACCTGGGAGGCGGAGATTGCAGTGAGCCGAGATCGCACCATTGCACTCCAACCTGGGCAACAAGAGTGAAACTCTGTCTCAAACAAACAAGCAAACAAACAAA","GGCTGGACGTGGTGGCTCACGCCTGTAGTCCCAGCACTTTGGGAGGCCAAGGGGGCTGGATTACCTGGGATCAAGAGTTTGAGACCAGCCTGGCCAGCATGGTGAAACCCCATCTCTATAAAAATACAAAAAATTAGCCAGGCATGGTGGCGGGCACCTGTAATCCCAAATACTCGGGAGGCTGAGGCAGAAGAATCTCTTGAACCTAGAAGGCAGAGGTTGCAGTGAGCCAAGATCGCACCATTGCACTCCAACCTGGGCAACAAGAGTGCAACTCTGTCTCAAACAAACAAACAAACAAAAACAA"
"chr1","16123185","16123372","KN294571v1","1169522","1169703","39","14953663","AATTCAAAAATTACCCAGGCGTGGTGGCGTGAGTCTGTAATCCCAAATACTTGGGAGGCTGAGGCAGAAGAATTGCCTTAACCCAGGAGGCGGAGGTTGCAACCGCCGAGATCACGCCATTGCACTCCAGCCTGGGTGACAAGAGCAAGACTCTGTTTTAAAAAAAAAAAGAAAAAAGAAAAAGAAAA","GAAAATTAGCCGGGTGTGGTGGCAGGAGCCTGCAATCCCAGCTACTTGGGAGGCTGAGGCAGGAGAATCACTTGAACCCAGGAGGTGGAGGTTGCAGTAAGCCAAGATCACACCACTGCACTCCAGCTTGGGTGACAAGAGTAAAACTCTGTCTCAAAAACAAACAAACAAATAAAAGAAAA"
"chr1","16124177","16124289","KN295607v1","3693437","3693554","30","12430740","GTGGCTCATGCCTGCAGTCCCAGCACATTGGGAGGCCGAGGCAGGAGGAGCACTTGAAGTCAGAAGTTCCTTGCCAGCCTGGGCAACATGGCAAGACCCAGTCTTCACAAAGA","GGTGCAGTGGCTCATGACTGTAATCCCAGCACTTTGGGAGGCTGAGGCAGGTGGATCACCTGAGGTCAGGAGTTCGAGACCAGCCTGGCCAACATGGTGAAACCCTGTCTCTACTGAA"
"chr1","16125463","16125768","KN296495v1","2056834","2057132","43","14068629","GGCCAGCCTCAGCGGCTTACGTCTGTAATTCCAGCACTTTGGGAGGTCAAGGCAGGAGTATCTCCTGAAGTCAGGAGTTGGAGACCAGCCTCGCCAGCATGGTGAAACTCCATCTCTACTAAACATACAAAAATTAGCTGGGTGTGGTGGCAGGCACCTGTAATCCCAGCTACTCGGGAGGCTGAGTCAGGAGAATCGCTTGAACCTGGGAATCGGAGGTTGCAGGTTGGAGTGAGCCGAGATTGCACCATTGCACTCCAGCCTGAGCGACAAGAGCAAAACTCTGTCTCAAAGAAAAAAAAAAAA","GGCCAAGCACAGTGGCTCATGCCTGCAATCCTAGCACTTTGGGAAGCCAAGGCAGGCAGATCACCTGAGGTCAGGAGTTCAGCACCAGCCTGGCCAACATGGTGAAACCCCGTCTCTACTAAAAATACAAAAAATTAGCTGGGCGTGGTGGCAGGCACCTGTAATCCCAGCTACTCGGGAGGCTGAGGCAGGAGAATCGCTTGAACCCAGGAGGTGGAGGTTGCAGTGAGCCAAGATCGCACCATTGCACTCCAGCCTGGGCGACAACAGCAAAACTCCGTCTCAAAAAAAAAAAAAAA"
"chr1","16136575","16136873","KN295077v1","585208","585503","34","15551367","GGCCAGGCGCGCAGTGGCCAGTGTAATCCCAGCACTTTGGGAGGCCAAGGTGGGTGGATCACCTGAGGTCAGGAGTTCCAGACCAGCCTGGCCAACATGGTGAAACCCCGTCTCTACTAAAAATATAAAATTAGCCAGGCATGGTGGTACACGCCTGTAATCCCATCTACTCAGGAGGCTAAGGCAGGAGAATCGCTTGAACCCAGGAGACGGAGGTTGTAGTGAGCCGAGATCGCGCCATTGCACTCCAGCCTGGGTGACAAGAGTGAAACTCTGTCTCAAAAAGAAAAAAAAGAAAA","GGCCAGGCGCAGTGGCTCACGCCTGTAATCCCAGCACTTTGGGAGGCTGAGGTAGGTGGATCACCTGAGGTCAGGAGTTCGAGAACAGCCTGGCCAGCATGGTGAAACCCCATCTCTACTAAAAATACAAAATTAGCCAGGTGTGGTGGCACATGTCTGTAATCCCAACTACTCAGGAGGCTAAGGCAGGAGAATCACTTGAACCCAGGAGGCGGAGGTTGCAGTGAGCCGAGATCGCGCTATTGCACTCCAGCCAGGGCAACAAGAGTGAAACTCCATCTCAAAGAAAAAGAAAA"
"chr1","16279369","16279682","KN294470v1","382310","382622","39","15897059","GGCCGGGGGCGGTGGCTCATGCCTGTAATCCCAGCACTTTGGGAGGCCGCGGCGGGTGGATCACCTGAGGTCAGGAGTTCAGAATCAGCCTGGCCAACATGGTGAAACCTCGTCTCCACTAAAAAATGCAAAAATTAGCCGCGCCTGGTGGCGGGCACCTGTAATCCCAGCTACTAGGGAGGCTTGAGACAGGAGAATAGCTTGAACCCGGGAAGCAGAGGTTGCAGTGAGCTGAGATTGCGCCATTGCACTCCAGTCTGGGCGACAAGTGCGAAACTCCGTCTCAAAAAAAAAAAAAAAAAAAAAAAAGAAGA","GGCAGGGTCCAGTGGCTCATGCCTGTAATTGCAGCACTTTGGGAGGCCAAGGCGGGTGGATCACCTGAGGTCAGGAGTTCAGGACCAGCCTGGCCAACATGGTGAAACCCCGTCTCTAATAAAAATACAAAAATTTAGCTGGGCATGGTGGCGGGCACCTGTAATCCCAGCTACTAGGAGCACTGAGGTAGGAGAATTGCCTGAACCTGGGAGGCAGAGGTTGCAGTGAGCTGAGATTGTGCCATTGCACTCTGGCCTGGGCAACAAGAGTGAAACTCTGTCTCAAAAAAAAAAAAAAAAAAAAAAAAAAAAA"
"chr1","16288253","16288569","KN297008v1","1975388","1975682","56","14312865","GCTGGGCGTGGTGGCTCATGCCTGTAATCCCAGCACTTTGGGAGGCTGAGGCGGGCAGATCACCTGAAGTTAGGAGCTCGAGACCAGTCTGGCCAACATGGTGAAACCCCGTCTCTACTAAAAATAATTAGCCAGGCAAGGTGGCGTGCACCTGTAATCCCAGCTACTCAGGAGGCTGAGGCAGGAGAATAGCTTGAACCCGGGAGGCAGAGGTTGCAGTGAGCTGAGATCGCGCCATTGCACTCCAGTGAGCCGAGATCGCACCATTGCACTCCAGCCTGGGCAACAAGAGCGAAACTCCATCTCAAAAAAAAAAA","GCTGGGCACGGTGGCTCATGCCTGTAATCCCAGCACTTTGGGAGATCGAGGCAGGTGGATCACCTGAGGTCAGGAGTTCGAGACCAGCCTAGCCAACATAGTGAAATCCTGTCTCTACTAAAAATACAAAAATTAGCCAGGCATGGTGGCGTGCACCTGTAATCCCAGCTACTCAGGAGGCTGAGGCAGGAGAATTGCTTGAACCTGCGAGGTGGAGATTGCAGTGAGCCGAGATCGCACCATTGCACTCCAGCCTGGGCAACAAGAGCAAAACTCCATCTCAAAAAAAAAGAAA"
"chr1","16297467","16297776","KN295114v1","20941","21251","41","16276526","GGTTGGGCATGGTGGCTCACCCTTGTAATCTCAGCACTTTGGGAGGCCAAGGCAGGCAGATCATGAGGTCAGGAGATCGAGAGCAGCCTAGCCAACATGGTGAAACCCCGTCTCTACTAAAAACACAAAAATTAGCTGGGCGTGGTGGTGGGCGCCTGTAATCCCAGCTACTCAGGAGGCTGAGGCAGGAGAATTGCTGGAACCTGGGAGGTGGAGGTTGCAGTGAGCCGAGATCACGCCATTGCACTCCAGCTGGGGCCAACAACAGCAAGACTCCATCTCAAAAAAAAAAAGAAAAAAGAAAAAGGAA","GGCCAGGCATGGTGGCTCACACTTGTAATCCCAGCACTTTGGCAGGCTGAGGCGGGTGGATCATCTGAGGTCAGGAGTTCGAGACCAGCCTGACCAACATGGTGAAACCCCGTCTCTACTAAAAATACAAAAAAATTAGCTGGGCGTGGTGGCGGGTGCCTGTAATCCCAGCTACTCGGGAGGCTGAGGCAGGAGAATTGCTTGAACCCGGGAGGCGGAGGTTGCAGTGAGCCAAGATCGCACCATTGCACTCCAGCCTGGGTGACAAGAGCAAAACTCCATCTAAAAAAAAAAAAAAAAAAAAAAAAAAA"
"chr1","16304402","16304700","KN296430v1","666666","666968","40","15637736","GGCCGGGCGCGGGGCTTACGCCTGTAATCACAGCACTTTGGGAGGCCGAGGAGGGCGGATCACCTGAAGTCACGAGTTTGAGACCAGCCAGGCCAACATGTTGAAACCTTGTCTCTACTAAAAAAAAGTACAAAAATTAGCCAGGCGTGGTGGCGGGCGCCTGTAATCCCAGCTACTCAGGAGGCTGAGGCAGGAGAATCACTCGAACCCAGGAGGTGGAGGTTGCAGTGAGCCAAGATTGCACCACTGCACCCCAGCCTGGGCGACAAGAGTGAGACTCTGTCTAAAAAAAAAAAAAA","GGCCAGGCACGGTGGCTCACGCCTGTAATTCCAGCACTTTGGGAGGCTGAGGCGGGCGGATCACCTGAGGTCAGGAGTTCGAGACCAGCCTGGCCAACATGATGAAACCACGTCTCTACTAAAAAAAATACAAAAAATTAGCCGGGCGTGGTGGCAGGCGCCTGTAATCCCAGCTACTCGGGAGCCTGAGGCAGGAGAATCACTTGAACCCAGGAGGCGGAGGTTGCAGTGTTCCGAGATCGTGCTATTGCACTCCAGCCTGGGCAACAAGAGGGAGAGTCCATCTCAAAAAAAAAAAAAAAA"
"chr1","16365086","16365381","KN294260v1","621951","622250","41","15743135","GGCTGGGCGCGGTGGCCTGTAATCCCAGCACTTTGGGAGACCGAGGTGGGCAAATTACCTGAGGTCAGGAGTTCAAGACCAGCCTGGCCAACATGGCAAAACCCCATCTTTACTAAAAATACAAAAATTAGCTGGGCATGGTGGCGGGCACCTGTAATCCCAGCTACTTGGGAGGCTGAGGCAGGAGAATCGCTTGAACACAGAAGGCAGAGGTTGCAGCAAGCCTAGATCGAGCAATTGCATTCCATCCTGGGTGACAAGAGTGAAACTCCATCTCAAAAAAAAAAAAAAAAAGA","GGCTGGGCGCGGTGGCTCACGCCTGTAATCCTAGCACTTTGGGAGGCCAAGGTGGGTAGATCACCTGAGGTCAGCAGTTCAAGACCAGCCTGGCCAACATGGTGAAACTCCGTCTCTACTAAAAATACAAAAATTAGCCAAGCATGGTGGCGGGTGCCTGTAGTCCCAGCTACTCGGGAGGCTGAGGCAGGAGAATCACTTGAACCCAGGAGGCAGAGGCTGCAGTGAGCCAAGATCGCGCCATTGCACTCCAGCTGGGTCATAAGAGTGAAACTCCATCTCAAAAAAAAAAAAAAGAAA"
"chr1","16369998","16370310","KN295059v1","336835","337145","36","16033163","CCGGCCACGGTGGCTAATGCCTGTAATCCCAGCACTTTGGGAGGCCAAGGCGGGCGGATCACCCGAGGTCAGGAGTTCAAGACCAGCCTGGCCAACATGGTAGTTCCCCGTCTCTACTAAAAATACAAAAATTAGCTGGGTGTGGTGGCAGGCGCCTGTAATCCCAGCTACTTGGGAGGCTGAGGCAGGAGAATCACTTGAACCTGGGAGATGGAGGTTGCAGTGAGCCAAGATCGCGCCATTGCACTCCAGCCTGGGGCACAAGAGTGAGACTTTGTCTCAAACAAACAAACAAAAATACAAAAAAAAAAAA","GGCCAGGCGCGGTGGCTCATGCCTGTAATCCCAGCACTTTCGGAGGCCGAGGCTGGCGGATCACCTGAGGTCAGGAGTTCAAGACCAGCCTGGCCAACATGGTGAAACCCCATCTCTACTAAAAATTCAAAACTTAGCCAGGCGTGGTGGCAGGCGCCTGTAATCCCAGCTACTCAGGAGGCTGAGGCAGAAGAATTGCTTGAACCTGGGAGGCGGAGGTTGCAGTGAGCCAAGATCGCACCATTGCACTCCAGCCTGGGGGACAAGAGTGAGACTTTGTCTCAAAAAATAAAAATAAAAAAAAAACAAAA"
"chr1","16393466","16393728","KN294172v1","5882280","5882542","38","10511186","GGCCAGGCGTGGTGGATCACCTGAGGTCAGGAGTTCGAGACCAGCCTGACCAACATGGTGAAGCCCCGTCTCTACTAAAAATACAAAAAATTAGCCGGGCATGGTGGTGCACACCTGTAATCCCAGCTTCTTGTGAGGCTGAGGCAGGAGAAACGCTTGAACCCGGGAGGCAGAGGTTGCAGTGAGCCAAGATCGCACCGTTGCACTCCAGCCTGGGCAACAAGAGCGAAACTCCGTCTCAAGGAAAAAAACAAACAAACAAA","GGCCAGGCGTGGTGGATCACCTGAGGTCAGGAGTTCAAGACCAGCCTGACCAACGTGGTGAAACCCTGTCTCTACTAAAAATATAAAAATTAGCTAGGTGTGGTGACAGGCGCCAGTAATCCCAGCTACTCGGAAGGCTGAGGCAGGAGAATTGCTTGAACCCAGGAGGCGGAGGTTGCAGTGAGCCGAGATCGTGCCATTGCACTCCAGCCTGGGCAATAAGAGCGAAACTCCGTCTCCAAAAAGAAAAAAAATGAATAAAA"
"chr1","16421164","16421508","KN297114v1","19850","20181","86","16401314","GGCCAGGCACAGTGGCTCATGCCTGTAATCCCAGCACTTTGGGAAGCCGAGGCGGGTGGATCGCCTGAGGTCAGGATTAACCTCAGGTGATGAAACCCTGTCTCTACTAAAAATACAACGTGATGAAACCCCGTCTCTACTAAAAATAGCCTGGCCAACGTGATGAAACCCTGTCTCTACTAAAAATACAAAAAATTAGCTGGGTGTGGTGGTGGGCGCCTGTAATCTCAGCTACTTGGGAGGCTGAAGCAGGAGAATCACTTGAACCCAGGAGATGGAGTGAGCCGAGATCATGCCATTGCACTCCAGCCTGGGAAACAAGAGTGAAACTCTGTCTCAAACAAA","GGCCGAGCATGGTGGCTTATGCCTATAATCCCAGCACTTTGGGAGGCCGAGGCAGATGGATCACCTGAGGTCAGGAATTCGAGACCAGCCTGATCAACATGGTGAAAACCCGTCTCTACTAAAACACAGATCAACATGGTGAAAACCCGTCTCTACTAAAACACAAAAATTAGCCGGGCGTGGTGGCAGGCACCTGTAATCTCAGCTATGTGGGAGGCTGAGGCAGGAGAATGGCTTGAACCCAGAAGGCAGTGGTTGCAATGAGCCGAGATCCGTTCATGGCACTCCAGCCTGGGCAATAAGAGCAAACTCTGTCTCAAACAAAAAATAAA"
"chr1","16437499","16437803","KN297259v1","1567770","1568069","39","14869729","GGCTGGGTTCAGTGGCTCACGCTTGTAATCCCAGCACTTTGGGAGGCTGAAGTTGGCTGATCACCTGAGGTCAGGAGTTTGAGACCAGCCTGGCCAACATGGTGAAACCCTGTCCACTAAAAATAGAAAAAAAAATTAACCAGCCATGGTGGCACATGCTGGTAATCCCAGCTATTTGGGAGGCTGAGACAGGAGAACTGCTTGAACCTGGGAGGCGGAGGTTGCAGTGAGCCGAGATTGCACCATTGCACTCCAGCCTGGGCAACAAGAGTGAAACTCCATCTCAGAAAAAAAAAAAAAAAAAA","GCCAGGCACGGTGGCTCACGCCTGTAATCCCAGCACTTTGGTAGGCTGAAGTGGTGGGTCACCTGAGGTTAGGAGTTTGAGACCAGCCTGGCCAACATGGTGAAACCCTGTCTCCACTAAATAGAAAAAAGTAGCCAGGCATGGTGGCAGGCACCTGTAATCCCAGCTACTTGGGAGGTTGAGGCAGGAGAATTGCTTGAACCTGGGAGGCGGAGGTTGCAGTGAGCCAAGATTGTGCCATTGCACTCCAGCCTGGGCAACAAGAGCGAAACTCTGTCTCAAAAAAAAAAAAAAAAAAAA"
"chr1","16459903","16460215","KN295526v1","245889","246193","39","16214014","GGCCAGGTGCGGTGGCTCACTCCTGTAATCTCAGCACTTTGGGAGACCGAGGAGGGTGAATCACCTGAGGTCAGGAGTTCGAGACCAGCCCGGCCAACACTGTGAAACCCCGTCTCTATTAAAGATACAAAAAATTAGCTGGGCATGGTGGTGGGCACCTGTAATCCCAGCTACTCAGGAGGCTGAGGCAGGAGAATCACTTTAACTCAAGAGGCGGAGGTTGCAGTGAGCCGAGATCCCGCCATTGCACTCCAGCCTGAGCAACAAGAGCAAGACTCTGTCTCAAGAATAAAATAAAATAAAAATACAAAAA","GGCCAGGTGCGGTGGCTCATGCCTGTAATCCCAGCACTTTGGGAGGCCGAGGTGGGTGGATCATAAGGTCAGGAGTTCGGGACCAGCCTGGCCAACATGATGAAATCCCATCTCTACTAAAAATACAAAAGTTAGCTGGGTGTGGTGGTGGGTACCTGTAATACCAGCTACTCAGGAGGCTGAGGCAGGAGAATCACTTGAACCCAGGAGGCGGAGGTTGCAATGAGCCAAGACCCTGCCATTGCACTCCAGCCTGGACAACAAGAGCAAGCCTCTGTCTCAAAAAATAAAAATAAAATAAAAAA"
"chr1","16465449","16465752","KN296747v1","35746","36041","38","16429703","GGTCAGACGCGGTGGCTCATGCCTGTAATCCCAACACTTTGGGAGGCTGAGGTAGGCAGGTCACCTGAGGTCAGGAGTTGAAGATCAGCCTGGCCAACATGGTGAAACCCCATCTCTACTAAAAACAGAAAAATTAGCCGGGCATGGTGGCGGGCGCCTGTAATCCCAGCAACTTAGGAGGCTGAGGCAGGAGAATCGCTTGAACCCAGGAGGTGTTCAGTGAGGTTGCAGTGAGCCGAGATTGCGCCATTGGACTCCAGCCTGGGCAACAAGAGCGAAACTCCATCTCAAAAACAAAACAAAA","GGCCAGGTGTGGTGGCTCACGCCTGTAATCCCAGCACTTTGAGAGGCTGAGGTGGGTGGATCACCTGAGGTCAGGAGTTCAAGACCAGCCTGGCCAACATGGTGAAACCCCGTCTCTACTAAAAATACAAAAAATTAGCTGGGTATGGTGGTGGGGCCTGTAATCCCAGCTACTCAGGAGGCTGAGGCAGGAGAATGGCTTGAACCCAGGTGGCGGAGGTTGCAGTGAGCCGAGATAGTGCTGTTGCACTCCAGCCTGGGCAACAAGAGCGAAACTCCATCTCAAAAAAAAAAAAA"
"chr1","16466830","16467118","KN294510v1","5278","5564","38","16461552","GGCTGGGTGCGGTGGCTCACGCCTATAATCCCAACACTTTGGGAGGCTAAGGCAGGTGAATCACCTAAGGTCAGGAGTTCAAGACCAGCCTGGCAAACATGGTGAAACCCCGTCTCTACTAAAAAATACAAAAAATAGCTGGGTGTGGTGGCAAACGCCCGTAATTCTAGCTACTTGGGAGGCTGAGGCAGGAGAATCACTTGAACCCGGGAGGTGGAGGTTGTGGTGAGCAGAGATCACGCCATTGCACTCTAGCCTGGGCAATAAGAGCAAAACCCTGTCTCAAAAA","GGCTGGGCGCAGTGGCTCACGCCTGTAATCCCAGCACTTTGGGAGGTCGAGGCAGGTGGATCACCTGAGGTCAGGAGTTCGAGACCAGCCTGGCCAACATGGTGAAACCCTGTCTCTACCAAAACTACAAAAATTAGCTGGGTGTGGTGGCAGACGCCCGTAATCCCAGCTACTCAGGAGGCTGAGGCAGGAGAATCGCTTGAACCCGGGAGGTGGAATTTGCAGTGAGCTGAGATCGAGCCATTGCACTGCAGCCTGGTTGACAAGAGCAAGACTCTGTCTCAAAA"
"chr1","16470453","16470748","KN296153v1","3677943","3678242","30","12792510","GGCCGGGCGCGGTGGCTCACGCCTGTAATCCCAGCACTTTGGGAGGCCAAGGTGGGTGGATCACTTGAGGTCAGGAGTTTGAGACCAGCCTGGCCAACATGGTGAAACCCCATCTCTACTAAAAATACAAAAAATAAGCTGGGCGGGGTGGGCGCCTGTAATTCCAGCTACTCGGGAGGCTGAGGCAGGAGAATTGCATGAACCTGGGAGAGGCGGAGGCTGCAGTGAGCCGAGATGGCACCATTTCACTCTAGCCTAGGCAACAAGAGTGAAACTCCGTCTCAAAAAAAAAAAAA","GGCCGGGTGTGGTGGCTCACGCCTGTAATCCCAGCACTTTGGGAGGCCAAGGCAGGTGGATCACTTGAGGTCAGGAGTTCGAGACCAGCCTGGCCAACATAGTGAAACCCCATCTCTACTAAAAATAAAAAAAATTAGCTGGGCGTGGTGGCAGGCGCCTGTAATCCCAGCTACTCGAGAGGCTGAGGCAGGAGAATCACTTGAACCTGGGAGGCGGAGGTTGCAGTGAGCAGAGATTGCGCCATTGCACTCCAGCCTGGGCAACAAGAGCGAAACTCCGTCTCAAAAAAAAAAAAAAAA"
"chr1","16479894","16480192","KN296153v1","3677943","3678242","40","12801951","GGCCGGGCGCAGTGGCTCAAGCCTGTAATCCCAGCACTTTGGGAGGCCAAGGCAGGTGGATCGCCTGCGGTCAGGAGTTCAAGACCAGCCTGGCCAACATAGTGAAACCTTGTCTCTACTAAAAATACAAAAAATTAGCTGGGCATGATGGCAGGCACCTGCAATCCCGGTTACTCAGGAAGCTGAGGCAGGAGAATCGCCTGAACCGGAGAGGTGGAGGTTGCAGTGAGCCGAGATCATTGCACTCCAGCCTGGGAAACAAGAGCAAAACTATGTCTCAAAAAACAAACAAACAAAAA","GGCCGGGTGTGGTGGCTCACGCCTGTAATCCCAGCACTTTGGGAGGCCAAGGCAGGTGGATCACTTGAGGTCAGGAGTTCGAGACCAGCCTGGCCAACATAGTGAAACCCCATCTCTACTAAAAATAAAAAAAATTAGCTGGGCGTGGTGGCAGGCGCCTGTAATCCCAGCTACTCGAGAGGCTGAGGCAGGAGAATCACTTGAACCTGGGAGGCGGAGGTTGCAGTGAGCAGAGATTGCGCCATTGCACTCCAGCCTGGGCAACAAGAGCGAAACTCCGTCTCAAAAAAAAAAAAAAAA"
"chr1","16490917","16491229","KN295497v1","720813","721124","39","15770104","GGCCGGGCACGGTGGCTCATGCCTGTAATCCCAGCACTTTGGGAGGCCGAGGCGGGTGGATTGCCTGAGGCTAAGAGTTGGTGACCAGCCTGGCCAACATAGTGAAACCCTATCTCTACTAAAAATACATAAAATTAGCTGGGCGTGGCAGCAGGCGCCTGTAACCCCAGCTACTCGGGAGGCTGGGGCAGGAGAATTGCTTGAACCCTGGAGATGGAGGTTGCAGTGAGCCAAGATCGCTCCATTGCACTCCAGCCTGGGCAACAAGAGCGAAACTCCATCTCAAAAATAAATAAATAAATAAAAATAAAAA","GGCTGGGCTCGGTGGCTCGCACCTGTAATCCCAGCACTTTGGGAGGCCAAGGCGAGTGGATTACCTGAGGTCAGGAGTTGAAGACCAGCCTGGCCAACATGGTGAAACCCCATCTCTACTAAAAATACAAAAAATTAGCTGGGCGTGGTGGTGGGCACCTGTAATCCCAGCTACTCGGGAGGCTGAGGCAGGAGAGTTGCTTGAACCTGGGAGGCGGAGGTTGCAGTGAGCCAAGATCGCATCATTGCAGTCCAGCCTAGGCAACAAGAGCGAAACTCTGTCTCTAAATAAATAAATAAATAAATAAATAAA"
"chr1","16503714","16504018","KN294387v1","2599087","2599393","30","13904627","GGCCAGGTGCTGTGGCTCACGCCTGTAATCCCAGCACTGTGGGAGGCTGAGGTGGGCGGATAACCTGAGGTTAGGAGTTCCAGACCAGCCTGGCCAACATGGTGAAACCCCATCTCTACTAAAAATACAAAAATTAGCTGGACCCTATGGTACATACCTGTAATCCCAACTACTTGGGAGGCTGAGCCAGGAGAATTGCTTGAACCTAGGAGGCGGAGGTTGCAGTGAGCTGAGATCATGCCATTGCACTCCAGCCTGGGCAACAAGAGTGAAACTCCATCAAAAAAAAAAAAAAAAAAAAAAAA","GGCCAGGCACAGTGGCTCACACTTGTAATCCCAGCACTTTGGGAGGCCGAGGTGGGCGGATCACCTGAGGTCAGGAGTTCAAGACCAGCCTGGCCAACATGGTGAAACCCCATCTCTACTAAAAATACAAAAATTAGCTGGGCGTAGTGGCGGCCACCTGTAATCCCAGCTACTTGGGAGGCTGAGGCAGGAGAATTGCTTGAACCCAGGAGGCGGAGGTTGCAGTGAGCCGAGATTGTGGCCATTGCACTCCAGCCTGGGCAACAAGAGTGAAACTCTGACTCAAAAAAAAAAAAAAAAAAAAAAA"
"chr1","16534552","16534845","KN294172v1","6995224","6995519","41","9539328","CCGGGCACAGTGGCTCACACCTGTAATCCCAGCACTTTGGGAGGCCGAGGTGGGCGGATCACCTGAGGTCAGAAGTTCGAGACCATCCTGGCCAACATGGTGAAACCCCATCTCTAAAAAATTAGCCAGGTGTGGTGGCAAGCACCGGTAATCCCAGCTACTCTGGAGGCTGAGGCTGGAGAATCGCTTGAACCCGGGAGATGGAGGTTGCAGTGAGCCGAGATCACGCCATTGCACTCCAGCCTGGGGGACAAGAGCAAAACTCTGTCTCAAAAAAAAAAAAGAAAAATGAAA","GGTTAGGCACAGTGGCTCACACCCATAATCCCAGCACTTTGGAAGGCCGAGGTGGGCAGATCACCTAAGGTCAGGAGTTCAAGACCAGCCTGGCCAACATGGTGAAACCCCATCTCTACTAAAAAGTAGTTGGGTGTGGTGGCACATGCCTGTAATCCCAGCTACTTGGGAGGCTGAGGCTGGAGAATCGCTTGAACCTGGAAGACGGAGATTGCAGTGAGCCGAGATCACGCCATTGCACTGCAGCCTGAGCAACAAGAGCAAAACTCCGTCTCAAATAATAATAATAAAATAAA"
"chr1","16560363","16560665","KN294208v1","853291","853593","45","15707072","GGCCGGGCGTGGTGGCTCACGCCTGTTAATCCCAGCACTTCTGGAGGCCGAAGGAGGCAGATCACCTGAGGTCAAGACCAGCCTGGCCAACATGGTAAAACCCTGTCTCTACTAAAAAATATAAAATTAGCCGGGTGTGGTGGCACATGCCTGTAATCCCAGCTACTCAGGAGGCCGAGGCAGGAGAATTGCTTGAACACGGGAGGTGGAGGTTGCAGTGAGCTGAGGTCGCGCCATTGCACTCCAACCAGGGCAATGAGAGCAAAACTCCGTCTCAAAAAAATAAAAATAAAATAAAAATAA","GGTCGGGCGCAGTGGCTCATGCCTGTAATCCCAGCACTTTCGGAGGCCGAGGCAGGCAGATCACCTGAGGTCAGAAGTTCGAGACCAGCCTGACCAACATGGTGAAACACTGCCTCTACTAAAAAATACAAAATTAGCCAGGAGTGGTGGTGGATGCCTGTAATCCCAGCTACTCAGGAGGCTGAGGCAGGAGAATTGCTTGAACCTGGGAGGTGGAGGTTGCAGTGAGCTGAGATTGCGTCATTGCACTCCAGCCTGGGCAACAAGAGCAAAACTCCATCTCAAAAAAAAAAAAAAAAAAAA"
"chr1","16591960","16592268","KN294325v1","986307","986615","37","15605653","GGCCAGGCGCGGTGGCTCATGCCTGTAATCCCAGTACTTTGGGAGGACGAGGCAGGTGGATCGCCTGAGGTCAGGAGTTCAAGACAACCCTGACGAACATGGTAAAACCCCATCTCTACTAAAAATACAAAAAATTAGCCAGGCGTGGTGGCAGGTGCCTGTAATCCCAGCTACTCAGGAGGCTGAGGCAGGAGAATAGCTTGAACCTGGGAGGCAGAGGTTGCAGCGAGCCAAGATCATGCCATTGCACTCCAGCCTGGGCAAACAGAGCAAAACTCCCTCTCAAAAAAGAAAAGAAAAGAAAAGAAA","GTCAGGCACGGCGGCTCATGCCTGTAATCCCAGTACTTTGAGAGGCCAAGGCGGGTGGATCACCTGAGGTCAGGAGTTCAAGACCAACCTGACCAACATGGTGAAAGCCCATCTCTACTAAAAATACAAAAAATTATCCAGGCGTGGTGGTGGACACCTGTAATCCCAGCTACTAGGGAGGCTAAGGCAGGAGAATCACTTGAACCAGGGAGGCAGAGGTTGCAGTGAGCCAAGATTGTGCCATTGCACTCCAGCCTGGGCAACAAGAGCAAAACTCCGTCTCAAAAAAAAAAAAAAAAAAAAAAAAAA"
"chr1","16600246","16600537","KN296096v1","3183138","3183434","42","13417108","GGCCAGGTGTGGTGGCTCATGCCTATAATCCCAGCACTTTGGGAGGCTGAGGCAGGTGGATCACGAGGTCAGGAGTTCGAGACCAGCCTGGCCAATAAGGCGAAACACCATCTTGACTAAAAATACAAAAATTAGCTGGGCGTGGTGGCATGTGCCTGTAGTCCCAGCTACTTGGGAGGCTAAGGCAGGAGAATTGCTTGAACCCAACAGGCATAGGTTATAGTGAGCCAAGATCACACCATTACACTCCAGCCTGGGCAATAAGAGCAAAACTATCTTTAAAAAAAAAAAA","GGCCAGGTGTGGTGGCTCACACCTGTAATCCCAGCACTTTGGGAGGCCAAGGCAGGTGGATCACCTGAGGTCAGGAGTTCGAGACCAGCCTGGCCAACATGGTGAAACCCCGTCTCTACTAAAAATACAAAAAAATAGCCAGGCATGGTGGTATGCGCCTGTAGCCCCAGCTACTCAGGAGGCTGAGGCAGGAGAATCCTTTGAACCCAGGAGGCGGAGGTTGCAGTGAGCCAAGATCGCACCATTGCACTCCAGCCTGGGCAACAAGAGCAAAACTCTGTGTCAAAAGAAAAAAAA"
"chr1","16601188","16601499","KN295667v1","1687893","1688204","35","14913295","GGGCGGGTGCGGTGGCTCATGCCTGTAATCCCAGCACTTTGGGAGGCTGAGGTAGGCGGATCACCTGAGGTCAGGAGTTTGAGACCAGCCTGGCCAACAGGATGAAACCTTGTCTCTACTAAAAATACAAAAATTAGCCAGGCATGGTGGCGGGAGCCTGTAATCCCAGCTACTTGGGAGGCTGAGGCAGGAGAATCGCTTAAACCTGGGAGGTGGAGGTTGCAGTGAGCTAAGATTGCACCATTGCACTCTAGCCTGGGCAACAAGAGTGAAAATCTGTCTCAAAAAAAAATACAAATACAAATAAATAAA","GGCCGGGTGCGGTGGCTCACGCCTGTAATCCCAGCACTTTGGGAGGCCGAGGTGGGTGGATCACCTGAGGTCAGGAGTTGGAGACCAGCCTGGCCAGCATGGTGAAACCCCGTCTCTACTAAAAATACAAAAATTAGCCGGGCATGGTGGTGGGCGCCTGTATTCCCAGCTACTCGGGAGGCTGAGGCAGGAGAATCGCTTGAACCCAGGAGGCGGAGGTTGCAGTGAGCCAAGATCGCATCATTGCACTCCAGCCTGGGCAACAAGAGCGAAACTCCGTCTCAAAAAACAAACAAACAAACAAACAAACAA"
"chr1","16603031","16603315","KN297165v1","1143723","1144010","37","15459308","GGCCGAGTGTGGAGGTCACACCTGTAATCCCAGCACTTTGGGAGGCTGAGGCAGGCAGATGACCTGAGGTCAGGAGTTCTAGACCAGTCTGGCCAACATGGTGAAACCCCATCTCTACTAAAAATACAAAAATTAGCCAGGCATGATGGTGGGCACCTGTAATCGTAGCTATCTGGGAGGCTGAGGCAGGAGAATTACTTGAACTTGAGAGGTGGAGGTTGCAGTGAGCCAAGATCATGCCATTGCACTCCAGCCTGGGCGACAAGAGGAAGACTTGATCTAAAA","GGCCGGGCAAGGTGGCTCACGCCTGTAATCCCAGCACTTTGGGAGGCCGAGGCAGGTGGATCACCTGAGGTCAGGAGTTCGAGACCAGCCTGGCCAACATGGTGAAACCCCATCTCTACTAAAAATACAAAAATTAGCTGGGCGTGTGGTGGGCACCTGTAATCCCAGCTACTCAGTAGGCTGAGGCGGGAGAATCACTTGAACCTGGGAGGCAGAGGTTGCAGTGAGCTGAGATCATGCCATTGCACTCCAGCCTGGGCGACAAGAGTGAAACTTCATCTTAAAAAA"
"chr1","16756784","16757072","KN297044v1","15013","15305","36","16741771","GACCAGGTGCCATGGCTCACTCATGTAATCCCAGCACTTTGGGAAGCTGGGGCAGGTGGATCACCTTAGGTAAGGAGTTCAAGACCAGCCTGGCCAACATGGTGAAACCCTGTCTCTACTAAAAATACAACAATTAGCTGGGCGTGGTGGCGGACGTATGTAGTCCTAGCTACTTGGGAGGCTGAGGCAGGAGAATCGCTTGAACCCAAGAGGCAGAAGTTGCAGTGAGCTCAGATCGCACCACTGCACTCCAACCTGGGCGACAAGAGTGAGACTCTGTCTCAAAAAA","GGCCAGGCGCAGTGGCTCACACCTGTAATCGCAGCACTTTGGGAGGCTGGGGCAGGTGGATCACCTTAGGTCAGGAGTTCGAGACCAGCCTGGCCAACATGGCAAAACCCTGTCTCTACTAAAAATACAAAAATTAGCCGGGTGTGGTGGTGGGCGTATGTAGTTACAGCTACTTGGGAGGCTGAGGCAGGAGAATCGCTTGGACCAGGGAGGCAGAAGTTGCAGTGAGCCGAGATTGCACCATTACACTCCAGCCTGGGCGACAAGAACGAGACTCTGTCTCAAAAAACAAA"
"chr1","16771645","16771941","KN294372v1","1252378","1252684","34","15519267","GGCCTGGTGTGGTGGCCCATGCCTGTAATCCCAGCACTTTGGGAGGCCGAGGCGGGCAGATCACCTGAGGTCAGGGGTTCGAGACCAGCCTGGCCACATGGTGAAACCCCATCCCTACTAAAAATACAAAAATTAGCTGGGTGTGGTGGCGCATTCGTATAATCCCAGCTACTCGGGAGGCAGAGGCAGGAGAATCGCTTGAACCTTGGTGGGGCAGAGGTTGTAGTAAGCCGAGATCGTGTCATTGTACTTCAGCCCGGGCAACAAGAGTAAGACTCTGTCTCAAAAAAAAAAAAA","GGCTGGGCGTGGTGGCCCACGCCTGTAATCCCAGCACTTTGGGAGGCCAAGGCAGGCTGATCACCTGAGGTCAGGAGTTCAAGACCAGCCTGGCCACATGGTAAAACCCCATCCCTACTAAAATACAAAAATTAGCTGGGTGTGGTGGTGCGTACATATAATCCCAGCTACTTGGGAGGCAGAGGCAGGAGAACCACTTGAACCTTGGTGGGGCAGAGGTTGTAGTGAGCCGAGATCATGTCATTGCACTCCAGCCCGGGCAACAAGAGTGAGACTCTGTCTCCAAAAAAAAAAAAAAAAAAAAAAA"
"chr1","16805913","16806190","KN296079v1","887782","888062","38","15918131","GGTGGCTCATGCCTGTAATCCCAGCACTTCAGGAGGCCGAGATGGGTGGATCACTTGAAGTCAGGAGTTCCAGACCAGCCTGGCCAACATGGTGAGACCCCATCTCTACTAAAAATACAAAAATTAGCTAGGCGTGGTGGCGGGCGCCTGTAATCCCAGCTACTTGGGAGGCTGAGGCAAGAGAATTGCTTGAACCCAGGAGGCAGAGGTTGCAGTGAGCCGAGATCGTGCCATTGTACTCCAGCCTGGGTGACAAGAGCAAAAAAAAAAAAAAGAAA","GGTGGCTCATGCCTGTAATCCCAGCACTTTGAGAGGCTGAGGTGGGTGGATCACCTGAGGTCAGGAGTTCAAGACCAGCCGGACCAGCATGGTGAAACCCCATCTCTACTAAAAACACAAAAATTAGCTGGGCCTGGTGGTGGGCACCTCTGATTCCAACTACTTAGGAGGCTGAGGCAGGAGAATTGCTTGAACACAGGAGGCAGAGGTTGCAGGAGCCGAGATCGTGCCATTGCACTCCAGCCTGGGCGACAAGAGCTAAACTTCGTCTCAAAAAAAAA"
"chr1","16816200","16816494","KN294739v1","616485","616779","36","16199715","GCCAGGCACAGGCACTCATGCCTGTAATCTCGGCATTTTGGGAGGACAAAGCGGGTGGATCACCTGAGGTCAGGAGTTCAAGATCAGCCTGACCAATATGGTGAAACCCCGTCTCTACCAAAAATACAAAAATTAGCCGGGTGTGGTGGTACACACCTGTAATCCCAGCTACTTGGGAGGCTGAGGCAGGAGAATCGATTGAACTCAGGAGGCAGAGGTTGCAGTGAGCCAAGATCGCGCCATTGCACTCCAGCCTGGGCAACAAGAGTGGAACTTTGTCTCAAAAAAAAAAAAA","GGCCAGGCACGGTGGCTCATGCCTGTAATCCCAGCACTTTGGGAGGCCAAGGCGGGTGGATCGCCTGAGGTCAGGAGTTCGAGACCAGCCTGACCAACATGGTGAAACCCCATCTCTACTAAAAATACAAAAAATTAGCCAGGCGTGGTGGCAGCCACCAGTAATCTCAGCTACTTGGGAGGCTGAGGCAGGAGAATCGCTTGAACCTGGGACGCAGAGATTGCAGTGAGCCAATATCGTGCCATTGCACTCCAGCCTGGGCAACAAGAGTGAAACTCTGTCTCAAAAAAAAAAA"
"chr1","16845788","16846079","KN297044v1","15013","15305","32","16830775","GGCCGGGCGCGGTGGCTCATGCCTGTAATCCAGCACTCTGGGAGGCTGGGTCAGGTAGATCACCTTAGGTCAGGAGTTTGAGACCAGCCTGGCCAACACAGCGAAACCCTGTCTATACCAAAAATACAAAAATTAGCCAGGCATGGTGGCGGGCATATGTAGTCCCAGCTACTTGGGAGGCTGAGGCAGGAGAATCGCTTGAATGCAGGAGGCAGAAGTTGCAGTGAGCTGAGATCGCACCATTGCACTCCAGCCTGGGCAACAAGAGTGAGACTCTATCTCAAAAAACAAA","GGCCAGGCGCAGTGGCTCACACCTGTAATCGCAGCACTTTGGGAGGCTGGGGCAGGTGGATCACCTTAGGTCAGGAGTTCGAGACCAGCCTGGCCAACATGGCAAAACCCTGTCTCTACTAAAAATACAAAAATTAGCCGGGTGTGGTGGTGGGCGTATGTAGTTACAGCTACTTGGGAGGCTGAGGCAGGAGAATCGCTTGGACCAGGGAGGCAGAAGTTGCAGTGAGCCGAGATTGCACCATTACACTCCAGCCTGGGCGACAAGAACGAGACTCTGTCTCAAAAAACAAA"
"chr1","16860379","16860681","KN296732v1","2013890","2014190","37","14846489","GGCCGGACACGTTGGCTTATGCTTGTAATCCCAGCACTTTGGGAGGCCGGGGTGGGTGGATCACTCGAGGCCAGGAGTTCAAGACCAGCCTAGCCAACATGGTGAAACCCTGTCTCTACTAAAAATACAAAAAATTAGTCAAGTGTGGTGGCAGACGCCTGTAGTCCCAGCTACTCGGGAGGCTGAGGCAGGAGAATCTCTTGAAACCAGGAGGCGGAGGTTGTGGTGAGCCGAGATCGCACCATTGCACTCTAGACTGGGCAACAAGAGCGAAACTCCGTCTCAGAAAAAAAAAAAAAAAAA","GGCTGGGCACGGTGGCTCACGCCTGTAATCCCGGCATTTTGGGAGGCCGAGGTGGGCGGATCACCTGAGGTCAGGAGTTCGAGACCAGCCTGGCCAACATGGTGAAACCCCATCTCTACTAAAAATACAAAAATTAGCCAGGCATGGTGGCGGATGCCTGTAATCCCAGCTACTCAGGAGGCTGAGGCAGGAGAATCGCTCGAACCCGGGAGGCAGAGGTTGTGGTGAGCCGAGATCACACCATTGCACTCCAGCCTGGGCAACAAGAGTGAAACTCCATCTCAGAAAAAAAAAAAAAAAA"
"chr1","16886560","16886847","KN296187v1","471768","472059","28","16414792","GGCCAGGCACGGTGGCTCATGCCTGTAATCCCAGCACTTTGGGAGGCCGAGGCGGGTGGATCACCTGAGATCAGGAGTTTAAGACCAGCCTGGCCAATATGGTGAAACCCCATCTGTACTAAAAATACAAAAAATTAGCCAGGCGTGGTGGCGGGCGTCTGTAATCCCAGCTACTTGGGAGGCTGAGGCAGGAGAATCACTTGAGCCCAGGAGGCAGAGGTTGCAGTGAGCTGAGATCATGCCATTACACTCCAGCCTGGGCTACAAGAGTGAAACTCCGTCTCAAAA","GGCCGGTAGTGGTGGCTCATGCCTGTAATCCCAGCACTTTGGGAGGCCGAGGCGGGTGGATCACCTGAGGTCAGGAGTTCAAGACCAGCATGGCCAACATGGCAAAACCCCATCTCTAATAAAAATACAAAAAATTAGCCAGGTGTGGTGTCAGGCACCTGTAATCCCAGCTACTTTGGAGGCTGAGGCAGGACAATCACTTGAACCCAGGAGGCAGAGGTTGCAGTGAGCTGAGATCCGTGCCATTGCACTCCAGCCTGGGCAACAAGAGTGAAACTCTGTCTCAAAAAAA"
"chr1","16900825","16901123","KN297044v1","73754","74052","36","16827071","GCAGGGCCCGGTGGCTCATGCCTGTAATTCTAGCACTTTGGGAGGCTGAGGCGGGTGGATCACCTGAGGTCAGGTAGTTGAGAACAGCCTGGCCAACATGGTGAAACCCCGTCCCTACAAAACATGCAAAAATTAGCTGGGTGTGGTGGCATGCACCTGTAATCCCAACTACTCGGGAGGCTGAGGCAGGAGAATCACTTGAACCCAGGAGGCAGAGGTGCAGTGAGCCGAGAATGCGCCATTGCACTCCAGCCTGGGCAACAAGAGTGAAACTCCATCTTAAAAAACAAACAAACAAA","CGGGGGCTCACGCCTGTAATTCCAGCACATTGGGAGGCTGAGGTGGGTAGATCACCTGAGCTCAGGCATTCGAGAACAGCCTGGCCAACATGGTGAAACCCCGTCCCTACAAAAATTACAAAAATTAGCTGGGTGTGGTGGCGCGCACCTGTAATCCCAACTACTCGGGAGGCTGAGGCAGGAGAATCACTCGAACCCAGGAGGCGGAAGTGCAGTGAGCCGAGCTTGTGCCATTGCACTCCAGCCTGGGCAACAAGAGTGAAACTCCATCTTAAAAAACAAACAAACAAAACAAAAAA"
"chr1","16951151","16951457","KN297044v1","123478","123783","36","16827673","GCCAGGTGCAGTGGCTCATGCCTGTAATTCCAGCACTTTGGGAGGCCAAGGTGGGTGGATCACCTGAGGTCAGGAGTTCAAGACCAGCCCGGCCAACATGGTGAAACCCCGTCTCTACTAAAAAAATAAAAAATACAAAAATTAGCTGGGCGTGGTGGTGGGCGCCTATAATCCTAGCTACACAGGAGGCTGAGGCAGGAGAATTGCTTGAACCTGGGAGGTGGAGGGTGCAGTGAGCTGAAATCGCACAATTGCACTCCATCCTGGGCGACAAGAGCGAAACTCAGTCTCAAAAAAAAAAAAAAAA","GCCAGGTGCAGTGGCTCATGCCTGTAATCCCAGCACTTTAAGAGGCCAAGGCAGGTGGATCTCCTGAGGTCAGGATTTCGAGACCAGCCCGGCCAACAGGGTGAAACCCCATCTTTACTAAACAAACAAAAAAAAAATACAAAAATTAGCTGGGTTTGATGGTGGGCTCCTATAATCCCAGCTACACAGGAGGCTGAGGCAGGAGAATTGCTTGAACCTGGGAGGCGGAGGGGTGCAGTGAGCCGAGATCGCACCATTGCACTCCACCCTGGGTGATAAGAGCGAAACTCAGTCTCAAAAACAAAA"
"chr1","16974424","16974722","KN294346v1","550587","550883","34","16423837","GGCTGGGTGTGGTGGCTCATGCCTGTAATTCCAGCACTTTGGGAGGCTGAGGCGGGTGGATCACCTGAGGACAGGAGTTCAAGACCAGCCTGACCAACATGGTGAAGCCCAGTTTCTACTAAATAAAAAAAAATTAGCTGGGCATAGTGGTGCCTGCCTGTAATCCCAGCTACTTGGGAGGCTGAGGCAGAAGAATCGCTTGAACCTGGGAGGCGGAGGTTGTAGTGAGCCAAGATTTCACCATTGCACTCCAGCCTGGGCAATAAGAGTGAAACTCTGTCTCAAAAAAAAAAAAAAAA","GGCCAGGTGTGGTGGCTCATGCCTGTAATCCCAGCACTTTAGGAGGCAGAGGCAGGTGGATCACCTGAGGTCAGGAGTTCGAGACCAGCCTGGCCAACATGGTGAAACTCTGTCTCTACTAAATACAAAAAGTTAGCTGGGCGTGGTGGTGCATGCCTGTAATCCCAGCTACTTGGGAGGCTGAGGCAGAAGAATCGCTTGAAATTGGGAGGCTGAGGTTGCAGTGAGCCAAGACTGCACCATTGCACTCCAGCCTGGGCAACAAAAACAAAACTCTGTCTCAAAATAAAAGAAGAA"
"chr1","17206847","17207051","KN294172v1","471566","471770","30","16735281","GGCCAACATGGTGAAACCCCGTCTCTACTAAAAATACAAAAATTAGCCATGCATGGTGGCAGGTGTCTATAGTCCCAGCTACTTGGGAGGCTAAGGCAGGAGAATCGCTTGAACCCGGGAGGTGGAGGTTGCAGTGAGCTGAGATCGTGCCATTGCAATCCAGCCTGGGCAACAAGAGTGAAACTCCGTTTCAAAAAAAAAAAAA","GACCAACCTGATGAAACTCCATCTCTACTAAAAATACAAAAATTAGTCAGGCATGGTGGCAGGTGCCTATAATCCTAGCTACTCAGGAGGCAGAGGCAGGAGAACTGCTGACCCTGGGAGGCAGAGGATGTAGTGAGCCGAGATCGTGCCATTGCACTCCAGCCTGGGCAACAAGAGTGAGACTCCACCTCAAAGAAAAAAAAAA"
"chr1","17217665","17217972","KN297133v1","279852","280158","33","16937813","GGCCGGATGTGGTGGCTCACGCCTGTAATCCCAGCACTTTAGGAGACCAAGGAGGGTGGATCACCTGAGGTCAGGAGTTTGAAACCAGCCCGGACAACATGGTGAAACCCCATCTCTACTAAAAATACAAAAATTAGCCGGGCGTGGTGGCAGACGCTTGTAATCCCAGCTACTCAGGAAGCTGAGGCAAGAGAATCACTTGAACCCAGGAGGCGGAGGTTGCAGTGAGCCGAGATTGCACCATTGCACTCCAACCTGGGCAACAAGAGTGAAACTCCGCCTCAAAAAAAAAAAAAAAAAAAAAAAAA","GACCAGGCACAGTGGCTCACGCCTGGAATTCCAGCACTTTGGGAGGCCCAGGTGGGTGGATCACCTGAGGTCAGGAGTTTGAGACCAGCCCGACCAACATGGTGAAACCCCATCTCTACTGAAAATACAAGAATTAGCTGGGCGTGGTGGCGGGCGCCTGTAATCCCAGCTACTCAGGAGGCTGAGGCAGGAGAATCACTTGAACCCAGGAGGTGGAGGTTGCAGTGAGCCGAGATTGTGCCATTGCACTCCAGCCTGGGCAACAAGAGGGAAACTGTCTCAAAAAAAAAAAAAAAAAAAAAAAAAA"
"chr1","17222773","17223053","KN295526v1","1064414","1064689","36","16158359","GGCCAGGCATGGTGGCTCAAGCCTGTAATCCCAGCACTTTGGGAGGCCGAGACGGGCGGATCACGAGGTCAGGGGTTCGAGACCAGCCTGGCCAACATGGTGAAACCCCGTCTCTACTAAAAATACAAAAAAATTAGCCAGGGGTGGTGGTGGGTGTCTGTAATCCCAGGTACTCAGGAGGCTGAGGCAGGAGAATTGCTTGAACCTGGGAGGTGGAGATTGCAGTGAGCCAAGATCTCACCATTGCACTCCAGCCTAGGCGACAAGAGCGAGACTCCATC","GGCCGGGCGCGGTAGCTCACGCCTGTAATCCCAGCACTTTGGGAGGCCAAGGCGGGCAGATCAAGAGGTCAGGAGCTCAAGACCAGGCTGGCCAACATGGTGAAACCCTATCTCTACTAAAAATACAAAAATTAGCCAGGTGTGGTGGTGGGTGCCTGTAATCCCAGCTACTAGGGAGGCTGAGGCAGGAGATTTGCTTGAACCTGGGAGGTGGAGGTTGCAGCCAAGATCGCACCATTGCACTCCAGCCTGGGCAACAAAAGCAAAACTCCACCT"
"chr1","17335141","17335429","KN297044v1","505238","505518","31","16829903","GGCCAGCCGCGGTAGCTCATGGCCGTCATCCCAGCACTTTGGGAGGCCAAGGTGGGTGGATCACCTGCGGTCGGGAGTTTGAGACCAGCCTGGCCAACATAGTGAAACCCTGTCTCTACTAAAAATACAAAAAATTAGCCGAGTGTCTGTAATCCCAGCTACTTGGGAAGCTGAGGCAAGAGAATCGCTTGAACCCAGGAGGCAGAGGTTGCAGTGAGCCGAGATCACACCATTGCACTCCAGCCTGGGCAACAAGAGCGAAACTCTGTCTCAAAAAGAGAAAAAAAAA","GGCCAGCCACGGTGGCTCCCGTCCGTCATCTCAGCACTTCGGGAGGCCAAGGTGGGTGGATCACCTGCGGTCAGGAGTTGGAGACCAGCCTGGCCGACATGGTGAAACCCTGTCTCTACTAAAAATACAAAAAATTAGCTGTCTGTCTGTAATCCCAGCCACTTGGGAGGCTGAGGCAAGAGAATCGCTTGAACCCAGGAGGCAGAGGTTGCAGCAAGCCAAGATCACGCCATTGCACTCCTGGGCAACAAGAACGAAACTCCGTCTCAAAAAAAGAAAAA"
"chr1","17360144","17360439","KN295995v1","1426233","1426527","39","15933911","GGCCGGGCGCGGTGGCTCACGCCTGTAATCCCAGCACTTTGGGAGGCCAAGGGGGGTGGATCACCTGAGGTCAGGAGTTCGAGACGAGCCTGACCAACATGGTGGAACCCCATCTCTACTACATACAAAAAATTAGCCAGGCATGGTGGTGCATGCCTGTAGTCCCAGCTACTTGGGAGGCTGAGGCAGGAGAATTGCTTGAACCCGGCAGGCGGAGGTTGCAGAGAGCAGCGCCTGCTGCCATTGAATTCCTGCCTGGGCAACAAGAGCAAAAACTCTATCTAAAAAAAAAAAAA","GGCTGGGCACAGTGGCTTATGCCTGTAATCCCAGCACTTTGGGAGGCCAAGGCAGGTGGATCACCTGAGGTCAGGAGTTTGAGACCAGCCTGGCCAACATGGTGAAACCCCATCTCTACTAGAAACACAAAAATTAGCCAGGCATGGTGGTGCATGCCTGTAATCCCAGCTACTTGGGAGGCTGAGGCAGGAGAATCGCTTGAACCTGGGAGGCAGAAGTTGCAGTGAGCTAAGATGGCACCATTGCACTCCAGCCTGGGTAACAAGAGTGAAATTCCATCTCAAAAAAAAAAAA"
"chr1","17362854","17363106","KN294325v1","1309870","1310113","36","16052984","CGGATCGCCTGAGGTCGGGAGTTCCAGACCAGCCTGGTCAGCATGGTGAAACCCCGTCTCTACTAAAAATACAAAAATTAGCTGGGCATGGTGGCAGGTGCCTATAATCCCAGCTACTCAGGAAGCTGAGGCAGGAGAATCGCTTGAACCCTGGAGGTGGAGATTGCAGTGAGCCGAGATCGCGCCACTGCACTCCAGCCTGGGTGACAAGAGTGAGACTCCATCTCAAAAAAAAAAAAAAAAAAGAAAGAAA","AGATCAGGAGTTCAAGACCAGCCTGGCCAACATGGTGAAACCCCGTCTCTACTAAAAATACAAAAATTAGCTGGGCGTGGTGGCAGGCACCTGTAATCCCAGCTACTTGGGAGGCTGAGGCAGGAGAATCACTTGAACCCGGGAGATGGAGGTTGCAGTCAGCTGAGATTATGCCACTGCACTCCAGCCTGGGTGACAAGAGTGAAACTCCATCTCAAAAAAAAAAAAAAAAAAAAAAAAAAAA"
"chr1","17383451","17383765","KN294873v1","795453","795768","47","16587998","GCCGGGTGCAGTGGCTCACGCCTGTAATCCCAGCATTTTGGGAGTCCGAGGCAGGCGGATCACAAGGTCAGGAGTTCAAGACCAGCCTGGCCAATATGGTGAAACCCCATCTCTACTAAAAAATACAGAAATTAGCCGGGCGTGGTGGTACGCGCCTATAGTCCCAGCTACTTGGGAGCTGAGGCAGGAGAATTGCTTGAACCCAGGAGGCGGAGGTTGCAGTGAGCTGAAATCCTGCCATTGCACTCAAGCCTGGGCAACAAGAGCAAAACTCCATCCCCTCCCCCGCCCAAAAAAAAGAAAGAAAAAGAAAAA","GGCTGGGCACAGAGGCTCATGCCCGTAATTCCAACAATTTGGAAGGCCGAGGCAGGCGGATCACTTGAGGTCAGGAGTTCGAGACCAGCCTGGCCAACATGGTGAAACCCCATCTCTACTAGAAATACAAAAATTAGCCGGGCATGGTGGTGGCACGTGCCTGTAATCCCAGCTACCTGGGAGGCTGAGGCAGGAGAATCACTTGAACCCGGGAGGCAGAGGTTGCAGTGAGCTGAGATCGTGCCATTGTACCCCAGCCTGGGCAACAAGAGCAAAACTCCATTCGCTACCCAGCAAAAAAAAAAAAAAAAAAAAA"
"chr1","17385296","17385601","KN296306v1","1099162","1099469","40","16286134","GACCAGGAGTGGTGTCTCATGCCTGTAATCCCAGCACTTTGGAAAGTTGAGGTGGGCAGATCCCCTGAGGTCAGGAGTTCAAGACCAGCCTGGCCAACATGGTGAAACCCCGTCTTTACTAAAAATACAAAAATCAGCTGGACATGGTGGCAGGTGCCTGTAATCCCAACTACTGGGGAAGCTGAGGCAGGAGAATCACTTGAGCCCGGGAGGCAGATGTTGCAGTGAGCTGAGACCGCACCATTGCACTCCAACCTGAGTAATAAGAGTGAAACTCCGTCTCAAACAAACAAACAAACAAAAAAA","GACCAGGTGCAGTGGCTCATGCCTGTAATCCCAGCACTTTGGGATGCTGAGGTGGGTAGATCTCCTGAGGTCAGGAGTTCGAGACCAGCCTGGCCAACATGGTGAAACCTCATCTCTACTAAAAATACAAAAATTAGCTGGGCCTGGTGGCAGGTGCCTGTAGTCTCAGCTACTTGGGAGACTGAGGCAGGAGAATTGCTTGAACCCAGGAGTGGGAAGTTGCAGTGAGCTGAGATAGCACCATTGCACTCCAGCCTGGGCAGCAAGAGTGAAACTCTGTCTCAAAACAAACAAACAAACAAACAAAA"
"chr1","17387878","17388175","KN294416v1","208870","209165","33","17179008","GGCTGGGCGCAGTGGCTCACACTTGTAATCCCAGCACTTTGGGAGGCTGAGGAGGGTGGATCACTTGAGGTAGGGAGTTTGAGACCAGCCTGGCCAACATAGTGAAACCCTGTCTCTACTAAAAATACAAAATTAGCCAGGCGTGGTGGCGCATGCCTCTAATCCCAGCTACTCGGGAGGCTGAGGCAGGAGAATCGCTTGAACCTGGGAGGCGGAAATTGCAGTGAGCCGAGATCGTGCCATTTGCACTCCAGCCTGGGCAATAAGAGCGAAATTCCGTCTCAAAAAAAAAAAAAAA","GGCCGGGTGCCGTGGCTCATGCCTGTAATCCCAGCACTTTGGGAGGCCGAGGCGAGCGGATCACCTGAGGTCAGGAGTTCGAGACCAGCCTGGCCAACATGGTGAAACCCGTCTCTACTAAAAATACATAATTAGCCAGGTGTGGTGGCACATGCCTGTAATCCCAGCTACTTGGGAGGCTGAGACAGGAGAATCGCTTGAACCTAAGAGGTGGAGGTTGCAGTAAGCCGAGATCATGCCATTGCACTCCAGCCTGGGCAATAAGAGCAAAACTCCGTCTCAAAAAGAAAAAAAAA"
"chr1","17426916","17427054","KN295533v1","1134391","1134530","14","16292525","CCCAGCTACTCGGGAGGCTGAGGCAGGAGAATCGCTTGAACCCGGGAGGCGGAGGTTGCAGTGAGCCGAGATCGAATTATTGCACTCCAGCCTGGGCAACAAGAGTGAAACTCTGTCTCGAAAAAAAAAAAAAAAAAAA","CAGATACTCGGGAGGCTGAGGCAGGAGAATCGCTTAAACCCGGGAGGTGGAGGTTGCAGTGAGCCGAGATCGTGCCATTGCACTCCAGCCTGGGCAACAAGAGCGAAACTCTGTCTCAATTAAAAAAAAAAAAAAAAAAA"
"chr1","17450359","17450662","KN295667v1","1659641","1659946","40","15790718","GGCCAGGCTCAGTAGCTCATGTCTGTAATCCCAGCACTTTGGGAGGCTGAGGTGGGCGGATTACCTGAGGTCAGGAGTTCAAGACTAGCCTGGCCAACATGGCGAAACCCCATCTCTACTAAAAATATAAAATTAGCTGGGCATAGTGGCGCATGCCTGTAGTCCCAGCTACTCAGGAGGCTGAAGCAGGAGAATCGCTTGAACCTGGGAAGTGCAGGTTGCAGTGAGCCAAGATCGCACCATTGCACTCCAGCTTGGGTGACAAGAGCGAAACTCCATTTCAAAACAAAAACAAAAACAGAAA","GCCAGGTTCGGTGGCTCATGCCTGTAATCCCAGCACTTTGGGAGGCTGAGGTGGGCGGATCACCTGAGGTCAGGAGTTCAAGACCAGCCTGGCCATCGTGGTGAAACCCCATCTTTACTAATAACACAAAAAAATTAGCAGGACATGGTGGTGCATGCCTGTAATCCCAGCTACTCGGGAGGCTGAGGCAGGAGAATCGCTTGAACCCAGGAGGTGGAGGTTGCAGTGAGTCGAGATCGCACCATTGCACTCCAGCCTGGGCAACAAGAGTGAAACTCCACCTCAGAACAAACAAACAAACAAAAA"
"chr1","17453301","17453598","KN294251v1","2057577","2057867","36","15395724","GGCTGGGCGTGGTGGCTCACGCCTGTAATCCCAGCACTTTGGGAGGCTGAGGTGGGCAGATCACCTGAGGTCAGGAGTTTGAGACCAGCCTGGCCAACATGGTGAAACCCCATCTCTACTAAAAGTACAAAAATTAGCCAGAAGTAGTGGTGCGCGCCTGTAGTCCCAGCTACTTGGGAGGCTGAGGCATGAGAATCGCTTGAACGTGCGTGGGAGGCAGAGGTTGTAGTGAGCCGAGATCATGCCATTGCACTCCAGCCTGAGCAACAAGAGCCAAAACTCCATCTCAAAAAAAAAA","GGCTGGGCGTGATGGTGCACGCCTGTAATCACAGCACTTTGGGAGGTTGAGGCAGGCGGATCACCTGAGGTCAGGAGTTTGAGACCAGCCTGGTCAACATGGTGAAACCCCGTCTCTACTAAAAATACAAAAAATAGCTGGGCATGGTGGTGCGTGCCTGTGATCCCAGCTACTTGGGAGGCTGAGGCAGGAGAATCACTTGAACCTGCAAGGCAGAGGTTGCAGTGAGCCGAGATCGTGCCATTGCACTCCAGCCTGGGCAACAAGAGCAAAACTCCATATCAAAAAAAA"
"chr1","17459349","17459656","KN297044v1","629035","629335","39","16830314","GGCCGGGCACAGTGGCTCACGCCTGTAATCCCAGCACTTTGGGAGGCCAAGGCGGGAGGATCACTTGAGGTCGGGAGTTCGAGACCAGCCTGGGCAACATGGTGAAACCCCATCTCTACTGAAAATACAAAAATTAGCCAGGTGTGGTGGCGGGCGTCTGTCATCCCAGCTACTCAGGGGCTGAGGCAGGAGAATTGCTCGAACCCAGGAGGGTGGAGCTTGCAGTGAGCTGAGACTGTGCCATTGCAGTATGTGGGCAACAAGAGCGAAACTCCATCTCAAAAAAGAAAAAAAAAAAAGCCAAAAAA","GCCGGGTGCAGTGGCTCACACCTGTAAACCCAGCAGTTTGGGAGGCCAAGGTGGGAGGATCACTTGAGGTCGTGAGTTTGAGAGCAGCCTGGCCAACATGGTGAAACCCCATCTCTACTAAAAATACAAAAATTAGCTAGGTGTGGTGGTGGGCGCCTGTCATCCCAGCTACTCAGGAGGCTGAGGCAGGAGAATTGTTTGAACCCAGGAGGTGGAGGTTGCAGTGAGCTGAGACTGTGCCATTGCACTCCAGCCTGGGCAATGAGAGTGAAACTCCGTCTCAAAAAAGAAAAAAAAAAAA"
"chr1","17586626","17586933","KN296311v1","4668251","4668556","36","12918375","GCCGGGTGTGGTGGCTCATGCCTGTAATCCCAGCACTTTGGGAAGCTGAGGTGGGCAGATCACCTGAGGTCAGGGGTTCAAAACCAGCCTGGCCAACGTGGTGAAACCTCATCTCTACTAAAAATACAAAATTAGCCAGGGGTGGTGGCGCATGCCTGTAATCCCAGCTACTTGGGAGGCTGAGACAGGAGAATCGCCTGAACCTGGGAGGTGGAGGTTGCAGTGAGCCGAGATCACGCCATTGCACTCTAGCCTGTTCAACAAGAACAAAACTCCATCTCAAAAAAAAAAAAAAAAAAAAAAAAAAA","GCCAGGTCTGGTGGCTCACACCTATAATCCCAGCACTTTGTGAGGCCGAGGCGGGAGGATCACCTGAGGTCAGGAGTTCGACACCAGCCTGACCAACATGGTGAAACCCCATCTCTACTAAAAATACAAAATTAGCCAGGTGTGGTGGCGAATGCCTGTAATCCCTGCTACTTGGGAGGCTGAGATAGGAGAATCGATTGAACCTGGGAGGTGGAGTTTGCAGTGAGCCAAAATCGCGCCATTGCACTCCAGCCTGGGCAACAAGAACAAGACTCCATCTCAAAAAAAAAGAAAAAGAAAAAGAAA"
"chr1","17634614","17634906","KN297044v1","811314","811606","15","16823300","GGCTGGGCAAGGTGGCTCACACCTGTAATCCCAGCACTTTGGGAGGCTGAGGTGGGTGGATCACCTGAGGCCAGGAGTTCGAGACCAGCCTGGCCAACATGGCGAAACCCTGTCTCTACTAAAAATACAAAAATTGGCTGGGCCTGGTAGCGGGTGCCTGTAATCTAACTACTCAGGAGGCTGAGGCAGGAGAATTGCTTGAACCCAGGAGATGGAGGTTGCAGTGAGCTGAGATCGTGCCATTGCACTTCAGCCTGGCCAACAAGAGCAAAACTCTGTCTCAGAAAAAAAAA","GGCCGGGCACGGTGGCTCACACCTGTAATCCCAGCACTTTGGGAGGCTGAGGTGGGTGGATCACCTGAGGCCAGGAGTTCGAGACCAGCCTGGCCAACATGGTGAAACCCTGTCTCTACTAAAAATACAAAAATTATCTGGGCATGGTGGCGGGTGCCTGTAATCCTAACTACTCGGGAGGCTGAGGAAGGCGAATTGCTTGAACCCAGGAGGTGGAGGTTGCAGTGAGCTGAGATTGCGCCATTGCACTTCAGCCTGGCCAACAAGAGCAAAACTCTGTCTCAAAAAAAAAA"
"chr1","17714440","17714746","KN295236v1","3672786","3673083","42","14041654","GCCGGGCACAGTGGCTCACACCTGTAATCCCAGCACTTTGGGAGCCCAAGGTGGGTGATCATCTGAAGTCAGGGGTTCGAGACCAGCCTGGCCAACATGGTGAAACCCCATTTCTACTAAAAATACAAAAATTAGCTGGGCTTGGTGGTGTGTGCCTACATCCCAGCTACTCAGGAGGCTAAGGCAGAAGAATCGCTTGAACCCAGGAGGCAGAGGTTGCAGAGGTTGCAGTGAGCCGAGATGGCACCATTGCACTCCAGCCTGGGCAACAAAAGCAAAACTCCATTTCAAAAGAAAAAAAAAAAAA","GGCTGGGCACAGTGGCTCATGCCTGTAATCCCAGCACTTTGGGAGGCCGAGGCGGGTGGATCACCTGAGGTCAAGAGTTCGAGACCAGACTGACCAACATGGTGAAACCCCATTTTTACTAAAAATACAAAAATTAGCTGGGCGTGGTGGTGGGCGCCTGTAATCCCAGCTACTCAGGAGGCTGAGGCAGGAGAATCGCTTGAACCCGGGAGGTAGAGGTTGCAATGAGCCCAGATGGCACCATTGCACTCCAGCCTTGGCAACAAGAACGAAACTCCATCTCAAAAAAAAAAAAAAA"
"chr1","17765826","17766138","KN297044v1","945009","945320","24","16820817","GGCTAGGCGCAGTGGCTCACACCTGTAATCCCAGTGCTTTGGGAGGCCAAGGCTGGCAGATCACCTGAGGTCAGGAGTTCGAGACCAGTCTGGCCAACATGGTAAAACCTCATCTCTACTAAAAATATAAACATTAGCTGGGTGTGGTGGCAGACTCCTGTAATCCCAGCTACTCAGGAGGCTAAGGCAGGAGAATCGCTTGAACCTTGGAGGTGGAGGTTGCAGTGAGTCAAGATCGCACCATTGCATTCCAGCCTGGGAGATAAGAATGAGACTCCATCTCAAAAAAACCAAAAAAACCAACAAAAAAAAA","GGCTGGGTGCAGTGGCTCACGCCTGTAATCCTAGCACTTTGGGAGGCTGAGGCTGGCAGATCACCTGAGGTCAGGATTTCGAGACCAGTCTGGCCAACATGGTGAAACCTCATCTCTACTAAAAATATAAACATTAGCTGGGCATGGTGGCAGACTCCTATAATCCCAGCTACTCAGGAGGCTGAGGCAGGAGAATCGCTTGAACCTTGGAGGAGGAGGTTGCAGTGAGTCAAGATCGCACCATTGCACTCCAGCCTGGGAGATAAGAGCGAGACTCCATCTCAAAAAACAAAAAACAAAAAACAAAAAAAA"
"chr1","17939593","17939892","KN295907v1","1589185","1589479","38","16350408","GGCCAGGTGCGGTGGCTCATGCCTGTAATCCCAGTACTTTGGGAGGACGGGGCGGGTGGATCATCTGAGGTCAGGAGTTCGAGACCAGCCTGGCCAACATGGTGAAACCCCGTCTCTACTAAAAATACAAAAAAAAAAAAGTTAGCCAGGTGTAGTGGTGGGCATCTGTAATCCCAGCTACTTGGGAGGCTGAGGCAGGAGAATCACTTGAACCCGGCAGAAGGAGATTGCAGTGAGCTGAAATTGCACTATTGTACTCCAGCCTGGGCGACAAGAGCAAAACTCCATTAAAAAAAAAAA","GGCTAGATGTGGTGGCTCATGCCTGTAATGCCAGCACTTAGGGAGGCCGAGGCGGGTGGATCACCTGAGGTCAGGAGTTCGAGACCAGCCTGGCCAACATGATGAAACTCTGTCTCTACTAAAAGTACAAAAATTAGCCAGGCGTGGTGGCGGGCATCTGTAATCCCAGCTACTTGGGAGGTTGAGGCAGGAGAATCGCTTGAACCCAGGAGAAGGAGATTGCAGTGAGCCAAGATTGCACTATTGCACTCCAGCCTGGGTGACAAGAACAAAACTCCATCTGAAAACAAACAAA"
"chr1","17943205","17943499","KN297227v1","1018475","1018768","33","16924730","CTGGGCATGGTGGCTCACGCCTGTAATCTCAGCACTTTGGGAGGCCAAGGTGGGCAGATCACAAGGTCAGGAGTTTGAGACCAGCCTGGCCAACATGGTGAAACCCCATCTCTACTAGAAATACAAATATTAGCCAGGCGTGGTAGCGGGTGTCTGTAATCCTGGCTACTCGGGAGGCTGAGACAGGAGAATCACTTGAACTCAGGAGGCAGAGGTTGCAGTGAGCAGAGAGCACACCATTGCACTCCAGCCTGGGCAACAAGAGTGGAACTCCGTCTCAAAAAAAAAAAAAAAA","GGGCACGGTGGGTCATGCCTGTAATCCCAGCACTTTGGGAGGCCAAGGCAGGTAGATCACGAGGTCAGGCGTTCGAGACCAGCCTGGCCAACATAGTGAAACCCTGTCTCTACTAAAAATACAAAAAATTAGCCAGGCGTGGTGGCGGGCGCCTGTAATCCCAGCTACTTGGGAGGCTGAGGCAGGAGAATCACTTGAACCTGGGAGGCAGAGGTTGCAGTGAACTGAGATCGCACCATTGCACTCCAGCCTGGGCAACAAGAGTGAAACTCCGTCTCAAAAAAAAAAAAAAAA"
"chr1","18349954","18350034","KN296573v1","17183","17267","16","18332771","AGGTTAAGGTGCCAAGAATGCACCACTGCACTCCAGCCTGGGCGACAAGAGTGAAACTCCGTCTCAAAACAACAAACAAAA","GGAGGTTACAGTGAGCTGAGATCGCACCATTGCACTCCAGCCTGGGTGACAAGAGCGAAACTCTGTCTCAAAAAAAAAAAAAAAA"
"chr1","18473222","18473498","KN295936v1","30401","30674","38","18442821","GGCTGGGCACAGTGGCTCATGCCTGCAATCCCAGCACTTTCAGAGGCCAAGGCAGGCAGATCAGCTGAGGTAAGGAGTTCGAGACCAGCCTGGCCAACATGGCAAAACCCCGTTCCTACTAAAAATACAAAAATTAGCTGGGCGTAGTGGCACATGTCTGTAATCTCAGCTACTTGGGAGGCTGAGGCAGGAGAATCGCTTGAACCCAGGAGGCAGAGATTGCAGTGAGCTGAGATCACACCACTGCATTCCAGCCTGGGTGACAAGATGGAAACTC","GGCCAGGCACGGTGGCTCATGCCTGTAATCCCAGCACTTTGGGAGGCCGAGGCAGGTGGATCACCTGAGGTCAGCGGTTCGAGACCAGCCTGGCCAACATAGTGAAACCCCGTCTCTACTAAAAATACAAAAAATTAGCTGGGCGTGGTGGCGGGTGCCTGTAACAGCTACTTGGGAGGCTGAGGCAGGAGAATCGCTGGAACCCAGGAGGCAGAGGTTGCAGTGAGCCGAGATCACGCCATTGCACTCCAGCCTGGGCAACAAGAGTGAAACT"
"chr1","18622330","18622637","KN297227v1","852541","852851","52","17769789","GGCCGGGCATAGTGGCCCACACCTGTAATCCCAGCACTTTGGGAGGCCAAGGTGGGTGGATCATCTGAGGTCAGGAGTTCGAGACCAGCCTGACCAACATGGTGAAACCCGTCTCTACTAAAAATACAAAATTAGCCAGACATGTTGGTGCATGCCTGTAATCCCAGCTGAGGCAGAAGAATCACTTGAACCCGTGAGGCAGAGGTTGCAGTAAGCTGAGATTGCACCATTGCACTCCAGCCTGGGCAACAAGAATGAAACTCCGTATCAAAAAATAAAAATAAAAATAAAATAAAATAAAATAAAAT","GGCCGGGCACACTGGCTCACACCTGTAATCCCAACACTTTGGGAGACAGAGGCGGGTGGATCACTTGAGGTCAGGAGTTCAGACCAGCCTGGCCAACATGGTGAAACCCTGTCTCTACTAAAAATACAAAATTAGCCGGGCATGGTGGCAAATGCCTGTAGTCTCAGCTACTTGGGAGGCTGAAGTAAGAGAATAGCTTGAACCTGGGAGGCAGAGGTTGCAGTGAGCTGAGATTGCGCCATTGCACTACAGCCTGGGCAACAAGAGTGAAACTCCGTCTCAAAAATAAATAATAAATAAATAAATAAAAA"
"chr1","18637168","18637478","KN295995v1","165168","165480","40","18472000","GGCTGGGTGCAGTGGCTCACGCCTGTAATCCCAGCACTTTGGGAGGCCAAGACCAGCAGATCACCTGAGGTCAGGAGTTCAAGACCAGCCTGGCCAACATGGCAAAACCCTGTCTCTATTAAAAATACAAAAAATTAGCCAGGCATGGTGGTGGGCACCTGTAATCCCAGCTACTTGGGAGGCTGAGGCAGGAGAATCGTTTGAAACCGGGAGGCGGAGGTTGCAGTGAGCTGAGACTGCACCATTGCGCTCTAGCCTGGGTGAGGAGGGAAATTCTGTTTCAAAAAAAAAAAAAAAAAAAAAAAAAAAAA","GGCTGAGTGCTGTAGCTCACGCCTGTAATCCCAGCACTTTGGGAGGCCAAGGCGGGTGGATCACCTGAGGTCAGGAGTTCAAGGCCAGCCTGGCCAACATGGTGAAACCCCGTCTCTACTAAAAATACAAAAATTAGCCAGGCATGGTGGCAGGCGCCTGTAATCCCAGCTACTTGGGAGGCTGAGGCAGGAGCATCGCTTGAACCCAGGAGGCGGAGGTTGCAGTGAGCCGAGATTGCACCACTGCACTCCAGCTTGGGTGACAGGAGTGAAACTCCATCTCAAACAAACATACAAAAACAAAAACAAAAAA"
"chr1","18958574","18958874","KN296153v1","3677943","3678242","31","15280631","GGCTGGGCGTGGTGGCTCACGCCTGTAATCCTAGCACTTTGGGAGGCCGAGGCAGGTGGATCACCTGAGGTCAGGAGCTCAAGACAAGCCTGGCCAACATAGTGAAACCACGTCTCTACTAAAAATACAAAAAAAGTAGCCAGGTGTGGTGGCAGATGCCTGTAATCCCAGCTACTAGGAGGCTGAGGCAGGAGAATCGCTTGAACCTGGGAGGCGGAGGTTGTAGTGAGCCGAGATTGCGCCATTGGCAACAAGAGCCTGGGCAACGAGAGCGAAACTGTGTCTCAAAAAAAAAAAAAAA","GGCCGGGTGTGGTGGCTCACGCCTGTAATCCCAGCACTTTGGGAGGCCAAGGCAGGTGGATCACTTGAGGTCAGGAGTTCGAGACCAGCCTGGCCAACATAGTGAAACCCCATCTCTACTAAAAATAAAAAAAATTAGCTGGGCGTGGTGGCAGGCGCCTGTAATCCCAGCTACTCGAGAGGCTGAGGCAGGAGAATCACTTGAACCTGGGAGGCGGAGGTTGCAGTGAGCAGAGATTGCGCCATTGCACTCCAGCCTGGGCAACAAGAGCGAAACTCCGTCTCAAAAAAAAAAAAAAAA"
"chr1","19031437","19031731","KN294205v1","612591","612886","35","18418846","GGCCGGGCACAGTGGCTCACACGTGTAATCCCAGCACTTTGAGAGGCCGAGGCAGGTGGATCACCTGAGGTCAGGAGTTCCAGACCAGCCTGGCCAACATGGCAAAACCCCGTCTCTACTAAAAATACAAAAATTAGCTGGGCGTGGTGGCAGGCACCTGTAATTCCAGCTACTTGGGAGGCTGAGGCGGAAGAATCCCTTTAACCTGGGAGGCAGAGGCTGCAGTGAGCCAAGATCACGCCACTGCACTCCAGCCTGGGTGACAAGAGCAAAACCCTGTCTCAAAACAAAAGAA","GGCCAGGAACAGTGGCTCATGCCTGCAATCCCAGCACTTTGTGAGGCCAAGGCAGGTGGATCACCTGAGGTCAGGATTTCGAGACCAGCCTGGCCAACATGGTGAAACCCTGTCTCTACTAAAAATACAAAATTAGCAGGGTGTGGTGGCAGGCACCTGTAATTCCAGCTACTTGGGAGGCTAAGGCAGGAGAATCTCTTGAACCTGGGAGGCAGAGGTTGCAGTGAGCCAAGATTGCCCCATTGCACTCCAGCCTGGGCAACAAGAGCTAAACTCCATCTCAAAACAAAACAAAA"
"chr1","19037021","19037323","KN295523v1","2519145","2519447","34","16517876","GGCCAGACACAATGGCTCACGCCTGTAATCCCAGCACTTTGGGAGGCTGAGGGGAGCGGATCACCTGAGGTCAGGAGTTGGAGACCAGCCTGGCCAACACGGTGAAACCCCGAGTCTACTAAAAATACAAAAAATTGGCCAGGTGTGGTGGCAGGTGCCTTTAGTTCCAGCTACTCGGGAGGCTGAGACAGGAGAATCGCTTGAACCCGGGAGGCAGAGGTTGCAGTGAGCCGAGACCATGCCACTGCACTCCAGCCTGGGTGACAAGAGCAAAACTTCATCTCAAAAAAAAAAAAAGAATAA","GGCCAGGCACAGTGGCTCATGCCTGTAATCCCAGCACTTTGGGAGGCTGAGGTGGGTGGATCATCTGAGGTCAGGAGTTGGAGACCAGCCTGGTCCACATGGTGAAACCCCGTCTCTACTAAAAATACAAAAAAATTAGCCAGGCGTGGTGGTGGGCGCCTGTAATCCCAGCTACTAGGGAGGCTGAGGCAGGAGACTAGCTTGAACCCAGGAGGCAGAGGTTGCAGTGAGCAGAGATCATGCCATTGCACTCCAGCCTGGGTGACAAGAGCAAAACCCCATCTCCAAAAAAAAAAAAAAAAA"
"chr1","19139179","19139468","KN296263v1","779161","779451","38","18360018","GGCAGGGCGTGGTGACTCACACCTATGATCCCAGTGCTTTGGGAGGTGGGTGGATCACCTGAGGTTAGGAGTTCAAAACCAGCCTGGCCAGCATGGTGAAACCCTGTCTCTACTAAAAATACAAAAATTAGCTGGGTGTGGTGGTGCATGCCTGTAATCCCCGCTACTCTGGAGGCTGAGGCAGGAGAATCGCTTGAGCCTGGGAGGTGGAGGTTTCAGTGAGCCGGGATCACGCCATCGCACTCCAGCCTGGACAACAAGAGTGAAACTCCGTCTTAAAAAAAAAAAAA","GGCCGGGCATGGTGGCTCACGCCTGTAATCCCAACACTTTGGGAGGCGGGTGGATCACCTGAGGTCAGGAGTTAAAGACCAGCCTGGCCAACATGGTAAAACCCTATCTCTACTGAAAATACAAAAAATTACCTGGGTGTGGTTGCAGGTACCTGTAATCCCAGCTACTCTGGAGGCTGAGGCAGGAGAATCGCTTGAACCCAGGTGGTGGAGGTTACAGTGAGCCGAGATCGTGCCATAGCACTCCAGCCTGGGCAACAAGAGCGAAACTCCATCTCAAAAAAAAAAAAA"
"chr1","19141109","19141283","KN294592v1","1377982","1378158","31","17763127","TTTACTAAAAATGCAAAAATTAGCCAGGCGAAGTGGCAGGCGCTATAATCCCAGCTACTCGGGAAGCTGAAGCAGGAGAATCACTTGAACCCGGGGGGCAGAGGTTACAGTGAGCTAAGATTGAGCCATTTGCATTCCAGCCTGGGCAAAAGAGCGAAATGCCATCTCAAAAAAA","TCTCTACTAAAAATACAAAAATTAGCCAGACATGGTGGTGAGCACCTGTAATCCCAGCTACTCGAGAGGCTGAGGCAGGAGAATCACTCGAACCCAGGAGGCAGAGGTTGCAGTGAGCCGAGATGGTGCCATTGCACTCCAGCCTGGGCAACAAGAGCGAAATTCTGTCTCAAAAAA"
"chr1","19144044","19144333","KN295974v1","3935817","3936103","42","15208227","GGCTGGGCGCGGTGGCTCACGCCTGTAATCTTAGCACTTTCGGAGGCCCAGGTGGGTGGATCACCTGAGGTCAGGAGTCTGAGACCAGCCTCGCCAACATGGTGAAATCCCATCTCTACTAAAAATGCAAAAATTAGCCAGGCGAAGTGGCAGGCGCCTATAATCCCAGCTACTCGGGAAGCTGAAGCAGGAGAATCACTTGAACCCGGGGGGCAGAGGTTACAGTGAGCTAAGATTGAGCCATTTGCATTCCAGCCTGGGCAAAAGAGCGAAATGCCATCTCAAAAAAA","CTGGGCACAGTGGCTCACGCCCGTAATCCCAGCACTTTCGGAGGCCAAGGTGGGTGGATCACCTGAGACCAAGAGTTCAAGACCAACCTGGCCAACATGGTGAAATCCCGTCTCTACTACAAATACAAAAAATTAGCCAGGCATGGTGGCAGGCACCTGTAATCCCAGCTACTCGGGAGGCTGAGGCAGGAGAATTGCTTGAACCCGGAAGGCAGAGGTTGCAGTGAGCTGAGATTGTGCCGTTGCACTCCAGCCTGGGCAACAAGAGCAAAATTCCATCTCAAAAA"
"chr1","19156088","19156389","KN295045v1","457618","457913","54","18698470","GGCTGGGTGCAGTGGCTCACGCCTGTAATCTCAGCACTTTGGGAGGCCAAGGCAGGCGGATCACCGGAGGTCAGGAGTTTGAGACCAGCCTGGCTAACATGGTGAAACCCTGTTTTTTTTTTACTAAAAATACAAAAAATTAGCTGGGCGTGGTGGCGCGTGCCTGTAATGCCCATAATCCCAGCTACTCTGGAGGCTGAGGCAGGAGAATTGATTGAACCAGGGAGGCGAAAGTTGCAGTGAGCTGAGATCACACCATTGCTATGGCAACAAGAGCAAAACTCCATCTGAAAAAAAAAAAA","GGCCGGATGTGGTGGCTCACACCTTTAATCCCAGCACTTTGGGAGGCCAAGGCAGGTGGATCACCTGAGGTCAGGAGTTTGAGACCAGCCTGGCTAACATGGTAAAACCCTGTTTCTACTAAAAATACAAAAAATTAGCTGGGCGTGGTGGCGCATGCCTGTAATCCCAGCCACTCAGGAGGCTGAGACAGGAGAATCACTTGAACCTGGGAGGCGGAGGTTGCAGTGAGCTGAGTGAACTTGCACTCCAGCTTGAGCAACAAGAGCGAAACTCTGTCTCAAAAAAAAAAAAAAAA"
"chr1","19185861","19186140","KN294172v1","6656193","6656471","41","12529668","GGCCGGGCATAGTGGCTCATGCCTGTAATCCCAGCACTTTGGGAGGCCAAGGCGGGCAGATCACCTGAGGTTAGGAGCTTGAGACCAGCCTGGGCCAACATGGTGAAACCCTGTCTCTTACTAAAAATACAAAATTAGCGCCTGTAATCCCAGCTACTCAGGAGGCTGAGGCAGGAGAATCGCTTGAACCAGGAGGCAGAAGTTGCAAAGAGCTGAGATTACACCATTCCACTCCAGCCTGGGCAACAAGAGCAAAACTCTGTCTCAAAAAAGAAAAAAA","GGCTGGACGTGGTGGCTCACGCCTGTAATCCCAGCACTTTGGGAGGCTGAGGTGGGTGGATCACTTGAGGCCAGGAGTTCAAGACCAGCCTGGCTAACATGGTGAAACCCCGTCTCTACTAAAAATACAAAATTTGCCAGGTGTAATCCCAGCTACTCAGGAGGCTGAGGCAGGAGAATCGCTTGAACCCAGGAGGTGGAGGTTGCAGTGAGCAGGGATCATGCCATTGCGCTCCAGCCTGGGCAACAAGAGCGAAACTCTGTCTCAGAAAAGAAAAAA"
"chr1","19299471","19299791","KN297048v1","117690","118000","41","19181781","GGCCAGGTGCAGTGGCTCATACTTGTAATCCCAGCACTTTGGGAGGCCAAGGGAGGTGGATCACCTGAAGTCAGAAGTTCAAGACCAGCCTGGCCAACATGGCAAAACCCTGTCTCTACTAAAAATAAAATAAATAAATAAATAAAAAAAGCCAGACGTGGTGGTGGGCACCTGTAATCCCAGCTACTGGGGAGGCTGAGGCAGGAGAATCACTTGAACCCAGGAGGCAGAGGTTGCAGTGAGCCAAGATTGCACCATTGCACTCCAGCCTGGGTGACAAGAGCGAAACTCCGTCTCAAAAAAAAAAAAAAAAAGACAAAA","GGCTGGGTGCAGTGGCTCATGCCTGTAATCCCAGCACTTTGGGAGGCCGAGGCAGATGGATCACCTGAAGTCAGGAGTTCAAGACTAGCCTGGCCAACATGGTGAAACCCTGTCTCTACTAAAAATAAAAATAAAAATAAAAATAGCCAGGCGTGATGGCACGTGCCTGTAATCCCAGCTACTTGGGAAGCTGAGGCAGGAGAATCACTTGAACCCAGGAGGCGGAGGTTGCAGTGAGCCAAGATTGTGCCATTGCACTCCAGCCTGGGCAACAAGAGTGAAACTCCATCTAAACAAACAAACAAACAAAA"
"chr1","19352258","19352539","KN296508v1","1444199","1444478","44","17908059","GCTGGGCATGGTGGCTCATGCCTGTAATCCCAGCACTGCGGGAGGGCGAGGCAGGCGGATCACTTGAGTCCAGGAGTTCAAGACCAGCCTGACCAACATGGTGAAACCCCGTCTCTACTAAAAAATAAAAAAATTAGCCAAGCATGGTGGCAAGCACCTGTAGTCCCAGCTACTCGGGAGGCTGAGGCAGGAGACTTGCTTGAACCTGGGAGGCGGAGGTTGCGGTGCTCGAGATCGCTCCATTGCACTGCAGCCTGGGTGACAAAAAAAAAAAAAAAAAAA","GGCTGGGCATGGTGGCTCACACCTGTAATCCTAGCACTTTGGGAGGCTGAGGTGGGTGGATCACCTGAGGAGTTCAAGACCAGCCTGGTCCAACATGGTGAAACCCCGTCTCTACTAAAAATACAAAAATTAGCCAGGCATGGTGGCGAGCACCTGTAATCCCAGCTACTCAAGAGGCTGAGGCATGAGAATCGCTTGAACCCGGGAGGCAGAGGTTGCAGTGAGCTGAGATCGTGCCATTGCACTCGGTCTGGGCGACAGAGCAAAAAAAAAAAAAAAA"
"chr1","19356151","19356458","KN294229v1","150337","150645","37","19205814","GGCTGGGAGCGGTGGCTCACCTCTGTAATCCCAGCACTTTGGAAGGCCGAGGCAGGTAGATCACCTGAGGTCAGGAGTTGGAGACCAGCATGGCCAACATGGTGAAACCCCATCTCTACTAAAAATACAAAAAATTAGCCGGGGGTGGTGGCAGCCACCTGTAATCCAAGCTACTTGGGAGGCTGAGGCAGAAGAATTGCTTGAACCAGGGAGGCAGAGGTTGCAGTGAGCCAAGATTGTGCCATCACACTCCAGCCTGGGCAACAAGAACAAAACTCCATCTCTAAAACAAAACAAAACAAAAAGAA","GGCTGGGAGTGGTGGCTCACTCCTTTAATCCCAGCACTTTGGGAAGTCGAGGTGGATGGATCACCTGAGGTCAGGAGTTTGAGACCAGCCTGGCCAACATGGTGAAACCCCCGCCTCTACTAAAAATACAAAAAATTAGCCGGGCTTGGTGGCAGGCACCTGTAATCCCAGCTACTTGGGAGGCTGAGGCAGGAGAATTGCTTGAACCCGGAGGTGGAGGTTGCTGTGAGCCAAGATCGTGCCTTTGCATTCCAGCCTAGGCAACAAGAGCAAAACTCCATCTCAAAAAACAAAACAAAACAAAACAAA"
"chr1","19467270","19467564","KN296153v1","3677943","3678242","38","15789327","GGACAGGCGCAGTGGCTCACGCCTGTAATCCCAACACTTTGGGAGGTCAAGGCAGGCCGATTATTTGAGGTCAGGAGTTTGAGACCAGCTTGGTCAACAGTGAAACCCCATTTCTGCAAAAATACAAAAATTAGCCAGGCATGGTGGCACGTGCCTATAATCCCAGCTGCTCAGGAGGCTGAGGCAGGAGAATCGCTTGAACCGGGAGGTGGAGGTTGCAGTGAGCCGGGATTGCACCATTGCACTCCAGCCTGGGCAACAAGAGTGAAACTCTGTCTCAAAAAAAAAAAAAAAA","GGCCGGGTGTGGTGGCTCACGCCTGTAATCCCAGCACTTTGGGAGGCCAAGGCAGGTGGATCACTTGAGGTCAGGAGTTCGAGACCAGCCTGGCCAACATAGTGAAACCCCATCTCTACTAAAAATAAAAAAAATTAGCTGGGCGTGGTGGCAGGCGCCTGTAATCCCAGCTACTCGAGAGGCTGAGGCAGGAGAATCACTTGAACCTGGGAGGCGGAGGTTGCAGTGAGCAGAGATTGCGCCATTGCACTCCAGCCTGGGCAACAAGAGCGAAACTCCGTCTCAAAAAAAAAAAAAAAA"
"chr1","19475393","19475671","KN297105v1","1527475","1527726","60","17947918","GGCTGGGCATGGTGGCTCACACCTGTAATCCCAGCACTTTGGGAGGCCGAAGCTGGTGGATAAGCTGAGGTCAGGAGTTTGAGACCAGCCTGCCCAACCTGGTGAAACCCCGTCTCTACTAAAAATACAAAAATTGATTACACTTGTAATCCCAGCACTTTGGGAGGCCAAGGTGGGAGGATTGGGCACCTGTAATCCCAGCTACTTGGGAGGCTGAGGCAGGAGAATCACTTGAACCCGAGATGCAGAGGTTGCAGTGAACCGAGATTGTGCCATTGC","GGCTGGGCACGGTGGCTCATGCCTGTAATCCCAGCACTTTGGGAGGCCGAGGTGAGTGCATCACCTGAGGTCAGAATTCGAGACCAGCCTGGTCAACATGGTGAAACCCCGTCTCTACTAAAAATACAAAAATTAACTTGGCATGGTCAGGTAGCACGCACCTGTAATGCCATCTACTCGGGAGGCTAAGGCAGGAGAATTGCTTAAATCCGGGAGGCGGAGGTTGCAGTGAGCTGAGATTATGCCATTGCA"
"chr1","19496568","19496873","KN294662v1","79885","80185","40","19416683","GGCTAGGCGCAGTGGCTCATGCCTGTAATCCCAACACTTTGGGAGGACAAGGTGGGTGGATCACCTGAGGTCAGGAGTTCGAGACCATCCTGGCCAACATGGTGAAACCCCATCTCTACTAAAAATACAAGAATTAGCTGGGTGTGGTGAGCCACACCTGTAGTCCTAGGTACTCAGGAGGCTGAGGCAGGAGAATTGATTGAACCTGGGAGGTGGGGGTTGAGATGAGCCGAGATTGCATCATTGCATTCCAGCCTGGGCAGCAAGAGCAAAACTCTGTCTCAAATAACAACAACAACAAAAAAA","GGCTGGGCGTGGTGGCTCATGCCTGTAATCCCAGTACTTTGGGAGGCCAAGGTGGGTGGATCACCTGAGGTCAGGAGTTCGAGACCAGCCTGGCCAATATGGTGAAACCCCATCTCTATTAAAAATACAAAAAATTAGTAGGGCGTGGTGGCACATGCCTGTAATCCCAGCTACTCAGGAGGCTGACGCAGGAGAATCGCTTGAACCTGGGAGGTGGAGGTTGCAGTGAGCTGAGATCGCACCATTGCACTCCAGCCTGGGCAACAAGAGCGAAACTCCGTCTCAAAAAAAAAAAAAAAAA"
"chr1","19511757","19512063","KN295869v1","284557","284865","43","19227200","GGCACGGTGGCTCACACCTATAATCCCAGCACTTTGGGAGGCTGAGGTGGGCGGATTACCTGAGATCAGGAGTTCAAGACCAGCCTGGCCAACATGGCAAAACCCCATCTCTACTAAAAAATACAAAAAACTGGCTGGGCATGGTGGCGGGTGCCTGTAAACCCAGCTACTCAGGAGACTAAGGCAGGAGAATTGCTTGAACCCAGGAGGCAGAGGTTGCAGCGAGCCAGGATTGCTCTATTGCACTCCAGCCTGGGCAACAAGTGCGAAACTCCGTTTCCAAAAACAAACAAAACAAAACAAAAAA","GGCCAGGCACGGTGGCTCACGCCTGTAATCCCAGCACTTTGGGAGGCTGAGGCGGATGGATCACCTGAGGTCAGGGGTTCAAGACCAGCCTGGCCAGCATGGTGAAACCCCATCTCTACTAAAAATACAAAAAATTAGCTGGGCATGGTGGTGGGTGCCTGTAATCCCAGCTATTCAGGAGACTGAGGCAGGAGAATTGCTTGAACCTAAGAGGTGGAGGTTGCATTGAGCCAAGATCGTGCCATTGCACTCCAGCCTGGGCAACAAGAGCAAAACTCCGTCTAAAAAAAAAAAAAAAAAAAAAAAAAA"
"chr1","19518877","19519179","KN294208v1","853291","853593","36","18665586","GGCCGGGCACAGTGACTCATGCCTGTAATCCCAGCACTATGGGAGGCCGAGGCAGCAGATCACTTGAGGTCAGGAGTTCGAGACTAGCCTGACCAACATGATGAAACCCTGTCTCTACTAAAAACACAAAAATTAGCTGGGTGTGGTGGTGCATGCCTGTAATCCCAGCTACTCGGGAGGTTGAGGCGGCAGAATCGCTTGAACCCAGGTGGTGGAGGTTGCAGTGAGCCAAGATCGCACCATTACACTCCAGCCTGGGCAACAAGAGTGAAACTCCCATCTCAAAAAAAAAAAAAAAAAAAA","GGTCGGGCGCAGTGGCTCATGCCTGTAATCCCAGCACTTTCGGAGGCCGAGGCAGGCAGATCACCTGAGGTCAGAAGTTCGAGACCAGCCTGACCAACATGGTGAAACACTGCCTCTACTAAAAAATACAAAATTAGCCAGGAGTGGTGGTGGATGCCTGTAATCCCAGCTACTCAGGAGGCTGAGGCAGGAGAATTGCTTGAACCTGGGAGGTGGAGGTTGCAGTGAGCTGAGATTGCGTCATTGCACTCCAGCCTGGGCAACAAGAGCAAAACTCCATCTCAAAAAAAAAAAAAAAAAAAA"
"chr1","19525021","19525318","KN294662v1","79885","80185","35","19445136","GGCTGGGCATGGTGGCTCAGGCCGGTAATCCCAGCACTTTGGGAGGCCTAGGTGGGTGGATCATCTGAGGTCAGGAGTTTGAGACCAGCCCGGCCAACATGGTGAAACCCCGTCTCTACTAAAAATACAAAAATTAGCTGGGTGTGGTGGCACACGCCTGTAATCCCAGTTATTTGGGAGGCTGAGGCAGGGAATTGCTTGAACCCAGCAGGCGCAGGTTCCAGTGAGCCAAGATCGCACCATTGCACTCCAGCCTGGGCAAAAAGAACAAAACTCCGTCTCAAAAAAAAAAAAAAAA","GGCTGGGCGTGGTGGCTCATGCCTGTAATCCCAGTACTTTGGGAGGCCAAGGTGGGTGGATCACCTGAGGTCAGGAGTTCGAGACCAGCCTGGCCAATATGGTGAAACCCCATCTCTATTAAAAATACAAAAAATTAGTAGGGCGTGGTGGCACATGCCTGTAATCCCAGCTACTCAGGAGGCTGACGCAGGAGAATCGCTTGAACCTGGGAGGTGGAGGTTGCAGTGAGCTGAGATCGCACCATTGCACTCCAGCCTGGGCAACAAGAGCGAAACTCCGTCTCAAAAAAAAAAAAAAAAA"
"chr1","19529925","19530233","KN297078v1","312102","312402","40","19217823","CTGGGCACGGTGGCTCACACCTGTAATCCCAGCACTTTGGGAGGCCAAGGCAGGCAGATCGTCTGAAGTCAGGAGTTCAAGACAAGCCTGGCCATCATAGAGAAATCCCATCCCTACTAAAAATACAAAAAATTAGCTGGGCATGGTGGCAGGCGCCTGTAATCCCAGCTCCTCAGGAGGCTGAGGAAGAAGAATTGCTTGAACCTGGGAGGCAGAGGTTGCAGTGAGCCGAGATTACGCCATTGCACTCTAGCCTGGGGAATAAGAGTGAAACTCCATCCCCAAAAAATAAATAAATAAATAAATAAA","GGCTGGGCACGGTGGCTCACGCCTGTAATCCCAGCACTTTGGGAGGCCAAGGCAGGCAGATCACCTGAGATCAAGAGTTCAAGACCAGCCTGGCCAGCATAGTGAAACCCCATCTCTACTAAAAATACAAAAAATTAGCTGGGCATAGTGGCAGACGCCTGTAATCCCAGCTACTCAGGAGGCTGAGGCAGGAGAATTGCTTGAACCCAGGAGGCAGAGGTTGCAGTGAGCCGAGGTCACACCATTGCATTCCAGCCTGGGCAGCAAGAGTGAAACCCCATCTCAAAAAAAAAAAAAAAAA"
"chr1","19536889","19537200","KN297390v1","1640938","1641250","40","17895951","GGCTGGGCGTGGTGGCTCACGCCTGTAATTCCAGCACATTGGGAAGCTGAGGCAAGCAGATCACCTGAGGTCAGGAGTTCAAGACCAGCCTGGCCAATATGGTGAAACCCCATCTCTACTAAAAATACAAAAATTAGACAGGTGTGGTGGCACATCCCTGTAATTCCAGCTACTCGGGAGGCTGAGAGAGGAGAATCGCTGTAACCCAGGAGGCAGAGATTGCGGTGAGACAAGATTGCACCATTGCACTCCAGCCTGAGAAACAAGAGCAAAACTCTGTCTCAAAAAAAAAAAAAAAAAAAAACAGAAGAA","GGCTGGGCGTGGTGGCTCATGCCTGTAATCCCAACACATTGGGAGGCTGAGGCAGGCAGATCACCTGAGGTCAGGAGTTCGAGACCAGCCTGGCCAACATGGTGAAACCTGGTCTCTACTAAAAATACAAAAATTAGCCAGGTGTGGTGGCAGACGCCTGTAATCCCAGCTACTTGGGAGGCTGAGGCAGGAGAATCGCTTGAACCCAGGAGGCAGAGGTTGCAGTGAGCCAAGATCATGCCATTGCATTCCAGCCTGGGCAACAAAAGTGAAACTCCATCTCAAAAAAAAACAAAAACAAAAACAAAAAAAA"
"chr1","19542218","19542510","KN296557v1","709141","709435","34","18833077","GGCTGGGTGCGATGGCTCATGCCTGTAATCCCAGCACTTTGAGAGGCCGAGGCGGGCGGATCACCTGAGGTCAGGAGTTCGAGACCAGCCTGGCCAACATGATGAAACTCCTCTCTACTAAAAATAAAAAATTAGCTCGGCATGGTGGCAGGCGCCTGTAATCCCAGCTACTAGGGAGGCTGAGGCAGAAGAATCGCATGAACCCAGGAGGCAGAGGTTGTAGTGAGCCGAAATTGCACGACTGCACTCCATCCTGGATGACAAAAGCAAAACTCTGTGTCAAAAAAAAAAAA","GGCTGGGTGTGGTGCCTCATGCCTGTAATCCCAGCACTTTGGGAGGCCGAGGTGGGCAGATCACCTGAGGTCAGGAGTTCAAGACCAGCCTGCCCAATATGGTGATACCCCATCTCTACTAAAAATACAAAAAATTAGCCGGGCATGGTGGCAGGTGCCTGTAATCCCAGCTACTTGGGAGGCTGAGACAGGAGAATCGCTTGAACCCAGGCGGCAGAGGTTGCAGTGAGCTGAGATAGCGCCACTGCACTCCAGCCTGGGTGACAAGAGCAAAACTCTGTCTCAAAAAAAAAAA"
"chr1","19556636","19556948","KN295667v1","1687893","1688204","35","17868743","GGCCGGGCGCGCTGGCTCACACCTGTAATCCCAGCACTTTGGGAGGCCGAGTTAGGCAGATCCCCTGAGGTCAGGAGTTCGAGACCAGCCTGGACAACATGGCGAAACCCCATCTCTACTAAAAATACAAAAAATTAGCCGGGCATGGTGGTGCATGCCTGTAATCTCAGCTACTGGGAGGCTGAGGCAGGAGAATAGCTTGAACCCGGGAGGTGGAGGTTGCAGTGAGCCAATATCCTGCCATTGCACCCCAGCTTGGGCAACAAGATCGAAACTCCATCTCAAAACAAACAAACAAACAAACAAACAAACA","GGCCGGGTGCGGTGGCTCACGCCTGTAATCCCAGCACTTTGGGAGGCCGAGGTGGGTGGATCACCTGAGGTCAGGAGTTGGAGACCAGCCTGGCCAGCATGGTGAAACCCCGTCTCTACTAAAAATACAAAAATTAGCCGGGCATGGTGGTGGGCGCCTGTATTCCCAGCTACTCGGGAGGCTGAGGCAGGAGAATCGCTTGAACCCAGGAGGCGGAGGTTGCAGTGAGCCAAGATCGCATCATTGCACTCCAGCCTGGGCAACAAGAGCGAAACTCCGTCTCAAAAAACAAACAAACAAACAAACAAACAA"
"chr1","19591666","19591965","KN294539v1","2320327","2320629","33","17271339","GGCCGGGCACGGTGGCTCACGCCTGTGATCCCAGCACTTTGGGAGGCCGAGGTGGGTGGATCATGAGGTCAGGAATTCGAGACCAGCCTAGCCAACATGGTGAAACCCTGTCTCTACTAAAAATACAAAAATTAGCTGGGTGTGGTGGCACGCGCCTGTAATTCCAGCTACTCAGGAGGCTGAGGCAGGAGAATCGCTTGAACCTGGAAGGCGGAGGTTGCAGCAAGCTGAGATCACTTCATTGCACTCCAGCCTGGGCAACAAGAGCAAAACTCCATCTTAAAAAAAAAAAAAAAAAAA","GGCTGGGCACGGTGGCTCACGCCTGTAATCCCAGCACTTTGGGAGCCGAGGTGGGTGATTGCCTGAGGTCAGGAGTTCAAGACCAGCCTGGCCAACATGGTGAAACCCTGTCTCTACTAAAAATACAAAAATTAGCCGGGTGTGGTGGCGGGCACCTGTAATGCCAGCTACTCAGGAGGCTGAGACAGGAGAATCGCTTGAACCTGGGAGGTGGAGGTTGCAGTGAGCCAAGTTCATGCCATTGCACTCCAGCCTAGGCAACAAGAGCAAAACTCCTTCTCAAAAATAAATAAATAAATAAAA"
"chr1","19636530","19636831","KN294662v1","79885","80185","33","19556645","GGCTGGGCATGGTGGCTCATGCCTGTAATCCCAGCACTTTGGAAGGCTGAGGCGGGTGGATCATCTGAGGTCAGGAGTTGGAGACCAGTATGGCCAATATGGTGAAACCCCATCTCTACTAAAAATACAAAAAATTAGCTAGGCGTGGTGGCAGGTGCCTTAATCCCAGCTACTCAGGAGGCTGAGGCAGGAGAATCCCTTGAACCTGGCAGGTGGAGGTTGCAGTGAGCTGAGATCATGCCATTGCACTCTAGCCTGGTGACAAGACAAGACTCCGTCTCAAAAAAAAAAAAAAAAAAAGA","GGCTGGGCGTGGTGGCTCATGCCTGTAATCCCAGTACTTTGGGAGGCCAAGGTGGGTGGATCACCTGAGGTCAGGAGTTCGAGACCAGCCTGGCCAATATGGTGAAACCCCATCTCTATTAAAAATACAAAAAATTAGTAGGGCGTGGTGGCACATGCCTGTAATCCCAGCTACTCAGGAGGCTGACGCAGGAGAATCGCTTGAACCTGGGAGGTGGAGGTTGCAGTGAGCTGAGATCGCACCATTGCACTCCAGCCTGGGCAACAAGAGCGAAACTCCGTCTCAAAAAAAAAAAAAAAAA"
"chr1","19647785","19648108","KN296921v1","327842","328159","47","19319943","GGCCGGGTGTGGTGGCTCATGCCTATAATCCCAGCACTTTGAGAGGCCAAGGCAGGTGGATCACCTGAGGTCAGGAGTTTGAGAACAGCCTGACCAATATGGCGAAACCATATCTCTATTAAAAAAAAAAAAAAAAAAAAAAGAATTAGATGGGCGTGGTGGCAGGCGCCTATAATCCCAGCTATTTGGGAGGCTGAGGCAGCAGAATCGCTTGAACCTGGGAGGCGGAGGTTGCAGTGGGCCGAGATCGCGCCATTGCACTCCAGACTGGGCAACAAGAGTGAAACTCCACCTCAAAAATATAAATAAACAAATAAATAAATA","GGCTGGGTGCGGTGGCTCATGCCTGTAATCCCAGCACTTTGAGAGGCCGAGGCAGGTGGATCACCTGAGGTCAGGAGTTCAAGAGCAGCCTGGCCAACATGATGAAACCCTATCTCTACTAAAAATACAACAACAAAAAAATTAGCTGAGCATGGTGGTAGGCACCTGTAATCCCAGGTATTTGGGAGGCTGAGGCAGGAGAATTGCTTGAACCTGAGAAGAGGAGGTTGCAGTGAGCCAAGGTCGCACCATTGCACTCCAGTGTGGGCAACAAGAGTGAAACTCCATCTCTAAATAAATAAATAAATAAAAATAAAA"
"chr1","19681191","19681504","KN295988v1","954829","955141","38","18726362","GGCTGGGTGCAGTGGCTCACGCCTGTAATCCCACCACTTTGGGCGGCTGAGGCGAGCAGGTCACCTGAGGCCAGGAGTTCGGGACCAGCCTGACCAACATGGTGAAACCCCGTCTCTATTAAAAATACAAAAATTAGCTGGGCGTGGTGGTGGGCACCTGTAATTCCAGTTACTCAGGAAGCTGAGGGAGGAGAATCGCTTGAACCCAGGAGGTGGAGGTTGCAGTAAGCCCAGATCGCGCCACTGCACTCCAGCCTGGGTGACAAGAGTGAAACTTCATCTCAAAATAAATAAATAAATAAATAAAAAATAAA","GGCTGGGTGTGGTGGCTCACACCTGTAATCCCAGCACTTTGGGAGGCTGAGGCGAGCAGATCACCTGAGGTCAGGAGTTCAAGACCAGCCTGGCCAAGATGGTGAAACTCCATCTCTACTGAAAATACAAAACATTAGCTGGGCGTGGTGGTGGGCCCCTGTAATCCCAGCTACTCAGGAGGCTGAGGCAGGAGAATCACTTGAACCTGGGAGGTGGAGGTTGCAGTGAGCCGAGATCGCACCATTGCATTCCAGCCTGGGTGACAAGAGCAAAAGTCCGTCTCAAAAAAAAAATAAATAAATAAATAAAAAA"
"chr1","19683615","19683907","KN296153v1","91872","92161","36","19591743","GACCGAGCGCGGTGGCTCAAGCCTATAATCCCAGCACACTGGAGGCCGAGGTGGGTGGATCACCTGAGGCCAGGAGTTCGAGACCAGCCTGGCCAACATGGTGAAACCCCATCTCTACTAAAAATACAAAAATCAGCCGGGATGGTAGTAGGCGCCTGTAATCCCAGCTACTTGGGAAGCTGAGGCAGGAGAATGGCTTGAACTTGGGAGGCAGAGGTTGCAGTGACCCGAGATTGCGCCATTGCACTCCAGCCTGGGCAACATGAGCGAAACTCCATCTCAAATAAATAAAA","GGCCAGGCACGGTGGCTCACACCTGTAATCCCAGCACTCCGGGAGGCCGAGGCGGGCGGATCACCTGAGGTCAGGAGTTCGAGACCAGCCTGGCCAACATGGTGAAACCCCATCTCTATTAAAAATACAAAAATTAGCCGGGCATGATGGTGGGTGCCTGTAATCCCAGCTACTTGGGAGGCTGAGGCAAGAGAATCGCTTGAACCCGGGAGGCAGAGGCTGCAGTGAGCTGAGATCGCGCCATTGCACTCCAGCCTGGGCAACAAGAGCAAAACTCCATTCAAAAATAA"
"chr1","19744415","19744731","KN294513v1","614988","615293","47","19129427","GGCCAGGCGCGGTGCCTCATGCCTGTAGTCCCAGCACTTTGGGAGGCCAAGGCGGGTGGATCACCTGAGGTCAGGAGTTCAAGACCAGCCTGGCCAACATGGTGAAACCTCATGGCGAAACCTTGTTTCTACTAAAATTACAAAATTAGATGGGCGTGGTGGTGCACATTTGTAATCCCAGCTACTTGGGAGGCTGAGGCAGGAGAATTGCTTGAACCTGGGAGGCAGAGTATGCAGTGAGCCAAGATCGTGCCATTACACTCCAGCCTGGGCAACAAGAGTGAAACTCTGTCTCAAAAACAAACAAACAAACAAAC","GGCCTGGCGCAGTGGCTCACGCCTGTAATCCCAGCACTTAAGGAGGCTGAGGCGGGTGGATCACCTGAGGTCAGGAGTTCGAGACCAACCTGGCCAACATGGTGAAACCCCGTCTCTACTAAAAATACAGAAATTAGCCAGGCATGGTGGTTGGTGTCTGTAATCCCAGCTACTTGGGAGGCTGAGGCAGGAGAATCGCCTGAACCTGGGAGGCAGAGGTTGCAGTGAGCCGAGATCGCGCCATTACACTCCAGCCTGGGCCACAAGAGTGAAACTCTGTCTCAAACAAACAAACAAACAAACAAA"
"chr1","19765248","19765556","KN297219v1","1993677","1993982","34","17771571","GGCCGGACGCAGTGGCTCACGCCTGTAATCCCAGCACTCTGGGAGGCTGAGGTGGGTGGATCACCTGAGGTCAGGAGTTCGAGACTACCTGGACAACATGGTGAAACCCCGTCTCTACTAAAAATACACAAAAATTAGCTGGGCGTGGTGGCGAGCACCTGTAGTCCCAGCTACTCAGGAGGCTGAGGCAGGAGAATCACTTGAATCCAGGAGGCGGAGGTTGCACTGAGCCGAGATTGCGCCATTGCACTCCAGCCTGGGTGATAAGAGCAAAACTCTGTCTCAAAAAGTAAATAAATAAAAAATAAA","GGCTGGGCACAGTGGCTCACGCCTGTAATCCCAGCATTTTGGGAGGCCAAGGTGGGTGGATCACCTGAGGTCAGGAGTTCGAGACTAGCCTGGCCAACATGGTGAAACCCCGTCTCTACTAAAAATACAAAAATTAGCTGGGCATGGTGGCGGGTGCCTGTAATCCCAGCTACTCGGGAGGTTGAGGCAGGAGAATCACTTGCACCCAGGAGGCAGAGGTTGCAGTGAGCCAAGACTGCACCATTACACTCCAGCCTGAGTGATGAGCAAAACTCTGTCTCAAAAAGAAAAAAAGAAAGAAAGAAA"
"chr1","19790716","19791023","KN296934v1","602412","602712","44","19188304","GGCTGGGCGCGATGGCTCACGCCTGTAATCGCAACACTTTGGGTGGCTGAGGTGGGTGGATCACTTGAGGTCACGAGTTCGAGACCAACCTGGACAACATGGTAAAACACCGTCTCCACTAAAAATACAAAAAAAAAAATTAGCTGGGCATGGTGGCACATGCCTGTAGTCCCAGGTACTTAAGCGGCTGAGGCAGGAGAATCTCTTGAACCCGCGAGGCGGAGGTTGCAGTGAGCCAAGATTGCACCATTGCACTCCAGCCTGGGCAACAAGAGCAAAACTGCATCTCAAAAAAAAAAAAAAAAAAA","GGCTGGGTGCGATGGCTCACACCTGTAATCCCAACACTTTGGGAGGCTGAGGTGGGTGGATCACCTGAGGTCAGGAGTTCAAGACCAGCCTGGCCAACATGGTGAAACCTCGTCTCTACCAAAAATACAAAAAAATTAGCTGGGCATGGTGGTGGGCGCCTGTAATCCCAGCTACTTGGGAGGCTGAGGCAGGAGAATTCCTTGAACCCAGGAGCTGGAGGTTGCAGTGAGCAGAGACCACACCATTGCACTCCAACCTGGGCAACAAGAACAAAACTGTCTCAAAAAAAAAAAAAAAAAA"
"chr1","19791203","19791508","KN296934v1","897698","898003","37","18893505","GGCCGGGCGTGGTGGCTCACGCCTGTAATCCCAACACTTTGGGAGGCTGAGGCAAGCAGATCACCTGAGGTCAGGAGTTCGAGACCAGCCTGGCCAACATGGTGAAACCCTGTCTCTACTAAAAATACAGAAAATTAGCAGGGCGTTGTGGCGGACACCTGTAACCCCAGCTACTCGGGAGGCTGAGACAGGAGAATCACTTGAACCTGGGAGGTGGAGGTTGCCATGAGCTGAGATCTTGCCATTGCACTCCAGCCTGGGCAACTAGGGTGAAACTTTGTCTAAAAAAAAAAAACAAGAAAGAAA","GCCGGGTGTGGTGGCTCACACCTGTAATCCCAGCACTTTGGGAGGCCAAGGCAGGCAGATCACCTGAGGTTAGGAGTTCGAGACCGGCCTGGCCAACATGGTGAAACCCTGTCTCTACTAAAAATACAAAAATTAGCCAGGTGTGGTGGCGGGCACCTGTAATCCCAGCTACTCAGGAGGCTGAGGCAGGAGAATCGCTTGAACCCAGGAGGTAGAGGTTGCAGTGAGCCAAGATCGTGCCATTGCACTCCAGCCTGGGCAACAAGAGAGAAACTCCGTCTCAAAAAAAAAAAAAAAAAAAAAAAA"
"chr1","19804965","19805267","KN295315v1","360280","360581","28","19444685","GGCTGGGCGCAGTGGCTTATGCCTGTAATCCCAAAACTTTGGGAGGCCGAGGCGGGTGGATCACCTGAGGTCAGGAGTTCCAGACCAGCCTGGCCAACATGGCGAAACCCCGTCTCTACTAAAAATACAAAAATTAGCCAGGCGTGGTGGCAGGTGCCTGTAATCCCAGCTACTTGAGAGGCTGAGGCAGGAGAATTGCTTGAACCTGGGAGGCGGAGGTTGTAGTGAGCCAAGATCATGCCATTGCATTCCAGCCTGGGCAACAAGAGCGAGACTCCATCCCCCCAAAAAAAAAAAAAAAAA","GGCCGGGCGCGGTGGCTCACGCCTGTAATCCCAACACTGTGGGAGGCCGAGGCAGGTGGATCACCTGAGGTCAGGAGCTCGAGACCAGCCTGGCCAACATGACGAAACCCTGTCTCTACTAAAAATACAAAAAGTAGCCGGGTGTGGTGGCAGGTGCCTGTAATCCCAGCTACTTGGGAGGCTGAGGCAGGAGAATCGCTTGAACATGGGAGGCGGAGGTTGCAATAAGCCGAGATCGTGCCATGGCACTCCAGCCTGGGCAACAAGAGCGAGACTCCATCTCAAAAAAAAAAAAAAAAAAA"
"chr1","19846167","19846456","KN294172v1","4478214","4478504","40","15367953","GCTGGGTGCAGTGGCTCACGCCTGTAATCCCGGCATGTTGGGAGACGGAGGTGGGCAGACCACCTGAGGTCAGGAGCTCAAGATCAGCCTGGCCAACATGGTGAAAACCCGTCTCTACTAAAAATACAAAAAATTAGCTGGGCATGGTGGCGGGTGCCTATAATCCCAGCTACTATGGGGGCTGAGGCAGGAGAATCGGTTGAACACGGGAGGTGGAGGTTGCAGTGAGCTGAGATCGCGCCATTGCACTCCAGCCTGGGCAACAGGAGCAAAACTGTGTCTCAAAAAAA","GGCTGGGCGCAGTGGCTCACACCTGTAATCCCAGCACTTTGGGAGGCCAAGGCAGGCAGATCACCTGAGGTTAGGAGTTCAAGGCCAGCCTGACCAATATGGTGAAACCCTGTCTCTACTAAAAATACAAAATTAGCTGGGCATGGTGGCGGGTGCCTGTAATCCCAGCTACTCAGGAGGCTGAGGCAGGAGAATCGCTTGAAACCGGGAGGTGGAGGTTGTGGTGAGCTGAGATCACGCCATTGTACTCCTGCCTGGGTAACAAGAGTAAAACTCTGTCTCAAAAATAAA"
"chr1","19850058","19850287","KN296145v1","3346783","3347016","35","16503275","GGCTGGGTGTGTGGCTCACGCTTGTAATCCCAACACTTTGGGAGGTGGAGGCGGGCGGATCACCTGAGGTGAGGAGTTCGAGGCCAGCCTGTAATCCCAGCTACTGGGGAGGCTGAGGCAGGAGAATCGCTTGAACCCGGGAGGCAAAGGTTGCAGTGAGCCGAGATTGCGCCATTGCACTCCAGTCTGGGCAACAAGAGTGAAACTCCTTCTCAAAACAAAAACAAAAA","GGCCGGGTGCAGTGGCTCACGCCTGTAATCCCAGCACTTTGGGAGGCCAAGATGGGTGGATCATCTGAGGTCAGGAGTTTGTGGTGGGCGCCTGTAATCCCAGCTACTTGGGAGGCTGAGGCAGGAGAATCGCTTGAACCCCAGAGGCAGAGGTTGCAGTGAGCCAAGATCGCGCCATTGCACTCCAGCCTGGGCAACAAGAGCAAACCTCCGTCTCAAAAAATAAAAATAAAA"
"chr1","19914057","19914332","KN294991v1","255223","255495","34","19658834","GCACTTTGGGAGGTTGAGGCGGGTGGATCACTTGAGGTCAGAAGTTTGAGACCAGCATGACCAACATGGTGAAACCCCATCTCTACTAAAAATACAAAATTAGCCGGGCATGGTGGCACACACCTGTAATCCCAGCTACTTGGGAGGCTGAGGCAGGAGAATCGCTTGAACCCAGGAGGTCGAGGTTGCAGTGAGCCAAGATTGCACCATTGCACTCTAGCCTGGGCAACAAGAGTGAAACTCCATCTCAAAAGAATAAAAAATAAAAATAAAAAA","GCACTTTGGGAGGCTGAGGCAGGTGGATCACTTTAGGTCCGGAGTTTGAGACCAGCCTGGCCAACATGGAGAAACCCCATCTCTACTAAAAATACAAAAAATTAGCCAGGCTTGGTGGCAGGTGACCGTAATCCCAGCTACTTGAGAGGCTGAGGCAGGAGAATCGCTTGAACCTGGGAGGTGGAGGTTGCAGTGAGCTGAGATCGTACCATTGCACTCTAGCCCAGGCAACAAGGGTGAAACTCCATCTCAAAAAAAAGAAAAAAAAAAAAA"
"chr1","19920621","19920916","KN296849v1","262325","262616","41","19658296","GGCTGGGCATAGTGGCTTACGCATATAATCCCAGCATTTTGGGAGGCCGAGGTAGGCGGATCACCAGAGGTCAGGAGTTCGAGACCAGCCTGGCCAACATAGTGAAACCCTACCTCTACTAATAATACAAAAAATTAATCGGGCATGGTGGCAGGTGCCTGTAATCCCAGCTACTCAGGAGGCTGAGGCAGGAGAATCGCTTGAACCCAGGAGGTAGAGGTTGCAATGAGCCAAGGTCGCACGCAACCTTGCACTCCAGCCTGGGCGACAAGAGAAAACTCCATCTCAAAAAAAAA","GGCCAGACATAGTGGCTCACACCTGTAATCCCAGCATTTTGGGAGGCTGAGGCGGGTGGATCACCTGAGGTCAGGAGTTTGAGACCAGCCTGGCCAACGTAGTGAAACCCCGTCTCTACTAAAAATACAAAAATTAGCCAGGCATGGTGGCAAATGCCTGTAATCCCAGCTACTCAGGAGGCTGAGGCAGGAGAATCGCTTGAACCCAGAAGGCGGAGGTTGCAGTGAGCCGAGATCACACCATTGCACTCCAGCCTGGGCGAAAAGAGCGAAACTTGCATCTCAAAAAAAA"
"chr1","19936834","19937144","KN294214v1","1700663","1700971","41","18236171","GGCCAGGCATGGTGGCTCACTCATGTAATTCCAGCACTTTGGGAGGCTGAGGTGGGTGGATCACCTGAGGTCAGGGGTTCAAGACCAACCTGGCCAACATGGTGAAACCCTGTCTCTACTAAAAATACAAAAATTAGCCAGATGTGATGGTGCACACCTGTAATCCCAACTACTTGGGAGACTGAGGCAGCAGAATCACTTGAACCCAGGAGGTGGAAGTTGCAGTGAGCTGAGATCACACCATTGCACTCAAAGCCTGGGCAACAAGAGCGAAAATCCATCTCAAATAATAATAATAAAATAAAATAAAA","GGCCGGGCATGGTGGCTCACACCTGTGATCCCAGCACTTTGGGAGGCTGAGGTGGGTAGATCACCTGAGGTCAGGAGTTCAAGACAAACCTGGTCAACATGGTGAAAACCCGTCTCTACTAAAAATACAAAAAATTAGCCAGGCATGGTGGTGGGTGCCTGTAATCCCAGCTACTTGGGAGGCTGAGGCAGGAGAATCACTTGAACCAGGGAGGTAGAGGTTGCAGTGAGCTGAGATCACGCCATTGCACCCCAGTCTGGGCAACAAGAATGGAACTCCATCTCAAAAAATAAAATATAAATAAATAAA"
"chr1","20038583","20038886","KN294787v1","271659","271959","34","19766924","GGCCGGGCGCGGTGGCTCACACCTGTAATCCCAGCACTTTGAGAGGCTGAGGCAGGCGGATCTCCTGAGGTAAGGAGTTCATGACCAGCCTGGCCAACATGGTGGAACCTCATCTCTACCAAAAATACAAAAATTAGCCAGGCATGGTGGCAGGCGCCTGTAATCCCAGCTTCTCCGGAGGCTAAGGCAGGAGAATCGCTTGAACCTGGGAGTGGAGGTTGCAGTGAACCAAGATCGTGCCATTGCACTCCAGCCTGGGTGACAAGAGCAAGACTCCATCTCAAAAAAATAAATAAAAAATAAA","GGCCAGGCACGGTGGCTCACGCCTGTAATCCCAGCAGTTTGGGAGGCCGAGGCAGGTGGATCACCTGAGGTCAGGAGTTCGAGACCAGCTTGGCCAACATGGTGAAACCCCATCTCTACTGAAAATACAAAAATTAGCCAGGCATGGTGGCAGTTGCCTGTAATCCCAGTTACTCAGGAGGCTGAAGCAGGAGAATCCTTGAACCTGGGAAGTGGAGGCTGCAGTGAGCCAAGATCGTGCCATTGCACTCCAGCCTGGGGACAAAAGCAAGACTTCATCTAAAAAAAAAAAAAAAAAAAAA"
"chr1","20065169","20065450","KN297227v1","796454","796739","47","19268715","GCCAGACTCGCTGGCTCAAACCTGTAACCCCAGCACTTTGAGAGGCCGAGGCAGGCAGATCACCTGAAGTCAGGAGTTCGAGTCAACATGGTGAAACCCTGTCTCCACTAAAACCACAAAATTAGCTGGGCATGGTGGTGCATGCCTATAATCCTAGCTACTCGGGAGGCTGAAGCAGGAGAATAGCTTGAACCCAGCAGGCAGAGGTTGCAGTGAGCCAAGACCATGCCATTGCACTCCAGCCTGGGTGACAAGAGCAAAATTCCATCTGAAGAAGAAGAA","GACTGGTCGCGGTGGCTCAGACCTGTAATCCCAGCACTTTGGGAGGCTGAGGCAGGTAGATCACCTGAGGTCAGGAGTTCGAGCCTGGCCAACATGGTGAAACCCTGTCTCTGCTAAAAGTACAAAATTAGCCATGTGTGGTGGCACATGCCTGTGATCCCAGCTACTTGGGAGGCTGAGGCAGGAGAATTGCTTGAACCTGGGAGGTGGAGGTTGCAGTGAGCCAAGATCGTGCCATTGCATTCCAGCCTGGGTGACAAGAGCAAAACTCCATCTCAAAAAAAAA"
"chr1","20102712","20103016","KN297133v1","419676","419981","28","19683036","GGCCGGGCACGGTGGCTCACGCCTGTAATCCCAGCACTTTGGGAGGCTGAGGCAGGCAGATCACCTGAGGTCAGGAGTTCGAGACCAGCCTGACCAGCATGGTGAAACCCCATCTCTACTAAAAATACAAAAATTAGTTGGGTGTGGTGGCACGTGCCTGTAATCCCAGCTACTCAGGAGGCTGAGGCAGAAGAATCGCTTGAACCCGGGAGGTGGAAGTTGCAGTGAGCTGAGATCACACCATTGCACTCCAGCCTGGGGGGACAAGAGCGAGACCTCATTTAAAAGAAAAAAAAAAAAGAAAA","GGCCGGGCACGGTGGCTCGTGCCTGTAATCCCAGCACTTTGGGAGGCTGAGGCGGGCAGATCACCTGAGGTCAGGAGTTCAAGACCAGCCTGGCCAACATAGTGAAACCCCGTCTCTACTAAAAATACAAAAAATCAGCCGGGCGTGGTGGCAGGTGCCTGTAATCCCAGCTACTCGGGAGGCTGAGGCAGGAGAATCACTTGAACCCGGGAGGTGGAGGTTGCAGTGAGCCGAGATTACGCCATTGCACTCCAGCCTGGGGGACAAGAGCGAGACTTCGTCTCAAAAAAAAAAAAAAAAAAAAAA"
"chr1","20147886","20148197","KN296110v1","208140","208438","36","19939746","GGCCGGGCGCGGTGGTTCATGACTATAATCCCAGCACTTTGGGAGGCCGAGGCGGGCGGATCACCTGAGGTCAGGAGTTCGAGACCAGCCTGGCCAGCTGGCCAAGATGGTGAAACCCCGTCTCTATTAAAAATACAAAAAATTAGTCAAGCATGGCAGTGGGCACCTGTAATCTCAGCTACTCAGGAGGCTGAGGCAGGAGAATTGCCTGAACCCGGGAGGTGGAGGTTGCAGTGTGCCGAGATCACACCATTGCACTCCAGCCTGGGTAACAACAGCGAAACTCCGTCTCAAAAGAAAAAAAGAAGGAAA","GGCCGGGCGCGGTGGCTCATGCCTGTAATCCCAGCACTTTGGGAGGCCGAGGCGGGCAGATCACCTGAGGTCAGGAGTTCGAGACCAGCCTGGCCAGCTGGCCAAGATGGTGAAACCCCGTCTCTACTAAAAATACAAAAAATTAGCCAAGCGTGGCAGCGGGCACTTGTAATCCCAGCTACTTAGGAGGCTGAGGCAGGAGAATTGCTTGAACCCGGGAGGCAGAGGTTGCAGTGAGCTGAGATCGCACCATTATACTCCAGCCTGGGCAACTACAGTGAAACTCCATCTCAAAAGAA"
"chr1","20231179","20231483","KN295708v1","1331487","1331787","41","18899692","CTGGACGTGGTGGCTTACGCCTGTAATCACAGCACTTTGGGAGGCTGAGGTGGGCAGATCACCTGAGGTCAGCAGTTCGAGACCAGCCTGGCCAACGTGATGAAACCCCATCTCCACTAAAAATACAAAAATTAGCCAGATGTGGTGGCACATGCCTGTAGTCCCAGCTACTTGGGAGGCTGAGGCAAGAGAATCACTTGAACCCAGGAGGTGGAGGTTGCAGTGAGCCAAGACCGCACCATTGCACTCCAGCCTGGGCAACATGAGTGGAACTCTGTCTTGGGAGAAAAAAAAGAGAGAGAGAA","GGCCGGCCGCGGTGGCTCATGCCTGTAGTCCCAGCACTTTGGGAGGCTGAGGCGGGAGATCACCTGAGGTCAGGAGTTTGAGATCAGCCTGGCCAACATGGTGAAACCCCATCTGTACTAAAAATACAAAAATTAGCCGGGCATGGCGGTGCATGCCTGTAATCCCAGCTACTGGGGAGGCTGAGGCAGGAGAATCACTTGAACCCAGGAGGCAGAGGTTGCAGTGAGCCGAGATTGCACCATTGCACTCCAGCCTGGGCAACAAGAGTGAAACTCTGTCTTGGAAAAAAAAAAAGAAAAA"
"chr1","20310547","20310858","KN296403v1","558918","559229","38","19751629","GGCCAGGCATGGTGGCCCACACCTGTAATCCCAGTGCTTTGGGAGTTCGAGGAAGGTGGATCACCTGAGGCCAGGAGTTCGAGACTAGCCCGGCCAACATGGTGAAACCCTGTCTCTACCAAAAATACAAAAATTAGCCGGGCATAGTGGTACATGCCTGTAATCTCAGCTACTCAGGAGGCTGAGGCAGGAGAATCGCTTGAACCCAGGAGGCAGAGGTTGCAGTGAGCTGAGATTGCGCCATTGCACTCCAGCCTGGGCAACACGAGCAAAACTCCATCTCAAAAATAAATAAATAAATAAAATACAAAA","GGCCGGGCACAGTGGCTCACGCCTGTAATCCCAGCACTTTGTGAGGTCGAGGCGGGTGGATCACCTGAGGTCAGGAGTTCGAGACTAGCCTGGCCAACATGGTGAAACCCTATCTCTACTAAAAATACAAAATTAGCCGGGCATGTTGGCGCATGCCTGTAATCCCAGCTACTCAGGAGGCTGAGGCAGGAGAATTGCTTGAACCTGGGAAGCAGAGGTTGCAGTGAGCTGAGATCGTGCCATTGCACTCCAGCCTGGGTGACAAGAGCAAAATTCCATTTCAAAAAATAAAAATAAAATAAAAATAAAAAA"
